1 1 0 24.4 78.5 1 -1 -1 0b -1 -1 -1 0f -1 -1 -1
1 1 0 24.5 78.5 1 -1 -1 0b -1 -1 -1 0f -1 -1 -1
1 1 0 24.4 78.5 1 -1 -1 0b -1 -1 -1 0f -1 -1 -1
1 1 0 24.4 78.5 1 -1 -1 0b -1 -1 -1 0f -1 -1 -1
1 1 0 24.5 78.5 1 -1 -1 0b -1 -1 -1 0f -1 -1 -1
1 1 0 24.5 78.5 1 -1 -1 0b -1 -1 -1 0f -1 -1 -1
1 1 0 24.5 78.5 1 -1 -1 0b -1 -1 -1 0f -1 -1 -1
1 1 0 24.4 78.5 1 -1 -1 0b -1 -1 -1 0f -1 -1 -1
1 1 0 24.4 78.5 1 -1 -1 0b -1 -1 -1 0f -1 -1 -1
1 1 0 24.5 78.5 1 -1 -1 0b -1 -1 -1 0f -1 -1 -1
1 1 0 24.5 79.0 1 -1 -1 0b -1 -1 -1 0f -1 -1 -1
1 1 0 24.5 79.0 1 -1 -1 0b -1 -1 -1 0f -1 -1 -1
1 1 0 24.4 79.0 1 -1 -1 0b -1 -1 -1 0f -1 -1 -1
1 1 0 24.5 79.0 1 -1 -1 0b -1 -1 -1 0f -1 -1 -1
1 1 0 24.5 79.0 1 -1 -1 0b -1 -1 -1 0f -1 -1 -1
1 1 0 24.4 79.0 1 -1 -1 0b -1 -1 -1 0f -1 -1 -1
1 1 0 24.4 79.0 1 -1 -1 0b -1 -1 -1 0f -1 -1 -1
1 1 0 24.5 79.0 1 -1 -1 0b -1 -1 -1 0f -1 -1 -1
1 1 0 24.4 78.5 1 -1 -1 0b -1 -1 -1 0f -1 -1 -1
1 1 0 24.4 78.5 1 -1 -1 0b -1 -1 -1 0f -1 -1 -1
1 1 0 24.5 79.0 1 -1 -1 0b -1 -1 -1 0f -1 -1 -1
1 1 0 24.5 79.0 1 -1 -1 0b -1 -1 -1 0f -1 -1 -1
1 1 0 24.5 79.0 1 -1 -1 0b -1 -1 -1 0f -1 -1 -1
1 1 0 24.5 79.0 1 -1 -1 0b -1 -1 -1 0f -1 -1 -1
1 1 0 24.5 79.0 1 -1 -1 0b -1 -1 -1 0f -1 -1 -1
1 1 0 24.4 79.0 1 -1 -1 0b -1 -1 -1 0f -1 -1 -1
1 1 0 24.4 78.5 1 -1 -1 0b -1 -1 -1 0f -1 -1 -1
1 1 0 24.4 79.0 1 -1 -1 0b -1 -1 -1 0f -1 -1 -1
1 1 0 24.5 79.0 1 -1 -1 0b -1 -1 -1 0f -1 -1 -1
1 1 0 24.4 78.5 1 -1 -1 0b -1 -1 -1 0f -1 -1 -1
1 1 0 24.5 78.5 1 -1 -1 0b -1 -1 -1 0f -1 -1 -1
1 1 0 24.5 79.0 1 -1 -1 0b -1 -1 -1 0f -1 -1 -1
1 1 0 24.4 78.5 1 -1 -1 0b -1 -1 -1 0f -1 -1 -1
1 1 0 24.5 79.0 1 -1 -1 0b -1 -1 -1 0f -1 -1 -1
1 1 0 24.4 79.0 1 -1 -1 0b -1 -1 -1 0f -1 -1 -1
1 1 0 24.5 79.0 1 -1 -1 0b -1 -1 -1 0f -1 -1 -1
1 1 0 24.4 79.0 1 -1 -1 0b -1 -1 -1 0f -1 -1 -1
1 1 0 24.4 79.0 1 -1 -1 0b -1 -1 -1 0f -1 -1 -1
1 1 0 24.5 79.0 1 -1 -1 0b -1 -1 -1 0f -1 -1 -1
1 1 0 24.4 79.0 1 -1 -1 0b -1 -1 -1 0f -1 -1 -1
1 1 0 24.4 79.0 1 -1 -1 0b -1 -1 -1 0f -1 -1 -1
1 1 0 24.4 79.0 1 -1 -1 0b -1 -1 -1 0f -1 -1 -1
1 1 0 24.4 79.0 1 -1 -1 0b -1 -1 -1 0f -1 -1 -1
1 1 0 24.5 79.0 1 -1 -1 0b -1 -1 -1 0f -1 -1 -1
1 1 0 24.4 78.5 1 -1 -1 0b -1 -1 -1 0f -1 -1 -1
1 1 0 24.4 79.0 1 -1 -1 0b -1 -1 -1 0f -1 -1 -1
1 1 0 24.4 79.0 1 -1 -1 0b -1 -1 -1 0f -1 -1 -1
1 1 0 24.5 79.0 1 -1 -1 0b -1 -1 -1 0f -1 -1 -1
1 1 0 24.4 79.0 1 -1 -1 0b -1 -1 -1 0f -1 -1 -1
1 1 0 24.4 79.0 1 -1 -1 0b -1 -1 -1 0f -1 -1 -1
1 1 0 24.4 79.0 1 -1 -1 0b -1 -1 -1 0f -1 -1 -1
1 1 0 24.4 79.0 1 -1 -1 0b -1 -1 -1 0f -1 -1 -1
1 1 0 24.4 79.0 1 -1 -1 0b -1 -1 -1 0f -1 -1 -1
1 1 0 24.5 79.0 1 -1 -1 0b -1 -1 -1 0f -1 -1 -1
1 1 0 24.4 79.0 1 -1 -1 0b -1 -1 -1 0f -1 -1 -1
1 1 0 24.4 79.0 1 -1 -1 0b -1 -1 -1 0f -1 -1 -1
1 1 0 24.4 79.0 1 -1 -1 0b -1 -1 -1 0f -1 -1 -1
1 1 0 24.4 79.0 1 -1 -1 0b -1 -1 -1 0f -1 -1 -1
1 1 0 24.4 79.0 1 -1 -1 0b -1 -1 -1 0f -1 -1 -1
1 1 0 24.5 79.0 1 -1 -1 0b -1 -1 -1 0f -1 -1 -1
1 1 0 24.4 79.0 1 -1 -1 0b -1 -1 -1 0f -1 -1 -1
1 1 0 24.4 79.0 1 -1 -1 0b -1 -1 -1 0f -1 -1 -1
1 1 0 24.4 79.0 1 -1 -1 0b -1 -1 -1 0f -1 -1 -1
1 1 0 24.4 79.0 1 -1 -1 0b -1 -1 -1 0f -1 -1 -1
1 1 0 24.4 79.0 1 -1 -1 0b -1 -1 -1 0f -1 -1 -1
1 1 0 24.4 79.0 1 -1 -1 0b -1 -1 -1 0f -1 -1 -1
1 1 0 24.4 79.0 1 -1 -1 0b -1 -1 -1 0f -1 -1 -1
1 1 0 24.4 79.0 1 -1 -1 0b -1 -1 -1 0f -1 -1 -1
1 1 0 24.5 79.0 1 -1 -1 0b -1 -1 -1 0f -1 -1 -1
1 1 0 24.4 79.0 1 -1 -1 0b -1 -1 -1 0f -1 -1 -1
1 1 0 24.4 79.0 1 -1 -1 0b -1 -1 -1 0f -1 -1 -1
1 1 0 24.4 79.0 1 -1 -1 0b -1 -1 -1 0f -1 -1 -1
1 1 0 24.3 79.0 1 -1 -1 0b -1 -1 -1 0f -1 -1 -1
1 1 0 24.4 79.0 1 -1 -1 0b -1 -1 -1 0f -1 -1 -1
1 1 0 24.4 79.0 1 -1 -1 0b -1 -1 -1 0f -1 -1 -1
1 1 0 24.5 79.0 1 -1 -1 0b -1 -1 -1 0f -1 -1 -1
1 1 0 24.4 79.0 1 -1 -1 0b -1 -1 -1 0f -1 -1 -1
1 1 0 24.4 79.0 1 -1 -1 0b -1 -1 -1 0f -1 -1 -1
1 1 0 24.3 79.0 1 -1 -1 0b -1 -1 -1 0f -1 -1 -1
1 1 0 24.5 79.0 1 -1 -1 0b -1 -1 -1 0f -1 -1 -1
1 1 0 24.5 79.0 1 -1 -1 0b -1 -1 -1 0f -1 -1 -1
1 1 0 24.4 79.0 1 -1 -1 0b -1 -1 -1 0f -1 -1 -1
1 1 0 24.5 79.0 1 -1 -1 0b -1 -1 -1 0f -1 -1 -1
1 1 0 24.4 79.0 1 -1 -1 0b -1 -1 -1 0f -1 -1 -1
1 1 0 24.3 79.0 1 -1 -1 0b -1 -1 -1 0f -1 -1 -1
1 1 0 24.3 79.0 1 -1 -1 0b -1 -1 -1 0f -1 -1 -1
1 1 0 24.5 79.0 1 -1 -1 0b -1 -1 -1 0f -1 -1 -1
1 1 0 24.4 79.0 1 -1 -1 0b -1 -1 -1 0f -1 -1 -1
1 1 0 24.4 79.0 1 -1 -1 0b -1 -1 -1 0f -1 -1 -1
1 1 0 24.4 79.0 1 -1 -1 0b -1 -1 -1 0f -1 -1 -1
1 1 0 24.4 79.0 1 -1 -1 0b -1 -1 -1 0f -1 -1 -1
1 1 0 24.3 79.0 1 -1 -1 0b -1 -1 -1 0f -1 -1 -1
1 1 0 24.4 79.0 1 -1 -1 0b -1 -1 -1 0f -1 -1 -1
1 1 0 24.4 79.0 1 -1 -1 0b -1 -1 -1 0f -1 -1 -1
1 1 0 24.4 79.0 1 -1 -1 0b -1 -1 -1 0f -1 -1 -1
1 1 0 24.4 79.0 1 -1 -1 0b -1 -1 -1 0f -1 -1 -1
1 1 0 24.4 79.0 1 -1 -1 0b -1 -1 -1 0f -1 -1 -1
1 1 0 24.4 79.0 1 -1 -1 0b -1 -1 -1 0f -1 -1 -1
1 1 0 24.4 79.0 1 -1 -1 0b -1 -1 -1 0f -1 -1 -1
1 1 0 24.4 79.0 1 -1 -1 0b -1 -1 -1 0f -1 -1 -1
1 1 0 24.4 79.0 1 -1 -1 0b -1 -1 -1 0f -1 -1 -1
1 1 0 24.4 79.0 1 -1 -1 0b -1 -1 -1 0f -1 -1 -1
1 1 0 24.3 79.0 1 -1 -1 0b -1 -1 -1 0f -1 -1 -1
1 1 0 24.4 79.0 1 -1 -1 0b -1 -1 -1 0f -1 -1 -1
1 1 0 24.4 79.0 1 -1 -1 0b -1 -1 -1 0f -1 -1 -1
1 1 0 24.4 79.0 1 -1 -1 0b -1 -1 -1 0f -1 -1 -1
1 1 0 24.4 79.0 1 -1 -1 0b -1 -1 -1 0f -1 -1 -1
1 1 0 24.3 79.0 1 -1 -1 0b -1 -1 -1 0f -1 -1 -1
1 1 0 24.3 79.0 1 -1 -1 0b -1 -1 -1 0f -1 -1 -1
1 1 0 24.4 79.0 1 -1 -1 0b -1 -1 -1 0f -1 -1 -1
1 1 0 24.4 79.0 1 -1 -1 0b -1 -1 -1 0f -1 -1 -1
1 1 0 24.4 79.0 1 -1 -1 0b -1 -1 -1 0f -1 -1 -1
1 1 0 24.4 79.0 1 -1 -1 0b -1 -1 -1 0f -1 -1 -1
1 1 0 24.4 79.0 1 -1 -1 0b -1 -1 -1 0f -1 -1 -1
1 1 0 24.4 79.0 1 -1 -1 0b -1 -1 -1 0f -1 -1 -1
1 1 0 24.4 79.0 1 -1 -1 0b -1 -1 -1 0f -1 -1 -1
1 1 0 24.4 79.0 1 -1 -1 0b -1 -1 -1 0f -1 -1 -1
1 1 0 24.5 79.0 1 -1 -1 0b -1 -1 -1 0f -1 -1 -1
1 1 0 24.4 79.0 1 -1 -1 0b -1 -1 -1 0f -1 -1 -1
1 1 0 24.4 79.0 1 -1 -1 0b -1 -1 -1 0f -1 -1 -1
1 1 0 24.4 79.0 1 -1 -1 0b -1 -1 -1 0f -1 -1 -1
1 1 0 24.4 79.0 1 -1 -1 0b -1 -1 -1 0f -1 -1 -1
1 1 0 24.4 79.0 1 -1 -1 0b -1 -1 -1 0f -1 -1 -1
1 1 0 24.4 79.0 1 -1 -1 0b -1 -1 -1 0f -1 -1 -1
1 1 0 24.4 79.0 1 -1 -1 0b -1 -1 -1 0f -1 -1 -1
1 1 0 24.4 79.0 1 -1 -1 0b -1 -1 -1 0f -1 -1 -1
1 1 0 24.4 79.0 1 -1 -1 0b -1 -1 -1 0f -1 -1 -1
1 1 0 24.4 79.0 1 -1 -1 0b -1 -1 -1 0f -1 -1 -1
1 1 0 24.4 79.0 1 -1 -1 0b -1 -1 -1 0f -1 -1 -1
1 1 0 24.4 79.0 1 -1 -1 0b -1 -1 -1 0f -1 -1 -1
1 1 0 24.4 79.0 1 -1 -1 0b -1 -1 -1 0f -1 -1 -1
1 1 0 24.4 79.0 1 -1 -1 0b -1 -1 -1 0f -1 -1 -1
1 1 0 24.4 79.0 1 -1 -1 0b -1 -1 -1 0f -1 -1 -1
1 1 0 24.4 79.0 1 -1 -1 0b -1 -1 -1 0f -1 -1 -1
1 1 0 24.4 79.0 1 -1 -1 0b -1 -1 -1 0f -1 -1 -1
1 1 0 24.4 79.0 1 -1 -1 0b -1 -1 -1 0f -1 -1 -1
1 1 0 24.4 79.0 1 -1 -1 0b -1 -1 -1 0f -1 -1 -1
1 1 0 24.4 79.0 1 -1 -1 0b -1 -1 -1 0f -1 -1 -1
1 1 0 24.3 79.0 1 -1 -1 0b -1 -1 -1 0f -1 -1 -1
1 1 0 24.4 79.0 1 -1 -1 0b -1 -1 -1 0f -1 -1 -1
1 1 0 24.4 79.0 1 -1 -1 0b -1 -1 -1 0f -1 -1 -1
1 1 0 24.4 79.0 1 -1 -1 0b -1 -1 -1 0f -1 -1 -1
1 1 0 24.4 79.0 1 -1 -1 0b -1 -1 -1 0f -1 -1 -1
1 1 0 24.4 79.0 1 -1 -1 0b -1 -1 -1 0f -1 -1 -1
1 1 0 24.4 79.0 1 -1 -1 0b -1 -1 -1 0f -1 -1 -1
1 1 0 24.3 79.0 1 -1 -1 0b -1 -1 -1 0f -1 -1 -1
1 1 0 24.4 79.0 1 -1 -1 0b -1 -1 -1 0f -1 -1 -1
1 1 0 24.4 79.0 1 -1 -1 0b -1 -1 -1 0f -1 -1 -1
1 1 0 24.3 79.0 1 -1 -1 0b -1 -1 -1 0f -1 -1 -1
1 1 0 24.3 79.0 1 -1 -1 0b -1 -1 -1 0f -1 -1 -1
1 1 0 24.5 79.0 1 -1 -1 0b -1 -1 -1 0f -1 -1 -1
1 1 0 24.4 79.0 1 -1 -1 0b -1 -1 -1 0f -1 -1 -1
1 1 0 24.4 79.0 1 -1 -1 0b -1 -1 -1 0f -1 -1 -1
1 1 0 24.4 79.0 1 -1 -1 0b -1 -1 -1 0f -1 -1 -1
1 1 0 24.4 79.0 1 -1 -1 0b -1 -1 -1 0f -1 -1 -1
1 1 0 24.4 78.5 1 -1 -1 0b -1 -1 -1 0f -1 -1 -1
1 1 0 24.4 78.5 1 -1 -1 0b -1 -1 -1 0f -1 -1 -1
1 1 0 24.4 78.5 1 -1 -1 0b -1 -1 -1 0f -1 -1 -1
1 1 0 24.4 78.5 1 -1 -1 0b -1 -1 -1 0f -1 -1 -1
1 1 0 24.4 78.5 1 -1 -1 0b -1 -1 -1 0f -1 -1 -1
1 1 0 24.4 78.5 1 -1 -1 0b -1 -1 -1 0f -1 -1 -1
1 1 0 24.4 78.5 1 -1 -1 0b -1 -1 -1 0f -1 -1 -1
1 1 0 24.4 78.5 1 -1 -1 0b -1 -1 -1 0f -1 -1 -1
1 1 0 24.4 78.5 1 -1 -1 0b -1 -1 -1 0f -1 -1 -1
1 1 0 24.4 78.5 1 -1 -1 0b -1 -1 -1 0f -1 -1 -1
1 1 0 24.4 79.0 1 -1 -1 0b -1 -1 -1 0f -1 -1 -1
1 1 0 24.4 78.5 1 -1 -1 0b -1 -1 -1 0f -1 -1 -1
1 1 0 24.4 78.5 1 -1 -1 0b -1 -1 -1 0f -1 -1 -1
1 1 0 24.4 78.5 1 -1 -1 0b -1 -1 -1 0f -1 -1 -1
1 1 0 24.4 78.5 1 -1 -1 0b -1 -1 -1 0f -1 -1 -1
1 1 0 24.4 78.0 1 -1 -1 0b -1 -1 -1 0f -1 -1 -1
1 1 0 24.4 78.0 1 -1 -1 0b -1 -1 -1 0f -1 -1 -1
1 1 0 24.5 78.5 1 -1 -1 0b -1 -1 -1 0f -1 -1 -1
1 1 0 24.3 78.0 1 -1 -1 0b -1 -1 -1 0f -1 -1 -1
1 1 0 24.5 78.0 1 -1 -1 0b -1 -1 -1 0f -1 -1 -1
1 1 0 24.4 78.0 1 -1 -1 0b -1 -1 -1 0f -1 -1 -1
1 1 0 24.4 78.5 1 -1 -1 0b -1 -1 -1 0f -1 -1 -1
1 1 0 24.3 78.5 1 -1 -1 0b -1 -1 -1 0f -1 -1 -1
1 1 0 24.4 78.0 1 -1 -1 0b -1 -1 -1 0f -1 -1 -1
1 1 0 24.4 78.0 1 -1 -1 0b -1 -1 -1 0f -1 -1 -1
1 1 0 24.4 78.0 1 -1 -1 0b -1 -1 -1 0f -1 -1 -1
1 1 0 24.5 78.0 1 -1 -1 0b -1 -1 -1 0f -1 -1 -1
1 1 0 24.4 78.0 1 -1 -1 0b -1 -1 -1 0f -1 -1 -1
1 1 0 24.4 77.5 1 -1 -1 0b -1 -1 -1 0f -1 -1 -1
1 1 0 24.4 78.0 1 -1 -1 0b -1 -1 -1 0f -1 -1 -1
1 1 0 24.4 77.5 1 -1 -1 0b -1 -1 -1 0f -1 -1 -1
1 1 0 24.4 77.5 1 -1 -1 0b -1 -1 -1 0f -1 -1 -1
1 1 0 24.4 77.5 1 -1 -1 0b -1 -1 -1 0f -1 -1 -1
1 1 0 24.4 78.0 1 -1 -1 0b -1 -1 -1 0f -1 -1 -1
1 1 0 24.4 78.0 1 -1 -1 0b -1 -1 -1 0f -1 -1 -1
1 1 0 24.4 78.5 1 -1 -1 0b -1 -1 -1 0f -1 -1 -1
1 1 0 24.4 78.5 1 -1 -1 0b -1 -1 -1 0f -1 -1 -1
1 1 0 24.4 79.0 1 -1 -1 0b -1 -1 -1 0f -1 -1 -1
1 1 0 24.4 78.5 1 -1 -1 0b -1 -1 -1 0f -1 -1 -1
1 1 0 24.4 78.5 1 -1 -1 0b -1 -1 -1 0f -1 -1 -1
1 1 0 24.4 78.5 1 -1 -1 0b -1 -1 -1 0f -1 -1 -1
1 1 0 24.4 78.5 1 -1 -1 0b -1 -1 -1 0f -1 -1 -1
1 1 0 24.4 78.5 1 -1 -1 0b -1 -1 -1 0f -1 -1 -1
1 1 0 24.4 78.0 1 -1 -1 0b -1 -1 -1 0f -1 -1 -1
1 1 0 24.4 78.5 1 -1 -1 0b -1 -1 -1 0f -1 -1 -1
1 1 0 24.4 78.5 1 -1 -1 0b -1 -1 -1 0f -1 -1 -1
1 1 0 24.4 78.5 1 -1 -1 0b -1 -1 -1 0f -1 -1 -1
1 1 0 24.4 78.5 1 -1 -1 0b -1 -1 -1 0f -1 -1 -1
1 1 0 24.4 78.0 1 -1 -1 0b -1 -1 -1 0f -1 -1 -1
1 1 0 24.4 78.0 1 -1 -1 0b -1 -1 -1 0f -1 -1 -1
1 1 0 24.4 78.0 1 -1 -1 0b -1 -1 -1 0f -1 -1 -1
1 1 0 24.4 78.0 1 -1 -1 0b -1 -1 -1 0f -1 -1 -1
1 1 0 24.4 78.5 1 -1 -1 0b -1 -1 -1 0f -1 -1 -1
1 1 0 24.4 78.5 1 -1 -1 0b -1 -1 -1 0f -1 -1 -1
1 1 0 24.4 78.0 1 -1 -1 0b -1 -1 -1 0f -1 -1 -1
1 1 0 24.4 78.0 1 -1 -1 0b -1 -1 -1 0f -1 -1 -1
1 1 0 24.4 78.0 1 -1 -1 0b -1 -1 -1 0f -1 -1 -1
1 1 0 24.4 78.0 1 -1 -1 0b -1 -1 -1 0f -1 -1 -1
1 1 0 24.4 78.5 1 -1 -1 0b -1 -1 -1 0f -1 -1 -1
1 1 0 24.4 78.5 1 -1 -1 0b -1 -1 -1 0f -1 -1 -1
1 1 0 24.4 78.0 1 -1 -1 0b -1 -1 -1 0f -1 -1 -1
1 1 0 24.4 78.5 1 -1 -1 0b -1 -1 -1 0f -1 -1 -1
1 1 0 24.3 78.5 1 -1 -1 0b -1 -1 -1 0f -1 -1 -1
1 1 0 24.4 78.5 1 -1 -1 0b -1 -1 -1 0f -1 -1 -1
1 1 0 24.3 78.0 1 -1 -1 0b -1 -1 -1 0f -1 -1 -1
1 1 0 24.4 78.5 1 -1 -1 0b -1 -1 -1 0f -1 -1 -1
1 1 0 24.4 78.5 1 -1 -1 0b -1 -1 -1 0f -1 -1 -1
1 1 0 24.4 78.5 1 -1 -1 0b -1 -1 -1 0f -1 -1 -1
1 1 0 24.4 78.0 1 -1 -1 0b -1 -1 -1 0f -1 -1 -1
1 1 0 24.4 78.0 1 -1 -1 0b -1 -1 -1 0f -1 -1 -1
1 1 0 24.4 78.5 1 -1 -1 0b -1 -1 -1 0f -1 -1 -1
1 1 0 24.4 78.5 1 -1 -1 0b -1 -1 -1 0f -1 -1 -1
1 1 0 24.3 78.5 1 -1 -1 0b -1 -1 -1 0f -1 -1 -1
1 1 0 24.4 78.5 1 -1 -1 0b -1 -1 -1 0f -1 -1 -1
1 1 0 24.4 78.0 1 -1 -1 0b -1 -1 -1 0f -1 -1 -1
1 1 0 24.5 78.5 1 -1 -1 0b -1 -1 -1 0f -1 -1 -1
1 1 0 24.4 78.5 1 -1 -1 0b -1 -1 -1 0f -1 -1 -1
1 1 0 24.4 78.0 1 -1 -1 0b -1 -1 -1 0f -1 -1 -1
1 1 0 24.4 78.0 1 -1 -1 0b -1 -1 -1 0f -1 -1 -1
1 1 0 24.4 78.5 1 -1 -1 0b -1 -1 -1 0f -1 -1 -1
1 1 0 24.4 78.5 1 -1 -1 0b -1 -1 -1 0f -1 -1 -1
1 1 0 24.4 79.0 1 -1 -1 0b -1 -1 -1 0f -1 -1 -1
1 1 0 24.4 78.5 1 -1 -1 0b -1 -1 -1 0f -1 -1 -1
1 1 0 24.3 78.5 1 -1 -1 0b -1 -1 -1 0f -1 -1 -1
1 1 0 24.4 78.5 1 -1 -1 0b -1 -1 -1 0f -1 -1 -1
1 1 0 24.4 78.5 1 -1 -1 0b -1 -1 -1 0f -1 -1 -1
1 1 0 24.4 78.5 1 -1 -1 0b -1 -1 -1 0f -1 -1 -1
1 1 0 24.4 78.0 1 -1 -1 0b -1 -1 -1 0f -1 -1 -1
1 1 0 24.4 78.0 1 -1 -1 0b -1 -1 -1 0f -1 -1 -1
1 1 0 24.3 78.0 1 -1 -1 0b -1 -1 -1 0f -1 -1 -1
1 1 0 24.4 78.0 1 -1 -1 0b -1 -1 -1 0f -1 -1 -1
1 1 0 24.4 78.0 1 -1 -1 0b -1 -1 -1 0f -1 -1 -1
1 1 0 24.4 78.0 1 -1 -1 0b -1 -1 -1 0f -1 -1 -1
1 1 0 24.5 77.5 1 -1 -1 0b -1 -1 -1 0f -1 -1 -1
1 1 0 24.4 77.5 1 -1 -1 0b -1 -1 -1 0f -1 -1 -1
1 1 0 24.4 77.5 1 -1 -1 0b -1 -1 -1 0f -1 -1 -1
1 1 0 24.4 77.5 1 -1 -1 0b -1 -1 -1 0f -1 -1 -1
1 1 0 24.4 77.5 1 -1 -1 0b -1 -1 -1 0f -1 -1 -1
1 1 0 24.4 77.5 1 -1 -1 0b -1 -1 -1 0f -1 -1 -1
1 1 0 24.4 78.0 1 -1 -1 0b -1 -1 -1 0f -1 -1 -1
1 1 0 24.3 78.0 1 -1 -1 0b -1 -1 -1 0f -1 -1 -1
1 1 0 24.4 78.0 1 -1 -1 0b -1 -1 -1 0f -1 -1 -1
1 1 0 24.5 78.0 1 -1 -1 0b -1 -1 -1 0f -1 -1 -1
1 1 0 24.4 78.0 1 -1 -1 0b -1 -1 -1 0f -1 -1 -1
1 1 0 24.4 77.5 1 -1 -1 0b -1 -1 -1 0f -1 -1 -1
1 1 0 24.4 78.0 1 -1 -1 0b -1 -1 -1 0f -1 -1 -1
1 1 0 24.4 78.0 1 -1 -1 0b -1 -1 -1 0f -1 -1 -1
1 1 0 24.4 77.5 1 -1 -1 0b -1 -1 -1 0f -1 -1 -1
1 1 0 24.4 77.5 1 -1 -1 0b -1 -1 -1 0f -1 -1 -1
1 1 0 24.4 78.0 1 -1 -1 0b -1 -1 -1 0f -1 -1 -1
1 1 0 24.3 78.0 1 -1 -1 0b -1 -1 -1 0f -1 -1 -1
1 1 0 24.4 77.5 1 -1 -1 0b -1 -1 -1 0f -1 -1 -1
1 1 0 24.4 77.5 1 -1 -1 0b -1 -1 -1 0f -1 -1 -1
1 1 0 24.4 78.5 1 -1 -1 0b -1 -1 -1 0f -1 -1 -1
1 1 0 24.3 78.5 1 -1 -1 0b -1 -1 -1 0f -1 -1 -1
1 1 0 24.4 78.5 1 -1 -1 0b -1 -1 -1 0f -1 -1 -1
1 1 0 24.4 78.5 1 -1 -1 0b -1 -1 -1 0f -1 -1 -1
1 1 0 24.4 78.5 1 -1 -1 0b -1 -1 -1 0f -1 -1 -1
1 1 0 24.4 78.0 1 -1 -1 0b -1 -1 -1 0f -1 -1 -1
1 1 0 24.5 78.0 1 -1 -1 0b -1 -1 -1 0f -1 -1 -1
1 1 0 24.4 78.0 1 -1 -1 0b -1 -1 -1 0f -1 -1 -1
1 1 0 24.4 78.0 1 -1 -1 0b -1 -1 -1 0f -1 -1 -1
1 1 0 24.3 78.5 1 -1 -1 0b -1 -1 -1 0f -1 -1 -1
1 1 0 24.4 78.5 1 -1 -1 0b -1 -1 -1 0f -1 -1 -1
1 1 0 24.4 78.0 1 -1 -1 0b -1 -1 -1 0f -1 -1 -1
1 1 0 24.4 78.0 1 -1 -1 0b -1 -1 -1 0f -1 -1 -1
1 1 0 24.4 78.0 1 -1 -1 0b -1 -1 -1 0f -1 -1 -1
1 1 0 24.4 78.0 1 -1 -1 0b -1 -1 -1 0f -1 -1 -1
1 1 0 24.4 78.0 1 -1 -1 0b -1 -1 -1 0f -1 -1 -1
1 1 0 24.5 78.0 1 -1 -1 0b -1 -1 -1 0f -1 -1 -1
1 1 0 24.4 78.0 1 -1 -1 0b -1 -1 -1 0f -1 -1 -1
1 1 0 24.4 78.0 1 -1 -1 0b -1 -1 -1 0f -1 -1 -1
1 1 0 24.4 78.5 1 -1 -1 0b -1 -1 -1 0f -1 -1 -1
1 1 0 24.4 78.0 1 -1 -1 0b -1 -1 -1 0f -1 -1 -1
1 1 0 24.4 78.0 1 -1 -1 0b -1 -1 -1 0f -1 -1 -1
1 1 0 24.4 78.0 1 -1 -1 0b -1 -1 -1 0f -1 -1 -1
1 1 0 24.3 78.0 1 -1 -1 0b -1 -1 -1 0f -1 -1 -1
1 1 0 24.4 78.0 1 -1 -1 0b -1 -1 -1 0f -1 -1 -1
1 1 0 24.3 78.0 1 -1 -1 0b -1 -1 -1 0f -1 -1 -1
1 1 0 24.4 77.5 1 -1 -1 0b -1 -1 -1 0f -1 -1 -1
1 1 0 24.4 77.5 1 -1 -1 0b -1 -1 -1 0f -1 -1 -1
1 1 0 24.4 77.5 1 -1 -1 0b -1 -1 -1 0f -1 -1 -1
1 1 0 24.4 77.5 1 -1 -1 0b -1 -1 -1 0f -1 -1 -1
1 1 0 24.4 77.5 1 -1 -1 0b -1 -1 -1 0f -1 -1 -1
1 1 0 24.4 77.5 1 -1 -1 0b -1 -1 -1 0f -1 -1 -1
1 1 0 24.4 77.5 1 -1 -1 0b -1 -1 -1 0f -1 -1 -1
1 1 0 24.4 77.5 1 -1 -1 0b -1 -1 -1 0f -1 -1 -1
1 1 0 24.4 77.5 1 -1 -1 0b -1 -1 -1 0f -1 -1 -1
1 1 0 24.4 77.5 1 -1 -1 0b -1 -1 -1 0f -1 -1 -1
1 1 0 24.4 77.5 1 -1 -1 0b -1 -1 -1 0f -1 -1 -1
1 1 0 24.4 78.0 1 -1 -1 0b -1 -1 -1 0f -1 -1 -1
1 1 0 24.4 77.5 1 -1 -1 0b -1 -1 -1 0f -1 -1 -1
1 1 0 24.4 77.5 1 -1 -1 0b -1 -1 -1 0f -1 -1 -1
1 1 0 24.4 78.0 1 -1 -1 0b -1 -1 -1 0f -1 -1 -1
1 1 0 24.4 78.0 1 -1 -1 0b -1 -1 -1 0f -1 -1 -1
1 1 0 24.4 78.0 1 -1 -1 0b -1 -1 -1 0f -1 -1 -1
1 1 0 24.4 78.5 1 -1 -1 0b -1 -1 -1 0f -1 -1 -1
1 1 0 24.4 78.5 1 -1 -1 0b -1 -1 -1 0f -1 -1 -1
1 1 0 24.3 78.5 1 -1 -1 0b -1 -1 -1 0f -1 -1 -1
1 1 0 24.4 79.0 1 -1 -1 0b -1 -1 -1 0f -1 -1 -1
1 1 0 24.4 79.0 1 -1 -1 0b -1 -1 -1 0f -1 -1 -1
1 1 0 24.4 79.0 1 -1 -1 0b -1 -1 -1 0f -1 -1 -1
1 1 0 24.4 79.0 1 -1 -1 0b -1 -1 -1 0f -1 -1 -1
1 1 0 24.4 79.0 1 -1 -1 0b -1 -1 -1 0f -1 -1 -1
1 1 0 24.3 79.0 1 -1 -1 0b -1 -1 -1 0f -1 -1 -1
1 1 0 24.4 78.5 1 -1 -1 0b -1 -1 -1 0f -1 -1 -1
1 1 0 24.4 78.5 1 -1 -1 0b -1 -1 -1 0f -1 -1 -1
1 1 0 24.4 78.5 1 -1 -1 0b -1 -1 -1 0f -1 -1 -1
1 1 0 24.4 78.0 1 -1 -1 0b -1 -1 -1 0f -1 -1 -1
1 1 0 24.3 78.5 1 -1 -1 0b -1 -1 -1 0f -1 -1 -1
1 1 0 24.4 79.0 1 -1 -1 0b -1 -1 -1 0f -1 -1 -1
1 1 0 24.4 79.0 1 -1 -1 0b -1 -1 -1 0f -1 -1 -1
1 1 0 24.4 78.5 1 -1 -1 0b -1 -1 -1 0f -1 -1 -1
1 1 0 24.4 78.0 1 -1 -1 0b -1 -1 -1 0f -1 -1 -1
1 1 0 24.4 78.0 1 -1 -1 0b -1 -1 -1 0f -1 -1 -1
1 1 0 24.4 78.0 1 -1 -1 0b -1 -1 -1 0f -1 -1 -1
1 1 0 24.4 78.5 1 -1 -1 0b -1 -1 -1 0f -1 -1 -1
1 1 0 24.4 78.5 1 -1 -1 0b -1 -1 -1 0f -1 -1 -1
1 1 0 24.4 79.0 1 -1 -1 0b -1 -1 -1 0f -1 -1 -1
1 1 0 24.4 79.0 1 -1 -1 0b -1 -1 -1 0f -1 -1 -1
1 1 0 24.4 78.5 1 -1 -1 0b -1 -1 -1 0f -1 -1 -1
1 1 0 24.4 78.5 1 -1 -1 0b -1 -1 -1 0f -1 -1 -1
1 1 0 24.4 78.5 1 -1 -1 0b -1 -1 -1 0f -1 -1 -1
1 1 0 24.4 78.5 1 -1 -1 0b -1 -1 -1 0f -1 -1 -1
1 1 0 24.4 79.0 1 -1 -1 0b -1 -1 -1 0f -1 -1 -1
1 1 0 24.3 79.0 1 -1 -1 0b -1 -1 -1 0f -1 -1 -1
1 1 0 24.4 78.5 0 -1 -1 0b -1 -1 -1 0f -1 -1 -1
1 1 0 24.4 78.5 0 -1 -1 0b -1 -1 -1 0f -1 -1 -1
1 1 0 24.4 78.5 0 -1 -1 0b -1 -1 -1 0f -1 -1 -1
1 1 0 24.4 78.5 0 -1 -1 0b -1 -1 -1 0f -1 -1 -1
1 1 0 24.4 78.5 0 -1 -1 0b -1 -1 -1 0f -1 -1 -1
1 1 0 24.3 78.5 0 -1 -1 0b -1 -1 -1 0f -1 -1 -1
1 1 0 24.4 78.5 0 -1 -1 0b -1 -1 -1 0f -1 -1 -1
1 1 0 24.4 78.5 0 -1 -1 0b -1 -1 -1 0f -1 -1 -1
1 1 0 24.4 78.5 0 -1 -1 0b -1 -1 -1 0f -1 -1 -1
1 1 0 24.4 78.5 0 -1 -1 0b -1 -1 -1 0f -1 -1 -1
1 1 0 24.4 79.0 0 -1 -1 0b -1 -1 -1 0f -1 -1 -1
1 1 0 24.3 78.5 0 -1 -1 0b -1 -1 -1 0f -1 -1 -1
1 1 0 24.4 78.5 0 -1 -1 0b -1 -1 -1 0f -1 -1 -1
1 1 0 24.4 78.5 0 -1 -1 0b -1 -1 -1 0f -1 -1 -1
1 1 0 24.3 78.5 0 -1 -1 0b -1 -1 -1 0f -1 -1 -1
1 1 0 24.3 78.5 0 -1 -1 0b -1 -1 -1 0f -1 -1 -1
1 1 0 24.4 78.5 0 -1 -1 0b -1 -1 -1 0f -1 -1 -1
1 1 0 24.4 78.5 0 -1 -1 0b -1 -1 -1 0f -1 -1 -1
1 1 0 24.4 78.5 0 -1 -1 0b -1 -1 -1 0f -1 -1 -1
1 1 0 24.3 78.0 0 -1 -1 0b -1 -1 -1 0f -1 -1 -1
1 1 0 24.4 78.5 0 -1 -1 0b -1 -1 -1 0f -1 -1 -1
1 1 0 24.4 79.0 0 -1 -1 0b -1 -1 -1 0f -1 -1 -1
1 1 0 24.3 78.5 0 -1 -1 0b -1 -1 -1 0f -1 -1 -1
1 1 0 24.4 78.5 0 -1 -1 0b -1 -1 -1 0f -1 -1 -1
1 1 0 24.4 78.5 2 -1 -1 0b -1 -1 -1 0f -1 -1 -1
1 1 0 24.4 78.5 2 -1 -1 0b -1 -1 -1 0f -1 -1 -1
1 1 0 24.4 78.0 2 -1 -1 0b -1 -1 -1 0f -1 -1 -1
1 1 0 24.4 78.0 2 -1 -1 0b -1 -1 -1 0f -1 -1 -1
1 1 0 24.3 78.5 2 -1 -1 0b -1 -1 -1 0f -1 -1 -1
1 1 0 24.4 78.5 2 -1 -1 0b -1 -1 -1 0f -1 -1 -1
1 1 0 24.4 78.5 2 -1 -1 0b -1 -1 -1 0f -1 -1 -1
1 1 0 24.4 78.5 2 -1 -1 0b -1 -1 -1 0f -1 -1 -1
1 1 0 24.4 78.0 2 -1 -1 0b -1 -1 -1 0f -1 -1 -1
1 1 0 24.4 78.0 3 -1 -1 0b -1 -1 -1 0f -1 -1 -1
1 1 0 24.4 78.5 3 -1 -1 0b -1 -1 -1 0f -1 -1 -1
1 1 0 24.4 78.0 1 -1 -1 0b -1 -1 -1 0f -1 -1 -1
1 1 0 24.4 78.0 1 -1 -1 0b -1 -1 -1 0f -1 -1 -1
1 1 0 24.4 78.0 1 -1 -1 0b -1 -1 -1 0f -1 -1 -1
1 1 0 24.3 78.0 1 -1 -1 0b -1 -1 -1 0f -1 -1 -1
1 1 0 24.4 78.0 1 -1 -1 0b -1 -1 -1 0f -1 -1 -1
1 1 0 24.3 78.0 1 -1 -1 0b -1 -1 -1 0f -1 -1 -1
1 1 0 24.4 78.0 1 -1 -1 0b -1 -1 -1 0f -1 -1 -1
1 1 0 24.3 78.0 1 -1 -1 0b -1 -1 -1 0f -1 -1 -1
1 1 0 24.3 78.0 1 -1 -1 0b -1 -1 -1 0f -1 -1 -1
1 1 0 24.4 78.0 1 -1 -1 0b -1 -1 -1 0f -1 -1 -1
1 1 0 24.4 78.0 1 -1 -1 0b -1 -1 -1 0f -1 -1 -1
1 1 0 24.4 78.0 1 -1 -1 0b -1 -1 -1 0f -1 -1 -1
1 1 0 24.4 78.0 1 -1 -1 0b -1 -1 -1 0f -1 -1 -1
1 1 0 24.4 77.5 1 -1 -1 0b -1 -1 -1 0f -1 -1 -1
1 1 0 24.4 78.0 1 -1 -1 0b -1 -1 -1 0f -1 -1 -1
1 1 0 24.4 78.0 1 -1 -1 0b -1 -1 -1 0f -1 -1 -1
1 1 0 24.4 78.0 1 -1 -1 0b -1 -1 -1 0f -1 -1 -1
1 1 0 24.4 77.5 1 -1 -1 0b -1 -1 -1 0f -1 -1 -1
1 1 0 24.4 77.5 1 -1 -1 0b -1 -1 -1 0f -1 -1 -1
1 1 0 24.4 78.0 1 -1 -1 0b -1 -1 -1 0f -1 -1 -1
1 1 0 24.4 78.0 1 -1 -1 0b -1 -1 -1 0f -1 -1 -1
1 1 0 24.4 78.5 1 -1 -1 0b -1 -1 -1 0f -1 -1 -1
1 1 0 24.4 78.5 1 -1 -1 0b -1 -1 -1 0f -1 -1 -1
1 1 0 24.4 78.0 1 -1 -1 0b -1 -1 -1 0f -1 -1 -1
1 1 0 24.3 78.0 1 -1 -1 0b -1 -1 -1 0f -1 -1 -1
1 1 0 24.4 78.5 1 -1 -1 0b -1 -1 -1 0f -1 -1 -1
1 1 0 24.4 78.5 1 -1 -1 0b -1 -1 -1 0f -1 -1 -1
1 1 0 24.4 78.5 1 -1 -1 0b -1 -1 -1 0f -1 -1 -1
1 1 0 24.4 78.5 1 -1 -1 0b -1 -1 -1 0f -1 -1 -1
1 1 0 24.4 78.0 2 -1 -1 0b -1 -1 -1 0f -1 -1 -1
1 1 0 24.4 78.5 2 -1 -1 0b -1 -1 -1 0f -1 -1 -1
1 1 0 24.4 78.5 2 -1 -1 0b -1 -1 -1 0f -1 -1 -1
1 1 0 24.4 79.0 2 -1 -1 0b -1 -1 -1 0f -1 -1 -1
1 1 0 24.4 79.0 2 -1 -1 0b -1 -1 -1 0f -1 -1 -1
1 1 0 24.4 79.0 2 -1 -1 0b -1 -1 -1 0f -1 -1 -1
1 1 0 24.4 79.0 2 -1 -1 0b -1 -1 -1 0f -1 -1 -1
1 1 0 24.4 79.0 2 -1 -1 0b -1 -1 -1 0f -1 -1 -1
1 1 0 24.4 79.0 2 -1 -1 0b -1 -1 -1 0f -1 -1 -1
1 1 0 24.4 79.5 2 -1 -1 0b -1 -1 -1 0f -1 -1 -1
1 1 0 24.3 79.5 2 -1 -1 0b -1 -1 -1 0f -1 -1 -1
1 1 0 24.3 79.0 4 -1 -1 0b -1 -1 -1 0f -1 -1 -1
1 1 0 24.4 79.5 1 -1 -1 0b -1 -1 -1 0f -1 -1 -1
1 1 0 24.4 79.5 1 -1 -1 0b -1 -1 -1 0f -1 -1 -1
1 1 0 24.3 79.5 1 -1 -1 0b -1 -1 -1 0f -1 -1 -1
1 1 0 24.4 79.0 1 -1 -1 0b -1 -1 -1 0f -1 -1 -1
1 1 0 24.4 79.0 1 -1 -1 0b -1 -1 -1 0f -1 -1 -1
1 1 0 24.4 78.5 1 -1 -1 0b -1 -1 -1 0f -1 -1 -1
1 1 0 24.4 78.5 1 -1 -1 0b -1 -1 -1 0f -1 -1 -1
1 1 0 24.4 78.5 1 -1 -1 0b -1 -1 -1 0f -1 -1 -1
1 1 0 24.4 78.0 1 -1 -1 0b -1 -1 -1 0f -1 -1 -1
1 1 0 24.4 78.5 1 -1 -1 0b -1 -1 -1 0f -1 -1 -1
1 1 0 24.4 78.5 1 -1 -1 0b -1 -1 -1 0f -1 -1 -1
1 1 0 24.4 78.5 1 -1 -1 0b -1 -1 -1 0f -1 -1 -1
1 1 0 24.4 78.0 1 -1 -1 0b -1 -1 -1 0f -1 -1 -1
1 1 0 24.4 78.0 1 -1 -1 0b -1 -1 -1 0f -1 -1 -1
1 1 0 24.4 78.0 2 -1 -1 0b -1 -1 -1 0f -1 -1 -1
1 1 0 24.4 78.5 2 -1 -1 0b -1 -1 -1 0f -1 -1 -1
1 1 0 24.4 79.0 2 -1 -1 0b -1 -1 -1 0f -1 -1 -1
1 1 0 24.3 78.5 2 -1 -1 0b -1 -1 -1 0f -1 -1 -1
1 1 0 24.4 78.5 4 -1 -1 0b -1 -1 -1 0f -1 -1 -1
1 1 0 24.4 78.0 2 -1 -1 0b -1 -1 -1 0f -1 -1 -1
1 1 0 24.4 78.5 2 -1 -1 0b -1 -1 -1 0f -1 -1 -1
1 1 0 24.4 78.5 2 -1 -1 0b -1 -1 -1 0f -1 -1 -1
1 1 0 24.4 78.0 2 -1 -1 0b -1 -1 -1 0f -1 -1 -1
1 1 0 24.4 78.5 1 -1 -1 0b -1 -1 -1 0f -1 -1 -1
1 1 0 24.4 78.5 4 -1 -1 0b -1 -1 -1 0f -1 -1 -1
1 1 0 24.4 78.5 4 -1 -1 0b -1 -1 -1 0f -1 -1 -1
1 1 0 24.4 78.0 4 -1 -1 0b -1 -1 -1 0f -1 -1 -1
1 1 0 24.4 78.0 1 -1 -1 0b -1 -1 -1 0f -1 -1 -1
1 1 0 24.5 78.0 1 -1 -1 0b -1 -1 -1 0f -1 -1 -1
1 1 0 24.4 78.5 1 -1 -1 0b -1 -1 -1 0f -1 -1 -1
1 1 0 24.4 78.0 1 -1 -1 0b -1 -1 -1 0f -1 -1 -1
1 1 0 24.4 78.0 1 -1 -1 0b -1 -1 -1 0f -1 -1 -1
1 1 0 24.4 78.0 1 -1 -1 0b -1 -1 -1 0f -1 -1 -1
1 1 0 24.4 78.0 2 -1 -1 0b -1 -1 -1 0f -1 -1 -1
1 1 0 24.4 77.5 2 -1 -1 0b -1 -1 -1 0f -1 -1 -1
1 1 0 24.4 77.5 2 -1 -1 0b -1 -1 -1 0f -1 -1 -1
1 1 0 24.4 77.5 2 -1 -1 0b -1 -1 -1 0f -1 -1 -1
1 1 0 24.4 77.5 2 -1 -1 0b -1 -1 -1 0f -1 -1 -1
1 1 0 24.4 77.5 2 -1 -1 0b -1 -1 -1 0f -1 -1 -1
1 1 0 24.4 77.5 2 -1 -1 0b -1 -1 -1 0f -1 -1 -1
1 1 0 24.4 77.5 2 -1 -1 0b -1 -1 -1 0f -1 -1 -1
1 1 0 24.4 77.5 2 -1 -1 0b -1 -1 -1 0f -1 -1 -1
1 1 0 24.4 77.5 2 -1 -1 0b -1 -1 -1 0f -1 -1 -1
1 1 0 24.4 77.5 2 -1 -1 0b -1 -1 -1 0f -1 -1 -1
1 1 0 24.5 77.5 2 -1 -1 0b -1 -1 -1 0f -1 -1 -1
1 1 0 24.4 77.5 1 -1 -1 0b -1 -1 -1 0f -1 -1 -1
1 1 0 24.4 77.5 4 -1 -1 0b -1 -1 -1 0f -1 -1 -1
1 1 0 24.4 78.0 4 -1 -1 0b -1 -1 -1 0f -1 -1 -1
1 1 0 24.4 78.5 2 -1 -1 0b -1 -1 -1 0f -1 -1 -1
1 1 0 24.4 78.0 2 -1 -1 0b -1 -1 -1 0f -1 -1 -1
1 1 0 24.4 78.0 2 -1 -1 0b -1 -1 -1 0f -1 -1 -1
1 1 0 24.4 77.5 2 -1 -1 0b -1 -1 -1 0f -1 -1 -1
1 1 0 24.4 78.5 1 -1 -1 0b -1 -1 -1 0f -1 -1 -1
1 1 0 24.3 78.5 1 -1 -1 0b -1 -1 -1 0f -1 -1 -1
1 1 0 24.5 79.0 1 -1 -1 0b -1 -1 -1 0f -1 -1 -1
1 1 0 24.4 79.0 1 -1 -1 0b -1 -1 -1 0f -1 -1 -1
1 1 0 24.4 78.5 1 -1 -1 0b -1 -1 -1 0f -1 -1 -1
1 1 0 24.4 78.5 1 -1 -1 0b -1 -1 -1 0f -1 -1 -1
1 1 0 24.4 78.0 1 -1 -1 0b -1 -1 -1 0f -1 -1 -1
1 1 0 24.4 78.0 1 -1 -1 0b -1 -1 -1 0f -1 -1 -1
1 1 0 24.4 78.0 1 -1 -1 0b -1 -1 -1 0f -1 -1 -1
1 1 0 24.4 78.0 1 -1 -1 0b -1 -1 -1 0f -1 -1 -1
1 1 0 24.4 78.5 1 -1 -1 0b -1 -1 -1 0f -1 -1 -1
1 1 0 24.4 78.0 1 -1 -1 0b -1 -1 -1 0f -1 -1 -1
1 1 0 24.4 78.0 1 -1 -1 0b -1 -1 -1 0f -1 -1 -1
1 1 0 24.4 78.0 1 -1 -1 0b -1 -1 -1 0f -1 -1 -1
1 1 0 24.4 77.5 1 -1 -1 0b -1 -1 -1 0f -1 -1 -1
1 1 0 24.4 78.0 2 -1 -1 0b -1 -1 -1 0f -1 -1 -1
1 1 0 24.4 78.5 2 -1 -1 0b -1 -1 -1 0f -1 -1 -1
1 1 0 24.4 78.0 2 -1 -1 0b -1 -1 -1 0f -1 -1 -1
1 1 0 24.4 78.0 4 -1 -1 0b -1 -1 -1 0f -1 -1 -1
1 1 0 24.4 78.0 1 -1 -1 0b -1 -1 -1 0f -1 -1 -1
1 1 4 24.4 77.5 2 -1 -1 0b -1 -1 -1 0f -1 -1 -1
1 1 1 24.4 77.5 2 -1 -1 0b -1 -1 -1 1f -1 8 -1
1 1 0 24.4 77.5 2 -1 -1 0b -1 -1 -1 1f -1 8 -1
1 1 0 24.4 77.5 2 -1 -1 0b -1 -1 -1 1f -1 8 -1
1 1 0 24.4 77.5 2 -1 -1 0b -1 -1 -1 1f -1 8 -1
1 1 1 24.4 77.5 2 -1 -1 0b -1 -1 -1 1f -1 8 -1
1 1 0 24.4 78.0 2 -1 -1 0b -1 -1 -1 1f -1 8 -1
1 1 0 24.4 77.5 2 -1 -1 0b -1 -1 -1 1f -1 8 -1
1 1 0 24.4 77.5 2 -1 -1 0b -1 -1 -1 1f -1 8 -1
1 1 0 24.4 77.5 4 -1 -1 0b -1 -1 -1 1f -1 8 -1
1 1 0 24.4 77.5 4 -1 -1 0b -1 -1 -1 1f -1 8 -1
1 1 1 24.4 77.5 3 -1 -1 0b -1 -1 -1 1f -1 8 -1
1 1 0 24.5 78.0 3 -1 -1 0b -1 -1 -1 1f -1 8 -1
1 1 0 24.4 77.5 5 -1 -1 0b -1 -1 -1 1f -1 8 -1
1 1 0 24.4 77.5 5 -1 -1 0b -1 -1 -1 1f -1 8 -1
1 1 0 24.4 77.5 5 -1 -1 0b -1 -1 -1 1f -1 8 -1
1 1 0 24.4 77.5 7 -1 -1 0b -1 -1 -1 1f -1 8 -1
1 1 0 24.4 77.5 3 -1 -1 0b -1 -1 -1 1f -1 8 -1
1 1 0 24.4 77.5 5 -1 -1 0b -1 -1 -1 1f -1 8 -1
1 1 0 24.4 77.5 5 -1 -1 0b -1 -1 -1 1f -1 8 -1
1 1 0 24.4 77.5 7 -1 -1 0b -1 -1 -1 1f -1 8 -1
1 1 0 24.4 77.5 5 -1 -1 0b -1 -1 -1 1f -1 8 -1
1 1 0 24.4 77.5 7 -1 -1 0b -1 -1 -1 1f -1 8 -1
1 1 0 24.5 77.5 5 -1 -1 0b -1 -1 -1 1f -1 8 -1
1 1 0 24.4 77.5 5 -1 -1 0b -1 -1 -1 1f -1 8 -1
1 1 0 24.4 77.5 5 -1 -1 0b -1 -1 -1 1f -1 8 -1
1 1 0 24.4 77.5 5 -1 -1 0b -1 -1 -1 1f -1 8 -1
1 1 0 24.5 77.5 5 -1 -1 0b -1 -1 -1 1f -1 8 -1
1 1 0 24.4 77.5 5 -1 -1 0b -1 -1 -1 1f -1 8 -1
1 1 0 24.5 77.5 5 -1 -1 0b -1 -1 -1 1f -1 8 -1
1 1 0 24.5 77.5 7 -1 -1 0b -1 -1 -1 1f -1 8 -1
1 1 0 24.4 77.5 7 -1 -1 0b -1 -1 -1 1f -1 8 -1
1 1 0 24.4 77.5 7 -1 -1 0b -1 -1 -1 1f -1 8 -1
1 1 0 24.5 77.5 5 -1 -1 0b -1 -1 -1 1f -1 8 -1
1 1 0 24.5 77.5 5 -1 -1 0b -1 -1 -1 1f -1 8 -1
1 1 0 24.4 78.0 5 -1 -1 0b -1 -1 -1 1f -1 8 -1
1 1 0 24.5 78.0 3 -1 -1 0b -1 -1 -1 1f -1 8 -1
1 1 0 24.4 78.0 3 -1 -1 0b -1 -1 -1 1f -1 8 -1
1 1 0 24.4 78.0 3 -1 -1 0b -1 -1 -1 1f -1 8 -1
1 1 0 24.5 78.0 3 -1 -1 0b -1 -1 -1 1f -1 8 -1
1 1 0 24.5 78.0 3 -1 -1 0b -1 -1 -1 1f -1 8 -1
1 1 0 24.5 78.0 3 -1 -1 0b -1 -1 -1 1f -1 8 -1
1 1 0 24.4 78.0 6 -1 -1 0b -1 -1 -1 1f -1 8 -1
1 1 0 24.5 78.0 4 -1 -1 0b -1 -1 -1 1f -1 8 -1
1 1 0 24.5 78.0 4 -1 -1 0b -1 -1 -1 1f -1 8 -1
1 1 0 24.5 78.0 4 -1 -1 0b -1 -1 -1 1f -1 8 -1
1 1 0 24.5 78.0 2 -1 -1 0b -1 -1 -1 1f -1 8 -1
1 1 0 24.4 77.5 2 -1 -1 0b -1 -1 -1 1f -1 8 -1
1 1 0 24.4 77.5 2 -1 -1 0b -1 -1 -1 1f -1 8 -1
1 1 0 24.4 77.5 2 -1 -1 0b -1 -1 -1 1f -1 8 -1
1 1 0 24.4 77.5 2 -1 -1 0b -1 -1 -1 1f -1 8 -1
1 1 0 24.4 77.5 2 -1 -1 0b -1 -1 -1 1f -1 8 -1
1 1 0 24.4 78.0 4 -1 -1 0b -1 -1 -1 1f -1 8 -1
1 1 3 24.5 78.0 4 -1 -1 0b -1 -1 -1 1f -1 8 -1
1 1 0 24.5 78.0 4 -1 -1 0b -1 -1 -1 1f -1 8 -1
1 1 0 24.5 78.0 4 -1 -1 0b -1 -1 -1 1f -1 8 -1
1 1 0 24.5 78.0 2 -1 -1 0b -1 -1 -1 1f -1 8 -1
1 1 0 24.4 78.0 2 -1 -1 0b -1 -1 -1 1f -1 8 -1
1 1 0 24.5 78.5 2 -1 -1 0b -1 -1 -1 1f -1 8 -1
1 1 0 24.5 78.5 2 -1 -1 0b -1 -1 -1 1f -1 8 -1
1 1 0 24.4 78.0 4 -1 -1 0b -1 -1 -1 1f -1 8 -1
1 1 1 24.5 78.0 8 -1 -1 0b -1 -1 -1 1f -1 8 -1
1 1 1 24.5 78.5 11 -1 -1 0b -1 -1 -1 1f -1 8 -1
1 1 30 24.5 78.5 19 -1 -1 7b -1 -1 -1 7f -1 8 -1
1 1 19 24.5 78.5 19 -1 -1 7b -1 -1 -1 7f -1 8 -1
1 1 0 24.5 78.5 19 -1 -1 7b -1 -1 -1 7f -1 8 -1
1 1 0 24.5 78.5 19 -1 -1 7b -1 -1 -1 7f -1 8 -1
1 1 0 24.5 78.5 17 -1 -1 7b -1 -1 -1 7f -1 8 -1
1 1 0 24.5 79.5 15 -1 -1 7b -1 -1 -1 7f -1 8 -1
1 1 0 24.5 80.0 17 -1 -1 7b -1 -1 -1 7f -1 8 -1
1 1 0 24.4 80.0 17 -1 -1 7b -1 -1 -1 7f -1 8 -1
1 1 0 24.4 79.5 17 -1 -1 7b -1 -1 -1 7f -1 8 -1
1 1 0 24.4 79.5 17 -1 -1 7b -1 -1 -1 7f -1 8 -1
1 1 0 24.5 79.5 17 -1 -1 7b -1 -1 -1 7f -1 8 -1
1 1 0 24.5 80.0 17 -1 -1 7b -1 -1 -1 7f -1 8 -1
1 1 0 24.4 80.5 17 -1 -1 7b -1 -1 -1 7f -1 8 -1
1 1 0 24.5 81.0 17 -1 -1 7b -1 -1 -1 7f -1 8 -1
1 1 0 24.4 81.0 17 -1 -1 7b -1 -1 -1 7f -1 8 -1
1 1 0 24.4 81.0 17 -1 -1 7b -1 -1 -1 7f -1 8 -1
1 1 0 24.4 80.5 17 -1 -1 7b -1 -1 -1 7f -1 8 -1
1 1 0 24.4 80.5 17 -1 -1 7b -1 -1 -1 7f -1 8 -1
1 1 0 24.4 80.5 19 -1 -1 7b -1 -1 -1 7f -1 8 -1
1 1 0 24.5 80.0 17 -1 -1 7b -1 -1 -1 7f -1 8 -1
1 1 0 24.4 79.5 19 -1 -1 7b -1 -1 -1 7f -1 8 -1
1 1 0 24.4 79.5 19 -1 -1 7b -1 -1 -1 7f -1 8 -1
1 1 0 24.4 79.5 21 -1 -1 7b -1 -1 -1 7f -1 8 -1
1 1 0 24.4 79.0 21 -1 -1 7b -1 -1 -1 7f -1 8 -1
1 1 0 24.4 79.0 21 -1 -1 7b -1 -1 -1 7f -1 8 -1
1 1 0 24.3 78.5 19 -1 -1 7b -1 -1 -1 7f -1 8 -1
1 1 0 24.4 79.0 19 -1 -1 7b -1 -1 -1 7f -1 8 -1
1 1 0 24.4 79.0 23 -1 -1 7b -1 -1 -1 7f -1 8 -1
1 1 0 24.4 78.5 23 -1 -1 7b -1 -1 -1 7f -1 8 -1
1 1 0 24.4 78.5 19 -1 -1 7b -1 -1 -1 7f -1 8 -1
1 1 0 24.5 78.5 19 -1 -1 7b -1 -1 -1 7f -1 8 -1
1 1 0 24.4 79.0 19 -1 -1 7b -1 -1 -1 7f -1 8 -1
1 1 0 24.4 79.0 19 -1 -1 7b -1 -1 -1 7f -1 8 -1
1 1 0 24.4 79.0 19 -1 -1 7b -1 -1 -1 7f -1 8 -1
1 1 0 24.5 79.0 19 -1 -1 7b -1 -1 -1 7f -1 8 -1
1 1 0 24.4 79.0 21 -1 -1 7b -1 -1 -1 7f -1 8 -1
1 1 0 24.3 79.0 21 -1 -1 7b -1 -1 -1 7f -1 8 -1
1 1 0 24.5 80.0 21 -1 -1 7b -1 -1 -1 7f -1 8 -1
1 1 0 24.5 80.0 19 -1 -1 7b -1 -1 -1 7f -1 8 -1
1 1 0 24.4 79.5 21 -1 -1 7b -1 -1 -1 7f -1 8 -1
1 1 0 24.3 79.0 21 -1 -1 7b -1 -1 -1 7f -1 8 -1
1 1 0 24.4 79.0 21 -1 -1 7b -1 -1 -1 7f -1 8 -1
1 1 0 24.4 79.0 21 -1 -1 7b -1 -1 -1 7f -1 8 -1
1 1 0 24.4 79.0 23 -1 -1 7b -1 -1 -1 7f -1 8 -1
1 1 0 24.4 79.0 23 -1 -1 7b -1 -1 -1 7f -1 8 -1
1 1 0 24.4 79.0 23 -1 -1 7b -1 -1 -1 7f -1 8 -1
1 1 0 24.4 80.0 21 -1 -1 7b -1 -1 -1 7f -1 8 -1
1 1 0 24.4 79.0 23 -1 -1 7b -1 -1 -1 7f -1 8 -1
1 1 0 24.4 78.5 23 -1 -1 7b -1 -1 -1 7f -1 8 -1
1 1 0 24.4 78.5 23 -1 -1 7b -1 -1 -1 7f -1 8 -1
1 1 0 24.4 79.0 23 -1 -1 7b -1 -1 -1 7f -1 8 -1
1 1 0 24.5 79.5 23 -1 -1 7b -1 -1 -1 7f -1 8 -1
1 1 0 24.4 80.0 23 -1 -1 7b -1 -1 -1 7f -1 8 -1
1 1 0 24.4 80.0 23 -1 -1 7b -1 -1 -1 7f -1 8 -1
1 1 0 24.4 79.5 23 -1 -1 7b -1 -1 -1 7f -1 8 -1
1 1 0 24.4 79.5 23 -1 -1 7b -1 -1 -1 7f -1 8 -1
1 1 0 24.3 79.5 23 -1 -1 7b -1 -1 -1 7f -1 8 -1
1 1 0 24.4 79.5 23 -1 -1 7b -1 -1 -1 7f -1 8 -1
1 1 0 24.4 79.5 23 -1 -1 7b -1 -1 -1 7f -1 8 -1
1 1 0 24.4 79.5 21 -1 -1 7b -1 -1 -1 7f -1 8 -1
1 1 0 24.3 79.5 21 -1 -1 7b -1 -1 -1 7f -1 8 -1
1 1 0 24.4 80.0 21 -1 -1 7b -1 -1 -1 7f -1 8 -1
1 1 0 24.4 81.0 23 -1 -1 7b -1 -1 -1 7f -1 8 -1
1 1 0 24.4 81.5 23 -1 -1 7b -1 -1 -1 7f -1 8 -1
1 1 0 24.4 82.0 21 -1 -1 7b -1 -1 -1 7f -1 8 -1
1 1 0 24.3 82.0 21 -1 -1 7b -1 -1 -1 7f -1 8 -1
1 1 0 24.4 82.0 21 -1 -1 7b -1 -1 -1 7f -1 8 -1
1 1 0 24.4 82.5 23 -1 -1 7b -1 -1 -1 7f -1 8 -1
1 1 0 24.4 83.0 23 -1 -1 7b -1 -1 -1 7f -1 8 -1
1 1 0 24.3 83.5 23 -1 -1 7b -1 -1 -1 7f -1 8 -1
1 1 0 24.4 83.0 23 -1 -1 7b -1 -1 -1 7f -1 8 -1
1 1 0 24.4 83.0 23 -1 -1 7b -1 -1 -1 7f -1 8 -1
1 1 0 24.3 82.5 19 -1 -1 7b -1 -1 -1 7f -1 8 -1
1 1 0 24.4 82.5 19 -1 -1 7b -1 -1 -1 7f -1 8 -1
1 1 0 24.4 82.0 21 -1 -1 7b -1 -1 -1 7f -1 8 -1
1 1 0 24.4 82.0 19 -1 -1 7b -1 -1 -1 7f -1 8 -1
1 1 0 24.4 82.0 23 -1 -1 7b -1 -1 -1 7f -1 8 -1
1 1 0 24.4 82.0 21 -1 -1 7b -1 -1 -1 7f -1 8 -1
1 1 0 24.4 82.0 21 -1 -1 7b -1 -1 -1 7f -1 8 -1
1 1 0 24.4 82.0 21 -1 -1 7b -1 -1 -1 7f -1 8 -1
1 1 0 24.4 82.5 21 -1 -1 7b -1 -1 -1 7f -1 8 -1
1 1 0 24.4 83.0 21 -1 -1 7b -1 -1 -1 7f -1 8 -1
1 1 0 24.4 83.0 21 -1 -1 7b -1 -1 -1 7f -1 8 -1
1 1 0 24.4 83.0 23 -1 -1 7b -1 -1 -1 7f -1 8 -1
1 1 0 24.4 82.5 23 -1 -1 7b -1 -1 -1 7f -1 8 -1
1 1 0 24.3 82.5 21 -1 -1 7b -1 -1 -1 7f -1 8 -1
1 1 0 24.3 81.5 21 -1 -1 7b -1 -1 -1 7f -1 8 -1
1 1 0 24.4 81.5 21 -1 -1 7b -1 -1 -1 7f -1 8 -1
1 1 0 24.4 81.0 21 -1 -1 7b -1 -1 -1 7f -1 8 -1
1 1 0 24.4 80.5 19 -1 -1 7b -1 -1 -1 7f -1 8 -1
1 1 0 24.3 80.5 19 -1 -1 7b -1 -1 -1 7f -1 8 -1
1 1 0 24.4 81.0 21 -1 -1 7b -1 -1 -1 7f -1 8 -1
1 1 0 24.4 81.0 21 -1 -1 7b -1 -1 -1 7f -1 8 -1
1 1 0 24.5 81.0 21 -1 -1 7b -1 -1 -1 7f -1 8 -1
1 1 0 24.4 81.0 21 -1 -1 7b -1 -1 -1 7f -1 8 -1
1 1 0 24.4 81.0 21 -1 -1 7b -1 -1 -1 7f -1 8 -1
1 1 0 24.4 81.0 23 -1 -1 7b -1 -1 -1 7f -1 8 -1
1 1 0 24.4 81.0 23 -1 -1 7b -1 -1 -1 7f -1 8 -1
1 1 0 24.5 81.5 23 -1 -1 7b -1 -1 -1 7f -1 8 -1
1 1 0 24.5 82.0 23 -1 -1 7b -1 -1 -1 7f -1 8 -1
1 1 0 24.5 81.5 23 -1 -1 7b -1 -1 -1 7f -1 8 -1
1 1 0 24.4 81.5 23 -1 -1 7b -1 -1 -1 7f -1 8 -1
1 1 0 24.4 81.5 26 -1 -1 7b -1 -1 -1 7f -1 8 -1
1 1 0 24.4 81.5 26 -1 -1 7b -1 -1 -1 7f -1 8 -1
1 1 0 24.5 82.0 22 -1 -1 7b -1 -1 -1 7f -1 8 -1
1 1 0 24.5 82.0 24 -1 -1 7b -1 -1 -1 7f -1 8 -1
1 1 0 24.4 81.5 24 -1 -1 7b -1 -1 -1 7f -1 8 -1
1 1 0 24.5 82.0 26 -1 -1 7b -1 -1 -1 7f -1 8 -1
1 1 0 24.5 82.0 26 -1 -1 7b -1 -1 -1 7f -1 8 -1
1 1 0 24.5 82.5 26 -1 -1 7b -1 -1 -1 7f -1 8 -1
1 1 0 24.5 83.0 24 -1 -1 7b -1 -1 -1 7f -1 8 -1
1 1 0 24.4 83.0 23 -1 -1 7b -1 -1 -1 7f -1 8 -1
1 1 0 24.5 82.5 26 -1 -1 7b -1 -1 -1 7f -1 8 -1
1 1 0 24.5 82.5 22 -1 -1 7b -1 -1 -1 7f -1 8 -1
1 1 0 24.5 83.0 22 -1 -1 7b -1 -1 -1 7f -1 8 -1
1 1 0 24.5 83.5 22 -1 -1 7b -1 -1 -1 7f -1 8 -1
1 1 0 24.5 83.5 22 -1 -1 7b -1 -1 -1 7f -1 8 -1
1 1 0 24.5 83.5 22 -1 -1 7b -1 -1 -1 7f -1 8 -1
1 1 0 24.4 83.5 22 -1 -1 7b -1 -1 -1 7f -1 8 -1
1 1 0 24.5 84.0 24 -1 -1 7b -1 -1 -1 7f -1 8 -1
1 1 0 24.5 84.0 26 -1 -1 7b -1 -1 -1 7f -1 8 -1
1 1 0 24.5 84.0 28 -1 -1 7b -1 -1 -1 7f -1 8 -1
1 1 0 24.5 84.0 26 -1 -1 7b -1 -1 -1 7f -1 8 -1
1 1 0 24.4 84.0 24 -1 -1 7b -1 -1 -1 7f -1 8 -1
1 1 0 24.4 84.0 26 -1 -1 7b -1 -1 -1 7f -1 8 -1
1 1 0 24.5 83.5 20 -1 -1 7b -1 -1 -1 7f -1 8 -1
1 1 0 24.5 83.5 20 -1 -1 7b -1 -1 -1 7f -1 8 -1
1 1 0 24.5 83.5 20 -1 -1 7b -1 -1 -1 7f -1 8 -1
1 1 0 24.6 83.5 24 -1 -1 7b -1 -1 -1 7f -1 8 -1
1 1 0 24.5 83.5 26 -1 -1 7b -1 -1 -1 7f -1 8 -1
1 1 0 24.5 83.5 24 -1 -1 7b -1 -1 -1 7f -1 8 -1
1 1 0 24.5 83.5 22 -1 -1 7b -1 -1 -1 7f -1 8 -1
1 1 0 24.5 83.0 22 -1 -1 7b -1 -1 -1 7f -1 8 -1
1 1 0 24.5 83.0 20 -1 -1 7b -1 -1 -1 7f -1 8 -1
1 1 0 24.5 83.5 20 -1 -1 7b -1 -1 -1 7f -1 8 -1
1 1 0 24.5 83.0 21 -1 -1 7b -1 -1 -1 7f -1 8 -1
1 1 0 24.6 83.5 19 -1 -1 7b -1 -1 -1 7f -1 8 -1
1 1 0 24.6 83.5 19 -1 -1 7b -1 -1 -1 7f -1 8 -1
1 1 0 24.5 83.5 19 -1 -1 7b -1 -1 -1 7f -1 8 -1
1 1 0 24.6 83.5 19 -1 -1 7b -1 -1 -1 7f -1 8 -1
1 1 0 24.5 83.5 19 -1 -1 7b -1 -1 -1 7f -1 8 -1
1 1 0 24.6 83.5 21 -1 -1 7b -1 -1 -1 7f -1 8 -1
1 1 0 24.6 83.5 21 -1 -1 7b -1 -1 -1 7f -1 8 -1
1 1 0 24.5 83.5 21 -1 -1 7b -1 -1 -1 7f -1 8 -1
1 1 0 24.5 83.5 21 -1 -1 7b -1 -1 -1 7f -1 8 -1
1 1 0 24.6 83.5 21 -1 -1 7b -1 -1 -1 7f -1 8 -1
1 1 0 24.6 83.5 21 -1 -1 7b -1 -1 -1 7f -1 8 -1
1 1 0 24.6 83.5 23 -1 -1 7b -1 -1 -1 7f -1 8 -1
1 1 0 24.6 83.5 23 -1 -1 7b -1 -1 -1 7f -1 8 -1
1 1 0 24.6 83.5 23 -1 -1 7b -1 -1 -1 7f -1 8 -1
1 1 0 24.6 83.5 23 -1 -1 7b -1 -1 -1 7f -1 8 -1
1 1 0 24.6 83.5 23 -1 -1 7b -1 -1 -1 7f -1 8 -1
1 1 0 24.6 83.5 23 -1 -1 7b -1 -1 -1 7f -1 8 -1
1 1 0 24.6 83.5 23 -1 -1 7b -1 -1 -1 7f -1 8 -1
1 1 0 24.6 83.5 26 -1 -1 7b -1 -1 -1 7f -1 8 -1
1 1 0 24.5 83.5 26 -1 -1 7b -1 -1 -1 7f -1 8 -1
1 1 0 24.6 83.5 23 -1 -1 7b -1 -1 -1 7f -1 8 -1
1 1 0 24.5 83.0 23 -1 -1 7b -1 -1 -1 7f -1 8 -1
1 1 0 24.6 83.0 23 -1 -1 7b -1 -1 -1 7f -1 8 -1
1 1 0 24.7 83.0 23 -1 -1 7b -1 -1 -1 7f -1 8 -1
1 1 0 24.7 83.0 23 -1 -1 7b -1 -1 -1 7f -1 8 -1
1 1 0 24.6 83.0 21 -1 -1 7b -1 -1 -1 7f -1 8 -1
1 1 0 24.7 83.0 21 -1 -1 7b -1 -1 -1 7f -1 8 -1
1 1 0 24.7 83.0 19 -1 -1 7b -1 -1 -1 7f -1 8 -1
1 1 0 24.6 83.0 23 -1 -1 7b -1 -1 -1 7f -1 8 -1
1 1 0 24.7 83.0 21 -1 -1 7b -1 -1 -1 7f -1 8 -1
1 1 0 24.7 83.5 21 -1 -1 7b -1 -1 -1 7f -1 8 -1
1 1 0 24.7 83.5 21 -1 -1 7b -1 -1 -1 7f -1 8 -1
1 1 0 24.7 83.5 21 -1 -1 7b -1 -1 -1 7f -1 8 -1
1 1 0 24.7 83.5 21 -1 -1 7b -1 -1 -1 7f -1 8 -1
1 1 0 24.7 83.5 21 -1 -1 7b -1 -1 -1 7f -1 8 -1
1 1 0 24.7 83.5 21 -1 -1 7b -1 -1 -1 7f -1 8 -1
1 1 0 24.6 83.5 21 -1 -1 7b -1 -1 -1 7f -1 8 -1
1 1 0 24.6 84.0 21 -1 -1 7b -1 -1 -1 7f -1 8 -1
1 1 0 24.6 84.0 21 -1 -1 7b -1 -1 -1 7f -1 8 -1
1 1 0 24.7 84.0 21 -1 -1 7b -1 -1 -1 7f -1 8 -1
1 1 0 24.7 83.5 21 -1 -1 7b -1 -1 -1 7f -1 8 -1
1 1 0 24.6 83.5 21 -1 -1 7b -1 -1 -1 7f -1 8 -1
1 1 0 24.7 84.0 21 -1 -1 7b -1 -1 -1 7f -1 8 -1
1 1 0 24.7 83.5 21 -1 -1 7b -1 -1 -1 7f -1 8 -1
1 1 0 24.6 83.5 19 -1 -1 7b -1 -1 -1 7f -1 8 -1
1 1 0 24.6 83.5 21 -1 -1 7b -1 -1 -1 7f -1 8 -1
1 1 0 24.7 83.5 19 -1 -1 7b -1 -1 -1 7f -1 8 -1
1 1 0 24.7 83.5 19 -1 -1 7b -1 -1 -1 7f -1 8 -1
1 1 0 24.7 83.5 19 -1 -1 7b -1 -1 -1 7f -1 8 -1
1 1 0 24.6 83.5 19 -1 -1 7b -1 -1 -1 7f -1 8 -1
1 1 0 24.7 83.5 19 -1 -1 7b -1 -1 -1 7f -1 8 -1
1 1 0 24.6 84.0 21 -1 -1 7b -1 -1 -1 7f -1 8 -1
1 1 0 24.6 84.0 21 -1 -1 7b -1 -1 -1 7f -1 8 -1
1 1 0 24.7 84.0 21 -1 -1 7b -1 -1 -1 7f -1 8 -1
1 1 0 24.6 84.0 21 -1 -1 7b -1 -1 -1 7f -1 8 -1
1 1 0 24.7 84.0 19 -1 -1 7b -1 -1 -1 7f -1 8 -1
1 1 0 24.6 84.0 17 -1 -1 7b -1 -1 -1 7f -1 8 -1
1 1 0 24.7 83.5 17 -1 -1 7b -1 -1 -1 7f -1 8 -1
1 1 0 24.7 83.5 17 -1 -1 7b -1 -1 -1 7f -1 8 -1
1 1 0 24.6 83.5 17 -1 -1 7b -1 -1 -1 7f -1 8 -1
1 1 0 24.7 83.5 17 -1 -1 7b -1 -1 -1 7f -1 8 -1
1 1 0 24.7 83.5 17 -1 -1 7b -1 -1 -1 7f -1 8 -1
1 1 0 24.7 83.5 17 -1 -1 7b -1 -1 -1 7f -1 8 -1
1 1 0 24.6 83.5 19 -1 -1 7b -1 -1 -1 7f -1 8 -1
1 1 0 24.7 83.5 19 -1 -1 7b -1 -1 -1 7f -1 8 -1
1 1 0 24.7 83.5 19 -1 -1 7b -1 -1 -1 7f -1 8 -1
1 1 0 24.8 83.0 19 -1 -1 7b -1 -1 -1 7f -1 8 -1
1 1 0 24.7 83.0 19 -1 -1 7b -1 -1 -1 7f -1 8 -1
1 1 0 24.7 83.5 19 -1 -1 7b -1 -1 -1 7f -1 8 -1
1 1 0 24.8 83.0 19 -1 -1 7b -1 -1 -1 7f -1 8 -1
1 1 0 24.7 83.0 21 -1 -1 7b -1 -1 -1 7f -1 8 -1
1 1 0 24.7 83.5 21 -1 -1 7b -1 -1 -1 7f -1 8 -1
1 1 0 24.7 83.5 19 -1 -1 7b -1 -1 -1 7f -1 8 -1
1 1 0 24.7 83.5 19 -1 -1 7b -1 -1 -1 7f -1 8 -1
1 1 0 24.7 83.5 19 -1 -1 7b -1 -1 -1 7f -1 8 -1
1 1 0 24.8 83.5 17 -1 -1 7b -1 -1 -1 7f -1 8 -1
1 1 0 24.7 83.5 17 -1 -1 7b -1 -1 -1 7f -1 8 -1
1 1 0 24.7 83.0 17 -1 -1 7b -1 -1 -1 7f -1 8 -1
1 1 0 24.8 83.5 17 -1 -1 7b -1 -1 -1 7f -1 8 -1
1 1 0 24.8 83.5 17 -1 -1 7b -1 -1 -1 7f -1 8 -1
1 1 0 24.8 84.0 17 -1 -1 7b -1 -1 -1 7f -1 8 -1
1 1 0 24.8 84.0 17 -1 -1 7b -1 -1 -1 7f -1 8 -1
1 1 0 24.7 84.5 17 -1 -1 7b -1 -1 -1 7f -1 8 -1
1 1 0 24.8 84.5 17 -1 -1 7b -1 -1 -1 7f -1 8 -1
1 1 0 24.8 84.0 17 -1 -1 7b -1 -1 -1 7f -1 8 -1
1 1 0 24.8 84.0 17 -1 -1 7b -1 -1 -1 7f -1 8 -1
1 1 0 24.8 84.5 17 -1 -1 7b -1 -1 -1 7f -1 8 -1
1 1 0 24.8 84.5 17 -1 -1 7b -1 -1 -1 7f -1 8 -1
1 1 0 24.7 84.5 17 -1 -1 7b -1 -1 -1 7f -1 8 -1
1 1 0 24.8 84.5 17 -1 -1 7b -1 -1 -1 7f -1 8 -1
1 1 0 24.8 84.5 17 -1 -1 7b -1 -1 -1 7f -1 8 -1
1 1 0 24.7 84.5 17 -1 -1 7b -1 -1 -1 7f -1 8 -1
1 1 0 24.8 84.0 19 -1 -1 7b -1 -1 -1 7f -1 8 -1
1 1 0 24.8 84.5 19 -1 -1 7b -1 -1 -1 7f -1 8 -1
1 1 0 24.8 84.0 21 -1 -1 7b -1 -1 -1 7f -1 8 -1
1 1 0 24.8 84.5 21 -1 -1 7b -1 -1 -1 7f -1 8 -1
1 1 0 24.9 84.5 9 -1 -1 7b -1 -1 -1 7f -1 8 -1
1 1 0 24.8 84.5 13 -1 -1 7b -1 -1 -1 7f -1 8 -1
1 1 0 24.8 84.0 11 -1 -1 7b -1 -1 -1 7f -1 8 -1
1 1 0 24.8 84.5 11 -1 -1 7b -1 -1 -1 7f -1 8 -1
1 1 0 24.8 84.5 11 -1 -1 7b -1 -1 -1 7f -1 8 -1
1 1 0 24.7 85.0 9 -1 -1 7b -1 -1 -1 7f -1 8 -1
1 1 0 24.8 85.0 11 -1 -1 7b -1 -1 -1 7f -1 8 -1
1 1 0 24.7 85.0 11 -1 -1 7b -1 -1 -1 7f -1 8 -1
1 1 0 24.8 85.0 11 -1 -1 7b -1 -1 -1 7f -1 8 -1
1 1 0 24.7 85.0 11 -1 -1 7b -1 -1 -1 7f -1 8 -1
1 1 0 24.8 85.0 11 -1 -1 7b -1 -1 -1 7f -1 8 -1
1 1 0 24.8 85.0 11 -1 -1 7b -1 -1 -1 7f -1 8 -1
1 1 0 24.8 85.0 11 -1 -1 7b -1 -1 -1 7f -1 8 -1
1 1 0 24.7 84.5 11 -1 -1 7b -1 -1 -1 7f -1 8 -1
1 1 0 24.8 84.5 11 -1 -1 7b -1 -1 -1 7f -1 8 -1
1 1 0 24.7 84.5 11 -1 -1 7b -1 -1 -1 7f -1 8 -1
1 1 0 24.8 84.5 11 -1 -1 7b -1 -1 -1 7f -1 8 -1
1 1 0 24.8 84.5 11 -1 -1 7b -1 -1 -1 7f -1 8 -1
1 1 0 24.8 84.5 13 -1 -1 7b -1 -1 -1 7f -1 8 -1
1 1 0 24.8 84.5 9 -1 -1 7b -1 -1 -1 7f -1 8 -1
1 1 0 24.8 84.5 11 -1 -1 7b -1 -1 -1 7f -1 8 -1
1 1 0 24.8 85.0 9 -1 -1 7b -1 -1 -1 7f -1 8 -1
1 1 0 24.8 85.0 13 -1 -1 7b -1 -1 -1 7f -1 8 -1
1 1 0 24.8 84.5 11 -1 -1 7b -1 -1 -1 7f -1 8 -1
1 1 0 24.8 85.0 11 -1 -1 7b -1 -1 -1 7f -1 8 -1
1 1 0 24.8 85.0 11 -1 -1 7b -1 -1 -1 7f -1 8 -1
1 1 0 24.7 85.0 11 -1 -1 7b -1 -1 -1 7f -1 8 -1
1 1 0 24.8 85.0 9 -1 -1 7b -1 -1 -1 7f -1 8 -1
1 1 0 24.8 85.0 9 -1 -1 7b -1 -1 -1 7f -1 8 -1
1 1 0 24.8 85.0 11 -1 -1 7b -1 -1 -1 7f -1 8 -1
1 1 0 24.8 85.0 11 -1 -1 7b -1 -1 -1 7f -1 8 -1
1 1 0 24.8 85.0 11 -1 -1 7b -1 -1 -1 7f -1 8 -1
1 1 0 24.8 85.0 11 -1 -1 7b -1 -1 -1 7f -1 8 -1
1 1 0 24.8 85.0 11 -1 -1 7b -1 -1 -1 7f -1 8 -1
1 1 0 24.8 85.0 11 -1 -1 7b -1 -1 -1 7f -1 8 -1
1 1 0 24.8 85.0 11 -1 -1 7b -1 -1 -1 7f -1 8 -1
1 1 0 24.8 85.0 11 -1 -1 7b -1 -1 -1 7f -1 8 -1
1 1 0 24.8 85.0 11 -1 -1 7b -1 -1 -1 7f -1 8 -1
1 1 0 24.8 84.5 11 -1 -1 7b -1 -1 -1 7f -1 8 -1
1 1 0 24.7 84.5 9 -1 -1 7b -1 -1 -1 7f -1 8 -1
1 1 0 24.9 84.5 11 -1 -1 7b -1 -1 -1 7f -1 8 -1
1 1 0 24.8 84.5 11 -1 -1 7b -1 -1 -1 7f -1 8 -1
1 1 0 24.8 84.5 11 -1 -1 7b -1 -1 -1 7f -1 8 -1
1 1 0 24.9 84.5 11 -1 -1 7b -1 -1 -1 7f -1 8 -1
1 1 0 24.8 84.5 11 -1 -1 7b -1 -1 -1 7f -1 8 -1
1 1 0 24.8 84.5 11 -1 -1 7b -1 -1 -1 7f -1 8 -1
1 1 0 24.8 84.5 11 -1 -1 7b -1 -1 -1 7f -1 8 -1
1 1 0 24.8 84.0 11 -1 -1 7b -1 -1 -1 7f -1 8 -1
1 1 0 24.8 84.0 11 -1 -1 7b -1 -1 -1 7f -1 8 -1
1 1 0 24.8 84.0 11 -1 -1 7b -1 -1 -1 7f -1 8 -1
1 1 0 24.8 84.0 11 -1 -1 7b -1 -1 -1 7f -1 8 -1
1 1 0 24.8 84.0 11 -1 -1 7b -1 -1 -1 7f -1 8 -1
1 1 0 24.8 84.0 11 -1 -1 7b -1 -1 -1 7f -1 8 -1
1 1 0 24.8 84.5 11 -1 -1 7b -1 -1 -1 7f -1 8 -1
1 1 0 24.8 84.5 11 -1 -1 7b -1 -1 -1 7f -1 8 -1
1 1 0 24.7 84.0 11 -1 -1 7b -1 -1 -1 7f -1 8 -1
1 1 0 24.8 84.0 11 -1 -1 7b -1 -1 -1 7f -1 8 -1
1 1 0 24.8 84.0 13 -1 -1 7b -1 -1 -1 7f -1 8 -1
1 1 0 24.8 84.0 13 -1 -1 7b -1 -1 -1 7f -1 8 -1
1 1 0 24.8 84.5 11 -1 -1 7b -1 -1 -1 7f -1 8 -1
1 1 0 24.8 84.5 11 -1 -1 7b -1 -1 -1 7f -1 8 -1
1 1 0 24.9 84.5 13 -1 -1 7b -1 -1 -1 7f -1 8 -1
1 1 0 24.8 85.0 13 -1 -1 7b -1 -1 -1 7f -1 8 -1
1 1 0 24.8 85.0 13 -1 -1 7b -1 -1 -1 7f -1 8 -1
1 1 0 24.8 85.0 11 -1 -1 7b -1 -1 -1 7f -1 8 -1
1 1 0 24.8 84.5 11 -1 -1 7b -1 -1 -1 7f -1 8 -1
1 1 0 24.8 84.5 9 -1 -1 7b -1 -1 -1 7f -1 8 -1
1 1 0 24.8 84.0 9 -1 -1 7b -1 -1 -1 7f -1 8 -1
1 1 0 24.8 83.5 9 -1 -1 7b -1 -1 -1 7f -1 8 -1
1 1 0 24.8 84.0 9 -1 -1 7b -1 -1 -1 7f -1 8 -1
1 1 0 24.8 84.0 9 -1 -1 7b -1 -1 -1 7f -1 8 -1
1 1 0 24.8 84.0 9 -1 -1 7b -1 -1 -1 7f -1 8 -1
1 1 0 24.8 84.0 9 -1 -1 7b -1 -1 -1 7f -1 8 -1
1 1 0 24.9 83.5 9 -1 -1 7b -1 -1 -1 7f -1 8 -1
1 1 0 24.8 83.5 11 -1 -1 7b -1 -1 -1 7f -1 8 -1
1 1 0 24.8 83.5 11 -1 -1 7b -1 -1 -1 7f -1 8 -1
1 1 0 24.8 83.5 11 -1 -1 7b -1 -1 -1 7f -1 8 -1
1 1 0 24.8 83.5 13 -1 -1 7b -1 -1 -1 7f -1 8 -1
1 1 0 24.8 83.5 11 -1 -1 7b -1 -1 -1 7f -1 8 -1
1 1 0 24.8 83.5 13 -1 -1 7b -1 -1 -1 7f -1 8 -1
1 1 0 24.8 83.5 13 -1 -1 7b -1 -1 -1 7f -1 8 -1
1 1 0 24.8 83.5 13 -1 -1 7b -1 -1 -1 7f -1 8 -1
1 1 0 24.8 83.0 13 -1 -1 7b -1 -1 -1 7f -1 8 -1
1 1 0 24.8 83.0 13 -1 -1 7b -1 -1 -1 7f -1 8 -1
1 1 0 24.8 83.0 13 -1 -1 7b -1 -1 -1 7f -1 8 -1
1 1 0 24.9 83.0 13 -1 -1 7b -1 -1 -1 7f -1 8 -1
1 1 0 24.8 83.5 13 -1 -1 7b -1 -1 -1 7f -1 8 -1
1 1 0 24.8 83.5 13 -1 -1 7b -1 -1 -1 7f -1 8 -1
1 1 0 24.8 83.0 13 -1 -1 7b -1 -1 -1 7f -1 8 -1
1 1 0 24.9 83.0 15 -1 -1 7b -1 -1 -1 7f -1 8 -1
1 1 0 24.8 83.0 11 -1 -1 7b -1 -1 -1 7f -1 8 -1
1 1 0 24.8 83.0 13 -1 -1 7b -1 -1 -1 7f -1 8 -1
1 1 0 24.9 83.0 13 -1 -1 7b -1 -1 -1 7f -1 8 -1
1 1 0 24.8 83.5 15 -1 -1 7b -1 -1 -1 7f -1 8 -1
1 1 0 24.8 83.5 15 -1 -1 7b -1 -1 -1 7f -1 8 -1
1 1 0 24.8 83.5 15 -1 -1 7b -1 -1 -1 7f -1 8 -1
1 1 0 24.9 83.5 15 -1 -1 7b -1 -1 -1 7f -1 8 -1
1 1 0 24.9 83.5 15 -1 -1 7b -1 -1 -1 7f -1 8 -1
1 1 0 24.9 83.5 13 -1 -1 7b -1 -1 -1 7f -1 8 -1
1 1 0 24.8 83.5 13 -1 -1 7b -1 -1 -1 7f -1 8 -1
1 1 0 24.9 83.5 15 -1 -1 7b -1 -1 -1 7f -1 8 -1
1 1 0 24.9 84.0 15 -1 -1 7b -1 -1 -1 7f -1 8 -1
1 1 0 24.9 84.0 15 -1 -1 7b -1 -1 -1 7f -1 8 -1
1 1 0 24.9 84.0 15 -1 -1 7b -1 -1 -1 7f -1 8 -1
1 1 0 24.9 84.0 15 -1 -1 7b -1 -1 -1 7f -1 8 -1
1 1 0 24.8 84.0 15 -1 -1 7b -1 -1 -1 7f -1 8 -1
1 1 0 24.9 84.0 15 -1 -1 7b -1 -1 -1 7f -1 8 -1
1 1 0 24.9 83.5 15 -1 -1 7b -1 -1 -1 7f -1 8 -1
1 1 0 24.9 83.5 13 -1 -1 7b -1 -1 -1 7f -1 8 -1
1 1 0 24.9 83.5 13 -1 -1 7b -1 -1 -1 7f -1 8 -1
1 1 0 24.9 83.5 13 -1 -1 7b -1 -1 -1 7f -1 8 -1
1 1 0 24.8 83.5 13 -1 -1 7b -1 -1 -1 7f -1 8 -1
1 1 0 24.9 83.5 13 -1 -1 7b -1 -1 -1 7f -1 8 -1
1 1 0 24.8 83.5 13 -1 -1 7b -1 -1 -1 7f -1 8 -1
1 1 0 24.9 83.5 13 -1 -1 7b -1 -1 -1 7f -1 8 -1
1 1 0 24.9 83.5 11 -1 -1 7b -1 -1 -1 7f -1 8 -1
1 1 0 24.8 83.5 13 -1 -1 7b -1 -1 -1 7f -1 8 -1
1 1 0 24.9 83.5 13 -1 -1 7b -1 -1 -1 7f -1 8 -1
1 1 0 24.8 83.5 13 -1 -1 7b -1 -1 -1 7f -1 8 -1
1 1 0 24.9 83.5 11 -1 -1 7b -1 -1 -1 7f -1 8 -1
1 1 0 24.8 83.5 15 -1 -1 7b -1 -1 -1 7f -1 8 -1
1 1 0 24.8 83.5 15 -1 -1 7b -1 -1 -1 7f -1 8 -1
1 1 0 24.8 83.5 13 -1 -1 7b -1 -1 -1 7f -1 8 -1
1 1 0 24.8 83.5 13 -1 -1 7b -1 -1 -1 7f -1 8 -1
1 1 0 24.8 83.5 13 -1 -1 7b -1 -1 -1 7f -1 8 -1
1 1 0 24.8 83.0 13 -1 -1 7b -1 -1 -1 7f -1 8 -1
1 1 0 24.8 83.0 13 -1 -1 7b -1 -1 -1 7f -1 8 -1
1 1 0 24.8 83.5 13 -1 -1 7b -1 -1 -1 7f -1 8 -1
1 1 0 24.8 83.5 11 -1 -1 7b -1 -1 -1 7f -1 8 -1
1 1 0 24.8 82.5 13 -1 -1 7b -1 -1 -1 7f -1 8 -1
1 1 0 24.8 82.5 15 -1 -1 7b -1 -1 -1 7f -1 8 -1
1 1 0 24.9 83.0 15 -1 -1 7b -1 -1 -1 7f -1 8 -1
1 1 0 24.8 83.5 15 -1 -1 7b -1 -1 -1 7f -1 8 -1
1 1 0 24.9 82.5 13 -1 -1 7b -1 -1 -1 7f -1 8 -1
1 1 0 24.8 82.5 15 -1 -1 7b -1 -1 -1 7f -1 8 -1
1 1 0 24.8 82.5 13 -1 -1 7b -1 -1 -1 7f -1 8 -1
1 1 0 24.8 82.0 13 -1 -1 7b -1 -1 -1 7f -1 8 -1
1 1 0 24.8 81.0 11 -1 -1 7b -1 -1 -1 7f -1 8 -1
1 1 0 24.9 81.5 11 -1 -1 7b -1 -1 -1 7f -1 8 -1
1 1 0 24.8 82.0 11 -1 -1 7b -1 -1 -1 7f -1 8 -1
1 1 0 24.9 82.0 9 -1 -1 7b -1 -1 -1 7f -1 8 -1
1 1 0 24.8 82.5 13 -1 -1 7b -1 -1 -1 7f -1 8 -1
1 1 0 24.9 82.5 11 -1 -1 7b -1 -1 -1 7f -1 8 -1
1 1 0 24.8 82.0 13 -1 -1 7b -1 -1 -1 7f -1 8 -1
1 1 0 24.9 82.5 13 -1 -1 7b -1 -1 -1 7f -1 8 -1
1 1 0 24.9 82.5 9 -1 -1 7b -1 -1 -1 7f -1 8 -1
1 1 0 24.8 82.0 9 -1 -1 7b -1 -1 -1 7f -1 8 -1
1 1 0 24.9 81.5 13 -1 -1 7b -1 -1 -1 7f -1 8 -1
1 1 0 24.8 81.0 13 -1 -1 7b -1 -1 -1 7f -1 8 -1
1 1 0 24.8 81.5 13 -1 -1 7b -1 -1 -1 7f -1 8 -1
1 1 0 24.9 81.5 13 -1 -1 7b -1 -1 -1 7f -1 8 -1
1 1 0 24.8 81.0 13 -1 -1 7b -1 -1 -1 7f -1 8 -1
1 1 0 24.8 81.0 11 -1 -1 7b -1 -1 -1 7f -1 8 -1
1 1 0 24.9 81.5 11 -1 -1 7b -1 -1 -1 7f -1 8 -1
1 1 0 24.8 81.5 11 -1 -1 7b -1 -1 -1 7f -1 8 -1
1 1 0 24.9 81.5 9 -1 -1 7b -1 -1 -1 7f -1 8 -1
1 1 0 24.8 82.0 9 -1 -1 7b -1 -1 -1 7f -1 8 -1
1 1 0 24.9 82.5 9 -1 -1 7b -1 -1 -1 7f -1 8 -1
1 1 0 24.9 82.5 9 -1 -1 7b -1 -1 -1 7f -1 8 -1
1 1 0 24.8 82.0 9 -1 -1 7b -1 -1 -1 7f -1 8 -1
1 1 0 24.8 81.0 9 -1 -1 7b -1 -1 -1 7f -1 8 -1
1 1 0 24.8 81.0 9 -1 -1 7b -1 -1 -1 7f -1 8 -1
1 1 0 24.8 81.5 11 -1 -1 7b -1 -1 -1 7f -1 8 -1
1 1 0 24.9 82.5 11 -1 -1 7b -1 -1 -1 7f -1 8 -1
1 1 0 24.8 83.0 11 -1 -1 7b -1 -1 -1 7f -1 8 -1
1 1 0 24.8 83.5 11 -1 -1 7b -1 -1 -1 7f -1 8 -1
1 1 0 24.9 83.5 11 -1 -1 7b -1 -1 -1 7f -1 8 -1
1 1 0 24.8 83.0 11 -1 -1 7b -1 -1 -1 7f -1 8 -1
1 1 0 24.8 82.5 9 -1 -1 7b -1 -1 -1 7f -1 8 -1
1 1 0 24.8 82.0 9 -1 -1 7b -1 -1 -1 7f -1 8 -1
1 1 0 24.8 81.5 9 -1 -1 7b -1 -1 -1 7f -1 8 -1
1 1 0 24.8 81.0 9 -1 -1 7b -1 -1 -1 7f -1 8 -1
1 1 0 24.7 81.0 9 -1 -1 7b -1 -1 -1 7f -1 8 -1
1 1 0 24.8 81.0 9 -1 -1 7b -1 -1 -1 7f -1 8 -1
1 1 0 24.8 80.5 6 -1 -1 7b -1 -1 -1 7f -1 8 -1
1 1 0 24.8 80.0 6 -1 -1 7b -1 -1 -1 7f -1 8 -1
1 1 0 24.7 80.0 6 -1 -1 7b -1 -1 -1 7f -1 8 -1
1 1 0 24.8 79.0 6 -1 -1 7b -1 -1 -1 7f -1 8 -1
1 1 0 24.8 78.5 6 -1 -1 7b -1 -1 -1 7f -1 8 -1
1 1 0 24.8 79.0 6 -1 -1 7b -1 -1 -1 7f -1 8 -1
1 1 0 24.8 79.5 6 -1 -1 7b -1 -1 -1 7f -1 8 -1
1 1 0 24.7 79.0 9 -1 -1 7b -1 -1 -1 7f -1 8 -1
1 1 0 24.8 79.0 9 -1 -1 7b -1 -1 -1 7f -1 8 -1
1 1 0 24.8 81.0 9 -1 -1 7b -1 -1 -1 7f -1 8 -1
1 1 0 24.8 80.0 9 -1 -1 7b -1 -1 -1 7f -1 8 -1
1 1 0 24.7 78.5 9 -1 -1 7b -1 -1 -1 7f -1 8 -1
1 1 0 24.8 79.0 9 -1 -1 7b -1 -1 -1 7f -1 8 -1
1 1 0 24.7 78.0 9 -1 -1 7b -1 -1 -1 7f -1 8 -1
1 1 0 24.7 77.5 9 -1 -1 7b -1 -1 -1 7f -1 8 -1
1 1 0 24.8 78.0 9 -1 -1 7b -1 -1 -1 7f -1 8 -1
1 1 0 24.8 78.0 9 -1 -1 7b -1 -1 -1 7f -1 8 -1
1 1 0 24.8 78.5 9 -1 -1 7b -1 -1 -1 7f -1 8 -1
1 1 0 24.8 78.5 9 -1 -1 7b -1 -1 -1 7f -1 8 -1
1 1 0 24.8 79.5 9 -1 -1 7b -1 -1 -1 7f -1 8 -1
1 1 0 24.8 80.0 9 -1 -1 7b -1 -1 -1 7f -1 8 -1
1 1 0 24.8 80.5 9 -1 -1 7b -1 -1 -1 7f -1 8 -1
1 1 0 24.8 80.0 9 -1 -1 7b -1 -1 -1 7f -1 8 -1
1 1 0 24.8 80.5 11 -1 -1 7b -1 -1 -1 7f -1 8 -1
1 1 0 24.8 81.5 11 -1 -1 7b -1 -1 -1 7f -1 8 -1
1 1 0 24.8 82.5 11 -1 -1 7b -1 -1 -1 7f -1 8 -1
1 1 0 24.7 82.0 11 -1 -1 7b -1 -1 -1 7f -1 8 -1
1 1 0 24.8 81.5 11 -1 -1 7b -1 -1 -1 7f -1 8 -1
1 1 0 24.8 81.0 11 -1 -1 7b -1 -1 -1 7f -1 8 -1
1 1 0 24.8 81.0 11 -1 -1 7b -1 -1 -1 7f -1 8 -1
1 1 0 24.8 80.5 11 -1 -1 7b -1 -1 -1 7f -1 8 -1
1 1 0 24.8 81.0 11 -1 -1 7b -1 -1 -1 7f -1 8 -1
1 1 0 24.8 81.5 11 -1 -1 7b -1 -1 -1 7f -1 8 -1
1 1 0 24.8 81.5 11 -1 -1 7b -1 -1 -1 7f -1 8 -1
1 1 0 24.8 81.5 11 -1 -1 7b -1 -1 -1 7f -1 8 -1
1 1 0 24.8 81.5 11 -1 -1 7b -1 -1 -1 7f -1 8 -1
1 1 0 24.9 81.5 9 -1 -1 7b -1 -1 -1 7f -1 8 -1
1 1 0 24.8 81.5 9 -1 -1 7b -1 -1 -1 7f -1 8 -1
1 1 0 24.8 82.0 9 -1 -1 7b -1 -1 -1 7f -1 8 -1
1 1 0 24.8 82.5 9 -1 -1 7b -1 -1 -1 7f -1 8 -1
1 1 0 24.9 82.0 9 -1 -1 7b -1 -1 -1 7f -1 8 -1
1 1 0 24.9 82.0 9 -1 -1 7b -1 -1 -1 7f -1 8 -1
1 1 0 24.9 82.5 9 -1 -1 7b -1 -1 -1 7f -1 8 -1
1 1 0 24.9 83.0 6 -1 -1 7b -1 -1 -1 7f -1 8 -1
1 1 0 24.8 83.0 6 -1 -1 7b -1 -1 -1 7f -1 8 -1
1 1 0 24.8 83.0 6 -1 -1 7b -1 -1 -1 7f -1 8 -1
1 1 0 24.8 83.0 6 -1 -1 7b -1 -1 -1 7f -1 8 -1
1 1 0 24.9 83.5 6 -1 -1 7b -1 -1 -1 7f -1 8 -1
1 1 0 24.9 83.5 6 -1 -1 7b -1 -1 -1 7f -1 8 -1
1 1 0 24.9 83.5 6 -1 -1 7b -1 -1 -1 7f -1 8 -1
1 1 0 24.8 84.0 6 -1 -1 7b -1 -1 -1 7f -1 8 -1
1 1 0 24.8 84.0 6 -1 -1 7b -1 -1 -1 7f -1 8 -1
1 1 0 24.9 84.5 6 -1 -1 7b -1 -1 -1 7f -1 8 -1
1 1 0 24.8 84.5 6 -1 -1 7b -1 -1 -1 7f -1 8 -1
1 1 0 24.8 84.5 10 -1 -1 7b -1 -1 -1 7f -1 8 -1
1 1 0 24.9 84.5 6 -1 -1 7b -1 -1 -1 7f -1 8 -1
1 1 0 24.9 85.0 6 -1 -1 7b -1 -1 -1 7f -1 8 -1
1 1 0 24.9 84.5 6 -1 -1 7b -1 -1 -1 7f -1 8 -1
1 1 0 24.9 85.0 6 -1 -1 7b -1 -1 -1 7f -1 8 -1
1 1 0 24.9 85.5 6 -1 -1 7b -1 -1 -1 7f -1 8 -1
1 1 0 24.8 85.5 6 -1 -1 7b -1 -1 -1 7f -1 8 -1
1 1 0 24.9 85.5 6 -1 -1 7b -1 -1 -1 7f -1 8 -1
1 1 0 24.8 85.0 6 -1 -1 7b -1 -1 -1 7f -1 8 -1
1 1 0 24.8 84.5 6 -1 -1 7b -1 -1 -1 7f -1 8 -1
1 1 0 24.9 84.5 6 -1 -1 7b -1 -1 -1 7f -1 8 -1
1 1 0 24.9 84.5 6 -1 -1 7b -1 -1 -1 7f -1 8 -1
1 1 0 24.8 84.5 6 -1 -1 7b -1 -1 -1 7f -1 8 -1
1 1 0 24.9 84.5 6 -1 -1 7b -1 -1 -1 7f -1 8 -1
1 1 0 24.9 84.0 10 -1 -1 7b -1 -1 -1 7f -1 8 -1
1 1 0 24.9 84.0 10 -1 -1 7b -1 -1 -1 7f -1 8 -1
1 1 0 24.8 84.0 10 -1 -1 7b -1 -1 -1 7f -1 8 -1
1 1 0 24.9 84.0 10 -1 -1 7b -1 -1 -1 7f -1 8 -1
1 1 0 24.9 84.0 10 -1 -1 7b -1 -1 -1 7f -1 8 -1
1 1 0 24.8 83.5 10 -1 -1 7b -1 -1 -1 7f -1 8 -1
1 1 0 24.9 83.5 10 -1 -1 7b -1 -1 -1 7f -1 8 -1
1 1 0 24.9 84.0 10 -1 -1 7b -1 -1 -1 7f -1 8 -1
1 1 0 24.9 84.0 10 -1 -1 7b -1 -1 -1 7f -1 8 -1
1 1 0 24.9 84.5 10 -1 -1 7b -1 -1 -1 7f -1 8 -1
1 1 0 24.9 84.5 10 -1 -1 7b -1 -1 -1 7f -1 8 -1
1 1 0 24.9 84.5 10 -1 -1 7b -1 -1 -1 7f -1 8 -1
1 1 0 24.8 84.0 10 -1 -1 7b -1 -1 -1 7f -1 8 -1
1 1 0 24.9 84.0 10 -1 -1 7b -1 -1 -1 7f -1 8 -1
1 1 0 24.9 84.0 10 -1 -1 7b -1 -1 -1 7f -1 8 -1
1 1 0 24.9 84.0 10 -1 -1 7b -1 -1 -1 7f -1 8 -1
1 1 0 24.9 84.5 10 -1 -1 7b -1 -1 -1 7f -1 8 -1
1 1 0 24.9 84.0 10 -1 -1 7b -1 -1 -1 7f -1 8 -1
1 1 0 24.9 84.0 10 -1 -1 7b -1 -1 -1 7f -1 8 -1
1 1 0 24.9 84.0 10 -1 -1 7b -1 -1 -1 7f -1 8 -1
1 1 0 24.9 84.0 10 -1 -1 7b -1 -1 -1 7f -1 8 -1
1 1 0 24.9 84.0 10 -1 -1 7b -1 -1 -1 7f -1 8 -1
1 1 0 24.9 84.0 8 -1 -1 7b -1 -1 -1 7f -1 8 -1
1 1 0 24.9 84.0 8 -1 -1 7b -1 -1 -1 7f -1 8 -1
1 1 0 25.0 84.0 10 -1 -1 7b -1 -1 -1 7f -1 8 -1
1 1 0 25.0 84.0 10 -1 -1 7b -1 -1 -1 7f -1 8 -1
1 1 0 24.9 84.0 8 -1 -1 7b -1 -1 -1 7f -1 8 -1
1 1 0 24.9 84.0 8 -1 -1 7b -1 -1 -1 7f -1 8 -1
1 1 0 24.9 84.0 8 -1 -1 7b -1 -1 -1 7f -1 8 -1
1 1 0 25.0 84.0 8 -1 -1 7b -1 -1 -1 7f -1 8 -1
1 1 0 24.9 84.0 8 -1 -1 7b -1 -1 -1 7f -1 8 -1
1 1 0 25.0 84.5 8 -1 -1 7b -1 -1 -1 7f -1 8 -1
1 1 0 24.9 84.5 8 -1 -1 7b -1 -1 -1 7f -1 8 -1
1 1 0 24.9 84.5 8 -1 -1 7b -1 -1 -1 7f -1 8 -1
1 1 0 24.9 84.0 8 -1 -1 7b -1 -1 -1 7f -1 8 -1
1 1 0 25.0 84.0 10 -1 -1 7b -1 -1 -1 7f -1 8 -1
1 1 0 24.9 84.0 11 -1 -1 7b -1 -1 -1 7f -1 8 -1
1 1 0 24.9 84.0 11 -1 -1 7b -1 -1 -1 7f -1 8 -1
1 1 0 25.0 84.5 11 -1 -1 7b -1 -1 -1 7f -1 8 -1
1 1 0 25.0 84.5 11 -1 -1 7b -1 -1 -1 7f -1 8 -1
1 1 0 24.9 84.5 11 -1 -1 7b -1 -1 -1 7f -1 8 -1
1 1 0 25.0 84.0 11 -1 -1 7b -1 -1 -1 7f -1 8 -1
1 1 0 25.0 84.0 11 -1 -1 7b -1 -1 -1 7f -1 8 -1
1 1 0 25.0 84.0 11 -1 -1 7b -1 -1 -1 7f -1 8 -1
1 1 0 24.9 84.0 11 -1 -1 7b -1 -1 -1 7f -1 8 -1
1 1 0 25.0 84.0 11 -1 -1 7b -1 -1 -1 7f -1 8 -1
1 1 0 24.9 84.0 11 -1 -1 7b -1 -1 -1 7f -1 8 -1
1 1 0 25.0 83.5 14 -1 -1 7b -1 -1 -1 7f -1 8 -1
1 1 0 24.9 83.5 11 -1 -1 7b -1 -1 -1 7f -1 8 -1
1 1 0 25.0 84.0 14 -1 -1 7b -1 -1 -1 7f -1 8 -1
1 1 0 25.0 84.0 14 -1 -1 7b -1 -1 -1 7f -1 8 -1
1 1 0 25.0 84.0 14 -1 -1 7b -1 -1 -1 7f -1 8 -1
1 1 0 25.0 83.5 14 -1 -1 7b -1 -1 -1 7f -1 8 -1
1 1 0 25.0 83.5 14 -1 -1 7b -1 -1 -1 7f -1 8 -1
1 1 0 25.0 84.0 14 -1 -1 7b -1 -1 -1 7f -1 8 -1
1 1 0 25.0 84.0 14 -1 -1 7b -1 -1 -1 7f -1 8 -1
1 1 0 25.0 84.5 14 -1 -1 7b -1 -1 -1 7f -1 8 -1
1 1 0 25.0 84.5 14 -1 -1 7b -1 -1 -1 7f -1 8 -1
1 1 0 24.9 84.5 14 -1 -1 7b -1 -1 -1 7f -1 8 -1
1 1 0 25.0 84.5 14 -1 -1 7b -1 -1 -1 7f -1 8 -1
1 1 0 25.0 84.5 14 -1 -1 7b -1 -1 -1 7f -1 8 -1
1 1 0 24.9 84.5 14 -1 -1 7b -1 -1 -1 7f -1 8 -1
1 1 0 25.0 84.5 14 -1 -1 7b -1 -1 -1 7f -1 8 -1
1 1 0 25.0 85.0 14 -1 -1 7b -1 -1 -1 7f -1 8 -1
1 1 0 25.0 85.0 14 -1 -1 7b -1 -1 -1 7f -1 8 -1
1 1 0 25.0 85.0 14 -1 -1 7b -1 -1 -1 7f -1 8 -1
1 1 0 25.0 85.0 14 -1 -1 7b -1 -1 -1 7f -1 8 -1
1 1 0 24.9 84.5 12 -1 -1 7b -1 -1 -1 7f -1 8 -1
1 1 0 25.0 84.5 12 -1 -1 7b -1 -1 -1 7f -1 8 -1
1 1 0 24.9 84.5 12 -1 -1 7b -1 -1 -1 7f -1 8 -1
1 1 0 25.0 84.5 12 -1 -1 7b -1 -1 -1 7f -1 8 -1
1 1 0 25.0 85.0 12 -1 -1 7b -1 -1 -1 7f -1 8 -1
1 1 0 24.9 85.0 12 -1 -1 7b -1 -1 -1 7f -1 8 -1
1 1 0 24.9 85.0 12 -1 -1 7b -1 -1 -1 7f -1 8 -1
1 1 0 24.9 85.0 12 -1 -1 7b -1 -1 -1 7f -1 8 -1
1 1 0 24.9 85.0 12 -1 -1 7b -1 -1 -1 7f -1 8 -1
1 1 0 24.9 84.5 12 -1 -1 7b -1 -1 -1 7f -1 8 -1
1 1 0 25.0 84.5 12 -1 -1 7b -1 -1 -1 7f -1 8 -1
1 1 0 25.0 85.0 12 -1 -1 7b -1 -1 -1 7f -1 8 -1
1 1 0 24.9 85.0 12 -1 -1 7b -1 -1 -1 7f -1 8 -1
1 1 0 25.0 85.0 12 -1 -1 7b -1 -1 -1 7f -1 8 -1
1 1 0 25.0 85.0 12 -1 -1 7b -1 -1 -1 7f -1 8 -1
1 1 0 24.9 84.5 12 -1 -1 7b -1 -1 -1 7f -1 8 -1
1 1 0 24.9 84.5 12 -1 -1 7b -1 -1 -1 7f -1 8 -1
1 1 0 24.9 84.5 12 -1 -1 7b -1 -1 -1 7f -1 8 -1
1 1 0 24.9 84.5 12 -1 -1 7b -1 -1 -1 7f -1 8 -1
1 1 0 25.0 84.0 12 -1 -1 7b -1 -1 -1 7f -1 8 -1
1 1 0 24.9 84.0 12 -1 -1 7b -1 -1 -1 7f -1 8 -1
1 1 0 24.9 84.0 12 -1 -1 7b -1 -1 -1 7f -1 8 -1
1 1 0 24.9 84.0 12 -1 -1 7b -1 -1 -1 7f -1 8 -1
1 1 0 25.0 84.0 12 -1 -1 7b -1 -1 -1 7f -1 8 -1
1 1 0 24.9 84.0 12 -1 -1 7b -1 -1 -1 7f -1 8 -1
1 1 0 24.9 84.0 12 -1 -1 7b -1 -1 -1 7f -1 8 -1
1 1 0 25.0 84.0 12 -1 -1 7b -1 -1 -1 7f -1 8 -1
1 1 0 24.9 84.0 12 -1 -1 7b -1 -1 -1 7f -1 8 -1
1 1 0 24.9 84.0 12 -1 -1 7b -1 -1 -1 7f -1 8 -1
1 1 0 25.0 84.0 12 -1 -1 7b -1 -1 -1 7f -1 8 -1
1 1 0 25.0 84.0 12 -1 -1 7b -1 -1 -1 7f -1 8 -1
1 1 0 25.0 84.0 12 -1 -1 7b -1 -1 -1 7f -1 8 -1
1 1 0 25.0 84.0 12 -1 -1 7b -1 -1 -1 7f -1 8 -1
1 1 0 25.0 84.0 12 -1 -1 7b -1 -1 -1 7f -1 8 -1
1 1 0 25.0 84.0 12 -1 -1 7b -1 -1 -1 7f -1 8 -1
1 1 0 25.0 84.0 12 -1 -1 7b -1 -1 -1 7f -1 8 -1
1 1 0 25.0 84.0 12 -1 -1 7b -1 -1 -1 7f -1 8 -1
1 1 0 25.0 84.0 12 -1 -1 7b -1 -1 -1 7f -1 8 -1
1 1 0 25.0 84.0 12 -1 -1 7b -1 -1 -1 7f -1 8 -1
1 1 0 25.0 84.0 12 -1 -1 7b -1 -1 -1 7f -1 8 -1
1 1 0 25.0 84.0 12 -1 -1 7b -1 -1 -1 7f -1 8 -1
1 1 0 25.0 84.0 12 -1 -1 7b -1 -1 -1 7f -1 8 -1
1 1 0 25.0 84.0 12 -1 -1 7b -1 -1 -1 7f -1 8 -1
1 1 0 25.1 84.0 12 -1 -1 7b -1 -1 -1 7f -1 8 -1
1 1 0 25.0 84.0 12 -1 -1 7b -1 -1 -1 7f -1 8 -1
1 1 0 24.9 83.5 12 -1 -1 7b -1 -1 -1 7f -1 8 -1
1 1 0 25.0 83.5 12 -1 -1 7b -1 -1 -1 7f -1 8 -1
1 1 0 25.0 83.5 12 -1 -1 7b -1 -1 -1 7f -1 8 -1
1 1 0 25.0 83.5 12 -1 -1 7b -1 -1 -1 7f -1 8 -1
1 1 0 25.0 84.0 12 -1 -1 7b -1 -1 -1 7f -1 8 -1
1 1 0 25.0 83.5 12 -1 -1 7b -1 -1 -1 7f -1 8 -1
1 1 0 24.9 83.5 12 -1 -1 7b -1 -1 -1 7f -1 8 -1
1 1 0 24.9 83.5 12 -1 -1 7b -1 -1 -1 7f -1 8 -1
1 1 0 25.0 83.0 12 -1 -1 7b -1 -1 -1 7f -1 8 -1
1 1 0 25.0 83.5 12 -1 -1 7b -1 -1 -1 7f -1 8 -1
1 1 0 25.0 84.5 12 -1 -1 7b -1 -1 -1 7f -1 8 -1
1 1 0 25.0 84.5 12 -1 -1 7b -1 -1 -1 7f -1 8 -1
1 1 0 24.9 84.0 12 -1 -1 7b -1 -1 -1 7f -1 8 -1
1 1 0 25.0 83.5 12 -1 -1 7b -1 -1 -1 7f -1 8 -1
1 1 0 25.0 83.5 12 -1 -1 7b -1 -1 -1 7f -1 8 -1
1 1 0 24.9 83.5 12 -1 -1 7b -1 -1 -1 7f -1 8 -1
1 1 0 25.0 83.5 12 -1 -1 7b -1 -1 -1 7f -1 8 -1
1 1 0 25.0 83.5 12 -1 -1 7b -1 -1 -1 7f -1 8 -1
1 1 0 25.0 83.5 12 -1 -1 7b -1 -1 -1 7f -1 8 -1
1 1 0 24.9 83.5 12 -1 -1 7b -1 -1 -1 7f -1 8 -1
1 1 0 25.0 83.5 12 -1 -1 7b -1 -1 -1 7f -1 8 -1
1 1 0 25.0 83.5 12 -1 -1 7b -1 -1 -1 7f -1 8 -1
1 1 0 25.0 83.5 12 -1 -1 7b -1 -1 -1 7f -1 8 -1
1 1 0 25.0 83.5 12 -1 -1 7b -1 -1 -1 7f -1 8 -1
1 1 0 25.0 83.5 12 -1 -1 7b -1 -1 -1 7f -1 8 -1
1 1 0 25.0 83.5 12 -1 -1 7b -1 -1 -1 7f -1 8 -1
1 1 0 25.1 83.5 12 -1 -1 7b -1 -1 -1 7f -1 8 -1
1 1 0 25.0 83.5 12 -1 -1 7b -1 -1 -1 7f -1 8 -1
1 1 0 25.0 83.5 12 -1 -1 7b -1 -1 -1 7f -1 8 -1
1 1 0 25.0 83.5 12 -1 -1 7b -1 -1 -1 7f -1 8 -1
1 1 0 24.9 83.5 12 -1 -1 7b -1 -1 -1 7f -1 8 -1
1 1 0 25.0 84.0 12 -1 -1 7b -1 -1 -1 7f -1 8 -1
1 1 0 25.0 84.0 12 -1 -1 7b -1 -1 -1 7f -1 8 -1
1 1 0 25.0 84.0 12 -1 -1 7b -1 -1 -1 7f -1 8 -1
1 1 0 25.0 84.0 12 -1 -1 7b -1 -1 -1 7f -1 8 -1
1 1 0 25.0 83.5 12 -1 -1 7b -1 -1 -1 7f -1 8 -1
1 1 0 25.1 84.0 12 -1 -1 7b -1 -1 -1 7f -1 8 -1
1 1 0 25.0 83.5 12 -1 -1 7b -1 -1 -1 7f -1 8 -1
1 1 0 25.0 84.0 12 -1 -1 7b -1 -1 -1 7f -1 8 -1
1 1 0 24.9 83.5 12 -1 -1 7b -1 -1 -1 7f -1 8 -1
1 1 0 24.9 83.5 12 -1 -1 7b -1 -1 -1 7f -1 8 -1
1 1 0 24.9 83.0 12 -1 -1 7b -1 -1 -1 7f -1 8 -1
1 1 0 24.9 83.5 12 -1 -1 7b -1 -1 -1 7f -1 8 -1
1 1 0 25.0 83.5 12 -1 -1 7b -1 -1 -1 7f -1 8 -1
1 1 0 24.9 83.5 12 -1 -1 7b -1 -1 -1 7f -1 8 -1
1 1 0 24.9 83.0 12 -1 -1 7b -1 -1 -1 7f -1 8 -1
1 1 0 25.0 83.0 12 -1 -1 7b -1 -1 -1 7f -1 8 -1
1 1 0 24.9 83.0 12 -1 -1 7b -1 -1 -1 7f -1 8 -1
1 1 0 24.9 83.0 12 -1 -1 7b -1 -1 -1 7f -1 8 -1
1 1 0 25.0 83.0 12 -1 -1 7b -1 -1 -1 7f -1 8 -1
1 1 0 25.0 83.0 12 -1 -1 7b -1 -1 -1 7f -1 8 -1
1 1 0 25.0 82.5 12 -1 -1 7b -1 -1 -1 7f -1 8 -1
1 1 0 25.0 82.5 12 -1 -1 7b -1 -1 -1 7f -1 8 -1
1 1 0 24.9 82.5 12 -1 -1 7b -1 -1 -1 7f -1 8 -1
1 1 0 25.0 82.5 12 -1 -1 7b -1 -1 -1 7f -1 8 -1
1 1 0 25.0 82.5 12 -1 -1 7b -1 -1 -1 7f -1 8 -1
1 1 0 25.0 82.5 12 -1 -1 7b -1 -1 -1 7f -1 8 -1
1 1 0 25.0 82.5 12 -1 -1 7b -1 -1 -1 7f -1 8 -1
1 1 0 25.0 82.5 12 -1 -1 7b -1 -1 -1 7f -1 8 -1
1 1 0 25.0 82.5 12 -1 -1 7b -1 -1 -1 7f -1 8 -1
1 1 0 25.0 82.5 12 -1 -1 7b -1 -1 -1 7f -1 8 -1
1 1 0 25.0 82.5 12 -1 -1 7b -1 -1 -1 7f -1 8 -1
1 1 0 25.0 82.5 12 -1 -1 7b -1 -1 -1 7f -1 8 -1
1 1 0 25.0 83.0 12 -1 -1 7b -1 -1 -1 7f -1 8 -1
1 1 0 25.0 83.0 12 -1 -1 7b -1 -1 -1 7f -1 8 -1
1 1 0 25.0 83.0 12 -1 -1 7b -1 -1 -1 7f -1 8 -1
1 1 0 25.0 83.0 12 -1 -1 7b -1 -1 -1 7f -1 8 -1
1 1 0 24.9 83.0 12 -1 -1 7b -1 -1 -1 7f -1 8 -1
1 1 0 25.0 83.0 12 -1 -1 7b -1 -1 -1 7f -1 8 -1
1 1 0 25.0 83.0 12 -1 -1 7b -1 -1 -1 7f -1 8 -1
1 1 0 24.9 82.0 12 -1 -1 7b -1 -1 -1 7f -1 8 -1
1 1 0 24.9 81.5 12 -1 -1 7b -1 -1 -1 7f -1 8 -1
1 1 0 25.0 82.0 12 -1 -1 7b -1 -1 -1 7f -1 8 -1
1 1 0 24.9 82.5 12 -1 -1 7b -1 -1 -1 7f -1 8 -1
1 1 0 24.9 82.5 12 -1 -1 7b -1 -1 -1 7f -1 8 -1
1 1 0 25.0 82.5 12 -1 -1 7b -1 -1 -1 7f -1 8 -1
1 1 0 25.0 82.0 12 -1 -1 7b -1 -1 -1 7f -1 8 -1
1 1 0 24.9 82.0 12 -1 -1 7b -1 -1 -1 7f -1 8 -1
1 1 0 24.9 82.5 12 -1 -1 7b -1 -1 -1 7f -1 8 -1
1 1 0 25.0 82.5 12 -1 -1 7b -1 -1 -1 7f -1 8 -1
1 1 0 24.9 83.0 12 -1 -1 7b -1 -1 -1 7f -1 8 -1
1 1 0 24.9 83.0 12 -1 -1 7b -1 -1 -1 7f -1 8 -1
1 1 0 25.0 83.0 12 -1 -1 7b -1 -1 -1 7f -1 8 -1
1 1 0 24.9 83.0 12 -1 -1 7b -1 -1 -1 7f -1 8 -1
1 1 0 25.0 83.0 12 -1 -1 7b -1 -1 -1 7f -1 8 -1
1 1 0 25.0 83.0 12 -1 -1 7b -1 -1 -1 7f -1 8 -1
1 1 0 24.9 83.0 12 -1 -1 7b -1 -1 -1 7f -1 8 -1
1 1 0 25.0 83.5 12 -1 -1 7b -1 -1 -1 7f -1 8 -1
1 1 0 24.9 83.5 12 -1 -1 7b -1 -1 -1 7f -1 8 -1
1 1 0 25.0 83.5 12 -1 -1 7b -1 -1 -1 7f -1 8 -1
1 1 0 25.0 83.5 12 -1 -1 7b -1 -1 -1 7f -1 8 -1
1 1 0 25.0 83.0 12 -1 -1 7b -1 -1 -1 7f -1 8 -1
1 1 0 25.0 83.0 12 -1 -1 7b -1 -1 -1 7f -1 8 -1
1 1 0 25.0 83.0 12 -1 -1 7b -1 -1 -1 7f -1 8 -1
1 1 0 24.9 83.0 12 -1 -1 7b -1 -1 -1 7f -1 8 -1
1 1 0 25.0 83.0 12 -1 -1 7b -1 -1 -1 7f -1 8 -1
1 1 0 24.9 83.0 12 -1 -1 7b -1 -1 -1 7f -1 8 -1
1 1 0 25.0 83.0 12 -1 -1 7b -1 -1 -1 7f -1 8 -1
1 1 0 24.9 83.0 12 -1 -1 7b -1 -1 -1 7f -1 8 -1
1 1 0 25.0 83.0 12 -1 -1 7b -1 -1 -1 7f -1 8 -1
1 1 0 25.0 83.0 12 -1 -1 7b -1 -1 -1 7f -1 8 -1
1 1 0 25.0 82.5 12 -1 -1 7b -1 -1 -1 7f -1 8 -1
1 1 0 25.0 82.5 12 -1 -1 7b -1 -1 -1 7f -1 8 -1
1 1 0 25.0 83.0 12 -1 -1 7b -1 -1 -1 7f -1 8 -1
1 1 0 25.0 83.5 12 -1 -1 7b -1 -1 -1 7f -1 8 -1
1 1 0 25.0 84.0 12 -1 -1 7b -1 -1 -1 7f -1 8 -1
1 1 0 25.0 84.0 12 -1 -1 7b -1 -1 -1 7f -1 8 -1
1 1 0 25.0 83.5 12 -1 -1 7b -1 -1 -1 7f -1 8 -1
1 1 0 25.0 84.0 12 -1 -1 7b -1 -1 -1 7f -1 8 -1
1 1 0 25.0 83.5 12 -1 -1 7b -1 -1 -1 7f -1 8 -1
1 1 0 25.0 83.5 12 -1 -1 7b -1 -1 -1 7f -1 8 -1
1 1 0 25.0 83.5 12 -1 -1 7b -1 -1 -1 7f -1 8 -1
1 1 0 24.9 83.0 12 -1 -1 7b -1 -1 -1 7f -1 8 -1
1 1 0 24.9 83.0 12 -1 -1 7b -1 -1 -1 7f -1 8 -1
1 1 0 24.9 83.0 12 -1 -1 7b -1 -1 -1 7f -1 8 -1
1 1 0 25.0 83.0 12 -1 -1 7b -1 -1 -1 7f -1 8 -1
1 1 0 24.9 83.0 12 -1 -1 7b -1 -1 -1 7f -1 8 -1
1 1 0 25.0 83.0 12 -1 -1 7b -1 -1 -1 7f -1 8 -1
1 1 0 24.9 82.5 12 -1 -1 7b -1 -1 -1 7f -1 8 -1
1 1 0 24.9 82.5 12 -1 -1 7b -1 -1 -1 7f -1 8 -1
1 1 0 25.0 82.5 12 -1 -1 7b -1 -1 -1 7f -1 8 -1
1 1 0 24.9 82.5 12 -1 -1 7b -1 -1 -1 7f -1 8 -1
1 1 0 25.0 82.5 12 -1 -1 7b -1 -1 -1 7f -1 8 -1
1 1 0 25.0 82.5 12 -1 -1 7b -1 -1 -1 7f -1 8 -1
1 1 0 25.0 83.0 12 -1 -1 7b -1 -1 -1 7f -1 8 -1
1 1 0 25.0 83.5 12 -1 -1 7b -1 -1 -1 7f -1 8 -1
1 1 0 24.9 83.5 12 -1 -1 7b -1 -1 -1 7f -1 8 -1
1 1 0 25.0 84.0 12 -1 -1 7b -1 -1 -1 7f -1 8 -1
1 1 0 24.9 84.0 12 -1 -1 7b -1 -1 -1 7f -1 8 -1
1 1 0 24.8 84.0 12 -1 -1 7b -1 -1 -1 7f -1 8 -1
1 1 0 24.8 84.0 12 -1 -1 7b -1 -1 -1 7f -1 8 -1
1 1 0 24.9 83.5 12 -1 -1 7b -1 -1 -1 7f -1 8 -1
1 1 0 24.8 83.5 12 -1 -1 7b -1 -1 -1 7f -1 8 -1
1 1 0 24.8 83.5 12 -1 -1 7b -1 -1 -1 7f -1 8 -1
1 1 0 24.9 83.5 12 -1 -1 7b -1 -1 -1 7f -1 8 -1
1 1 0 24.9 83.0 12 -1 -1 7b -1 -1 -1 7f -1 8 -1
1 1 0 24.9 83.0 12 -1 -1 7b -1 -1 -1 7f -1 8 -1
1 1 0 24.9 83.0 12 -1 -1 7b -1 -1 -1 7f -1 8 -1
1 1 0 24.9 83.0 12 -1 -1 7b -1 -1 -1 7f -1 8 -1
1 1 0 24.9 83.0 12 -1 -1 7b -1 -1 -1 7f -1 8 -1
1 1 0 25.0 83.0 12 -1 -1 7b -1 -1 -1 7f -1 8 -1
1 1 0 24.9 83.5 12 -1 -1 7b -1 -1 -1 7f -1 8 -1
1 1 0 24.9 83.0 12 -1 -1 7b -1 -1 -1 7f -1 8 -1
1 1 0 24.8 83.0 12 -1 -1 7b -1 -1 -1 7f -1 8 -1
1 1 0 24.9 82.5 12 -1 -1 7b -1 -1 -1 7f -1 8 -1
1 1 0 24.9 83.0 12 -1 -1 7b -1 -1 -1 7f -1 8 -1
1 1 0 24.9 83.0 12 -1 -1 7b -1 -1 -1 7f -1 8 -1
1 1 0 24.9 82.5 12 -1 -1 7b -1 -1 -1 7f -1 8 -1
1 1 0 24.9 82.5 12 -1 -1 7b -1 -1 -1 7f -1 8 -1
1 1 0 25.0 82.5 12 -1 -1 7b -1 -1 -1 7f -1 8 -1
1 1 0 24.9 82.5 12 -1 -1 7b -1 -1 -1 7f -1 8 -1
1 1 0 25.0 82.5 12 -1 -1 7b -1 -1 -1 7f -1 8 -1
1 1 0 24.9 82.5 12 -1 -1 7b -1 -1 -1 7f -1 8 -1
1 1 0 24.9 82.5 12 -1 -1 7b -1 -1 -1 7f -1 8 -1
1 1 0 24.9 82.5 12 -1 -1 7b -1 -1 -1 7f -1 8 -1
1 1 0 24.9 82.0 12 -1 -1 7b -1 -1 -1 7f -1 8 -1
1 1 0 25.0 82.0 12 -1 -1 7b -1 -1 -1 7f -1 8 -1
1 1 0 24.9 82.5 12 -1 -1 7b -1 -1 -1 7f -1 8 -1
1 1 0 24.9 82.0 12 -1 -1 7b -1 -1 -1 7f -1 8 -1
1 1 0 25.0 82.0 12 -1 -1 7b -1 -1 -1 7f -1 8 -1
1 1 0 25.0 82.0 12 -1 -1 7b -1 -1 -1 7f -1 8 -1
1 1 0 25.0 82.0 12 -1 -1 7b -1 -1 -1 7f -1 8 -1
1 1 0 25.0 82.0 12 -1 -1 7b -1 -1 -1 7f -1 8 -1
1 1 0 25.0 82.5 12 -1 -1 7b -1 -1 -1 7f -1 8 -1
1 1 0 24.9 82.5 12 -1 -1 7b -1 -1 -1 7f -1 8 -1
1 1 0 25.0 82.5 12 -1 -1 7b -1 -1 -1 7f -1 8 -1
1 1 0 25.0 83.0 12 -1 -1 7b -1 -1 -1 7f -1 8 -1
1 1 0 25.0 83.5 12 -1 -1 7b -1 -1 -1 7f -1 8 -1
1 1 0 25.0 83.5 12 -1 -1 7b -1 -1 -1 7f -1 8 -1
1 1 0 25.0 84.0 12 -1 -1 7b -1 -1 -1 7f -1 8 -1
1 1 0 25.0 84.0 12 -1 -1 7b -1 -1 -1 7f -1 8 -1
1 1 0 24.9 83.5 12 -1 -1 7b -1 -1 -1 7f -1 8 -1
1 1 0 25.0 83.5 12 -1 -1 7b -1 -1 -1 7f -1 8 -1
1 1 0 24.9 83.5 12 -1 -1 7b -1 -1 -1 7f -1 8 -1
1 1 0 24.9 83.5 12 -1 -1 7b -1 -1 -1 7f -1 8 -1
1 1 0 24.9 83.5 12 -1 -1 7b -1 -1 -1 7f -1 8 -1
1 1 0 25.0 83.5 12 -1 -1 7b -1 -1 -1 7f -1 8 -1
1 1 0 25.0 83.5 12 -1 -1 7b -1 -1 -1 7f -1 8 -1
1 1 0 24.9 83.5 12 -1 -1 7b -1 -1 -1 7f -1 8 -1
1 1 0 24.9 83.5 12 -1 -1 7b -1 -1 -1 7f -1 8 -1
1 1 0 24.9 83.5 12 -1 -1 7b -1 -1 -1 7f -1 8 -1
1 1 0 24.9 83.5 12 -1 -1 7b -1 -1 -1 7f -1 8 -1
1 1 0 24.9 83.0 12 -1 -1 7b -1 -1 -1 7f -1 8 -1
1 1 0 24.9 82.0 12 -1 -1 7b -1 -1 -1 7f -1 8 -1
1 1 0 24.9 81.5 12 -1 -1 7b -1 -1 -1 7f -1 8 -1
1 1 0 24.9 82.0 12 -1 -1 7b -1 -1 -1 7f -1 8 -1
1 1 0 24.9 82.5 10 -1 -1 7b -1 -1 -1 7f -1 8 -1
1 1 0 25.0 82.0 8 -1 -1 0b -1 -1 -1 0f -1 8 -1
1 1 0 24.9 82.0 1 -1 -1 0b -1 -1 -1 0f -1 8 -1
1 1 0 24.9 82.0 1 -1 -1 0b -1 -1 -1 0f -1 8 -1
1 1 0 24.9 82.0 1 -1 -1 0b -1 -1 -1 0f -1 8 -1
1 1 0 25.0 82.0 1 -1 -1 0b -1 -1 -1 0f -1 8 -1
1 1 0 24.9 82.0 1 -1 -1 0b -1 -1 -1 0f -1 8 -1
1 1 0 24.9 82.0 1 -1 -1 0b -1 -1 -1 0f -1 8 -1
1 1 0 25.0 82.0 1 -1 -1 0b -1 -1 -1 0f -1 8 -1
1 1 0 24.9 82.0 1 -1 -1 0b -1 -1 -1 0f -1 8 -1
1 1 0 25.0 82.5 1 -1 -1 0b -1 -1 -1 0f -1 8 -1
1 1 0 24.9 82.5 1 -1 -1 0b -1 -1 -1 0f -1 8 -1
1 1 0 24.9 82.0 1 -1 -1 0b -1 -1 -1 0f -1 8 -1
1 1 0 24.9 82.0 1 -1 -1 0b -1 -1 -1 0f -1 8 -1
1 1 0 24.9 82.0 1 -1 -1 0b -1 -1 -1 0f -1 8 -1
1 1 0 24.9 82.0 1 -1 -1 0b -1 -1 -1 0f -1 8 -1
1 1 0 24.9 82.0 1 -1 -1 0b -1 -1 -1 0f -1 8 -1
1 1 0 25.0 82.0 1 -1 -1 0b -1 -1 -1 0f -1 8 -1
1 1 0 24.9 82.0 1 -1 -1 0b -1 -1 -1 0f -1 8 -1
1 1 0 24.9 82.0 1 -1 -1 0b -1 -1 -1 0f -1 8 -1
1 1 0 25.0 82.0 1 -1 -1 0b -1 -1 -1 0f -1 8 -1
1 1 0 24.9 82.0 1 -1 -1 0b -1 -1 -1 0f -1 8 -1
1 1 0 25.0 82.0 1 -1 -1 0b -1 -1 -1 0f -1 8 -1
1 1 0 24.9 82.0 1 -1 -1 0b -1 -1 -1 0f -1 8 -1
1 1 0 25.0 82.5 1 -1 -1 0b -1 -1 -1 0f -1 8 -1
1 1 0 24.9 83.0 1 -1 -1 0b -1 -1 -1 0f -1 8 -1
1 1 0 25.0 83.5 1 -1 -1 0b -1 -1 -1 0f -1 8 -1
1 1 0 24.9 83.5 1 -1 -1 0b -1 -1 -1 0f -1 8 -1
1 1 0 24.9 83.5 1 -1 -1 0b -1 -1 -1 0f -1 8 -1
1 1 0 24.8 83.5 1 -1 -1 0b -1 -1 -1 0f -1 8 -1
1 1 0 24.8 83.5 1 -1 -1 0b -1 -1 -1 0f -1 8 -1
1 1 0 24.9 83.0 1 -1 -1 0b -1 -1 -1 0f -1 8 -1
1 1 0 24.9 82.5 1 -1 -1 0b -1 -1 -1 0f -1 8 -1
1 1 0 24.8 82.0 1 -1 -1 0b -1 -1 -1 0f -1 8 -1
1 1 0 24.9 82.5 1 -1 -1 0b -1 -1 -1 0f -1 8 -1
1 1 0 24.9 82.5 1 -1 -1 0b -1 -1 -1 0f -1 8 -1
1 1 0 24.9 82.5 1 -1 -1 0b -1 -1 -1 0f -1 8 -1
1 1 0 24.9 82.5 1 -1 -1 0b -1 -1 -1 0f -1 8 -1
1 1 0 24.9 82.5 1 -1 -1 0b -1 -1 -1 0f -1 8 -1
1 1 0 24.9 82.5 1 -1 -1 0b -1 -1 -1 0f -1 8 -1
1 1 0 24.8 82.5 1 -1 -1 0b -1 -1 -1 0f -1 8 -1
1 1 0 24.9 82.5 1 -1 -1 0b -1 -1 -1 0f -1 8 -1
1 1 0 24.8 82.5 1 -1 -1 0b -1 -1 -1 0f -1 8 -1
1 1 0 24.9 82.5 1 -1 -1 0b -1 -1 -1 0f -1 8 -1
1 1 0 24.9 82.5 1 -1 -1 0b -1 -1 -1 0f -1 8 -1
1 1 0 24.9 83.0 1 -1 -1 0b -1 -1 -1 0f -1 8 -1
1 1 0 24.9 83.0 1 -1 -1 0b -1 -1 -1 0f -1 8 -1
1 1 0 24.9 83.5 1 -1 -1 0b -1 -1 -1 0f -1 8 -1
1 1 0 24.9 83.5 1 -1 -1 0b -1 -1 -1 0f -1 8 -1
1 1 0 24.9 83.5 1 -1 -1 0b -1 -1 -1 0f -1 8 -1
1 1 0 24.8 83.5 1 -1 -1 0b -1 -1 -1 0f -1 8 -1
1 1 0 24.9 84.0 1 -1 -1 0b -1 -1 -1 0f -1 8 -1
1 1 0 24.8 84.0 1 -1 -1 0b -1 -1 -1 0f -1 8 -1
1 1 0 24.9 84.0 1 -1 -1 0b -1 -1 -1 0f -1 8 -1
1 1 0 24.8 84.0 1 -1 -1 0b -1 -1 -1 0f -1 8 -1
1 1 0 24.8 84.0 1 -1 -1 0b -1 -1 -1 0f -1 8 -1
1 1 0 24.8 83.5 1 -1 -1 0b -1 -1 -1 0f -1 8 -1
1 1 0 24.8 84.0 1 -1 -1 0b -1 -1 -1 0f -1 8 -1
1 1 0 24.9 83.5 1 -1 -1 0b -1 -1 -1 0f -1 8 -1
1 1 0 24.8 83.5 1 -1 -1 0b -1 -1 -1 0f -1 8 -1
1 1 0 24.9 83.5 1 -1 -1 0b -1 -1 -1 0f -1 8 -1
1 1 0 24.8 83.0 1 -1 -1 0b -1 -1 -1 0f -1 8 -1
1 1 0 24.8 82.5 1 -1 -1 0b -1 -1 -1 0f -1 8 -1
1 1 0 24.8 82.0 1 -1 -1 0b -1 -1 -1 0f -1 8 -1
1 1 0 24.8 82.5 1 -1 -1 0b -1 -1 -1 0f -1 8 -1
1 1 0 24.8 82.5 1 -1 -1 0b -1 -1 -1 0f -1 8 -1
1 1 0 24.8 82.5 1 -1 -1 0b -1 -1 -1 0f -1 8 -1
1 1 0 24.8 82.5 1 -1 -1 0b -1 -1 -1 0f -1 8 -1
1 1 0 24.8 82.5 1 -1 -1 0b -1 -1 -1 0f -1 8 -1
1 1 0 24.8 83.0 1 -1 -1 0b -1 -1 -1 0f -1 8 -1
1 1 0 24.8 83.5 1 -1 -1 0b -1 -1 -1 0f -1 8 -1
1 1 0 24.8 83.0 1 -1 -1 0b -1 -1 -1 0f -1 8 -1
1 1 0 24.8 83.0 1 -1 -1 0b -1 -1 -1 0f -1 8 -1
1 1 0 24.8 83.0 1 -1 -1 0b -1 -1 -1 0f -1 8 -1
1 1 0 24.8 83.5 1 -1 -1 0b -1 -1 -1 0f -1 8 -1
1 1 0 24.8 84.0 1 -1 -1 0b -1 -1 -1 0f -1 8 -1
1 1 0 24.8 84.0 1 -1 -1 0b -1 -1 -1 0f -1 8 -1
1 1 0 24.7 83.5 1 -1 -1 0b -1 -1 -1 0f -1 8 -1
1 1 0 24.7 83.0 1 -1 -1 0b -1 -1 -1 0f -1 8 -1
1 1 0 24.7 82.5 1 -1 -1 0b -1 -1 -1 0f -1 8 -1
1 1 0 24.7 83.0 1 -1 -1 0b -1 -1 -1 0f -1 8 -1
1 1 0 24.7 83.0 1 -1 -1 0b -1 -1 -1 0f -1 8 -1
1 1 0 24.8 83.0 1 -1 -1 0b -1 -1 -1 0f -1 8 -1
1 1 0 24.8 83.0 1 -1 -1 0b -1 -1 -1 0f -1 8 -1
1 1 0 24.8 82.5 1 -1 -1 0b -1 -1 -1 0f -1 8 -1
1 1 0 24.8 82.5 1 -1 -1 0b -1 -1 -1 0f -1 8 -1
1 1 0 24.8 82.5 1 -1 -1 0b -1 -1 -1 0f -1 8 -1
1 1 0 24.8 82.0 1 -1 -1 0b -1 -1 -1 0f -1 8 -1
1 1 0 24.8 82.0 1 -1 -1 0b -1 -1 -1 0f -1 8 -1
1 1 0 24.7 82.0 1 -1 -1 0b -1 -1 -1 0f -1 8 -1
1 1 0 24.7 82.0 1 -1 -1 0b -1 -1 -1 0f -1 8 -1
1 1 0 24.8 81.5 1 -1 -1 0b -1 -1 -1 0f -1 8 -1
1 1 0 24.8 81.5 1 -1 -1 0b -1 -1 -1 0f -1 8 -1
1 1 0 24.8 81.5 1 -1 -1 0b -1 -1 -1 0f -1 8 -1
1 1 0 24.7 81.5 1 -1 -1 0b -1 -1 -1 0f -1 8 -1
1 1 0 24.8 81.5 1 -1 -1 0b -1 -1 -1 0f -1 8 -1
1 1 0 24.7 81.0 1 -1 -1 0b -1 -1 -1 0f -1 8 -1
1 1 0 24.8 81.5 1 -1 -1 0b -1 -1 -1 0f -1 8 -1
1 1 0 24.7 81.5 1 -1 -1 0b -1 -1 -1 0f -1 8 -1
1 1 0 24.8 81.5 1 -1 -1 0b -1 -1 -1 0f -1 8 -1
1 1 0 24.8 81.0 1 -1 -1 0b -1 -1 -1 0f -1 8 -1
1 1 0 24.8 81.0 1 -1 -1 0b -1 -1 -1 0f -1 8 -1
1 1 0 24.8 81.0 1 -1 -1 0b -1 -1 -1 0f -1 8 -1
1 1 0 24.8 81.0 1 -1 -1 0b -1 -1 -1 0f -1 8 -1
1 1 0 24.8 81.0 1 -1 -1 0b -1 -1 -1 0f -1 8 -1
1 1 0 24.8 81.0 1 -1 -1 0b -1 -1 -1 0f -1 8 -1
1 1 0 24.8 80.5 1 -1 -1 0b -1 -1 -1 0f -1 8 -1
1 1 0 24.8 80.5 1 -1 -1 0b -1 -1 -1 0f -1 8 -1
1 1 0 24.8 81.0 1 -1 -1 0b -1 -1 -1 0f -1 8 -1
1 1 0 24.8 81.0 1 -1 -1 0b -1 -1 -1 0f -1 8 -1
1 1 0 24.8 81.0 1 -1 -1 0b -1 -1 -1 0f -1 8 -1
1 1 0 24.8 80.5 1 -1 -1 0b -1 -1 -1 0f -1 8 -1
1 1 0 24.8 80.5 1 -1 -1 0b -1 -1 -1 0f -1 8 -1
1 1 0 24.8 81.0 1 -1 -1 0b -1 -1 -1 0f -1 8 -1
1 1 0 24.7 81.0 1 -1 -1 0b -1 -1 -1 0f -1 8 -1
1 1 0 24.8 81.0 1 -1 -1 0b -1 -1 -1 0f -1 8 -1
