1 1 0 28.8 59.5 1 -1 -1 0b -1 -1 -1 0f -1 -1 -1
1 1 0 28.7 59.0 1 -1 -1 0b -1 -1 -1 0f -1 -1 -1
1 1 0 28.9 59.0 1 -1 -1 0b -1 -1 -1 0f -1 -1 -1
1 1 0 28.8 59.0 1 -1 -1 0b -1 -1 -1 0f -1 -1 -1
1 1 0 28.8 59.0 1 -1 -1 0b -1 -1 -1 0f -1 -1 -1
1 1 0 28.8 59.0 1 -1 -1 0b -1 -1 -1 0f -1 -1 -1
1 1 0 28.8 59.0 1 -1 -1 0b -1 -1 -1 0f -1 -1 -1
1 1 0 28.9 59.5 1 -1 -1 0b -1 -1 -1 0f -1 -1 -1
1 1 0 28.9 60.0 1 -1 -1 0b -1 -1 -1 0f -1 -1 -1
1 1 0 28.9 60.5 1 -1 -1 0b -1 -1 -1 0f -1 -1 -1
1 1 0 29.0 60.5 1 -1 -1 0b -1 -1 -1 0f -1 -1 -1
1 1 0 28.9 60.5 1 -1 -1 0b -1 -1 -1 0f -1 -1 -1
1 1 0 28.9 60.5 1 -1 -1 0b -1 -1 -1 0f -1 -1 -1
1 1 0 29.0 60.5 1 -1 -1 0b -1 -1 -1 0f -1 -1 -1
1 1 0 29.0 60.5 1 -1 -1 0b -1 -1 -1 0f -1 -1 -1
1 1 0 29.0 60.5 1 -1 -1 0b -1 -1 -1 0f -1 -1 -1
1 1 0 29.0 60.5 1 -1 -1 0b -1 -1 -1 0f -1 -1 -1
1 1 0 29.0 61.0 1 -1 -1 0b -1 -1 -1 0f -1 -1 -1
1 1 0 29.0 61.0 1 -1 -1 0b -1 -1 -1 0f -1 -1 -1
1 1 0 29.0 61.0 1 -1 -1 0b -1 -1 -1 0f -1 -1 -1
1 1 0 29.0 61.0 1 -1 -1 0b -1 -1 -1 0f -1 -1 -1
1 1 0 29.1 61.0 1 -1 -1 0b -1 -1 -1 0f -1 -1 -1
1 1 0 29.1 61.0 1 -1 -1 0b -1 -1 -1 0f -1 -1 -1
1 1 0 29.1 61.0 1 -1 -1 0b -1 -1 -1 0f -1 -1 -1
1 1 0 29.1 61.0 1 -1 -1 0b -1 -1 -1 0f -1 -1 -1
1 1 0 29.1 61.0 1 -1 -1 0b -1 -1 -1 0f -1 -1 -1
1 1 0 29.1 61.5 1 -1 -1 0b -1 -1 -1 0f -1 -1 -1
1 1 0 29.2 61.5 1 -1 -1 0b -1 -1 -1 0f -1 -1 -1
1 1 0 29.2 61.5 1 -1 -1 0b -1 -1 -1 0f -1 -1 -1
1 1 0 29.2 61.5 1 -1 -1 0b -1 -1 -1 0f -1 -1 -1
1 1 0 29.2 61.5 1 -1 -1 0b -1 -1 -1 0f -1 -1 -1
1 1 0 29.2 61.5 1 -1 -1 0b -1 -1 -1 0f -1 -1 -1
1 1 0 29.2 61.5 1 -1 -1 0b -1 -1 -1 0f -1 -1 -1
1 1 0 29.2 61.5 1 -1 -1 0b -1 -1 -1 0f -1 -1 -1
1 1 0 29.2 61.0 1 -1 -1 0b -1 -1 -1 0f -1 -1 -1
1 1 0 29.2 61.5 1 -1 -1 0b -1 -1 -1 0f -1 -1 -1
1 1 0 29.3 61.0 1 -1 -1 0b -1 -1 -1 0f -1 -1 -1
1 1 0 29.1 61.0 1 -1 -1 0b -1 -1 -1 0f -1 -1 -1
1 1 0 29.2 61.0 1 -1 -1 0b -1 -1 -1 0f -1 -1 -1
1 1 0 29.2 61.5 1 -1 -1 0b -1 -1 -1 0f -1 -1 -1
1 1 0 29.3 61.0 1 -1 -1 0b -1 -1 -1 0f -1 -1 -1
1 1 0 29.2 61.0 1 -1 -1 0b -1 -1 -1 0f -1 -1 -1
1 1 0 29.2 61.5 1 -1 -1 0b -1 -1 -1 0f -1 -1 -1
1 1 0 29.3 61.0 1 -1 -1 0b -1 -1 -1 0f -1 -1 -1
1 1 0 29.3 60.5 1 -1 -1 0b -1 -1 -1 0f -1 -1 -1
1 1 0 29.2 60.0 1 -1 -1 0b -1 -1 -1 0f -1 -1 -1
1 1 0 29.3 60.0 1 -1 -1 0b -1 -1 -1 0f -1 -1 -1
1 1 0 29.3 60.0 1 -1 -1 0b -1 -1 -1 0f -1 -1 -1
1 1 0 29.3 60.0 1 -1 -1 0b -1 -1 -1 0f -1 -1 -1
1 1 0 29.2 61.0 1 -1 -1 0b -1 -1 -1 0f -1 -1 -1
1 1 0 29.3 61.5 1 -1 -1 0b -1 -1 -1 0f -1 -1 -1
1 1 0 29.3 61.5 1 -1 -1 0b -1 -1 -1 0f -1 -1 -1
1 1 0 29.3 61.5 1 -1 -1 0b -1 -1 -1 0f -1 -1 -1
1 1 0 29.3 61.5 1 -1 -1 0b -1 -1 -1 0f -1 -1 -1
1 1 0 29.3 61.5 1 -1 -1 0b -1 -1 -1 0f -1 -1 -1
1 1 0 29.4 61.5 1 -1 -1 0b -1 -1 -1 0f -1 -1 -1
1 1 0 29.3 61.5 1 -1 -1 0b -1 -1 -1 0f -1 -1 -1
1 1 0 29.4 61.5 1 -1 -1 0b -1 -1 -1 0f -1 -1 -1
1 1 0 29.3 61.5 1 -1 -1 0b -1 -1 -1 0f -1 -1 -1
1 1 0 29.4 61.5 1 -1 -1 0b -1 -1 -1 0f -1 -1 -1
1 1 0 29.4 61.5 1 -1 -1 0b -1 -1 -1 0f -1 -1 -1
1 1 0 29.4 61.5 1 -1 -1 0b -1 -1 -1 0f -1 -1 -1
1 1 0 29.5 61.0 1 -1 -1 0b -1 -1 -1 0f -1 -1 -1
1 1 0 29.5 61.5 1 -1 -1 0b -1 -1 -1 0f -1 -1 -1
1 1 0 29.4 61.5 1 -1 -1 0b -1 -1 -1 0f -1 -1 -1
1 1 0 29.4 61.0 1 -1 -1 0b -1 -1 -1 0f -1 -1 -1
1 1 0 29.4 61.0 1 -1 -1 0b -1 -1 -1 0f -1 -1 -1
1 1 0 29.5 61.5 1 -1 -1 0b -1 -1 -1 0f -1 -1 -1
1 1 0 29.4 61.5 1 -1 -1 0b -1 -1 -1 0f -1 -1 -1
1 1 0 29.4 61.5 1 -1 -1 0b -1 -1 -1 0f -1 -1 -1
1 1 0 29.5 61.5 1 -1 -1 0b -1 -1 -1 0f -1 -1 -1
1 1 0 29.5 61.0 1 -1 -1 0b -1 -1 -1 0f -1 -1 -1
1 1 0 29.5 61.0 1 -1 -1 0b -1 -1 -1 0f -1 -1 -1
1 1 0 29.5 60.5 1 -1 -1 0b -1 -1 -1 0f -1 -1 -1
1 1 0 29.4 60.5 1 -1 -1 0b -1 -1 -1 0f -1 -1 -1
1 1 0 29.5 60.5 1 -1 -1 0b -1 -1 -1 0f -1 -1 -1
1 1 0 29.5 60.5 1 -1 -1 0b -1 -1 -1 0f -1 -1 -1
1 1 0 29.5 61.0 1 -1 -1 0b -1 -1 -1 0f -1 -1 -1
1 1 0 29.5 60.5 1 -1 -1 0b -1 -1 -1 0f -1 -1 -1
1 1 0 29.5 60.0 1 -1 -1 0b -1 -1 -1 0f -1 -1 -1
1 1 0 29.5 60.0 1 -1 -1 0b -1 -1 -1 0f -1 -1 -1
1 1 0 29.5 60.0 1 -1 -1 0b -1 -1 -1 0f -1 -1 -1
1 1 0 29.5 60.0 1 -1 -1 0b -1 -1 -1 0f -1 -1 -1
1 1 0 29.5 60.0 1 -1 -1 0b -1 -1 -1 0f -1 -1 -1
1 1 0 29.6 60.5 1 -1 -1 0b -1 -1 -1 0f -1 -1 -1
1 1 0 29.6 61.0 1 -1 -1 0b -1 -1 -1 0f -1 -1 -1
1 1 0 29.5 61.5 1 -1 -1 0b -1 -1 -1 0f -1 -1 -1
1 1 0 29.6 62.0 1 -1 -1 0b -1 -1 -1 0f -1 -1 -1
1 1 0 29.6 62.0 1 -1 -1 0b -1 -1 -1 0f -1 -1 -1
1 1 0 29.6 62.0 1 -1 -1 0b -1 -1 -1 0f -1 -1 -1
1 1 0 29.6 62.0 1 -1 -1 0b -1 -1 -1 0f -1 -1 -1
1 1 0 29.6 62.0 1 -1 -1 0b -1 -1 -1 0f -1 -1 -1
1 1 0 29.6 62.0 1 -1 -1 0b -1 -1 -1 0f -1 -1 -1
1 1 0 29.6 62.5 1 -1 -1 0b -1 -1 -1 0f -1 -1 -1
1 1 0 29.7 62.5 1 -1 -1 0b -1 -1 -1 0f -1 -1 -1
1 1 0 29.6 62.5 1 -1 -1 0b -1 -1 -1 0f -1 -1 -1
1 1 0 29.6 62.5 1 -1 -1 0b -1 -1 -1 0f -1 -1 -1
1 1 0 29.6 62.5 1 -1 -1 0b -1 -1 -1 0f -1 -1 -1
1 1 0 29.6 62.5 1 -1 -1 0b -1 -1 -1 0f -1 -1 -1
1 1 0 29.7 62.5 1 -1 -1 0b -1 -1 -1 0f -1 -1 -1
1 1 0 29.7 62.0 1 -1 -1 0b -1 -1 -1 0f -1 -1 -1
1 1 0 29.7 62.0 1 -1 -1 0b -1 -1 -1 0f -1 -1 -1
1 1 0 29.7 62.0 1 -1 -1 0b -1 -1 -1 0f -1 -1 -1
1 1 0 29.7 61.5 1 -1 -1 0b -1 -1 -1 0f -1 -1 -1
1 1 0 29.7 62.0 1 -1 -1 0b -1 -1 -1 0f -1 -1 -1
1 1 0 29.7 62.0 1 -1 -1 0b -1 -1 -1 0f -1 -1 -1
1 1 0 29.7 62.5 1 -1 -1 0b -1 -1 -1 0f -1 -1 -1
1 1 0 29.7 62.0 1 -1 -1 0b -1 -1 -1 0f -1 -1 -1
1 1 0 29.7 62.0 1 -1 -1 0b -1 -1 -1 0f -1 -1 -1
1 1 0 29.6 62.0 1 -1 -1 0b -1 -1 -1 0f -1 -1 -1
1 1 0 29.6 62.0 1 -1 -1 0b -1 -1 -1 0f -1 -1 -1
1 1 0 29.7 62.5 1 -1 -1 0b -1 -1 -1 0f -1 -1 -1
1 1 0 29.7 62.0 1 -1 -1 0b -1 -1 -1 0f -1 -1 -1
1 1 0 29.7 62.5 1 -1 -1 0b -1 -1 -1 0f -1 -1 -1
1 1 0 29.7 62.5 1 -1 -1 0b -1 -1 -1 0f -1 -1 -1
1 1 0 29.7 62.5 1 -1 -1 0b -1 -1 -1 0f -1 -1 -1
1 1 0 29.8 62.5 1 -1 -1 0b -1 -1 -1 0f -1 -1 -1
1 1 0 29.7 62.0 1 -1 -1 0b -1 -1 -1 0f -1 -1 -1
1 1 0 29.7 62.0 1 -1 -1 0b -1 -1 -1 0f -1 -1 -1
1 1 0 29.7 61.5 1 -1 -1 0b -1 -1 -1 0f -1 -1 -1
1 1 0 29.8 61.5 1 -1 -1 0b -1 -1 -1 0f -1 -1 -1
1 1 0 29.8 61.0 1 -1 -1 0b -1 -1 -1 0f -1 -1 -1
1 1 0 29.8 61.0 1 -1 -1 0b -1 -1 -1 0f -1 -1 -1
1 1 0 29.7 60.5 1 -1 -1 0b -1 -1 -1 0f -1 -1 -1
1 1 0 29.8 60.5 1 -1 -1 0b -1 -1 -1 0f -1 -1 -1
1 1 0 29.8 60.5 1 -1 -1 0b -1 -1 -1 0f -1 -1 -1
1 1 0 29.8 61.0 1 -1 -1 0b -1 -1 -1 0f -1 -1 -1
1 1 0 29.8 61.5 1 -1 -1 0b -1 -1 -1 0f -1 -1 -1
1 1 0 29.8 62.0 1 -1 -1 0b -1 -1 -1 0f -1 -1 -1
1 1 0 29.8 61.5 1 -1 -1 0b -1 -1 -1 0f -1 -1 -1
1 1 0 29.9 62.0 1 -1 -1 0b -1 -1 -1 0f -1 -1 -1
1 1 0 29.8 62.5 1 -1 -1 0b -1 -1 -1 0f -1 -1 -1
1 1 0 29.9 62.5 1 -1 -1 0b -1 -1 -1 0f -1 -1 -1
1 1 0 29.9 62.5 1 -1 -1 0b -1 -1 -1 0f -1 -1 -1
1 1 0 29.9 62.5 1 -1 -1 0b -1 -1 -1 0f -1 -1 -1
1 1 0 29.8 62.5 1 -1 -1 0b -1 -1 -1 0f -1 -1 -1
1 1 0 29.8 62.5 1 -1 -1 0b -1 -1 -1 0f -1 -1 -1
1 1 0 29.8 62.5 1 -1 -1 0b -1 -1 -1 0f -1 -1 -1
1 1 0 29.8 62.5 1 -1 -1 0b -1 -1 -1 0f -1 -1 -1
1 1 0 29.9 62.5 1 -1 -1 0b -1 -1 -1 0f -1 -1 -1
1 1 0 29.9 63.0 1 -1 -1 0b -1 -1 -1 0f -1 -1 -1
1 1 0 29.9 63.0 1 -1 -1 0b -1 -1 -1 0f -1 -1 -1
1 1 0 29.9 63.0 1 -1 -1 0b -1 -1 -1 0f -1 -1 -1
1 1 0 29.9 63.0 1 -1 -1 0b -1 -1 -1 0f -1 -1 -1
1 1 0 29.9 63.0 1 -1 -1 0b -1 -1 -1 0f -1 -1 -1
1 1 0 29.9 63.0 1 -1 -1 0b -1 -1 -1 0f -1 -1 -1
1 1 0 29.9 63.0 1 -1 -1 0b -1 -1 -1 0f -1 -1 -1
1 1 0 29.9 63.0 1 -1 -1 0b -1 -1 -1 0f -1 -1 -1
1 1 0 29.9 63.0 1 -1 -1 0b -1 -1 -1 0f -1 -1 -1
1 1 0 29.9 63.0 1 -1 -1 0b -1 -1 -1 0f -1 -1 -1
1 1 0 30.0 63.0 1 -1 -1 0b -1 -1 -1 0f -1 -1 -1
1 1 0 29.9 63.0 1 -1 -1 0b -1 -1 -1 0f -1 -1 -1
1 1 0 30.0 63.0 1 -1 -1 0b -1 -1 -1 0f -1 -1 -1
1 1 0 29.9 63.0 1 -1 -1 0b -1 -1 -1 0f -1 -1 -1
1 1 0 29.9 63.0 1 -1 -1 0b -1 -1 -1 0f -1 -1 -1
1 1 0 29.9 63.0 1 -1 -1 0b -1 -1 -1 0f -1 -1 -1
1 1 0 29.9 63.0 1 -1 -1 0b -1 -1 -1 0f -1 -1 -1
1 1 0 30.0 63.0 1 -1 -1 0b -1 -1 -1 0f -1 -1 -1
1 1 0 30.0 63.0 1 -1 -1 0b -1 -1 -1 0f -1 -1 -1
1 1 0 30.0 63.0 1 -1 -1 0b -1 -1 -1 0f -1 -1 -1
1 1 0 30.0 63.0 1 -1 -1 0b -1 -1 -1 0f -1 -1 -1
1 1 0 30.0 63.0 1 -1 -1 0b -1 -1 -1 0f -1 -1 -1
1 1 0 29.9 63.0 1 -1 -1 0b -1 -1 -1 0f -1 -1 -1
1 1 0 30.0 63.0 1 -1 -1 0b -1 -1 -1 0f -1 -1 -1
1 1 0 30.0 63.0 1 -1 -1 0b -1 -1 -1 0f -1 -1 -1
1 1 0 30.0 63.0 1 -1 -1 0b -1 -1 -1 0f -1 -1 -1
1 1 0 29.9 63.0 1 -1 -1 0b -1 -1 -1 0f -1 -1 -1
1 1 0 30.0 63.5 1 -1 -1 0b -1 -1 -1 0f -1 -1 -1
1 1 0 30.0 63.0 1 -1 -1 0b -1 -1 -1 0f -1 -1 -1
1 1 0 30.0 63.0 1 -1 -1 0b -1 -1 -1 0f -1 -1 -1
1 1 0 30.1 63.0 1 -1 -1 0b -1 -1 -1 0f -1 -1 -1
1 1 0 30.0 63.0 1 -1 -1 0b -1 -1 -1 0f -1 -1 -1
1 1 0 30.0 62.5 1 -1 -1 0b -1 -1 -1 0f -1 -1 -1
1 1 0 30.0 62.5 1 -1 -1 0b -1 -1 -1 0f -1 -1 -1
1 1 0 30.0 62.0 1 -1 -1 0b -1 -1 -1 0f -1 -1 -1
1 1 0 29.9 62.0 1 -1 -1 0b -1 -1 -1 0f -1 -1 -1
1 1 0 30.0 62.0 1 -1 -1 0b -1 -1 -1 0f -1 -1 -1
1 1 0 30.1 61.5 1 -1 -1 0b -1 -1 -1 0f -1 -1 -1
1 1 0 30.1 61.5 1 -1 -1 0b -1 -1 -1 0f -1 -1 -1
1 1 0 30.0 62.0 1 -1 -1 0b -1 -1 -1 0f -1 -1 -1
1 1 0 30.0 62.0 1 -1 -1 0b -1 -1 -1 0f -1 -1 -1
1 1 0 30.0 62.0 1 -1 -1 0b -1 -1 -1 0f -1 -1 -1
1 1 0 30.0 61.5 1 -1 -1 0b -1 -1 -1 0f -1 -1 -1
1 1 0 30.1 61.5 1 -1 -1 0b -1 -1 -1 0f -1 -1 -1
1 1 0 30.1 62.0 1 -1 -1 0b -1 -1 -1 0f -1 -1 -1
1 1 0 30.0 62.5 1 -1 -1 0b -1 -1 -1 0f -1 -1 -1
1 1 0 30.0 62.5 1 -1 -1 0b -1 -1 -1 0f -1 -1 -1
1 1 0 30.1 62.5 1 -1 -1 0b -1 -1 -1 0f -1 -1 -1
1 1 0 30.0 62.5 1 -1 -1 0b -1 -1 -1 0f -1 -1 -1
1 1 0 30.1 62.5 1 -1 -1 0b -1 -1 -1 0f -1 -1 -1
1 1 0 30.1 62.5 1 -1 -1 0b -1 -1 -1 0f -1 -1 -1
1 1 0 30.1 62.5 1 -1 -1 0b -1 -1 -1 0f -1 -1 -1
1 1 0 30.1 62.5 1 -1 -1 0b -1 -1 -1 0f -1 -1 -1
1 1 0 30.0 62.5 1 -1 -1 0b -1 -1 -1 0f -1 -1 -1
1 1 0 30.1 62.5 1 -1 -1 0b -1 -1 -1 0f -1 -1 -1
1 1 0 30.1 63.0 1 -1 -1 0b -1 -1 -1 0f -1 -1 -1
1 1 0 30.0 63.0 1 -1 -1 0b -1 -1 -1 0f -1 -1 -1
1 1 0 30.1 63.0 1 -1 -1 0b -1 -1 -1 0f -1 -1 -1
1 1 0 30.1 63.0 1 -1 -1 0b -1 -1 -1 0f -1 -1 -1
1 1 0 30.1 63.0 1 -1 -1 0b -1 -1 -1 0f -1 -1 -1
1 1 0 30.2 63.0 1 -1 -1 0b -1 -1 -1 0f -1 -1 -1
1 1 0 30.0 62.5 1 -1 -1 0b -1 -1 -1 0f -1 -1 -1
1 1 0 30.1 62.5 1 -1 -1 0b -1 -1 -1 0f -1 -1 -1
1 1 0 30.1 62.5 1 -1 -1 0b -1 -1 -1 0f -1 -1 -1
1 1 0 30.1 62.5 1 -1 -1 0b -1 -1 -1 0f -1 -1 -1
1 1 0 30.2 62.0 1 -1 -1 0b -1 -1 -1 0f -1 -1 -1
1 1 0 30.1 62.0 1 -1 -1 0b -1 -1 -1 0f -1 -1 -1
1 1 0 30.1 62.0 1 -1 -1 0b -1 -1 -1 0f -1 -1 -1
1 1 0 30.1 62.0 1 -1 -1 0b -1 -1 -1 0f -1 -1 -1
1 1 0 30.2 62.0 1 -1 -1 0b -1 -1 -1 0f -1 -1 -1
1 1 0 30.2 62.0 1 -1 -1 0b -1 -1 -1 0f -1 -1 -1
1 1 0 30.2 62.0 1 -1 -1 0b -1 -1 -1 0f -1 -1 -1
1 1 0 30.1 62.0 1 -1 -1 0b -1 -1 -1 0f -1 -1 -1
1 1 0 30.2 62.5 1 -1 -1 0b -1 -1 -1 0f -1 -1 -1
1 1 0 30.2 62.5 1 -1 -1 0b -1 -1 -1 0f -1 -1 -1
1 1 0 30.2 63.0 1 -1 -1 0b -1 -1 -1 0f -1 -1 -1
1 1 0 30.2 63.0 1 -1 -1 0b -1 -1 -1 0f -1 -1 -1
1 1 0 30.2 63.0 1 -1 -1 0b -1 -1 -1 0f -1 -1 -1
1 1 0 30.1 63.0 1 -1 -1 0b -1 -1 -1 0f -1 -1 -1
1 1 0 30.1 63.0 1 -1 -1 0b -1 -1 -1 0f -1 -1 -1
1 1 0 30.1 63.0 1 -1 -1 0b -1 -1 -1 0f -1 -1 -1
1 1 0 30.1 63.0 1 -1 -1 0b -1 -1 -1 0f -1 -1 -1
1 1 0 30.2 63.0 1 -1 -1 0b -1 -1 -1 0f -1 -1 -1
1 1 0 30.2 63.0 1 -1 -1 0b -1 -1 -1 0f -1 -1 -1
1 1 0 30.1 62.5 1 -1 -1 0b -1 -1 -1 0f -1 -1 -1
1 1 0 30.2 62.5 1 -1 -1 0b -1 -1 -1 0f -1 -1 -1
1 1 0 30.2 62.5 1 -1 -1 0b -1 -1 -1 0f -1 -1 -1
1 1 0 30.2 62.5 1 -1 -1 0b -1 -1 -1 0f -1 -1 -1
1 1 0 30.2 63.0 1 -1 -1 0b -1 -1 -1 0f -1 -1 -1
1 1 0 30.2 63.0 1 -1 -1 0b -1 -1 -1 0f -1 -1 -1
1 1 0 30.2 63.0 1 -1 -1 0b -1 -1 -1 0f -1 -1 -1
1 1 0 30.2 63.0 1 -1 -1 0b -1 -1 -1 0f -1 -1 -1
1 1 0 30.2 63.5 1 -1 -1 0b -1 -1 -1 0f -1 -1 -1
1 1 0 30.2 63.5 1 -1 -1 0b -1 -1 -1 0f -1 -1 -1
1 1 0 30.2 63.5 1 -1 -1 0b -1 -1 -1 0f -1 -1 -1
1 1 0 30.2 63.5 1 -1 -1 0b -1 -1 -1 0f -1 -1 -1
1 1 0 30.2 63.5 1 -1 -1 0b -1 -1 -1 0f -1 -1 -1
1 1 0 30.2 63.5 1 -1 -1 0b -1 -1 -1 0f -1 -1 -1
1 1 0 30.2 63.5 1 -1 -1 0b -1 -1 -1 0f -1 -1 -1
1 1 0 30.3 63.5 1 -1 -1 0b -1 -1 -1 0f -1 -1 -1
1 1 0 30.3 63.5 1 -1 -1 0b -1 -1 -1 0f -1 -1 -1
1 1 0 30.3 63.5 1 -1 -1 0b -1 -1 -1 0f -1 -1 -1
1 1 0 30.3 63.5 1 -1 -1 0b -1 -1 -1 0f -1 -1 -1
1 1 0 30.3 63.5 1 -1 -1 0b -1 -1 -1 0f -1 -1 -1
1 1 0 30.2 63.5 1 -1 -1 0b -1 -1 -1 0f -1 -1 -1
1 1 0 30.2 63.5 1 -1 -1 0b -1 -1 -1 0f -1 -1 -1
1 1 0 30.3 63.0 1 -1 -1 0b -1 -1 -1 0f -1 -1 -1
1 1 0 30.2 63.5 1 -1 -1 0b -1 -1 -1 0f -1 -1 -1
1 1 0 30.3 63.0 1 -1 -1 0b -1 -1 -1 0f -1 -1 -1
1 1 0 30.2 63.0 1 -1 -1 0b -1 -1 -1 0f -1 -1 -1
1 1 0 30.3 63.5 1 -1 -1 0b -1 -1 -1 0f -1 -1 -1
1 1 0 30.2 63.5 1 -1 -1 0b -1 -1 -1 0f -1 -1 -1
1 1 0 30.3 63.5 1 -1 -1 0b -1 -1 -1 0f -1 -1 -1
1 1 0 30.2 63.5 1 -1 -1 0b -1 -1 -1 0f -1 -1 -1
1 1 0 30.3 63.0 1 -1 -1 0b -1 -1 -1 0f -1 -1 -1
1 1 0 30.3 63.0 1 -1 -1 0b -1 -1 -1 0f -1 -1 -1
1 1 0 30.2 63.0 1 -1 -1 0b -1 -1 -1 0f -1 -1 -1
1 1 0 30.3 63.0 1 -1 -1 0b -1 -1 -1 0f -1 -1 -1
1 1 0 30.2 62.5 1 -1 -1 0b -1 -1 -1 0f -1 -1 -1
1 1 0 30.2 62.5 1 -1 -1 0b -1 -1 -1 0f -1 -1 -1
1 1 0 30.3 62.5 1 -1 -1 0b -1 -1 -1 0f -1 -1 -1
1 1 0 30.3 62.5 1 -1 -1 0b -1 -1 -1 0f -1 -1 -1
1 1 0 30.3 62.5 1 -1 -1 0b -1 -1 -1 0f -1 -1 -1
1 1 0 30.4 62.5 1 -1 -1 0b -1 -1 -1 0f -1 -1 -1
1 1 0 30.3 63.0 1 -1 -1 0b -1 -1 -1 0f -1 -1 -1
1 1 0 30.3 63.0 1 -1 -1 0b -1 -1 -1 0f -1 -1 -1
1 1 0 30.3 63.0 1 -1 -1 0b -1 -1 -1 0f -1 -1 -1
1 1 0 30.3 63.5 1 -1 -1 0b -1 -1 -1 0f -1 -1 -1
1 1 0 30.3 63.5 1 -1 -1 0b -1 -1 -1 0f -1 -1 -1
1 1 0 30.3 63.5 1 -1 -1 0b -1 -1 -1 0f -1 -1 -1
1 1 0 30.3 63.0 1 -1 -1 0b -1 -1 -1 0f -1 -1 -1
1 1 0 30.3 63.5 1 -1 -1 0b -1 -1 -1 0f -1 -1 -1
1 1 0 30.3 63.0 1 -1 -1 0b -1 -1 -1 0f -1 -1 -1
1 1 0 30.4 63.0 1 -1 -1 0b -1 -1 -1 0f -1 -1 -1
1 1 0 30.3 63.5 1 -1 -1 0b -1 -1 -1 0f -1 -1 -1
1 1 0 30.3 63.5 1 -1 -1 0b -1 -1 -1 0f -1 -1 -1
1 1 0 30.3 63.5 1 -1 -1 0b -1 -1 -1 0f -1 -1 -1
1 1 0 30.4 63.5 1 -1 -1 0b -1 -1 -1 0f -1 -1 -1
1 1 0 30.3 63.5 1 -1 -1 0b -1 -1 -1 0f -1 -1 -1
1 1 0 30.3 63.5 1 -1 -1 0b -1 -1 -1 0f -1 -1 -1
1 1 0 30.3 63.5 1 -1 -1 0b -1 -1 -1 0f -1 -1 -1
1 1 0 30.3 63.5 1 -1 -1 0b -1 -1 -1 0f -1 -1 -1
1 1 0 30.3 63.5 1 -1 -1 0b -1 -1 -1 0f -1 -1 -1
1 1 0 30.3 63.5 1 -1 -1 0b -1 -1 -1 0f -1 -1 -1
1 1 0 30.4 63.0 1 -1 -1 0b -1 -1 -1 0f -1 -1 -1
1 1 0 30.4 63.5 1 -1 -1 0b -1 -1 -1 0f -1 -1 -1
1 1 0 30.3 63.0 1 -1 -1 0b -1 -1 -1 0f -1 -1 -1
1 1 0 30.3 63.5 1 -1 -1 0b -1 -1 -1 0f -1 -1 -1
1 1 0 30.4 63.5 1 -1 -1 0b -1 -1 -1 0f -1 -1 -1
1 1 0 30.3 63.5 1 -1 -1 0b -1 -1 -1 0f -1 -1 -1
1 1 0 30.3 63.5 1 -1 -1 0b -1 -1 -1 0f -1 -1 -1
1 1 0 30.3 63.5 1 -1 -1 0b -1 -1 -1 0f -1 -1 -1
1 1 0 30.4 63.0 1 -1 -1 0b -1 -1 -1 0f -1 -1 -1
1 1 0 30.4 63.0 1 -1 -1 0b -1 -1 -1 0f -1 -1 -1
1 1 0 30.3 63.0 1 -1 -1 0b -1 -1 -1 0f -1 -1 -1
1 1 0 30.4 63.0 1 -1 -1 0b -1 -1 -1 0f -1 -1 -1
1 1 0 30.4 63.0 1 -1 -1 0b -1 -1 -1 0f -1 -1 -1
1 1 0 30.4 63.0 1 -1 -1 0b -1 -1 -1 0f -1 -1 -1
1 1 0 30.4 63.5 1 -1 -1 0b -1 -1 -1 0f -1 -1 -1
1 1 0 30.3 63.5 1 -1 -1 0b -1 -1 -1 0f -1 -1 -1
1 1 0 30.4 63.5 1 -1 -1 0b -1 -1 -1 0f -1 -1 -1
1 1 0 30.4 63.5 1 -1 -1 0b -1 -1 -1 0f -1 -1 -1
1 1 0 30.4 63.5 1 -1 -1 0b -1 -1 -1 0f -1 -1 -1
1 1 0 30.4 63.5 1 -1 -1 0b -1 -1 -1 0f -1 -1 -1
1 1 0 30.4 63.5 1 -1 -1 0b -1 -1 -1 0f -1 -1 -1
1 1 0 30.4 63.5 1 -1 -1 0b -1 -1 -1 0f -1 -1 -1
1 1 0 30.3 63.5 1 -1 -1 0b -1 -1 -1 0f -1 -1 -1
1 1 0 30.4 63.5 1 -1 -1 0b -1 -1 -1 0f -1 -1 -1
1 1 0 30.3 63.5 1 -1 -1 0b -1 -1 -1 0f -1 -1 -1
1 1 0 30.4 63.5 1 -1 -1 0b -1 -1 -1 0f -1 -1 -1
1 1 0 30.4 63.5 1 -1 -1 0b -1 -1 -1 0f -1 -1 -1
1 1 0 30.4 63.5 1 -1 -1 0b -1 -1 -1 0f -1 -1 -1
1 1 0 30.4 63.5 1 -1 -1 0b -1 -1 -1 0f -1 -1 -1
1 1 0 30.4 64.0 1 -1 -1 0b -1 -1 -1 0f -1 -1 -1
1 1 0 30.5 63.5 1 -1 -1 0b -1 -1 -1 0f -1 -1 -1
1 1 0 30.4 63.5 1 -1 -1 0b -1 -1 -1 0f -1 -1 -1
1 1 0 30.4 63.5 1 -1 -1 0b -1 -1 -1 0f -1 -1 -1
1 1 0 30.5 64.0 1 -1 -1 0b -1 -1 -1 0f -1 -1 -1
1 1 0 30.5 64.0 1 -1 -1 0b -1 -1 -1 0f -1 -1 -1
1 1 0 30.4 63.5 1 -1 -1 0b -1 -1 -1 0f -1 -1 -1
1 1 0 30.4 64.0 1 -1 -1 0b -1 -1 -1 0f -1 -1 -1
1 1 0 30.4 63.5 1 -1 -1 0b -1 -1 -1 0f -1 -1 -1
1 1 0 30.4 63.5 1 -1 -1 0b -1 -1 -1 0f -1 -1 -1
1 1 0 30.4 63.5 1 -1 -1 0b -1 -1 -1 0f -1 -1 -1
1 1 0 30.4 63.5 1 -1 -1 0b -1 -1 -1 0f -1 -1 -1
1 1 0 30.4 63.5 0 -1 -1 0b -1 -1 -1 0f -1 -1 -1
1 1 0 30.4 63.5 0 -1 -1 0b -1 -1 -1 0f -1 -1 -1
1 1 0 30.4 63.5 0 -1 -1 0b -1 -1 -1 0f -1 -1 -1
1 1 0 30.5 63.5 0 -1 -1 0b -1 -1 -1 0f -1 -1 -1
1 1 0 30.4 63.5 0 -1 -1 0b -1 -1 -1 0f -1 -1 -1
1 1 0 30.4 63.0 0 -1 -1 0b -1 -1 -1 0f -1 -1 -1
1 1 0 30.4 63.0 0 -1 -1 0b -1 -1 -1 0f -1 -1 -1
1 1 0 30.4 63.0 0 -1 -1 0b -1 -1 -1 0f -1 -1 -1
1 1 0 30.4 63.0 0 -1 -1 0b -1 -1 -1 0f -1 -1 -1
1 1 0 30.4 63.0 2 -1 -1 0b -1 -1 -1 0f -1 -1 -1
1 1 0 30.5 63.0 2 -1 -1 0b -1 -1 -1 0f -1 -1 -1
1 1 0 30.4 63.0 2 -1 -1 0b -1 -1 -1 0f -1 -1 -1
1 1 0 30.5 63.0 2 -1 -1 0b -1 -1 -1 0f -1 -1 -1
1 1 0 30.5 62.5 3 -1 -1 0b -1 -1 -1 0f -1 -1 -1
1 1 0 30.5 63.0 1 -1 -1 0b -1 -1 -1 0f -1 -1 -1
1 1 0 30.5 63.0 1 -1 -1 0b -1 -1 -1 0f -1 -1 -1
1 1 0 30.4 63.0 1 -1 -1 0b -1 -1 -1 0f -1 -1 -1
1 1 0 30.5 63.0 1 -1 -1 0b -1 -1 -1 0f -1 -1 -1
1 1 0 30.4 63.0 1 -1 -1 0b -1 -1 -1 0f -1 -1 -1
1 1 0 30.5 63.0 1 -1 -1 0b -1 -1 -1 0f -1 -1 -1
1 1 0 30.5 62.5 1 -1 -1 0b -1 -1 -1 0f -1 -1 -1
1 1 0 30.5 62.5 2 -1 -1 0b -1 -1 -1 0f -1 -1 -1
1 1 0 30.4 62.5 2 -1 -1 0b -1 -1 -1 0f -1 -1 -1
1 1 0 30.5 62.5 2 -1 -1 0b -1 -1 -1 0f -1 -1 -1
1 1 0 30.5 62.5 0 -1 -1 0b -1 -1 -1 0f -1 -1 -1
1 1 0 30.4 62.5 1 -1 -1 0b -1 -1 -1 0f -1 -1 -1
1 1 0 30.6 62.5 1 -1 -1 0b -1 -1 -1 0f -1 -1 -1
1 1 0 30.5 62.5 2 -1 -1 0b -1 -1 -1 0f -1 -1 -1
1 1 0 30.5 62.5 2 -1 -1 0b -1 -1 -1 0f -1 -1 -1
1 1 0 30.5 62.0 2 -1 -1 0b -1 -1 -1 0f -1 -1 -1
1 1 0 30.5 62.5 2 -1 -1 0b -1 -1 -1 0f -1 -1 -1
1 1 0 30.5 62.0 2 -1 -1 0b -1 -1 -1 0f -1 -1 -1
1 1 0 30.5 62.0 2 -1 -1 0b -1 -1 -1 0f -1 -1 -1
1 1 0 30.5 62.0 2 -1 -1 0b -1 -1 -1 0f -1 -1 -1
1 1 0 30.4 62.0 2 -1 -1 0b -1 -1 -1 0f -1 -1 -1
1 1 0 30.5 62.5 4 -1 -1 0b -1 -1 -1 0f -1 -1 -1
1 1 0 30.5 62.5 4 -1 -1 0b -1 -1 -1 0f -1 -1 -1
1 1 0 30.5 62.5 4 -1 -1 0b -1 -1 -1 0f -1 -1 -1
1 1 0 30.4 63.0 4 -1 -1 0b -1 -1 -1 0f -1 -1 -1
1 1 0 30.5 62.5 4 -1 -1 0b -1 -1 -1 0f -1 -1 -1
1 1 0 30.5 62.5 2 -1 -1 0b -1 -1 -1 0f -1 -1 -1
1 1 0 30.5 63.0 3 -1 -1 0b -1 -1 -1 0f -1 -1 -1
1 1 0 30.4 63.0 5 -1 -1 0b -1 -1 -1 0f -1 -1 -1
1 1 0 30.5 63.0 5 -1 -1 0b -1 -1 -1 0f -1 -1 -1
1 1 0 30.5 63.0 5 -1 -1 0b -1 -1 -1 0f -1 -1 -1
1 1 0 30.5 63.0 5 -1 -1 0b -1 -1 -1 0f -1 -1 -1
1 1 0 30.5 63.0 7 -1 -1 0b -1 -1 -1 0f -1 -1 -1
1 1 0 30.5 63.0 7 -1 -1 0b -1 -1 -1 0f -1 -1 -1
1 1 0 30.5 63.0 7 -1 -1 0b -1 -1 -1 0f -1 -1 -1
1 1 0 30.5 63.0 3 -1 -1 0b -1 -1 -1 0f -1 -1 -1
1 1 0 30.5 63.5 5 -1 -1 0b -1 -1 -1 0f -1 -1 -1
1 1 0 30.5 63.5 5 -1 -1 0b -1 -1 -1 0f -1 -1 -1
1 1 0 30.5 63.5 5 -1 -1 0b -1 -1 -1 0f -1 -1 -1
1 1 0 30.5 63.5 5 -1 -1 0b -1 -1 -1 0f -1 -1 -1
1 1 0 30.6 63.5 5 -1 -1 0b -1 -1 -1 0f -1 -1 -1
1 1 0 30.5 63.5 7 -1 -1 0b -1 -1 -1 0f -1 -1 -1
1 1 0 30.5 63.5 7 -1 -1 0b -1 -1 -1 0f -1 -1 -1
1 1 0 30.5 63.5 7 -1 -1 0b -1 -1 -1 0f -1 -1 -1
1 1 0 30.5 63.5 7 -1 -1 0b -1 -1 -1 0f -1 -1 -1
1 1 0 30.6 63.5 7 -1 -1 0b -1 -1 -1 0f -1 -1 -1
1 1 0 30.6 63.5 7 -1 -1 0b -1 -1 -1 0f -1 -1 -1
1 1 0 30.6 63.5 7 -1 -1 0b -1 -1 -1 0f -1 -1 -1
1 1 0 30.5 63.0 9 -1 -1 0b -1 -1 -1 0f -1 -1 -1
1 1 0 30.5 63.0 9 -1 -1 0b -1 -1 -1 0f -1 -1 -1
1 1 0 30.5 63.0 5 -1 -1 0b -1 -1 -1 0f -1 -1 -1
1 1 0 30.5 63.0 5 -1 -1 0b -1 -1 -1 0f -1 -1 -1
1 1 0 30.5 63.0 7 -1 -1 0b -1 -1 -1 0f -1 -1 -1
1 1 0 30.5 63.0 7 -1 -1 0b -1 -1 -1 0f -1 -1 -1
1 1 0 30.5 63.0 7 -1 -1 0b -1 -1 -1 0f -1 -1 -1
1 1 0 30.5 63.0 7 -1 -1 0b -1 -1 -1 0f -1 -1 -1
1 1 0 30.6 63.0 7 -1 -1 0b -1 -1 -1 0f -1 -1 -1
1 1 0 30.6 63.0 7 -1 -1 0b -1 -1 -1 0f -1 -1 -1
1 1 0 30.6 63.0 7 -1 -1 0b -1 -1 -1 0f -1 -1 -1
1 1 0 30.6 63.0 7 -1 -1 0b -1 -1 -1 0f -1 -1 -1
1 1 0 30.6 63.0 9 -1 -1 0b -1 -1 -1 0f -1 -1 -1
1 1 0 30.6 63.0 9 -1 -1 0b -1 -1 -1 0f -1 -1 -1
1 1 0 30.6 63.0 9 -1 -1 0b -1 -1 -1 0f -1 -1 -1
1 1 0 30.6 63.0 9 -1 -1 0b -1 -1 -1 0f -1 -1 -1
1 1 0 30.6 63.0 9 -1 -1 0b -1 -1 -1 0f -1 -1 -1
1 1 0 30.6 63.0 9 -1 -1 0b -1 -1 -1 0f -1 -1 -1
1 1 0 30.6 62.5 9 -1 -1 0b -1 -1 -1 0f -1 -1 -1
1 1 0 30.6 62.5 11 -1 -1 0b -1 -1 -1 0f -1 -1 -1
1 1 0 30.6 62.5 11 -1 -1 0b -1 -1 -1 0f -1 -1 -1
1 1 0 30.6 62.5 11 -1 -1 0b -1 -1 -1 0f -1 -1 -1
1 1 0 30.6 62.5 11 -1 -1 0b -1 -1 -1 0f -1 -1 -1
1 1 0 30.6 62.5 11 -1 -1 0b -1 -1 -1 0f -1 -1 -1
1 1 0 30.6 62.5 11 -1 -1 0b -1 -1 -1 0f -1 -1 -1
1 1 0 30.7 62.5 11 -1 -1 0b -1 -1 -1 0f -1 -1 -1
1 1 0 30.6 62.5 8 -1 -1 0b -1 -1 -1 0f -1 -1 -1
1 1 0 30.7 62.5 8 -1 -1 0b -1 -1 -1 0f -1 -1 -1
1 1 0 30.6 62.5 8 -1 -1 0b -1 -1 -1 0f -1 -1 -1
1 1 0 30.7 62.5 8 -1 -1 0b -1 -1 -1 0f -1 -1 -1
1 1 0 30.7 62.5 8 -1 -1 0b -1 -1 -1 0f -1 -1 -1
1 1 0 30.7 62.5 8 -1 -1 0b -1 -1 -1 0f -1 -1 -1
1 1 0 30.7 62.5 8 -1 -1 0b -1 -1 -1 0f -1 -1 -1
1 1 0 30.7 63.0 8 -1 -1 0b -1 -1 -1 0f -1 -1 -1
1 1 0 30.6 63.0 8 -1 -1 0b -1 -1 -1 0f -1 -1 -1
1 1 0 30.6 62.5 8 -1 -1 0b -1 -1 -1 0f -1 -1 -1
1 1 0 30.6 62.5 10 -1 -1 0b -1 -1 -1 0f -1 -1 -1
1 1 0 30.6 63.0 10 -1 -1 0b -1 -1 -1 0f -1 -1 -1
1 1 0 30.7 63.0 10 -1 -1 0b -1 -1 -1 0f -1 -1 -1
1 1 0 30.7 63.0 10 -1 -1 0b -1 -1 -1 0f -1 -1 -1
1 1 0 30.7 63.0 10 -1 -1 0b -1 -1 -1 0f -1 -1 -1
1 1 0 30.6 63.0 10 -1 -1 0b -1 -1 -1 0f -1 -1 -1
1 1 0 30.7 63.0 10 -1 -1 0b -1 -1 -1 0f -1 -1 -1
1 1 0 30.7 63.0 10 -1 -1 0b -1 -1 -1 0f -1 -1 -1
1 1 0 30.6 63.0 10 -1 -1 0b -1 -1 -1 0f -1 -1 -1
1 1 0 30.7 63.0 10 -1 -1 0b -1 -1 -1 0f -1 -1 -1
1 1 0 30.7 63.0 10 -1 -1 0b -1 -1 -1 0f -1 -1 -1
1 1 0 30.7 63.0 10 -1 -1 0b -1 -1 -1 0f -1 -1 -1
1 1 0 30.7 63.0 10 -1 -1 0b -1 -1 -1 0f -1 -1 -1
1 1 0 30.6 63.0 10 -1 -1 0b -1 -1 -1 0f -1 -1 -1
1 1 0 30.7 63.0 10 -1 -1 0b -1 -1 -1 0f -1 -1 -1
1 1 0 30.7 63.0 10 -1 -1 0b -1 -1 -1 0f -1 -1 -1
1 1 0 30.7 63.0 10 -1 -1 0b -1 -1 -1 0f -1 -1 -1
1 1 0 30.6 63.0 10 -1 -1 0b -1 -1 -1 0f -1 -1 -1
1 1 0 30.7 63.0 10 -1 -1 0b -1 -1 -1 0f -1 -1 -1
1 1 0 30.7 63.0 12 -1 -1 0b -1 -1 -1 0f -1 -1 -1
1 1 0 30.7 63.0 12 -1 -1 0b -1 -1 -1 0f -1 -1 -1
1 1 0 30.7 63.0 12 -1 -1 0b -1 -1 -1 0f -1 -1 -1
1 1 0 30.7 63.0 12 -1 -1 0b -1 -1 -1 0f -1 -1 -1
1 1 0 30.7 63.0 12 -1 -1 0b -1 -1 -1 0f -1 -1 -1
1 1 0 30.7 63.0 12 -1 -1 0b -1 -1 -1 0f -1 -1 -1
1 1 0 30.7 63.0 12 -1 -1 0b -1 -1 -1 0f -1 -1 -1
1 1 0 30.7 63.0 12 -1 -1 0b -1 -1 -1 0f -1 -1 -1
1 1 0 30.7 63.0 10 -1 -1 0b -1 -1 -1 0f -1 -1 -1
1 1 0 30.7 63.0 10 -1 -1 0b -1 -1 -1 0f -1 -1 -1
1 1 0 30.8 63.0 12 -1 -1 0b -1 -1 -1 0f -1 -1 -1
1 1 0 30.7 63.0 12 -1 -1 0b -1 -1 -1 0f -1 -1 -1
1 1 0 30.7 63.0 12 -1 -1 0b -1 -1 -1 0f -1 -1 -1
1 1 0 30.7 63.0 12 -1 -1 0b -1 -1 -1 0f -1 -1 -1
1 1 0 30.8 63.0 12 -1 -1 0b -1 -1 -1 0f -1 -1 -1
1 1 0 30.7 63.0 12 -1 -1 0b -1 -1 -1 0f -1 -1 -1
1 1 0 30.8 63.0 12 -1 -1 0b -1 -1 -1 0f -1 -1 -1
1 1 0 30.7 63.0 12 -1 -1 0b -1 -1 -1 0f -1 -1 -1
1 1 0 30.8 63.0 12 -1 -1 0b -1 -1 -1 0f -1 -1 -1
1 1 0 30.8 63.0 12 -1 -1 0b -1 -1 -1 0f -1 -1 -1
1 1 0 30.8 63.0 12 -1 -1 0b -1 -1 -1 0f -1 -1 -1
1 1 0 30.7 63.0 12 -1 -1 0b -1 -1 -1 0f -1 -1 -1
1 1 0 30.8 63.0 12 -1 -1 0b -1 -1 -1 0f -1 -1 -1
1 1 0 30.8 63.0 12 -1 -1 0b -1 -1 -1 0f -1 -1 -1
1 1 0 30.8 63.0 12 -1 -1 0b -1 -1 -1 0f -1 -1 -1
1 1 0 30.8 63.0 12 -1 -1 0b -1 -1 -1 0f -1 -1 -1
1 1 0 30.8 63.0 12 -1 -1 0b -1 -1 -1 0f -1 -1 -1
1 1 0 30.8 63.0 12 -1 -1 0b -1 -1 -1 0f -1 -1 -1
1 1 0 30.8 63.0 12 -1 -1 0b -1 -1 -1 0f -1 -1 -1
1 1 0 30.9 63.0 12 -1 -1 0b -1 -1 -1 0f -1 -1 -1
1 1 0 30.8 63.0 12 -1 -1 0b -1 -1 -1 0f -1 -1 -1
1 1 0 30.8 63.0 10 -1 -1 0b -1 -1 -1 0f -1 -1 -1
1 1 0 30.8 63.0 8 -1 -1 0b -1 -1 -1 0f -1 -1 -1
1 1 0 30.8 63.0 10 -1 -1 0b -1 -1 -1 0f -1 -1 -1
1 1 0 30.8 63.0 10 -1 -1 0b -1 -1 -1 0f -1 -1 -1
1 1 0 30.9 63.0 10 -1 -1 0b -1 -1 -1 0f -1 -1 -1
1 1 0 30.9 63.0 10 -1 -1 0b -1 -1 -1 0f -1 -1 -1
1 1 0 30.9 63.0 10 -1 -1 0b -1 -1 -1 0f -1 -1 -1
1 1 0 30.9 63.0 10 -1 -1 0b -1 -1 -1 0f -1 -1 -1
1 1 0 30.9 63.0 10 -1 -1 0b -1 -1 -1 0f -1 -1 -1
1 1 0 30.8 63.0 10 -1 -1 0b -1 -1 -1 0f -1 -1 -1
1 1 0 30.9 63.0 10 -1 -1 0b -1 -1 -1 0f -1 -1 -1
1 1 0 30.8 63.0 10 -1 -1 0b -1 -1 -1 0f -1 -1 -1
1 1 0 30.9 63.0 10 -1 -1 0b -1 -1 -1 0f -1 -1 -1
1 1 0 30.9 63.0 10 -1 -1 0b -1 -1 -1 0f -1 -1 -1
1 1 0 30.9 62.5 10 -1 -1 0b -1 -1 -1 0f -1 -1 -1
1 1 0 30.9 62.5 12 -1 -1 0b -1 -1 -1 0f -1 -1 -1
1 1 0 30.9 62.0 12 -1 -1 0b -1 -1 -1 0f -1 -1 -1
1 1 0 30.9 62.5 12 -1 -1 0b -1 -1 -1 0f -1 -1 -1
1 1 0 30.9 62.5 12 -1 -1 0b -1 -1 -1 0f -1 -1 -1
1 1 0 31.0 62.5 14 -1 -1 0b -1 -1 -1 0f -1 -1 -1
1 1 0 30.8 62.5 14 -1 -1 0b -1 -1 -1 0f -1 -1 -1
1 1 0 30.9 62.5 14 -1 -1 0b -1 -1 -1 0f -1 -1 -1
1 1 0 30.9 62.5 10 -1 -1 0b -1 -1 -1 0f -1 -1 -1
1 1 0 30.9 62.0 10 -1 -1 0b -1 -1 -1 0f -1 -1 -1
1 1 0 30.9 62.5 10 -1 -1 0b -1 -1 -1 0f -1 -1 -1
1 1 0 30.9 62.5 12 -1 -1 0b -1 -1 -1 0f -1 -1 -1
1 1 0 31.0 62.5 12 -1 -1 0b -1 -1 -1 0f -1 -1 -1
1 1 0 31.0 62.5 12 -1 -1 0b -1 -1 -1 0f -1 -1 -1
1 1 0 31.0 62.5 12 -1 -1 0b -1 -1 -1 0f -1 -1 -1
1 1 0 30.9 62.5 12 -1 -1 0b -1 -1 -1 0f -1 -1 -1
1 1 0 31.0 62.5 12 -1 -1 0b -1 -1 -1 0f -1 -1 -1
1 1 0 30.9 62.0 12 -1 -1 0b -1 -1 -1 0f -1 -1 -1
1 1 0 31.0 61.5 12 -1 -1 0b -1 -1 -1 0f -1 -1 -1
1 1 0 31.0 61.5 12 -1 -1 0b -1 -1 -1 0f -1 -1 -1
1 1 0 30.9 62.0 14 -1 -1 0b -1 -1 -1 0f -1 -1 -1
1 1 0 31.0 62.5 14 -1 -1 0b -1 -1 -1 0f -1 -1 -1
1 1 0 31.0 62.5 10 -1 -1 0b -1 -1 -1 0f -1 -1 -1
1 1 0 31.0 62.5 10 -1 -1 0b -1 -1 -1 0f -1 -1 -1
1 1 0 31.1 62.5 12 -1 -1 0b -1 -1 -1 0f -1 -1 -1
1 1 0 31.0 62.5 12 -1 -1 0b -1 -1 -1 0f -1 -1 -1
1 1 0 31.0 62.5 14 -1 -1 0b -1 -1 -1 0f -1 -1 -1
1 1 0 31.0 62.5 12 -1 -1 0b -1 -1 -1 0f -1 -1 -1
1 1 0 31.1 62.5 10 -1 -1 0b -1 -1 -1 0f -1 -1 -1
1 1 0 31.1 62.0 10 -1 -1 0b -1 -1 -1 0f -1 -1 -1
1 1 0 31.0 62.0 10 -1 -1 0b -1 -1 -1 0f -1 -1 -1
1 1 0 31.0 62.5 10 -1 -1 0b -1 -1 -1 0f -1 -1 -1
1 1 0 31.1 62.0 14 -1 -1 0b -1 -1 -1 0f -1 -1 -1
1 1 0 31.1 62.5 12 -1 -1 0b -1 -1 -1 0f -1 -1 -1
1 1 0 31.0 62.0 14 -1 -1 0b -1 -1 -1 0f -1 -1 -1
1 1 0 31.1 62.0 12 -1 -1 0b -1 -1 -1 0f -1 -1 -1
1 1 0 31.0 61.0 8 -1 -1 0b -1 -1 -1 0f -1 -1 -1
1 1 0 31.1 62.0 16 -1 -1 0b -1 -1 -1 0f -1 -1 -1
1 1 0 31.1 62.5 12 -1 -1 0b -1 -1 -1 0f -1 -1 -1
1 1 0 31.0 62.5 12 -1 -1 0b -1 -1 -1 0f -1 -1 -1
1 1 0 31.0 62.5 14 -1 -1 0b -1 -1 -1 0f -1 -1 -1
1 1 0 31.1 62.5 12 -1 -1 0b -1 -1 -1 0f -1 -1 -1
1 1 0 31.1 62.5 10 -1 -1 0b -1 -1 -1 0f -1 -1 -1
1 1 0 31.1 62.5 12 -1 -1 0b -1 -1 -1 0f -1 -1 -1
1 1 0 31.1 62.0 12 -1 -1 0b -1 -1 -1 0f -1 -1 -1
1 1 0 31.1 62.5 10 -1 -1 0b -1 -1 -1 0f -1 -1 -1
1 1 0 31.1 62.5 12 -1 -1 0b -1 -1 -1 0f -1 -1 -1
1 1 0 31.1 62.0 12 -1 -1 0b -1 -1 -1 0f -1 -1 -1
1 1 0 31.1 62.5 14 -1 -1 0b -1 -1 -1 0f -1 -1 -1
1 1 0 31.1 62.5 12 -1 -1 0b -1 -1 -1 0f -1 -1 -1
1 1 0 31.1 62.5 12 -1 -1 0b -1 -1 -1 0f -1 -1 -1
1 1 0 31.1 62.5 12 -1 -1 0b -1 -1 -1 0f -1 -1 -1
1 1 0 31.1 62.5 12 -1 -1 0b -1 -1 -1 0f -1 -1 -1
1 1 0 31.2 62.5 12 -1 -1 0b -1 -1 -1 0f -1 -1 -1
1 1 0 31.1 61.5 14 -1 -1 0b -1 -1 -1 0f -1 -1 -1
1 1 0 31.1 60.0 14 -1 -1 0b -1 -1 -1 0f -1 -1 -1
1 1 0 31.1 61.5 14 -1 -1 0b -1 -1 -1 0f -1 -1 -1
1 1 0 31.0 62.0 12 -1 -1 0b -1 -1 -1 0f -1 -1 -1
1 1 0 31.1 62.5 10 -1 -1 0b -1 -1 -1 0f -1 -1 -1
1 1 0 31.2 62.5 14 -1 -1 0b -1 -1 -1 0f -1 -1 -1
1 1 0 31.1 62.5 10 c24f -1 0b -1 -1 -1 0f -1 -1 -1
1 1 0 31.2 62.5 14 c24f -1 0b -1 -1 -1 0f -1 -1 -1
1 1 1 31.1 62.0 15 c24f -1 0b -1 -1 -1 0f -1 -1 -1
1 1 0 31.2 62.5 17 c22f -1 0b -1 -1 -1 0f -1 -1 -1
1 1 0 31.2 62.5 17 c22f -1 0b -1 -1 -1 0f -1 -1 -1
1 1 0 31.1 61.0 13 c22f -1 0b -1 -1 -1 0f -1 -1 -1
1 1 4 31.0 60.5 10 c22f -1 0b -1 -1 -1 0f -1 -1 -1
1 1 4 30.7 60.5 12 c22f -1 0b -1 -1 -1 7f -1 -1 -1
1 1 28 30.6 60.5 15 c22f -1 0b -1 -1 -1 7f -1 -1 -1
1 1 8 30.4 60.0 18 c22f -1 0b -1 -1 -1 7f -1 -1 -1
1 1 0 30.2 59.5 18 c22f -1 0b -1 -1 -1 7f -1 -1 -1
1 1 0 30.2 59.0 16 c22f -1 0b -1 -1 -1 7f -1 -1 -1
1 1 0 30.1 58.0 16 c22f -1 0b -1 -1 -1 7f -1 -1 -1
1 1 0 29.9 58.0 14 c22f -1 0b -1 -1 -1 7f -1 -1 -1
1 1 0 29.8 57.5 14 c22f -1 0b -1 -1 -1 7f -1 -1 -1
1 1 0 29.8 57.0 12 c22f -1 0b -1 -1 -1 7f -1 -1 -1
1 1 0 29.7 56.5 14 c22f -1 0b -1 -1 -1 7f -1 -1 -1
1 1 0 29.6 55.5 16 c22f -1 0b -1 -1 -1 7f -1 -1 -1
1 1 0 29.5 55.5 16 c22f -1 0b -1 -1 -1 7f -1 -1 -1
1 1 0 29.4 55.0 18 c22f -1 0b -1 -1 -1 7f -1 -1 -1
1 1 0 29.3 54.5 16 c22f -1 0b -1 -1 -1 7f -1 -1 -1
1 1 0 29.3 54.5 16 c22f -1 0b -1 -1 -1 7f -1 -1 -1
1 1 0 29.3 54.5 14 c22f -1 0b -1 -1 -1 7f -1 -1 -1
1 1 0 29.2 54.5 12 c22f -1 0b -1 -1 -1 7f -1 -1 -1
1 1 0 29.1 54.0 14 c22f -1 0b -1 -1 -1 7f -1 -1 -1
1 1 0 29.1 54.0 16 c22f -1 0b -1 -1 -1 7f -1 -1 -1
1 1 0 29.0 54.0 16 c22f -1 0b -1 -1 -1 7f -1 -1 -1
1 1 0 29.0 53.5 18 c22f -1 0b -1 -1 -1 7f -1 -1 -1
1 1 0 29.0 53.5 16 c22f -1 0b -1 -1 -1 7f -1 -1 -1
1 1 0 28.9 53.0 15 c22f -1 0b -1 -1 -1 7f -1 -1 -1
1 1 0 28.8 53.0 14 c22f -1 0b -1 -1 -1 7f -1 -1 -1
1 1 0 28.6 53.0 18 c22f -1 0b -1 -1 -1 7f -1 -1 -1
1 1 0 28.5 53.0 14 c22f -1 0b -1 -1 -1 7f -1 -1 -1
1 1 0 28.6 52.5 12 c22f -1 0b -1 -1 -1 7f -1 -1 -1
1 1 0 28.4 52.5 18 c22f -1 0b -1 -1 -1 7f -1 -1 -1
1 1 0 28.4 52.5 14 c22f -1 0b -1 -1 -1 7f -1 -1 -1
1 1 0 28.3 52.5 12 c22f -1 0b -1 -1 -1 7f -1 -1 -1
1 1 0 28.3 52.5 16 c22f -1 0b -1 -1 -1 7f -1 -1 -1
1 1 0 28.2 52.0 16 c22f -1 0b -1 -1 -1 7f -1 -1 -1
1 1 0 28.2 52.5 14 c22f -1 0b -1 -1 -1 7f -1 -1 -1
1 1 0 28.1 52.5 14 c22f -1 0b -1 -1 -1 7f -1 -1 -1
1 1 0 28.0 52.5 14 c22f -1 0b -1 -1 -1 7f -1 -1 -1
1 1 0 28.0 52.5 16 c22f -1 0b -1 -1 -1 7f -1 -1 -1
1 1 0 28.0 52.5 16 c22f -1 0b -1 -1 -1 7f -1 -1 -1
1 1 0 28.0 52.5 16 c22f -1 0b -1 -1 -1 7f -1 -1 -1
1 1 0 28.0 52.5 16 c22f -1 0b -1 -1 -1 7f -1 -1 -1
1 1 0 27.9 52.5 16 c22f -1 0b -1 -1 -1 7f -1 -1 -1
1 1 0 27.9 52.5 16 c22f -1 0b -1 -1 -1 7f -1 -1 -1
1 1 0 27.9 52.5 16 c22f -1 0b -1 -1 -1 7f -1 -1 -1
1 1 0 27.8 52.5 16 c22f -1 0b -1 -1 -1 7f -1 -1 -1
1 1 0 27.8 52.0 16 c22f -1 0b -1 -1 -1 7f -1 -1 -1
1 1 0 27.8 52.0 16 c22f -1 0b -1 -1 -1 7f -1 -1 -1
1 1 0 27.8 52.0 16 c22f -1 0b -1 -1 -1 7f -1 -1 -1
1 1 0 27.7 51.5 16 c22f -1 0b -1 -1 -1 7f -1 -1 -1
1 1 0 27.7 51.5 16 c22f -1 0b -1 -1 -1 7f -1 -1 -1
1 1 0 27.6 51.5 16 c22f -1 0b -1 -1 -1 7f -1 -1 -1
1 1 0 27.7 51.5 16 c22f -1 0b -1 -1 -1 7f -1 -1 -1
1 1 0 27.5 51.0 18 c22f -1 0b -1 -1 -1 7f -1 -1 -1
1 1 0 27.5 51.5 16 c22f -1 0b -1 -1 -1 7f 85 86 83
1 1 0 27.5 51.5 23 c22f -1 0b 85 88 -1 7f 85 86 83
1 1 0 27.5 52.0 25 c22f -1 0b 85 88 -1 7f 85 86 83
1 1 0 27.4 52.0 21 c22f -1 0b 85 88 -1 7f 85 86 83
1 1 0 27.3 52.0 21 c22f -1 0b 85 88 -1 7f 85 86 83
1 1 0 27.4 52.5 21 c22f -1 0b 85 88 -1 7f 85 86 83
1 1 0 27.4 52.5 21 c22f -1 0b 85 88 -1 7f 85 86 83
1 1 0 27.3 52.5 21 c22f -1 0b 85 88 -1 7f 85 86 83
1 1 0 27.3 52.5 21 c22f -1 0b 85 88 -1 7f 85 86 83
1 1 0 27.2 52.5 21 c22f -1 0b 85 88 -1 7f 85 86 83
1 1 0 27.2 52.5 24 c22f -1 0b 85 88 -1 7f 85 86 83
1 1 0 27.2 53.0 21 c22f -1 0b 85 88 -1 7f 85 86 83
1 1 0 27.1 53.0 21 c22f -1 0b 85 88 -1 7f 85 86 83
1 1 0 27.1 53.5 24 c22f -1 0b 85 88 -1 7f 85 86 83
1 1 0 27.0 53.5 21 c22f -1 0b 85 88 -1 7f 85 86 83
1 1 0 27.1 53.5 21 c22f -1 0b 85 88 -1 7f 85 86 83
1 1 0 27.1 53.0 21 c22f -1 0b 85 88 -1 7f 85 86 83
1 1 0 27.0 53.0 24 c22f -1 0b 85 88 -1 7f 85 86 83
1 1 0 27.1 53.0 21 c22f -1 0b 85 88 -1 7f 85 86 83
1 1 0 27.0 53.0 23 c22f -1 0b 85 88 -1 7f 85 86 83
1 1 0 27.1 53.5 21 c22f -1 0b 85 88 -1 7f 85 86 83
1 1 0 27.0 53.0 21 c22f -1 0b 85 88 -1 7f 85 86 83
1 1 0 27.0 53.5 21 c22f -1 0b 85 88 -1 7f 85 86 83
1 1 0 27.0 53.5 21 c22f -1 0b 85 88 -1 7f 85 86 83
1 1 0 26.9 53.5 21 c22f -1 0b 85 88 -1 7f 85 86 83
1 1 0 26.9 53.0 21 c22f -1 0b 85 88 -1 7f 85 86 83
1 1 0 26.8 53.0 21 c22f -1 0b 85 88 -1 7f 85 86 83
1 1 0 26.9 53.0 21 c22f -1 0b 85 88 -1 7f 85 86 83
1 1 0 26.9 52.5 21 c22f -1 0b 85 88 -1 7f 85 86 83
1 1 0 26.8 52.5 21 c22f -1 0b 85 88 -1 7f 85 86 83
1 1 0 26.8 52.5 21 c22f -1 0b 85 88 -1 7f 85 86 83
1 1 0 26.7 52.5 21 c22f -1 0b 85 88 -1 7f 85 86 83
1 1 0 26.8 52.0 21 c22f -1 0b 85 88 -1 7f 85 86 83
1 1 0 26.7 52.0 21 c22f -1 0b 85 88 -1 7f 85 86 83
1 1 0 26.7 52.0 21 c22f -1 0b 85 88 -1 7f 85 86 83
1 1 0 26.5 52.0 21 c22f -1 0b 85 88 -1 7f 85 86 83
1 1 0 26.6 52.0 21 c22f -1 0b 85 88 -1 7f 85 86 83
1 1 0 26.5 52.0 19 c22f -1 0b 85 88 -1 7f 85 86 83
1 1 0 26.5 52.0 21 c22f -1 0b 85 88 -1 7f 85 86 83
1 1 0 26.5 52.0 21 c22f -1 0b 85 88 -1 7f 85 86 83
1 1 0 26.5 52.0 21 c22f -1 0b 85 88 -1 7f 85 86 83
1 1 0 26.6 52.0 21 c22f -1 0b 85 88 -1 7f 85 86 83
1 1 0 26.5 52.0 24 c22f -1 0b 85 88 -1 7f 85 86 83
1 1 0 26.5 52.0 24 c22f -1 0b 85 88 -1 7f 85 86 83
1 1 0 26.4 52.0 21 c22f -1 0b 85 88 -1 7f 85 86 83
1 1 0 26.5 52.5 21 c22f -1 0b 85 88 -1 7f 85 86 83
1 1 0 26.5 52.5 21 c22f -1 0b 85 88 -1 7f 85 86 83
1 1 0 26.4 52.5 19 c22f -1 0b 85 88 -1 7f 85 86 83
1 1 0 26.5 52.5 21 c22f -1 0b 85 88 -1 7f 85 86 83
1 1 0 26.3 52.5 21 c22f -1 0b 85 88 -1 7f 85 86 83
1 1 0 26.3 52.5 21 c22f -1 0b 85 88 -1 7f 85 86 83
1 1 0 26.4 52.5 23 c22f -1 0b 85 88 -1 7f 85 86 83
1 1 0 26.4 52.0 19 c22f -1 0b 85 88 -1 7f 85 86 83
1 1 0 26.3 52.0 21 c22f -1 0b 85 88 -1 7f 85 86 83
1 1 0 26.3 52.5 21 c22f -1 0b 85 88 -1 7f 85 86 83
1 1 0 26.3 52.5 21 c22f -1 0b 85 88 -1 7f 85 86 83
1 1 0 26.3 52.0 21 c22f -1 0b 85 88 -1 7f 85 86 83
1 1 0 26.2 52.0 21 c22f -1 0b 85 88 -1 7f 85 86 83
1 1 0 26.3 52.5 24 c22f -1 0b 85 88 -1 7f 85 86 83
1 1 0 26.2 52.5 24 c22f -1 0b 85 88 -1 7f 85 86 83
1 1 0 26.2 53.0 24 c22f -1 0b 85 88 -1 7f 85 86 83
1 1 0 26.1 53.0 24 c22f -1 0b 85 88 -1 7f 85 86 83
1 1 0 26.1 53.0 24 c22f -1 0b 85 88 -1 7f 85 86 83
1 1 0 26.1 53.0 24 c22f -1 0b 85 88 -1 7f 85 86 83
1 1 0 26.1 53.5 24 c22f -1 0b 85 88 -1 7f 85 86 83
1 1 0 26.1 53.5 24 c22f -1 0b 85 88 -1 7f 85 86 83
1 1 0 26.1 53.5 21 c22f -1 0b 85 88 -1 7f 85 86 83
1 1 0 26.1 53.5 23 c22f -1 0b 85 88 -1 7f 85 86 83
1 1 0 26.1 53.5 19 c22f -1 0b 85 88 -1 7f 85 86 83
1 1 0 26.2 53.5 21 c22f -1 0b 85 88 -1 7f 85 86 83
1 1 0 26.2 53.0 21 c22f -1 0b 85 88 -1 7f 85 86 83
1 1 0 26.2 52.5 23 c22f -1 0b 85 88 -1 7f 85 86 83
1 1 0 26.2 52.5 21 c22f -1 0b 85 88 -1 7f 85 86 83
1 1 0 26.1 52.5 21 c22f -1 0b 85 88 -1 7f 85 86 83
1 1 0 26.0 52.5 23 c22f -1 0b 85 88 -1 7f 85 86 83
1 1 0 26.0 53.0 24 c22f -1 0b 85 88 -1 7f 85 86 83
1 1 0 26.0 53.0 24 c22f -1 0b 85 88 -1 7f 85 86 83
1 1 0 26.0 53.0 19 c22f -1 0b 85 88 -1 7f 85 86 83
1 1 0 26.0 53.0 21 c22f -1 0b 85 88 -1 7f 85 86 83
1 1 0 26.0 53.0 21 c22f -1 0b 85 88 -1 7f 85 86 83
1 1 0 26.0 53.0 24 c22f -1 0b 85 88 -1 7f 85 86 83
1 1 0 25.9 53.0 22 c22f -1 0b 85 88 -1 7f 85 86 83
1 1 0 26.0 53.5 22 c22f -1 0b 85 88 -1 7f 85 86 83
1 1 0 26.1 53.5 24 c22f -1 0b 85 88 -1 7f 85 86 83
1 1 0 26.0 53.5 24 c22f -1 0b 85 88 -1 7f 85 86 83
1 1 0 26.0 53.5 23 c22f -1 0b 85 88 -1 7f 85 86 83
1 1 0 26.0 53.5 24 c22f -1 0b 85 88 -1 7f 85 86 83
1 1 0 26.0 53.5 19 c22f -1 0b 85 88 -1 7f 85 86 83
1 1 0 25.9 54.0 19 c22f -1 0b 85 88 -1 7f 85 86 83
1 1 0 26.0 54.0 21 c22f -1 0b 85 88 -1 7f 85 86 83
1 1 0 26.0 54.0 23 c22f -1 0b 85 88 -1 7f 85 86 83
1 1 0 26.0 54.0 19 c22f -1 0b 85 88 -1 7f 85 86 83
1 1 0 25.9 54.0 21 c22f -1 0b 85 88 -1 7f 85 86 83
1 1 0 25.9 54.0 21 c22f -1 0b 85 88 -1 7f 85 86 83
1 1 0 26.0 54.0 21 c22f -1 0b 85 88 -1 7f 85 86 83
1 1 0 25.9 54.0 21 c22f -1 0b 85 88 -1 7f 85 86 83
1 1 0 26.0 54.5 21 c22f -1 0b 85 88 -1 7f 85 86 83
1 1 0 25.9 54.5 21 c22f -1 0b 85 88 -1 7f 85 86 83
1 1 0 25.9 54.5 21 c22f -1 0b 85 88 -1 7f 85 86 83
1 1 0 25.9 54.5 19 c22f -1 0b 85 88 -1 7f 85 86 83
1 1 0 25.9 54.5 19 c22f -1 0b 85 88 -1 7f 85 86 83
1 1 0 25.8 54.5 21 c22f -1 0b 85 88 -1 7f 85 86 83
1 1 0 25.9 54.5 21 c22f -1 0b 85 88 -1 7f 85 86 83
1 1 0 25.9 54.5 19 c22f -1 0b 85 88 -1 7f 85 86 83
1 1 0 25.9 55.0 19 c22f -1 0b 85 88 -1 7f 85 86 83
1 1 0 25.8 55.5 21 c22f -1 0b 85 88 -1 7f 85 86 83
1 1 0 25.8 55.5 23 c22f -1 0b 85 88 -1 7f 85 86 83
1 1 0 25.7 55.5 19 c22f -1 0b 85 88 -1 7f 85 86 83
1 1 0 25.7 55.5 23 c22f -1 0b 85 88 -1 7f 85 86 83
1 1 0 25.8 55.5 21 c22f -1 0b 85 88 -1 7f 85 86 83
1 1 0 25.8 55.5 21 c22f -1 0b 85 88 -1 7f 85 86 83
1 1 0 25.8 55.0 17 c22f -1 0b 85 88 -1 7f 85 86 83
1 1 0 25.7 55.0 21 c22f -1 0b 85 88 -1 7f 85 86 83
1 1 0 25.7 55.0 23 c22f -1 0b 85 88 -1 7f 85 86 83
1 1 0 25.8 55.0 19 c22f -1 0b 85 88 -1 7f 85 86 83
1 1 0 25.8 55.0 21 c22f -1 0b 85 88 -1 7f 85 86 83
1 1 0 25.7 55.0 21 c22f -1 0b 85 88 -1 7f 85 86 83
1 1 0 25.8 55.0 24 c22f -1 0b 85 88 -1 7f 85 86 83
1 1 0 25.8 55.0 21 c22f -1 0b 85 88 -1 7f 85 86 83
1 1 0 25.8 54.5 23 c22f -1 0b 85 88 -1 7f 85 86 83
1 1 0 25.8 54.0 21 c22f -1 0b 85 88 -1 7f 85 86 83
1 1 0 25.7 54.0 21 c22f -1 0b 85 88 -1 7f 85 86 83
1 1 0 25.7 54.0 24 c22f -1 0b 85 88 -1 7f 85 86 83
1 1 0 25.7 54.0 21 c22f -1 0b 85 88 -1 7f 85 86 83
1 1 0 25.8 53.5 21 c22f -1 0b 85 88 -1 7f 85 86 83
1 1 0 25.7 53.5 21 c22f -1 0b 85 88 -1 7f 85 86 83
1 1 0 25.7 53.0 24 c22f -1 0b 85 88 -1 7f 85 86 83
1 1 0 25.7 53.0 24 c22f -1 0b 85 88 -1 7f 85 86 83
1 1 0 25.6 52.5 23 c22f -1 0b 85 88 -1 7f 85 86 83
1 1 0 25.7 52.5 24 c22f -1 0b 85 88 -1 7f 85 86 83
1 1 0 25.6 52.0 22 c22f -1 0b 85 88 -1 7f 85 86 83
1 1 0 25.7 52.0 22 c22f -1 0b 85 88 -1 7f 85 86 83
1 1 0 25.6 51.5 22 c22f -1 0b 85 88 -1 7f 85 86 83
1 1 0 25.6 52.0 21 c22f -1 0b 85 88 -1 7f 85 86 83
1 1 0 25.6 52.0 19 c22f -1 0b 85 88 -1 7f 85 86 83
1 1 0 25.6 52.5 23 c22f -1 0b 85 88 -1 7f 85 86 83
1 1 0 25.6 52.5 19 c22f -1 0b 85 88 -1 7f 85 86 83
1 1 0 25.6 52.5 19 c22f -1 0b 85 88 -1 7f 85 86 83
1 1 0 25.5 52.0 19 c22f -1 0b 85 88 -1 7f 85 86 83
1 1 0 25.6 52.0 19 c22f -1 0b 85 88 -1 7f 85 86 83
1 1 0 25.6 52.0 17 c22f -1 0b 85 88 -1 7f 85 86 83
1 1 0 25.6 52.0 17 c22f -1 0b 85 88 -1 7f 85 86 83
1 1 0 25.5 51.5 17 c22f -1 0b 85 88 -1 7f 85 86 83
1 1 0 25.5 51.5 17 c22f -1 0b 85 88 -1 7f 85 86 83
1 1 0 25.5 51.5 17 c22f -1 0b 85 88 -1 7f 85 86 83
1 1 0 25.5 51.5 17 c22f -1 0b 85 88 -1 7f 85 86 83
1 1 0 25.4 51.5 23 c22f -1 0b 85 88 -1 7f 85 86 83
1 1 0 25.6 52.0 21 c22f -1 0b 85 88 -1 7f 85 86 83
1 1 0 25.5 52.0 21 c22f -1 0b 85 88 -1 7f 85 86 83
1 1 0 25.5 52.0 21 c22f -1 0b 85 88 -1 7f 85 86 83
1 1 0 25.6 52.0 19 c22f -1 0b 85 88 -1 7f 85 86 83
1 1 0 25.6 52.0 21 c22f -1 0b 85 88 -1 7f 85 86 83
1 1 0 25.6 52.0 21 c22f -1 0b 85 88 -1 7f 85 86 83
1 1 0 25.5 52.0 26 c22f -1 0b 85 88 -1 7f 85 86 83
1 1 0 25.5 52.0 24 c22f -1 0b 85 88 -1 7f 85 86 83
1 1 0 25.5 51.5 24 c22f -1 0b 85 88 -1 7f 85 86 83
1 1 0 25.5 52.0 24 c22f -1 0b 85 88 -1 7f 85 86 83
1 1 0 25.4 52.0 24 c22f -1 0b 85 88 -1 7f 85 86 83
1 1 0 25.4 52.0 22 c22f -1 0b 85 88 -1 7f 85 86 83
1 1 0 25.5 52.0 24 c22f -1 0b 85 88 -1 7f 85 86 83
1 1 0 25.4 52.0 23 c22f -1 0b 85 88 -1 7f 85 86 83
1 1 0 25.4 52.0 21 c22f -1 0b 85 88 -1 7f 85 86 83
1 1 0 25.5 52.5 21 c22f -1 0b 85 88 -1 7f 85 86 83
1 1 0 25.5 52.5 21 c22f -1 0b 85 88 -1 7f 85 86 83
1 1 0 25.5 52.5 24 c22f -1 0b 85 88 -1 7f 85 86 83
1 1 0 25.5 52.5 22 c22f -1 0b 85 88 -1 7f 85 86 83
1 1 0 25.4 53.0 22 c22f -1 0b 85 88 -1 7f 85 86 83
1 1 0 25.4 53.0 22 c22f -1 0b 85 88 -1 7f 85 12 13
1 1 0 25.4 53.0 23 c22f -1 0b 85 88 -1 7f 85 12 13
1 1 0 25.4 52.5 21 c22f -1 0b 85 88 -1 7f 85 12 13
1 1 0 25.5 52.5 21 c22f -1 0b 85 88 -1 7f 85 12 13
1 1 0 25.4 52.5 21 c22f -1 0b 85 88 -1 7f 85 12 13
1 1 0 25.4 52.5 18 c22f -1 0b 85 88 -1 7f 85 12 13
1 1 0 25.4 52.5 19 c22f -1 0b 85 88 -1 7f 85 12 13
1 1 0 25.4 53.0 16 c22f -1 0b 85 88 -1 7f 85 12 13
1 1 0 25.4 53.0 18 c22f -1 0b 85 88 -1 7f 85 12 13
1 1 0 25.5 53.0 16 c22f -1 0b 85 88 -1 7f 85 12 13
1 1 0 25.4 53.0 16 c22f -1 0b 85 88 -1 7f 85 12 13
1 1 0 25.5 52.5 16 c22f -1 0b 85 88 -1 7f 85 12 13
1 1 0 25.5 53.0 16 c22f -1 0b 85 88 -1 7f 85 12 13
1 1 0 25.4 53.0 18 c22f -1 0b 85 88 -1 7f 85 12 13
1 1 0 25.4 53.0 18 c22f -1 0b 85 88 -1 7f 85 12 13
1 1 0 25.4 53.5 19 c22f -1 0b 85 88 -1 7f 85 12 13
1 1 0 25.4 53.5 17 c22f -1 0b 85 88 -1 7f 85 12 13
1 1 0 25.4 53.5 20 c22f -1 0b 85 88 -1 7f 85 12 13
1 1 0 25.5 53.5 17 c22f -1 0b 85 88 -1 7f 85 12 13
1 1 0 25.4 53.5 21 c22f -1 0b 85 88 -1 7f 85 12 13
1 1 0 25.4 53.5 21 c22f -1 0b 85 88 -1 7f 85 12 13
1 1 0 25.5 54.0 21 c22f -1 0b 85 88 -1 7f 85 12 13
1 1 0 25.5 55.0 21 c22f -1 0b 85 88 -1 7f 85 12 13
1 1 0 25.5 56.0 21 c22f -1 0b 85 88 -1 7f 85 12 13
1 1 0 25.6 56.5 21 c22f -1 0b 85 88 -1 7f 85 12 13
1 1 0 25.6 56.5 19 c22f -1 0b 85 88 -1 7f 85 12 13
1 1 0 25.6 56.5 21 c22f -1 0b 85 88 -1 7f 85 12 13
1 1 0 25.6 56.5 21 c22f -1 0b 85 88 -1 7f 85 12 13
1 1 0 25.6 56.0 19 c22f -1 0b 85 88 -1 7f 85 12 13
1 1 0 25.6 56.0 19 c22f -1 0b 85 88 -1 7f 85 12 13
1 1 0 25.6 56.0 19 c22f -1 0b 85 88 -1 7f 85 12 13
1 1 0 25.6 56.0 18 c22f -1 0b 85 88 -1 7f 85 12 13
1 1 0 25.6 56.0 21 c22f -1 0b 85 88 -1 7f 85 12 13
1 1 0 25.6 55.5 19 c22f -1 0b 85 88 -1 7f 85 12 13
1 1 0 25.6 55.5 21 c22f -1 0b 85 88 -1 7f 85 12 13
1 1 0 25.5 55.5 21 c22f -1 0b 85 88 -1 7f 85 12 13
1 1 0 25.5 55.0 18 c22f -1 0b 85 88 -1 7f 85 12 13
1 1 0 25.5 55.0 16 c22f -1 0b 85 88 -1 7f 85 12 13
1 1 0 25.4 55.0 16 c22f -1 0b 85 88 -1 7f 85 12 13
1 1 0 25.5 54.5 16 c22f -1 0b 85 88 -1 7f 85 12 13
1 1 0 25.4 54.5 14 c22f -1 0b 85 88 -1 7f 85 12 13
1 1 0 25.4 54.5 16 c22f -1 0b 85 88 -1 7f 85 12 13
1 1 0 25.5 54.5 16 c22f -1 0b 85 88 -1 7f 85 12 13
1 1 0 25.4 54.0 20 c22f -1 0b 85 88 -1 7f 85 12 13
1 1 0 25.4 54.0 16 c22f -1 0b 85 88 -1 7f 85 12 13
1 1 0 25.4 54.0 18 c22f -1 0b 85 88 -1 7f 85 12 13
1 1 0 25.4 54.0 18 c22f -1 0b 85 88 -1 7f 85 12 13
1 1 0 25.3 53.5 19 c22f -1 0b 85 88 -1 7f 85 12 13
1 1 0 25.4 53.5 19 c22f -1 0b 85 88 -1 7f 85 12 13
1 1 0 25.3 53.5 23 c22f -1 0b 85 88 -1 7f 85 12 13
1 1 0 25.3 53.5 21 c22f -1 0b 85 88 -1 7f 85 12 13
1 1 0 25.2 54.0 22 c22f -1 0b 85 88 -1 7f 85 12 13
1 1 0 25.3 54.0 18 c22f -1 0b 85 88 -1 7f 85 12 13
1 1 0 25.3 54.0 18 c22f -1 0b 85 88 -1 7f 85 12 13
1 1 0 25.3 54.0 18 c22f -1 0b 85 88 -1 7f 85 12 13
1 1 0 25.3 54.0 18 c22f -1 0b 85 88 -1 7f 85 12 13
1 1 0 25.3 53.5 16 c22f -1 0b 85 88 -1 7f 85 12 13
1 1 0 25.4 53.5 16 c22f -1 0b 85 88 -1 7f 85 12 13
1 1 0 25.3 54.0 18 c22f -1 0b 85 88 -1 7f 85 12 13
1 1 0 25.3 53.5 21 c22f -1 0b 85 88 -1 7f 85 12 13
1 1 0 25.2 53.5 21 c22f -1 0b 85 88 -1 7f 85 12 13
1 1 0 25.3 53.5 24 c22f -1 0b 85 88 -1 7f 85 12 13
1 1 0 25.3 53.5 24 c22f -1 0b 85 88 -1 7f 85 12 13
1 1 0 25.2 53.5 24 c22f -1 0b 85 88 -1 7f 85 12 13
1 1 0 25.2 53.5 24 c22f -1 0b 85 88 -1 7f 85 12 13
1 1 0 25.2 53.5 21 c22f -1 0b 85 88 -1 7f 85 12 13
1 1 0 25.2 53.5 24 c22f -1 0b 85 88 -1 7f 85 12 13
1 1 0 25.2 53.5 24 c22f -1 0b 85 88 -1 7f 85 12 13
1 1 0 25.3 53.5 21 c22f -1 0b 85 88 -1 7f 85 12 13
1 1 0 25.2 53.5 23 c22f -1 0b 85 88 -1 7f 85 12 13
1 1 0 25.2 53.5 23 c22f -1 0b 85 88 -1 7f 85 12 13
1 1 0 25.2 53.5 22 c22f -1 0b 85 88 -1 7f 85 12 13
1 1 0 25.2 53.5 18 c22f -1 0b 85 88 -1 7f 85 12 13
1 1 0 25.3 53.5 18 c22f -1 0b 85 88 -1 7f 85 12 13
1 1 0 25.2 53.0 21 c22f -1 0b 85 88 -1 7f 85 12 13
1 1 0 25.2 53.0 20 c22f -1 0b 85 88 -1 7f 85 12 13
1 1 0 25.2 53.0 16 c22f -1 0b 85 88 -1 7f 85 12 13
1 1 0 25.1 53.0 16 c22f -1 0b 85 88 -1 7f 85 12 13
1 1 0 25.2 52.5 16 c22f -1 0b 85 88 -1 7f 85 12 13
1 1 0 25.1 52.5 14 c22f -1 0b 85 88 -1 7f 85 12 13
1 1 0 25.1 52.5 14 c22f -1 0b 85 88 -1 7f 85 12 13
1 1 0 25.1 52.5 16 c22f -1 0b 85 88 -1 7f 85 12 13
1 1 0 25.0 53.0 14 c22f -1 0b 85 88 -1 7f 85 12 13
1 1 0 25.1 53.0 14 c22f -1 0b 85 88 -1 7f 85 12 13
1 1 0 25.1 53.0 18 c22f -1 0b 85 88 -1 7f 85 12 13
1 1 0 25.2 53.0 16 c22f -1 0b 85 88 -1 7f 85 12 13
1 1 0 25.1 52.5 14 c22f -1 0b 85 88 -1 7f 85 12 13
1 1 0 25.1 53.0 12 c22f -1 0b 85 88 -1 7f 85 12 13
1 1 0 25.1 53.0 16 c22f -1 0b 85 88 -1 7f 85 12 13
1 1 0 25.1 53.0 14 c22f -1 0b 85 88 -1 7f 85 12 13
1 1 0 25.1 53.0 14 c22f -1 0b 85 88 -1 7f 85 12 13
1 1 0 25.1 53.0 14 c22f -1 0b 85 88 -1 7f 85 12 13
1 1 0 25.0 53.0 16 c22f -1 0b 85 88 -1 7f 85 12 13
1 1 0 25.1 53.0 16 c22f -1 0b 85 88 -1 7f 85 12 13
1 1 0 25.1 53.0 16 c22f -1 0b 85 88 -1 7f 85 12 13
1 1 0 25.0 53.0 18 c22f -1 0b 85 88 -1 7f 85 12 13
1 1 0 25.0 53.0 14 c22f -1 0b 85 88 -1 7f 85 12 13
1 1 0 25.0 53.0 14 c22f -1 0b 85 88 -1 7f 85 12 13
1 1 0 25.0 53.0 18 c22f -1 0b 85 88 -1 7f 85 12 13
1 1 0 25.0 53.0 16 c22f -1 0b 85 88 -1 7f 85 12 13
1 1 0 25.0 53.0 19 c22f -1 0b 85 88 -1 7f 85 12 13
1 1 0 25.0 52.5 21 c22f -1 0b 85 88 -1 7f 85 12 13
1 1 0 25.0 52.5 19 c22f -1 0b 85 88 -1 7f 85 12 13
1 1 0 25.0 52.5 19 c22f -1 0b 85 88 -1 7f 85 12 13
1 1 0 25.0 53.0 21 c22f -1 0b 85 88 -1 7f 85 12 13
1 1 0 25.0 53.0 21 c22f -1 0b 85 88 -1 7f 85 12 13
1 1 0 24.9 53.5 19 c22f -1 0b 85 88 -1 7f 85 12 13
1 1 0 25.0 53.0 17 c22f -1 0b 85 88 -1 7f 85 12 13
1 1 0 25.0 53.5 15 c22f -1 0b 85 88 -1 7f 85 12 13
1 1 0 25.1 53.5 16 c22f -1 0b 85 88 -1 7f 85 12 13
1 1 0 25.0 53.5 16 c22f -1 0b 85 88 -1 7f 85 12 13
1 1 0 25.0 53.5 16 c22f -1 0b 85 88 -1 7f 85 12 13
1 1 0 25.0 53.5 14 c22f -1 0b 85 88 -1 7f 85 12 13
1 1 0 25.0 53.5 16 c22f -1 0b 85 88 -1 7f 85 12 13
1 1 0 25.0 53.5 16 c22f -1 0b 85 88 -1 7f 85 12 13
1 1 0 25.0 54.0 16 c22f -1 0b 85 88 -1 7f 85 12 13
1 1 0 25.0 54.0 16 c22f -1 0b 85 88 -1 7f 85 12 13
1 1 0 25.0 54.0 16 c22f -1 0b 85 88 -1 7f 85 12 13
1 1 0 25.0 54.0 16 c22f -1 0b 85 88 -1 7f 85 12 13
1 1 0 25.0 54.0 16 c22f -1 0b 85 88 -1 7f 85 12 13
1 1 0 25.0 54.0 14 c22f -1 0b 85 88 -1 7f 85 12 13
1 1 0 25.0 54.0 16 c22f -1 0b 85 88 -1 7f 85 12 13
1 1 0 25.0 54.5 15 c22f -1 0b 85 88 -1 7f 85 12 13
1 1 0 25.0 54.5 19 c22f -1 0b 85 88 -1 7f 85 12 13
1 1 0 25.0 54.5 23 c22f -1 0b 85 88 -1 7f 85 12 13
1 1 0 25.0 54.5 23 c22f -1 0b 85 88 -1 7f 85 12 13
1 1 0 25.0 54.5 23 c22f -1 0b 85 88 -1 7f 85 12 13
1 1 0 24.9 54.5 23 c22f -1 0b 85 88 -1 7f 85 12 13
1 1 0 25.0 54.5 21 c22f -1 0b 85 88 -1 7f 85 12 13
1 1 0 25.0 54.0 23 c22f -1 0b 85 88 -1 7f 85 12 13
1 1 0 25.0 54.0 25 c22f -1 0b 85 88 -1 7f 85 12 13
1 1 0 24.9 54.0 25 c22f -1 0b 85 88 -1 7f 85 12 13
1 1 0 24.9 54.0 25 c22f -1 0b 85 88 -1 7f 85 12 13
1 1 0 24.9 54.0 25 c22f -1 0b 85 88 -1 7f 85 12 13
1 1 0 24.9 54.0 30 c22f -1 0b 85 88 -1 7f 85 12 13
1 1 0 24.9 53.5 25 c22f -1 0b 85 88 -1 7f 85 12 13
1 1 0 25.0 54.0 21 c22f -1 0b 85 88 -1 7f 85 12 13
1 1 0 24.9 53.5 23 c22f -1 0b 85 88 -1 7f 85 12 13
1 1 0 24.9 54.0 20 c22f -1 0b 85 88 -1 7f 85 12 13
1 1 0 24.9 54.0 22 c22f -1 0b 85 88 -1 7f 85 12 13
1 1 0 24.9 54.0 20 c22f -1 0b 85 88 -1 7f 85 12 13
1 1 0 25.0 54.0 20 c22f -1 0b 85 88 -1 7f 85 12 13
1 1 0 24.9 54.0 18 c22f -1 0b 85 88 -1 7f 85 12 13
1 1 0 25.0 53.5 18 c22f -1 0b 85 88 -1 7f 85 12 13
1 1 0 24.9 53.5 16 c22f -1 0b 85 88 -1 7f 85 12 13
1 1 0 24.8 53.5 16 c22f -1 0b 85 88 -1 7f 85 12 13
1 1 0 24.9 53.5 16 c22f -1 0b 85 88 -1 7f 85 12 13
1 1 0 24.9 53.5 18 c22f -1 0b 85 88 -1 7f 85 12 13
1 1 0 24.9 53.5 16 c22f -1 0b 85 88 -1 7f 85 12 13
1 1 0 25.0 53.5 16 c22f -1 0b 85 88 -1 7f 85 12 13
1 1 0 24.9 53.5 16 c22f -1 0b 85 88 -1 7f 85 12 13
1 1 0 24.9 53.5 14 c22f -1 0b 85 88 -1 7f 85 12 13
1 1 0 24.9 53.0 14 c22f -1 0b 85 88 -1 7f 85 12 13
1 1 0 24.9 53.5 14 c22f -1 0b 85 88 -1 7f 85 12 13
1 1 0 24.9 53.5 16 c22f -1 0b 85 88 -1 7f 85 12 13
1 1 0 24.9 53.5 16 c22f -1 0b 85 88 -1 7f 85 12 13
1 1 0 24.8 53.5 16 c22f -1 0b 85 88 -1 7f 85 12 13
1 1 0 24.9 53.5 13 c22f -1 0b 85 88 -1 7f 85 12 13
1 1 0 24.9 53.5 13 c22f -1 0b 85 88 -1 7f 85 12 13
1 1 0 24.9 53.5 13 c22f -1 0b 85 88 -1 7f 85 12 13
1 1 0 24.9 53.5 13 c22f -1 0b 85 88 -1 7f 85 12 13
1 1 0 24.9 53.5 13 c22f -1 0b 85 88 -1 7f 85 12 13
1 1 0 24.9 53.5 11 c22f -1 0b 85 88 -1 7f 85 12 13
1 1 0 24.9 53.5 11 c22f -1 0b 85 88 -1 7f 85 12 13
1 1 0 24.9 53.5 16 c22f -1 0b 85 88 -1 7f 85 12 13
1 1 0 24.9 53.5 13 c22f -1 0b 85 88 -1 7f 85 12 13
1 1 0 24.9 53.5 13 c22f -1 0b 85 88 -1 7f 85 12 13
1 1 0 24.9 53.5 13 c22f -1 0b 85 88 -1 7f 85 12 13
1 1 0 24.9 53.5 13 c22f -1 0b 85 88 -1 7f 85 12 13
1 1 0 24.9 53.0 14 c22f -1 0b 85 88 -1 7f 85 12 13
1 1 0 24.9 53.0 12 c22f -1 0b 85 88 -1 7f 85 12 13
1 1 0 24.8 53.0 16 c22f -1 0b 85 88 -1 7f 85 12 13
1 1 0 24.8 53.0 16 c22f -1 0b 85 88 -1 7f 85 12 13
1 1 0 24.9 53.0 14 c22f -1 0b 85 88 -1 7f 85 12 13
1 1 0 24.8 53.0 16 c22f -1 0b 85 88 -1 7f 85 12 13
1 1 0 24.8 53.0 16 c22f -1 0b 85 88 -1 7f 85 12 13
1 1 0 24.8 53.0 16 c22f -1 0b 85 88 -1 7f 85 12 13
1 1 0 24.8 53.0 16 c22f -1 0b 85 88 -1 7f 85 12 13
1 1 0 24.8 53.0 16 c22f -1 0b 85 88 -1 7f 85 12 13
1 1 0 24.8 53.5 14 c22f -1 0b 85 88 -1 7f 85 12 13
1 1 0 24.9 53.5 14 c22f -1 0b 85 88 -1 7f 85 12 13
1 1 0 24.8 53.5 18 c22f -1 0b 85 88 -1 7f 85 12 13
1 1 0 24.9 53.5 14 c22f -1 0b 85 88 -1 7f 85 12 13
1 1 0 24.8 53.5 16 c22f -1 0b 85 88 -1 7f 85 12 13
1 1 0 24.9 53.5 16 c22f -1 0b 85 88 -1 7f 85 12 13
1 1 0 24.8 53.5 16 c22f -1 0b 85 88 -1 7f 85 12 13
1 1 0 24.8 53.5 16 c22f -1 0b 85 88 -1 7f 85 12 13
1 1 0 24.8 53.5 18 c22f -1 0b 85 88 -1 7f 85 12 13
1 1 0 24.8 53.5 16 c22f -1 0b 85 88 -1 7f 85 12 13
1 1 0 24.8 53.5 16 c22f -1 0b 85 88 -1 7f 85 12 13
1 1 0 24.8 53.5 16 c22f -1 0b 85 88 -1 7f 85 12 13
1 1 0 24.8 53.5 16 c22f -1 0b 85 88 -1 7f 85 12 13
1 1 0 24.8 53.0 16 c22f -1 0b 85 88 -1 7f 85 12 13
1 1 0 24.8 53.0 16 c22f -1 0b 85 88 -1 7f 85 12 13
1 1 0 24.8 53.0 18 c22f -1 0b 85 88 -1 7f 85 12 13
1 1 0 24.8 53.0 18 c22f -1 0b 85 88 -1 7f 85 12 13
1 1 0 24.8 53.0 18 c22f -1 0b 85 88 -1 7f 85 12 13
1 1 0 24.8 53.0 16 c22f -1 0b 85 88 -1 7f 85 12 13
1 1 0 24.8 53.0 16 c22f -1 0b 85 88 -1 7f 85 12 13
1 1 0 24.8 53.0 16 c22f -1 0b 85 88 -1 7f 85 12 13
1 1 0 24.8 53.0 16 c22f -1 0b 85 88 -1 7f 85 12 13
1 1 0 24.7 52.5 14 c22f -1 0b 85 88 -1 7f 85 12 13
1 1 0 24.7 52.5 14 c22f -1 0b 85 88 -1 7f 85 12 13
1 1 0 24.8 53.0 16 c22f -1 0b 85 88 -1 7f 85 12 13
1 1 0 24.8 53.0 16 c22f -1 0b 85 88 -1 7f 85 12 13
1 1 0 24.8 53.0 16 c22f -1 0b 85 88 -1 7f 85 12 13
1 1 0 24.8 53.0 16 c22f -1 0b 85 88 -1 7f 85 12 13
1 1 0 24.8 53.0 16 c22f -1 0b 85 88 -1 7f 85 12 13
1 1 0 24.8 52.5 16 c22f -1 0b 85 88 -1 7f 85 12 13
1 1 0 24.8 53.0 16 c22f -1 0b 85 88 -1 7f 85 12 13
1 1 0 24.8 52.5 16 c22f -1 0b 85 88 -1 7f 85 12 13
1 1 0 24.8 52.5 18 c22f -1 0b 85 88 -1 7f 85 12 13
1 1 0 24.7 53.0 14 c22f -1 0b 85 88 -1 7f 85 12 13
1 1 0 24.8 53.0 16 c22f -1 0b 85 88 -1 7f 85 12 13
1 1 0 24.8 53.0 16 c22f -1 0b 85 88 -1 7f 85 12 13
1 1 0 24.8 53.0 14 c22f -1 0b 85 88 -1 7f 85 12 13
1 1 0 24.8 53.0 16 c22f -1 0b 85 88 -1 7f 85 12 13
1 1 0 24.8 53.0 14 c22f -1 0b 85 88 -1 7f 85 12 13
1 1 0 24.8 53.0 16 c22f -1 0b 85 88 -1 7f 85 12 13
1 1 0 24.8 53.0 16 c22f -1 0b 85 88 -1 7f 85 12 13
1 1 0 24.7 53.0 18 c22f -1 0b 85 88 -1 7f 85 12 13
1 1 0 24.7 53.0 16 c22f -1 0b 85 88 -1 7f 85 12 13
1 1 0 24.8 53.0 18 c22f -1 0b 85 88 -1 7f 85 12 13
1 1 0 24.8 53.0 16 c22f -1 0b 85 88 -1 7f 85 12 13
1 1 0 24.8 53.0 11 c22f -1 0b 85 88 -1 7f 85 12 13
1 1 0 24.7 53.0 11 c22f -1 0b 85 88 -1 7f 85 12 13
1 1 0 24.7 53.0 11 c22f -1 0b 85 88 -1 7f 85 12 13
1 1 0 24.7 53.0 11 c22f -1 0b 85 88 -1 7f 85 12 13
1 1 0 24.7 53.0 11 c22f -1 0b 85 88 -1 7f 85 12 13
1 1 0 24.7 52.5 9 c22f -1 0b 85 88 -1 7f 85 12 13
1 1 0 24.7 53.0 13 c22f -1 0b 85 88 -1 7f 85 12 13
1 1 0 24.7 52.5 13 c22f -1 0b 85 88 -1 7f 85 12 13
1 1 0 24.7 52.5 13 c22f -1 0b 85 88 -1 7f 85 12 13
1 1 0 24.7 52.5 13 c22f -1 0b 85 88 -1 7f 85 12 13
1 1 0 24.7 52.5 9 c22f -1 0b 85 88 -1 7f 85 12 13
1 1 0 24.7 52.5 11 c22f -1 0b 85 88 -1 7f 85 12 13
1 1 0 24.7 52.5 11 c22f -1 0b 85 88 -1 7f 85 12 13
1 1 0 24.7 52.5 11 c22f -1 0b 85 88 -1 7f 85 12 13
1 1 0 24.8 52.5 13 c22f -1 0b 85 88 -1 7f 85 12 13
1 1 0 24.7 52.5 11 c22f -1 0b 85 88 -1 7f 85 12 13
1 1 0 24.7 52.5 11 c22f -1 0b 85 88 -1 7f 85 12 13
1 1 0 24.7 52.5 9 c22f -1 0b 85 88 -1 7f 85 12 13
1 1 0 24.7 52.5 9 c22f -1 0b 85 88 -1 7f 85 12 13
1 1 0 24.7 52.5 11 c22f -1 0b 85 88 -1 7f 85 12 13
1 1 0 24.7 52.5 11 c22f -1 0b 85 88 -1 7f 85 12 13
1 1 0 24.7 52.5 11 c22f -1 0b 85 88 -1 7f 85 12 13
1 1 0 24.7 52.5 7 c22f -1 0b 85 88 -1 7f 85 12 13
1 1 0 24.7 52.0 5 c22f -1 0b 85 88 -1 7f 85 12 13
1 1 0 24.7 52.0 5 c22f -1 0b 85 88 -1 7f 85 12 13
1 1 0 24.6 52.0 5 c22f -1 0b 85 88 -1 7f 85 12 13
1 1 0 24.6 52.0 5 c22f -1 0b 85 88 -1 7f 85 12 13
1 1 0 24.7 52.0 5 c22f -1 0b 85 88 -1 7f 85 12 13
1 1 0 24.7 52.0 5 c22f -1 0b 85 88 -1 7f 85 12 13
1 1 0 24.6 52.0 6 c22f -1 0b 85 88 -1 7f 85 12 13
1 1 0 24.7 52.0 6 c22f -1 0b 85 88 -1 7f 85 12 13
1 1 0 24.6 52.0 6 c22f -1 0b 85 88 -1 7f 85 12 13
1 1 0 24.7 52.0 6 c22f -1 0b 85 88 -1 7f 85 12 13
1 1 0 24.6 52.0 6 c22f -1 0b 85 88 -1 7f 85 12 13
1 1 0 24.6 52.5 6 c22f -1 0b 85 88 -1 7f 85 12 13
1 1 0 24.6 52.5 6 c22f -1 0b 85 88 -1 7f 85 12 13
1 1 0 24.6 52.5 6 c22f -1 0b 85 88 -1 7f 85 12 13
1 1 0 24.6 52.5 6 c22f -1 0b 85 88 -1 7f 85 12 13
1 1 0 24.6 52.5 6 c22f -1 0b 85 88 -1 7f 85 12 13
1 1 0 24.6 52.5 6 c22f -1 0b 85 88 -1 7f 85 12 13
1 1 0 24.6 52.5 4 c22f -1 0b 85 88 -1 7f 85 12 13
1 1 0 24.6 52.5 4 c22f -1 0b 85 88 -1 7f 85 12 13
1 1 0 24.7 53.0 4 c22f -1 0b 85 88 -1 7f 85 12 13
1 1 0 24.6 53.0 4 c22f -1 0b 85 88 -1 7f 85 12 13
1 1 0 24.7 53.0 4 c22f -1 0b 85 88 -1 7f 85 12 13
1 1 0 24.7 53.5 4 c22f -1 0b 85 88 -1 7f 85 12 13
1 1 0 24.7 53.5 4 c22f -1 0b 85 88 -1 7f 85 12 13
1 1 0 24.7 53.5 6 c22f -1 0b 85 88 -1 7f 85 12 13
1 1 0 24.7 53.5 6 c22f -1 0b 85 88 -1 7f 85 12 13
1 1 0 24.7 53.5 6 c22f -1 0b 85 88 -1 7f 85 12 13
1 1 0 24.7 54.0 4 c22f -1 0b 85 88 -1 7f 85 12 13
1 1 0 24.7 54.0 4 c22f -1 0b 85 88 -1 7f 85 12 13
1 1 0 24.7 54.0 4 c22f -1 0b 85 88 -1 7f 85 12 13
1 1 0 24.7 54.0 4 c22f -1 0b 85 88 -1 7f 85 12 13
1 1 0 24.7 54.0 2 c22f -1 0b 85 88 -1 7f 85 12 13
1 1 0 24.6 54.5 2 c22f -1 0b 85 88 -1 7f 85 12 13
1 1 0 24.7 54.5 2 c22f -1 0b 85 88 -1 7f 85 12 13
1 1 0 24.7 54.5 2 c22f -1 0b 85 88 -1 7f 85 12 13
1 1 0 24.7 54.5 2 c22f -1 0b 85 88 -1 7f 85 12 13
1 1 0 24.7 54.5 4 c22f -1 0b 85 88 -1 7f 85 12 13
1 1 0 24.7 54.5 2 c22f -1 0b 85 88 -1 7f 85 12 13
1 1 0 24.7 54.5 2 c22f -1 0b 85 88 -1 7f 85 12 13
1 1 0 24.7 54.5 2 c22f -1 0b 85 88 -1 7f 85 12 13
1 1 0 24.7 54.5 2 c22f -1 0b 85 88 -1 7f 85 12 13
1 1 0 24.7 54.5 2 c22f -1 0b 85 88 -1 7f 85 12 13
1 1 0 24.7 55.0 7 c22f -1 0b 85 88 -1 7f 85 12 13
1 1 0 24.7 55.0 5 c22f -1 0b 85 88 -1 7f 85 12 13
1 1 0 24.7 55.0 7 c22f -1 0b 85 88 -1 7f 85 12 13
1 1 0 24.7 55.0 6 c22f -1 0b 85 88 -1 7f 85 12 13
1 1 0 24.7 55.5 6 c22f -1 0b 85 88 -1 7f 85 12 13
1 1 0 24.7 55.5 4 c22f -1 0b 85 88 -1 7f 85 12 13
1 1 0 24.7 55.5 2 c22f -1 0b 85 88 -1 7f 85 12 13
1 1 0 24.7 55.5 2 c22f -1 0b 85 88 -1 7f 85 12 13
1 1 0 24.7 55.5 2 c22f -1 0b 85 88 -1 7f 85 12 13
1 1 0 24.7 55.5 2 c22f -1 0b 85 88 -1 7f 85 12 13
1 1 0 24.7 55.5 2 c22f -1 0b 85 88 -1 7f 85 12 13
1 1 0 24.7 55.5 2 c22f -1 0b 85 88 -1 7f 85 12 13
1 1 0 24.7 55.5 2 c22f -1 0b 85 88 -1 7f 85 12 13
1 1 0 24.7 55.5 2 c22f -1 0b 85 88 -1 7f 85 12 13
1 1 0 24.7 55.5 2 c22f -1 0b 85 88 -1 7f 85 12 13
1 1 0 24.7 55.5 2 c22f -1 0b 85 88 -1 7f 85 12 13
1 1 0 24.7 55.5 2 c22f -1 0b 85 88 -1 7f 85 12 13
1 1 0 24.7 55.5 2 c22f -1 0b 85 88 -1 7f 85 12 13
1 1 0 24.6 55.5 2 c22f -1 0b 85 88 -1 7f 85 12 13
1 1 0 24.7 55.5 2 c22f -1 0b 85 88 -1 7f 85 12 13
1 1 0 24.7 55.5 2 c22f -1 0b 85 88 -1 7f 85 12 13
1 1 0 24.7 56.0 2 c22f -1 0b 85 88 -1 7f 85 12 13
1 1 0 24.7 56.0 2 c22f -1 0b 85 88 -1 7f 85 12 13
1 1 0 24.7 56.0 2 c22f -1 0b 85 88 -1 7f 85 12 13
1 1 0 24.7 56.0 2 c22f -1 0b 85 88 -1 7f 85 12 13
1 1 0 24.7 56.0 2 c22f -1 0b 85 88 -1 7f 85 12 13
1 1 0 24.7 56.0 2 c22f -1 0b 85 88 -1 7f 85 12 13
1 1 0 24.7 56.0 2 c22f -1 0b 85 88 -1 7f 85 12 13
1 1 0 24.7 55.5 2 c22f -1 0b 85 88 -1 7f 85 12 13
1 1 0 24.7 55.5 2 c22f -1 0b 85 88 -1 7f 85 12 13
1 1 0 24.6 55.5 2 c22f -1 0b 85 88 -1 7f 85 12 13
1 1 0 24.6 55.5 4 c22f -1 0b 85 88 -1 7f 85 12 13
1 1 0 24.6 55.5 4 c22f -1 0b 85 88 -1 7f 85 12 13
1 1 0 24.7 55.5 8 c22f -1 0b 85 88 -1 7f 85 12 13
1 1 0 24.6 55.0 4 c22f -1 0b 85 88 -1 7f 85 12 13
1 1 0 24.6 55.0 4 c22f -1 0b 85 88 -1 7f 85 12 13
1 1 0 24.5 54.5 6 c22f -1 0b 85 88 -1 7f 85 12 13
1 1 0 24.5 54.5 6 c22f -1 0b 85 88 -1 7f 85 12 13
1 1 0 24.5 54.0 6 c22f -1 0b 85 88 -1 7f 85 12 13
1 1 0 24.5 54.0 4 c22f -1 0b 85 88 -1 7f 85 12 13
1 1 0 24.5 54.0 4 c22f -1 0b 85 88 -1 7f 85 12 13
1 1 0 24.5 53.5 4 c22f -1 0b 85 88 -1 7f 85 12 13
1 1 0 24.5 53.5 4 c22f -1 0b 85 88 -1 7f 85 12 13
1 1 0 24.4 53.5 4 c22f -1 0b 85 88 -1 7f 85 12 13
1 1 0 24.5 53.5 4 c22f -1 0b 85 88 -1 7f 85 12 13
1 1 0 24.5 53.5 4 c22f -1 0b 85 88 -1 7f 85 12 13
1 1 0 24.4 53.5 2 c22f -1 0b 85 88 -1 7f 85 12 13
1 1 0 24.4 53.5 2 c22f -1 0b 85 88 -1 7f 85 12 13
1 1 0 24.4 53.0 2 c22f -1 0b 85 88 -1 7f 85 12 13
1 1 0 24.4 53.0 2 c22f -1 0b 85 88 -1 7f 85 12 13
1 1 0 24.4 53.0 2 c22f -1 0b 85 88 -1 7f 85 12 13
1 1 0 24.4 53.0 2 c22f -1 0b 85 88 -1 7f 85 12 13
1 1 0 24.4 53.0 6 c22f -1 0b 85 88 -1 7f 85 12 13
1 1 0 24.4 53.5 6 c22f -1 0b 85 88 -1 7f 85 12 13
1 1 0 24.3 53.5 6 c22f -1 0b 85 88 -1 7f 85 12 13
1 1 0 24.4 53.5 6 c22f -1 0b 85 88 -1 7f 85 12 13
1 1 0 24.4 53.5 6 c22f -1 0b 85 88 -1 7f 85 12 13
1 1 0 24.4 53.5 6 c22f -1 0b 85 88 -1 7f 85 12 13
1 1 0 24.4 53.5 4 c22f -1 0b 85 88 -1 7f 85 12 13
1 1 0 24.4 53.5 4 c22f -1 0b 85 88 -1 7f 85 12 13
1 1 0 24.4 53.5 4 c22f -1 0b 85 88 -1 7f 85 12 13
1 1 0 24.4 53.5 4 c22f -1 0b 85 88 -1 7f 85 12 13
1 1 0 24.4 53.5 4 c22f -1 0b 85 88 -1 7f 85 12 13
1 1 0 24.4 53.5 4 c22f -1 0b 85 88 -1 7f 85 12 13
1 1 0 24.4 53.5 4 c22f -1 0b 85 88 -1 7f 85 12 13
1 1 0 24.3 53.5 4 c22f -1 0b 85 88 -1 7f 85 12 13
1 1 0 24.4 53.5 4 c22f -1 0b 85 88 -1 7f 85 12 13
1 1 0 24.4 53.5 4 c22f -1 0b 85 88 -1 7f 85 12 13
1 1 0 24.4 53.5 4 c22f -1 0b 85 88 -1 7f 85 12 13
1 1 0 24.5 53.5 4 c22f -1 0b 85 88 -1 7f 85 12 13
1 1 0 24.5 53.5 4 c22f -1 0b 85 88 -1 7f 85 12 13
1 1 0 24.5 53.5 4 c22f -1 0b 85 88 -1 7f 85 12 13
1 1 0 24.5 53.5 4 c22f -1 0b 85 88 -1 7f 85 12 13
1 1 0 24.4 53.0 4 c22f -1 0b 85 88 -1 7f 85 12 13
1 1 0 24.4 53.0 4 c22f -1 0b 85 88 -1 7f 85 12 13
1 1 0 24.4 53.0 4 c22f -1 0b 85 88 -1 7f 85 12 13
1 1 0 24.4 53.0 4 c22f -1 0b 85 88 -1 7f 85 12 13
1 1 0 24.4 53.0 4 c22f -1 0b 85 88 -1 7f 85 12 13
1 1 0 24.4 53.0 4 c22f -1 0b 85 88 -1 7f 85 12 13
1 1 0 24.4 53.0 6 c22f -1 0b 85 88 -1 7f 85 12 13
1 1 0 24.3 52.5 6 c22f -1 0b 85 88 -1 7f 85 12 13
1 1 0 24.4 52.5 6 c22f -1 0b 85 88 -1 7f 85 12 13
1 1 0 24.3 52.5 6 c22f -1 0b 85 88 -1 7f 85 12 13
1 1 0 24.4 52.5 6 c22f -1 0b 85 88 -1 7f 85 12 13
1 1 0 24.3 52.5 6 c22f -1 0b 85 88 -1 7f 85 12 13
1 1 0 24.4 52.5 6 c22f -1 0b 85 88 -1 7f 85 12 13
1 1 0 24.3 52.5 6 c22f -1 0b 85 88 -1 7f 85 12 13
1 1 0 24.3 52.0 6 c22f -1 0b 85 88 -1 7f 85 12 13
1 1 0 24.3 52.0 6 c22f -1 0b 85 88 -1 7f 85 12 13
1 1 0 24.3 52.0 6 c22f -1 0b 85 88 -1 7f 85 12 13
1 1 0 24.2 52.0 6 c22f -1 0b 85 88 -1 7f 85 12 13
1 1 0 24.4 52.0 6 c22f -1 0b 85 88 -1 7f 85 12 13
1 1 0 24.3 52.0 6 c22f -1 0b 85 88 -1 7f 85 12 13
1 1 0 24.3 52.0 6 c22f -1 0b 85 88 -1 7f 85 12 13
1 1 0 24.3 52.0 6 c22f -1 0b 85 88 -1 7f 85 12 13
1 1 0 24.3 52.0 6 c22f -1 0b 85 88 -1 7f 85 12 13
1 1 0 24.3 52.0 6 c22f -1 0b 85 88 -1 7f 85 12 13
1 1 0 24.3 52.0 6 c22f -1 0b 85 88 -1 7f 85 12 13
1 1 0 24.2 52.0 6 c22f -1 0b 85 88 -1 7f 85 12 13
1 1 0 24.2 52.0 6 c22f -1 0b 85 88 -1 7f 85 12 13
1 1 0 24.2 52.0 6 c22f -1 0b 85 88 -1 7f 85 12 13
1 1 0 24.2 52.0 6 c22f -1 0b 85 88 -1 7f 85 12 13
1 1 0 24.2 52.0 6 c22f -1 0b 85 88 -1 7f 85 12 13
1 1 0 24.2 52.0 6 c22f -1 0b 85 88 -1 7f 85 12 13
1 1 0 24.2 52.0 6 c22f -1 0b 85 88 -1 7f 85 12 13
1 1 0 24.2 52.0 6 c22f -1 0b 85 88 -1 7f 85 12 13
1 1 0 24.3 52.0 6 c22f -1 0b 85 88 -1 7f 85 12 13
1 1 0 24.2 51.5 6 c22f -1 0b 85 88 -1 7f 85 12 13
1 1 0 24.2 51.5 6 c22f -1 0b 85 88 -1 7f 85 12 13
1 1 0 24.2 51.5 6 c22f -1 0b 85 88 -1 7f 85 12 13
1 1 0 24.2 51.5 6 c22f -1 0b 85 88 -1 7f 85 12 13
1 1 0 24.2 51.5 6 c22f -1 0b 85 88 -1 7f 85 12 13
1 1 0 24.2 52.0 6 c22f -1 0b 85 88 -1 7f 85 12 13
1 1 0 24.1 52.0 6 c22f -1 0b 85 88 -1 7f 85 12 13
1 1 0 24.2 52.0 6 c22f -1 0b 85 88 -1 7f 85 12 13
1 1 0 24.2 52.0 6 c22f -1 0b 85 88 -1 7f 85 12 13
1 1 0 24.2 52.0 6 c22f -1 0b 85 88 -1 7f 85 12 13
1 1 0 24.1 52.0 6 c22f -1 0b 85 88 -1 7f 85 12 13
1 1 0 24.2 52.0 6 c22f -1 0b 85 88 -1 7f 85 12 13
1 1 0 24.1 52.0 6 c22f -1 0b 85 88 -1 7f 85 12 13
1 1 0 24.2 52.0 6 c22f -1 0b 85 88 -1 7f 85 12 13
1 1 0 24.1 52.0 6 c22f -1 0b 85 88 -1 7f 85 12 13
1 1 0 24.1 52.0 6 c22f -1 0b 85 88 -1 7f 85 12 13
1 1 0 24.1 52.0 6 c22f -1 0b 85 88 -1 7f 85 12 13
1 1 0 24.1 52.0 6 c22f -1 0b 85 88 -1 7f 85 12 13
1 1 0 24.1 51.5 6 c22f -1 0b 85 88 -1 7f 85 12 13
1 1 0 24.1 51.5 6 c22f -1 0b 85 88 -1 7f 85 12 13
1 1 0 24.0 51.5 6 c22f -1 0b 85 88 -1 7f 85 12 13
1 1 0 24.0 51.5 6 c22f -1 0b 85 88 -1 7f 85 12 13
1 1 0 24.1 51.5 6 c22f -1 0b 85 88 -1 7f 85 12 13
1 1 0 24.1 51.0 6 c22f -1 0b 85 88 -1 7f 85 12 13
1 1 0 24.0 51.0 6 c22f -1 0b 85 88 -1 7f 85 12 13
1 1 0 24.0 51.0 6 c22f -1 0b 85 88 -1 7f 85 12 13
1 1 0 24.0 51.0 6 c22f -1 0b 85 88 -1 7f 85 12 13
1 1 0 24.0 51.0 6 c22f -1 0b 85 88 -1 7f 85 12 13
1 1 0 24.0 51.0 6 c22f -1 0b 85 88 -1 7f 85 12 13
1 1 0 24.0 50.5 6 c22f -1 0b 85 88 -1 7f 85 12 13
1 1 0 24.0 51.0 6 c22f -1 0b 85 88 -1 7f 85 12 13
1 1 0 24.0 50.5 6 c22f -1 0b 85 88 -1 7f 85 12 13
1 1 0 24.0 50.5 6 c22f -1 0b 85 88 -1 7f 85 12 13
1 1 0 23.9 50.5 6 c22f -1 0b 85 88 -1 7f 85 12 13
1 1 0 23.9 50.5 6 c22f -1 0b 85 88 -1 7f 85 12 13
1 1 0 23.9 50.5 6 c22f -1 0b 85 88 -1 7f 85 12 13
1 1 0 23.9 50.5 6 c22f -1 0b 85 88 -1 7f 85 12 13
1 1 0 23.9 50.5 6 c22f -1 0b 85 88 -1 7f 85 12 13
1 1 0 23.9 50.5 6 c22f -1 0b 85 88 -1 7f 85 12 13
1 1 0 23.9 50.5 6 c22f -1 0b 85 88 -1 7f 85 12 13
1 1 0 23.9 50.5 6 c22f -1 0b 85 88 -1 7f 85 12 13
1 1 0 23.9 50.0 6 c22f -1 0b 85 88 -1 7f 85 12 13
1 1 0 23.9 50.0 6 c22f -1 0b 85 88 -1 7f 85 12 13
1 1 0 24.0 50.0 6 c22f -1 0b 85 88 -1 7f 85 12 13
1 1 0 23.9 50.0 6 c22f -1 0b 85 88 -1 7f 85 12 13
1 1 0 23.9 50.0 6 c22f -1 0b 85 88 -1 7f 85 12 13
1 1 0 24.0 50.0 6 c22f -1 0b 85 88 -1 7f 85 12 13
1 1 0 24.1 50.0 6 c22f -1 0b 85 88 -1 7f 85 12 13
1 1 0 24.1 49.5 6 c22f -1 0b 85 88 -1 7f 85 12 13
1 1 0 24.2 49.5 6 c22f -1 0b 85 88 -1 7f 85 12 13
1 1 0 24.2 49.5 6 c22f -1 0b 85 88 -1 7f 85 12 13
1 1 0 24.2 49.5 6 c22f -1 0b 85 88 -1 7f 85 12 13
1 1 0 24.2 49.5 6 c22f -1 0b 85 88 -1 7f 85 12 13
1 1 0 24.4 49.5 6 c22f -1 0b 85 88 -1 7f 85 12 13
1 1 0 24.4 49.5 6 c22f -1 0b 85 88 -1 7f 85 12 13
1 1 0 24.5 49.5 6 c22f -1 0b 85 88 -1 7f 85 12 13
1 1 0 24.6 50.0 6 c22f -1 0b 85 88 -1 7f 85 12 13
1 1 0 24.6 50.0 6 c22f -1 0b 85 88 -1 7f 85 12 13
1 1 0 24.6 50.0 6 c22f -1 0b 85 88 -1 7f 85 12 13
1 1 0 24.6 50.0 6 c22f -1 0b 85 88 -1 7f 85 12 13
1 1 0 24.7 50.0 6 c22f -1 0b 85 88 -1 7f 85 12 13
1 1 0 24.7 50.0 6 c22f -1 0b 85 88 -1 7f 85 12 13
1 1 0 24.7 50.5 6 c22f -1 0b 85 88 -1 7f 85 12 13
1 1 0 24.7 50.5 6 c22f -1 0b 85 88 -1 7f 85 12 13
1 1 0 24.8 51.0 6 c22f -1 0b 85 88 -1 7f 85 12 13
1 1 0 24.8 50.5 6 c22f -1 0b 85 88 -1 7f 85 12 13
1 1 0 24.8 51.0 6 c22f -1 0b 85 88 -1 7f 85 12 13
1 1 0 24.9 51.0 6 c22f -1 0b 85 88 -1 7f 85 12 13
1 1 0 24.8 51.0 6 c22f -1 0b 85 88 -1 7f 85 12 13
1 1 0 24.9 50.5 6 c22f -1 0b 85 88 -1 7f 85 12 13
1 1 0 24.9 51.0 6 c22f -1 0b 85 88 -1 7f 85 12 13
1 1 0 24.9 50.5 6 c22f -1 0b 85 88 -1 7f 85 12 13
1 1 0 24.9 50.5 6 c22f -1 0b 85 88 -1 7f 85 12 13
1 1 0 24.9 50.5 6 c22f -1 0b 85 88 -1 7f 85 12 13
1 1 0 25.0 50.0 6 c22f -1 0b 85 88 -1 7f 85 12 13
1 1 0 24.9 50.0 6 c22f -1 0b 85 88 -1 7f 85 12 13
1 1 0 24.9 50.5 6 c22f -1 0b 85 88 -1 7f 85 12 13
1 1 0 24.9 50.0 6 c22f -1 0b 85 88 -1 7f 85 12 13
1 1 0 25.0 50.0 6 c22f -1 0b 85 88 -1 7f 85 12 13
1 1 0 25.0 50.0 6 c22f -1 0b 85 88 -1 7f 85 12 13
1 1 0 25.0 50.0 6 c22f -1 0b 85 88 -1 7f 85 12 13
1 1 0 25.0 50.0 6 c22f -1 0b 85 88 -1 7f 85 12 13
1 1 0 25.0 50.0 6 c22f -1 0b 85 88 -1 7f 85 12 13
1 1 0 25.0 50.0 6 c22f -1 0b 85 88 -1 7f 85 12 13
1 1 0 25.0 50.5 6 c22f -1 0b 85 88 -1 7f 85 12 13
1 1 0 25.0 50.5 6 c22f -1 0b 85 88 -1 7f 85 12 13
1 1 0 25.1 50.0 6 c22f -1 0b 85 88 -1 7f 85 12 13
1 1 0 25.1 50.0 6 c22f -1 0b 85 88 -1 7f 85 12 13
1 1 0 25.1 50.0 6 c22f -1 0b 85 88 -1 7f 85 12 13
1 1 0 25.1 50.0 6 c22f -1 0b 85 88 -1 7f 85 12 13
1 1 0 25.2 50.0 6 c22f -1 0b 85 88 -1 7f 85 12 13
1 1 0 25.2 50.0 6 c22f -1 0b 85 88 -1 7f 85 12 13
1 1 0 25.2 50.0 6 c22f -1 0b 85 88 -1 7f 85 12 13
1 1 0 25.2 50.0 6 c22f -1 0b 85 88 -1 7f 85 12 13
1 1 0 25.1 50.0 6 c22f -1 0b 85 88 -1 7f 85 12 13
1 1 0 25.2 50.0 6 c22f -1 0b 85 88 -1 7f 85 12 13
1 1 0 25.3 50.0 6 c22f -1 0b 85 88 -1 7f 85 12 13
1 1 0 25.3 50.0 6 c22f -1 0b 85 88 -1 7f 85 12 13
1 1 0 25.3 49.5 6 c22f -1 0b 85 88 -1 7f 85 12 13
1 1 0 25.3 50.0 6 c22f -1 0b 85 88 -1 7f 85 12 13
1 1 0 25.4 49.5 6 c22f -1 0b 85 88 -1 7f 85 12 13
1 1 0 25.3 49.5 6 c22f -1 0b 85 88 -1 7f 85 12 13
1 1 0 25.3 49.5 6 c22f -1 0b 85 88 -1 7f 85 12 13
1 1 0 25.4 49.5 6 c22f -1 0b 85 88 -1 7f 85 12 13
1 1 0 25.3 49.5 4 c22f -1 0b 85 88 -1 7f 85 12 13
1 1 0 25.3 50.0 6 c22f -1 0b 85 88 -1 7f 85 12 13
1 1 0 25.4 50.0 6 c22f -1 0b 85 88 -1 7f 85 12 13
1 1 0 25.4 50.0 6 c22f -1 0b 85 88 -1 7f 85 12 13
1 1 0 25.4 50.0 6 c22f -1 0b 85 88 -1 7f 85 12 13
1 1 0 25.4 50.0 6 c22f -1 0b 85 88 -1 7f 85 12 13
1 1 0 25.5 50.0 6 c22f -1 0b 85 88 -1 7f 85 12 13
1 1 0 25.5 50.0 6 c22f -1 0b 85 88 -1 7f 85 12 13
1 1 0 25.5 50.0 6 c22f -1 0b 85 88 -1 7f 85 12 13
1 1 0 25.5 49.5 6 c22f -1 0b 85 88 -1 7f 85 12 13
1 1 0 25.5 49.5 6 c22f -1 0b 85 88 -1 7f 85 12 13
1 1 0 25.5 49.5 6 c22f -1 0b 85 88 -1 7f 85 12 13
1 1 0 25.5 49.0 6 c22f -1 0b 85 88 -1 7f 85 12 13
1 1 0 25.4 48.5 6 c22f -1 0b 85 88 -1 7f 85 12 13
1 1 0 25.5 49.0 6 c22f -1 0b 85 88 -1 7f 85 12 13
1 1 0 25.4 48.5 6 c22f -1 0b 85 88 -1 7f 85 12 13
1 1 0 25.5 48.5 6 c22f -1 0b 85 88 -1 7f 85 12 13
1 1 0 25.5 48.5 6 c22f -1 0b 85 88 -1 7f 85 12 13
1 1 0 25.5 48.0 6 c22f -1 0b 85 88 -1 7f 85 12 13
1 1 0 25.5 48.5 6 c22f -1 0b 85 88 -1 7f 85 12 13
1 1 0 25.6 48.5 6 c22f -1 0b 85 88 -1 7f 85 12 13
1 1 0 25.5 48.5 6 c22f -1 0b 85 88 -1 7f 85 12 13
1 1 0 25.5 48.5 6 c22f -1 0b 85 88 -1 7f 85 12 13
1 1 0 25.6 48.5 6 c22f -1 0b 85 88 -1 7f 85 12 13
1 1 0 25.5 48.5 6 c22f -1 0b 85 88 -1 7f 85 12 13
1 1 0 25.6 48.5 6 c22f -1 0b 85 88 -1 7f 85 12 13
1 1 0 25.6 48.5 6 c22f -1 0b 85 88 -1 7f 85 12 13
1 1 0 25.6 48.0 6 c22f -1 0b 85 88 -1 7f 85 12 13
1 1 0 25.6 48.5 4 c22f -1 0b 85 88 -1 7f 85 12 13
1 1 0 25.6 48.5 6 c22f -1 0b 85 88 -1 7f 85 12 13
1 1 0 25.6 48.0 6 c22f -1 0b 85 88 -1 7f 85 12 13
1 1 0 25.6 48.0 6 c22f -1 0b 85 88 -1 7f 85 12 13
1 1 0 25.6 48.0 6 c22f -1 0b 85 88 -1 7f 85 12 13
1 1 0 25.7 48.5 6 c22f -1 0b 85 88 -1 7f 85 12 13
1 1 0 25.7 48.5 6 c22f -1 0b 85 88 -1 7f 85 12 13
1 1 0 25.7 48.0 6 c22f -1 0b 85 88 -1 7f 85 12 13
1 1 0 25.6 48.5 6 c22f -1 0b 85 88 -1 7f 85 12 13
1 1 0 25.6 48.5 6 c22f -1 0b 85 88 -1 7f 85 12 13
1 1 0 25.7 48.5 6 c22f -1 0b 85 88 -1 7f 85 12 13
1 1 0 25.7 48.5 6 c22f -1 0b 85 88 -1 7f 85 12 13
1 1 0 25.7 48.0 6 c22f -1 0b 85 88 -1 7f 85 12 13
1 1 0 25.7 48.5 6 c22f -1 0b 85 88 -1 7f 85 12 13
1 1 0 25.7 48.5 6 c22f -1 0b 85 88 -1 7f 85 12 13
1 1 0 25.7 48.5 6 c22f -1 0b 85 88 -1 7f 85 12 13
1 1 0 25.8 48.0 6 c22f -1 0b 85 88 -1 7f 85 12 13
1 1 0 25.7 48.0 6 c22f -1 0b 85 88 -1 7f 85 12 13
1 1 0 25.8 48.5 6 c22f -1 0b 85 88 -1 7f 85 12 13
1 1 0 25.7 48.0 6 c22f -1 0b 85 88 -1 7f 85 12 13
1 1 0 25.8 48.0 6 c22f -1 0b 85 88 -1 7f 85 12 13
1 1 0 25.8 48.0 6 c22f -1 0b 85 88 -1 7f 85 12 13
1 1 0 25.8 48.0 6 c22f -1 0b 85 88 -1 7f 85 12 13
1 1 0 25.7 48.0 4 c22f -1 0b 85 88 -1 7f 85 12 13
1 1 0 25.8 48.0 6 c22f -1 0b 85 88 -1 7f 85 12 13
1 1 0 25.8 48.0 6 c22f -1 0b 85 88 -1 7f 85 12 13
1 1 0 25.8 48.0 2 c22f -1 0b 85 88 -1 7f 85 12 13
1 1 0 25.8 48.5 0 c22f -1 0b 85 88 -1 7f 85 12 13
1 1 0 25.7 48.0 0 c22f -1 0b 85 88 -1 0f 85 12 13
1 1 1 25.8 48.0 1 c22f -1 0b 85 88 -1 0f 85 12 13
1 1 0 25.7 48.0 1 c22f -1 0b 85 88 -1 0f 85 12 13
1 1 0 25.8 48.5 1 c22f -1 0b 85 88 -1 0f 85 12 13
1 1 0 25.8 48.5 1 c22f -1 0b 85 88 -1 0f 85 12 13
1 1 0 25.9 48.5 1 c22f -1 0b 85 88 -1 0f 85 12 13
1 1 0 25.9 48.5 1 c22f -1 0b 85 88 -1 0f 85 12 13
1 1 0 26.0 48.5 1 c22f -1 0b 85 88 -1 0f 85 12 13
1 1 0 26.0 48.5 1 c22f -1 0b 85 88 -1 0f 85 12 13
1 1 0 26.1 49.0 1 c22f -1 0b 85 88 -1 0f 85 12 13
1 1 0 26.1 49.0 1 c22f -1 0b 85 88 -1 0f 85 12 13
1 1 0 26.1 49.5 1 c22f -1 0b 85 88 -1 0f 85 12 13
1 1 0 26.2 49.5 1 c22f -1 0b 85 88 -1 0f 85 12 13
1 1 0 26.2 49.5 1 c22f -1 0b 85 88 -1 0f 85 12 13
1 1 0 26.3 49.5 1 c22f -1 0b 85 88 -1 0f 85 12 13
1 1 0 26.3 49.5 1 c22f -1 0b 85 88 -1 0f 85 12 13
1 1 0 26.4 50.0 1 c22f -1 0b 85 88 -1 0f 85 12 13
1 1 0 26.3 50.5 1 c22f -1 0b 85 88 -1 0f 85 12 13
1 1 0 26.4 50.5 1 c22f -1 0b 85 88 -1 0f 85 12 13
1 1 0 26.5 51.0 1 c22f -1 0b 85 88 -1 0f 85 12 13
1 1 0 26.5 51.0 1 c22f -1 0b 85 88 -1 0f 85 12 13
1 1 0 26.5 51.5 1 c22f -1 0b 85 88 -1 0f 85 12 13
1 1 0 26.6 51.5 1 c22f -1 0b 85 88 -1 0f 85 12 13
1 1 0 26.6 52.0 1 c22f -1 0b 85 88 -1 0f 85 12 13
1 1 0 26.6 52.0 1 c22f -1 0b 85 88 -1 0f 85 12 13
1 1 0 26.6 51.0 1 c22f -1 0b 85 88 -1 0f 85 12 13
1 1 0 26.7 50.5 1 c22f -1 0b 85 88 -1 0f 85 12 13
1 1 0 26.7 50.5 1 c22f -1 0b 85 88 -1 0f 85 12 13
1 1 0 26.7 50.0 1 c22f -1 0b 85 88 -1 0f 85 12 13
1 1 0 26.8 50.0 1 c22f -1 0b 85 88 -1 0f 85 12 13
1 1 0 26.9 50.5 1 c22f -1 0b 85 88 -1 0f 85 12 13
1 1 0 26.9 50.5 1 c22f -1 0b 85 88 -1 0f 85 12 13
1 1 0 26.8 50.5 1 c22f -1 0b 85 88 -1 0f 85 12 13
1 1 0 26.9 50.5 1 c22f -1 0b 85 88 -1 0f 85 12 13
1 1 0 26.9 50.5 1 c22f -1 0b 85 88 -1 0f 85 12 13
1 1 0 27.0 50.5 1 c22f -1 0b 85 88 -1 0f 85 12 13
1 1 0 27.0 51.0 1 c22f -1 0b 85 88 -1 0f 85 12 13
1 1 0 27.0 51.0 1 c22f -1 0b 85 88 -1 0f 85 12 13
1 1 0 27.0 51.5 1 c22f -1 0b 85 88 -1 0f 85 12 13
1 1 0 27.0 51.0 1 c22f -1 0b 85 88 -1 0f 85 12 13
1 1 0 27.0 51.5 1 c22f -1 0b 85 88 -1 0f 85 12 13
1 1 0 27.2 51.5 1 c22f -1 0b 85 88 -1 0f 85 12 13
1 1 0 27.2 51.5 1 c22f -1 0b 85 88 -1 0f 85 12 13
1 1 0 27.1 51.0 1 c22f -1 0b 85 88 -1 0f 85 12 13
1 1 0 27.1 51.5 1 c22f -1 0b 85 88 -1 0f 85 12 13
1 1 0 27.2 51.5 1 c22f -1 0b 85 88 -1 0f 85 12 13
1 1 0 27.3 51.5 1 c22f -1 0b 85 88 -1 0f 85 12 13
1 1 0 27.3 51.5 1 c22f -1 0b 85 88 -1 0f 85 12 13
1 1 0 27.3 51.5 1 c22f -1 0b 85 88 -1 0f 85 12 13
1 1 0 27.3 51.5 1 c22f -1 0b 85 88 -1 0f 85 12 13
1 1 0 27.4 51.5 1 c22f -1 0b 85 88 -1 0f 85 12 13
1 1 0 27.4 51.5 1 c22f -1 0b 85 88 -1 0f 85 12 13
1 1 0 27.4 52.0 1 c22f -1 0b 85 88 -1 0f 85 12 13
1 1 0 27.5 52.0 1 c22f -1 0b 85 88 -1 0f 85 12 13
1 1 0 27.5 52.0 1 c22f -1 0b 85 88 -1 0f 85 12 13
1 1 0 27.5 52.0 1 c22f -1 0b 85 88 -1 0f 85 12 13
1 1 0 27.6 52.0 1 c22f -1 0b 85 88 -1 0f 85 12 13
1 1 0 27.5 52.5 1 c22f -1 0b 85 88 -1 0f 85 12 13
1 1 0 27.5 52.5 1 c22f -1 0b 85 88 -1 0f 85 12 13
1 1 0 27.6 52.5 1 c22f -1 0b 85 88 -1 0f 85 12 13
1 1 0 27.7 53.0 1 c22f -1 0b 85 88 -1 0f 85 12 13
1 1 0 27.6 53.0 1 c22f -1 0b 85 88 -1 0f 85 12 13
1 1 0 27.6 53.5 1 c22f -1 0b 85 88 -1 0f 85 12 13
1 1 0 27.7 53.5 1 c22f -1 0b 85 88 -1 0f 85 12 13
1 1 0 27.8 53.5 1 c22f -1 0b 85 88 -1 0f 85 12 13
1 1 0 27.7 53.5 1 c22f -1 0b 85 88 -1 0f 85 12 13
1 1 0 27.8 53.5 1 c22f -1 0b 85 88 -1 0f 85 12 13
1 1 0 27.8 54.0 1 c22f -1 0b 85 88 -1 0f 85 12 13
1 1 0 27.8 54.0 1 c22f -1 0b 85 88 -1 0f 85 12 13
1 1 0 27.8 54.0 1 c22f -1 0b 85 88 -1 0f 85 12 13
1 1 0 27.8 54.0 1 c22f -1 0b 85 88 -1 0f 85 12 13
1 1 0 27.8 54.0 1 c22f -1 0b 85 88 -1 0f 85 12 13
1 1 0 27.9 54.5 1 c22f -1 0b 85 88 -1 0f 85 12 13
1 1 0 27.9 54.5 1 c22f -1 0b 85 88 -1 0f 85 12 13
1 1 0 27.9 54.5 1 c22f -1 0b 85 88 -1 0f 85 12 13
1 1 0 27.9 54.0 1 c22f -1 0b 85 88 -1 0f 85 12 13
1 1 0 27.9 54.0 1 c22f -1 0b 85 88 -1 0f 85 12 13
1 1 0 27.9 54.5 1 c22f -1 0b 85 88 -1 0f 85 12 13
1 1 0 28.0 54.5 1 c22f -1 0b 85 88 -1 0f 85 12 13
1 1 0 27.9 54.5 1 c22f -1 0b 85 88 -1 0f 85 12 13
1 1 0 28.0 54.5 1 c22f -1 0b 85 88 -1 0f 85 12 13
1 1 0 28.0 54.5 1 c22f -1 0b 85 88 -1 0f 85 12 13
1 1 0 28.1 54.5 1 c22f -1 0b 85 88 -1 0f 85 12 13
1 1 0 28.1 54.5 1 c22f -1 0b 85 88 -1 0f 85 12 13
1 1 0 28.2 54.5 1 c22f -1 0b 85 88 -1 0f 85 12 13
1 1 0 28.1 54.5 1 c22f -1 0b 85 88 -1 0f 85 12 13
1 1 0 28.1 54.5 1 c22f -1 0b 85 88 -1 0f 85 12 13
1 1 0 28.2 54.5 1 c22f -1 0b 85 88 -1 0f 85 12 13
1 1 0 28.2 54.5 1 c22f -1 0b 85 88 -1 0f 85 12 13
1 1 0 28.2 54.5 1 c22f -1 0b 85 88 -1 0f 85 12 13
1 1 0 28.2 54.5 1 c22f -1 0b 85 88 -1 0f 85 12 13
1 1 0 28.2 54.5 1 c22f -1 0b 85 88 -1 0f 85 12 13
1 1 0 28.2 54.5 1 c22f -1 0b 85 88 -1 0f 85 12 13
1 1 0 28.2 54.5 1 c22f -1 0b 85 88 -1 0f 85 12 13
1 1 0 28.3 54.5 1 c22f -1 0b 85 88 -1 0f 85 12 13
1 1 0 28.3 54.5 1 c22f -1 0b 85 88 -1 0f 85 12 13
1 1 0 28.3 54.5 1 c22f -1 0b 85 88 -1 0f 85 12 13
1 1 0 28.3 54.5 1 c22f -1 0b 85 88 -1 0f 85 12 13
1 1 0 28.3 54.5 1 c22f -1 0b 85 88 -1 0f 85 12 13
1 1 0 28.4 54.0 1 c22f -1 0b 85 88 -1 0f 85 12 13
1 1 0 28.4 54.0 1 c22f -1 0b 85 88 -1 0f 85 12 13
1 1 0 28.4 54.0 1 c22f -1 0b 85 88 -1 0f 85 12 13
1 1 0 28.4 54.0 1 c22f -1 0b 85 88 -1 0f 85 12 13
1 1 0 28.4 54.0 1 c22f -1 0b 85 88 -1 0f 85 12 13
1 1 0 28.4 54.0 1 c22f -1 0b 85 88 -1 0f 85 12 13
1 1 0 28.5 53.5 1 c22f -1 0b 85 88 -1 0f 85 12 13
1 1 0 28.5 54.0 1 c22f -1 0b 85 88 -1 0f 85 12 13
1 1 0 28.5 53.5 1 c22f -1 0b 85 88 -1 0f 85 12 13
1 1 0 28.4 54.0 1 c22f -1 0b 85 88 -1 0f 85 12 13
1 1 0 28.5 54.0 1 c22f -1 0b 85 88 -1 0f 85 12 13
1 1 0 28.5 54.0 1 c22f -1 0b 85 88 -1 0f 85 12 13
1 1 0 28.5 54.0 1 c22f -1 0b 85 88 -1 0f 85 12 13
