1 1 0 28.9 55.0 1 -1 0b 0f -1 -1 -1 -1 -1
1 1 0 28.9 55.0 1 -1 0b 0f -1 -1 -1 -1 -1
1 1 0 28.9 54.5 1 -1 0b 0f -1 -1 -1 -1 -1
1 1 0 28.9 54.5 1 -1 0b 0f -1 -1 -1 -1 -1
1 1 0 28.9 55.0 1 -1 0b 0f -1 -1 -1 -1 -1
1 1 0 28.9 55.0 1 -1 0b 0f -1 -1 -1 -1 -1
1 1 0 29.0 55.0 1 -1 0b 0f -1 -1 -1 -1 -1
1 1 0 28.9 54.5 1 -1 0b 0f -1 -1 -1 -1 -1
1 1 0 28.9 55.0 1 -1 0b 0f -1 -1 -1 -1 -1
1 1 0 28.9 54.5 1 -1 0b 0f -1 -1 -1 -1 -1
1 1 0 28.9 54.5 1 -1 0b 0f -1 -1 -1 -1 -1
1 1 0 28.9 54.5 1 -1 0b 0f -1 -1 -1 -1 -1
1 1 0 29.0 54.5 1 -1 0b 0f -1 -1 -1 -1 -1
1 1 0 29.0 54.5 1 -1 0b 0f -1 -1 -1 -1 -1
1 1 0 28.9 54.5 1 -1 0b 0f -1 -1 -1 -1 -1
1 1 0 28.9 54.5 1 -1 0b 0f -1 -1 -1 -1 -1
1 1 0 29.0 54.5 1 -1 0b 0f -1 -1 -1 -1 -1
1 1 0 29.0 54.5 1 -1 0b 0f -1 -1 -1 -1 -1
1 1 0 29.0 54.5 1 -1 0b 0f -1 -1 -1 -1 -1
1 1 0 29.0 54.5 1 -1 0b 0f -1 -1 -1 -1 -1
1 1 0 29.0 54.0 1 -1 0b 0f -1 -1 -1 -1 -1
1 1 0 29.0 54.0 1 -1 0b 0f -1 -1 -1 -1 -1
1 1 0 29.0 54.0 1 -1 0b 0f -1 -1 -1 -1 -1
1 1 0 29.0 54.0 1 -1 0b 0f -1 -1 -1 -1 -1
1 1 0 29.1 54.0 1 -1 0b 0f -1 -1 -1 -1 -1
1 1 0 29.1 54.0 1 -1 0b 0f -1 -1 -1 -1 -1
1 1 0 29.0 54.0 1 -1 0b 0f -1 -1 -1 -1 -1
1 1 0 29.1 54.5 1 -1 0b 0f -1 -1 -1 -1 -1
1 1 0 29.2 54.0 1 -1 0b 0f -1 -1 -1 -1 -1
1 1 0 29.1 54.0 1 -1 0b 0f -1 -1 -1 -1 -1
1 1 0 29.1 54.0 1 -1 0b 0f -1 -1 -1 -1 -1
1 1 0 29.1 54.0 1 -1 0b 0f -1 -1 -1 -1 -1
1 1 0 29.1 54.0 1 -1 0b 0f -1 -1 -1 -1 -1
1 1 0 29.2 54.0 1 -1 0b 0f -1 -1 -1 -1 -1
1 1 0 29.2 54.0 1 -1 0b 0f -1 -1 -1 -1 -1
1 1 0 29.1 54.0 1 -1 0b 0f -1 -1 -1 -1 -1
1 1 0 29.1 54.0 1 -1 0b 0f -1 -1 -1 -1 -1
1 1 0 29.2 54.0 1 -1 0b 0f -1 -1 -1 -1 -1
1 1 0 29.0 54.0 1 -1 0b 0f -1 -1 -1 -1 -1
1 1 0 29.1 53.5 1 -1 0b 0f -1 -1 -1 -1 -1
1 1 0 29.2 53.5 1 -1 0b 0f -1 -1 -1 -1 -1
1 1 0 29.1 53.5 1 -1 0b 0f -1 -1 -1 -1 -1
1 1 0 29.1 53.5 1 -1 0b 0f -1 -1 -1 -1 -1
1 1 0 29.1 53.0 1 -1 0b 0f -1 -1 -1 -1 -1
1 1 0 29.2 53.0 1 -1 0b 0f -1 -1 -1 -1 -1
1 1 0 29.1 53.0 1 -1 0b 0f -1 -1 -1 -1 -1
1 1 0 29.2 53.0 1 -1 0b 0f -1 -1 -1 -1 -1
1 1 0 29.2 53.0 1 -1 0b 0f -1 -1 -1 -1 -1
1 1 0 29.2 53.5 1 -1 0b 0f -1 -1 -1 -1 -1
1 1 0 29.2 53.5 1 -1 0b 0f -1 -1 -1 -1 -1
1 1 0 29.2 53.0 1 -1 0b 0f -1 -1 -1 -1 -1
1 1 0 29.2 53.0 1 -1 0b 0f -1 -1 -1 -1 -1
1 1 0 29.2 53.0 1 -1 0b 0f -1 -1 -1 -1 -1
1 1 0 29.2 53.0 1 -1 0b 0f -1 -1 -1 -1 -1
1 1 0 29.2 53.0 1 -1 0b 0f -1 -1 -1 -1 -1
1 1 0 29.3 53.5 1 -1 0b 0f -1 -1 -1 -1 -1
1 1 0 29.2 53.0 1 -1 0b 0f -1 -1 -1 -1 -1
1 1 0 29.2 53.0 1 -1 0b 0f -1 -1 -1 -1 -1
1 1 0 29.2 53.0 1 -1 0b 0f -1 -1 -1 -1 -1
1 1 0 29.2 53.0 1 -1 0b 0f -1 -1 -1 -1 -1
1 1 0 29.3 53.0 1 -1 0b 0f -1 -1 -1 -1 -1
1 1 0 29.2 53.0 1 -1 0b 0f -1 -1 -1 -1 -1
1 1 0 29.3 53.0 1 -1 0b 0f -1 -1 -1 -1 -1
1 1 0 29.2 53.5 1 -1 0b 0f -1 -1 -1 -1 -1
1 1 0 29.2 53.5 1 -1 0b 0f -1 -1 -1 -1 -1
1 1 0 29.3 53.5 1 -1 0b 0f -1 -1 -1 -1 -1
1 1 0 29.2 53.5 1 -1 0b 0f -1 -1 -1 -1 -1
1 1 0 29.3 53.5 1 -1 0b 0f -1 -1 -1 -1 -1
1 1 0 29.3 53.5 1 -1 0b 0f -1 -1 -1 -1 -1
1 1 0 29.2 53.5 1 -1 0b 0f -1 -1 -1 -1 -1
1 1 0 29.3 53.5 1 -1 0b 0f -1 -1 -1 -1 -1
1 1 0 29.3 53.5 1 -1 0b 0f -1 -1 -1 -1 -1
1 1 0 29.3 53.5 1 -1 0b 0f -1 -1 -1 -1 -1
1 1 0 29.3 53.5 1 -1 0b 0f -1 -1 -1 -1 -1
1 1 0 29.3 53.5 1 -1 0b 0f -1 -1 -1 -1 -1
1 1 0 29.3 53.5 1 -1 0b 0f -1 -1 -1 -1 -1
1 1 0 29.3 53.5 1 -1 0b 0f -1 -1 -1 -1 -1
1 1 0 29.3 53.5 1 -1 0b 0f -1 -1 -1 -1 -1
1 1 0 29.3 53.5 1 -1 0b 0f -1 -1 -1 -1 -1
1 1 0 29.3 53.5 1 -1 0b 0f -1 -1 -1 -1 -1
1 1 0 29.3 53.5 1 -1 0b 0f -1 -1 -1 -1 -1
1 1 0 29.4 54.0 1 -1 0b 0f -1 -1 -1 -1 -1
1 1 0 29.3 54.0 1 -1 0b 0f -1 -1 -1 -1 -1
1 1 0 29.4 54.0 1 -1 0b 0f -1 -1 -1 -1 -1
1 1 0 29.3 54.0 1 -1 0b 0f -1 -1 -1 -1 -1
1 1 0 29.4 54.0 1 -1 0b 0f -1 -1 -1 -1 -1
1 1 0 29.4 54.0 1 -1 0b 0f -1 -1 -1 -1 -1
1 1 0 29.4 54.0 1 -1 0b 0f -1 -1 -1 -1 -1
1 1 0 29.3 54.0 1 -1 0b 0f -1 -1 -1 -1 -1
1 1 0 29.4 54.0 1 -1 0b 0f -1 -1 -1 -1 -1
1 1 0 29.4 54.0 1 -1 0b 0f -1 -1 -1 -1 -1
1 1 0 29.5 54.0 1 -1 0b 0f -1 -1 -1 -1 -1
1 1 0 29.4 54.0 1 -1 0b 0f -1 -1 -1 -1 -1
1 1 0 29.4 54.0 1 -1 0b 0f -1 -1 -1 -1 -1
1 1 0 29.4 54.0 1 -1 0b 0f -1 -1 -1 -1 -1
1 1 0 29.4 54.0 1 -1 0b 0f -1 -1 -1 -1 -1
1 1 0 29.4 54.0 1 -1 0b 0f -1 -1 -1 -1 -1
1 1 0 29.5 54.0 1 -1 0b 0f -1 -1 -1 -1 -1
1 1 0 29.4 54.0 1 -1 0b 0f -1 -1 -1 -1 -1
1 1 0 29.4 54.0 1 -1 0b 0f -1 -1 -1 -1 -1
1 1 0 29.4 54.0 1 -1 0b 0f -1 -1 -1 -1 -1
1 1 0 29.5 54.0 1 -1 0b 0f -1 -1 -1 -1 -1
1 1 0 29.4 54.0 1 -1 0b 0f -1 -1 -1 -1 -1
1 1 0 29.5 54.0 1 -1 0b 0f -1 -1 -1 -1 -1
1 1 0 29.5 54.0 1 -1 0b 0f -1 -1 -1 -1 -1
1 1 0 29.5 54.0 1 -1 0b 0f -1 -1 -1 -1 -1
1 1 0 29.4 54.0 1 -1 0b 0f -1 -1 -1 -1 -1
1 1 0 29.4 54.0 1 -1 0b 0f -1 -1 -1 -1 -1
1 1 0 29.5 54.0 1 -1 0b 0f -1 -1 -1 -1 -1
1 1 0 29.5 54.0 1 -1 0b 0f -1 -1 -1 -1 -1
1 1 0 29.5 54.0 1 -1 0b 0f -1 -1 -1 -1 -1
1 1 0 29.5 54.0 1 -1 0b 0f -1 -1 -1 -1 -1
1 1 0 29.5 54.0 1 -1 0b 0f -1 -1 -1 -1 -1
1 1 0 29.5 54.0 1 -1 0b 0f -1 -1 -1 -1 -1
1 1 0 29.5 53.5 1 -1 0b 0f -1 -1 -1 -1 -1
1 1 0 29.4 53.5 1 -1 0b 0f -1 -1 -1 -1 -1
1 1 0 29.5 53.5 1 -1 0b 0f -1 -1 -1 -1 -1
1 1 0 29.5 53.5 1 -1 0b 0f -1 -1 -1 -1 -1
1 1 0 29.4 53.5 1 -1 0b 0f -1 -1 -1 -1 -1
1 1 0 29.5 54.0 1 -1 0b 0f -1 -1 -1 -1 -1
1 1 0 29.5 54.0 1 -1 0b 0f -1 -1 -1 -1 -1
1 1 0 29.5 54.0 1 -1 0b 0f -1 -1 -1 -1 -1
1 1 0 29.5 53.5 1 -1 0b 0f -1 -1 -1 -1 -1
1 1 0 29.5 54.0 1 -1 0b 0f -1 -1 -1 -1 -1
1 1 0 29.5 54.0 1 -1 0b 0f -1 -1 -1 -1 -1
1 1 0 29.5 54.0 1 -1 0b 0f -1 -1 -1 -1 -1
1 1 0 29.5 54.0 1 -1 0b 0f -1 -1 -1 -1 -1
1 1 0 29.5 53.5 1 -1 0b 0f -1 -1 -1 -1 -1
1 1 0 29.6 54.0 1 -1 0b 0f -1 -1 -1 -1 -1
1 1 0 29.5 53.5 1 -1 0b 0f -1 -1 -1 -1 -1
1 1 0 29.5 54.0 1 -1 0b 0f -1 -1 -1 -1 -1
1 1 0 29.5 54.0 1 -1 0b 0f -1 -1 -1 -1 -1
1 1 0 29.5 53.5 1 -1 0b 0f -1 -1 -1 -1 -1
1 1 0 29.5 53.5 1 -1 0b 0f -1 -1 -1 -1 -1
1 1 0 29.5 53.5 1 -1 0b 0f -1 -1 -1 -1 -1
1 1 0 29.5 53.5 1 -1 0b 0f -1 -1 -1 -1 -1
1 1 0 29.5 53.5 1 -1 0b 0f -1 -1 -1 -1 -1
1 1 0 29.5 53.5 1 -1 0b 0f -1 -1 -1 -1 -1
1 1 0 29.5 53.5 1 -1 0b 0f -1 -1 -1 -1 -1
1 1 0 29.5 53.5 1 -1 0b 0f -1 -1 -1 -1 -1
1 1 0 29.6 53.5 1 -1 0b 0f -1 -1 -1 -1 -1
1 1 0 29.5 53.5 1 -1 0b 0f -1 -1 -1 -1 -1
1 1 0 29.6 53.5 1 -1 0b 0f -1 -1 -1 -1 -1
1 1 0 29.6 53.5 1 -1 0b 0f -1 -1 -1 -1 -1
1 1 0 29.6 53.5 1 -1 0b 0f -1 -1 -1 -1 -1
1 1 0 29.5 53.5 1 -1 0b 0f -1 -1 -1 -1 -1
1 1 0 29.5 53.5 1 -1 0b 0f -1 -1 -1 -1 -1
1 1 0 29.6 53.5 1 -1 0b 0f -1 -1 -1 -1 -1
1 1 0 29.6 53.5 1 -1 0b 0f -1 -1 -1 -1 -1
1 1 0 29.5 53.5 1 -1 0b 0f -1 -1 -1 -1 -1
1 1 0 29.5 53.5 1 -1 0b 0f -1 -1 -1 -1 -1
1 1 0 29.6 53.5 1 -1 0b 0f -1 -1 -1 -1 -1
1 1 0 29.6 53.5 1 -1 0b 0f -1 -1 -1 -1 -1
1 1 0 29.5 53.5 1 -1 0b 0f -1 -1 -1 -1 -1
1 1 0 29.6 53.5 1 -1 0b 0f -1 -1 -1 -1 -1
1 1 0 29.6 53.5 1 -1 0b 0f -1 -1 -1 -1 -1
1 1 0 29.5 53.5 1 -1 0b 0f -1 -1 -1 -1 -1
1 1 0 29.6 53.0 1 -1 0b 0f -1 -1 -1 -1 -1
1 1 0 29.6 53.5 1 -1 0b 0f -1 -1 -1 -1 -1
1 1 0 29.6 53.5 1 -1 0b 0f -1 -1 -1 -1 -1
1 1 0 29.6 53.5 1 -1 0b 0f -1 -1 -1 -1 -1
1 1 0 29.6 53.5 1 -1 0b 0f -1 -1 -1 -1 -1
1 1 0 29.6 53.5 1 -1 0b 0f -1 -1 -1 -1 -1
1 1 0 29.6 53.0 1 -1 0b 0f -1 -1 -1 -1 -1
1 1 0 29.5 53.0 1 -1 0b 0f -1 -1 -1 -1 -1
1 1 0 29.6 53.0 1 -1 0b 0f -1 -1 -1 -1 -1
1 1 0 29.6 53.0 1 -1 0b 0f -1 -1 -1 -1 -1
1 1 0 29.6 53.0 1 -1 0b 0f -1 -1 -1 -1 -1
1 1 0 29.6 53.0 1 -1 0b 0f -1 -1 -1 -1 -1
1 1 0 29.6 53.5 1 -1 0b 0f -1 -1 -1 -1 -1
1 1 0 29.6 53.0 1 -1 0b 0f -1 -1 -1 -1 -1
1 1 0 29.6 53.5 1 -1 0b 0f -1 -1 -1 -1 -1
1 1 0 29.6 53.5 1 -1 0b 0f -1 -1 -1 -1 -1
1 1 0 29.6 53.0 1 -1 0b 0f -1 -1 -1 -1 -1
1 1 0 29.5 53.5 1 -1 0b 0f -1 -1 -1 -1 -1
1 1 0 29.6 53.5 1 -1 0b 0f -1 -1 -1 -1 -1
1 1 0 29.6 53.5 1 -1 0b 0f -1 -1 -1 -1 -1
1 1 0 29.6 53.5 1 -1 0b 0f -1 -1 -1 -1 -1
1 1 0 29.7 53.5 1 -1 0b 0f -1 -1 -1 -1 -1
1 1 0 29.6 53.5 1 -1 0b 0f -1 -1 -1 -1 -1
1 1 0 29.6 53.5 1 -1 0b 0f -1 -1 -1 -1 -1
1 1 0 29.7 53.5 1 -1 0b 0f -1 -1 -1 -1 -1
1 1 0 29.7 54.0 1 -1 0b 0f -1 -1 -1 -1 -1
1 1 0 29.7 54.0 1 -1 0b 0f -1 -1 -1 -1 -1
1 1 0 29.7 54.0 1 -1 0b 0f -1 -1 -1 -1 -1
1 1 0 29.7 54.0 1 -1 0b 0f -1 -1 -1 -1 -1
1 1 0 29.7 54.0 1 -1 0b 0f -1 -1 -1 -1 -1
1 1 0 29.7 54.0 1 -1 0b 0f -1 -1 -1 -1 -1
1 1 0 29.7 54.0 1 -1 0b 0f -1 -1 -1 -1 -1
1 1 0 29.6 54.0 1 -1 0b 0f -1 -1 -1 -1 -1
1 1 0 29.7 54.0 1 -1 0b 0f -1 -1 -1 -1 -1
1 1 0 29.7 54.0 1 -1 0b 0f -1 -1 -1 -1 -1
1 1 0 29.7 54.0 1 -1 0b 0f -1 -1 -1 -1 -1
1 1 0 29.7 54.0 1 -1 0b 0f -1 -1 -1 -1 -1
1 1 0 29.7 54.0 1 -1 0b 0f -1 -1 -1 -1 -1
1 1 0 29.6 54.0 1 -1 0b 0f -1 -1 -1 -1 -1
1 1 0 29.6 54.0 1 -1 0b 0f -1 -1 -1 -1 -1
1 1 0 29.7 54.0 1 -1 0b 0f -1 -1 -1 -1 -1
1 1 0 29.7 54.0 1 -1 0b 0f -1 -1 -1 -1 -1
1 1 0 29.7 54.0 1 -1 0b 0f -1 -1 -1 -1 -1
1 1 0 29.7 54.0 1 -1 0b 0f -1 -1 -1 -1 -1
1 1 0 29.7 54.0 1 -1 0b 0f -1 -1 -1 -1 -1
1 1 0 29.6 54.0 1 -1 0b 0f -1 -1 -1 -1 -1
1 1 0 29.6 54.0 1 -1 0b 0f -1 -1 -1 -1 -1
1 1 0 29.7 54.0 1 -1 0b 0f -1 -1 -1 -1 -1
1 1 0 29.6 54.0 1 -1 0b 0f -1 -1 -1 -1 -1
1 1 0 29.7 54.0 1 -1 0b 0f -1 -1 -1 -1 -1
1 1 0 29.7 54.0 1 -1 0b 0f -1 -1 -1 -1 -1
1 1 0 29.6 54.0 1 -1 0b 0f -1 -1 -1 -1 -1
1 1 0 29.7 54.0 1 -1 0b 0f -1 -1 -1 -1 -1
1 1 0 29.7 54.0 1 -1 0b 0f -1 -1 -1 -1 -1
1 1 0 29.7 54.0 1 -1 0b 0f -1 -1 -1 -1 -1
1 1 0 29.6 54.0 1 -1 0b 0f -1 -1 -1 -1 -1
1 1 0 29.6 54.0 1 -1 0b 0f -1 -1 -1 -1 -1
1 1 0 29.6 54.0 1 -1 0b 0f -1 -1 -1 -1 -1
1 1 0 29.7 54.0 1 -1 0b 0f -1 -1 -1 -1 -1
1 1 0 29.7 54.0 1 -1 0b 0f -1 -1 -1 -1 -1
1 1 0 29.7 54.0 1 -1 0b 0f -1 -1 -1 -1 -1
1 1 0 29.7 54.0 1 -1 0b 0f -1 -1 -1 -1 -1
1 1 0 29.7 54.0 1 -1 0b 0f -1 -1 -1 -1 -1
1 1 0 29.7 54.0 1 -1 0b 0f -1 -1 -1 -1 -1
1 1 0 29.8 54.0 1 -1 0b 0f -1 -1 -1 -1 -1
1 1 0 29.7 54.0 1 -1 0b 0f -1 -1 -1 -1 -1
1 1 0 29.6 54.0 1 -1 0b 0f -1 -1 -1 -1 -1
1 1 0 29.7 54.0 1 -1 0b 0f -1 -1 -1 -1 -1
1 1 0 29.7 54.0 1 -1 0b 0f -1 -1 -1 -1 -1
1 1 0 29.6 54.0 1 -1 0b 0f -1 -1 -1 -1 -1
1 1 0 29.7 54.0 1 -1 0b 0f -1 -1 -1 -1 -1
1 1 0 29.8 54.0 1 -1 0b 0f -1 -1 -1 -1 -1
1 1 0 29.7 54.0 1 -1 0b 0f -1 -1 -1 -1 -1
1 1 0 29.7 53.5 1 -1 0b 0f -1 -1 -1 -1 -1
1 1 0 29.7 53.5 1 -1 0b 0f -1 -1 -1 -1 -1
1 1 0 29.7 53.5 1 -1 0b 0f -1 -1 -1 -1 -1
1 1 0 29.8 53.5 1 -1 0b 0f -1 -1 -1 -1 -1
1 1 0 29.7 53.5 1 -1 0b 0f -1 -1 -1 -1 -1
1 1 0 29.7 53.5 1 -1 0b 0f -1 -1 -1 -1 -1
1 1 0 29.8 53.5 1 -1 0b 0f -1 -1 -1 -1 -1
1 1 0 29.7 53.5 1 -1 0b 0f -1 -1 -1 -1 -1
1 1 0 29.7 53.5 1 -1 0b 0f -1 -1 -1 -1 -1
1 1 0 29.7 53.5 1 -1 0b 0f -1 -1 -1 -1 -1
1 1 0 29.7 53.5 1 -1 0b 0f -1 -1 -1 -1 -1
1 1 0 29.7 53.5 1 -1 0b 0f -1 -1 -1 -1 -1
1 1 0 29.7 53.5 1 -1 0b 0f -1 -1 -1 -1 -1
1 1 0 29.8 53.5 1 -1 0b 0f -1 -1 -1 -1 -1
1 1 0 29.7 53.5 1 -1 0b 0f -1 -1 -1 -1 -1
1 1 0 29.7 53.5 1 -1 0b 0f -1 -1 -1 -1 -1
1 1 0 29.7 53.5 1 -1 0b 0f -1 -1 -1 -1 -1
1 1 0 29.8 53.5 1 -1 0b 0f -1 -1 -1 -1 -1
1 1 0 29.7 53.5 1 -1 0b 0f -1 -1 -1 -1 -1
1 1 0 29.8 53.5 1 -1 0b 0f -1 -1 -1 -1 -1
1 1 0 29.7 53.5 1 -1 0b 0f -1 -1 -1 -1 -1
1 1 0 29.8 53.5 1 -1 0b 0f -1 -1 -1 -1 -1
1 1 0 29.7 53.5 1 -1 0b 0f -1 -1 -1 -1 -1
1 1 0 29.7 53.5 1 -1 0b 0f -1 -1 -1 -1 -1
1 1 0 29.8 53.5 1 -1 0b 0f -1 -1 -1 -1 -1
1 1 0 29.7 53.5 1 -1 0b 0f -1 -1 -1 -1 -1
1 1 0 29.9 53.5 1 -1 0b 0f -1 -1 -1 -1 -1
1 1 0 29.8 53.5 1 -1 0b 0f -1 -1 -1 -1 -1
1 1 0 29.8 53.5 1 -1 0b 0f -1 -1 -1 -1 -1
1 1 0 29.8 53.5 1 -1 0b 0f -1 -1 -1 -1 -1
1 1 0 29.8 53.5 1 -1 0b 0f -1 -1 -1 -1 -1
1 1 0 29.8 53.5 1 -1 0b 0f -1 -1 -1 -1 -1
1 1 0 29.7 53.5 1 -1 0b 0f -1 -1 -1 -1 -1
1 1 0 29.8 53.5 1 -1 0b 0f -1 -1 -1 -1 -1
1 1 0 29.8 54.0 1 -1 0b 0f -1 -1 -1 -1 -1
1 1 0 29.8 54.0 1 -1 0b 0f -1 -1 -1 -1 -1
1 1 0 29.8 54.0 1 -1 0b 0f -1 -1 -1 -1 -1
1 1 0 29.8 54.0 1 -1 0b 0f -1 -1 -1 -1 -1
1 1 0 29.8 54.0 1 -1 0b 0f -1 -1 -1 -1 -1
1 1 0 29.8 54.0 1 -1 0b 0f -1 -1 -1 -1 -1
1 1 0 29.8 54.0 1 -1 0b 0f -1 -1 -1 -1 -1
1 1 0 29.8 54.0 1 -1 0b 0f -1 -1 -1 -1 -1
1 1 0 29.8 54.0 1 -1 0b 0f -1 -1 -1 -1 -1
1 1 0 29.7 54.0 1 -1 0b 0f -1 -1 -1 -1 -1
1 1 0 29.8 54.0 1 -1 0b 0f -1 -1 -1 -1 -1
1 1 0 29.8 54.0 1 -1 0b 0f -1 -1 -1 -1 -1
1 1 0 29.8 54.0 1 -1 0b 0f -1 -1 -1 -1 -1
1 1 0 29.8 54.0 1 -1 0b 0f -1 -1 -1 -1 -1
1 1 0 29.8 54.0 1 -1 0b 0f -1 -1 -1 -1 -1
1 1 0 29.8 54.0 1 -1 0b 0f -1 -1 -1 -1 -1
1 1 0 29.8 54.0 1 -1 0b 0f -1 -1 -1 -1 -1
1 1 0 29.8 54.0 1 -1 0b 0f -1 -1 -1 -1 -1
1 1 0 29.8 54.0 1 -1 0b 0f -1 -1 -1 -1 -1
1 1 0 29.8 54.0 1 -1 0b 0f -1 -1 -1 -1 -1
1 1 0 29.8 54.0 1 -1 0b 0f -1 -1 -1 -1 -1
1 1 0 29.8 54.0 1 -1 0b 0f -1 -1 -1 -1 -1
1 1 0 29.9 54.0 1 -1 0b 0f -1 -1 -1 -1 -1
1 1 0 29.8 54.0 1 -1 0b 0f -1 -1 -1 -1 -1
1 1 0 29.8 54.0 1 -1 0b 0f -1 -1 -1 -1 -1
1 1 0 29.8 54.0 1 -1 0b 0f -1 -1 -1 -1 -1
1 1 0 29.8 54.0 1 -1 0b 0f -1 -1 -1 -1 -1
1 1 0 29.8 54.0 1 -1 0b 0f -1 -1 -1 -1 -1
1 1 0 29.9 54.0 1 -1 0b 0f -1 -1 -1 -1 -1
1 1 0 29.9 54.0 1 -1 0b 0f -1 -1 -1 -1 -1
1 1 0 29.8 54.0 1 -1 0b 0f -1 -1 -1 -1 -1
1 1 0 29.8 54.0 1 -1 0b 0f -1 -1 -1 -1 -1
1 1 0 29.8 54.0 1 -1 0b 0f -1 -1 -1 -1 -1
1 1 0 29.8 54.0 1 -1 0b 0f -1 -1 -1 -1 -1
1 1 0 29.9 54.0 1 -1 0b 0f -1 -1 -1 -1 -1
1 1 0 29.8 54.0 1 -1 0b 0f -1 -1 -1 -1 -1
1 1 0 29.9 54.0 1 -1 0b 0f -1 -1 -1 -1 -1
1 1 0 29.8 54.0 1 -1 0b 0f -1 -1 -1 -1 -1
1 1 0 29.8 54.0 1 -1 0b 0f -1 -1 -1 -1 -1
1 1 0 29.8 54.0 1 -1 0b 0f -1 -1 -1 -1 -1
1 1 0 29.8 54.0 1 -1 0b 0f -1 -1 -1 -1 -1
1 1 0 29.8 54.0 1 -1 0b 0f -1 -1 -1 -1 -1
1 1 0 29.9 54.0 1 -1 0b 0f -1 -1 -1 -1 -1
1 1 0 29.8 54.0 1 -1 0b 0f -1 -1 -1 -1 -1
1 1 0 29.8 54.0 1 -1 0b 0f -1 -1 -1 -1 -1
1 1 0 29.8 54.0 1 -1 0b 0f -1 -1 -1 -1 -1
1 1 0 29.8 54.0 1 -1 0b 0f -1 -1 -1 -1 -1
1 1 0 29.9 54.0 1 -1 0b 0f -1 -1 -1 -1 -1
1 1 0 29.9 54.0 1 -1 0b 0f -1 -1 -1 -1 -1
1 1 0 29.8 54.0 1 -1 0b 0f -1 -1 -1 -1 -1
1 1 0 29.8 54.0 1 -1 0b 0f -1 -1 -1 -1 -1
1 1 0 29.8 54.0 1 -1 0b 0f -1 -1 -1 -1 -1
1 1 0 29.9 54.0 1 -1 0b 0f -1 -1 -1 -1 -1
1 1 0 29.9 53.5 1 -1 0b 0f -1 -1 -1 -1 -1
1 1 0 29.9 54.0 1 -1 0b 0f -1 -1 -1 -1 -1
1 1 0 29.9 54.0 1 -1 0b 0f -1 -1 -1 -1 -1
1 1 0 29.9 53.5 1 -1 0b 0f -1 -1 -1 -1 -1
1 1 0 29.9 54.0 1 -1 0b 0f -1 -1 -1 -1 -1
1 1 0 29.9 53.5 1 -1 0b 0f -1 -1 -1 -1 -1
1 1 0 29.9 54.0 1 -1 0b 0f -1 -1 -1 -1 -1
1 1 0 29.8 54.0 1 -1 0b 0f -1 -1 -1 -1 -1
1 1 0 29.8 53.5 1 -1 0b 0f -1 -1 -1 -1 -1
1 1 0 29.9 53.5 1 -1 0b 0f -1 -1 -1 -1 -1
1 1 0 29.9 53.5 1 -1 0b 0f -1 -1 -1 -1 -1
1 1 0 29.9 53.5 1 -1 0b 0f -1 -1 -1 -1 -1
1 1 0 29.9 54.0 1 -1 0b 0f -1 -1 -1 -1 -1
1 1 0 29.9 53.5 1 -1 0b 0f -1 -1 -1 -1 -1
1 1 0 29.9 53.5 1 -1 0b 0f -1 -1 -1 -1 -1
1 1 0 29.9 53.5 0 -1 0b 0f -1 -1 -1 -1 -1
1 1 0 29.9 53.5 0 -1 0b 0f -1 -1 -1 -1 -1
1 1 0 29.8 53.5 0 -1 0b 0f -1 -1 -1 -1 -1
1 1 0 29.8 53.5 0 -1 0b 0f -1 -1 -1 -1 -1
1 1 0 29.8 53.5 0 -1 0b 0f -1 -1 -1 -1 -1
1 1 0 29.9 53.5 0 -1 0b 0f -1 -1 -1 -1 -1
1 1 0 29.8 53.5 0 -1 0b 0f -1 -1 -1 -1 -1
1 1 0 29.9 53.5 0 -1 0b 0f -1 -1 -1 -1 -1
1 1 0 29.8 53.5 0 -1 0b 0f -1 -1 -1 -1 -1
1 1 0 29.9 53.5 0 -1 0b 0f -1 -1 -1 -1 -1
1 1 0 30.0 53.5 0 -1 0b 0f -1 -1 -1 -1 -1
1 1 0 29.9 53.5 0 -1 0b 0f -1 -1 -1 -1 -1
1 1 0 29.9 53.5 0 -1 0b 0f -1 -1 -1 -1 -1
1 1 0 29.9 53.5 0 -1 0b 0f -1 -1 -1 -1 -1
1 1 0 29.9 53.5 2 -1 0b 0f -1 -1 -1 -1 -1
1 1 0 29.9 53.5 2 -1 0b 0f -1 -1 -1 -1 -1
1 1 0 29.9 53.5 2 -1 0b 0f -1 -1 -1 -1 -1
1 1 0 29.8 53.5 2 -1 0b 0f -1 -1 -1 -1 -1
1 1 0 29.8 53.0 0 -1 0b 0f -1 -1 -1 -1 -1
1 1 0 29.9 53.0 0 -1 0b 0f -1 -1 -1 -1 -1
1 1 0 29.9 53.0 0 -1 0b 0f -1 -1 -1 -1 -1
1 1 0 29.9 53.0 0 -1 0b 0f -1 -1 -1 -1 -1
1 1 0 29.9 53.0 2 -1 0b 0f -1 -1 -1 -1 -1
1 1 0 29.9 53.0 2 -1 0b 0f -1 -1 -1 -1 -1
1 1 0 29.9 53.0 2 -1 0b 0f -1 -1 -1 -1 -1
1 1 0 29.9 53.0 2 -1 0b 0f -1 -1 -1 -1 -1
1 1 0 29.9 53.0 2 -1 0b 0f -1 -1 -1 -1 -1
1 1 0 29.9 53.0 2 -1 0b 0f -1 -1 -1 -1 -1
1 1 0 29.9 53.0 2 -1 0b 0f -1 -1 -1 -1 -1
1 1 0 29.9 53.0 4 -1 0b 0f -1 -1 -1 -1 -1
1 1 0 29.9 53.0 2 -1 0b 0f -1 -1 -1 -1 -1
1 1 0 29.9 53.0 2 -1 0b 0f -1 -1 -1 -1 -1
1 1 0 29.8 53.0 2 -1 0b 0f -1 -1 -1 -1 -1
1 1 0 29.9 53.0 2 -1 0b 0f -1 -1 -1 -1 -1
1 1 0 29.9 53.0 2 -1 0b 0f -1 -1 -1 -1 -1
1 1 0 29.9 53.0 2 -1 0b 0f -1 -1 -1 -1 -1
1 1 0 29.9 53.0 0 -1 0b 0f -1 -1 -1 -1 -1
1 1 0 29.9 53.0 0 -1 0b 0f -1 -1 -1 -1 -1
1 1 0 29.9 53.0 0 -1 0b 0f -1 -1 -1 -1 -1
1 1 0 29.9 53.0 0 -1 0b 0f -1 -1 -1 -1 -1
1 1 0 29.9 53.0 0 -1 0b 0f -1 -1 -1 -1 -1
1 1 0 29.9 53.0 0 -1 0b 0f -1 -1 -1 -1 -1
1 1 0 29.9 53.0 0 -1 0b 0f -1 -1 -1 -1 -1
1 1 0 29.9 53.0 0 -1 0b 0f -1 -1 -1 -1 -1
1 1 0 29.9 52.5 0 -1 0b 0f -1 -1 -1 -1 -1
1 1 0 29.9 53.0 0 -1 0b 0f -1 -1 -1 -1 -1
1 1 0 29.9 52.5 0 -1 0b 0f -1 -1 -1 -1 -1
1 1 0 29.9 53.0 2 -1 0b 0f -1 -1 -1 -1 -1
1 1 0 29.9 53.0 2 -1 0b 0f -1 -1 -1 -1 -1
1 1 0 29.9 52.5 2 -1 0b 0f -1 -1 -1 -1 -1
1 1 0 29.8 52.5 2 -1 0b 0f -1 -1 -1 -1 -1
1 1 0 29.9 52.5 2 -1 0b 0f -1 -1 -1 -1 -1
1 1 0 29.9 52.5 2 -1 0b 0f -1 -1 -1 -1 -1
1 1 0 29.9 52.5 2 -1 0b 0f -1 -1 -1 -1 -1
1 1 0 29.9 52.5 1 -1 0b 0f -1 -1 -1 -1 -1
1 1 0 29.9 52.5 1 -1 0b 0f -1 -1 -1 -1 -1
1 1 0 29.9 52.5 1 -1 0b 0f -1 -1 -1 -1 -1
1 1 0 29.9 52.5 1 -1 0b 0f -1 -1 -1 -1 -1
1 1 0 29.9 52.5 1 -1 0b 0f -1 -1 -1 -1 -1
1 1 0 29.9 52.5 2 -1 0b 0f -1 -1 -1 -1 -1
1 1 0 29.9 52.5 2 -1 0b 0f -1 -1 -1 -1 -1
1 1 0 29.9 52.5 2 -1 0b 0f -1 -1 -1 -1 -1
1 1 0 30.0 52.5 4 -1 0b 0f -1 -1 -1 -1 -1
1 1 0 29.9 52.5 4 -1 0b 0f -1 -1 -1 -1 -1
1 1 0 29.9 52.5 4 -1 0b 0f -1 -1 -1 -1 -1
1 1 0 29.8 52.5 1 -1 0b 0f -1 -1 -1 -1 -1
1 1 0 29.9 52.5 1 -1 0b 0f -1 -1 -1 -1 -1
1 1 0 29.9 52.5 4 -1 0b 0f -1 -1 -1 -1 -1
1 1 0 29.9 52.5 1 -1 0b 0f -1 -1 -1 -1 -1
1 1 0 29.8 52.5 1 -1 0b 0f -1 -1 -1 -1 -1
1 1 0 29.9 52.5 4 -1 0b 0f -1 -1 -1 -1 -1
1 1 0 29.9 52.5 4 -1 0b 0f -1 -1 -1 -1 -1
1 1 0 29.8 52.5 1 -1 0b 0f -1 -1 -1 -1 -1
1 1 0 29.9 52.5 2 -1 0b 0f -1 -1 -1 -1 -1
1 1 0 29.9 52.5 7 -1 0b 0f -1 -1 -1 -1 -1
1 1 0 29.8 52.0 7 -1 0b 0f -1 -1 -1 -1 -1
1 1 0 29.9 52.5 7 -1 0b 0f -1 -1 -1 -1 -1
1 1 0 29.9 52.0 11 -1 0b 0f -1 -1 -1 -1 -1
1 1 0 29.8 52.0 7 -1 0b 0f -1 -1 -1 -1 -1
1 1 0 29.9 52.0 5 -1 0b 0f -1 -1 -1 -1 -1
1 1 0 29.9 52.0 5 -1 0b 0f -1 -1 -1 -1 -1
1 1 0 29.9 52.0 9 -1 0b 0f -1 -1 -1 -1 -1
1 1 0 29.9 52.0 7 -1 0b 0f -1 -1 -1 -1 -1
1 1 0 29.9 52.0 3 -1 0b 0f -1 -1 -1 -1 -1
1 1 0 29.9 52.0 3 -1 0b 0f -1 -1 -1 -1 -1
1 1 0 29.9 51.5 7 -1 0b 0f -1 -1 -1 -1 -1
1 1 0 29.8 51.5 17 -1 0b 0f -1 -1 -1 -1 -1
1 1 0 29.9 51.5 14 -1 0b 0f -1 -1 -1 -1 -1
1 1 0 29.9 51.5 5 -1 0b 0f -1 -1 -1 -1 -1
1 1 0 29.8 51.5 7 -1 0b 0f -1 -1 -1 -1 -1
1 1 0 29.9 51.5 7 -1 0b 0f -1 -1 -1 -1 -1
1 1 0 29.9 51.0 7 -1 0b 0f -1 -1 -1 -1 -1
1 1 0 29.9 51.0 9 -1 0b 0f -1 -1 -1 -1 -1
1 1 0 29.9 51.0 7 -1 0b 0f -1 -1 -1 -1 -1
1 1 0 29.9 51.0 5 -1 0b 0f -1 -1 -1 -1 -1
1 1 0 29.9 51.0 3 -1 0b 0f -1 -1 -1 -1 -1
1 1 0 29.9 51.0 6 -1 0b 0f -1 -1 -1 -1 -1
1 1 0 29.9 51.0 6 -1 0b 0f -1 -1 -1 -1 -1
1 1 0 29.9 51.0 6 -1 0b 0f -1 -1 -1 -1 -1
1 1 0 29.8 51.0 6 -1 0b 0f -1 -1 -1 -1 -1
1 1 0 29.9 51.0 6 -1 0b 0f -1 -1 -1 -1 -1
1 1 0 29.9 51.0 6 -1 0b 0f -1 -1 -1 -1 -1
1 1 0 29.9 51.0 6 -1 0b 0f -1 -1 -1 -1 -1
1 1 0 29.8 51.0 4 -1 0b 0f -1 -1 -1 -1 -1
1 1 0 29.9 51.0 4 -1 0b 0f -1 -1 -1 -1 -1
1 1 0 29.9 50.5 4 -1 0b 0f -1 -1 -1 -1 -1
1 1 0 29.9 51.0 4 -1 0b 0f -1 -1 -1 -1 -1
1 1 0 29.9 51.0 6 -1 0b 0f -1 -1 -1 -1 -1
1 1 0 29.9 51.0 3 -1 0b 0f -1 -1 -1 -1 -1
1 1 0 29.9 50.5 5 -1 0b 0f -1 -1 -1 -1 -1
1 1 0 29.8 50.5 5 -1 0b 0f -1 -1 -1 -1 -1
1 1 0 29.9 50.5 5 -1 0b 0f -1 -1 -1 -1 -1
1 1 0 29.9 50.5 5 -1 0b 0f -1 -1 -1 -1 -1
1 1 0 29.9 51.0 6 -1 0b 0f -1 -1 -1 -1 -1
1 1 0 29.9 51.0 6 -1 0b 0f -1 -1 -1 -1 -1
1 1 0 29.8 51.0 6 -1 0b 0f -1 -1 -1 -1 -1
1 1 0 29.9 50.5 6 -1 0b 0f -1 -1 -1 -1 -1
1 1 0 29.8 50.5 6 -1 0b 0f -1 -1 -1 -1 -1
1 1 0 29.9 50.5 6 -1 0b 0f -1 -1 -1 -1 -1
1 1 0 29.9 50.5 6 -1 0b 0f -1 -1 -1 -1 -1
1 1 0 29.9 50.5 6 -1 0b 0f -1 -1 -1 -1 -1
1 1 0 29.9 50.5 3 -1 0b 0f -1 -1 -1 -1 -1
1 1 0 29.9 50.5 5 -1 0b 0f -1 -1 -1 -1 -1
1 1 0 29.9 50.5 5 -1 0b 0f -1 -1 -1 -1 -1
1 1 0 29.9 50.5 7 -1 0b 0f -1 -1 -1 -1 -1
1 1 0 29.8 50.5 11 -1 0b 0f -1 -1 -1 -1 -1
1 1 0 29.9 50.5 11 -1 0b 0f -1 -1 -1 -1 -1
1 1 0 29.9 51.0 7 -1 0b 0f -1 -1 -1 -1 -1
1 1 0 29.9 51.0 5 -1 0b 0f -1 -1 -1 -1 -1
1 1 0 29.9 51.5 5 -1 0b 0f -1 -1 -1 -1 -1
1 1 0 29.9 51.5 5 -1 0b 0f -1 -1 -1 -1 -1
1 1 0 29.9 51.5 7 -1 0b 0f -1 -1 -1 -1 -1
1 1 0 29.9 51.5 5 -1 0b 0f -1 -1 -1 -1 -1
1 1 0 29.9 51.0 7 -1 0b 0f -1 -1 -1 -1 -1
1 1 0 29.9 51.0 5 -1 0b 0f -1 -1 -1 -1 -1
1 1 0 29.9 51.0 5 -1 0b 0f -1 -1 -1 -1 -1
1 1 0 29.9 51.5 5 -1 0b 0f -1 -1 -1 -1 -1
1 1 0 30.0 52.0 5 -1 0b 0f -1 -1 -1 -1 -1
1 1 0 30.0 52.5 5 -1 0b 0f -1 -1 -1 -1 -1
1 1 0 30.0 53.0 3 -1 0b 0f -1 -1 -1 -1 -1
1 1 0 29.9 53.0 3 -1 0b 0f -1 -1 -1 -1 -1
1 1 0 30.0 53.0 3 -1 0b 0f -1 -1 -1 -1 -1
1 1 0 30.0 53.0 6 -1 0b 0f -1 -1 -1 -1 -1
1 1 0 29.9 53.0 6 -1 0b 0f -1 -1 -1 -1 -1
1 1 0 30.0 53.5 6 -1 0b 0f -1 -1 -1 -1 -1
1 1 0 29.9 54.0 4 -1 0b 0f -1 -1 -1 -1 -1
1 1 0 29.9 54.0 4 -1 0b 0f -1 -1 -1 -1 -1
1 1 0 30.0 54.0 4 -1 0b 0f -1 -1 -1 -1 -1
1 1 0 29.9 54.0 4 -1 0b 0f -1 -1 -1 -1 -1
1 1 0 30.0 54.0 6 -1 0b 0f -1 -1 -1 -1 -1
1 1 0 29.9 53.5 3 -1 0b 0f -1 -1 -1 -1 -1
1 1 0 30.0 53.0 5 -1 0b 0f -1 -1 -1 -1 -1
1 1 0 30.0 53.0 5 -1 0b 0f -1 -1 -1 -1 -1
1 1 0 30.0 53.0 7 -1 0b 0f -1 -1 -1 -1 -1
1 1 0 30.0 53.0 5 -1 0b 0f -1 -1 -1 -1 -1
1 1 0 30.0 53.0 7 -1 0b 0f -1 -1 -1 -1 -1
1 1 0 30.0 53.5 9 -1 0b 0f -1 -1 -1 -1 -1
1 1 0 30.1 54.0 7 -1 0b 0f -1 -1 -1 -1 -1
1 1 0 30.0 54.0 9 -1 0b 0f -1 -1 -1 -1 -1
1 1 0 30.0 54.0 11 -1 0b 0f -1 -1 -1 -1 -1
1 1 0 29.9 54.0 13 -1 0b 0f -1 -1 -1 -1 -1
1 1 0 30.0 54.0 12 -1 0b 0f -1 -1 -1 -1 -1
1 1 0 30.0 54.5 10 -1 0b 0f -1 -1 -1 -1 -1
1 1 0 30.0 54.5 13 -1 0b 0f -1 -1 -1 -1 -1
1 1 0 30.1 54.0 11 c25f 0b 0f -1 -1 -1 -1 -1
1 1 0 30.1 54.0 9 c25f 0b 0f -1 -1 -1 -1 -1
1 1 1 30.0 54.5 11 c25f 0b 7f -1 -1 -1 -1 -1
1 1 7 30.0 54.5 9 c25f 0b 7f -1 -1 -1 -1 -1
1 1 0 30.0 53.5 11 c25f 0b 7f -1 -1 -1 -1 -1
1 1 0 29.9 53.5 9 c25f 0b 7f -1 -1 -1 -1 -1
1 1 2 29.8 53.0 11 c25f 0b 7f -1 -1 -1 -1 -1
1 1 4 29.7 52.0 7 c25f 0b 7f -1 -1 -1 -1 -1
1 1 0 29.7 52.5 5 c25f 0b 7f -1 -1 -1 -1 -1
1 1 0 29.6 52.5 9 c25f 0b 7f -1 -1 -1 -1 -1
1 1 0 29.5 52.0 7 c25f 0b 7f -1 -1 -1 -1 -1
1 1 0 29.5 52.0 7 c25f 0b 7f -1 -1 -1 -1 -1
1 1 0 29.4 51.5 5 c25f 0b 7f -1 -1 -1 -1 -1
1 1 0 29.3 51.5 5 c25f 0b 7f -1 -1 -1 -1 -1
1 1 0 29.3 51.0 5 c25f 0b 7f -1 -1 -1 -1 -1
1 1 0 29.2 51.0 5 c25f 0b 7f -1 -1 -1 -1 -1
1 1 0 29.2 50.5 6 c25f 0b 7f -1 -1 -1 -1 -1
1 1 0 29.2 50.5 6 c25f 0b 7f -1 -1 -1 -1 -1
1 1 0 29.2 50.5 6 c25f 0b 7f -1 -1 -1 -1 -1
1 1 0 29.2 50.5 5 c25f 0b 7f -1 -1 -1 -1 -1
1 1 0 29.2 50.5 7 c25f 0b 7f -1 -1 -1 -1 -1
1 1 0 29.2 50.5 9 c25f 0b 7f -1 -1 -1 -1 -1
1 1 0 29.2 50.5 9 c25f 0b 7f -1 -1 -1 -1 -1
1 1 0 29.1 50.5 9 c25f 0b 7f -1 -1 -1 -1 -1
1 1 0 29.1 50.0 13 c25f 0b 7f -1 -1 -1 -1 -1
1 1 0 29.0 50.0 14 c25f 0b 7f -1 -1 -1 -1 -1
1 1 0 29.0 50.0 16 c25f 0b 7f -1 -1 -1 -1 -1
1 1 0 29.1 50.0 12 c25f 0b 7f -1 -1 -1 -1 -1
1 1 0 29.0 50.0 9 c25f 0b 7f -1 -1 -1 -1 -1
1 1 0 29.0 50.5 7 c25f 0b 7f -1 -1 -1 -1 -1
1 1 0 29.0 50.0 7 c25f 0b 7f -1 -1 -1 -1 -1
1 1 0 29.0 50.0 5 c25f 0b 7f -1 -1 -1 -1 -1
1 1 1 29.0 50.0 5 c25f 0b 7f -1 -1 -1 -1 -1
1 1 0 29.0 50.5 7 c25f 0b 7f -1 -1 -1 -1 -1
1 1 0 28.9 50.0 7 c25f 0b 7f -1 -1 -1 -1 -1
1 1 0 28.9 50.5 7 c25f 0b 7f -1 -1 -1 -1 -1
1 1 4 28.9 50.5 9 c25f 0b 7f -1 -1 -1 -1 -1
1 1 0 29.0 50.5 9 c25f 0b 7f -1 -1 -1 -1 -1
1 1 0 28.9 50.0 9 c25f 0b 7f -1 -1 -1 -1 -1
1 1 0 28.8 50.0 11 c25f 0b 7f -1 -1 -1 -1 -1
1 1 0 28.8 50.0 9 c25f 0b 7f -1 -1 -1 -1 -1
1 1 0 28.7 50.0 9 c25f 0b 7f -1 -1 -1 -1 -1
1 1 0 28.8 50.0 11 c25f 0b 7f -1 -1 -1 -1 -1
1 1 0 28.8 50.0 14 c25f 0b 7f -1 -1 -1 -1 -1
1 1 0 28.9 50.0 12 c25f 0b 7f -1 -1 -1 -1 -1
1 1 0 28.7 50.0 12 c25f 0b 7f -1 -1 -1 -1 -1
1 1 0 28.7 50.0 11 c25f 0b 7f -1 -1 -1 -1 -1
1 1 0 28.8 50.0 9 c25f 0b 7f -1 -1 -1 -1 -1
1 1 0 28.7 50.0 9 c25f 0b 7f -1 -1 -1 -1 -1
1 1 0 28.7 50.0 11 c25f 0b 7f -1 -1 -1 -1 -1
1 1 0 28.6 50.0 13 c25f 0b 7f -1 -1 -1 -1 -1
1 1 0 28.7 50.0 12 c25f 0b 7f -1 -1 -1 -1 -1
1 1 0 28.7 50.5 12 c25f 0b 7f -1 -1 -1 -1 -1
1 1 17 28.7 50.5 14 c25f 0b 7f -1 -1 -1 -1 -1
1 1 0 28.7 50.5 12 c25f 0b 7f -1 -1 -1 -1 -1
1 1 0 28.7 50.5 13 c25f 0b 7f -1 -1 -1 -1 -1
1 1 6 28.7 50.5 11 c25f 0b 7f -1 -1 -1 -1 -1
1 1 0 28.6 50.5 11 c25f 0b 7f -1 -1 -1 -1 -1
1 1 0 28.6 50.5 13 c25f 0b 7f -1 -1 -1 -1 -1
1 1 0 28.6 50.0 10 c25f 0b 7f -1 -1 -1 -1 -1
1 1 0 28.5 49.5 11 c25f 0b 7f -1 -1 -1 -1 -1
1 1 0 28.6 50.0 11 c25f 0b 7f -1 -1 -1 -1 -1
1 1 0 28.5 50.0 9 c25f 0b 7f -1 -1 -1 -1 -1
1 1 0 28.6 50.0 9 c25f 0b 7f -1 -1 -1 -1 -1
1 1 0 28.5 50.0 9 c25f 0b 7f -1 -1 -1 -1 -1
1 1 0 28.6 50.0 7 c25f 0b 7f -1 -1 -1 -1 -1
1 1 0 28.6 50.0 5 c25f 0b 7f -1 -1 -1 -1 -1
1 1 0 28.5 50.0 5 c25f 0b 7f -1 -1 -1 -1 -1
1 1 0 28.5 50.0 5 c25f 0b 7f -1 -1 -1 -1 -1
1 1 0 28.4 50.0 7 c25f 0b 7f -1 -1 -1 -1 -1
1 1 0 28.5 50.5 7 c25f 0b 7f -1 -1 -1 -1 -1
1 1 0 28.5 51.0 5 c25f 0b 7f -1 -1 -1 -1 -1
1 1 0 28.4 51.0 9 c25f 0b 7f -1 -1 -1 -1 -1
1 1 0 28.5 51.5 7 c25f 0b 7f -1 -1 -1 -1 -1
1 1 0 28.5 51.5 7 c25f 0b 7f -1 -1 -1 -1 -1
1 1 0 28.5 51.5 7 c25f 0b 7f -1 -1 -1 -1 -1
1 1 0 28.4 51.0 7 c25f 0b 7f -1 -1 -1 -1 -1
1 1 0 28.6 51.5 5 c25f 0b 7f -1 -1 -1 -1 -1
1 1 0 28.5 52.0 5 c22f 0b 7f -1 -1 -1 -1 -1
1 1 8 28.5 52.0 5 c22f 0b 7f -1 -1 -1 -1 -1
1 1 5 28.4 51.5 6 c22f 0b 7f -1 -1 -1 -1 -1
1 1 0 28.4 51.5 6 c22f 0b 7f -1 -1 -1 -1 -1
1 1 0 28.4 51.5 4 c22f 0b 7f -1 -1 -1 -1 -1
1 1 0 28.3 51.5 2 c22f 0b 7f -1 -1 -1 -1 -1
1 1 0 28.2 51.5 2 c22f 0b 7f -1 -1 -1 -1 -1
1 1 0 28.2 51.5 6 c22f 0b 7f -1 -1 -1 -1 -1
1 1 0 28.2 51.0 6 c22f 0b 7f -1 -1 -1 -1 -1
1 1 0 28.2 51.0 6 c22f 0b 7f -1 -1 -1 -1 -1
1 1 0 28.2 51.0 2 c22f 0b 7f -1 -1 -1 -1 -1
1 1 0 28.2 51.0 4 c22f 0b 7f -1 -1 -1 -1 -1
1 1 0 28.1 51.0 6 c22f 0b 7f -1 -1 -1 -1 -1
1 1 0 28.1 51.5 6 c22f 0b 7f -1 -1 -1 -1 -1
1 1 0 28.1 52.0 6 c22f 0b 7f -1 -1 -1 -1 -1
1 1 0 28.1 52.0 5 c22f 0b 7f -1 -1 -1 -1 -1
1 1 0 28.0 52.5 5 c22f 0b 7f -1 -1 -1 -1 -1
1 1 0 28.1 52.5 5 c22f 0b 7f -1 -1 -1 -1 -1
1 1 0 28.0 52.5 5 c22f 0b 7f -1 -1 -1 -1 -1
1 1 0 28.0 52.5 5 c22f 0b 7f -1 -1 -1 -1 -1
1 1 0 28.0 52.5 5 c22f 0b 7f -1 -1 -1 -1 -1
1 1 0 28.0 52.5 7 c22f 0b 7f -1 -1 -1 -1 -1
1 1 0 28.0 52.5 5 c22f 0b 7f -1 -1 -1 -1 -1
1 1 0 27.9 52.0 5 c22f 0b 7f -1 -1 -1 -1 -1
1 1 0 27.9 51.5 5 c22f 0b 7f -1 -1 -1 -1 -1
1 1 1 27.9 51.5 5 c22f 0b 7f -1 -1 -1 -1 -1
1 1 0 27.8 50.5 6 c22f 0b 7f -1 -1 -1 -1 -1
1 1 4 27.8 50.5 6 c22f 0b 7f -1 -1 -1 -1 -1
1 1 0 27.9 50.5 5 c22f 0b 7f -1 -1 -1 -1 -1
1 1 0 27.9 50.5 5 c22f 0b 7f -1 -1 -1 -1 -1
1 1 0 27.8 50.0 5 c22f 0b 7f -1 -1 -1 -1 -1
1 1 0 27.7 49.5 5 c22f 0b 7f -1 -1 -1 -1 -1
1 1 0 27.8 49.0 5 c22f 0b 7f -1 -1 -1 -1 -1
1 1 0 27.8 49.0 5 c22f 0b 7f -1 -1 -1 -1 -1
1 1 0 27.7 48.5 7 c22f 0b 7f -1 -1 -1 -1 -1
1 1 0 27.7 48.5 7 c22f 0b 7f -1 -1 -1 -1 -1
1 1 0 27.8 48.5 9 c22f 0b 7f -1 -1 -1 -1 -1
1 1 0 27.8 48.0 9 c22f 0b 7f -1 -1 -1 -1 -1
1 1 0 27.7 48.0 9 c22f 0b 7f -1 -1 -1 -1 -1
1 1 0 27.7 47.5 7 c22f 0b 7f -1 -1 -1 -1 -1
1 1 0 27.6 47.5 7 c22f 0b 7f -1 -1 -1 -1 -1
1 1 0 27.7 47.5 9 c22f 0b 7f -1 -1 -1 -1 -1
1 1 0 27.7 47.0 9 c22f 0b 7f -1 -1 -1 -1 -1
1 1 0 27.6 47.0 13 c22f 0b 7f -1 -1 -1 -1 -1
1 1 8 27.6 46.5 14 c22f 0b 7f -1 -1 -1 -1 -1
1 1 0 27.6 47.0 12 c22f 0b 7f -1 -1 -1 -1 -1
1 1 0 27.6 47.0 14 c22f 0b 7f -1 -1 -1 -1 -1
1 1 7 27.6 47.0 14 c22f 0b 7f -1 -1 -1 -1 -1
1 1 0 27.6 46.5 12 c22f 0b 7f -1 -1 -1 -1 -1
1 1 0 27.6 46.5 12 c22f 0b 7f -1 -1 -1 -1 -1
1 1 0 27.6 46.5 14 c22f 0b 7f -1 -1 -1 -1 -1
1 1 0 27.6 46.5 10 c22f 0b 7f -1 -1 -1 -1 -1
1 1 0 27.6 46.5 11 c22f 0b 7f -1 -1 -1 -1 -1
1 1 0 27.6 46.5 7 c22f 0b 7f -1 -1 -1 -1 -1
1 1 6 27.5 46.0 7 c22f 0b 7f -1 -1 -1 -1 -1
1 1 0 27.5 46.0 11 c22f 0b 7f -1 -1 -1 -1 -1
1 1 0 27.5 46.0 9 c22f 0b 7f -1 -1 -1 -1 -1
1 1 0 27.5 46.0 7 c22f 0b 7f -1 -1 -1 -1 -1
1 1 0 27.5 46.0 7 c22f 0b 7f -1 -1 -1 -1 -1
1 1 0 27.5 46.0 7 c22f 0b 7f -1 -1 -1 -1 -1
1 1 0 27.5 46.0 7 c22f 0b 7f -1 -1 -1 -1 -1
1 1 0 27.5 46.0 5 c22f 0b 7f -1 -1 -1 -1 -1
1 1 0 27.4 46.0 7 c22f 0b 7f -1 -1 -1 -1 -1
1 1 0 27.5 46.0 7 c22f 0b 7f -1 -1 -1 -1 -1
1 1 0 27.4 46.0 5 c22f 0b 7f -1 -1 -1 -1 -1
1 1 0 27.5 46.0 5 c22f 0b 7f -1 -1 -1 -1 -1
1 1 0 27.4 46.5 5 c22f 0b 7f -1 -1 -1 -1 -1
1 1 0 27.5 46.5 5 c22f 0b 7f -1 -1 -1 -1 -1
1 1 0 27.4 47.0 7 c22f 0b 7f -1 -1 -1 -1 -1
1 1 0 27.4 47.0 9 c22f 0b 7f -1 -1 -1 -1 -1
1 1 0 27.4 47.0 5 c22f 0b 7f -1 -1 -1 -1 -1
1 1 0 27.4 47.0 7 c22f 0b 7f -1 -1 -1 -1 -1
1 1 6 27.4 47.5 9 c22f 0b 7f -1 -1 -1 -1 -1
1 1 5 27.4 47.5 9 c22f 0b 7f -1 -1 -1 -1 -1
1 1 0 27.5 47.5 9 c22f 0b 7f -1 -1 -1 -1 -1
1 1 0 27.4 47.5 9 c22f 0b 7f -1 -1 -1 -1 -1
1 1 0 27.4 47.5 9 c22f 0b 7f -1 -1 -1 -1 -1
1 1 0 27.4 47.0 9 c22f 0b 7f -1 -1 -1 -1 -1
1 1 0 27.4 47.0 7 c22f 0b 7f -1 -1 -1 -1 -1
1 1 0 27.4 47.5 7 c22f 0b 7f -1 -1 -1 -1 -1
1 1 0 27.4 48.0 7 c22f 0b 7f -1 -1 -1 -1 -1
1 1 0 27.3 49.0 7 c22f 0b 7f -1 -1 -1 -1 -1
1 1 0 27.3 49.5 9 c22f 0b 7f -1 -1 -1 -1 -1
1 1 0 27.3 49.5 9 c22f 0b 7f -1 -1 -1 -1 -1
1 1 0 27.4 49.0 9 c22f 0b 7f -1 -1 -1 -1 -1
1 1 0 27.3 50.0 9 c22f 0b 7f -1 -1 -1 -1 -1
1 1 0 27.3 50.5 11 c22f 0b 7f -1 -1 -1 -1 -1
1 1 0 27.3 50.5 11 c22f 0b 7f -1 -1 -1 -1 -1
1 1 0 27.4 50.0 9 c22f 0b 7f -1 -1 -1 -1 -1
1 1 7 27.3 50.0 11 c22f 0b 7f -1 -1 -1 -1 -1
1 1 0 27.3 50.0 13 c22f 0b 7f -1 -1 -1 -1 -1
1 1 0 27.3 50.0 10 c22f 0b 7f -1 -1 -1 -1 -1
1 1 0 27.3 50.5 12 c22f 0b 7f -1 -1 -1 -1 -1
1 1 0 27.3 50.5 14 c22f 0b 7f -1 -1 -1 -1 -1
1 1 0 27.3 51.0 16 c22f 0b 7f -1 -1 -1 -1 -1
1 1 0 27.3 51.0 17 c22f 0b 7f -1 -1 -1 -1 -1
1 1 0 27.2 51.5 15 c22f 0b 7f -1 -1 -1 -1 -1
1 1 0 27.3 51.5 12 c22f 0b 7f -1 -1 -1 -1 -1
1 1 0 27.3 51.0 14 c22f 0b 7f -1 -1 -1 -1 -1
1 1 0 27.3 51.0 12 c22f 0b 7f -1 -1 -1 -1 -1
1 1 0 27.3 51.0 14 c22f 0b 7f -1 -1 -1 -1 -1
1 1 0 27.3 51.0 12 c22f 0b 7f -1 -1 -1 -1 -1
1 1 0 27.3 50.5 10 c22f 0b 7f -1 -1 -1 -1 -1
1 1 0 27.3 50.5 11 c22f 0b 7f -1 -1 -1 -1 -1
1 1 0 27.3 51.0 9 c22f 0b 7f -1 -1 -1 -1 -1
1 1 0 27.4 51.0 9 c22f 0b 7f -1 -1 -1 -1 -1
1 1 0 27.4 51.0 11 c22f 0b 7f -1 -1 -1 -1 -1
1 1 0 27.4 51.5 11 c22f 0b 7f -1 -1 -1 -1 -1
1 1 0 27.5 51.5 11 c22f 0b 7f -1 -1 -1 -1 -1
1 1 0 27.5 51.5 11 c22f 0b 7f -1 -1 -1 -1 -1
1 1 0 27.4 51.5 11 c22f 0b 7f -1 -1 -1 -1 -1
1 1 0 27.4 51.0 11 c22f 0b 7f -1 -1 -1 -1 -1
1 1 0 27.4 51.0 9 c22f 0b 7f -1 -1 -1 -1 -1
1 1 0 27.3 50.5 9 c22f 0b 7f -1 -1 -1 -1 -1
1 1 0 27.3 50.5 9 c22f 0b 7f -1 -1 -1 -1 -1
1 1 0 27.3 50.0 11 c22f 0b 7f -1 -1 -1 -1 -1
1 1 0 27.3 50.0 7 c22f 0b 7f -1 -1 -1 -1 -1
1 1 0 27.3 49.5 9 c22f 0b 7f -1 -1 -1 -1 -1
1 1 0 27.3 49.0 9 c22f 0b 7f -1 -1 -1 -1 -1
1 1 0 27.3 49.0 9 c22f 0b 7f -1 -1 -1 -1 -1
1 1 0 27.2 49.0 11 c22f 0b 7f -1 -1 -1 -1 -1
1 1 0 27.2 48.5 13 c22f 0b 7f -1 -1 -1 -1 -1
1 1 0 27.2 48.0 12 c22f 0b 7f -1 -1 -1 -1 -1
1 1 0 27.2 48.0 16 c22f 0b 7f -1 -1 -1 -1 -1
1 1 0 27.1 48.0 12 c22f 0b 7f -1 -1 -1 -1 -1
1 1 0 27.2 48.0 12 c22f 0b 7f -1 -1 -1 -1 -1
1 1 1 27.2 47.5 14 c22f 0b 7f -1 -1 -1 -1 -1
1 1 2 27.2 48.0 16 c22f 0b 7f -1 -1 -1 -1 -1
1 1 7 27.2 47.5 14 c22f 0b 7f -1 -1 -1 -1 -1
1 1 0 27.1 47.0 12 c22f 0b 7f -1 -1 -1 -1 -1
1 1 0 27.2 47.0 12 c22f 0b 7f -1 -1 -1 -1 -1
1 1 0 27.2 47.0 12 c22f 0b 7f -1 -1 -1 -1 -1
1 1 0 27.1 47.0 12 c22f 0b 7f -1 -1 -1 -1 -1
1 1 0 27.2 46.5 14 c22f 0b 7f -1 -1 -1 -1 -1
1 1 3 27.1 46.5 12 c22f 0b 7f -1 -1 -1 -1 -1
1 1 2 27.2 46.5 12 c22f 0b 7f -1 -1 -1 -1 -1
1 1 6 27.1 46.5 14 c22f 0b 7f -1 -1 -1 -1 -1
1 1 0 27.1 46.5 14 c22f 0b 7f -1 -1 -1 -1 -1
1 1 0 27.2 46.5 12 c22f 0b 7f -1 -1 -1 -1 -1
1 1 0 27.2 46.5 12 c22f 0b 7f -1 -1 -1 -1 -1
1 1 0 27.1 46.5 10 c22f 0b 7f -1 -1 -1 -1 -1
1 1 0 27.1 46.0 12 c22f 0b 7f -1 -1 -1 -1 -1
1 1 0 27.2 46.0 10 c22f 0b 7f -1 -1 -1 -1 -1
1 1 0 27.1 46.0 10 c22f 0b 7f -1 -1 -1 -1 -1
1 1 8 27.1 46.0 10 c22f 0b 7f -1 -1 -1 -1 -1
1 1 8 27.1 46.0 10 c22f 0b 7f -1 -1 -1 -1 -1
1 1 0 27.1 46.0 11 c22f 0b 7f -1 -1 -1 -1 -1
1 1 0 27.0 46.0 9 c22f 0b 7f -1 -1 -1 -1 -1
1 1 0 27.1 46.0 7 c22f 0b 7f -1 -1 -1 -1 -1
1 1 7 27.1 46.0 9 c22f 0b 7f -1 -1 -1 -1 -1
1 1 0 27.1 46.0 9 c22f 0b 7f -1 -1 -1 -1 -1
1 1 14 27.0 46.5 7 c22f 0b 7f -1 -1 -1 -1 -1
1 1 0 27.0 46.5 7 c22f 0b 7f -1 -1 -1 -1 -1
1 1 0 27.1 46.5 7 c22f 0b 7f -1 -1 -1 -1 -1
1 1 0 27.1 46.5 7 c22f 0b 7f -1 -1 -1 -1 -1
1 1 0 27.1 47.0 5 c22f 0b 7f -1 -1 -1 -1 -1
1 1 6 27.1 47.0 9 c22f 0b 7f -1 -1 -1 -1 -1
1 1 0 27.1 47.0 7 c22f 0b 7f -1 -1 -1 -1 -1
1 1 0 27.2 47.0 7 c22f 0b 7f -1 -1 -1 -1 -1
1 1 0 27.1 47.0 5 c22f 0b 7f -1 -1 -1 -1 -1
1 1 0 27.1 47.0 5 c22f 0b 7f -1 -1 -1 -1 -1
1 1 0 27.1 47.0 9 c22f 0b 7f -1 -1 -1 -1 -1
1 1 0 27.0 47.0 5 c22f 0b 7f -1 -1 -1 -1 -1
1 1 0 27.1 47.0 5 c22f 0b 7f -1 -1 -1 -1 -1
1 1 0 27.0 47.0 5 c22f 0b 7f -1 -1 -1 -1 -1
1 1 0 27.0 47.5 7 c22f 0b 7f -1 -1 -1 -1 -1
1 1 0 27.0 47.5 7 c22f 0b 7f -1 -1 -1 -1 -1
1 1 0 27.0 47.5 9 c22f 0b 7f -1 -1 -1 -1 -1
1 1 0 27.0 47.5 9 c22f 0b 7f -1 -1 -1 -1 -1
1 1 0 27.0 47.5 7 c22f 0b 7f -1 -1 -1 -1 -1
1 1 0 27.0 47.5 7 c22f 0b 7f -1 -1 -1 -1 -1
1 1 0 27.0 48.0 7 c22f 0b 7f -1 -1 -1 -1 -1
1 1 0 27.0 48.5 7 c22f 0b 7f -1 -1 -1 -1 -1
1 1 0 27.0 48.5 9 c22f 0b 7f -1 -1 -1 -1 -1
1 1 0 27.1 49.0 9 c22f 0b 7f -1 -1 -1 -1 -1
1 1 0 26.9 48.5 7 c22f 0b 7f -1 -1 -1 -1 -1
1 1 0 27.0 48.5 7 c22f 0b 7f -1 -1 -1 -1 -1
1 1 0 26.9 48.5 9 c22f 0b 7f -1 -1 -1 -1 -1
1 1 0 26.9 49.0 9 c22f 0b 7f -1 -1 -1 -1 -1
1 1 0 27.0 49.0 9 c22f 0b 7f -1 -1 -1 -1 -1
1 1 0 27.0 49.0 9 c22f 0b 7f -1 -1 -1 -1 -1
1 1 0 27.0 49.0 11 c22f 0b 7f -1 -1 -1 -1 -1
1 1 0 27.0 49.5 11 c22f 0b 7f -1 -1 -1 -1 -1
1 1 0 27.0 50.0 9 c22f 0b 7f -1 -1 -1 -1 -1
1 1 0 27.0 49.5 9 c22f 0b 7f -1 -1 -1 -1 -1
1 1 0 27.0 49.5 9 c22f 0b 7f -1 -1 -1 -1 -1
1 1 0 26.9 50.0 11 c22f 0b 7f -1 -1 -1 -1 -1
1 1 0 27.0 50.0 11 c22f 0b 7f -1 -1 -1 -1 -1
1 1 0 26.9 50.0 11 c22f 0b 7f -1 -1 -1 -1 -1
1 1 0 27.0 50.5 13 c22f 0b 7f -1 -1 -1 -1 -1
1 1 0 27.0 50.5 10 c22f 0b 7f -1 -1 -1 -1 -1
1 1 0 26.9 50.5 12 c22f 0b 7f -1 -1 -1 -1 -1
1 1 0 26.9 50.5 10 c22f 0b 7f -1 -1 -1 -1 -1
1 1 0 26.9 50.0 10 c22f 0b 7f -1 -1 -1 -1 -1
1 1 0 27.0 50.0 10 c22f 0b 7f -1 -1 -1 -1 -1
1 1 0 26.9 49.5 12 c22f 0b 7f -1 -1 -1 -1 -1
1 1 0 27.0 49.5 12 c22f 0b 7f -1 -1 -1 -1 -1
1 1 0 26.9 49.0 12 c22f 0b 7f -1 -1 -1 -1 -1
1 1 0 26.9 49.0 12 c22f 0b 7f -1 -1 -1 -1 -1
1 1 0 26.9 48.5 10 c22f 0b 7f -1 -1 -1 -1 -1
1 1 0 26.9 48.5 13 c22f 0b 7f -1 -1 -1 -1 -1
1 1 1 26.9 48.5 11 c22f 0b 7f -1 -1 -1 -1 -1
1 1 0 26.9 48.0 11 c22f 0b 7f -1 -1 -1 -1 -1
1 1 0 26.8 48.0 11 c22f 0b 7f -1 -1 -1 -1 -1
1 1 0 26.9 48.0 11 c22f 0b 7f -1 -1 -1 -1 -1
1 1 0 26.9 47.5 12 c22f 0b 7f -1 -1 -1 -1 -1
1 1 0 26.9 47.5 12 c22f 0b 7f -1 -1 -1 -1 -1
1 1 0 26.8 47.5 12 c22f 0b 7f -1 -1 -1 -1 -1
1 1 0 26.9 47.0 10 c22f 0b 7f -1 -1 -1 -1 -1
1 1 0 26.9 47.0 10 c22f 0b 7f -1 -1 -1 -1 -1
1 1 1 26.8 47.0 10 c22f 0b 7f -1 -1 -1 -1 -1
1 1 0 26.9 47.0 14 c22f 0b 7f -1 -1 -1 -1 -1
1 1 11 26.9 47.0 12 c22f 0b 7f -1 -1 -1 -1 -1
1 1 0 26.9 47.0 7 c22f 0b 7f -1 -1 -1 -1 -1
1 1 0 26.9 47.0 7 c22f 0b 7f -1 -1 -1 -1 -1
1 1 0 26.9 47.0 7 c22f 0b 7f -1 -1 -1 -1 -1
1 1 0 26.9 47.0 7 c22f 0b 7f -1 -1 -1 -1 -1
1 1 0 26.9 47.0 7 c22f 0b 7f -1 -1 -1 -1 -1
1 1 0 26.9 47.0 7 c22f 0b 7f -1 -1 -1 -1 -1
1 1 0 27.0 47.0 7 c22f 0b 7f -1 -1 -1 -1 -1
1 1 0 26.9 47.0 7 c22f 0b 7f -1 -1 -1 -1 -1
1 1 0 26.9 46.5 7 c22f 0b 7f -1 -1 -1 -1 -1
1 1 0 26.9 46.5 7 c22f 0b 7f -1 -1 -1 -1 -1
1 1 0 26.9 46.5 5 c22f 0b 7f -1 -1 -1 -1 -1
1 1 0 26.9 46.5 7 c22f 0b 7f -1 -1 -1 -1 -1
1 1 0 26.9 46.5 9 c22f 0b 7f -1 -1 -1 -1 -1
1 1 0 26.9 46.5 7 c22f 0b 7f -1 -1 -1 -1 -1
1 1 0 26.9 46.5 5 c22f 0b 7f -1 -1 -1 -1 -1
1 1 0 26.9 46.5 5 c22f 0b 7f -1 -1 -1 -1 -1
1 1 0 26.9 46.5 6 c22f 0b 7f -1 -1 -1 -1 -1
1 1 0 26.8 46.5 3 c22f 0b 7f -1 -1 -1 -1 -1
1 1 0 26.9 46.5 5 c22f 0b 7f -1 -1 -1 -1 -1
1 1 0 26.9 46.5 5 c22f 0b 7f -1 -1 -1 -1 -1
1 1 0 26.9 46.5 5 c22f 0b 7f -1 -1 -1 -1 -1
1 1 0 26.9 46.5 5 c22f 0b 7f -1 -1 -1 -1 -1
1 1 0 26.8 46.0 5 c22f 0b 7f -1 -1 -1 -1 -1
1 1 0 26.9 46.5 7 c22f 0b 7f -1 -1 -1 -1 -1
1 1 0 26.8 46.5 7 c22f 0b 7f -1 -1 -1 -1 -1
1 1 5 26.9 46.5 5 c22f 0b 7f -1 -1 -1 -1 -1
1 1 8 26.8 46.5 9 c22f 0b 7f -1 -1 -1 -1 -1
1 1 0 26.8 46.5 5 c22f 0b 7f -1 -1 -1 -1 -1
1 1 5 26.8 47.0 5 c22f 0b 7f -1 -1 -1 -1 -1
1 1 0 26.8 47.0 5 c22f 0b 7f -1 -1 -1 -1 -1
1 1 0 26.8 47.0 7 c22f 0b 7f -1 -1 -1 -1 -1
1 1 0 26.8 47.5 5 c22f 0b 7f -1 -1 -1 -1 -1
1 1 6 26.8 47.5 5 c22f 0b 7f -1 -1 -1 -1 -1
1 1 0 26.8 47.5 7 c22f 0b 7f -1 -1 -1 -1 -1
1 1 0 26.8 47.5 7 c22f 0b 7f -1 -1 -1 -1 -1
1 1 0 26.8 47.5 7 c22f 0b 7f -1 -1 -1 -1 -1
1 1 0 26.8 48.0 7 c22f 0b 7f -1 -1 -1 -1 -1
1 1 0 26.8 47.5 7 c22f 0b 7f -1 -1 -1 -1 -1
1 1 0 26.8 47.5 7 c22f 0b 7f -1 -1 -1 -1 -1
1 1 0 26.8 47.5 7 c22f 0b 7f -1 -1 -1 -1 -1
1 1 0 26.7 48.0 7 c22f 0b 7f -1 -1 -1 -1 -1
1 1 0 26.7 48.0 5 c22f 0b 7f -1 -1 -1 -1 -1
1 1 0 26.8 48.0 9 c22f 0b 7f -1 -1 -1 -1 -1
1 1 4 26.8 48.0 7 c22f 0b 7f -1 -1 -1 -1 -1
1 1 0 26.8 48.5 9 c22f 0b 7f -1 -1 -1 -1 -1
1 1 9 26.8 49.5 9 c22f 0b 7f -1 -1 -1 -1 -1
1 1 0 26.9 49.5 9 c22f 0b 7f -1 -1 -1 -1 -1
1 1 0 26.8 50.0 9 c22f 0b 7f -1 -1 -1 -1 -1
1 1 0 26.8 50.5 9 c22f 0b 7f -1 -1 -1 -1 -1
1 1 0 26.8 50.5 9 c22f 0b 7f -1 -1 -1 -1 -1
1 1 0 26.8 50.5 7 c22f 0b 7f -1 -1 -1 -1 -1
1 1 0 26.8 50.5 9 c22f 0b 7f -1 -1 -1 -1 -1
1 1 0 26.8 50.5 10 c22f 0b 7f -1 -1 -1 -1 -1
1 1 7 26.8 50.5 12 c22f 0b 7f -1 -1 -1 -1 -1
1 1 0 26.7 50.0 10 c22f 0b 7f -1 -1 -1 -1 -1
1 1 0 26.8 50.0 8 c22f 0b 7f -1 -1 -1 -1 -1
1 1 1 26.7 50.0 10 c22f 0b 7f -1 -1 -1 -1 -1
1 1 6 26.7 50.0 7 c22f 0b 7f -1 -1 -1 -1 -1
1 1 0 26.8 50.5 7 c22f 0b 7f -1 -1 -1 -1 -1
1 1 0 26.7 50.5 7 c22f 0b 7f -1 -1 -1 -1 -1
1 1 0 26.7 50.5 11 c22f 0b 7f -1 -1 -1 -1 -1
1 1 0 26.8 50.5 9 c22f 0b 7f -1 -1 -1 -1 -1
1 1 0 26.8 51.0 7 c22f 0b 7f -1 -1 -1 -1 -1
1 1 0 26.8 51.0 7 c22f 0b 7f -1 -1 -1 -1 -1
1 1 0 26.7 51.5 5 c22f 0b 7f -1 -1 -1 -1 -1
1 1 0 26.7 51.0 9 c22f 0b 7f -1 -1 -1 -1 -1
1 1 0 26.8 51.0 9 c22f 0b 7f -1 -1 -1 -1 -1
1 1 0 26.7 51.0 9 c22f 0b 7f -1 -1 -1 -1 -1
1 1 0 26.8 51.0 7 c22f 0b 7f -1 -1 -1 -1 -1
1 1 0 26.7 50.5 7 c22f 0b 7f -1 -1 -1 -1 -1
1 1 0 26.7 50.5 7 c22f 0b 7f -1 -1 -1 -1 -1
1 1 7 26.7 50.5 5 c22f 0b 7f -1 -1 -1 -1 -1
1 1 0 26.7 50.5 5 c22f 0b 7f -1 -1 -1 -1 -1
1 1 0 26.7 50.5 7 c22f 0b 7f -1 -1 -1 -1 -1
1 1 0 26.7 50.0 5 c22f 0b 7f -1 -1 -1 -1 -1
1 1 0 26.6 49.5 5 c22f 0b 7f -1 -1 -1 -1 -1
1 1 0 26.6 50.0 7 c22f 0b 7f -1 -1 -1 -1 -1
1 1 0 26.6 49.5 7 c22f 0b 7f -1 -1 -1 -1 -1
1 1 5 26.7 50.0 9 c22f 0b 7f -1 -1 -1 -1 -1
1 1 5 26.6 49.5 7 c22f 0b 7f -1 -1 -1 -1 -1
1 1 3 26.6 49.5 9 c22f 0b 7f -1 -1 -1 -1 -1
1 1 0 26.6 49.5 9 c22f 0b 7f -1 -1 -1 -1 -1
1 1 10 26.7 49.5 7 c22f 0b 7f -1 -1 -1 -1 -1
1 1 0 26.7 49.5 9 c22f 0b 7f -1 -1 -1 -1 -1
1 1 0 26.6 49.5 11 c22f 0b 7f -1 -1 -1 -1 -1
1 1 0 26.6 49.5 9 c22f 0b 7f -1 -1 -1 -1 -1
1 1 0 26.6 49.5 9 c22f 0b 7f -1 -1 -1 -1 -1
1 1 0 26.6 49.5 9 c22f 0b 7f -1 -1 -1 -1 -1
1 1 0 26.6 49.5 9 c22f 0b 7f -1 -1 -1 -1 -1
1 1 7 26.6 49.5 11 c22f 0b 7f -1 -1 -1 -1 -1
1 1 0 26.6 49.5 10 c22f 0b 7f -1 -1 -1 -1 -1
1 1 0 26.6 49.5 10 c22f 0b 7f -1 -1 -1 -1 -1
1 1 0 26.5 49.5 10 c22f 0b 7f -1 -1 -1 -1 -1
1 1 0 26.6 50.0 12 c22f 0b 7f -1 -1 -1 -1 -1
1 1 0 26.6 50.0 12 c22f 0b 7f -1 -1 -1 -1 -1
1 1 0 26.6 50.0 11 c22f 0b 7f -1 -1 -1 -1 -1
1 1 0 26.6 50.0 11 c22f 0b 7f -1 -1 -1 -1 -1
1 1 0 26.6 50.0 7 c22f 0b 7f -1 -1 -1 -1 -1
1 1 0 26.5 50.0 12 c22f 0b 7f -1 -1 -1 -1 -1
1 1 0 26.6 50.5 10 c22f 0b 7f -1 -1 -1 -1 -1
1 1 0 26.5 50.0 12 c22f 0b 7f -1 -1 -1 -1 -1
1 1 0 26.5 50.5 10 c22f 0b 7f -1 -1 -1 -1 -1
1 1 0 26.5 50.5 11 c22f 0b 7f -1 -1 -1 -1 -1
1 1 0 26.6 50.5 9 c22f 0b 7f -1 -1 -1 -1 -1
1 1 0 26.6 51.0 9 c22f 0b 7f -1 -1 -1 -1 -1
1 1 0 26.6 50.5 14 c22f 0b 7f -1 -1 -1 -1 -1
1 1 0 26.6 50.5 14 c22f 0b 7f -1 -1 -1 -1 -1
1 1 0 26.6 51.0 12 c22f 0b 7f -1 -1 -1 -1 -1
1 1 0 26.6 51.0 12 c22f 0b 7f -1 -1 -1 -1 -1
1 1 0 26.6 51.0 11 c22f 0b 7f -1 -1 -1 -1 -1
1 1 0 26.6 51.5 9 c22f 0b 7f -1 -1 -1 -1 -1
1 1 0 26.7 51.5 12 c22f 0b 7f -1 -1 -1 -1 -1
1 1 0 26.6 51.5 10 c22f 0b 7f -1 -1 -1 -1 -1
1 1 0 26.6 51.5 9 c22f 0b 7f -1 -1 -1 -1 -1
1 1 0 26.5 51.5 9 c22f 0b 7f -1 -1 -1 -1 -1
1 1 0 26.7 51.5 9 c22f 0b 7f -1 -1 -1 -1 -1
1 1 0 26.6 52.0 9 c22f 0b 7f -1 -1 -1 -1 -1
1 1 0 26.6 52.0 9 c22f 0b 7f -1 -1 -1 -1 -1
1 1 0 26.6 52.0 9 c22f 0b 7f -1 -1 -1 -1 -1
1 1 0 26.6 52.0 7 c22f 0b 7f -1 -1 -1 -1 -1
1 1 0 26.6 52.0 7 c22f 0b 7f -1 -1 -1 -1 -1
1 1 0 26.6 52.0 10 c22f 0b 7f -1 -1 -1 -1 -1
1 1 0 26.6 52.0 12 c22f 0b 7f -1 -1 -1 -1 -1
1 1 0 26.6 52.0 10 c22f 0b 7f -1 -1 -1 -1 -1
1 1 0 26.6 51.5 12 c22f 0b 7f -1 -1 -1 -1 -1
1 1 3 26.6 52.0 8 c22f 0b 7f -1 -1 -1 -1 -1
1 1 0 26.5 52.0 9 c22f 0b 7f -1 -1 -1 -1 -1
1 1 4 26.5 52.0 9 c22f 0b 7f -1 -1 -1 -1 -1
1 1 0 26.5 52.0 5 c22f 0b 7f -1 -1 -1 -1 -1
1 1 0 26.4 51.5 9 c22f 0b 7f -1 -1 -1 -1 -1
1 1 0 26.4 51.5 7 c22f 0b 7f -1 -1 -1 -1 -1
1 1 0 26.3 51.5 5 c22f 0b 7f -1 -1 -1 -1 -1
1 1 0 26.2 51.5 3 c22f 0b 7f -1 -1 -1 -1 -1
1 1 0 26.1 51.0 6 c22f 0b 7f -1 -1 -1 -1 -1
1 1 0 26.1 51.0 6 c22f 0b 7f -1 -1 -1 -1 -1
1 1 1 26.0 51.5 4 c22f 0b 7f -1 -1 -1 -1 -1
1 1 0 26.0 51.5 4 c22f 0b 7f -1 -1 -1 -1 -1
1 1 0 25.9 51.5 4 c22f 0b 7f -1 -1 -1 -1 -1
1 1 0 25.9 51.5 4 c22f 0b 7f -1 -1 -1 -1 -1
1 1 0 25.9 51.5 4 c22f 0b 7f -1 -1 -1 -1 -1
1 1 0 25.9 51.5 4 c22f 0b 7f -1 -1 -1 -1 -1
1 1 2 25.8 51.5 4 c22f 0b 7f -1 -1 -1 -1 -1
1 1 0 25.9 52.0 6 c22f 0b 7f -1 -1 -1 -1 -1
1 1 0 25.8 52.0 6 c22f 0b 7f -1 -1 -1 -1 -1
1 1 0 25.8 52.5 6 c22f 0b 7f -1 -1 -1 -1 -1
1 1 0 25.7 52.5 6 c22f 0b 7f -1 -1 -1 -1 -1
1 1 0 25.7 52.5 6 c22f 0b 7f -1 -1 -1 -1 -1
1 1 0 25.7 53.0 6 c22f 0b 7f -1 -1 -1 -1 -1
1 1 0 25.7 53.0 6 c22f 0b 7f -1 -1 -1 -1 -1
1 1 0 25.6 53.0 4 c22f 0b 7f -1 -1 -1 -1 -1
1 1 0 25.7 53.0 4 c22f 0b 7f -1 -1 -1 -1 -1
1 1 0 25.7 53.5 4 c22f 0b 7f -1 -1 -1 -1 -1
1 1 0 25.7 53.0 4 c22f 0b 7f -1 -1 -1 -1 -1
1 1 0 25.6 53.0 4 c22f 0b 7f -1 -1 -1 -1 -1
1 1 0 25.6 53.0 6 c22f 0b 7f -1 -1 -1 -1 -1
1 1 5 25.6 52.5 4 c22f 0b 7f -1 -1 -1 -1 -1
1 1 0 25.6 52.5 9 c22f 0b 7f -1 -1 -1 -1 -1
1 1 0 25.6 52.5 5 c22f 0b 7f -1 -1 -1 -1 -1
1 1 0 25.5 52.5 5 c22f 0b 7f -1 -1 -1 -1 -1
1 1 0 25.5 52.5 5 c22f 0b 7f -1 -1 -1 -1 -1
1 1 0 25.5 52.5 5 c22f 0b 7f -1 -1 -1 -1 -1
1 1 0 25.5 52.5 7 c22f 0b 7f -1 -1 -1 -1 -1
1 1 0 25.5 52.5 7 c22f 0b 7f -1 -1 -1 -1 -1
1 1 0 25.5 52.5 5 c22f 0b 7f -1 -1 -1 -1 -1
1 1 0 25.5 52.5 5 c22f 0b 7f -1 -1 -1 -1 -1
1 1 0 25.4 52.5 9 c22f 0b 7f -1 -1 -1 -1 -1
1 1 8 25.4 52.5 7 c22f 0b 7f -1 -1 -1 -1 -1
1 1 0 25.5 52.5 7 c22f 0b 7f -1 -1 -1 -1 -1
1 1 0 25.3 52.0 9 c22f 0b 7f -1 -1 -1 -1 -1
1 1 0 25.3 52.0 7 c22f 0b 7f -1 -1 -1 -1 -1
1 1 4 25.3 52.0 7 c22f 0b 7f -1 -1 -1 -1 -1
1 1 0 25.3 52.0 7 c22f 0b 7f -1 -1 -1 -1 -1
1 1 0 25.3 52.0 5 c22f 0b 7f -1 -1 -1 -1 -1
1 1 0 25.2 52.0 6 c22f 0b 7f -1 -1 -1 -1 -1
1 1 0 25.2 52.0 4 c22f 0b 7f -1 -1 -1 -1 -1
1 1 0 25.2 52.0 4 c22f 0b 7f -1 -1 -1 -1 -1
1 1 0 25.2 52.5 4 c22f 0b 7f -1 -1 -1 -1 -1
1 1 0 25.2 52.5 4 c22f 0b 7f -1 -1 -1 -1 -1
1 1 1 25.2 53.5 4 c22f 0b 7f -1 -1 -1 -1 -1
1 1 1 25.2 54.0 2 c22f 0b 7f -1 -1 -1 -1 -1
1 1 0 25.2 54.0 2 c22f 0b 7f -1 -1 -1 -1 -1
1 1 1 25.2 54.0 2 c22f 0b 7f -1 -1 -1 -1 -1
1 1 0 25.2 53.5 4 c22f 0b 7f -1 -1 -1 -1 -1
1 1 0 25.2 53.5 4 c22f 0b 7f -1 -1 -1 -1 -1
1 1 0 25.2 53.5 4 c22f 0b 7f -1 -1 -1 -1 -1
1 1 0 25.2 53.5 4 c22f 0b 7f -1 -1 -1 -1 -1
1 1 0 25.2 53.5 4 c22f 0b 7f -1 -1 -1 -1 -1
1 1 0 25.1 53.5 2 c22f 0b 7f -1 -1 -1 -1 -1
1 1 0 25.1 53.5 2 c22f 0b 7f -1 -1 -1 -1 -1
1 1 0 25.1 53.0 2 c22f 0b 7f -1 -1 -1 -1 -1
1 1 0 25.1 53.0 2 c22f 0b 7f -1 -1 -1 -1 -1
1 1 0 25.1 53.0 1 c22f 0b 7f -1 -1 -1 -1 -1
1 1 0 25.0 53.0 1 c22f 0b 7f -1 -1 -1 -1 -1
1 1 0 25.0 53.0 1 c22f 0b 7f -1 -1 -1 -1 -1
1 1 0 25.0 53.0 1 c22f 0b 7f -1 -1 -1 -1 -1
1 1 0 25.0 53.0 1 c22f 0b 7f -1 -1 -1 -1 -1
1 1 0 24.9 53.0 1 c22f 0b 7f -1 -1 -1 -1 -1
1 1 0 25.0 53.0 1 c22f 0b 7f -1 -1 -1 -1 -1
1 1 1 24.9 53.5 1 c22f 0b 7f -1 -1 -1 -1 -1
1 1 0 25.0 53.5 1 c22f 0b 7f -1 -1 -1 -1 -1
1 1 0 25.0 53.5 1 c22f 0b 7f -1 -1 -1 -1 -1
1 1 0 25.0 53.5 1 c22f 0b 7f -1 -1 -1 -1 -1
1 1 0 25.0 53.5 1 c22f 0b 7f -1 -1 -1 -1 -1
1 1 0 25.0 53.5 1 c22f 0b 7f -1 -1 -1 -1 -1
1 1 0 25.0 53.5 1 c22f 0b 7f -1 -1 -1 -1 -1
1 1 0 25.0 53.5 1 c22f 0b 7f -1 -1 -1 -1 -1
1 1 0 25.0 53.0 1 c22f 0b 7f -1 -1 -1 -1 -1
1 1 0 25.0 53.0 2 c22f 0b 7f -1 -1 -1 -1 -1
1 1 0 25.0 53.0 2 c22f 0b 7f -1 -1 -1 -1 -1
1 1 0 25.0 53.0 2 c22f 0b 7f -1 -1 -1 -1 -1
1 1 0 24.9 52.5 2 c22f 0b 7f -1 -1 -1 -1 -1
1 1 0 24.9 52.5 2 c22f 0b 7f -1 -1 -1 -1 -1
1 1 1 24.8 52.5 2 c22f 0b 7f -1 -1 -1 -1 -1
1 1 0 24.8 52.0 2 c22f 0b 7f -1 -1 -1 -1 -1
1 1 0 24.8 52.0 2 c22f 0b 7f -1 -1 -1 -1 -1
1 1 0 24.8 51.5 2 c22f 0b 7f -1 -1 -1 -1 -1
1 1 0 24.8 51.5 2 c22f 0b 7f -1 -1 -1 -1 -1
1 1 0 24.7 51.5 2 c22f 0b 7f -1 -1 -1 -1 -1
1 1 0 24.7 51.5 4 c22f 0b 7f -1 -1 -1 -1 -1
1 1 0 24.7 51.5 4 c22f 0b 7f -1 -1 -1 -1 -1
1 1 0 24.6 51.0 4 c22f 0b 7f -1 -1 -1 -1 -1
1 1 0 24.6 51.0 4 c22f 0b 7f -1 -1 -1 -1 -1
1 1 0 24.6 51.0 4 c22f 0b 7f -1 -1 -1 -1 -1
1 1 0 24.7 51.0 4 c22f 0b 7f -1 -1 -1 -1 -1
1 1 0 24.6 51.0 4 c22f 0b 7f -1 -1 -1 -1 -1
1 1 0 24.6 50.5 4 c22f 0b 7f -1 -1 -1 -1 -1
1 1 0 24.6 50.5 4 c22f 0b 7f -1 -1 -1 -1 -1
1 1 0 24.6 50.5 4 c22f 0b 7f -1 -1 -1 -1 -1
1 1 0 24.5 50.5 2 c22f 0b 7f -1 -1 -1 -1 -1
1 1 0 24.5 50.5 2 c22f 0b 7f -1 -1 -1 -1 -1
1 1 0 24.4 50.5 2 c22f 0b 7f -1 -1 -1 -1 -1
1 1 0 24.4 50.5 2 c22f 0b 7f -1 -1 -1 -1 -1
1 1 0 24.5 50.0 2 c22f 0b 7f -1 -1 -1 -1 -1
1 1 0 24.5 50.0 2 c22f 0b 7f -1 -1 -1 -1 -1
1 1 0 24.4 50.0 2 c22f 0b 7f -1 -1 -1 -1 -1
1 1 0 24.4 50.0 2 c22f 0b 7f -1 -1 -1 -1 -1
1 1 0 24.4 50.0 2 c22f 0b 7f -1 -1 -1 -1 -1
1 1 0 24.4 50.0 2 c22f 0b 7f -1 -1 -1 -1 -1
1 1 0 24.3 50.0 2 c22f 0b 7f -1 -1 -1 -1 -1
1 1 0 24.4 50.0 2 c22f 0b 7f -1 -1 -1 -1 -1
1 1 0 24.4 50.5 2 c22f 0b 7f -1 -1 -1 -1 -1
1 1 0 24.3 50.5 2 c22f 0b 7f -1 -1 -1 -1 -1
1 1 0 24.3 50.5 2 c22f 0b 7f -1 -1 -1 -1 -1
1 1 1 24.4 50.5 2 c22f 0b 7f -1 -1 -1 -1 -1
1 1 0 24.3 51.5 2 c22f 0b 7f -1 -1 -1 -1 -1
1 1 0 24.5 51.5 2 c22f 0b 7f -1 -1 -1 -1 -1
1 1 1 24.4 51.5 2 c22f 0b 7f -1 -1 -1 -1 -1
1 1 0 24.4 51.5 2 c22f 0b 7f -1 -1 -1 -1 -1
1 1 0 24.3 51.0 1 c22f 0b 7f -1 -1 -1 -1 -1
1 1 0 24.4 51.0 1 c22f 0b 7f -1 -1 -1 -1 -1
1 1 0 24.4 51.0 1 c22f 0b 7f -1 -1 -1 -1 -1
1 1 0 24.4 51.0 4 c22f 0b 7f -1 -1 -1 -1 -1
1 1 0 24.3 51.0 4 c22f 0b 7f -1 -1 -1 -1 -1
1 1 0 24.3 51.0 4 c22f 0b 7f -1 -1 -1 -1 -1
1 1 0 24.3 51.0 2 c22f 0b 7f -1 -1 -1 -1 -1
1 1 0 24.2 51.0 2 c22f 0b 7f -1 -1 -1 -1 -1
1 1 0 24.3 51.0 2 c22f 0b 7f -1 -1 -1 -1 -1
1 1 0 24.2 51.0 2 c22f 0b 7f -1 -1 -1 -1 -1
1 1 0 24.2 51.0 2 c22f 0b 7f -1 -1 -1 -1 -1
1 1 0 24.2 51.0 2 c22f 0b 7f -1 -1 -1 -1 -1
1 1 0 24.2 51.0 2 c22f 0b 7f -1 -1 -1 -1 -1
1 1 0 24.2 51.0 2 c22f 0b 7f -1 -1 -1 -1 -1
1 1 0 24.2 51.0 2 c22f 0b 7f -1 -1 -1 -1 -1
1 1 0 24.2 51.0 2 c22f 0b 7f -1 -1 -1 -1 -1
1 1 0 24.2 51.0 2 c22f 0b 7f -1 -1 -1 -1 -1
1 1 0 24.2 51.0 2 c22f 0b 7f -1 -1 -1 -1 -1
1 1 0 24.2 51.0 2 c22f 0b 7f -1 -1 -1 -1 -1
1 1 5 24.2 51.0 2 c22f 0b 7f -1 -1 -1 -1 -1
1 1 0 24.1 50.5 2 c22f 0b 7f -1 -1 -1 -1 -1
1 1 0 24.2 51.0 2 c22f 0b 7f -1 -1 -1 -1 -1
1 1 3 24.1 51.0 2 c22f 0b 7f -1 -1 -1 -1 -1
1 1 0 24.1 51.0 2 c22f 0b 7f -1 -1 -1 -1 -1
1 1 1 24.1 51.0 2 c22f 0b 7f -1 -1 -1 -1 -1
1 1 0 24.1 51.5 2 c22f 0b 7f -1 -1 -1 -1 -1
1 1 1 24.2 52.0 2 c22f 0b 7f -1 -1 -1 -1 -1
1 1 0 24.2 52.0 2 c22f 0b 7f -1 -1 -1 -1 -1
1 1 0 24.2 51.5 2 c22f 0b 7f -1 -1 -1 -1 -1
1 1 0 24.3 51.5 2 c22f 0b 7f -1 -1 -1 -1 -1
1 1 5 24.3 51.5 2 c22f 0b 7f -1 -1 -1 -1 -1
1 1 0 24.1 51.5 2 c22f 0b 7f -1 -1 -1 -1 -1
1 1 6 24.1 51.5 2 c22f 0b 7f -1 -1 -1 -1 -1
1 1 0 24.1 51.5 2 c22f 0b 7f -1 -1 -1 -1 -1
1 1 0 24.1 51.0 2 c22f 0b 7f -1 -1 -1 -1 -1
1 1 1 24.1 51.0 2 c22f 0b 7f -1 -1 -1 -1 -1
1 1 0 24.1 51.0 2 c22f 0b 7f -1 -1 -1 -1 -1
1 1 0 24.0 51.0 2 c22f 0b 7f -1 -1 -1 -1 -1
1 1 0 24.0 51.0 2 c22f 0b 7f -1 -1 -1 -1 -1
1 1 1 24.0 51.5 2 c22f 0b 7f -1 -1 -1 -1 -1
1 1 1 24.1 52.0 2 c22f 0b 7f -1 -1 -1 -1 -1
1 1 0 24.1 52.0 2 c22f 0b 7f -1 -1 -1 -1 -1
1 1 0 24.1 51.5 2 c22f 0b 7f -1 -1 -1 -1 -1
1 1 0 24.1 51.5 2 c22f 0b 7f -1 -1 -1 -1 -1
1 1 3 24.0 51.5 2 c22f 0b 7f -1 -1 -1 -1 -1
1 1 0 24.0 51.0 2 c22f 0b 7f -1 -1 -1 -1 -1
1 1 0 24.0 51.0 2 c22f 0b 7f -1 -1 -1 -1 -1
1 1 0 24.0 51.0 2 c22f 0b 7f -1 -1 -1 -1 -1
1 1 1 23.9 51.0 2 c22f 0b 7f -1 -1 -1 -1 -1
1 1 3 24.0 51.0 2 c22f 0b 7f -1 -1 -1 -1 -1
1 1 0 24.0 51.0 2 c22f 0b 7f -1 -1 -1 -1 -1
1 1 0 23.9 51.0 2 c22f 0b 7f -1 -1 -1 -1 -1
1 1 0 23.9 51.0 2 c22f 0b 7f -1 -1 -1 -1 -1
1 1 0 23.9 51.0 2 c22f 0b 7f -1 -1 -1 -1 -1
1 1 0 24.0 51.0 0 c22f 0b 7f -1 -1 -1 -1 -1
1 1 0 23.9 51.0 0 c22f 0b 7f -1 -1 -1 -1 -1
1 1 0 24.0 51.0 0 c22f 0b 7f -1 -1 -1 -1 -1
1 1 0 24.0 51.0 0 c22f 0b 7f -1 -1 -1 -1 -1
1 1 0 24.0 51.0 0 c22f 0b 7f -1 -1 -1 -1 -1
1 1 1 23.9 51.0 0 c22f 0b 7f -1 -1 -1 -1 -1
1 1 0 23.9 50.5 0 c22f 0b 7f -1 -1 -1 -1 -1
1 1 0 23.9 50.5 0 c22f 0b 7f -1 -1 -1 -1 -1
1 1 0 23.9 50.5 0 c22f 0b 7f -1 -1 -1 -1 -1
1 1 0 23.9 50.5 0 c22f 0b 7f -1 -1 -1 -1 -1
1 1 0 23.8 50.5 0 c22f 0b 7f -1 -1 -1 -1 -1
1 1 0 23.9 50.0 0 c22f 0b 7f -1 -1 -1 -1 -1
1 1 0 23.9 50.0 0 c22f 0b 7f -1 -1 -1 -1 -1
1 1 0 23.8 50.0 0 c22f 0b 7f -1 -1 -1 -1 -1
1 1 0 23.8 50.0 0 c22f 0b 7f -1 -1 -1 -1 -1
1 1 0 23.8 50.0 0 c22f 0b 7f -1 -1 -1 -1 -1
1 1 0 23.8 50.0 0 c22f 0b 7f -1 -1 -1 -1 -1
1 1 0 23.8 50.0 0 c22f 0b 7f -1 -1 -1 -1 -1
1 1 2 23.8 50.0 0 c22f 0b 7f -1 -1 -1 -1 -1
1 1 1 23.8 50.0 4 c22f 0b 7f -1 -1 -1 -1 -1
1 1 9 23.8 50.0 8 c22f 0b 7f -1 -1 -1 -1 -1
1 1 0 23.8 50.0 8 c22f 0b 7f -1 -1 -1 -1 -1
1 1 0 23.8 50.0 8 c22f 0b 7f -1 -1 -1 -1 -1
1 1 0 23.8 50.0 8 c22f 0b 7f -1 -1 -1 -1 -1
1 1 0 23.9 50.0 8 c22f 0b 7f -1 -1 -1 -1 -1
1 1 6 23.8 51.0 8 c22f 0b 7f -1 -1 -1 -1 -1
1 1 0 23.9 51.5 8 c22f 0b 7f -1 -1 -1 -1 -1
1 1 0 24.0 51.0 8 c22f 0b 7f -1 -1 -1 -1 -1
1 1 0 23.9 51.0 8 c22f 0b 7f -1 -1 -1 -1 -1
1 1 8 23.9 50.5 8 c22f 0b 7f -1 -1 -1 -1 -1
1 1 0 23.9 50.5 8 c22f 0b 7f -1 -1 -1 -1 -1
1 1 5 23.8 50.5 8 c22f 0b 7f -1 -1 -1 -1 -1
1 1 0 23.8 50.0 8 c22f 0b 7f -1 -1 -1 -1 -1
1 1 0 23.8 50.0 8 c22f 0b 7f -1 -1 -1 -1 -1
1 1 0 23.8 50.0 8 c22f 0b 7f -1 -1 -1 -1 -1
1 1 0 23.7 50.5 8 c22f 0b 7f -1 -1 -1 -1 -1
1 1 0 23.8 50.5 8 c22f 0b 7f -1 -1 -1 -1 -1
1 1 0 23.7 51.0 8 c22f 0b 7f -1 -1 -1 -1 -1
1 1 0 23.7 51.0 8 c22f 0b 7f -1 -1 -1 -1 -1
1 1 0 23.8 51.0 8 c22f 0b 7f -1 -1 -1 -1 -1
1 1 0 23.8 51.0 8 c22f 0b 7f -1 -1 -1 -1 -1
1 1 0 23.8 50.5 8 c22f 0b 7f -1 -1 -1 -1 -1
1 1 0 23.7 50.5 8 c22f 0b 7f -1 -1 -1 -1 -1
1 1 0 23.7 50.5 8 c22f 0b 7f -1 -1 -1 -1 -1
1 1 0 23.7 50.5 8 c22f 0b 7f -1 -1 -1 -1 -1
1 1 0 23.8 50.5 8 c22f 0b 7f -1 -1 -1 -1 -1
1 1 0 23.7 50.5 8 c22f 0b 7f -1 -1 -1 -1 -1
1 1 0 23.7 51.0 8 c22f 0b 7f -1 -1 -1 -1 -1
1 1 0 23.7 51.0 8 c22f 0b 7f -1 -1 -1 -1 -1
1 1 0 23.7 51.0 8 c22f 0b 7f -1 -1 -1 -1 -1
1 1 0 23.7 51.0 6 c22f 0b 7f -1 -1 -1 -1 -1
1 1 0 23.7 51.0 6 c22f 0b 7f -1 -1 -1 -1 -1
1 1 0 23.8 51.0 6 c22f 0b 7f -1 -1 -1 -1 -1
1 1 0 23.8 51.0 6 c22f 0b 7f -1 -1 -1 -1 -1
1 1 0 23.7 51.0 6 c22f 0b 7f -1 -1 -1 -1 -1
1 1 0 23.8 51.0 6 c22f 0b 7f -1 -1 -1 -1 -1
1 1 0 23.7 51.0 6 c22f 0b 7f -1 -1 -1 -1 -1
1 1 0 23.8 51.0 6 c22f 0b 7f -1 -1 -1 -1 -1
1 1 0 23.7 51.0 6 c22f 0b 7f -1 -1 -1 -1 -1
1 1 0 23.7 51.0 6 c22f 0b 7f -1 -1 -1 -1 -1
1 1 0 23.7 51.0 6 c22f 0b 7f -1 -1 -1 -1 -1
1 1 0 23.7 51.0 6 c22f 0b 7f -1 -1 -1 -1 -1
1 1 0 23.7 51.0 6 c22f 0b 7f -1 -1 -1 -1 -1
1 1 0 23.7 50.5 6 c22f 0b 7f -1 -1 -1 -1 -1
1 1 0 23.7 50.5 6 c22f 0b 7f -1 -1 -1 -1 -1
1 1 0 23.6 50.5 6 c22f 0b 7f -1 -1 -1 -1 -1
1 1 0 23.6 50.5 6 c22f 0b 7f -1 -1 -1 -1 -1
1 1 0 23.6 51.0 6 c22f 0b 7f -1 -1 -1 -1 -1
1 1 0 23.7 51.5 6 c22f 0b 7f -1 -1 -1 -1 -1
1 1 0 23.7 51.5 6 c22f 0b 7f -1 -1 -1 -1 -1
1 1 0 23.8 51.5 6 c22f 0b 7f -1 -1 -1 -1 -1
1 1 0 23.8 52.0 6 c22f 0b 7f -1 -1 -1 -1 -1
1 1 0 23.9 52.0 6 c22f 0b 7f -1 -1 -1 -1 -1
1 1 0 23.8 52.0 6 c22f 0b 7f -1 -1 -1 -1 -1
1 1 0 23.8 52.0 6 c22f 0b 7f -1 -1 -1 -1 -1
1 1 0 23.7 52.0 6 c22f 0b 7f -1 -1 -1 -1 -1
1 1 0 23.8 52.0 6 c22f 0b 7f -1 -1 -1 -1 -1
1 1 0 23.7 52.0 6 c22f 0b 7f -1 -1 -1 -1 -1
1 1 0 23.8 51.5 6 c22f 0b 7f -1 -1 -1 -1 -1
1 1 1 23.8 51.5 6 c22f 0b 7f -1 -1 -1 -1 -1
1 1 0 23.7 51.5 6 c22f 0b 7f -1 -1 -1 -1 -1
1 1 0 23.7 51.0 6 c22f 0b 7f -1 -1 -1 -1 -1
1 1 0 23.7 51.0 6 c22f 0b 7f -1 -1 -1 -1 -1
1 1 0 23.6 51.0 6 c22f 0b 7f -1 -1 -1 -1 -1
1 1 0 23.7 52.0 6 c22f 0b 7f -1 -1 -1 -1 -1
1 1 0 23.7 52.5 6 c22f 0b 7f -1 -1 -1 -1 -1
1 1 0 23.8 52.5 6 c22f 0b 7f -1 -1 -1 -1 -1
1 1 0 23.8 52.0 6 c22f 0b 7f -1 -1 -1 -1 -1
1 1 0 23.8 52.5 6 c22f 0b 7f -1 -1 -1 -1 -1
1 1 0 23.8 53.0 6 c22f 0b 7f -1 -1 -1 -1 -1
1 1 0 23.8 52.5 6 c22f 0b 7f -1 -1 -1 -1 -1
1 1 0 23.8 52.0 6 c22f 0b 7f -1 -1 -1 -1 -1
1 1 0 23.7 52.0 6 c22f 0b 7f -1 -1 -1 -1 -1
1 1 0 23.6 52.0 6 c22f 0b 7f -1 -1 -1 -1 -1
1 1 0 23.7 51.5 6 c22f 0b 7f -1 -1 -1 -1 -1
1 1 0 23.6 51.5 6 c22f 0b 7f -1 -1 -1 -1 -1
1 1 0 23.6 51.5 6 c22f 0b 7f -1 -1 -1 -1 -1
1 1 0 23.5 51.5 6 c22f 0b 7f -1 -1 -1 -1 -1
1 1 5 23.6 51.5 6 c22f 0b 7f -1 -1 -1 -1 -1
1 1 0 23.6 51.5 6 c22f 0b 7f -1 -1 -1 -1 -1
1 1 0 23.6 51.5 6 c22f 0b 7f -1 -1 -1 -1 -1
1 1 0 23.6 51.5 6 c22f 0b 7f -1 -1 -1 -1 -1
1 1 0 23.6 51.5 6 c22f 0b 7f -1 -1 -1 -1 -1
1 1 0 23.6 51.5 6 c22f 0b 7f -1 -1 -1 -1 -1
1 1 0 23.6 51.5 6 c22f 0b 7f -1 -1 -1 -1 -1
1 1 0 23.6 51.5 6 c22f 0b 7f -1 -1 -1 -1 -1
1 1 0 23.6 51.5 6 c22f 0b 7f -1 -1 -1 -1 -1
1 1 0 23.5 51.5 6 c22f 0b 7f -1 -1 -1 -1 -1
1 1 0 23.6 51.5 6 c22f 0b 7f -1 -1 -1 -1 -1
1 1 0 23.5 51.5 6 c22f 0b 7f -1 -1 -1 -1 -1
1 1 0 23.5 51.5 6 c22f 0b 7f -1 -1 -1 -1 -1
1 1 0 23.5 51.5 6 c22f 0b 7f -1 -1 -1 -1 -1
1 1 15 23.5 51.5 6 c22f 0b 7f -1 -1 -1 -1 -1
1 1 0 23.4 51.5 6 c22f 0b 7f -1 -1 -1 -1 -1
1 1 0 23.4 51.0 6 c22f 0b 7f -1 -1 -1 -1 -1
1 1 7 23.4 51.0 6 c22f 0b 7f -1 -1 -1 -1 -1
1 1 0 23.5 51.0 6 c22f 0b 7f -1 -1 -1 -1 -1
1 1 0 23.5 51.0 6 c22f 0b 7f -1 -1 -1 -1 -1
1 1 0 23.5 51.0 6 c22f 0b 7f -1 -1 -1 -1 -1
1 1 0 23.4 51.5 6 c22f 0b 7f -1 -1 -1 -1 -1
1 1 0 23.4 51.5 6 c22f 0b 7f -1 -1 -1 -1 -1
1 1 0 23.5 51.0 6 c22f 0b 7f -1 -1 -1 -1 -1
1 1 0 23.4 51.0 6 c22f 0b 7f -1 -1 -1 -1 -1
1 1 0 23.4 51.0 6 c22f 0b 7f -1 -1 -1 -1 -1
1 1 0 23.5 51.0 6 c22f 0b 7f -1 -1 -1 -1 -1
1 1 0 23.4 51.0 6 c22f 0b 7f -1 -1 -1 -1 -1
1 1 0 23.5 51.0 6 c22f 0b 7f -1 -1 -1 -1 -1
1 1 0 23.4 51.5 6 c22f 0b 7f -1 -1 -1 -1 -1
1 1 0 23.4 51.0 6 c22f 0b 7f -1 -1 -1 -1 -1
1 1 0 23.5 51.0 6 c22f 0b 7f -1 -1 -1 -1 -1
1 1 0 23.5 51.5 6 c22f 0b 7f -1 -1 -1 -1 -1
1 1 0 23.5 51.5 6 c22f 0b 7f -1 -1 -1 -1 -1
1 1 0 23.5 51.0 6 c22f 0b 7f -1 -1 -1 -1 -1
1 1 0 23.5 51.5 6 c22f 0b 7f -1 -1 -1 -1 -1
1 1 0 23.5 51.5 6 c22f 0b 7f -1 -1 -1 -1 -1
1 1 0 23.5 51.5 6 c22f 0b 7f -1 -1 -1 -1 -1
1 1 0 23.5 51.5 6 c22f 0b 7f -1 -1 -1 -1 -1
1 1 0 23.5 51.5 6 c22f 0b 7f -1 -1 -1 -1 -1
1 1 0 23.5 51.5 6 c22f 0b 7f -1 -1 -1 -1 -1
1 1 0 23.5 51.5 6 c22f 0b 7f -1 -1 -1 -1 -1
1 1 0 23.5 51.5 6 c22f 0b 7f -1 -1 -1 -1 -1
1 1 13 23.5 51.5 6 c22f 0b 7f -1 -1 -1 -1 -1
1 1 0 23.5 51.5 6 c22f 0b 7f -1 -1 -1 -1 -1
1 1 0 23.6 51.5 6 c22f 0b 7f -1 -1 -1 -1 -1
1 1 0 23.7 51.0 6 c22f 0b 7f -1 -1 -1 -1 -1
1 1 0 23.8 51.0 6 c22f 0b 7f -1 -1 -1 -1 -1
1 1 0 23.9 51.5 6 c22f 0b 7f -1 -1 -1 -1 -1
1 1 0 24.1 51.5 6 c22f 0b 7f -1 -1 -1 -1 -1
1 1 0 24.1 51.5 6 c22f 0b 7f -1 -1 -1 -1 -1
1 1 0 24.2 51.5 6 c22f 0b 7f -1 -1 -1 -1 -1
1 1 0 24.2 52.0 6 c22f 0b 7f -1 -1 -1 -1 -1
1 1 0 24.4 51.5 6 c22f 0b 7f -1 -1 -1 -1 -1
1 1 0 24.3 52.0 6 c22f 0b 7f -1 -1 -1 -1 -1
1 1 0 24.5 52.0 6 c22f 0b 7f -1 -1 -1 -1 -1
1 1 6 24.6 51.5 6 c22f 0b 7f -1 -1 -1 -1 -1
1 1 0 24.6 51.0 6 c22f 0b 7f -1 -1 -1 -1 -1
1 1 0 24.6 51.5 6 c22f 0b 7f -1 -1 -1 -1 -1
1 1 6 24.6 51.5 6 c22f 0b 7f -1 -1 -1 -1 -1
1 1 0 24.7 51.5 6 c22f 0b 7f -1 -1 -1 -1 -1
1 1 0 24.7 51.5 6 c22f 0b 7f -1 -1 -1 -1 -1
1 1 0 24.9 51.5 6 c22f 0b 7f -1 -1 -1 -1 -1
1 1 0 24.9 52.0 6 c22f 0b 7f -1 -1 -1 -1 -1
1 1 0 24.9 52.0 6 c22f 0b 7f -1 -1 -1 -1 -1
1 1 0 24.9 52.0 6 c22f 0b 7f -1 -1 -1 -1 -1
1 1 0 25.0 52.0 6 c22f 0b 7f -1 -1 -1 -1 -1
1 1 0 25.0 52.0 6 c22f 0b 7f -1 -1 -1 -1 -1
1 1 0 25.1 52.0 6 c22f 0b 7f -1 -1 -1 -1 -1
1 1 0 25.1 52.0 6 c22f 0b 7f -1 -1 -1 -1 -1
1 1 0 25.2 52.0 6 c22f 0b 7f -1 -1 -1 -1 -1
1 1 0 25.1 52.0 6 c22f 0b 7f -1 -1 -1 -1 -1
1 1 0 25.2 52.0 6 c22f 0b 7f -1 -1 -1 -1 -1
1 1 0 25.2 51.5 6 c22f 0b 7f -1 -1 -1 -1 -1
1 1 0 25.3 51.5 6 c22f 0b 7f -1 -1 -1 -1 -1
1 1 0 25.3 51.5 6 c22f 0b 7f -1 -1 -1 -1 -1
1 1 0 25.4 51.5 6 c22f 0b 7f -1 -1 -1 -1 -1
1 1 12 25.4 51.5 6 c22f 0b 7f -1 -1 -1 -1 -1
1 1 0 25.3 51.0 6 c22f 0b 7f -1 -1 -1 -1 -1
1 1 0 25.4 51.5 6 c22f 0b 7f -1 -1 -1 -1 -1
1 1 0 25.5 51.5 6 c22f 0b 7f -1 -1 -1 -1 -1
1 1 0 25.5 51.0 6 c22f 0b 7f -1 -1 -1 -1 -1
1 1 0 25.5 51.0 6 c22f 0b 7f -1 -1 -1 -1 -1
1 1 0 25.5 51.0 6 c22f 0b 7f -1 -1 -1 -1 -1
1 1 8 25.5 51.0 6 c22f 0b 7f -1 -1 -1 -1 -1
1 1 0 25.6 51.0 6 c22f 0b 7f -1 -1 -1 -1 -1
1 1 0 25.6 51.5 6 c22f 0b 7f -1 -1 -1 -1 -1
1 1 0 25.7 51.5 6 c22f 0b 7f -1 -1 -1 -1 -1
1 1 0 25.7 51.0 6 c22f 0b 7f -1 -1 -1 -1 -1
1 1 0 25.8 50.5 6 c22f 0b 7f -1 -1 -1 -1 -1
1 1 0 25.7 51.0 6 c22f 0b 7f -1 -1 -1 -1 -1
1 1 0 25.7 51.0 6 c22f 0b 7f -1 -1 -1 -1 -1
1 1 0 25.8 51.0 6 c22f 0b 7f -1 -1 -1 -1 -1
1 1 0 25.8 51.0 6 c22f 0b 7f -1 -1 -1 -1 -1
1 1 0 25.8 51.0 6 c22f 0b 7f -1 -1 -1 -1 -1
1 1 0 25.9 51.0 6 c22f 0b 7f -1 -1 -1 -1 -1
1 1 0 25.9 50.5 6 c22f 0b 7f -1 -1 -1 -1 -1
1 1 0 25.9 51.0 6 c22f 0b 7f -1 -1 -1 -1 -1
1 1 0 26.0 51.0 6 c22f 0b 7f -1 -1 -1 -1 -1
1 1 0 25.9 51.0 6 c22f 0b 7f -1 -1 -1 -1 -1
1 1 0 26.0 51.5 6 c22f 0b 7f -1 -1 -1 -1 -1
1 1 0 26.0 51.5 6 c22f 0b 7f -1 -1 -1 -1 -1
1 1 0 26.0 51.0 6 c22f 0b 7f -1 -1 -1 -1 -1
1 1 0 26.0 51.0 6 c22f 0b 7f -1 -1 -1 -1 -1
1 1 0 26.0 51.5 6 c22f 0b 7f -1 -1 -1 -1 -1
1 1 0 26.1 51.5 6 c22f 0b 7f -1 -1 -1 -1 -1
1 1 0 26.1 51.0 6 c22f 0b 7f -1 -1 -1 -1 -1
1 1 0 26.1 51.0 6 c22f 0b 7f -1 -1 -1 -1 -1
1 1 0 26.2 51.0 6 c22f 0b 7f -1 -1 -1 -1 -1
1 1 22 26.2 50.0 6 c22f 4b 0f -1 -1 -1 -1 -1
1 1 0 26.1 51.0 6 c22f 4b 0f -1 -1 -1 -1 -1
1 1 0 26.2 51.5 6 c22f 4b 0f -1 -1 -1 -1 -1
1 1 0 26.3 52.0 6 c22f 4b 0f -1 -1 -1 -1 -1
1 1 0 26.3 52.5 6 c22f 4b 0f -1 -1 -1 -1 -1
1 1 0 26.3 52.5 6 c22f 4b 0f -1 -1 -1 -1 -1
1 1 0 26.4 52.0 6 c22f 4b 0f -1 -1 -1 -1 -1
1 1 0 26.4 53.0 6 c22f 4b 0f -1 -1 -1 -1 -1
1 1 0 26.4 53.0 6 c22f 4b 0f -1 -1 -1 -1 -1
1 1 0 26.5 53.0 6 c22f 4b 0f -1 -1 -1 -1 -1
1 1 0 26.5 53.0 6 c22f 4b 0f -1 -1 -1 -1 -1
1 1 0 26.5 53.5 6 c22f 4b 0f -1 -1 -1 -1 -1
1 1 0 26.5 53.0 6 c22f 4b 0f -1 -1 -1 -1 -1
1 1 0 26.6 53.0 6 c22f 4b 0f -1 -1 -1 -1 -1
1 1 0 26.6 53.5 6 c22f 4b 0f -1 -1 -1 -1 -1
1 1 0 26.6 53.5 6 c22f 4b 0f -1 -1 -1 -1 -1
1 1 0 26.6 53.5 6 c22f 4b 0f -1 -1 -1 -1 -1
1 1 0 26.7 53.0 6 c22f 4b 0f -1 -1 -1 -1 -1
1 1 0 26.6 53.0 6 c22f 4b 0f -1 -1 -1 -1 -1
1 1 0 26.7 53.0 6 c22f 4b 0f -1 -1 -1 -1 -1
1 1 0 26.7 53.0 6 c22f 4b 0f -1 -1 -1 -1 -1
1 1 0 26.7 53.0 6 c22f 4b 0f -1 -1 -1 -1 -1
1 1 0 26.8 52.5 6 c22f 4b 0f -1 -1 -1 -1 -1
1 1 1 26.8 52.5 2 c22f 4b 0f -1 -1 -1 -1 -1
1 1 1 26.9 52.5 0 c22f 4b 0f -1 -1 -1 -1 -1
1 1 1 26.8 53.0 0 c22f 4b 0f -1 -1 -1 -1 -1
1 1 6 26.8 53.0 1 c22f 0b 0f -1 -1 -1 -1 -1
1 1 0 26.9 53.5 1 c22f 0b 0f -1 -1 -1 -1 -1
1 1 0 26.9 53.5 1 c22f 0b 0f -1 -1 -1 -1 -1
1 1 0 26.9 54.0 1 c22f 0b 0f -1 -1 -1 -1 -1
1 1 0 26.9 54.0 1 c22f 0b 0f -1 -1 -1 -1 -1
1 1 0 27.0 54.0 1 c22f 0b 0f -1 -1 -1 -1 -1
1 1 0 27.0 54.0 1 c22f 0b 0f -1 -1 -1 -1 -1
1 1 0 27.0 54.5 1 c22f 0b 0f -1 -1 -1 -1 -1
1 1 0 27.0 54.5 1 c22f 0b 0f -1 -1 -1 -1 -1
1 1 0 27.0 55.0 1 c22f 0b 0f -1 -1 -1 -1 -1
1 1 0 27.1 55.0 1 c22f 0b 0f -1 -1 -1 -1 -1
1 1 0 27.1 55.0 1 c22f 0b 0f -1 -1 -1 -1 -1
1 1 0 27.1 55.5 1 c22f 0b 0f -1 -1 -1 -1 -1
1 1 0 27.1 55.5 1 c22f 0b 0f -1 -1 -1 -1 -1
1 1 0 27.1 55.5 1 c22f 0b 0f -1 -1 -1 -1 -1
1 1 0 27.1 55.5 1 c22f 0b 0f -1 -1 -1 -1 -1
1 1 0 27.2 55.5 1 c22f 0b 0f -1 -1 -1 -1 -1
1 1 0 27.2 55.5 1 c22f 0b 0f -1 -1 -1 -1 -1
1 1 0 27.3 55.5 1 c22f 0b 0f -1 -1 -1 -1 -1
1 1 0 27.3 55.5 1 c22f 0b 0f -1 -1 -1 -1 -1
1 1 0 27.2 55.5 1 c22f 0b 0f -1 -1 -1 -1 -1
1 1 0 27.3 55.5 1 c22f 0b 0f -1 -1 -1 -1 -1
1 1 0 27.3 55.5 1 c22f 0b 0f -1 -1 -1 -1 -1
1 1 0 27.3 55.5 1 c22f 0b 0f -1 -1 -1 -1 -1
1 1 0 27.2 55.5 1 c22f 0b 0f -1 -1 -1 -1 -1
1 1 0 27.3 55.5 1 c22f 0b 0f -1 -1 -1 -1 -1
1 1 0 27.4 55.5 1 c22f 0b 0f -1 -1 -1 -1 -1
1 1 0 27.4 55.5 1 c22f 0b 0f -1 -1 -1 -1 -1
1 1 0 27.4 55.5 1 c22f 0b 0f -1 -1 -1 -1 -1
1 1 0 27.4 55.5 1 c22f 0b 0f -1 -1 -1 -1 -1
1 1 0 27.4 55.5 1 c22f 0b 0f -1 -1 -1 -1 -1
1 1 0 27.5 55.5 1 c22f 0b 0f -1 -1 -1 -1 -1
1 1 0 27.4 55.5 1 c22f 0b 0f -1 -1 -1 -1 -1
1 1 0 27.5 55.5 1 c22f 0b 0f -1 -1 -1 -1 -1
1 1 0 27.5 56.0 1 c22f 0b 0f -1 -1 -1 -1 -1
1 1 0 27.5 56.0 1 c22f 0b 0f -1 -1 -1 -1 -1
1 1 0 27.5 56.0 1 c22f 0b 0f -1 -1 -1 -1 -1
1 1 0 27.5 56.0 1 c22f 0b 0f -1 -1 -1 -1 -1
1 1 0 27.6 56.0 1 c22f 0b 0f -1 -1 -1 -1 -1
1 1 0 27.6 56.0 1 c22f 0b 0f -1 -1 -1 -1 -1
1 1 0 27.6 56.5 1 c22f 0b 0f -1 -1 -1 -1 -1
1 1 0 27.6 56.5 1 c22f 0b 0f -1 -1 -1 -1 -1
1 1 0 27.6 56.5 1 c22f 0b 0f -1 -1 -1 -1 -1
1 1 0 27.6 56.5 1 c22f 0b 0f -1 -1 -1 -1 -1
1 1 0 27.6 56.5 1 c22f 0b 0f -1 -1 -1 -1 -1
1 1 0 27.7 56.5 1 c22f 0b 0f -1 -1 -1 -1 -1
1 1 0 27.7 56.5 1 c22f 0b 0f -1 -1 -1 -1 -1
1 1 0 27.7 56.5 1 c22f 0b 0f -1 -1 -1 -1 -1
1 1 0 27.7 56.5 1 c22f 0b 0f -1 -1 -1 -1 -1
1 1 0 27.7 57.0 1 c22f 0b 0f -1 -1 -1 -1 -1
1 1 0 27.7 57.0 1 c22f 0b 0f -1 -1 -1 -1 -1
1 1 0 27.8 57.0 1 c22f 0b 0f -1 -1 -1 -1 -1
1 1 0 27.7 57.0 1 c22f 0b 0f -1 -1 -1 -1 -1
1 1 0 27.8 57.0 1 c22f 0b 0f -1 -1 -1 -1 -1
1 1 0 27.8 57.0 1 c22f 0b 0f -1 -1 -1 -1 -1
1 1 0 27.8 57.0 1 c22f 0b 0f -1 -1 -1 -1 -1
1 1 0 27.8 57.0 1 c22f 0b 0f -1 -1 -1 -1 -1
1 1 0 27.8 57.0 1 c22f 0b 0f -1 -1 -1 -1 -1
1 1 0 27.9 57.0 1 c22f 0b 0f -1 -1 -1 -1 -1
1 1 0 27.8 57.0 1 c22f 0b 0f -1 -1 -1 -1 -1
1 1 0 27.9 56.5 1 c22f 0b 0f -1 -1 -1 -1 -1
1 1 0 27.9 56.5 1 c22f 0b 0f -1 -1 -1 -1 -1
1 1 0 27.8 56.0 1 c22f 0b 0f -1 -1 -1 -1 -1
1 1 0 27.9 55.5 1 c22f 0b 0f -1 -1 -1 -1 -1
1 1 0 27.8 55.0 1 c22f 0b 0f -1 -1 -1 -1 -1
1 1 0 27.9 54.5 1 c22f 0b 0f -1 -1 -1 -1 -1
1 1 0 27.9 54.5 1 c22f 0b 0f -1 -1 -1 -1 -1
1 1 0 28.0 55.0 1 c22f 0b 0f -1 -1 -1 -1 -1
1 1 0 27.9 55.0 1 c22f 0b 0f -1 -1 -1 -1 -1
1 1 0 28.0 55.0 1 c22f 0b 0f -1 -1 -1 -1 -1
1 1 0 28.0 55.5 1 c22f 0b 0f -1 -1 -1 -1 -1
1 1 0 28.1 55.5 1 c22f 0b 0f -1 -1 -1 -1 -1
1 1 0 28.0 56.0 1 c22f 0b 0f -1 -1 -1 -1 -1
1 1 0 28.0 57.0 1 c22f 0b 0f -1 -1 -1 -1 -1
1 1 0 28.1 57.0 1 c22f 0b 0f -1 -1 -1 -1 -1
1 1 0 28.1 57.0 1 c22f 0b 0f -1 -1 -1 -1 -1
1 1 0 28.1 57.5 1 c22f 0b 0f -1 -1 -1 -1 -1
1 1 0 28.1 58.0 1 c22f 0b 0f -1 -1 -1 -1 -1
1 1 0 28.1 58.0 1 c22f 0b 0f -1 -1 -1 -1 -1
1 1 0 28.1 58.0 1 c22f 0b 0f -1 -1 -1 -1 -1
1 1 0 28.1 58.0 1 c22f 0b 0f -1 -1 -1 -1 -1
1 1 0 28.1 58.0 1 c22f 0b 0f -1 -1 -1 -1 -1
1 1 0 28.1 58.0 1 c22f 0b 0f -1 -1 -1 -1 -1
1 1 0 28.1 58.0 1 c22f 0b 0f -1 -1 -1 -1 -1
1 1 0 28.1 58.0 1 c22f 0b 0f -1 -1 -1 -1 -1
1 1 0 28.2 58.0 1 c22f 0b 0f -1 -1 -1 -1 -1
1 1 0 28.2 58.0 1 c22f 0b 0f -1 -1 -1 -1 -1
1 1 0 28.2 58.0 1 c22f 0b 0f -1 -1 -1 -1 -1
1 1 0 28.2 58.5 1 c22f 0b 0f -1 -1 -1 -1 -1
1 1 0 28.2 58.5 1 c22f 0b 0f -1 -1 -1 -1 -1
1 1 0 28.1 58.5 1 c22f 0b 0f -1 -1 -1 -1 -1
1 1 0 28.3 58.5 1 c22f 0b 0f -1 -1 -1 -1 -1
1 1 0 28.2 58.5 1 c22f 0b 0f -1 -1 -1 -1 -1
1 1 0 28.2 58.5 1 c22f 0b 0f -1 -1 -1 -1 -1
1 1 0 28.3 58.5 1 c22f 0b 0f -1 -1 -1 -1 -1
1 1 0 28.3 58.5 1 c22f 0b 0f -1 -1 -1 -1 -1
1 1 0 28.2 59.0 1 c22f 0b 0f -1 -1 -1 -1 -1
1 1 0 28.3 59.0 1 c22f 0b 0f -1 -1 -1 -1 -1
1 1 0 28.3 59.0 1 c22f 0b 0f -1 -1 -1 -1 -1
1 1 0 28.3 59.0 1 c22f 0b 0f -1 -1 -1 -1 -1
1 1 0 28.4 59.0 1 c22f 0b 0f -1 -1 -1 -1 -1
1 1 0 28.3 59.0 1 c22f 0b 0f -1 -1 -1 -1 -1
1 1 0 28.3 59.0 1 c22f 0b 0f -1 -1 -1 -1 -1
1 1 0 28.3 59.0 1 c22f 0b 0f -1 -1 -1 -1 -1
1 1 0 28.4 59.0 1 c22f 0b 0f -1 -1 -1 -1 -1
1 1 0 28.4 59.0 1 c22f 0b 0f -1 -1 -1 -1 -1
1 1 0 28.4 59.0 1 c22f 0b 0f -1 -1 -1 -1 -1
1 1 0 28.4 59.0 1 c22f 0b 0f -1 -1 -1 -1 -1
1 1 0 28.4 59.0 1 c22f 0b 0f -1 -1 -1 -1 -1
1 1 0 28.4 59.0 1 c22f 0b 0f -1 -1 -1 -1 -1
1 1 0 28.4 59.0 1 c22f 0b 0f -1 -1 -1 -1 -1
1 1 0 28.5 59.0 1 c22f 0b 0f -1 -1 -1 -1 -1
1 1 0 28.5 59.0 1 c22f 0b 0f -1 -1 -1 -1 -1
1 1 0 28.4 59.0 1 c22f 0b 0f -1 -1 -1 -1 -1
1 1 0 28.5 59.0 1 c22f 0b 0f -1 -1 -1 -1 -1
1 1 0 28.5 59.0 1 c22f 0b 0f -1 -1 -1 -1 -1
1 1 0 28.5 59.0 1 c22f 0b 0f -1 -1 -1 -1 -1
1 1 0 28.5 59.0 1 c22f 0b 0f -1 -1 -1 -1 -1
