1 1 0 26.6 67.0 1 -1 0b 0f -1 -1 -1 -1 -1
1 1 0 26.5 67.0 1 -1 0b 0f -1 -1 -1 -1 -1
1 1 0 26.6 67.0 1 -1 0b 0f -1 -1 -1 -1 -1
1 1 0 26.6 67.0 1 -1 0b 0f -1 -1 -1 -1 -1
1 1 0 26.7 67.0 1 -1 0b 0f -1 -1 -1 -1 -1
1 1 0 26.6 67.0 1 -1 0b 0f -1 -1 -1 -1 -1
1 1 0 26.6 67.0 1 -1 0b 0f -1 -1 -1 -1 -1
1 1 0 26.6 67.0 1 -1 0b 0f -1 -1 -1 -1 -1
1 1 0 26.6 67.0 1 -1 0b 0f -1 -1 -1 -1 -1
1 1 0 26.6 67.0 1 -1 0b 0f -1 -1 -1 -1 -1
1 1 0 26.7 66.5 1 -1 0b 0f -1 -1 -1 -1 -1
1 1 0 26.7 66.5 1 -1 0b 0f -1 -1 -1 -1 -1
1 1 0 26.7 66.5 1 -1 0b 0f -1 -1 -1 -1 -1
1 1 0 26.7 66.5 1 -1 0b 0f -1 -1 -1 -1 -1
1 1 0 26.6 66.5 1 -1 0b 0f -1 -1 -1 -1 -1
1 1 0 26.6 66.5 1 -1 0b 0f -1 -1 -1 -1 -1
1 1 0 26.7 66.5 1 -1 0b 0f -1 -1 -1 -1 -1
1 1 0 26.7 66.5 1 -1 0b 0f -1 -1 -1 -1 -1
1 1 0 26.7 66.5 1 -1 0b 0f -1 -1 -1 -1 -1
1 1 0 26.7 66.5 1 -1 0b 0f -1 -1 -1 -1 -1
1 1 0 26.7 66.5 1 -1 0b 0f -1 -1 -1 -1 -1
1 1 0 26.8 66.5 1 -1 0b 0f -1 -1 -1 -1 -1
1 1 0 26.8 66.5 1 -1 0b 0f -1 -1 -1 -1 -1
1 1 0 26.7 66.5 1 -1 0b 0f -1 -1 -1 -1 -1
1 1 0 26.8 66.5 1 -1 0b 0f -1 -1 -1 -1 -1
1 1 0 26.7 66.5 1 -1 0b 0f -1 -1 -1 -1 -1
1 1 0 26.8 66.5 1 -1 0b 0f -1 -1 -1 -1 -1
1 1 0 26.8 66.0 1 -1 0b 0f -1 -1 -1 -1 -1
1 1 0 26.8 66.0 1 -1 0b 0f -1 -1 -1 -1 -1
1 1 0 26.8 66.5 1 -1 0b 0f -1 -1 -1 -1 -1
1 1 0 26.8 66.5 1 -1 0b 0f -1 -1 -1 -1 -1
1 1 0 26.8 67.0 1 -1 0b 0f -1 -1 -1 -1 -1
1 1 0 26.8 67.0 1 -1 0b 0f -1 -1 -1 -1 -1
1 1 0 26.8 67.0 1 -1 0b 0f -1 -1 -1 -1 -1
1 1 0 26.9 67.0 1 -1 0b 0f -1 -1 -1 -1 -1
1 1 0 26.8 67.0 1 -1 0b 0f -1 -1 -1 -1 -1
1 1 0 26.9 66.5 1 -1 0b 0f -1 -1 -1 -1 -1
1 1 0 26.9 66.5 1 -1 0b 0f -1 -1 -1 -1 -1
1 1 0 26.8 66.5 1 -1 0b 0f -1 -1 -1 -1 -1
1 1 0 26.8 66.5 1 -1 0b 0f -1 -1 -1 -1 -1
1 1 0 26.9 66.5 1 -1 0b 0f -1 -1 -1 -1 -1
1 1 0 26.9 66.5 1 -1 0b 0f -1 -1 -1 -1 -1
1 1 0 26.9 66.5 1 -1 0b 0f -1 -1 -1 -1 -1
1 1 0 26.9 66.5 1 -1 0b 0f -1 -1 -1 -1 -1
1 1 0 26.9 66.5 1 -1 0b 0f -1 -1 -1 -1 -1
1 1 0 26.9 66.5 1 -1 0b 0f -1 -1 -1 -1 -1
1 1 0 26.9 66.5 1 -1 0b 0f -1 -1 -1 -1 -1
1 1 0 26.9 66.5 1 -1 0b 0f -1 -1 -1 -1 -1
1 1 0 26.9 66.5 1 -1 0b 0f -1 -1 -1 -1 -1
1 1 0 27.0 66.5 1 -1 0b 0f -1 -1 -1 -1 -1
1 1 0 27.0 66.5 1 -1 0b 0f -1 -1 -1 -1 -1
1 1 0 26.9 66.5 1 -1 0b 0f -1 -1 -1 -1 -1
1 1 0 26.9 66.0 1 -1 0b 0f -1 -1 -1 -1 -1
1 1 0 26.9 66.0 1 -1 0b 0f -1 -1 -1 -1 -1
1 1 0 27.0 66.0 1 -1 0b 0f -1 -1 -1 -1 -1
1 1 0 26.9 66.0 1 -1 0b 0f -1 -1 -1 -1 -1
1 1 0 27.0 66.0 1 -1 0b 0f -1 -1 -1 -1 -1
1 1 0 27.0 66.0 1 -1 0b 0f -1 -1 -1 -1 -1
1 1 0 27.0 66.0 1 -1 0b 0f -1 -1 -1 -1 -1
1 1 0 27.0 66.0 1 -1 0b 0f -1 -1 -1 -1 -1
1 1 0 26.9 66.0 1 -1 0b 0f -1 -1 -1 -1 -1
1 1 0 27.0 66.0 1 -1 0b 0f -1 -1 -1 -1 -1
1 1 0 27.1 66.0 1 -1 0b 0f -1 -1 -1 -1 -1
1 1 0 27.0 66.0 1 -1 0b 0f -1 -1 -1 -1 -1
1 1 0 27.0 66.0 1 -1 0b 0f -1 -1 -1 -1 -1
1 1 0 27.0 66.0 1 -1 0b 0f -1 -1 -1 -1 -1
1 1 0 27.0 66.0 1 -1 0b 0f -1 -1 -1 -1 -1
1 1 0 27.0 66.0 1 -1 0b 0f -1 -1 -1 -1 -1
1 1 0 27.1 66.0 1 -1 0b 0f -1 -1 -1 -1 -1
1 1 0 27.0 66.0 1 -1 0b 0f -1 -1 -1 -1 -1
1 1 0 27.1 66.0 1 -1 0b 0f -1 -1 -1 -1 -1
1 1 0 27.1 66.5 1 -1 0b 0f -1 -1 -1 -1 -1
1 1 0 27.1 66.5 1 -1 0b 0f -1 -1 -1 -1 -1
1 1 0 27.1 66.5 1 -1 0b 0f -1 -1 -1 -1 -1
1 1 0 27.0 66.5 1 -1 0b 0f -1 -1 -1 -1 -1
1 1 0 27.0 66.5 1 -1 0b 0f -1 -1 -1 -1 -1
1 1 0 27.1 66.5 1 -1 0b 0f -1 -1 -1 -1 -1
1 1 0 27.1 66.5 1 -1 0b 0f -1 -1 -1 -1 -1
1 1 0 27.1 66.5 1 -1 0b 0f -1 -1 -1 -1 -1
1 1 0 27.1 66.5 1 -1 0b 0f -1 -1 -1 -1 -1
1 1 0 27.1 66.5 1 -1 0b 0f -1 -1 -1 -1 -1
1 1 0 27.1 66.5 1 -1 0b 0f -1 -1 -1 -1 -1
1 1 0 27.1 66.5 1 -1 0b 0f -1 -1 -1 -1 -1
1 1 0 27.1 66.5 1 -1 0b 0f -1 -1 -1 -1 -1
1 1 0 27.0 66.5 1 -1 0b 0f -1 -1 -1 -1 -1
1 1 0 27.1 66.5 1 -1 0b 0f -1 -1 -1 -1 -1
1 1 0 27.1 66.5 1 -1 0b 0f -1 -1 -1 -1 -1
1 1 0 27.1 66.5 1 -1 0b 0f -1 -1 -1 -1 -1
1 1 0 27.1 66.5 1 -1 0b 0f -1 -1 -1 -1 -1
1 1 0 27.1 66.5 1 -1 0b 0f -1 -1 -1 -1 -1
1 1 0 27.1 66.5 1 -1 0b 0f -1 -1 -1 -1 -1
1 1 0 27.1 66.5 1 -1 0b 0f -1 -1 -1 -1 -1
1 1 0 27.1 66.5 1 -1 0b 0f -1 -1 -1 -1 -1
1 1 0 27.2 66.5 1 -1 0b 0f -1 -1 -1 -1 -1
1 1 0 27.2 66.5 1 -1 0b 0f -1 -1 -1 -1 -1
1 1 0 27.2 66.5 1 -1 0b 0f -1 -1 -1 -1 -1
1 1 0 27.2 66.5 1 -1 0b 0f -1 -1 -1 -1 -1
1 1 0 27.2 66.5 1 -1 0b 0f -1 -1 -1 -1 -1
1 1 0 27.2 66.5 1 -1 0b 0f -1 -1 -1 -1 -1
1 1 0 27.2 66.5 1 -1 0b 0f -1 -1 -1 -1 -1
1 1 0 27.2 66.5 1 -1 0b 0f -1 -1 -1 -1 -1
1 1 0 27.2 66.5 1 -1 0b 0f -1 -1 -1 -1 -1
1 1 0 27.1 66.5 1 -1 0b 0f -1 -1 -1 -1 -1
1 1 0 27.2 66.5 1 -1 0b 0f -1 -1 -1 -1 -1
1 1 0 27.3 66.5 1 -1 0b 0f -1 -1 -1 -1 -1
1 1 0 27.2 66.5 1 -1 0b 0f -1 -1 -1 -1 -1
1 1 0 27.2 66.5 1 -1 0b 0f -1 -1 -1 -1 -1
1 1 0 27.3 66.5 1 -1 0b 0f -1 -1 -1 -1 -1
1 1 0 27.3 66.5 1 -1 0b 0f -1 -1 -1 -1 -1
1 1 0 27.2 66.5 1 -1 0b 0f -1 -1 -1 -1 -1
1 1 0 27.2 66.5 1 -1 0b 0f -1 -1 -1 -1 -1
1 1 0 27.2 66.5 1 -1 0b 0f -1 -1 -1 -1 -1
1 1 0 27.1 66.5 1 -1 0b 0f -1 -1 -1 -1 -1
1 1 0 27.2 66.5 1 -1 0b 0f -1 -1 -1 -1 -1
1 1 0 27.2 66.5 1 -1 0b 0f -1 -1 -1 -1 -1
1 1 0 27.2 66.5 1 -1 0b 0f -1 -1 -1 -1 -1
1 1 0 27.2 66.5 1 -1 0b 0f -1 -1 -1 -1 -1
1 1 0 27.2 66.5 1 -1 0b 0f -1 -1 -1 -1 -1
1 1 0 27.3 66.5 1 -1 0b 0f -1 -1 -1 -1 -1
1 1 0 27.3 66.5 1 -1 0b 0f -1 -1 -1 -1 -1
1 1 0 27.3 66.5 1 -1 0b 0f -1 -1 -1 -1 -1
1 1 0 27.3 66.5 1 -1 0b 0f -1 -1 -1 -1 -1
1 1 0 27.2 66.5 1 -1 0b 0f -1 -1 -1 -1 -1
1 1 0 27.2 66.5 1 -1 0b 0f -1 -1 -1 -1 -1
1 1 0 27.3 66.5 1 -1 0b 0f -1 -1 -1 -1 -1
1 1 0 27.2 66.5 1 -1 0b 0f -1 -1 -1 -1 -1
1 1 0 27.2 66.5 1 -1 0b 0f -1 -1 -1 -1 -1
1 1 0 27.3 66.5 1 -1 0b 0f -1 -1 -1 -1 -1
1 1 0 27.3 66.5 1 -1 0b 0f -1 -1 -1 -1 -1
1 1 0 27.3 66.5 1 -1 0b 0f -1 -1 -1 -1 -1
1 1 0 27.3 66.5 1 -1 0b 0f -1 -1 -1 -1 -1
1 1 0 27.3 66.5 1 -1 0b 0f -1 -1 -1 -1 -1
1 1 0 27.3 66.5 1 -1 0b 0f -1 -1 -1 -1 -1
1 1 0 27.3 66.5 1 -1 0b 0f -1 -1 -1 -1 -1
1 1 0 27.3 66.0 1 -1 0b 0f -1 -1 -1 -1 -1
1 1 0 27.3 66.5 1 -1 0b 0f -1 -1 -1 -1 -1
1 1 0 27.3 66.0 1 -1 0b 0f -1 -1 -1 -1 -1
1 1 0 27.3 66.0 1 -1 0b 0f -1 -1 -1 -1 -1
1 1 0 27.3 66.0 1 -1 0b 0f -1 -1 -1 -1 -1
1 1 0 27.3 66.0 1 -1 0b 0f -1 -1 -1 -1 -1
1 1 0 27.3 66.0 1 -1 0b 0f -1 -1 -1 -1 -1
1 1 0 27.3 66.0 1 -1 0b 0f -1 -1 -1 -1 -1
1 1 0 27.3 66.0 1 -1 0b 0f -1 -1 -1 -1 -1
1 1 0 27.3 66.0 1 -1 0b 0f -1 -1 -1 -1 -1
1 1 0 27.3 66.0 1 -1 0b 0f -1 -1 -1 -1 -1
1 1 0 27.3 66.0 1 -1 0b 0f -1 -1 -1 -1 -1
1 1 0 27.4 66.0 1 -1 0b 0f -1 -1 -1 -1 -1
1 1 0 27.4 66.0 1 -1 0b 0f -1 -1 -1 -1 -1
1 1 0 27.3 66.0 1 -1 0b 0f -1 -1 -1 -1 -1
1 1 0 27.4 66.0 1 -1 0b 0f -1 -1 -1 -1 -1
1 1 0 27.3 66.0 1 -1 0b 0f -1 -1 -1 -1 -1
1 1 0 27.3 66.0 1 -1 0b 0f -1 -1 -1 -1 -1
1 1 0 27.3 66.0 1 -1 0b 0f -1 -1 -1 -1 -1
1 1 0 27.4 66.0 1 -1 0b 0f -1 -1 -1 -1 -1
1 1 0 27.4 66.0 1 -1 0b 0f -1 -1 -1 -1 -1
1 1 0 27.4 66.0 1 -1 0b 0f -1 -1 -1 -1 -1
1 1 0 27.3 66.0 1 -1 0b 0f -1 -1 -1 -1 -1
1 1 0 27.4 66.0 1 -1 0b 0f -1 -1 -1 -1 -1
1 1 0 27.4 66.0 1 -1 0b 0f -1 -1 -1 -1 -1
1 1 0 27.3 66.0 1 -1 0b 0f -1 -1 -1 -1 -1
1 1 0 27.4 66.0 1 -1 0b 0f -1 -1 -1 -1 -1
1 1 0 27.4 66.0 1 -1 0b 0f -1 -1 -1 -1 -1
1 1 0 27.3 66.0 1 -1 0b 0f -1 -1 -1 -1 -1
1 1 0 27.4 66.0 1 -1 0b 0f -1 -1 -1 -1 -1
1 1 0 27.4 66.0 1 -1 0b 0f -1 -1 -1 -1 -1
1 1 0 27.4 66.0 1 -1 0b 0f -1 -1 -1 -1 -1
1 1 0 27.4 66.0 1 -1 0b 0f -1 -1 -1 -1 -1
1 1 0 27.3 66.0 1 -1 0b 0f -1 -1 -1 -1 -1
1 1 0 27.4 66.0 1 -1 0b 0f -1 -1 -1 -1 -1
1 1 0 27.4 66.0 1 -1 0b 0f -1 -1 -1 -1 -1
1 1 0 27.4 66.0 1 -1 0b 0f -1 -1 -1 -1 -1
1 1 0 27.4 66.0 1 -1 0b 0f -1 -1 -1 -1 -1
1 1 0 27.4 66.0 1 -1 0b 0f -1 -1 -1 -1 -1
1 1 0 27.4 66.0 1 -1 0b 0f -1 -1 -1 -1 -1
1 1 0 27.3 66.0 1 -1 0b 0f -1 -1 -1 -1 -1
1 1 0 27.3 66.0 1 -1 0b 0f -1 -1 -1 -1 -1
1 1 0 27.4 66.0 1 -1 0b 0f -1 -1 -1 -1 -1
1 1 0 27.4 66.0 1 -1 0b 0f -1 -1 -1 -1 -1
1 1 0 27.4 66.0 1 -1 0b 0f -1 -1 -1 -1 -1
1 1 0 27.4 66.0 1 -1 0b 0f -1 -1 -1 -1 -1
1 1 0 27.4 66.0 1 -1 0b 0f -1 -1 -1 -1 -1
1 1 0 27.4 66.0 1 -1 0b 0f -1 -1 -1 -1 -1
1 1 0 27.5 66.0 1 -1 0b 0f -1 -1 -1 -1 -1
1 1 0 27.4 66.0 1 -1 0b 0f -1 -1 -1 -1 -1
1 1 0 27.4 66.0 1 -1 0b 0f -1 -1 -1 -1 -1
1 1 0 27.4 66.0 1 -1 0b 0f -1 -1 -1 -1 -1
1 1 0 27.4 66.0 1 -1 0b 0f -1 -1 -1 -1 -1
1 1 0 27.4 66.0 1 -1 0b 0f -1 -1 -1 -1 -1
1 1 0 27.4 66.0 1 -1 0b 0f -1 -1 -1 -1 -1
1 1 0 27.4 66.0 1 -1 0b 0f -1 -1 -1 -1 -1
1 1 0 27.4 66.0 1 -1 0b 0f -1 -1 -1 -1 -1
1 1 0 27.4 66.0 1 -1 0b 0f -1 -1 -1 -1 -1
1 1 0 27.4 66.0 1 -1 0b 0f -1 -1 -1 -1 -1
1 1 0 27.4 66.0 1 -1 0b 0f -1 -1 -1 -1 -1
1 1 0 27.4 66.0 1 -1 0b 0f -1 -1 -1 -1 -1
1 1 0 27.4 66.0 1 -1 0b 0f -1 -1 -1 -1 -1
1 1 0 27.4 66.0 1 -1 0b 0f -1 -1 -1 -1 -1
1 1 0 27.4 66.0 1 -1 0b 0f -1 -1 -1 -1 -1
1 1 0 27.5 66.0 1 -1 0b 0f -1 -1 -1 -1 -1
1 1 0 27.5 66.0 1 -1 0b 0f -1 -1 -1 -1 -1
1 1 0 27.4 66.0 1 -1 0b 0f -1 -1 -1 -1 -1
1 1 0 27.5 66.0 1 -1 0b 0f -1 -1 -1 -1 -1
1 1 0 27.4 66.0 1 -1 0b 0f -1 -1 -1 -1 -1
1 1 0 27.4 66.0 1 -1 0b 0f -1 -1 -1 -1 -1
1 1 0 27.4 66.0 1 -1 0b 0f -1 -1 -1 -1 -1
1 1 0 27.4 66.0 1 -1 0b 0f -1 -1 -1 -1 -1
1 1 0 27.5 66.0 1 -1 0b 0f -1 -1 -1 -1 -1
1 1 0 27.4 66.0 1 -1 0b 0f -1 -1 -1 -1 -1
1 1 0 27.5 66.5 1 -1 0b 0f -1 -1 -1 -1 -1
1 1 0 27.5 66.5 1 -1 0b 0f -1 -1 -1 -1 -1
1 1 0 27.4 66.5 1 -1 0b 0f -1 -1 -1 -1 -1
1 1 0 27.4 67.0 1 -1 0b 0f -1 -1 -1 -1 -1
1 1 0 27.5 67.0 1 -1 0b 0f -1 -1 -1 -1 -1
1 1 0 27.5 67.0 1 -1 0b 0f -1 -1 -1 -1 -1
1 1 0 27.5 67.5 1 -1 0b 0f -1 -1 -1 -1 -1
1 1 0 27.4 67.5 1 -1 0b 0f -1 -1 -1 -1 -1
1 1 0 27.5 68.0 1 -1 0b 0f -1 -1 -1 -1 -1
1 1 0 27.4 68.0 1 -1 0b 0f -1 -1 -1 -1 -1
1 1 0 27.4 68.0 1 -1 0b 0f -1 -1 -1 -1 -1
1 1 0 27.5 68.5 1 -1 0b 0f -1 -1 -1 -1 -1
1 1 0 27.5 68.5 1 -1 0b 0f -1 -1 -1 -1 -1
1 1 0 27.5 68.5 1 -1 0b 0f -1 -1 -1 -1 -1
1 1 0 27.5 68.5 1 -1 0b 0f -1 -1 -1 -1 -1
1 1 0 27.5 68.5 1 -1 0b 0f -1 -1 -1 -1 -1
1 1 0 27.4 68.5 1 -1 0b 0f -1 -1 -1 -1 -1
1 1 0 27.5 68.5 1 -1 0b 0f -1 -1 -1 -1 -1
1 1 0 27.4 68.5 1 -1 0b 0f -1 -1 -1 -1 -1
1 1 0 27.5 68.5 1 -1 0b 0f -1 -1 -1 -1 -1
1 1 0 27.5 68.5 1 -1 0b 0f -1 -1 -1 -1 -1
1 1 0 27.5 68.5 1 -1 0b 0f -1 -1 -1 -1 -1
1 1 0 27.5 68.5 1 -1 0b 0f -1 -1 -1 -1 -1
1 1 0 27.5 68.5 1 -1 0b 0f -1 -1 -1 -1 -1
1 1 0 27.4 68.5 1 -1 0b 0f -1 -1 -1 -1 -1
1 1 0 27.5 68.5 1 -1 0b 0f -1 -1 -1 -1 -1
1 1 0 27.5 68.5 1 -1 0b 0f -1 -1 -1 -1 -1
1 1 0 27.5 68.5 1 -1 0b 0f -1 -1 -1 -1 -1
1 1 0 27.5 68.5 1 -1 0b 0f -1 -1 -1 -1 -1
1 1 0 27.5 68.0 1 -1 0b 0f -1 -1 -1 -1 -1
1 1 0 27.4 68.0 1 -1 0b 0f -1 -1 -1 -1 -1
1 1 0 27.5 68.0 1 -1 0b 0f -1 -1 -1 -1 -1
1 1 0 27.5 68.0 1 -1 0b 0f -1 -1 -1 -1 -1
1 1 0 27.5 68.0 1 -1 0b 0f -1 -1 -1 -1 -1
1 1 0 27.5 68.0 1 -1 0b 0f -1 -1 -1 -1 -1
1 1 0 27.5 68.0 1 -1 0b 0f -1 -1 -1 -1 -1
1 1 0 27.5 68.0 1 -1 0b 0f -1 -1 -1 -1 -1
1 1 0 27.5 68.0 1 -1 0b 0f -1 -1 -1 -1 -1
1 1 0 27.5 68.0 1 -1 0b 0f -1 -1 -1 -1 -1
1 1 0 27.5 68.0 1 -1 0b 0f -1 -1 -1 -1 -1
1 1 0 27.5 68.0 1 -1 0b 0f -1 -1 -1 -1 -1
1 1 0 27.6 68.0 1 -1 0b 0f -1 -1 -1 -1 -1
1 1 0 27.5 68.0 1 -1 0b 0f -1 -1 -1 -1 -1
1 1 0 27.6 68.0 1 -1 0b 0f -1 -1 -1 -1 -1
1 1 0 27.6 67.5 1 -1 0b 0f -1 -1 -1 -1 -1
1 1 0 27.5 67.5 1 -1 0b 0f -1 -1 -1 -1 -1
1 1 0 27.5 67.5 1 -1 0b 0f -1 -1 -1 -1 -1
1 1 0 27.5 67.5 1 -1 0b 0f -1 -1 -1 -1 -1
1 1 0 27.5 67.5 1 -1 0b 0f -1 -1 -1 -1 -1
1 1 0 27.6 67.5 1 -1 0b 0f -1 -1 -1 -1 -1
1 1 0 27.5 67.5 1 -1 0b 0f -1 -1 -1 -1 -1
1 1 0 27.5 67.5 1 -1 0b 0f -1 -1 -1 -1 -1
1 1 0 27.5 67.5 1 -1 0b 0f -1 -1 -1 -1 -1
1 1 0 27.5 67.5 1 -1 0b 0f -1 -1 -1 -1 -1
1 1 0 27.6 67.5 1 -1 0b 0f -1 -1 -1 -1 -1
1 1 0 27.6 67.5 1 -1 0b 0f -1 -1 -1 -1 -1
1 1 0 27.5 67.5 1 -1 0b 0f -1 -1 -1 -1 -1
1 1 0 27.5 67.5 1 -1 0b 0f -1 -1 -1 -1 -1
1 1 0 27.5 67.5 1 -1 0b 0f -1 -1 -1 -1 -1
1 1 0 27.5 67.5 1 -1 0b 0f -1 -1 -1 -1 -1
1 1 0 27.5 67.5 1 -1 0b 0f -1 -1 -1 -1 -1
1 1 0 27.5 67.5 1 -1 0b 0f -1 -1 -1 -1 -1
1 1 0 27.5 67.5 1 -1 0b 0f -1 -1 -1 -1 -1
1 1 0 27.6 67.5 1 -1 0b 0f -1 -1 -1 -1 -1
1 1 0 27.5 67.5 1 -1 0b 0f -1 -1 -1 -1 -1
1 1 0 27.5 67.0 1 -1 0b 0f -1 -1 -1 -1 -1
1 1 0 27.6 67.0 1 -1 0b 0f -1 -1 -1 -1 -1
1 1 0 27.5 67.5 1 -1 0b 0f -1 -1 -1 -1 -1
1 1 0 27.6 67.0 1 -1 0b 0f -1 -1 -1 -1 -1
1 1 0 27.5 67.0 1 -1 0b 0f -1 -1 -1 -1 -1
1 1 0 27.5 67.0 1 -1 0b 0f -1 -1 -1 -1 -1
1 1 0 27.5 67.0 1 -1 0b 0f -1 -1 -1 -1 -1
1 1 0 27.5 67.0 1 -1 0b 0f -1 -1 -1 -1 -1
1 1 0 27.5 67.0 1 -1 0b 0f -1 -1 -1 -1 -1
1 1 0 27.6 67.0 1 -1 0b 0f -1 -1 -1 -1 -1
1 1 0 27.6 67.0 1 -1 0b 0f -1 -1 -1 -1 -1
1 1 0 27.6 67.0 1 -1 0b 0f -1 -1 -1 -1 -1
1 1 0 27.5 67.0 1 -1 0b 0f -1 -1 -1 -1 -1
1 1 0 27.5 67.0 1 -1 0b 0f -1 -1 -1 -1 -1
1 1 0 27.6 67.0 1 -1 0b 0f -1 -1 -1 -1 -1
1 1 0 27.5 67.0 1 -1 0b 0f -1 -1 -1 -1 -1
1 1 0 27.6 67.0 1 -1 0b 0f -1 -1 -1 -1 -1
1 1 0 27.5 67.0 1 -1 0b 0f -1 -1 -1 -1 -1
1 1 0 27.5 67.0 1 -1 0b 0f -1 -1 -1 -1 -1
1 1 0 27.6 67.0 1 -1 0b 0f -1 -1 -1 -1 -1
1 1 0 27.6 67.5 1 -1 0b 0f -1 -1 -1 -1 -1
1 1 0 27.6 67.5 1 -1 0b 0f -1 -1 -1 -1 -1
1 1 0 27.6 67.5 1 -1 0b 0f -1 -1 -1 -1 -1
1 1 0 27.6 67.5 1 -1 0b 0f -1 -1 -1 -1 -1
1 1 0 27.6 67.5 1 -1 0b 0f -1 -1 -1 -1 -1
1 1 0 27.6 68.0 1 -1 0b 0f -1 -1 -1 -1 -1
1 1 0 27.6 68.0 1 -1 0b 0f -1 -1 -1 -1 -1
1 1 0 27.6 68.0 1 -1 0b 0f -1 -1 -1 -1 -1
1 1 0 27.6 68.5 1 -1 0b 0f -1 -1 -1 -1 -1
1 1 0 27.5 68.5 1 -1 0b 0f -1 -1 -1 -1 -1
1 1 0 27.6 69.0 1 -1 0b 0f -1 -1 -1 -1 -1
1 1 0 27.6 69.0 1 -1 0b 0f -1 -1 -1 -1 -1
1 1 0 27.6 69.0 1 -1 0b 0f -1 -1 -1 -1 -1
1 1 0 27.6 69.5 1 -1 0b 0f -1 -1 -1 -1 -1
1 1 0 27.5 69.5 1 -1 0b 0f -1 -1 -1 -1 -1
1 1 0 27.6 69.5 1 -1 0b 0f -1 -1 -1 -1 -1
1 1 0 27.6 69.5 1 -1 0b 0f -1 -1 -1 -1 -1
1 1 0 27.6 69.5 1 -1 0b 0f -1 -1 -1 -1 -1
1 1 0 27.6 69.5 1 -1 0b 0f -1 -1 -1 -1 -1
1 1 0 27.6 69.5 1 -1 0b 0f -1 -1 -1 -1 -1
1 1 0 27.6 69.5 1 -1 0b 0f -1 -1 -1 -1 -1
1 1 0 27.6 69.5 1 -1 0b 0f -1 -1 -1 -1 -1
1 1 0 27.5 69.5 1 -1 0b 0f -1 -1 -1 -1 -1
1 1 0 27.6 69.0 1 -1 0b 0f -1 -1 -1 -1 -1
1 1 0 27.5 69.0 0 -1 0b 0f -1 -1 -1 -1 -1
1 1 0 27.6 69.0 0 -1 0b 0f -1 -1 -1 -1 -1
1 1 0 27.6 69.0 0 -1 0b 0f -1 -1 -1 -1 -1
1 1 0 27.6 69.0 0 -1 0b 0f -1 -1 -1 -1 -1
1 1 0 27.6 69.0 0 -1 0b 0f -1 -1 -1 -1 -1
1 1 0 27.6 69.0 0 -1 0b 0f -1 -1 -1 -1 -1
1 1 0 27.6 69.0 0 -1 0b 0f -1 -1 -1 -1 -1
1 1 0 27.6 69.0 3 -1 0b 0f -1 -1 -1 -1 -1
1 1 0 27.6 69.0 3 -1 0b 0f -1 -1 -1 -1 -1
1 1 0 27.6 69.0 1 -1 0b 0f -1 -1 -1 -1 -1
1 1 0 27.7 69.5 1 -1 0b 0f -1 -1 -1 -1 -1
1 1 0 27.6 69.5 1 -1 0b 0f -1 -1 -1 -1 -1
1 1 0 27.6 69.5 3 -1 0b 0f -1 -1 -1 -1 -1
1 1 0 27.6 69.5 3 -1 0b 0f -1 -1 -1 -1 -1
1 1 0 27.6 69.5 3 -1 0b 0f -1 -1 -1 -1 -1
1 1 0 27.6 69.5 1 -1 0b 0f -1 -1 -1 -1 -1
1 1 0 27.6 69.5 2 -1 0b 0f -1 -1 -1 -1 -1
1 1 0 27.6 69.5 0 -1 0b 0f -1 -1 -1 -1 -1
1 1 0 27.6 69.5 1 -1 0b 0f -1 -1 -1 -1 -1
1 1 0 27.6 69.5 2 -1 0b 0f -1 -1 -1 -1 -1
1 1 0 27.6 69.5 2 -1 0b 0f -1 -1 -1 -1 -1
1 1 0 27.6 69.0 3 -1 0b 0f -1 -1 -1 -1 -1
1 1 0 27.6 69.0 3 -1 0b 0f -1 -1 -1 -1 -1
1 1 0 27.6 69.0 3 -1 0b 0f -1 -1 -1 -1 -1
1 1 0 27.6 69.0 5 -1 0b 0f -1 -1 -1 -1 -1
1 1 0 27.6 69.0 3 -1 0b 0f -1 -1 -1 -1 -1
1 1 0 27.6 69.0 3 -1 0b 0f -1 -1 -1 -1 -1
1 1 0 27.7 69.0 3 -1 0b 0f -1 -1 -1 -1 -1
1 1 0 27.6 69.0 4 -1 0b 0f -1 -1 -1 -1 -1
1 1 0 27.6 69.0 3 -1 0b 0f -1 -1 -1 -1 -1
1 1 0 27.6 69.0 4 -1 0b 0f -1 -1 -1 -1 -1
1 1 0 27.6 69.0 2 -1 0b 0f -1 -1 -1 -1 -1
1 1 0 27.6 69.0 2 -1 0b 0f -1 -1 -1 -1 -1
1 1 0 27.6 69.0 2 -1 0b 0f -1 -1 -1 -1 -1
1 1 0 27.6 69.0 2 -1 0b 0f -1 -1 -1 -1 -1
1 1 0 27.7 69.0 2 -1 0b 0f -1 -1 -1 -1 -1
1 1 0 27.7 69.0 2 -1 0b 0f -1 -1 -1 -1 -1
1 1 0 27.6 69.5 2 -1 0b 0f -1 -1 -1 -1 -1
1 1 0 27.6 69.5 2 -1 0b 0f -1 -1 -1 -1 -1
1 1 0 27.6 69.5 2 -1 0b 0f -1 -1 -1 -1 -1
1 1 0 27.6 69.5 2 -1 0b 0f -1 -1 -1 -1 -1
1 1 0 27.7 69.5 4 -1 0b 0f -1 -1 -1 -1 -1
1 1 0 27.7 69.5 2 -1 0b 0f -1 -1 -1 -1 -1
1 1 0 27.7 69.5 1 -1 0b 0f -1 -1 -1 -1 -1
1 1 0 27.6 69.5 4 -1 0b 0f -1 -1 -1 -1 -1
1 1 0 27.7 69.5 4 -1 0b 0f -1 -1 -1 -1 -1
1 1 0 27.6 69.5 4 -1 0b 0f -1 -1 -1 -1 -1
1 1 0 27.7 69.5 4 -1 0b 0f -1 -1 -1 -1 -1
1 1 0 27.7 69.5 4 -1 0b 0f -1 -1 -1 -1 -1
1 1 0 27.6 69.5 4 -1 0b 0f -1 -1 -1 -1 -1
1 1 0 27.7 69.5 4 -1 0b 0f -1 -1 -1 -1 -1
1 1 0 27.7 69.5 1 -1 0b 0f -1 -1 -1 -1 -1
1 1 0 27.6 69.5 1 -1 0b 0f -1 -1 -1 -1 -1
1 1 0 27.7 69.5 1 -1 0b 0f -1 -1 -1 -1 -1
1 1 0 27.7 69.5 1 -1 0b 0f -1 -1 -1 -1 -1
1 1 0 27.7 69.5 1 -1 0b 0f -1 -1 -1 -1 -1
1 1 0 27.7 69.0 1 -1 0b 0f -1 -1 -1 -1 -1
1 1 0 27.7 69.0 2 -1 0b 0f -1 -1 -1 -1 -1
1 1 0 27.7 69.0 2 -1 0b 0f -1 -1 -1 -1 -1
1 1 0 27.7 69.0 2 -1 0b 0f -1 -1 -1 -1 -1
1 1 0 27.7 69.0 2 -1 0b 0f -1 -1 -1 -1 -1
1 1 0 27.6 69.0 2 -1 0b 0f -1 -1 -1 -1 -1
1 1 0 27.6 69.0 2 -1 0b 0f -1 -1 -1 -1 -1
1 1 0 27.7 69.5 4 -1 0b 0f -1 -1 -1 -1 -1
1 1 0 27.7 69.5 4 -1 0b 0f -1 -1 -1 -1 -1
1 1 0 27.7 69.5 4 -1 0b 0f -1 -1 -1 -1 -1
1 1 0 27.7 69.5 6 -1 0b 0f -1 -1 -1 -1 -1
1 1 0 27.7 69.5 3 -1 0b 0f -1 -1 -1 -1 -1
1 1 0 27.7 69.5 3 -1 0b 0f -1 -1 -1 -1 -1
1 1 0 27.7 69.5 3 -1 0b 0f -1 -1 -1 -1 -1
1 1 0 27.6 69.5 5 -1 0b 0f -1 -1 -1 -1 -1
1 1 0 27.6 69.5 5 -1 0b 0f -1 -1 -1 -1 -1
1 1 0 27.7 69.5 5 -1 0b 0f -1 -1 -1 -1 -1
1 1 0 27.6 69.5 5 -1 0b 0f -1 -1 -1 -1 -1
1 1 0 27.8 69.5 5 -1 0b 0f -1 -1 -1 -1 -1
1 1 0 27.7 69.5 7 -1 0b 0f -1 -1 -1 -1 -1
1 1 0 27.7 69.5 7 -1 0b 0f -1 -1 -1 -1 -1
1 1 0 27.7 69.5 7 -1 0b 0f -1 -1 -1 -1 -1
1 1 0 27.7 69.5 7 -1 0b 0f -1 -1 -1 -1 -1
1 1 0 27.7 69.5 5 -1 0b 0f -1 -1 -1 -1 -1
1 1 0 27.7 69.0 5 -1 0b 0f -1 -1 -1 -1 -1
1 1 0 27.7 69.5 5 -1 0b 0f -1 -1 -1 -1 -1
1 1 0 27.7 69.5 5 -1 0b 0f -1 -1 -1 -1 -1
1 1 0 27.7 69.5 5 -1 0b 0f -1 -1 -1 -1 -1
1 1 0 27.7 69.0 5 -1 0b 0f -1 -1 -1 -1 -1
1 1 0 27.7 69.5 5 -1 0b 0f -1 -1 -1 -1 -1
1 1 0 27.7 69.0 5 -1 0b 0f -1 -1 -1 -1 -1
1 1 0 27.8 69.5 5 -1 0b 0f -1 -1 -1 -1 -1
1 1 0 27.7 69.0 5 -1 0b 0f -1 -1 -1 -1 -1
1 1 0 27.7 69.5 5 -1 0b 0f -1 -1 -1 -1 -1
1 1 0 27.7 69.5 5 -1 0b 0f -1 -1 -1 -1 -1
1 1 0 27.8 69.5 5 -1 0b 0f -1 -1 -1 -1 -1
1 1 0 27.7 69.5 5 -1 0b 0f -1 -1 -1 -1 -1
1 1 0 27.7 69.0 5 -1 0b 0f -1 -1 -1 -1 -1
1 1 0 27.8 69.0 5 -1 0b 0f -1 -1 -1 -1 -1
1 1 0 27.7 69.0 5 -1 0b 0f -1 -1 -1 -1 -1
1 1 0 27.8 69.0 5 -1 0b 0f -1 -1 -1 -1 -1
1 1 0 27.8 69.0 9 -1 0b 0f -1 -1 -1 -1 -1
1 1 0 27.8 69.0 9 -1 0b 0f -1 -1 -1 -1 -1
1 1 0 27.8 69.0 7 -1 0b 0f -1 -1 -1 -1 -1
1 1 0 27.8 69.0 7 -1 0b 0f -1 -1 -1 -1 -1
1 1 0 27.8 69.0 7 -1 0b 0f -1 -1 -1 -1 -1
1 1 0 27.8 69.0 7 -1 0b 0f -1 -1 -1 -1 -1
1 1 0 27.8 69.5 7 -1 0b 0f -1 -1 -1 -1 -1
1 1 0 27.8 69.5 7 -1 0b 0f -1 -1 -1 -1 -1
1 1 0 27.8 69.5 7 -1 0b 0f -1 -1 -1 -1 -1
1 1 0 27.7 69.0 7 -1 0b 0f -1 -1 -1 -1 -1
1 1 0 27.8 69.0 7 -1 0b 0f -1 -1 -1 -1 -1
1 1 0 27.8 69.0 7 -1 0b 0f -1 -1 -1 -1 -1
1 1 0 27.8 69.0 7 -1 0b 0f -1 -1 -1 -1 -1
1 1 0 27.7 69.0 7 -1 0b 0f -1 -1 -1 -1 -1
1 1 0 27.7 69.0 5 -1 0b 0f -1 -1 -1 -1 -1
1 1 0 27.8 69.0 5 -1 0b 0f -1 -1 -1 -1 -1
1 1 0 27.8 69.0 5 -1 0b 0f -1 -1 -1 -1 -1
1 1 0 27.8 69.0 5 -1 0b 0f -1 -1 -1 -1 -1
1 1 0 27.8 69.0 7 -1 0b 0f -1 -1 -1 -1 -1
1 1 0 27.8 69.0 7 -1 0b 0f -1 -1 -1 -1 -1
1 1 0 27.8 69.0 9 -1 0b 0f -1 -1 -1 -1 -1
1 1 0 27.9 69.0 9 -1 0b 0f -1 -1 -1 -1 -1
1 1 0 27.8 69.0 5 -1 0b 0f -1 -1 -1 -1 -1
1 1 0 27.8 69.0 7 -1 0b 0f -1 -1 -1 -1 -1
1 1 0 27.9 69.0 7 -1 0b 0f -1 -1 -1 -1 -1
1 1 0 27.8 69.0 9 -1 0b 0f -1 -1 -1 -1 -1
1 1 0 27.9 69.0 9 -1 0b 0f -1 -1 -1 -1 -1
1 1 0 27.8 69.0 9 -1 0b 0f -1 -1 -1 -1 -1
1 1 0 27.8 69.0 9 -1 0b 0f -1 -1 -1 -1 -1
1 1 0 27.8 69.0 9 -1 0b 0f -1 -1 -1 -1 -1
1 1 0 27.8 69.0 11 -1 0b 0f -1 -1 -1 -1 -1
1 1 0 27.8 69.0 11 -1 0b 0f -1 -1 -1 -1 -1
1 1 0 27.8 69.0 8 -1 0b 0f -1 -1 -1 -1 -1
1 1 0 27.8 69.0 8 -1 0b 0f -1 -1 -1 -1 -1
1 1 0 27.8 69.0 8 -1 0b 0f -1 -1 -1 -1 -1
1 1 0 27.8 69.0 10 -1 0b 0f -1 -1 -1 -1 -1
1 1 0 27.8 69.0 10 -1 0b 0f -1 -1 -1 -1 -1
1 1 0 27.8 68.5 10 -1 0b 0f -1 -1 -1 -1 -1
1 1 0 27.8 68.5 10 -1 0b 0f -1 -1 -1 -1 -1
1 1 0 27.8 68.5 10 -1 0b 0f -1 -1 -1 -1 -1
1 1 0 27.9 68.5 10 -1 0b 0f -1 -1 -1 -1 -1
1 1 0 27.9 69.0 10 -1 0b 0f -1 -1 -1 -1 -1
1 1 0 27.8 69.0 12 -1 0b 0f -1 -1 -1 -1 -1
1 1 0 27.9 68.5 12 -1 0b 0f -1 -1 -1 -1 -1
1 1 0 27.9 68.5 12 -1 0b 0f -1 -1 -1 -1 -1
1 1 0 27.8 68.5 12 -1 0b 0f -1 -1 -1 -1 -1
1 1 0 27.9 69.0 12 -1 0b 0f -1 -1 -1 -1 -1
1 1 0 27.9 68.5 12 -1 0b 0f -1 -1 -1 -1 -1
1 1 0 27.9 68.5 12 -1 0b 0f -1 -1 -1 -1 -1
1 1 0 27.8 68.5 12 -1 0b 0f -1 -1 -1 -1 -1
1 1 0 27.8 68.0 14 -1 0b 0f -1 -1 -1 -1 -1
1 1 0 27.8 68.0 14 -1 0b 0f -1 -1 -1 -1 -1
1 1 0 27.9 68.0 14 -1 0b 0f -1 -1 -1 -1 -1
1 1 0 27.9 68.0 12 -1 0b 0f -1 -1 -1 -1 -1
1 1 0 27.9 68.5 12 -1 0b 0f -1 -1 -1 -1 -1
1 1 0 27.9 68.0 12 -1 0b 0f -1 -1 -1 -1 -1
1 1 0 27.9 68.0 18 -1 0b 0f -1 -1 -1 -1 -1
1 1 0 27.9 68.0 16 -1 0b 0f -1 -1 -1 -1 -1
1 1 0 27.9 68.0 16 -1 0b 0f -1 -1 -1 -1 -1
1 1 0 27.9 68.0 16 -1 0b 0f -1 -1 -1 -1 -1
1 1 0 27.9 68.0 21 -1 0b 0f -1 -1 -1 -1 -1
1 1 0 27.9 68.0 21 -1 0b 0f -1 -1 -1 -1 -1
1 1 0 27.9 68.0 21 -1 0b 0f -1 -1 -1 -1 -1
1 1 0 27.9 68.0 28 -1 0b 0f -1 -1 -1 -1 -1
1 1 1 27.9 68.0 28 -1 0b 0f -1 -1 -1 -1 -1
1 1 0 27.9 68.0 28 -1 0b 0f -1 -1 -1 -1 -1
1 1 0 27.9 68.0 30 -1 0b 0f -1 -1 -1 -1 -1
1 1 0 27.8 68.0 28 -1 0b 0f -1 -1 -1 -1 -1
1 1 0 27.9 68.0 28 -1 0b 0f -1 -1 -1 -1 -1
1 1 4 27.9 68.0 28 -1 0b 0f -1 -1 -1 -1 -1
1 1 0 28.0 68.0 30 -1 0b 0f -1 -1 -1 -1 -1
1 1 0 27.9 68.0 28 -1 0b 0f -1 -1 -1 -1 -1
1 1 0 28.0 68.0 30 -1 0b 0f -1 -1 -1 -1 -1
1 1 0 27.9 68.0 30 -1 0b 0f -1 -1 -1 -1 -1
1 1 0 28.0 68.5 28 -1 0b 0f -1 -1 -1 -1 -1
1 1 0 28.0 68.5 30 -1 0b 0f -1 -1 -1 -1 -1
1 1 0 28.0 69.0 30 -1 0b 0f -1 -1 -1 -1 -1
1 1 0 27.9 69.5 30 -1 0b 0f -1 -1 -1 -1 -1
1 1 0 28.1 69.5 30 -1 0b 0f -1 -1 -1 -1 -1
1 1 0 28.0 69.5 30 -1 0b 0f -1 -1 -1 -1 -1
1 1 0 28.0 70.0 28 -1 0b 0f -1 -1 -1 -1 -1
1 1 0 28.0 70.0 31 -1 0b 0f -1 -1 -1 -1 -1
1 1 0 28.0 70.0 31 -1 0b 0f -1 -1 -1 -1 -1
1 1 0 27.9 70.0 28 -1 0b 0f -1 -1 -1 -1 -1
1 1 0 28.0 70.0 32 -1 0b 0f -1 -1 -1 -1 -1
1 1 0 28.0 70.0 28 -1 0b 0f -1 -1 -1 -1 -1
1 1 0 28.0 69.5 32 -1 0b 0f -1 -1 -1 -1 -1
1 1 0 28.0 69.0 28 -1 0b 0f -1 -1 -1 -1 -1
1 1 5 27.9 68.5 30 -1 0b 1f -1 -1 -1 -1 -1
1 1 12 27.9 68.5 31 -1 0b 1f -1 -1 -1 -1 -1
1 1 6 27.9 67.0 31 -1 0b 1f -1 -1 -1 -1 -1
1 1 7 27.9 66.5 31 -1 0b 1f -1 -1 -1 -1 -1
1 1 0 27.9 66.5 31 c26f 0b 1f -1 -1 -1 -1 -1
1 1 0 27.9 67.0 28 c26f 0b 1f -1 -1 -1 -1 -1
1 1 7 27.9 67.5 32 c26f 0b 1f -1 -1 -1 -1 -1
1 1 0 27.9 66.5 31 c26f 0b 1f -1 -1 -1 -1 -1
1 1 0 27.9 66.5 26 c26f 0b 1f -1 -1 -1 -1 -1
1 1 0 27.8 67.0 25 c26f 0b 1f -1 -1 -1 -1 -1
1 1 0 27.7 66.5 21 c26f 0b 1f -1 -1 -1 -1 -1
1 1 0 27.6 66.0 23 c26f 0b 1f -1 -1 -1 -1 -1
1 1 0 27.6 66.0 21 c26f 0b 1f -1 -1 -1 -1 -1
1 1 0 27.6 65.5 21 c26f 0b 1f -1 -1 -1 -1 -1
1 1 0 27.5 65.0 21 c26f 0b 1f -1 -1 -1 -1 -1
1 1 0 27.5 64.5 26 c26f 0b 1f -1 -1 -1 -1 -1
1 1 0 27.4 64.5 28 c26f 0b 1f -1 -1 -1 -1 -1
1 1 7 27.4 64.5 28 c26f 0b 1f -1 -1 -1 -1 -1
1 1 0 27.3 64.5 32 c26f 0b 1f -1 -1 -1 -1 -1
1 1 7 27.3 64.0 30 c26f 0b 1f -1 -1 -1 -1 -1
1 1 0 27.2 63.5 30 c26f 0b 1f -1 -1 -1 -1 -1
1 1 0 27.2 63.5 24 c26f 0b 1f -1 -1 -1 -1 -1
1 1 0 27.1 63.0 28 c26f 0b 1f -1 -1 -1 -1 -1
1 1 3 27.1 62.5 26 c26f 0b 1f -1 -1 -1 -1 -1
1 1 7 27.1 62.5 26 c26f 0b 1f -1 -1 -1 -1 -1
1 1 12 27.0 62.0 25 c26f 0b 1f -1 -1 -1 -1 -1
1 1 0 26.9 62.0 23 c26f 0b 1f -1 -1 -1 -1 -1
1 1 9 27.0 61.5 23 c26f 0b 1f -1 -1 -1 -1 -1
1 1 0 26.9 61.5 19 c26f 0b 1f -1 -1 -1 -1 -1
1 1 0 26.9 61.5 19 c26f 0b 1f -1 -1 -1 -1 -1
1 1 0 26.9 61.0 19 c26f 0b 1f -1 -1 -1 -1 -1
1 1 8 26.9 60.5 17 c26f 0b 1f -1 -1 -1 -1 -1
1 1 0 26.9 60.5 17 c26f 0b 1f -1 -1 -1 -1 -1
1 1 6 26.9 61.0 17 c26f 0b 1f -1 -1 -1 -1 -1
1 1 2 26.8 61.0 17 c26f 0b 1f -1 -1 -1 -1 -1
1 1 0 26.8 61.0 17 c26f 0b 1f -1 -1 -1 -1 -1
1 1 0 26.8 61.0 17 c26f 0b 1f -1 -1 -1 -1 -1
1 1 0 26.8 61.0 17 c26f 0b 1f -1 -1 -1 -1 -1
1 1 0 26.8 61.0 15 c26f 0b 1f -1 -1 -1 -1 -1
1 1 0 26.8 61.0 18 c26f 0b 1f -1 -1 -1 -1 -1
1 1 16 26.7 61.0 18 c26f 0b 1f -1 -1 -1 -1 -1
1 1 0 26.8 60.5 17 c26f 0b 1f -1 -1 -1 -1 -1
1 1 0 26.8 60.5 21 c26f 0b 1f -1 -1 -1 -1 -1
1 1 0 26.8 60.5 19 c26f 0b 1f -1 -1 -1 -1 -1
1 1 0 26.8 60.5 21 c26f 0b 1f -1 -1 -1 -1 -1
1 1 0 26.8 61.0 23 c26f 0b 1f -1 -1 -1 -1 -1
1 1 0 26.8 61.0 21 c26f 0b 1f -1 -1 -1 -1 -1
1 1 0 26.8 61.0 24 c26f 0b 1f -1 -1 -1 -1 -1
1 1 0 26.8 61.0 22 c26f 0b 1f -1 -1 -1 -1 -1
1 1 12 26.9 61.5 24 c26f 0b 1f -1 -1 -1 -1 -1
1 1 7 26.8 61.5 19 c26f 0b 1f -1 -1 -1 -1 -1
1 1 0 26.8 61.5 19 c26f 0b 1f -1 -1 -1 -1 -1
1 1 0 26.7 61.5 21 c26f 0b 1f -1 -1 -1 -1 -1
1 1 7 26.7 61.5 19 c26f 0b 1f -1 -1 -1 -1 -1
1 1 0 26.8 61.5 24 c26f 0b 1f -1 -1 -1 -1 -1
1 1 0 26.8 61.5 26 c26f 0b 1f -1 -1 -1 -1 -1
1 1 0 26.7 61.5 21 c26f 0b 1f -1 -1 -1 -1 -1
1 1 0 26.8 61.5 21 c26f 0b 1f -1 -1 -1 -1 -1
1 1 0 26.7 61.5 19 c26f 0b 1f -1 -1 -1 -1 -1
1 1 0 26.7 61.0 21 c26f 0b 1f -1 -1 -1 -1 -1
1 1 0 26.6 61.0 19 c26f 0b 1f -1 -1 -1 -1 -1
1 1 6 26.6 61.0 19 c26f 0b 1f -1 -1 -1 -1 -1
1 1 6 26.6 61.0 19 c26f 0b 1f -1 -1 -1 -1 -1
1 1 4 26.6 61.0 19 c26f 0b 1f -1 -1 -1 -1 -1
1 1 0 26.7 61.5 21 c26f 0b 1f -1 -1 -1 -1 -1
1 1 9 26.6 61.5 19 c26f 0b 1f -1 -1 -1 -1 -1
1 1 0 26.6 61.5 21 c26f 0b 1f -1 -1 -1 -1 -1
1 1 0 26.6 61.0 23 c26f 0b 1f -1 -1 -1 -1 -1
1 1 0 26.7 61.5 19 c26f 0b 1f -1 -1 -1 -1 -1
1 1 0 26.6 61.0 19 c26f 0b 1f -1 -1 -1 -1 -1
1 1 0 26.6 61.0 19 c26f 0b 1f -1 -1 -1 -1 -1
1 1 0 26.6 60.5 19 c26f 0b 1f -1 -1 -1 -1 -1
1 1 2 26.6 60.5 21 c26f 0b 1f -1 -1 -1 -1 -1
1 1 7 26.6 60.5 21 c26f 0b 1f -1 -1 -1 -1 -1
1 1 5 26.6 60.5 19 c26f 0b 1f -1 -1 -1 -1 -1
1 1 0 26.5 60.5 21 c26f 0b 1f -1 -1 -1 -1 -1
1 1 0 26.5 60.5 19 c26f 0b 1f -1 -1 -1 -1 -1
1 1 2 26.5 60.5 19 c26f 0b 1f -1 -1 -1 -1 -1
1 1 0 26.5 60.5 21 c26f 0b 1f -1 -1 -1 -1 -1
1 1 0 26.5 60.0 23 c26f 0b 1f -1 -1 -1 -1 -1
1 1 0 26.5 60.0 21 c26f 0b 1f -1 -1 -1 -1 -1
1 1 0 26.4 59.5 17 c26f 0b 1f -1 -1 -1 -1 -1
1 1 0 26.5 59.5 19 c26f 0b 1f -1 -1 -1 -1 -1
1 1 0 26.4 59.5 19 c26f 0b 1f -1 -1 -1 -1 -1
1 1 0 26.4 59.5 17 c26f 0b 1f -1 -1 -1 -1 -1
1 1 0 26.4 59.0 17 c26f 0b 1f -1 -1 -1 -1 -1
1 1 0 26.4 59.0 19 c26f 0b 1f -1 -1 -1 -1 -1
1 1 0 26.4 59.0 19 c26f 0b 1f -1 -1 -1 -1 -1
1 1 0 26.4 59.0 19 c26f 0b 1f -1 -1 -1 -1 -1
1 1 0 26.4 59.0 19 c26f 0b 1f -1 -1 -1 -1 -1
1 1 0 26.3 58.5 19 c26f 0b 1f -1 -1 -1 -1 -1
1 1 0 26.4 58.5 17 c26f 0b 1f -1 -1 -1 -1 -1
1 1 0 26.4 58.5 21 c26f 0b 1f -1 -1 -1 -1 -1
1 1 0 26.3 58.5 17 c26f 0b 1f -1 -1 -1 -1 -1
1 1 7 26.3 58.5 17 c26f 0b 1f -1 -1 -1 -1 -1
1 1 0 26.3 58.5 21 c26f 0b 1f -1 -1 -1 -1 -1
1 1 0 26.4 58.5 21 c26f 0b 1f -1 -1 -1 -1 -1
1 1 0 26.2 58.5 21 c26f 0b 1f -1 -1 -1 -1 -1
1 1 6 26.3 58.5 17 c26f 0b 1f -1 -1 -1 -1 -1
1 1 6 26.3 58.5 17 c26f 0b 1f -1 -1 -1 -1 -1
1 1 6 26.2 58.5 19 c26f 0b 1f -1 -1 -1 -1 -1
1 1 0 26.3 58.0 19 c26f 0b 1f -1 -1 -1 -1 -1
1 1 0 26.3 58.0 19 c26f 0b 1f -1 -1 -1 -1 -1
1 1 0 26.2 58.0 21 c26f 0b 1f -1 -1 -1 -1 -1
1 1 0 26.3 58.0 19 c26f 0b 1f -1 -1 -1 -1 -1
1 1 0 26.2 57.5 21 c26f 0b 1f -1 -1 -1 -1 -1
1 1 0 26.2 57.5 21 c26f 0b 1f -1 -1 -1 -1 -1
1 1 0 26.2 57.5 19 c26f 0b 1f -1 -1 -1 -1 -1
1 1 0 26.2 58.0 17 c26f 0b 1f -1 -1 -1 -1 -1
1 1 0 26.2 58.0 17 c26f 0b 1f -1 -1 -1 -1 -1
1 1 0 26.1 57.5 17 c26f 0b 1f -1 -1 -1 -1 -1
1 1 0 26.1 57.5 17 c26f 0b 1f -1 -1 -1 -1 -1
1 1 0 26.2 57.5 19 c26f 0b 1f -1 -1 -1 -1 -1
1 1 0 26.1 57.5 19 c26f 0b 1f -1 -1 -1 -1 -1
1 1 5 26.1 57.5 17 c26f 0b 1f -1 -1 -1 -1 -1
1 1 8 26.1 57.5 17 c26f 0b 1f -1 -1 -1 -1 -1
1 1 0 26.1 57.5 19 c26f 0b 1f -1 -1 -1 -1 -1
1 1 0 26.1 57.5 17 c26f 0b 1f -1 -1 -1 -1 -1
1 1 0 26.1 58.0 19 c26f 0b 1f -1 -1 -1 -1 -1
1 1 0 26.1 58.0 19 c26f 0b 1f -1 -1 -1 -1 -1
1 1 0 26.1 58.0 19 c26f 0b 1f -1 -1 -1 -1 -1
1 1 7 26.2 58.0 19 c26f 0b 1f -1 -1 -1 -1 -1
1 1 0 26.1 58.5 19 c26f 0b 1f -1 -1 -1 -1 -1
1 1 0 26.1 58.5 17 c26f 0b 1f -1 -1 -1 -1 -1
1 1 0 26.1 58.5 21 c26f 0b 1f -1 -1 -1 -1 -1
1 1 0 26.2 58.0 24 c26f 0b 1f -1 -1 -1 -1 -1
1 1 0 26.1 58.0 21 c26f 0b 1f -1 -1 -1 -1 -1
1 1 0 26.1 58.0 21 c26f 0b 1f -1 -1 -1 -1 -1
1 1 0 26.0 58.0 21 c26f 0b 1f -1 -1 -1 -1 -1
1 1 8 26.1 58.0 21 c26f 0b 1f -1 -1 -1 -1 -1
1 1 0 26.0 58.0 20 c26f 0b 1f -1 -1 -1 -1 -1
1 1 6 26.0 58.0 20 c26f 0b 1f -1 -1 -1 -1 -1
1 1 0 26.0 58.0 22 c26f 0b 1f -1 -1 -1 -1 -1
1 1 0 26.0 58.0 20 c26f 0b 1f -1 -1 -1 -1 -1
1 1 0 26.0 58.0 20 c26f 0b 1f -1 -1 -1 -1 -1
1 1 0 26.0 58.0 20 c26f 0b 1f -1 -1 -1 -1 -1
1 1 0 26.0 58.5 22 c26f 0b 1f -1 -1 -1 -1 -1
1 1 0 26.0 58.5 22 c26f 0b 1f -1 -1 -1 -1 -1
1 1 5 26.1 58.5 22 c26f 0b 1f -1 -1 -1 -1 -1
1 1 0 26.0 58.0 20 c26f 0b 1f -1 -1 -1 -1 -1
1 1 5 25.9 58.0 21 c26f 0b 1f -1 -1 -1 -1 -1
1 1 0 25.9 58.5 17 c26f 0b 1f -1 -1 -1 -1 -1
1 1 0 26.0 58.5 19 c26f 0b 1f -1 -1 -1 -1 -1
1 1 0 26.0 58.5 19 c26f 0b 1f -1 -1 -1 -1 -1
1 1 6 26.0 58.5 19 c26f 0b 1f -1 -1 -1 -1 -1
1 1 25 26.0 58.0 17 c26f 0b 1f -1 -1 -1 -1 -1
1 1 0 25.9 58.0 17 c26f 0b 1f -1 -1 -1 -1 -1
1 1 0 25.9 58.0 17 c26f 0b 1f -1 -1 -1 -1 -1
1 1 6 25.9 57.5 17 c26f 0b 1f -1 -1 -1 -1 -1
1 1 0 25.9 57.5 19 c26f 0b 1f -1 -1 -1 -1 -1
1 1 0 25.9 57.5 17 c26f 0b 1f -1 -1 -1 -1 -1
1 1 5 25.9 57.5 19 c26f 0b 1f -1 -1 -1 -1 -1
1 1 0 25.9 57.5 15 c26f 0b 1f -1 -1 -1 -1 -1
1 1 0 25.9 57.0 15 c26f 0b 1f -1 -1 -1 -1 -1
1 1 0 25.8 57.5 15 c26f 0b 1f -1 -1 -1 -1 -1
1 1 0 25.8 57.5 17 c26f 0b 1f -1 -1 -1 -1 -1
1 1 0 25.8 57.0 19 c26f 0b 1f -1 -1 -1 -1 -1
1 1 0 25.9 57.5 19 c26f 0b 1f -1 -1 -1 -1 -1
1 1 0 25.8 57.5 19 c26f 0b 1f -1 -1 -1 -1 -1
1 1 0 25.9 57.5 15 c26f 0b 1f -1 -1 -1 -1 -1
1 1 0 25.9 57.5 17 c26f 0b 1f -1 -1 -1 -1 -1
1 1 0 25.8 58.0 19 c26f 0b 1f -1 -1 -1 -1 -1
1 1 0 25.9 58.0 19 c26f 0b 1f -1 -1 -1 -1 -1
1 1 0 25.8 57.5 17 c26f 0b 1f -1 -1 -1 -1 -1
1 1 0 25.8 57.5 17 c26f 0b 1f -1 -1 -1 -1 -1
1 1 0 25.8 57.5 17 c26f 0b 1f -1 -1 -1 -1 -1
1 1 0 25.8 57.5 19 c26f 0b 1f -1 -1 -1 -1 -1
1 1 0 25.7 57.0 17 c26f 0b 1f -1 -1 -1 -1 -1
1 1 0 25.9 57.0 19 c26f 0b 1f -1 -1 -1 -1 -1
1 1 0 25.8 57.0 19 c26f 0b 1f -1 -1 -1 -1 -1
1 1 0 25.7 57.0 19 c26f 0b 1f -1 -1 -1 -1 -1
1 1 1 25.8 57.0 21 c26f 0b 1f -1 -1 -1 -1 -1
1 1 0 25.7 57.0 19 c26f 0b 1f -1 -1 -1 -1 -1
1 1 0 25.8 57.5 19 c26f 0b 1f -1 -1 -1 -1 -1
1 1 0 25.8 57.0 17 c26f 0b 1f -1 -1 -1 -1 -1
1 1 0 25.8 57.0 17 c26f 0b 1f -1 -1 -1 -1 -1
1 1 0 25.8 57.0 17 c26f 0b 1f -1 -1 -1 -1 -1
1 1 0 25.8 57.0 17 c26f 0b 1f -1 -1 -1 -1 -1
1 1 0 25.7 56.5 17 c26f 0b 1f -1 -1 -1 -1 -1
1 1 0 25.7 56.5 17 c26f 0b 1f -1 -1 -1 -1 -1
1 1 1 25.7 56.5 19 c26f 0b 1f -1 -1 -1 -1 -1
1 1 0 25.7 56.0 19 c26f 0b 1f -1 -1 -1 -1 -1
1 1 0 25.7 56.0 21 c26f 0b 1f -1 -1 -1 -1 -1
1 1 0 25.7 56.0 21 c26f 0b 1f -1 -1 -1 -1 -1
1 1 9 25.7 55.5 21 c26f 0b 1f -1 -1 -1 -1 -1
1 1 5 25.7 55.5 19 c26f 0b 1f -1 -1 -1 -1 -1
1 1 4 25.7 56.0 19 c26f 0b 1f -1 -1 -1 -1 -1
1 1 0 25.6 56.0 19 c26f 0b 1f -1 -1 -1 -1 -1
1 1 7 25.7 56.0 19 c26f 0b 1f -1 -1 -1 -1 -1
1 1 0 25.8 56.0 19 c26f 0b 1f -1 -1 -1 -1 -1
1 1 0 25.8 56.0 21 c26f 0b 1f -1 -1 -1 -1 -1
1 1 0 25.7 56.0 17 c26f 0b 1f -1 -1 -1 -1 -1
1 1 0 25.8 56.5 17 c26f 0b 1f -1 -1 -1 -1 -1
1 1 0 25.8 57.0 17 c26f 0b 1f -1 -1 -1 -1 -1
1 1 5 25.8 57.0 19 c26f 0b 1f -1 -1 -1 -1 -1
1 1 0 25.8 57.0 19 c26f 0b 1f -1 -1 -1 -1 -1
1 1 0 25.8 57.0 17 c26f 0b 1f -1 -1 -1 -1 -1
1 1 0 25.8 57.0 17 c26f 0b 1f -1 -1 -1 -1 -1
1 1 5 25.8 57.0 19 c26f 0b 1f -1 -1 -1 -1 -1
1 1 9 25.8 57.5 19 c26f 0b 1f -1 -1 -1 -1 -1
1 1 3 25.8 57.5 19 c26f 0b 1f -1 -1 -1 -1 -1
1 1 0 25.8 57.5 19 c26f 0b 1f -1 -1 -1 -1 -1
1 1 0 25.8 57.5 19 c26f 0b 1f -1 -1 -1 -1 -1
1 1 0 25.7 57.5 21 c26f 0b 1f -1 -1 -1 -1 -1
1 1 0 25.7 57.5 19 c26f 0b 1f -1 -1 -1 -1 -1
1 1 0 25.8 57.5 19 c26f 0b 1f -1 -1 -1 -1 -1
1 1 0 25.8 57.5 17 c26f 0b 1f -1 -1 -1 -1 -1
1 1 0 25.8 57.5 17 c26f 0b 1f -1 -1 -1 -1 -1
1 1 0 25.8 57.5 17 c26f 0b 1f -1 -1 -1 -1 -1
1 1 0 25.8 57.5 17 c26f 0b 1f -1 -1 -1 -1 -1
1 1 0 25.8 57.5 17 c26f 0b 1f -1 -1 -1 -1 -1
1 1 0 25.8 58.0 19 c26f 0b 1f -1 -1 -1 -1 -1
1 1 0 25.8 58.0 19 c26f 0b 1f -1 -1 -1 -1 -1
1 1 0 25.8 58.5 19 c26f 0b 1f -1 -1 -1 -1 -1
1 1 0 25.9 59.0 15 c26f 0b 1f -1 -1 -1 -1 -1
1 1 0 25.9 59.0 19 c26f 0b 1f -1 -1 -1 -1 -1
1 1 0 25.9 59.0 19 c26f 0b 1f -1 -1 -1 -1 -1
1 1 0 25.9 59.0 19 c26f 0b 1f -1 -1 -1 -1 -1
1 1 0 25.9 59.0 19 c26f 0b 1f -1 -1 -1 -1 -1
1 1 0 25.9 59.0 19 c26f 0b 1f -1 -1 -1 -1 -1
1 1 0 25.9 59.0 19 c26f 0b 1f -1 -1 -1 -1 -1
1 1 0 25.9 59.0 19 c26f 0b 1f -1 -1 -1 -1 -1
1 1 0 25.9 59.0 19 c26f 0b 1f -1 -1 -1 -1 -1
1 1 0 25.9 59.0 19 c26f 0b 1f -1 -1 -1 -1 -1
1 1 1 25.9 58.5 17 c26f 0b 1f -1 -1 -1 -1 -1
1 1 0 25.9 58.5 15 c26f 0b 1f -1 -1 -1 -1 -1
1 1 6 25.9 58.5 15 c26f 0b 1f -1 -1 -1 -1 -1
1 1 0 25.8 58.5 17 c26f 0b 1f -1 -1 -1 -1 -1
1 1 0 25.9 58.5 21 c26f 0b 1f -1 -1 -1 -1 -1
1 1 7 25.9 58.5 17 c26f 0b 1f -1 -1 -1 -1 -1
1 1 9 25.9 58.5 19 c26f 0b 1f -1 -1 -1 -1 -1
1 1 0 25.9 58.0 20 c26f 0b 1f -1 -1 -1 -1 -1
1 1 0 25.9 58.0 22 c26f 0b 1f -1 -1 -1 -1 -1
1 1 0 25.9 58.0 20 c26f 0b 1f -1 -1 -1 -1 -1
1 1 5 25.9 58.0 18 c26f 0b 1f -1 -1 -1 -1 -1
1 1 0 25.9 57.5 20 c26f 0b 1f -1 -1 -1 -1 -1
1 1 5 25.9 58.0 20 c26f 0b 1f -1 -1 -1 -1 -1
1 1 6 25.9 58.0 20 c26f 0b 1f -1 -1 -1 -1 -1
1 1 0 25.9 58.0 22 c26f 0b 1f -1 -1 -1 -1 -1
1 1 0 25.9 58.0 22 c26f 0b 1f -1 -1 -1 -1 -1
1 1 0 25.9 58.0 20 c26f 0b 1f -1 -1 -1 -1 -1
1 1 7 25.9 58.0 24 c26f 0b 1f -1 -1 -1 -1 -1
1 1 0 25.9 58.0 20 c26f 0b 1f -1 -1 -1 -1 -1
1 1 0 25.9 58.0 24 c26f 0b 1f -1 -1 -1 -1 -1
1 1 0 25.9 58.0 22 c26f 0b 1f -1 -1 -1 -1 -1
1 1 8 26.0 58.0 24 c26f 0b 1f -1 -1 -1 -1 -1
1 1 0 25.9 58.5 22 c26f 0b 1f -1 -1 -1 -1 -1
1 1 5 26.0 58.5 22 c26f 0b 1f -1 -1 -1 -1 -1
1 1 5 26.0 58.5 22 c26f 0b 1f -1 -1 -1 -1 -1
1 1 0 26.0 58.5 22 c26f 0b 1f -1 -1 -1 -1 -1
1 1 0 26.0 58.5 22 c26f 0b 1f -1 -1 -1 -1 -1
1 1 0 26.0 58.5 22 c26f 0b 1f -1 -1 -1 -1 -1
1 1 6 26.0 58.0 20 c26f 0b 1f -1 -1 -1 -1 -1
1 1 9 25.9 58.0 20 c26f 0b 1f -1 -1 -1 -1 -1
1 1 4 26.0 58.0 20 c26f 0b 1f -1 -1 -1 -1 -1
1 1 2 26.0 58.0 18 c26f 0b 1f -1 -1 -1 -1 -1
1 1 0 26.0 58.5 19 c26f 0b 1f -1 -1 -1 -1 -1
1 1 0 26.0 58.5 21 c26f 0b 1f -1 -1 -1 -1 -1
1 1 0 26.1 58.5 18 c26f 0b 1f -1 -1 -1 -1 -1
1 1 0 26.0 59.0 19 c26f 0b 1f -1 -1 -1 -1 -1
1 1 0 26.0 59.0 19 c26f 0b 1f -1 -1 -1 -1 -1
1 1 7 26.0 59.0 19 c26f 0b 1f -1 -1 -1 -1 -1
1 1 0 26.1 59.0 19 c26f 0b 1f -1 -1 -1 -1 -1
1 1 3 26.0 59.5 19 c26f 0b 1f -1 -1 -1 -1 -1
1 1 0 26.2 60.0 17 c26f 0b 1f -1 -1 -1 -1 -1
1 1 0 26.2 60.0 17 c26f 0b 1f -1 -1 -1 -1 -1
1 1 0 26.1 60.0 17 c26f 0b 1f -1 -1 -1 -1 -1
1 1 0 26.1 60.0 17 c26f 0b 1f -1 -1 -1 -1 -1
1 1 0 26.1 60.0 19 c26f 0b 1f -1 -1 -1 -1 -1
1 1 0 26.1 60.0 19 c26f 0b 1f -1 -1 -1 -1 -1
1 1 0 26.2 60.0 21 c26f 0b 1f -1 -1 -1 -1 -1
1 1 0 26.2 60.5 21 c26f 0b 1f -1 -1 -1 -1 -1
1 1 0 26.2 60.0 17 c26f 0b 1f -1 -1 -1 -1 -1
1 1 0 26.1 60.5 19 c26f 0b 1f -1 -1 -1 -1 -1
1 1 0 26.2 60.5 19 c26f 0b 1f -1 -1 -1 -1 -1
1 1 4 26.2 60.5 19 c26f 0b 1f -1 -1 -1 -1 -1
1 1 2 26.1 60.5 19 c26f 0b 1f -1 -1 -1 -1 -1
1 1 0 26.2 60.5 17 c26f 0b 1f -1 -1 -1 -1 -1
1 1 0 26.3 60.5 17 c26f 0b 1f -1 -1 -1 -1 -1
1 1 0 26.2 60.5 21 c26f 0b 1f -1 -1 -1 -1 -1
1 1 0 26.2 60.5 19 c26f 0b 1f -1 -1 -1 -1 -1
1 1 0 26.2 60.5 19 c26f 0b 1f -1 -1 -1 -1 -1
1 1 5 26.2 60.5 17 c26f 0b 1f -1 -1 -1 -1 -1
1 1 0 26.2 60.5 12 c26f 0b 1f -1 -1 -1 -1 -1
1 1 0 26.2 60.5 12 c26f 0b 1f -1 -1 -1 -1 -1
1 1 0 26.2 60.5 12 c26f 0b 1f -1 -1 -1 -1 -1
1 1 0 26.3 60.5 12 c26f 0b 1f -1 -1 -1 -1 -1
1 1 0 26.3 60.5 12 c26f 0b 1f -1 -1 -1 -1 -1
1 1 0 26.3 60.5 12 c26f 0b 1f -1 -1 -1 -1 -1
1 1 0 26.2 60.5 12 c26f 0b 1f -1 -1 -1 -1 -1
1 1 0 26.3 60.5 12 c26f 0b 1f -1 -1 -1 -1 -1
1 1 0 26.3 60.5 12 c26f 0b 1f -1 -1 -1 -1 -1
1 1 0 26.3 60.5 12 c26f 0b 1f -1 -1 -1 -1 -1
1 1 0 26.2 60.5 12 c26f 0b 1f -1 -1 -1 -1 -1
1 1 7 26.2 60.5 12 c26f 0b 1f -1 -1 -1 -1 -1
1 1 0 26.3 60.5 12 c26f 0b 1f -1 -1 -1 -1 -1
1 1 0 26.2 60.5 12 c26f 0b 1f -1 -1 -1 -1 -1
1 1 0 26.2 60.5 12 c26f 0b 1f -1 -1 -1 -1 -1
1 1 0 26.2 60.0 12 c26f 0b 1f -1 -1 -1 -1 -1
1 1 8 26.2 60.0 10 c26f 0b 1f -1 -1 -1 -1 -1
1 1 5 26.3 60.0 10 c26f 0b 1f -1 -1 -1 -1 -1
1 1 3 26.2 60.0 10 c26f 0b 1f -1 -1 -1 -1 -1
1 1 0 26.2 60.0 10 c26f 0b 1f -1 -1 -1 -1 -1
1 1 7 26.3 60.0 10 c26f 0b 1f -1 -1 -1 -1 -1
1 1 0 26.2 59.5 14 c26f 0b 1f -1 -1 -1 -1 -1
1 1 0 26.3 59.5 14 c26f 0b 1f -1 -1 -1 -1 -1
1 1 0 26.3 59.5 10 c26f 0b 1f -1 -1 -1 -1 -1
1 1 0 26.2 59.5 14 c26f 0b 1f -1 -1 -1 -1 -1
1 1 0 26.2 59.5 12 c26f 0b 1f -1 -1 -1 -1 -1
1 1 0 26.3 59.5 12 c26f 0b 1f -1 -1 -1 -1 -1
1 1 0 26.3 59.5 15 c26f 0b 1f -1 -1 -1 -1 -1
1 1 0 26.3 59.5 15 c26f 0b 1f -1 -1 -1 -1 -1
1 1 0 26.3 60.0 17 c26f 0b 1f -1 -1 -1 -1 -1
1 1 0 26.3 60.0 15 c26f 0b 1f -1 -1 -1 -1 -1
1 1 0 26.3 60.5 13 c26f 0b 1f -1 -1 -1 -1 -1
1 1 9 26.3 60.5 16 c26f 0b 1f -1 -1 -1 -1 -1
1 1 0 26.3 60.5 15 c26f 0b 1f -1 -1 -1 -1 -1
1 1 0 26.3 60.5 15 c26f 0b 1f -1 -1 -1 -1 -1
1 1 0 26.3 60.5 15 c26f 0b 1f -1 -1 -1 -1 -1
1 1 0 26.3 60.5 17 c26f 0b 1f -1 -1 -1 -1 -1
1 1 0 26.3 60.5 15 c26f 0b 1f -1 -1 -1 -1 -1
1 1 0 26.4 60.5 13 c26f 0b 1f -1 -1 -1 -1 -1
1 1 0 26.3 60.5 17 c26f 0b 1f -1 -1 -1 -1 -1
1 1 0 26.4 61.0 13 c26f 0b 1f -1 -1 -1 -1 -1
1 1 0 26.4 61.0 13 c26f 0b 1f -1 -1 -1 -1 -1
1 1 0 26.4 61.0 13 c26f 0b 1f -1 -1 -1 -1 -1
1 1 0 26.4 60.5 13 c26f 0b 1f -1 -1 -1 -1 -1
1 1 0 26.4 60.5 12 c26f 0b 1f -1 -1 -1 -1 -1
1 1 0 26.4 60.5 12 c26f 0b 1f -1 -1 -1 -1 -1
1 1 0 26.3 60.5 12 c26f 0b 1f -1 -1 -1 -1 -1
1 1 0 26.4 60.0 14 c26f 0b 1f -1 -1 -1 -1 -1
1 1 0 26.3 60.0 14 c26f 0b 1f -1 -1 -1 -1 -1
1 1 0 26.4 60.0 14 c26f 0b 1f -1 -1 -1 -1 -1
1 1 0 26.4 60.0 14 c26f 0b 1f -1 -1 -1 -1 -1
1 1 0 26.4 60.0 14 c26f 0b 1f -1 -1 -1 -1 -1
1 1 0 26.4 60.0 12 c26f 0b 1f -1 -1 -1 -1 -1
1 1 8 26.4 60.0 15 c26f 0b 1f -1 -1 -1 -1 -1
1 1 0 26.3 60.0 15 c26f 0b 1f -1 -1 -1 -1 -1
1 1 0 26.3 59.5 16 c26f 0b 1f -1 -1 -1 -1 -1
1 1 21 26.3 59.5 15 c26f 0b 1f -1 -1 -1 -1 -1
1 1 0 26.3 59.5 13 c26f 0b 1f -1 -1 -1 -1 -1
1 1 7 26.4 59.5 15 c26f 0b 1f -1 -1 -1 -1 -1
1 1 13 26.3 59.5 17 c26f 0b 1f -1 -1 -1 -1 -1
1 1 0 26.3 59.0 17 c26f 0b 1f -1 -1 -1 -1 -1
1 1 0 26.3 59.0 15 c26f 0b 1f -1 -1 -1 -1 -1
1 1 0 26.3 59.0 15 c26f 0b 1f -1 -1 -1 -1 -1
1 1 5 26.3 59.0 17 c26f 0b 1f -1 -1 -1 -1 -1
1 1 0 26.3 59.0 19 c26f 0b 1f -1 -1 -1 -1 -1
1 1 5 26.3 58.5 15 c26f 0b 1f -1 -1 -1 -1 -1
1 1 0 26.3 58.5 17 c26f 0b 1f -1 -1 -1 -1 -1
1 1 0 26.4 58.5 15 c26f 0b 1f -1 -1 -1 -1 -1
1 1 0 26.4 58.5 17 c26f 0b 1f -1 -1 -1 -1 -1
1 1 0 26.4 58.5 15 c26f 0b 1f -1 -1 -1 -1 -1
1 1 0 26.4 58.5 15 c26f 0b 1f -1 -1 -1 -1 -1
1 1 0 26.4 58.5 15 c26f 0b 1f -1 -1 -1 -1 -1
1 1 0 26.4 58.5 12 c26f 0b 1f -1 -1 -1 -1 -1
1 1 0 26.4 58.5 12 c26f 0b 1f -1 -1 -1 -1 -1
1 1 0 26.4 58.5 10 c26f 0b 1f -1 -1 -1 -1 -1
1 1 0 26.3 58.5 14 c26f 0b 1f -1 -1 -1 -1 -1
1 1 0 26.4 58.5 14 c26f 0b 1f -1 -1 -1 -1 -1
1 1 0 26.4 58.0 14 c26f 0b 1f -1 -1 -1 -1 -1
1 1 0 26.3 58.0 14 c26f 0b 1f -1 -1 -1 -1 -1
1 1 0 26.4 58.0 14 c26f 0b 1f -1 -1 -1 -1 -1
1 1 0 26.4 58.0 14 c26f 0b 1f -1 -1 -1 -1 -1
1 1 0 26.4 58.0 14 c26f 0b 1f -1 -1 -1 -1 -1
1 1 6 26.3 58.0 10 c26f 0b 1f -1 -1 -1 -1 -1
1 1 0 26.3 58.0 14 c26f 0b 1f -1 -1 -1 -1 -1
1 1 0 26.3 58.0 12 c26f 0b 1f -1 -1 -1 -1 -1
1 1 0 26.3 58.0 12 c26f 0b 1f -1 -1 -1 -1 -1
1 1 0 26.3 58.0 10 c26f 0b 1f -1 -1 -1 -1 -1
1 1 0 26.3 58.0 10 c26f 0b 1f -1 -1 -1 -1 -1
1 1 8 26.3 58.0 14 c26f 0b 1f -1 -1 -1 -1 -1
1 1 5 26.3 57.5 12 c26f 0b 1f -1 -1 -1 -1 -1
1 1 7 26.3 58.0 12 c26f 0b 1f -1 -1 -1 -1 -1
1 1 4 26.3 57.5 10 c26f 0b 1f -1 -1 -1 -1 -1
1 1 0 26.3 57.5 14 c26f 0b 1f -1 -1 -1 -1 -1
1 1 0 26.3 57.5 19 c26f 0b 1f -1 -1 -1 -1 -1
1 1 0 26.3 57.5 21 c26f 0b 1f -1 -1 -1 -1 -1
1 1 0 26.2 57.5 21 c26f 0b 1f -1 -1 -1 -1 -1
1 1 0 26.3 57.5 17 c26f 0b 1f -1 -1 -1 -1 -1
1 1 8 26.3 57.5 19 c26f 0b 1f -1 -1 -1 -1 -1
1 1 9 26.2 57.0 21 c26f 0b 1f -1 -1 -1 -1 -1
1 1 0 26.3 57.0 17 c26f 0b 1f -1 -1 -1 -1 -1
1 1 0 26.2 57.0 17 c26f 0b 1f -1 -1 -1 -1 -1
1 1 0 26.3 57.0 17 c26f 0b 1f -1 -1 -1 -1 -1
1 1 0 26.2 57.0 17 c26f 0b 1f -1 -1 -1 -1 -1
1 1 0 26.2 57.0 17 c26f 0b 1f -1 -1 -1 -1 -1
1 1 0 26.1 56.5 21 c26f 0b 1f -1 -1 -1 -1 -1
1 1 0 26.2 56.5 21 c26f 0b 1f -1 -1 -1 -1 -1
1 1 0 26.2 56.5 19 c26f 0b 1f -1 -1 -1 -1 -1
1 1 0 26.2 56.5 19 c26f 0b 1f -1 -1 -1 -1 -1
1 1 0 26.2 56.0 19 c26f 0b 1f -1 -1 -1 -1 -1
1 1 0 26.1 56.0 17 c26f 0b 1f -1 -1 -1 -1 -1
1 1 0 26.2 56.0 17 c26f 0b 1f -1 -1 -1 -1 -1
1 1 0 26.1 56.0 17 c26f 0b 1f -1 -1 -1 -1 -1
1 1 0 26.2 56.0 17 c26f 0b 1f -1 -1 -1 -1 -1
1 1 0 26.1 56.0 17 c26f 0b 1f -1 -1 -1 -1 -1
1 1 7 26.2 55.5 17 c26f 0b 1f -1 -1 -1 -1 -1
1 1 1 26.1 55.5 19 c26f 0b 1f -1 -1 -1 -1 -1
1 1 0 26.0 55.5 19 c26f 0b 1f -1 -1 -1 -1 -1
1 1 0 26.1 55.5 19 c26f 0b 1f -1 -1 -1 -1 -1
1 1 0 26.1 55.5 19 c26f 0b 1f -1 -1 -1 -1 -1
1 1 0 26.1 55.0 21 c26f 0b 1f -1 -1 -1 -1 -1
1 1 0 26.0 55.0 21 c26f 0b 1f -1 -1 -1 -1 -1
1 1 0 26.0 55.0 17 c26f 0b 1f -1 -1 -1 -1 -1
1 1 0 26.0 55.0 21 c26f 0b 1f -1 -1 -1 -1 -1
1 1 6 26.1 55.0 19 c26f 0b 1f -1 -1 -1 -1 -1
1 1 0 26.0 55.0 19 c26f 0b 1f -1 -1 -1 -1 -1
1 1 8 26.0 55.0 19 c26f 0b 1f -1 -1 -1 -1 -1
1 1 0 25.9 55.0 19 c26f 0b 1f -1 -1 -1 -1 -1
1 1 0 26.0 55.0 19 c26f 0b 1f -1 -1 -1 -1 -1
1 1 0 26.0 55.0 19 c26f 0b 1f -1 -1 -1 -1 -1
1 1 0 25.9 55.0 19 c26f 0b 1f -1 -1 -1 -1 -1
1 1 0 26.0 55.0 19 c26f 0b 1f -1 -1 -1 -1 -1
1 1 0 25.9 55.0 21 c26f 0b 1f -1 -1 -1 -1 -1
1 1 0 26.0 55.0 19 c26f 0b 1f -1 -1 -1 -1 -1
1 1 0 26.0 55.0 19 c26f 0b 1f -1 -1 -1 -1 -1
1 1 0 25.9 55.0 19 c26f 0b 1f -1 -1 -1 -1 -1
1 1 0 26.0 55.0 19 c26f 0b 1f -1 -1 -1 -1 -1
1 1 0 26.0 54.5 19 c26f 0b 1f -1 -1 -1 -1 -1
1 1 9 25.9 54.5 19 c26f 0b 1f -1 -1 -1 -1 -1
1 1 6 26.0 55.0 21 c26f 0b 1f -1 -1 -1 -1 -1
1 1 6 25.9 55.0 17 c26f 0b 1f -1 -1 -1 -1 -1
1 1 4 25.9 54.5 17 c26f 0b 1f -1 -1 -1 -1 -1
1 1 0 25.9 54.5 17 c26f 0b 1f -1 -1 -1 -1 -1
1 1 0 25.9 54.5 19 c26f 0b 1f -1 -1 -1 -1 -1
1 1 7 25.9 54.5 17 c26f 0b 1f -1 -1 -1 -1 -1
1 1 0 25.9 54.5 17 c26f 0b 1f -1 -1 -1 -1 -1
1 1 0 25.8 54.5 21 c26f 0b 1f -1 -1 -1 -1 -1
1 1 0 25.9 54.5 19 c26f 0b 1f -1 -1 -1 -1 -1
1 1 0 25.8 54.5 19 c26f 0b 1f -1 -1 -1 -1 -1
1 1 0 25.9 54.5 21 c26f 0b 1f -1 -1 -1 -1 -1
1 1 0 25.8 54.5 19 c26f 0b 1f -1 -1 -1 -1 -1
1 1 0 25.9 54.5 19 c26f 0b 1f -1 -1 -1 -1 -1
1 1 0 25.9 54.5 19 c26f 0b 1f -1 -1 -1 -1 -1
1 1 0 25.8 54.5 19 c26f 0b 1f -1 -1 -1 -1 -1
1 1 0 25.8 54.5 19 c26f 0b 1f -1 -1 -1 -1 -1
1 1 0 25.8 54.5 23 c26f 0b 1f -1 -1 -1 -1 -1
1 1 0 25.8 55.0 24 c26f 0b 1f -1 -1 -1 -1 -1
1 1 5 25.9 55.5 26 c26f 0b 1f -1 -1 -1 -1 -1
1 1 0 25.9 55.5 26 c26f 0b 1f -1 -1 -1 -1 -1
1 1 0 25.9 56.0 24 c26f 0b 1f -1 -1 -1 -1 -1
1 1 0 26.0 56.5 22 c26f 0b 1f -1 -1 -1 -1 -1
1 1 0 26.0 56.5 24 c26f 0b 1f -1 -1 -1 -1 -1
1 1 0 25.9 57.0 24 c26f 0b 1f -1 -1 -1 -1 -1
1 1 0 26.0 57.5 23 c26f 0b 1f -1 -1 -1 -1 -1
1 1 0 25.9 57.5 21 c26f 0b 1f -1 -1 -1 -1 -1
1 1 0 25.9 57.5 21 c26f 0b 1f -1 -1 -1 -1 -1
1 1 0 25.9 57.0 21 c26f 0b 1f -1 -1 -1 -1 -1
1 1 0 25.9 57.5 17 c26f 0b 1f -1 -1 -1 -1 -1
1 1 0 26.0 57.5 16 c26f 0b 1f -1 -1 -1 -1 -1
1 1 0 26.0 57.5 16 c26f 0b 1f -1 -1 -1 -1 -1
1 1 0 26.0 57.5 14 c26f 0b 1f -1 -1 -1 -1 -1
1 1 0 25.9 57.5 14 c26f 0b 1f -1 -1 -1 -1 -1
1 1 13 25.9 57.5 16 c26f 0b 1f -1 -1 -1 -1 -1
1 1 0 25.9 57.5 16 c26f 0b 1f -1 -1 -1 -1 -1
1 1 0 25.9 57.5 14 c26f 0b 1f -1 -1 -1 -1 -1
1 1 0 25.9 57.5 14 c26f 0b 1f -1 -1 -1 -1 -1
1 1 0 25.8 57.5 12 c26f 0b 1f -1 -1 -1 -1 -1
1 1 0 25.9 57.5 16 c26f 0b 1f -1 -1 -1 -1 -1
1 1 0 25.9 57.5 16 c26f 0b 1f -1 -1 -1 -1 -1
1 1 8 25.9 57.0 16 c26f 0b 1f -1 -1 -1 -1 -1
1 1 0 25.9 57.0 16 c26f 0b 1f -1 -1 -1 -1 -1
1 1 0 25.9 57.0 16 c26f 0b 1f -1 -1 -1 -1 -1
1 1 0 25.9 57.0 16 c26f 0b 1f -1 -1 -1 -1 -1
1 1 9 25.8 57.0 14 c26f 0b 1f -1 -1 -1 -1 -1
1 1 0 25.9 57.0 12 c26f 0b 1f -1 -1 -1 -1 -1
1 1 0 25.8 57.0 12 c26f 0b 1f -1 -1 -1 -1 -1
1 1 0 25.8 57.0 14 c26f 0b 1f -1 -1 -1 -1 -1
1 1 0 25.8 57.0 14 c26f 0b 1f -1 -1 -1 -1 -1
1 1 0 25.8 56.5 16 c26f 0b 1f -1 -1 -1 -1 -1
1 1 0 25.8 56.5 16 c26f 0b 1f -1 -1 -1 -1 -1
1 1 0 25.8 56.5 14 c26f 0b 1f -1 -1 -1 -1 -1
1 1 0 25.8 56.5 19 c26f 0b 1f -1 -1 -1 -1 -1
1 1 0 25.8 56.5 19 c26f 0b 1f -1 -1 -1 -1 -1
1 1 0 25.8 56.0 21 c26f 0b 1f -1 -1 -1 -1 -1
1 1 0 25.8 56.0 21 c26f 0b 1f -1 -1 -1 -1 -1
1 1 0 25.8 56.0 26 c26f 0b 1f -1 -1 -1 -1 -1
1 1 0 25.9 56.0 23 c26f 0b 1f -1 -1 -1 -1 -1
1 1 0 25.8 56.0 17 c26f 0b 1f -1 -1 -1 -1 -1
1 1 0 25.8 56.0 17 c26f 0b 1f -1 -1 -1 -1 -1
1 1 0 25.8 56.0 17 c26f 0b 1f -1 -1 -1 -1 -1
1 1 0 25.8 56.0 17 c26f 0b 1f -1 -1 -1 -1 -1
1 1 0 25.9 56.0 17 c26f 0b 1f -1 -1 -1 -1 -1
1 1 0 25.8 56.0 17 c26f 0b 1f -1 -1 -1 -1 -1
1 1 0 25.8 55.5 18 c26f 0b 1f -1 -1 -1 -1 -1
1 1 5 25.8 55.5 16 c26f 0b 1f -1 -1 -1 -1 -1
1 1 7 25.8 55.5 14 c26f 0b 1f -1 -1 -1 -1 -1
1 1 7 25.8 55.5 14 c26f 0b 1f -1 -1 -1 -1 -1
1 1 4 25.8 55.5 14 c26f 0b 1f -1 -1 -1 -1 -1
1 1 0 25.8 55.5 14 c26f 0b 1f -1 -1 -1 -1 -1
1 1 13 25.7 55.5 16 c26f 0b 1f -1 -1 -1 -1 -1
1 1 7 25.9 55.5 16 c26f 0b 1f -1 -1 -1 -1 -1
1 1 0 25.8 55.5 14 c26f 0b 1f -1 -1 -1 -1 -1
1 1 6 25.8 55.0 18 c26f 0b 1f -1 -1 -1 -1 -1
1 1 0 25.7 55.5 18 c26f 0b 1f -1 -1 -1 -1 -1
1 1 0 25.8 55.0 18 c26f 0b 1f -1 -1 -1 -1 -1
1 1 0 25.7 55.0 16 c26f 0b 1f -1 -1 -1 -1 -1
1 1 0 25.7 55.0 17 c26f 0b 1f -1 -1 -1 -1 -1
1 1 0 25.7 55.5 19 c26f 0b 1f -1 -1 -1 -1 -1
1 1 0 25.7 55.5 23 c26f 0b 1f -1 -1 -1 12 -1
1 1 14 25.7 55.5 25 c26f 0b 7f -1 -1 -1 12 -1
1 1 0 25.7 55.5 30 c26f 0b 7f -1 -1 -1 12 -1
1 1 5 25.7 56.0 33 c26f 0b 7f -1 -1 -1 12 -1
1 1 21 25.7 56.0 30 c26f 0b 7f -1 -1 -1 12 -1
1 1 0 25.8 56.0 26 c26f 0b 7f -1 -1 -1 12 -1
1 1 0 25.7 56.0 28 c26f 0b 7f -1 -1 -1 12 -1
1 1 0 25.7 56.0 28 c26f 0b 7f -1 -1 -1 12 -1
1 1 0 25.7 56.5 25 c26f 0b 7f -1 -1 -1 12 -1
1 1 0 25.7 56.0 21 c26f 0b 7f -1 -1 -1 12 -1
1 1 0 25.7 56.5 21 c26f 0b 7f -1 -1 -1 12 -1
1 1 0 25.7 56.5 21 c26f 0b 7f -1 -1 -1 12 -1
1 1 0 25.8 56.5 24 c26f 0b 7f -1 -1 -1 12 -1
1 1 0 25.7 56.5 30 c26f 0b 7f -1 -1 -1 12 -1
1 1 0 25.8 56.5 23 c26f 0b 7f -1 -1 -1 12 -1
1 1 0 25.7 56.5 21 c26f 0b 7f -1 -1 -1 12 -1
1 1 0 25.7 56.5 21 c26f 0b 7f -1 -1 -1 12 -1
1 1 15 25.7 56.5 26 c26f 0b 7f -1 -1 -1 12 -1
1 1 0 25.7 56.5 30 c26f 0b 7f -1 -1 -1 12 -1
1 1 5 25.8 57.0 25 c26f 0b 7f -1 -1 -1 12 -1
1 1 13 25.7 57.0 26 c26f 0b 7f -1 -1 -1 12 -1
1 1 0 25.8 57.0 28 c26f 0b 7f -1 -1 -1 12 -1
1 1 5 25.8 57.0 28 c26f 0b 7f -1 -1 -1 12 -1
1 1 15 25.8 57.0 28 c26f 0b 7f -1 -1 -1 12 -1
1 1 0 25.8 57.0 26 c26f 0b 7f -1 -1 -1 12 -1
1 1 0 25.9 57.0 28 c26f 0b 7f -1 -1 -1 12 -1
1 1 0 25.9 57.5 26 c26f 0b 7f -1 -1 -1 12 -1
1 1 0 25.8 57.5 28 c26f 0b 7f -1 -1 -1 12 -1
1 1 0 25.8 57.5 26 c26f 0b 7f -1 -1 -1 12 -1
1 1 0 25.7 57.5 28 c26f 0b 7f -1 -1 -1 12 -1
1 1 0 25.6 57.0 24 c26f 0b 7f -1 -1 -1 12 -1
1 1 0 25.6 57.5 28 c26f 0b 7f -1 -1 -1 12 -1
1 1 0 25.6 57.0 28 c26f 0b 7f -1 -1 -1 12 -1
1 1 0 25.4 57.0 24 c26f 0b 7f -1 -1 -1 12 -1
1 1 0 25.4 57.0 24 c26f 0b 7f -1 -1 -1 12 -1
1 1 0 25.4 57.0 19 c26f 0b 7f -1 -1 -1 12 -1
1 1 0 25.4 57.5 18 c26f 0b 7f -1 -1 -1 12 -1
1 1 0 25.3 57.0 18 c26f 0b 7f -1 -1 -1 12 -1
1 1 0 25.3 57.0 14 c26f 0b 7f -1 -1 -1 12 -1
1 1 0 25.3 57.0 14 c26f 0b 7f -1 -1 -1 12 -1
1 1 0 25.2 57.0 14 c26f 0b 7f -1 -1 -1 12 -1
1 1 0 25.2 57.0 12 c26f 0b 7f -1 -1 -1 12 -1
1 1 0 25.2 57.0 13 c26f 0b 7f -1 -1 -1 12 -1
1 1 0 25.2 57.0 11 c26f 0b 7f -1 -1 -1 12 -1
1 1 0 25.2 57.0 11 c26f 0b 7f -1 -1 -1 12 -1
1 1 0 25.1 57.0 13 c26f 0b 7f -1 -1 -1 12 -1
1 1 0 25.1 57.0 18 c26f 0b 7f -1 -1 -1 12 -1
1 1 0 25.1 57.0 21 c26f 0b 7f -1 -1 -1 12 -1
1 1 0 25.1 57.0 21 c26f 0b 7f -1 -1 -1 12 -1
1 1 0 25.1 57.0 26 c26f 0b 7f -1 -1 -1 12 -1
1 1 0 25.0 57.0 26 c26f 0b 7f -1 -1 -1 12 -1
1 1 1 25.1 57.0 24 c26f 0b 7f -1 -1 -1 12 -1
1 1 0 25.0 57.0 22 c26f 0b 7f -1 -1 -1 12 -1
1 1 4 25.0 57.0 23 c26f 0b 7f -1 -1 -1 12 -1
1 1 6 25.0 57.0 23 c26f 0b 7f -1 -1 -1 12 -1
1 1 11 25.0 57.0 21 c26f 0b 7f -1 -1 -1 12 -1
1 1 0 24.9 57.0 18 c26f 0b 7f -1 -1 -1 12 -1
1 1 5 25.0 57.0 13 c26f 0b 7f -1 -1 -1 12 -1
1 1 0 24.9 57.0 11 c26f 0b 7f -1 -1 -1 12 -1
1 1 6 24.9 57.0 9 c26f 0b 7f -1 -1 -1 12 -1
1 1 9 24.9 57.0 9 c26f 0b 7f -1 -1 -1 12 -1
1 1 7 24.9 57.0 9 c26f 0b 7f -1 -1 -1 12 -1
1 1 5 24.8 57.0 9 c26f 0b 7f -1 -1 -1 12 -1
1 1 0 24.9 57.5 7 c26f 0b 7f -1 -1 -1 12 -1
1 1 9 24.8 57.5 7 c26f 0b 7f -1 -1 -1 12 -1
1 1 0 24.9 58.0 5 c26f 0b 7f -1 -1 -1 12 -1
1 1 0 24.9 58.0 5 c26f 0b 7f -1 -1 -1 12 -1
1 1 8 24.9 58.0 5 c26f 0b 7f -1 -1 -1 12 -1
1 1 0 25.0 58.5 5 c26f 0b 7f -1 -1 -1 12 -1
1 1 13 24.9 58.5 5 c26f 0b 7f -1 -1 -1 12 -1
1 1 0 24.8 58.5 7 c26f 0b 7f -1 -1 -1 12 -1
1 1 0 24.9 58.5 10 c26f 0b 7f -1 -1 -1 12 -1
1 1 0 24.8 58.5 13 c26f 0b 7f -1 -1 -1 12 -1
1 1 0 24.8 58.5 15 c26f 0b 7f -1 -1 -1 12 -1
1 1 9 24.8 58.0 15 c26f 0b 7f -1 -1 -1 12 -1
1 1 0 24.7 58.5 15 c26f 0b 7f -1 -1 -1 12 -1
1 1 0 24.7 58.5 15 c26f 0b 7f -1 -1 -1 12 -1
1 1 0 24.7 58.5 15 c26f 0b 7f -1 -1 -1 12 -1
1 1 16 24.7 58.5 12 c26f 0b 7f -1 -1 -1 12 -1
1 1 0 24.7 58.5 12 c26f 0b 7f -1 -1 -1 12 -1
1 1 0 24.7 58.5 14 c26f 0b 7f -1 -1 -1 12 -1
1 1 0 24.7 59.0 10 c26f 0b 7f -1 -1 -1 12 -1
1 1 7 24.7 59.0 4 c26f 0b 7f -1 -1 -1 12 -1
1 1 0 24.7 59.0 4 c26f 0b 7f -1 -1 -1 12 -1
1 1 0 24.7 59.5 2 c26f 0b 7f -1 -1 -1 12 -1
1 1 0 24.6 59.0 2 c26f 0b 7f -1 -1 -1 12 -1
1 1 0 24.7 59.0 6 c26f 0b 7f -1 -1 -1 12 -1
1 1 0 24.6 59.0 4 c26f 0b 7f -1 -1 -1 12 -1
1 1 0 24.5 59.0 4 c26f 0b 7f -1 -1 -1 12 -1
1 1 0 24.6 59.0 4 c26f 0b 7f -1 -1 -1 12 -1
1 1 0 24.5 59.0 4 c26f 0b 7f -1 -1 -1 12 -1
1 1 10 24.5 59.0 4 c26f 0b 7f -1 -1 -1 12 -1
1 1 0 24.4 59.0 6 c26f 0b 7f -1 -1 -1 12 -1
1 1 0 24.5 59.0 6 c26f 0b 7f -1 -1 -1 12 -1
1 1 0 24.5 59.0 10 c26f 0b 7f -1 -1 -1 12 -1
1 1 0 24.5 59.0 10 c26f 0b 7f -1 -1 -1 12 -1
1 1 0 24.4 58.5 10 c26f 0b 7f -1 -1 -1 12 -1
1 1 8 24.4 58.5 8 c26f 0b 7f -1 -1 -1 12 -1
1 1 12 24.4 58.5 8 c26f 0b 7f -1 -1 -1 12 -1
1 1 0 24.4 59.0 8 c26f 0b 7f -1 -1 -1 12 -1
1 1 8 24.3 59.0 8 c26f 0b 7f -1 -1 -1 12 -1
1 1 0 24.4 59.0 8 c26f 0b 7f -1 -1 -1 12 -1
1 1 7 24.4 59.5 8 c26f 0b 7f -1 -1 -1 12 -1
1 1 0 24.4 59.5 8 c26f 0b 7f -1 -1 -1 12 -1
1 1 0 24.6 59.5 8 c26f 0b 7f -1 -1 -1 12 -1
1 1 8 24.5 60.0 8 c26f 0b 7f -1 -1 -1 12 -1
1 1 0 24.5 60.0 8 c26f 0b 7f -1 -1 -1 12 -1
1 1 9 24.5 60.0 6 c26f 0b 7f -1 -1 -1 12 -1
1 1 5 24.4 60.0 6 c26f 0b 7f -1 -1 -1 12 -1
1 1 0 24.5 60.0 6 c26f 0b 7f -1 -1 -1 12 -1
1 1 0 24.5 60.0 6 c26f 0b 7f -1 -1 -1 12 -1
1 1 0 24.4 60.0 6 c26f 0b 7f -1 -1 -1 12 -1
1 1 9 24.4 60.0 6 c26f 0b 7f -1 -1 -1 12 -1
1 1 0 24.4 59.5 6 c26f 0b 7f -1 -1 -1 12 -1
1 1 0 24.4 59.5 6 c26f 0b 7f -1 -1 -1 12 -1
1 1 0 24.3 59.5 6 c26f 0b 7f -1 -1 -1 12 -1
1 1 5 24.3 59.5 4 c26f 0b 7f -1 -1 -1 12 -1
1 1 0 24.3 59.0 4 c26f 0b 7f -1 -1 -1 12 -1
1 1 0 24.3 59.0 4 c26f 0b 7f -1 -1 -1 12 -1
1 1 9 24.3 59.0 8 c26f 0b 7f -1 -1 -1 12 -1
1 1 0 24.2 59.0 8 c26f 0b 7f -1 -1 -1 12 -1
1 1 0 24.2 59.0 8 c26f 0b 7f -1 -1 -1 12 -1
1 1 0 24.2 59.0 8 c26f 0b 7f -1 -1 -1 12 -1
1 1 0 24.2 59.0 8 c26f 0b 7f -1 -1 -1 12 -1
1 1 0 24.1 59.0 8 c26f 0b 7f -1 -1 -1 12 -1
1 1 10 24.2 59.0 8 c26f 0b 7f -1 -1 -1 12 -1
1 1 0 24.2 58.5 8 c26f 0b 7f -1 -1 -1 12 -1
1 1 8 24.2 58.5 8 c26f 0b 7f -1 -1 -1 12 -1
1 1 5 24.3 59.0 8 c26f 0b 7f -1 -1 -1 12 -1
1 1 0 24.3 59.0 8 c26f 0b 7f -1 -1 -1 12 -1
1 1 0 24.3 59.0 8 c26f 0b 7f -1 -1 -1 12 -1
1 1 4 24.5 59.5 8 c26f 0b 7f -1 -1 -1 12 -1
1 1 7 24.5 59.5 8 c26f 0b 7f -1 -1 -1 12 -1
1 1 0 24.6 59.5 8 c26f 0b 7f -1 -1 -1 12 -1
1 1 0 24.6 59.5 8 c26f 0b 7f -1 -1 -1 12 -1
1 1 14 24.6 59.5 6 c26f 0b 7f -1 -1 -1 12 -1
1 1 31 24.6 59.0 8 c26f 0b 7f -1 -1 -1 12 -1
1 1 20 24.6 59.0 6 c26f 0b 7f -1 -1 -1 12 -1
1 1 0 24.7 58.5 6 c26f 0b 7f -1 -1 -1 12 -1
1 1 0 24.7 58.5 6 c26f 0b 7f -1 -1 -1 12 -1
1 1 0 24.7 58.5 6 c26f 0b 7f -1 -1 -1 12 -1
1 1 0 24.7 58.5 6 c26f 0b 7f -1 -1 -1 12 -1
1 1 0 24.7 58.5 6 c26f 0b 7f -1 -1 -1 12 -1
1 1 0 24.6 58.5 6 c26f 0b 7f -1 -1 -1 12 -1
1 1 0 24.7 58.5 6 c26f 0b 7f -1 -1 -1 12 -1
1 1 0 24.8 58.5 6 c26f 0b 7f -1 -1 -1 12 -1
1 1 0 24.8 58.5 6 c26f 0b 7f -1 -1 -1 12 -1
1 1 0 24.7 58.5 6 c26f 0b 7f -1 -1 -1 12 -1
1 1 0 24.7 58.5 6 c26f 0b 7f -1 -1 -1 12 -1
1 1 0 24.8 58.5 6 c26f 0b 7f -1 -1 -1 12 -1
1 1 5 24.8 58.5 6 c26f 0b 7f -1 -1 -1 12 -1
1 1 0 24.8 58.5 6 c26f 0b 7f -1 -1 -1 12 -1
1 1 0 24.8 58.5 6 c26f 0b 7f -1 -1 -1 12 -1
1 1 6 24.8 58.5 6 c26f 0b 7f -1 -1 -1 12 -1
1 1 0 24.8 58.5 6 c26f 0b 7f -1 -1 -1 12 -1
1 1 0 24.8 59.0 6 c26f 0b 7f -1 -1 -1 12 -1
1 1 0 24.8 58.5 6 c26f 0b 7f -1 -1 -1 12 -1
1 1 0 24.9 59.0 6 c26f 0b 7f -1 -1 -1 12 -1
1 1 0 24.9 59.0 6 c26f 0b 7f -1 -1 -1 12 -1
1 1 0 24.9 59.0 6 c26f 0b 7f -1 -1 -1 12 -1
1 1 0 25.0 59.0 6 c26f 0b 7f -1 -1 -1 12 -1
1 1 0 25.0 59.0 6 c26f 0b 7f -1 -1 -1 12 -1
1 1 0 24.9 59.0 6 c26f 0b 7f -1 -1 -1 12 -1
1 1 0 24.9 58.5 6 c26f 0b 7f -1 -1 -1 12 -1
1 1 19 24.9 58.5 8 c26f 0b 7f -1 -1 -1 12 -1
1 1 0 24.9 58.5 8 c26f 0b 7f -1 -1 -1 12 -1
1 1 0 24.9 58.5 6 c26f 0b 7f -1 -1 -1 12 -1
1 1 0 24.9 58.5 6 c26f 0b 7f -1 -1 -1 12 -1
1 1 0 24.9 58.5 6 c26f 0b 7f -1 -1 -1 12 -1
1 1 0 24.9 58.5 6 c26f 0b 7f -1 -1 -1 12 -1
1 1 0 25.0 58.0 6 c26f 0b 7f -1 -1 -1 12 -1
1 1 0 25.0 58.0 6 c26f 0b 7f -1 -1 -1 12 -1
1 1 0 25.0 58.0 8 c26f 0b 7f -1 -1 -1 12 -1
1 1 0 25.0 58.0 8 c26f 0b 7f -1 -1 -1 12 -1
1 1 0 25.1 58.0 8 c26f 0b 7f -1 -1 -1 12 -1
1 1 0 25.0 58.0 8 c26f 0b 7f -1 -1 -1 12 -1
1 1 0 25.1 58.0 8 c26f 0b 7f -1 -1 -1 12 -1
1 1 9 25.0 58.0 6 c26f 0b 7f -1 -1 -1 12 -1
1 1 0 25.0 57.5 6 c26f 0b 7f -1 -1 -1 12 -1
1 1 16 25.1 57.5 6 c26f 0b 7f -1 -1 -1 12 -1
1 1 0 25.0 57.5 8 c26f 0b 7f -1 -1 -1 12 -1
1 1 0 25.1 57.5 8 c26f 0b 7f -1 -1 -1 12 -1
1 1 0 25.0 57.5 8 c26f 0b 7f -1 -1 -1 12 -1
1 1 0 25.0 57.5 8 c26f 0b 7f -1 -1 -1 12 -1
1 1 0 25.0 57.5 8 c26f 0b 7f -1 -1 -1 12 -1
1 1 0 25.1 57.5 6 c26f 0b 7f -1 -1 -1 12 -1
1 1 0 25.0 57.5 8 c26f 0b 7f -1 -1 -1 12 -1
1 1 0 25.1 57.5 8 c26f 0b 7f -1 -1 -1 12 -1
1 1 0 25.0 57.5 8 c26f 0b 7f -1 -1 -1 12 -1
1 1 0 25.2 57.5 8 c26f 0b 7f -1 -1 -1 12 -1
1 1 0 25.1 58.0 8 c26f 0b 7f -1 -1 -1 12 -1
1 1 0 25.1 58.0 8 c26f 0b 7f -1 -1 -1 12 -1
1 1 7 25.2 58.0 8 c26f 0b 7f -1 -1 -1 12 -1
1 1 0 25.1 57.5 8 c26f 0b 7f -1 -1 -1 12 -1
1 1 0 25.1 58.0 8 c26f 0b 7f -1 -1 -1 12 -1
1 1 0 25.2 58.0 8 c26f 0b 7f -1 -1 -1 12 -1
1 1 0 25.2 58.0 8 c26f 0b 7f -1 -1 -1 12 -1
1 1 7 25.2 57.5 8 c26f 0b 7f -1 -1 -1 12 -1
1 1 0 25.2 57.5 8 c26f 0b 7f -1 -1 -1 12 -1
1 1 0 25.2 57.5 8 c26f 0b 7f -1 -1 -1 12 -1
1 1 0 25.1 57.5 8 c26f 0b 7f -1 -1 -1 12 -1
1 1 0 25.1 57.5 8 c26f 0b 7f -1 -1 -1 12 -1
1 1 0 25.2 57.5 8 c26f 0b 7f -1 -1 -1 12 -1
1 1 0 25.1 57.5 8 c26f 0b 7f -1 -1 -1 12 -1
1 1 0 25.2 57.0 8 c26f 0b 7f -1 -1 -1 12 -1
1 1 0 25.2 57.0 8 c26f 0b 7f -1 -1 -1 12 -1
1 1 0 25.1 57.0 8 c26f 0b 7f -1 -1 -1 12 -1
1 1 0 25.1 57.0 8 c26f 0b 7f -1 -1 -1 12 -1
1 1 0 25.1 57.0 8 c26f 0b 7f -1 -1 -1 12 -1
1 1 0 25.2 57.0 8 c26f 0b 7f -1 -1 -1 12 -1
1 1 0 25.1 57.0 8 c26f 0b 7f -1 -1 -1 12 -1
1 1 1 25.2 57.0 8 c26f 0b 7f -1 -1 -1 12 -1
1 1 0 25.2 57.0 8 c26f 0b 7f -1 -1 -1 12 -1
1 1 0 25.2 56.5 8 c26f 0b 7f -1 -1 -1 12 -1
1 1 0 25.2 56.5 8 c26f 0b 7f -1 -1 -1 12 -1
1 1 0 25.2 56.5 8 c26f 0b 7f -1 -1 -1 12 -1
1 1 6 25.2 56.5 8 c26f 0b 7f -1 -1 -1 12 -1
1 1 0 25.2 56.5 8 c26f 0b 7f -1 -1 -1 12 -1
1 1 6 25.2 57.0 8 c26f 0b 7f -1 -1 -1 12 -1
1 1 0 25.2 57.0 8 c26f 0b 7f -1 -1 -1 12 -1
1 1 0 25.2 56.5 8 c26f 0b 7f -1 -1 -1 12 -1
1 1 0 25.2 56.5 8 c26f 0b 7f -1 -1 -1 12 -1
1 1 0 25.2 56.5 8 c26f 0b 7f -1 -1 -1 12 -1
1 1 0 25.2 57.0 8 c26f 0b 7f -1 -1 -1 12 -1
1 1 0 25.2 57.0 8 c26f 0b 7f -1 -1 -1 12 -1
1 1 0 25.3 57.0 8 c26f 0b 7f -1 -1 -1 12 -1
1 1 0 25.2 57.0 8 c26f 0b 7f -1 -1 -1 12 -1
1 1 0 25.2 57.0 8 c26f 0b 7f -1 -1 -1 12 -1
1 1 0 25.3 56.5 8 c26f 0b 7f -1 -1 -1 12 -1
1 1 0 25.2 56.5 8 c26f 0b 7f -1 -1 -1 12 -1
1 1 0 25.1 56.5 8 c26f 0b 7f -1 -1 -1 12 -1
1 1 0 25.2 56.5 8 c26f 0b 7f -1 -1 -1 12 -1
1 1 0 25.2 56.5 8 c26f 0b 7f -1 -1 -1 12 -1
1 1 0 25.3 56.5 8 c26f 0b 7f -1 -1 -1 12 -1
1 1 0 25.2 56.5 8 c26f 0b 7f -1 -1 -1 12 -1
1 1 0 25.2 56.5 8 c26f 0b 7f -1 -1 -1 12 -1
1 1 0 25.2 56.5 8 c26f 0b 7f -1 -1 -1 12 -1
1 1 0 25.2 56.5 8 c26f 0b 7f -1 -1 -1 12 -1
1 1 0 25.2 56.5 8 c26f 0b 7f -1 -1 -1 12 -1
1 1 0 25.2 56.5 8 c26f 0b 7f -1 -1 -1 12 -1
1 1 0 25.2 56.5 8 c26f 0b 7f -1 -1 -1 12 -1
1 1 0 25.2 56.5 8 c26f 0b 7f -1 -1 -1 12 -1
1 1 0 25.3 56.5 8 c26f 0b 7f -1 -1 -1 12 -1
1 1 0 25.3 56.5 8 c26f 0b 7f -1 -1 -1 12 -1
1 1 0 25.3 56.5 8 c26f 0b 7f -1 -1 -1 12 -1
1 1 0 25.3 56.5 8 c26f 0b 7f -1 -1 -1 12 -1
1 1 0 25.3 56.5 8 c26f 0b 7f -1 -1 -1 12 -1
1 1 0 25.3 56.5 8 c26f 0b 7f -1 -1 -1 12 -1
1 1 0 25.3 56.5 8 c26f 0b 7f -1 -1 -1 12 -1
1 1 0 25.3 56.5 8 c26f 0b 7f -1 -1 -1 12 -1
1 1 0 25.2 56.5 8 c26f 0b 7f -1 -1 -1 12 -1
1 1 0 25.3 56.5 8 c26f 0b 7f -1 -1 -1 12 -1
1 1 0 25.3 56.0 8 c26f 0b 7f -1 -1 -1 12 -1
1 1 0 25.2 56.0 8 c26f 0b 7f -1 -1 -1 12 -1
1 1 0 25.2 56.5 8 c26f 0b 7f -1 -1 -1 12 -1
1 1 0 25.2 56.5 8 c26f 0b 7f -1 -1 -1 12 -1
1 1 0 25.3 56.5 8 c26f 0b 7f -1 -1 -1 12 -1
1 1 0 25.3 56.5 8 c26f 0b 7f -1 -1 -1 12 -1
1 1 0 25.3 56.5 8 c26f 0b 7f -1 -1 -1 12 -1
1 1 0 25.3 56.5 8 c26f 0b 7f -1 -1 -1 12 -1
1 1 2 25.3 56.5 6 c26f 0b 7f -1 -1 -1 12 -1
1 1 0 25.2 56.5 8 c26f 0b 7f -1 -1 -1 12 -1
1 1 0 25.3 56.5 8 c26f 0b 7f -1 -1 -1 12 -1
1 1 9 25.3 56.5 8 c26f 0b 7f -1 -1 -1 12 -1
1 1 0 25.2 56.5 8 c26f 0b 7f -1 -1 -1 12 -1
1 1 0 25.2 57.0 8 c26f 0b 7f -1 -1 -1 12 -1
1 1 0 25.3 57.0 8 c26f 0b 7f -1 -1 -1 12 -1
1 1 1 25.3 56.5 8 c26f 0b 7f -1 -1 -1 12 -1
1 1 1 25.3 56.5 8 c26f 0b 7f -1 -1 -1 12 -1
1 1 0 25.3 56.5 8 c26f 0b 7f -1 -1 -1 12 -1
1 1 0 25.3 56.5 8 c26f 0b 7f -1 -1 -1 12 -1
1 1 0 25.3 56.5 8 c26f 0b 7f -1 -1 -1 12 -1
1 1 0 25.3 56.5 8 c26f 0b 7f -1 -1 -1 12 -1
1 1 0 25.3 56.5 8 c26f 0b 7f -1 -1 -1 12 -1
1 1 0 25.3 56.5 8 c26f 0b 7f -1 -1 -1 12 -1
1 1 0 25.2 56.5 8 c26f 0b 7f -1 -1 -1 12 -1
1 1 0 25.3 56.0 8 c26f 0b 7f -1 -1 -1 12 -1
1 1 0 25.3 56.0 8 c26f 0b 7f -1 -1 -1 12 -1
1 1 0 25.2 56.0 8 c26f 0b 7f -1 -1 -1 12 -1
1 1 8 25.3 56.0 8 c26f 0b 7f -1 -1 -1 12 -1
1 1 0 25.3 56.0 8 c26f 0b 7f -1 -1 -1 12 -1
1 1 0 25.3 56.0 8 c26f 0b 7f -1 -1 -1 12 -1
1 1 8 25.3 56.0 8 c26f 0b 7f -1 -1 -1 12 -1
1 1 0 25.3 56.0 8 c26f 0b 7f -1 -1 -1 12 -1
1 1 0 25.3 56.0 8 c26f 0b 7f -1 -1 -1 12 -1
1 1 0 25.3 56.0 8 c26f 0b 7f -1 -1 -1 12 -1
1 1 0 25.3 56.0 8 c26f 0b 7f -1 -1 -1 12 -1
1 1 0 25.3 56.0 8 c26f 0b 7f -1 -1 -1 12 -1
1 1 0 25.2 56.0 8 c26f 0b 7f -1 -1 -1 12 -1
1 1 2 25.2 56.0 8 c26f 0b 7f -1 -1 -1 12 -1
1 1 0 25.2 56.0 8 c26f 0b 7f -1 -1 -1 12 -1
1 1 0 25.3 56.0 8 c26f 0b 7f -1 -1 -1 12 -1
1 1 0 25.3 56.0 8 c26f 0b 7f -1 -1 -1 12 -1
1 1 0 25.3 56.0 8 c26f 0b 7f -1 -1 -1 12 -1
1 1 0 25.3 56.0 8 c26f 0b 7f -1 -1 -1 12 -1
1 1 9 25.3 56.0 8 c26f 0b 7f -1 -1 -1 12 -1
1 1 0 25.3 56.0 8 c26f 0b 7f -1 -1 -1 12 -1
1 1 7 25.3 56.0 8 c26f 0b 7f -1 -1 -1 12 -1
1 1 0 25.3 56.0 8 c26f 0b 7f -1 -1 -1 12 -1
1 1 0 25.3 56.0 8 c26f 0b 7f -1 -1 -1 12 -1
1 1 0 25.3 56.0 8 c26f 0b 7f -1 -1 -1 12 -1
1 1 0 25.3 56.0 8 c26f 0b 7f -1 -1 -1 12 -1
1 1 0 25.3 56.0 8 c26f 0b 7f -1 -1 -1 12 -1
1 1 0 25.3 56.0 8 c26f 0b 7f -1 -1 -1 12 -1
1 1 0 25.3 56.0 8 c26f 0b 7f -1 -1 -1 12 -1
1 1 0 25.4 56.0 8 c26f 0b 7f -1 -1 -1 12 -1
1 1 0 25.3 56.0 8 c26f 0b 7f -1 -1 -1 12 -1
1 1 0 25.3 56.0 8 c26f 0b 7f -1 -1 -1 12 -1
1 1 0 25.3 56.0 8 c26f 0b 7f -1 -1 -1 12 -1
1 1 0 25.3 56.5 8 c26f 0b 7f -1 -1 -1 12 -1
1 1 0 25.4 56.5 6 c26f 0b 7f -1 -1 -1 12 -1
1 1 0 25.4 56.5 8 c26f 0b 7f -1 -1 -1 12 -1
1 1 0 25.4 56.5 8 c26f 0b 7f -1 -1 -1 12 -1
1 1 0 25.4 56.5 8 c26f 0b 7f -1 -1 -1 12 -1
1 1 0 25.4 56.5 8 c26f 0b 7f -1 -1 -1 12 -1
1 1 0 25.4 56.5 8 c26f 0b 7f -1 -1 -1 12 -1
1 1 0 25.4 56.5 8 c26f 0b 7f -1 -1 -1 12 -1
1 1 0 25.4 56.5 8 c26f 0b 7f -1 -1 -1 12 -1
1 1 1 25.4 56.5 8 c26f 0b 7f -1 -1 -1 12 -1
1 1 0 25.4 56.5 8 c26f 0b 7f -1 -1 -1 12 -1
1 1 0 25.3 56.5 8 c26f 0b 7f -1 -1 -1 12 -1
1 1 12 25.3 56.5 0 c26f 0b 7f -1 -1 -1 12 -1
1 1 0 25.3 56.0 0 c26f 0b 7f -1 -1 -1 12 -1
1 1 7 25.3 56.0 0 c26f 0b 7f -1 -1 -1 12 -1
1 1 1 25.3 56.0 0 c26f 0b 7f -1 -1 -1 12 -1
1 1 0 25.3 56.0 0 c26f 0b 7f -1 -1 -1 12 -1
1 1 0 25.3 56.0 0 c26f 0b 7f -1 -1 -1 12 -1
1 1 0 25.5 56.0 0 c26f 0b 7f -1 -1 -1 12 -1
1 1 0 25.4 55.5 0 c26f 0b 7f -1 -1 -1 12 -1
1 1 0 25.3 56.0 0 c26f 0b 7f -1 -1 -1 12 -1
1 1 0 25.4 55.5 0 c26f 0b 7f -1 -1 -1 12 -1
1 1 7 25.4 56.0 0 c26f 0b 7f -1 -1 -1 12 -1
1 1 0 25.3 56.0 0 c26f 0b 7f -1 -1 -1 12 -1
1 1 20 25.4 56.0 1 c26f 0b 0f -1 -1 -1 12 -1
1 1 0 25.4 56.5 1 c26f 0b 0f -1 -1 -1 12 -1
1 1 0 25.4 57.0 1 c26f 0b 0f -1 -1 -1 12 -1
1 1 0 25.5 57.5 1 c26f 0b 0f -1 -1 -1 12 -1
1 1 0 25.5 58.0 1 c26f 0b 0f -1 -1 -1 12 -1
1 1 0 25.5 58.0 1 c26f 0b 0f -1 -1 -1 12 -1
1 1 0 25.5 58.5 1 c26f 0b 0f -1 -1 -1 12 -1
1 1 0 25.6 59.0 1 c26f 0b 0f -1 -1 -1 12 -1
1 1 0 25.7 59.0 1 c26f 0b 0f -1 -1 -1 12 -1
1 1 0 25.7 59.5 1 c26f 0b 0f -1 -1 -1 12 -1
1 1 0 25.8 60.0 1 c26f 0b 0f -1 -1 -1 12 -1
1 1 0 25.8 60.5 1 c26f 0b 0f -1 -1 -1 12 -1
1 1 0 25.8 60.5 1 c26f 0b 0f -1 -1 -1 12 -1
1 1 0 25.9 60.5 1 c26f 0b 0f -1 -1 -1 12 -1
1 1 0 25.9 60.5 1 c26f 0b 0f -1 -1 -1 12 -1
1 1 0 25.9 61.0 1 c26f 0b 0f -1 -1 -1 12 -1
1 1 0 25.9 61.5 1 c26f 0b 0f -1 -1 -1 12 -1
1 1 0 25.9 62.0 1 c26f 0b 0f -1 -1 -1 12 -1
1 1 0 26.0 62.0 1 c26f 0b 0f -1 -1 -1 12 -1
1 1 0 26.0 62.5 1 c26f 0b 0f -1 -1 -1 12 -1
1 1 0 26.0 62.5 1 c26f 0b 0f -1 -1 -1 12 -1
1 1 0 26.1 62.5 1 c26f 0b 0f -1 -1 -1 12 -1
1 1 0 26.1 62.5 1 c26f 0b 0f -1 -1 -1 12 -1
1 1 0 26.1 62.5 1 c26f 0b 0f -1 -1 -1 12 -1
1 1 0 26.2 62.5 1 c26f 0b 0f -1 -1 -1 12 -1
1 1 0 26.2 63.0 1 c26f 0b 0f -1 -1 -1 12 -1
1 1 0 26.2 62.5 1 c26f 0b 0f -1 -1 -1 12 -1
1 1 0 26.3 63.0 1 c26f 0b 0f -1 -1 -1 12 -1
1 1 0 26.3 63.5 1 c26f 0b 0f -1 -1 -1 12 -1
1 1 0 26.2 63.5 1 c26f 0b 0f -1 -1 -1 12 -1
1 1 0 26.3 64.0 1 c26f 0b 0f -1 -1 -1 12 -1
1 1 0 26.3 63.5 1 c26f 0b 0f -1 -1 -1 12 -1
1 1 0 26.3 63.5 1 c26f 0b 0f -1 -1 -1 12 -1
1 1 0 26.3 63.5 1 c26f 0b 0f -1 -1 -1 12 -1
1 1 0 26.4 63.5 1 c26f 0b 0f -1 -1 -1 12 -1
1 1 0 26.4 64.0 1 c26f 0b 0f -1 -1 -1 12 -1
1 1 0 26.4 63.5 1 c26f 0b 0f -1 -1 -1 12 -1
1 1 0 26.4 63.5 1 c26f 0b 0f -1 -1 -1 12 -1
1 1 0 26.4 63.5 1 c26f 0b 0f -1 -1 -1 12 -1
1 1 0 26.5 65.0 1 c26f 0b 0f -1 -1 -1 12 -1
1 1 0 26.5 65.0 1 c26f 0b 0f -1 -1 -1 12 -1
1 1 0 26.5 65.0 1 c26f 0b 0f -1 -1 -1 12 -1
1 1 0 26.5 65.0 1 c26f 0b 0f -1 -1 -1 12 -1
1 1 0 26.5 65.0 1 c26f 0b 0f -1 -1 -1 12 -1
1 1 0 26.5 65.0 1 c26f 0b 0f -1 -1 -1 12 -1
1 1 0 26.6 65.0 1 c26f 0b 0f -1 -1 -1 12 -1
1 1 0 26.6 65.0 1 c26f 0b 0f -1 -1 -1 12 -1
1 1 0 26.6 65.0 1 c26f 0b 0f -1 -1 -1 12 -1
1 1 0 26.6 65.5 1 c26f 0b 0f -1 -1 -1 12 -1
1 1 0 26.6 65.5 1 c26f 0b 0f -1 -1 -1 12 -1
1 1 0 26.7 65.5 1 c26f 0b 0f -1 -1 -1 12 -1
1 1 0 26.7 65.5 1 c26f 0b 0f -1 -1 -1 12 -1
1 1 0 26.7 66.0 1 c26f 0b 0f -1 -1 -1 12 -1
1 1 0 26.7 66.0 1 c26f 0b 0f -1 -1 -1 12 -1
1 1 0 26.8 66.0 1 c26f 0b 0f -1 -1 -1 12 -1
1 1 0 26.8 65.5 1 c26f 0b 0f -1 -1 -1 12 -1
1 1 0 26.8 66.0 1 c26f 0b 0f -1 -1 -1 12 -1
1 1 0 26.8 66.0 1 c26f 0b 0f -1 -1 -1 12 -1
1 1 0 26.8 66.0 1 c26f 0b 0f -1 -1 -1 12 -1
1 1 0 26.8 66.5 1 c26f 0b 0f -1 -1 -1 12 -1
1 1 0 26.9 66.5 1 c26f 0b 0f -1 -1 -1 12 -1
1 1 0 26.9 66.5 1 c26f 0b 0f -1 -1 -1 12 -1
1 1 0 26.8 66.0 1 c26f 0b 0f -1 -1 -1 12 -1
1 1 0 26.9 66.0 1 c26f 0b 0f -1 -1 -1 12 -1
1 1 0 27.0 66.5 1 c26f 0b 0f -1 -1 -1 12 -1
1 1 0 26.9 66.0 1 c26f 0b 0f -1 -1 -1 12 -1
1 1 0 27.0 66.0 1 c26f 0b 0f -1 -1 -1 12 -1
1 1 0 27.0 66.5 1 c26f 0b 0f -1 -1 -1 12 -1
1 1 0 27.0 66.0 1 c26f 0b 0f -1 -1 -1 12 -1
1 1 0 27.0 66.5 1 c26f 0b 0f -1 -1 -1 12 -1
1 1 0 27.0 66.0 1 c26f 0b 0f -1 -1 -1 12 -1
1 1 0 27.0 66.0 1 c26f 0b 0f -1 -1 -1 12 -1
1 1 0 27.0 66.0 1 c26f 0b 0f -1 -1 -1 12 -1
1 1 0 27.1 67.5 1 c26f 0b 0f -1 -1 -1 12 -1
1 1 0 27.1 68.0 1 c26f 0b 0f -1 -1 -1 12 -1
1 1 0 27.1 68.0 1 c26f 0b 0f -1 -1 -1 12 -1
1 1 0 27.1 67.5 1 c26f 0b 0f -1 -1 -1 12 -1
1 1 0 27.1 67.5 1 c26f 0b 0f -1 -1 -1 12 -1
1 1 0 27.2 67.0 1 c26f 0b 0f -1 -1 -1 12 -1
1 1 0 27.2 67.0 1 c26f 0b 0f -1 -1 -1 12 -1
1 1 0 27.2 67.0 1 c26f 0b 0f -1 -1 -1 12 -1
1 1 0 27.2 66.5 1 c26f 0b 0f -1 -1 -1 12 -1
1 1 0 27.2 66.5 1 c26f 0b 0f -1 -1 -1 12 -1
1 1 0 27.2 67.0 1 c26f 0b 0f -1 -1 -1 12 -1
1 1 0 27.3 67.0 1 c26f 0b 0f -1 -1 -1 12 -1
1 1 0 27.3 66.5 1 c26f 0b 0f -1 -1 -1 12 -1
1 1 0 27.3 66.5 1 c26f 0b 0f -1 -1 -1 12 -1
1 1 0 27.2 66.5 1 c26f 0b 0f -1 -1 -1 12 -1
1 1 0 27.3 66.5 1 c26f 0b 0f -1 -1 -1 12 -1
1 1 0 27.3 66.5 1 c26f 0b 0f -1 -1 -1 12 -1
1 1 0 27.3 66.5 1 c26f 0b 0f -1 -1 -1 12 -1
1 1 0 27.3 66.5 1 c26f 0b 0f -1 -1 -1 12 -1
1 1 0 27.3 66.5 1 c26f 0b 0f -1 -1 -1 12 -1
1 1 0 27.4 66.5 1 c26f 0b 0f -1 -1 -1 12 -1
1 1 0 27.4 67.0 1 c26f 0b 0f -1 -1 -1 12 -1
1 1 0 27.4 67.0 1 c26f 0b 0f -1 -1 -1 12 -1
1 1 0 27.4 67.0 1 c26f 0b 0f -1 -1 -1 12 -1
1 1 0 27.4 67.0 1 c26f 0b 0f -1 -1 -1 12 -1
1 1 0 27.3 66.5 1 c26f 0b 0f -1 -1 -1 12 -1
1 1 0 27.4 66.5 1 c26f 0b 0f -1 -1 -1 12 -1
1 1 0 27.4 66.5 1 c26f 0b 0f -1 -1 -1 12 -1
1 1 0 27.4 67.5 1 c26f 0b 0f -1 -1 -1 12 -1
1 1 0 27.4 66.5 1 c26f 0b 0f -1 -1 -1 12 -1
1 1 0 27.4 66.5 1 c26f 0b 0f -1 -1 -1 12 -1
1 1 0 27.5 67.5 1 c26f 0b 0f -1 -1 -1 12 -1
