1 1 0 29.0 57.5 1 -1 0b 0f -1 -1 -1 -1 -1
1 1 0 29.0 57.5 1 -1 0b 0f -1 -1 -1 -1 -1
1 1 0 29.1 57.5 1 -1 0b 0f -1 -1 -1 -1 -1
1 1 0 29.1 57.5 1 -1 0b 0f -1 -1 -1 -1 -1
1 1 0 29.1 58.0 1 -1 0b 0f -1 -1 -1 -1 -1
1 1 0 29.1 57.5 1 -1 0b 0f -1 -1 -1 -1 -1
1 1 0 29.2 58.0 1 -1 0b 0f -1 -1 -1 -1 -1
1 1 0 29.2 58.0 1 -1 0b 0f -1 -1 -1 -1 -1
1 1 0 29.2 58.0 1 -1 0b 0f -1 -1 -1 -1 -1
1 1 0 29.2 58.0 1 -1 0b 0f -1 -1 -1 -1 -1
1 1 0 29.2 58.0 1 -1 0b 0f -1 -1 -1 -1 -1
1 1 0 29.2 57.5 1 -1 0b 0f -1 -1 -1 -1 -1
1 1 0 29.3 57.5 1 -1 0b 0f -1 -1 -1 -1 -1
1 1 0 29.3 57.5 1 -1 0b 0f -1 -1 -1 -1 -1
1 1 0 29.3 57.5 1 -1 0b 0f -1 -1 -1 -1 -1
1 1 0 29.3 57.5 1 -1 0b 0f -1 -1 -1 -1 -1
1 1 0 29.3 57.5 1 -1 0b 0f -1 -1 -1 -1 -1
1 1 0 29.3 57.5 1 -1 0b 0f -1 -1 -1 -1 -1
1 1 0 29.4 57.5 1 -1 0b 0f -1 -1 -1 -1 -1
1 1 0 29.4 57.5 1 -1 0b 0f -1 -1 -1 -1 -1
1 1 0 29.4 57.0 1 -1 0b 0f -1 -1 -1 -1 -1
1 1 0 29.4 57.5 1 -1 0b 0f -1 -1 -1 -1 -1
1 1 0 29.4 57.5 1 -1 0b 0f -1 -1 -1 -1 -1
1 1 0 29.5 58.0 1 -1 0b 0f -1 -1 -1 -1 -1
1 1 0 29.4 58.0 1 -1 0b 0f -1 -1 -1 -1 -1
1 1 0 29.5 58.0 1 -1 0b 0f -1 -1 -1 -1 -1
1 1 0 29.5 58.0 1 -1 0b 0f -1 -1 -1 -1 -1
1 1 0 29.4 58.0 1 -1 0b 0f -1 -1 -1 -1 -1
1 1 0 29.5 58.0 1 -1 0b 0f -1 -1 -1 -1 -1
1 1 0 29.5 58.0 1 -1 0b 0f -1 -1 -1 -1 -1
1 1 0 29.6 57.5 1 -1 0b 0f -1 -1 -1 -1 -1
1 1 0 29.5 57.5 1 -1 0b 0f -1 -1 -1 -1 -1
1 1 0 29.5 57.5 1 -1 0b 0f -1 -1 -1 -1 -1
1 1 0 29.6 57.5 1 -1 0b 0f -1 -1 -1 -1 -1
1 1 0 29.6 57.5 1 -1 0b 0f -1 -1 -1 -1 -1
1 1 0 29.7 57.5 1 -1 0b 0f -1 -1 -1 -1 -1
1 1 0 29.6 57.5 1 -1 0b 0f -1 -1 -1 -1 -1
1 1 0 29.7 57.5 1 -1 0b 0f -1 -1 -1 -1 -1
1 1 0 29.7 57.5 1 -1 0b 0f -1 -1 -1 -1 -1
1 1 0 29.6 57.0 1 -1 0b 0f -1 -1 -1 -1 -1
1 1 0 29.7 57.5 1 -1 0b 0f -1 -1 -1 -1 -1
1 1 0 29.7 57.5 1 -1 0b 0f -1 -1 -1 -1 -1
1 1 0 29.7 57.5 1 -1 0b 0f -1 -1 -1 -1 -1
1 1 0 29.8 57.5 1 -1 0b 0f -1 -1 -1 -1 -1
1 1 0 29.8 57.5 1 -1 0b 0f -1 -1 -1 -1 -1
1 1 0 29.8 58.0 1 -1 0b 0f -1 -1 -1 -1 -1
1 1 0 29.7 57.5 1 -1 0b 0f -1 -1 -1 -1 -1
1 1 0 29.7 58.0 1 -1 0b 0f -1 -1 -1 -1 -1
1 1 0 29.7 58.0 1 -1 0b 0f -1 -1 -1 -1 -1
1 1 0 29.8 58.0 1 -1 0b 0f -1 -1 -1 -1 -1
1 1 0 29.7 58.0 1 -1 0b 0f -1 -1 -1 -1 -1
1 1 0 29.8 58.0 1 -1 0b 0f -1 -1 -1 -1 -1
1 1 0 29.8 58.0 1 -1 0b 0f -1 -1 -1 -1 -1
1 1 0 29.8 58.0 1 -1 0b 0f -1 -1 -1 -1 -1
1 1 0 29.9 58.0 1 -1 0b 0f -1 -1 -1 -1 -1
1 1 0 29.9 58.0 1 -1 0b 0f -1 -1 -1 -1 -1
1 1 0 29.9 58.0 1 -1 0b 0f -1 -1 -1 -1 -1
1 1 0 29.9 58.0 1 -1 0b 0f -1 -1 -1 -1 -1
1 1 0 29.9 58.0 1 -1 0b 0f -1 -1 -1 -1 -1
1 1 0 29.9 58.0 1 -1 0b 0f -1 -1 -1 -1 -1
1 1 0 29.9 58.5 1 -1 0b 0f -1 -1 -1 -1 -1
1 1 0 29.9 58.5 1 -1 0b 0f -1 -1 -1 -1 -1
1 1 0 29.9 58.0 1 -1 0b 0f -1 -1 -1 -1 -1
1 1 0 30.0 58.0 1 -1 0b 0f -1 -1 -1 -1 -1
1 1 0 30.0 58.0 1 -1 0b 0f -1 -1 -1 -1 -1
1 1 0 30.0 58.0 1 -1 0b 0f -1 -1 -1 -1 -1
1 1 0 30.0 58.0 1 -1 0b 0f -1 -1 -1 -1 -1
1 1 0 30.0 58.0 1 -1 0b 0f -1 -1 -1 -1 -1
1 1 0 30.0 58.5 1 -1 0b 0f -1 -1 -1 -1 -1
1 1 0 30.0 58.5 1 -1 0b 0f -1 -1 -1 -1 -1
1 1 0 30.0 58.5 1 -1 0b 0f -1 -1 -1 -1 -1
1 1 0 30.0 58.5 1 -1 0b 0f -1 -1 -1 -1 -1
1 1 0 30.0 58.5 1 -1 0b 0f -1 -1 -1 -1 -1
1 1 0 30.0 58.5 1 -1 0b 0f -1 -1 -1 -1 -1
1 1 0 30.1 58.5 1 -1 0b 0f -1 -1 -1 -1 -1
1 1 0 30.1 58.5 1 -1 0b 0f -1 -1 -1 -1 -1
1 1 0 30.1 58.5 1 -1 0b 0f -1 -1 -1 -1 -1
1 1 0 30.0 58.5 1 -1 0b 0f -1 -1 -1 -1 -1
1 1 0 30.1 58.5 1 -1 0b 0f -1 -1 -1 -1 -1
1 1 0 30.0 58.5 1 -1 0b 0f -1 -1 -1 -1 -1
1 1 0 30.1 58.5 1 -1 0b 0f -1 -1 -1 -1 -1
1 1 0 30.0 58.5 1 -1 0b 0f -1 -1 -1 -1 -1
1 1 0 30.1 58.5 1 -1 0b 0f -1 -1 -1 -1 -1
1 1 0 30.1 58.5 1 -1 0b 0f -1 -1 -1 -1 -1
1 1 0 30.2 58.5 1 -1 0b 0f -1 -1 -1 -1 -1
1 1 0 30.2 59.0 1 -1 0b 0f -1 -1 -1 -1 -1
1 1 0 30.2 59.0 1 -1 0b 0f -1 -1 -1 -1 -1
1 1 0 30.2 58.5 1 -1 0b 0f -1 -1 -1 -1 -1
1 1 0 30.2 59.0 1 -1 0b 0f -1 -1 -1 -1 -1
1 1 0 30.2 59.0 1 -1 0b 0f -1 -1 -1 -1 -1
1 1 0 30.2 59.0 1 -1 0b 0f -1 -1 -1 -1 -1
1 1 0 30.2 59.0 1 -1 0b 0f -1 -1 -1 -1 -1
1 1 0 30.2 59.0 1 -1 0b 0f -1 -1 -1 -1 -1
1 1 0 30.2 58.5 1 -1 0b 0f -1 -1 -1 -1 -1
1 1 0 30.2 58.5 1 -1 0b 0f -1 -1 -1 -1 -1
1 1 0 30.3 58.5 1 -1 0b 0f -1 -1 -1 -1 -1
1 1 0 30.2 58.5 1 -1 0b 0f -1 -1 -1 -1 -1
1 1 0 30.3 58.5 1 -1 0b 0f -1 -1 -1 -1 -1
1 1 0 30.3 58.5 1 -1 0b 0f -1 -1 -1 -1 -1
1 1 0 30.4 58.5 1 -1 0b 0f -1 -1 -1 -1 -1
1 1 0 30.3 58.5 1 -1 0b 0f -1 -1 -1 -1 -1
1 1 0 30.3 58.5 1 -1 0b 0f -1 -1 -1 -1 -1
1 1 0 30.3 58.5 1 -1 0b 0f -1 -1 -1 -1 -1
1 1 0 30.3 58.5 1 -1 0b 0f -1 -1 -1 -1 -1
1 1 0 30.3 58.5 1 -1 0b 0f -1 -1 -1 -1 -1
1 1 0 30.4 58.5 1 -1 0b 0f -1 -1 -1 -1 -1
1 1 0 30.3 58.5 1 -1 0b 0f -1 -1 -1 -1 -1
1 1 0 30.3 59.0 1 -1 0b 0f -1 -1 -1 -1 -1
1 1 0 30.3 58.5 1 -1 0b 0f -1 -1 -1 -1 -1
1 1 0 30.3 58.5 1 -1 0b 0f -1 -1 -1 -1 -1
1 1 0 30.4 59.0 1 -1 0b 0f -1 -1 -1 -1 -1
1 1 0 30.3 59.0 1 -1 0b 0f -1 -1 -1 -1 -1
1 1 0 30.4 59.0 1 -1 0b 0f -1 -1 -1 -1 -1
1 1 0 30.4 58.5 1 -1 0b 0f -1 -1 -1 -1 -1
1 1 0 30.4 58.5 1 -1 0b 0f -1 -1 -1 -1 -1
1 1 0 30.4 58.5 1 -1 0b 0f -1 -1 -1 -1 -1
1 1 0 30.4 58.5 1 -1 0b 0f -1 -1 -1 -1 -1
1 1 0 30.4 58.5 1 -1 0b 0f -1 -1 -1 -1 -1
1 1 0 30.4 58.5 1 -1 0b 0f -1 -1 -1 -1 -1
1 1 0 30.5 59.0 1 -1 0b 0f -1 -1 -1 -1 -1
1 1 0 30.4 58.5 1 -1 0b 0f -1 -1 -1 -1 -1
1 1 0 30.5 59.0 1 -1 0b 0f -1 -1 -1 -1 -1
1 1 0 30.5 59.0 1 -1 0b 0f -1 -1 -1 -1 -1
1 1 0 30.4 59.0 1 -1 0b 0f -1 -1 -1 -1 -1
1 1 0 30.5 59.0 1 -1 0b 0f -1 -1 -1 -1 -1
1 1 0 30.5 59.0 1 -1 0b 0f -1 -1 -1 -1 -1
1 1 0 30.4 59.0 1 -1 0b 0f -1 -1 -1 -1 -1
1 1 0 30.5 59.0 1 -1 0b 0f -1 -1 -1 -1 -1
1 1 0 30.5 59.0 1 -1 0b 0f -1 -1 -1 -1 -1
1 1 0 30.5 59.0 1 -1 0b 0f -1 -1 -1 -1 -1
1 1 0 30.5 59.0 1 -1 0b 0f -1 -1 -1 -1 -1
1 1 0 30.5 59.0 1 -1 0b 0f -1 -1 -1 -1 -1
1 1 0 30.5 59.0 1 -1 0b 0f -1 -1 -1 -1 -1
1 1 0 30.5 59.0 1 -1 0b 0f -1 -1 -1 -1 -1
1 1 0 30.5 59.0 1 -1 0b 0f -1 -1 -1 -1 -1
1 1 0 30.5 59.0 1 -1 0b 0f -1 -1 -1 -1 -1
1 1 0 30.6 59.0 1 -1 0b 0f -1 -1 -1 -1 -1
1 1 0 30.6 59.0 1 -1 0b 0f -1 -1 -1 -1 -1
1 1 0 30.5 59.0 1 -1 0b 0f -1 -1 -1 -1 -1
1 1 0 30.5 59.0 1 -1 0b 0f -1 -1 -1 -1 -1
1 1 0 30.6 59.0 1 -1 0b 0f -1 -1 -1 -1 -1
1 1 0 30.6 59.0 1 -1 0b 0f -1 -1 -1 -1 -1
1 1 0 30.6 59.0 1 -1 0b 0f -1 -1 -1 -1 -1
1 1 0 30.6 59.0 1 -1 0b 0f -1 -1 -1 -1 -1
1 1 0 30.5 59.0 1 -1 0b 0f -1 -1 -1 -1 -1
1 1 0 30.6 59.5 1 -1 0b 0f -1 -1 -1 -1 -1
1 1 0 30.5 59.0 1 -1 0b 0f -1 -1 -1 -1 -1
1 1 0 30.6 59.0 1 -1 0b 0f -1 -1 -1 -1 -1
1 1 0 30.6 59.0 1 -1 0b 0f -1 -1 -1 -1 -1
1 1 0 30.6 59.0 1 -1 0b 0f -1 -1 -1 -1 -1
1 1 0 30.6 59.0 1 -1 0b 0f -1 -1 -1 -1 -1
1 1 0 30.6 59.0 1 -1 0b 0f -1 -1 -1 -1 -1
1 1 0 30.6 59.0 1 -1 0b 0f -1 -1 -1 -1 -1
1 1 0 30.7 59.5 1 -1 0b 0f -1 -1 -1 -1 -1
1 1 0 30.6 59.0 1 -1 0b 0f -1 -1 -1 -1 -1
1 1 0 30.6 59.5 1 -1 0b 0f -1 -1 -1 -1 -1
1 1 0 30.7 59.5 1 -1 0b 0f -1 -1 -1 -1 -1
1 1 0 30.7 59.0 1 -1 0b 0f -1 -1 -1 -1 -1
1 1 0 30.7 59.0 1 -1 0b 0f -1 -1 -1 -1 -1
1 1 0 30.7 59.0 1 -1 0b 0f -1 -1 -1 -1 -1
1 1 0 30.7 59.0 1 -1 0b 0f -1 -1 -1 -1 -1
1 1 0 30.6 59.5 1 -1 0b 0f -1 -1 -1 -1 -1
1 1 0 30.7 59.0 1 -1 0b 0f -1 -1 -1 -1 -1
1 1 0 30.7 59.5 1 -1 0b 0f -1 -1 -1 -1 -1
1 1 0 30.7 59.0 1 -1 0b 0f -1 -1 -1 -1 -1
1 1 0 30.7 59.5 1 -1 0b 0f -1 -1 -1 -1 -1
1 1 0 30.7 59.5 1 -1 0b 0f -1 -1 -1 -1 -1
1 1 0 30.7 59.5 1 -1 0b 0f -1 -1 -1 -1 -1
1 1 0 30.7 59.5 1 -1 0b 0f -1 -1 -1 -1 -1
1 1 0 30.7 59.5 1 -1 0b 0f -1 -1 -1 -1 -1
1 1 0 30.8 59.5 1 -1 0b 0f -1 -1 -1 -1 -1
1 1 0 30.8 59.5 1 -1 0b 0f -1 -1 -1 -1 -1
1 1 0 30.7 59.5 1 -1 0b 0f -1 -1 -1 -1 -1
1 1 0 30.8 59.5 1 -1 0b 0f -1 -1 -1 -1 -1
1 1 0 30.8 59.5 1 -1 0b 0f -1 -1 -1 -1 -1
1 1 0 30.7 59.5 1 -1 0b 0f -1 -1 -1 -1 -1
1 1 0 30.7 59.5 1 -1 0b 0f -1 -1 -1 -1 -1
1 1 0 30.8 59.5 1 -1 0b 0f -1 -1 -1 -1 -1
1 1 0 30.7 59.5 1 -1 0b 0f -1 -1 -1 -1 -1
1 1 0 30.7 59.5 1 -1 0b 0f -1 -1 -1 -1 -1
1 1 0 30.8 59.5 1 -1 0b 0f -1 -1 -1 -1 -1
1 1 0 30.8 59.5 1 -1 0b 0f -1 -1 -1 -1 -1
1 1 0 30.7 59.5 1 -1 0b 0f -1 -1 -1 -1 -1
1 1 0 30.7 59.5 1 -1 0b 0f -1 -1 -1 -1 -1
1 1 0 30.8 59.5 1 -1 0b 0f -1 -1 -1 -1 -1
1 1 0 30.8 59.5 1 -1 0b 0f -1 -1 -1 -1 -1
1 1 0 30.8 59.5 1 -1 0b 0f -1 -1 -1 -1 -1
1 1 0 30.8 59.5 1 -1 0b 0f -1 -1 -1 -1 -1
1 1 0 30.8 59.5 1 -1 0b 0f -1 -1 -1 -1 -1
1 1 0 30.8 59.5 1 -1 0b 0f -1 -1 -1 -1 -1
1 1 0 30.8 59.5 1 -1 0b 0f -1 -1 -1 -1 -1
1 1 0 30.8 59.5 1 -1 0b 0f -1 -1 -1 -1 -1
1 1 0 30.8 59.5 1 -1 0b 0f -1 -1 -1 -1 -1
1 1 0 30.8 59.5 1 -1 0b 0f -1 -1 -1 -1 -1
1 1 0 30.8 59.5 1 -1 0b 0f -1 -1 -1 -1 -1
1 1 0 30.8 59.5 1 -1 0b 0f -1 -1 -1 -1 -1
1 1 0 30.8 59.5 1 -1 0b 0f -1 -1 -1 -1 -1
1 1 0 30.9 59.5 1 -1 0b 0f -1 -1 -1 -1 -1
1 1 0 30.8 59.5 1 -1 0b 0f -1 -1 -1 -1 -1
1 1 0 30.9 59.5 1 -1 0b 0f -1 -1 -1 -1 -1
1 1 0 30.9 59.5 1 -1 0b 0f -1 -1 -1 -1 -1
1 1 0 30.9 59.5 1 -1 0b 0f -1 -1 -1 -1 -1
1 1 0 30.9 59.5 1 -1 0b 0f -1 -1 -1 -1 -1
1 1 0 30.9 59.5 1 -1 0b 0f -1 -1 -1 -1 -1
1 1 0 30.9 59.5 1 -1 0b 0f -1 -1 -1 -1 -1
1 1 0 30.9 59.5 1 -1 0b 0f -1 -1 -1 -1 -1
1 1 0 30.9 59.5 1 -1 0b 0f -1 -1 -1 -1 -1
1 1 0 30.9 59.5 1 -1 0b 0f -1 -1 -1 -1 -1
1 1 0 30.9 59.5 1 -1 0b 0f -1 -1 -1 -1 -1
1 1 0 30.9 59.5 1 -1 0b 0f -1 -1 -1 -1 -1
1 1 0 30.9 59.5 1 -1 0b 0f -1 -1 -1 -1 -1
1 1 0 31.0 59.5 1 -1 0b 0f -1 -1 -1 -1 -1
1 1 0 30.9 59.5 1 -1 0b 0f -1 -1 -1 -1 -1
1 1 0 31.0 59.5 1 -1 0b 0f -1 -1 -1 -1 -1
1 1 0 31.0 59.5 1 -1 0b 0f -1 -1 -1 -1 -1
1 1 0 30.9 59.0 1 -1 0b 0f -1 -1 -1 -1 -1
1 1 0 30.9 59.0 1 -1 0b 0f -1 -1 -1 -1 -1
1 1 0 30.9 59.0 1 -1 0b 0f -1 -1 -1 -1 -1
1 1 0 30.9 59.0 1 -1 0b 0f -1 -1 -1 -1 -1
1 1 0 30.9 59.0 1 -1 0b 0f -1 -1 -1 -1 -1
1 1 0 30.9 59.0 1 -1 0b 0f -1 -1 -1 -1 -1
1 1 0 30.9 59.0 1 -1 0b 0f -1 -1 -1 -1 -1
1 1 0 30.9 59.0 1 -1 0b 0f -1 -1 -1 -1 -1
1 1 0 30.9 59.0 1 -1 0b 0f -1 -1 -1 -1 -1
1 1 0 30.9 59.0 1 -1 0b 0f -1 -1 -1 -1 -1
1 1 0 30.9 59.0 1 -1 0b 0f -1 -1 -1 -1 -1
1 1 0 30.9 59.0 1 -1 0b 0f -1 -1 -1 -1 -1
1 1 0 30.9 59.0 1 -1 0b 0f -1 -1 -1 -1 -1
1 1 0 30.9 59.0 1 -1 0b 0f -1 -1 -1 -1 -1
1 1 0 31.0 59.0 1 -1 0b 0f -1 -1 -1 -1 -1
1 1 0 30.9 59.0 1 -1 0b 0f -1 -1 -1 -1 -1
1 1 0 30.9 59.0 1 -1 0b 0f -1 -1 -1 -1 -1
1 1 0 31.0 59.5 1 -1 0b 0f -1 -1 -1 -1 -1
1 1 0 31.0 59.5 1 -1 0b 0f -1 -1 -1 -1 -1
1 1 0 31.0 59.0 1 -1 0b 0f -1 -1 -1 -1 -1
1 1 0 31.0 59.5 1 -1 0b 0f -1 -1 -1 -1 -1
1 1 0 31.0 59.5 1 -1 0b 0f -1 -1 -1 -1 -1
1 1 0 31.0 59.5 1 -1 0b 0f -1 -1 -1 -1 -1
1 1 0 31.0 59.5 1 -1 0b 0f -1 -1 -1 -1 -1
1 1 0 31.0 59.0 1 -1 0b 0f -1 -1 -1 -1 -1
1 1 0 31.0 59.0 1 -1 0b 0f -1 -1 -1 -1 -1
1 1 0 31.0 59.0 1 -1 0b 0f -1 -1 -1 -1 -1
1 1 0 31.1 59.5 1 -1 0b 0f -1 -1 -1 -1 -1
1 1 0 31.0 59.5 1 -1 0b 0f -1 -1 -1 -1 -1
1 1 0 31.1 59.5 1 -1 0b 0f -1 -1 -1 -1 -1
1 1 0 31.0 59.0 1 -1 0b 0f -1 -1 -1 -1 -1
1 1 0 31.0 59.5 1 -1 0b 0f -1 -1 -1 -1 -1
1 1 0 31.1 59.5 1 -1 0b 0f -1 -1 -1 -1 -1
1 1 0 31.1 59.5 1 -1 0b 0f -1 -1 -1 -1 -1
1 1 0 31.1 59.5 1 -1 0b 0f -1 -1 -1 -1 -1
1 1 0 31.1 59.5 1 -1 0b 0f -1 -1 -1 -1 -1
1 1 0 31.1 59.5 1 -1 0b 0f -1 -1 -1 -1 -1
1 1 0 31.1 59.5 1 -1 0b 0f -1 -1 -1 -1 -1
1 1 0 31.1 59.5 1 -1 0b 0f -1 -1 -1 -1 -1
1 1 0 31.1 59.5 1 -1 0b 0f -1 -1 -1 -1 -1
1 1 0 31.0 59.5 1 -1 0b 0f -1 -1 -1 -1 -1
1 1 0 31.0 59.5 1 -1 0b 0f -1 -1 -1 -1 -1
1 1 0 31.1 59.5 1 -1 0b 0f -1 -1 -1 -1 -1
1 1 0 31.1 59.5 1 -1 0b 0f -1 -1 -1 -1 -1
1 1 0 31.1 60.0 1 -1 0b 0f -1 -1 -1 -1 -1
1 1 0 31.1 60.0 1 -1 0b 0f -1 -1 -1 -1 -1
1 1 0 31.1 60.0 1 -1 0b 0f -1 -1 -1 -1 -1
1 1 0 31.0 60.0 1 -1 0b 0f -1 -1 -1 -1 -1
1 1 0 31.1 60.0 1 -1 0b 0f -1 -1 -1 -1 -1
1 1 0 31.1 60.0 1 -1 0b 0f -1 -1 -1 -1 -1
1 1 0 31.1 60.0 1 -1 0b 0f -1 -1 -1 -1 -1
1 1 0 31.1 60.0 1 -1 0b 0f -1 -1 -1 -1 -1
1 1 0 31.1 60.5 1 -1 0b 0f -1 -1 -1 -1 -1
1 1 0 31.1 60.5 1 -1 0b 0f -1 -1 -1 -1 -1
1 1 0 31.1 60.0 1 -1 0b 0f -1 -1 -1 -1 -1
1 1 0 31.1 60.0 1 -1 0b 0f -1 -1 -1 -1 -1
1 1 0 31.1 60.0 1 -1 0b 0f -1 -1 -1 -1 -1
1 1 0 31.1 60.5 1 -1 0b 0f -1 -1 -1 -1 -1
1 1 0 31.1 60.0 1 -1 0b 0f -1 -1 -1 -1 -1
1 1 0 31.1 60.0 1 -1 0b 0f -1 -1 -1 -1 -1
1 1 0 31.1 60.0 1 -1 0b 0f -1 -1 -1 -1 -1
1 1 0 31.1 60.0 1 -1 0b 0f -1 -1 -1 -1 -1
1 1 0 31.1 60.0 1 -1 0b 0f -1 -1 -1 -1 -1
1 1 0 31.1 60.0 1 -1 0b 0f -1 -1 -1 -1 -1
1 1 0 31.1 60.0 1 -1 0b 0f -1 -1 -1 -1 -1
1 1 0 31.1 60.0 1 -1 0b 0f -1 -1 -1 -1 -1
1 1 0 31.1 60.5 1 -1 0b 0f -1 -1 -1 -1 -1
1 1 0 31.2 60.5 1 -1 0b 0f -1 -1 -1 -1 -1
1 1 0 31.2 60.5 1 -1 0b 0f -1 -1 -1 -1 -1
1 1 0 31.1 60.0 1 -1 0b 0f -1 -1 -1 -1 -1
1 1 0 31.1 60.0 1 -1 0b 0f -1 -1 -1 -1 -1
1 1 0 31.2 60.0 1 -1 0b 0f -1 -1 -1 -1 -1
1 1 0 31.1 60.0 1 -1 0b 0f -1 -1 -1 -1 -1
1 1 0 31.1 60.0 1 -1 0b 0f -1 -1 -1 -1 -1
1 1 0 31.1 60.0 1 -1 0b 0f -1 -1 -1 -1 -1
1 1 0 31.2 60.0 1 -1 0b 0f -1 -1 -1 -1 -1
1 1 0 31.2 60.0 1 -1 0b 0f -1 -1 -1 -1 -1
1 1 0 31.2 60.0 1 -1 0b 0f -1 -1 -1 -1 -1
1 1 0 31.2 60.0 1 -1 0b 0f -1 -1 -1 -1 -1
1 1 0 31.2 60.0 1 -1 0b 0f -1 -1 -1 -1 -1
1 1 0 31.2 60.5 1 -1 0b 0f -1 -1 -1 -1 -1
1 1 0 31.2 60.0 1 -1 0b 0f -1 -1 -1 -1 -1
1 1 0 31.2 60.0 1 -1 0b 0f -1 -1 -1 -1 -1
1 1 0 31.2 60.0 1 -1 0b 0f -1 -1 -1 -1 -1
1 1 0 31.2 60.0 1 -1 0b 0f -1 -1 -1 -1 -1
1 1 0 31.2 60.0 1 -1 0b 0f -1 -1 -1 -1 -1
1 1 0 31.2 60.0 1 -1 0b 0f -1 -1 -1 -1 -1
1 1 0 31.2 60.0 1 -1 0b 0f -1 -1 -1 -1 -1
1 1 0 31.2 60.0 1 -1 0b 0f -1 -1 -1 -1 -1
1 1 0 31.2 60.5 1 -1 0b 0f -1 -1 -1 -1 -1
1 1 0 31.2 60.5 1 -1 0b 0f -1 -1 -1 -1 -1
1 1 0 31.3 60.5 1 -1 0b 0f -1 -1 -1 -1 -1
1 1 0 31.3 60.5 1 -1 0b 0f -1 -1 -1 -1 -1
1 1 0 31.2 60.0 1 -1 0b 0f -1 -1 -1 -1 -1
1 1 0 31.2 60.5 1 -1 0b 0f -1 -1 -1 -1 -1
1 1 0 31.3 60.5 1 -1 0b 0f -1 -1 -1 -1 -1
1 1 0 31.3 60.5 1 -1 0b 0f -1 -1 -1 -1 -1
1 1 0 31.2 60.0 1 -1 0b 0f -1 -1 -1 -1 -1
1 1 0 31.2 60.0 1 -1 0b 0f -1 -1 -1 -1 -1
1 1 0 31.2 60.5 1 -1 0b 0f -1 -1 -1 -1 -1
1 1 0 31.3 60.5 1 -1 0b 0f -1 -1 -1 -1 -1
1 1 0 31.2 60.5 1 -1 0b 0f -1 -1 -1 -1 -1
1 1 0 31.2 60.5 1 -1 0b 0f -1 -1 -1 -1 -1
1 1 0 31.2 60.5 1 -1 0b 0f -1 -1 -1 -1 -1
1 1 0 31.3 60.5 1 -1 0b 0f -1 -1 -1 -1 -1
1 1 0 31.3 60.5 0 -1 0b 0f -1 -1 -1 -1 -1
1 1 0 31.2 60.5 0 -1 0b 0f -1 -1 -1 -1 -1
1 1 0 31.3 60.5 0 -1 0b 0f -1 -1 -1 -1 -1
1 1 0 31.2 60.5 0 -1 0b 0f -1 -1 -1 -1 -1
1 1 0 31.3 60.5 0 -1 0b 0f -1 -1 -1 -1 -1
1 1 0 31.3 60.5 2 -1 0b 0f -1 -1 -1 -1 -1
1 1 0 31.3 60.5 3 -1 0b 0f -1 -1 -1 -1 -1
1 1 0 31.3 60.5 3 -1 0b 0f -1 -1 -1 -1 -1
1 1 0 31.3 60.5 3 -1 0b 0f -1 -1 -1 -1 -1
1 1 0 31.3 60.5 1 -1 0b 0f -1 -1 -1 -1 -1
1 1 0 31.2 60.5 1 -1 0b 0f -1 -1 -1 -1 -1
1 1 0 31.2 60.0 2 -1 0b 0f -1 -1 -1 -1 -1
1 1 0 31.2 60.0 2 -1 0b 0f -1 -1 -1 -1 -1
1 1 0 31.2 60.0 2 -1 0b 0f -1 -1 -1 -1 -1
1 1 0 31.3 60.5 2 -1 0b 0f -1 -1 -1 -1 -1
1 1 0 31.3 60.5 1 -1 0b 0f -1 -1 -1 -1 -1
1 1 0 31.2 60.0 2 -1 0b 0f -1 -1 -1 -1 -1
1 1 0 31.3 60.0 2 -1 0b 0f -1 -1 -1 -1 -1
1 1 0 31.2 60.0 2 -1 0b 0f -1 -1 -1 -1 -1
1 1 0 31.2 60.0 2 -1 0b 0f -1 -1 -1 -1 -1
1 1 0 31.3 60.0 2 -1 0b 0f -1 -1 -1 -1 -1
1 1 0 31.3 60.0 2 -1 0b 0f -1 -1 -1 -1 -1
1 1 0 31.2 60.5 2 -1 0b 0f -1 -1 -1 -1 -1
1 1 0 31.2 60.0 2 -1 0b 0f -1 -1 -1 -1 -1
1 1 0 31.3 60.5 2 -1 0b 0f -1 -1 -1 -1 -1
1 1 0 31.2 60.5 3 -1 0b 0f -1 -1 -1 -1 -1
1 1 0 31.3 60.5 3 -1 0b 0f -1 -1 -1 -1 -1
1 1 0 31.3 60.5 3 -1 0b 0f -1 -1 -1 -1 -1
1 1 0 31.3 60.5 1 -1 0b 0f -1 -1 -1 -1 -1
1 1 0 31.3 60.5 1 -1 0b 0f -1 -1 -1 -1 -1
1 1 0 31.3 60.5 1 -1 0b 0f -1 -1 -1 -1 -1
1 1 0 31.3 60.5 1 -1 0b 0f -1 -1 -1 -1 -1
1 1 0 31.3 60.0 1 -1 0b 0f -1 -1 -1 -1 -1
1 1 0 31.2 60.0 1 -1 0b 0f -1 -1 -1 -1 -1
1 1 0 31.3 59.5 2 -1 0b 0f -1 -1 -1 -1 -1
1 1 0 31.3 59.5 4 -1 0b 0f -1 -1 -1 -1 -1
1 1 0 31.3 60.0 2 -1 0b 0f -1 -1 -1 -1 -1
1 1 0 31.3 60.0 2 -1 0b 0f -1 -1 -1 -1 -1
1 1 0 31.3 60.0 4 -1 0b 0f -1 -1 -1 -1 -1
1 1 0 31.3 60.0 4 -1 0b 0f -1 -1 -1 -1 -1
1 1 0 31.2 60.0 3 -1 0b 0f -1 -1 -1 -1 -1
1 1 0 31.3 60.0 7 -1 0b 0f -1 -1 -1 -1 -1
1 1 0 31.3 59.5 3 -1 0b 0f -1 -1 -1 -1 -1
1 1 0 31.2 59.5 5 -1 0b 0f -1 -1 -1 -1 -1
1 1 0 31.3 59.5 5 -1 0b 0f -1 -1 -1 -1 -1
1 1 0 31.3 59.5 7 -1 0b 0f -1 -1 -1 -1 -1
1 1 0 31.2 59.5 7 -1 0b 0f -1 -1 -1 -1 -1
1 1 0 31.3 59.5 7 -1 0b 0f -1 -1 -1 -1 -1
1 1 0 31.3 59.0 9 -1 0b 0f -1 -1 -1 -1 -1
1 1 0 31.3 59.0 9 -1 0b 0f -1 -1 -1 -1 -1
1 1 0 31.2 59.0 8 -1 0b 0f -1 -1 -1 -1 -1
1 1 0 31.3 59.5 8 -1 0b 0f -1 -1 -1 -1 -1
1 1 0 31.3 59.5 8 -1 0b 0f -1 -1 -1 -1 -1
1 1 0 31.3 59.5 8 -1 0b 0f -1 -1 -1 -1 -1
1 1 0 31.3 59.5 8 -1 0b 0f -1 -1 -1 -1 -1
1 1 0 31.3 59.5 10 -1 0b 0f -1 -1 -1 -1 -1
1 1 0 31.3 59.5 10 -1 0b 0f -1 -1 -1 -1 -1
1 1 0 31.3 59.5 12 -1 0b 0f -1 -1 -1 -1 -1
1 1 0 31.3 60.0 12 -1 0b 0f -1 -1 -1 -1 -1
1 1 0 31.4 59.5 10 -1 0b 0f -1 -1 -1 -1 -1
1 1 0 31.4 60.0 10 -1 0b 0f -1 -1 -1 -1 -1
1 1 0 31.4 60.0 10 -1 0b 0f -1 -1 -1 -1 -1
1 1 0 31.4 60.0 10 -1 0b 0f -1 -1 -1 -1 -1
1 1 0 31.4 60.0 10 -1 0b 0f -1 -1 -1 -1 -1
1 1 0 31.4 60.0 10 -1 0b 0f -1 -1 -1 -1 -1
1 1 0 31.4 60.0 10 -1 0b 0f -1 -1 -1 -1 -1
1 1 0 31.5 60.0 11 -1 0b 0f -1 -1 -1 -1 -1
1 1 0 31.5 60.0 9 -1 0b 0f -1 -1 -1 -1 -1
1 1 0 31.4 60.0 9 -1 0b 0f -1 -1 -1 -1 -1
1 1 0 31.4 60.0 9 -1 0b 0f -1 -1 -1 -1 -1
1 1 0 31.4 60.0 11 -1 0b 0f -1 -1 -1 -1 -1
1 1 0 31.4 60.0 10 -1 0b 0f -1 -1 -1 -1 -1
1 1 0 31.4 60.0 14 -1 0b 0f -1 -1 -1 -1 -1
1 1 0 31.4 60.0 12 -1 0b 0f -1 -1 -1 -1 -1
1 1 0 31.4 60.0 12 -1 0b 0f -1 -1 -1 -1 -1
1 1 0 31.4 60.0 12 -1 0b 0f -1 -1 -1 -1 -1
1 1 0 31.4 60.0 8 -1 0b 0f -1 -1 -1 -1 -1
1 1 0 31.5 59.5 12 -1 0b 0f -1 -1 -1 -1 -1
1 1 0 31.4 59.5 12 -1 0b 0f -1 -1 -1 -1 -1
1 1 0 31.4 60.0 10 -1 0b 0f -1 -1 -1 -1 -1
1 1 0 31.4 60.0 12 -1 0b 0f -1 -1 -1 -1 -1
1 1 0 31.4 60.0 12 -1 0b 0f -1 -1 -1 -1 -1
1 1 0 31.5 60.0 10 -1 0b 0f -1 -1 -1 -1 -1
1 1 0 31.5 60.0 12 -1 0b 0f -1 -1 -1 -1 -1
1 1 0 31.5 60.0 14 -1 0b 0f -1 -1 -1 -1 -1
1 1 0 31.5 60.0 10 -1 0b 0f -1 -1 -1 -1 -1
1 1 0 31.5 60.5 12 -1 0b 0f -1 -1 -1 -1 -1
1 1 0 31.5 60.5 12 -1 0b 0f -1 -1 -1 -1 -1
1 1 0 31.5 60.0 12 -1 0b 0f -1 -1 -1 -1 -1
1 1 0 31.5 60.5 10 -1 0b 0f -1 -1 -1 -1 -1
1 1 0 31.5 60.5 14 -1 0b 0f -1 -1 -1 -1 -1
1 1 0 31.5 60.5 14 -1 0b 0f -1 -1 -1 -1 -1
1 1 0 31.4 60.5 12 -1 0b 0f -1 -1 -1 -1 -1
1 1 0 31.5 60.5 12 -1 0b 0f -1 -1 -1 -1 -1
1 1 0 31.6 60.5 10 -1 0b 0f -1 -1 -1 -1 -1
1 1 0 31.5 60.5 14 -1 0b 0f -1 -1 -1 -1 -1
1 1 0 31.6 60.5 14 -1 0b 0f -1 -1 -1 -1 -1
1 1 0 31.5 60.5 16 -1 0b 0f -1 -1 -1 -1 -1
1 1 0 31.5 60.5 14 -1 0b 0f -1 -1 -1 -1 -1
1 1 0 31.6 60.5 16 -1 0b 0f -1 -1 -1 -1 -1
1 1 0 31.6 60.5 14 -1 0b 0f -1 -1 -1 -1 -1
1 1 0 31.6 60.5 14 -1 0b 0f -1 -1 -1 -1 -1
1 1 0 31.6 60.5 14 -1 0b 0f -1 -1 -1 -1 -1
1 1 0 31.6 60.5 16 -1 0b 0f -1 -1 -1 -1 -1
1 1 0 31.6 60.5 16 -1 0b 0f -1 -1 -1 -1 -1
1 1 0 31.6 60.5 16 -1 0b 0f -1 -1 -1 -1 -1
1 1 0 31.6 60.5 16 -1 0b 0f -1 -1 -1 -1 -1
1 1 0 31.6 60.5 16 -1 0b 0f -1 -1 -1 -1 -1
1 1 0 31.6 60.5 16 -1 0b 0f -1 -1 -1 -1 -1
1 1 0 31.6 60.5 16 -1 0b 0f -1 -1 -1 -1 -1
1 1 0 31.6 60.5 16 -1 0b 0f -1 -1 -1 -1 -1
1 1 0 31.7 60.5 16 -1 0b 0f -1 -1 -1 -1 -1
1 1 0 31.6 60.5 16 -1 0b 0f -1 -1 -1 -1 -1
1 1 0 31.6 60.5 14 -1 0b 0f -1 -1 -1 -1 -1
1 1 0 31.6 60.5 16 -1 0b 0f -1 -1 -1 -1 -1
1 1 0 31.7 60.5 16 -1 0b 0f -1 -1 -1 -1 -1
1 1 0 31.6 60.5 12 -1 0b 0f -1 -1 -1 -1 -1
1 1 0 31.7 60.5 12 -1 0b 0f -1 -1 -1 -1 -1
1 1 0 31.6 60.5 16 -1 0b 0f -1 -1 -1 -1 -1
1 1 0 31.7 60.5 16 -1 0b 0f -1 -1 -1 -1 -1
1 1 0 31.6 60.5 16 -1 0b 0f -1 -1 -1 -1 -1
1 1 0 31.7 60.5 12 -1 0b 0f -1 -1 -1 -1 -1
1 1 0 31.6 60.5 14 -1 0b 0f -1 -1 -1 -1 -1
1 1 0 31.7 60.5 14 -1 0b 0f -1 -1 -1 -1 -1
1 1 0 31.7 60.5 12 -1 0b 0f -1 -1 -1 -1 -1
1 1 0 31.7 60.5 16 -1 0b 0f -1 -1 -1 -1 -1
1 1 0 31.7 60.5 16 -1 0b 0f -1 -1 -1 -1 -1
1 1 0 31.8 60.5 16 -1 0b 0f -1 -1 -1 -1 -1
1 1 0 31.7 60.5 16 -1 0b 0f -1 -1 -1 -1 -1
1 1 0 31.7 60.5 16 -1 0b 0f -1 -1 -1 -1 -1
1 1 0 31.7 60.5 16 -1 0b 0f -1 -1 -1 -1 -1
1 1 0 31.7 61.0 16 -1 0b 0f -1 -1 -1 -1 -1
1 1 0 31.7 61.0 16 -1 0b 0f -1 -1 -1 -1 -1
1 1 0 31.8 61.0 16 -1 0b 0f -1 -1 -1 -1 -1
1 1 0 31.7 60.5 16 -1 0b 0f -1 -1 -1 -1 -1
1 1 0 31.8 60.5 16 -1 0b 0f -1 -1 -1 -1 -1
1 1 0 31.8 60.5 16 -1 0b 0f -1 -1 -1 -1 -1
1 1 0 31.8 60.5 16 -1 0b 0f -1 -1 -1 -1 -1
1 1 0 31.7 60.0 16 -1 0b 0f -1 -1 -1 -1 -1
1 1 0 31.7 60.5 16 -1 0b 0f -1 -1 -1 -1 -1
1 1 0 31.8 60.5 16 -1 0b 0f -1 -1 -1 -1 -1
1 1 0 31.8 60.0 14 -1 0b 0f -1 -1 -1 -1 -1
1 1 0 31.7 60.5 14 -1 0b 0f -1 -1 -1 -1 -1
1 1 0 31.7 60.5 14 -1 0b 0f -1 -1 -1 -1 -1
1 1 0 31.8 60.5 14 -1 0b 0f -1 -1 -1 -1 -1
1 1 0 31.8 60.0 14 c26f 0b 0f -1 -1 -1 -1 -1
1 1 1 31.8 60.5 14 c26f 0b 0f -1 -1 -1 -1 -1
1 1 7 31.8 60.0 16 c26f 0b 7f -1 -1 -1 -1 -1
1 1 0 31.9 60.5 16 c26f 0b 7f -1 -1 -1 -1 -1
1 1 0 31.7 60.5 16 c26f 0b 7f -1 -1 -1 -1 -1
1 1 0 31.8 60.0 14 c26f 0b 7f -1 -1 -1 -1 -1
1 1 0 31.7 60.0 14 c26f 0b 7f -1 -1 -1 -1 -1
1 1 0 31.6 59.5 14 c26f 0b 7f -1 -1 -1 -1 -1
1 1 0 31.6 59.0 14 c26f 0b 7f -1 -1 -1 -1 -1
1 1 9 31.5 58.5 14 c26f 0b 7f -1 -1 -1 -1 -1
1 1 0 31.5 58.0 14 c26f 0b 7f -1 -1 -1 -1 -1
1 1 6 31.3 57.5 12 c26f 0b 7f -1 -1 -1 -1 -1
1 1 0 31.3 57.0 12 c26f 0b 7f -1 -1 -1 -1 -1
1 1 0 31.3 57.0 12 c26f 0b 7f -1 -1 -1 -1 -1
1 1 0 31.2 56.0 12 c26f 0b 7f -1 -1 -1 -1 -1
1 1 0 31.2 55.5 12 c26f 0b 7f -1 -1 -1 -1 -1
1 1 0 31.1 55.5 12 c26f 0b 7f -1 -1 -1 -1 -1
1 1 0 31.1 55.0 16 c26f 0b 7f -1 -1 -1 -1 -1
1 1 0 31.0 54.5 16 c26f 0b 7f -1 -1 -1 -1 -1
1 1 0 31.0 54.5 16 c26f 0b 7f -1 -1 -1 -1 -1
1 1 0 31.0 54.0 16 c26f 0b 7f -1 -1 -1 -1 -1
1 1 0 30.9 53.5 14 c26f 0b 7f -1 -1 -1 -1 -1
1 1 0 30.9 53.5 14 c26f 0b 7f -1 -1 -1 -1 -1
1 1 0 30.8 53.0 14 c26f 0b 7f -1 -1 -1 -1 -1
1 1 0 30.8 53.0 14 c26f 0b 7f -1 -1 -1 -1 -1
1 1 0 30.8 52.5 14 c26f 0b 7f -1 -1 -1 -1 -1
1 1 0 30.8 53.0 14 c26f 0b 7f -1 -1 -1 -1 -1
1 1 0 30.8 52.5 14 c26f 0b 7f -1 -1 -1 -1 -1
1 1 7 30.7 52.5 14 c25f 0b 7f -1 -1 -1 -1 -1
1 1 0 30.7 53.0 14 c25f 0b 7f -1 -1 -1 -1 -1
1 1 6 30.7 52.5 14 c25f 0b 7f -1 -1 -1 -1 -1
1 1 0 30.7 52.5 14 c25f 0b 7f -1 -1 -1 -1 -1
1 1 0 30.7 53.0 14 c25f 0b 7f -1 -1 -1 -1 -1
1 1 0 30.7 53.0 14 c25f 0b 7f -1 -1 -1 -1 -1
1 1 0 30.6 52.5 14 c25f 0b 7f -1 -1 -1 -1 -1
1 1 0 30.6 52.5 14 c25f 0b 7f -1 -1 -1 -1 -1
1 1 0 30.6 52.5 14 c25f 0b 7f -1 -1 -1 -1 -1
1 1 0 30.6 52.5 14 c25f 0b 7f -1 -1 -1 -1 -1
1 1 0 30.6 52.5 14 c25f 0b 7f -1 -1 -1 -1 -1
1 1 0 30.5 52.5 14 c25f 0b 7f -1 -1 -1 -1 -1
1 1 0 30.5 53.0 14 c25f 0b 7f -1 -1 -1 -1 -1
1 1 0 30.5 53.0 14 c25f 0b 7f -1 -1 -1 -1 -1
1 1 0 30.5 53.5 14 c25f 0b 7f -1 -1 -1 -1 -1
1 1 0 30.5 53.5 14 c25f 0b 7f -1 -1 -1 -1 -1
1 1 0 30.5 53.5 14 c25f 0b 7f -1 -1 -1 -1 -1
1 1 0 30.5 53.5 14 c25f 0b 7f -1 -1 -1 -1 -1
1 1 0 30.4 53.0 14 c25f 0b 7f -1 -1 -1 -1 -1
1 1 0 30.4 53.0 12 c25f 0b 7f -1 -1 -1 -1 -1
1 1 0 30.4 53.0 12 c25f 0b 7f -1 -1 -1 -1 -1
1 1 0 30.3 52.5 12 c25f 0b 7f -1 -1 -1 -1 -1
1 1 0 30.4 52.5 12 c25f 0b 7f -1 -1 -1 -1 -1
1 1 0 30.4 52.5 12 c25f 0b 7f -1 -1 -1 -1 -1
1 1 0 30.3 52.5 12 c25f 0b 7f -1 -1 -1 -1 -1
1 1 0 30.4 52.5 12 c25f 0b 7f -1 -1 -1 -1 -1
1 1 0 30.4 53.0 12 c25f 0b 7f -1 -1 -1 -1 -1
1 1 0 30.3 53.0 12 c25f 0b 7f -1 -1 -1 -1 -1
1 1 1 30.3 53.0 12 c25f 0b 7f -1 -1 -1 -1 -1
1 1 15 30.3 53.0 12 c25f 0b 7f -1 -1 -1 -1 -1
1 1 3 30.3 52.5 12 c25f 0b 7f -1 -1 -1 -1 -1
1 1 0 30.3 53.0 12 c25f 0b 7f -1 -1 -1 -1 -1
1 1 0 30.2 53.0 12 c25f 0b 7f -1 -1 -1 -1 -1
1 1 0 30.3 53.0 12 c25f 0b 7f -1 -1 -1 -1 -1
1 1 0 30.3 53.5 12 c25f 0b 7f -1 -1 -1 -1 -1
1 1 0 30.3 53.5 12 c25f 0b 7f -1 -1 -1 -1 -1
1 1 0 30.3 53.5 12 c25f 0b 7f -1 -1 -1 -1 -1
1 1 10 30.3 53.5 12 c25f 0b 7f -1 -1 -1 -1 -1
1 1 0 30.2 53.5 12 c25f 0b 7f -1 -1 -1 -1 -1
1 1 0 30.3 53.0 12 c25f 0b 7f -1 -1 -1 -1 -1
1 1 0 30.2 53.0 10 c25f 0b 7f -1 -1 -1 -1 -1
1 1 0 30.2 52.5 10 c25f 0b 7f -1 -1 -1 -1 -1
1 1 0 30.1 52.5 10 c25f 0b 7f -1 -1 -1 -1 -1
1 1 0 30.2 52.5 10 c25f 0b 7f -1 -1 -1 -1 -1
1 1 0 30.2 52.5 10 c25f 0b 7f -1 -1 -1 -1 -1
1 1 0 30.1 52.0 10 c25f 0b 7f -1 -1 -1 -1 -1
1 1 0 30.1 52.5 10 c25f 0b 7f -1 -1 -1 -1 -1
1 1 0 30.1 52.5 10 c25f 0b 7f -1 -1 -1 -1 -1
1 1 6 30.0 52.5 10 c25f 0b 7f -1 -1 -1 -1 -1
1 1 6 30.1 52.5 10 c25f 0b 7f -1 -1 -1 -1 -1
1 1 1 30.1 52.5 10 c25f 0b 7f -1 -1 -1 -1 -1
1 1 0 30.0 52.5 13 c25f 0b 7f -1 -1 -1 -1 -1
1 1 0 30.0 53.0 10 c25f 0b 7f -1 -1 -1 -1 -1
1 1 0 30.0 53.0 10 c25f 0b 7f -1 -1 -1 -1 -1
1 1 0 30.1 53.0 10 c25f 0b 7f -1 -1 -1 -1 -1
1 1 0 30.1 53.5 10 c25f 0b 7f -1 -1 -1 -1 -1
1 1 0 30.0 53.0 10 c25f 0b 7f -1 -1 -1 -1 -1
1 1 0 30.0 53.5 10 c25f 0b 7f -1 -1 -1 -1 -1
1 1 0 30.1 53.5 10 c25f 0b 7f -1 -1 -1 -1 -1
1 1 0 30.1 53.0 11 c25f 0b 7f -1 -1 -1 -1 -1
1 1 8 30.0 53.0 10 c25f 0b 7f -1 -1 -1 -1 -1
1 1 8 30.0 53.0 10 c25f 0b 7f -1 -1 -1 -1 -1
1 1 3 30.0 53.0 10 c25f 0b 7f -1 -1 -1 -1 -1
1 1 0 30.0 53.0 10 c25f 0b 7f -1 -1 -1 -1 -1
1 1 0 30.0 53.0 10 c25f 0b 7f -1 -1 -1 -1 -1
1 1 0 30.0 52.5 10 c25f 0b 7f -1 -1 -1 -1 -1
1 1 0 30.0 52.5 10 c25f 0b 7f -1 -1 -1 -1 -1
1 1 0 30.0 52.5 10 c25f 0b 7f -1 -1 -1 -1 -1
1 1 0 29.9 52.0 10 c25f 0b 7f -1 -1 -1 -1 -1
1 1 0 29.9 52.0 11 c25f 0b 7f -1 -1 -1 -1 -1
1 1 6 29.9 52.0 13 c25f 0b 7f -1 -1 -1 -1 -1
1 1 0 29.9 52.0 13 c25f 0b 7f -1 -1 -1 -1 -1
1 1 0 29.9 52.5 11 c25f 0b 7f -1 -1 -1 -1 -1
1 1 4 29.9 52.5 11 c25f 0b 7f -1 -1 -1 -1 -1
1 1 1 29.9 52.0 11 c25f 0b 7f -1 -1 -1 -1 -1
1 1 8 30.0 52.0 11 c25f 0b 7f -1 -1 -1 -1 -1
1 1 0 29.9 51.5 11 c25f 0b 7f -1 -1 -1 -1 -1
1 1 0 29.9 51.5 11 c25f 0b 7f -1 -1 -1 -1 -1
1 1 0 29.8 51.5 11 c25f 0b 7f -1 -1 -1 -1 -1
1 1 6 29.8 51.5 11 c25f 0b 7f -1 -1 -1 -1 -1
1 1 0 29.8 51.5 11 c25f 0b 7f -1 -1 -1 -1 -1
1 1 0 29.8 51.5 11 c25f 0b 7f -1 -1 -1 -1 -1
1 1 0 29.8 51.5 11 c25f 0b 7f -1 -1 -1 -1 -1
1 1 9 29.8 52.0 11 c25f 0b 7f -1 -1 -1 -1 -1
1 1 0 29.8 52.0 11 c25f 0b 7f -1 -1 -1 -1 -1
1 1 0 29.8 52.0 11 c25f 0b 7f -1 -1 -1 -1 -1
1 1 0 29.8 52.0 11 c25f 0b 7f -1 -1 -1 -1 -1
1 1 0 29.8 52.0 11 c25f 0b 7f -1 -1 -1 -1 -1
1 1 6 29.8 52.0 11 c25f 0b 7f -1 -1 -1 -1 -1
1 1 0 29.8 52.5 11 c25f 0b 7f -1 -1 -1 -1 -1
1 1 0 29.7 52.5 11 c25f 0b 7f -1 -1 -1 -1 -1
1 1 9 29.7 52.0 11 c25f 0b 7f -1 -1 -1 -1 -1
1 1 0 29.8 52.0 11 c25f 0b 7f -1 -1 -1 -1 -1
1 1 0 29.8 52.0 11 c25f 0b 7f -1 -1 -1 -1 -1
1 1 0 29.8 52.0 11 c25f 0b 7f -1 -1 -1 -1 -1
1 1 0 29.7 52.0 11 c25f 0b 7f -1 -1 -1 -1 -1
1 1 0 29.7 52.0 11 c25f 0b 7f -1 -1 -1 -1 -1
1 1 0 29.7 51.5 11 c25f 0b 7f -1 -1 -1 -1 -1
1 1 0 29.6 51.5 11 c25f 0b 7f -1 -1 -1 -1 -1
1 1 0 29.7 51.5 11 c25f 0b 7f -1 -1 -1 -1 -1
1 1 0 29.7 51.5 11 c25f 0b 7f -1 -1 -1 -1 -1
1 1 0 29.6 51.5 11 c25f 0b 7f -1 -1 -1 -1 -1
1 1 0 29.6 51.0 11 c25f 0b 7f -1 -1 -1 -1 -1
1 1 0 29.6 51.0 11 c25f 0b 7f -1 -1 -1 -1 -1
1 1 0 29.6 51.0 11 c25f 0b 7f -1 -1 -1 -1 -1
1 1 0 29.6 51.0 11 c25f 0b 7f -1 -1 -1 -1 -1
1 1 0 29.5 51.0 11 c25f 0b 7f -1 -1 -1 -1 -1
1 1 0 29.6 51.0 9 c25f 0b 7f -1 -1 -1 -1 -1
1 1 5 29.6 51.0 9 c25f 0b 7f -1 -1 -1 -1 -1
1 1 0 29.6 51.5 9 c25f 0b 7f -1 -1 -1 -1 -1
1 1 0 29.5 51.5 9 c25f 0b 7f -1 -1 -1 -1 -1
1 1 0 29.5 51.5 9 c25f 0b 7f -1 -1 -1 -1 -1
1 1 0 29.5 51.5 9 c25f 0b 7f -1 -1 -1 -1 -1
1 1 0 29.5 51.5 9 c25f 0b 7f -1 -1 -1 -1 -1
1 1 4 29.6 51.5 9 c25f 0b 7f -1 -1 -1 -1 -1
1 1 0 29.6 51.5 9 c25f 0b 7f -1 -1 -1 -1 -1
1 1 0 29.6 51.5 9 c25f 0b 7f -1 -1 -1 -1 -1
1 1 0 29.5 51.5 9 c25f 0b 7f -1 -1 -1 -1 -1
1 1 0 29.5 51.5 11 c25f 0b 7f -1 -1 -1 -1 -1
1 1 0 29.5 51.5 9 c25f 0b 7f -1 -1 -1 -1 -1
1 1 5 29.6 51.5 9 c25f 0b 7f -1 -1 -1 -1 -1
1 1 0 29.5 51.5 9 c25f 0b 7f -1 -1 -1 -1 -1
1 1 6 29.5 51.5 9 c25f 0b 7f -1 -1 -1 -1 -1
1 1 0 29.5 51.5 9 c25f 0b 7f -1 -1 -1 -1 -1
1 1 0 29.4 51.5 9 c25f 0b 7f -1 -1 -1 -1 -1
1 1 0 29.5 52.0 9 c25f 0b 7f -1 -1 -1 -1 -1
1 1 0 29.5 52.5 9 c25f 0b 7f -1 -1 -1 -1 -1
1 1 0 29.5 52.5 9 c25f 0b 7f -1 -1 -1 -1 -1
1 1 0 29.6 53.5 9 c25f 0b 7f -1 -1 -1 -1 -1
1 1 0 29.5 53.5 9 c25f 0b 7f -1 -1 -1 -1 -1
1 1 0 29.6 54.0 9 c25f 0b 7f -1 -1 -1 -1 -1
1 1 0 29.6 53.5 9 c25f 0b 7f -1 -1 -1 -1 -1
1 1 0 29.6 53.5 9 c25f 0b 7f -1 -1 -1 -1 -1
1 1 0 29.5 53.5 9 c25f 0b 7f -1 -1 -1 -1 -1
1 1 0 29.5 53.5 9 c25f 0b 7f -1 -1 -1 -1 -1
1 1 0 29.5 53.0 9 c25f 0b 7f -1 -1 -1 -1 -1
1 1 0 29.5 53.0 9 c25f 0b 7f -1 -1 -1 -1 -1
1 1 0 29.5 53.0 9 c25f 0b 7f -1 -1 -1 -1 -1
1 1 0 29.4 52.5 9 c25f 0b 7f -1 -1 -1 -1 -1
1 1 0 29.5 52.0 7 c25f 0b 7f -1 -1 -1 -1 -1
1 1 0 29.5 52.0 9 c25f 0b 7f -1 -1 -1 -1 -1
1 1 0 29.4 52.0 9 c25f 0b 7f -1 -1 -1 -1 -1
1 1 5 29.3 52.0 7 c25f 0b 7f -1 -1 -1 -1 -1
1 1 0 29.4 52.0 7 c25f 0b 7f -1 -1 -1 -1 -1
1 1 4 29.4 52.0 7 c25f 0b 7f -1 -1 -1 -1 -1
1 1 0 29.3 52.0 7 c25f 0b 7f -1 -1 -1 -1 -1
1 1 6 29.4 52.0 7 c25f 0b 7f -1 -1 -1 -1 -1
1 1 0 29.4 52.0 7 c25f 0b 7f -1 -1 -1 -1 -1
1 1 9 29.4 51.5 7 c25f 0b 7f -1 -1 -1 -1 -1
1 1 0 29.4 51.5 7 c25f 0b 7f -1 -1 -1 -1 -1
1 1 0 29.4 51.5 7 c25f 0b 7f -1 -1 -1 -1 -1
1 1 10 29.3 51.5 9 c25f 0b 7f -1 -1 -1 -1 -1
1 1 0 29.3 52.0 7 c25f 0b 7f -1 -1 -1 -1 -1
1 1 0 29.3 52.0 7 c25f 0b 7f -1 -1 -1 -1 -1
1 1 2 29.3 52.0 7 c25f 0b 7f -1 -1 -1 -1 -1
1 1 3 29.3 52.5 7 c25f 0b 7f -1 -1 -1 -1 -1
1 1 0 29.4 52.5 7 c25f 0b 7f -1 -1 -1 -1 -1
1 1 0 29.4 52.5 9 c25f 0b 7f -1 -1 -1 -1 -1
1 1 0 29.4 53.0 7 c25f 0b 7f -1 -1 -1 -1 -1
1 1 0 29.3 53.0 7 c25f 0b 7f -1 -1 -1 -1 -1
1 1 0 29.3 53.0 7 c25f 0b 7f -1 -1 -1 -1 -1
1 1 0 29.3 52.5 7 c25f 0b 7f -1 -1 -1 -1 -1
1 1 0 29.3 52.5 7 c25f 0b 7f -1 -1 -1 -1 -1
1 1 0 29.4 52.5 7 c25f 0b 7f -1 -1 -1 -1 -1
1 1 6 29.3 52.0 7 c25f 0b 7f -1 -1 -1 -1 -1
1 1 0 29.3 52.0 7 c25f 0b 7f -1 -1 -1 -1 -1
1 1 0 29.2 52.0 7 c25f 0b 7f -1 -1 -1 -1 -1
1 1 6 29.1 52.0 7 c25f 0b 7f -1 -1 -1 -1 -1
1 1 0 29.1 52.0 7 c25f 0b 7f -1 -1 -1 -1 -1
1 1 7 29.0 52.0 7 c25f 0b 7f -1 -1 -1 -1 -1
1 1 9 29.0 51.5 7 c25f 0b 7f -1 -1 -1 -1 -1
1 1 1 29.0 51.5 7 c25f 0b 7f -1 -1 -1 -1 -1
1 1 12 28.9 51.5 7 c25f 0b 7f -1 -1 -1 -1 -1
1 1 5 28.8 51.5 7 c25f 0b 7f -1 -1 -1 -1 -1
1 1 0 28.9 51.5 7 c25f 0b 7f -1 -1 -1 -1 -1
1 1 0 28.8 51.5 7 c25f 0b 7f -1 -1 -1 -1 -1
1 1 0 28.8 51.5 7 c25f 0b 7f -1 -1 -1 -1 -1
1 1 5 28.8 51.5 7 c25f 0b 7f -1 -1 -1 -1 -1
1 1 3 28.8 51.5 7 c25f 0b 7f -1 -1 -1 -1 -1
1 1 0 28.7 51.0 7 c25f 0b 7f -1 -1 -1 -1 -1
1 1 0 28.7 51.0 7 c25f 0b 7f -1 -1 -1 -1 -1
1 1 0 28.7 51.5 7 c25f 0b 7f -1 -1 -1 -1 -1
1 1 19 28.7 51.0 7 c25f 0b 7f -1 -1 -1 -1 -1
1 1 0 28.6 51.0 7 c25f 0b 7f -1 -1 -1 -1 -1
1 1 3 28.7 51.0 7 c25f 0b 7f -1 -1 -1 -1 -1
1 1 4 28.6 51.0 7 c25f 0b 7f -1 -1 -1 -1 -1
1 1 6 28.6 51.0 7 c25f 0b 7f -1 -1 -1 -1 -1
1 1 6 28.5 51.0 7 c25f 0b 7f -1 -1 -1 -1 -1
1 1 6 28.5 51.0 7 c25f 0b 7f -1 -1 -1 -1 -1
1 1 2 28.5 51.0 7 c25f 0b 7f -1 -1 -1 -1 -1
1 1 0 28.5 51.0 9 c25f 0b 7f -1 -1 -1 -1 -1
1 1 0 28.4 51.0 7 c25f 0b 7f -1 -1 -1 -1 -1
1 1 12 28.4 51.0 9 c25f 0b 7f -1 -1 -1 -1 -1
1 1 0 28.4 51.5 7 c25f 0b 7f -1 -1 -1 -1 -1
1 1 7 28.3 51.5 9 c25f 0b 7f -1 -1 -1 -1 -1
1 1 0 28.3 51.5 7 c25f 0b 7f -1 -1 -1 -1 -1
1 1 7 28.3 51.5 7 c25f 0b 7f -1 -1 -1 -1 -1
1 1 0 28.2 51.5 7 c25f 0b 7f -1 -1 -1 -1 -1
1 1 3 28.2 51.5 7 c25f 0b 7f -1 -1 -1 -1 -1
1 1 2 28.3 52.0 9 c25f 0b 7f -1 -1 -1 -1 -1
1 1 6 28.2 51.5 9 c25f 0b 7f -1 -1 -1 -1 -1
1 1 15 28.2 51.5 7 c25f 0b 7f -1 -1 -1 -1 -1
1 1 8 28.2 51.5 7 c25f 0b 7f -1 -1 -1 -1 -1
1 1 6 28.2 52.0 7 c25f 0b 7f -1 -1 -1 -1 -1
1 1 0 28.2 52.0 7 c25f 0b 7f -1 -1 -1 -1 -1
1 1 0 28.2 52.0 9 c25f 0b 7f -1 -1 -1 -1 -1
1 1 7 28.2 52.0 7 c25f 0b 7f -1 -1 -1 -1 -1
1 1 6 28.1 52.5 7 c25f 0b 7f -1 -1 -1 -1 -1
1 1 5 28.1 53.0 7 c25f 0b 7f -1 -1 -1 -1 -1
1 1 0 28.1 53.0 7 c25f 0b 7f -1 -1 -1 -1 -1
1 1 0 28.1 53.0 9 c25f 0b 7f -1 -1 -1 -1 -1
1 1 0 28.0 53.0 9 c25f 0b 7f -1 -1 -1 -1 -1
1 1 6 28.0 53.0 9 c25f 0b 7f -1 -1 -1 -1 -1
1 1 10 28.0 53.0 7 c25f 0b 7f -1 -1 -1 -1 -1
1 1 15 28.0 53.5 7 c25f 0b 7f -1 -1 -1 -1 -1
1 1 0 28.0 54.5 9 c25f 0b 7f -1 -1 -1 -1 -1
1 1 7 27.9 54.5 7 c25f 0b 7f -1 -1 -1 -1 -1
1 1 0 27.9 54.0 7 c25f 0b 7f -1 -1 -1 -1 -1
1 1 0 27.9 54.0 7 c25f 0b 7f -1 -1 -1 -1 -1
1 1 26 27.9 54.5 7 c25f 0b 7f -1 -1 -1 -1 -1
1 1 0 27.9 54.5 7 c25f 0b 7f -1 -1 -1 -1 -1
1 1 0 28.0 55.0 5 c25f 0b 7f -1 -1 -1 -1 -1
1 1 8 28.0 55.5 7 c25f 0b 7f -1 -1 -1 -1 -1
1 1 0 27.9 56.5 7 c25f 0b 7f -1 -1 -1 -1 -1
1 1 4 27.8 56.0 7 c25f 0b 7f -1 -1 -1 -1 -1
1 1 0 27.8 55.5 7 c25f 0b 7f -1 -1 -1 -1 -1
1 1 12 27.9 55.5 7 c25f 0b 7f -1 -1 -1 -1 -1
1 1 12 27.8 55.0 7 c25f 0b 7f -1 -1 -1 -1 -1
1 1 0 27.9 54.5 7 c25f 0b 7f -1 -1 -1 -1 -1
1 1 0 28.0 54.0 7 c25f 0b 7f -1 -1 -1 -1 -1
1 1 0 27.9 54.0 5 c25f 0b 7f -1 -1 -1 -1 -1
1 1 0 28.0 53.5 7 c25f 0b 7f -1 -1 -1 -1 -1
1 1 4 28.0 53.5 7 c25f 0b 7f -1 -1 -1 -1 -1
1 1 0 28.0 53.0 7 c25f 0b 7f -1 -1 -1 -1 -1
1 1 0 28.0 53.5 7 c25f 0b 7f -1 -1 -1 -1 -1
1 1 0 27.9 53.0 7 c25f 0b 7f -1 -1 -1 -1 -1
1 1 6 27.8 53.0 7 c25f 0b 7f -1 -1 -1 -1 -1
1 1 9 27.8 53.0 9 c25f 0b 7f -1 -1 -1 -1 -1
1 1 0 27.7 53.0 7 c25f 0b 7f -1 -1 -1 -1 -1
1 1 0 27.7 53.0 7 c25f 0b 7f -1 -1 -1 -1 -1
1 1 0 27.8 53.0 7 c25f 0b 7f -1 -1 -1 -1 -1
1 1 7 27.8 53.0 7 c25f 0b 7f -1 -1 -1 -1 -1
1 1 0 27.9 53.0 7 c25f 0b 7f -1 -1 -1 -1 -1
1 1 0 27.8 53.0 7 c25f 0b 7f -1 -1 -1 -1 -1
1 1 0 27.8 53.0 7 c25f 0b 7f -1 -1 -1 -1 -1
1 1 0 27.8 53.0 7 c25f 0b 7f -1 -1 -1 -1 -1
1 1 0 27.9 53.0 7 c25f 0b 7f -1 -1 -1 -1 -1
1 1 0 27.9 53.0 7 c25f 0b 7f -1 -1 -1 -1 -1
1 1 6 27.8 52.5 7 c25f 0b 7f -1 -1 -1 -1 -1
1 1 0 27.8 53.0 7 c25f 0b 7f -1 -1 -1 -1 -1
1 1 0 27.8 52.5 7 c25f 0b 7f -1 -1 -1 -1 -1
1 1 0 27.8 52.5 7 c25f 0b 7f -1 -1 -1 -1 -1
1 1 6 27.7 52.5 7 c25f 0b 7f -1 -1 -1 -1 -1
1 1 0 27.7 52.5 5 c25f 0b 7f -1 -1 -1 -1 -1
1 1 0 27.7 52.5 9 c25f 0b 7f -1 -1 -1 -1 -1
1 1 11 27.7 52.5 9 c25f 0b 7f -1 -1 -1 -1 -1
1 1 0 27.6 52.5 9 c25f 0b 7f -1 -1 -1 -1 -1
1 1 13 27.6 52.5 7 c25f 0b 7f -1 -1 -1 -1 -1
1 1 9 27.6 52.5 7 c25f 0b 7f -1 -1 -1 -1 -1
1 1 0 27.6 52.5 7 c25f 0b 7f -1 -1 -1 -1 -1
1 1 6 27.6 52.5 7 c25f 0b 7f -1 -1 -1 -1 -1
1 1 0 27.6 52.5 7 c25f 0b 7f -1 -1 -1 -1 -1
1 1 0 27.7 52.5 7 c25f 0b 7f -1 -1 -1 -1 -1
1 1 0 27.6 52.5 7 c25f 0b 7f -1 -1 -1 -1 -1
1 1 13 27.5 52.5 9 c25f 0b 7f -1 -1 -1 -1 -1
1 1 0 27.5 52.0 7 c25f 0b 7f -1 -1 -1 -1 -1
1 1 0 27.5 52.0 7 c25f 0b 7f -1 -1 -1 -1 -1
1 1 0 27.5 52.5 7 c25f 0b 7f -1 -1 -1 -1 -1
1 1 0 27.4 52.5 7 c25f 0b 7f -1 -1 -1 -1 -1
1 1 0 27.4 52.5 7 c25f 0b 7f -1 -1 -1 -1 -1
1 1 0 27.4 52.5 7 c25f 0b 7f -1 -1 -1 -1 -1
1 1 0 27.5 53.0 7 c25f 0b 7f -1 -1 -1 -1 -1
1 1 6 27.5 53.0 7 c25f 0b 7f -1 -1 -1 -1 -1
1 1 0 27.5 53.0 7 c25f 0b 7f -1 -1 -1 -1 -1
1 1 0 27.4 53.0 7 c25f 0b 7f -1 -1 -1 -1 -1
1 1 0 27.4 53.5 7 c25f 0b 7f -1 -1 -1 -1 -1
1 1 0 27.4 53.0 7 c25f 0b 7f -1 -1 -1 -1 -1
1 1 0 27.4 53.0 7 c25f 0b 7f -1 -1 -1 -1 -1
1 1 0 27.4 53.0 7 c25f 0b 7f -1 -1 -1 -1 -1
1 1 0 27.4 53.0 7 c25f 0b 7f -1 -1 -1 -1 -1
1 1 0 27.4 53.0 7 c25f 0b 7f -1 -1 -1 -1 -1
1 1 4 27.3 53.0 7 c25f 0b 7f -1 -1 -1 -1 -1
1 1 0 27.3 53.0 9 c25f 0b 7f -1 -1 -1 -1 -1
1 1 0 27.4 53.0 5 c25f 0b 7f -1 -1 -1 -1 -1
1 1 2 27.4 53.0 5 c25f 0b 7f -1 -1 -1 -1 -1
1 1 4 27.3 53.0 5 c25f 0b 7f -1 -1 -1 -1 -1
1 1 0 27.2 53.0 7 c25f 0b 7f -1 -1 -1 -1 -1
1 1 0 27.3 53.0 6 c25f 0b 7f -1 -1 -1 -1 -1
1 1 0 27.2 53.0 6 c25f 0b 7f -1 -1 -1 -1 -1
1 1 0 27.2 53.0 6 c25f 0b 7f -1 -1 -1 -1 -1
1 1 0 27.2 53.0 7 c25f 0b 7f -1 -1 -1 -1 -1
1 1 4 27.2 53.0 5 c25f 0b 7f -1 -1 -1 -1 -1
1 1 0 27.1 53.5 5 c25f 0b 7f -1 -1 -1 -1 -1
1 1 0 27.2 53.5 7 c25f 0b 7f -1 -1 -1 -1 -1
1 1 5 27.2 53.5 7 c25f 0b 7f -1 -1 -1 -1 -1
1 1 6 27.3 53.5 9 c25f 0b 7f -1 -1 -1 -1 -1
1 1 0 27.3 53.5 5 c25f 0b 7f -1 -1 -1 -1 -1
1 1 5 27.3 53.5 9 c25f 0b 7f -1 -1 -1 -1 -1
1 1 0 27.4 53.5 9 c25f 0b 7f -1 -1 -1 -1 -1
1 1 5 27.3 53.0 4 c25f 0b 7f -1 -1 -1 -1 -1
1 1 0 27.2 53.0 4 c25f 0b 7f -1 -1 -1 -1 -1
1 1 0 27.2 53.0 6 c25f 0b 7f -1 -1 -1 -1 -1
1 1 0 27.2 53.0 6 c25f 0b 7f -1 -1 -1 -1 -1
1 1 0 27.1 53.0 6 c25f 0b 7f -1 -1 -1 -1 -1
1 1 9 27.1 53.0 6 c25f 0b 7f -1 -1 -1 -1 -1
1 1 5 27.1 53.0 7 c25f 0b 7f -1 -1 -1 -1 -1
1 1 0 27.1 53.0 7 c25f 0b 7f -1 -1 -1 -1 -1
1 1 6 27.1 53.0 7 c25f 0b 7f -1 -1 -1 -1 -1
1 1 6 27.0 53.5 9 c25f 0b 7f -1 -1 -1 -1 -1
1 1 0 27.1 53.5 5 c25f 0b 7f -1 -1 -1 -1 -1
1 1 0 27.1 53.5 7 c25f 0b 7f -1 -1 -1 -1 -1
1 1 0 27.0 53.5 7 c25f 0b 7f -1 -1 -1 -1 -1
1 1 0 27.0 53.5 7 c25f 0b 7f -1 -1 -1 -1 -1
1 1 0 27.0 54.0 7 c25f 0b 7f -1 -1 -1 -1 -1
1 1 0 27.0 54.0 7 c25f 0b 7f -1 -1 -1 -1 -1
1 1 0 26.9 54.0 7 c25f 0b 7f -1 -1 -1 -1 -1
1 1 0 26.9 54.0 7 c25f 0b 7f -1 -1 -1 -1 -1
1 1 0 27.0 54.0 9 c25f 0b 7f -1 -1 -1 -1 -1
1 1 0 27.0 54.0 5 c25f 0b 7f -1 -1 -1 -1 -1
1 1 0 27.1 54.0 7 c25f 0b 7f -1 -1 -1 -1 -1
1 1 0 27.0 54.0 5 c25f 0b 7f -1 -1 -1 -1 -1
1 1 0 27.1 54.0 7 c25f 0b 7f -1 -1 -1 -1 -1
1 1 0 27.2 54.0 7 c25f 0b 7f -1 -1 -1 -1 -1
1 1 0 27.2 53.5 6 c25f 0b 7f -1 -1 -1 -1 -1
1 1 0 27.2 53.5 6 c25f 0b 7f -1 -1 -1 -1 -1
1 1 6 27.1 53.5 9 c25f 0b 7f -1 -1 -1 -1 -1
1 1 6 27.1 53.5 7 c25f 0b 7f -1 -1 -1 -1 -1
1 1 0 27.0 53.5 7 c25f 0b 7f -1 -1 -1 -1 -1
1 1 0 27.1 54.0 5 c25f 0b 7f -1 -1 -1 -1 -1
1 1 0 27.0 54.0 5 c25f 0b 7f -1 -1 -1 -1 -1
1 1 0 27.0 54.0 6 c25f 0b 7f -1 -1 -1 -1 -1
1 1 0 27.0 54.0 6 c25f 0b 7f -1 -1 -1 -1 -1
1 1 5 27.0 54.5 6 c25f 0b 7f -1 -1 -1 -1 -1
1 1 16 26.9 54.5 5 c25f 0b 7f -1 -1 -1 -1 -1
1 1 7 26.9 54.5 3 c25f 0b 7f -1 -1 -1 -1 -1
1 1 0 26.9 54.5 5 c25f 0b 7f -1 -1 -1 -1 -1
1 1 0 26.9 54.5 5 c25f 0b 7f -1 -1 -1 -1 -1
1 1 0 26.9 54.5 6 c25f 0b 7f -1 -1 -1 -1 -1
1 1 0 26.9 54.5 5 c25f 0b 7f -1 -1 -1 -1 -1
1 1 2 26.9 54.5 7 c25f 0b 7f -1 -1 -1 -1 -1
1 1 0 26.9 54.5 7 c25f 0b 7f -1 -1 -1 -1 -1
1 1 0 26.9 54.5 7 c25f 0b 7f -1 -1 -1 -1 -1
1 1 0 26.9 54.5 5 c25f 0b 7f -1 -1 -1 -1 -1
1 1 0 26.9 54.5 5 c25f 0b 7f -1 -1 -1 -1 -1
1 1 5 26.9 54.5 6 c25f 0b 7f -1 -1 -1 -1 -1
1 1 0 26.9 54.0 6 c25f 0b 7f -1 -1 -1 -1 -1
1 1 0 27.0 54.0 9 c25f 0b 7f -1 -1 -1 -1 -1
1 1 0 27.0 54.0 6 c25f 0b 7f -1 -1 -1 -1 -1
1 1 0 26.9 54.0 6 c25f 0b 7f -1 -1 -1 -1 -1
1 1 0 26.9 54.0 6 c25f 0b 7f -1 -1 -1 -1 -1
1 1 0 26.9 54.0 6 c25f 0b 7f -1 -1 -1 -1 -1
1 1 0 26.9 54.0 6 c25f 0b 7f -1 -1 -1 -1 -1
1 1 0 26.9 54.0 9 c25f 0b 7f -1 -1 -1 -1 -1
1 1 0 26.9 54.0 5 c25f 0b 7f -1 -1 -1 -1 -1
1 1 0 26.8 54.0 5 c25f 0b 7f -1 -1 -1 -1 -1
1 1 0 26.8 54.0 7 c25f 0b 7f -1 -1 -1 -1 -1
1 1 0 26.8 54.0 7 c25f 0b 7f -1 -1 -1 -1 -1
1 1 0 26.7 54.0 7 c25f 0b 7f -1 -1 -1 -1 -1
1 1 0 26.7 54.0 5 c25f 0b 7f -1 -1 -1 -1 -1
1 1 0 26.7 54.0 5 c25f 0b 7f -1 -1 -1 -1 -1
1 1 0 26.7 54.0 5 c25f 0b 7f -1 -1 -1 -1 -1
1 1 0 26.7 54.0 7 c25f 0b 7f -1 -1 -1 -1 -1
1 1 0 26.7 54.0 5 c25f 0b 7f -1 -1 -1 -1 -1
1 1 0 26.7 54.0 7 c25f 0b 7f -1 -1 -1 -1 -1
1 1 0 26.7 54.5 9 c25f 0b 7f -1 -1 -1 -1 -1
1 1 0 26.7 54.5 7 c25f 0b 7f -1 -1 -1 -1 -1
1 1 0 26.6 54.0 7 c25f 0b 7f -1 -1 -1 -1 -1
1 1 0 26.6 54.5 5 c25f 0b 7f -1 -1 -1 -1 -1
1 1 0 26.6 54.5 5 c25f 0b 7f -1 -1 -1 -1 -1
1 1 0 26.8 54.0 7 c25f 0b 7f -1 -1 -1 -1 -1
1 1 0 26.8 54.0 9 c25f 0b 7f -1 -1 -1 -1 -1
1 1 0 26.8 54.0 5 c25f 0b 7f -1 -1 -1 -1 -1
1 1 0 26.8 54.0 5 c25f 0b 7f -1 -1 -1 -1 -1
1 1 0 26.8 54.0 5 c25f 0b 7f -1 -1 -1 -1 -1
1 1 0 26.9 54.0 5 c25f 0b 7f -1 -1 -1 -1 -1
1 1 0 26.9 54.0 5 c25f 0b 7f -1 -1 -1 -1 -1
1 1 0 26.9 54.0 7 c25f 0b 7f -1 -1 -1 -1 -1
1 1 0 26.9 54.0 5 c25f 0b 7f -1 -1 -1 -1 -1
1 1 0 26.8 54.5 7 c25f 0b 7f -1 -1 -1 -1 -1
1 1 1 26.8 54.5 9 c25f 0b 7f -1 -1 -1 -1 -1
1 1 0 26.8 54.5 5 c25f 0b 7f -1 -1 -1 -1 -1
1 1 2 26.8 54.5 7 c25f 0b 7f -1 -1 -1 -1 -1
1 1 0 26.8 54.5 7 c25f 0b 7f -1 -1 -1 -1 -1
1 1 0 26.8 54.0 5 c25f 0b 7f -1 -1 -1 -1 -1
1 1 0 26.8 54.0 6 c25f 0b 7f -1 -1 -1 -1 -1
1 1 0 26.8 54.0 5 c25f 0b 7f -1 -1 -1 -1 -1
1 1 0 26.7 54.0 5 c25f 0b 7f -1 -1 -1 -1 -1
1 1 0 26.6 54.0 5 c25f 0b 7f -1 -1 -1 -1 -1
1 1 0 26.6 54.0 5 c25f 0b 7f -1 -1 -1 -1 -1
1 1 0 26.6 54.0 7 c25f 0b 7f -1 -1 -1 -1 -1
1 1 0 26.7 54.0 7 c25f 0b 7f -1 -1 -1 -1 -1
1 1 0 26.7 54.0 5 c25f 0b 7f -1 -1 -1 -1 -1
1 1 0 26.7 54.0 9 c25f 0b 7f -1 -1 -1 -1 -1
1 1 0 26.6 54.0 7 c25f 0b 7f -1 -1 -1 -1 -1
1 1 0 26.6 54.0 7 c25f 0b 7f -1 -1 -1 -1 -1
1 1 0 26.6 54.0 7 c25f 0b 7f -1 -1 -1 -1 -1
1 1 0 26.6 54.5 11 c25f 0b 7f -1 -1 -1 -1 -1
1 1 0 26.6 54.0 7 c25f 0b 7f -1 -1 -1 -1 -1
1 1 0 26.6 54.0 5 c25f 0b 7f -1 -1 -1 -1 -1
1 1 0 26.6 54.0 9 c25f 0b 7f -1 -1 -1 -1 -1
1 1 0 26.6 54.0 9 c25f 0b 7f -1 -1 -1 -1 -1
1 1 0 26.5 54.0 9 c25f 0b 7f -1 -1 -1 -1 -1
1 1 0 26.6 54.0 9 c25f 0b 7f -1 -1 -1 -1 -1
1 1 0 26.6 54.5 9 c25f 0b 7f -1 -1 -1 -1 -1
1 1 0 26.5 54.0 9 c25f 0b 7f -1 -1 -1 -1 -1
1 1 0 26.7 54.0 9 c25f 0b 7f -1 -1 -1 -1 -1
1 1 0 26.7 54.0 7 c25f 0b 7f -1 -1 -1 -1 -1
1 1 1 26.6 54.0 7 c25f 0b 7f -1 -1 -1 -1 -1
1 1 2 26.6 54.0 7 c25f 0b 7f -1 -1 -1 -1 -1
1 1 0 26.6 54.0 9 c25f 0b 7f -1 -1 -1 -1 -1
1 1 8 26.7 54.0 5 c25f 0b 7f -1 -1 -1 -1 -1
1 1 6 26.6 54.0 7 c25f 0b 7f -1 -1 -1 -1 -1
1 1 0 26.5 54.0 7 c25f 0b 7f -1 -1 -1 -1 -1
1 1 0 26.6 54.5 7 c25f 0b 7f -1 -1 -1 -1 -1
1 1 0 26.5 54.5 9 c25f 0b 7f -1 -1 -1 -1 -1
1 1 0 26.6 54.5 7 c25f 0b 7f -1 -1 -1 -1 -1
1 1 0 26.6 54.5 7 c25f 0b 7f -1 -1 -1 -1 -1
1 1 0 26.7 54.5 9 c25f 0b 7f -1 -1 -1 -1 -1
1 1 0 26.6 54.5 7 c25f 0b 7f -1 -1 -1 -1 -1
1 1 0 26.6 54.5 9 c25f 0b 7f -1 -1 -1 -1 -1
1 1 0 26.7 54.5 9 c25f 0b 7f -1 -1 -1 -1 -1
1 1 0 26.7 54.5 9 c25f 0b 7f -1 -1 -1 -1 -1
1 1 0 26.6 54.5 9 c25f 0b 7f -1 -1 -1 -1 -1
1 1 0 26.7 55.0 9 c25f 0b 7f -1 -1 -1 -1 -1
1 1 0 26.7 55.0 9 c25f 0b 7f -1 -1 -1 -1 -1
1 1 0 26.8 54.5 9 c25f 0b 7f -1 -1 -1 -1 -1
1 1 0 26.8 54.5 9 c25f 0b 7f -1 -1 -1 -1 -1
1 1 0 26.7 54.5 9 c25f 0b 7f -1 -1 -1 -1 -1
1 1 0 26.7 54.5 9 c25f 0b 7f -1 -1 -1 -1 -1
1 1 0 26.8 54.5 11 c25f 0b 7f -1 -1 -1 -1 -1
1 1 0 26.8 54.5 11 c25f 0b 7f -1 -1 -1 -1 -1
1 1 0 26.6 54.5 9 c25f 0b 7f -1 -1 -1 -1 -1
1 1 0 26.6 55.0 9 c25f 0b 7f -1 -1 -1 -1 -1
1 1 0 26.6 55.0 9 c25f 0b 7f -1 -1 -1 -1 -1
1 1 0 26.6 55.0 9 c25f 0b 7f -1 -1 -1 -1 -1
1 1 1 26.7 55.0 7 c25f 0b 7f -1 -1 -1 -1 -1
1 1 0 26.7 55.0 7 c25f 0b 7f -1 -1 -1 -1 -1
1 1 0 26.7 55.5 9 c25f 0b 7f -1 -1 -1 -1 -1
1 1 2 26.9 55.5 9 c25f 0b 7f -1 -1 -1 -1 -1
1 1 0 26.9 55.5 5 c25f 0b 7f -1 -1 -1 -1 -1
1 1 0 26.9 55.5 7 c25f 0b 7f -1 -1 -1 -1 -1
1 1 0 26.9 55.5 5 c25f 0b 7f -1 -1 -1 -1 -1
1 1 0 26.9 55.5 5 c25f 0b 7f -1 -1 -1 -1 -1
1 1 0 26.9 55.5 5 c25f 0b 7f -1 -1 -1 -1 -1
1 1 0 26.9 55.5 7 c25f 0b 7f -1 -1 -1 -1 -1
1 1 0 26.9 56.0 5 c25f 0b 7f -1 -1 -1 -1 -1
1 1 0 26.8 55.5 5 c25f 0b 7f -1 -1 -1 -1 -1
1 1 0 26.8 55.5 5 c25f 0b 7f -1 -1 -1 -1 -1
1 1 4 26.8 55.5 5 c25f 0b 7f -1 -1 -1 -1 -1
1 1 0 26.8 55.5 5 c25f 0b 7f -1 -1 -1 -1 -1
1 1 0 26.7 55.0 3 c25f 0b 7f -1 -1 -1 -1 -1
1 1 3 26.6 55.0 6 c25f 0b 7f -1 -1 -1 -1 -1
1 1 0 26.6 55.0 6 c25f 0b 7f -1 -1 -1 -1 -1
1 1 0 26.6 55.0 5 c25f 0b 7f -1 -1 -1 -1 -1
1 1 0 26.6 55.0 7 c25f 0b 7f -1 -1 -1 -1 -1
1 1 0 26.7 55.0 7 c25f 0b 7f -1 -1 -1 -1 -1
1 1 1 26.6 55.0 7 c25f 0b 7f -1 -1 -1 -1 -1
1 1 1 26.6 55.0 7 c25f 0b 7f -1 -1 -1 -1 -1
1 1 0 26.6 55.0 9 c25f 0b 7f -1 -1 -1 -1 -1
1 1 0 26.6 55.0 5 c25f 0b 7f -1 -1 -1 -1 -1
1 1 0 26.6 55.0 7 c25f 0b 7f -1 -1 -1 -1 -1
1 1 0 26.6 55.0 7 c25f 0b 7f -1 -1 -1 -1 -1
1 1 0 26.6 55.5 7 c25f 0b 7f -1 -1 -1 -1 -1
1 1 0 26.7 55.5 9 c25f 0b 7f -1 -1 -1 -1 -1
1 1 0 26.7 55.5 9 c25f 0b 7f -1 -1 -1 -1 -1
1 1 4 26.8 55.5 7 c25f 0b 7f -1 -1 -1 -1 -1
1 1 8 26.8 55.5 9 c25f 0b 7f -1 -1 -1 -1 -1
1 1 0 26.8 55.5 9 c25f 0b 7f -1 -1 -1 -1 -1
1 1 0 26.7 55.0 7 c25f 0b 7f -1 -1 -1 -1 -1
1 1 0 26.7 55.5 7 c25f 0b 7f -1 -1 -1 -1 -1
1 1 0 26.8 55.5 7 c25f 0b 7f -1 -1 -1 -1 -1
1 1 6 26.8 55.5 7 c25f 0b 7f -1 -1 -1 -1 -1
1 1 2 26.7 55.5 5 c25f 0b 7f -1 -1 -1 -1 -1
1 1 0 26.7 55.5 5 c25f 0b 7f -1 -1 -1 -1 -1
1 1 0 26.7 55.5 5 c25f 0b 7f -1 -1 -1 -1 -1
1 1 0 26.7 55.0 9 c25f 0b 7f -1 -1 -1 -1 -1
1 1 0 26.6 55.0 9 c25f 0b 7f -1 -1 -1 -1 -1
1 1 0 26.6 55.0 7 c25f 0b 7f -1 -1 -1 -1 -1
1 1 0 26.7 55.5 7 c25f 0b 7f -1 -1 -1 -1 -1
1 1 0 26.8 56.0 7 c25f 0b 7f -1 -1 -1 -1 -1
1 1 0 26.8 55.5 7 c25f 0b 7f -1 -1 -1 -1 -1
1 1 0 26.7 55.5 7 c25f 0b 7f -1 -1 -1 -1 -1
1 1 0 26.7 55.5 5 c25f 0b 7f -1 -1 -1 -1 -1
1 1 0 26.7 55.5 5 c25f 0b 7f -1 -1 -1 -1 -1
1 1 0 26.7 55.5 6 c25f 0b 7f -1 -1 -1 -1 -1
1 1 0 26.6 55.0 4 c25f 0b 7f -1 -1 -1 -1 -1
1 1 0 26.6 55.0 4 c25f 0b 7f -1 -1 -1 -1 -1
1 1 1 26.6 55.0 4 c25f 0b 7f -1 -1 -1 -1 -1
1 1 0 26.6 55.0 4 c25f 0b 7f -1 -1 -1 -1 -1
1 1 0 26.5 55.0 4 c25f 0b 7f -1 -1 -1 -1 -1
1 1 0 26.5 55.0 2 c25f 0b 7f -1 -1 -1 -1 -1
1 1 0 26.5 55.5 2 c25f 0b 7f -1 -1 -1 -1 -1
1 1 0 26.5 55.5 2 c25f 0b 7f -1 -1 -1 -1 -1
1 1 0 26.5 55.5 2 c25f 0b 7f -1 -1 -1 -1 -1
1 1 0 26.5 56.0 2 c25f 0b 7f -1 -1 -1 -1 -1
1 1 0 26.5 56.0 4 c25f 0b 7f -1 -1 -1 -1 -1
1 1 0 26.5 56.0 4 c25f 0b 7f -1 -1 -1 -1 -1
1 1 0 26.5 56.0 4 c25f 0b 7f -1 -1 -1 -1 -1
1 1 1 26.5 56.5 4 c25f 0b 7f -1 -1 -1 -1 -1
1 1 0 26.4 56.5 4 c25f 0b 7f -1 -1 -1 -1 -1
1 1 0 26.4 56.5 4 c25f 0b 7f -1 -1 -1 -1 -1
1 1 1 26.5 56.5 4 c25f 0b 7f -1 -1 -1 -1 -1
1 1 0 26.4 56.5 4 c25f 0b 7f -1 -1 -1 -1 -1
1 1 0 26.4 57.0 4 c25f 0b 7f -1 -1 -1 -1 -1
1 1 0 26.4 57.0 4 c25f 0b 7f -1 -1 -1 -1 -1
1 1 0 26.4 56.5 4 c25f 0b 7f -1 -1 -1 -1 -1
1 1 0 26.4 57.0 4 c25f 0b 7f -1 -1 -1 -1 -1
1 1 0 26.3 57.0 4 c25f 0b 7f -1 -1 -1 -1 -1
1 1 0 26.4 57.0 4 c25f 0b 7f -1 -1 -1 -1 -1
1 1 0 26.4 57.0 4 c25f 0b 7f -1 -1 -1 -1 -1
1 1 0 26.4 57.0 4 c25f 0b 7f -1 -1 -1 -1 -1
1 1 0 26.4 57.0 2 c25f 0b 7f -1 -1 -1 -1 -1
1 1 0 26.4 56.5 4 c25f 0b 7f -1 -1 -1 -1 -1
1 1 0 26.4 56.5 2 c25f 0b 7f -1 -1 -1 -1 -1
1 1 0 26.4 56.5 2 c25f 0b 7f -1 -1 -1 -1 -1
1 1 2 26.4 56.5 2 c25f 0b 7f -1 -1 -1 -1 -1
1 1 0 26.3 56.5 2 c25f 0b 7f -1 -1 -1 -1 -1
1 1 0 26.3 56.5 4 c25f 0b 7f -1 -1 -1 -1 -1
1 1 0 26.3 56.5 4 c25f 0b 7f -1 -1 -1 -1 -1
1 1 0 26.3 56.5 2 c25f 0b 7f -1 -1 -1 -1 -1
1 1 0 26.3 56.5 2 c25f 0b 7f -1 -1 -1 -1 -1
1 1 0 26.3 56.5 2 c25f 0b 7f -1 -1 -1 -1 -1
1 1 0 26.3 56.5 2 c25f 0b 7f -1 -1 -1 -1 -1
1 1 0 26.3 56.5 2 c25f 0b 7f -1 -1 -1 -1 -1
1 1 0 26.3 56.5 2 c25f 0b 7f -1 -1 -1 -1 -1
1 1 0 26.3 56.5 2 c25f 0b 7f -1 -1 -1 -1 -1
1 1 0 26.1 56.5 2 c25f 0b 7f -1 -1 -1 -1 -1
1 1 0 26.2 56.5 2 c25f 0b 7f -1 -1 -1 -1 -1
1 1 0 26.3 56.5 2 c25f 0b 7f -1 -1 -1 -1 -1
1 1 0 26.2 56.0 1 c25f 0b 7f -1 -1 -1 -1 -1
1 1 1 26.3 56.0 1 c25f 0b 7f -1 -1 -1 -1 -1
1 1 0 26.2 56.0 1 c25f 0b 7f -1 -1 -1 -1 -1
1 1 1 26.2 56.0 1 c25f 0b 7f -1 -1 -1 -1 -1
1 1 0 26.2 56.0 1 c25f 0b 7f -1 -1 -1 -1 -1
1 1 1 26.1 55.5 1 c25f 0b 7f -1 -1 -1 -1 -1
1 1 0 26.2 55.5 9 c25f 0b 7f -1 -1 -1 -1 -1
1 1 0 26.1 55.5 9 c25f 0b 7f -1 -1 -1 -1 -1
1 1 0 26.2 55.5 9 c25f 0b 7f -1 -1 -1 -1 -1
1 1 0 26.1 55.0 9 c25f 0b 7f -1 -1 -1 -1 -1
1 1 0 26.1 55.0 9 c25f 0b 7f -1 -1 -1 -1 -1
1 1 0 26.1 54.5 9 c25f 0b 7f -1 -1 -1 -1 -1
1 1 0 26.0 54.5 9 c25f 0b 7f -1 -1 -1 -1 -1
1 1 0 25.9 54.5 9 c25f 0b 7f -1 -1 -1 -1 -1
1 1 0 26.0 54.5 6 c25f 0b 7f -1 -1 -1 -1 -1
1 1 0 26.0 54.5 6 c25f 0b 7f -1 -1 -1 -1 -1
1 1 0 25.9 54.5 6 c25f 0b 7f -1 -1 -1 -1 -1
1 1 0 25.9 54.5 6 c25f 0b 7f -1 -1 -1 -1 -1
1 1 0 25.9 54.5 10 c25f 0b 7f -1 -1 -1 -1 -1
1 1 0 26.0 54.0 10 c25f 0b 7f -1 -1 -1 -1 -1
1 1 0 26.0 54.0 10 c25f 0b 7f -1 -1 -1 -1 -1
1 1 0 25.9 54.0 8 c25f 0b 7f -1 -1 -1 -1 -1
1 1 0 25.8 53.5 8 c25f 0b 7f -1 -1 -1 -1 -1
1 1 0 25.9 53.5 8 c25f 0b 7f -1 -1 -1 -1 -1
1 1 0 25.8 53.5 8 c25f 0b 7f -1 -1 -1 -1 -1
1 1 0 25.8 53.5 8 c25f 0b 7f -1 -1 -1 -1 -1
1 1 1 25.9 53.5 8 c25f 0b 7f -1 -1 -1 -1 -1
1 1 0 25.8 53.5 8 c25f 0b 7f -1 -1 -1 -1 -1
1 1 2 25.8 53.5 8 c25f 0b 7f -1 -1 -1 -1 -1
1 1 5 25.8 53.5 8 c25f 0b 7f -1 -1 -1 -1 -1
1 1 0 25.8 53.5 6 c25f 0b 7f -1 -1 -1 -1 -1
1 1 15 25.8 53.5 6 c25f 0b 7f -1 -1 -1 -1 -1
1 1 0 25.9 53.5 6 c25f 0b 7f -1 -1 -1 -1 -1
1 1 0 25.8 53.5 6 c25f 0b 7f -1 -1 -1 -1 -1
1 1 0 25.8 53.0 6 c25f 0b 7f -1 -1 -1 -1 -1
1 1 0 25.7 53.0 6 c25f 0b 7f -1 -1 -1 -1 -1
1 1 0 25.8 53.0 6 c25f 0b 7f -1 -1 -1 -1 -1
1 1 0 25.7 53.0 6 c25f 0b 7f -1 -1 -1 -1 -1
1 1 0 25.7 53.0 6 c25f 0b 7f -1 -1 -1 -1 -1
1 1 0 25.7 52.5 6 c25f 0b 7f -1 -1 -1 -1 -1
1 1 0 25.6 53.0 6 c25f 0b 7f -1 -1 -1 -1 -1
1 1 0 25.7 53.0 6 c25f 0b 7f -1 -1 -1 -1 -1
1 1 0 25.7 53.0 6 c25f 0b 7f -1 -1 -1 -1 -1
1 1 0 25.7 53.0 6 c25f 0b 7f -1 -1 -1 -1 -1
1 1 0 25.7 53.5 6 c25f 0b 7f -1 -1 -1 -1 -1
1 1 0 25.7 53.0 6 c25f 0b 7f -1 -1 -1 -1 -1
1 1 0 25.7 53.0 6 c25f 0b 7f -1 -1 -1 -1 -1
1 1 0 25.7 53.0 6 c25f 0b 7f -1 -1 -1 -1 -1
1 1 0 25.6 53.0 6 c25f 0b 7f -1 -1 -1 -1 -1
1 1 0 25.7 53.0 4 c25f 0b 7f -1 -1 -1 -1 -1
1 1 0 25.7 53.0 4 c25f 0b 7f -1 -1 -1 -1 -1
1 1 0 25.7 53.0 4 c25f 0b 7f -1 -1 -1 -1 -1
1 1 0 25.8 53.0 4 c25f 0b 7f -1 -1 -1 -1 -1
1 1 0 25.8 53.0 4 c25f 0b 7f -1 -1 -1 -1 -1
1 1 0 25.7 54.0 4 c25f 0b 7f -1 -1 -1 -1 -1
1 1 0 25.8 53.5 4 c25f 0b 7f -1 -1 -1 -1 -1
1 1 0 25.8 53.5 4 c25f 0b 7f -1 -1 -1 -1 -1
1 1 0 25.8 53.5 4 c25f 0b 7f -1 -1 -1 -1 -1
1 1 0 25.7 53.0 4 c25f 0b 7f -1 -1 -1 -1 -1
1 1 0 25.6 53.0 4 c25f 0b 7f -1 -1 -1 -1 -1
1 1 1 25.6 53.0 8 c25f 0b 7f -1 -1 -1 -1 -1
1 1 0 25.6 53.0 8 c25f 0b 7f -1 -1 -1 -1 -1
1 1 0 25.6 53.0 8 c25f 0b 7f -1 -1 -1 -1 -1
1 1 0 25.6 53.0 8 c25f 0b 7f -1 -1 -1 -1 -1
1 1 0 25.5 52.5 8 c25f 0b 7f -1 -1 -1 -1 -1
1 1 0 25.6 53.0 8 c25f 0b 7f -1 -1 -1 -1 -1
1 1 0 25.5 52.5 8 c25f 0b 7f -1 -1 -1 -1 -1
1 1 0 25.6 53.5 8 c25f 0b 7f -1 -1 -1 -1 -1
1 1 9 25.6 53.0 8 c25f 0b 7f -1 -1 -1 -1 -1
1 1 0 25.6 53.5 8 c25f 0b 7f -1 -1 -1 -1 -1
1 1 0 25.6 54.0 8 c25f 0b 7f -1 -1 -1 -1 -1
1 1 0 25.7 53.5 8 c25f 0b 7f -1 -1 -1 -1 -1
1 1 0 25.6 53.5 8 c25f 0b 7f -1 -1 -1 -1 -1
1 1 0 25.7 53.5 8 c25f 0b 7f -1 -1 -1 -1 -1
1 1 0 25.6 53.0 8 c25f 0b 7f -1 -1 -1 -1 -1
1 1 0 25.6 53.5 8 c25f 0b 7f -1 -1 -1 -1 -1
1 1 0 25.6 54.0 8 c25f 0b 7f -1 -1 -1 -1 -1
1 1 0 25.7 54.0 8 c25f 0b 7f -1 -1 -1 -1 -1
1 1 4 25.7 55.0 8 c25f 0b 7f -1 -1 -1 -1 -1
1 1 7 25.7 55.0 8 c25f 0b 7f -1 -1 -1 -1 -1
1 1 0 25.8 55.0 8 c25f 0b 7f -1 -1 -1 -1 -1
1 1 0 25.9 55.0 8 c25f 0b 7f -1 -1 -1 -1 -1
1 1 16 25.8 55.0 8 c25f 0b 7f -1 -1 -1 -1 -1
1 1 6 25.8 54.5 6 c25f 0b 7f -1 -1 -1 -1 -1
1 1 0 25.8 54.5 8 c25f 0b 7f -1 -1 -1 -1 -1
1 1 0 25.7 54.0 8 c25f 0b 7f -1 -1 -1 -1 -1
1 1 0 25.7 54.0 8 c25f 0b 7f -1 -1 -1 -1 -1
1 1 15 25.7 53.5 8 c25f 0b 7f -1 -1 -1 -1 -1
1 1 0 25.6 53.0 8 c25f 0b 7f -1 -1 -1 -1 -1
1 1 0 25.6 53.0 8 c25f 0b 7f -1 -1 -1 -1 -1
1 1 0 25.5 53.5 8 c25f 0b 7f -1 -1 -1 -1 -1
1 1 0 25.6 53.0 8 c25f 0b 7f -1 -1 -1 -1 -1
1 1 0 25.6 53.0 8 c25f 0b 7f -1 -1 -1 -1 -1
1 1 0 25.5 52.5 8 c25f 0b 7f -1 -1 -1 -1 -1
1 1 0 25.4 52.5 8 c25f 0b 7f -1 -1 -1 -1 -1
1 1 0 25.4 52.5 8 c25f 0b 7f -1 -1 -1 -1 -1
1 1 0 25.4 52.5 8 c25f 0b 7f -1 -1 -1 -1 -1
1 1 0 25.4 52.0 8 c25f 0b 7f -1 -1 -1 -1 -1
1 1 0 25.4 52.0 8 c25f 0b 7f -1 -1 -1 -1 -1
1 1 0 25.4 52.0 8 c25f 0b 7f -1 -1 -1 -1 -1
1 1 0 25.3 52.0 8 c25f 0b 7f -1 -1 -1 -1 -1
1 1 0 25.3 52.0 8 c25f 0b 7f -1 -1 -1 -1 -1
1 1 0 25.2 52.0 8 c25f 0b 7f -1 -1 -1 -1 -1
1 1 0 25.3 52.0 8 c25f 0b 7f -1 -1 -1 -1 -1
1 1 0 25.2 51.5 6 c25f 0b 7f -1 -1 -1 -1 -1
1 1 9 25.2 52.0 6 c25f 0b 7f -1 -1 -1 -1 -1
1 1 9 25.2 51.5 6 c25f 0b 7f -1 -1 -1 -1 -1
1 1 0 25.2 52.0 6 c25f 0b 7f -1 -1 -1 -1 -1
1 1 0 25.3 52.0 6 c25f 0b 7f -1 -1 -1 -1 -1
1 1 0 25.3 52.0 6 c25f 0b 7f -1 -1 -1 -1 -1
1 1 0 25.3 52.0 6 c25f 0b 7f -1 -1 -1 -1 -1
1 1 0 25.3 52.0 6 c25f 0b 7f -1 -1 -1 -1 -1
1 1 13 25.2 52.0 6 c25f 0b 7f -1 -1 -1 -1 -1
1 1 0 25.2 52.0 6 c25f 0b 7f -1 -1 -1 -1 -1
1 1 0 25.2 52.0 6 c25f 0b 7f -1 -1 -1 -1 -1
1 1 0 25.3 52.5 6 c25f 0b 7f -1 -1 -1 -1 -1
1 1 0 25.3 52.5 6 c25f 0b 7f -1 -1 -1 -1 -1
1 1 0 25.3 52.5 6 c25f 0b 7f -1 -1 -1 -1 -1
1 1 0 25.3 52.0 6 c25f 0b 7f -1 -1 -1 -1 -1
1 1 0 25.2 52.0 6 c25f 0b 7f -1 -1 -1 -1 -1
1 1 0 25.2 52.0 6 c25f 0b 7f -1 -1 -1 -1 -1
1 1 0 25.2 52.0 6 c25f 0b 7f -1 -1 -1 -1 -1
1 1 0 25.2 51.5 6 c25f 0b 7f -1 -1 -1 -1 -1
1 1 0 25.1 51.5 6 c25f 0b 7f -1 -1 -1 -1 -1
1 1 5 25.1 51.5 6 c25f 0b 7f -1 -1 -1 -1 -1
1 1 4 25.1 51.5 6 c25f 0b 7f -1 -1 -1 -1 -1
1 1 0 25.0 51.5 6 c25f 0b 7f -1 -1 -1 -1 -1
1 1 12 25.0 51.5 6 c25f 0b 7f -1 -1 -1 -1 -1
1 1 0 24.9 51.5 6 c25f 0b 7f -1 -1 -1 -1 -1
1 1 0 25.0 51.5 6 c25f 0b 7f -1 -1 -1 -1 -1
1 1 0 25.0 51.5 6 c25f 0b 7f -1 -1 -1 -1 -1
1 1 0 25.0 51.5 6 c25f 0b 7f -1 -1 -1 -1 -1
1 1 0 25.0 51.0 6 c25f 0b 7f -1 -1 -1 -1 -1
1 1 0 25.0 51.5 6 c25f 0b 7f -1 -1 -1 -1 -1
1 1 0 25.0 51.5 6 c25f 0b 7f -1 -1 -1 -1 -1
1 1 0 24.9 51.5 6 c25f 0b 7f -1 -1 -1 -1 -1
1 1 0 24.9 51.5 6 c25f 0b 7f -1 -1 -1 -1 -1
1 1 0 24.9 51.5 6 c25f 0b 7f -1 -1 -1 -1 -1
1 1 0 25.0 51.5 6 c25f 0b 7f -1 -1 -1 -1 -1
1 1 0 24.9 52.0 6 c25f 0b 7f -1 -1 -1 -1 -1
1 1 0 25.0 52.0 6 c25f 0b 7f -1 -1 -1 -1 -1
1 1 0 25.0 52.0 6 c25f 0b 7f -1 -1 -1 -1 -1
1 1 6 25.1 52.5 6 c25f 0b 7f -1 -1 -1 -1 -1
1 1 0 25.1 52.0 6 c25f 0b 7f -1 -1 -1 -1 -1
1 1 0 25.0 52.0 6 c25f 0b 7f -1 -1 -1 -1 -1
1 1 0 25.0 52.0 6 c25f 0b 7f -1 -1 -1 -1 -1
1 1 0 25.0 52.0 6 c25f 0b 7f -1 -1 -1 -1 -1
1 1 0 25.0 52.0 6 c25f 0b 7f -1 -1 -1 -1 -1
1 1 5 24.9 52.0 6 c25f 0b 7f -1 -1 -1 -1 -1
1 1 0 24.9 52.0 6 c25f 0b 7f -1 -1 -1 -1 -1
1 1 0 24.9 52.0 6 c25f 0b 7f -1 -1 -1 -1 -1
1 1 0 24.9 52.5 6 c25f 0b 7f -1 -1 -1 -1 -1
1 1 0 24.9 52.5 6 c25f 0b 7f -1 -1 -1 -1 -1
1 1 0 24.8 52.5 6 c25f 0b 7f -1 -1 -1 -1 -1
1 1 0 24.9 53.0 6 c25f 0b 7f -1 -1 -1 -1 -1
1 1 14 24.8 53.0 6 c25f 0b 7f -1 -1 -1 -1 -1
1 1 12 24.9 54.0 6 c25f 0b 7f -1 -1 -1 -1 -1
1 1 0 24.8 54.5 6 c25f 0b 7f -1 -1 -1 -1 -1
1 1 0 24.9 55.5 6 c25f 0b 7f -1 -1 -1 -1 -1
1 1 6 24.9 56.0 6 c25f 0b 7f -1 -1 -1 -1 -1
1 1 0 24.9 56.5 6 c25f 0b 7f -1 -1 -1 -1 -1
1 1 0 24.9 57.5 6 c25f 0b 7f -1 -1 -1 -1 -1
1 1 0 24.9 58.0 6 c25f 0b 7f -1 -1 -1 -1 -1
1 1 0 25.0 58.0 6 c25f 0b 7f -1 -1 -1 -1 -1
1 1 0 25.0 58.0 6 c25f 0b 7f -1 -1 -1 -1 -1
1 1 0 24.9 58.0 6 c25f 0b 7f -1 -1 -1 -1 -1
1 1 0 24.9 59.0 6 c25f 0b 7f -1 -1 -1 -1 -1
1 1 0 24.9 59.0 6 c25f 0b 7f -1 -1 -1 -1 -1
1 1 0 25.0 59.0 6 c25f 0b 7f -1 -1 -1 -1 -1
1 1 0 25.0 59.5 6 c25f 0b 7f -1 -1 -1 -1 -1
1 1 0 25.0 60.5 6 c25f 0b 7f -1 -1 -1 -1 -1
1 1 0 25.0 61.0 6 c25f 0b 7f -1 -1 -1 -1 -1
1 1 0 25.0 61.0 6 c25f 0b 7f -1 -1 -1 -1 -1
1 1 0 25.0 60.5 6 c25f 0b 7f -1 -1 -1 -1 -1
1 1 0 25.0 60.0 6 c25f 0b 7f -1 -1 -1 -1 -1
1 1 0 25.1 59.5 6 c25f 0b 7f -1 -1 -1 -1 -1
1 1 0 25.1 59.0 6 c25f 0b 7f -1 -1 -1 -1 -1
1 1 0 25.0 58.5 6 c25f 0b 7f -1 -1 -1 -1 -1
1 1 0 25.0 58.0 6 c25f 0b 7f -1 -1 -1 -1 -1
1 1 0 25.0 57.5 6 c25f 0b 7f -1 -1 -1 -1 -1
1 1 0 25.0 57.0 6 c25f 0b 7f -1 -1 -1 -1 -1
1 1 0 25.0 56.5 6 c25f 0b 7f -1 -1 -1 -1 -1
1 1 0 24.9 56.5 6 c25f 0b 7f -1 -1 -1 -1 -1
1 1 0 24.9 56.0 6 c25f 0b 7f -1 -1 -1 -1 -1
1 1 0 24.9 55.5 6 c25f 0b 7f -1 -1 -1 -1 -1
1 1 0 24.9 55.5 6 c25f 0b 7f -1 -1 -1 -1 -1
1 1 0 24.8 55.0 6 c25f 0b 7f -1 -1 -1 -1 -1
1 1 0 24.8 54.5 6 c25f 0b 7f -1 -1 -1 -1 -1
1 1 0 24.8 54.5 6 c25f 0b 7f -1 -1 -1 -1 -1
1 1 0 24.8 54.5 6 c25f 0b 7f -1 -1 -1 -1 -1
1 1 0 24.9 54.0 6 c25f 0b 7f -1 -1 -1 -1 -1
1 1 0 24.8 54.0 6 c25f 0b 7f -1 -1 -1 -1 -1
1 1 0 24.8 54.0 6 c25f 0b 7f -1 -1 -1 -1 -1
1 1 0 24.8 54.0 6 c25f 0b 7f -1 -1 -1 -1 -1
1 1 0 24.8 54.0 6 c25f 0b 7f -1 -1 -1 -1 -1
1 1 0 24.9 54.0 6 c25f 0b 7f -1 -1 -1 -1 -1
1 1 0 24.9 53.5 6 c25f 0b 7f -1 -1 -1 -1 -1
1 1 0 24.9 53.5 6 c25f 0b 7f -1 -1 -1 -1 -1
1 1 0 24.8 53.0 6 c25f 0b 7f -1 -1 -1 -1 -1
1 1 0 24.9 53.5 6 c25f 0b 7f -1 -1 -1 -1 -1
1 1 0 24.8 53.5 6 c25f 0b 7f -1 -1 -1 -1 -1
1 1 0 24.9 53.0 6 c25f 0b 7f -1 -1 -1 -1 -1
1 1 0 24.8 53.0 6 c25f 0b 7f -1 -1 -1 -1 -1
1 1 0 24.8 52.5 6 c25f 0b 7f -1 -1 -1 -1 -1
1 1 1 24.8 52.5 6 c25f 0b 7f -1 -1 -1 -1 -1
1 1 0 24.8 52.5 6 c25f 0b 7f -1 -1 -1 -1 -1
1 1 0 24.7 52.5 6 c25f 0b 7f -1 -1 -1 -1 -1
1 1 0 24.8 52.5 6 c25f 0b 7f -1 -1 -1 -1 -1
1 1 0 24.8 52.5 6 c25f 0b 7f -1 -1 -1 -1 -1
1 1 0 24.8 52.5 6 c25f 0b 7f -1 -1 -1 -1 -1
1 1 1 24.8 52.0 6 c25f 0b 7f -1 -1 -1 -1 -1
1 1 0 24.9 52.5 6 c25f 0b 7f -1 -1 -1 -1 -1
1 1 0 24.8 52.0 6 c25f 0b 7f -1 -1 -1 -1 -1
1 1 0 24.8 52.0 6 c25f 0b 7f -1 -1 -1 -1 -1
1 1 0 24.8 52.0 6 c25f 0b 7f -1 -1 -1 -1 -1
1 1 0 24.8 52.0 6 c25f 0b 7f -1 -1 -1 -1 -1
1 1 0 24.7 51.5 6 c25f 0b 7f -1 -1 -1 -1 -1
1 1 0 24.8 52.0 6 c25f 0b 7f -1 -1 -1 -1 -1
1 1 0 24.7 52.0 6 c25f 0b 7f -1 -1 -1 -1 -1
1 1 0 24.7 52.0 6 c25f 0b 7f -1 -1 -1 -1 -1
1 1 0 24.6 52.5 6 c25f 0b 7f -1 -1 -1 -1 -1
1 1 0 24.7 52.5 6 c25f 0b 7f -1 -1 -1 -1 -1
1 1 0 24.6 53.0 6 c25f 0b 7f -1 -1 -1 -1 -1
1 1 0 24.6 53.0 6 c25f 0b 7f -1 -1 -1 -1 -1
1 1 0 24.7 53.0 6 c25f 0b 7f -1 -1 -1 -1 -1
1 1 0 24.7 53.5 6 c25f 0b 7f -1 -1 -1 -1 -1
1 1 0 24.7 54.0 6 c25f 0b 7f -1 -1 -1 -1 -1
1 1 0 24.7 54.5 6 c25f 0b 7f -1 -1 -1 -1 -1
1 1 0 24.7 55.0 6 c25f 0b 7f -1 -1 -1 -1 -1
1 1 0 24.7 55.0 6 c25f 0b 7f -1 -1 -1 -1 -1
1 1 0 24.7 55.0 6 c25f 0b 7f -1 -1 -1 -1 -1
1 1 0 24.7 55.0 6 c25f 0b 7f -1 -1 -1 -1 -1
1 1 0 24.7 55.0 6 c25f 0b 7f -1 -1 -1 -1 -1
1 1 0 24.7 54.5 6 c25f 0b 7f -1 -1 -1 -1 -1
1 1 0 24.6 54.5 6 c25f 0b 7f -1 -1 -1 -1 -1
1 1 0 24.7 54.5 6 c25f 0b 7f -1 -1 -1 -1 -1
1 1 0 24.7 54.5 6 c25f 0b 7f -1 -1 -1 -1 -1
1 1 0 24.7 54.0 6 c25f 0b 7f -1 -1 -1 -1 -1
1 1 0 24.7 54.0 6 c25f 0b 7f -1 -1 -1 -1 -1
1 1 0 24.8 54.0 6 c25f 0b 7f -1 -1 -1 -1 -1
1 1 0 24.7 53.5 6 c25f 0b 7f -1 -1 -1 -1 -1
1 1 0 24.7 53.5 6 c25f 0b 7f -1 -1 -1 -1 -1
1 1 0 24.7 53.5 6 c25f 0b 7f -1 -1 -1 -1 -1
1 1 0 24.6 53.5 6 c25f 0b 7f -1 -1 -1 -1 -1
1 1 0 24.6 54.0 6 c25f 0b 7f -1 -1 -1 -1 -1
1 1 0 24.6 54.0 6 c25f 0b 7f -1 -1 -1 -1 -1
1 1 0 24.6 54.0 6 c25f 0b 7f -1 -1 -1 -1 -1
1 1 0 24.6 54.0 6 c25f 0b 7f -1 -1 -1 -1 -1
1 1 0 24.6 53.5 6 c25f 0b 7f -1 -1 -1 -1 -1
1 1 0 24.6 53.5 6 c25f 0b 7f -1 -1 -1 -1 -1
1 1 0 24.5 53.5 6 c25f 0b 7f -1 -1 -1 -1 -1
1 1 0 24.5 53.5 6 c25f 0b 7f -1 -1 -1 -1 -1
1 1 1 24.5 54.0 6 c25f 0b 7f -1 -1 -1 -1 -1
1 1 0 24.6 54.5 6 c25f 0b 7f -1 -1 -1 -1 -1
1 1 0 24.6 54.5 6 c25f 0b 7f -1 -1 -1 -1 -1
1 1 0 24.5 55.0 6 c25f 0b 7f -1 -1 -1 -1 -1
1 1 0 24.5 55.0 6 c25f 0b 7f -1 -1 -1 -1 -1
1 1 0 24.6 55.5 6 c25f 0b 7f -1 -1 -1 -1 -1
1 1 0 24.6 55.5 6 c25f 0b 7f -1 -1 -1 -1 -1
1 1 0 24.6 55.5 6 c25f 0b 7f -1 -1 -1 -1 -1
1 1 0 24.6 55.0 6 c25f 0b 7f -1 -1 -1 -1 -1
1 1 0 24.6 55.0 6 c25f 0b 7f -1 -1 -1 -1 -1
1 1 2 24.6 55.0 6 c25f 0b 7f -1 -1 -1 -1 -1
1 1 0 24.5 54.5 6 c25f 0b 7f -1 -1 -1 -1 -1
1 1 0 24.6 54.5 6 c25f 0b 7f -1 -1 -1 -1 -1
1 1 0 24.6 54.5 6 c25f 0b 7f -1 -1 -1 -1 -1
1 1 0 24.5 54.5 6 c25f 0b 7f -1 -1 -1 -1 -1
1 1 0 24.5 55.0 6 c25f 0b 7f -1 -1 -1 -1 -1
1 1 0 24.5 55.0 6 c25f 0b 7f -1 -1 -1 -1 -1
1 1 0 24.5 54.5 6 c25f 0b 7f -1 -1 -1 -1 -1
1 1 0 24.5 54.5 6 c25f 0b 7f -1 -1 -1 -1 -1
1 1 0 24.5 54.5 6 c25f 0b 7f -1 -1 -1 -1 -1
1 1 0 24.5 54.5 6 c25f 0b 7f -1 -1 -1 -1 -1
1 1 0 24.4 54.5 6 c25f 0b 7f -1 -1 -1 -1 -1
1 1 0 24.5 54.0 6 c25f 0b 7f -1 -1 -1 -1 -1
1 1 0 24.5 54.0 6 c25f 0b 7f -1 -1 -1 -1 -1
1 1 0 24.4 54.0 6 c25f 0b 7f -1 -1 -1 -1 -1
1 1 0 24.5 54.0 6 c25f 0b 7f -1 -1 -1 -1 -1
1 1 0 24.4 54.0 6 c25f 0b 7f -1 -1 -1 -1 -1
1 1 0 24.4 54.0 6 c25f 0b 7f -1 -1 -1 -1 -1
1 1 0 24.4 53.5 6 c25f 0b 7f -1 -1 -1 -1 -1
1 1 0 24.5 53.5 6 c25f 0b 7f -1 -1 -1 -1 -1
1 1 0 24.4 53.5 6 c25f 0b 7f -1 -1 -1 -1 -1
1 1 0 24.4 53.0 6 c25f 0b 7f -1 -1 -1 -1 -1
1 1 0 24.4 53.0 6 c25f 0b 7f -1 -1 -1 -1 -1
1 1 0 24.4 53.0 6 c25f 0b 7f -1 -1 -1 -1 -1
1 1 0 24.4 53.0 6 c25f 0b 7f -1 -1 -1 -1 -1
1 1 0 24.4 53.0 6 c25f 0b 7f -1 -1 -1 -1 -1
1 1 0 24.3 53.0 6 c25f 0b 7f -1 -1 -1 -1 -1
1 1 0 24.4 53.0 6 c25f 0b 7f -1 -1 -1 -1 -1
1 1 0 24.3 53.0 6 c25f 0b 7f -1 -1 -1 -1 -1
1 1 0 24.4 53.0 6 c25f 0b 7f -1 -1 -1 -1 -1
1 1 0 24.4 53.5 6 c25f 0b 7f -1 -1 -1 -1 -1
1 1 0 24.4 53.5 6 c25f 0b 7f -1 -1 -1 -1 -1
1 1 0 24.4 53.5 6 c25f 0b 7f -1 -1 -1 -1 -1
1 1 0 24.4 53.5 6 c25f 0b 7f -1 -1 -1 -1 -1
1 1 1 24.4 54.0 6 c25f 0b 7f -1 -1 -1 -1 -1
1 1 1 24.4 54.0 6 c25f 0b 7f -1 -1 -1 -1 -1
1 1 0 24.5 54.0 6 c25f 0b 7f -1 -1 -1 -1 -1
1 1 0 24.4 53.5 6 c25f 0b 7f -1 -1 -1 -1 -1
1 1 0 24.4 53.5 2 c25f 0b 7f -1 -1 -1 -1 -1
1 1 13 24.5 53.0 0 c25f 0b 7f -1 -1 -1 -1 -1
1 1 0 24.4 53.0 0 c25f 0b 7f -1 -1 -1 -1 -1
1 1 0 24.4 52.5 0 c25f 0b 7f -1 -1 -1 -1 -1
1 1 0 24.4 52.0 0 c25f 0b 7f -1 -1 -1 -1 -1
1 1 1 24.3 52.0 0 c25f 0b 7f -1 -1 -1 -1 -1
1 1 5 24.4 52.0 0 c25f 0b 7f -1 -1 -1 -1 -1
1 1 7 24.5 52.0 0 c25f 0b 7f -1 -1 -1 -1 -1
1 1 18 24.7 52.0 1 c25f 0b 7f -1 -1 -1 -1 -1
1 1 4 24.8 51.5 1 c25f 0b 0f -1 -1 -1 -1 -1
1 1 0 24.9 52.0 1 c25f 0b 0f -1 -1 -1 -1 -1
1 1 0 25.1 52.5 1 c25f 0b 0f -1 -1 -1 -1 -1
1 1 0 25.2 52.5 1 c25f 0b 0f -1 -1 -1 -1 -1
1 1 0 25.2 53.0 1 c25f 0b 0f -1 -1 -1 -1 -1
1 1 0 25.3 53.5 1 c25f 0b 0f -1 -1 -1 -1 -1
1 1 0 25.4 53.5 1 c25f 0b 0f -1 -1 -1 -1 -1
1 1 0 25.5 54.0 1 c25f 0b 0f -1 -1 -1 -1 -1
1 1 0 25.6 54.0 1 c25f 0b 0f -1 -1 -1 -1 -1
1 1 0 25.7 54.5 1 c25f 0b 0f -1 -1 -1 -1 -1
1 1 0 25.7 54.5 1 c25f 0b 0f -1 -1 -1 -1 -1
1 1 0 25.7 54.5 1 c25f 0b 0f -1 -1 -1 -1 -1
1 1 0 25.8 54.5 1 c25f 0b 0f -1 -1 -1 -1 -1
1 1 0 25.8 55.0 1 c25f 0b 0f -1 -1 -1 -1 -1
1 1 0 26.0 55.0 1 c25f 0b 0f -1 -1 -1 -1 -1
1 1 0 26.0 55.0 1 c25f 0b 0f -1 -1 -1 -1 -1
1 1 0 26.1 55.5 1 c25f 0b 0f -1 -1 -1 -1 -1
1 1 0 26.1 55.5 1 c25f 0b 0f -1 -1 -1 -1 -1
1 1 0 26.2 55.5 1 c25f 0b 0f -1 -1 -1 -1 -1
1 1 0 26.2 55.5 1 c25f 0b 0f -1 -1 -1 -1 -1
1 1 0 26.2 55.5 1 c25f 0b 0f -1 -1 -1 -1 -1
1 1 0 26.3 55.5 1 c25f 0b 0f -1 -1 -1 -1 -1
1 1 0 26.4 56.0 1 c25f 0b 0f -1 -1 -1 -1 -1
1 1 0 26.4 56.0 1 c25f 0b 0f -1 -1 -1 -1 -1
1 1 0 26.5 56.0 1 c25f 0b 0f -1 -1 -1 -1 -1
1 1 0 26.5 56.0 1 c25f 0b 0f -1 -1 -1 -1 -1
1 1 0 26.6 56.0 1 c25f 0b 0f -1 -1 -1 -1 -1
1 1 0 26.6 56.5 1 c25f 0b 0f -1 -1 -1 -1 -1
1 1 0 26.6 56.5 1 c25f 0b 0f -1 -1 -1 -1 -1
1 1 0 26.7 56.5 1 c25f 0b 0f -1 -1 -1 -1 -1
1 1 0 26.7 56.5 1 c25f 0b 0f -1 -1 -1 -1 -1
1 1 0 26.8 57.5 1 c25f 0b 0f -1 -1 -1 -1 -1
1 1 0 26.8 57.5 1 c25f 0b 0f -1 -1 -1 -1 -1
1 1 0 26.8 58.0 1 c25f 0b 0f -1 -1 -1 -1 -1
1 1 0 26.9 58.5 1 c25f 0b 0f -1 -1 -1 -1 -1
1 1 0 27.0 59.0 1 c25f 0b 0f -1 -1 -1 -1 -1
1 1 0 27.0 59.0 1 c25f 0b 0f -1 -1 -1 -1 -1
1 1 0 27.0 59.5 1 c25f 0b 0f -1 -1 -1 -1 -1
1 1 0 27.1 59.5 1 c25f 0b 0f -1 -1 -1 -1 -1
1 1 0 27.1 59.5 1 c25f 0b 0f -1 -1 -1 -1 -1
1 1 0 27.2 60.0 1 c25f 0b 0f -1 -1 -1 -1 -1
1 1 0 27.3 60.0 1 c25f 0b 0f -1 -1 -1 -1 -1
1 1 0 27.2 60.5 1 c25f 0b 0f -1 -1 -1 -1 -1
1 1 0 27.3 60.5 1 c25f 0b 0f -1 -1 -1 -1 -1
1 1 0 27.3 60.5 1 c25f 0b 0f -1 -1 -1 -1 -1
1 1 0 27.4 61.0 1 c25f 0b 0f -1 -1 -1 -1 -1
1 1 0 27.4 61.5 1 c25f 0b 0f -1 -1 -1 -1 -1
1 1 0 27.4 61.5 1 c25f 0b 0f -1 -1 -1 -1 -1
1 1 0 27.5 61.5 1 c25f 0b 0f -1 -1 -1 -1 -1
1 1 0 27.5 61.5 1 c25f 0b 0f -1 -1 -1 -1 -1
1 1 0 27.6 62.0 1 c25f 0b 0f -1 -1 -1 -1 -1
1 1 0 27.6 62.0 1 c25f 0b 0f -1 -1 -1 -1 -1
1 1 0 27.6 62.0 1 c25f 0b 0f -1 -1 -1 -1 -1
1 1 0 27.7 62.0 1 c25f 0b 0f -1 -1 -1 -1 -1
1 1 0 27.6 62.5 1 c25f 0b 0f -1 -1 -1 -1 -1
1 1 0 27.7 63.0 1 c25f 0b 0f -1 -1 -1 -1 -1
1 1 0 27.7 63.0 1 c25f 0b 0f -1 -1 -1 -1 -1
1 1 0 27.8 63.5 1 c25f 0b 0f -1 -1 -1 -1 -1
1 1 0 27.8 63.5 1 c25f 0b 0f -1 -1 -1 -1 -1
1 1 0 27.8 64.0 1 c25f 0b 0f -1 -1 -1 -1 -1
1 1 0 27.8 64.5 1 c25f 0b 0f -1 -1 -1 -1 -1
1 1 0 27.9 64.5 1 c25f 0b 0f -1 -1 -1 -1 -1
1 1 0 27.9 65.0 1 c25f 0b 0f -1 -1 -1 -1 -1
1 1 0 27.9 65.5 1 c25f 0b 0f -1 -1 -1 -1 -1
1 1 0 27.9 65.0 1 c25f 0b 0f -1 -1 -1 -1 -1
1 1 0 28.0 65.0 1 c25f 0b 0f -1 -1 -1 -1 -1
1 1 0 27.9 65.0 1 c25f 0b 0f -1 -1 -1 -1 -1
1 1 0 28.1 64.5 1 c25f 0b 0f -1 -1 -1 -1 -1
1 1 0 28.1 65.0 1 c25f 0b 0f -1 -1 -1 -1 -1
1 1 0 28.1 64.5 1 c25f 0b 0f -1 -1 -1 -1 -1
1 1 0 28.1 64.5 1 c25f 0b 0f -1 -1 -1 -1 -1
1 1 0 28.1 64.5 1 c25f 0b 0f -1 -1 -1 -1 -1
1 1 0 28.2 64.5 1 c25f 0b 0f -1 -1 -1 -1 -1
1 1 0 28.3 64.5 1 c25f 0b 0f -1 -1 -1 -1 -1
1 1 0 28.3 64.0 1 c25f 0b 0f -1 -1 -1 -1 -1
1 1 0 28.3 64.0 1 c25f 0b 0f -1 -1 -1 -1 -1
1 1 0 28.3 64.0 1 c25f 0b 0f -1 -1 -1 -1 -1
1 1 0 28.3 64.0 1 c25f 0b 0f -1 -1 -1 -1 -1
1 1 0 28.4 64.0 1 c25f 0b 0f -1 -1 -1 -1 -1
1 1 0 28.4 64.0 1 c25f 0b 0f -1 -1 -1 -1 -1
1 1 0 28.4 63.5 1 c25f 0b 0f -1 -1 -1 -1 -1
1 1 0 28.4 64.0 1 c25f 0b 0f -1 -1 -1 -1 -1
1 1 0 28.5 64.0 1 c25f 0b 0f -1 -1 -1 -1 -1
1 1 0 28.5 64.0 1 c25f 0b 0f -1 -1 -1 -1 -1
1 1 0 28.4 63.5 1 c25f 0b 0f -1 -1 -1 -1 -1
1 1 0 28.6 63.5 1 c25f 0b 0f -1 -1 -1 -1 -1
1 1 0 28.5 63.5 1 c25f 0b 0f -1 -1 -1 -1 -1
1 1 0 28.7 63.5 1 c25f 0b 0f -1 -1 -1 -1 -1
1 1 0 28.7 63.5 1 c25f 0b 0f -1 -1 -1 -1 -1
1 1 0 28.6 63.5 1 c25f 0b 0f -1 -1 -1 -1 -1
1 1 0 28.6 63.5 1 c25f 0b 0f -1 -1 -1 -1 -1
1 1 0 28.6 63.0 1 c25f 0b 0f -1 -1 -1 -1 -1
1 1 0 28.7 63.0 1 c25f 0b 0f -1 -1 -1 -1 -1
1 1 0 28.7 63.5 1 c25f 0b 0f -1 -1 -1 -1 -1
1 1 0 28.8 63.0 1 c25f 0b 0f -1 -1 -1 -1 -1
1 1 0 28.7 63.0 1 c25f 0b 0f -1 -1 -1 -1 -1
1 1 0 28.8 63.0 1 c25f 0b 0f -1 -1 -1 -1 -1
1 1 0 28.8 63.0 1 c25f 0b 0f -1 -1 -1 -1 -1
1 1 0 28.8 63.0 1 c25f 0b 0f -1 -1 -1 -1 -1
1 1 0 28.8 63.0 1 c25f 0b 0f -1 -1 -1 -1 -1
1 1 0 28.8 63.0 1 c25f 0b 0f -1 -1 -1 -1 -1
1 1 0 28.9 63.0 1 c25f 0b 0f -1 -1 -1 -1 -1
1 1 0 28.9 63.0 1 c25f 0b 0f -1 -1 -1 -1 -1
1 1 0 29.0 63.0 1 c25f 0b 0f -1 -1 -1 -1 -1
1 1 0 28.9 62.5 1 c25f 0b 0f -1 -1 -1 -1 -1
1 1 0 28.9 62.5 1 c25f 0b 0f -1 -1 -1 -1 -1
1 1 0 29.0 62.5 1 c25f 0b 0f -1 -1 -1 -1 -1
1 1 0 29.0 62.5 1 c25f 0b 0f -1 -1 -1 -1 -1
1 1 0 29.1 63.0 1 c25f 0b 0f -1 -1 -1 -1 -1
