1 1 0 26.4 59.5 1 -1 -1 0b -1 -1 -1 0f -1 -1 -1
1 1 0 26.4 60.0 1 -1 -1 0b -1 -1 -1 0f -1 -1 -1
1 1 0 26.4 60.0 1 -1 -1 0b -1 -1 -1 0f -1 -1 -1
1 1 0 26.4 60.0 1 -1 -1 0b -1 -1 -1 0f -1 -1 -1
1 1 0 26.4 60.0 1 -1 -1 0b -1 -1 -1 0f -1 -1 -1
1 1 0 26.4 60.5 1 -1 -1 0b -1 -1 -1 0f -1 -1 -1
1 1 0 26.4 59.5 1 -1 -1 0b -1 -1 -1 0f -1 -1 -1
1 1 0 26.4 59.5 1 -1 -1 0b -1 -1 -1 0f -1 -1 -1
1 1 0 26.4 59.5 1 -1 -1 0b -1 -1 -1 0f -1 -1 -1
1 1 0 26.4 59.5 1 -1 -1 0b -1 -1 -1 0f -1 -1 -1
1 1 0 26.3 60.0 1 -1 -1 0b -1 -1 -1 0f -1 -1 -1
1 1 0 26.4 60.0 1 -1 -1 0b -1 -1 -1 0f -1 -1 -1
1 1 0 26.4 60.0 1 -1 -1 0b -1 -1 -1 0f -1 -1 -1
1 1 0 26.4 59.5 1 -1 -1 0b -1 -1 -1 0f -1 -1 -1
1 1 0 26.4 59.5 1 -1 -1 0b -1 -1 -1 0f -1 -1 -1
1 1 0 26.4 59.5 1 -1 -1 0b -1 -1 -1 0f -1 -1 -1
1 1 0 26.3 59.5 1 -1 -1 0b -1 -1 -1 0f -1 -1 -1
1 1 0 26.3 59.5 1 -1 -1 0b -1 -1 -1 0f -1 -1 -1
1 1 0 26.4 59.5 1 -1 -1 0b -1 -1 -1 0f -1 -1 -1
1 1 0 26.4 59.5 1 -1 -1 0b -1 -1 -1 0f -1 -1 -1
1 1 0 26.4 59.5 1 -1 -1 0b -1 -1 -1 0f -1 -1 -1
1 1 0 26.4 59.5 1 -1 -1 0b -1 -1 -1 0f -1 -1 -1
1 1 0 26.3 59.5 1 -1 -1 0b -1 -1 -1 0f -1 -1 -1
1 1 0 26.3 59.5 1 -1 -1 0b -1 -1 -1 0f -1 -1 -1
1 1 0 26.3 59.5 1 -1 -1 0b -1 -1 -1 0f -1 -1 -1
1 1 0 26.3 59.5 1 -1 -1 0b -1 -1 -1 0f -1 -1 -1
1 1 0 26.3 59.5 1 -1 -1 0b -1 -1 -1 0f -1 -1 -1
1 1 0 26.3 59.5 1 -1 -1 0b -1 -1 -1 0f -1 -1 -1
1 1 0 26.4 59.5 1 -1 -1 0b -1 -1 -1 0f -1 -1 -1
1 1 0 26.3 59.5 1 -1 -1 0b -1 -1 -1 0f -1 -1 -1
1 1 0 26.4 59.5 1 -1 -1 0b -1 -1 -1 0f -1 -1 -1
1 1 0 26.3 59.5 1 -1 -1 0b -1 -1 -1 0f -1 -1 -1
1 1 0 26.2 59.5 1 -1 -1 0b -1 -1 -1 0f -1 -1 -1
1 1 0 26.4 59.5 1 -1 -1 0b -1 -1 -1 0f -1 -1 -1
1 1 0 26.3 59.5 1 -1 -1 0b -1 -1 -1 0f -1 -1 -1
1 1 0 26.3 59.0 1 -1 -1 0b -1 -1 -1 0f -1 -1 -1
1 1 0 26.3 59.0 1 -1 -1 0b -1 -1 -1 0f -1 -1 -1
1 1 0 26.4 59.0 1 -1 -1 0b -1 -1 -1 0f -1 -1 -1
1 1 0 26.3 59.0 1 -1 -1 0b -1 -1 -1 0f -1 -1 -1
1 1 0 26.4 59.0 1 -1 -1 0b -1 -1 -1 0f -1 -1 -1
1 1 0 26.3 59.0 1 -1 -1 0b -1 -1 -1 0f -1 -1 -1
1 1 0 26.4 59.0 1 -1 -1 0b -1 -1 -1 0f -1 -1 -1
1 1 0 26.3 59.5 1 -1 -1 0b -1 -1 -1 0f -1 -1 -1
1 1 0 26.3 59.0 1 -1 -1 0b -1 -1 -1 0f -1 -1 -1
1 1 0 26.4 59.5 1 -1 -1 0b -1 -1 -1 0f -1 -1 -1
1 1 0 26.3 59.0 1 -1 -1 0b -1 -1 -1 0f -1 -1 -1
1 1 0 26.4 59.0 1 -1 -1 0b -1 -1 -1 0f -1 -1 -1
1 1 0 26.3 59.0 1 -1 -1 0b -1 -1 -1 0f -1 -1 -1
1 1 0 26.3 59.0 1 -1 -1 0b -1 -1 -1 0f -1 -1 -1
1 1 0 26.3 59.0 1 -1 -1 0b -1 -1 -1 0f -1 -1 -1
1 1 0 26.3 59.0 1 -1 -1 0b -1 -1 -1 0f -1 -1 -1
1 1 0 26.2 59.0 1 -1 -1 0b -1 -1 -1 0f -1 -1 -1
1 1 0 26.4 59.0 1 -1 -1 0b -1 -1 -1 0f -1 -1 -1
1 1 0 26.3 59.0 1 -1 -1 0b -1 -1 -1 0f -1 -1 -1
1 1 0 26.3 59.0 1 -1 -1 0b -1 -1 -1 0f -1 -1 -1
1 1 0 26.3 59.0 1 -1 -1 0b -1 -1 -1 0f -1 -1 -1
1 1 0 26.4 59.0 1 -1 -1 0b -1 -1 -1 0f -1 -1 -1
1 1 0 26.3 59.0 1 -1 -1 0b -1 -1 -1 0f -1 -1 -1
1 1 0 26.4 59.0 1 -1 -1 0b -1 -1 -1 0f -1 -1 -1
1 1 0 26.3 59.0 1 -1 -1 0b -1 -1 -1 0f -1 -1 -1
1 1 0 26.3 59.0 1 -1 -1 0b -1 -1 -1 0f -1 -1 -1
1 1 0 26.3 59.0 1 -1 -1 0b -1 -1 -1 0f -1 -1 -1
1 1 0 26.3 59.0 1 -1 -1 0b -1 -1 -1 0f -1 -1 -1
1 1 0 26.3 59.0 1 -1 -1 0b -1 -1 -1 0f -1 -1 -1
1 1 0 26.3 59.0 1 -1 -1 0b -1 -1 -1 0f -1 -1 -1
1 1 0 26.3 59.0 1 -1 -1 0b -1 -1 -1 0f -1 -1 -1
1 1 0 26.3 59.0 1 -1 -1 0b -1 -1 -1 0f -1 -1 -1
1 1 0 26.3 59.0 1 -1 -1 0b -1 -1 -1 0f -1 -1 -1
1 1 0 26.3 59.0 1 -1 -1 0b -1 -1 -1 0f -1 -1 -1
1 1 0 26.3 59.0 1 -1 -1 0b -1 -1 -1 0f -1 -1 -1
1 1 0 26.3 59.0 1 -1 -1 0b -1 -1 -1 0f -1 -1 -1
1 1 0 26.3 59.0 1 -1 -1 0b -1 -1 -1 0f -1 -1 -1
1 1 0 26.3 59.0 1 -1 -1 0b -1 -1 -1 0f -1 -1 -1
1 1 0 26.4 59.0 1 -1 -1 0b -1 -1 -1 0f -1 -1 -1
1 1 0 26.3 59.0 1 -1 -1 0b -1 -1 -1 0f -1 -1 -1
1 1 0 26.2 59.0 1 -1 -1 0b -1 -1 -1 0f -1 -1 -1
1 1 0 26.3 59.0 1 -1 -1 0b -1 -1 -1 0f -1 -1 -1
1 1 0 26.3 59.0 1 -1 -1 0b -1 -1 -1 0f -1 -1 -1
1 1 0 26.3 59.0 1 -1 -1 0b -1 -1 -1 0f -1 -1 -1
1 1 0 26.3 59.0 1 -1 -1 0b -1 -1 -1 0f -1 -1 -1
1 1 0 26.3 59.0 1 -1 -1 0b -1 -1 -1 0f -1 -1 -1
1 1 0 26.3 59.0 1 -1 -1 0b -1 -1 -1 0f -1 -1 -1
1 1 0 26.3 59.0 1 -1 -1 0b -1 -1 -1 0f -1 -1 -1
1 1 0 26.3 59.0 1 -1 -1 0b -1 -1 -1 0f -1 -1 -1
1 1 0 26.3 59.0 1 -1 -1 0b -1 -1 -1 0f -1 -1 -1
1 1 0 26.3 59.0 1 -1 -1 0b -1 -1 -1 0f -1 -1 -1
1 1 0 26.3 59.0 1 -1 -1 0b -1 -1 -1 0f -1 -1 -1
1 1 0 26.3 59.0 1 -1 -1 0b -1 -1 -1 0f -1 -1 -1
1 1 0 26.3 59.0 1 -1 -1 0b -1 -1 -1 0f -1 -1 -1
1 1 0 26.4 59.0 1 -1 -1 0b -1 -1 -1 0f -1 -1 -1
1 1 0 26.3 59.0 1 -1 -1 0b -1 -1 -1 0f -1 -1 -1
1 1 0 26.3 59.0 1 -1 -1 0b -1 -1 -1 0f -1 -1 -1
1 1 0 26.3 59.0 1 -1 -1 0b -1 -1 -1 0f -1 -1 -1
1 1 0 26.3 59.0 1 -1 -1 0b -1 -1 -1 0f -1 -1 -1
1 1 0 26.3 59.0 1 -1 -1 0b -1 -1 -1 0f -1 -1 -1
1 1 0 26.3 59.5 1 -1 -1 0b -1 -1 -1 0f -1 -1 -1
1 1 0 26.3 59.5 1 -1 -1 0b -1 -1 -1 0f -1 -1 -1
1 1 0 26.4 60.0 1 -1 -1 0b -1 -1 -1 0f -1 -1 -1
1 1 0 26.4 60.5 1 -1 -1 0b -1 -1 -1 0f -1 -1 -1
1 1 0 26.4 61.0 1 -1 -1 0b -1 -1 -1 0f -1 -1 -1
1 1 0 26.4 61.0 1 -1 -1 0b -1 -1 -1 0f -1 -1 -1
1 1 0 26.4 60.5 1 -1 -1 0b -1 -1 -1 0f -1 -1 -1
1 1 0 26.4 60.5 1 -1 -1 0b -1 -1 -1 0f -1 -1 -1
1 1 0 26.4 60.5 1 -1 -1 0b -1 -1 -1 0f -1 -1 -1
1 1 0 26.4 60.5 1 -1 -1 0b -1 -1 -1 0f -1 -1 -1
1 1 0 26.4 60.5 1 -1 -1 0b -1 -1 -1 0f -1 -1 -1
1 1 0 26.4 60.5 1 -1 -1 0b -1 -1 -1 0f -1 -1 -1
1 1 0 26.4 60.5 1 -1 -1 0b -1 -1 -1 0f -1 -1 -1
1 1 0 26.4 60.5 1 -1 -1 0b -1 -1 -1 0f -1 -1 -1
1 1 0 26.3 60.5 1 -1 -1 0b -1 -1 -1 0f -1 -1 -1
1 1 0 26.4 60.5 1 -1 -1 0b -1 -1 -1 0f -1 -1 -1
1 1 0 26.4 60.5 1 -1 -1 0b -1 -1 -1 0f -1 -1 -1
1 1 0 26.4 60.0 1 -1 -1 0b -1 -1 -1 0f -1 -1 -1
1 1 0 26.4 60.0 1 -1 -1 0b -1 -1 -1 0f -1 -1 -1
1 1 0 26.4 60.0 1 -1 -1 0b -1 -1 -1 0f -1 -1 -1
1 1 0 26.3 59.5 1 -1 -1 0b -1 -1 -1 0f -1 -1 -1
1 1 0 26.4 59.5 1 -1 -1 0b -1 -1 -1 0f -1 -1 -1
1 1 0 26.3 59.5 1 -1 -1 0b -1 -1 -1 0f -1 -1 -1
1 1 0 26.4 59.5 1 -1 -1 0b -1 -1 -1 0f -1 -1 -1
1 1 0 26.3 59.5 1 -1 -1 0b -1 -1 -1 0f -1 -1 -1
1 1 0 26.3 59.5 1 -1 -1 0b -1 -1 -1 0f -1 -1 -1
1 1 0 26.4 59.5 1 -1 -1 0b -1 -1 -1 0f -1 -1 -1
1 1 0 26.3 59.5 1 -1 -1 0b -1 -1 -1 0f -1 -1 -1
1 1 0 26.3 59.5 1 -1 -1 0b -1 -1 -1 0f -1 -1 -1
1 1 0 26.3 59.5 1 -1 -1 0b -1 -1 -1 0f -1 -1 -1
1 1 0 26.3 59.5 1 -1 -1 0b -1 -1 -1 0f -1 -1 -1
1 1 0 26.3 59.5 1 -1 -1 0b -1 -1 -1 0f -1 -1 -1
1 1 0 26.3 59.5 1 -1 -1 0b -1 -1 -1 0f -1 -1 -1
1 1 0 26.3 59.5 1 -1 -1 0b -1 -1 -1 0f -1 -1 -1
1 1 0 26.3 59.5 1 -1 -1 0b -1 -1 -1 0f -1 -1 -1
1 1 0 26.4 59.5 1 -1 -1 0b -1 -1 -1 0f -1 -1 -1
1 1 0 26.4 59.5 1 -1 -1 0b -1 -1 -1 0f -1 -1 -1
1 1 0 26.3 59.5 1 -1 -1 0b -1 -1 -1 0f -1 -1 -1
1 1 0 26.4 59.5 1 -1 -1 0b -1 -1 -1 0f -1 -1 -1
1 1 0 26.3 59.5 1 -1 -1 0b -1 -1 -1 0f -1 -1 -1
1 1 0 26.3 59.5 1 -1 -1 0b -1 -1 -1 0f -1 -1 -1
1 1 0 26.4 59.0 1 -1 -1 0b -1 -1 -1 0f -1 -1 -1
1 1 0 26.3 59.0 1 -1 -1 0b -1 -1 -1 0f -1 -1 -1
1 1 0 26.3 59.0 1 -1 -1 0b -1 -1 -1 0f -1 -1 -1
1 1 0 26.4 59.0 1 -1 -1 0b -1 -1 -1 0f -1 -1 -1
1 1 0 26.3 59.0 1 -1 -1 0b -1 -1 -1 0f -1 -1 -1
1 1 0 26.3 59.0 1 -1 -1 0b -1 -1 -1 0f -1 -1 -1
1 1 0 26.2 59.0 1 -1 -1 0b -1 -1 -1 0f -1 -1 -1
1 1 0 26.3 59.0 1 -1 -1 0b -1 -1 -1 0f -1 -1 -1
1 1 0 26.3 59.0 1 -1 -1 0b -1 -1 -1 0f -1 -1 -1
1 1 0 26.3 59.0 1 -1 -1 0b -1 -1 -1 0f -1 -1 -1
1 1 0 26.3 59.0 1 -1 -1 0b -1 -1 -1 0f -1 -1 -1
1 1 0 26.3 59.0 1 -1 -1 0b -1 -1 -1 0f -1 -1 -1
1 1 0 26.3 59.0 1 -1 -1 0b -1 -1 -1 0f -1 -1 -1
1 1 0 26.3 59.0 1 -1 -1 0b -1 -1 -1 0f -1 -1 -1
1 1 0 26.3 59.5 1 -1 -1 0b -1 -1 -1 0f -1 -1 -1
1 1 0 26.3 59.5 1 -1 -1 0b -1 -1 -1 0f -1 -1 -1
1 1 0 26.3 59.5 1 -1 -1 0b -1 -1 -1 0f -1 -1 -1
1 1 0 26.3 59.5 1 -1 -1 0b -1 -1 -1 0f -1 -1 -1
1 1 0 26.3 60.0 1 -1 -1 0b -1 -1 -1 0f -1 -1 -1
1 1 0 26.3 60.0 1 -1 -1 0b -1 -1 -1 0f -1 -1 -1
1 1 0 26.3 60.0 1 -1 -1 0b -1 -1 -1 0f -1 -1 -1
1 1 0 26.3 60.0 1 -1 -1 0b -1 -1 -1 0f -1 -1 -1
1 1 0 26.3 59.5 1 -1 -1 0b -1 -1 -1 0f -1 -1 -1
1 1 0 26.3 59.5 1 -1 -1 0b -1 -1 -1 0f -1 -1 -1
1 1 0 26.3 59.5 1 -1 -1 0b -1 -1 -1 0f -1 -1 -1
1 1 0 26.2 59.5 1 -1 -1 0b -1 -1 -1 0f -1 -1 -1
1 1 0 26.2 59.5 1 -1 -1 0b -1 -1 -1 0f -1 -1 -1
1 1 0 26.3 59.5 1 -1 -1 0b -1 -1 -1 0f -1 -1 -1
1 1 0 26.3 59.5 1 -1 -1 0b -1 -1 -1 0f -1 -1 -1
1 1 0 26.3 59.5 1 -1 -1 0b -1 -1 -1 0f -1 -1 -1
1 1 0 26.4 59.5 1 -1 -1 0b -1 -1 -1 0f -1 -1 -1
1 1 0 26.3 59.5 1 -1 -1 0b -1 -1 -1 0f -1 -1 -1
1 1 0 26.3 59.0 1 -1 -1 0b -1 -1 -1 0f -1 -1 -1
1 1 0 26.3 59.0 1 -1 -1 0b -1 -1 -1 0f -1 -1 -1
1 1 0 26.3 59.0 1 -1 -1 0b -1 -1 -1 0f -1 -1 -1
1 1 0 26.2 59.0 1 -1 -1 0b -1 -1 -1 0f -1 -1 -1
1 1 0 26.2 59.0 1 -1 -1 0b -1 -1 -1 0f -1 -1 -1
1 1 0 26.3 59.0 1 -1 -1 0b -1 -1 -1 0f -1 -1 -1
1 1 0 26.3 59.0 1 -1 -1 0b -1 -1 -1 0f -1 -1 -1
1 1 0 26.3 59.0 1 -1 -1 0b -1 -1 -1 0f -1 -1 -1
1 1 0 26.3 59.5 1 -1 -1 0b -1 -1 -1 0f -1 -1 -1
1 1 0 26.3 59.5 1 -1 -1 0b -1 -1 -1 0f -1 -1 -1
1 1 0 26.3 59.5 1 -1 -1 0b -1 -1 -1 0f -1 -1 -1
1 1 0 26.2 59.5 1 -1 -1 0b -1 -1 -1 0f -1 -1 -1
1 1 0 26.2 59.5 1 -1 -1 0b -1 -1 -1 0f -1 -1 -1
1 1 0 26.3 59.5 1 -1 -1 0b -1 -1 -1 0f -1 -1 -1
1 1 0 26.3 59.5 1 -1 -1 0b -1 -1 -1 0f -1 -1 -1
1 1 0 26.3 59.5 1 -1 -1 0b -1 -1 -1 0f -1 -1 -1
1 1 0 26.3 59.5 1 -1 -1 0b -1 -1 -1 0f -1 -1 -1
1 1 0 26.3 59.5 1 -1 -1 0b -1 -1 -1 0f -1 -1 -1
1 1 0 26.3 59.0 1 -1 -1 0b -1 -1 -1 0f -1 -1 -1
1 1 0 26.3 59.0 1 -1 -1 0b -1 -1 -1 0f -1 -1 -1
1 1 0 26.3 59.0 1 -1 -1 0b -1 -1 -1 0f -1 -1 -1
1 1 0 26.3 59.0 1 -1 -1 0b -1 -1 -1 0f -1 -1 -1
1 1 0 26.2 59.0 1 -1 -1 0b -1 -1 -1 0f -1 -1 -1
1 1 0 26.3 59.0 1 -1 -1 0b -1 -1 -1 0f -1 -1 -1
1 1 0 26.3 59.0 1 -1 -1 0b -1 -1 -1 0f -1 -1 -1
1 1 0 26.3 59.0 1 -1 -1 0b -1 -1 -1 0f -1 -1 -1
1 1 0 26.3 58.5 1 -1 -1 0b -1 -1 -1 0f -1 -1 -1
1 1 0 26.2 59.0 1 -1 -1 0b -1 -1 -1 0f -1 -1 -1
1 1 0 26.2 58.5 1 -1 -1 0b -1 -1 -1 0f -1 -1 -1
1 1 0 26.2 58.5 1 -1 -1 0b -1 -1 -1 0f -1 -1 -1
1 1 0 26.3 59.0 1 -1 -1 0b -1 -1 -1 0f -1 -1 -1
1 1 0 26.3 58.5 1 -1 -1 0b -1 -1 -1 0f -1 -1 -1
1 1 0 26.2 58.5 1 -1 -1 0b -1 -1 -1 0f -1 -1 -1
1 1 0 26.3 58.5 1 -1 -1 0b -1 -1 -1 0f -1 -1 -1
1 1 0 26.3 58.5 1 -1 -1 0b -1 -1 -1 0f -1 -1 -1
1 1 0 26.3 58.5 1 -1 -1 0b -1 -1 -1 0f -1 -1 -1
1 1 0 26.3 58.5 1 -1 -1 0b -1 -1 -1 0f -1 -1 -1
1 1 0 26.3 58.5 1 -1 -1 0b -1 -1 -1 0f -1 -1 -1
1 1 0 26.3 58.5 1 -1 -1 0b -1 -1 -1 0f -1 -1 -1
1 1 0 26.3 58.5 1 -1 -1 0b -1 -1 -1 0f -1 -1 -1
1 1 0 26.3 58.5 1 -1 -1 0b -1 -1 -1 0f -1 -1 -1
1 1 0 26.3 59.0 1 -1 -1 0b -1 -1 -1 0f -1 -1 -1
1 1 0 26.3 59.0 1 -1 -1 0b -1 -1 -1 0f -1 -1 -1
1 1 0 26.3 59.0 1 -1 -1 0b -1 -1 -1 0f -1 -1 -1
1 1 0 26.3 59.0 1 -1 -1 0b -1 -1 -1 0f -1 -1 -1
1 1 0 26.3 59.0 1 -1 -1 0b -1 -1 -1 0f -1 -1 -1
1 1 0 26.3 59.0 1 -1 -1 0b -1 -1 -1 0f -1 -1 -1
1 1 0 26.3 59.0 1 -1 -1 0b -1 -1 -1 0f -1 -1 -1
1 1 0 26.3 59.0 1 -1 -1 0b -1 -1 -1 0f -1 -1 -1
1 1 0 26.3 59.0 1 -1 -1 0b -1 -1 -1 0f -1 -1 -1
1 1 0 26.3 59.0 1 -1 -1 0b -1 -1 -1 0f -1 -1 -1
1 1 0 26.3 59.0 1 -1 -1 0b -1 -1 -1 0f -1 -1 -1
1 1 0 26.3 59.0 1 -1 -1 0b -1 -1 -1 0f -1 -1 -1
1 1 0 26.3 59.0 1 -1 -1 0b -1 -1 -1 0f -1 -1 -1
1 1 0 26.3 59.0 1 -1 -1 0b -1 -1 -1 0f -1 -1 -1
1 1 0 26.2 59.0 1 -1 -1 0b -1 -1 -1 0f -1 -1 -1
1 1 0 26.3 59.5 1 -1 -1 0b -1 -1 -1 0f -1 -1 -1
1 1 0 26.3 59.5 1 -1 -1 0b -1 -1 -1 0f -1 -1 -1
1 1 0 26.3 59.5 1 -1 -1 0b -1 -1 -1 0f -1 -1 -1
1 1 0 26.3 59.5 1 -1 -1 0b -1 -1 -1 0f -1 -1 -1
1 1 0 26.3 59.5 1 -1 -1 0b -1 -1 -1 0f -1 -1 -1
1 1 0 26.3 59.5 1 -1 -1 0b -1 -1 -1 0f -1 -1 -1
1 1 0 26.3 59.5 1 -1 -1 0b -1 -1 -1 0f -1 -1 -1
1 1 0 26.3 59.5 1 -1 -1 0b -1 -1 -1 0f -1 -1 -1
1 1 0 26.3 59.5 1 -1 -1 0b -1 -1 -1 0f -1 -1 -1
1 1 0 26.2 59.5 1 -1 -1 0b -1 -1 -1 0f -1 -1 -1
1 1 0 26.3 59.5 1 -1 -1 0b -1 -1 -1 0f -1 -1 -1
1 1 0 26.3 59.5 1 -1 -1 0b -1 -1 -1 0f -1 -1 -1
1 1 0 26.3 59.5 1 -1 -1 0b -1 -1 -1 0f -1 -1 -1
1 1 0 26.3 59.5 1 -1 -1 0b -1 -1 -1 0f -1 -1 -1
1 1 0 26.2 59.5 1 -1 -1 0b -1 -1 -1 0f -1 -1 -1
1 1 0 26.2 59.5 1 -1 -1 0b -1 -1 -1 0f -1 -1 -1
1 1 0 26.3 59.5 1 -1 -1 0b -1 -1 -1 0f -1 -1 -1
1 1 0 26.3 59.5 1 -1 -1 0b -1 -1 -1 0f -1 -1 -1
1 1 0 26.3 59.5 1 -1 -1 0b -1 -1 -1 0f -1 -1 -1
1 1 0 26.3 59.5 1 -1 -1 0b -1 -1 -1 0f -1 -1 -1
1 1 0 26.3 59.5 1 -1 -1 0b -1 -1 -1 0f -1 -1 -1
1 1 0 26.3 59.5 1 -1 -1 0b -1 -1 -1 0f -1 -1 -1
1 1 0 26.2 59.5 1 -1 -1 0b -1 -1 -1 0f -1 -1 -1
1 1 0 26.3 59.5 1 -1 -1 0b -1 -1 -1 0f -1 -1 -1
1 1 0 26.3 59.5 1 -1 -1 0b -1 -1 -1 0f -1 -1 -1
1 1 0 26.2 60.0 1 -1 -1 0b -1 -1 -1 0f -1 -1 -1
1 1 0 26.3 60.0 1 -1 -1 0b -1 -1 -1 0f -1 -1 -1
1 1 0 26.3 60.0 1 -1 -1 0b -1 -1 -1 0f -1 -1 -1
1 1 0 26.3 60.0 1 -1 -1 0b -1 -1 -1 0f -1 -1 -1
1 1 0 26.3 60.0 1 -1 -1 0b -1 -1 -1 0f -1 -1 -1
1 1 0 26.3 60.0 1 -1 -1 0b -1 -1 -1 0f -1 -1 -1
1 1 0 26.3 60.0 1 -1 -1 0b -1 -1 -1 0f -1 -1 -1
1 1 0 26.3 60.0 1 -1 -1 0b -1 -1 -1 0f -1 -1 -1
1 1 0 26.2 60.0 1 -1 -1 0b -1 -1 -1 0f -1 -1 -1
1 1 0 26.3 60.0 1 -1 -1 0b -1 -1 -1 0f -1 -1 -1
1 1 0 26.2 60.0 1 -1 -1 0b -1 -1 -1 0f -1 -1 -1
1 1 0 26.3 60.0 1 -1 -1 0b -1 -1 -1 0f -1 -1 -1
1 1 0 26.3 60.0 1 -1 -1 0b -1 -1 -1 0f -1 -1 -1
1 1 0 26.3 60.0 1 -1 -1 0b -1 -1 -1 0f -1 -1 -1
1 1 0 26.3 60.0 1 -1 -1 0b -1 -1 -1 0f -1 -1 -1
1 1 0 26.2 60.0 1 -1 -1 0b -1 -1 -1 0f -1 -1 -1
1 1 0 26.3 59.5 1 -1 -1 0b -1 -1 -1 0f -1 -1 -1
1 1 0 26.3 60.0 1 -1 -1 0b -1 -1 -1 0f -1 -1 -1
1 1 0 26.4 60.0 1 -1 -1 0b -1 -1 -1 0f -1 -1 -1
1 1 0 26.3 59.5 1 -1 -1 0b -1 -1 -1 0f -1 -1 -1
1 1 0 26.3 59.5 1 -1 -1 0b -1 -1 -1 0f -1 -1 -1
1 1 0 26.3 59.5 1 -1 -1 0b -1 -1 -1 0f -1 -1 -1
1 1 0 26.3 59.5 1 -1 -1 0b -1 -1 -1 0f -1 -1 -1
1 1 0 26.3 59.5 1 -1 -1 0b -1 -1 -1 0f -1 -1 -1
1 1 0 26.3 59.5 1 -1 -1 0b -1 -1 -1 0f -1 -1 -1
1 1 0 26.3 59.5 1 -1 -1 0b -1 -1 -1 0f -1 -1 -1
1 1 0 26.3 59.5 1 -1 -1 0b -1 -1 -1 0f -1 -1 -1
1 1 0 26.3 59.5 1 -1 -1 0b -1 -1 -1 0f -1 -1 -1
1 1 0 26.3 59.5 1 -1 -1 0b -1 -1 -1 0f -1 -1 -1
1 1 0 26.3 59.5 1 -1 -1 0b -1 -1 -1 0f -1 -1 -1
1 1 0 26.3 59.5 1 -1 -1 0b -1 -1 -1 0f -1 -1 -1
1 1 0 26.3 59.5 1 -1 -1 0b -1 -1 -1 0f -1 -1 -1
1 1 0 26.3 59.5 1 -1 -1 0b -1 -1 -1 0f -1 -1 -1
1 1 0 26.3 59.5 1 -1 -1 0b -1 -1 -1 0f -1 -1 -1
1 1 0 26.3 59.5 1 -1 -1 0b -1 -1 -1 0f -1 -1 -1
1 1 0 26.3 59.5 1 -1 -1 0b -1 -1 -1 0f -1 -1 -1
1 1 0 26.3 59.0 1 -1 -1 0b -1 -1 -1 0f -1 -1 -1
1 1 0 26.2 59.0 1 -1 -1 0b -1 -1 -1 0f -1 -1 -1
1 1 0 26.2 59.0 1 -1 -1 0b -1 -1 -1 0f -1 -1 -1
1 1 0 26.3 59.5 1 -1 -1 0b -1 -1 -1 0f -1 -1 -1
1 1 0 26.2 59.5 1 -1 -1 0b -1 -1 -1 0f -1 -1 -1
1 1 0 26.3 59.5 1 -1 -1 0b -1 -1 -1 0f -1 -1 -1
1 1 0 26.2 59.5 1 -1 -1 0b -1 -1 -1 0f -1 -1 -1
1 1 0 26.3 59.5 1 -1 -1 0b -1 -1 -1 0f -1 -1 -1
1 1 0 26.3 59.5 1 -1 -1 0b -1 -1 -1 0f -1 -1 -1
1 1 0 26.2 59.5 1 -1 -1 0b -1 -1 -1 0f -1 -1 -1
1 1 0 26.3 59.5 1 -1 -1 0b -1 -1 -1 0f -1 -1 -1
1 1 0 26.2 59.5 1 -1 -1 0b -1 -1 -1 0f -1 -1 -1
1 1 0 26.2 59.5 1 -1 -1 0b -1 -1 -1 0f -1 -1 -1
1 1 0 26.2 59.5 1 -1 -1 0b -1 -1 -1 0f -1 -1 -1
1 1 0 26.2 59.5 1 -1 -1 0b -1 -1 -1 0f -1 -1 -1
1 1 0 26.2 59.5 1 -1 -1 0b -1 -1 -1 0f -1 -1 -1
1 1 0 26.3 59.5 1 -1 -1 0b -1 -1 -1 0f -1 -1 -1
1 1 0 26.2 59.5 1 -1 -1 0b -1 -1 -1 0f -1 -1 -1
1 1 0 26.3 59.5 1 -1 -1 0b -1 -1 -1 0f -1 -1 -1
1 1 0 26.3 59.5 1 -1 -1 0b -1 -1 -1 0f -1 -1 -1
1 1 0 26.3 59.5 1 -1 -1 0b -1 -1 -1 0f -1 -1 -1
1 1 0 26.3 59.5 1 -1 -1 0b -1 -1 -1 0f -1 -1 -1
1 1 0 26.2 59.5 1 -1 -1 0b -1 -1 -1 0f -1 -1 -1
1 1 0 26.3 59.5 1 -1 -1 0b -1 -1 -1 0f -1 -1 -1
1 1 0 26.3 59.5 1 -1 -1 0b -1 -1 -1 0f -1 -1 -1
1 1 0 26.3 59.5 1 -1 -1 0b -1 -1 -1 0f -1 -1 -1
1 1 0 26.2 59.5 1 -1 -1 0b -1 -1 -1 0f -1 -1 -1
1 1 0 26.3 59.5 1 -1 -1 0b -1 -1 -1 0f -1 -1 -1
1 1 0 26.3 59.0 1 -1 -1 0b -1 -1 -1 0f -1 -1 -1
1 1 0 26.2 59.5 1 -1 -1 0b -1 -1 -1 0f -1 -1 -1
1 1 0 26.3 59.5 1 -1 -1 0b -1 -1 -1 0f -1 -1 -1
1 1 0 26.3 59.5 1 -1 -1 0b -1 -1 -1 0f -1 -1 -1
1 1 0 26.3 59.5 1 -1 -1 0b -1 -1 -1 0f -1 -1 -1
1 1 0 26.3 59.5 1 -1 -1 0b -1 -1 -1 0f -1 -1 -1
1 1 0 26.2 59.5 1 -1 -1 0b -1 -1 -1 0f -1 -1 -1
1 1 0 26.2 59.5 1 -1 -1 0b -1 -1 -1 0f -1 -1 -1
1 1 0 26.2 59.5 1 -1 -1 0b -1 -1 -1 0f -1 -1 -1
1 1 0 26.3 59.5 1 -1 -1 0b -1 -1 -1 0f -1 -1 -1
1 1 0 26.3 59.5 1 -1 -1 0b -1 -1 -1 0f -1 -1 -1
1 1 0 26.3 59.5 1 -1 -1 0b -1 -1 -1 0f -1 -1 -1
1 1 0 26.2 59.5 1 -1 -1 0b -1 -1 -1 0f -1 -1 -1
1 1 0 26.3 59.5 1 -1 -1 0b -1 -1 -1 0f -1 -1 -1
1 1 0 26.3 59.5 0 -1 -1 0b -1 -1 -1 0f -1 -1 -1
1 1 0 26.3 59.5 0 -1 -1 0b -1 -1 -1 0f -1 -1 -1
1 1 0 26.3 59.5 0 -1 -1 0b -1 -1 -1 0f -1 -1 -1
1 1 0 26.3 59.5 0 -1 -1 0b -1 -1 -1 0f -1 -1 -1
1 1 0 26.3 59.5 0 -1 -1 0b -1 -1 -1 0f -1 -1 -1
1 1 0 26.3 59.5 2 -1 -1 0b -1 -1 -1 0f -1 -1 -1
1 1 0 26.3 60.0 3 -1 -1 0b -1 -1 -1 0f -1 -1 -1
1 1 0 26.2 60.0 3 -1 -1 0b -1 -1 -1 0f -1 -1 -1
1 1 0 26.2 60.0 1 -1 -1 0b -1 -1 -1 0f -1 -1 -1
1 1 0 26.2 60.0 1 -1 -1 0b -1 -1 -1 0f -1 -1 -1
1 1 0 26.3 60.0 1 -1 -1 0b -1 -1 -1 0f -1 -1 -1
1 1 0 26.2 60.0 2 -1 -1 0b -1 -1 -1 0f -1 -1 -1
1 1 0 26.3 60.5 2 -1 -1 0b -1 -1 -1 0f -1 -1 -1
1 1 0 26.3 60.5 2 -1 -1 0b -1 -1 -1 0f -1 -1 -1
1 1 0 26.3 60.5 2 -1 -1 0b -1 -1 -1 0f -1 -1 -1
1 1 0 26.2 60.5 0 -1 -1 0b -1 -1 -1 0f -1 -1 -1
1 1 0 26.2 60.5 0 -1 -1 0b -1 -1 -1 0f -1 -1 -1
1 1 0 26.2 61.0 1 -1 -1 0b -1 -1 -1 0f -1 -1 -1
1 1 0 26.2 61.0 1 -1 -1 0b -1 -1 -1 0f -1 -1 -1
1 1 0 26.2 61.0 1 -1 -1 0b -1 -1 -1 0f -1 -1 -1
1 1 0 26.2 61.0 1 -1 -1 0b -1 -1 -1 0f -1 -1 -1
1 1 0 26.2 61.0 2 -1 -1 0b -1 -1 -1 0f -1 -1 -1
1 1 0 26.2 61.0 2 -1 -1 0b -1 -1 -1 0f -1 -1 -1
1 1 0 26.2 61.0 2 -1 -1 0b -1 -1 -1 0f -1 -1 -1
1 1 0 26.2 61.0 2 -1 -1 0b -1 -1 -1 0f -1 -1 -1
1 1 0 26.3 61.0 4 -1 -1 0b -1 -1 -1 0f -1 -1 -1
1 1 0 26.2 61.0 4 -1 -1 0b -1 -1 -1 0f -1 -1 -1
1 1 0 26.3 61.0 4 -1 -1 0b -1 -1 -1 0f -1 -1 -1
1 1 0 26.3 60.5 4 -1 -1 0b -1 -1 -1 0f -1 -1 -1
1 1 0 26.2 60.5 2 -1 -1 0b -1 -1 -1 0f -1 -1 -1
1 1 0 26.2 60.5 2 -1 -1 0b -1 -1 -1 0f -1 -1 -1
1 1 0 26.2 60.5 2 -1 -1 0b -1 -1 -1 0f -1 -1 -1
1 1 0 26.2 60.0 2 -1 -1 0b -1 -1 -1 0f -1 -1 -1
1 1 0 26.2 60.0 3 -1 -1 0b -1 -1 -1 0f -1 -1 -1
1 1 0 26.2 60.0 3 -1 -1 0b -1 -1 -1 0f -1 -1 -1
1 1 0 26.2 60.0 3 -1 -1 0b -1 -1 -1 0f -1 -1 -1
1 1 0 26.2 60.0 3 -1 -1 0b -1 -1 -1 0f -1 -1 -1
1 1 0 26.2 60.0 3 -1 -1 0b -1 -1 -1 0f -1 -1 -1
1 1 0 26.2 60.0 3 -1 -1 0b -1 -1 -1 0f -1 -1 -1
1 1 0 26.3 59.5 5 -1 -1 0b -1 -1 -1 0f -1 -1 -1
1 1 0 26.2 59.5 5 -1 -1 0b -1 -1 -1 0f -1 -1 -1
1 1 0 26.3 59.5 5 -1 -1 0b -1 -1 -1 0f -1 -1 -1
1 1 0 26.2 59.5 5 -1 -1 0b -1 -1 -1 0f -1 -1 -1
1 1 0 26.2 59.5 5 -1 -1 0b -1 -1 -1 0f -1 -1 -1
1 1 0 26.2 59.5 5 -1 -1 0b -1 -1 -1 0f -1 -1 -1
1 1 0 26.2 59.5 5 -1 -1 0b -1 -1 -1 0f -1 -1 -1
1 1 0 26.2 59.5 5 -1 -1 0b -1 -1 -1 0f -1 -1 -1
1 1 0 26.2 59.5 5 -1 -1 0b -1 -1 -1 0f -1 -1 -1
1 1 0 26.2 59.5 7 -1 -1 0b -1 -1 -1 0f -1 -1 -1
1 1 0 26.2 59.5 7 -1 -1 0b -1 -1 -1 0f -1 -1 -1
1 1 0 26.2 59.5 7 -1 -1 0b -1 -1 -1 0f -1 -1 -1
1 1 0 26.2 59.5 7 -1 -1 0b -1 -1 -1 0f -1 -1 -1
1 1 0 26.2 60.0 3 -1 -1 0b -1 -1 -1 0f -1 -1 -1
1 1 0 26.2 60.0 3 -1 -1 0b -1 -1 -1 0f -1 -1 -1
1 1 0 26.3 60.0 3 -1 -1 0b -1 -1 -1 0f -1 -1 -1
1 1 0 26.3 60.0 3 -1 -1 0b -1 -1 -1 0f -1 -1 -1
1 1 0 26.3 59.5 5 -1 -1 0b -1 -1 -1 0f -1 -1 -1
1 1 0 26.2 60.0 5 -1 -1 0b -1 -1 -1 0f -1 -1 -1
1 1 0 26.2 60.0 5 -1 -1 0b -1 -1 -1 0f -1 -1 -1
1 1 0 26.3 60.0 5 -1 -1 0b -1 -1 -1 0f -1 -1 -1
1 1 0 26.2 60.0 5 -1 -1 0b -1 -1 -1 0f -1 -1 -1
1 1 0 26.3 60.0 5 -1 -1 0b -1 -1 -1 0f -1 -1 -1
1 1 0 26.3 60.0 5 -1 -1 0b -1 -1 -1 0f -1 -1 -1
1 1 0 26.2 60.0 5 -1 -1 0b -1 -1 -1 0f -1 -1 -1
1 1 0 26.2 60.0 5 -1 -1 0b -1 -1 -1 0f -1 -1 -1
1 1 0 26.3 60.0 5 -1 -1 0b -1 -1 -1 0f -1 -1 -1
1 1 0 26.3 60.0 5 -1 -1 0b -1 -1 -1 0f -1 -1 -1
1 1 0 26.3 60.0 5 -1 -1 0b -1 -1 -1 0f -1 -1 -1
1 1 0 26.2 60.0 5 -1 -1 0b -1 -1 -1 0f -1 -1 -1
1 1 0 26.3 60.0 5 -1 -1 0b -1 -1 -1 0f -1 -1 -1
1 1 0 26.3 60.0 7 -1 -1 0b -1 -1 -1 0f -1 -1 -1
1 1 0 26.3 60.0 7 -1 -1 0b -1 -1 -1 0f -1 -1 -1
1 1 0 26.3 60.0 7 -1 -1 0b -1 -1 -1 0f -1 -1 -1
1 1 0 26.3 60.0 7 -1 -1 0b -1 -1 -1 0f -1 -1 -1
1 1 0 26.4 60.0 7 -1 -1 0b -1 -1 -1 0f -1 -1 -1
1 1 0 26.3 60.0 7 -1 -1 0b -1 -1 -1 0f -1 -1 -1
1 1 0 26.4 60.0 5 -1 -1 0b -1 -1 -1 0f -1 -1 -1
1 1 0 26.3 60.0 5 -1 -1 0b -1 -1 -1 0f -1 -1 -1
1 1 0 26.3 60.0 3 -1 -1 0b -1 -1 -1 0f -1 -1 -1
1 1 0 26.2 60.0 3 -1 -1 0b -1 -1 -1 0f -1 -1 -1
1 1 0 26.3 60.0 5 -1 -1 0b -1 -1 -1 0f -1 -1 -1
1 1 0 26.3 60.0 5 -1 -1 0b -1 -1 -1 0f -1 -1 -1
1 1 0 26.4 60.0 5 -1 -1 0b -1 -1 -1 0f -1 -1 -1
1 1 0 26.3 60.0 5 -1 -1 0b -1 -1 -1 0f -1 -1 -1
1 1 0 26.3 60.0 5 -1 -1 0b -1 -1 -1 0f -1 -1 -1
1 1 0 26.3 60.0 7 -1 -1 0b -1 -1 -1 0f -1 -1 -1
1 1 0 26.3 60.0 7 -1 -1 0b -1 -1 -1 0f -1 -1 -1
1 1 0 26.3 60.0 7 -1 -1 0b -1 -1 -1 0f -1 -1 -1
1 1 0 26.3 60.0 7 -1 -1 0b -1 -1 -1 0f -1 -1 -1
1 1 0 26.3 60.0 7 -1 -1 0b -1 -1 -1 0f -1 -1 -1
1 1 0 26.3 60.5 7 -1 -1 0b -1 -1 -1 0f -1 -1 -1
1 1 0 26.3 60.0 7 -1 -1 0b -1 -1 -1 0f -1 -1 -1
1 1 0 26.4 60.5 7 -1 -1 0b -1 -1 -1 0f -1 -1 -1
1 1 0 26.3 60.0 7 -1 -1 0b -1 -1 -1 0f -1 -1 -1
1 1 0 26.3 60.0 7 -1 -1 0b -1 -1 -1 0f -1 -1 -1
1 1 0 26.3 60.0 7 -1 -1 0b -1 -1 -1 0f -1 -1 -1
1 1 0 26.3 60.0 7 -1 -1 0b -1 -1 -1 0f -1 -1 -1
1 1 0 26.4 60.0 7 -1 -1 0b -1 -1 -1 0f -1 -1 -1
1 1 0 26.4 60.0 7 -1 -1 0b -1 -1 -1 0f -1 -1 -1
1 1 0 26.3 60.0 7 -1 -1 0b -1 -1 -1 0f -1 -1 -1
1 1 0 26.4 60.0 7 -1 -1 0b -1 -1 -1 0f -1 -1 -1
1 1 0 26.3 60.0 7 -1 -1 0b -1 -1 -1 0f -1 -1 -1
1 1 0 26.4 60.0 7 -1 -1 0b -1 -1 -1 0f -1 -1 -1
1 1 0 26.3 60.0 7 -1 -1 0b -1 -1 -1 0f -1 -1 -1
1 1 0 26.4 60.0 7 -1 -1 0b -1 -1 -1 0f -1 -1 -1
1 1 0 26.3 60.0 7 -1 -1 0b -1 -1 -1 0f -1 -1 -1
1 1 0 26.3 60.0 7 -1 -1 0b -1 -1 -1 0f -1 -1 -1
1 1 0 26.3 60.0 7 -1 -1 0b -1 -1 -1 0f -1 -1 -1
1 1 0 26.3 60.0 7 -1 -1 0b -1 -1 -1 0f -1 -1 -1
1 1 0 26.3 60.0 7 -1 -1 0b -1 -1 -1 0f -1 -1 -1
1 1 0 26.3 60.0 7 -1 -1 0b -1 -1 -1 0f -1 -1 -1
1 1 0 26.3 60.0 7 -1 -1 0b -1 -1 -1 0f -1 -1 -1
1 1 0 26.4 60.0 7 -1 -1 0b -1 -1 -1 0f -1 -1 -1
1 1 0 26.3 60.0 7 -1 -1 0b -1 -1 -1 0f -1 -1 -1
1 1 0 26.3 60.0 7 -1 -1 0b -1 -1 -1 0f -1 -1 -1
1 1 0 26.4 60.0 7 -1 -1 0b -1 -1 -1 0f -1 -1 -1
1 1 0 26.3 60.0 7 -1 -1 0b -1 -1 -1 0f -1 -1 -1
1 1 0 26.4 60.0 7 -1 -1 0b -1 -1 -1 0f -1 -1 -1
1 1 0 26.3 60.5 7 -1 -1 0b -1 -1 -1 0f -1 -1 -1
1 1 0 26.3 60.0 5 -1 -1 0b -1 -1 -1 0f -1 -1 -1
1 1 0 26.4 60.0 5 -1 -1 0b -1 -1 -1 0f -1 -1 -1
1 1 0 26.4 60.0 5 -1 -1 0b -1 -1 -1 0f -1 -1 -1
1 1 0 26.4 60.0 5 -1 -1 0b -1 -1 -1 0f -1 -1 -1
1 1 0 26.3 60.0 5 -1 -1 0b -1 -1 -1 0f -1 -1 -1
1 1 0 26.4 60.0 5 -1 -1 0b -1 -1 -1 0f -1 -1 -1
1 1 0 26.4 60.0 5 -1 -1 0b -1 -1 -1 0f -1 -1 -1
1 1 0 26.4 60.0 5 -1 -1 0b -1 -1 -1 0f -1 -1 -1
1 1 0 26.4 60.0 5 -1 -1 0b -1 -1 -1 0f -1 -1 -1
1 1 0 26.4 60.0 5 -1 -1 0b -1 -1 -1 0f -1 -1 -1
1 1 0 26.4 60.0 5 -1 -1 0b -1 -1 -1 0f -1 -1 -1
1 1 0 26.4 60.0 5 -1 -1 0b -1 -1 -1 0f -1 -1 -1
1 1 0 26.3 60.5 5 -1 -1 0b -1 -1 -1 0f -1 -1 -1
1 1 0 26.4 60.5 7 -1 -1 0b -1 -1 -1 0f -1 -1 -1
1 1 0 26.4 60.5 3 -1 -1 0b -1 -1 -1 0f -1 -1 -1
1 1 0 26.4 60.5 5 -1 -1 0b -1 -1 -1 0f -1 -1 -1
1 1 0 26.4 60.5 7 -1 -1 0b -1 -1 -1 0f -1 -1 -1
1 1 0 26.4 60.5 7 -1 -1 0b -1 -1 -1 0f -1 -1 -1
1 1 0 26.5 60.5 7 -1 -1 0b -1 -1 -1 0f -1 -1 -1
1 1 0 26.4 60.5 7 -1 -1 0b -1 -1 -1 0f -1 -1 -1
1 1 0 26.4 60.5 7 -1 -1 0b -1 -1 -1 0f -1 -1 -1
1 1 0 26.4 60.5 7 -1 -1 0b -1 -1 -1 0f -1 -1 -1
1 1 0 26.4 60.5 7 -1 -1 0b -1 -1 -1 0f -1 -1 -1
1 1 0 26.4 60.5 7 -1 -1 0b -1 -1 -1 0f -1 -1 -1
1 1 0 26.4 60.5 7 -1 -1 0b -1 -1 -1 0f -1 -1 -1
1 1 0 26.5 60.5 7 -1 -1 0b -1 -1 -1 0f -1 -1 -1
1 1 0 26.4 60.5 7 -1 -1 0b -1 -1 -1 0f -1 -1 -1
1 1 0 26.4 60.5 5 -1 -1 0b -1 -1 -1 0f -1 -1 -1
1 1 0 26.5 60.5 7 -1 -1 0b -1 -1 -1 0f -1 -1 -1
1 1 0 26.5 60.5 7 -1 -1 0b -1 -1 -1 0f -1 -1 -1
1 1 0 26.5 60.5 7 -1 -1 0b -1 -1 -1 0f -1 -1 -1
1 1 0 26.5 60.5 5 -1 -1 0b -1 -1 -1 0f -1 -1 -1
1 1 0 26.4 60.0 5 -1 -1 0b -1 -1 -1 0f -1 -1 -1
1 1 0 26.5 60.0 3 -1 -1 0b -1 -1 -1 0f -1 -1 -1
1 1 0 26.4 60.0 3 -1 -1 0b -1 -1 -1 0f -1 -1 -1
1 1 0 26.5 60.0 3 -1 -1 0b -1 -1 -1 0f -1 -1 -1
1 1 0 26.5 60.0 5 -1 -1 0b -1 -1 -1 0f -1 -1 -1
1 1 0 26.5 60.0 7 -1 -1 0b -1 -1 -1 0f -1 -1 -1
1 1 0 26.5 60.0 7 -1 -1 0b -1 -1 -1 0f -1 -1 -1
1 1 0 26.5 60.0 7 -1 -1 0b -1 -1 -1 0f -1 -1 -1
1 1 0 26.5 60.0 7 -1 -1 0b -1 -1 -1 0f -1 -1 -1
1 1 0 26.5 60.0 7 -1 -1 0b -1 -1 -1 0f -1 -1 -1
1 1 0 26.5 60.0 7 -1 -1 0b -1 -1 -1 0f -1 -1 -1
1 1 0 26.4 60.0 7 -1 -1 0b -1 -1 -1 0f -1 -1 -1
1 1 0 26.5 60.0 7 -1 -1 0b -1 -1 -1 0f -1 -1 -1
1 1 0 26.4 60.0 7 -1 -1 0b -1 -1 -1 0f -1 -1 -1
1 1 0 26.5 60.0 7 -1 -1 0b -1 -1 -1 0f -1 -1 -1
1 1 0 26.5 60.0 7 -1 -1 0b -1 -1 -1 0f -1 -1 -1
1 1 0 26.4 60.0 7 -1 -1 0b -1 -1 -1 0f -1 -1 -1
1 1 0 26.5 60.0 7 -1 -1 0b -1 -1 -1 0f -1 -1 -1
1 1 1 26.4 60.0 7 -1 -1 0b -1 -1 -1 0f -1 -1 -1
1 1 8 26.4 59.5 7 -1 -1 0b -1 -1 -1 0f -1 -1 -1
1 1 0 26.5 59.5 7 -1 -1 0b -1 -1 -1 0f -1 -1 -1
1 1 14 26.5 60.0 7 -1 -1 0b -1 -1 -1 7f -1 -1 -1
1 1 0 26.5 60.0 5 -1 -1 0b -1 -1 -1 7f -1 -1 -1
1 1 0 26.5 60.0 5 -1 -1 0b -1 -1 -1 7f -1 -1 -1
1 1 0 26.4 60.5 5 -1 -1 0b -1 -1 -1 7f -1 -1 -1
1 1 6 26.6 60.5 9 -1 -1 0b -1 -1 -1 7f -1 -1 -1
1 1 0 26.6 60.5 5 -1 -1 0b -1 -1 -1 7f -1 -1 -1
1 1 0 26.5 60.5 5 -1 -1 0b -1 -1 -1 7f -1 -1 -1
1 1 0 26.5 60.5 5 -1 -1 0b -1 -1 -1 7f -1 -1 -1
1 1 5 26.6 60.5 5 -1 -1 0b -1 -1 -1 7f -1 -1 -1
1 1 0 26.5 60.5 9 -1 -1 0b -1 -1 -1 7f -1 -1 -1
1 1 0 26.6 60.5 9 -1 -1 0b -1 -1 -1 7f -1 -1 -1
1 1 0 26.6 60.5 9 -1 -1 0b -1 -1 -1 7f -1 -1 -1
1 1 0 26.6 60.5 9 -1 -1 0b -1 -1 -1 7f -1 -1 -1
1 1 0 26.6 61.0 9 -1 -1 0b -1 -1 -1 7f -1 -1 -1
1 1 0 26.6 61.0 9 -1 -1 0b -1 -1 -1 7f -1 -1 -1
1 1 0 26.6 61.0 9 -1 -1 0b -1 -1 -1 7f -1 -1 -1
1 1 0 26.6 61.0 9 -1 -1 0b -1 -1 -1 7f -1 -1 -1
1 1 0 26.6 61.0 9 -1 -1 0b -1 -1 -1 7f -1 -1 -1
1 1 0 26.6 61.0 5 -1 -1 0b -1 -1 -1 7f -1 -1 -1
1 1 0 26.5 61.0 5 -1 -1 0b -1 -1 -1 7f -1 -1 -1
1 1 0 26.6 61.0 9 -1 -1 0b -1 -1 -1 7f -1 -1 -1
1 1 0 26.6 61.0 5 -1 -1 0b -1 -1 -1 7f -1 -1 -1
1 1 0 26.6 61.5 5 -1 -1 0b -1 -1 -1 7f -1 -1 -1
1 1 0 26.7 61.5 5 -1 -1 0b -1 -1 -1 7f -1 -1 -1
1 1 0 26.6 61.5 7 -1 -1 0b -1 -1 -1 7f -1 -1 -1
1 1 0 26.6 61.5 9 -1 -1 0b -1 -1 -1 7f -1 -1 -1
1 1 0 26.6 61.5 5 -1 -1 0b -1 -1 -1 7f -1 -1 -1
1 1 0 26.6 61.5 5 -1 -1 0b -1 -1 -1 7f -1 -1 -1
1 1 10 26.7 61.5 5 -1 -1 0b -1 -1 -1 7f -1 -1 -1
1 1 0 26.6 61.5 5 -1 -1 0b -1 -1 -1 7f -1 -1 -1
1 1 0 26.6 61.5 5 -1 -1 0b -1 -1 -1 7f -1 -1 -1
1 1 16 26.7 61.5 5 -1 -1 0b -1 -1 -1 7f -1 -1 -1
1 1 18 26.6 61.5 5 -1 -1 0b -1 -1 -1 7f -1 -1 -1
1 1 0 26.6 61.0 5 -1 -1 0b -1 -1 -1 7f -1 -1 -1
1 1 0 26.7 61.0 5 -1 -1 0b -1 -1 -1 7f -1 -1 -1
1 1 0 26.6 60.5 5 -1 -1 0b -1 -1 -1 7f -1 -1 -1
1 1 0 26.5 60.5 7 -1 -1 0b -1 -1 -1 7f -1 -1 -1
1 1 0 26.4 60.5 7 -1 -1 0b -1 -1 -1 7f -1 -1 -1
1 1 0 26.3 60.5 7 -1 -1 0b -1 -1 -1 7f -1 -1 -1
1 1 4 26.3 60.5 5 -1 -1 0b -1 -1 -1 7f -1 -1 -1
1 1 7 26.2 60.5 5 -1 -1 0b -1 -1 -1 7f -1 -1 -1
1 1 6 26.2 60.5 7 -1 -1 0b -1 -1 -1 7f -1 -1 -1
1 1 0 26.2 60.5 7 -1 -1 0b -1 -1 -1 7f -1 -1 -1
1 1 5 26.1 61.0 5 -1 -1 0b -1 -1 -1 7f -1 -1 -1
1 1 0 26.1 61.0 5 -1 -1 0b -1 -1 -1 7f -1 -1 -1
1 1 0 26.1 61.5 5 -1 -1 0b -1 -1 -1 7f -1 -1 -1
1 1 0 26.2 61.5 5 -1 -1 0b -1 -1 -1 7f -1 -1 -1
1 1 0 26.2 62.0 5 -1 -1 0b -1 -1 -1 7f -1 -1 -1
1 1 9 26.2 62.0 9 -1 -1 0b -1 -1 -1 7f -1 -1 -1
1 1 0 26.1 62.0 9 -1 -1 0b -1 -1 -1 7f -1 -1 -1
1 1 4 26.1 61.5 9 -1 -1 0b -1 -1 -1 7f -1 -1 -1
1 1 0 26.1 61.5 9 -1 -1 0b -1 -1 -1 7f -1 -1 -1
1 1 9 26.1 61.5 5 -1 -1 0b -1 -1 -1 7f -1 -1 -1
1 1 0 26.1 62.0 5 -1 -1 0b -1 -1 -1 7f -1 -1 -1
1 1 4 26.1 62.5 5 -1 -1 0b -1 -1 -1 7f -1 -1 -1
1 1 0 26.0 63.0 5 -1 -1 0b -1 -1 -1 7f -1 -1 -1
1 1 0 26.0 63.0 5 -1 -1 0b -1 -1 -1 7f -1 -1 -1
1 1 0 26.1 63.0 9 -1 -1 0b -1 -1 -1 7f -1 -1 -1
1 1 0 26.1 63.0 7 -1 -1 0b -1 -1 -1 7f -1 -1 -1
1 1 0 26.1 62.5 7 -1 -1 0b -1 -1 -1 7f -1 -1 -1
1 1 0 26.0 62.5 9 -1 -1 0b -1 -1 -1 7f -1 -1 -1
1 1 0 25.9 62.0 7 -1 -1 0b -1 -1 -1 7f -1 -1 -1
1 1 0 26.0 61.5 5 -1 -1 0b -1 -1 -1 7f -1 -1 -1
1 1 0 25.9 61.5 5 -1 -1 0b -1 -1 -1 7f -1 -1 -1
1 1 0 25.9 61.0 9 -1 -1 0b -1 -1 -1 7f -1 -1 -1
1 1 0 25.8 61.0 5 -1 -1 0b -1 -1 -1 7f -1 -1 -1
1 1 0 25.8 60.5 5 -1 -1 0b -1 -1 -1 7f -1 -1 -1
1 1 0 25.9 61.0 5 -1 -1 0b -1 -1 -1 7f -1 -1 -1
1 1 4 25.8 61.0 5 -1 -1 0b -1 -1 -1 7f -1 -1 -1
1 1 0 25.7 60.5 5 -1 -1 0b -1 -1 -1 7f -1 -1 -1
1 1 0 25.7 60.5 5 -1 -1 0b -1 -1 -1 7f -1 -1 -1
1 1 0 25.7 60.0 5 -1 -1 0b -1 -1 -1 7f -1 -1 -1
1 1 0 25.7 60.0 5 -1 -1 0b -1 -1 -1 7f -1 -1 -1
1 1 0 25.7 60.0 5 -1 -1 0b -1 -1 -1 7f -1 -1 -1
1 1 0 25.7 60.0 5 -1 -1 0b -1 -1 -1 7f -1 -1 -1
1 1 0 25.7 60.0 7 -1 -1 0b -1 -1 -1 7f -1 -1 -1
1 1 0 25.7 60.5 5 -1 -1 0b -1 -1 -1 7f -1 -1 -1
1 1 4 25.8 61.0 5 -1 -1 0b -1 -1 -1 7f -1 -1 -1
1 1 0 25.8 61.5 5 -1 -1 0b -1 -1 -1 7f -1 -1 -1
1 1 6 25.8 61.5 5 -1 -1 0b -1 -1 -1 7f -1 -1 -1
1 1 0 25.8 61.5 7 -1 -1 0b -1 -1 -1 7f -1 -1 -1
1 1 7 25.8 62.0 9 -1 -1 0b -1 -1 -1 7f -1 -1 -1
1 1 0 25.8 62.0 7 -1 -1 0b -1 -1 -1 7f -1 -1 -1
1 1 0 25.8 62.0 9 -1 -1 0b -1 -1 -1 7f -1 -1 -1
1 1 0 25.8 62.0 9 -1 -1 0b -1 -1 -1 7f -1 -1 -1
1 1 0 25.7 62.0 7 -1 -1 0b -1 -1 -1 7f -1 -1 -1
1 1 0 25.8 62.0 7 -1 -1 0b -1 -1 -1 7f -1 -1 -1
1 1 0 25.7 61.5 9 -1 -1 0b -1 -1 -1 7f -1 -1 -1
1 1 0 25.7 61.5 5 -1 -1 0b -1 -1 -1 7f -1 -1 -1
1 1 0 25.7 61.5 9 -1 -1 0b -1 -1 -1 7f -1 -1 -1
1 1 6 25.7 61.5 7 -1 -1 0b -1 -1 -1 7f -1 -1 -1
1 1 0 25.6 61.0 7 -1 -1 0b -1 -1 -1 7f -1 -1 -1
1 1 0 25.6 61.0 7 -1 -1 0b -1 -1 -1 7f -1 -1 -1
1 1 0 25.6 61.0 7 -1 -1 0b -1 -1 -1 7f -1 -1 -1
1 1 0 25.6 60.5 7 -1 -1 0b -1 -1 -1 7f -1 -1 -1
1 1 0 25.6 60.5 7 -1 -1 0b -1 -1 -1 7f -1 -1 -1
1 1 0 25.5 60.0 7 -1 -1 0b -1 -1 -1 7f -1 -1 -1
1 1 0 25.5 60.0 7 -1 -1 0b -1 -1 -1 7f -1 -1 -1
1 1 7 25.6 60.0 7 -1 -1 0b -1 -1 -1 7f -1 -1 -1
1 1 0 25.5 60.0 7 -1 -1 0b -1 -1 -1 7f -1 -1 -1
1 1 0 25.6 60.0 7 -1 -1 0b -1 -1 -1 7f -1 -1 -1
1 1 0 25.5 60.0 7 -1 -1 0b -1 -1 -1 7f -1 -1 -1
1 1 0 25.5 60.0 7 -1 -1 0b -1 -1 -1 7f -1 -1 -1
1 1 0 25.5 60.0 7 -1 -1 0b -1 -1 -1 7f -1 -1 -1
1 1 0 25.4 60.0 7 -1 -1 0b -1 -1 -1 7f -1 -1 -1
1 1 0 25.5 60.0 7 -1 -1 0b -1 -1 -1 7f -1 -1 -1
1 1 14 25.4 60.0 7 -1 -1 0b -1 -1 -1 7f -1 -1 -1
1 1 0 25.4 60.0 7 -1 -1 0b -1 -1 -1 7f -1 -1 -1
1 1 0 25.4 59.5 7 -1 -1 0b -1 -1 -1 7f -1 -1 -1
1 1 0 25.4 59.5 7 -1 -1 0b -1 -1 -1 7f -1 -1 -1
1 1 0 25.3 59.5 7 -1 -1 0b -1 -1 -1 7f -1 -1 -1
1 1 0 25.4 59.5 7 -1 -1 0b -1 -1 -1 7f -1 -1 -1
1 1 0 25.4 59.5 7 -1 -1 0b -1 -1 -1 7f -1 -1 -1
1 1 0 25.4 59.0 7 -1 -1 0b -1 -1 -1 7f -1 -1 -1
1 1 6 25.4 59.5 5 -1 -1 0b -1 -1 -1 7f -1 -1 -1
1 1 0 25.3 59.0 7 -1 -1 0b -1 -1 -1 7f -1 -1 -1
1 1 0 25.3 59.0 5 -1 -1 0b -1 -1 -1 7f -1 -1 -1
1 1 0 25.3 59.0 5 -1 -1 0b -1 -1 -1 7f -1 -1 -1
1 1 0 25.3 59.0 5 -1 -1 0b -1 -1 -1 7f -1 -1 -1
1 1 8 25.2 59.0 7 -1 -1 0b -1 -1 -1 7f -1 -1 -1
1 1 0 25.2 59.0 7 -1 -1 0b -1 -1 -1 7f -1 -1 -1
1 1 0 25.2 59.5 7 -1 -1 0b -1 -1 -1 7f -1 -1 -1
1 1 0 25.2 60.0 5 -1 -1 0b -1 -1 -1 7f -1 -1 -1
1 1 0 25.3 60.0 5 -1 -1 0b -1 -1 -1 7f -1 -1 -1
1 1 0 25.3 60.0 3 -1 -1 0b -1 -1 -1 7f -1 -1 -1
1 1 0 25.2 60.0 5 -1 -1 0b -1 -1 -1 7f -1 -1 -1
1 1 0 25.2 60.0 5 -1 -1 0b -1 -1 -1 7f -1 -1 -1
1 1 0 25.2 60.0 7 -1 -1 0b -1 -1 -1 7f -1 -1 -1
1 1 0 25.2 60.0 5 -1 -1 0b -1 -1 -1 7f -1 -1 -1
1 1 0 25.2 60.0 5 -1 -1 0b -1 -1 -1 7f -1 -1 -1
1 1 0 25.2 60.0 5 -1 -1 0b -1 -1 -1 7f -1 -1 -1
1 1 0 25.2 60.0 5 -1 -1 0b -1 -1 -1 7f -1 -1 -1
1 1 8 25.2 60.0 5 -1 -1 0b -1 -1 -1 7f -1 -1 -1
1 1 1 25.2 60.5 5 -1 -1 0b -1 -1 -1 7f -1 -1 -1
1 1 8 25.3 60.5 5 -1 -1 0b -1 -1 -1 7f -1 -1 -1
1 1 0 25.2 60.5 5 -1 -1 0b -1 -1 -1 7f -1 -1 -1
1 1 0 25.3 60.5 5 -1 -1 0b -1 -1 -1 7f -1 -1 -1
1 1 0 25.2 60.5 5 -1 -1 0b -1 -1 -1 7f -1 -1 -1
1 1 4 25.2 60.5 5 -1 -1 0b -1 -1 -1 7f -1 -1 -1
1 1 9 25.2 60.5 5 -1 -1 0b -1 -1 -1 7f -1 -1 -1
1 1 0 25.2 60.0 5 -1 -1 0b -1 -1 -1 7f -1 -1 -1
1 1 0 25.2 60.5 5 -1 -1 0b -1 -1 -1 7f -1 -1 -1
1 1 0 25.2 60.5 5 -1 -1 0b -1 -1 -1 7f -1 -1 -1
1 1 0 25.1 60.5 5 -1 -1 0b -1 -1 -1 7f -1 -1 -1
1 1 0 25.1 60.5 5 -1 -1 0b -1 -1 -1 7f -1 -1 -1
1 1 0 25.1 60.5 5 -1 -1 0b -1 -1 -1 7f -1 -1 -1
1 1 0 25.2 60.5 5 -1 -1 0b -1 -1 -1 7f -1 -1 -1
1 1 0 25.1 60.5 5 -1 -1 0b -1 -1 -1 7f -1 -1 -1
1 1 0 25.1 60.5 5 -1 -1 0b -1 -1 -1 7f -1 -1 -1
1 1 0 25.2 60.5 5 -1 -1 0b -1 -1 -1 7f -1 -1 -1
1 1 0 25.2 60.5 9 -1 -1 0b -1 -1 -1 7f -1 -1 -1
1 1 0 25.2 60.5 3 -1 -1 0b -1 -1 -1 7f -1 -1 -1
1 1 0 25.3 60.5 5 -1 -1 0b -1 -1 -1 7f -1 -1 -1
1 1 0 25.2 60.0 5 -1 -1 0b -1 -1 -1 7f -1 -1 -1
1 1 0 25.2 60.0 5 -1 -1 0b -1 -1 -1 7f -1 -1 -1
1 1 5 25.3 60.5 5 -1 -1 0b -1 -1 -1 7f -1 -1 -1
1 1 0 25.2 60.0 5 -1 -1 0b -1 -1 -1 7f -1 -1 -1
1 1 0 25.2 60.0 5 -1 -1 0b -1 -1 -1 7f -1 -1 -1
1 1 0 25.2 60.0 5 -1 -1 0b -1 -1 -1 7f -1 -1 -1
1 1 0 25.1 60.5 5 -1 -1 0b -1 -1 -1 7f -1 -1 -1
1 1 0 25.2 60.5 5 -1 -1 0b -1 -1 -1 7f -1 -1 -1
1 1 7 25.1 60.5 5 -1 -1 0b -1 -1 -1 7f -1 -1 -1
1 1 3 25.2 60.5 7 -1 -1 0b -1 -1 -1 7f -1 -1 -1
1 1 11 25.2 60.5 5 -1 -1 0b -1 -1 -1 7f -1 -1 -1
1 1 0 25.2 60.5 5 -1 -1 0b -1 -1 -1 7f -1 -1 -1
1 1 4 25.2 60.5 13 -1 -1 0b -1 -1 -1 7f -1 -1 -1
1 1 5 25.3 61.0 15 -1 -1 0b -1 -1 -1 7f -1 -1 -1
1 1 8 25.3 61.0 15 -1 -1 0b -1 -1 -1 7f -1 -1 -1
1 1 10 25.3 61.0 15 -1 -1 0b -1 -1 -1 7f -1 -1 -1
1 1 5 25.3 61.5 15 -1 -1 0b -1 -1 -1 7f -1 -1 -1
1 1 7 25.3 61.5 15 -1 -1 0b -1 -1 -1 7f -1 -1 -1
1 1 0 25.2 61.5 15 -1 -1 0b -1 -1 -1 7f -1 -1 -1
1 1 0 25.3 61.0 15 -1 -1 0b -1 -1 -1 7f -1 -1 -1
1 1 0 25.2 61.0 15 -1 -1 0b -1 -1 -1 7f -1 -1 -1
1 1 0 25.2 61.5 15 -1 -1 0b -1 -1 -1 7f -1 -1 -1
1 1 0 25.2 61.5 15 -1 -1 0b -1 -1 -1 7f -1 -1 -1
1 1 0 25.3 61.5 15 -1 -1 0b -1 -1 -1 7f -1 -1 -1
1 1 0 25.2 62.5 15 -1 -1 0b -1 -1 -1 7f -1 -1 -1
1 1 0 25.3 63.0 15 -1 -1 0b -1 -1 -1 7f -1 -1 -1
1 1 0 25.4 63.5 15 -1 -1 0b -1 -1 -1 7f -1 -1 -1
1 1 8 25.3 63.5 15 -1 -1 0b -1 -1 -1 7f -1 -1 -1
1 1 3 25.4 63.5 15 -1 -1 0b -1 -1 -1 7f -1 -1 -1
1 1 16 25.4 63.0 15 -1 -1 0b -1 -1 -1 7f -1 -1 -1
1 1 0 25.3 63.0 15 -1 -1 0b -1 -1 -1 7f -1 -1 -1
1 1 0 25.3 63.0 15 -1 -1 0b -1 -1 -1 7f -1 -1 -1
1 1 0 25.3 62.5 15 -1 -1 0b -1 -1 -1 7f -1 -1 -1
1 1 0 25.4 62.5 15 -1 -1 0b -1 -1 -1 7f -1 -1 -1
1 1 0 25.2 62.5 15 -1 -1 0b -1 -1 -1 7f -1 -1 -1
1 1 0 25.3 62.5 15 -1 -1 0b -1 -1 -1 7f -1 -1 -1
1 1 11 25.3 62.5 15 -1 -1 0b -1 -1 -1 7f -1 -1 -1
1 1 0 25.3 62.5 15 -1 -1 0b -1 -1 -1 7f -1 -1 -1
1 1 0 25.3 62.5 15 -1 -1 0b -1 -1 -1 7f -1 -1 -1
1 1 0 25.3 62.5 15 -1 -1 0b -1 -1 -1 7f -1 -1 -1
1 1 0 25.3 62.5 15 -1 -1 0b -1 -1 -1 7f -1 -1 -1
1 1 0 25.3 62.5 13 -1 -1 0b -1 -1 -1 7f -1 -1 -1
1 1 0 25.3 62.0 13 -1 -1 0b -1 -1 -1 7f -1 -1 -1
1 1 0 25.3 62.0 13 -1 -1 0b -1 -1 -1 7f -1 -1 -1
1 1 6 25.3 62.0 13 -1 -1 0b -1 -1 -1 7f -1 -1 -1
1 1 0 25.3 62.0 13 -1 -1 0b -1 -1 -1 7f -1 -1 -1
1 1 10 25.3 62.0 13 -1 -1 0b -1 -1 -1 7f -1 -1 -1
1 1 6 25.3 62.0 15 -1 -1 0b -1 -1 -1 7f -1 -1 -1
1 1 0 25.3 62.0 15 -1 -1 0b -1 -1 -1 7f -1 -1 -1
1 1 21 25.4 62.0 15 -1 -1 0b -1 -1 -1 7f -1 -1 -1
1 1 0 25.3 62.0 15 -1 -1 0b -1 -1 -1 7f -1 -1 -1
1 1 0 25.4 62.5 15 -1 -1 0b -1 -1 -1 7f -1 -1 -1
1 1 9 25.4 62.5 15 -1 -1 0b -1 -1 -1 7f -1 -1 -1
1 1 0 25.4 62.5 15 -1 -1 0b -1 -1 -1 7f -1 -1 -1
1 1 15 25.4 62.5 15 -1 -1 0b -1 -1 -1 7f -1 -1 -1
1 1 11 25.4 63.0 15 -1 -1 0b -1 -1 -1 7f -1 -1 -1
1 1 5 25.4 63.0 15 -1 -1 0b -1 -1 -1 7f -1 -1 -1
1 1 0 25.4 63.0 15 -1 -1 0b -1 -1 -1 7f -1 -1 -1
1 1 0 25.4 63.0 15 -1 -1 0b -1 -1 -1 7f -1 -1 -1
1 1 6 25.5 63.0 15 -1 -1 0b -1 -1 -1 7f -1 -1 -1
1 1 0 25.4 62.5 15 -1 -1 0b -1 -1 -1 7f -1 -1 -1
1 1 0 25.4 62.5 13 -1 -1 0b -1 -1 -1 7f -1 -1 -1
1 1 0 25.4 62.5 13 -1 -1 0b -1 -1 -1 7f -1 -1 -1
1 1 0 25.3 62.0 15 -1 -1 0b -1 -1 -1 7f -1 -1 -1
1 1 4 25.3 62.0 13 -1 -1 0b -1 -1 -1 7f -1 -1 -1
1 1 1 25.3 62.0 13 -1 -1 0b -1 -1 -1 7f -1 -1 -1
1 1 0 25.3 62.0 13 -1 -1 0b -1 -1 -1 7f -1 -1 -1
1 1 0 25.3 62.0 13 -1 -1 0b -1 -1 -1 7f -1 -1 -1
1 1 0 25.3 61.5 13 -1 -1 0b -1 -1 -1 7f -1 -1 -1
1 1 0 25.2 61.5 15 -1 -1 0b -1 -1 -1 7f -1 -1 -1
1 1 0 25.2 61.5 15 -1 -1 0b -1 -1 -1 7f -1 -1 -1
1 1 9 25.3 61.5 15 -1 -1 0b -1 -1 -1 7f -1 -1 -1
1 1 0 25.2 61.5 15 -1 -1 0b -1 -1 -1 7f -1 -1 -1
1 1 0 25.2 61.5 15 -1 -1 0b -1 -1 -1 7f -1 -1 -1
1 1 0 25.3 61.5 15 -1 -1 0b -1 -1 -1 7f -1 -1 -1
1 1 0 25.2 61.0 15 -1 -1 0b -1 -1 -1 7f -1 -1 -1
1 1 5 25.2 61.0 13 -1 -1 0b -1 -1 -1 7f -1 -1 -1
1 1 0 25.2 61.0 13 -1 -1 0b -1 -1 -1 7f -1 -1 -1
1 1 5 25.2 61.0 13 -1 -1 0b -1 -1 -1 7f -1 -1 -1
1 1 0 25.2 61.0 13 -1 -1 0b -1 -1 -1 7f -1 -1 -1
1 1 0 25.2 61.0 15 -1 -1 0b -1 -1 -1 7f -1 -1 -1
1 1 5 25.2 61.0 13 -1 -1 0b -1 -1 -1 7f -1 -1 -1
1 1 5 25.2 61.0 13 -1 -1 0b -1 -1 -1 7f -1 -1 -1
1 1 15 25.1 61.0 13 -1 -1 0b -1 -1 -1 7f -1 -1 -1
1 1 0 25.2 61.0 13 -1 -1 0b -1 -1 -1 7f -1 -1 -1
1 1 0 25.1 61.0 13 -1 -1 0b -1 -1 -1 7f -1 -1 -1
1 1 0 25.2 60.5 15 -1 -1 0b -1 -1 -1 7f -1 -1 -1
1 1 8 25.2 61.0 15 -1 -1 0b -1 -1 -1 7f -1 -1 -1
1 1 14 25.2 61.0 15 -1 -1 0b -1 -1 -1 7f -1 -1 -1
1 1 0 25.2 61.0 15 -1 -1 0b -1 -1 -1 7f -1 -1 -1
1 1 0 25.2 61.0 15 -1 -1 0b -1 -1 -1 7f -1 -1 -1
1 1 0 25.2 61.0 15 -1 -1 0b -1 -1 -1 7f -1 -1 -1
1 1 7 25.2 61.0 15 -1 -1 0b -1 -1 -1 7f -1 -1 -1
1 1 0 25.3 61.0 13 -1 -1 0b -1 -1 -1 7f -1 -1 -1
1 1 0 25.2 61.0 13 -1 -1 0b -1 -1 -1 7f -1 -1 -1
1 1 0 25.2 61.0 13 -1 -1 0b -1 -1 -1 7f -1 -1 -1
1 1 0 25.2 61.0 13 -1 -1 0b -1 -1 -1 7f -1 -1 -1
1 1 0 25.2 61.0 13 -1 -1 0b -1 -1 -1 7f -1 -1 -1
1 1 0 25.2 61.0 15 -1 -1 0b -1 -1 -1 7f -1 -1 -1
1 1 0 25.2 61.0 15 -1 -1 0b -1 -1 -1 7f -1 -1 -1
1 1 0 25.2 61.0 15 -1 -1 0b -1 -1 -1 7f -1 -1 -1
1 1 0 25.2 61.0 13 -1 -1 0b -1 -1 -1 7f -1 -1 -1
1 1 0 25.2 61.5 15 -1 -1 0b -1 -1 -1 7f -1 -1 -1
1 1 0 25.2 62.0 15 -1 -1 0b -1 -1 -1 7f -1 -1 -1
1 1 0 25.3 62.0 15 -1 -1 0b -1 -1 -1 7f -1 -1 -1
1 1 5 25.4 62.0 15 -1 -1 0b -1 -1 -1 7f -1 -1 -1
1 1 0 25.4 62.0 15 -1 -1 0b -1 -1 -1 7f -1 -1 -1
1 1 0 25.3 62.0 15 -1 -1 0b -1 -1 -1 7f -1 -1 -1
1 1 0 25.4 62.0 13 -1 -1 0b -1 -1 -1 7f -1 -1 -1
1 1 0 25.3 62.0 15 -1 -1 0b -1 -1 -1 7f -1 -1 -1
1 1 0 25.3 62.0 15 -1 -1 0b -1 -1 -1 7f -1 -1 -1
1 1 0 25.3 62.0 15 -1 -1 0b -1 -1 -1 7f -1 -1 -1
1 1 0 25.3 62.0 15 -1 -1 0b -1 -1 -1 7f -1 -1 -1
1 1 0 25.4 62.0 15 -1 -1 0b -1 -1 -1 7f -1 -1 -1
1 1 0 25.3 61.5 15 -1 -1 0b -1 -1 -1 7f -1 -1 -1
1 1 2 25.3 61.5 15 -1 -1 0b -1 -1 -1 7f -1 -1 -1
1 1 0 25.3 61.5 15 -1 -1 0b -1 -1 -1 7f -1 -1 -1
1 1 0 25.3 62.0 11 -1 -1 0b -1 -1 -1 7f -1 -1 -1
1 1 0 25.4 62.0 15 -1 -1 0b -1 -1 -1 7f -1 -1 -1
1 1 0 25.4 62.0 13 -1 -1 0b -1 -1 -1 7f -1 -1 -1
1 1 8 25.4 62.0 13 -1 -1 0b -1 -1 -1 7f -1 -1 -1
1 1 5 25.4 62.0 11 -1 -1 0b -1 -1 -1 7f -1 -1 -1
1 1 2 25.5 62.5 7 -1 -1 0b -1 -1 -1 7f -1 -1 -1
1 1 0 25.5 62.5 7 -1 -1 0b -1 -1 -1 7f -1 -1 -1
1 1 0 25.4 62.5 7 -1 -1 0b -1 -1 -1 7f -1 -1 -1
1 1 0 25.5 62.0 7 -1 -1 0b -1 -1 -1 7f -1 -1 -1
1 1 0 25.5 62.0 7 -1 -1 0b -1 -1 -1 7f -1 -1 -1
1 1 0 25.4 62.0 7 -1 -1 0b -1 -1 -1 7f -1 -1 -1
1 1 0 25.4 61.5 7 -1 -1 0b -1 -1 -1 7f -1 -1 -1
1 1 0 25.4 61.5 7 -1 -1 0b -1 -1 -1 7f -1 -1 -1
1 1 0 25.4 61.5 7 -1 -1 0b -1 -1 -1 7f -1 -1 -1
1 1 0 25.4 61.5 7 -1 -1 0b -1 -1 -1 7f -1 -1 -1
1 1 0 25.4 61.5 7 -1 -1 0b -1 -1 -1 7f -1 -1 -1
1 1 0 25.4 61.0 7 -1 -1 0b -1 -1 -1 7f -1 -1 -1
1 1 0 25.4 61.0 7 -1 -1 0b -1 -1 -1 7f -1 -1 -1
1 1 0 25.3 61.0 9 -1 -1 0b -1 -1 -1 7f -1 -1 -1
1 1 0 25.4 61.0 9 -1 -1 0b -1 -1 -1 7f -1 -1 -1
1 1 0 25.3 61.0 7 -1 -1 0b -1 -1 -1 7f -1 -1 -1
1 1 0 25.4 61.0 5 -1 -1 0b -1 -1 -1 7f -1 -1 -1
1 1 7 25.4 61.0 5 -1 -1 0b -1 -1 -1 7f -1 -1 -1
1 1 0 25.4 61.0 5 -1 -1 0b -1 -1 -1 7f -1 -1 -1
1 1 0 25.4 61.0 5 -1 -1 0b -1 -1 -1 7f -1 -1 -1
1 1 0 25.4 61.0 7 -1 -1 0b -1 -1 -1 7f -1 -1 -1
1 1 0 25.4 60.5 5 -1 -1 0b -1 -1 -1 7f -1 -1 -1
1 1 0 25.4 60.5 7 -1 -1 0b -1 -1 -1 7f -1 -1 -1
1 1 0 25.3 60.5 5 -1 -1 0b -1 -1 -1 7f -1 -1 -1
1 1 0 25.3 60.0 7 -1 -1 0b -1 -1 -1 7f -1 -1 -1
1 1 0 25.3 60.0 9 -1 -1 0b -1 -1 -1 7f -1 -1 -1
1 1 0 25.3 60.0 5 -1 -1 0b -1 -1 -1 7f -1 -1 -1
1 1 0 25.3 60.0 7 -1 -1 0b -1 -1 -1 7f -1 -1 -1
1 1 0 25.3 59.5 5 -1 -1 0b -1 -1 -1 7f -1 -1 -1
1 1 0 25.3 59.5 5 -1 -1 0b -1 -1 -1 7f -1 -1 -1
1 1 0 25.2 59.5 5 -1 -1 0b -1 -1 -1 7f -1 -1 -1
1 1 7 25.3 59.5 7 -1 -1 0b -1 -1 -1 7f -1 -1 -1
1 1 0 25.2 59.5 9 -1 -1 0b -1 -1 -1 7f -1 -1 -1
1 1 8 25.3 59.5 5 -1 -1 0b -1 -1 -1 7f -1 -1 -1
1 1 0 25.2 59.5 9 -1 -1 0b -1 -1 -1 7f -1 -1 -1
1 1 0 25.2 59.5 5 -1 -1 0b -1 -1 -1 7f -1 -1 -1
1 1 0 25.2 59.5 7 -1 -1 0b -1 -1 -1 7f -1 -1 -1
1 1 0 25.2 59.5 5 -1 -1 0b -1 -1 -1 7f -1 -1 -1
1 1 0 25.2 59.5 5 -1 -1 0b -1 -1 -1 7f -1 -1 -1
1 1 0 25.2 59.5 5 -1 -1 0b -1 -1 -1 7f -1 -1 -1
1 1 0 25.2 59.5 9 -1 -1 0b -1 -1 -1 7f -1 -1 -1
1 1 4 25.2 59.5 9 -1 -1 0b -1 -1 -1 7f -1 -1 -1
1 1 0 25.2 59.5 9 -1 -1 0b -1 -1 -1 7f -1 -1 -1
1 1 0 25.2 59.5 7 -1 -1 0b -1 -1 -1 7f -1 -1 -1
1 1 5 25.2 59.0 9 -1 -1 0b -1 -1 -1 7f -1 -1 -1
1 1 0 25.2 59.0 9 -1 -1 0b -1 -1 -1 7f -1 -1 -1
1 1 0 25.3 59.0 9 -1 -1 0b -1 -1 -1 7f -1 -1 -1
1 1 0 25.2 59.0 9 -1 -1 0b -1 -1 -1 7f -1 -1 -1
1 1 0 25.1 59.0 9 -1 -1 0b -1 -1 -1 7f -1 -1 -1
1 1 0 25.2 58.5 4 -1 -1 0b -1 -1 -1 7f -1 -1 -1
1 1 0 25.1 58.5 6 -1 -1 0b -1 -1 -1 7f -1 -1 -1
1 1 0 25.2 58.5 5 -1 -1 0b -1 -1 -1 7f -1 -1 -1
1 1 0 25.2 59.0 9 -1 -1 0b -1 -1 -1 7f -1 -1 -1
1 1 0 25.3 59.0 5 -1 -1 0b -1 -1 -1 7f -1 -1 -1
1 1 0 25.3 59.0 9 -1 -1 0b -1 -1 -1 7f -1 -1 -1
1 1 0 25.2 59.0 9 -1 -1 0b -1 -1 -1 7f -1 -1 -1
1 1 0 25.3 59.0 9 -1 -1 0b -1 -1 -1 7f -1 -1 -1
1 1 0 25.2 59.0 9 -1 -1 0b -1 -1 -1 7f -1 -1 -1
1 1 0 25.2 59.0 9 -1 -1 0b -1 -1 -1 7f -1 -1 -1
1 1 1 25.2 59.0 9 -1 -1 0b -1 -1 -1 7f -1 -1 -1
1 1 0 25.2 59.0 5 -1 -1 0b -1 -1 -1 7f -1 -1 -1
1 1 0 25.1 59.0 5 -1 -1 0b -1 -1 -1 7f -1 -1 -1
1 1 0 25.2 59.0 5 -1 -1 0b -1 -1 -1 7f -1 -1 -1
1 1 15 25.1 59.0 5 -1 -1 0b -1 -1 -1 7f -1 -1 -1
1 1 0 25.2 58.5 5 -1 -1 0b -1 -1 -1 7f -1 -1 -1
1 1 5 25.2 58.5 5 -1 -1 0b -1 -1 -1 7f -1 -1 -1
1 1 5 25.1 58.5 5 -1 -1 0b -1 -1 -1 7f -1 -1 -1
1 1 0 25.2 58.5 5 -1 -1 0b -1 -1 -1 7f -1 -1 -1
1 1 6 25.2 59.0 5 -1 -1 0b -1 -1 -1 7f -1 -1 -1
1 1 0 25.2 59.0 5 -1 -1 0b -1 -1 -1 7f -1 -1 -1
1 1 0 25.2 59.0 5 -1 -1 0b -1 -1 -1 7f -1 -1 -1
1 1 0 25.2 59.0 5 -1 -1 0b -1 -1 -1 7f -1 -1 -1
1 1 0 25.3 59.5 5 -1 -1 0b -1 -1 -1 7f -1 -1 -1
1 1 0 25.2 60.0 9 -1 -1 0b -1 -1 -1 7f -1 -1 -1
1 1 0 25.3 60.5 7 -1 -1 0b -1 -1 -1 7f -1 -1 -1
1 1 0 25.3 60.5 5 -1 -1 0b -1 -1 -1 7f -1 -1 -1
1 1 0 25.3 60.5 5 -1 -1 0b -1 -1 -1 7f -1 -1 -1
1 1 0 25.3 60.5 5 -1 -1 0b -1 -1 -1 7f -1 -1 -1
1 1 0 25.3 61.0 5 -1 -1 0b -1 -1 -1 7f -1 -1 -1
1 1 0 25.3 61.0 7 -1 -1 0b -1 -1 -1 7f -1 -1 -1
1 1 6 25.4 61.0 7 -1 -1 0b -1 -1 -1 7f -1 -1 -1
1 1 0 25.4 61.0 7 -1 -1 0b -1 -1 -1 7f -1 -1 -1
1 1 5 25.4 61.0 7 -1 -1 0b -1 -1 -1 7f -1 -1 -1
1 1 0 25.4 61.0 7 -1 -1 0b -1 -1 -1 7f -1 -1 -1
1 1 0 25.4 61.0 7 -1 -1 0b -1 -1 -1 7f -1 -1 -1
1 1 4 25.4 61.0 7 -1 -1 0b -1 -1 -1 7f -1 -1 -1
1 1 2 25.4 61.0 7 -1 -1 0b -1 -1 -1 7f -1 -1 -1
1 1 0 25.5 61.5 5 -1 -1 0b -1 -1 -1 7f -1 -1 -1
1 1 0 25.5 62.0 7 -1 -1 0b -1 -1 -1 7f -1 -1 -1
1 1 6 25.5 62.5 7 -1 -1 0b -1 -1 -1 7f -1 -1 -1
1 1 0 25.5 63.0 7 -1 -1 0b -1 -1 -1 7f -1 -1 -1
1 1 0 25.6 62.5 5 -1 -1 0b -1 -1 -1 7f -1 -1 -1
1 1 5 25.6 62.5 5 -1 -1 0b -1 -1 -1 7f -1 -1 -1
1 1 0 25.6 62.5 7 -1 -1 0b -1 -1 -1 7f -1 -1 -1
1 1 0 25.5 62.5 5 -1 -1 0b -1 -1 -1 7f -1 -1 -1
1 1 0 25.6 62.0 7 -1 -1 0b -1 -1 -1 7f -1 -1 -1
1 1 1 25.5 62.0 7 -1 -1 0b -1 -1 -1 7f -1 -1 -1
1 1 7 25.5 62.0 7 -1 -1 0b -1 -1 -1 7f -1 -1 -1
1 1 0 25.6 62.5 7 -1 -1 0b -1 -1 -1 7f -1 -1 -1
1 1 0 25.7 62.5 7 -1 -1 0b -1 -1 -1 7f -1 -1 -1
1 1 0 25.6 63.0 7 -1 -1 0b -1 -1 -1 7f -1 -1 -1
1 1 7 25.7 63.0 9 -1 -1 0b -1 -1 -1 7f -1 -1 -1
1 1 0 25.6 63.0 9 -1 -1 0b -1 -1 -1 7f -1 -1 -1
1 1 0 25.7 63.0 9 -1 -1 0b -1 -1 -1 7f -1 -1 -1
1 1 0 25.7 63.5 9 -1 -1 0b -1 -1 -1 7f -1 -1 -1
1 1 0 25.7 63.5 9 -1 -1 0b -1 -1 -1 7f -1 -1 -1
1 1 24 25.7 63.5 9 -1 -1 0b -1 -1 -1 7f -1 -1 -1
1 1 7 25.8 63.0 7 -1 -1 0b -1 -1 -1 7f -1 -1 -1
1 1 0 25.7 63.0 7 -1 -1 0b -1 -1 -1 7f -1 -1 -1
1 1 5 25.8 63.0 7 -1 -1 0b -1 -1 -1 7f -1 -1 -1
1 1 0 25.7 62.5 7 -1 -1 0b -1 -1 -1 7f -1 -1 -1
1 1 0 25.8 62.5 7 -1 -1 0b -1 -1 -1 7f -1 -1 -1
1 1 0 25.7 63.0 7 -1 -1 0b -1 -1 -1 7f -1 -1 -1
1 1 0 25.7 62.5 7 -1 -1 0b -1 -1 -1 7f -1 -1 -1
1 1 0 25.8 62.5 7 -1 -1 0b -1 -1 -1 7f -1 -1 -1
1 1 0 25.8 62.5 9 -1 -1 0b -1 -1 -1 7f -1 -1 -1
1 1 0 25.8 62.5 9 -1 -1 0b -1 -1 -1 7f -1 -1 -1
1 1 0 25.8 62.0 5 -1 -1 0b -1 -1 -1 7f -1 -1 -1
1 1 0 25.8 62.0 7 -1 -1 0b -1 -1 -1 7f -1 -1 -1
1 1 0 25.7 62.0 9 -1 -1 0b -1 -1 -1 7f -1 -1 -1
1 1 0 25.8 62.0 9 -1 -1 0b -1 -1 -1 7f -1 -1 -1
1 1 0 25.8 62.0 7 -1 -1 0b -1 -1 -1 7f -1 -1 -1
1 1 0 25.8 61.5 7 -1 -1 0b -1 -1 -1 7f -1 -1 -1
1 1 0 25.8 61.5 7 -1 -1 0b -1 -1 -1 7f -1 -1 -1
1 1 0 25.7 61.5 7 -1 -1 0b -1 -1 -1 7f -1 -1 -1
1 1 7 25.7 61.5 9 -1 -1 0b -1 -1 -1 7f -1 -1 -1
1 1 0 25.7 61.5 7 -1 -1 0b -1 -1 -1 7f -1 -1 -1
1 1 0 25.8 61.5 5 -1 -1 0b -1 -1 -1 7f -1 -1 -1
1 1 0 25.8 61.5 5 -1 -1 0b -1 -1 -1 7f -1 -1 -1
1 1 0 25.8 61.5 9 -1 -1 0b -1 -1 -1 7f -1 -1 -1
1 1 0 25.9 61.5 7 -1 -1 0b -1 -1 -1 7f -1 -1 -1
1 1 0 25.9 61.5 9 -1 -1 0b -1 -1 -1 7f -1 -1 -1
1 1 0 25.9 61.5 9 -1 -1 0b -1 -1 -1 7f -1 -1 -1
1 1 13 25.9 61.5 9 -1 -1 0b -1 -1 -1 7f -1 -1 -1
1 1 9 25.9 61.5 7 -1 -1 0b -1 -1 -1 7f -1 -1 -1
1 1 0 25.9 61.0 7 -1 -1 0b -1 -1 -1 7f -1 -1 -1
1 1 9 25.8 61.0 5 -1 -1 0b -1 -1 -1 7f -1 -1 -1
1 1 3 25.8 61.0 9 -1 -1 0b -1 -1 -1 7f -1 -1 -1
1 1 0 25.9 60.5 7 -1 -1 0b -1 -1 -1 7f -1 -1 -1
1 1 0 25.9 60.5 5 -1 -1 0b -1 -1 -1 7f -1 -1 -1
1 1 5 25.8 60.5 9 -1 -1 0b -1 -1 -1 7f -1 -1 -1
1 1 0 25.7 60.5 9 -1 -1 0b -1 -1 -1 7f -1 -1 -1
1 1 0 25.8 60.0 7 -1 -1 0b -1 -1 -1 7f -1 -1 -1
1 1 0 25.8 60.0 7 -1 -1 0b -1 -1 -1 7f -1 -1 -1
1 1 0 25.8 60.0 9 -1 -1 0b -1 -1 -1 7f -1 -1 -1
1 1 0 25.9 60.0 7 -1 -1 0b -1 -1 -1 7f -1 -1 -1
1 1 0 25.8 60.0 9 -1 -1 0b -1 -1 -1 7f -1 -1 -1
1 1 0 25.8 59.5 9 -1 -1 0b -1 -1 -1 7f -1 -1 -1
1 1 0 25.8 59.5 5 -1 -1 0b -1 -1 -1 7f -1 -1 -1
1 1 0 25.8 59.5 5 -1 -1 0b -1 -1 -1 7f -1 -1 -1
1 1 0 25.7 59.5 5 -1 -1 0b -1 -1 -1 7f -1 -1 -1
1 1 0 25.8 59.0 5 -1 -1 0b -1 -1 -1 7f -1 -1 -1
1 1 0 25.8 59.0 6 -1 -1 0b -1 -1 -1 7f -1 -1 -1
1 1 0 25.7 59.0 11 -1 -1 0b -1 -1 -1 7f -1 -1 -1
1 1 4 25.7 59.0 7 -1 -1 0b -1 -1 -1 7f -1 -1 -1
1 1 8 25.8 59.0 7 -1 -1 0b -1 -1 -1 7f -1 -1 -1
1 1 0 25.8 59.0 9 -1 -1 0b -1 -1 -1 7f -1 -1 -1
1 1 0 25.7 58.5 9 -1 -1 0b -1 -1 -1 7f -1 -1 -1
1 1 0 25.8 58.5 5 -1 -1 0b -1 -1 -1 7f -1 -1 -1
1 1 0 25.7 58.5 5 -1 -1 0b -1 -1 -1 7f -1 -1 -1
1 1 0 25.7 58.5 7 -1 -1 0b -1 -1 -1 7f -1 -1 -1
1 1 0 25.7 58.0 7 -1 -1 0b -1 -1 -1 7f -1 -1 -1
1 1 0 25.7 58.0 7 -1 -1 0b -1 -1 -1 7f -1 -1 -1
1 1 0 25.7 58.0 7 -1 -1 0b -1 -1 -1 7f -1 -1 -1
1 1 0 25.8 58.0 7 -1 -1 0b -1 -1 -1 7f -1 -1 -1
1 1 0 25.6 58.0 9 -1 -1 0b -1 -1 -1 7f -1 -1 -1
1 1 0 25.7 58.0 5 -1 -1 0b -1 -1 -1 7f -1 -1 -1
1 1 0 25.7 58.0 7 -1 -1 0b -1 -1 -1 7f -1 -1 -1
1 1 0 25.7 57.5 9 -1 -1 0b -1 -1 -1 7f -1 -1 -1
1 1 0 25.7 57.5 9 -1 -1 0b -1 -1 -1 7f -1 -1 -1
1 1 0 25.7 57.5 9 -1 -1 0b -1 -1 -1 7f -1 -1 -1
1 1 0 25.7 57.5 11 -1 -1 0b -1 -1 -1 7f -1 -1 -1
1 1 0 25.7 57.5 7 -1 -1 0b -1 -1 -1 7f -1 -1 -1
1 1 0 25.7 57.5 7 -1 -1 0b -1 -1 -1 7f -1 -1 -1
1 1 0 25.7 57.5 9 -1 -1 0b -1 -1 -1 7f -1 -1 -1
1 1 0 25.6 57.5 9 -1 -1 0b -1 -1 -1 7f -1 -1 -1
1 1 0 25.6 57.0 7 -1 -1 0b -1 -1 -1 7f -1 -1 -1
1 1 0 25.7 57.0 7 -1 -1 0b -1 -1 -1 7f -1 -1 -1
1 1 1 25.6 57.0 7 -1 -1 0b -1 -1 -1 7f -1 -1 -1
1 1 0 25.6 57.0 9 -1 -1 0b -1 -1 -1 7f -1 -1 -1
1 1 0 25.7 57.0 9 -1 -1 0b -1 -1 -1 7f -1 -1 -1
1 1 0 25.6 57.0 11 -1 -1 0b -1 -1 -1 7f -1 -1 -1
1 1 0 25.7 57.0 9 -1 -1 0b -1 -1 -1 7f -1 -1 -1
1 1 0 25.7 57.0 11 -1 -1 0b -1 -1 -1 7f -1 -1 -1
1 1 6 25.7 57.0 11 -1 -1 0b -1 -1 -1 7f -1 -1 -1
1 1 0 25.7 57.0 11 -1 -1 0b -1 -1 -1 7f -1 -1 -1
1 1 12 25.7 57.0 11 -1 -1 0b -1 -1 -1 7f -1 -1 -1
1 1 0 25.7 57.0 11 -1 -1 0b -1 -1 -1 7f -1 -1 -1
1 1 0 25.7 57.0 10 -1 -1 0b -1 -1 -1 7f -1 -1 -1
1 1 10 25.6 57.0 11 -1 -1 0b -1 -1 -1 7f -1 -1 -1
1 1 2 25.7 57.0 10 -1 -1 0b -1 -1 -1 7f -1 -1 -1
1 1 12 25.7 57.0 10 -1 -1 0b -1 -1 -1 7f -1 -1 -1
1 1 0 25.7 57.0 10 -1 -1 0b -1 -1 -1 7f -1 -1 -1
1 1 11 25.6 57.0 10 -1 -1 0b -1 -1 -1 7f -1 -1 -1
1 1 0 25.7 57.0 10 -1 -1 0b -1 -1 -1 7f -1 -1 -1
1 1 12 25.7 57.5 12 -1 -1 0b -1 -1 -1 7f -1 -1 -1
1 1 7 25.7 57.5 10 -1 -1 0b -1 -1 -1 7f -1 -1 -1
1 1 0 25.7 57.5 11 -1 -1 0b -1 -1 -1 7f -1 -1 -1
1 1 0 25.7 57.5 9 -1 -1 0b -1 -1 -1 7f -1 -1 -1
1 1 0 25.7 57.0 11 -1 -1 0b -1 -1 -1 7f -1 -1 -1
1 1 0 25.7 57.0 10 -1 -1 0b -1 -1 -1 7f -1 -1 -1
1 1 0 25.7 57.0 12 -1 -1 0b -1 -1 -1 7f -1 -1 -1
1 1 0 25.6 56.5 12 -1 -1 0b -1 -1 -1 7f -1 -1 -1
1 1 8 25.6 56.5 12 -1 -1 0b -1 -1 -1 7f -1 -1 -1
1 1 0 25.6 56.5 12 -1 -1 0b -1 -1 -1 7f -1 -1 -1
1 1 0 25.6 56.5 14 -1 -1 0b -1 -1 -1 7f -1 -1 -1
1 1 0 25.6 56.5 14 -1 -1 0b -1 -1 -1 7f -1 -1 -1
1 1 7 25.6 56.0 12 -1 -1 0b -1 -1 -1 7f -1 -1 -1
1 1 0 25.6 56.5 12 -1 -1 0b -1 -1 -1 7f -1 -1 -1
1 1 0 25.6 56.0 9 -1 -1 0b -1 -1 -1 7f -1 -1 -1
1 1 0 25.6 56.0 9 -1 -1 0b -1 -1 -1 7f -1 -1 -1
1 1 6 25.6 56.0 10 -1 -1 0b -1 -1 -1 7f -1 -1 -1
1 1 0 25.5 56.0 11 -1 -1 0b -1 -1 -1 7f -1 -1 -1
1 1 0 25.5 56.0 11 -1 -1 0b -1 -1 -1 7f -1 -1 -1
1 1 2 25.7 56.0 9 -1 -1 0b -1 -1 -1 7f -1 -1 -1
1 1 5 25.6 56.0 7 -1 -1 0b -1 -1 -1 7f -1 -1 -1
1 1 0 25.6 56.0 9 -1 -1 0b -1 -1 -1 7f -1 -1 -1
1 1 6 25.6 56.0 7 -1 -1 0b -1 -1 -1 7f -1 -1 -1
1 1 0 25.6 55.5 7 -1 -1 0b -1 -1 -1 7f -1 -1 -1
1 1 8 25.5 55.5 9 -1 -1 0b -1 -1 -1 7f -1 -1 -1
1 1 0 25.5 55.5 9 -1 -1 0b -1 -1 -1 7f -1 -1 -1
1 1 0 25.5 55.5 9 -1 -1 0b -1 -1 -1 7f -1 -1 -1
1 1 0 25.6 55.5 7 -1 -1 0b -1 -1 -1 7f -1 -1 -1
1 1 0 25.5 55.5 7 -1 -1 0b -1 -1 -1 7f -1 -1 -1
1 1 0 25.6 55.5 9 -1 -1 0b -1 -1 -1 7f -1 -1 -1
1 1 0 25.6 55.5 9 -1 -1 0b -1 -1 -1 7f -1 -1 -1
1 1 0 25.6 55.5 11 -1 -1 0b -1 -1 -1 7f -1 -1 -1
1 1 0 25.5 55.5 13 -1 -1 0b -1 -1 -1 7f -1 -1 -1
1 1 5 25.5 55.5 10 -1 -1 0b -1 -1 -1 7f -1 -1 -1
1 1 5 25.5 55.5 9 -1 -1 0b -1 -1 -1 7f -1 -1 -1
1 1 10 25.5 55.5 9 -1 -1 0b -1 -1 -1 7f -1 -1 -1
1 1 5 25.5 55.5 9 -1 -1 0b -1 -1 -1 7f -1 -1 -1
1 1 0 25.5 55.5 7 -1 -1 0b -1 -1 -1 7f -1 -1 -1
1 1 0 25.5 55.5 7 -1 -1 0b -1 -1 -1 7f -1 -1 -1
1 1 0 25.5 55.5 7 -1 -1 0b -1 -1 -1 7f -1 -1 -1
1 1 0 25.5 55.5 7 -1 -1 0b -1 -1 -1 7f -1 -1 -1
1 1 0 25.5 55.5 9 -1 -1 0b -1 -1 -1 7f -1 -1 -1
1 1 6 25.5 55.5 9 -1 -1 0b -1 -1 -1 7f -1 -1 -1
1 1 0 25.5 55.5 5 -1 -1 0b -1 -1 -1 7f -1 -1 -1
1 1 0 25.5 55.5 7 -1 -1 0b -1 -1 -1 7f -1 -1 -1
1 1 0 25.5 55.5 7 -1 -1 0b -1 -1 -1 7f -1 -1 -1
1 1 0 25.5 55.5 5 -1 -1 0b -1 -1 -1 7f -1 -1 -1
1 1 0 25.5 55.5 7 -1 -1 0b -1 -1 -1 7f -1 -1 -1
1 1 0 25.5 55.5 6 -1 -1 0b -1 -1 -1 7f -1 -1 -1
1 1 0 25.4 55.5 5 -1 -1 0b -1 -1 -1 7f -1 -1 -1
1 1 14 25.5 55.5 4 -1 -1 0b -1 -1 -1 7f -1 -1 -1
1 1 1 25.5 55.5 4 -1 -1 0b -1 -1 -1 7f -1 -1 -1
1 1 0 25.4 55.5 4 -1 -1 0b -1 -1 -1 7f -1 -1 -1
1 1 0 25.5 55.5 9 -1 -1 0b -1 -1 -1 7f -1 -1 -1
1 1 0 25.5 55.5 11 -1 -1 0b -1 -1 -1 7f -1 -1 -1
1 1 0 25.4 55.5 6 -1 -1 0b -1 -1 -1 7f -1 -1 -1
1 1 0 25.4 55.5 6 -1 -1 0b -1 -1 -1 7f -1 -1 -1
1 1 0 25.4 55.5 2 -1 -1 0b -1 -1 -1 7f -1 -1 -1
1 1 1 25.4 55.5 2 -1 -1 0b -1 -1 -1 7f -1 -1 -1
1 1 0 25.4 55.5 2 -1 -1 0b -1 -1 -1 7f -1 -1 -1
1 1 5 25.4 56.0 2 -1 -1 0b -1 -1 -1 7f -1 -1 -1
1 1 0 25.4 56.0 2 -1 -1 0b -1 -1 -1 7f -1 -1 -1
1 1 0 25.4 56.0 2 -1 -1 0b -1 -1 -1 7f -1 -1 -1
1 1 0 25.4 56.0 4 -1 -1 0b -1 -1 -1 7f -1 -1 -1
1 1 4 25.4 56.0 6 -1 -1 0b -1 -1 -1 7f -1 -1 -1
1 1 0 25.4 56.0 7 -1 -1 0b -1 -1 -1 7f -1 -1 -1
1 1 0 25.4 56.0 9 -1 -1 0b -1 -1 -1 7f -1 -1 -1
1 1 0 25.3 56.0 11 -1 -1 0b -1 -1 -1 7f -1 -1 -1
1 1 0 25.4 56.0 12 -1 -1 0b -1 -1 -1 7f -1 -1 -1
1 1 0 25.4 56.0 12 -1 -1 0b -1 -1 -1 7f -1 -1 -1
1 1 0 25.4 56.0 12 -1 -1 0b -1 -1 -1 7f -1 -1 -1
1 1 0 25.4 56.0 7 -1 -1 0b -1 -1 -1 7f -1 -1 -1
1 1 0 25.4 56.0 7 -1 -1 0b -1 -1 -1 7f -1 -1 -1
1 1 9 25.4 56.0 5 -1 -1 0b -1 -1 -1 7f -1 -1 -1
1 1 0 25.3 56.0 7 -1 -1 0b -1 -1 -1 7f -1 -1 -1
1 1 0 25.3 55.5 7 -1 -1 0b -1 -1 -1 7f -1 -1 -1
1 1 0 25.3 56.0 7 -1 -1 0b -1 -1 -1 7f -1 -1 -1
1 1 0 25.3 55.5 7 -1 -1 0b -1 -1 -1 7f -1 -1 -1
1 1 0 25.4 55.5 7 -1 -1 0b -1 -1 -1 7f -1 -1 -1
1 1 11 25.3 55.5 9 -1 -1 0b -1 -1 -1 7f -1 -1 -1
1 1 0 25.4 55.5 8 -1 -1 0b -1 -1 -1 7f -1 -1 -1
1 1 0 25.3 55.5 11 -1 -1 0b -1 -1 -1 7f -1 -1 -1
1 1 0 25.4 55.5 11 -1 -1 0b -1 -1 -1 7f -1 -1 -1
1 1 0 25.3 55.5 9 -1 -1 0b -1 -1 -1 7f -1 -1 -1
1 1 0 25.4 55.5 9 -1 -1 0b -1 -1 -1 7f -1 -1 -1
1 1 8 25.3 55.5 9 -1 -1 0b -1 -1 -1 7f -1 -1 -1
1 1 0 25.3 56.5 11 -1 -1 0b -1 -1 -1 7f -1 -1 -1
1 1 0 25.4 57.0 9 -1 -1 0b -1 -1 -1 7f -1 -1 -1
1 1 0 25.5 57.5 9 -1 -1 0b -1 -1 -1 7f -1 -1 -1
1 1 5 25.5 58.0 7 -1 -1 0b -1 -1 -1 7f -1 -1 -1
1 1 7 25.6 58.5 7 -1 -1 0b -1 -1 -1 7f -1 -1 -1
1 1 0 25.7 58.5 6 -1 -1 0b -1 -1 -1 7f -1 -1 -1
1 1 0 25.6 58.0 2 -1 -1 0b -1 -1 -1 7f -1 -1 -1
1 1 0 25.7 58.0 2 -1 -1 0b -1 -1 -1 7f -1 -1 -1
1 1 1 25.7 58.5 2 -1 -1 0b -1 -1 -1 7f -1 -1 -1
1 1 6 25.6 58.0 2 -1 -1 0b -1 -1 -1 7f -1 -1 -1
1 1 0 25.6 58.0 4 -1 -1 0b -1 -1 -1 7f -1 -1 -1
1 1 0 25.6 58.0 4 -1 -1 0b -1 -1 -1 7f -1 -1 -1
1 1 0 25.6 58.0 4 -1 -1 0b -1 -1 -1 7f -1 -1 -1
1 1 0 25.6 57.5 2 -1 -1 0b -1 -1 -1 7f -1 -1 -1
1 1 1 25.6 57.5 2 -1 -1 0b -1 -1 -1 7f -1 -1 -1
1 1 2 25.5 57.0 4 -1 -1 0b -1 -1 -1 7f -1 -1 -1
1 1 0 25.4 57.0 3 -1 -1 0b -1 -1 -1 7f -1 -1 -1
1 1 0 25.5 57.0 3 -1 -1 0b -1 -1 -1 7f -1 -1 -1
1 1 0 25.5 57.0 4 -1 -1 0b -1 -1 -1 7f -1 -1 -1
1 1 0 25.4 57.0 4 -1 -1 0b -1 -1 -1 7f -1 -1 -1
1 1 0 25.4 57.0 2 -1 -1 0b -1 -1 -1 7f -1 -1 -1
1 1 0 25.4 57.0 1 -1 -1 0b -1 -1 -1 7f -1 -1 -1
1 1 0 25.4 57.0 4 -1 -1 0b -1 -1 -1 7f -1 -1 -1
1 1 1 25.3 57.5 4 -1 -1 0b -1 -1 -1 7f -1 -1 -1
1 1 0 25.5 57.5 2 -1 -1 0b -1 -1 -1 7f -1 -1 -1
1 1 0 25.5 58.0 2 -1 -1 0b -1 -1 -1 7f -1 -1 -1
1 1 3 25.5 58.0 2 -1 -1 0b -1 -1 -1 7f -1 -1 -1
1 1 0 25.6 58.5 2 -1 -1 0b -1 -1 -1 7f -1 -1 -1
1 1 3 25.5 59.0 2 -1 -1 0b -1 -1 -1 7f -1 -1 -1
1 1 7 25.6 59.0 2 -1 -1 0b -1 -1 -1 7f -1 -1 -1
1 1 1 25.5 59.0 2 -1 -1 0b -1 -1 -1 7f -1 -1 -1
1 1 0 25.6 59.5 2 -1 -1 0b -1 -1 -1 7f -1 -1 -1
1 1 1 25.6 60.0 6 -1 -1 0b -1 -1 -1 7f -1 -1 -1
1 1 0 25.6 60.0 6 -1 -1 0b -1 -1 -1 7f -1 -1 -1
1 1 0 25.7 60.5 6 -1 -1 0b -1 -1 -1 7f -1 -1 -1
1 1 0 25.6 61.0 6 -1 -1 0b -1 -1 -1 7f -1 -1 -1
1 1 1 25.6 61.0 6 -1 -1 0b -1 -1 -1 7f -1 -1 -1
1 1 0 25.7 61.0 6 -1 -1 0b -1 -1 -1 7f -1 -1 -1
1 1 4 25.7 61.0 4 -1 -1 0b -1 -1 -1 7f -1 -1 -1
1 1 4 25.8 61.0 6 -1 -1 0b -1 -1 -1 7f -1 -1 -1
1 1 9 25.7 61.0 2 -1 -1 0b -1 -1 -1 7f -1 -1 -1
1 1 0 25.7 61.5 2 -1 -1 0b -1 -1 -1 7f -1 -1 -1
1 1 0 25.7 61.5 2 -1 -1 0b -1 -1 -1 7f -1 -1 -1
1 1 0 25.8 61.5 2 -1 -1 0b -1 -1 -1 7f -1 -1 -1
1 1 0 25.8 61.0 0 -1 -1 0b -1 -1 -1 7f -1 -1 -1
1 1 0 25.7 61.0 0 -1 -1 0b -1 -1 -1 7f -1 -1 -1
1 1 0 25.8 61.0 0 -1 -1 0b -1 -1 -1 7f -1 -1 -1
1 1 0 25.7 60.5 0 -1 -1 0b -1 -1 -1 7f -1 -1 -1
1 1 1 25.7 60.0 0 -1 -1 0b -1 -1 -1 7f -1 -1 -1
1 1 2 25.6 60.0 0 -1 -1 0b -1 -1 -1 7f -1 -1 -1
1 1 0 25.5 60.0 0 -1 -1 0b -1 -1 -1 7f -1 -1 -1
1 1 7 25.5 59.5 0 -1 -1 0b -1 -1 -1 7f -1 -1 -1
1 1 8 25.6 59.5 0 -1 -1 0b -1 -1 -1 7f -1 -1 -1
1 1 0 25.5 59.5 0 -1 -1 0b -1 -1 -1 7f -1 -1 -1
1 1 1 25.5 59.5 0 -1 -1 0b -1 -1 -1 7f -1 -1 -1
1 1 1 25.5 59.0 0 -1 -1 0b -1 -1 -1 7f -1 -1 -1
1 1 6 25.5 59.0 0 -1 -1 0b -1 -1 -1 7f -1 -1 -1
1 1 0 25.5 58.5 0 -1 -1 0b -1 -1 -1 7f -1 -1 -1
1 1 0 25.4 58.5 0 -1 -1 0b -1 -1 -1 7f -1 -1 -1
1 1 0 25.5 58.5 0 -1 -1 0b -1 -1 -1 7f -1 -1 -1
1 1 0 25.5 58.5 0 -1 -1 0b -1 -1 -1 7f -1 -1 -1
1 1 0 25.5 58.0 0 -1 -1 0b -1 -1 -1 7f -1 -1 -1
1 1 0 25.4 58.0 0 -1 -1 0b -1 -1 -1 7f -1 -1 -1
1 1 0 25.4 58.0 0 -1 -1 0b -1 -1 -1 7f -1 -1 -1
1 1 0 25.4 58.0 0 -1 -1 0b -1 -1 -1 7f -1 -1 -1
1 1 0 25.5 58.0 0 -1 -1 0b -1 -1 -1 7f -1 -1 -1
1 1 0 25.4 58.0 0 -1 -1 0b -1 -1 -1 7f -1 -1 -1
1 1 0 25.4 58.0 0 -1 -1 0b -1 -1 -1 7f -1 -1 -1
1 1 0 25.4 58.0 0 -1 -1 0b -1 -1 -1 7f -1 -1 -1
1 1 0 25.5 58.0 0 -1 -1 0b -1 -1 -1 7f -1 -1 -1
1 1 0 25.4 58.0 0 -1 -1 0b -1 -1 -1 7f -1 -1 -1
1 1 0 25.4 58.0 0 -1 -1 0b -1 -1 -1 7f -1 -1 -1
1 1 0 25.4 58.0 0 -1 -1 0b -1 -1 -1 7f -1 -1 -1
1 1 0 25.3 58.0 0 -1 -1 0b -1 -1 -1 7f -1 -1 -1
1 1 0 25.4 57.5 0 -1 -1 0b -1 -1 -1 7f -1 -1 -1
1 1 0 25.3 57.5 0 -1 -1 0b -1 -1 -1 7f -1 -1 -1
1 1 2 25.3 57.5 0 -1 -1 0b -1 -1 -1 7f -1 -1 -1
1 1 0 25.3 57.5 0 -1 -1 0b -1 -1 -1 7f -1 -1 -1
1 1 1 25.3 57.5 0 -1 -1 0b -1 -1 -1 7f -1 -1 -1
1 1 0 25.3 57.5 0 -1 -1 0b -1 -1 -1 7f -1 -1 -1
1 1 0 25.3 58.0 0 -1 -1 0b -1 -1 -1 7f -1 -1 -1
1 1 2 25.2 57.5 0 -1 -1 0b -1 -1 -1 7f -1 -1 -1
1 1 1 25.3 57.5 0 -1 -1 0b -1 -1 -1 7f -1 -1 -1
1 1 1 25.2 57.5 0 -1 -1 0b -1 -1 -1 7f -1 -1 -1
1 1 1 25.2 57.5 0 -1 -1 0b -1 -1 -1 7f -1 -1 -1
1 1 0 25.2 57.5 0 -1 -1 0b -1 -1 -1 7f -1 -1 -1
1 1 0 25.3 57.0 0 -1 -1 0b -1 -1 -1 7f -1 -1 -1
1 1 1 25.3 57.0 0 -1 -1 0b -1 -1 -1 7f -1 -1 -1
1 1 4 25.1 57.0 0 -1 -1 0b -1 -1 -1 7f -1 -1 -1
1 1 0 25.1 57.0 0 -1 -1 0b -1 -1 -1 7f -1 -1 -1
1 1 0 25.1 57.0 0 -1 -1 0b -1 -1 -1 7f -1 -1 -1
1 1 0 25.1 58.0 0 -1 -1 0b -1 -1 -1 7f -1 -1 -1
1 1 0 25.2 58.5 0 -1 -1 0b -1 -1 -1 7f -1 -1 -1
1 1 0 25.3 59.0 0 -1 -1 0b -1 -1 -1 7f -1 -1 -1
1 1 0 25.3 60.0 0 -1 -1 0b -1 -1 -1 7f -1 -1 -1
1 1 0 25.3 59.5 0 -1 -1 0b -1 -1 -1 7f -1 -1 -1
1 1 0 25.4 59.0 0 -1 -1 0b -1 -1 -1 7f -1 -1 -1
1 1 0 25.3 58.5 0 -1 -1 0b -1 -1 -1 7f -1 -1 -1
1 1 0 25.3 58.5 0 -1 -1 0b -1 -1 -1 7f -1 -1 -1
1 1 0 25.2 58.0 0 -1 -1 0b -1 -1 -1 7f -1 -1 -1
1 1 0 25.2 57.5 0 -1 -1 0b -1 -1 -1 7f -1 -1 -1
1 1 0 25.1 57.5 0 -1 -1 0b -1 -1 -1 7f -1 -1 -1
1 1 0 25.1 58.0 0 -1 -1 0b -1 -1 -1 7f -1 -1 -1
1 1 0 25.2 58.5 0 -1 -1 0b -1 -1 -1 7f -1 -1 -1
1 1 0 25.3 59.0 0 -1 -1 0b -1 -1 -1 7f -1 -1 -1
1 1 0 25.3 59.5 0 -1 -1 0b -1 -1 -1 7f -1 -1 -1
1 1 0 25.5 60.0 0 -1 -1 0b -1 -1 -1 7f -1 -1 -1
1 1 1 25.4 60.0 0 -1 -1 0b -1 -1 -1 7f -1 -1 -1
1 1 0 25.4 59.5 0 -1 -1 0b -1 -1 -1 7f -1 -1 -1
1 1 0 25.4 59.0 0 -1 -1 0b -1 -1 -1 7f -1 -1 -1
1 1 2 25.3 58.5 0 -1 -1 0b -1 -1 -1 7f -1 -1 -1
1 1 8 25.3 59.0 0 -1 -1 0b -1 -1 -1 7f -1 -1 -1
1 1 7 25.3 59.5 0 -1 -1 0b -1 -1 -1 7f -1 -1 -1
1 1 0 25.3 59.5 0 -1 -1 0b -1 -1 -1 7f -1 -1 -1
1 1 0 25.4 59.0 0 -1 -1 0b -1 -1 -1 7f -1 -1 -1
1 1 0 25.3 58.5 0 -1 -1 0b -1 -1 -1 7f -1 -1 -1
1 1 0 25.2 59.0 0 -1 -1 0b -1 -1 -1 7f -1 -1 -1
1 1 0 25.4 59.5 0 -1 -1 0b -1 -1 -1 7f -1 -1 -1
1 1 0 25.4 60.0 0 -1 -1 0b -1 -1 -1 7f -1 -1 -1
1 1 0 25.5 60.0 0 -1 -1 0b -1 -1 -1 7f -1 -1 -1
1 1 0 25.4 59.5 0 -1 -1 0b -1 -1 -1 7f -1 -1 -1
1 1 0 25.3 59.0 0 -1 -1 0b -1 -1 -1 7f -1 -1 -1
1 1 0 25.3 59.0 0 -1 -1 0b -1 -1 -1 7f -1 -1 -1
1 1 0 25.3 58.5 0 -1 -1 0b -1 -1 -1 7f -1 -1 -1
1 1 0 25.2 59.0 0 -1 -1 0b -1 -1 -1 7f -1 -1 -1
1 1 0 25.3 59.5 0 -1 -1 0b -1 -1 -1 7f -1 -1 -1
1 1 0 25.3 60.0 0 -1 -1 0b -1 -1 -1 7f -1 -1 -1
1 1 0 25.4 60.5 0 -1 -1 0b -1 -1 -1 7f -1 -1 -1
1 1 0 25.4 60.5 0 -1 -1 0b -1 -1 -1 7f -1 -1 -1
1 1 0 25.4 60.0 0 -1 -1 0b -1 -1 -1 7f -1 -1 -1
1 1 0 25.3 60.0 0 -1 -1 0b -1 -1 -1 7f -1 -1 -1
1 1 0 25.3 59.5 0 -1 -1 0b -1 -1 -1 7f -1 -1 -1
1 1 0 25.3 60.0 0 -1 -1 0b -1 -1 -1 7f -1 -1 -1
1 1 0 25.3 60.5 0 -1 -1 0b -1 -1 -1 7f -1 -1 -1
1 1 0 25.3 61.5 0 -1 -1 0b -1 -1 -1 7f -1 -1 -1
1 1 0 25.4 62.0 0 -1 -1 0b -1 -1 -1 7f -1 -1 -1
1 1 0 25.4 61.5 0 -1 -1 0b -1 -1 -1 7f -1 -1 -1
1 1 0 25.4 61.5 0 -1 -1 0b -1 -1 -1 7f -1 -1 -1
1 1 0 25.4 61.0 0 -1 -1 0b -1 -1 -1 7f -1 -1 -1
1 1 0 25.4 60.5 0 -1 -1 0b -1 -1 -1 7f -1 -1 -1
1 1 0 25.3 60.5 0 -1 -1 0b -1 -1 -1 7f -1 -1 -1
1 1 0 25.3 59.5 0 -1 -1 0b -1 -1 -1 7f -1 -1 -1
1 1 0 25.2 59.5 0 -1 -1 0b -1 -1 -1 7f -1 -1 -1
1 1 0 25.1 59.0 0 -1 -1 0b -1 -1 -1 7f -1 -1 -1
1 1 0 25.1 58.5 0 -1 -1 0b -1 -1 -1 7f -1 -1 -1
1 1 0 25.0 58.0 0 -1 -1 0b -1 -1 -1 7f -1 -1 -1
1 1 0 25.0 57.5 0 -1 -1 0b -1 -1 -1 7f -1 -1 -1
1 1 0 25.0 57.5 0 -1 -1 0b -1 -1 -1 7f -1 -1 -1
1 1 1 24.9 57.0 0 -1 -1 0b -1 -1 -1 7f -1 -1 -1
1 1 0 25.0 57.5 0 -1 -1 0b -1 -1 -1 7f -1 -1 -1
1 1 4 25.0 58.5 0 -1 -1 0b -1 -1 -1 7f -1 -1 -1
1 1 0 25.1 59.0 0 -1 -1 0b -1 -1 -1 7f -1 -1 -1
1 1 5 25.2 59.5 0 -1 -1 0b -1 -1 -1 7f -1 -1 -1
1 1 0 25.2 59.0 0 -1 -1 0b -1 -1 -1 7f -1 -1 -1
1 1 1 25.1 58.5 0 -1 -1 0b -1 -1 -1 7f -1 -1 -1
1 1 0 25.1 58.5 0 -1 -1 0b -1 -1 -1 7f -1 -1 -1
1 1 0 25.0 57.5 0 -1 -1 0b -1 -1 -1 7f -1 -1 -1
1 1 0 24.9 57.5 0 -1 -1 0b -1 -1 -1 7f -1 -1 -1
1 1 0 24.9 57.0 0 -1 -1 0b -1 -1 -1 7f -1 -1 -1
1 1 0 24.9 57.0 0 -1 -1 0b -1 -1 -1 7f -1 -1 -1
1 1 0 24.8 56.5 0 -1 -1 0b -1 -1 -1 7f -1 -1 -1
1 1 0 24.7 56.5 0 -1 -1 0b -1 -1 -1 7f -1 -1 -1
1 1 0 24.8 56.5 0 -1 -1 0b -1 -1 -1 7f -1 -1 -1
1 1 0 24.8 56.5 0 -1 -1 0b -1 -1 -1 7f -1 -1 -1
1 1 0 24.8 57.0 0 -1 -1 0b -1 -1 -1 7f -1 -1 -1
1 1 0 24.8 57.5 0 -1 -1 0b -1 -1 -1 7f -1 -1 -1
1 1 0 24.9 58.5 0 -1 -1 0b -1 -1 -1 7f -1 -1 -1
1 1 0 24.9 59.0 0 -1 -1 0b -1 -1 -1 7f -1 -1 -1
1 1 0 25.0 59.5 0 -1 -1 0b -1 -1 -1 7f -1 -1 -1
1 1 0 25.1 60.0 0 -1 -1 0b -1 -1 -1 7f -1 -1 -1
1 1 0 25.2 60.0 0 -1 -1 0b -1 -1 -1 7f -1 -1 -1
1 1 0 25.1 60.0 0 -1 -1 0b -1 -1 -1 7f -1 -1 -1
1 1 0 25.2 59.5 0 -1 -1 0b -1 -1 -1 7f -1 -1 -1
1 1 0 25.1 58.5 0 -1 -1 0b -1 -1 -1 7f -1 -1 -1
1 1 0 25.0 58.0 0 -1 -1 0b -1 -1 -1 7f -1 -1 -1
1 1 0 24.9 57.5 0 -1 -1 0b -1 -1 -1 7f -1 -1 -1
1 1 0 24.9 57.0 0 -1 -1 0b -1 -1 -1 7f -1 -1 -1
1 1 0 24.8 56.5 0 -1 -1 0b -1 -1 -1 7f -1 -1 -1
1 1 0 24.8 56.5 0 -1 -1 0b -1 -1 -1 7f -1 -1 -1
1 1 0 24.7 56.0 0 -1 -1 0b -1 -1 -1 7f -1 -1 -1
1 1 9 24.7 56.0 0 -1 -1 0b -1 -1 -1 7f -1 -1 -1
1 1 7 24.7 56.0 0 -1 -1 0b -1 -1 -1 7f -1 -1 -1
1 1 0 24.6 56.5 0 -1 -1 0b -1 -1 -1 7f -1 -1 -1
1 1 0 24.7 56.0 0 -1 -1 0b -1 -1 -1 7f -1 -1 -1
1 1 0 24.7 56.0 0 -1 -1 0b -1 -1 -1 7f -1 -1 -1
1 1 0 24.7 56.0 0 -1 -1 0b -1 -1 -1 7f -1 -1 -1
1 1 0 24.7 56.0 0 -1 -1 0b -1 -1 -1 7f -1 -1 -1
1 1 0 24.7 56.0 0 -1 -1 0b -1 -1 -1 7f -1 -1 -1
1 1 0 24.6 56.0 0 -1 -1 0b -1 -1 -1 7f -1 -1 -1
1 1 0 24.7 56.0 0 -1 -1 0b -1 -1 -1 7f -1 -1 -1
1 1 0 24.6 55.5 0 -1 -1 0b -1 -1 -1 7f -1 -1 -1
1 1 0 24.6 55.5 0 -1 -1 0b -1 -1 -1 7f -1 -1 -1
1 1 0 24.6 55.5 0 -1 -1 0b -1 -1 -1 7f -1 -1 -1
1 1 0 24.6 56.5 0 -1 -1 0b -1 -1 -1 7f -1 -1 -1
1 1 0 24.7 57.0 0 -1 -1 0b -1 -1 -1 7f -1 -1 -1
1 1 0 24.7 58.0 0 -1 -1 0b -1 -1 -1 7f -1 -1 -1
1 1 0 24.8 59.0 0 -1 -1 0b -1 -1 -1 7f -1 -1 -1
1 1 0 24.9 59.5 0 -1 -1 0b -1 -1 -1 7f -1 -1 -1
1 1 1 24.9 60.0 0 -1 -1 0b -1 -1 -1 7f -1 -1 -1
1 1 0 25.0 60.0 0 -1 -1 0b -1 -1 -1 7f -1 -1 -1
1 1 0 25.0 60.0 0 -1 -1 0b -1 -1 -1 7f -1 -1 -1
1 1 3 25.0 60.0 0 -1 -1 0b -1 -1 -1 7f -1 -1 -1
1 1 5 25.0 59.5 0 -1 -1 0b -1 -1 -1 7f -1 -1 -1
1 1 0 24.9 58.5 0 -1 -1 0b -1 -1 -1 7f -1 -1 -1
1 1 0 24.9 58.0 0 -1 -1 0b -1 -1 -1 7f -1 -1 -1
1 1 0 24.8 57.5 0 -1 -1 0b -1 -1 -1 7f -1 -1 -1
1 1 0 24.9 57.5 0 -1 -1 0b -1 -1 -1 7f -1 -1 -1
1 1 0 24.9 58.5 0 -1 -1 0b -1 -1 -1 7f -1 -1 -1
1 1 0 24.8 58.5 0 -1 -1 0b -1 -1 -1 7f -1 -1 -1
1 1 0 24.9 59.0 0 -1 -1 0b -1 -1 -1 7f -1 -1 -1
1 1 0 24.9 59.5 0 -1 -1 0b -1 -1 -1 7f -1 -1 -1
1 1 0 25.0 59.5 0 -1 -1 0b -1 -1 -1 7f -1 -1 -1
1 1 0 25.0 59.5 0 -1 -1 0b -1 -1 -1 7f -1 -1 -1
1 1 0 25.1 59.5 0 -1 -1 0b -1 -1 -1 7f -1 -1 -1
1 1 0 25.2 59.5 0 -1 -1 0b -1 -1 -1 7f -1 -1 -1
1 1 0 25.2 59.5 0 -1 -1 0b -1 -1 -1 7f -1 -1 -1
1 1 0 25.2 58.5 0 -1 -1 0b -1 -1 -1 7f -1 -1 -1
1 1 0 25.1 58.0 0 -1 -1 0b -1 -1 -1 7f -1 -1 -1
1 1 0 25.0 57.5 0 -1 -1 0b -1 -1 -1 7f -1 -1 -1
1 1 0 25.0 58.0 0 -1 -1 0b -1 -1 -1 7f -1 -1 -1
1 1 0 25.0 58.5 0 -1 -1 0b -1 -1 -1 7f -1 -1 -1
1 1 0 25.1 58.5 0 -1 -1 0b -1 -1 -1 7f -1 -1 -1
1 1 0 25.1 58.5 0 -1 -1 0b -1 -1 -1 7f -1 -1 -1
1 1 0 25.2 58.5 0 -1 -1 0b -1 -1 -1 7f -1 -1 -1
1 1 0 25.2 58.5 0 -1 -1 0b -1 -1 -1 7f -1 -1 -1
1 1 0 25.3 59.0 0 -1 -1 0b -1 -1 -1 7f -1 -1 -1
1 1 0 25.3 58.5 0 -1 -1 0b -1 -1 -1 7f -1 -1 -1
1 1 0 25.3 58.0 0 -1 -1 0b -1 -1 -1 7f -1 -1 -1
1 1 0 25.2 57.5 0 -1 -1 0b -1 -1 -1 7f -1 -1 -1
1 1 0 25.1 57.0 0 -1 -1 0b -1 -1 -1 7f -1 -1 -1
1 1 1 25.1 56.5 0 -1 -1 0b -1 -1 -1 7f -1 -1 -1
1 1 0 25.0 57.0 0 -1 -1 0b -1 -1 -1 7f -1 -1 -1
1 1 0 25.1 57.0 0 -1 -1 0b -1 -1 -1 7f -1 -1 -1
1 1 0 25.1 57.5 0 -1 -1 0b -1 -1 -1 7f -1 -1 -1
1 1 0 25.2 57.5 0 -1 -1 0b -1 -1 -1 7f -1 -1 -1
1 1 0 25.2 57.5 0 -1 -1 0b -1 -1 -1 7f -1 -1 -1
1 1 0 25.2 57.5 0 -1 -1 0b -1 -1 -1 7f -1 -1 -1
1 1 0 25.4 57.0 0 -1 -1 0b -1 -1 -1 7f -1 -1 -1
1 1 0 25.4 57.0 0 -1 -1 0b -1 -1 -1 7f -1 -1 -1
1 1 1 25.3 56.0 0 -1 -1 0b -1 -1 -1 7f -1 -1 -1
1 1 0 25.3 55.5 0 -1 -1 0b -1 -1 -1 7f -1 -1 -1
1 1 0 25.2 55.5 0 -1 -1 0b -1 -1 -1 7f -1 -1 -1
1 1 0 25.0 55.0 0 -1 -1 0b -1 -1 -1 7f -1 -1 -1
1 1 0 24.9 55.0 0 -1 -1 0b -1 -1 -1 7f -1 -1 -1
1 1 0 25.0 55.5 0 -1 -1 0b -1 -1 -1 7f -1 -1 -1
1 1 0 25.1 56.0 0 -1 -1 0b -1 -1 -1 7f -1 -1 -1
1 1 0 25.1 56.5 0 -1 -1 0b -1 -1 -1 7f -1 -1 -1
1 1 0 25.2 56.5 0 -1 -1 0b -1 -1 -1 7f -1 -1 -1
1 1 0 25.2 57.0 0 -1 -1 0b -1 -1 -1 7f -1 -1 -1
1 1 0 25.2 56.5 0 -1 -1 0b -1 -1 -1 7f -1 -1 -1
1 1 0 25.3 56.5 0 -1 -1 0b -1 -1 -1 7f -1 -1 -1
1 1 0 25.3 56.5 0 -1 -1 0b -1 -1 -1 7f -1 -1 -1
1 1 0 25.4 56.0 0 -1 -1 0b -1 -1 -1 7f -1 -1 -1
1 1 0 25.4 56.0 0 -1 -1 0b -1 -1 -1 7f -1 -1 -1
1 1 0 25.4 55.5 0 -1 -1 0b -1 -1 -1 7f -1 -1 -1
1 1 1 25.4 55.5 0 -1 -1 0b -1 -1 -1 7f -1 -1 -1
1 1 1 25.3 55.0 0 -1 -1 0b -1 -1 -1 7f -1 -1 -1
1 1 0 25.2 55.0 0 -1 -1 0b -1 -1 -1 7f -1 -1 -1
1 1 0 25.1 54.5 0 -1 -1 0b -1 -1 -1 7f -1 -1 -1
1 1 0 25.0 54.5 0 -1 -1 0b -1 -1 -1 7f -1 -1 -1
1 1 0 24.9 54.5 0 -1 -1 0b -1 -1 -1 7f -1 -1 -1
1 1 1 24.8 55.0 0 -1 -1 0b -1 -1 -1 7f -1 -1 -1
1 1 0 24.9 56.0 0 -1 -1 0b -1 -1 -1 7f -1 -1 -1
1 1 2 24.9 56.5 0 -1 -1 0b -1 -1 -1 7f -1 -1 -1
1 1 0 24.9 56.5 0 -1 -1 0b -1 -1 -1 7f -1 -1 -1
1 1 0 25.0 56.5 0 -1 -1 0b -1 -1 -1 7f -1 -1 -1
1 1 1 25.0 56.0 0 -1 -1 0b -1 -1 -1 7f -1 -1 -1
1 1 0 24.9 56.0 0 -1 -1 0b -1 -1 -1 7f -1 -1 -1
1 1 0 24.8 55.5 0 -1 -1 0b -1 -1 -1 7f -1 -1 -1
1 1 0 24.7 55.5 0 -1 -1 0b -1 -1 -1 7f -1 -1 -1
1 1 16 24.7 56.0 0 -1 -1 0b -1 -1 -1 7f -1 -1 -1
1 1 0 24.8 56.5 0 -1 -1 0b -1 -1 -1 7f -1 -1 -1
1 1 0 24.8 57.0 0 -1 -1 0b -1 -1 -1 7f -1 -1 -1
1 1 0 24.9 57.5 0 -1 -1 0b -1 -1 -1 7f -1 -1 -1
1 1 0 25.0 57.5 0 -1 -1 0b -1 -1 -1 7f -1 -1 -1
1 1 0 25.1 58.0 0 -1 -1 0b -1 -1 -1 7f -1 -1 -1
1 1 0 25.1 58.0 0 -1 -1 0b -1 -1 -1 7f -1 -1 -1
1 1 1 25.2 58.0 0 -1 -1 0b -1 -1 -1 7f -1 -1 -1
1 1 1 25.1 57.5 0 -1 -1 0b -1 -1 -1 0f -1 -1 -1
1 1 9 25.1 57.0 1 -1 -1 0b -1 -1 -1 0f -1 -1 -1
1 1 0 25.1 57.0 1 -1 -1 0b -1 -1 -1 0f -1 -1 -1
1 1 0 25.1 57.0 1 -1 -1 0b -1 -1 -1 0f -1 -1 -1
1 1 0 25.2 57.0 1 -1 -1 0b -1 -1 -1 0f -1 -1 -1
1 1 0 25.3 57.0 1 -1 -1 0b -1 -1 -1 0f -1 -1 -1
1 1 0 25.3 57.5 1 -1 -1 0b -1 -1 -1 0f -1 -1 -1
1 1 0 25.4 57.5 1 -1 -1 0b -1 -1 -1 0f -1 -1 -1
1 1 0 25.4 57.5 1 -1 -1 0b -1 -1 -1 0f -1 -1 -1
1 1 0 25.5 58.0 1 -1 -1 0b -1 -1 -1 0f -1 -1 -1
1 1 0 25.5 58.0 1 -1 -1 0b -1 -1 -1 0f -1 -1 -1
1 1 0 25.6 58.0 1 -1 -1 0b -1 -1 -1 0f -1 -1 -1
1 1 0 25.7 58.0 1 -1 -1 0b -1 -1 -1 0f -1 -1 -1
1 1 0 25.7 58.0 1 -1 -1 0b -1 -1 -1 0f -1 -1 -1
1 1 0 25.7 58.0 1 -1 -1 0b -1 -1 -1 0f -1 -1 -1
1 1 0 25.8 58.0 1 -1 -1 0b -1 -1 -1 0f -1 -1 -1
1 1 0 25.8 57.5 1 -1 -1 0b -1 -1 -1 0f -1 -1 -1
1 1 0 25.9 57.5 1 -1 -1 0b -1 -1 -1 0f -1 -1 -1
1 1 0 25.9 57.5 1 -1 -1 0b -1 -1 -1 0f -1 -1 -1
1 1 0 25.9 58.0 1 -1 -1 0b -1 -1 -1 0f -1 -1 -1
1 1 0 25.9 58.0 1 -1 -1 0b -1 -1 -1 0f -1 -1 -1
1 1 0 26.0 58.5 1 -1 -1 0b -1 -1 -1 0f -1 -1 -1
1 1 0 26.1 58.5 1 -1 -1 0b -1 -1 -1 0f -1 -1 -1
1 1 0 26.1 59.0 1 -1 -1 0b -1 -1 -1 0f -1 -1 -1
1 1 0 26.2 59.0 1 -1 -1 0b -1 -1 -1 0f -1 -1 -1
1 1 0 26.2 59.5 1 -1 -1 0b -1 -1 -1 0f -1 -1 -1
1 1 0 26.3 59.5 1 -1 -1 0b -1 -1 -1 0f -1 -1 -1
1 1 0 26.3 60.0 1 -1 -1 0b -1 -1 -1 0f -1 -1 -1
1 1 0 26.3 60.0 1 -1 -1 0b -1 -1 -1 0f -1 -1 -1
1 1 0 26.3 60.0 1 -1 -1 0b -1 -1 -1 0f -1 -1 -1
1 1 0 26.4 60.0 1 -1 -1 0b -1 -1 -1 0f -1 -1 -1
1 1 0 26.4 59.5 1 -1 -1 0b -1 -1 -1 0f -1 -1 -1
1 1 0 26.4 60.0 1 -1 -1 0b -1 -1 -1 0f -1 -1 -1
1 1 0 26.5 60.0 1 -1 -1 0b -1 -1 -1 0f -1 -1 -1
1 1 0 26.5 60.0 1 -1 -1 0b -1 -1 -1 0f -1 -1 -1
1 1 0 26.5 60.0 1 -1 -1 0b -1 -1 -1 0f -1 -1 -1
1 1 0 26.6 60.0 1 -1 -1 0b -1 -1 -1 0f -1 -1 -1
1 1 0 26.6 60.0 1 -1 -1 0b -1 -1 -1 0f -1 -1 -1
1 1 0 26.6 60.0 1 -1 -1 0b -1 -1 -1 0f -1 -1 -1
1 1 0 26.6 60.0 1 -1 -1 0b -1 -1 -1 0f -1 -1 -1
1 1 0 26.7 60.0 1 -1 -1 0b -1 -1 -1 0f -1 -1 -1
1 1 0 26.7 59.5 1 -1 -1 0b -1 -1 -1 0f -1 -1 -1
1 1 0 26.7 59.5 1 -1 -1 0b -1 -1 -1 0f -1 -1 -1
1 1 0 26.8 60.0 1 -1 -1 0b -1 -1 -1 0f -1 -1 -1
1 1 0 26.8 60.0 1 -1 -1 0b -1 -1 -1 0f -1 -1 -1
1 1 0 26.8 60.0 1 -1 -1 0b -1 -1 -1 0f -1 -1 -1
1 1 0 26.9 60.0 1 -1 -1 0b -1 -1 -1 0f -1 -1 -1
1 1 0 26.9 60.0 1 -1 -1 0b -1 -1 -1 0f -1 -1 -1
1 1 0 26.9 60.0 1 -1 -1 0b -1 -1 -1 0f -1 -1 -1
1 1 0 26.9 60.0 1 -1 -1 0b -1 -1 -1 0f -1 -1 -1
1 1 0 27.0 60.0 1 -1 -1 0b -1 -1 -1 0f -1 -1 -1
1 1 0 27.0 60.0 1 -1 -1 0b -1 -1 -1 0f -1 -1 -1
1 1 0 27.1 60.0 1 -1 -1 0b -1 -1 -1 0f -1 -1 -1
1 1 0 27.1 60.5 1 -1 -1 0b -1 -1 -1 0f -1 -1 -1
1 1 0 27.1 60.0 1 -1 -1 0b -1 -1 -1 0f -1 -1 -1
1 1 0 27.1 60.0 1 -1 -1 0b -1 -1 -1 0f -1 -1 -1
1 1 0 27.1 60.0 1 -1 -1 0b -1 -1 -1 0f -1 -1 -1
1 1 0 27.2 60.0 1 -1 -1 0b -1 -1 -1 0f -1 -1 -1
1 1 0 27.2 60.0 1 -1 -1 0b -1 -1 -1 0f -1 -1 -1
1 1 0 27.2 60.0 1 -1 -1 0b -1 -1 -1 0f -1 -1 -1
1 1 0 27.2 60.0 1 -1 -1 0b -1 -1 -1 0f -1 -1 -1
1 1 0 27.3 60.0 1 -1 -1 0b -1 -1 -1 0f -1 -1 -1
1 1 0 27.3 61.0 1 -1 -1 0b -1 -1 -1 0f -1 -1 -1
1 1 0 27.3 61.0 1 -1 -1 0b -1 -1 -1 0f -1 -1 -1
1 1 0 27.4 60.5 1 -1 -1 0b -1 -1 -1 0f -1 -1 -1
1 1 0 27.4 60.5 1 -1 -1 0b -1 -1 -1 0f -1 -1 -1
1 1 0 27.4 60.5 1 -1 -1 0b -1 -1 -1 0f -1 -1 -1
1 1 0 27.4 60.5 1 -1 -1 0b -1 -1 -1 0f -1 -1 -1
1 1 0 27.4 61.0 1 -1 -1 0b -1 -1 -1 0f -1 -1 -1
1 1 0 27.5 61.0 1 -1 -1 0b -1 -1 -1 0f -1 -1 -1
1 1 0 27.5 60.5 1 -1 -1 0b -1 -1 -1 0f -1 -1 -1
1 1 0 27.5 61.0 1 -1 -1 0b -1 -1 -1 0f -1 -1 -1
1 1 0 27.5 61.0 1 -1 -1 0b -1 -1 -1 0f -1 -1 -1
1 1 0 27.6 61.0 1 -1 -1 0b -1 -1 -1 0f -1 -1 -1
1 1 0 27.6 61.0 1 -1 -1 0b -1 -1 -1 0f -1 -1 -1
1 1 0 27.5 60.5 1 -1 -1 0b -1 -1 -1 0f -1 -1 -1
1 1 0 27.6 60.5 1 -1 -1 0b -1 -1 -1 0f -1 -1 -1
1 1 0 27.6 61.0 1 -1 -1 0b -1 -1 -1 0f -1 -1 -1
1 1 0 27.7 62.0 1 -1 -1 0b -1 -1 -1 0f -1 -1 -1
1 1 0 27.7 63.0 1 -1 -1 0b -1 -1 -1 0f -1 -1 -1
1 1 0 27.6 62.0 1 -1 -1 0b -1 -1 -1 0f -1 -1 -1
1 1 0 27.7 61.5 1 -1 -1 0b -1 -1 -1 0f -1 -1 -1
1 1 0 27.7 62.0 1 -1 -1 0b -1 -1 -1 0f -1 -1 -1
1 1 0 27.8 62.5 1 -1 -1 0b -1 -1 -1 0f -1 -1 -1
1 1 0 27.7 62.5 1 -1 -1 0b -1 -1 -1 0f -1 -1 -1
1 1 0 27.8 62.5 1 -1 -1 0b -1 -1 -1 0f -1 -1 -1
1 1 0 27.8 62.5 1 -1 -1 0b -1 -1 -1 0f -1 -1 -1
1 1 0 27.8 63.0 1 -1 -1 0b -1 -1 -1 0f -1 -1 -1
1 1 0 27.8 62.5 1 -1 -1 0b -1 -1 -1 0f -1 -1 -1
1 1 0 27.9 62.5 1 -1 -1 0b -1 -1 -1 0f -1 -1 -1
1 1 0 27.9 62.5 1 -1 -1 0b -1 -1 -1 0f -1 -1 -1
1 1 0 27.9 62.5 1 -1 -1 0b -1 -1 -1 0f -1 -1 -1
1 1 0 27.9 62.0 1 -1 -1 0b -1 -1 -1 0f -1 -1 -1
1 1 0 27.9 62.0 1 -1 -1 0b -1 -1 -1 0f -1 -1 -1
1 1 0 28.0 62.0 1 -1 -1 0b -1 -1 -1 0f -1 -1 -1
1 1 0 28.0 62.0 1 -1 -1 0b -1 -1 -1 0f -1 -1 -1
1 1 0 28.0 62.0 1 -1 -1 0b -1 -1 -1 0f -1 -1 -1
1 1 0 28.0 62.0 1 -1 -1 0b -1 -1 -1 0f -1 -1 -1
1 1 0 28.1 62.0 1 -1 -1 0b -1 -1 -1 0f -1 -1 -1
1 1 0 28.1 62.0 1 -1 -1 0b -1 -1 -1 0f -1 -1 -1
1 1 0 28.1 62.0 1 -1 -1 0b -1 -1 -1 0f -1 -1 -1
1 1 0 28.1 62.0 1 -1 -1 0b -1 -1 -1 0f -1 -1 -1
1 1 0 28.2 61.5 1 -1 -1 0b -1 -1 -1 0f -1 -1 -1
1 1 0 28.2 61.5 1 -1 -1 0b -1 -1 -1 0f -1 -1 -1
1 1 0 28.1 61.5 1 -1 -1 0b -1 -1 -1 0f -1 -1 -1
1 1 0 28.2 61.5 1 -1 -1 0b -1 -1 -1 0f -1 -1 -1
1 1 0 28.2 61.5 1 -1 -1 0b -1 -1 -1 0f -1 -1 -1
