1 1 0 28.2 61.5 1 -1 -1 0b -1 -1 -1 0f -1 -1 -1
1 1 0 28.2 61.5 1 -1 -1 0b -1 -1 -1 0f -1 -1 -1
1 1 0 28.2 61.5 1 -1 -1 0b -1 -1 -1 0f -1 -1 -1
1 1 0 28.2 61.5 1 -1 -1 0b -1 -1 -1 0f -1 -1 -1
1 1 0 28.2 61.5 1 -1 -1 0b -1 -1 -1 0f -1 -1 -1
1 1 0 28.2 61.5 1 -1 -1 0b -1 -1 -1 0f -1 -1 -1
1 1 0 28.3 61.5 1 -1 -1 0b -1 -1 -1 0f -1 -1 -1
1 1 0 28.2 61.5 1 -1 -1 0b -1 -1 -1 0f -1 -1 -1
1 1 0 28.3 61.5 1 -1 -1 0b -1 -1 -1 0f -1 -1 -1
1 1 0 28.3 61.5 1 -1 -1 0b -1 -1 -1 0f -1 -1 -1
1 1 0 28.4 61.5 1 -1 -1 0b -1 -1 -1 0f -1 -1 -1
1 1 0 28.4 61.5 1 -1 -1 0b -1 -1 -1 0f -1 -1 -1
1 1 0 28.4 61.5 1 -1 -1 0b -1 -1 -1 0f -1 -1 -1
1 1 0 28.4 61.5 1 -1 -1 0b -1 -1 -1 0f -1 -1 -1
1 1 0 28.4 61.5 1 -1 -1 0b -1 -1 -1 0f -1 -1 -1
1 1 0 28.4 61.5 1 -1 -1 0b -1 -1 -1 0f -1 -1 -1
1 1 0 28.5 61.5 1 -1 -1 0b -1 -1 -1 0f -1 -1 -1
1 1 0 28.5 61.5 1 -1 -1 0b -1 -1 -1 0f -1 -1 -1
1 1 0 28.4 61.5 1 -1 -1 0b -1 -1 -1 0f -1 -1 -1
1 1 0 28.5 61.5 1 -1 -1 0b -1 -1 -1 0f -1 -1 -1
1 1 0 28.5 61.5 1 -1 -1 0b -1 -1 -1 0f -1 -1 -1
1 1 0 28.5 61.5 1 -1 -1 0b -1 -1 -1 0f -1 -1 -1
1 1 0 28.6 61.5 1 -1 -1 0b -1 -1 -1 0f -1 -1 -1
1 1 0 28.5 61.5 1 -1 -1 0b -1 -1 -1 0f -1 -1 -1
1 1 0 28.6 61.0 1 -1 -1 0b -1 -1 -1 0f -1 -1 -1
1 1 0 28.5 61.5 1 -1 -1 0b -1 -1 -1 0f -1 -1 -1
1 1 0 28.6 61.5 1 -1 -1 0b -1 -1 -1 0f -1 -1 -1
1 1 0 28.6 61.5 1 -1 -1 0b -1 -1 -1 0f -1 -1 -1
1 1 0 28.6 61.5 1 -1 -1 0b -1 -1 -1 0f -1 -1 -1
1 1 0 28.6 61.5 1 -1 -1 0b -1 -1 -1 0f -1 -1 -1
1 1 0 28.6 61.5 1 -1 -1 0b -1 -1 -1 0f -1 -1 -1
1 1 0 28.6 61.5 1 -1 -1 0b -1 -1 -1 0f -1 -1 -1
1 1 0 28.6 61.5 1 -1 -1 0b -1 -1 -1 0f -1 -1 -1
1 1 0 28.7 61.5 1 -1 -1 0b -1 -1 -1 0f -1 -1 -1
1 1 0 28.6 61.5 1 -1 -1 0b -1 -1 -1 0f -1 -1 -1
1 1 0 28.7 61.5 1 -1 -1 0b -1 -1 -1 0f -1 -1 -1
1 1 0 28.8 61.5 1 -1 -1 0b -1 -1 -1 0f -1 -1 -1
1 1 0 28.7 61.5 1 -1 -1 0b -1 -1 -1 0f -1 -1 -1
1 1 0 28.8 62.5 1 -1 -1 0b -1 -1 -1 0f -1 -1 -1
1 1 0 28.7 63.0 1 -1 -1 0b -1 -1 -1 0f -1 -1 -1
1 1 0 28.7 63.0 1 -1 -1 0b -1 -1 -1 0f -1 -1 -1
1 1 0 28.7 63.5 1 -1 -1 0b -1 -1 -1 0f -1 -1 -1
1 1 0 28.7 63.0 1 -1 -1 0b -1 -1 -1 0f -1 -1 -1
1 1 0 28.7 63.0 1 -1 -1 0b -1 -1 -1 0f -1 -1 -1
1 1 0 28.7 62.5 1 -1 -1 0b -1 -1 -1 0f -1 -1 -1
1 1 0 28.7 62.5 1 -1 -1 0b -1 -1 -1 0f -1 -1 -1
1 1 0 28.7 62.5 1 -1 -1 0b -1 -1 -1 0f -1 -1 -1
1 1 0 28.8 62.0 1 -1 -1 0b -1 -1 -1 0f -1 -1 -1
1 1 0 28.8 62.0 1 -1 -1 0b -1 -1 -1 0f -1 -1 -1
1 1 0 28.8 62.0 1 -1 -1 0b -1 -1 -1 0f -1 -1 -1
1 1 0 28.8 62.0 1 -1 -1 0b -1 -1 -1 0f -1 -1 -1
1 1 0 28.9 62.0 1 -1 -1 0b -1 -1 -1 0f -1 -1 -1
1 1 0 28.8 62.0 1 -1 -1 0b -1 -1 -1 0f -1 -1 -1
1 1 0 28.9 62.0 1 -1 -1 0b -1 -1 -1 0f -1 -1 -1
1 1 0 28.8 62.0 1 -1 -1 0b -1 -1 -1 0f -1 -1 -1
1 1 0 28.8 62.0 1 -1 -1 0b -1 -1 -1 0f -1 -1 -1
1 1 0 28.9 62.0 1 -1 -1 0b -1 -1 -1 0f -1 -1 -1
1 1 0 28.9 61.5 1 -1 -1 0b -1 -1 -1 0f -1 -1 -1
1 1 0 28.9 61.5 1 -1 -1 0b -1 -1 -1 0f -1 -1 -1
1 1 0 28.9 61.5 1 -1 -1 0b -1 -1 -1 0f -1 -1 -1
1 1 0 28.9 61.5 1 -1 -1 0b -1 -1 -1 0f -1 -1 -1
1 1 0 28.9 61.5 1 -1 -1 0b -1 -1 -1 0f -1 -1 -1
1 1 0 29.0 61.5 1 -1 -1 0b -1 -1 -1 0f -1 -1 -1
1 1 0 29.0 61.5 1 -1 -1 0b -1 -1 -1 0f -1 -1 -1
1 1 0 29.0 61.5 1 -1 -1 0b -1 -1 -1 0f -1 -1 -1
1 1 0 29.0 61.5 1 -1 -1 0b -1 -1 -1 0f -1 -1 -1
1 1 0 29.0 61.5 1 -1 -1 0b -1 -1 -1 0f -1 -1 -1
1 1 0 29.0 61.5 1 -1 -1 0b -1 -1 -1 0f -1 -1 -1
1 1 0 29.0 61.5 1 -1 -1 0b -1 -1 -1 0f -1 -1 -1
1 1 0 29.0 61.0 1 -1 -1 0b -1 -1 -1 0f -1 -1 -1
1 1 0 29.1 61.0 1 -1 -1 0b -1 -1 -1 0f -1 -1 -1
1 1 0 29.0 61.0 1 -1 -1 0b -1 -1 -1 0f -1 -1 -1
1 1 0 29.0 61.0 1 -1 -1 0b -1 -1 -1 0f -1 -1 -1
1 1 0 29.0 61.0 1 -1 -1 0b -1 -1 -1 0f -1 -1 -1
1 1 0 29.0 61.5 1 -1 -1 0b -1 -1 -1 0f -1 -1 -1
1 1 0 29.0 61.5 1 -1 -1 0b -1 -1 -1 0f -1 -1 -1
1 1 0 29.0 61.5 1 -1 -1 0b -1 -1 -1 0f -1 -1 -1
1 1 0 29.0 61.5 1 -1 -1 0b -1 -1 -1 0f -1 -1 -1
1 1 0 29.1 61.0 1 -1 -1 0b -1 -1 -1 0f -1 -1 -1
1 1 0 29.0 61.5 1 -1 -1 0b -1 -1 -1 0f -1 -1 -1
1 1 0 29.1 61.5 1 -1 -1 0b -1 -1 -1 0f -1 -1 -1
1 1 0 29.1 61.5 1 -1 -1 0b -1 -1 -1 0f -1 -1 -1
1 1 0 29.1 61.5 1 -1 -1 0b -1 -1 -1 0f -1 -1 -1
1 1 0 29.1 61.0 1 -1 -1 0b -1 -1 -1 0f -1 -1 -1
1 1 0 29.1 61.0 1 -1 -1 0b -1 -1 -1 0f -1 -1 -1
1 1 0 29.1 60.5 1 -1 -1 0b -1 -1 -1 0f -1 -1 -1
1 1 0 29.1 60.5 1 -1 -1 0b -1 -1 -1 0f -1 -1 -1
1 1 0 29.1 61.0 1 -1 -1 0b -1 -1 -1 0f -1 -1 -1
1 1 0 29.1 61.0 1 -1 -1 0b -1 -1 -1 0f -1 -1 -1
1 1 0 29.1 61.0 1 -1 -1 0b -1 -1 -1 0f -1 -1 -1
1 1 0 29.1 61.0 1 -1 -1 0b -1 -1 -1 0f -1 -1 -1
1 1 0 29.1 61.5 1 -1 -1 0b -1 -1 -1 0f -1 -1 -1
1 1 0 29.2 61.5 1 -1 -1 0b -1 -1 -1 0f -1 -1 -1
1 1 0 29.1 61.0 1 -1 -1 0b -1 -1 -1 0f -1 -1 -1
1 1 0 29.2 61.0 1 -1 -1 0b -1 -1 -1 0f -1 -1 -1
1 1 0 29.1 60.5 1 -1 -1 0b -1 -1 -1 0f -1 -1 -1
1 1 0 29.2 61.0 1 -1 -1 0b -1 -1 -1 0f -1 -1 -1
1 1 0 29.1 61.0 1 -1 -1 0b -1 -1 -1 0f -1 -1 -1
1 1 0 29.2 61.0 1 -1 -1 0b -1 -1 -1 0f -1 -1 -1
1 1 0 29.2 61.0 1 -1 -1 0b -1 -1 -1 0f -1 -1 -1
1 1 0 29.2 61.0 1 -1 -1 0b -1 -1 -1 0f -1 -1 -1
1 1 0 29.2 61.0 1 -1 -1 0b -1 -1 -1 0f -1 -1 -1
1 1 0 29.2 61.5 1 -1 -1 0b -1 -1 -1 0f -1 -1 -1
1 1 0 29.3 61.0 1 -1 -1 0b -1 -1 -1 0f -1 -1 -1
1 1 0 29.2 61.0 1 -1 -1 0b -1 -1 -1 0f -1 -1 -1
1 1 0 29.3 61.0 1 -1 -1 0b -1 -1 -1 0f -1 -1 -1
1 1 0 29.3 61.0 1 -1 -1 0b -1 -1 -1 0f -1 -1 -1
1 1 0 29.2 61.0 1 -1 -1 0b -1 -1 -1 0f -1 -1 -1
1 1 0 29.2 61.0 1 -1 -1 0b -1 -1 -1 0f -1 -1 -1
1 1 0 29.3 60.5 1 -1 -1 0b -1 -1 -1 0f -1 -1 -1
1 1 0 29.3 60.5 1 -1 -1 0b -1 -1 -1 0f -1 -1 -1
1 1 0 29.2 60.5 1 -1 -1 0b -1 -1 -1 0f -1 -1 -1
1 1 0 29.3 60.5 1 -1 -1 0b -1 -1 -1 0f -1 -1 -1
1 1 0 29.2 60.5 1 -1 -1 0b -1 -1 -1 0f -1 -1 -1
1 1 0 29.3 60.5 1 -1 -1 0b -1 -1 -1 0f -1 -1 -1
1 1 0 29.3 60.5 1 -1 -1 0b -1 -1 -1 0f -1 -1 -1
1 1 0 29.4 60.5 1 -1 -1 0b -1 -1 -1 0f -1 -1 -1
1 1 0 29.3 60.5 1 -1 -1 0b -1 -1 -1 0f -1 -1 -1
1 1 0 29.3 60.5 1 -1 -1 0b -1 -1 -1 0f -1 -1 -1
1 1 0 29.3 60.5 1 -1 -1 0b -1 -1 -1 0f -1 -1 -1
1 1 0 29.4 60.5 1 -1 -1 0b -1 -1 -1 0f -1 -1 -1
1 1 0 29.3 60.5 1 -1 -1 0b -1 -1 -1 0f -1 -1 -1
1 1 0 29.3 60.5 1 -1 -1 0b -1 -1 -1 0f -1 -1 -1
1 1 0 29.3 60.5 1 -1 -1 0b -1 -1 -1 0f -1 -1 -1
1 1 0 29.3 60.5 1 -1 -1 0b -1 -1 -1 0f -1 -1 -1
1 1 0 29.4 61.0 1 -1 -1 0b -1 -1 -1 0f -1 -1 -1
1 1 0 29.3 61.0 1 -1 -1 0b -1 -1 -1 0f -1 -1 -1
1 1 0 29.4 61.0 1 -1 -1 0b -1 -1 -1 0f -1 -1 -1
1 1 0 29.4 61.0 1 -1 -1 0b -1 -1 -1 0f -1 -1 -1
1 1 0 29.4 61.0 1 -1 -1 0b -1 -1 -1 0f -1 -1 -1
1 1 0 29.4 61.0 1 -1 -1 0b -1 -1 -1 0f -1 -1 -1
1 1 0 29.4 61.0 1 -1 -1 0b -1 -1 -1 0f -1 -1 -1
1 1 0 29.4 61.0 1 -1 -1 0b -1 -1 -1 0f -1 -1 -1
1 1 0 29.4 61.0 1 -1 -1 0b -1 -1 -1 0f -1 -1 -1
1 1 0 29.4 61.0 1 -1 -1 0b -1 -1 -1 0f -1 -1 -1
1 1 0 29.5 61.0 1 -1 -1 0b -1 -1 -1 0f -1 -1 -1
1 1 0 29.4 61.0 1 -1 -1 0b -1 -1 -1 0f -1 -1 -1
1 1 0 29.5 61.0 1 -1 -1 0b -1 -1 -1 0f -1 -1 -1
1 1 0 29.4 60.5 1 -1 -1 0b -1 -1 -1 0f -1 -1 -1
1 1 0 29.4 60.5 1 -1 -1 0b -1 -1 -1 0f -1 -1 -1
1 1 0 29.4 60.5 1 -1 -1 0b -1 -1 -1 0f -1 -1 -1
1 1 0 29.4 60.5 1 -1 -1 0b -1 -1 -1 0f -1 -1 -1
1 1 0 29.4 60.5 1 -1 -1 0b -1 -1 -1 0f -1 -1 -1
1 1 0 29.4 60.5 1 -1 -1 0b -1 -1 -1 0f -1 -1 -1
1 1 0 29.4 60.5 1 -1 -1 0b -1 -1 -1 0f -1 -1 -1
1 1 0 29.4 61.0 1 -1 -1 0b -1 -1 -1 0f -1 -1 -1
1 1 0 29.4 61.0 1 -1 -1 0b -1 -1 -1 0f -1 -1 -1
1 1 0 29.5 61.0 1 -1 -1 0b -1 -1 -1 0f -1 -1 -1
1 1 0 29.4 61.0 1 -1 -1 0b -1 -1 -1 0f -1 -1 -1
1 1 0 29.5 61.0 1 -1 -1 0b -1 -1 -1 0f -1 -1 -1
1 1 0 29.5 61.0 1 -1 -1 0b -1 -1 -1 0f -1 -1 -1
1 1 0 29.5 61.0 1 -1 -1 0b -1 -1 -1 0f -1 -1 -1
1 1 0 29.6 61.0 1 -1 -1 0b -1 -1 -1 0f -1 -1 -1
1 1 0 29.5 61.0 1 -1 -1 0b -1 -1 -1 0f -1 -1 -1
1 1 0 29.6 61.0 1 -1 -1 0b -1 -1 -1 0f -1 -1 -1
1 1 0 29.6 61.0 1 -1 -1 0b -1 -1 -1 0f -1 -1 -1
1 1 0 29.6 61.0 1 -1 -1 0b -1 -1 -1 0f -1 -1 -1
1 1 0 29.5 61.0 1 -1 -1 0b -1 -1 -1 0f -1 -1 -1
1 1 0 29.6 61.0 1 -1 -1 0b -1 -1 -1 0f -1 -1 -1
1 1 0 29.5 61.5 1 -1 -1 0b -1 -1 -1 0f -1 -1 -1
1 1 0 29.6 61.5 1 -1 -1 0b -1 -1 -1 0f -1 -1 -1
1 1 0 29.6 61.5 1 -1 -1 0b -1 -1 -1 0f -1 -1 -1
1 1 0 29.6 61.5 1 -1 -1 0b -1 -1 -1 0f -1 -1 -1
1 1 0 29.6 61.5 1 -1 -1 0b -1 -1 -1 0f -1 -1 -1
1 1 0 29.6 61.5 1 -1 -1 0b -1 -1 -1 0f -1 -1 -1
1 1 0 29.6 61.5 1 -1 -1 0b -1 -1 -1 0f -1 -1 -1
1 1 0 29.6 61.5 1 -1 -1 0b -1 -1 -1 0f -1 -1 -1
1 1 0 29.6 61.5 1 -1 -1 0b -1 -1 -1 0f -1 -1 -1
1 1 0 29.6 61.5 1 -1 -1 0b -1 -1 -1 0f -1 -1 -1
1 1 0 29.6 61.5 1 -1 -1 0b -1 -1 -1 0f -1 -1 -1
1 1 0 29.6 61.5 1 -1 -1 0b -1 -1 -1 0f -1 -1 -1
1 1 0 29.6 61.5 1 -1 -1 0b -1 -1 -1 0f -1 -1 -1
1 1 0 29.6 61.5 1 -1 -1 0b -1 -1 -1 0f -1 -1 -1
1 1 0 29.6 61.5 1 -1 -1 0b -1 -1 -1 0f -1 -1 -1
1 1 0 29.6 61.5 1 -1 -1 0b -1 -1 -1 0f -1 -1 -1
1 1 0 29.7 61.5 1 -1 -1 0b -1 -1 -1 0f -1 -1 -1
1 1 0 29.6 61.5 1 -1 -1 0b -1 -1 -1 0f -1 -1 -1
1 1 0 29.7 61.5 1 -1 -1 0b -1 -1 -1 0f -1 -1 -1
1 1 0 29.6 61.0 1 -1 -1 0b -1 -1 -1 0f -1 -1 -1
1 1 0 29.6 61.0 1 -1 -1 0b -1 -1 -1 0f -1 -1 -1
1 1 0 29.6 61.0 1 -1 -1 0b -1 -1 -1 0f -1 -1 -1
1 1 0 29.6 61.0 1 -1 -1 0b -1 -1 -1 0f -1 -1 -1
1 1 0 29.6 61.0 1 -1 -1 0b -1 -1 -1 0f -1 -1 -1
1 1 0 29.6 61.0 1 -1 -1 0b -1 -1 -1 0f -1 -1 -1
1 1 0 29.7 61.0 1 -1 -1 0b -1 -1 -1 0f -1 -1 -1
1 1 0 29.6 61.0 1 -1 -1 0b -1 -1 -1 0f -1 -1 -1
1 1 0 29.6 61.0 1 -1 -1 0b -1 -1 -1 0f -1 -1 -1
1 1 0 29.6 61.0 1 -1 -1 0b -1 -1 -1 0f -1 -1 -1
1 1 0 29.6 61.0 1 -1 -1 0b -1 -1 -1 0f -1 -1 -1
1 1 0 29.6 61.0 1 -1 -1 0b -1 -1 -1 0f -1 -1 -1
1 1 0 29.6 61.0 1 -1 -1 0b -1 -1 -1 0f -1 -1 -1
1 1 0 29.6 61.0 1 -1 -1 0b -1 -1 -1 0f -1 -1 -1
1 1 0 29.7 61.0 1 -1 -1 0b -1 -1 -1 0f -1 -1 -1
1 1 0 29.6 61.0 1 -1 -1 0b -1 -1 -1 0f -1 -1 -1
1 1 0 29.6 61.0 1 -1 -1 0b -1 -1 -1 0f -1 -1 -1
1 1 0 29.6 61.0 1 -1 -1 0b -1 -1 -1 0f -1 -1 -1
1 1 0 29.6 61.0 1 -1 -1 0b -1 -1 -1 0f -1 -1 -1
1 1 0 29.6 61.0 1 -1 -1 0b -1 -1 -1 0f -1 -1 -1
1 1 0 29.6 61.0 1 -1 -1 0b -1 -1 -1 0f -1 -1 -1
1 1 0 29.7 61.0 1 -1 -1 0b -1 -1 -1 0f -1 -1 -1
1 1 0 29.7 61.0 1 -1 -1 0b -1 -1 -1 0f -1 -1 -1
1 1 0 29.6 61.0 1 -1 -1 0b -1 -1 -1 0f -1 -1 -1
1 1 0 29.7 61.0 1 -1 -1 0b -1 -1 -1 0f -1 -1 -1
1 1 0 29.6 61.0 1 -1 -1 0b -1 -1 -1 0f -1 -1 -1
1 1 0 29.6 61.0 1 -1 -1 0b -1 -1 -1 0f -1 -1 -1
1 1 0 29.6 61.0 1 -1 -1 0b -1 -1 -1 0f -1 -1 -1
1 1 0 29.7 61.0 1 -1 -1 0b -1 -1 -1 0f -1 -1 -1
1 1 0 29.7 61.0 1 -1 -1 0b -1 -1 -1 0f -1 -1 -1
1 1 0 29.7 61.0 1 -1 -1 0b -1 -1 -1 0f -1 -1 -1
1 1 0 29.7 61.0 1 -1 -1 0b -1 -1 -1 0f -1 -1 -1
1 1 0 29.7 61.0 1 -1 -1 0b -1 -1 -1 0f -1 -1 -1
1 1 0 29.7 61.5 1 -1 -1 0b -1 -1 -1 0f -1 -1 -1
1 1 0 29.7 61.0 1 -1 -1 0b -1 -1 -1 0f -1 -1 -1
1 1 0 29.7 61.0 1 -1 -1 0b -1 -1 -1 0f -1 -1 -1
1 1 0 29.7 61.0 1 -1 -1 0b -1 -1 -1 0f -1 -1 -1
1 1 0 29.7 61.5 1 -1 -1 0b -1 -1 -1 0f -1 -1 -1
1 1 0 29.7 61.5 1 -1 -1 0b -1 -1 -1 0f -1 -1 -1
1 1 0 29.7 61.5 1 -1 -1 0b -1 -1 -1 0f -1 -1 -1
1 1 0 29.8 61.5 1 -1 -1 0b -1 -1 -1 0f -1 -1 -1
1 1 0 29.7 61.5 1 -1 -1 0b -1 -1 -1 0f -1 -1 -1
1 1 0 29.8 61.5 1 -1 -1 0b -1 -1 -1 0f -1 -1 -1
1 1 0 29.7 61.5 1 -1 -1 0b -1 -1 -1 0f -1 -1 -1
1 1 0 29.7 61.5 1 -1 -1 0b -1 -1 -1 0f -1 -1 -1
1 1 0 29.7 61.5 1 -1 -1 0b -1 -1 -1 0f -1 -1 -1
1 1 0 29.8 61.0 1 -1 -1 0b -1 -1 -1 0f -1 -1 -1
1 1 0 29.8 61.5 1 -1 -1 0b -1 -1 -1 0f -1 -1 -1
1 1 0 29.8 61.5 1 -1 -1 0b -1 -1 -1 0f -1 -1 -1
1 1 0 29.8 61.0 1 -1 -1 0b -1 -1 -1 0f -1 -1 -1
1 1 0 29.8 61.0 1 -1 -1 0b -1 -1 -1 0f -1 -1 -1
1 1 0 29.7 61.5 1 -1 -1 0b -1 -1 -1 0f -1 -1 -1
1 1 0 29.7 61.5 1 -1 -1 0b -1 -1 -1 0f -1 -1 -1
1 1 0 29.8 61.5 1 -1 -1 0b -1 -1 -1 0f -1 -1 -1
1 1 0 29.8 61.5 1 -1 -1 0b -1 -1 -1 0f -1 -1 -1
1 1 0 29.8 61.5 1 -1 -1 0b -1 -1 -1 0f -1 -1 -1
1 1 0 29.8 61.5 1 -1 -1 0b -1 -1 -1 0f -1 -1 -1
1 1 0 29.8 61.5 1 -1 -1 0b -1 -1 -1 0f -1 -1 -1
1 1 0 29.8 61.5 1 -1 -1 0b -1 -1 -1 0f -1 -1 -1
1 1 0 29.9 61.5 1 -1 -1 0b -1 -1 -1 0f -1 -1 -1
1 1 0 29.8 61.5 1 -1 -1 0b -1 -1 -1 0f -1 -1 -1
1 1 0 29.8 62.0 1 -1 -1 0b -1 -1 -1 0f -1 -1 -1
1 1 0 29.9 62.5 1 -1 -1 0b -1 -1 -1 0f -1 -1 -1
1 1 0 29.9 63.5 1 -1 -1 0b -1 -1 -1 0f -1 -1 -1
1 1 0 29.8 63.5 1 -1 -1 0b -1 -1 -1 0f -1 -1 -1
1 1 0 29.8 63.0 1 -1 -1 0b -1 -1 -1 0f -1 -1 -1
1 1 0 29.8 62.5 1 -1 -1 0b -1 -1 -1 0f -1 -1 -1
1 1 0 29.8 62.5 1 -1 -1 0b -1 -1 -1 0f -1 -1 -1
1 1 0 29.8 63.0 1 -1 -1 0b -1 -1 -1 0f -1 -1 -1
1 1 0 29.8 64.0 1 -1 -1 0b -1 -1 -1 0f -1 -1 -1
1 1 0 29.8 64.0 1 -1 -1 0b -1 -1 -1 0f -1 -1 -1
1 1 0 29.8 64.0 1 -1 -1 0b -1 -1 -1 0f -1 -1 -1
1 1 0 29.8 63.5 1 -1 -1 0b -1 -1 -1 0f -1 -1 -1
1 1 0 29.8 63.0 1 -1 -1 0b -1 -1 -1 0f -1 -1 -1
1 1 0 29.8 62.5 1 -1 -1 0b -1 -1 -1 0f -1 -1 -1
1 1 0 29.8 62.5 1 -1 -1 0b -1 -1 -1 0f -1 -1 -1
1 1 0 29.8 62.5 1 -1 -1 0b -1 -1 -1 0f -1 -1 -1
1 1 0 29.8 62.0 1 -1 -1 0b -1 -1 -1 0f -1 -1 -1
1 1 0 29.7 62.0 1 -1 -1 0b -1 -1 -1 0f -1 -1 -1
1 1 0 29.7 62.5 1 -1 -1 0b -1 -1 -1 0f -1 -1 -1
1 1 0 29.8 62.0 1 -1 -1 0b -1 -1 -1 0f -1 -1 -1
1 1 0 29.8 62.0 1 -1 -1 0b -1 -1 -1 0f -1 -1 -1
1 1 0 29.8 62.0 1 -1 -1 0b -1 -1 -1 0f -1 -1 -1
1 1 0 29.8 62.0 1 -1 -1 0b -1 -1 -1 0f -1 -1 -1
1 1 0 29.8 61.5 1 -1 -1 0b -1 -1 -1 0f -1 -1 -1
1 1 0 29.8 62.0 1 -1 -1 0b -1 -1 -1 0f -1 -1 -1
1 1 0 29.8 62.0 1 -1 -1 0b -1 -1 -1 0f -1 -1 -1
1 1 0 29.9 61.5 1 -1 -1 0b -1 -1 -1 0f -1 -1 -1
1 1 0 29.8 61.5 1 -1 -1 0b -1 -1 -1 0f -1 -1 -1
1 1 0 29.8 61.5 1 -1 -1 0b -1 -1 -1 0f -1 -1 -1
1 1 0 29.9 62.0 1 -1 -1 0b -1 -1 -1 0f -1 -1 -1
1 1 0 29.9 62.0 1 -1 -1 0b -1 -1 -1 0f -1 -1 -1
1 1 0 29.9 62.0 1 -1 -1 0b -1 -1 -1 0f -1 -1 -1
1 1 0 29.8 61.5 1 -1 -1 0b -1 -1 -1 0f -1 -1 -1
1 1 0 29.8 61.5 1 -1 -1 0b -1 -1 -1 0f -1 -1 -1
1 1 0 29.9 61.5 1 -1 -1 0b -1 -1 -1 0f -1 -1 -1
1 1 0 29.9 61.5 1 -1 -1 0b -1 -1 -1 0f -1 -1 -1
1 1 0 29.9 61.5 1 -1 -1 0b -1 -1 -1 0f -1 -1 -1
1 1 0 29.8 62.0 1 -1 -1 0b -1 -1 -1 0f -1 -1 -1
1 1 0 29.8 62.0 1 -1 -1 0b -1 -1 -1 0f -1 -1 -1
1 1 0 29.9 62.5 1 -1 -1 0b -1 -1 -1 0f -1 -1 -1
1 1 0 29.9 62.5 1 -1 -1 0b -1 -1 -1 0f -1 -1 -1
1 1 0 29.9 62.5 1 -1 -1 0b -1 -1 -1 0f -1 -1 -1
1 1 0 29.9 62.5 1 -1 -1 0b -1 -1 -1 0f -1 -1 -1
1 1 0 29.9 62.5 1 -1 -1 0b -1 -1 -1 0f -1 -1 -1
1 1 0 29.9 62.5 1 -1 -1 0b -1 -1 -1 0f -1 -1 -1
1 1 0 30.0 62.0 1 -1 -1 0b -1 -1 -1 0f -1 -1 -1
1 1 0 30.0 62.0 1 -1 -1 0b -1 -1 -1 0f -1 -1 -1
1 1 0 29.9 61.5 1 -1 -1 0b -1 -1 -1 0f -1 -1 -1
1 1 0 29.9 61.5 1 -1 -1 0b -1 -1 -1 0f -1 -1 -1
1 1 0 29.9 62.0 1 -1 -1 0b -1 -1 -1 0f -1 -1 -1
1 1 0 30.0 62.0 1 -1 -1 0b -1 -1 -1 0f -1 -1 -1
1 1 0 29.9 62.0 1 -1 -1 0b -1 -1 -1 0f -1 -1 -1
1 1 0 29.9 62.5 1 -1 -1 0b -1 -1 -1 0f -1 -1 -1
1 1 0 30.0 62.0 1 -1 -1 0b -1 -1 -1 0f -1 -1 -1
1 1 0 30.0 62.0 1 -1 -1 0b -1 -1 -1 0f -1 -1 -1
1 1 0 29.9 62.5 1 -1 -1 0b -1 -1 -1 0f -1 -1 -1
1 1 0 29.9 62.0 1 -1 -1 0b -1 -1 -1 0f -1 -1 -1
1 1 0 30.0 62.0 1 -1 -1 0b -1 -1 -1 0f -1 -1 -1
1 1 0 30.0 62.0 1 -1 -1 0b -1 -1 -1 0f -1 -1 -1
1 1 0 29.9 62.5 1 -1 -1 0b -1 -1 -1 0f -1 -1 -1
1 1 0 30.0 62.0 1 -1 -1 0b -1 -1 -1 0f -1 -1 -1
1 1 0 30.0 62.5 1 -1 -1 0b -1 -1 -1 0f -1 -1 -1
1 1 0 30.0 62.5 1 -1 -1 0b -1 -1 -1 0f -1 -1 -1
1 1 0 30.0 63.0 1 -1 -1 0b -1 -1 -1 0f -1 -1 -1
1 1 0 29.9 63.0 1 -1 -1 0b -1 -1 -1 0f -1 -1 -1
1 1 0 30.0 62.5 1 -1 -1 0b -1 -1 -1 0f -1 -1 -1
1 1 0 29.9 62.5 1 -1 -1 0b -1 -1 -1 0f -1 -1 -1
1 1 0 30.0 62.5 1 -1 -1 0b -1 -1 -1 0f -1 -1 -1
1 1 0 30.0 62.5 1 -1 -1 0b -1 -1 -1 0f -1 -1 -1
1 1 0 30.0 62.5 1 -1 -1 0b -1 -1 -1 0f -1 -1 -1
1 1 0 30.0 62.0 1 -1 -1 0b -1 -1 -1 0f -1 -1 -1
1 1 0 30.0 62.5 1 -1 -1 0b -1 -1 -1 0f -1 -1 -1
1 1 0 30.0 62.5 1 -1 -1 0b -1 -1 -1 0f -1 -1 -1
1 1 0 30.0 62.5 1 -1 -1 0b -1 -1 -1 0f -1 -1 -1
1 1 0 29.9 62.5 1 -1 -1 0b -1 -1 -1 0f -1 -1 -1
1 1 0 29.9 62.5 1 -1 -1 0b -1 -1 -1 0f -1 -1 -1
1 1 0 29.9 62.5 1 -1 -1 0b -1 -1 -1 0f -1 -1 -1
1 1 0 30.0 62.5 1 -1 -1 0b -1 -1 -1 0f -1 -1 -1
1 1 0 30.0 62.5 1 -1 -1 0b -1 -1 -1 0f -1 -1 -1
1 1 0 30.0 62.5 1 -1 -1 0b -1 -1 -1 0f -1 -1 -1
1 1 0 30.0 62.0 1 -1 -1 0b -1 -1 -1 0f -1 -1 -1
1 1 0 30.0 62.0 1 -1 -1 0b -1 -1 -1 0f -1 -1 -1
1 1 0 30.0 62.0 1 -1 -1 0b -1 -1 -1 0f -1 -1 -1
1 1 0 30.0 62.0 1 -1 -1 0b -1 -1 -1 0f -1 -1 -1
1 1 0 30.1 62.0 1 -1 -1 0b -1 -1 -1 0f -1 -1 -1
1 1 0 30.0 62.0 1 -1 -1 0b -1 -1 -1 0f -1 -1 -1
1 1 0 30.0 61.5 1 -1 -1 0b -1 -1 -1 0f -1 -1 -1
1 1 0 30.0 61.5 1 -1 -1 0b -1 -1 -1 0f -1 -1 -1
1 1 0 30.0 61.5 1 -1 -1 0b -1 -1 -1 0f -1 -1 -1
1 1 0 29.9 62.0 1 -1 -1 0b -1 -1 -1 0f -1 -1 -1
1 1 0 29.9 62.0 1 -1 -1 0b -1 -1 -1 0f -1 -1 -1
1 1 0 30.0 62.0 1 -1 -1 0b -1 -1 -1 0f -1 -1 -1
1 1 0 29.9 61.5 1 -1 -1 0b -1 -1 -1 0f -1 -1 -1
1 1 0 30.0 62.0 1 -1 -1 0b -1 -1 -1 0f -1 -1 -1
1 1 0 29.9 62.5 1 -1 -1 0b -1 -1 -1 0f -1 -1 -1
1 1 0 30.0 62.5 1 -1 -1 0b -1 -1 -1 0f -1 -1 -1
1 1 0 30.0 62.5 1 -1 -1 0b -1 -1 -1 0f -1 -1 -1
1 1 0 30.0 62.5 1 -1 -1 0b -1 -1 -1 0f -1 -1 -1
1 1 0 29.9 63.0 1 -1 -1 0b -1 -1 -1 0f -1 -1 -1
1 1 0 30.0 63.0 1 -1 -1 0b -1 -1 -1 0f -1 -1 -1
1 1 0 30.0 63.0 1 -1 -1 0b -1 -1 -1 0f -1 -1 -1
1 1 0 30.0 63.0 1 -1 -1 0b -1 -1 -1 0f -1 -1 -1
1 1 0 30.0 63.5 0 -1 -1 0b -1 -1 -1 0f -1 -1 -1
1 1 0 30.0 63.5 0 -1 -1 0b -1 -1 -1 0f -1 -1 -1
1 1 0 29.9 63.5 0 -1 -1 0b -1 -1 -1 0f -1 -1 -1
1 1 0 29.9 63.0 0 -1 -1 0b -1 -1 -1 0f -1 -1 -1
1 1 0 30.0 63.0 0 -1 -1 0b -1 -1 -1 0f -1 -1 -1
1 1 0 30.0 63.0 0 -1 -1 0b -1 -1 -1 0f -1 -1 -1
1 1 0 30.0 62.5 0 -1 -1 0b -1 -1 -1 0f -1 -1 -1
1 1 0 29.9 62.5 0 -1 -1 0b -1 -1 -1 0f -1 -1 -1
1 1 0 30.0 62.5 0 -1 -1 0b -1 -1 -1 0f -1 -1 -1
1 1 0 30.0 62.0 0 -1 -1 0b -1 -1 -1 0f -1 -1 -1
1 1 0 30.0 62.0 0 -1 -1 0b -1 -1 -1 0f -1 -1 -1
1 1 0 30.0 62.0 0 -1 -1 0b -1 -1 -1 0f -1 -1 -1
1 1 0 29.9 62.0 0 -1 -1 0b -1 -1 -1 0f -1 -1 -1
1 1 0 30.0 62.5 0 -1 -1 0b -1 -1 -1 0f -1 -1 -1
1 1 0 30.0 62.5 0 -1 -1 0b -1 -1 -1 0f -1 -1 -1
1 1 0 29.9 62.5 0 -1 -1 0b -1 -1 -1 0f -1 -1 -1
1 1 0 30.0 62.5 0 -1 -1 0b -1 -1 -1 0f -1 -1 -1
1 1 0 30.0 62.5 0 -1 -1 0b -1 -1 -1 0f -1 -1 -1
1 1 0 30.0 62.5 0 -1 -1 0b -1 -1 -1 0f -1 -1 -1
1 1 0 30.1 63.0 0 -1 -1 0b -1 -1 -1 0f -1 -1 -1
1 1 0 30.1 62.5 0 -1 -1 0b -1 -1 -1 0f -1 -1 -1
1 1 0 30.0 62.5 0 -1 -1 0b -1 -1 -1 0f -1 -1 -1
1 1 0 30.1 62.5 0 -1 -1 0b -1 -1 -1 0f -1 -1 -1
1 1 0 30.0 62.5 0 -1 -1 0b -1 -1 -1 0f -1 -1 -1
1 1 0 30.1 62.5 0 -1 -1 0b -1 -1 -1 0f -1 -1 -1
1 1 0 30.1 62.5 0 -1 -1 0b -1 -1 -1 0f -1 -1 -1
1 1 0 30.0 62.0 2 -1 -1 0b -1 -1 -1 0f -1 -1 -1
1 1 0 30.0 62.0 2 -1 -1 0b -1 -1 -1 0f -1 -1 -1
1 1 0 30.0 62.0 2 -1 -1 0b -1 -1 -1 0f -1 -1 -1
1 1 0 30.1 62.5 2 -1 -1 0b -1 -1 -1 0f -1 -1 -1
1 1 0 30.1 62.5 2 -1 -1 0b -1 -1 -1 0f -1 -1 -1
1 1 0 30.1 62.5 2 -1 -1 0b -1 -1 -1 0f -1 -1 -1
1 1 0 30.1 62.5 2 -1 -1 0b -1 -1 -1 0f -1 -1 -1
1 1 0 30.1 62.0 2 -1 -1 0b -1 -1 -1 0f -1 -1 -1
1 1 0 30.1 62.0 2 -1 -1 0b -1 -1 -1 0f -1 -1 -1
1 1 0 30.1 62.0 2 -1 -1 0b -1 -1 -1 0f -1 -1 -1
1 1 0 30.1 62.5 3 -1 -1 0b -1 -1 -1 0f -1 -1 -1
1 1 0 30.1 62.5 1 -1 -1 0b -1 -1 -1 0f -1 -1 -1
1 1 0 30.1 62.5 1 -1 -1 0b -1 -1 -1 0f -1 -1 -1
1 1 0 30.1 62.0 1 -1 -1 0b -1 -1 -1 0f -1 -1 -1
1 1 0 30.1 62.5 1 -1 -1 0b -1 -1 -1 0f -1 -1 -1
1 1 0 30.1 62.5 1 -1 -1 0b -1 -1 -1 0f -1 -1 -1
1 1 0 30.2 62.5 1 -1 -1 0b -1 -1 -1 0f -1 -1 -1
1 1 0 30.1 62.0 2 -1 -1 0b -1 -1 -1 0f -1 -1 -1
1 1 0 30.1 62.0 4 -1 -1 0b -1 -1 -1 0f -1 -1 -1
1 1 0 30.1 61.5 1 -1 -1 0b -1 -1 -1 0f -1 -1 -1
1 1 1 30.1 61.5 2 -1 -1 0b -1 -1 -1 0f -1 -1 -1
1 1 0 30.1 62.0 3 -1 -1 0b -1 -1 -1 0f -1 -1 -1
1 1 0 30.1 62.0 4 -1 -1 0b -1 -1 -1 0f -1 -1 -1
1 1 0 30.1 62.0 2 -1 -1 0b -1 -1 -1 0f -1 -1 -1
1 1 0 30.0 62.0 2 -1 -1 0b -1 -1 -1 0f -1 -1 -1
1 1 0 30.0 62.0 4 -1 -1 0b -1 -1 -1 0f -1 -1 -1
1 1 0 29.9 61.5 4 -1 -1 0b -1 -1 -1 0f -1 -1 -1
1 1 0 29.8 61.0 2 -1 -1 0b -1 -1 -1 0f -1 -1 -1
1 1 0 29.8 60.5 2 -1 -1 0b -1 -1 -1 0f -1 -1 -1
1 1 0 29.7 60.0 2 -1 -1 0b -1 -1 -1 0f -1 -1 -1
1 1 0 29.5 59.5 2 -1 -1 0b -1 -1 -1 0f -1 -1 -1
1 1 0 29.4 59.0 2 -1 -1 0b -1 -1 -1 0f -1 -1 -1
1 1 0 29.3 58.5 2 -1 -1 0b -1 -1 -1 0f -1 -1 -1
1 1 0 29.3 58.0 2 -1 -1 0b -1 -1 -1 0f -1 -1 -1
1 1 0 29.2 57.5 2 -1 -1 0b -1 -1 -1 0f -1 -1 -1
1 1 0 29.2 57.5 2 -1 -1 0b -1 -1 -1 0f -1 -1 -1
1 1 0 29.1 57.0 2 -1 -1 0b -1 -1 -1 0f -1 -1 -1
1 1 0 29.1 56.5 4 -1 -1 0b -1 -1 -1 0f -1 -1 -1
1 1 0 29.1 56.5 4 -1 -1 0b -1 -1 -1 0f -1 -1 -1
1 1 0 29.0 56.0 2 -1 -1 0b -1 -1 -1 0f -1 -1 -1
1 1 0 29.0 56.0 4 -1 -1 0b -1 -1 -1 0f -1 -1 -1
1 1 0 28.9 55.5 4 -1 -1 0b -1 -1 -1 0f -1 -1 -1
1 1 0 28.9 55.0 2 -1 -1 0b -1 -1 -1 0f -1 -1 -1
1 1 0 28.8 55.0 2 -1 -1 0b -1 -1 -1 0f -1 -1 -1
1 1 0 28.9 54.5 2 -1 -1 0b -1 -1 -1 0f -1 -1 -1
1 1 0 28.8 55.0 1 -1 -1 0b -1 -1 -1 0f -1 -1 -1
1 1 0 28.8 54.5 1 -1 -1 0b -1 -1 -1 0f -1 -1 -1
1 1 0 28.7 54.5 1 -1 -1 0b -1 -1 -1 0f -1 -1 -1
1 1 0 28.7 54.5 2 -1 -1 0b -1 -1 -1 0f -1 -1 -1
1 1 0 28.7 54.0 2 -1 -1 0b -1 -1 -1 7f -1 -1 -1
1 1 0 28.6 54.0 4 -1 -1 0b -1 -1 -1 7f -1 -1 -1
1 1 0 28.6 54.0 6 -1 -1 0b -1 -1 -1 7f -1 -1 -1
1 1 0 28.6 53.5 6 -1 -1 0b -1 -1 -1 7f -1 -1 -1
1 1 1 28.6 53.5 2 -1 -1 0b -1 -1 -1 0f -1 -1 -1
1 1 0 28.5 53.5 4 -1 -1 0b -1 -1 -1 0f -1 -1 -1
1 1 0 28.5 53.0 4 -1 -1 0b -1 -1 -1 0f -1 -1 -1
1 1 0 28.5 53.5 2 -1 -1 0b -1 -1 -1 0f -1 -1 -1
1 1 0 28.5 53.0 2 -1 -1 0b -1 -1 -1 0f -1 -1 -1
1 1 0 28.4 53.0 2 -1 -1 0b -1 -1 -1 0f -1 -1 -1
1 1 0 28.5 53.0 2 -1 -1 0b -1 -1 -1 0f -1 -1 -1
1 1 0 28.4 53.0 2 -1 -1 0b -1 -1 -1 0f -1 -1 -1
1 1 0 28.4 53.0 2 -1 -1 0b -1 -1 -1 0f -1 -1 -1
1 1 0 28.4 53.0 2 -1 -1 0b -1 -1 -1 0f -1 -1 -1
1 1 0 28.4 53.5 4 -1 -1 0b -1 -1 -1 0f -1 -1 -1
1 1 0 28.3 53.5 4 -1 -1 0b -1 -1 -1 0f -1 -1 -1
1 1 0 28.3 53.0 6 -1 -1 0b -1 -1 -1 0f -1 -1 -1
1 1 0 28.3 53.5 7 -1 -1 0b -1 -1 -1 0f -1 -1 -1
1 1 0 28.3 53.5 5 -1 -1 0b -1 -1 -1 0f -1 -1 -1
1 1 0 28.3 53.5 5 -1 -1 0b -1 -1 -1 0f -1 -1 -1
1 1 0 28.3 53.5 5 -1 -1 0b -1 -1 -1 0f -1 -1 -1
1 1 0 28.2 53.5 7 -1 -1 0b -1 -1 -1 0f -1 -1 -1
1 1 0 28.2 53.5 5 -1 -1 0b -1 -1 -1 0f -1 -1 -1
1 1 0 28.1 53.5 7 -1 -1 0b -1 -1 -1 0f -1 -1 -1
1 1 0 28.1 54.0 7 -1 -1 0b -1 -1 -1 0f -1 -1 -1
1 1 0 28.2 54.0 9 -1 -1 0b -1 -1 -1 0f -1 -1 -1
1 1 0 28.2 54.0 9 -1 -1 0b -1 -1 -1 0f -1 -1 -1
1 1 0 28.2 54.0 5 -1 -1 0b -1 -1 -1 0f -1 -1 -1
1 1 0 28.1 54.0 5 -1 -1 0b -1 -1 -1 0f -1 -1 -1
1 1 0 28.1 54.0 7 -1 -1 0b -1 -1 -1 0f -1 -1 -1
1 1 0 28.0 54.5 9 -1 -1 0b -1 -1 -1 0f -1 -1 -1
1 1 0 28.1 54.5 7 -1 -1 0b -1 -1 -1 0f -1 -1 -1
1 1 0 28.0 54.5 9 -1 -1 0b -1 -1 -1 0f -1 -1 -1
1 1 0 28.0 54.5 7 -1 -1 0b -1 -1 -1 0f -1 -1 -1
1 1 0 27.9 54.5 7 -1 -1 0b -1 -1 -1 0f -1 -1 -1
1 1 0 27.9 55.0 5 -1 -1 0b -1 -1 -1 0f -1 -1 -1
1 1 0 28.0 54.5 5 -1 -1 0b -1 -1 -1 0f -1 -1 -1
1 1 0 27.9 54.5 7 -1 -1 0b -1 -1 -1 0f -1 -1 -1
1 1 0 27.9 54.5 7 -1 -1 0b -1 -1 -1 0f -1 -1 -1
1 1 0 27.9 55.0 9 -1 -1 0b -1 -1 -1 0f -1 -1 -1
1 1 0 27.9 54.5 5 -1 -1 0b -1 -1 -1 0f -1 -1 -1
1 1 0 27.9 54.5 5 -1 -1 0b -1 -1 -1 0f -1 -1 -1
1 1 0 27.9 55.0 7 -1 -1 0b -1 -1 -1 0f -1 -1 -1
1 1 0 27.9 55.0 9 -1 -1 0b -1 -1 -1 6f -1 -1 -1
1 1 7 27.9 54.5 9 -1 -1 0b -1 -1 -1 6f -1 -1 -1
1 1 6 27.8 54.5 9 -1 -1 0b -1 -1 -1 6f -1 -1 -1
1 1 0 27.8 54.5 9 -1 -1 0b -1 -1 -1 6f -1 -1 -1
1 1 0 27.8 55.0 5 -1 -1 0b -1 -1 -1 6f -1 -1 -1
1 1 5 27.9 55.5 7 -1 -1 0b -1 -1 -1 6f -1 -1 -1
1 1 0 27.8 55.0 5 -1 -1 0b -1 -1 -1 6f -1 -1 -1
1 1 0 27.7 55.5 5 -1 -1 0b -1 -1 -1 6f -1 -1 -1
1 1 0 27.8 55.5 9 -1 -1 0b -1 -1 -1 6f -1 -1 -1
1 1 0 27.7 55.5 7 -1 -1 0b -1 -1 -1 6f -1 -1 -1
1 1 0 27.7 55.5 7 -1 -1 0b -1 -1 -1 6f -1 -1 -1
1 1 0 27.7 56.0 5 -1 -1 0b -1 -1 -1 6f -1 -1 -1
1 1 0 27.7 55.5 5 -1 -1 0b -1 -1 -1 6f -1 -1 -1
1 1 0 27.7 55.5 5 -1 -1 0b -1 -1 -1 6f -1 -1 -1
1 1 0 27.7 55.5 3 -1 -1 0b -1 -1 -1 6f -1 -1 -1
1 1 0 27.6 55.5 6 -1 -1 0b -1 -1 -1 6f -1 -1 -1
1 1 0 27.7 56.0 6 -1 -1 0b -1 -1 -1 6f -1 -1 -1
1 1 0 27.7 56.0 5 -1 -1 0b -1 -1 -1 6f -1 -1 -1
1 1 0 27.6 56.0 6 -1 -1 0b -1 -1 -1 6f -1 -1 -1
1 1 0 27.6 56.0 6 -1 -1 0b -1 -1 -1 6f -1 -1 -1
1 1 0 27.6 56.0 6 -1 -1 0b -1 -1 -1 6f -1 -1 -1
1 1 0 27.6 56.0 5 -1 -1 0b -1 -1 -1 6f -1 -1 -1
1 1 0 27.6 56.0 5 -1 -1 0b -1 -1 -1 6f -1 -1 -1
1 1 0 27.6 56.0 5 -1 -1 0b -1 -1 -1 6f -1 -1 -1
1 1 0 27.6 56.0 6 -1 -1 0b -1 -1 -1 6f -1 -1 -1
1 1 0 27.6 56.0 5 -1 -1 0b -1 -1 -1 6f -1 -1 -1
1 1 0 27.6 56.5 5 -1 -1 0b -1 -1 -1 6f -1 -1 -1
1 1 0 27.6 56.5 7 -1 -1 0b -1 -1 -1 6f -1 -1 -1
1 1 0 27.5 56.5 5 -1 -1 0b -1 -1 -1 6f -1 -1 -1
1 1 0 27.6 56.5 7 -1 -1 0b -1 -1 -1 6f -1 -1 -1
1 1 0 27.5 57.0 7 -1 -1 0b -1 -1 -1 6f -1 -1 -1
1 1 0 27.5 57.0 5 -1 -1 0b -1 -1 -1 6f -1 -1 -1
1 1 0 27.5 56.5 7 -1 -1 0b -1 -1 -1 6f -1 -1 -1
1 1 0 27.5 56.5 9 -1 -1 0b -1 -1 -1 6f -1 -1 -1
1 1 0 27.5 56.5 9 -1 -1 0b -1 -1 -1 6f -1 -1 -1
1 1 0 27.5 56.5 9 -1 -1 0b -1 -1 -1 6f -1 -1 -1
1 1 0 27.5 56.5 9 -1 -1 0b -1 -1 -1 6f -1 -1 -1
1 1 0 27.5 56.5 7 -1 -1 0b -1 -1 -1 6f -1 -1 -1
1 1 0 27.5 56.5 7 -1 -1 0b -1 -1 -1 6f -1 -1 -1
1 1 0 27.5 56.5 7 -1 -1 0b -1 -1 -1 6f -1 -1 -1
1 1 0 27.4 56.5 7 -1 -1 0b -1 -1 -1 6f -1 -1 -1
1 1 0 27.5 56.5 7 -1 -1 0b -1 -1 -1 6f -1 -1 -1
1 1 0 27.4 56.5 7 -1 -1 0b -1 -1 -1 6f -1 -1 -1
1 1 0 27.4 56.5 7 -1 -1 0b -1 -1 -1 6f -1 -1 -1
1 1 0 27.4 56.5 7 -1 -1 0b -1 -1 -1 6f -1 -1 -1
1 1 0 27.4 56.5 5 -1 -1 0b -1 -1 -1 6f -1 -1 -1
1 1 0 27.4 56.5 5 -1 -1 0b -1 -1 -1 6f -1 -1 -1
1 1 0 27.4 56.5 7 -1 -1 0b -1 -1 -1 6f -1 -1 -1
1 1 0 27.4 56.5 7 -1 -1 0b -1 -1 -1 6f -1 -1 -1
1 1 0 27.4 56.5 7 -1 -1 0b -1 -1 -1 6f -1 -1 -1
1 1 0 27.3 57.0 5 -1 -1 0b -1 -1 -1 6f -1 -1 -1
1 1 0 27.4 56.5 5 -1 -1 0b -1 -1 -1 6f -1 -1 -1
1 1 0 27.3 56.5 5 -1 -1 0b -1 -1 -1 6f -1 -1 -1
1 1 0 27.4 56.5 5 -1 -1 0b -1 -1 -1 6f -1 -1 -1
1 1 0 27.3 56.5 5 -1 -1 0b -1 -1 -1 6f -1 -1 -1
1 1 0 27.4 57.0 5 -1 -1 0b -1 -1 -1 6f -1 -1 -1
1 1 0 27.4 57.0 5 -1 -1 0b -1 -1 -1 6f -1 -1 -1
1 1 0 27.4 57.0 9 -1 -1 0b -1 -1 -1 6f -1 -1 -1
1 1 0 27.3 56.5 5 -1 -1 0b -1 -1 -1 6f -1 -1 -1
1 1 0 27.3 57.0 5 -1 -1 0b -1 -1 -1 6f -1 -1 -1
1 1 0 27.3 57.0 5 -1 -1 0b -1 -1 -1 6f -1 -1 -1
1 1 1 27.3 56.5 9 -1 -1 0b -1 -1 -1 6f -1 -1 -1
1 1 7 27.3 56.5 9 -1 -1 0b -1 -1 -1 6f -1 -1 -1
1 1 0 27.3 56.5 9 -1 -1 0b -1 -1 -1 6f -1 -1 -1
1 1 0 27.3 56.5 9 -1 -1 0b -1 -1 -1 6f -1 -1 -1
1 1 0 27.3 56.5 9 -1 -1 0b -1 -1 -1 6f -1 -1 -1
1 1 0 27.3 56.5 9 -1 -1 0b -1 -1 -1 6f -1 -1 -1
1 1 0 27.3 56.5 9 -1 -1 0b -1 -1 -1 6f -1 -1 -1
1 1 0 27.4 56.5 9 -1 -1 0b -1 -1 -1 6f -1 -1 -1
1 1 0 27.3 56.5 7 -1 -1 0b -1 -1 -1 6f -1 -1 -1
1 1 0 27.3 56.5 7 -1 -1 0b -1 -1 -1 6f -1 -1 -1
1 1 0 27.3 56.5 7 -1 -1 0b -1 -1 -1 6f -1 -1 -1
1 1 0 27.2 56.5 7 -1 -1 0b -1 -1 -1 6f -1 -1 -1
1 1 0 27.3 56.5 7 -1 -1 0b -1 -1 -1 6f -1 -1 -1
1 1 0 27.3 56.5 7 -1 -1 0b -1 -1 -1 6f -1 -1 -1
1 1 6 27.3 57.0 6 -1 -1 0b -1 -1 -1 6f -1 -1 -1
1 1 0 27.3 56.5 4 -1 -1 0b -1 -1 -1 6f -1 -1 -1
1 1 6 27.3 57.0 4 -1 -1 0b -1 -1 -1 7f -1 -1 -1
1 1 6 27.3 57.0 4 -1 -1 0b -1 -1 -1 7f -1 -1 -1
1 1 0 27.3 56.5 6 -1 -1 0b -1 -1 -1 7f -1 -1 -1
1 1 0 27.3 56.5 5 -1 -1 0b -1 -1 -1 7f -1 -1 -1
1 1 1 27.3 57.0 5 -1 -1 0b -1 -1 -1 7f -1 -1 -1
1 1 0 27.2 57.0 7 -1 -1 0b -1 -1 -1 7f -1 -1 -1
1 1 0 27.3 57.0 7 -1 -1 0b -1 -1 -1 7f -1 -1 -1
1 1 0 27.2 56.5 7 -1 -1 0b -1 -1 -1 7f -1 -1 -1
1 1 0 27.3 56.5 7 -1 -1 0b -1 -1 -1 7f -1 -1 -1
1 1 0 27.3 56.5 5 -1 -1 0b -1 -1 -1 7f -1 -1 -1
1 1 0 27.2 56.5 5 -1 -1 0b -1 -1 -1 7f -1 -1 -1
1 1 0 27.3 57.0 7 -1 -1 0b -1 -1 -1 7f -1 -1 -1
1 1 0 27.3 56.5 7 -1 -1 0b -1 -1 -1 7f -1 -1 -1
1 1 6 27.3 56.5 7 -1 -1 0b -1 -1 -1 7f -1 -1 -1
1 1 0 27.2 56.5 7 -1 -1 0b -1 -1 -1 7f -1 -1 -1
1 1 0 27.3 56.5 7 -1 -1 0b -1 -1 -1 7f -1 -1 -1
1 1 0 27.2 56.5 7 -1 -1 0b -1 -1 -1 7f -1 -1 -1
1 1 7 27.3 56.5 7 -1 -1 0b -1 -1 -1 7f -1 -1 -1
1 1 0 27.2 56.5 7 -1 -1 0b -1 -1 -1 7f -1 -1 -1
1 1 0 27.3 56.5 9 -1 -1 0b -1 -1 -1 7f -1 -1 -1
1 1 0 27.2 56.5 7 -1 -1 0b -1 -1 -1 7f -1 -1 -1
1 1 0 27.2 56.5 5 -1 -1 0b -1 -1 -1 7f -1 -1 -1
1 1 0 27.1 56.5 6 -1 -1 0b -1 -1 -1 7f -1 -1 -1
1 1 5 27.2 56.5 7 -1 -1 0b -1 -1 -1 7f -1 -1 -1
1 1 0 27.2 56.5 7 -1 -1 0b -1 -1 -1 7f -1 -1 -1
1 1 0 27.2 56.5 9 -1 -1 0b -1 -1 -1 7f -1 -1 -1
1 1 0 27.2 56.5 9 -1 -1 0b -1 -1 -1 7f -1 -1 -1
1 1 0 27.2 56.5 9 -1 -1 0b -1 -1 -1 7f -1 -1 -1
1 1 0 27.2 56.5 9 -1 -1 0b -1 -1 -1 7f -1 -1 -1
1 1 0 27.3 56.5 9 -1 -1 0b -1 -1 -1 7f -1 -1 -1
1 1 5 27.2 56.5 9 -1 -1 0b -1 -1 -1 7f -1 -1 -1
1 1 0 27.2 56.5 9 -1 -1 0b -1 -1 -1 7f -1 -1 -1
1 1 0 27.2 56.5 9 -1 -1 0b -1 -1 -1 7f -1 -1 -1
1 1 0 27.3 57.0 7 -1 -1 0b -1 -1 -1 7f -1 -1 -1
1 1 6 27.3 57.0 7 -1 -1 0b -1 -1 -1 7f -1 -1 -1
1 1 0 27.3 56.5 7 -1 -1 0b -1 -1 -1 7f -1 -1 -1
1 1 0 27.3 56.5 7 -1 -1 0b -1 -1 -1 7f -1 -1 -1
1 1 0 27.2 56.5 9 -1 -1 0b -1 -1 -1 7f -1 -1 -1
1 1 0 27.2 57.0 9 -1 -1 0b -1 -1 -1 7f -1 -1 -1
1 1 7 27.3 57.0 7 -1 -1 0b -1 -1 -1 7f -1 -1 -1
1 1 0 27.2 57.0 7 -1 -1 0b -1 -1 -1 7f -1 -1 -1
1 1 0 27.3 57.0 7 -1 -1 0b -1 -1 -1 7f -1 -1 -1
1 1 0 27.3 57.0 7 -1 -1 0b -1 -1 -1 7f -1 -1 -1
1 1 0 27.2 57.0 7 -1 -1 0b -1 -1 -1 7f -1 -1 -1
1 1 5 27.2 57.0 7 -1 -1 0b -1 -1 -1 7f -1 -1 -1
1 1 0 27.2 57.0 7 -1 -1 0b -1 -1 -1 7f -1 -1 -1
1 1 5 27.2 57.0 7 -1 -1 0b -1 -1 -1 7f -1 -1 -1
1 1 0 27.3 57.0 7 -1 -1 0b -1 -1 -1 7f -1 -1 -1
1 1 12 27.2 57.0 7 -1 -1 0b -1 -1 -1 7f -1 -1 -1
1 1 0 27.3 57.0 7 -1 -1 0b -1 -1 -1 7f -1 -1 -1
1 1 0 27.3 57.0 7 -1 -1 0b -1 -1 -1 7f -1 -1 -1
1 1 7 27.2 57.0 7 -1 -1 0b -1 -1 -1 7f -1 -1 -1
1 1 5 27.2 57.0 7 -1 -1 0b -1 -1 -1 7f -1 -1 -1
1 1 0 27.2 57.5 7 -1 -1 0b -1 -1 -1 7f -1 -1 -1
1 1 0 27.3 58.0 7 -1 -1 0b -1 -1 -1 7f -1 -1 -1
1 1 0 27.4 58.0 7 -1 -1 0b -1 -1 -1 7f -1 -1 -1
1 1 0 27.4 59.0 7 -1 -1 0b -1 -1 -1 7f -1 -1 -1
1 1 0 27.5 59.5 7 -1 -1 0b -1 -1 -1 7f -1 -1 -1
1 1 0 27.5 59.5 7 -1 -1 0b -1 -1 -1 7f -1 -1 -1
1 1 0 27.5 60.0 7 -1 -1 0b -1 -1 -1 7f -1 -1 -1
1 1 0 27.5 60.0 7 -1 -1 0b -1 -1 -1 7f -1 -1 -1
1 1 0 27.5 59.5 7 -1 -1 0b -1 -1 -1 7f -1 -1 -1
1 1 0 27.5 59.0 7 -1 -1 0b -1 -1 -1 7f -1 -1 -1
1 1 0 27.4 59.0 7 -1 -1 0b -1 -1 -1 7f -1 -1 -1
1 1 0 27.4 58.5 7 -1 -1 0b -1 -1 -1 7f -1 -1 -1
1 1 0 27.3 58.5 7 -1 -1 0b -1 -1 -1 7f -1 -1 -1
1 1 7 27.4 58.5 7 -1 -1 0b -1 -1 -1 7f -1 -1 -1
1 1 0 27.3 58.0 7 -1 -1 0b -1 -1 -1 7f -1 -1 -1
1 1 0 27.3 58.0 7 -1 -1 0b -1 -1 -1 7f -1 -1 -1
1 1 0 27.3 58.0 7 -1 -1 0b -1 -1 -1 7f -1 -1 -1
1 1 0 27.3 57.5 7 -1 -1 0b -1 -1 -1 7f -1 -1 -1
1 1 0 27.3 57.5 7 -1 -1 0b -1 -1 -1 7f -1 -1 -1
1 1 0 27.4 57.5 7 -1 -1 0b -1 -1 -1 7f -1 -1 -1
1 1 0 27.3 57.5 7 -1 -1 0b -1 -1 -1 7f -1 -1 -1
1 1 0 27.3 57.0 7 -1 -1 0b -1 -1 -1 7f -1 -1 -1
1 1 0 27.2 57.0 7 -1 -1 0b -1 -1 -1 7f -1 -1 -1
1 1 7 27.3 57.0 7 -1 -1 0b -1 -1 -1 7f -1 -1 -1
1 1 5 27.3 57.0 7 -1 -1 0b -1 -1 -1 7f -1 -1 -1
1 1 6 27.3 57.0 7 -1 -1 0b -1 -1 -1 7f -1 -1 -1
1 1 0 27.3 56.5 7 -1 -1 0b -1 -1 -1 7f -1 -1 -1
1 1 0 27.3 56.5 7 -1 -1 0b -1 -1 -1 7f -1 -1 -1
1 1 0 27.3 56.5 7 -1 -1 0b -1 -1 -1 7f -1 -1 -1
1 1 0 27.3 56.5 7 -1 -1 0b -1 -1 -1 7f -1 -1 -1
1 1 0 27.2 56.0 7 -1 -1 0b -1 -1 -1 7f -1 -1 -1
1 1 0 27.3 56.0 7 -1 -1 0b -1 -1 -1 7f -1 -1 -1
1 1 0 27.3 56.0 7 -1 -1 0b -1 -1 -1 7f -1 -1 -1
1 1 0 27.3 56.0 5 -1 -1 0b -1 -1 -1 7f -1 -1 -1
1 1 0 27.2 56.0 5 -1 -1 0b -1 -1 -1 7f -1 -1 -1
1 1 0 27.2 56.0 5 -1 -1 0b -1 -1 -1 7f -1 -1 -1
1 1 0 27.3 56.0 5 -1 -1 0b -1 -1 -1 7f -1 -1 -1
1 1 0 27.3 56.0 5 -1 -1 0b -1 -1 -1 7f -1 -1 -1
1 1 0 27.2 56.0 5 -1 -1 0b -1 -1 -1 7f -1 -1 -1
1 1 0 27.3 56.0 5 -1 -1 0b -1 -1 -1 7f -1 -1 -1
1 1 0 27.3 56.0 5 -1 -1 0b -1 -1 -1 7f -1 -1 -1
1 1 0 27.3 56.5 5 -1 -1 0b -1 -1 -1 7f -1 -1 -1
1 1 0 27.3 56.5 5 -1 -1 0b -1 -1 -1 7f -1 -1 -1
1 1 0 27.3 56.0 5 -1 -1 0b -1 -1 -1 7f -1 -1 -1
1 1 0 27.3 56.0 5 -1 -1 0b -1 -1 -1 7f -1 -1 -1
1 1 0 27.3 56.0 5 -1 -1 0b -1 -1 -1 7f -1 -1 -1
1 1 1 27.2 56.0 5 -1 -1 0b -1 -1 -1 7f -1 -1 -1
1 1 0 27.2 56.0 5 -1 -1 0b -1 -1 -1 7f -1 -1 -1
1 1 0 27.2 56.0 5 -1 -1 0b -1 -1 -1 7f -1 -1 -1
1 1 0 27.2 56.0 5 -1 -1 0b -1 -1 -1 7f -1 -1 -1
1 1 0 27.2 55.5 5 -1 -1 0b -1 -1 -1 7f -1 -1 -1
1 1 3 27.2 56.0 5 -1 -1 0b -1 -1 -1 7f -1 -1 -1
1 1 0 27.3 56.0 5 -1 -1 0b -1 -1 -1 7f -1 -1 -1
1 1 0 27.2 56.0 5 -1 -1 0b -1 -1 -1 7f -1 -1 -1
1 1 0 27.2 55.5 5 -1 -1 0b -1 -1 -1 7f -1 -1 -1
1 1 0 27.3 55.5 5 -1 -1 0b -1 -1 -1 7f -1 -1 -1
1 1 0 27.3 55.5 5 -1 -1 0b -1 -1 -1 7f -1 -1 -1
1 1 0 27.3 55.5 5 -1 -1 0b -1 -1 -1 7f -1 -1 -1
1 1 0 27.3 55.5 5 -1 -1 0b -1 -1 -1 7f -1 -1 -1
1 1 0 27.2 55.5 5 -1 -1 0b -1 -1 -1 7f -1 -1 -1
1 1 0 27.2 55.5 3 -1 -1 0b -1 -1 -1 7f -1 -1 -1
1 1 6 27.3 55.5 3 -1 -1 0b -1 -1 -1 7f -1 -1 -1
1 1 0 27.3 56.0 3 -1 -1 0b -1 -1 -1 7f -1 -1 -1
1 1 0 27.4 56.0 3 -1 -1 0b -1 -1 -1 7f -1 -1 -1
1 1 1 27.3 56.0 6 -1 -1 0b -1 -1 -1 7f -1 -1 -1
1 1 0 27.3 56.0 5 -1 -1 0b -1 -1 -1 7f -1 -1 -1
1 1 0 27.3 56.0 5 -1 -1 0b -1 -1 -1 7f -1 -1 -1
1 1 0 27.3 56.0 5 -1 -1 0b -1 -1 -1 7f -1 -1 -1
1 1 0 27.3 56.0 5 -1 -1 0b -1 -1 -1 7f -1 -1 -1
1 1 0 27.2 56.0 5 -1 -1 0b -1 -1 -1 7f -1 -1 -1
1 1 0 27.3 56.0 5 -1 -1 0b -1 -1 -1 7f -1 -1 -1
1 1 3 27.2 56.0 5 -1 -1 0b -1 -1 -1 7f -1 -1 -1
1 1 0 27.3 56.0 5 -1 -1 0b -1 -1 -1 7f -1 -1 -1
1 1 0 27.3 56.0 5 -1 -1 0b -1 -1 -1 7f -1 -1 -1
1 1 0 27.3 56.0 5 -1 -1 0b -1 -1 -1 7f -1 -1 -1
1 1 0 27.3 56.5 5 -1 -1 0b -1 -1 -1 7f -1 -1 -1
1 1 0 27.3 56.5 5 -1 -1 0b -1 -1 -1 7f -1 -1 -1
1 1 0 27.3 56.5 5 -1 -1 0b -1 -1 -1 7f -1 -1 -1
1 1 9 27.3 56.5 5 -1 -1 0b -1 -1 -1 7f -1 -1 -1
1 1 0 27.3 56.5 5 -1 -1 0b -1 -1 -1 7f -1 -1 -1
1 1 0 27.3 56.5 5 -1 -1 0b -1 -1 -1 7f -1 -1 -1
1 1 0 27.3 56.5 5 -1 -1 0b -1 -1 -1 7f -1 -1 -1
1 1 5 27.4 56.5 5 -1 -1 0b -1 -1 -1 7f -1 -1 -1
1 1 5 27.4 56.5 5 -1 -1 0b -1 -1 -1 7f -1 -1 -1
1 1 0 27.3 56.5 5 -1 -1 0b -1 -1 -1 7f -1 -1 -1
1 1 5 27.3 56.5 3 -1 -1 0b -1 -1 -1 7f -1 -1 -1
1 1 0 27.3 56.5 3 -1 -1 0b -1 -1 -1 7f -1 -1 -1
1 1 0 27.2 56.5 3 -1 -1 0b -1 -1 -1 7f -1 -1 -1
1 1 0 27.4 56.5 3 -1 -1 0b -1 -1 -1 7f -1 -1 -1
1 1 0 27.3 56.5 5 -1 -1 0b -1 -1 -1 7f -1 -1 -1
1 1 0 27.4 56.5 3 -1 -1 0b -1 -1 -1 7f -1 -1 -1
1 1 0 27.3 56.5 5 -1 -1 0b -1 -1 -1 7f -1 -1 -1
1 1 1 27.3 56.5 3 -1 -1 0b -1 -1 -1 7f -1 -1 -1
1 1 0 27.3 56.5 3 -1 -1 0b -1 -1 -1 7f -1 -1 -1
1 1 2 27.3 56.5 3 -1 -1 0b -1 -1 -1 7f -1 -1 -1
1 1 0 27.3 56.5 3 -1 -1 0b -1 -1 -1 7f -1 -1 -1
1 1 0 27.3 56.5 3 -1 -1 0b -1 -1 -1 7f -1 -1 -1
1 1 0 27.3 56.5 3 -1 -1 0b -1 -1 -1 7f -1 -1 -1
1 1 0 27.3 56.5 3 -1 -1 0b -1 -1 -1 7f -1 -1 -1
1 1 0 27.3 56.5 3 -1 -1 0b -1 -1 -1 7f -1 -1 -1
1 1 0 27.3 56.5 3 -1 -1 0b -1 -1 -1 7f -1 -1 -1
1 1 0 27.3 56.5 3 -1 -1 0b -1 -1 -1 7f -1 -1 -1
1 1 0 27.3 56.5 3 -1 -1 0b -1 -1 -1 7f -1 -1 -1
1 1 0 27.3 56.5 3 -1 -1 0b -1 -1 -1 7f -1 -1 -1
1 1 0 27.3 56.5 3 -1 -1 0b -1 -1 -1 7f -1 -1 -1
1 1 0 27.3 56.0 3 -1 -1 0b -1 -1 -1 7f -1 -1 -1
1 1 0 27.3 56.0 3 -1 -1 0b -1 -1 -1 7f -1 -1 -1
1 1 0 27.3 56.5 3 -1 -1 0b -1 -1 -1 7f -1 -1 -1
1 1 0 27.3 56.5 3 -1 -1 0b -1 -1 -1 7f -1 -1 -1
1 1 0 27.3 56.5 3 -1 -1 0b -1 -1 -1 7f -1 -1 -1
1 1 0 27.3 56.5 3 -1 -1 0b -1 -1 -1 7f -1 -1 -1
1 1 0 27.3 56.5 3 -1 -1 0b -1 -1 -1 7f -1 -1 -1
1 1 1 27.3 56.5 5 -1 -1 0b -1 -1 -1 7f -1 -1 -1
1 1 0 27.4 56.5 5 -1 -1 0b -1 -1 -1 7f -1 -1 -1
1 1 0 27.3 56.5 5 -1 -1 0b -1 -1 -1 7f -1 -1 -1
1 1 0 27.3 56.5 5 -1 -1 0b -1 -1 -1 7f -1 -1 -1
1 1 0 27.3 56.5 5 -1 -1 0b -1 -1 -1 7f -1 -1 -1
1 1 3 27.4 57.0 3 -1 -1 0b -1 -1 -1 7f -1 -1 -1
1 1 0 27.4 57.0 3 -1 -1 0b -1 -1 -1 7f -1 -1 -1
1 1 0 27.4 57.0 3 -1 -1 0b -1 -1 -1 7f -1 -1 -1
1 1 0 27.4 57.5 3 -1 -1 0b -1 -1 -1 7f -1 -1 -1
1 1 0 27.4 57.5 3 -1 -1 0b -1 -1 -1 7f -1 -1 -1
1 1 0 27.4 57.5 3 -1 -1 0b -1 -1 -1 7f -1 -1 -1
1 1 0 27.4 57.5 3 -1 -1 0b -1 -1 -1 7f -1 -1 -1
1 1 0 27.5 58.0 5 -1 -1 0b -1 -1 -1 7f -1 -1 -1
1 1 0 27.4 58.0 3 -1 -1 0b -1 -1 -1 7f -1 -1 -1
1 1 0 27.5 58.0 3 -1 -1 0b -1 -1 -1 7f -1 -1 -1
1 1 0 27.4 58.0 3 -1 -1 0b -1 -1 -1 7f -1 -1 -1
1 1 0 27.5 58.0 3 -1 -1 0b -1 -1 -1 7f -1 -1 -1
1 1 0 27.5 58.0 5 -1 -1 0b -1 -1 -1 7f -1 -1 -1
1 1 0 27.5 58.0 3 -1 -1 0b -1 -1 -1 7f -1 -1 -1
1 1 0 27.5 58.0 3 -1 -1 0b -1 -1 -1 7f -1 -1 -1
1 1 0 27.5 58.0 3 -1 -1 0b -1 -1 -1 7f -1 -1 -1
1 1 0 27.5 58.0 3 -1 -1 0b -1 -1 -1 7f -1 -1 -1
1 1 0 27.5 58.0 5 -1 -1 0b -1 -1 -1 7f -1 -1 -1
1 1 0 27.5 58.0 3 -1 -1 0b -1 -1 -1 7f -1 -1 -1
1 1 1 27.4 58.0 3 -1 -1 0b -1 -1 -1 7f -1 -1 -1
1 1 1 27.5 58.0 3 -1 -1 0b -1 -1 -1 7f -1 -1 -1
1 1 0 27.4 58.0 3 -1 -1 0b -1 -1 -1 7f -1 -1 -1
1 1 11 27.4 58.0 5 -1 -1 0b -1 -1 -1 7f -1 -1 -1
1 1 5 27.5 58.0 5 -1 -1 0b -1 -1 -1 7f -1 -1 -1
1 1 0 27.4 58.0 5 -1 -1 0b -1 -1 -1 7f -1 -1 -1
1 1 0 27.4 58.0 5 -1 -1 0b -1 -1 -1 7f -1 -1 -1
1 1 0 27.4 58.0 5 -1 -1 0b -1 -1 -1 7f -1 -1 -1
1 1 8 27.4 57.5 5 -1 -1 0b -1 -1 -1 7f -1 -1 -1
1 1 0 27.5 58.0 5 -1 -1 0b -1 -1 -1 7f -1 -1 -1
1 1 0 27.5 58.0 5 -1 -1 0b -1 -1 -1 7f -1 -1 -1
1 1 0 27.5 58.0 5 -1 -1 0b -1 -1 -1 7f -1 -1 -1
1 1 0 27.4 57.5 5 -1 -1 0b -1 -1 -1 7f -1 -1 -1
1 1 0 27.5 57.5 5 -1 -1 0b -1 -1 -1 7f -1 -1 -1
1 1 0 27.5 57.5 5 -1 -1 0b -1 -1 -1 7f -1 -1 -1
1 1 0 27.5 57.5 5 -1 -1 0b -1 -1 -1 7f -1 -1 -1
1 1 10 27.5 57.5 5 -1 -1 0b -1 -1 -1 7f -1 -1 -1
1 1 6 27.5 57.5 5 -1 -1 0b -1 -1 -1 7f -1 -1 -1
1 1 0 27.5 57.5 3 -1 -1 0b -1 -1 -1 7f -1 -1 -1
1 1 0 27.5 57.5 5 -1 -1 0b -1 -1 -1 7f -1 -1 -1
1 1 0 27.5 57.5 6 -1 -1 0b -1 -1 -1 7f -1 -1 -1
1 1 0 27.5 57.5 4 -1 -1 0b -1 -1 -1 7f -1 -1 -1
1 1 1 27.5 57.5 5 -1 -1 0b -1 -1 -1 7f -1 -1 -1
1 1 0 27.5 57.0 5 -1 -1 0b -1 -1 -1 7f -1 -1 -1
1 1 0 27.4 57.0 3 -1 -1 0b -1 -1 -1 7f -1 -1 -1
1 1 0 27.5 57.0 3 -1 -1 0b -1 -1 -1 7f -1 -1 -1
1 1 0 27.4 57.0 5 -1 -1 0b -1 -1 -1 7f -1 -1 -1
1 1 0 27.5 57.0 5 -1 -1 0b -1 -1 -1 7f -1 -1 -1
1 1 0 27.5 57.0 5 -1 -1 0b -1 -1 -1 7f -1 -1 -1
1 1 0 27.6 57.0 5 -1 -1 0b -1 -1 -1 7f -1 -1 -1
1 1 0 27.5 57.0 5 -1 -1 0b -1 -1 -1 7f -1 -1 -1
1 1 0 27.5 57.0 5 -1 -1 0b -1 -1 -1 7f -1 -1 -1
1 1 0 27.6 57.0 5 -1 -1 0b -1 -1 -1 7f -1 -1 -1
1 1 0 27.5 57.0 5 -1 -1 0b -1 -1 -1 7f -1 -1 -1
1 1 2 27.4 56.5 5 -1 -1 0b -1 -1 -1 7f -1 -1 -1
1 1 0 27.4 56.5 5 -1 -1 0b -1 -1 -1 7f -1 -1 -1
1 1 9 27.4 56.5 5 -1 -1 0b -1 -1 -1 7f -1 -1 -1
1 1 0 27.4 56.5 5 -1 -1 0b -1 -1 -1 7f -1 -1 -1
1 1 0 27.4 56.5 5 -1 -1 0b -1 -1 -1 7f -1 -1 -1
1 1 0 27.4 56.0 5 -1 -1 0b -1 -1 -1 7f -1 -1 -1
1 1 0 27.4 56.0 7 -1 -1 0b -1 -1 -1 7f -1 -1 -1
1 1 0 27.4 56.0 7 -1 -1 0b -1 -1 -1 7f -1 -1 -1
1 1 0 27.3 55.5 6 -1 -1 0b -1 -1 -1 7f -1 -1 -1
1 1 0 27.4 56.0 7 -1 -1 0b -1 -1 -1 7f -1 -1 -1
1 1 0 27.4 55.5 7 -1 -1 0b -1 -1 -1 7f -1 -1 -1
1 1 1 27.3 55.5 7 -1 -1 0b -1 -1 -1 7f -1 -1 -1
1 1 0 27.4 56.0 7 -1 -1 0b -1 -1 -1 7f -1 -1 -1
1 1 0 27.4 56.0 7 -1 -1 0b -1 -1 -1 7f -1 -1 -1
1 1 0 27.3 55.5 7 -1 -1 0b -1 -1 -1 7f -1 -1 -1
1 1 0 27.4 55.5 7 -1 -1 0b -1 -1 -1 7f -1 -1 -1
1 1 0 27.4 55.5 7 -1 -1 0b -1 -1 -1 7f -1 -1 -1
1 1 0 27.4 55.5 6 -1 -1 0b -1 -1 -1 7f -1 -1 -1
1 1 0 27.4 55.5 4 -1 -1 0b -1 -1 -1 7f -1 -1 -1
1 1 0 27.3 55.5 4 -1 -1 0b -1 -1 -1 7f -1 -1 -1
1 1 0 27.3 55.5 4 -1 -1 0b -1 -1 -1 7f -1 -1 -1
1 1 0 27.3 55.5 4 -1 -1 0b -1 -1 -1 7f -1 -1 -1
1 1 0 27.3 55.5 4 -1 -1 0b -1 -1 -1 7f -1 -1 -1
1 1 0 27.3 55.5 6 -1 -1 0b -1 -1 -1 7f -1 -1 -1
1 1 0 27.3 55.0 6 -1 -1 0b -1 -1 -1 7f -1 -1 -1
1 1 0 27.3 55.0 6 -1 -1 0b -1 -1 -1 7f -1 -1 -1
1 1 0 27.3 55.0 6 -1 -1 0b -1 -1 -1 7f -1 -1 -1
1 1 0 27.3 55.0 6 -1 -1 0b -1 -1 -1 7f -1 -1 -1
1 1 0 27.2 54.5 6 -1 -1 0b -1 -1 -1 7f -1 -1 -1
1 1 0 27.2 54.5 6 -1 -1 0b -1 -1 -1 7f -1 -1 -1
1 1 0 27.3 54.5 6 -1 -1 0b -1 -1 -1 7f -1 -1 -1
1 1 0 27.2 54.5 6 -1 -1 0b -1 -1 -1 7f -1 -1 -1
1 1 0 27.2 54.5 3 -1 -1 0b -1 -1 -1 7f -1 -1 -1
1 1 0 27.2 54.0 5 -1 -1 0b -1 -1 -1 7f -1 -1 -1
1 1 0 27.1 54.0 5 -1 -1 0b -1 -1 -1 7f -1 -1 -1
1 1 0 27.1 54.0 5 -1 -1 0b -1 -1 -1 7f -1 -1 -1
1 1 0 27.2 54.5 7 -1 -1 0b -1 -1 -1 7f -1 -1 -1
1 1 0 27.2 54.5 5 -1 -1 0b -1 -1 -1 7f -1 -1 -1
1 1 0 27.2 54.5 7 -1 -1 0b -1 -1 -1 7f -1 -1 -1
1 1 0 27.2 55.0 7 -1 -1 0b -1 -1 -1 7f -1 -1 -1
1 1 0 27.2 55.0 5 -1 -1 0b -1 -1 -1 7f -1 -1 -1
1 1 0 27.2 55.0 7 -1 -1 0b -1 -1 -1 7f -1 -1 -1
1 1 0 27.2 55.0 7 -1 -1 0b -1 -1 -1 7f -1 -1 -1
1 1 0 27.2 55.0 9 -1 -1 0b -1 -1 -1 7f -1 -1 -1
1 1 0 27.2 55.0 5 -1 -1 0b -1 -1 -1 7f -1 -1 -1
1 1 0 27.2 55.0 5 -1 -1 0b -1 -1 -1 7f -1 -1 -1
1 1 0 27.2 55.0 5 -1 -1 0b -1 -1 -1 7f -1 -1 -1
1 1 1 27.2 54.5 6 -1 -1 0b -1 -1 -1 7f -1 -1 -1
1 1 0 27.2 54.5 4 -1 -1 0b -1 -1 -1 7f -1 -1 -1
1 1 0 27.2 54.5 4 -1 -1 0b -1 -1 -1 7f -1 -1 -1
1 1 0 27.2 55.0 4 -1 -1 0b -1 -1 -1 7f -1 -1 -1
1 1 0 27.2 54.5 4 -1 -1 0b -1 -1 -1 7f -1 -1 -1
1 1 0 27.2 54.5 4 -1 -1 0b -1 -1 -1 7f -1 -1 -1
1 1 0 27.2 54.5 5 -1 -1 0b -1 -1 -1 7f -1 -1 -1
1 1 0 27.2 54.5 7 -1 -1 0b -1 -1 -1 7f -1 -1 -1
1 1 0 27.1 54.5 5 -1 -1 0b -1 -1 -1 7f -1 -1 -1
1 1 0 27.1 54.5 9 -1 -1 0b -1 -1 -1 7f -1 -1 -1
1 1 0 27.1 54.0 7 -1 -1 0b -1 -1 -1 7f -1 -1 -1
1 1 0 27.1 54.0 5 -1 -1 0b -1 -1 -1 7f -1 -1 -1
1 1 0 27.0 53.5 5 -1 -1 0b -1 -1 -1 7f -1 -1 -1
1 1 0 27.1 53.5 5 -1 -1 0b -1 -1 -1 7f -1 -1 -1
1 1 0 27.0 53.5 5 -1 -1 0b -1 -1 -1 7f -1 -1 -1
1 1 0 27.1 53.5 5 -1 -1 0b -1 -1 -1 7f -1 -1 -1
1 1 0 27.0 53.5 5 -1 -1 0b -1 -1 -1 7f -1 -1 -1
1 1 0 27.0 53.0 9 -1 -1 0b -1 -1 -1 7f -1 -1 -1
1 1 1 27.0 53.0 9 -1 -1 0b -1 -1 -1 7f -1 -1 -1
1 1 0 27.1 53.0 6 -1 -1 0b -1 -1 -1 7f -1 -1 -1
1 1 0 27.0 53.0 6 -1 -1 0b -1 -1 -1 7f -1 -1 -1
1 1 6 27.0 52.5 6 -1 -1 0b -1 -1 -1 7f -1 -1 -1
1 1 0 27.0 53.0 5 -1 -1 0b -1 -1 -1 7f -1 -1 -1
1 1 0 27.0 53.0 5 -1 -1 0b -1 -1 -1 7f -1 -1 -1
1 1 0 27.0 53.0 5 -1 -1 0b -1 -1 -1 7f -1 -1 -1
1 1 0 27.0 53.0 5 -1 -1 0b -1 -1 -1 7f -1 -1 -1
1 1 0 27.0 53.0 5 -1 -1 0b -1 -1 -1 7f -1 -1 -1
1 1 0 27.0 53.5 5 -1 -1 0b -1 -1 -1 7f -1 -1 -1
1 1 0 27.1 53.5 5 -1 -1 0b -1 -1 -1 7f -1 -1 -1
1 1 0 27.0 53.5 5 -1 -1 0b -1 -1 -1 7f -1 -1 -1
1 1 0 27.0 53.5 5 -1 -1 0b -1 -1 -1 7f -1 -1 -1
1 1 0 27.0 53.0 7 -1 -1 0b -1 -1 -1 7f -1 -1 -1
1 1 0 27.0 53.5 5 -1 -1 0b -1 -1 -1 7f -1 -1 -1
1 1 0 27.0 53.5 5 -1 -1 0b -1 -1 -1 7f -1 -1 -1
1 1 0 27.0 53.5 5 -1 -1 0b -1 -1 -1 7f -1 -1 -1
1 1 0 27.0 53.5 5 -1 -1 0b -1 -1 -1 7f -1 -1 -1
1 1 0 27.0 53.5 7 -1 -1 0b -1 -1 -1 7f -1 -1 -1
1 1 0 27.1 53.5 5 -1 -1 0b -1 -1 -1 7f -1 -1 -1
1 1 0 27.0 53.5 5 -1 -1 0b -1 -1 -1 7f -1 -1 -1
1 1 0 27.0 53.5 7 -1 -1 0b -1 -1 -1 7f -1 -1 -1
1 1 0 27.0 54.0 9 -1 -1 0b -1 -1 -1 7f -1 -1 -1
1 1 0 27.1 54.0 9 -1 -1 0b -1 -1 -1 7f -1 -1 -1
1 1 0 27.0 54.0 5 -1 -1 0b -1 -1 -1 7f -1 -1 -1
1 1 0 27.0 53.5 5 -1 -1 0b -1 -1 -1 7f -1 -1 -1
1 1 0 27.0 53.5 7 -1 -1 0b -1 -1 -1 7f -1 -1 -1
1 1 0 27.0 53.5 7 -1 -1 0b -1 -1 -1 7f -1 -1 -1
1 1 0 27.0 53.5 5 -1 -1 0b -1 -1 -1 7f -1 -1 -1
1 1 0 26.9 53.5 9 -1 -1 0b -1 -1 -1 7f -1 -1 -1
1 1 0 27.0 53.0 7 -1 -1 0b -1 -1 -1 7f -1 -1 -1
1 1 0 27.0 53.0 5 -1 -1 0b -1 -1 -1 7f -1 -1 -1
1 1 0 26.9 53.0 9 -1 -1 0b -1 -1 -1 7f -1 -1 -1
1 1 0 27.0 53.0 9 -1 -1 0b -1 -1 -1 7f -1 -1 -1
1 1 0 26.9 53.0 7 -1 -1 0b -1 -1 -1 7f -1 -1 -1
1 1 0 27.0 53.5 7 -1 -1 0b -1 -1 -1 7f -1 -1 -1
1 1 0 26.9 53.5 7 -1 -1 0b -1 -1 -1 7f -1 -1 -1
1 1 0 26.9 53.0 7 -1 -1 0b -1 -1 -1 7f -1 -1 -1
1 1 0 26.9 53.0 9 -1 -1 0b -1 -1 -1 7f -1 -1 -1
1 1 0 26.9 53.0 9 -1 -1 0b -1 -1 -1 7f -1 -1 -1
1 1 0 26.9 53.0 9 -1 -1 0b -1 -1 -1 7f -1 -1 -1
1 1 0 26.9 53.0 5 -1 -1 0b -1 -1 -1 7f -1 -1 -1
1 1 0 26.9 53.5 6 -1 -1 0b -1 -1 -1 7f -1 -1 -1
1 1 0 27.0 53.5 6 -1 -1 0b -1 -1 -1 7f -1 -1 -1
1 1 0 26.9 53.5 6 -1 -1 0b -1 -1 -1 7f -1 -1 -1
1 1 1 26.9 53.0 6 -1 -1 0b -1 -1 -1 7f -1 -1 -1
1 1 0 26.9 53.0 9 -1 -1 0b -1 -1 -1 7f -1 -1 -1
1 1 0 26.9 53.0 7 -1 -1 0b -1 -1 -1 7f -1 -1 -1
1 1 11 26.9 53.0 5 -1 -1 0b 52 -1 -1 7f -1 -1 -1
1 1 9 26.9 53.0 9 -1 -1 0b 52 -1 -1 7f -1 -1 -1
1 1 0 26.9 53.0 7 -1 -1 0b 52 -1 -1 7f -1 -1 -1
1 1 0 26.8 53.0 5 -1 -1 0b 52 -1 -1 7f -1 -1 -1
1 1 0 26.9 53.0 5 -1 -1 0b 52 -1 -1 7f -1 -1 -1
1 1 0 26.9 53.0 5 -1 -1 0b 52 -1 -1 7f -1 -1 -1
1 1 0 26.9 53.0 7 -1 -1 0b 52 -1 -1 7f -1 -1 -1
1 1 0 26.9 53.0 5 -1 -1 0b 52 -1 -1 7f -1 -1 -1
1 1 11 26.9 53.0 9 -1 -1 0b 52 -1 -1 7f -1 -1 -1
1 1 0 26.8 53.0 7 -1 -1 0b 52 -1 -1 7f -1 -1 -1
1 1 0 26.9 53.0 5 -1 -1 0b 52 -1 -1 7f -1 -1 -1
1 1 10 26.9 53.0 6 -1 -1 0b 52 -1 -1 7f -1 -1 -1
1 1 0 26.9 53.0 6 -1 -1 0b 52 -1 -1 7f -1 -1 -1
1 1 0 26.9 53.0 6 -1 -1 0b 52 -1 -1 7f -1 -1 -1
1 1 7 26.8 53.0 6 -1 -1 0b 52 -1 -1 7f -1 -1 -1
1 1 7 26.8 53.0 6 -1 -1 0b 52 -1 -1 7f -1 -1 -1
1 1 1 26.9 53.0 4 -1 -1 0b 52 -1 -1 7f -1 -1 -1
1 1 0 26.9 53.0 4 -1 -1 0b 52 -1 -1 7f -1 -1 -1
1 1 0 26.8 53.0 2 -1 -1 0b 52 -1 -1 7f -1 -1 -1
1 1 3 26.8 53.0 4 -1 -1 0b 52 -1 -1 7f -1 -1 -1
1 1 0 26.8 53.0 4 -1 -1 0b 52 -1 -1 7f -1 -1 -1
1 1 0 26.8 52.5 4 -1 -1 0b 52 -1 -1 7f -1 -1 -1
1 1 0 26.8 52.5 4 -1 -1 0b 52 -1 -1 7f -1 -1 -1
1 1 1 26.7 52.5 2 -1 -1 0b 52 -1 -1 7f -1 -1 -1
1 1 0 26.9 52.5 2 -1 -1 0b 52 -1 -1 7f -1 -1 -1
1 1 3 26.8 52.5 4 -1 -1 0b 52 -1 -1 7f -1 -1 -1
1 1 0 26.8 52.5 4 -1 -1 0b 52 -1 -1 7f -1 -1 -1
1 1 1 26.9 52.5 4 -1 -1 0b 52 -1 -1 7f -1 -1 -1
1 1 0 26.8 52.5 4 -1 -1 0b 52 -1 -1 7f -1 -1 -1
1 1 0 26.8 52.5 6 -1 -1 0b 52 -1 -1 7f -1 -1 -1
1 1 0 26.8 52.5 6 -1 -1 0b 52 -1 -1 7f -1 -1 -1
1 1 0 26.8 52.5 4 -1 -1 0b 52 -1 -1 7f -1 -1 -1
1 1 1 26.7 52.5 6 -1 -1 0b 52 -1 -1 7f -1 -1 -1
1 1 0 26.8 52.5 6 -1 -1 0b 52 -1 -1 7f -1 -1 -1
1 1 2 26.8 52.5 6 -1 -1 0b 52 -1 -1 7f -1 -1 -1
1 1 0 26.8 52.5 6 -1 -1 0b 52 -1 -1 7f -1 -1 -1
1 1 0 26.8 52.5 6 -1 -1 0b 52 -1 -1 7f -1 -1 -1
1 1 0 26.8 52.5 6 -1 -1 0b 52 -1 -1 7f -1 -1 -1
1 1 0 26.8 52.5 6 -1 -1 0b 52 -1 -1 7f -1 -1 -1
1 1 0 26.8 53.0 6 -1 -1 0b 52 -1 -1 7f -1 -1 -1
1 1 0 26.8 52.5 6 -1 -1 0b 52 -1 -1 7f -1 -1 -1
1 1 0 26.8 52.5 6 -1 -1 0b 52 -1 -1 7f -1 -1 -1
1 1 0 26.8 52.5 6 -1 -1 0b 52 -1 -1 7f -1 -1 -1
1 1 0 26.8 52.5 6 -1 -1 0b 52 -1 -1 7f -1 -1 -1
1 1 0 26.8 52.5 6 -1 -1 0b 52 -1 -1 7f -1 -1 -1
1 1 0 26.7 52.0 6 -1 -1 0b 52 -1 -1 7f -1 -1 -1
1 1 0 26.7 52.0 6 -1 -1 0b 52 -1 -1 7f -1 -1 -1
1 1 0 26.8 52.0 6 -1 -1 0b 52 -1 -1 7f -1 -1 -1
1 1 0 26.7 52.0 5 -1 -1 0b 52 -1 -1 7f -1 -1 -1
1 1 0 26.7 52.0 5 -1 -1 0b 52 -1 -1 7f -1 -1 -1
1 1 0 26.7 51.5 7 -1 -1 0b 52 -1 -1 7f -1 -1 -1
1 1 0 26.7 51.5 7 -1 -1 0b 52 -1 -1 7f -1 -1 -1
1 1 0 26.7 51.5 5 -1 -1 0b 52 -1 -1 7f -1 -1 -1
1 1 0 26.7 51.5 7 -1 -1 0b 52 -1 -1 7f -1 -1 -1
1 1 0 26.7 51.5 9 -1 -1 0b 52 -1 -1 7f -1 -1 -1
1 1 0 26.7 51.5 9 -1 -1 0b 52 -1 -1 7f -1 -1 -1
1 1 0 26.8 51.5 11 -1 -1 0b 52 -1 -1 7f -1 -1 -1
1 1 1 26.7 51.5 9 -1 -1 0b 52 -1 -1 7f -1 -1 -1
1 1 0 26.7 51.5 8 -1 -1 0b 52 -1 -1 7f -1 -1 -1
1 1 0 26.7 51.0 10 -1 -1 0b 52 -1 -1 7f -1 -1 -1
1 1 0 26.7 51.0 8 -1 -1 0b 52 -1 -1 7f -1 -1 -1
1 1 0 26.7 51.0 8 -1 -1 0b 52 -1 -1 7f -1 -1 -1
1 1 0 26.8 51.5 7 -1 -1 0b 52 -1 -1 7f -1 -1 -1
1 1 0 26.7 51.0 9 -1 -1 0b 52 -1 -1 7f -1 -1 -1
1 1 0 26.7 51.5 9 -1 -1 0b 52 -1 -1 7f -1 -1 -1
1 1 0 26.8 51.5 10 -1 -1 0b 52 -1 -1 7f -1 -1 -1
1 1 0 26.8 51.5 10 -1 -1 0b 52 -1 -1 7f -1 -1 -1
1 1 0 26.8 51.5 11 -1 -1 0b 52 -1 -1 7f -1 -1 -1
1 1 0 26.8 51.5 12 -1 -1 0b 52 -1 -1 7f -1 -1 -1
1 1 0 26.8 51.5 12 -1 -1 0b 52 -1 -1 7f -1 -1 -1
1 1 0 26.8 51.5 9 -1 -1 0b 52 -1 -1 7f -1 -1 -1
1 1 0 26.8 51.5 6 -1 -1 0b 52 -1 -1 7f -1 -1 -1
1 1 0 26.8 51.5 4 -1 -1 0b 52 -1 -1 7f -1 -1 -1
1 1 0 26.8 51.5 4 -1 -1 0b 52 -1 -1 7f -1 -1 -1
1 1 0 26.8 51.5 4 -1 -1 0b 52 -1 -1 7f -1 -1 -1
1 1 0 26.8 51.5 2 -1 -1 0b 52 -1 -1 7f -1 -1 -1
1 1 0 26.7 51.5 2 -1 -1 0b 52 -1 -1 7f -1 -1 -1
1 1 1 26.7 51.5 2 -1 -1 0b 52 -1 -1 7f -1 -1 -1
1 1 0 26.6 51.5 2 -1 -1 0b 52 -1 -1 7f -1 -1 -1
1 1 0 26.7 51.0 2 -1 -1 0b 52 -1 -1 7f -1 -1 -1
1 1 0 26.7 51.0 2 -1 -1 0b 52 -1 -1 7f -1 -1 -1
1 1 1 26.7 51.0 2 -1 -1 0b 52 -1 -1 7f -1 -1 -1
1 1 0 26.7 51.0 2 -1 -1 0b 52 -1 -1 7f -1 -1 -1
1 1 0 26.8 51.0 2 -1 -1 0b 52 -1 -1 7f -1 -1 -1
1 1 0 26.7 51.0 2 -1 -1 0b 52 -1 -1 7f -1 -1 -1
1 1 0 26.7 51.0 2 -1 -1 0b 52 -1 -1 7f -1 -1 -1
1 1 0 26.8 51.0 2 -1 -1 0b 52 -1 -1 7f -1 -1 -1
1 1 0 26.7 51.0 2 -1 -1 0b 52 -1 -1 7f -1 -1 -1
1 1 0 26.7 51.0 2 -1 -1 0b 52 -1 -1 7f -1 -1 -1
1 1 0 26.6 51.0 4 -1 -1 0b 52 -1 -1 7f -1 -1 -1
1 1 0 26.7 51.0 4 -1 -1 0b 52 -1 -1 7f -1 -1 -1
1 1 0 26.7 51.0 4 -1 -1 0b 52 -1 -1 7f -1 -1 -1
1 1 0 26.7 50.5 4 -1 -1 0b 52 -1 -1 7f -1 -1 -1
1 1 0 26.7 50.5 4 -1 -1 0b 52 -1 -1 7f -1 -1 -1
1 1 0 26.7 50.5 4 -1 -1 0b 52 -1 -1 7f -1 -1 -1
1 1 0 26.6 50.5 4 -1 -1 0b 52 -1 -1 7f -1 -1 -1
1 1 0 26.7 50.5 4 -1 -1 0b 52 -1 -1 7f -1 -1 -1
1 1 0 26.6 50.5 4 -1 -1 0b 52 -1 -1 7f -1 -1 -1
1 1 0 26.6 50.5 4 -1 -1 0b 52 -1 -1 7f -1 -1 -1
1 1 0 26.6 50.5 6 -1 -1 0b 52 -1 -1 7f -1 -1 -1
1 1 0 26.7 50.5 6 -1 -1 0b 52 -1 -1 7f -1 -1 -1
1 1 0 26.6 50.5 6 -1 -1 0b 52 -1 -1 7f -1 -1 -1
1 1 1 26.7 50.5 6 -1 -1 0b 52 -1 -1 7f -1 -1 -1
1 1 0 26.6 50.5 6 -1 -1 0b 52 -1 -1 7f -1 -1 -1
1 1 0 26.7 50.5 6 -1 -1 0b 52 -1 -1 7f -1 -1 -1
1 1 0 26.6 50.5 3 -1 -1 0b 52 -1 -1 7f -1 -1 -1
1 1 0 26.6 50.5 5 -1 -1 0b 52 -1 -1 7f -1 -1 -1
1 1 0 26.7 50.5 5 -1 -1 0b 52 -1 -1 7f -1 -1 -1
1 1 0 26.6 50.5 5 -1 -1 0b 52 -1 -1 7f -1 -1 -1
1 1 0 26.6 50.5 5 -1 -1 0b 52 -1 -1 7f -1 -1 -1
1 1 0 26.7 50.5 5 -1 -1 0b 52 -1 -1 7f -1 -1 -1
1 1 0 26.7 50.5 5 -1 -1 0b 52 -1 -1 7f -1 -1 -1
1 1 0 26.6 50.5 7 -1 -1 0b 52 -1 -1 7f -1 -1 -1
1 1 0 26.6 50.5 7 -1 -1 0b 52 -1 -1 7f -1 -1 -1
1 1 0 26.7 50.5 7 -1 -1 0b 52 -1 -1 7f -1 -1 -1
1 1 0 26.7 50.5 9 -1 -1 0b 52 -1 -1 7f -1 -1 -1
1 1 0 26.7 50.5 5 -1 -1 0b 52 -1 -1 7f -1 -1 -1
1 1 0 26.7 50.5 9 -1 -1 0b 52 -1 -1 7f -1 -1 -1
1 1 0 26.6 51.0 9 -1 -1 0b 52 -1 -1 7f -1 -1 -1
1 1 0 26.6 51.0 11 -1 -1 0b 52 -1 -1 7f -1 -1 -1
1 1 1 26.6 51.0 11 -1 -1 0b 52 -1 -1 7f -1 -1 -1
1 1 0 26.6 51.0 18 -1 -1 0b 52 -1 -1 7f -1 -1 -1
1 1 0 26.6 51.0 17 -1 -1 0b 52 -1 -1 7f -1 -1 -1
1 1 0 26.6 51.0 10 -1 -1 0b 52 -1 -1 7f -1 -1 -1
1 1 0 26.7 51.0 10 -1 -1 0b 52 -1 -1 7f -1 -1 -1
1 1 0 26.6 51.0 21 -1 -1 0b 52 -1 -1 7f -1 -1 -1
1 1 0 26.7 50.5 21 -1 -1 0b 52 -1 -1 7f -1 -1 -1
1 1 0 26.6 51.0 14 -1 -1 0b 52 -1 -1 7f -1 -1 -1
1 1 5 26.6 51.0 16 -1 -1 0b 52 -1 -1 7f -1 -1 -1
1 1 0 26.7 51.0 16 -1 -1 0b 52 -1 -1 7f -1 -1 -1
1 1 2 26.7 51.0 21 -1 -1 0b 52 -1 -1 7f -1 -1 -1
1 1 0 26.7 51.0 19 -1 -1 0b 52 -1 -1 7f -1 -1 -1
1 1 0 26.6 51.0 11 -1 -1 0b 52 -1 -1 7f -1 -1 -1
1 1 0 26.7 51.0 9 -1 -1 0b 52 -1 -1 7f -1 -1 -1
1 1 0 26.7 51.5 7 -1 -1 0b 52 -1 -1 7f -1 -1 -1
1 1 0 26.8 51.5 9 -1 -1 0b 52 -1 -1 7f -1 -1 -1
1 1 0 26.7 51.5 11 -1 -1 0b 52 -1 -1 7f -1 -1 -1
1 1 1 26.6 51.0 7 -1 -1 0b 52 -1 -1 7f -1 -1 -1
1 1 1 26.6 51.5 7 -1 -1 0b 52 -1 -1 7f -1 -1 -1
1 1 0 26.7 51.5 14 -1 -1 0b 52 -1 -1 7f -1 -1 -1
1 1 0 26.7 51.5 7 -1 -1 0b 52 -1 -1 7f -1 -1 -1
1 1 0 26.7 51.5 2 -1 -1 0b 52 -1 -1 7f -1 -1 -1
1 1 0 26.7 51.5 2 -1 -1 0b 52 -1 -1 7f -1 -1 -1
1 1 0 26.7 51.5 6 -1 -1 0b 52 -1 -1 7f -1 -1 -1
1 1 0 26.7 51.5 4 -1 -1 0b 52 -1 -1 7f -1 -1 -1
1 1 0 26.7 51.5 4 -1 -1 0b 52 -1 -1 7f -1 -1 -1
1 1 0 26.7 51.0 4 -1 -1 0b 52 -1 -1 7f -1 -1 -1
1 1 0 26.7 51.5 2 -1 -1 0b 52 -1 -1 7f -1 -1 -1
1 1 0 26.6 51.5 2 -1 -1 0b 52 -1 -1 7f -1 -1 -1
1 1 0 26.7 51.5 2 -1 -1 0b 52 -1 -1 7f -1 -1 -1
1 1 0 26.7 51.5 1 -1 -1 0b 52 -1 -1 7f -1 -1 -1
1 1 9 26.6 51.5 1 -1 -1 0b 52 -1 -1 7f -1 -1 -1
1 1 0 26.6 51.5 1 -1 -1 0b 52 -1 -1 7f -1 -1 -1
1 1 0 26.6 51.5 4 -1 -1 0b 52 -1 -1 7f -1 -1 -1
1 1 0 26.7 51.5 4 -1 -1 0b 52 -1 -1 7f -1 -1 -1
1 1 0 26.7 51.5 4 -1 -1 0b 52 -1 -1 7f -1 -1 -1
1 1 0 26.6 51.0 4 -1 -1 0b 52 -1 -1 7f -1 -1 -1
1 1 0 26.6 51.0 4 -1 -1 0b 52 -1 -1 7f -1 -1 -1
1 1 0 26.6 51.5 4 -1 -1 0b 52 -1 -1 7f -1 -1 -1
1 1 0 26.6 51.0 4 -1 -1 0b 52 -1 -1 7f -1 -1 -1
1 1 0 26.6 51.5 2 -1 -1 0b 52 -1 -1 7f -1 -1 -1
1 1 0 26.6 51.5 2 -1 -1 0b 52 -1 -1 7f -1 -1 -1
1 1 0 26.6 51.5 2 -1 -1 0b 52 -1 -1 7f -1 -1 -1
1 1 0 26.6 51.5 2 -1 -1 0b 52 -1 -1 7f -1 -1 -1
1 1 0 26.6 52.0 2 -1 -1 0b 52 -1 -1 7f -1 -1 -1
1 1 0 26.6 52.0 2 -1 -1 0b 52 -1 -1 7f -1 -1 -1
1 1 2 26.6 52.0 2 -1 -1 0b 52 -1 -1 7f -1 -1 -1
1 1 1 26.6 52.0 2 -1 -1 0b 52 -1 -1 7f -1 -1 -1
1 1 0 26.6 52.0 2 -1 -1 0b 52 -1 -1 7f -1 -1 -1
1 1 0 26.6 52.5 2 -1 -1 0b 52 -1 -1 7f -1 -1 -1
1 1 0 26.6 52.5 2 -1 -1 0b 52 -1 -1 7f -1 -1 -1
1 1 0 26.6 52.5 2 -1 -1 0b 52 -1 -1 7f -1 -1 -1
1 1 0 26.6 52.5 2 -1 -1 0b 52 -1 -1 7f -1 -1 -1
1 1 1 26.6 52.5 2 -1 -1 0b 52 -1 -1 7f -1 -1 -1
1 1 0 26.5 52.5 2 -1 -1 0b 52 -1 -1 7f -1 -1 -1
1 1 0 26.5 53.0 2 -1 -1 0b 52 -1 -1 7f -1 -1 -1
1 1 0 26.6 53.0 2 -1 -1 0b 52 -1 -1 7f -1 -1 -1
1 1 0 26.6 53.0 2 -1 -1 0b 52 -1 -1 7f -1 -1 -1
1 1 0 26.6 53.5 2 -1 -1 0b 52 -1 -1 7f -1 -1 -1
1 1 2 26.5 53.5 2 -1 -1 0b 52 60 -1 7f -1 -1 -1
1 1 0 26.5 53.5 4 -1 -1 0b 52 60 64 7f -1 -1 -1
1 1 0 26.6 53.5 1 -1 -1 0b 52 60 64 7f -1 -1 -1
1 1 2 26.6 54.0 1 -1 -1 0b 52 60 64 7f -1 -1 -1
1 1 0 26.6 54.0 1 -1 -1 0b 52 60 64 7f -1 -1 -1
1 1 0 26.5 54.5 1 -1 -1 0b 52 60 64 7f -1 -1 -1
1 1 1 26.6 54.5 1 -1 -1 0b 52 60 64 7f -1 -1 -1
1 1 0 26.6 54.5 1 -1 -1 0b 52 60 64 7f -1 -1 -1
1 1 0 26.6 54.5 1 -1 -1 0b 52 60 64 7f -1 -1 -1
1 1 0 26.6 55.0 1 -1 -1 0b 52 60 64 7f -1 -1 -1
1 1 0 26.6 55.0 1 -1 -1 0b 52 60 64 7f -1 -1 -1
1 1 0 26.7 55.5 1 -1 -1 0b 52 60 64 7f -1 -1 -1
1 1 0 26.6 55.5 1 -1 -1 0b 52 60 64 7f -1 -1 -1
1 1 0 26.6 55.5 1 -1 -1 0b 52 60 64 7f -1 -1 -1
1 1 0 26.6 55.5 1 -1 -1 0b 52 60 64 7f -1 -1 -1
1 1 0 26.7 55.5 1 -1 -1 0b 52 60 64 7f -1 -1 -1
1 1 0 26.6 55.5 1 -1 -1 0b 52 60 64 7f -1 -1 -1
1 1 0 26.6 55.5 1 -1 -1 0b 52 60 64 7f -1 -1 -1
1 1 0 26.7 55.5 4 -1 -1 0b 52 60 64 7f -1 -1 -1
1 1 0 26.7 56.0 4 -1 -1 0b 52 60 64 7f -1 -1 -1
1 1 0 26.7 56.0 4 -1 -1 0b 52 60 64 7f -1 -1 -1
1 1 0 26.8 57.0 4 -1 -1 0b 52 60 64 7f -1 -1 -1
1 1 0 26.7 57.5 4 -1 -1 0b 52 60 64 7f -1 -1 -1
1 1 0 26.8 57.5 4 -1 -1 0b 52 60 64 7f -1 -1 -1
1 1 0 26.8 57.5 4 -1 -1 0b 52 60 64 7f -1 -1 -1
1 1 0 26.8 57.5 4 -1 -1 0b 52 60 64 7f -1 -1 -1
1 1 0 26.8 58.0 4 -1 -1 0b 52 60 64 7f -1 -1 -1
1 1 2 26.8 58.0 4 -1 -1 0b 52 60 64 7f -1 -1 -1
1 1 0 26.8 58.0 4 -1 -1 0b 52 60 64 7f -1 -1 -1
1 1 0 26.8 58.0 4 -1 -1 0b 52 60 64 7f -1 -1 -1
1 1 0 26.8 57.5 4 -1 -1 0b 52 60 64 7f -1 -1 -1
1 1 1 26.8 57.5 2 -1 -1 0b 52 60 64 7f -1 -1 -1
1 1 0 26.8 57.5 8 -1 -1 0b 52 60 64 7f -1 -1 -1
1 1 0 26.8 57.5 8 -1 -1 0b 52 60 64 7f -1 -1 -1
1 1 0 26.7 57.5 6 -1 -1 0b 52 60 64 7f -1 -1 -1
1 1 0 26.8 57.0 6 -1 -1 0b 52 60 64 7f -1 -1 -1
1 1 1 26.7 57.0 6 -1 -1 0b 52 60 64 7f -1 -1 -1
1 1 2 26.7 57.0 6 -1 -1 0b 52 60 64 7f -1 -1 -1
1 1 0 26.7 56.5 6 -1 -1 0b 52 60 64 7f -1 -1 -1
1 1 0 26.7 56.5 6 -1 -1 0b 52 60 64 7f -1 -1 -1
1 1 0 26.7 56.5 6 -1 -1 0b 52 60 64 7f -1 -1 -1
1 1 16 26.7 56.5 6 -1 -1 0b 52 60 64 7f -1 -1 -1
1 1 5 26.6 56.0 6 -1 -1 0b 52 60 64 7f -1 -1 -1
1 1 5 26.6 56.0 6 -1 -1 0b 52 60 64 7f -1 -1 -1
1 1 0 26.6 55.5 6 -1 -1 0b 52 60 64 7f -1 -1 -1
1 1 7 26.6 55.5 6 -1 -1 0b 52 60 64 7f -1 -1 -1
1 1 0 26.6 55.5 6 -1 -1 0b 52 60 64 7f -1 -1 -1
1 1 0 26.7 55.5 6 -1 -1 0b 52 60 64 7f -1 -1 -1
1 1 0 26.6 55.5 6 -1 -1 0b 52 60 64 7f -1 -1 -1
1 1 0 26.6 55.5 6 -1 -1 0b 52 60 64 7f -1 -1 -1
1 1 0 26.7 55.5 6 -1 -1 0b 52 60 64 7f -1 -1 -1
1 1 0 26.7 55.5 6 -1 -1 0b 52 60 64 7f -1 -1 -1
1 1 0 26.6 55.5 6 -1 -1 0b 52 60 64 7f -1 -1 -1
1 1 0 26.6 55.5 6 -1 -1 0b 52 60 64 7f -1 -1 -1
1 1 0 26.6 55.5 6 -1 -1 0b 52 60 64 7f -1 -1 -1
1 1 0 26.6 55.5 6 -1 -1 0b 52 60 64 7f -1 -1 -1
1 1 0 26.6 55.5 6 -1 -1 0b 52 60 64 7f -1 -1 -1
1 1 6 26.7 55.5 4 -1 -1 0b 52 60 64 7f -1 -1 -1
1 1 3 26.6 55.5 4 -1 -1 0b 52 60 64 7f -1 -1 -1
1 1 7 26.6 55.5 4 -1 -1 0b 52 60 64 7f -1 -1 -1
1 1 1 26.6 55.5 4 -1 -1 0b 52 60 64 7f -1 -1 -1
1 1 0 26.6 55.5 4 -1 -1 0b 52 60 64 7f -1 -1 -1
1 1 0 26.6 55.0 4 -1 -1 0b 52 60 64 7f -1 -1 -1
1 1 0 26.4 54.0 4 -1 -1 0b 52 60 64 7f -1 -1 -1
1 1 0 26.4 53.5 4 -1 -1 0b 52 60 64 7f -1 -1 -1
1 1 0 26.3 53.5 8 -1 -1 0b 52 60 64 7f -1 -1 -1
1 1 0 26.3 53.0 8 -1 -1 0b 52 60 64 7f -1 -1 -1
1 1 0 26.2 53.0 8 -1 -1 0b 52 60 64 7f -1 -1 -1
1 1 0 26.2 53.5 8 -1 -1 0b 52 60 64 7f -1 -1 -1
1 1 0 26.2 53.5 8 -1 -1 0b 52 60 64 7f -1 -1 -1
1 1 0 26.1 53.5 8 -1 -1 0b 52 60 64 7f -1 -1 -1
1 1 0 26.0 53.0 8 -1 -1 0b 52 60 64 7f -1 -1 -1
1 1 1 26.1 53.5 8 -1 -1 0b 52 60 64 7f -1 -1 -1
1 1 0 26.0 53.0 8 -1 -1 0b 52 60 64 7f -1 -1 -1
1 1 0 25.9 53.0 8 -1 -1 0b 52 60 64 7f -1 -1 -1
1 1 0 25.9 52.5 8 -1 -1 0b 52 60 64 7f -1 -1 -1
1 1 0 25.9 52.5 8 -1 -1 0b 52 60 64 7f -1 -1 -1
1 1 0 25.9 53.5 8 -1 -1 0b 52 60 64 7f -1 -1 -1
1 1 0 25.9 54.0 8 -1 -1 0b 52 60 64 7f -1 -1 -1
1 1 0 25.9 54.0 8 -1 -1 0b 52 60 64 7f -1 -1 -1
1 1 0 26.0 54.0 8 -1 -1 0b 52 60 64 7f -1 -1 -1
1 1 0 25.9 54.0 8 -1 -1 0b 52 60 64 7f -1 -1 -1
1 1 0 25.9 54.0 8 -1 -1 0b 52 60 64 7f -1 -1 -1
1 1 0 26.0 54.0 8 -1 -1 0b 52 60 64 7f -1 -1 -1
1 1 0 26.1 54.5 8 -1 -1 0b 52 60 64 7f -1 -1 -1
1 1 0 26.0 54.0 8 -1 -1 0b 52 60 64 7f -1 -1 -1
1 1 0 25.9 53.5 8 -1 -1 0b 52 60 64 7f -1 -1 -1
1 1 0 25.9 54.5 8 -1 -1 0b 52 60 64 7f -1 -1 -1
1 1 7 25.9 55.0 8 -1 -1 0b 52 60 64 7f -1 -1 -1
1 1 6 25.8 54.5 8 -1 -1 0b 52 60 64 7f -1 -1 -1
1 1 0 25.8 54.5 8 -1 -1 0b 52 60 64 7f -1 -1 -1
1 1 0 25.8 54.0 8 -1 -1 0b 52 60 64 7f -1 -1 -1
1 1 1 25.6 53.5 8 -1 -1 0b 52 60 64 7f -1 -1 -1
1 1 0 25.7 53.5 8 -1 -1 0b 52 60 64 7f -1 -1 -1
1 1 0 25.6 53.5 8 -1 -1 0b 52 60 64 7f -1 -1 -1
1 1 0 25.6 53.0 8 -1 -1 0b 52 60 64 7f -1 -1 -1
1 1 0 25.6 53.5 8 -1 -1 0b 52 60 64 7f -1 -1 -1
1 1 0 25.6 54.5 8 -1 -1 0b 52 60 64 7f -1 -1 -1
1 1 0 25.7 55.0 8 -1 -1 0b 52 60 64 7f -1 -1 -1
1 1 0 25.7 54.5 8 -1 -1 0b 52 60 64 7f -1 -1 -1
1 1 0 25.6 54.0 8 -1 -1 0b 52 60 64 7f -1 -1 -1
1 1 0 25.6 54.5 8 -1 -1 0b 52 60 64 7f -1 -1 -1
1 1 0 25.7 55.0 8 -1 -1 0b 52 60 64 7f -1 -1 -1
1 1 0 25.7 55.5 8 -1 -1 0b 52 60 64 7f -1 -1 -1
1 1 0 25.6 55.5 8 -1 -1 0b 52 60 64 7f -1 -1 -1
1 1 0 25.7 55.0 8 -1 -1 0b 52 60 64 7f -1 -1 -1
1 1 0 25.6 54.5 8 -1 -1 0b 52 60 64 7f -1 -1 -1
1 1 0 25.6 54.0 8 -1 -1 0b 52 60 64 7f -1 -1 -1
1 1 0 25.5 54.5 8 -1 -1 0b 52 60 64 7f -1 -1 -1
1 1 5 25.6 55.0 8 -1 -1 0b 52 60 64 7f -1 -1 -1
1 1 0 25.5 54.5 8 -1 -1 0b 52 60 64 7f -1 -1 -1
1 1 7 25.4 54.0 8 -1 -1 0b 52 60 64 7f -1 -1 -1
1 1 0 25.4 54.5 8 -1 -1 0b 52 60 64 7f -1 -1 -1
1 1 0 25.5 54.5 8 -1 -1 0b 52 60 64 7f -1 -1 -1
1 1 0 25.4 54.0 8 -1 -1 0b 52 60 64 7f -1 -1 -1
1 1 0 25.3 53.5 8 -1 -1 0b 52 60 64 7f -1 -1 -1
1 1 0 25.3 53.5 8 -1 -1 0b 52 60 64 7f -1 -1 -1
1 1 0 25.3 54.0 8 -1 -1 0b 52 60 64 7f -1 -1 -1
1 1 0 25.4 54.5 8 -1 -1 0b 52 60 64 7f -1 -1 -1
1 1 0 25.4 54.5 8 -1 -1 0b 52 60 64 7f -1 -1 -1
1 1 0 25.4 55.0 8 -1 -1 0b 52 60 64 7f -1 -1 -1
1 1 0 25.5 54.0 8 -1 -1 0b 52 60 64 7f -1 -1 -1
1 1 0 25.4 54.0 8 -1 -1 0b 52 60 64 7f -1 -1 -1
1 1 0 25.3 53.5 8 -1 -1 0b 52 60 64 7f -1 -1 -1
1 1 0 25.2 53.0 8 -1 -1 0b 52 60 64 7f -1 -1 -1
1 1 0 25.2 53.5 8 -1 -1 0b 52 60 64 7f -1 -1 -1
1 1 0 25.2 54.5 8 -1 -1 0b 52 60 64 7f -1 -1 -1
1 1 0 25.2 55.0 8 -1 -1 0b 52 60 64 7f -1 -1 -1
1 1 0 25.3 55.5 8 -1 -1 0b 52 60 64 7f -1 -1 -1
1 1 0 25.3 55.5 8 -1 -1 0b 52 60 64 7f -1 -1 -1
1 1 0 25.3 54.5 8 -1 -1 0b 52 60 64 7f -1 -1 -1
1 1 0 25.3 54.5 8 -1 -1 0b 52 60 64 7f -1 -1 -1
1 1 0 25.2 55.0 8 -1 -1 0b 52 60 64 7f -1 -1 -1
1 1 0 25.2 55.0 8 -1 -1 0b 52 60 64 7f -1 -1 -1
1 1 0 25.4 55.5 8 -1 -1 0b 52 60 64 7f -1 -1 -1
1 1 0 25.4 55.0 8 -1 -1 0b 52 60 64 7f -1 -1 -1
1 1 1 25.3 54.5 8 -1 -1 0b 52 60 64 7f -1 -1 -1
1 1 0 25.2 54.5 8 -1 -1 0b 52 60 64 7f -1 -1 -1
1 1 4 25.2 54.5 8 -1 -1 0b 52 60 64 7f -1 -1 -1
1 1 0 25.3 55.0 8 -1 -1 0b 52 60 64 7f -1 -1 -1
1 1 0 25.3 54.5 8 -1 -1 0b 52 60 64 7f -1 -1 -1
1 1 0 25.4 54.5 8 -1 -1 0b 52 60 64 7f -1 -1 -1
1 1 1 25.4 54.5 8 -1 -1 0b 52 60 64 7f -1 -1 -1
1 1 0 25.4 54.5 8 -1 -1 0b 52 60 64 7f -1 -1 -1
1 1 0 25.4 54.0 8 -1 -1 0b 52 60 64 7f -1 -1 -1
1 1 0 25.4 54.0 8 -1 -1 0b 52 60 64 7f -1 -1 -1
1 1 0 25.3 54.0 8 -1 -1 0b 52 60 64 7f -1 -1 -1
1 1 0 25.3 54.0 8 -1 -1 0b 52 60 64 7f -1 -1 -1
1 1 0 25.4 54.0 8 -1 -1 0b 52 60 64 7f -1 -1 -1
1 1 0 25.3 54.0 8 -1 -1 0b 52 60 64 7f -1 -1 -1
1 1 0 25.3 53.5 8 -1 -1 0b 52 60 64 7f -1 -1 -1
1 1 0 25.3 53.5 8 -1 -1 0b 52 60 64 7f -1 -1 -1
1 1 0 25.2 54.0 8 -1 -1 0b 52 60 64 7f -1 -1 -1
1 1 1 25.3 53.5 8 -1 -1 0b 52 60 64 7f -1 -1 -1
1 1 0 25.2 53.5 8 -1 -1 0b 52 60 64 7f -1 -1 -1
1 1 1 25.2 53.5 8 -1 -1 0b 52 60 64 7f -1 -1 -1
1 1 0 25.2 53.5 8 -1 -1 0b 52 60 64 7f -1 -1 -1
1 1 0 25.3 53.5 8 -1 -1 0b 52 60 64 7f -1 -1 -1
1 1 0 25.2 53.0 8 -1 -1 0b 52 60 64 7f -1 -1 -1
1 1 0 25.2 53.0 8 -1 -1 0b 52 60 64 7f -1 -1 -1
1 1 0 25.1 53.5 8 -1 -1 0b 52 60 64 7f -1 -1 -1
1 1 0 25.1 53.5 8 -1 -1 0b 52 60 64 7f -1 -1 -1
1 1 0 25.1 54.0 8 -1 -1 0b 52 60 64 7f -1 -1 -1
1 1 0 25.2 53.5 8 -1 -1 0b 52 60 64 7f -1 -1 -1
1 1 0 25.2 53.0 8 -1 -1 0b 52 60 64 7f -1 -1 -1
1 1 0 25.2 53.0 8 -1 -1 0b 52 60 64 7f -1 -1 -1
1 1 0 25.2 53.5 8 -1 -1 0b 52 60 64 7f -1 -1 -1
1 1 0 25.2 53.5 8 -1 -1 0b 52 60 64 7f -1 -1 -1
1 1 0 25.2 53.5 8 -1 -1 0b 52 60 64 7f -1 -1 -1
1 1 6 25.3 53.5 8 -1 -1 0b 52 60 64 7f -1 -1 -1
1 1 8 25.3 53.0 8 -1 -1 0b 52 60 64 7f -1 -1 -1
1 1 0 25.2 53.0 8 -1 -1 0b 52 60 64 7f -1 -1 -1
1 1 0 25.1 53.0 8 -1 -1 0b 52 60 64 7f -1 -1 -1
1 1 0 25.2 53.5 8 -1 -1 0b 52 60 64 7f -1 -1 -1
1 1 8 25.2 53.5 8 -1 -1 0b 52 60 64 7f -1 -1 -1
1 1 0 25.2 53.0 8 -1 -1 0b 52 60 64 7f -1 -1 -1
1 1 6 25.2 53.0 8 -1 -1 0b 52 60 64 7f -1 -1 -1
1 1 0 25.2 53.0 8 -1 -1 0b 52 60 64 7f -1 -1 -1
1 1 0 25.3 53.5 8 -1 -1 0b 52 60 64 7f -1 -1 -1
1 1 0 25.3 53.0 8 -1 -1 0b 52 60 64 7f -1 -1 -1
1 1 0 25.2 52.5 8 -1 -1 0b 52 60 64 7f -1 -1 -1
1 1 0 25.2 52.5 8 -1 -1 0b 52 60 64 7f -1 -1 -1
1 1 0 25.2 52.5 8 -1 -1 0b 52 60 64 7f -1 -1 -1
1 1 0 25.2 53.0 8 -1 -1 0b 52 60 64 7f -1 -1 -1
1 1 10 25.3 53.0 8 -1 -1 0b 52 60 64 7f -1 -1 -1
1 1 0 25.3 53.0 8 -1 -1 0b 52 60 64 7f -1 -1 -1
1 1 0 25.2 52.5 8 -1 -1 0b 52 60 64 7f -1 -1 -1
1 1 0 25.2 51.5 8 -1 -1 0b 52 60 64 7f -1 -1 -1
1 1 0 25.1 52.5 8 -1 -1 0b 52 60 64 7f -1 -1 -1
1 1 0 25.1 52.5 8 -1 -1 0b 52 60 64 7f -1 -1 -1
1 1 0 25.2 53.0 8 -1 -1 0b 52 60 64 7f -1 -1 -1
1 1 0 25.2 52.5 8 -1 -1 0b 52 60 64 7f -1 -1 -1
1 1 0 25.1 51.5 8 -1 -1 0b 52 60 64 7f -1 -1 -1
1 1 0 25.0 51.0 8 -1 -1 0b 52 60 64 7f -1 -1 -1
1 1 0 25.0 51.0 8 -1 -1 0b 52 60 64 7f -1 -1 -1
1 1 0 25.0 51.5 8 -1 -1 0b 52 60 64 7f -1 -1 -1
1 1 0 24.9 52.0 8 -1 -1 0b 52 60 64 7f -1 -1 -1
1 1 0 25.0 52.5 8 -1 -1 0b 52 60 64 7f -1 -1 -1
1 1 0 25.1 52.5 8 -1 -1 0b 52 60 64 7f -1 -1 -1
1 1 2 25.1 52.0 8 -1 -1 0b 52 60 64 7f -1 -1 -1
1 1 0 25.2 52.0 8 -1 -1 0b 52 60 64 7f -1 -1 -1
1 1 0 25.2 51.5 8 -1 -1 0b 52 60 64 7f -1 -1 -1
1 1 0 25.2 50.5 8 -1 -1 0b 52 60 64 7f -1 -1 -1
1 1 2 25.0 51.0 8 -1 -1 0b 52 60 64 7f -1 -1 -1
1 1 1 25.1 51.5 6 -1 -1 0b 52 60 64 7f -1 -1 -1
1 1 0 25.1 51.5 6 -1 -1 0b 52 60 64 7f -1 -1 -1
1 1 0 25.2 51.5 6 -1 -1 0b 52 60 64 7f -1 -1 -1
1 1 0 25.1 50.5 6 -1 -1 0b 52 60 64 7f -1 -1 -1
1 1 0 25.0 50.0 6 -1 -1 0b 52 60 64 7f -1 -1 -1
1 1 0 24.9 51.0 6 -1 -1 0b 52 60 64 7f -1 -1 -1
1 1 0 25.0 51.5 6 -1 -1 0b 52 60 64 7f -1 -1 -1
1 1 0 25.0 51.5 6 -1 -1 0b 52 60 64 7f -1 -1 -1
1 1 0 25.1 51.5 6 -1 -1 0b 52 60 64 7f -1 -1 -1
1 1 0 25.1 51.0 6 -1 -1 0b 52 60 64 7f -1 -1 -1
1 1 0 25.0 50.0 6 -1 -1 0b 52 60 64 7f -1 -1 -1
1 1 0 24.9 50.0 6 -1 -1 0b 52 60 64 7f -1 -1 -1
1 1 0 24.8 51.0 6 -1 -1 0b 52 60 64 7f -1 -1 -1
1 1 0 24.9 51.5 6 -1 -1 0b 52 60 64 7f -1 -1 -1
1 1 0 25.0 51.5 6 -1 -1 0b 52 60 64 7f -1 -1 -1
1 1 0 25.0 51.5 6 -1 -1 0b 52 60 64 7f -1 -1 -1
1 1 0 24.9 50.5 6 -1 -1 0b 52 60 64 7f -1 -1 -1
1 1 0 24.9 50.5 6 -1 -1 0b 52 60 64 7f -1 -1 -1
1 1 0 24.7 50.5 6 -1 -1 0b 52 60 64 7f -1 -1 -1
1 1 0 24.8 51.0 6 -1 -1 0b 52 60 64 7f -1 -1 -1
1 1 0 24.8 52.0 6 -1 -1 0b 52 60 64 7f -1 -1 -1
1 1 0 24.9 52.0 6 -1 -1 0b 52 60 64 7f -1 -1 -1
1 1 0 24.9 52.0 6 -1 -1 0b 52 60 64 7f -1 -1 -1
1 1 0 25.0 52.0 6 -1 -1 0b 52 60 64 7f -1 -1 -1
1 1 0 25.0 51.5 6 -1 -1 0b 52 60 64 7f -1 -1 -1
1 1 0 25.0 51.5 6 -1 -1 0b 52 60 64 7f -1 -1 -1
1 1 0 25.1 51.5 6 -1 -1 0b 52 60 64 7f -1 -1 -1
1 1 0 25.1 51.5 6 -1 -1 0b 52 60 64 7f -1 -1 -1
1 1 0 25.1 50.5 6 -1 -1 0b 52 60 64 7f -1 -1 -1
1 1 0 25.0 51.0 6 -1 -1 0b 52 60 64 7f -1 -1 -1
1 1 0 25.0 51.0 6 -1 -1 0b 52 60 64 7f -1 -1 -1
1 1 0 25.2 51.0 6 -1 -1 0b 52 60 64 7f -1 -1 -1
1 1 0 25.2 50.5 6 -1 -1 0b 52 60 64 7f -1 -1 -1
1 1 0 25.2 50.5 6 -1 -1 0b 52 60 64 7f -1 -1 -1
1 1 0 25.3 50.0 6 -1 -1 0b 52 60 64 7f -1 -1 -1
1 1 0 25.2 50.5 6 -1 -1 0b 52 60 64 7f -1 -1 -1
1 1 0 25.2 50.5 6 -1 -1 0b 52 60 64 7f -1 -1 -1
1 1 0 25.2 50.0 6 -1 -1 0b 52 60 64 7f -1 -1 -1
1 1 1 25.2 49.5 6 -1 -1 0b 52 60 64 7f -1 -1 -1
1 1 0 25.0 49.5 6 -1 -1 0b 52 60 64 7f -1 -1 -1
1 1 0 25.0 50.0 6 -1 -1 0b 52 60 64 7f -1 -1 -1
1 1 0 25.0 50.5 6 -1 -1 0b 52 60 64 7f -1 -1 -1
1 1 3 25.0 50.0 6 -1 -1 0b 52 60 64 7f -1 -1 -1
1 1 0 25.0 49.5 6 -1 -1 0b 52 60 64 7f -1 -1 -1
1 1 0 24.9 49.5 6 -1 -1 0b 52 60 64 7f -1 -1 -1
1 1 0 24.8 50.5 6 -1 -1 0b 52 60 64 7f -1 -1 -1
1 1 0 24.8 51.0 6 -1 -1 0b 52 60 64 7f -1 -1 -1
1 1 0 24.9 51.0 6 -1 -1 0b 52 60 64 7f -1 -1 -1
1 1 0 25.0 50.5 6 -1 -1 0b 52 60 64 7f -1 -1 -1
1 1 0 25.0 50.5 6 -1 -1 0b 52 60 64 7f -1 -1 -1
1 1 5 25.0 50.0 6 -1 -1 0b 52 60 64 7f -1 -1 -1
1 1 0 24.9 50.0 6 -1 -1 0b 52 60 64 7f -1 -1 -1
1 1 0 24.9 50.0 6 -1 -1 0b 52 60 64 7f -1 -1 -1
1 1 0 25.0 50.0 6 -1 -1 0b 52 60 64 7f -1 -1 -1
1 1 13 25.1 50.0 6 -1 -1 0b 52 60 64 7f -1 -1 -1
1 1 8 25.2 49.5 6 -1 -1 0b 52 60 64 7f -1 -1 -1
1 1 0 25.3 50.0 6 -1 -1 0b 52 60 64 7f -1 -1 -1
1 1 0 25.4 50.0 6 -1 -1 0b 52 60 64 7f -1 -1 -1
1 1 0 25.4 50.5 6 -1 -1 0b 52 60 64 7f -1 -1 -1
1 1 0 25.5 50.5 6 -1 -1 0b 52 60 64 7f -1 -1 -1
1 1 0 25.6 50.5 6 -1 -1 0b 52 60 64 7f -1 -1 -1
1 1 0 25.7 51.0 6 -1 -1 0b 52 60 64 7f -1 -1 -1
1 1 0 25.7 51.0 6 -1 -1 0b 52 60 64 7f -1 -1 -1
1 1 5 25.7 51.0 0 -1 -1 0b 52 60 64 7f -1 -1 -1
1 1 0 25.8 51.0 0 -1 -1 0b 52 60 64 0f -1 -1 -1
1 1 44 25.9 51.0 1 -1 -1 0b 52 60 64 0f -1 -1 -1
1 1 0 25.9 50.5 1 -1 -1 0b 52 60 64 0f -1 -1 -1
1 1 0 26.0 50.5 1 -1 -1 0b 52 60 64 0f -1 -1 -1
1 1 0 26.1 51.0 1 -1 -1 0b 52 60 64 0f -1 -1 -1
1 1 0 26.1 51.0 1 -1 -1 0b 52 60 64 0f -1 -1 -1
1 1 0 26.1 51.0 1 -1 -1 0b 52 60 64 0f -1 -1 -1
1 1 0 26.1 51.0 1 -1 -1 0b 52 60 64 0f -1 -1 -1
1 1 0 26.2 51.0 1 -1 -1 0b 52 60 64 0f -1 -1 -1
1 1 0 26.2 51.0 1 -1 -1 0b 52 60 64 0f -1 -1 -1
1 1 0 26.3 51.0 1 -1 -1 0b 52 60 64 0f -1 -1 -1
1 1 0 26.3 51.0 1 -1 -1 0b 52 60 64 0f -1 -1 -1
1 1 0 26.4 51.0 1 -1 -1 0b 52 60 64 0f -1 -1 -1
1 1 0 26.4 51.0 1 -1 -1 0b 52 60 64 0f -1 -1 -1
1 1 0 26.4 51.0 1 -1 -1 0b 52 60 64 0f -1 -1 -1
1 1 0 26.5 51.0 1 -1 -1 0b 52 60 64 0f -1 -1 -1
1 1 0 26.5 51.5 1 -1 -1 0b 52 60 64 0f -1 -1 -1
1 1 0 26.5 51.0 1 -1 -1 0b 52 60 64 0f -1 -1 -1
1 1 0 26.6 51.0 1 -1 -1 0b 52 60 64 0f -1 -1 -1
1 1 0 26.6 51.0 1 -1 -1 0b 52 60 64 0f -1 -1 -1
1 1 0 26.6 51.0 1 -1 -1 0b 52 60 64 0f -1 -1 -1
1 1 0 26.7 51.0 1 -1 -1 0b 52 60 64 0f -1 -1 -1
1 1 0 26.6 51.0 1 -1 -1 0b 52 60 64 0f -1 -1 -1
1 1 0 26.8 51.5 1 -1 -1 0b 52 60 64 0f -1 -1 -1
1 1 0 26.8 51.5 1 -1 -1 0b 52 60 64 0f -1 -1 -1
1 1 0 26.9 52.5 1 -1 -1 0b 52 60 64 0f -1 -1 -1
1 1 0 26.9 52.0 1 -1 -1 0b 52 60 64 0f -1 -1 -1
1 1 0 26.9 52.0 1 -1 -1 0b 52 60 64 0f -1 -1 -1
1 1 0 26.9 51.5 1 -1 -1 0b 52 60 64 0f -1 -1 -1
1 1 0 26.9 51.5 1 -1 -1 0b 52 60 64 0f -1 -1 -1
1 1 0 26.9 51.5 1 -1 -1 0b 52 60 64 0f -1 -1 -1
1 1 0 27.0 51.5 1 -1 -1 0b 52 60 64 0f -1 -1 -1
1 1 0 27.0 52.0 1 -1 -1 0b 52 60 64 0f -1 -1 -1
1 1 0 27.1 52.0 1 -1 -1 0b 52 60 64 0f -1 -1 -1
1 1 0 27.1 52.0 1 -1 -1 0b 52 60 64 0f -1 -1 -1
1 1 0 27.1 52.0 1 -1 -1 0b 52 60 64 0f -1 -1 -1
1 1 0 27.1 52.5 1 -1 -1 0b 52 60 64 0f -1 -1 -1
1 1 0 27.1 52.0 1 -1 -1 0b 52 60 64 0f -1 -1 -1
1 1 0 27.1 52.0 1 -1 -1 0b 52 60 64 0f -1 -1 -1
1 1 0 27.2 52.5 1 -1 -1 0b 52 60 64 0f -1 -1 -1
1 1 0 27.2 52.5 1 -1 -1 0b 52 60 64 0f -1 -1 -1
1 1 0 27.3 52.5 1 -1 -1 0b 52 60 64 0f -1 -1 -1
1 1 0 27.3 52.5 1 -1 -1 0b 52 60 64 0f -1 -1 -1
1 1 0 27.3 52.5 1 -1 -1 0b 52 60 64 0f -1 -1 -1
1 1 0 27.4 52.5 1 -1 -1 0b 52 60 64 0f -1 -1 -1
1 1 0 27.4 53.0 1 -1 -1 0b 52 60 64 0f -1 -1 -1
1 1 0 27.4 53.5 1 -1 -1 0b 52 60 64 0f -1 -1 -1
1 1 0 27.4 53.5 1 -1 -1 0b 52 60 64 0f -1 -1 -1
1 1 0 27.4 53.5 1 -1 -1 0b 52 60 64 0f -1 -1 -1
1 1 0 27.5 53.5 1 -1 -1 0b 52 60 64 0f -1 -1 -1
1 1 0 27.5 53.5 1 -1 -1 0b 52 60 64 0f -1 -1 -1
1 1 0 27.6 53.5 1 -1 -1 0b 52 60 64 0f -1 -1 -1
1 1 0 27.6 53.5 1 -1 -1 0b 52 60 64 0f -1 -1 -1
1 1 0 27.6 53.5 1 -1 -1 0b 52 60 64 0f -1 -1 -1
1 1 0 27.7 53.5 1 -1 -1 0b 52 60 64 0f -1 -1 -1
1 1 0 27.7 54.0 1 -1 -1 0b 52 60 64 0f -1 -1 -1
1 1 0 27.7 53.5 1 -1 -1 0b 52 60 64 0f -1 -1 -1
1 1 0 27.8 54.0 1 -1 -1 0b 52 60 64 0f -1 -1 -1
1 1 0 27.7 54.0 1 -1 -1 0b 52 60 64 0f -1 -1 -1
1 1 0 27.7 54.0 1 -1 -1 0b 52 60 64 0f -1 -1 -1
1 1 0 27.8 54.5 1 -1 -1 0b 52 60 64 0f -1 -1 -1
1 1 0 27.8 54.5 1 -1 -1 0b 52 60 64 0f -1 -1 -1
1 1 0 27.8 55.0 1 -1 -1 0b 52 60 64 0f -1 -1 -1
1 1 0 27.9 55.0 1 -1 -1 0b 52 60 64 0f -1 -1 -1
1 1 0 27.8 55.0 1 -1 -1 0b 52 60 64 0f -1 -1 -1
1 1 0 27.9 55.0 1 -1 -1 0b 52 60 64 0f -1 -1 -1
1 1 0 27.9 55.0 1 -1 -1 0b 52 60 64 0f -1 -1 -1
1 1 0 27.9 55.0 1 -1 -1 0b 52 60 64 0f -1 -1 -1
1 1 0 28.0 55.5 1 -1 -1 0b 52 60 64 0f -1 -1 -1
1 1 0 28.0 55.0 1 -1 -1 0b 52 60 64 0f -1 -1 -1
1 1 0 28.0 55.5 1 -1 -1 0b 52 60 64 0f -1 -1 -1
1 1 0 28.0 55.5 1 -1 -1 0b 52 60 64 0f -1 -1 -1
1 1 0 28.1 55.5 1 -1 -1 0b 52 60 64 0f -1 -1 -1
1 1 0 28.1 56.0 1 -1 -1 0b 52 60 64 0f -1 -1 -1
1 1 0 28.1 55.5 1 -1 -1 0b 52 60 64 0f -1 -1 -1
1 1 0 28.1 56.0 1 -1 -1 0b 52 60 64 0f -1 -1 -1
1 1 0 28.1 56.0 1 -1 -1 0b 52 60 64 0f -1 -1 -1
1 1 0 28.2 56.0 1 -1 -1 0b 52 60 64 0f -1 -1 -1
1 1 0 28.1 56.0 1 -1 -1 0b 52 60 64 0f -1 -1 -1
1 1 0 28.2 56.5 1 -1 -1 0b 52 60 64 0f -1 -1 -1
1 1 0 28.2 57.0 1 -1 -1 0b 52 60 64 0f -1 -1 -1
1 1 0 28.2 57.0 1 -1 -1 0b 52 60 64 0f -1 -1 -1
1 1 0 28.2 57.0 1 -1 -1 0b 52 60 64 0f -1 -1 -1
1 1 0 28.3 57.5 1 -1 -1 0b 52 60 64 0f -1 -1 -1
1 1 0 28.2 57.0 1 -1 -1 0b 52 60 64 0f -1 -1 -1
1 1 0 28.2 57.0 1 -1 -1 0b 52 60 64 0f -1 -1 -1
1 1 0 28.3 57.0 1 -1 -1 0b 52 60 64 0f -1 -1 -1
1 1 0 28.3 57.5 1 -1 -1 0b 52 60 64 0f -1 -1 -1
1 1 0 28.3 57.5 1 -1 -1 0b 52 60 64 0f -1 -1 -1
1 1 0 28.3 57.5 1 -1 -1 0b 52 60 64 0f -1 -1 -1
1 1 0 28.3 57.5 1 -1 -1 0b 52 60 64 0f -1 -1 -1
1 1 0 28.4 57.5 1 -1 -1 0b 52 60 64 0f -1 -1 -1
1 1 0 28.4 57.5 1 -1 -1 0b 52 60 64 0f -1 -1 -1
1 1 0 28.4 57.5 1 -1 -1 0b 52 60 64 0f -1 -1 -1
1 1 0 28.4 57.5 1 -1 -1 0b 52 60 64 0f -1 -1 -1
1 1 0 28.4 58.0 1 -1 -1 0b 52 60 64 0f -1 -1 -1
1 1 0 28.4 58.0 1 -1 -1 0b 52 60 64 0f -1 -1 -1
1 1 0 28.5 58.0 1 -1 -1 0b 52 60 64 0f -1 -1 -1
1 1 0 28.5 58.0 1 -1 -1 0b 52 60 64 0f -1 -1 -1
1 1 0 28.5 58.5 1 -1 -1 0b 52 60 64 0f -1 -1 -1
1 1 0 28.6 58.5 1 -1 -1 0b 52 60 64 0f -1 -1 -1
1 1 0 28.5 58.5 1 -1 -1 0b 52 60 64 0f -1 -1 -1
1 1 0 28.5 59.0 1 -1 -1 0b 52 60 64 0f -1 -1 -1
1 1 0 28.6 59.0 1 -1 -1 0b 52 60 64 0f -1 -1 -1
1 1 0 28.6 59.0 1 -1 -1 0b 52 60 64 0f -1 -1 -1
1 1 0 28.6 58.5 1 -1 -1 0b 52 60 64 0f -1 -1 -1
1 1 0 28.6 59.0 1 -1 -1 0b 52 60 64 0f -1 -1 -1
1 1 0 28.6 58.5 1 -1 -1 0b 52 60 64 0f -1 -1 -1
1 1 0 28.7 58.5 1 -1 -1 0b 52 60 64 0f -1 -1 -1
1 1 0 28.6 58.5 1 -1 -1 0b 52 60 64 0f -1 -1 -1
1 1 0 28.6 59.0 1 -1 -1 0b 52 60 64 0f -1 -1 -1
1 1 0 28.7 59.0 1 -1 -1 0b 52 60 64 0f -1 -1 -1
1 1 0 28.7 59.0 1 -1 -1 0b 52 60 64 0f -1 -1 -1
1 1 0 28.7 59.0 1 -1 -1 0b 52 60 64 0f -1 -1 -1
1 1 0 28.6 59.5 1 -1 -1 0b 52 60 64 0f -1 -1 -1
1 1 0 28.7 59.5 1 -1 -1 0b 52 60 64 0f -1 -1 -1
1 1 0 28.8 59.0 1 -1 -1 0b 52 60 64 0f -1 -1 -1
1 1 0 28.7 59.0 1 -1 -1 0b 52 60 64 0f -1 -1 -1
1 1 0 28.7 59.0 1 -1 -1 0b 52 60 64 0f -1 -1 -1
1 1 0 28.8 59.0 1 -1 -1 0b 52 60 64 0f -1 -1 -1
1 1 0 28.8 59.0 1 -1 -1 0b 52 60 64 0f -1 -1 -1
