1 1 0 28.5 64.0 1 -1 -1 0b -1 -1 -1 -1 -1 -1 -1
1 1 0 28.5 64.0 1 -1 -1 0b -1 -1 -1 0f -1 -1 -1
1 1 0 28.5 64.0 1 -1 -1 0b -1 -1 -1 0f -1 -1 -1
1 1 0 28.5 64.0 1 -1 -1 0b -1 -1 -1 0f -1 -1 -1
1 1 0 28.5 64.0 1 -1 -1 0b -1 -1 -1 0f -1 -1 -1
1 1 0 28.5 64.5 1 -1 -1 0b -1 -1 -1 0f -1 -1 -1
1 1 0 28.5 64.5 1 -1 -1 0b -1 -1 -1 0f -1 -1 -1
1 1 0 28.5 64.5 1 -1 -1 0b -1 -1 -1 0f -1 -1 -1
1 1 0 28.5 64.0 1 -1 -1 0b -1 -1 -1 0f -1 -1 -1
1 1 0 28.6 63.5 1 -1 -1 0b -1 -1 -1 0f -1 -1 -1
1 1 0 28.5 63.5 1 -1 -1 0b -1 -1 -1 0f -1 -1 -1
1 1 0 28.5 63.5 1 -1 -1 0b -1 -1 -1 0f -1 -1 -1
1 1 0 28.6 63.5 1 -1 -1 0b -1 -1 -1 0f -1 -1 -1
1 1 0 28.6 63.5 1 -1 -1 0b -1 -1 -1 0f -1 -1 -1
1 1 0 28.5 64.0 1 -1 -1 0b -1 -1 -1 0f -1 -1 -1
1 1 0 28.6 63.5 1 -1 -1 0b -1 -1 -1 0f -1 -1 -1
1 1 0 28.6 63.5 1 -1 -1 0b -1 -1 -1 0f -1 -1 -1
1 1 0 28.6 63.5 1 -1 -1 0b -1 -1 -1 0f -1 -1 -1
1 1 0 28.6 63.0 1 -1 -1 0b -1 -1 -1 0f -1 -1 -1
1 1 0 28.6 63.5 1 -1 -1 0b -1 -1 -1 0f -1 -1 -1
1 1 0 28.6 63.5 1 -1 -1 0b -1 -1 -1 0f -1 -1 -1
1 1 0 28.7 63.5 1 -1 -1 0b -1 -1 -1 0f -1 -1 -1
1 1 0 28.6 64.0 1 -1 -1 0b -1 -1 -1 0f -1 -1 -1
1 1 0 28.6 64.0 1 -1 -1 0b -1 -1 -1 0f -1 -1 -1
1 1 0 28.6 63.5 1 -1 -1 0b -1 -1 -1 0f -1 -1 -1
1 1 0 28.6 63.5 1 -1 -1 0b -1 -1 -1 0f -1 -1 -1
1 1 0 28.6 64.0 1 -1 -1 0b -1 -1 -1 0f -1 -1 -1
1 1 0 28.6 64.0 1 -1 -1 0b -1 -1 -1 0f -1 -1 -1
1 1 0 28.6 64.0 1 -1 -1 0b -1 -1 -1 0f -1 -1 -1
1 1 0 28.6 64.0 1 -1 -1 0b -1 -1 -1 0f -1 -1 -1
1 1 0 28.6 64.5 1 -1 -1 0b -1 -1 -1 0f -1 -1 -1
1 1 0 28.6 64.5 1 -1 -1 0b -1 -1 -1 0f -1 -1 -1
1 1 0 28.6 64.5 1 -1 -1 0b -1 -1 -1 0f -1 -1 -1
1 1 0 28.6 64.5 1 -1 -1 0b -1 -1 -1 0f -1 -1 -1
1 1 0 28.6 65.0 1 -1 -1 0b -1 -1 -1 0f -1 -1 -1
1 1 0 28.7 65.0 1 -1 -1 0b -1 -1 -1 0f -1 -1 -1
1 1 0 28.6 65.0 1 -1 -1 0b -1 -1 -1 0f -1 -1 -1
1 1 0 28.6 65.0 1 -1 -1 0b -1 -1 -1 0f -1 -1 -1
1 1 0 28.7 65.0 1 -1 -1 0b -1 -1 -1 0f -1 -1 -1
1 1 0 28.6 65.0 1 -1 -1 0b -1 -1 -1 0f -1 -1 -1
1 1 0 28.7 65.0 1 -1 -1 0b -1 -1 -1 0f -1 -1 -1
1 1 0 28.7 64.5 1 -1 -1 0b -1 -1 -1 0f -1 -1 -1
1 1 0 28.6 64.0 1 -1 -1 0b -1 -1 -1 0f -1 -1 -1
1 1 0 28.7 64.0 1 -1 -1 0b -1 -1 -1 0f -1 -1 -1
1 1 0 28.7 64.5 1 -1 -1 0b -1 -1 -1 0f -1 -1 -1
1 1 0 28.7 64.5 1 -1 -1 0b -1 -1 -1 0f -1 -1 -1
1 1 0 28.6 64.0 1 -1 -1 0b -1 -1 -1 0f -1 -1 -1
1 1 0 28.7 63.5 1 -1 -1 0b -1 -1 -1 0f -1 -1 -1
1 1 0 28.7 63.5 1 -1 -1 0b -1 -1 -1 0f -1 -1 -1
1 1 0 28.7 64.0 1 -1 -1 0b -1 -1 -1 0f -1 -1 -1
1 1 0 28.7 64.0 1 -1 -1 0b -1 -1 -1 0f -1 -1 -1
1 1 0 28.7 64.0 1 -1 -1 0b -1 -1 -1 0f -1 -1 -1
1 1 0 28.7 63.5 1 -1 -1 0b -1 -1 -1 0f -1 -1 -1
1 1 0 28.7 63.5 1 -1 -1 0b -1 -1 -1 0f -1 -1 -1
1 1 0 28.6 63.0 1 -1 -1 0b -1 -1 -1 0f -1 -1 -1
1 1 0 28.7 63.0 1 -1 -1 0b -1 -1 -1 0f -1 -1 -1
1 1 0 28.6 63.0 1 -1 -1 0b -1 -1 -1 0f -1 -1 -1
1 1 0 28.7 64.0 1 -1 -1 0b -1 -1 -1 0f -1 -1 -1
1 1 0 28.7 64.0 1 -1 -1 0b -1 -1 -1 0f -1 -1 -1
1 1 0 28.7 64.0 1 -1 -1 0b -1 -1 -1 0f -1 -1 -1
1 1 0 28.7 64.5 1 -1 -1 0b -1 -1 -1 0f -1 -1 -1
1 1 0 28.7 64.5 1 -1 -1 0b -1 -1 -1 0f -1 -1 -1
1 1 0 28.7 65.0 1 -1 -1 0b -1 -1 -1 0f -1 -1 -1
1 1 0 28.7 65.0 1 -1 -1 0b -1 -1 -1 0f -1 -1 -1
1 1 0 28.7 65.0 1 -1 -1 0b -1 -1 -1 0f -1 -1 -1
1 1 0 28.7 65.0 1 -1 -1 0b -1 -1 -1 0f -1 -1 -1
1 1 0 28.7 65.0 1 -1 -1 0b -1 -1 -1 0f -1 -1 -1
1 1 0 28.7 65.0 1 -1 -1 0b -1 -1 -1 0f -1 -1 -1
1 1 0 28.7 65.0 1 -1 -1 0b -1 -1 -1 0f -1 -1 -1
1 1 0 28.8 65.0 1 -1 -1 0b -1 -1 -1 0f -1 -1 -1
1 1 0 28.7 65.5 1 -1 -1 0b -1 -1 -1 0f -1 -1 -1
1 1 0 28.7 65.0 1 -1 -1 0b -1 -1 -1 0f -1 -1 -1
1 1 0 28.8 65.0 1 -1 -1 0b -1 -1 -1 0f -1 -1 -1
1 1 0 28.7 64.5 1 -1 -1 0b -1 -1 -1 0f -1 -1 -1
1 1 0 28.7 64.0 1 -1 -1 0b -1 -1 -1 0f -1 -1 -1
1 1 0 28.7 64.0 1 -1 -1 0b -1 -1 -1 0f -1 -1 -1
1 1 0 28.8 63.5 1 -1 -1 0b -1 -1 -1 0f -1 -1 -1
1 1 0 28.7 63.5 1 -1 -1 0b -1 -1 -1 0f -1 -1 -1
1 1 0 28.7 63.5 1 -1 -1 0b -1 -1 -1 0f -1 -1 -1
1 1 0 28.8 63.0 1 -1 -1 0b -1 -1 -1 0f -1 -1 -1
1 1 0 28.8 63.0 1 -1 -1 0b -1 -1 -1 0f -1 -1 -1
1 1 0 28.7 63.0 1 -1 -1 0b -1 -1 -1 0f -1 -1 -1
1 1 0 28.8 63.0 1 -1 -1 0b -1 -1 -1 0f -1 -1 -1
1 1 0 28.7 63.0 1 -1 -1 0b -1 -1 -1 0f -1 -1 -1
1 1 0 28.8 63.0 1 -1 -1 0b -1 -1 -1 0f -1 -1 -1
1 1 0 28.8 62.5 1 -1 -1 0b -1 -1 -1 0f -1 -1 -1
1 1 0 28.8 62.5 1 -1 -1 0b -1 -1 -1 0f -1 -1 -1
1 1 0 28.7 62.5 1 -1 -1 0b -1 -1 -1 0f -1 -1 -1
1 1 0 28.8 62.5 1 -1 -1 0b -1 -1 -1 0f -1 -1 -1
1 1 0 28.8 62.5 1 -1 -1 0b -1 -1 -1 0f -1 -1 -1
1 1 0 28.8 62.5 1 -1 -1 0b -1 -1 -1 0f -1 -1 -1
1 1 0 28.8 62.5 1 -1 -1 0b -1 -1 -1 0f -1 -1 -1
1 1 0 28.7 62.5 1 -1 -1 0b -1 -1 -1 0f -1 -1 -1
1 1 0 28.7 62.5 1 -1 -1 0b -1 -1 -1 0f -1 -1 -1
1 1 0 28.8 63.0 1 -1 -1 0b -1 -1 -1 0f -1 -1 -1
1 1 0 28.8 63.0 1 -1 -1 0b -1 -1 -1 0f -1 -1 -1
1 1 0 28.8 62.5 1 -1 -1 0b -1 -1 -1 0f -1 -1 -1
1 1 0 28.8 62.5 1 -1 -1 0b -1 -1 -1 0f -1 -1 -1
1 1 0 28.7 63.0 1 -1 -1 0b -1 -1 -1 0f -1 -1 -1
1 1 0 28.8 64.0 1 -1 -1 0b -1 -1 -1 0f -1 -1 -1
1 1 0 28.8 64.0 1 -1 -1 0b -1 -1 -1 0f -1 -1 -1
1 1 0 28.7 63.5 1 -1 -1 0b -1 -1 -1 0f -1 -1 -1
1 1 0 28.7 63.5 1 -1 -1 0b -1 -1 -1 0f -1 -1 -1
1 1 0 28.8 63.0 1 -1 -1 0b -1 -1 -1 0f -1 -1 -1
1 1 0 28.8 63.0 1 -1 -1 0b -1 -1 -1 0f -1 -1 -1
1 1 0 28.8 62.5 1 -1 -1 0b -1 -1 -1 0f -1 -1 -1
1 1 0 28.9 62.5 1 -1 -1 0b -1 -1 -1 0f -1 -1 -1
1 1 0 28.9 62.5 1 -1 -1 0b -1 -1 -1 0f -1 -1 -1
1 1 0 28.8 62.5 1 -1 -1 0b -1 -1 -1 0f -1 -1 -1
1 1 0 28.8 62.5 1 -1 -1 0b -1 -1 -1 0f -1 -1 -1
1 1 0 28.9 62.5 1 -1 -1 0b -1 -1 -1 0f -1 -1 -1
1 1 0 28.8 63.0 1 -1 -1 0b -1 -1 -1 0f -1 -1 -1
1 1 0 28.8 64.0 1 -1 -1 0b -1 -1 -1 0f -1 -1 -1
1 1 0 28.8 64.5 1 -1 -1 0b -1 -1 -1 0f -1 -1 -1
1 1 0 28.8 64.5 1 -1 -1 0b -1 -1 -1 0f -1 -1 -1
1 1 0 28.8 64.5 1 -1 -1 0b -1 -1 -1 0f -1 -1 -1
1 1 0 28.8 64.5 1 -1 -1 0b -1 -1 -1 0f -1 -1 -1
1 1 0 28.8 64.5 1 -1 -1 0b -1 -1 -1 0f -1 -1 -1
1 1 0 28.8 65.0 1 -1 -1 0b -1 -1 -1 0f -1 -1 -1
1 1 0 28.8 65.5 1 -1 -1 0b -1 -1 -1 0f -1 -1 -1
1 1 0 28.8 65.5 1 -1 -1 0b -1 -1 -1 0f -1 -1 -1
1 1 0 28.9 65.5 1 -1 -1 0b -1 -1 -1 0f -1 -1 -1
1 1 0 28.8 65.5 1 -1 -1 0b -1 -1 -1 0f -1 -1 -1
1 1 0 28.9 65.5 1 -1 -1 0b -1 -1 -1 0f -1 -1 -1
1 1 0 28.8 65.5 1 -1 -1 0b -1 -1 -1 0f -1 -1 -1
1 1 0 28.8 65.5 1 -1 -1 0b -1 -1 -1 0f -1 -1 -1
1 1 0 28.8 65.5 1 -1 -1 0b -1 -1 -1 0f -1 -1 -1
1 1 0 28.8 65.0 1 -1 -1 0b -1 -1 -1 0f -1 -1 -1
1 1 0 28.9 64.5 1 -1 -1 0b -1 -1 -1 0f -1 -1 -1
1 1 0 28.8 64.5 1 -1 -1 0b -1 -1 -1 0f -1 -1 -1
1 1 0 28.8 65.0 1 -1 -1 0b -1 -1 -1 0f -1 -1 -1
1 1 0 28.9 65.0 1 -1 -1 0b -1 -1 -1 0f -1 -1 -1
1 1 0 28.8 65.0 1 -1 -1 0b -1 -1 -1 0f -1 -1 -1
1 1 0 28.8 64.5 1 -1 -1 0b -1 -1 -1 0f -1 -1 -1
1 1 0 28.9 65.0 1 -1 -1 0b -1 -1 -1 0f -1 -1 -1
1 1 0 28.9 65.0 1 -1 -1 0b -1 -1 -1 0f -1 -1 -1
1 1 0 28.9 65.0 1 -1 -1 0b -1 -1 -1 0f -1 -1 -1
1 1 0 28.8 64.5 1 -1 -1 0b -1 -1 -1 0f -1 -1 -1
1 1 0 28.8 64.5 1 -1 -1 0b -1 -1 -1 0f -1 -1 -1
1 1 0 28.8 64.0 1 -1 -1 0b -1 -1 -1 0f -1 -1 -1
1 1 0 28.8 64.0 1 -1 -1 0b -1 -1 -1 0f -1 -1 -1
1 1 0 28.8 63.5 1 -1 -1 0b -1 -1 -1 0f -1 -1 -1
1 1 0 28.8 64.5 1 -1 -1 0b -1 -1 -1 0f -1 -1 -1
1 1 0 28.8 64.5 1 -1 -1 0b -1 -1 -1 0f -1 -1 -1
1 1 0 28.8 64.5 1 -1 -1 0b -1 -1 -1 0f -1 -1 -1
1 1 0 28.8 64.5 1 -1 -1 0b -1 -1 -1 0f -1 -1 -1
1 1 0 28.9 64.0 1 -1 -1 0b -1 -1 -1 0f -1 -1 -1
1 1 0 28.9 64.5 1 -1 -1 0b -1 -1 -1 0f -1 -1 -1
1 1 0 28.8 65.0 1 -1 -1 0b -1 -1 -1 0f -1 -1 -1
1 1 0 28.9 65.0 1 -1 -1 0b -1 -1 -1 0f -1 -1 -1
1 1 0 28.9 65.0 1 -1 -1 0b -1 -1 -1 0f -1 -1 -1
1 1 0 28.8 65.0 1 -1 -1 0b -1 -1 -1 0f -1 -1 -1
1 1 0 28.9 65.0 1 -1 -1 0b -1 -1 -1 0f -1 -1 -1
1 1 0 28.9 65.0 1 -1 -1 0b -1 -1 -1 0f -1 -1 -1
1 1 0 28.9 65.0 1 -1 -1 0b -1 -1 -1 0f -1 -1 -1
1 1 0 28.9 65.5 1 -1 -1 0b -1 -1 -1 0f -1 -1 -1
1 1 0 28.8 65.5 1 -1 -1 0b -1 -1 -1 0f -1 -1 -1
1 1 0 28.9 65.5 1 -1 -1 0b -1 -1 -1 0f -1 -1 -1
1 1 0 28.8 65.5 1 -1 -1 0b -1 -1 -1 0f -1 -1 -1
1 1 0 28.9 65.0 1 -1 -1 0b -1 -1 -1 0f -1 -1 -1
1 1 0 28.8 65.0 1 -1 -1 0b -1 -1 -1 0f -1 -1 -1
1 1 0 28.9 65.5 1 -1 -1 0b -1 -1 -1 0f -1 -1 -1
1 1 0 28.9 65.5 1 -1 -1 0b -1 -1 -1 0f -1 -1 -1
1 1 0 28.9 65.0 1 -1 -1 0b -1 -1 -1 0f -1 -1 -1
1 1 0 28.8 64.5 1 -1 -1 0b -1 -1 -1 0f -1 -1 -1
1 1 0 28.8 64.5 1 -1 -1 0b -1 -1 -1 0f -1 -1 -1
1 1 0 28.9 64.5 1 -1 -1 0b -1 -1 -1 0f -1 -1 -1
1 1 0 28.9 64.0 1 -1 -1 0b -1 -1 -1 0f -1 -1 -1
1 1 0 28.9 64.5 1 -1 -1 0b -1 -1 -1 0f -1 -1 -1
1 1 0 28.8 65.0 1 -1 -1 0b -1 -1 -1 0f -1 -1 -1
1 1 0 28.8 65.0 1 -1 -1 0b -1 -1 -1 0f -1 -1 -1
1 1 0 28.9 65.5 1 -1 -1 0b -1 -1 -1 0f -1 -1 -1
1 1 0 28.9 65.5 1 -1 -1 0b -1 -1 -1 0f -1 -1 -1
1 1 0 28.9 65.5 1 -1 -1 0b -1 -1 -1 0f -1 -1 -1
1 1 0 28.9 65.5 1 -1 -1 0b -1 -1 -1 0f -1 -1 -1
1 1 0 28.9 65.5 1 -1 -1 0b -1 -1 -1 0f -1 -1 -1
1 1 0 28.8 66.0 1 -1 -1 0b -1 -1 -1 0f -1 -1 -1
1 1 0 28.9 66.0 1 -1 -1 0b -1 -1 -1 0f -1 -1 -1
1 1 0 28.9 66.0 1 -1 -1 0b -1 -1 -1 0f -1 -1 -1
1 1 0 28.9 66.0 1 -1 -1 0b -1 -1 -1 0f -1 -1 -1
1 1 0 28.9 66.0 1 -1 -1 0b -1 -1 -1 0f -1 -1 -1
1 1 0 28.9 66.0 1 -1 -1 0b -1 -1 -1 0f -1 -1 -1
1 1 0 28.9 66.0 1 -1 -1 0b -1 -1 -1 0f -1 -1 -1
1 1 0 28.9 65.5 1 -1 -1 0b -1 -1 -1 0f -1 -1 -1
1 1 0 28.9 65.5 1 -1 -1 0b -1 -1 -1 0f -1 -1 -1
1 1 0 28.9 65.5 1 -1 -1 0b -1 -1 -1 0f -1 -1 -1
1 1 0 28.9 65.0 1 -1 -1 0b -1 -1 -1 0f -1 -1 -1
1 1 0 28.9 65.5 1 -1 -1 0b -1 -1 -1 0f -1 -1 -1
1 1 0 28.9 65.5 1 -1 -1 0b -1 -1 -1 0f -1 -1 -1
1 1 0 28.9 65.5 1 -1 -1 0b -1 -1 -1 0f -1 -1 -1
1 1 0 28.9 66.0 1 -1 -1 0b -1 -1 -1 0f -1 -1 -1
1 1 0 28.9 66.0 1 -1 -1 0b -1 -1 -1 0f -1 -1 -1
1 1 0 28.9 66.0 1 -1 -1 0b -1 -1 -1 0f -1 -1 -1
1 1 0 28.9 66.0 1 -1 -1 0b -1 -1 -1 0f -1 -1 -1
1 1 0 28.9 66.0 1 -1 -1 0b -1 -1 -1 0f -1 -1 -1
1 1 0 28.9 66.0 1 -1 -1 0b -1 -1 -1 0f -1 -1 -1
1 1 0 28.9 66.0 1 -1 -1 0b -1 -1 -1 0f -1 -1 -1
1 1 0 28.8 66.0 1 -1 -1 0b -1 -1 -1 0f -1 -1 -1
1 1 0 28.9 66.0 1 -1 -1 0b -1 -1 -1 0f -1 -1 -1
1 1 0 28.9 66.0 1 -1 -1 0b -1 -1 -1 0f -1 -1 -1
1 1 0 28.9 66.0 1 -1 -1 0b -1 -1 -1 0f -1 -1 -1
1 1 0 28.9 65.5 1 -1 -1 0b -1 -1 -1 0f -1 -1 -1
1 1 0 28.9 65.0 1 -1 -1 0b -1 -1 -1 0f -1 -1 -1
1 1 0 28.9 65.0 1 -1 -1 0b -1 -1 -1 0f -1 -1 -1
1 1 0 28.9 65.0 1 -1 -1 0b -1 -1 -1 0f -1 -1 -1
1 1 0 28.9 64.5 1 -1 -1 0b -1 -1 -1 0f -1 -1 -1
1 1 0 28.9 65.0 1 -1 -1 0b -1 -1 -1 0f -1 -1 -1
1 1 0 28.9 65.5 1 -1 -1 0b -1 -1 -1 0f -1 -1 -1
1 1 0 28.9 65.5 1 -1 -1 0b -1 -1 -1 0f -1 -1 -1
1 1 0 28.9 65.5 1 -1 -1 0b -1 -1 -1 0f -1 -1 -1
1 1 0 28.9 65.5 1 -1 -1 0b -1 -1 -1 0f -1 -1 -1
1 1 0 28.9 65.5 1 -1 -1 0b -1 -1 -1 0f -1 -1 -1
1 1 0 28.9 65.5 1 -1 -1 0b -1 -1 -1 0f -1 -1 -1
1 1 0 29.0 65.5 1 -1 -1 0b -1 -1 -1 0f -1 -1 -1
1 1 0 28.9 65.5 1 -1 -1 0b -1 -1 -1 0f -1 -1 -1
1 1 0 28.9 65.5 1 -1 -1 0b -1 -1 -1 0f -1 -1 -1
1 1 0 28.9 65.5 1 -1 -1 0b -1 -1 -1 0f -1 -1 -1
1 1 0 28.9 65.5 1 -1 -1 0b -1 -1 -1 0f -1 -1 -1
1 1 0 28.9 65.5 1 -1 -1 0b -1 -1 -1 0f -1 -1 -1
1 1 0 29.0 65.5 1 -1 -1 0b -1 -1 -1 0f -1 -1 -1
1 1 0 28.9 65.5 1 -1 -1 0b -1 -1 -1 0f -1 -1 -1
1 1 0 29.0 65.5 1 -1 -1 0b -1 -1 -1 0f -1 -1 -1
1 1 0 28.9 66.0 1 -1 -1 0b -1 -1 -1 0f -1 -1 -1
1 1 0 28.9 66.0 1 -1 -1 0b -1 -1 -1 0f -1 -1 -1
1 1 0 28.9 66.0 1 -1 -1 0b -1 -1 -1 0f -1 -1 -1
1 1 0 28.9 66.0 1 -1 -1 0b -1 -1 -1 0f -1 -1 -1
1 1 0 29.0 66.0 1 -1 -1 0b -1 -1 -1 0f -1 -1 -1
1 1 0 28.9 66.0 1 -1 -1 0b -1 -1 -1 0f -1 -1 -1
1 1 0 28.9 66.0 1 -1 -1 0b -1 -1 -1 0f -1 -1 -1
1 1 0 28.9 66.0 1 -1 -1 0b -1 -1 -1 0f -1 -1 -1
1 1 0 28.9 66.0 1 -1 -1 0b -1 -1 -1 0f -1 -1 -1
1 1 0 28.9 66.0 1 -1 -1 0b -1 -1 -1 0f -1 -1 -1
1 1 0 28.9 66.0 1 -1 -1 0b -1 -1 -1 0f -1 -1 -1
1 1 0 28.9 66.0 1 -1 -1 0b -1 -1 -1 0f -1 -1 -1
1 1 0 28.9 66.0 1 -1 -1 0b -1 -1 -1 0f -1 -1 -1
1 1 0 29.0 66.0 1 -1 -1 0b -1 -1 -1 0f -1 -1 -1
1 1 0 28.9 65.5 1 -1 -1 0b -1 -1 -1 0f -1 -1 -1
1 1 0 29.0 65.5 1 -1 -1 0b -1 -1 -1 0f -1 -1 -1
1 1 0 29.0 65.0 1 -1 -1 0b -1 -1 -1 0f -1 -1 -1
1 1 0 29.0 65.0 1 -1 -1 0b -1 -1 -1 0f -1 -1 -1
1 1 0 28.9 65.0 1 -1 -1 0b -1 -1 -1 0f -1 -1 -1
1 1 0 28.9 64.5 1 -1 -1 0b -1 -1 -1 0f -1 -1 -1
1 1 0 28.9 64.5 1 -1 -1 0b -1 -1 -1 0f -1 -1 -1
1 1 0 29.0 64.5 1 -1 -1 0b -1 -1 -1 0f -1 -1 -1
1 1 0 28.9 64.5 1 -1 -1 0b -1 -1 -1 0f -1 -1 -1
1 1 0 28.9 64.0 1 -1 -1 0b -1 -1 -1 0f -1 -1 -1
1 1 0 29.0 64.0 1 -1 -1 0b -1 -1 -1 0f -1 -1 -1
1 1 0 28.9 64.0 1 -1 -1 0b -1 -1 -1 0f -1 -1 -1
1 1 0 29.0 64.5 1 -1 -1 0b -1 -1 -1 0f -1 -1 -1
1 1 0 29.0 65.0 1 -1 -1 0b -1 -1 -1 0f -1 -1 -1
1 1 0 29.0 65.5 1 -1 -1 0b -1 -1 -1 0f -1 -1 -1
1 1 0 29.0 65.0 1 -1 -1 0b -1 -1 -1 0f -1 -1 -1
1 1 0 29.0 65.0 1 -1 -1 0b -1 -1 -1 0f -1 -1 -1
1 1 0 28.9 65.0 1 -1 -1 0b -1 -1 -1 0f -1 -1 -1
1 1 0 29.0 65.0 1 -1 -1 0b -1 -1 -1 0f -1 -1 -1
1 1 0 28.9 65.5 1 -1 -1 0b -1 -1 -1 0f -1 -1 -1
1 1 0 28.9 65.5 1 -1 -1 0b -1 -1 -1 0f -1 -1 -1
1 1 0 28.9 65.5 1 -1 -1 0b -1 -1 -1 0f -1 -1 -1
1 1 0 29.0 65.5 1 -1 -1 0b -1 -1 -1 0f -1 -1 -1
1 1 0 29.0 65.0 1 -1 -1 0b -1 -1 -1 0f -1 -1 -1
1 1 0 28.9 65.0 1 -1 -1 0b -1 -1 -1 0f -1 -1 -1
1 1 0 29.0 65.0 1 -1 -1 0b -1 -1 -1 0f -1 -1 -1
1 1 0 28.9 65.0 1 -1 -1 0b -1 -1 -1 0f -1 -1 -1
1 1 0 28.9 65.0 1 -1 -1 0b -1 -1 -1 0f -1 -1 -1
1 1 0 29.0 65.0 1 -1 -1 0b -1 -1 -1 0f -1 -1 -1
1 1 0 28.9 65.0 1 -1 -1 0b -1 -1 -1 0f -1 -1 -1
1 1 0 29.0 65.5 1 -1 -1 0b -1 -1 -1 0f -1 -1 -1
1 1 0 29.0 65.5 1 -1 -1 0b -1 -1 -1 0f -1 -1 -1
1 1 0 29.0 66.0 1 -1 -1 0b -1 -1 -1 0f -1 -1 -1
1 1 0 28.9 66.0 1 -1 -1 0b -1 -1 -1 0f -1 -1 -1
1 1 0 28.9 66.0 1 -1 -1 0b -1 -1 -1 0f -1 -1 -1
1 1 0 29.0 66.0 1 -1 -1 0b -1 -1 -1 0f -1 -1 -1
1 1 0 29.0 66.0 1 -1 -1 0b -1 -1 -1 0f -1 -1 -1
1 1 0 28.9 66.0 1 -1 -1 0b -1 -1 -1 0f -1 -1 -1
1 1 0 29.0 66.0 1 -1 -1 0b -1 -1 -1 0f -1 -1 -1
1 1 0 28.9 66.0 1 -1 -1 0b -1 -1 -1 0f -1 -1 -1
1 1 0 29.0 66.0 1 -1 -1 0b -1 -1 -1 0f -1 -1 -1
1 1 0 29.0 66.0 1 -1 -1 0b -1 -1 -1 0f -1 -1 -1
1 1 0 29.0 66.5 1 -1 -1 0b -1 -1 -1 0f -1 -1 -1
1 1 0 28.9 66.5 1 -1 -1 0b -1 -1 -1 0f -1 -1 -1
1 1 0 29.0 66.0 1 -1 -1 0b -1 -1 -1 0f -1 -1 -1
1 1 0 29.0 66.0 1 -1 -1 0b -1 -1 -1 0f -1 -1 -1
1 1 0 28.9 66.0 1 -1 -1 0b -1 -1 -1 0f -1 -1 -1
1 1 0 29.0 66.0 1 -1 -1 0b -1 -1 -1 0f -1 -1 -1
1 1 0 29.0 66.0 1 -1 -1 0b -1 -1 -1 0f -1 -1 -1
1 1 0 29.0 66.0 1 -1 -1 0b -1 -1 -1 0f -1 -1 -1
1 1 0 29.0 66.0 1 -1 -1 0b -1 -1 -1 0f -1 -1 -1
1 1 0 29.0 66.5 1 -1 -1 0b -1 -1 -1 0f -1 -1 -1
1 1 0 29.0 66.5 1 -1 -1 0b -1 -1 -1 0f -1 -1 -1
1 1 0 29.0 66.5 1 -1 -1 0b -1 -1 -1 0f -1 -1 -1
1 1 0 29.0 66.5 1 -1 -1 0b -1 -1 -1 0f -1 -1 -1
1 1 0 28.9 66.0 1 -1 -1 0b -1 -1 -1 0f -1 -1 -1
1 1 0 28.9 66.0 1 -1 -1 0b -1 -1 -1 0f -1 -1 -1
1 1 0 29.0 66.0 1 -1 -1 0b -1 -1 -1 0f -1 -1 -1
1 1 0 29.0 66.0 1 -1 -1 0b -1 -1 -1 0f -1 -1 -1
1 1 0 29.0 66.0 1 -1 -1 0b -1 -1 -1 0f -1 -1 -1
1 1 0 29.0 66.0 1 -1 -1 0b -1 -1 -1 0f -1 -1 -1
1 1 0 29.0 66.0 1 -1 -1 0b -1 -1 -1 0f -1 -1 -1
1 1 0 28.9 66.0 1 -1 -1 0b -1 -1 -1 0f -1 -1 -1
1 1 0 28.9 66.0 1 -1 -1 0b -1 -1 -1 0f -1 -1 -1
1 1 0 29.0 66.0 1 -1 -1 0b -1 -1 -1 0f -1 -1 -1
1 1 0 29.0 66.0 1 -1 -1 0b -1 -1 -1 0f -1 -1 -1
1 1 0 28.9 66.0 1 -1 -1 0b -1 -1 -1 0f -1 -1 -1
1 1 0 28.9 66.0 1 -1 -1 0b -1 -1 -1 0f -1 -1 -1
1 1 0 29.0 66.0 1 -1 -1 0b -1 -1 -1 0f -1 -1 -1
1 1 0 29.0 66.0 1 -1 -1 0b -1 -1 -1 0f -1 -1 -1
1 1 0 29.0 66.5 1 -1 -1 0b -1 -1 -1 0f -1 -1 -1
1 1 0 29.0 66.0 1 -1 -1 0b -1 -1 -1 0f -1 -1 -1
1 1 0 29.0 66.0 1 -1 -1 0b -1 -1 -1 0f -1 -1 -1
1 1 0 29.1 66.0 1 -1 -1 0b -1 -1 -1 0f -1 -1 -1
1 1 0 29.0 66.0 1 -1 -1 0b -1 -1 -1 0f -1 -1 -1
1 1 0 29.0 65.5 1 -1 -1 0b -1 -1 -1 0f -1 -1 -1
1 1 0 29.0 65.5 1 -1 -1 0b -1 -1 -1 0f -1 -1 -1
1 1 0 28.9 66.0 1 -1 -1 0b -1 -1 -1 0f -1 -1 -1
1 1 0 29.0 66.0 0 -1 -1 0b -1 -1 -1 0f -1 -1 -1
1 1 0 29.0 66.0 0 -1 -1 0b -1 -1 -1 0f -1 -1 -1
1 1 0 29.0 66.0 0 -1 -1 0b -1 -1 -1 0f -1 -1 -1
1 1 0 29.0 66.0 0 -1 -1 0b -1 -1 -1 0f -1 -1 -1
1 1 0 29.0 65.5 0 -1 -1 0b -1 -1 -1 0f -1 -1 -1
1 1 0 29.0 65.5 0 -1 -1 0b -1 -1 -1 0f -1 -1 -1
1 1 0 29.0 65.0 0 -1 -1 0b -1 -1 -1 0f -1 -1 -1
1 1 0 29.0 65.5 0 -1 -1 0b -1 -1 -1 0f -1 -1 -1
1 1 0 29.0 66.0 0 -1 -1 0b -1 -1 -1 0f -1 -1 -1
1 1 0 29.0 66.0 2 -1 -1 0b -1 -1 -1 0f -1 -1 -1
1 1 0 29.0 66.0 2 -1 -1 0b -1 -1 -1 0f -1 -1 -1
1 1 0 29.0 66.0 2 -1 -1 0b -1 -1 -1 0f -1 -1 -1
1 1 0 29.0 66.0 2 -1 -1 0b -1 -1 -1 0f -1 -1 -1
1 1 0 29.0 66.0 1 -1 -1 0b -1 -1 -1 0f -1 -1 -1
1 1 0 29.0 66.0 1 -1 -1 0b -1 -1 -1 0f -1 -1 -1
1 1 0 29.0 66.0 2 -1 -1 0b -1 -1 -1 0f -1 -1 -1
1 1 0 29.0 66.0 4 -1 -1 0b -1 -1 -1 0f -1 -1 -1
1 1 0 29.0 66.0 1 -1 -1 0b -1 -1 -1 0f -1 -1 -1
1 1 0 29.0 66.0 2 -1 -1 0b -1 -1 -1 0f -1 -1 -1
1 1 0 29.0 66.0 4 -1 -1 0b -1 -1 -1 0f -1 -1 -1
1 1 0 29.0 66.0 2 -1 -1 0b -1 -1 -1 0f -1 -1 -1
1 1 0 29.0 66.5 3 -1 -1 0b -1 -1 -1 0f -1 -1 -1
1 1 0 29.0 66.0 5 -1 -1 0b -1 -1 -1 0f -1 -1 -1
1 1 0 29.0 65.5 5 -1 -1 0b -1 -1 -1 0f -1 -1 -1
1 1 0 28.9 65.5 3 -1 -1 0b -1 -1 -1 0f -1 -1 -1
1 1 0 29.0 65.5 5 -1 -1 0b -1 -1 -1 0f -1 -1 -1
1 1 0 29.0 65.0 5 -1 -1 0b -1 -1 -1 0f -1 -1 -1
1 1 0 29.0 65.0 7 -1 -1 0b -1 -1 -1 0f -1 -1 -1
1 1 0 29.0 65.0 9 -1 -1 0b -1 -1 -1 0f -1 -1 -1
1 1 0 29.0 64.5 5 -1 -1 0b -1 -1 -1 0f -1 -1 -1
1 1 0 29.0 64.5 5 -1 -1 0b -1 -1 -1 0f -1 -1 -1
1 1 0 29.0 64.5 5 -1 -1 0b -1 -1 -1 0f -1 -1 -1
1 1 0 29.0 64.5 5 -1 -1 0b -1 -1 -1 0f -1 -1 -1
1 1 0 29.1 64.5 6 -1 -1 0b -1 -1 -1 0f -1 -1 -1
1 1 0 29.0 64.5 2 -1 -1 0b -1 -1 -1 0f -1 -1 -1
1 1 0 29.1 64.5 2 -1 -1 0b -1 -1 -1 0f -1 -1 -1
1 1 0 29.1 64.5 4 -1 -1 0b -1 -1 -1 0f -1 -1 -1
1 1 0 29.1 64.0 4 -1 -1 0b -1 -1 -1 0f -1 -1 -1
1 1 0 29.0 64.0 4 -1 -1 0b -1 -1 -1 0f -1 -1 -1
1 1 0 29.1 64.0 4 -1 -1 0b -1 -1 -1 0f -1 -1 -1
1 1 0 29.0 64.0 4 -1 -1 0b -1 -1 -1 0f -1 -1 -1
1 1 0 29.1 65.0 6 -1 -1 0b -1 -1 -1 0f -1 -1 -1
1 1 0 29.0 65.0 6 -1 -1 0b -1 -1 -1 0f -1 -1 -1
1 1 0 29.0 65.5 6 -1 -1 0b -1 -1 -1 0f -1 -1 -1
1 1 0 29.0 65.5 6 -1 -1 0b -1 -1 -1 0f -1 -1 -1
1 1 0 29.1 65.5 5 -1 -1 0b -1 -1 -1 0f -1 -1 -1
1 1 0 29.0 65.5 5 -1 -1 0b -1 -1 -1 0f -1 -1 -1
1 1 0 29.1 65.5 5 -1 -1 0b -1 -1 -1 0f -1 -1 -1
1 1 0 29.0 66.0 7 -1 -1 0b -1 -1 -1 0f -1 -1 -1
1 1 0 29.0 66.0 7 -1 -1 0b -1 -1 -1 0f -1 -1 -1
1 1 0 29.1 66.0 7 -1 -1 0b -1 -1 -1 0f -1 -1 -1
1 1 0 29.1 66.0 9 -1 -1 0b -1 -1 -1 0f -1 -1 -1
1 1 0 29.1 66.0 7 -1 -1 0b -1 -1 -1 0f -1 -1 -1
1 1 0 29.0 66.0 7 -1 -1 0b -1 -1 -1 0f -1 -1 -1
1 1 0 29.1 66.0 7 -1 -1 0b -1 -1 -1 0f -1 -1 -1
1 1 0 29.1 66.0 7 -1 -1 0b -1 -1 -1 0f -1 -1 -1
1 1 0 29.0 66.0 7 -1 -1 0b -1 -1 -1 0f -1 -1 -1
1 1 0 29.1 66.0 9 -1 -1 0b -1 -1 -1 0f -1 -1 -1
1 1 0 29.0 66.0 11 -1 -1 0b -1 -1 -1 0f -1 -1 -1
1 1 0 29.1 65.5 9 -1 -1 0b -1 -1 -1 0f -1 -1 -1
1 1 0 29.1 65.5 9 -1 -1 0b -1 -1 -1 0f -1 -1 -1
1 1 0 29.0 65.0 7 -1 -1 0b -1 -1 -1 0f -1 -1 -1
1 1 0 29.0 65.0 9 -1 -1 0b -1 -1 -1 0f -1 -1 -1
1 1 0 29.1 64.5 11 -1 -1 0b -1 -1 -1 0f -1 -1 -1
1 1 0 29.1 64.5 9 -1 -1 0b -1 -1 -1 0f -1 -1 -1
1 1 0 29.0 64.5 13 -1 -1 0b -1 -1 -1 0f -1 -1 -1
1 1 0 29.1 64.5 18 -1 -1 0b -1 -1 -1 0f -1 -1 -1
1 1 0 29.1 64.5 25 -1 -1 0b -1 -1 -1 0f -1 -1 -1
1 1 0 29.1 64.5 23 -1 -1 0b -1 -1 -1 0f -1 -1 -1
1 1 0 29.1 64.5 16 -1 -1 0b -1 -1 -1 0f -1 -1 -1
1 1 0 29.1 64.5 18 -1 -1 0b -1 -1 -1 0f -1 -1 -1
1 1 0 29.1 64.0 21 -1 -1 0b -1 -1 -1 0f -1 -1 -1
1 1 0 29.1 64.0 23 -1 -1 0b -1 -1 -1 0f -1 -1 -1
1 1 0 29.1 64.0 24 -1 -1 0b -1 -1 -1 0f -1 -1 -1
1 1 0 29.1 64.0 24 -1 -1 0b -1 -1 -1 0f -1 -1 -1
1 1 0 29.1 64.0 24 -1 -1 0b -1 -1 -1 0f -1 -1 -1
1 1 0 29.1 64.0 24 -1 -1 0b -1 -1 -1 0f -1 -1 -1
1 1 0 29.1 64.0 26 -1 -1 0b -1 -1 -1 0f -1 -1 -1
1 1 0 29.1 64.0 26 -1 -1 0b -1 -1 -1 0f -1 -1 -1
1 1 0 29.1 64.0 26 -1 -1 0b -1 -1 -1 0f -1 -1 -1
1 1 0 29.1 64.0 24 -1 -1 0b -1 -1 -1 0f -1 -1 -1
1 1 0 29.1 64.0 24 -1 -1 0b -1 -1 -1 0f -1 -1 -1
1 1 0 29.1 64.0 24 -1 -1 0b -1 -1 -1 0f -1 -1 -1
1 1 0 29.1 64.0 26 -1 -1 0b -1 -1 -1 0f -1 -1 -1
1 1 0 29.1 64.0 26 -1 -1 0b -1 -1 -1 0f -1 -1 -1
1 1 0 29.2 64.0 26 -1 -1 0b -1 -1 -1 0f -1 -1 -1
1 1 0 29.2 64.0 28 -1 -1 0b -1 -1 -1 0f -1 -1 -1
1 1 0 29.2 64.0 28 -1 -1 0b -1 -1 -1 0f -1 -1 -1
1 1 0 29.1 64.0 28 -1 -1 0b -1 -1 -1 0f -1 -1 -1
1 1 0 29.1 64.0 26 -1 -1 0b -1 -1 -1 0f -1 -1 -1
1 1 0 29.2 64.0 26 -1 -1 0b -1 -1 -1 0f -1 -1 -1
1 1 0 29.1 64.0 26 -1 -1 0b -1 -1 -1 0f -1 -1 -1
1 1 0 29.2 64.0 26 -1 -1 0b -1 -1 -1 0f -1 -1 -1
1 1 0 29.1 64.0 26 -1 -1 0b -1 -1 -1 0f -1 -1 -1
1 1 0 29.2 64.0 26 -1 -1 0b -1 -1 -1 0f -1 -1 -1
1 1 0 29.2 64.0 28 -1 -1 0b -1 -1 -1 0f -1 -1 -1
1 1 0 29.1 64.0 28 -1 -1 0b -1 -1 -1 0f -1 -1 -1
1 1 0 29.1 64.0 28 -1 -1 0b -1 -1 -1 0f -1 -1 -1
1 1 0 29.2 64.0 28 -1 -1 0b -1 -1 -1 0f -1 -1 -1
1 1 0 29.3 64.0 28 -1 -1 0b -1 -1 -1 0f -1 -1 -1
1 1 0 29.2 64.0 28 -1 -1 0b -1 -1 -1 0f -1 -1 -1
1 1 0 29.2 64.0 28 -1 -1 0b -1 -1 -1 0f -1 -1 -1
1 1 0 29.2 64.0 28 -1 -1 0b -1 -1 -1 0f -1 -1 -1
1 1 0 29.2 64.0 28 -1 -1 0b -1 -1 -1 0f -1 -1 -1
1 1 0 29.2 64.0 28 -1 -1 0b -1 -1 -1 0f -1 -1 -1
1 1 0 29.2 64.0 30 -1 -1 0b -1 -1 -1 0f -1 -1 -1
1 1 0 29.2 64.0 30 -1 -1 0b -1 -1 -1 0f -1 -1 -1
1 1 0 29.2 64.0 30 -1 -1 0b -1 -1 -1 0f -1 -1 -1
1 1 0 29.2 64.0 30 -1 -1 0b -1 -1 -1 0f -1 -1 -1
1 1 0 29.2 64.0 30 -1 -1 0b -1 -1 -1 0f -1 -1 -1
1 1 0 29.1 64.5 30 -1 -1 0b -1 -1 -1 0f -1 -1 -1
1 1 0 29.2 64.0 30 -1 -1 0b -1 -1 -1 0f -1 -1 -1
1 1 0 29.2 64.0 30 -1 -1 0b -1 -1 -1 0f -1 -1 -1
1 1 0 29.2 64.0 26 -1 -1 0b -1 -1 -1 0f -1 -1 -1
1 1 0 29.3 64.5 28 -1 -1 0b -1 -1 -1 0f -1 -1 -1
1 1 0 29.2 64.0 28 -1 -1 0b -1 -1 -1 0f -1 -1 -1
1 1 0 29.2 64.0 28 -1 -1 0b -1 -1 -1 0f -1 -1 -1
1 1 0 29.2 64.5 28 -1 -1 0b -1 -1 -1 0f -1 -1 -1
1 1 0 29.2 64.5 28 -1 -1 0b -1 -1 -1 0f -1 -1 -1
1 1 0 29.2 64.0 28 -1 -1 0b -1 -1 -1 0f -1 -1 -1
1 1 0 29.3 64.5 28 -1 -1 0b -1 -1 -1 0f -1 -1 -1
1 1 0 29.3 64.0 30 -1 -1 0b -1 -1 -1 0f -1 -1 -1
1 1 0 29.2 64.0 30 -1 -1 0b -1 -1 -1 0f -1 -1 -1
1 1 0 29.2 64.0 30 -1 -1 0b -1 -1 -1 0f -1 -1 -1
1 1 0 29.3 64.5 30 -1 -1 0b -1 -1 -1 0f -1 -1 -1
1 1 0 29.2 64.0 28 -1 -1 0b -1 -1 -1 0f -1 -1 -1
1 1 0 29.3 64.5 28 -1 -1 0b -1 -1 -1 0f -1 -1 -1
1 1 0 29.3 64.0 28 -1 -1 0b -1 -1 -1 0f -1 -1 -1
1 1 0 29.2 64.5 28 -1 -1 0b -1 -1 -1 0f -1 -1 -1
1 1 0 29.3 64.5 26 -1 -1 0b -1 -1 -1 0f -1 -1 -1
1 1 0 29.2 64.0 30 -1 -1 0b -1 -1 -1 0f -1 -1 -1
1 1 0 29.3 64.5 30 -1 -1 0b -1 -1 -1 0f -1 -1 -1
1 1 0 29.2 64.0 28 -1 -1 0b -1 -1 -1 0f -1 -1 -1
1 1 0 29.2 64.0 28 -1 -1 0b -1 -1 -1 0f -1 -1 -1
1 1 0 29.3 64.5 28 -1 -1 0b -1 -1 -1 0f -1 -1 -1
1 1 0 29.3 64.0 26 -1 -1 0b -1 -1 -1 0f -1 -1 -1
1 1 0 29.3 64.0 26 -1 -1 0b -1 -1 -1 0f -1 -1 -1
1 1 0 29.3 64.5 26 -1 -1 0b -1 -1 -1 0f -1 -1 -1
1 1 0 29.3 65.5 26 -1 -1 0b -1 -1 -1 0f -1 -1 -1
1 1 0 29.3 65.5 28 -1 -1 0b -1 -1 -1 0f -1 -1 -1
1 1 0 29.4 65.0 28 -1 -1 0b -1 -1 -1 0f -1 -1 -1
1 1 0 29.3 64.5 28 -1 -1 0b -1 -1 -1 0f -1 -1 -1
1 1 0 29.3 64.5 28 -1 -1 0b -1 -1 -1 0f -1 -1 -1
1 1 0 29.3 64.5 28 -1 -1 0b -1 -1 -1 7f -1 -1 -1
1 1 0 29.3 64.5 28 -1 -1 0b -1 -1 -1 7f -1 -1 -1
1 1 1 29.3 65.0 28 -1 -1 0b -1 -1 -1 7f -1 -1 -1
1 1 0 29.3 64.5 30 -1 -1 0b -1 -1 -1 7f -1 -1 -1
1 1 0 29.3 64.5 28 -1 -1 0b -1 -1 -1 7f -1 -1 -1
1 1 2 29.3 64.5 26 -1 -1 0b -1 -1 -1 7f -1 -1 -1
1 1 2 29.4 65.0 28 -1 -1 0b -1 -1 -1 7f -1 -1 -1
1 1 0 29.3 65.0 28 c25f -1 0b -1 -1 -1 7f -1 -1 -1
1 1 4 29.3 65.0 27 c25f -1 0b -1 -1 -1 7f -1 -1 -1
1 1 0 29.3 64.5 26 c25f -1 0b -1 -1 -1 7f -1 -1 -1
1 1 0 29.3 64.5 28 c25f -1 0b -1 -1 -1 7f -1 -1 -1
1 1 0 29.4 64.5 28 c25f -1 0b -1 -1 -1 7f -1 -1 -1
1 1 0 29.4 65.0 28 c25f -1 0b -1 -1 -1 7f -1 -1 -1
1 1 0 29.3 65.0 28 c25f -1 0b -1 -1 -1 7f -1 -1 -1
1 1 0 29.3 64.5 28 c25f -1 0b -1 -1 -1 7f -1 -1 -1
1 1 0 29.2 64.0 28 c25f -1 0b -1 -1 -1 7f -1 -1 -1
1 1 0 29.1 63.5 26 c25f -1 0b -1 -1 -1 7f -1 -1 -1
1 1 0 29.0 63.0 26 c25f -1 0b -1 -1 -1 7f -1 -1 -1
1 1 0 29.0 62.5 26 c25f -1 0b -1 -1 -1 7f -1 -1 -1
1 1 0 28.9 62.0 26 c25f -1 0b -1 -1 -1 7f -1 -1 -1
1 1 0 28.8 61.5 26 c25f -1 0b -1 -1 -1 7f -1 -1 -1
1 1 0 28.8 61.0 26 c25f -1 0b -1 -1 -1 7f -1 -1 -1
1 1 0 28.8 61.0 26 c25f -1 0b -1 -1 -1 7f -1 -1 -1
1 1 0 28.8 60.5 26 c25f -1 0b -1 -1 -1 7f -1 -1 -1
1 1 0 28.7 60.0 26 c25f -1 0b -1 -1 -1 7f -1 -1 -1
1 1 0 28.7 60.0 26 c25f -1 0b -1 -1 -1 7f -1 -1 -1
1 1 0 28.7 59.5 26 c25f -1 0b -1 -1 -1 7f -1 -1 -1
1 1 0 28.6 59.5 26 c25f -1 0b -1 -1 -1 7f -1 -1 -1
1 1 0 28.6 59.0 26 c25f -1 0b -1 -1 -1 7f -1 -1 -1
1 1 0 28.6 58.5 26 c25f -1 0b -1 -1 -1 7f -1 -1 -1
1 1 0 28.5 58.5 24 c25f -1 0b -1 -1 -1 7f -1 -1 -1
1 1 0 28.5 58.5 24 c25f -1 0b -1 -1 -1 7f -1 -1 -1
1 1 0 28.5 58.0 24 c25f -1 0b -1 -1 -1 7f -1 -1 -1
1 1 0 28.4 57.5 24 c25f -1 0b -1 -1 -1 7f -1 -1 -1
1 1 0 28.4 57.5 24 c25f -1 0b -1 -1 -1 7f -1 -1 -1
1 1 0 28.3 57.5 24 c25f -1 0b -1 -1 -1 7f -1 -1 -1
1 1 0 28.3 57.5 24 c25f -1 0b -1 -1 -1 7f -1 -1 -1
1 1 0 28.3 57.5 24 c25f -1 0b -1 -1 -1 7f -1 -1 -1
1 1 0 28.3 57.5 24 c25f -1 0b -1 -1 -1 7f -1 -1 -1
1 1 0 28.3 57.5 24 c25f -1 0b -1 -1 -1 7f -1 -1 -1
1 1 0 28.3 57.5 24 c25f -1 0b -1 -1 -1 7f -1 -1 -1
1 1 0 28.3 57.5 24 c25f -1 0b -1 -1 -1 7f -1 -1 -1
1 1 0 28.2 57.0 24 c25f -1 0b -1 -1 -1 7f -1 -1 -1
1 1 0 28.2 57.0 24 c25f -1 0b -1 -1 -1 7f -1 -1 -1
1 1 0 28.2 57.0 24 c25f -1 0b -1 -1 -1 7f -1 -1 -1
1 1 0 28.2 57.0 24 c25f -1 0b -1 -1 -1 7f -1 -1 -1
1 1 0 28.2 57.0 24 c25f -1 0b -1 -1 -1 7f -1 -1 -1
1 1 0 28.2 57.0 24 c25f -1 0b -1 -1 -1 7f -1 -1 -1
1 1 0 28.2 57.5 24 c25f -1 0b -1 -1 -1 7f -1 -1 -1
1 1 0 28.1 57.5 24 c25f -1 0b -1 -1 -1 7f -1 -1 -1
1 1 0 28.2 57.5 24 c25f -1 0b -1 -1 -1 7f -1 -1 -1
1 1 0 28.2 57.5 26 c25f -1 0b -1 -1 -1 7f -1 -1 -1
1 1 0 28.1 57.5 26 c25f -1 0b -1 -1 -1 7f -1 -1 -1
1 1 0 28.1 57.5 26 c25f -1 0b -1 -1 -1 7f -1 -1 -1
1 1 0 28.1 57.5 26 c25f -1 0b -1 -1 -1 7f -1 -1 -1
1 1 0 28.0 57.0 28 c25f -1 0b -1 -1 -1 7f -1 -1 -1
1 1 0 28.1 57.0 26 c25f -1 0b -1 -1 -1 7f -1 -1 -1
1 1 0 28.1 57.0 26 c25f -1 0b -1 -1 -1 7f -1 -1 -1
1 1 0 28.0 57.0 25 c25f -1 0b -1 -1 -1 7f -1 -1 -1
1 1 0 28.0 57.0 27 c25f -1 0b -1 -1 -1 7f -1 -1 -1
1 1 0 27.9 57.0 28 c25f -1 0b -1 -1 -1 7f -1 -1 -1
1 1 0 28.0 57.0 26 c25f -1 0b -1 -1 -1 7f -1 -1 -1
1 1 0 28.0 57.0 25 c25f -1 0b -1 -1 -1 7f -1 -1 -1
1 1 0 28.0 57.0 26 c25f -1 0b -1 -1 -1 7f -1 -1 -1
1 1 0 28.0 57.0 28 c25f -1 0b -1 -1 -1 7f -1 -1 -1
1 1 0 28.0 57.0 30 c25f -1 0b -1 -1 -1 7f -1 -1 -1
1 1 0 27.9 57.0 28 c25f -1 0b -1 -1 -1 7f -1 -1 -1
1 1 0 27.9 57.0 32 c25f -1 0b -1 -1 -1 7f -1 -1 -1
1 1 0 28.0 57.0 26 c25f -1 0b -1 -1 -1 7f -1 -1 -1
1 1 0 27.9 57.0 32 c25f -1 0b -1 -1 -1 7f -1 -1 -1
1 1 0 27.9 57.0 31 c25f -1 0b -1 -1 -1 7f -1 -1 -1
1 1 0 27.9 57.0 31 c25f -1 0b -1 -1 -1 7f -1 -1 -1
1 1 0 27.9 57.0 31 c25f -1 0b -1 -1 -1 7f -1 -1 -1
1 1 0 27.8 57.0 30 c25f -1 0b -1 -1 -1 7f -1 -1 -1
1 1 0 27.8 57.0 28 c25f -1 0b -1 -1 -1 7f -1 -1 -1
1 1 0 27.8 57.0 28 c25f -1 0b -1 -1 -1 7f -1 -1 -1
1 1 0 27.7 56.5 32 c25f -1 0b -1 -1 -1 7f -1 -1 -1
1 1 0 27.8 56.5 31 c25f -1 0b -1 -1 -1 7f -1 -1 -1
1 1 0 27.7 56.5 28 c25f -1 0b -1 -1 -1 7f -1 -1 -1
1 1 0 27.7 56.5 28 c25f -1 0b -1 -1 -1 7f -1 -1 -1
1 1 0 27.7 56.5 26 c25f -1 0b -1 -1 -1 7f -1 -1 -1
1 1 0 27.8 56.5 28 c25f -1 0b -1 -1 -1 7f -1 -1 -1
1 1 0 27.7 56.5 30 c25f -1 0b -1 -1 -1 7f -1 -1 -1
1 1 0 27.7 56.5 31 c25f -1 0b -1 -1 -1 7f -1 -1 -1
1 1 0 27.6 56.5 33 c25f -1 0b -1 -1 -1 7f -1 -1 -1
1 1 0 27.7 56.5 33 c25f -1 0b -1 -1 -1 7f -1 -1 -1
1 1 0 27.6 57.0 33 c25f -1 0b -1 -1 -1 7f -1 -1 -1
1 1 0 27.7 57.5 28 c25f -1 0b -1 -1 -1 7f -1 -1 -1
1 1 0 27.8 57.5 27 c25f -1 0b -1 -1 -1 7f -1 -1 -1
1 1 0 27.8 58.0 23 c25f -1 0b -1 -1 -1 7f -1 -1 -1
1 1 0 27.8 58.0 25 c25f -1 0b -1 -1 -1 7f -1 -1 -1
1 1 0 27.7 58.0 25 c25f -1 0b -1 -1 -1 7f -1 -1 -1
1 1 0 27.8 58.0 21 c25f -1 0b -1 -1 -1 7f -1 -1 -1
1 1 0 27.7 58.0 23 c25f -1 0b -1 -1 -1 7f -1 -1 -1
1 1 0 27.6 57.5 25 c25f -1 0b -1 -1 -1 7f -1 -1 -1
1 1 0 27.7 57.0 28 c25f -1 0b -1 -1 -1 7f -1 -1 -1
1 1 0 27.6 57.0 26 c25f -1 0b -1 -1 -1 7f -1 -1 -1
1 1 0 27.5 56.5 24 c25f -1 0b -1 -1 -1 7f -1 -1 -1
1 1 0 27.5 56.5 23 c25f -1 0b -1 -1 -1 7f -1 -1 -1
1 1 0 27.5 56.0 21 c25f -1 0b -1 -1 -1 7f -1 -1 -1
1 1 0 27.5 56.0 23 c25f -1 0b -1 -1 -1 7f -1 -1 -1
1 1 0 27.5 55.5 21 c25f -1 0b -1 -1 -1 7f -1 -1 -1
1 1 0 27.4 55.5 21 c25f -1 0b -1 -1 -1 7f -1 -1 -1
1 1 0 27.4 55.5 22 c25f -1 0b -1 -1 -1 7f -1 -1 -1
1 1 0 27.4 55.5 25 c25f -1 0b -1 -1 -1 7f -1 -1 -1
1 1 0 27.4 55.5 21 c25f -1 0b -1 -1 -1 7f -1 -1 -1
1 1 1 27.4 55.5 21 c25f -1 0b -1 -1 -1 7f -1 -1 -1
1 1 0 27.4 55.5 26 c25f -1 0b -1 -1 -1 7f -1 -1 -1
1 1 0 27.4 55.5 31 c25f -1 0b -1 -1 -1 7f -1 -1 -1
1 1 5 27.4 55.5 28 c25f -1 0b -1 -1 -1 7f -1 -1 -1
1 1 0 27.4 55.5 28 c25f -1 0b -1 -1 -1 7f -1 -1 -1
1 1 0 27.4 55.5 26 c25f -1 0b -1 -1 -1 7f -1 -1 -1
1 1 0 27.4 55.0 24 c25f -1 0b -1 -1 -1 7f -1 -1 -1
1 1 5 27.4 55.0 26 c25f -1 0b -1 -1 -1 7f -1 -1 -1
1 1 0 27.4 55.0 28 c25f -1 0b -1 -1 -1 7f -1 -1 -1
1 1 0 27.4 55.0 31 c25f -1 0b -1 -1 -1 7f -1 -1 -1
1 1 0 27.3 55.0 24 c25f -1 0b -1 -1 -1 7f -1 -1 -1
1 1 0 27.3 55.0 24 c25f -1 0b -1 -1 -1 7f -1 -1 -1
1 1 0 27.3 55.0 26 c25f -1 0b -1 -1 -1 7f -1 -1 -1
1 1 5 27.3 55.0 28 c25f -1 0b -1 -1 -1 7f -1 -1 -1
1 1 0 27.2 55.0 24 c25f -1 0b -1 -1 -1 7f -1 -1 -1
1 1 7 27.3 55.0 26 c25f -1 0b -1 -1 -1 7f -1 -1 -1
1 1 0 27.3 55.0 26 c25f -1 0b -1 -1 -1 7f -1 -1 -1
1 1 0 27.3 54.5 26 c25f -1 0b -1 -1 -1 7f -1 -1 -1
1 1 0 27.2 54.5 26 c25f -1 0b -1 -1 -1 7f -1 -1 -1
1 1 0 27.3 54.0 28 c25f -1 0b -1 -1 -1 7f -1 -1 -1
1 1 3 27.1 54.0 24 c25f -1 0b -1 -1 -1 7f -1 -1 -1
1 1 0 27.2 54.0 26 c25f -1 0b -1 -1 -1 7f -1 -1 -1
1 1 0 27.2 54.0 28 c25f -1 0b -1 -1 -1 7f -1 -1 -1
1 1 0 27.2 54.0 28 c25f -1 0b -1 -1 -1 7f -1 -1 -1
1 1 0 27.2 54.0 26 c25f -1 0b -1 -1 -1 7f -1 -1 -1
1 1 0 27.2 54.0 26 c25f -1 0b -1 -1 -1 7f -1 -1 -1
1 1 0 27.2 53.5 24 c25f -1 0b -1 -1 -1 7f -1 -1 -1
1 1 0 27.1 53.5 26 c25f -1 0b -1 -1 -1 7f -1 -1 -1
1 1 0 27.1 53.5 24 c25f -1 0b -1 -1 -1 7f -1 -1 -1
1 1 0 27.2 53.5 24 c25f -1 0b -1 -1 -1 7f -1 -1 -1
1 1 0 27.1 53.5 26 c25f -1 0b -1 -1 -1 7f -1 -1 -1
1 1 0 27.1 53.5 26 c25f -1 0b -1 -1 -1 7f -1 -1 -1
1 1 0 27.1 53.0 26 c25f -1 0b -1 -1 -1 7f -1 -1 -1
1 1 0 27.1 53.0 26 c25f -1 0b -1 -1 -1 7f -1 -1 -1
1 1 0 27.1 53.0 28 c25f -1 0b -1 -1 -1 7f -1 -1 -1
1 1 0 27.0 53.0 26 c25f -1 0b -1 -1 -1 7f -1 -1 -1
1 1 0 27.0 53.0 26 c25f -1 0b -1 -1 -1 7f -1 -1 -1
1 1 0 27.0 53.0 26 c25f -1 0b -1 -1 -1 7f -1 -1 -1
1 1 0 27.0 53.0 28 c25f -1 0b -1 -1 -1 7f -1 -1 -1
1 1 0 27.0 52.5 26 c25f -1 0b -1 -1 -1 7f -1 -1 -1
1 1 0 27.1 52.5 33 c25f -1 0b -1 -1 -1 7f -1 -1 -1
1 1 0 27.0 52.5 28 c25f -1 0b -1 -1 -1 7f -1 -1 -1
1 1 0 27.1 52.5 31 c25f -1 0b -1 -1 -1 7f -1 -1 -1
1 1 0 27.1 52.0 26 c25f -1 0b -1 -1 -1 7f -1 -1 -1
1 1 0 27.0 52.0 24 c25f -1 0b -1 -1 -1 7f -1 -1 -1
1 1 0 27.0 52.0 19 c25f -1 0b -1 -1 -1 7f -1 -1 -1
1 1 0 27.0 52.0 29 c25f -1 0b -1 -1 -1 7f -1 -1 -1
1 1 0 27.0 52.0 26 c25f -1 0b -1 -1 -1 7f -1 -1 -1
1 1 0 27.0 52.0 24 c25f -1 0b -1 -1 -1 7f -1 -1 -1
1 1 0 27.0 52.0 28 c25f -1 0b -1 -1 -1 7f -1 -1 -1
1 1 0 27.0 52.0 24 c25f -1 0b -1 -1 -1 7f -1 -1 -1
1 1 0 27.0 52.0 24 c25f -1 0b -1 -1 -1 7f -1 -1 -1
1 1 0 27.0 52.0 24 c25f -1 0b -1 -1 -1 7f -1 -1 -1
1 1 0 26.9 52.0 26 c25f -1 0b -1 -1 -1 7f -1 -1 -1
1 1 0 26.9 52.0 24 c25f -1 0b -1 -1 -1 7f -1 -1 -1
1 1 0 26.9 52.0 26 c25f -1 0b -1 -1 -1 7f -1 -1 -1
1 1 0 26.9 52.0 26 c25f -1 0b -1 -1 -1 7f -1 -1 -1
1 1 0 27.0 52.5 24 c25f -1 0b -1 -1 -1 7f -1 -1 -1
1 1 0 27.0 52.5 25 c25f -1 0b -1 -1 -1 7f -1 -1 -1
1 1 0 26.9 52.5 24 c25f -1 0b -1 -1 -1 7f -1 -1 -1
1 1 0 26.9 52.5 27 c25f -1 0b -1 -1 -1 7f -1 -1 -1
1 1 0 26.9 52.5 29 c25f -1 0b -1 -1 -1 7f -1 -1 -1
1 1 0 27.0 52.5 25 c25f -1 0b -1 -1 -1 7f -1 -1 -1
1 1 0 26.9 53.0 26 c25f -1 0b -1 -1 -1 7f -1 -1 -1
1 1 0 27.0 53.0 26 c25f -1 0b -1 -1 -1 7f -1 -1 -1
1 1 0 26.9 53.0 28 c25f -1 0b -1 -1 -1 7f -1 -1 -1
1 1 0 26.9 53.5 27 c25f -1 0b -1 -1 -1 7f -1 -1 -1
1 1 5 26.9 53.5 24 c25f -1 0b -1 -1 -1 7f -1 -1 -1
1 1 0 27.0 53.5 21 c25f -1 0b -1 -1 -1 7f -1 -1 -1
1 1 7 26.9 53.5 21 c25f -1 0b -1 -1 -1 7f -1 -1 -1
1 1 0 26.9 53.5 21 c25f -1 0b -1 -1 -1 7f -1 -1 -1
1 1 0 26.9 53.5 24 c25f -1 0b -1 -1 -1 7f -1 -1 -1
1 1 0 26.9 53.5 27 c25f -1 0b -1 -1 -1 7f -1 -1 -1
1 1 0 26.9 53.5 26 c25f -1 0b -1 -1 -1 7f -1 -1 -1
1 1 0 26.9 53.5 23 c25f -1 0b -1 -1 -1 7f -1 -1 -1
1 1 0 26.9 53.5 21 c25f -1 0b -1 -1 -1 7f -1 -1 -1
1 1 4 26.9 54.0 26 c25f -1 0b -1 -1 -1 7f -1 -1 -1
1 1 0 26.9 54.0 28 c25f -1 0b -1 -1 -1 7f -1 -1 -1
1 1 0 26.8 54.0 24 c25f -1 0b -1 -1 -1 7f -1 -1 -1
1 1 0 26.9 54.0 27 c25f -1 0b -1 -1 -1 7f -1 -1 -1
1 1 8 26.9 54.0 29 c25f -1 0b -1 -1 -1 7f -1 -1 -1
1 1 0 26.9 53.5 23 c25f -1 0b -1 -1 -1 7f -1 -1 -1
1 1 0 26.9 53.5 26 c25f -1 0b -1 -1 -1 7f -1 -1 -1
1 1 0 26.9 53.5 26 c25f -1 0b -1 -1 -1 7f -1 -1 -1
1 1 0 26.9 53.0 22 c25f -1 0b -1 -1 -1 7f -1 -1 -1
1 1 0 26.8 53.0 26 c25f -1 0b -1 -1 -1 7f -1 -1 -1
1 1 0 26.9 53.0 24 c25f -1 0b -1 -1 -1 7f -1 -1 -1
1 1 0 26.8 53.0 21 c25f -1 0b -1 -1 -1 7f -1 -1 -1
1 1 0 26.8 52.5 19 c25f -1 0b -1 -1 -1 7f -1 -1 -1
1 1 0 26.8 53.0 21 c25f -1 0b -1 -1 -1 7f -1 -1 -1
1 1 0 26.8 52.5 21 c25f -1 0b -1 -1 -1 7f -1 -1 -1
1 1 0 26.8 53.0 17 c25f -1 0b -1 -1 -1 7f -1 -1 -1
1 1 0 26.9 52.5 23 c25f -1 0b -1 -1 -1 7f -1 -1 -1
1 1 0 26.8 53.0 21 c25f -1 0b -1 -1 -1 7f -1 -1 -1
1 1 0 26.8 52.5 21 c25f -1 0b -1 -1 -1 7f -1 -1 -1
1 1 0 26.8 53.0 21 c25f -1 0b -1 -1 -1 7f -1 -1 -1
1 1 0 26.8 53.0 24 c25f -1 0b -1 -1 -1 7f -1 -1 -1
1 1 0 26.8 53.0 22 c25f -1 0b -1 -1 -1 7f -1 -1 -1
1 1 0 26.8 53.0 27 c25f -1 0b -1 -1 -1 7f -1 -1 -1
1 1 0 26.8 53.0 22 c25f -1 0b -1 -1 -1 7f -1 -1 -1
1 1 0 26.8 53.0 21 c25f -1 0b -1 -1 -1 7f -1 -1 -1
1 1 0 26.8 53.0 19 c25f -1 0b -1 -1 -1 7f -1 -1 -1
1 1 0 26.7 53.0 21 c25f -1 0b -1 -1 -1 7f -1 -1 -1
1 1 0 26.8 53.5 21 c25f -1 0b -1 -1 -1 7f -1 -1 -1
1 1 0 26.8 53.5 21 c25f -1 0b -1 -1 -1 7f -1 -1 -1
1 1 0 26.8 53.0 19 c25f -1 0b -1 -1 -1 7f -1 -1 -1
1 1 0 26.8 53.0 19 c25f -1 0b -1 -1 -1 7f -1 -1 -1
1 1 0 26.8 53.0 19 c25f -1 0b -1 -1 -1 7f -1 -1 -1
1 1 0 26.8 53.0 19 c25f -1 0b -1 -1 -1 7f -1 -1 -1
1 1 0 26.8 53.0 23 c25f -1 0b -1 -1 -1 7f -1 -1 -1
1 1 0 26.7 52.5 19 c25f -1 0b -1 -1 -1 7f -1 -1 -1
1 1 0 26.7 52.5 19 c25f -1 0b -1 -1 -1 7f -1 -1 -1
1 1 0 26.7 52.0 23 c25f -1 0b -1 -1 -1 7f -1 -1 -1
1 1 0 26.7 52.0 21 c25f -1 0b -1 -1 -1 7f -1 -1 -1
1 1 0 26.7 52.0 21 c25f -1 0b -1 -1 -1 7f -1 -1 -1
1 1 0 26.7 52.0 19 c25f -1 0b -1 -1 -1 7f -1 -1 -1
1 1 0 26.6 51.5 19 c25f -1 0b -1 -1 -1 7f -1 -1 -1
1 1 0 26.6 51.5 21 c25f -1 0b -1 -1 -1 7f -1 -1 -1
1 1 0 26.7 51.5 27 c25f -1 0b -1 -1 -1 7f -1 -1 -1
1 1 0 26.6 51.5 27 c25f -1 0b -1 -1 -1 7f -1 -1 -1
1 1 0 26.6 51.0 21 c25f -1 0b -1 -1 -1 7f -1 -1 -1
1 1 1 26.7 51.0 30 c25f -1 0b -1 -1 -1 7f -1 -1 -1
1 1 1 26.6 51.0 28 c25f -1 0b -1 -1 -1 7f -1 -1 -1
1 1 0 26.6 51.5 29 c25f -1 0b -1 -1 -1 7f -1 -1 -1
1 1 2 26.7 51.5 34 c25f -1 0b -1 -1 -1 7f -1 -1 -1
1 1 0 26.6 51.5 30 c25f -1 0b -1 -1 -1 7f -1 -1 -1
1 1 0 26.7 52.0 30 c25f -1 0b -1 -1 -1 7f -1 -1 -1
1 1 0 26.7 52.0 27 c25f -1 0b -1 -1 -1 7f -1 -1 -1
1 1 0 26.6 52.0 27 c25f -1 0b -1 -1 -1 7f -1 -1 -1
1 1 0 26.6 52.0 30 c25f -1 0b -1 -1 -1 7f -1 -1 -1
1 1 0 26.6 52.0 35 c25f -1 0b -1 -1 -1 7f -1 -1 -1
1 1 0 26.6 52.5 35 c25f -1 0b -1 -1 -1 7f -1 -1 -1
1 1 0 26.6 52.5 35 c25f -1 0b -1 -1 -1 7f -1 -1 -1
1 1 0 26.7 52.5 28 c25f -1 0b -1 -1 -1 7f -1 -1 -1
1 1 0 26.7 52.5 30 c25f -1 0b -1 -1 -1 7f -1 -1 -1
1 1 0 26.7 53.0 33 c25f -1 0b -1 -1 -1 7f -1 -1 -1
1 1 0 26.7 53.0 30 c25f -1 0b -1 -1 -1 7f -1 -1 -1
1 1 0 26.7 53.0 32 c25f -1 0b -1 -1 -1 7f -1 -1 -1
1 1 0 26.7 53.5 30 c25f -1 0b -1 -1 -1 7f -1 -1 -1
1 1 0 26.6 53.0 32 c25f -1 0b -1 -1 -1 7f -1 -1 -1
1 1 6 26.6 53.5 31 c25f -1 0b -1 -1 -1 7f -1 -1 -1
1 1 0 26.7 53.5 34 c25f -1 0b -1 -1 -1 7f -1 -1 -1
1 1 5 26.7 53.5 37 c25f -1 0b -1 -1 -1 7f -1 -1 -1
1 1 0 26.7 53.5 38 c25f -1 0b -1 -1 -1 7f -1 -1 -1
1 1 0 26.7 53.5 37 c25f -1 0b -1 -1 -1 7f -1 -1 -1
1 1 0 26.7 53.0 37 c25f -1 0b -1 -1 -1 7f -1 -1 -1
1 1 0 26.7 53.0 33 c25f -1 0b -1 -1 -1 7f -1 -1 -1
1 1 0 26.6 53.0 35 c25f -1 0b -1 -1 -1 7f -1 -1 -1
1 1 8 26.7 53.5 34 c25f -1 0b -1 -1 -1 7f -1 -1 -1
1 1 7 26.7 53.5 34 c25f -1 0b -1 -1 -1 7f -1 -1 -1
1 1 0 26.7 53.5 31 c25f -1 0b -1 -1 -1 7f -1 -1 -1
1 1 0 26.7 53.5 35 c25f -1 0b -1 -1 -1 7f -1 -1 -1
1 1 0 26.6 53.5 35 c25f -1 0b -1 -1 -1 7f -1 -1 -1
1 1 0 26.6 53.5 36 c25f -1 0b -1 -1 -1 7f -1 -1 -1
1 1 0 26.7 53.5 31 c25f -1 0b -1 -1 -1 7f -1 -1 -1
1 1 0 26.6 53.5 34 c25f -1 0b -1 -1 -1 7f -1 -1 -1
1 1 9 26.7 54.0 33 c25f -1 0b -1 -1 -1 7f -1 -1 -1
1 1 0 26.7 54.0 35 c25f -1 0b -1 -1 -1 7f -1 -1 -1
1 1 0 26.7 54.0 31 c25f -1 0b -1 -1 -1 7f -1 -1 -1
1 1 0 26.7 54.0 31 c25f -1 7b -1 -1 -1 7f -1 -1 -1
1 1 15 26.7 54.0 36 c25f -1 7b -1 -1 -1 7f -1 -1 -1
1 1 0 26.8 54.0 38 c25f -1 7b -1 -1 -1 7f -1 -1 -1
1 1 0 26.7 54.0 38 c25f -1 7b -1 -1 -1 7f -1 -1 -1
1 1 0 26.8 54.0 36 c25f -1 7b -1 -1 -1 7f -1 -1 -1
1 1 0 26.8 54.0 36 c25f -1 7b -1 -1 -1 7f -1 -1 -1
1 1 0 26.8 54.0 27 c25f -1 7b -1 -1 -1 7f -1 -1 -1
1 1 0 26.8 54.5 22 c25f -1 7b -1 -1 -1 7f -1 -1 -1
1 1 0 26.8 54.5 29 c25f -1 7b -1 -1 -1 7f -1 -1 -1
1 1 0 26.9 54.5 32 c25f -1 7b -1 -1 -1 7f -1 -1 -1
1 1 0 26.8 54.5 35 c25f -1 7b -1 -1 -1 7f -1 -1 -1
1 1 0 26.9 54.5 33 c25f -1 7b -1 -1 -1 7f -1 -1 -1
1 1 0 26.9 54.5 31 c25f -1 7b -1 -1 -1 7f -1 -1 -1
1 1 0 26.8 54.5 33 c25f -1 7b -1 -1 -1 7f -1 -1 -1
1 1 0 26.8 55.0 33 c25f -1 7b -1 -1 -1 7f -1 -1 -1
1 1 0 26.8 54.5 33 c25f -1 7b -1 -1 -1 7f -1 -1 -1
1 1 0 26.9 54.5 33 c25f -1 7b -1 -1 -1 7f -1 -1 -1
1 1 1 26.9 54.5 34 c25f -1 7b -1 -1 -1 7f -1 -1 -1
1 1 0 26.8 54.5 36 c25f -1 7b -1 -1 -1 7f -1 -1 -1
1 1 0 26.8 54.5 38 c25f -1 7b -1 -1 -1 7f -1 -1 -1
1 1 0 26.8 54.5 36 c25f -1 7b -1 -1 -1 7f -1 -1 -1
1 1 0 26.8 54.5 38 c25f -1 7b -1 -1 -1 7f -1 -1 -1
1 1 0 26.8 54.5 36 c25f -1 7b -1 -1 -1 7f -1 -1 -1
1 1 0 26.8 54.5 40 c25f -1 7b -1 -1 -1 7f -1 -1 -1
1 1 0 26.8 54.0 38 c25f -1 7b -1 -1 -1 7f -1 -1 -1
1 1 0 26.8 54.0 36 c25f -1 7b -1 -1 -1 7f -1 -1 -1
1 1 0 26.8 54.0 38 c25f -1 7b -1 -1 -1 7f -1 -1 -1
1 1 0 26.8 54.0 33 c25f -1 7b -1 -1 -1 7f -1 -1 -1
1 1 5 26.8 54.0 38 c25f -1 7b -1 -1 -1 7f -1 -1 -1
1 1 0 26.7 54.0 40 c25f -1 7b -1 -1 -1 7f -1 -1 -1
1 1 0 26.8 54.0 40 c25f -1 7b -1 -1 -1 7f -1 -1 -1
1 1 0 26.8 54.0 40 c25f -1 7b -1 -1 -1 7f -1 -1 -1
1 1 0 26.7 54.0 40 c25f -1 7b -1 -1 -1 7f -1 -1 -1
1 1 0 26.7 54.0 38 c25f -1 7b -1 -1 -1 7f -1 -1 -1
1 1 0 26.8 54.0 38 c25f -1 7b -1 -1 -1 7f -1 -1 -1
1 1 0 26.8 54.0 38 c25f -1 7b -1 -1 -1 7f -1 -1 -1
1 1 0 26.7 54.5 37 c25f -1 7b -1 -1 -1 7f -1 -1 -1
1 1 0 26.8 54.5 39 c25f -1 7b -1 -1 -1 7f -1 -1 -1
1 1 0 26.8 55.0 33 c25f -1 7b -1 -1 -1 7f -1 -1 -1
1 1 0 26.8 55.0 35 c25f -1 7b -1 -1 -1 7f -1 -1 -1
1 1 0 26.9 55.5 37 c25f -1 7b -1 -1 -1 7f -1 -1 -1
1 1 0 26.8 55.5 40 c25f -1 7b -1 -1 -1 7f -1 -1 -1
1 1 0 26.9 55.5 40 c25f -1 7b -1 -1 -1 7f -1 -1 -1
1 1 0 26.9 56.0 38 c25f -1 7b -1 -1 -1 7f -1 -1 -1
1 1 0 26.9 56.0 36 c25f -1 7b -1 -1 -1 7f -1 -1 -1
1 1 0 26.9 56.0 38 c25f -1 7b -1 -1 -1 7f -1 -1 -1
1 1 0 26.9 56.0 38 c25f -1 7b -1 -1 -1 7f -1 -1 -1
1 1 0 26.9 56.0 38 c25f -1 7b -1 -1 -1 7f -1 -1 -1
1 1 0 26.9 56.5 35 c25f -1 7b -1 -1 -1 7f -1 -1 -1
1 1 0 26.9 56.5 40 c25f -1 7b -1 -1 -1 7f -1 -1 -1
1 1 0 27.0 56.5 40 c25f -1 7b -1 -1 -1 7f -1 -1 -1
1 1 0 26.9 56.5 40 c25f -1 7b -1 -1 -1 7f -1 -1 -1
1 1 0 26.9 56.5 38 c25f -1 7b -1 -1 -1 7f -1 -1 -1
1 1 0 26.9 56.5 36 c25f -1 7b -1 -1 -1 7f -1 -1 -1
1 1 0 27.0 56.5 38 c25f -1 7b -1 -1 -1 7f -1 -1 -1
1 1 0 26.9 56.5 37 c25f -1 7b -1 -1 -1 7f -1 -1 -1
1 1 0 26.9 56.5 37 c25f -1 7b -1 -1 -1 7f -1 -1 -1
1 1 0 26.9 56.5 36 c25f -1 7b -1 -1 -1 7f -1 -1 -1
1 1 0 27.0 56.5 33 c25f -1 7b -1 -1 -1 7f -1 -1 -1
1 1 0 27.0 56.5 35 c25f -1 7b -1 -1 -1 7f -1 -1 -1
1 1 61 27.0 56.5 37 c25f -1 7b -1 -1 -1 7f -1 -1 -1
1 1 0 26.9 56.5 37 c25f -1 7b -1 -1 -1 7f -1 -1 -1
1 1 3 27.0 56.0 40 c25f -1 7b -1 -1 -1 7f -1 -1 -1
1 1 0 27.0 56.0 40 c25f -1 7b -1 -1 -1 7f -1 -1 -1
1 1 0 26.9 56.0 35 c25f -1 7b -1 -1 -1 7f -1 -1 -1
1 1 0 27.0 56.0 33 c25f -1 7b -1 -1 -1 7f -1 -1 -1
1 1 0 27.0 56.0 35 c25f -1 7b -1 -1 -1 7f -1 -1 -1
1 1 0 26.9 56.0 38 c25f -1 7b -1 -1 -1 7f -1 -1 -1
1 1 0 26.9 56.0 36 c25f -1 7b -1 -1 -1 7f -1 -1 -1
1 1 0 26.9 56.5 36 c25f -1 7b -1 -1 -1 7f -1 -1 -1
1 1 0 26.9 56.0 36 c25f -1 7b -1 -1 -1 7f -1 -1 -1
1 1 0 26.9 56.0 34 c25f -1 7b -1 -1 -1 7f -1 -1 -1
1 1 0 27.0 56.0 35 c25f -1 7b -1 -1 -1 7f -1 -1 -1
1 1 0 27.0 55.5 35 c25f -1 7b -1 -1 -1 7f -1 -1 -1
1 1 0 27.0 56.0 35 c25f -1 7b -1 -1 -1 7f -1 -1 -1
1 1 0 27.0 56.0 35 c25f -1 7b -1 -1 -1 7f -1 -1 -1
1 1 0 27.0 56.0 35 c25f -1 7b -1 -1 -1 7f -1 -1 -1
1 1 0 27.0 56.0 35 c25f -1 7b -1 -1 -1 7f -1 -1 -1
1 1 0 27.0 55.5 33 c25f -1 7b -1 -1 -1 7f -1 -1 -1
1 1 0 27.0 55.5 33 c25f -1 7b -1 -1 -1 7f -1 -1 -1
1 1 0 27.0 56.0 33 c25f -1 7b -1 -1 -1 7f -1 -1 -1
1 1 0 27.0 55.5 31 c25f -1 7b -1 -1 -1 7f -1 -1 -1
1 1 0 27.0 55.5 31 c25f -1 7b -1 -1 -1 7f -1 -1 -1
1 1 0 27.0 56.0 33 c25f -1 7b -1 -1 -1 7f -1 -1 -1
1 1 0 27.0 56.0 31 c25f -1 7b -1 -1 -1 7f -1 -1 -1
1 1 0 27.0 56.0 35 c25f -1 7b -1 -1 -1 7f -1 -1 -1
1 1 0 27.0 56.0 33 c25f -1 7b -1 -1 -1 7f -1 -1 -1
1 1 0 27.0 56.0 30 c25f -1 7b -1 -1 -1 7f -1 -1 -1
1 1 0 27.0 56.0 28 c25f -1 7b -1 -1 -1 7f -1 -1 -1
1 1 0 27.0 55.5 30 c25f -1 7b -1 -1 -1 7f -1 -1 -1
1 1 0 27.0 55.5 30 c25f -1 7b -1 -1 -1 7f -1 -1 -1
1 1 0 27.0 55.5 30 c25f -1 7b -1 -1 -1 7f -1 -1 -1
1 1 0 26.9 55.5 30 c25f -1 7b -1 -1 -1 7f -1 -1 -1
1 1 0 27.0 55.5 30 c25f -1 7b -1 -1 -1 7f -1 -1 -1
1 1 0 27.1 56.0 30 c25f -1 7b -1 -1 -1 7f -1 -1 -1
1 1 0 27.0 56.0 30 c25f -1 7b -1 -1 -1 7f -1 -1 -1
1 1 0 26.9 56.0 30 c25f -1 7b -1 -1 -1 7f -1 -1 -1
1 1 0 27.0 55.5 30 c25f -1 7b -1 -1 -1 7f -1 -1 -1
1 1 0 27.0 55.5 26 c25f -1 7b -1 -1 -1 7f -1 -1 -1
1 1 0 27.0 55.5 30 c25f -1 7b -1 -1 -1 7f -1 -1 -1
1 1 0 27.0 55.5 28 c25f -1 7b -1 -1 -1 7f -1 -1 -1
1 1 0 27.0 55.5 30 c25f -1 7b -1 -1 -1 7f -1 -1 -1
1 1 0 27.0 56.0 30 c25f -1 7b -1 -1 -1 7f -1 -1 -1
1 1 0 27.0 56.0 30 c25f -1 7b -1 -1 -1 7f -1 -1 -1
1 1 0 27.0 55.5 32 c25f -1 7b -1 -1 -1 7f -1 -1 -1
1 1 0 27.0 55.5 28 c25f -1 7b -1 -1 -1 7f -1 -1 -1
1 1 0 27.0 55.5 31 c25f -1 7b -1 -1 -1 7f -1 -1 -1
1 1 0 27.0 55.0 32 c25f -1 7b -1 -1 -1 7f -1 -1 -1
1 1 0 27.0 55.0 31 c25f -1 7b -1 -1 -1 7f -1 -1 -1
1 1 0 26.9 55.0 32 c25f -1 7b -1 -1 -1 7f -1 -1 -1
1 1 0 26.9 55.0 33 c25f -1 7b -1 -1 -1 7f -1 -1 -1
1 1 0 27.0 55.0 33 c25f -1 7b -1 -1 -1 7f -1 -1 -1
1 1 0 26.9 55.0 35 c25f -1 7b -1 -1 -1 7f -1 -1 -1
1 1 0 27.0 55.0 32 c25f -1 7b -1 -1 -1 7f -1 -1 -1
1 1 0 26.9 55.5 32 c25f -1 7b -1 -1 -1 7f -1 -1 -1
1 1 0 27.0 55.5 30 c25f -1 7b -1 -1 -1 7f -1 -1 -1
1 1 0 27.1 55.5 30 c25f -1 7b -1 -1 -1 7f -1 -1 -1
1 1 0 27.1 55.5 32 c25f -1 7b -1 -1 -1 7f -1 -1 -1
1 1 0 27.0 56.0 30 c25f -1 7b -1 -1 -1 7f -1 -1 -1
1 1 0 27.1 56.0 28 c25f -1 7b -1 -1 -1 7f -1 -1 -1
1 1 0 27.1 56.0 29 c25f -1 7b -1 -1 -1 7f -1 -1 -1
1 1 0 27.1 56.5 27 c25f -1 7b -1 -1 -1 7f -1 -1 -1
1 1 0 27.1 56.5 27 c25f -1 7b -1 -1 -1 7f -1 -1 -1
1 1 0 27.0 56.5 30 c25f -1 7b -1 -1 -1 7f -1 -1 -1
1 1 0 27.1 57.0 26 c25f -1 7b -1 -1 -1 7f -1 -1 -1
1 1 0 27.0 57.0 25 c25f -1 7b -1 -1 -1 7f -1 -1 -1
1 1 1 27.0 57.0 25 c25f -1 7b -1 -1 -1 7f -1 -1 -1
1 1 0 27.0 56.5 25 c25f -1 7b -1 -1 -1 7f -1 -1 -1
1 1 0 27.0 56.5 27 c25f -1 7b -1 -1 -1 7f -1 -1 -1
1 1 0 27.0 56.0 29 c25f -1 7b -1 -1 -1 7f -1 -1 -1
1 1 4 27.0 56.0 26 c25f -1 7b -1 -1 -1 7f -1 -1 -1
1 1 0 27.0 56.0 28 c25f -1 7b -1 -1 -1 7f -1 -1 -1
1 1 0 27.0 55.5 28 c25f -1 7b -1 -1 -1 7f -1 -1 -1
1 1 0 27.1 55.5 30 c25f -1 7b -1 -1 -1 7f -1 -1 -1
1 1 0 27.1 55.5 30 c25f -1 7b -1 -1 -1 7f -1 -1 -1
1 1 0 27.0 56.0 35 c25f -1 7b -1 -1 -1 7f -1 -1 -1
1 1 0 27.1 55.5 33 c25f -1 7b -1 -1 -1 7f -1 -1 -1
1 1 0 27.0 55.5 33 c25f -1 7b -1 -1 -1 7f -1 -1 -1
1 1 0 27.0 55.5 32 c25f -1 7b -1 -1 -1 7f -1 -1 -1
1 1 0 27.0 55.5 33 c25f -1 7b -1 -1 -1 7f -1 -1 -1
1 1 0 27.0 55.5 32 c25f -1 7b -1 -1 -1 7f -1 -1 -1
1 1 8 27.0 56.0 32 c25f -1 7b -1 -1 -1 7f -1 -1 -1
1 1 0 27.1 56.0 30 c25f -1 7b -1 -1 -1 7f -1 -1 -1
1 1 0 27.0 56.0 28 c25f -1 7b -1 -1 -1 7f -1 -1 -1
1 1 0 27.0 55.5 28 c25f -1 7b -1 -1 -1 7f -1 -1 -1
1 1 0 27.0 55.5 26 c25f -1 7b -1 -1 -1 7f -1 -1 -1
1 1 0 27.0 55.5 29 c25f -1 7b -1 -1 -1 7f -1 -1 -1
1 1 9 27.0 55.5 31 c25f -1 7b -1 -1 -1 7f -1 -1 -1
1 1 0 27.0 55.5 33 c25f -1 7b -1 -1 -1 7f -1 -1 -1
1 1 6 27.0 55.0 33 c25f -1 7b -1 -1 -1 7f -1 -1 -1
1 1 0 26.9 55.0 33 c25f -1 7b -1 -1 -1 7f -1 -1 -1
1 1 0 26.9 54.5 31 c25f -1 7b -1 -1 -1 7f -1 -1 -1
1 1 0 27.0 54.0 31 c25f -1 7b -1 -1 -1 7f -1 -1 -1
1 1 0 26.9 54.0 29 c25f -1 7b -1 -1 -1 7f -1 -1 -1
1 1 0 26.9 54.0 33 c25f -1 7b -1 -1 -1 7f -1 -1 -1
1 1 0 27.0 54.0 33 c25f -1 7b -1 -1 -1 7f -1 -1 -1
1 1 0 27.0 54.0 31 c25f -1 7b -1 -1 -1 7f -1 -1 -1
1 1 0 26.9 54.0 32 c25f -1 7b -1 -1 -1 7f -1 -1 -1
1 1 0 26.9 54.0 32 c25f -1 7b -1 -1 -1 7f -1 -1 -1
1 1 0 27.0 54.0 25 c25f -1 7b -1 -1 -1 7f -1 -1 -1
1 1 0 27.0 54.0 30 c25f -1 7b -1 -1 -1 7f -1 -1 -1
1 1 0 27.0 54.0 32 c25f -1 7b -1 -1 -1 7f -1 -1 -1
1 1 0 27.0 54.0 31 c25f -1 7b -1 -1 -1 7f -1 -1 -1
1 1 0 27.0 54.0 33 c25f -1 7b -1 -1 -1 7f -1 -1 -1
1 1 0 27.0 54.0 31 c25f -1 7b -1 -1 -1 7f -1 -1 -1
1 1 0 27.0 54.0 28 c25f -1 7b -1 -1 -1 7f -1 -1 -1
1 1 0 27.0 54.0 35 c25f -1 7b -1 -1 -1 7f -1 -1 -1
1 1 0 26.9 54.0 33 c25f -1 7b -1 -1 -1 7f -1 -1 -1
1 1 0 26.9 54.0 30 c25f -1 7b -1 -1 -1 7f -1 -1 -1
1 1 0 26.9 53.5 35 c25f -1 7b -1 -1 -1 7f -1 -1 -1
1 1 0 26.9 53.5 35 c25f -1 7b -1 -1 -1 7f -1 -1 -1
1 1 1 26.9 53.5 32 c25f -1 7b -1 -1 -1 7f -1 -1 -1
1 1 0 27.0 53.5 32 c25f -1 7b -1 -1 -1 7f -1 -1 -1
1 1 0 27.0 53.5 30 c25f -1 7b -1 -1 -1 7f -1 -1 -1
1 1 4 26.9 53.5 32 c25f -1 7b -1 -1 -1 7f -1 -1 -1
1 1 0 26.9 53.5 32 c25f -1 7b -1 -1 -1 7f -1 -1 -1
1 1 0 26.9 53.5 32 c25f -1 7b -1 -1 -1 7f -1 -1 -1
1 1 0 26.9 53.5 34 c25f -1 7b -1 -1 -1 7f -1 -1 -1
1 1 0 26.9 53.5 33 c25f -1 7b -1 -1 -1 7f -1 -1 -1
1 1 0 26.9 53.5 32 c25f -1 7b -1 -1 -1 7f -1 -1 -1
1 1 0 26.9 53.5 27 c25f -1 7b -1 -1 -1 7f -1 -1 -1
1 1 0 26.9 53.5 23 c25f -1 7b -1 -1 -1 7f -1 -1 -1
1 1 0 26.9 53.5 23 c25f -1 7b -1 -1 -1 7f -1 -1 -1
1 1 0 26.9 53.5 27 c25f -1 7b -1 -1 -1 7f -1 -1 -1
1 1 0 26.9 53.5 27 c25f -1 7b -1 -1 -1 7f -1 -1 -1
1 1 0 26.9 53.5 34 c25f -1 7b -1 -1 -1 7f -1 -1 -1
1 1 0 26.9 53.0 32 c25f -1 7b -1 -1 -1 7f -1 -1 -1
1 1 0 26.9 53.0 28 c25f -1 7b -1 -1 -1 7f -1 -1 -1
1 1 0 26.8 53.0 32 c25f -1 7b -1 -1 -1 7f -1 -1 -1
1 1 0 26.9 53.0 31 c25f -1 7b -1 -1 -1 7f -1 -1 -1
1 1 0 26.8 53.0 32 c25f -1 7b -1 -1 -1 7f -1 -1 -1
1 1 0 26.8 52.5 32 c25f -1 7b -1 -1 -1 7f -1 -1 -1
1 1 0 26.8 52.5 31 c25f -1 7b -1 -1 -1 7f -1 -1 -1
1 1 0 26.8 52.5 27 c25f -1 7b -1 -1 -1 7f -1 -1 -1
1 1 0 26.9 52.5 26 c25f -1 7b -1 -1 -1 7f -1 -1 -1
1 1 0 26.8 52.5 24 c25f -1 7b -1 -1 -1 7f -1 -1 -1
1 1 0 26.9 52.5 24 c25f -1 7b -1 -1 -1 7f -1 -1 -1
1 1 0 26.8 52.5 24 c25f -1 7b -1 -1 -1 7f -1 -1 -1
1 1 0 26.8 52.0 24 c25f -1 7b -1 -1 -1 7f -1 -1 -1
1 1 0 26.9 52.0 24 c25f -1 7b -1 -1 -1 7f -1 -1 -1
1 1 0 26.9 52.0 22 c25f -1 7b -1 -1 -1 7f -1 -1 -1
1 1 0 26.8 52.0 22 c25f -1 7b -1 -1 -1 7f -1 -1 -1
1 1 1 26.8 51.5 24 c25f -1 7b -1 -1 -1 7f -1 -1 -1
1 1 0 26.8 51.5 24 c25f -1 7b -1 -1 -1 7f -1 -1 -1
1 1 2 26.8 51.5 29 c25f -1 7b -1 -1 -1 7f -1 -1 -1
1 1 0 26.8 51.5 25 c25f -1 7b -1 -1 -1 7f -1 -1 -1
1 1 0 26.8 51.5 35 c25f -1 7b -1 -1 -1 7f -1 -1 -1
1 1 0 26.8 51.5 35 c25f -1 7b -1 -1 -1 7f -1 -1 -1
1 1 0 26.8 51.5 35 c25f -1 7b -1 -1 -1 7f -1 -1 -1
1 1 0 26.8 51.5 29 c25f -1 7b -1 -1 -1 7f -1 -1 -1
1 1 0 26.8 51.5 25 c25f -1 7b -1 -1 -1 7f -1 -1 -1
1 1 0 26.8 51.5 27 c25f -1 7b -1 -1 -1 7f -1 -1 -1
1 1 0 26.8 51.5 32 c25f -1 7b -1 -1 -1 7f -1 -1 -1
1 1 0 26.8 51.5 25 c25f -1 7b -1 -1 -1 7f -1 -1 -1
1 1 0 26.8 51.5 22 c25f -1 7b -1 -1 -1 7f -1 -1 -1
1 1 0 26.8 51.5 25 c25f -1 7b -1 -1 -1 7f -1 -1 -1
1 1 0 26.8 51.5 33 c25f -1 7b -1 -1 -1 7f -1 -1 -1
1 1 0 26.8 51.5 30 c25f -1 7b -1 -1 -1 7f -1 -1 -1
1 1 0 26.7 51.5 27 c25f -1 7b -1 -1 -1 7f -1 -1 -1
1 1 0 26.8 51.0 24 c25f -1 7b -1 -1 -1 7f -1 -1 -1
1 1 0 26.8 51.0 24 c25f -1 7b -1 -1 -1 7f -1 -1 -1
1 1 0 26.8 51.0 22 c25f -1 7b -1 -1 -1 7f -1 -1 -1
1 1 0 26.8 51.0 22 c25f -1 7b -1 -1 -1 7f -1 -1 -1
1 1 21 26.7 51.0 22 c25f -1 7b -1 -1 -1 7f -1 -1 -1
1 1 0 26.7 51.0 24 c25f -1 7b -1 -1 -1 7f -1 -1 -1
1 1 0 26.8 51.0 29 c25f -1 7b -1 -1 -1 7f -1 -1 -1
1 1 4 26.7 51.0 30 c25f -1 7b -1 -1 -1 7f -1 -1 -1
1 1 0 26.7 51.0 24 c25f -1 7b -1 -1 -1 7f -1 -1 -1
1 1 0 26.7 51.0 26 c25f -1 7b -1 -1 -1 7f -1 -1 -1
1 1 5 26.7 51.0 35 c25f -1 7b -1 -1 -1 7f -1 -1 -1
1 1 0 26.7 51.0 31 c25f -1 7b -1 -1 -1 7f -1 -1 -1
1 1 4 26.7 51.0 29 c25f -1 7b -1 -1 -1 7f -1 -1 -1
1 1 0 26.8 51.0 33 c25f -1 7b -1 -1 -1 7f -1 -1 -1
1 1 0 26.7 51.0 32 c25f -1 7b -1 -1 -1 7f -1 -1 -1
1 1 0 26.7 51.0 25 c25f -1 7b -1 -1 -1 7f -1 -1 -1
1 1 0 26.8 51.0 25 c25f -1 7b -1 -1 -1 7f -1 -1 -1
1 1 0 26.7 51.0 32 c25f -1 7b -1 -1 -1 7f -1 -1 -1
1 1 0 26.7 51.0 27 c25f -1 7b -1 -1 -1 7f -1 -1 -1
1 1 0 26.8 50.5 34 c25f -1 7b -1 -1 -1 7f -1 -1 -1
1 1 0 26.7 50.5 38 c25f -1 7b -1 -1 -1 7f -1 -1 -1
1 1 0 26.8 50.5 40 c25f -1 7b -1 -1 -1 7f -1 -1 -1
1 1 0 26.8 50.5 40 c25f -1 7b -1 -1 -1 7f -1 -1 -1
1 1 0 26.8 50.5 40 c25f -1 7b -1 -1 -1 7f -1 -1 -1
1 1 0 26.8 50.5 40 c25f -1 7b -1 -1 -1 7f -1 -1 -1
1 1 0 26.8 50.5 40 c25f -1 7b -1 -1 -1 7f -1 -1 -1
1 1 0 26.8 50.5 40 c25f -1 7b -1 -1 -1 7f -1 -1 -1
1 1 0 26.8 50.5 40 c25f -1 7b -1 -1 -1 7f -1 -1 -1
1 1 0 26.8 50.5 40 c25f -1 7b -1 -1 -1 7f -1 -1 -1
1 1 0 26.7 50.5 40 c25f -1 7b -1 -1 -1 7f -1 -1 -1
1 1 0 26.8 50.5 42 c25f -1 7b -1 -1 -1 7f -1 -1 -1
1 1 0 26.8 50.5 42 c25f -1 7b -1 -1 -1 7f -1 -1 -1
1 1 0 26.9 50.5 40 c25f -1 7b -1 -1 -1 7f -1 -1 -1
1 1 0 26.8 50.5 40 c25f -1 7b -1 -1 -1 7f -1 -1 -1
1 1 0 26.8 50.5 42 c25f -1 7b -1 -1 -1 7f -1 -1 -1
1 1 0 26.8 50.5 42 c25f -1 7b -1 -1 -1 7f -1 -1 -1
1 1 0 26.8 50.5 42 c25f -1 7b -1 -1 -1 7f -1 -1 -1
1 1 0 26.8 50.5 42 c25f -1 7b -1 -1 -1 7f -1 -1 -1
1 1 0 26.8 50.5 42 c25f -1 7b -1 -1 -1 7f -1 -1 -1
1 1 0 26.8 50.5 40 c25f -1 7b -1 -1 -1 7f -1 -1 -1
1 1 0 26.9 50.5 40 c25f -1 7b -1 -1 -1 7f -1 -1 -1
1 1 0 26.9 50.5 32 c25f -1 7b -1 -1 -1 7f -1 -1 -1
1 1 0 26.9 50.5 40 c25f -1 7b -1 -1 -1 7f -1 -1 -1
1 1 4 26.9 50.5 40 c25f -1 7b -1 -1 -1 7f -1 -1 -1
1 1 0 26.9 51.0 40 c25f -1 7b -1 -1 -1 7f -1 -1 -1
1 1 0 26.9 51.0 40 c25f -1 7b -1 -1 -1 7f -1 -1 -1
1 1 0 26.9 51.0 40 c25f -1 7b -1 -1 -1 7f -1 -1 -1
1 1 5 26.9 51.0 40 c25f -1 7b -1 -1 -1 7f -1 -1 -1
1 1 0 26.9 51.0 40 c25f -1 7b -1 -1 -1 7f -1 -1 -1
1 1 0 26.9 51.0 42 c25f -1 7b -1 -1 -1 7f -1 -1 -1
1 1 7 26.9 51.0 42 c25f -1 7b -1 -1 -1 7f -1 -1 -1
1 1 0 27.0 50.5 44 c25f -1 7b -1 -1 -1 7f -1 -1 -1
1 1 11 26.9 50.5 42 c25f -1 0b -1 -1 -1 7f -1 -1 -1
1 1 0 26.9 50.5 36 c25f -1 0b -1 -1 -1 7f -1 -1 -1
1 1 8 27.0 50.5 34 c25f -1 0b -1 -1 -1 7f -1 -1 -1
1 1 0 26.9 51.0 36 c25f -1 0b -1 -1 -1 7f -1 -1 -1
1 1 0 27.0 51.0 36 c25f -1 0b -1 -1 -1 7f -1 -1 -1
1 1 0 26.9 51.0 34 c25f -1 0b -1 -1 -1 7f -1 -1 -1
1 1 0 27.0 51.0 36 c25f -1 0b -1 -1 -1 7f -1 -1 -1
1 1 0 27.0 51.0 36 c25f -1 0b -1 -1 -1 7f -1 -1 -1
1 1 0 27.0 51.0 36 c25f -1 0b -1 -1 -1 7f -1 -1 -1
1 1 0 27.0 51.0 36 c25f -1 0b -1 -1 -1 7f -1 -1 -1
1 1 0 27.0 51.0 36 c25f -1 0b -1 -1 -1 7f -1 -1 -1
1 1 0 27.0 51.0 36 c25f -1 0b -1 -1 -1 7f -1 -1 -1
1 1 0 27.0 51.0 34 c25f -1 0b -1 -1 -1 7f -1 -1 -1
1 1 0 27.0 51.0 36 c25f -1 0b -1 -1 -1 7f -1 -1 -1
1 1 0 27.0 51.0 36 c25f -1 0b -1 -1 -1 7f -1 -1 -1
1 1 0 27.0 51.0 36 c25f -1 0b -1 -1 -1 7f -1 -1 -1
1 1 0 27.0 51.0 36 c25f -1 0b -1 -1 -1 7f -1 -1 -1
1 1 0 27.0 51.0 38 c25f -1 0b -1 -1 -1 7f -1 -1 -1
1 1 0 27.0 51.0 34 c25f -1 0b -1 -1 -1 7f -1 -1 -1
1 1 0 27.0 51.0 34 c25f -1 0b -1 -1 -1 7f -1 -1 -1
1 1 0 27.0 51.0 36 c25f -1 0b -1 -1 -1 7f -1 -1 -1
1 1 0 27.1 51.0 36 c25f -1 0b -1 -1 -1 7f -1 -1 -1
1 1 0 27.0 51.0 38 c25f -1 0b -1 -1 -1 7f -1 -1 -1
1 1 0 27.1 51.0 38 c25f -1 0b -1 -1 -1 7f -1 -1 -1
1 1 0 27.1 51.0 40 c25f -1 0b -1 -1 -1 7f -1 -1 -1
1 1 0 27.0 51.0 38 c25f -1 0b -1 -1 -1 7f -1 -1 -1
1 1 0 27.1 51.0 37 c25f -1 0b -1 -1 -1 7f -1 -1 -1
1 1 0 27.0 51.0 37 c25f -1 0b -1 -1 -1 7f -1 -1 -1
1 1 0 27.1 51.0 37 c25f -1 0b -1 -1 -1 7f -1 -1 -1
1 1 0 27.1 51.0 37 c25f -1 0b -1 -1 -1 7f -1 -1 -1
1 1 0 27.1 51.0 37 c25f -1 0b -1 -1 -1 7f -1 -1 -1
1 1 0 27.2 51.5 37 c25f -1 0b -1 -1 -1 7f -1 -1 -1
1 1 0 27.2 52.0 39 c25f -1 0b -1 -1 -1 7f -1 -1 -1
1 1 0 27.2 52.5 39 c25f -1 0b -1 -1 -1 7f -1 -1 -1
1 1 0 27.2 52.5 39 c25f -1 0b -1 -1 -1 7f -1 -1 -1
1 1 0 27.3 53.0 39 c25f -1 0b -1 -1 -1 7f -1 -1 -1
1 1 0 27.3 53.0 41 c25f -1 0b -1 -1 -1 7f -1 -1 -1
1 1 0 27.3 53.0 39 c25f -1 0b -1 -1 -1 7f -1 -1 -1
1 1 0 27.3 53.0 41 c25f -1 0b -1 -1 -1 7f -1 -1 -1
1 1 0 27.3 53.0 41 c25f -1 0b -1 -1 -1 7f -1 -1 -1
1 1 0 27.3 53.0 37 c25f -1 0b -1 -1 -1 7f -1 -1 -1
1 1 0 27.3 53.0 37 c25f -1 0b -1 -1 -1 7f -1 -1 -1
1 1 0 27.2 53.0 37 c25f -1 0b -1 -1 -1 7f -1 -1 -1
1 1 0 27.2 53.0 37 c25f -1 0b -1 -1 -1 7f -1 -1 -1
1 1 0 27.3 53.0 39 c25f -1 0b -1 -1 -1 7f -1 -1 -1
1 1 0 27.3 52.5 39 c25f -1 0b -1 -1 -1 7f -1 -1 -1
1 1 0 27.3 52.5 37 c25f -1 0b -1 -1 -1 7f -1 -1 -1
1 1 0 27.3 52.5 39 c25f -1 0b -1 -1 -1 7f -1 -1 -1
1 1 0 27.2 52.5 37 c25f -1 0b -1 -1 -1 7f -1 -1 -1
1 1 0 27.3 52.5 37 c25f -1 0b -1 -1 -1 7f -1 -1 -1
1 1 0 27.2 52.5 39 c25f -1 0b -1 -1 -1 7f -1 -1 -1
1 1 0 27.3 52.5 37 c25f -1 0b -1 -1 -1 7f -1 -1 -1
1 1 0 27.2 52.0 39 c25f -1 0b -1 -1 -1 7f -1 -1 -1
1 1 0 27.3 52.0 35 c25f -1 0b -1 -1 -1 7f -1 -1 -1
1 1 0 27.2 52.0 37 c25f -1 0b -1 -1 -1 7f -1 -1 -1
1 1 0 27.2 52.0 37 c25f -1 0b -1 -1 -1 7f -1 -1 -1
1 1 0 27.2 52.0 37 c25f -1 0b -1 -1 -1 7f -1 -1 -1
1 1 0 27.3 51.5 25 c25f -1 0b -1 -1 -1 7f -1 -1 -1
1 1 0 27.3 51.5 14 c25f -1 0b -1 -1 -1 7f -1 -1 -1
1 1 0 27.2 51.5 32 c25f -1 0b -1 -1 -1 7f -1 -1 -1
1 1 0 27.2 51.5 37 c25f -1 0b -1 -1 -1 7f -1 -1 -1
1 1 0 27.3 51.0 37 c25f -1 0b -1 -1 -1 7f -1 -1 -1
1 1 0 27.3 51.0 41 c25f -1 0b -1 -1 -1 7f -1 -1 -1
1 1 0 27.2 51.0 34 c25f -1 0b -1 -1 -1 7f -1 -1 -1
1 1 0 27.3 51.0 21 c25f -1 0b -1 -1 -1 7f -1 -1 -1
1 1 0 27.3 50.5 30 c25f -1 0b -1 -1 -1 7f -1 -1 -1
1 1 0 27.3 50.5 34 c25f -1 0b -1 -1 -1 7f -1 -1 -1
1 1 1 27.2 50.5 29 c25f -1 0b -1 -1 -1 7f -1 -1 -1
1 1 0 27.3 50.5 27 c25f -1 0b -1 -1 -1 7f -1 -1 -1
1 1 0 27.3 50.5 36 c25f -1 0b -1 -1 -1 7f -1 -1 -1
1 1 0 27.4 50.5 37 c25f -1 0b -1 -1 -1 7f -1 -1 -1
1 1 0 27.4 51.0 30 c25f -1 0b -1 -1 -1 7f -1 -1 -1
1 1 0 27.5 50.5 29 c25f -1 0b -1 -1 -1 7f -1 -1 -1
1 1 0 27.6 51.0 32 c25f -1 0b -1 -1 -1 7f -1 -1 -1
1 1 0 27.5 51.5 34 c25f -1 0b -1 -1 -1 7f -1 -1 -1
1 1 0 27.6 52.0 34 c25f -1 0b -1 -1 -1 7f -1 -1 -1
1 1 0 27.6 52.5 34 c25f -1 0b -1 -1 -1 7f -1 -1 -1
1 1 0 27.7 53.0 32 c25f -1 0b -1 -1 -1 7f -1 -1 -1
1 1 0 27.7 53.0 32 c25f -1 0b -1 -1 -1 7f -1 -1 -1
1 1 0 27.7 53.0 30 c25f -1 0b -1 -1 -1 7f -1 -1 -1
1 1 0 27.8 53.0 34 c25f -1 0b -1 -1 -1 7f -1 -1 -1
1 1 0 27.8 53.0 32 c25f -1 0b -1 -1 -1 7f -1 -1 -1
1 1 0 27.8 53.5 24 c25f -1 0b -1 -1 -1 7f -1 -1 -1
1 1 0 27.8 53.5 32 c25f -1 0b -1 -1 -1 7f -1 -1 -1
1 1 0 27.9 53.5 32 c25f -1 0b -1 -1 -1 7f -1 -1 -1
1 1 0 27.9 53.5 29 c25f -1 0b -1 -1 -1 7f -1 -1 -1
1 1 0 27.8 53.5 30 c25f -1 0b -1 -1 -1 7f -1 -1 -1
1 1 0 28.0 53.5 27 c25f -1 0b -1 -1 -1 7f -1 -1 -1
1 1 0 27.9 53.5 27 c25f -1 0b -1 -1 -1 7f -1 -1 -1
1 1 0 28.0 53.5 13 c25f -1 0b -1 -1 -1 7f -1 -1 -1
1 1 0 28.0 54.0 21 c25f -1 0b -1 -1 -1 7f -1 -1 -1
1 1 0 28.0 54.5 27 c25f -1 0b -1 -1 -1 7f -1 -1 -1
1 1 0 28.0 54.0 25 c25f -1 0b -1 -1 -1 7f -1 -1 -1
1 1 0 28.0 54.0 23 c25f -1 0b -1 -1 -1 7f -1 -1 -1
1 1 0 28.0 53.5 25 c25f -1 0b -1 -1 -1 7f -1 -1 -1
1 1 0 28.1 53.5 23 c25f -1 0b -1 -1 -1 7f -1 -1 -1
1 1 0 28.1 53.0 20 c25f -1 0b -1 -1 -1 7f -1 -1 -1
1 1 0 28.1 53.0 22 c25f -1 0b -1 -1 -1 7f -1 -1 -1
1 1 0 28.0 53.0 11 c25f -1 0b -1 -1 -1 7f -1 -1 -1
1 1 0 28.1 53.0 11 c25f -1 0b -1 -1 -1 7f -1 -1 -1
1 1 4 28.1 52.5 9 c25f -1 0b -1 -1 -1 7f -1 -1 -1
1 1 0 28.1 52.0 9 c25f -1 0b -1 -1 -1 7f -1 -1 -1
1 1 7 28.1 52.5 9 c25f -1 0b -1 -1 -1 7f -1 -1 -1
1 1 0 28.1 53.0 9 c25f -1 0b -1 -1 -1 7f -1 -1 -1
1 1 0 28.1 53.0 7 c25f -1 0b -1 -1 -1 7f -1 -1 -1
1 1 0 28.1 52.5 9 c25f -1 0b -1 -1 -1 7f -1 -1 -1
1 1 0 28.1 52.5 9 c25f -1 0b -1 -1 -1 7f -1 -1 -1
1 1 0 28.1 52.5 9 c25f -1 0b -1 -1 -1 7f -1 -1 -1
1 1 0 28.2 52.5 7 c25f -1 0b -1 -1 -1 7f -1 -1 -1
1 1 0 28.1 52.5 7 c25f -1 0b -1 -1 -1 7f -1 -1 -1
1 1 0 28.2 52.5 5 c25f -1 0b -1 -1 -1 7f -1 -1 -1
1 1 0 28.2 52.0 9 c25f -1 0b -1 -1 -1 7f -1 -1 -1
1 1 0 28.2 52.0 6 c25f -1 0b -1 -1 -1 7f -1 -1 -1
1 1 0 28.2 52.0 4 c25f -1 0b -1 -1 -1 7f -1 -1 -1
1 1 0 28.2 52.0 4 c25f -1 0b -1 -1 -1 7f -1 -1 -1
1 1 0 28.2 52.0 6 c25f -1 0b -1 -1 -1 7f -1 -1 -1
1 1 0 28.2 52.0 6 c25f -1 0b -1 -1 -1 7f -1 -1 -1
1 1 0 28.2 52.0 4 c25f -1 0b -1 -1 -1 7f -1 -1 -1
1 1 0 28.2 51.5 4 c25f -1 0b -1 -1 -1 7f -1 -1 -1
1 1 0 28.2 51.5 4 c25f -1 0b -1 -1 -1 7f -1 -1 -1
1 1 0 28.2 51.5 4 c25f -1 0b -1 -1 -1 7f -1 -1 -1
1 1 0 28.2 51.5 4 c25f -1 0b -1 -1 -1 7f -1 -1 -1
1 1 0 28.2 51.5 2 c25f -1 0b -1 -1 -1 7f -1 -1 -1
1 1 0 28.2 51.5 2 c25f -1 0b -1 -1 -1 7f -1 -1 -1
1 1 0 28.2 51.0 2 c25f -1 0b -1 -1 -1 7f -1 -1 -1
1 1 0 28.3 51.0 2 c25f -1 0b -1 -1 -1 7f -1 -1 -1
1 1 0 28.2 51.0 1 c25f -1 0b -1 -1 -1 7f -1 -1 -1
1 1 0 28.3 51.0 1 c25f -1 0b -1 -1 -1 7f -1 -1 -1
1 1 0 28.2 51.0 4 c25f -1 0b -1 -1 -1 7f -1 -1 -1
1 1 0 28.2 51.5 4 c25f -1 0b -1 -1 -1 7f -1 -1 -1
1 1 0 28.3 51.5 4 c25f -1 0b -1 -1 -1 7f -1 -1 -1
1 1 0 28.2 51.5 4 c25f -1 0b -1 -1 -1 7f -1 -1 -1
1 1 0 28.2 51.5 4 c25f -1 0b -1 -1 -1 7f -1 -1 -1
1 1 0 28.3 51.5 4 c25f -1 0b -1 -1 -1 7f -1 -1 -1
1 1 0 28.3 51.0 2 c25f -1 0b -1 -1 -1 7f -1 -1 -1
1 1 0 28.3 51.0 2 c25f -1 0b -1 -1 -1 7f -1 -1 -1
1 1 0 28.2 51.0 2 c25f -1 0b -1 -1 -1 7f -1 -1 -1
1 1 0 28.3 51.5 2 c25f -1 0b -1 -1 -1 7f -1 -1 -1
1 1 0 28.3 52.0 2 c25f -1 0b -1 -1 -1 7f -1 -1 -1
1 1 0 28.2 52.0 2 c25f -1 0b -1 -1 -1 7f -1 -1 -1
1 1 0 28.3 51.5 2 c25f -1 0b -1 -1 -1 7f -1 -1 -1
1 1 0 28.2 51.5 2 c25f -1 0b -1 -1 -1 7f -1 -1 -1
1 1 0 28.3 51.5 0 c25f -1 0b -1 -1 -1 7f -1 -1 -1
1 1 0 28.3 51.5 0 c25f -1 0b -1 -1 -1 7f -1 -1 -1
1 1 0 28.3 51.5 0 c25f -1 0b -1 -1 -1 7f -1 -1 -1
1 1 0 28.3 51.5 0 c25f -1 0b -1 -1 -1 7f -1 -1 -1
1 1 0 28.3 51.0 0 c25f -1 0b -1 -1 -1 7f -1 -1 -1
1 1 0 28.3 50.5 0 c25f -1 0b -1 -1 -1 7f -1 -1 -1
1 1 0 28.3 50.5 0 c25f -1 0b -1 -1 -1 7f -1 -1 -1
1 1 0 28.3 50.5 0 c25f -1 0b -1 -1 -1 7f -1 -1 -1
1 1 0 28.3 51.0 0 c25f -1 0b -1 -1 -1 7f -1 -1 -1
1 1 0 28.3 50.5 0 c25f -1 0b -1 -1 -1 7f -1 -1 -1
1 1 0 28.3 50.5 0 c25f -1 0b -1 -1 -1 7f -1 -1 -1
1 1 0 28.3 50.5 0 c25f -1 0b -1 -1 -1 7f -1 -1 -1
1 1 0 28.3 50.5 0 c25f -1 0b -1 -1 -1 7f -1 -1 -1
1 1 0 28.2 50.0 0 c25f -1 0b -1 -1 -1 7f -1 -1 -1
1 1 0 28.3 50.5 0 c25f -1 0b -1 -1 -1 7f -1 -1 -1
1 1 0 28.4 51.0 0 c25f -1 0b -1 -1 -1 7f -1 -1 -1
1 1 0 28.4 50.5 0 c25f -1 0b -1 -1 -1 7f -1 -1 -1
1 1 0 28.3 50.5 0 c25f -1 0b -1 -1 -1 7f -1 -1 -1
1 1 0 28.3 50.5 0 c25f -1 0b -1 -1 -1 7f -1 -1 -1
1 1 0 28.3 50.5 0 c25f -1 0b -1 -1 -1 7f -1 -1 -1
1 1 0 28.3 50.0 0 c25f -1 0b -1 -1 -1 7f -1 -1 -1
1 1 0 28.3 50.0 0 c25f -1 0b -1 -1 -1 7f -1 -1 -1
1 1 0 28.3 50.0 0 c25f -1 0b -1 -1 -1 7f -1 -1 -1
1 1 0 28.3 50.0 0 c25f -1 0b -1 -1 -1 7f -1 -1 -1
1 1 0 28.3 50.0 0 c25f -1 0b -1 -1 -1 7f -1 -1 -1
1 1 0 28.3 50.0 0 c25f -1 0b -1 -1 -1 7f -1 -1 -1
1 1 0 28.3 50.0 0 c25f -1 0b -1 -1 -1 7f -1 -1 -1
1 1 0 28.3 50.0 0 c25f -1 0b -1 -1 -1 7f -1 -1 -1
1 1 0 28.4 49.5 0 c25f -1 0b -1 -1 -1 7f -1 -1 -1
1 1 0 28.3 49.5 0 c25f -1 0b -1 -1 -1 7f -1 -1 -1
1 1 0 28.4 49.5 0 c25f -1 0b -1 -1 -1 7f -1 -1 -1
1 1 0 28.4 49.5 0 c25f -1 0b -1 -1 -1 7f -1 -1 -1
1 1 0 28.4 49.5 0 c25f -1 0b -1 -1 -1 7f -1 -1 -1
1 1 0 28.4 49.5 0 c25f -1 0b -1 -1 -1 7f -1 -1 -1
1 1 0 28.4 49.5 0 c25f -1 0b -1 -1 -1 7f -1 -1 -1
1 1 0 28.4 49.5 0 c25f -1 0b -1 -1 -1 7f -1 -1 -1
1 1 0 28.4 50.0 0 c25f -1 0b -1 -1 -1 7f -1 -1 -1
1 1 0 28.3 50.0 0 c25f -1 0b -1 -1 -1 7f -1 -1 -1
1 1 0 28.3 50.0 0 c25f -1 0b -1 -1 -1 7f -1 -1 -1
1 1 0 28.4 50.5 0 c25f -1 0b -1 -1 -1 7f -1 -1 -1
1 1 0 28.4 50.5 0 c25f -1 0b -1 -1 -1 7f -1 -1 -1
1 1 0 28.3 51.0 0 c25f -1 0b -1 -1 -1 7f -1 -1 -1
1 1 0 28.4 51.0 0 c25f -1 0b -1 -1 -1 7f -1 -1 -1
1 1 0 28.4 51.0 0 c25f -1 0b -1 -1 -1 7f -1 -1 -1
1 1 0 28.4 51.0 0 c25f -1 0b -1 -1 -1 7f -1 -1 -1
1 1 0 28.4 51.0 0 c25f -1 0b -1 -1 -1 7f -1 -1 -1
1 1 0 28.4 51.0 0 c25f -1 0b -1 -1 -1 7f -1 -1 -1
1 1 0 28.4 51.0 0 c25f -1 0b -1 -1 -1 7f -1 -1 -1
1 1 0 28.4 50.5 0 c25f -1 0b -1 -1 -1 7f -1 -1 -1
1 1 0 28.3 50.5 0 c25f -1 0b -1 -1 -1 7f -1 -1 -1
1 1 0 28.4 51.0 0 c25f -1 0b -1 -1 -1 7f -1 -1 -1
1 1 0 28.4 51.0 0 c25f -1 0b -1 -1 -1 7f -1 -1 -1
1 1 0 28.4 51.5 0 c25f -1 0b -1 -1 -1 7f -1 -1 -1
1 1 0 28.4 51.5 0 c25f -1 0b -1 -1 -1 7f -1 -1 -1
1 1 0 28.3 51.0 0 c25f -1 0b -1 -1 -1 7f -1 -1 -1
1 1 0 28.4 51.0 0 c25f -1 0b -1 -1 -1 7f -1 -1 -1
1 1 0 28.4 50.5 0 c25f -1 0b -1 -1 -1 7f -1 -1 -1
1 1 0 28.3 50.5 0 c25f -1 0b -1 -1 -1 7f -1 -1 -1
1 1 0 28.3 50.5 0 c25f -1 0b -1 -1 -1 7f -1 -1 -1
1 1 0 28.4 50.5 0 c25f -1 0b -1 -1 -1 7f -1 -1 -1
1 1 0 28.4 51.0 0 c25f -1 0b -1 -1 -1 7f -1 -1 -1
1 1 0 28.3 51.0 0 c25f -1 0b -1 -1 -1 7f -1 -1 -1
1 1 0 28.4 51.0 0 c25f -1 0b -1 -1 -1 7f -1 -1 -1
1 1 0 28.3 51.0 0 c25f -1 0b -1 -1 -1 7f -1 -1 -1
1 1 0 28.4 51.0 0 c25f -1 0b -1 -1 -1 7f -1 -1 -1
1 1 0 28.4 50.5 0 c25f -1 0b -1 -1 -1 7f -1 -1 -1
1 1 0 28.4 50.5 0 c25f -1 0b -1 -1 -1 7f -1 -1 -1
1 1 0 28.4 50.0 0 c25f -1 0b -1 -1 -1 7f -1 -1 -1
1 1 0 28.4 50.0 0 c25f -1 0b -1 -1 -1 7f -1 -1 -1
1 1 0 28.4 50.0 0 c25f -1 0b -1 -1 -1 7f -1 -1 -1
1 1 0 28.3 50.0 0 c25f -1 0b -1 -1 -1 7f -1 -1 -1
1 1 0 28.4 49.5 0 c25f -1 0b -1 -1 -1 7f -1 -1 -1
1 1 0 28.4 49.5 0 c25f -1 0b -1 -1 -1 7f -1 -1 -1
1 1 0 28.4 50.0 0 c25f -1 0b -1 -1 -1 7f -1 -1 -1
1 1 0 28.4 49.5 0 c25f -1 0b -1 -1 -1 7f -1 -1 -1
1 1 0 28.4 49.5 0 c25f -1 0b -1 -1 -1 7f -1 -1 -1
1 1 0 28.3 49.5 0 c25f -1 0b -1 -1 -1 7f -1 -1 -1
1 1 0 28.4 49.5 0 c25f -1 0b -1 -1 -1 7f -1 -1 -1
1 1 0 28.4 49.5 0 c25f -1 0b -1 -1 -1 7f -1 -1 -1
1 1 0 28.4 49.5 0 c25f -1 0b -1 -1 -1 7f -1 -1 -1
1 1 0 28.4 49.5 0 c25f -1 0b -1 -1 -1 7f -1 -1 -1
1 1 0 28.4 49.0 0 c25f -1 0b -1 -1 -1 7f -1 -1 -1
1 1 0 28.4 49.0 0 c25f -1 0b -1 -1 -1 7f -1 -1 -1
1 1 0 28.4 49.5 0 c25f -1 0b -1 -1 -1 7f -1 -1 -1
1 1 0 28.4 50.0 0 c25f -1 0b -1 -1 -1 7f -1 -1 -1
1 1 0 28.4 50.0 0 c25f -1 0b -1 -1 -1 7f -1 -1 -1
1 1 0 28.4 49.5 0 c25f -1 0b -1 -1 -1 7f -1 -1 -1
1 1 0 28.3 49.5 0 c25f -1 0b -1 -1 -1 7f -1 -1 -1
1 1 0 28.4 49.5 0 c25f -1 0b -1 -1 -1 7f -1 -1 -1
1 1 0 28.4 49.5 0 c25f -1 0b -1 -1 -1 7f -1 -1 -1
1 1 0 28.4 50.0 0 c25f -1 0b -1 -1 -1 7f -1 -1 -1
1 1 0 28.4 50.0 0 c25f -1 0b -1 -1 -1 7f -1 -1 -1
1 1 0 28.4 50.0 0 c25f -1 0b -1 -1 -1 7f -1 -1 -1
1 1 0 28.3 50.0 0 c25f -1 0b -1 -1 -1 7f -1 -1 -1
1 1 0 28.4 50.0 0 c25f -1 0b -1 -1 -1 7f -1 -1 -1
1 1 0 28.3 50.0 0 c25f -1 0b -1 -1 -1 7f -1 -1 -1
1 1 0 28.4 50.0 0 c25f -1 0b -1 -1 -1 7f -1 -1 -1
1 1 0 28.4 49.5 0 c25f -1 0b -1 -1 -1 7f -1 -1 -1
1 1 0 28.5 50.0 0 c25f -1 0b -1 -1 -1 7f -1 -1 -1
1 1 0 28.3 50.0 0 c25f -1 0b -1 -1 -1 7f -1 -1 -1
1 1 0 28.4 50.0 0 c25f -1 0b -1 -1 -1 7f -1 -1 -1
1 1 0 28.4 50.5 0 c25f -1 0b -1 -1 -1 7f -1 -1 -1
1 1 4 28.4 50.0 0 c25f -1 0b -1 -1 -1 7f -1 -1 -1
1 1 3 28.4 49.5 0 c25f -1 0b -1 -1 -1 7f -1 -1 -1
1 1 6 28.4 49.5 0 c25f -1 0b -1 -1 -1 7f -1 -1 -1
1 1 0 28.4 49.5 0 c25f -1 0b -1 -1 -1 7f -1 -1 -1
1 1 0 28.4 49.5 0 c25f -1 0b -1 -1 -1 7f -1 -1 -1
1 1 0 28.4 49.5 0 c25f -1 0b -1 -1 -1 7f -1 -1 -1
1 1 0 28.5 49.5 0 c25f -1 0b -1 -1 -1 7f -1 -1 -1
1 1 0 28.4 49.5 0 c25f -1 0b -1 -1 -1 7f -1 -1 -1
1 1 0 28.4 49.5 0 c25f -1 0b -1 -1 -1 7f -1 -1 -1
1 1 0 28.4 49.5 0 c25f -1 0b -1 -1 -1 7f -1 -1 -1
1 1 0 28.5 49.5 0 c25f -1 0b -1 -1 -1 7f -1 -1 -1
1 1 0 28.5 50.0 0 c25f -1 0b -1 -1 -1 7f -1 -1 -1
1 1 0 28.4 50.0 0 c25f -1 0b -1 -1 -1 7f -1 -1 -1
1 1 0 28.5 50.0 0 c25f -1 0b -1 -1 -1 7f -1 -1 -1
1 1 0 28.6 50.0 0 c25f -1 0b -1 -1 -1 7f -1 -1 -1
1 1 0 28.6 50.0 0 c25f -1 0b -1 -1 -1 7f -1 -1 -1
1 1 0 28.5 50.5 0 c25f -1 0b -1 -1 -1 7f -1 -1 -1
1 1 0 28.5 50.5 0 c25f -1 0b -1 -1 -1 7f -1 -1 -1
1 1 0 28.5 50.5 0 c25f -1 0b -1 -1 -1 7f -1 -1 -1
1 1 0 28.5 51.0 0 c25f -1 0b -1 -1 -1 7f -1 -1 -1
1 1 0 28.6 51.0 0 c25f -1 0b -1 -1 -1 7f -1 -1 -1
1 1 0 28.5 51.5 0 c25f -1 0b -1 -1 -1 7f -1 -1 -1
1 1 0 28.6 51.5 0 c25f -1 0b -1 -1 -1 7f -1 -1 -1
1 1 0 28.6 51.5 0 c25f -1 0b -1 -1 -1 7f -1 -1 -1
1 1 0 28.6 51.5 0 c25f -1 0b -1 -1 -1 7f -1 -1 -1
1 1 0 28.6 51.5 0 c25f -1 0b -1 -1 -1 7f -1 -1 -1
1 1 0 28.6 51.5 0 c25f -1 0b -1 -1 -1 7f -1 -1 -1
1 1 0 28.6 51.5 0 c25f -1 0b -1 -1 -1 7f -1 -1 -1
1 1 0 28.6 51.5 0 c25f -1 0b -1 -1 -1 7f -1 -1 -1
1 1 0 28.6 51.5 0 c25f -1 0b -1 -1 -1 7f -1 -1 -1
1 1 0 28.6 51.5 0 c25f -1 0b -1 -1 -1 7f -1 -1 -1
1 1 0 28.6 51.5 0 c25f -1 0b -1 -1 -1 7f -1 -1 -1
1 1 0 28.6 51.5 0 c25f -1 0b -1 -1 -1 7f -1 -1 -1
1 1 0 28.6 52.0 0 c25f -1 0b -1 -1 -1 7f -1 -1 -1
1 1 0 28.6 52.0 0 c25f -1 0b -1 -1 -1 7f -1 -1 -1
1 1 0 28.6 52.0 0 c25f -1 0b -1 -1 -1 7f -1 -1 -1
1 1 0 28.6 52.0 0 c25f -1 0b -1 -1 -1 7f -1 -1 -1
1 1 0 28.7 52.0 0 c25f -1 0b -1 -1 -1 7f -1 -1 -1
1 1 0 28.6 52.0 0 c25f -1 0b -1 -1 -1 7f -1 -1 -1
1 1 0 28.7 52.0 0 c25f -1 0b -1 -1 -1 7f -1 -1 -1
1 1 0 28.7 52.5 0 c25f -1 0b -1 -1 -1 7f -1 -1 -1
1 1 0 28.7 52.5 0 c25f -1 0b -1 -1 -1 7f -1 -1 -1
1 1 0 28.7 52.5 0 c25f -1 0b -1 -1 -1 7f -1 -1 -1
1 1 0 28.7 52.5 0 c25f -1 0b -1 -1 -1 7f -1 -1 -1
1 1 0 28.7 52.5 0 c25f -1 0b -1 -1 -1 7f -1 -1 -1
1 1 0 28.7 52.5 0 c25f -1 0b -1 -1 -1 7f -1 -1 -1
1 1 0 28.7 53.0 0 c25f -1 0b -1 -1 -1 7f -1 -1 -1
1 1 0 28.8 52.5 0 c25f -1 0b -1 -1 -1 7f -1 -1 -1
1 1 0 28.7 52.5 0 c25f -1 0b -1 -1 -1 7f -1 -1 -1
1 1 0 28.7 53.0 0 c25f -1 0b -1 -1 -1 7f -1 -1 -1
1 1 0 28.8 53.0 0 c25f -1 0b -1 -1 -1 7f -1 -1 -1
1 1 0 28.8 53.0 0 c25f -1 0b -1 -1 -1 7f -1 -1 -1
1 1 0 28.7 53.0 0 c25f -1 0b -1 -1 -1 7f -1 -1 -1
1 1 0 28.8 53.0 0 c25f -1 0b -1 -1 -1 7f -1 -1 -1
1 1 0 28.8 53.0 0 c25f -1 0b -1 -1 -1 7f -1 -1 -1
1 1 0 28.7 53.0 0 c25f -1 0b -1 -1 -1 7f -1 -1 -1
1 1 0 28.7 52.5 0 c25f -1 0b -1 -1 -1 7f -1 -1 -1
1 1 0 28.8 52.5 0 c25f -1 0b -1 -1 -1 7f -1 -1 -1
1 1 0 28.8 52.5 0 c25f -1 0b -1 -1 -1 0f -1 -1 -1
1 1 0 28.8 52.5 0 c25f -1 0b -1 -1 -1 0f -1 -1 -1
1 1 7 28.8 52.0 0 c25f -1 4b -1 -1 -1 0f -1 -1 -1
1 1 0 28.8 52.0 0 c25f -1 4b -1 -1 -1 0f -1 -1 -1
1 1 0 28.8 52.0 0 c25f -1 4b -1 -1 -1 0f -1 -1 -1
1 1 0 28.7 52.5 0 c25f -1 4b -1 -1 -1 0f -1 -1 -1
1 1 0 28.8 52.5 0 c25f -1 4b -1 -1 -1 0f -1 -1 -1
1 1 0 28.8 52.5 0 c25f -1 4b -1 -1 -1 0f -1 -1 -1
1 1 0 28.8 52.5 0 c25f -1 4b -1 -1 -1 0f -1 -1 -1
1 1 0 28.8 52.5 0 c25f -1 4b -1 -1 -1 0f -1 -1 -1
1 1 0 28.9 52.5 0 c25f -1 4b -1 -1 -1 0f -1 -1 -1
1 1 0 28.8 52.5 0 c25f -1 4b -1 -1 -1 0f -1 -1 -1
1 1 0 28.8 52.5 0 c25f -1 4b -1 -1 -1 0f -1 -1 -1
1 1 0 28.8 52.5 0 c25f -1 4b -1 -1 -1 0f -1 -1 -1
1 1 0 28.8 52.5 0 c25f -1 4b -1 -1 -1 0f -1 -1 -1
1 1 0 28.9 52.5 0 c25f -1 4b -1 -1 -1 0f -1 -1 -1
1 1 0 28.9 53.0 0 c25f -1 4b -1 -1 -1 0f -1 -1 -1
1 1 0 28.8 53.0 0 c25f -1 4b -1 -1 -1 0f -1 -1 -1
1 1 0 28.8 53.5 0 c25f -1 4b -1 -1 -1 0f -1 -1 -1
1 1 0 28.9 53.0 0 c25f -1 4b -1 -1 -1 0f -1 -1 -1
1 1 0 28.8 53.0 0 c25f -1 4b -1 -1 -1 0f -1 -1 -1
1 1 0 28.9 53.5 0 c25f -1 4b -1 -1 -1 0f -1 -1 -1
1 1 0 28.9 53.5 0 c25f -1 4b -1 -1 -1 0f -1 -1 -1
1 1 0 28.9 53.5 0 c25f -1 4b -1 -1 -1 0f -1 -1 -1
1 1 0 28.9 53.5 0 c25f -1 4b -1 -1 -1 0f -1 -1 -1
1 1 0 28.9 53.0 0 c25f -1 4b -1 -1 -1 0f -1 -1 -1
1 1 0 28.8 53.5 0 c25f -1 4b -1 -1 -1 0f -1 -1 -1
1 1 0 28.9 53.5 0 c25f -1 4b -1 -1 -1 0f -1 -1 -1
1 1 0 28.9 53.0 0 c25f -1 4b -1 -1 -1 0f -1 -1 -1
1 1 0 28.9 53.5 0 c25f -1 4b -1 -1 -1 0f -1 -1 -1
1 1 0 28.9 53.0 0 c25f -1 4b -1 -1 -1 0f -1 -1 -1
1 1 0 28.9 53.0 0 c25f -1 4b -1 -1 -1 0f -1 -1 -1
1 1 0 28.9 53.0 0 c25f -1 4b -1 -1 -1 0f -1 -1 -1
1 1 0 29.0 53.0 0 c25f -1 4b -1 -1 -1 0f -1 -1 -1
1 1 0 28.9 53.0 0 c25f -1 4b -1 -1 -1 0f -1 -1 -1
1 1 0 28.8 53.0 0 c25f -1 4b -1 -1 -1 0f -1 -1 -1
1 1 0 28.9 53.0 0 c25f -1 4b -1 -1 -1 0f -1 -1 -1
1 1 0 28.8 53.0 0 c25f -1 4b -1 -1 -1 0f -1 -1 -1
1 1 0 28.9 53.0 0 c25f -1 4b -1 -1 -1 0f -1 -1 -1
1 1 0 28.9 52.5 0 c25f -1 4b -1 -1 -1 0f -1 -1 -1
1 1 0 28.9 52.5 0 c25f -1 4b -1 -1 -1 0f -1 -1 -1
1 1 0 29.0 52.5 0 c25f -1 4b -1 -1 -1 0f -1 -1 -1
1 1 0 29.0 52.5 0 c25f -1 4b -1 -1 -1 0f -1 -1 -1
1 1 0 28.9 52.5 0 c25f -1 4b -1 -1 -1 0f -1 -1 -1
1 1 0 28.9 52.5 0 c25f -1 4b -1 -1 -1 0f -1 -1 -1
1 1 0 28.9 52.5 0 c25f -1 4b -1 -1 -1 0f -1 -1 -1
1 1 0 28.9 52.5 0 c25f -1 4b -1 -1 -1 0f -1 -1 -1
1 1 0 29.0 53.0 0 c25f -1 4b -1 -1 -1 0f -1 -1 -1
1 1 0 29.1 53.0 0 c25f -1 4b -1 -1 -1 0f -1 -1 -1
1 1 0 28.9 53.0 0 c25f -1 4b -1 -1 -1 0f -1 -1 -1
1 1 0 28.9 53.5 0 c25f -1 4b -1 -1 -1 0f -1 -1 -1
1 1 0 28.9 53.5 0 c25f -1 4b -1 -1 -1 0f -1 -1 -1
1 1 0 28.9 53.5 0 c25f -1 4b -1 -1 -1 0f -1 -1 -1
1 1 0 29.0 53.5 0 c25f -1 4b -1 -1 -1 0f -1 -1 -1
1 1 0 28.9 54.0 0 c25f -1 4b -1 -1 -1 0f -1 -1 -1
1 1 0 29.0 54.0 0 c25f -1 4b -1 -1 -1 0f -1 -1 -1
1 1 0 29.0 54.5 0 c25f -1 4b -1 -1 -1 0f -1 -1 -1
1 1 0 29.0 54.5 0 c25f -1 4b -1 -1 -1 0f -1 -1 -1
1 1 0 29.0 54.5 0 c25f -1 4b -1 -1 -1 0f -1 -1 -1
1 1 0 29.0 54.5 0 c25f -1 4b -1 -1 -1 0f -1 -1 -1
1 1 0 29.0 54.5 0 c25f -1 4b -1 -1 -1 0f -1 -1 -1
1 1 0 29.0 54.5 0 c25f -1 4b -1 -1 -1 0f -1 -1 -1
1 1 0 29.0 54.0 0 c25f -1 4b -1 -1 -1 0f -1 -1 -1
1 1 0 29.0 54.0 0 c25f -1 4b -1 -1 -1 0f -1 -1 -1
1 1 0 29.0 53.5 0 c25f -1 4b -1 -1 -1 0f -1 -1 -1
1 1 0 29.1 53.5 0 c25f -1 4b -1 -1 -1 0f -1 -1 -1
1 1 0 29.0 53.5 0 c25f -1 4b -1 -1 -1 0f -1 -1 -1
1 1 0 29.0 53.5 0 c25f -1 4b -1 -1 -1 0f -1 -1 -1
1 1 0 29.0 53.5 0 c25f -1 4b -1 -1 -1 0f -1 -1 -1
1 1 0 29.0 53.5 0 c25f -1 4b -1 -1 -1 0f -1 -1 -1
1 1 0 29.0 53.0 0 c25f -1 4b -1 -1 -1 0f -1 -1 -1
1 1 0 29.0 53.0 0 c25f -1 4b -1 -1 -1 0f -1 -1 -1
1 1 0 29.0 53.0 0 c25f -1 4b -1 -1 -1 0f -1 -1 -1
1 1 0 29.1 53.0 0 c25f -1 4b -1 -1 -1 0f -1 -1 -1
1 1 0 29.0 53.0 0 c25f -1 4b -1 -1 -1 0f -1 -1 -1
1 1 0 29.1 53.5 0 c25f -1 4b -1 -1 -1 0f -1 -1 -1
1 1 0 29.0 53.0 0 c25f -1 4b -1 -1 -1 0f -1 -1 -1
1 1 0 29.1 53.0 0 c25f -1 4b -1 -1 -1 0f -1 -1 -1
1 1 0 29.0 53.0 0 c25f -1 4b -1 -1 -1 0f -1 -1 -1
1 1 0 29.0 53.0 0 c25f -1 4b -1 -1 -1 0f -1 -1 -1
1 1 0 29.1 53.0 0 c25f -1 4b -1 -1 -1 0f -1 -1 -1
1 1 0 29.1 53.0 0 c25f -1 4b -1 -1 -1 0f -1 -1 -1
1 1 0 29.0 52.5 0 c25f -1 4b -1 -1 -1 0f -1 -1 -1
1 1 0 29.0 53.0 0 c25f -1 4b -1 -1 -1 0f -1 -1 -1
1 1 0 29.0 53.0 0 c25f -1 4b -1 -1 -1 0f -1 -1 -1
1 1 0 29.0 53.0 0 c25f -1 4b -1 -1 -1 0f -1 -1 -1
1 1 0 29.0 53.0 0 c25f -1 4b -1 -1 -1 0f -1 -1 -1
1 1 0 29.1 53.0 0 c25f -1 4b -1 -1 -1 0f -1 -1 -1
1 1 0 29.1 53.0 0 c25f -1 4b -1 -1 -1 0f -1 -1 -1
1 1 0 29.1 53.0 0 c25f -1 4b -1 -1 -1 0f -1 -1 -1
1 1 0 29.0 53.0 0 c25f -1 4b -1 -1 -1 0f -1 -1 -1
1 1 0 29.0 53.0 0 c25f -1 4b -1 -1 -1 0f -1 -1 -1
1 1 0 29.1 53.0 0 c25f -1 4b -1 -1 -1 0f -1 -1 -1
1 1 0 29.0 53.0 0 c25f -1 4b -1 -1 -1 0f -1 -1 -1
1 1 0 29.1 53.5 0 c25f -1 4b -1 -1 -1 0f -1 -1 -1
1 1 0 29.2 53.5 0 c25f -1 4b -1 -1 -1 0f -1 -1 -1
1 1 0 29.1 53.5 0 c25f -1 4b -1 -1 -1 0f -1 -1 -1
1 1 0 29.1 53.5 0 c25f -1 4b -1 -1 -1 0f -1 -1 -1
1 1 0 29.1 53.5 0 c25f -1 4b -1 -1 -1 0f -1 -1 -1
1 1 0 29.1 53.0 0 c25f -1 4b -1 -1 -1 0f -1 -1 -1
1 1 0 29.1 53.0 0 c25f -1 4b -1 -1 -1 0f -1 -1 -1
1 1 0 29.1 53.0 0 c25f -1 4b -1 -1 -1 0f -1 -1 -1
1 1 0 29.1 53.0 0 c25f -1 4b -1 -1 -1 0f -1 -1 -1
1 1 0 29.1 53.0 0 c25f -1 4b -1 -1 -1 0f -1 -1 -1
1 1 0 29.2 53.5 0 c25f -1 4b -1 -1 -1 0f -1 -1 -1
1 1 0 29.1 53.5 0 c25f -1 4b -1 -1 -1 0f -1 -1 -1
1 1 0 29.2 53.5 0 c25f -1 4b -1 -1 -1 0f -1 -1 -1
1 1 0 29.2 53.5 0 c25f -1 4b -1 -1 -1 0f -1 -1 -1
1 1 0 29.2 53.5 0 c25f -1 4b -1 -1 -1 0f -1 -1 -1
1 1 0 29.2 53.5 0 c25f -1 4b -1 -1 -1 0f -1 -1 -1
1 1 0 29.2 53.5 0 c25f -1 4b -1 -1 -1 0f -1 -1 -1
1 1 0 29.2 53.5 0 c25f -1 4b -1 -1 -1 0f -1 -1 -1
1 1 0 29.2 53.5 0 c25f -1 4b -1 -1 -1 0f -1 -1 -1
1 1 0 29.2 53.5 0 c25f -1 4b -1 -1 -1 0f -1 -1 -1
1 1 0 29.2 53.5 0 c25f -1 4b -1 -1 -1 0f -1 -1 -1
1 1 0 29.3 53.5 0 c25f -1 4b -1 -1 -1 0f -1 -1 -1
1 1 0 29.2 53.5 0 c25f -1 4b -1 -1 -1 0f -1 -1 -1
1 1 0 29.2 53.5 0 c25f -1 4b -1 -1 -1 0f -1 -1 -1
1 1 0 29.2 53.5 0 c25f -1 4b -1 -1 -1 0f -1 -1 -1
1 1 0 29.2 53.5 0 c25f -1 4b -1 -1 -1 0f -1 -1 -1
1 1 0 29.2 54.0 0 c25f -1 4b -1 -1 -1 0f -1 -1 -1
1 1 0 29.3 54.0 0 c25f -1 4b -1 -1 -1 0f -1 -1 -1
1 1 0 29.3 54.0 0 c25f -1 4b -1 -1 -1 0f -1 -1 -1
1 1 0 29.3 54.0 0 c25f -1 4b -1 -1 -1 0f -1 -1 -1
1 1 0 29.2 54.0 0 c25f -1 4b -1 -1 -1 0f -1 -1 -1
1 1 0 29.3 54.0 0 c25f -1 4b -1 -1 -1 0f -1 -1 -1
1 1 0 29.2 54.0 0 c25f -1 4b -1 -1 -1 0f -1 -1 -1
1 1 0 29.3 54.5 0 c25f -1 4b -1 -1 -1 0f -1 -1 -1
1 1 0 29.2 54.5 0 c25f -1 4b -1 -1 -1 0f -1 -1 -1
1 1 0 29.3 54.5 0 c25f -1 4b -1 -1 -1 0f -1 -1 -1
1 1 0 29.3 54.5 0 c25f -1 4b -1 -1 -1 0f -1 -1 -1
1 1 0 29.3 54.5 0 c25f -1 4b -1 -1 -1 0f -1 -1 -1
1 1 0 29.3 54.5 0 c25f -1 4b -1 -1 -1 0f -1 -1 -1
1 1 0 29.4 55.0 0 c25f -1 4b -1 -1 -1 0f -1 -1 -1
1 1 0 29.3 55.0 0 c25f -1 4b -1 -1 -1 0f -1 -1 -1
1 1 0 29.3 55.0 0 c25f -1 4b -1 -1 -1 0f -1 -1 -1
1 1 0 29.3 55.0 0 c25f -1 4b -1 -1 -1 0f -1 -1 -1
1 1 0 29.3 55.5 0 c25f -1 4b -1 -1 -1 0f -1 -1 -1
1 1 0 29.3 55.5 0 c25f -1 4b -1 -1 -1 0f -1 -1 -1
1 1 0 29.3 55.5 0 c25f -1 4b -1 -1 -1 0f -1 -1 -1
1 1 0 29.4 55.5 0 c25f -1 4b -1 -1 -1 0f -1 -1 -1
1 1 0 29.4 56.0 0 c25f -1 4b -1 -1 -1 0f -1 -1 -1
1 1 0 29.4 56.0 0 c25f -1 4b -1 -1 -1 0f -1 -1 -1
1 1 0 29.4 56.0 0 c25f -1 4b -1 -1 -1 0f -1 -1 -1
1 1 0 29.4 56.0 0 c25f -1 4b -1 -1 -1 0f -1 -1 -1
