1 1 0 30.5 56.5 1 -1 -1 0b -1 -1 -1 0f -1 -1 -1
1 1 0 30.4 56.5 1 -1 -1 0b -1 -1 -1 0f -1 -1 -1
1 1 0 30.4 56.5 1 -1 -1 0b -1 -1 -1 0f -1 -1 -1
1 1 0 30.4 56.5 1 -1 -1 0b -1 -1 -1 0f -1 -1 -1
1 1 0 30.4 56.5 1 -1 -1 0b -1 -1 -1 0f -1 -1 -1
1 1 0 30.5 56.5 1 -1 -1 0b -1 -1 -1 0f -1 -1 -1
1 1 0 30.5 56.0 1 -1 -1 0b -1 -1 -1 0f -1 -1 -1
1 1 0 30.5 56.0 1 -1 -1 0b -1 -1 -1 0f -1 -1 -1
1 1 0 30.6 56.0 1 -1 -1 0b -1 -1 -1 0f -1 -1 -1
1 1 0 30.6 56.0 1 -1 -1 0b -1 -1 -1 0f -1 -1 -1
1 1 0 30.5 56.0 1 -1 -1 0b -1 -1 -1 0f -1 -1 -1
1 1 0 30.5 56.0 1 -1 -1 0b -1 -1 -1 0f -1 -1 -1
1 1 0 30.6 56.0 1 -1 -1 0b -1 -1 -1 0f -1 -1 -1
1 1 0 30.5 56.0 1 -1 -1 0b -1 -1 -1 0f -1 -1 -1
1 1 0 30.5 56.5 1 -1 -1 0b -1 -1 -1 0f -1 -1 -1
1 1 0 30.6 56.5 1 -1 -1 0b -1 -1 -1 0f -1 -1 -1
1 1 0 30.5 56.5 1 -1 -1 0b -1 -1 -1 0f -1 -1 -1
1 1 0 30.6 56.5 1 -1 -1 0b -1 -1 -1 0f -1 -1 -1
1 1 0 30.6 56.0 1 -1 -1 0b -1 -1 -1 0f -1 -1 -1
1 1 0 30.5 56.0 1 -1 -1 0b -1 -1 -1 0f -1 -1 -1
1 1 0 30.6 56.0 1 -1 -1 0b -1 -1 -1 0f -1 -1 -1
1 1 0 30.6 56.5 1 -1 -1 0b -1 -1 -1 0f -1 -1 -1
1 1 0 30.6 56.5 1 -1 -1 0b -1 -1 -1 0f -1 -1 -1
1 1 0 30.6 56.5 1 -1 -1 0b -1 -1 -1 0f -1 -1 -1
1 1 0 30.6 56.0 1 -1 -1 0b -1 -1 -1 0f -1 -1 -1
1 1 0 30.6 56.0 1 -1 -1 0b -1 -1 -1 0f -1 -1 -1
1 1 0 30.6 56.0 1 -1 -1 0b -1 -1 -1 0f -1 -1 -1
1 1 0 30.6 56.0 1 -1 -1 0b -1 -1 -1 0f -1 -1 -1
1 1 0 30.7 55.5 1 -1 -1 0b -1 -1 -1 0f -1 -1 -1
1 1 0 30.6 55.5 1 -1 -1 0b -1 -1 -1 0f -1 -1 -1
1 1 0 30.7 55.5 1 -1 -1 0b -1 -1 -1 0f -1 -1 -1
1 1 0 30.7 55.5 1 -1 -1 0b -1 -1 -1 0f -1 -1 -1
1 1 0 30.7 55.5 1 -1 -1 0b -1 -1 -1 0f -1 -1 -1
1 1 0 30.7 55.5 1 -1 -1 0b -1 -1 -1 0f -1 -1 -1
1 1 0 30.6 55.5 1 -1 -1 0b -1 -1 -1 0f -1 -1 -1
1 1 0 30.7 55.5 1 -1 -1 0b -1 -1 -1 0f -1 -1 -1
1 1 0 30.7 55.5 1 -1 -1 0b -1 -1 -1 0f -1 -1 -1
1 1 0 30.7 55.5 1 -1 -1 0b -1 -1 -1 0f -1 -1 -1
1 1 0 30.7 55.5 1 -1 -1 0b -1 -1 -1 0f -1 -1 -1
1 1 0 30.7 55.5 1 -1 -1 0b -1 -1 -1 0f -1 -1 -1
1 1 0 30.7 55.5 1 -1 -1 0b -1 -1 -1 0f -1 -1 -1
1 1 0 30.8 55.5 1 -1 -1 0b -1 -1 -1 0f -1 -1 -1
1 1 0 30.8 56.0 1 -1 -1 0b -1 -1 -1 0f -1 -1 -1
1 1 0 30.7 56.0 1 -1 -1 0b -1 -1 -1 0f -1 -1 -1
1 1 0 30.7 56.5 1 -1 -1 0b -1 -1 -1 0f -1 -1 -1
1 1 0 30.7 57.0 1 -1 -1 0b -1 -1 -1 0f -1 -1 -1
1 1 0 30.7 57.0 1 -1 -1 0b -1 -1 -1 0f -1 -1 -1
1 1 0 30.8 57.0 1 -1 -1 0b -1 -1 -1 0f -1 -1 -1
1 1 0 30.8 57.0 1 -1 -1 0b -1 -1 -1 0f -1 -1 -1
1 1 0 30.8 57.0 1 -1 -1 0b -1 -1 -1 0f -1 -1 -1
1 1 0 30.7 57.5 1 -1 -1 0b -1 -1 -1 0f -1 -1 -1
1 1 0 30.8 57.5 1 -1 -1 0b -1 -1 -1 0f -1 -1 -1
1 1 0 30.8 57.5 1 -1 -1 0b -1 -1 -1 0f -1 -1 -1
1 1 0 30.8 56.5 1 -1 -1 0b -1 -1 -1 0f -1 -1 -1
1 1 0 30.8 56.5 1 -1 -1 0b -1 -1 -1 0f -1 -1 -1
1 1 0 30.8 56.0 1 -1 -1 0b -1 -1 -1 0f -1 -1 -1
1 1 0 30.8 56.5 1 -1 -1 0b -1 -1 -1 0f -1 -1 -1
1 1 0 30.8 57.0 1 -1 -1 0b -1 -1 -1 0f -1 -1 -1
1 1 0 30.8 56.5 1 -1 -1 0b -1 -1 -1 0f -1 -1 -1
1 1 0 30.9 56.5 1 -1 -1 0b -1 -1 -1 0f -1 -1 -1
1 1 0 30.8 56.0 1 -1 -1 0b -1 -1 -1 0f -1 -1 -1
1 1 0 30.9 56.0 1 -1 -1 0b -1 -1 -1 0f -1 -1 -1
1 1 0 30.9 56.0 1 -1 -1 0b -1 -1 -1 0f -1 -1 -1
1 1 0 30.9 56.0 1 -1 -1 0b -1 -1 -1 0f -1 -1 -1
1 1 0 30.9 56.0 1 -1 -1 0b -1 -1 -1 0f -1 -1 -1
1 1 0 30.9 57.0 1 -1 -1 0b -1 -1 -1 0f -1 -1 -1
1 1 0 30.9 57.0 1 -1 -1 0b -1 -1 -1 0f -1 -1 -1
1 1 0 30.9 57.5 1 -1 -1 0b -1 -1 -1 0f -1 -1 -1
1 1 0 30.9 57.0 1 -1 -1 0b -1 -1 -1 0f -1 -1 -1
1 1 0 30.9 57.5 1 -1 -1 0b -1 -1 -1 0f -1 -1 -1
1 1 0 30.9 57.0 1 -1 -1 0b -1 -1 -1 0f -1 -1 -1
1 1 0 31.0 57.0 1 -1 -1 0b -1 -1 -1 0f -1 -1 -1
1 1 0 30.9 57.0 1 -1 -1 0b -1 -1 -1 0f -1 -1 -1
1 1 0 30.9 57.0 1 -1 -1 0b -1 -1 -1 0f -1 -1 -1
1 1 0 30.9 57.0 1 -1 -1 0b -1 -1 -1 0f -1 -1 -1
1 1 0 30.9 56.5 1 -1 -1 0b -1 -1 -1 0f -1 -1 -1
1 1 0 30.9 56.0 1 -1 -1 0b -1 -1 -1 0f -1 -1 -1
1 1 0 30.9 56.0 1 -1 -1 0b -1 -1 -1 0f -1 -1 -1
1 1 0 31.0 56.0 1 -1 -1 0b -1 -1 -1 0f -1 -1 -1
1 1 0 30.9 56.0 1 -1 -1 0b -1 -1 -1 0f -1 -1 -1
1 1 0 31.0 56.0 1 -1 -1 0b -1 -1 -1 0f -1 -1 -1
1 1 0 30.9 56.0 1 -1 -1 0b -1 -1 -1 0f -1 -1 -1
1 1 0 31.0 56.0 1 -1 -1 0b -1 -1 -1 0f -1 -1 -1
1 1 0 31.0 56.5 1 -1 -1 0b -1 -1 -1 0f -1 -1 -1
1 1 0 31.0 56.5 1 -1 -1 0b -1 -1 -1 0f -1 -1 -1
1 1 0 31.0 57.0 1 -1 -1 0b -1 -1 -1 0f -1 -1 -1
1 1 0 30.9 57.0 1 -1 -1 0b -1 -1 -1 0f -1 -1 -1
1 1 0 31.0 57.5 1 -1 -1 0b -1 -1 -1 0f -1 -1 -1
1 1 0 30.9 57.5 1 -1 -1 0b -1 -1 -1 0f -1 -1 -1
1 1 0 31.0 57.0 1 -1 -1 0b -1 -1 -1 0f -1 -1 -1
1 1 0 31.1 57.5 1 -1 -1 0b -1 -1 -1 0f -1 -1 -1
1 1 0 30.9 57.5 1 -1 -1 0b -1 -1 -1 0f -1 -1 -1
1 1 0 31.0 57.5 1 -1 -1 0b -1 -1 -1 0f -1 -1 -1
1 1 0 30.9 57.5 1 -1 -1 0b -1 -1 -1 0f -1 -1 -1
1 1 0 31.0 57.5 1 -1 -1 0b -1 -1 -1 0f -1 -1 -1
1 1 0 31.0 57.5 1 -1 -1 0b -1 -1 -1 0f -1 -1 -1
1 1 0 31.0 57.5 1 -1 -1 0b -1 -1 -1 0f -1 -1 -1
1 1 0 31.0 57.5 1 -1 -1 0b -1 -1 -1 0f -1 -1 -1
1 1 0 31.0 57.5 1 -1 -1 0b -1 -1 -1 0f -1 -1 -1
1 1 0 31.0 57.5 1 -1 -1 0b -1 -1 -1 0f -1 -1 -1
1 1 0 31.0 57.5 1 -1 -1 0b -1 -1 -1 0f -1 -1 -1
1 1 0 30.9 57.5 1 -1 -1 0b -1 -1 -1 0f -1 -1 -1
1 1 0 31.0 57.5 1 -1 -1 0b -1 -1 -1 0f -1 -1 -1
1 1 0 31.0 57.5 1 -1 -1 0b -1 -1 -1 0f -1 -1 -1
1 1 0 31.0 57.5 1 -1 -1 0b -1 -1 -1 0f -1 -1 -1
1 1 0 31.0 58.0 1 -1 -1 0b -1 -1 -1 0f -1 -1 -1
1 1 0 31.0 58.0 1 -1 -1 0b -1 -1 -1 0f -1 -1 -1
1 1 0 31.0 58.0 1 -1 -1 0b -1 -1 -1 0f -1 -1 -1
1 1 0 31.0 57.5 1 -1 -1 0b -1 -1 -1 0f -1 -1 -1
1 1 0 31.1 57.5 1 -1 -1 0b -1 -1 -1 0f -1 -1 -1
1 1 0 31.1 57.5 1 -1 -1 0b -1 -1 -1 0f -1 -1 -1
1 1 0 31.1 57.5 1 -1 -1 0b -1 -1 -1 0f -1 -1 -1
1 1 0 31.1 57.0 1 -1 -1 0b -1 -1 -1 0f -1 -1 -1
1 1 0 31.1 57.0 1 -1 -1 0b -1 -1 -1 0f -1 -1 -1
1 1 0 31.1 57.0 1 -1 -1 0b -1 -1 -1 0f -1 -1 -1
1 1 0 31.1 56.5 1 -1 -1 0b -1 -1 -1 0f -1 -1 -1
1 1 0 31.1 56.5 1 -1 -1 0b -1 -1 -1 0f -1 -1 -1
1 1 0 31.0 56.5 1 -1 -1 0b -1 -1 -1 0f -1 -1 -1
1 1 0 31.1 57.0 1 -1 -1 0b -1 -1 -1 0f -1 -1 -1
1 1 0 31.1 57.0 1 -1 -1 0b -1 -1 -1 0f -1 -1 -1
1 1 0 31.1 57.0 1 -1 -1 0b -1 -1 -1 0f -1 -1 -1
1 1 0 31.2 57.0 1 -1 -1 0b -1 -1 -1 0f -1 -1 -1
1 1 0 31.1 57.0 1 -1 -1 0b -1 -1 -1 0f -1 -1 -1
1 1 0 31.2 57.0 1 -1 -1 0b -1 -1 -1 0f -1 -1 -1
1 1 0 31.1 57.0 1 -1 -1 0b -1 -1 -1 0f -1 -1 -1
1 1 0 31.2 57.0 1 -1 -1 0b -1 -1 -1 0f -1 -1 -1
1 1 0 31.1 57.0 1 -1 -1 0b -1 -1 -1 0f -1 -1 -1
1 1 0 31.1 56.5 1 -1 -1 0b -1 -1 -1 0f -1 -1 -1
1 1 0 31.2 56.5 1 -1 -1 0b -1 -1 -1 0f -1 -1 -1
1 1 0 31.2 56.5 1 -1 -1 0b -1 -1 -1 0f -1 -1 -1
1 1 0 31.2 56.5 1 -1 -1 0b -1 -1 -1 0f -1 -1 -1
1 1 0 31.2 56.0 1 -1 -1 0b -1 -1 -1 0f -1 -1 -1
1 1 0 31.2 56.5 1 -1 -1 0b -1 -1 -1 0f -1 -1 -1
1 1 0 31.2 56.5 1 -1 -1 0b -1 -1 -1 0f -1 -1 -1
1 1 0 31.2 56.5 1 -1 -1 0b -1 -1 -1 0f -1 -1 -1
1 1 0 31.2 56.5 1 -1 -1 0b -1 -1 -1 0f -1 -1 -1
1 1 0 31.2 56.5 1 -1 -1 0b -1 -1 -1 0f -1 -1 -1
1 1 0 31.2 56.5 1 -1 -1 0b -1 -1 -1 0f -1 -1 -1
1 1 0 31.2 56.5 1 -1 -1 0b -1 -1 -1 0f -1 -1 -1
1 1 0 31.2 56.5 1 -1 -1 0b -1 -1 -1 0f -1 -1 -1
1 1 0 31.2 57.0 1 -1 -1 0b -1 -1 -1 0f -1 -1 -1
1 1 0 31.2 56.5 1 -1 -1 0b -1 -1 -1 0f -1 -1 -1
1 1 0 31.2 56.5 1 -1 -1 0b -1 -1 -1 0f -1 -1 -1
1 1 0 31.2 57.0 1 -1 -1 0b -1 -1 -1 0f -1 -1 -1
1 1 0 31.2 57.0 1 -1 -1 0b -1 -1 -1 0f -1 -1 -1
1 1 0 31.3 57.0 1 -1 -1 0b -1 -1 -1 0f -1 -1 -1
1 1 0 31.2 56.5 1 -1 -1 0b -1 -1 -1 0f -1 -1 -1
1 1 0 31.3 57.0 1 -1 -1 0b -1 -1 -1 0f -1 -1 -1
1 1 0 31.1 57.0 1 -1 -1 0b -1 -1 -1 0f -1 -1 -1
1 1 0 31.3 57.0 1 -1 -1 0b -1 -1 -1 0f -1 -1 -1
1 1 0 31.2 57.0 1 -1 -1 0b -1 -1 -1 0f -1 -1 -1
1 1 0 31.3 57.0 1 -1 -1 0b -1 -1 -1 0f -1 -1 -1
1 1 0 31.2 56.5 1 -1 -1 0b -1 -1 -1 0f -1 -1 -1
1 1 0 31.3 56.5 1 -1 -1 0b -1 -1 -1 0f -1 -1 -1
1 1 0 31.2 56.5 1 -1 -1 0b -1 -1 -1 0f -1 -1 -1
1 1 0 31.3 56.5 1 -1 -1 0b -1 -1 -1 0f -1 -1 -1
1 1 0 31.3 56.5 1 -1 -1 0b -1 -1 -1 0f -1 -1 -1
1 1 0 31.3 56.5 1 -1 -1 0b -1 -1 -1 0f -1 -1 -1
1 1 0 31.3 56.5 1 -1 -1 0b -1 -1 -1 0f -1 -1 -1
1 1 0 31.3 56.0 1 -1 -1 0b -1 -1 -1 0f -1 -1 -1
1 1 0 31.3 56.0 1 -1 -1 0b -1 -1 -1 0f -1 -1 -1
1 1 0 31.3 56.5 1 -1 -1 0b -1 -1 -1 0f -1 -1 -1
1 1 0 31.4 56.5 1 -1 -1 0b -1 -1 -1 0f -1 -1 -1
1 1 0 31.4 56.5 1 -1 -1 0b -1 -1 -1 0f -1 -1 -1
1 1 0 31.3 56.0 1 -1 -1 0b -1 -1 -1 0f -1 -1 -1
1 1 0 31.3 56.0 1 -1 -1 0b -1 -1 -1 0f -1 -1 -1
1 1 0 31.3 56.5 1 -1 -1 0b -1 -1 -1 0f -1 -1 -1
1 1 0 31.3 56.5 1 -1 -1 0b -1 -1 -1 0f -1 -1 -1
1 1 0 31.4 56.5 1 -1 -1 0b -1 -1 -1 0f -1 -1 -1
1 1 0 31.4 56.5 1 -1 -1 0b -1 -1 -1 0f -1 -1 -1
1 1 0 31.4 57.0 1 -1 -1 0b -1 -1 -1 0f -1 -1 -1
1 1 0 31.4 57.0 1 -1 -1 0b -1 -1 -1 0f -1 -1 -1
1 1 0 31.4 57.0 1 -1 -1 0b -1 -1 -1 0f -1 -1 -1
1 1 0 31.3 57.0 1 -1 -1 0b -1 -1 -1 0f -1 -1 -1
1 1 0 31.4 57.0 1 -1 -1 0b -1 -1 -1 0f -1 -1 -1
1 1 0 31.3 57.5 1 -1 -1 0b -1 -1 -1 0f -1 -1 -1
1 1 0 31.4 57.5 1 -1 -1 0b -1 -1 -1 0f -1 -1 -1
1 1 0 31.3 57.5 1 -1 -1 0b -1 -1 -1 0f -1 -1 -1
1 1 0 31.3 57.5 1 -1 -1 0b -1 -1 -1 0f -1 -1 -1
1 1 0 31.3 57.5 1 -1 -1 0b -1 -1 -1 0f -1 -1 -1
1 1 0 31.4 57.5 1 -1 -1 0b -1 -1 -1 0f -1 -1 -1
1 1 0 31.3 57.5 1 -1 -1 0b -1 -1 -1 0f -1 -1 -1
1 1 0 31.4 57.5 1 -1 -1 0b -1 -1 -1 0f -1 -1 -1
1 1 0 31.4 57.5 1 -1 -1 0b -1 -1 -1 0f -1 -1 -1
1 1 0 31.4 57.5 1 -1 -1 0b -1 -1 -1 0f -1 -1 -1
1 1 0 31.4 57.5 1 -1 -1 0b -1 -1 -1 0f -1 -1 -1
1 1 0 31.3 58.0 1 -1 -1 0b -1 -1 -1 0f -1 -1 -1
1 1 0 31.3 58.0 1 -1 -1 0b -1 -1 -1 0f -1 -1 -1
1 1 0 31.4 58.0 1 -1 -1 0b -1 -1 -1 0f -1 -1 -1
1 1 0 31.4 57.5 1 -1 -1 0b -1 -1 -1 0f -1 -1 -1
1 1 0 31.4 57.5 1 -1 -1 0b -1 -1 -1 0f -1 -1 -1
1 1 0 31.3 57.5 1 -1 -1 0b -1 -1 -1 0f -1 -1 -1
1 1 0 31.4 57.5 1 -1 -1 0b -1 -1 -1 0f -1 -1 -1
1 1 0 31.3 57.5 1 -1 -1 0b -1 -1 -1 0f -1 -1 -1
1 1 0 31.4 58.0 1 -1 -1 0b -1 -1 -1 0f -1 -1 -1
1 1 0 31.4 58.0 1 -1 -1 0b -1 -1 -1 0f -1 -1 -1
1 1 0 31.4 58.0 1 -1 -1 0b -1 -1 -1 0f -1 -1 -1
1 1 0 31.4 58.0 1 -1 -1 0b -1 -1 -1 0f -1 -1 -1
1 1 0 31.4 58.0 1 -1 -1 0b -1 -1 -1 0f -1 -1 -1
1 1 0 31.4 57.5 1 -1 -1 0b -1 -1 -1 0f -1 -1 -1
1 1 0 31.4 57.5 1 -1 -1 0b -1 -1 -1 0f -1 -1 -1
1 1 0 31.4 57.0 1 -1 -1 0b -1 -1 -1 0f -1 -1 -1
1 1 0 31.4 57.0 1 -1 -1 0b -1 -1 -1 0f -1 -1 -1
1 1 0 31.4 57.0 1 -1 -1 0b -1 -1 -1 0f -1 -1 -1
1 1 0 31.4 57.0 1 -1 -1 0b -1 -1 -1 0f -1 -1 -1
1 1 0 31.4 57.5 1 -1 -1 0b -1 -1 -1 0f -1 -1 -1
1 1 0 31.5 58.0 1 -1 -1 0b -1 -1 -1 0f -1 -1 -1
1 1 0 31.4 58.0 1 -1 -1 0b -1 -1 -1 0f -1 -1 -1
1 1 0 31.4 58.0 1 -1 -1 0b -1 -1 -1 0f -1 -1 -1
1 1 0 31.4 57.5 1 -1 -1 0b -1 -1 -1 0f -1 -1 -1
1 1 0 31.5 57.5 1 -1 -1 0b -1 -1 -1 0f -1 -1 -1
1 1 0 31.4 57.0 1 -1 -1 0b -1 -1 -1 0f -1 -1 -1
1 1 0 31.4 57.0 1 -1 -1 0b -1 -1 -1 0f -1 -1 -1
1 1 0 31.4 57.5 1 -1 -1 0b -1 -1 -1 0f -1 -1 -1
1 1 0 31.4 57.5 1 -1 -1 0b -1 -1 -1 0f -1 -1 -1
1 1 0 31.5 57.5 1 -1 -1 0b -1 -1 -1 0f -1 -1 -1
1 1 0 31.4 57.5 1 -1 -1 0b -1 -1 -1 0f -1 -1 -1
1 1 0 31.4 58.0 1 -1 -1 0b -1 -1 -1 0f -1 -1 -1
1 1 0 31.4 57.5 1 -1 -1 0b -1 -1 -1 0f -1 -1 -1
1 1 0 31.5 57.5 1 -1 -1 0b -1 -1 -1 0f -1 -1 -1
1 1 0 31.5 57.0 1 -1 -1 0b -1 -1 -1 0f -1 -1 -1
1 1 0 31.5 57.0 1 -1 -1 0b -1 -1 -1 0f -1 -1 -1
1 1 0 31.5 57.0 1 -1 -1 0b -1 -1 -1 0f -1 -1 -1
1 1 0 31.5 57.0 1 -1 -1 0b -1 -1 -1 0f -1 -1 -1
1 1 0 31.5 57.0 1 -1 -1 0b -1 -1 -1 0f -1 -1 -1
1 1 0 31.5 57.0 1 -1 -1 0b -1 -1 -1 0f -1 -1 -1
1 1 0 31.4 57.0 1 -1 -1 0b -1 -1 -1 0f -1 -1 -1
1 1 0 31.5 57.0 1 -1 -1 0b -1 -1 -1 0f -1 -1 -1
1 1 0 31.5 57.0 1 -1 -1 0b -1 -1 -1 0f -1 -1 -1
1 1 0 31.5 57.5 1 -1 -1 0b -1 -1 -1 0f -1 -1 -1
1 1 0 31.5 57.5 1 -1 -1 0b -1 -1 -1 0f -1 -1 -1
1 1 0 31.4 58.0 1 -1 -1 0b -1 -1 -1 0f -1 -1 -1
1 1 0 31.5 57.5 1 -1 -1 0b -1 -1 -1 0f -1 -1 -1
1 1 0 31.5 58.0 1 -1 -1 0b -1 -1 -1 0f -1 -1 -1
1 1 0 31.4 57.5 1 -1 -1 0b -1 -1 -1 0f -1 -1 -1
1 1 0 31.5 57.5 1 -1 -1 0b -1 -1 -1 0f -1 -1 -1
1 1 0 31.5 57.5 1 -1 -1 0b -1 -1 -1 0f -1 -1 -1
1 1 0 31.5 57.5 1 -1 -1 0b -1 -1 -1 0f -1 -1 -1
1 1 0 31.5 57.5 1 -1 -1 0b -1 -1 -1 0f -1 -1 -1
1 1 0 31.4 57.5 1 -1 -1 0b -1 -1 -1 0f -1 -1 -1
1 1 0 31.5 57.5 1 -1 -1 0b -1 -1 -1 0f -1 -1 -1
1 1 0 31.5 57.5 1 -1 -1 0b -1 -1 -1 0f -1 -1 -1
1 1 0 31.4 57.5 1 -1 -1 0b -1 -1 -1 0f -1 -1 -1
1 1 0 31.5 57.5 1 -1 -1 0b -1 -1 -1 0f -1 -1 -1
1 1 0 31.5 57.5 1 -1 -1 0b -1 -1 -1 0f -1 -1 -1
1 1 0 31.5 57.0 1 -1 -1 0b -1 -1 -1 0f -1 -1 -1
1 1 0 31.6 57.0 1 -1 -1 0b -1 -1 -1 0f -1 -1 -1
1 1 0 31.6 57.0 1 -1 -1 0b -1 -1 -1 0f -1 -1 -1
1 1 0 31.5 57.0 1 -1 -1 0b -1 -1 -1 0f -1 -1 -1
1 1 0 31.5 57.0 1 -1 -1 0b -1 -1 -1 0f -1 -1 -1
1 1 0 31.5 57.0 1 -1 -1 0b -1 -1 -1 0f -1 -1 -1
1 1 0 31.5 57.0 1 -1 -1 0b -1 -1 -1 0f -1 -1 -1
1 1 0 31.6 57.0 1 -1 -1 0b -1 -1 -1 0f -1 -1 -1
1 1 0 31.6 57.0 1 -1 -1 0b -1 -1 -1 0f -1 -1 -1
1 1 0 31.6 57.0 1 -1 -1 0b -1 -1 -1 0f -1 -1 -1
1 1 0 31.6 57.0 1 -1 -1 0b -1 -1 -1 0f -1 -1 -1
1 1 0 31.6 57.0 1 -1 -1 0b -1 -1 -1 0f -1 -1 -1
1 1 0 31.6 57.0 1 -1 -1 0b -1 -1 -1 0f -1 -1 -1
1 1 0 31.6 57.0 1 -1 -1 0b -1 -1 -1 0f -1 -1 -1
1 1 0 31.6 57.0 1 -1 -1 0b -1 -1 -1 0f -1 -1 -1
1 1 0 31.6 57.0 1 -1 -1 0b -1 -1 -1 0f -1 -1 -1
1 1 0 31.6 57.0 1 -1 -1 0b -1 -1 -1 0f -1 -1 -1
1 1 0 31.6 57.0 1 -1 -1 0b -1 -1 -1 0f -1 -1 -1
1 1 0 31.6 57.0 1 -1 -1 0b -1 -1 -1 0f -1 -1 -1
1 1 0 31.6 57.0 1 -1 -1 0b -1 -1 -1 0f -1 -1 -1
1 1 0 31.6 57.0 1 -1 -1 0b -1 -1 -1 0f -1 -1 -1
1 1 0 31.6 57.0 1 -1 -1 0b -1 -1 -1 0f -1 -1 -1
1 1 0 31.5 57.0 1 -1 -1 0b -1 -1 -1 0f -1 -1 -1
1 1 0 31.6 57.0 1 -1 -1 0b -1 -1 -1 0f -1 -1 -1
1 1 0 31.6 57.5 1 -1 -1 0b -1 -1 -1 0f -1 -1 -1
1 1 0 31.6 57.0 1 -1 -1 0b -1 -1 -1 0f -1 -1 -1
1 1 0 31.6 57.0 1 -1 -1 0b -1 -1 -1 0f -1 -1 -1
1 1 0 31.6 57.0 1 -1 -1 0b -1 -1 -1 0f -1 -1 -1
1 1 0 31.6 57.0 1 -1 -1 0b -1 -1 -1 0f -1 -1 -1
1 1 0 31.6 57.0 1 -1 -1 0b -1 -1 -1 0f -1 -1 -1
1 1 0 31.6 57.5 1 -1 -1 0b -1 -1 -1 0f -1 -1 -1
1 1 0 31.6 57.5 1 -1 -1 0b -1 -1 -1 0f -1 -1 -1
1 1 0 31.6 57.5 1 -1 -1 0b -1 -1 -1 0f -1 -1 -1
1 1 0 31.6 57.5 1 -1 -1 0b -1 -1 -1 0f -1 -1 -1
1 1 0 31.6 57.5 1 -1 -1 0b -1 -1 -1 0f -1 -1 -1
1 1 0 31.6 57.5 1 -1 -1 0b -1 -1 -1 0f -1 -1 -1
1 1 0 31.6 57.5 1 -1 -1 0b -1 -1 -1 0f -1 -1 -1
1 1 0 31.6 57.5 1 -1 -1 0b -1 -1 -1 0f -1 -1 -1
1 1 0 31.6 57.5 1 -1 -1 0b -1 -1 -1 0f -1 -1 -1
1 1 0 31.6 57.5 1 -1 -1 0b -1 -1 -1 0f -1 -1 -1
1 1 0 31.6 57.0 1 -1 -1 0b -1 -1 -1 0f -1 -1 -1
1 1 0 31.6 57.0 1 -1 -1 0b -1 -1 -1 0f -1 -1 -1
1 1 0 31.6 57.5 1 -1 -1 0b -1 -1 -1 0f -1 -1 -1
1 1 0 31.6 57.5 1 -1 -1 0b -1 -1 -1 0f -1 -1 -1
1 1 0 31.6 57.5 1 -1 -1 0b -1 -1 -1 0f -1 -1 -1
1 1 0 31.6 57.5 1 -1 -1 0b -1 -1 -1 0f -1 -1 -1
1 1 0 31.6 57.5 1 -1 -1 0b -1 -1 -1 0f -1 -1 -1
1 1 0 31.6 58.0 1 -1 -1 0b -1 -1 -1 0f -1 -1 -1
1 1 0 31.6 57.5 1 -1 -1 0b -1 -1 -1 0f -1 -1 -1
1 1 0 31.6 58.0 1 -1 -1 0b -1 -1 -1 0f -1 -1 -1
1 1 0 31.6 58.0 1 -1 -1 0b -1 -1 -1 0f -1 -1 -1
1 1 0 31.6 57.5 1 -1 -1 0b -1 -1 -1 0f -1 -1 -1
1 1 0 31.6 57.5 1 -1 -1 0b -1 -1 -1 0f -1 -1 -1
1 1 0 31.6 57.5 1 -1 -1 0b -1 -1 -1 0f -1 -1 -1
1 1 0 31.6 57.5 1 -1 -1 0b -1 -1 -1 0f -1 -1 -1
1 1 0 31.6 57.5 1 -1 -1 0b -1 -1 -1 0f -1 -1 -1
1 1 0 31.6 57.5 1 -1 -1 0b -1 -1 -1 0f -1 -1 -1
1 1 0 31.6 57.0 1 -1 -1 0b -1 -1 -1 0f -1 -1 -1
1 1 0 31.6 57.0 1 -1 -1 0b -1 -1 -1 0f -1 -1 -1
1 1 0 31.6 57.0 1 -1 -1 0b -1 -1 -1 0f -1 -1 -1
1 1 0 31.7 57.0 1 -1 -1 0b -1 -1 -1 0f -1 -1 -1
1 1 0 31.6 57.0 1 -1 -1 0b -1 -1 -1 0f -1 -1 -1
1 1 0 31.6 57.0 1 -1 -1 0b -1 -1 -1 0f -1 -1 -1
1 1 0 31.6 57.0 1 -1 -1 0b -1 -1 -1 0f -1 -1 -1
1 1 0 31.7 57.0 1 -1 -1 0b -1 -1 -1 0f -1 -1 -1
1 1 0 31.7 57.0 1 -1 -1 0b -1 -1 -1 0f -1 -1 -1
1 1 0 31.7 57.0 1 -1 -1 0b -1 -1 -1 0f -1 -1 -1
1 1 0 31.7 57.0 1 -1 -1 0b -1 -1 -1 0f -1 -1 -1
1 1 0 31.6 57.0 1 -1 -1 0b -1 -1 -1 0f -1 -1 -1
1 1 0 31.7 57.0 1 -1 -1 0b -1 -1 -1 0f -1 -1 -1
1 1 0 31.7 57.0 1 -1 -1 0b -1 -1 -1 0f -1 -1 -1
1 1 0 31.6 57.0 1 -1 -1 0b -1 -1 -1 0f -1 -1 -1
1 1 0 31.8 57.0 1 -1 -1 0b -1 -1 -1 0f -1 -1 -1
1 1 0 31.7 57.0 1 -1 -1 0b -1 -1 -1 0f -1 -1 -1
1 1 0 31.7 57.0 1 -1 -1 0b -1 -1 -1 0f -1 -1 -1
1 1 0 31.7 57.5 0 -1 -1 0b -1 -1 -1 0f -1 -1 -1
1 1 0 31.7 57.5 0 -1 -1 0b -1 -1 -1 0f -1 -1 -1
1 1 0 31.7 57.5 0 -1 -1 0b -1 -1 -1 0f -1 -1 -1
1 1 0 31.7 57.0 0 -1 -1 0b -1 -1 -1 0f -1 -1 -1
1 1 0 31.7 57.0 0 -1 -1 0b -1 -1 -1 0f -1 -1 -1
1 1 0 31.8 57.0 2 -1 -1 0b -1 -1 -1 0f -1 -1 -1
1 1 0 31.7 57.0 2 -1 -1 0b -1 -1 -1 0f -1 -1 -1
1 1 0 31.7 57.0 2 -1 -1 0b -1 -1 -1 0f -1 -1 -1
1 1 0 31.6 57.0 3 -1 -1 0b -1 -1 -1 0f -1 -1 -1
1 1 0 31.7 57.0 1 -1 -1 0b -1 -1 -1 0f -1 -1 -1
1 1 0 31.7 57.0 1 -1 -1 0b -1 -1 -1 0f -1 -1 -1
1 1 0 31.7 57.0 1 -1 -1 0b -1 -1 -1 0f -1 -1 -1
1 1 0 31.8 57.0 2 -1 -1 0b -1 -1 -1 0f -1 -1 -1
1 1 0 31.7 57.0 2 -1 -1 0b -1 -1 -1 0f -1 -1 -1
1 1 0 31.7 57.0 2 -1 -1 0b -1 -1 -1 0f -1 -1 -1
1 1 0 31.8 57.0 2 -1 -1 0b -1 -1 -1 0f -1 -1 -1
1 1 0 31.8 57.0 1 -1 -1 0b -1 -1 -1 0f -1 -1 -1
1 1 0 31.7 57.0 1 -1 -1 0b -1 -1 -1 0f -1 -1 -1
1 1 0 31.7 57.0 1 -1 -1 0b -1 -1 -1 0f -1 -1 -1
1 1 0 31.7 57.0 2 -1 -1 0b -1 -1 -1 0f -1 -1 -1
1 1 0 31.8 57.0 2 -1 -1 0b -1 -1 -1 0f -1 -1 -1
1 1 0 31.7 57.0 4 -1 -1 0b -1 -1 -1 0f -1 -1 -1
1 1 0 31.7 57.0 2 -1 -1 0b -1 -1 -1 0f -1 -1 -1
1 1 0 31.7 57.0 4 -1 -1 0b -1 -1 -1 0f -1 -1 -1
1 1 0 31.7 57.0 4 -1 -1 0b -1 -1 -1 0f -1 -1 -1
1 1 0 31.7 57.5 2 -1 -1 0b -1 -1 -1 0f -1 -1 -1
1 1 0 31.7 57.5 3 -1 -1 0b -1 -1 -1 0f -1 -1 -1
1 1 0 31.7 57.0 3 -1 -1 0b -1 -1 -1 0f -1 -1 -1
1 1 0 31.7 57.0 3 -1 -1 0b -1 -1 -1 0f -1 -1 -1
1 1 0 31.7 57.0 3 -1 -1 0b -1 -1 -1 0f -1 -1 -1
1 1 0 31.7 57.5 4 -1 -1 0b -1 -1 -1 0f -1 -1 -1
1 1 0 31.8 57.5 2 -1 -1 0b -1 -1 -1 0f -1 -1 -1
1 1 0 31.7 57.0 2 -1 -1 0b -1 -1 -1 0f -1 -1 -1
1 1 0 31.7 57.5 2 -1 -1 0b -1 -1 -1 0f -1 -1 -1
1 1 0 31.8 57.5 4 -1 -1 0b -1 -1 -1 0f -1 -1 -1
1 1 0 31.8 57.0 3 -1 -1 0b -1 -1 -1 0f -1 -1 -1
1 1 0 31.7 57.0 3 -1 -1 0b -1 -1 -1 0f -1 -1 -1
1 1 0 31.8 57.0 5 -1 -1 0b -1 -1 -1 0f -1 -1 -1
1 1 0 31.7 57.0 5 -1 -1 0b -1 -1 -1 0f -1 -1 -1
1 1 0 31.8 57.0 7 -1 -1 0b -1 -1 -1 0f -1 -1 -1
1 1 0 31.8 57.0 7 -1 -1 0b -1 -1 -1 0f -1 -1 -1
1 1 0 31.8 57.0 7 -1 -1 0b -1 -1 -1 0f -1 -1 -1
1 1 0 31.8 57.0 7 -1 -1 0b -1 -1 -1 0f -1 -1 -1
1 1 0 31.8 57.0 7 -1 -1 0b -1 -1 -1 0f -1 -1 -1
1 1 0 31.8 57.0 3 -1 -1 0b -1 -1 -1 0f -1 -1 -1
1 1 0 31.8 57.0 5 -1 -1 0b -1 -1 -1 0f -1 -1 -1
1 1 0 31.8 57.0 5 -1 -1 0b -1 -1 -1 0f -1 -1 -1
1 1 0 31.8 57.0 5 -1 -1 0b -1 -1 -1 0f -1 -1 -1
1 1 0 31.8 57.0 5 -1 -1 0b -1 -1 -1 0f -1 -1 -1
1 1 0 31.8 57.0 5 -1 -1 0b -1 -1 -1 0f -1 -1 -1
1 1 0 31.8 57.0 7 -1 -1 0b -1 -1 -1 0f -1 -1 -1
1 1 0 31.8 57.0 7 -1 -1 0b -1 -1 -1 0f -1 -1 -1
1 1 0 31.8 57.0 7 -1 -1 0b -1 -1 -1 0f -1 -1 -1
1 1 0 31.8 57.0 7 -1 -1 0b -1 -1 -1 0f -1 -1 -1
1 1 0 31.8 57.0 9 -1 -1 0b -1 -1 -1 0f -1 -1 -1
1 1 0 31.8 57.0 9 -1 -1 0b -1 -1 -1 0f -1 -1 -1
1 1 0 31.8 57.0 5 -1 -1 0b -1 -1 -1 0f -1 -1 -1
1 1 0 31.9 57.0 7 -1 -1 0b -1 -1 -1 0f -1 -1 -1
1 1 0 31.8 57.0 7 -1 -1 0b -1 -1 -1 0f -1 -1 -1
1 1 0 31.8 57.0 7 -1 -1 0b -1 -1 -1 0f -1 -1 -1
1 1 0 31.8 57.0 7 -1 -1 0b -1 -1 -1 0f -1 -1 -1
1 1 0 31.8 57.0 9 -1 -1 0b -1 -1 -1 0f -1 -1 -1
1 1 0 31.9 57.0 9 -1 -1 0b -1 -1 -1 0f -1 -1 -1
1 1 0 31.9 57.0 9 -1 -1 0b -1 -1 -1 0f -1 -1 -1
1 1 0 31.9 57.0 9 -1 -1 0b -1 -1 -1 0f -1 -1 -1
1 1 0 31.9 57.0 9 -1 -1 0b -1 -1 -1 0f -1 -1 -1
1 1 0 31.8 57.0 9 -1 -1 0b -1 -1 -1 0f -1 -1 -1
1 1 0 31.9 57.0 9 -1 -1 0b -1 -1 -1 0f -1 -1 -1
1 1 0 31.9 57.0 9 -1 -1 0b -1 -1 -1 0f -1 -1 -1
1 1 0 31.9 57.0 9 -1 -1 0b -1 -1 -1 0f -1 -1 -1
1 1 0 31.9 57.0 9 -1 -1 0b -1 -1 -1 0f -1 -1 -1
1 1 0 31.8 57.0 9 -1 -1 0b -1 -1 -1 0f -1 -1 -1
1 1 0 31.9 57.0 11 -1 -1 0b -1 -1 -1 0f -1 -1 -1
1 1 0 31.9 57.0 11 -1 -1 0b -1 -1 -1 0f -1 -1 -1
1 1 0 31.9 57.0 11 -1 -1 0b -1 -1 -1 0f -1 -1 -1
1 1 0 31.9 57.0 10 -1 -1 0b -1 -1 -1 0f -1 -1 -1
1 1 0 31.9 57.0 10 -1 -1 0b -1 -1 -1 0f -1 -1 -1
1 1 0 31.9 57.0 12 -1 -1 0b -1 -1 -1 0f -1 -1 -1
1 1 0 31.9 57.0 12 -1 -1 0b -1 -1 -1 0f -1 -1 -1
1 1 0 31.9 57.0 14 -1 -1 0b -1 -1 -1 0f -1 -1 -1
1 1 0 31.9 57.0 14 -1 -1 0b -1 -1 -1 0f -1 -1 -1
1 1 0 32.0 57.0 10 -1 -1 0b -1 -1 -1 0f -1 -1 -1
1 1 0 32.0 57.0 10 -1 -1 0b -1 -1 -1 0f -1 -1 -1
1 1 0 31.9 57.0 10 -1 -1 0b -1 -1 -1 0f -1 -1 -1
1 1 0 32.0 57.0 10 -1 -1 0b -1 -1 -1 0f -1 -1 -1
1 1 0 31.9 57.0 12 -1 -1 0b -1 -1 -1 0f -1 -1 -1
1 1 0 32.0 57.0 12 -1 -1 0b -1 -1 -1 0f -1 -1 -1
1 1 0 32.0 57.0 12 -1 -1 0b -1 -1 -1 0f -1 -1 -1
1 1 0 32.0 57.0 12 -1 -1 0b -1 -1 -1 0f -1 -1 -1
1 1 0 32.0 57.0 12 -1 -1 0b -1 -1 -1 0f -1 -1 -1
1 1 0 32.0 57.0 12 -1 -1 0b -1 -1 -1 0f -1 -1 -1
1 1 0 32.0 57.5 12 -1 -1 0b -1 -1 -1 0f -1 -1 -1
1 1 0 32.0 57.5 12 -1 -1 0b -1 -1 -1 0f -1 -1 -1
1 1 0 32.0 57.5 12 -1 -1 0b -1 -1 -1 0f -1 -1 -1
1 1 0 32.0 57.5 12 -1 -1 0b -1 -1 -1 0f -1 -1 -1
1 1 0 32.0 57.5 12 -1 -1 0b -1 -1 -1 0f -1 -1 -1
1 1 0 32.0 57.5 12 -1 -1 0b -1 -1 -1 0f -1 -1 -1
1 1 0 32.0 57.5 12 -1 -1 0b -1 -1 -1 0f -1 -1 -1
1 1 0 31.9 57.5 14 -1 -1 0b -1 -1 -1 0f -1 -1 -1
1 1 0 32.0 57.5 14 -1 -1 0b -1 -1 -1 0f -1 -1 -1
1 1 0 32.0 57.5 14 -1 -1 0b -1 -1 -1 0f -1 -1 -1
1 1 0 32.0 57.5 14 -1 -1 0b -1 -1 -1 0f -1 -1 -1
1 1 0 32.0 57.5 14 -1 -1 0b -1 -1 -1 0f -1 -1 -1
1 1 0 32.0 57.5 14 -1 -1 0b -1 -1 -1 0f -1 -1 -1
1 1 0 32.0 57.5 14 -1 -1 0b -1 -1 -1 0f -1 -1 -1
1 1 0 32.0 57.5 14 -1 -1 0b -1 -1 -1 0f -1 -1 -1
1 1 0 32.0 57.5 14 -1 -1 0b -1 -1 -1 0f -1 -1 -1
1 1 0 32.1 57.5 14 -1 -1 0b -1 -1 -1 0f -1 -1 -1
1 1 0 32.1 57.5 14 -1 -1 0b -1 -1 -1 0f -1 -1 -1
1 1 0 32.1 57.5 14 -1 -1 0b -1 -1 -1 0f -1 -1 -1
1 1 0 32.1 57.5 14 -1 -1 0b -1 -1 -1 0f -1 -1 -1
1 1 0 32.1 57.5 14 -1 -1 0b -1 -1 -1 0f -1 -1 -1
1 1 0 32.2 57.5 14 -1 -1 0b -1 -1 -1 0f -1 -1 -1
1 1 0 32.1 57.5 14 -1 -1 0b -1 -1 -1 0f -1 -1 -1
1 1 0 32.1 57.5 16 -1 -1 0b -1 -1 -1 0f -1 -1 -1
1 1 0 32.1 57.5 14 -1 -1 0b -1 -1 -1 0f -1 -1 -1
1 1 0 32.1 57.5 14 -1 -1 0b -1 -1 -1 0f -1 -1 -1
1 1 0 32.1 57.5 14 -1 -1 0b -1 -1 -1 0f -1 -1 -1
1 1 0 32.1 57.5 14 -1 -1 0b -1 -1 -1 0f -1 -1 -1
1 1 1 32.1 57.5 14 -1 -1 0b -1 -1 -1 7f -1 -1 -1
1 1 0 32.1 57.5 17 -1 -1 0b -1 -1 -1 7f -1 -1 -1
1 1 0 32.1 57.5 17 -1 -1 0b -1 -1 -1 7f -1 -1 -1
1 1 0 32.1 58.0 17 -1 -1 0b -1 -1 -1 7f -1 -1 -1
1 1 0 32.1 58.0 17 -1 -1 0b -1 -1 -1 7f -1 -1 -1
1 1 0 32.1 58.0 17 -1 -1 0b -1 -1 -1 7f -1 -1 -1
1 1 0 32.0 57.5 17 -1 -1 0b -1 -1 -1 7f -1 -1 -1
1 1 0 32.0 57.5 17 -1 -1 0b -1 -1 -1 7f -1 -1 -1
1 1 0 31.9 57.0 17 -1 -1 0b -1 -1 -1 7f -1 -1 -1
1 1 0 31.8 56.5 17 -1 -1 0b -1 -1 -1 7f -1 -1 -1
1 1 0 31.7 56.0 17 -1 -1 0b -1 -1 -1 7f -1 -1 -1
1 1 0 31.6 55.5 17 -1 -1 0b -1 -1 -1 7f -1 -1 -1
1 1 0 31.6 55.5 17 -1 -1 0b -1 -1 -1 7f -1 -1 -1
1 1 0 31.5 55.5 17 -1 -1 0b -1 -1 -1 7f -1 -1 -1
1 1 0 31.5 56.0 17 -1 -1 0b -1 -1 -1 7f -1 -1 -1
1 1 0 31.6 56.0 17 -1 -1 0b -1 -1 -1 7f -1 -1 -1
1 1 0 31.6 56.0 17 -1 -1 0b -1 -1 -1 7f -1 -1 -1
1 1 0 31.5 56.5 17 -1 -1 0b -1 -1 -1 7f -1 -1 -1
1 1 0 31.5 56.5 17 -1 -1 0b -1 -1 -1 7f -1 -1 -1
1 1 0 31.5 56.0 17 -1 -1 0b -1 -1 -1 7f -1 -1 -1
1 1 0 31.5 56.0 17 -1 -1 0b -1 -1 -1 7f -1 -1 -1
1 1 0 31.5 55.0 15 -1 -1 0b -1 -1 -1 7f -1 -1 -1
1 1 0 31.4 55.0 15 -1 -1 0b -1 -1 -1 7f -1 -1 -1
1 1 0 31.3 54.5 15 -1 -1 0b -1 -1 -1 7f -1 -1 -1
1 1 0 31.3 54.0 17 -1 -1 0b -1 -1 -1 7f -1 -1 -1
1 1 0 31.2 53.5 15 -1 -1 0b -1 -1 -1 7f -1 -1 -1
1 1 0 31.1 53.5 15 -1 -1 0b -1 -1 -1 7f -1 -1 -1
1 1 0 31.1 53.0 15 -1 -1 0b -1 -1 -1 7f -1 -1 -1
1 1 0 31.1 53.0 15 -1 -1 0b -1 -1 -1 7f -1 -1 -1
1 1 0 31.0 52.5 15 -1 -1 0b -1 -1 -1 7f -1 -1 -1
1 1 0 31.0 52.0 18 -1 -1 0b -1 -1 -1 7f -1 -1 -1
1 1 0 31.0 51.5 18 -1 -1 0b -1 -1 -1 7f -1 -1 -1
1 1 0 31.0 51.5 18 -1 -1 0b -1 -1 -1 7f -1 -1 -1
1 1 0 30.9 51.0 15 -1 -1 0b -1 -1 -1 7f -1 -1 -1
1 1 0 30.9 51.0 15 -1 -1 0b -1 -1 -1 7f -1 -1 -1
1 1 0 30.9 51.0 15 -1 -1 0b -1 -1 -1 7f -1 -1 -1
1 1 0 30.8 51.0 15 -1 -1 0b -1 -1 -1 7f -1 -1 -1
1 1 0 30.8 50.5 15 -1 -1 0b -1 -1 -1 7f -1 -1 -1
1 1 0 30.8 50.5 15 -1 -1 0b -1 -1 -1 7f -1 -1 -1
1 1 0 30.7 50.5 17 -1 -1 0b -1 -1 -1 7f -1 -1 -1
1 1 0 30.8 50.5 17 -1 -1 0b -1 -1 -1 7f -1 -1 -1
1 1 0 30.7 50.5 17 -1 -1 0b -1 -1 -1 7f -1 -1 -1
1 1 0 30.7 50.5 17 -1 -1 0b -1 -1 -1 7f -1 -1 -1
1 1 0 30.7 51.0 17 -1 -1 0b -1 -1 -1 7f -1 -1 -1
1 1 0 30.7 50.5 17 -1 -1 0b -1 -1 -1 7f -1 -1 -1
1 1 0 30.6 50.5 17 -1 -1 0b -1 -1 -1 7f -1 -1 -1
1 1 0 30.7 50.5 17 -1 -1 0b -1 -1 -1 7f -1 -1 -1
1 1 0 30.6 50.5 17 -1 -1 0b -1 -1 -1 7f -1 -1 -1
1 1 0 30.7 50.5 17 -1 -1 0b -1 -1 -1 7f -1 -1 -1
1 1 0 30.7 50.5 15 -1 -1 0b -1 -1 -1 7f -1 -1 -1
1 1 0 30.7 51.0 15 -1 -1 0b -1 -1 -1 7f -1 -1 -1
1 1 0 30.7 51.0 15 -1 -1 0b -1 -1 -1 7f -1 -1 -1
1 1 0 30.6 51.0 17 -1 -1 0b -1 -1 -1 7f -1 -1 -1
1 1 0 30.6 51.0 17 -1 -1 0b -1 -1 -1 7f -1 -1 -1
1 1 0 30.5 51.0 17 -1 -1 0b -1 -1 -1 7f -1 -1 -1
1 1 0 30.6 51.0 17 -1 -1 0b -1 -1 -1 7f -1 -1 -1
1 1 0 30.5 51.0 17 -1 -1 0b -1 -1 -1 7f -1 -1 -1
1 1 0 30.5 51.0 17 -1 -1 0b -1 -1 -1 7f -1 -1 -1
1 1 0 30.5 51.0 17 -1 -1 0b -1 -1 -1 7f -1 -1 -1
1 1 0 30.5 51.0 17 -1 -1 0b -1 -1 -1 7f -1 -1 -1
1 1 0 30.5 51.5 17 -1 -1 0b -1 -1 -1 7f -1 -1 -1
1 1 0 30.5 51.5 17 -1 -1 0b -1 -1 -1 7f -1 -1 -1
1 1 0 30.5 51.5 17 -1 -1 0b -1 -1 -1 7f -1 -1 -1
1 1 0 30.5 51.5 17 -1 -1 0b -1 -1 -1 7f -1 -1 -1
1 1 0 30.5 51.5 17 -1 -1 0b -1 -1 -1 7f -1 -1 -1
1 1 0 30.4 51.5 17 -1 -1 0b -1 -1 -1 7f -1 -1 -1
1 1 0 30.4 51.5 17 -1 -1 0b -1 -1 -1 7f -1 -1 -1
1 1 0 30.4 52.0 17 -1 -1 0b -1 -1 -1 7f -1 -1 -1
1 1 0 30.4 51.5 17 -1 -1 0b -1 -1 -1 7f -1 -1 -1
1 1 0 30.3 51.5 17 -1 -1 0b -1 -1 -1 7f -1 -1 -1
1 1 0 30.4 51.5 17 -1 -1 0b -1 -1 -1 7f -1 -1 -1
1 1 0 30.3 51.5 17 -1 -1 0b -1 -1 -1 7f -1 -1 -1
1 1 0 30.3 51.5 17 -1 -1 0b -1 -1 -1 7f -1 -1 -1
1 1 0 30.2 51.5 17 -1 -1 0b -1 -1 -1 7f -1 -1 -1
1 1 0 30.3 51.5 17 -1 -1 0b -1 -1 -1 7f -1 -1 -1
1 1 0 30.3 51.5 17 -1 -1 0b -1 -1 -1 7f -1 -1 -1
1 1 0 30.2 52.0 17 -1 -1 0b -1 -1 -1 7f -1 -1 -1
1 1 0 30.3 52.0 17 -1 -1 0b -1 -1 -1 7f -1 -1 -1
1 1 0 30.2 51.5 17 -1 -1 0b -1 -1 -1 7f -1 -1 -1
1 1 0 30.3 51.5 17 -1 -1 0b -1 -1 -1 7f -1 -1 -1
1 1 0 30.2 52.0 17 -1 -1 0b -1 -1 -1 7f -1 -1 -1
1 1 0 30.2 52.0 17 -1 -1 0b -1 -1 -1 7f -1 -1 -1
1 1 0 30.2 52.0 17 -1 -1 0b -1 -1 -1 7f -1 -1 -1
1 1 0 30.2 52.0 17 -1 -1 0b -1 -1 -1 7f -1 -1 -1
1 1 0 30.1 52.0 17 -1 -1 0b -1 -1 -1 7f -1 -1 -1
1 1 0 30.3 52.0 19 -1 -1 0b -1 -1 -1 7f -1 -1 -1
1 1 0 30.2 52.0 19 -1 -1 0b -1 -1 -1 7f -1 -1 -1
1 1 0 30.2 52.0 17 -1 -1 0b -1 -1 -1 7f -1 -1 -1
1 1 0 30.1 52.0 17 -1 -1 0b -1 -1 -1 7f -1 -1 -1
1 1 0 30.2 51.5 17 -1 -1 0b -1 -1 -1 7f -1 -1 -1
1 1 0 30.1 51.5 17 -1 -1 0b -1 -1 -1 7f -1 -1 -1
1 1 0 30.1 51.5 19 -1 -1 0b -1 -1 -1 7f -1 -1 -1
1 1 0 30.0 52.0 19 -1 -1 0b -1 -1 -1 7f -1 -1 -1
1 1 0 30.1 52.0 19 -1 -1 0b -1 -1 -1 7f -1 -1 -1
1 1 0 30.1 52.0 19 -1 -1 0b -1 -1 -1 7f -1 -1 -1
1 1 0 30.1 52.0 19 -1 -1 0b -1 -1 -1 7f -1 -1 -1
1 1 0 30.1 52.5 19 -1 -1 0b -1 -1 -1 7f -1 -1 -1
1 1 0 30.0 52.0 19 -1 -1 0b -1 -1 -1 7f -1 -1 -1
1 1 0 30.1 52.5 19 -1 -1 0b -1 -1 -1 7f -1 -1 -1
1 1 0 30.1 52.0 19 -1 -1 0b -1 -1 -1 7f -1 -1 -1
1 1 0 30.1 52.5 19 -1 -1 0b -1 -1 -1 7f -1 -1 -1
1 1 0 30.0 52.5 19 -1 -1 0b -1 -1 -1 7f -1 -1 -1
1 1 0 30.0 52.0 19 -1 -1 0b -1 -1 -1 7f -1 -1 -1
1 1 0 30.0 52.0 19 -1 -1 0b -1 -1 -1 7f -1 -1 -1
1 1 0 30.0 52.5 19 -1 -1 0b -1 -1 -1 7f -1 -1 -1
1 1 0 30.0 52.5 19 -1 -1 0b -1 -1 -1 7f -1 -1 -1
1 1 0 30.0 52.5 19 -1 -1 0b -1 -1 -1 7f -1 -1 -1
1 1 0 30.0 52.0 19 -1 -1 0b -1 -1 -1 7f -1 -1 -1
1 1 0 29.9 52.0 19 -1 -1 0b -1 -1 -1 7f -1 -1 -1
1 1 0 30.0 52.0 19 -1 -1 0b -1 -1 -1 7f -1 -1 -1
1 1 0 30.0 51.5 19 -1 -1 0b -1 -1 -1 7f -1 -1 -1
1 1 0 29.9 51.5 19 -1 -1 0b -1 -1 -1 7f -1 -1 -1
1 1 0 29.9 51.5 19 -1 -1 0b -1 -1 -1 7f -1 -1 -1
1 1 0 29.9 51.5 19 -1 -1 0b -1 -1 -1 7f -1 -1 -1
1 1 0 29.9 51.0 19 -1 -1 0b -1 -1 -1 7f -1 -1 -1
1 1 0 29.9 51.0 19 -1 -1 0b -1 -1 -1 7f -1 -1 -1
1 1 0 29.9 51.0 19 -1 -1 0b -1 -1 -1 7f -1 -1 -1
1 1 0 29.9 51.0 19 -1 -1 0b -1 -1 -1 7f -1 -1 -1
1 1 0 29.8 51.0 19 -1 -1 0b -1 -1 -1 7f -1 -1 -1
1 1 0 29.8 51.0 19 -1 -1 0b -1 -1 -1 7f -1 -1 -1
1 1 0 29.9 51.5 19 -1 -1 0b -1 -1 -1 7f -1 -1 -1
1 1 0 29.8 51.5 19 -1 -1 0b -1 -1 -1 7f -1 -1 -1
1 1 0 29.8 51.0 19 -1 -1 0b -1 -1 -1 7f -1 -1 -1
1 1 0 29.9 51.0 19 -1 -1 0b -1 -1 -1 7f -1 -1 -1
1 1 0 29.9 51.0 19 -1 -1 0b -1 -1 -1 7f -1 -1 -1
1 1 0 29.8 51.5 19 -1 -1 0b -1 -1 -1 7f -1 -1 -1
1 1 0 29.8 51.5 19 -1 -1 0b -1 -1 -1 7f -1 -1 -1
1 1 0 29.9 51.5 19 -1 -1 0b -1 -1 -1 7f -1 -1 -1
1 1 0 29.8 51.5 19 -1 -1 0b -1 -1 -1 7f -1 -1 -1
1 1 0 29.8 51.5 19 -1 -1 0b -1 -1 -1 7f -1 -1 -1
1 1 0 29.8 51.5 19 -1 -1 0b -1 -1 -1 7f -1 -1 -1
1 1 0 29.8 51.5 19 -1 -1 0b -1 -1 -1 7f -1 -1 -1
1 1 0 29.8 52.0 19 -1 -1 0b -1 -1 -1 7f -1 -1 -1
1 1 0 29.8 52.0 19 -1 -1 0b -1 -1 -1 7f -1 -1 -1
1 1 0 29.8 52.0 19 -1 -1 0b -1 -1 -1 7f -1 -1 -1
1 1 0 29.7 52.0 19 -1 -1 0b -1 -1 -1 7f -1 -1 -1
1 1 0 29.7 52.0 19 -1 -1 0b -1 -1 -1 7f -1 -1 -1
1 1 0 29.8 52.0 15 -1 -1 0b -1 -1 -1 7f -1 -1 -1
1 1 0 29.7 51.5 19 -1 -1 0b -1 -1 -1 7f -1 -1 -1
1 1 0 29.7 51.5 15 -1 -1 0b -1 -1 -1 7f -1 -1 -1
1 1 0 29.7 51.5 19 -1 -1 0b -1 -1 -1 7f -1 -1 -1
1 1 0 29.7 51.5 19 -1 -1 0b -1 -1 -1 7f -1 -1 -1
1 1 0 29.7 51.5 15 -1 -1 0b -1 -1 -1 7f -1 -1 -1
1 1 1 29.7 51.0 19 -1 -1 0b -1 -1 -1 7f -1 -1 -1
1 1 0 29.6 51.0 15 -1 -1 0b -1 -1 -1 7f -1 -1 -1
1 1 0 29.7 51.0 15 -1 -1 0b -1 -1 -1 7f -1 -1 -1
1 1 0 29.6 51.0 15 -1 -1 0b -1 -1 -1 7f -1 -1 -1
1 1 0 29.6 51.0 15 -1 -1 0b -1 -1 -1 7f -1 -1 -1
1 1 0 29.6 51.0 15 -1 -1 0b -1 -1 -1 7f -1 -1 -1
1 1 0 29.7 51.0 15 -1 -1 0b -1 -1 -1 7f -1 -1 -1
1 1 0 29.7 51.0 15 -1 -1 0b -1 -1 -1 7f -1 -1 -1
1 1 0 29.6 51.0 15 -1 -1 0b -1 -1 -1 7f -1 -1 -1
1 1 0 29.7 51.0 15 -1 -1 0b -1 -1 -1 7f -1 -1 -1
1 1 0 29.6 51.0 15 -1 -1 0b -1 -1 -1 7f -1 -1 -1
1 1 0 29.6 51.5 15 -1 -1 0b -1 -1 -1 7f -1 -1 -1
1 1 0 29.6 51.5 15 -1 -1 0b -1 -1 -1 7f -1 -1 -1
1 1 6 29.6 51.5 17 -1 -1 0b -1 -1 -1 7f -1 -1 -1
1 1 5 29.6 51.5 15 -1 -1 0b -1 -1 -1 7f -1 -1 -1
1 1 6 29.6 52.0 15 -1 -1 0b -1 -1 -1 7f -1 -1 -1
1 1 0 29.7 52.0 15 -1 -1 0b -1 -1 -1 7f -1 -1 -1
1 1 0 29.7 52.0 15 -1 -1 0b -1 -1 -1 7f -1 -1 -1
1 1 0 29.6 52.0 15 -1 -1 0b -1 -1 -1 7f -1 -1 -1
1 1 0 29.6 52.0 15 c25f -1 0b -1 -1 -1 7f -1 -1 -1
1 1 0 29.6 52.0 15 c25f -1 0b -1 -1 -1 7f -1 -1 -1
1 1 0 29.6 52.0 15 c25f -1 0b -1 -1 -1 7f -1 -1 -1
1 1 0 29.7 53.0 15 c25f -1 0b -1 -1 -1 7f -1 -1 -1
1 1 0 29.8 53.5 15 c25f -1 0b -1 -1 -1 7f -1 -1 -1
1 1 0 29.8 54.5 15 c25f -1 0b -1 -1 -1 7f -1 -1 -1
1 1 17 29.9 55.5 17 c25f -1 0b -1 -1 -1 7f -1 -1 -1
1 1 0 29.9 56.5 17 c25f -1 0b -1 -1 -1 7f -1 -1 -1
1 1 0 30.0 56.5 17 c25f -1 0b -1 -1 -1 7f -1 -1 -1
1 1 0 30.0 57.0 17 c25f -1 0b -1 -1 -1 7f -1 -1 -1
1 1 0 30.0 57.5 17 c25f -1 0b -1 -1 -1 7f -1 -1 -1
1 1 0 30.0 57.5 17 c25f -1 0b -1 -1 -1 7f -1 -1 -1
1 1 0 30.0 57.0 17 c25f -1 0b -1 -1 -1 7f -1 -1 -1
1 1 0 30.0 57.0 17 c25f -1 0b -1 -1 -1 7f -1 -1 -1
1 1 0 29.9 56.5 17 c25f -1 0b -1 -1 -1 7f -1 -1 -1
1 1 0 29.9 56.0 17 c25f -1 0b -1 -1 -1 7f -1 -1 -1
1 1 0 29.8 56.0 17 c25f -1 0b -1 -1 -1 7f -1 -1 -1
1 1 0 29.8 55.5 17 c25f -1 0b -1 -1 -1 7f -1 -1 -1
1 1 0 29.7 54.5 17 c25f -1 0b -1 -1 -1 7f -1 -1 -1
1 1 0 29.8 54.5 17 c25f -1 0b -1 -1 -1 7f -1 -1 -1
1 1 3 29.8 54.0 17 c25f -1 0b -1 -1 -1 7f -1 -1 -1
1 1 5 29.7 53.5 23 c25f -1 0b -1 -1 -1 7f -1 -1 -1
1 1 0 29.7 53.5 23 c25f -1 0b -1 -1 -1 7f -1 -1 -1
1 1 1 29.6 53.5 23 c25f -1 0b -1 -1 -1 7f -1 -1 -1
1 1 2 29.6 53.5 23 c25f -1 0b -1 -1 -1 7f -1 -1 -1
1 1 3 29.6 53.5 23 c25f -1 0b -1 -1 -1 7f -1 -1 -1
1 1 0 29.7 54.0 23 c25f -1 0b -1 -1 -1 7f -1 -1 -1
1 1 0 29.7 54.0 23 c25f -1 0b -1 -1 -1 7f -1 -1 -1
1 1 0 29.6 54.0 23 c25f -1 0b -1 -1 -1 7f -1 -1 -1
1 1 0 29.7 54.0 23 c25f -1 0b -1 -1 -1 7f -1 -1 -1
1 1 0 29.7 53.5 23 c25f -1 0b -1 -1 -1 7f -1 -1 -1
1 1 0 29.6 53.0 23 c25f -1 0b -1 -1 -1 7f -1 -1 -1
1 1 0 29.6 53.0 23 c25f -1 0b -1 -1 -1 7f -1 -1 -1
1 1 0 29.6 53.0 23 c25f -1 0b -1 -1 -1 7f -1 -1 -1
1 1 2 29.7 53.0 23 c25f -1 0b -1 -1 -1 7f -1 -1 -1
1 1 2 29.6 52.5 23 c25f -1 0b -1 -1 -1 7f -1 -1 -1
1 1 0 29.5 52.5 23 c25f -1 0b -1 -1 -1 7f -1 -1 -1
1 1 0 29.5 52.0 23 c25f -1 0b -1 -1 -1 7f -1 -1 -1
1 1 0 29.6 52.0 23 c25f -1 0b -1 -1 -1 7f -1 -1 -1
1 1 0 29.5 52.0 23 c25f -1 0b -1 -1 -1 7f -1 -1 -1
1 1 0 29.5 52.0 23 c25f -1 0b -1 -1 -1 7f -1 -1 -1
1 1 0 29.4 52.0 23 c25f -1 0b -1 -1 -1 7f -1 -1 -1
1 1 0 29.4 51.5 23 c25f -1 0b -1 -1 -1 7f -1 -1 -1
1 1 0 29.5 51.5 23 c25f -1 0b -1 -1 -1 7f -1 -1 -1
1 1 0 29.4 51.5 23 c25f -1 0b -1 -1 -1 7f -1 -1 -1
1 1 0 29.4 51.5 23 c25f -1 0b -1 -1 -1 7f -1 -1 -1
1 1 0 29.4 51.5 23 c25f -1 0b -1 -1 -1 7f -1 -1 -1
1 1 0 29.3 51.5 23 c25f -1 0b -1 -1 -1 7f -1 -1 -1
1 1 0 29.4 51.5 23 c25f -1 0b -1 -1 -1 7f -1 -1 -1
1 1 0 29.4 51.0 23 c25f -1 0b -1 -1 -1 7f -1 -1 -1
1 1 0 29.4 51.0 23 c25f -1 0b -1 -1 -1 7f -1 -1 -1
1 1 0 29.3 51.0 23 c25f -1 0b -1 -1 -1 7f -1 -1 -1
1 1 0 29.4 51.0 23 c25f -1 0b -1 -1 -1 7f -1 -1 -1
1 1 0 29.3 51.0 23 c25f -1 0b -1 -1 -1 7f -1 -1 -1
1 1 0 29.2 51.0 23 c25f -1 0b -1 -1 -1 7f -1 -1 -1
1 1 0 29.3 51.5 23 c25f -1 0b -1 -1 -1 7f -1 -1 -1
1 1 0 29.3 51.0 25 c25f -1 0b -1 -1 -1 7f -1 -1 -1
1 1 0 29.2 51.0 25 c25f -1 0b -1 -1 -1 7f -1 -1 -1
1 1 0 29.2 51.0 23 c25f -1 0b -1 -1 -1 7f -1 -1 -1
1 1 0 29.2 51.5 25 c25f -1 0b -1 -1 -1 7f -1 -1 -1
1 1 0 29.2 51.0 25 c25f -1 0b -1 -1 -1 7f -1 -1 -1
1 1 0 29.2 51.0 25 c25f -1 0b -1 -1 -1 7f -1 -1 -1
1 1 0 29.2 51.0 25 c25f -1 0b -1 -1 -1 7f -1 -1 -1
1 1 0 29.2 51.0 25 c25f -1 0b -1 -1 -1 7f -1 -1 -1
1 1 0 29.2 51.0 25 c25f -1 0b -1 -1 -1 7f -1 -1 -1
1 1 0 29.2 50.5 23 c25f -1 0b -1 -1 -1 7f -1 -1 -1
1 1 0 29.2 50.5 25 c25f -1 0b -1 -1 -1 7f -1 -1 -1
1 1 2 29.2 50.5 25 c25f -1 0b -1 -1 -1 7f -1 -1 -1
1 1 0 29.2 50.5 23 c25f -1 0b -1 -1 -1 7f -1 -1 -1
1 1 0 29.1 50.5 23 c25f -1 0b -1 -1 -1 7f -1 -1 -1
1 1 0 29.1 50.5 23 c25f -1 0b -1 -1 -1 7f -1 -1 -1
1 1 57 29.1 50.5 23 c25f -1 0b -1 -1 -1 7f -1 -1 -1
1 1 0 29.1 51.0 25 c25f -1 0b -1 -1 -1 7f -1 -1 -1
1 1 0 29.2 51.0 25 c25f -1 0b -1 -1 -1 7f -1 -1 -1
1 1 1 29.3 51.5 25 c25f -1 0b -1 -1 -1 7f -1 -1 -1
1 1 2 29.4 52.5 25 c25f -1 0b -1 -1 -1 7f -1 -1 -1
1 1 6 29.4 52.5 23 c25f -1 0b -1 -1 -1 7f -1 -1 -1
1 1 0 29.5 53.0 25 c25f -1 0b -1 -1 -1 7f -1 -1 -1
1 1 0 29.5 53.5 25 c25f -1 0b -1 -1 -1 7f -1 -1 -1
1 1 0 29.6 53.5 25 c25f -1 0b -1 -1 -1 7f -1 -1 -1
1 1 0 29.7 54.5 25 c25f -1 0b -1 -1 -1 7f -1 -1 -1
1 1 0 29.7 55.0 25 c25f -1 0b -1 -1 -1 7f -1 -1 -1
1 1 0 29.7 55.5 25 c25f -1 0b -1 -1 -1 7f -1 -1 -1
1 1 0 29.7 55.5 25 c25f -1 0b -1 -1 -1 7f -1 -1 -1
1 1 0 29.8 55.5 23 c25f -1 0b -1 -1 -1 7f -1 -1 -1
1 1 0 29.8 56.0 23 c25f -1 0b -1 -1 -1 7f -1 -1 -1
1 1 0 29.9 56.0 23 c25f -1 0b -1 -1 -1 7f -1 -1 -1
1 1 0 29.9 56.0 23 c25f -1 0b -1 -1 -1 7f -1 -1 -1
1 1 0 29.8 55.5 23 c25f -1 0b -1 -1 -1 7f -1 -1 -1
1 1 0 29.9 55.5 23 c25f -1 0b -1 -1 -1 7f -1 -1 -1
1 1 0 29.9 55.5 25 c25f -1 0b -1 -1 -1 7f -1 -1 -1
1 1 0 29.9 56.5 25 c25f -1 0b -1 -1 -1 7f -1 -1 -1
1 1 0 30.0 57.0 25 c25f -1 0b -1 -1 -1 7f -1 -1 -1
1 1 0 29.9 57.0 23 c25f -1 0b -1 -1 -1 7f -1 -1 -1
1 1 0 30.0 57.0 23 c25f -1 0b -1 -1 -1 7f -1 -1 -1
1 1 0 30.1 56.5 23 c25f -1 0b -1 -1 -1 7f -1 -1 -1
1 1 0 30.0 56.5 23 c25f -1 0b -1 -1 -1 7f -1 -1 -1
1 1 0 30.1 56.0 23 c25f -1 0b -1 -1 -1 7f -1 -1 -1
1 1 1 30.0 56.0 23 c25f -1 0b -1 -1 -1 7f -1 -1 -1
1 1 0 30.1 55.5 23 c25f -1 0b -1 -1 -1 7f -1 -1 -1
1 1 0 30.1 55.0 23 c25f -1 0b -1 -1 -1 7f -1 -1 -1
1 1 0 30.0 54.5 23 c25f -1 0b -1 -1 -1 7f -1 -1 -1
1 1 0 30.1 54.0 25 c25f -1 0b -1 -1 -1 7f -1 -1 -1
1 1 0 30.1 53.5 25 c25f -1 0b -1 -1 -1 7f -1 -1 -1
1 1 0 30.1 53.0 25 c25f -1 0b -1 -1 -1 7f -1 -1 -1
1 1 0 30.1 53.0 23 c25f -1 0b -1 -1 -1 7f -1 -1 -1
1 1 14 30.1 52.5 15 c25f -1 0b -1 -1 -1 7f -1 -1 -1
1 1 0 30.2 53.0 15 c25f -1 0b -1 -1 -1 0f -1 -1 -1
1 1 0 30.2 54.0 15 c25f -1 0b -1 -1 -1 0f -1 -1 -1
1 1 0 30.2 54.5 15 c25f -1 0b -1 -1 -1 0f -1 -1 -1
1 1 0 30.2 55.5 15 c25f -1 0b -1 -1 -1 0f -1 -1 -1
1 1 0 30.3 56.0 15 c25f -1 0b -1 -1 -1 0f -1 -1 -1
1 1 0 30.3 56.5 17 c25f -1 0b -1 -1 -1 0f -1 -1 -1
1 1 0 30.4 57.0 17 c25f -1 0b -1 -1 -1 0f -1 -1 -1
1 1 0 30.4 57.0 17 c25f -1 0b -1 -1 -1 0f -1 -1 -1
1 1 0 30.4 57.0 17 c25f -1 0b -1 -1 -1 0f -1 -1 -1
1 1 0 30.5 57.5 17 c25f -1 0b -1 -1 -1 0f -1 -1 -1
1 1 0 30.5 57.5 15 c25f -1 0b -1 -1 -1 0f -1 -1 -1
1 1 0 30.5 57.5 15 c25f -1 0b -1 -1 -1 0f -1 -1 -1
1 1 0 30.6 57.5 15 c25f -1 0b -1 -1 -1 0f -1 -1 -1
1 1 0 30.5 57.5 15 c25f -1 0b -1 -1 -1 0f -1 -1 -1
1 1 0 30.6 57.5 15 c25f -1 0b -1 -1 -1 0f -1 -1 -1
1 1 0 30.7 57.5 12 c25f -1 0b -1 -1 -1 0f -1 -1 -1
1 1 0 30.7 57.5 12 c25f -1 0b -1 -1 -1 0f -1 -1 -1
1 1 0 30.7 57.0 12 c25f -1 0b -1 -1 -1 0f -1 -1 -1
1 1 0 30.7 57.5 12 c25f -1 0b -1 -1 -1 0f -1 -1 -1
1 1 0 30.7 58.0 10 c25f -1 0b -1 -1 -1 0f -1 -1 -1
1 1 0 30.8 58.0 10 c25f -1 0b -1 -1 -1 0f -1 -1 -1
1 1 0 30.8 58.5 14 c25f -1 0b -1 -1 -1 0f -1 -1 -1
1 1 0 30.8 58.5 14 c25f -1 0b -1 -1 -1 0f -1 -1 -1
1 1 0 30.8 58.5 14 c25f -1 0b -1 -1 -1 0f -1 -1 -1
1 1 0 30.8 58.5 14 c25f -1 0b -1 -1 -1 0f -1 -1 -1
1 1 0 30.9 58.5 14 c25f -1 0b -1 -1 -1 0f -1 -1 -1
1 1 0 30.8 57.5 14 c25f -1 0b -1 -1 -1 0f -1 -1 -1
1 1 0 30.9 57.5 10 c25f -1 0b -1 -1 -1 0f -1 -1 -1
1 1 0 30.9 58.5 12 c25f -1 0b -1 -1 -1 0f -1 -1 -1
1 1 0 31.0 58.0 12 c25f -1 0b -1 -1 -1 0f -1 -1 -1
1 1 0 31.0 58.5 12 c25f -1 0b -1 -1 -1 0f -1 -1 -1
1 1 0 31.0 59.0 12 c25f -1 0b -1 -1 -1 0f -1 -1 -1
1 1 0 31.0 59.0 12 c25f -1 0b -1 -1 -1 0f -1 -1 -1
1 1 0 31.0 58.0 12 c25f -1 0b -1 -1 -1 0f -1 -1 -1
1 1 0 31.1 58.5 12 c25f -1 0b -1 -1 -1 0f -1 -1 -1
1 1 0 31.1 57.5 12 c25f -1 0b -1 -1 -1 0f -1 -1 -1
1 1 0 31.0 57.0 12 c25f -1 0b -1 -1 -1 0f -1 -1 -1
1 1 0 31.1 58.0 12 c25f -1 0b -1 -1 -1 0f -1 -1 -1
1 1 0 31.2 59.0 12 c25f -1 0b -1 -1 -1 0f -1 -1 -1
1 1 0 31.2 59.0 15 c25f -1 0b -1 -1 -1 0f -1 -1 -1
1 1 0 31.1 59.0 15 c25f -1 0b -1 -1 -1 0f -1 -1 -1
1 1 0 31.2 59.5 15 c25f -1 0b -1 -1 -1 0f -1 -1 -1
1 1 0 31.2 59.0 15 c25f -1 0b -1 -1 -1 0f -1 -1 -1
1 1 0 31.2 59.0 15 c25f -1 0b -1 -1 -1 0f -1 -1 -1
1 1 0 31.2 59.0 15 c25f -1 0b -1 -1 -1 0f -1 -1 -1
1 1 0 31.2 59.0 15 c25f -1 0b -1 -1 -1 0f -1 -1 -1
1 1 0 31.4 59.0 12 c25f -1 0b -1 -1 -1 0f -1 -1 -1
1 1 0 31.3 59.5 12 c25f -1 0b -1 -1 -1 0f -1 -1 -1
1 1 0 31.3 59.5 12 c25f -1 0b -1 -1 -1 0f -1 -1 -1
1 1 0 31.4 59.5 12 c25f -1 0b -1 -1 -1 0f -1 -1 -1
1 1 0 31.4 59.5 12 c25f -1 0b -1 -1 -1 0f -1 -1 -1
1 1 0 31.4 60.0 14 c25f -1 0b -1 -1 -1 0f -1 -1 -1
1 1 0 31.5 60.0 12 c25f -1 0b -1 -1 -1 0f -1 -1 -1
1 1 0 31.5 60.0 14 c25f -1 0b -1 -1 -1 0f -1 -1 -1
1 1 0 31.4 59.0 14 c25f -1 0b -1 -1 -1 0f -1 -1 -1
1 1 0 31.5 58.5 12 c25f -1 0b -1 -1 -1 0f -1 -1 -1
1 1 0 31.5 58.5 13 c25f -1 0b -1 -1 -1 0f -1 -1 -1
1 1 0 31.5 59.5 11 c25f -1 0b -1 -1 -1 0f -1 -1 -1
1 1 0 31.5 60.0 11 c25f -1 0b -1 -1 -1 0f -1 -1 -1
1 1 0 31.5 60.5 14 c25f -1 0b -1 -1 -1 0f -1 -1 -1
1 1 0 31.6 60.5 12 c25f -1 0b -1 -1 -1 0f -1 -1 -1
1 1 0 31.5 60.5 12 c25f -1 0b -1 -1 -1 0f -1 -1 -1
1 1 0 31.6 60.5 12 c25f -1 0b -1 -1 -1 0f -1 -1 -1
1 1 0 31.6 60.5 12 c25f -1 0b -1 -1 -1 0f -1 -1 -1
1 1 0 31.7 60.5 12 c25f -1 0b -1 -1 -1 0f -1 -1 -1
1 1 0 31.7 60.5 10 c25f -1 0b -1 -1 -1 0f -1 -1 -1
1 1 0 31.6 60.5 12 c25f -1 0b -1 -1 -1 0f -1 -1 -1
1 1 0 31.7 60.5 10 c25f -1 0b -1 -1 -1 0f -1 -1 -1
1 1 0 31.7 61.0 10 c25f -1 0b -1 -1 -1 0f -1 -1 -1
1 1 0 31.6 61.0 10 c25f -1 0b -1 -1 -1 0f -1 -1 -1
1 1 0 31.7 61.0 12 c25f -1 0b -1 -1 -1 0f -1 -1 -1
1 1 0 31.8 61.0 12 c25f -1 0b -1 -1 -1 0f -1 -1 -1
1 1 0 31.7 60.5 12 c25f -1 0b -1 -1 -1 0f -1 -1 -1
1 1 0 31.8 60.0 12 c25f -1 0b -1 -1 -1 0f -1 -1 -1
1 1 0 31.8 60.5 12 c25f -1 0b -1 -1 -1 0f -1 -1 -1
1 1 0 31.8 59.5 12 c25f -1 0b -1 -1 -1 0f -1 -1 -1
1 1 0 31.9 60.5 14 c25f -1 0b -1 -1 -1 0f -1 -1 -1
1 1 0 31.8 60.5 14 c25f -1 0b -1 -1 -1 0f -1 -1 -1
1 1 0 31.8 61.0 12 c25f -1 0b -1 -1 -1 0f -1 -1 -1
1 1 0 31.9 61.0 14 c25f -1 0b -1 -1 -1 0f -1 -1 -1
1 1 0 31.8 61.0 14 c25f -1 0b -1 -1 -1 0f -1 -1 -1
1 1 0 31.9 61.0 14 c25f -1 0b -1 -1 -1 0f -1 -1 -1
1 1 0 31.9 60.5 14 c25f -1 0b -1 -1 -1 0f -1 -1 -1
1 1 0 31.9 61.0 14 c25f -1 0b -1 -1 -1 0f -1 -1 -1
1 1 0 31.9 60.0 14 c25f -1 0b -1 -1 -1 0f -1 -1 -1
1 1 0 31.9 60.0 14 c25f -1 0b -1 -1 -1 0f -1 -1 -1
1 1 0 31.9 60.5 14 c25f -1 0b -1 -1 -1 0f -1 -1 -1
1 1 0 31.9 60.5 14 c25f -1 0b -1 -1 -1 0f -1 -1 -1
1 1 0 31.9 59.0 14 c25f -1 0b -1 -1 -1 0f -1 -1 -1
1 1 0 32.0 60.0 14 c25f -1 0b -1 -1 -1 0f -1 -1 -1
1 1 0 31.9 59.5 14 c25f -1 0b -1 -1 -1 0f -1 -1 -1
1 1 0 32.0 60.5 16 c25f -1 0b -1 -1 -1 0f -1 -1 -1
1 1 0 32.0 60.5 16 c25f -1 0b -1 -1 -1 0f -1 -1 -1
1 1 0 32.0 61.0 12 c25f -1 0b -1 -1 -1 0f -1 -1 -1
1 1 0 32.0 61.0 16 c25f -1 0b -1 -1 -1 0f -1 -1 -1
1 1 0 32.0 61.0 14 c25f -1 0b -1 -1 -1 0f -1 -1 -1
1 1 0 32.1 61.0 14 c25f -1 0b -1 -1 -1 0f -1 -1 -1
1 1 0 32.0 61.0 12 c25f -1 0b -1 -1 -1 0f -1 -1 -1
1 1 0 32.1 61.0 12 c25f -1 0b -1 -1 -1 0f -1 -1 -1
1 1 0 32.0 60.5 12 c25f -1 0b -1 -1 -1 0f -1 -1 -1
1 1 0 32.1 60.5 12 c25f -1 0b -1 -1 -1 0f -1 -1 -1
1 1 0 32.1 61.0 14 c25f -1 0b -1 -1 -1 0f -1 -1 -1
1 1 0 32.1 61.0 14 c25f -1 0b -1 -1 -1 0f -1 -1 -1
1 1 0 32.0 61.0 12 c25f -1 0b -1 -1 -1 0f -1 -1 -1
1 1 0 32.2 61.0 12 c25f -1 0b -1 -1 -1 0f -1 -1 -1
1 1 0 32.2 61.0 12 c25f -1 0b -1 -1 -1 0f -1 -1 -1
1 1 0 32.2 61.0 12 c25f -1 0b -1 -1 -1 0f -1 -1 -1
1 1 0 32.1 61.5 12 c25f -1 0b -1 -1 -1 0f -1 -1 -1
1 1 0 32.2 61.5 12 c25f -1 0b -1 -1 -1 0f -1 -1 -1
1 1 0 32.1 61.0 12 c25f -1 0b -1 -1 -1 0f -1 -1 -1
1 1 0 32.2 61.5 12 c25f -1 0b -1 -1 -1 0f -1 -1 -1
1 1 0 32.2 61.0 12 c25f -1 0b -1 -1 -1 0f -1 -1 -1
1 1 0 32.2 61.0 12 c25f -1 0b -1 -1 -1 0f -1 -1 -1
1 1 0 32.2 60.5 12 c25f -1 0b -1 -1 -1 0f -1 -1 -1
1 1 0 32.2 60.5 12 c25f -1 0b -1 -1 -1 0f -1 -1 -1
1 1 0 32.2 60.0 12 c25f -1 0b -1 -1 -1 0f -1 -1 -1
1 1 0 32.2 60.5 11 c25f -1 0b -1 -1 -1 0f -1 -1 -1
1 1 0 32.2 61.0 11 c25f -1 0b -1 -1 -1 0f -1 -1 -1
1 1 0 32.3 61.5 11 c25f -1 0b -1 -1 -1 0f -1 -1 -1
1 1 0 32.2 61.5 12 c25f -1 0b -1 -1 -1 0f -1 -1 -1
1 1 0 32.3 61.5 10 c25f -1 0b -1 -1 -1 0f -1 -1 -1
1 1 0 32.2 61.0 14 c25f -1 0b -1 -1 -1 0f -1 -1 -1
1 1 0 32.3 61.0 12 c25f -1 0b -1 -1 -1 0f -1 -1 -1
1 1 0 32.3 60.5 16 c25f -1 0b -1 -1 -1 0f -1 -1 -1
1 1 0 32.3 60.5 16 c25f -1 0b -1 -1 -1 0f -1 -1 -1
1 1 0 32.3 61.0 16 c25f -1 0b -1 -1 -1 0f -1 -1 -1
1 1 0 32.3 61.5 16 c25f -1 0b -1 -1 -1 0f -1 -1 -1
1 1 0 32.4 61.5 16 c25f -1 0b -1 -1 -1 0f -1 -1 -1
1 1 0 32.4 61.5 16 c25f -1 0b -1 -1 -1 0f -1 -1 -1
1 1 0 32.4 61.5 16 c25f -1 0b -1 -1 -1 0f -1 -1 -1
1 1 0 32.3 61.5 16 c25f -1 0b -1 -1 -1 0f -1 -1 -1
1 1 0 32.4 61.5 12 c25f -1 0b -1 -1 -1 0f -1 -1 -1
1 1 0 32.4 61.5 12 c25f -1 0b -1 -1 -1 0f -1 -1 -1
1 1 0 32.4 61.5 12 c25f -1 0b -1 -1 -1 0f -1 -1 -1
1 1 0 32.4 61.5 12 c25f -1 0b -1 -1 -1 0f -1 -1 -1
1 1 0 32.4 61.5 16 c25f -1 0b -1 -1 -1 0f -1 -1 -1
1 1 0 32.4 61.5 16 c25f -1 0b -1 -1 -1 0f -1 -1 -1
1 1 0 32.4 61.5 16 c25f -1 0b -1 -1 -1 0f -1 -1 -1
1 1 0 32.5 61.5 16 c25f -1 0b -1 -1 -1 0f -1 -1 -1
1 1 0 32.5 61.5 16 c25f -1 0b -1 -1 -1 0f -1 -1 -1
1 1 0 32.4 61.5 16 c25f -1 0b -1 -1 -1 0f -1 -1 -1
1 1 0 32.5 62.0 16 c25f -1 0b -1 -1 -1 0f -1 -1 -1
1 1 0 32.4 61.5 14 c25f -1 0b -1 -1 -1 0f -1 -1 -1
1 1 0 32.5 61.5 14 c25f -1 0b -1 -1 -1 0f -1 -1 -1
1 1 0 32.5 61.5 14 c25f -1 0b -1 -1 -1 0f -1 -1 -1
1 1 0 32.5 61.5 16 c25f -1 0b -1 -1 -1 0f -1 -1 -1
1 1 0 32.5 61.5 16 c25f -1 0b -1 -1 -1 0f -1 -1 -1
1 1 0 32.6 62.0 12 c25f -1 0b -1 -1 -1 0f -1 -1 -1
1 1 0 32.6 62.0 12 c25f -1 0b -1 -1 -1 0f -1 -1 -1
1 1 0 32.5 62.0 12 c25f -1 0b -1 -1 -1 0f -1 -1 -1
1 1 0 32.6 62.0 12 c25f -1 0b -1 -1 -1 0f -1 -1 -1
1 1 0 32.6 62.0 12 c25f -1 0b -1 -1 -1 0f -1 -1 -1
1 1 0 32.6 62.0 12 c25f -1 0b -1 -1 -1 0f -1 -1 -1
1 1 0 32.6 60.5 12 c25f -1 0b -1 -1 -1 0f -1 -1 -1
1 1 0 32.6 61.5 12 c25f -1 0b -1 -1 -1 0f -1 -1 -1
1 1 0 32.6 62.0 16 c25f -1 0b -1 -1 -1 0f -1 -1 -1
1 1 0 32.6 62.0 16 c25f -1 0b -1 -1 -1 0f -1 -1 -1
1 1 0 32.6 62.0 12 c25f -1 0b -1 -1 -1 0f -1 -1 -1
1 1 0 32.6 62.0 12 c25f -1 0b -1 -1 -1 0f -1 -1 -1
1 1 0 32.6 62.0 12 c25f -1 0b -1 -1 -1 0f -1 -1 -1
1 1 0 32.7 62.0 12 c25f -1 0b -1 -1 -1 0f -1 -1 -1
1 1 0 32.6 62.0 12 c25f -1 0b -1 -1 -1 0f -1 -1 -1
1 1 0 32.7 62.0 12 c25f -1 0b -1 -1 -1 0f -1 -1 -1
1 1 0 32.7 61.5 12 c25f -1 0b -1 -1 -1 0f -1 -1 -1
1 1 0 32.7 61.5 12 c25f -1 0b -1 -1 -1 0f -1 -1 -1
1 1 0 32.7 61.5 12 c25f -1 0b -1 -1 -1 0f -1 -1 -1
1 1 0 32.6 60.5 12 c25f -1 0b -1 -1 -1 0f -1 -1 -1
1 1 0 32.7 59.0 12 c25f -1 0b -1 -1 -1 0f -1 -1 -1
1 1 0 32.6 60.0 12 c25f -1 0b -1 -1 -1 0f -1 -1 -1
1 1 0 32.6 61.0 12 c25f -1 0b -1 -1 -1 0f -1 -1 -1
1 1 0 32.7 61.0 12 c25f -1 0b -1 -1 -1 0f -1 -1 -1
1 1 0 32.6 61.5 12 c25f -1 0b -1 -1 -1 0f -1 -1 -1
1 1 0 32.7 61.5 12 c25f -1 0b -1 -1 -1 0f -1 -1 -1
1 1 0 32.7 60.0 12 c25f -1 0b -1 -1 -1 0f -1 -1 -1
1 1 0 32.7 59.0 12 c25f -1 0b -1 -1 -1 0f -1 -1 -1
1 1 0 32.6 57.5 15 c25f -1 0b -1 -1 -1 0f -1 -1 -1
1 1 0 32.7 59.0 15 c25f -1 0b -1 -1 -1 0f -1 -1 -1
1 1 0 32.6 60.5 15 c25f -1 0b -1 -1 -1 0f -1 -1 -1
1 1 0 32.7 61.0 12 c25f -1 0b -1 -1 -1 0f -1 -1 -1
1 1 0 32.7 61.0 12 c25f -1 0b -1 -1 -1 0f -1 -1 -1
1 1 0 32.7 61.0 12 c25f -1 0b -1 -1 -1 0f -1 -1 -1
1 1 0 32.8 61.0 12 c25f -1 0b -1 -1 -1 0f -1 -1 -1
1 1 0 32.7 61.0 12 c25f -1 0b -1 -1 -1 0f -1 -1 -1
1 1 0 32.8 60.5 12 c25f -1 0b -1 -1 -1 0f -1 -1 -1
1 1 0 32.7 60.0 12 c25f -1 0b -1 -1 -1 0f -1 -1 -1
1 1 0 32.7 61.0 12 c25f -1 0b -1 -1 -1 0f -1 -1 -1
1 1 0 32.8 61.0 15 c25f -1 0b -1 -1 -1 0f -1 -1 -1
1 1 0 32.8 61.0 15 c25f -1 0b -1 -1 -1 0f -1 -1 -1
1 1 0 32.8 61.0 15 c25f -1 0b -1 -1 -1 0f -1 -1 -1
1 1 0 32.8 60.5 15 c25f -1 0b -1 -1 -1 0f -1 -1 -1
1 1 0 32.8 59.5 15 c25f -1 0b -1 -1 -1 0f -1 -1 -1
1 1 0 32.8 59.0 15 c25f -1 0b -1 -1 -1 0f -1 -1 -1
1 1 0 32.7 59.0 15 c25f -1 0b -1 -1 -1 0f -1 -1 -1
1 1 0 32.9 60.0 15 c25f -1 0b -1 -1 -1 0f -1 -1 -1
1 1 0 32.8 60.0 17 c25f -1 0b -1 -1 -1 0f -1 -1 -1
1 1 0 32.8 60.0 17 c25f -1 0b -1 -1 -1 0f -1 -1 -1
1 1 0 32.8 60.5 17 c25f -1 0b -1 -1 -1 0f -1 -1 -1
1 1 0 32.8 60.5 17 c25f -1 0b -1 -1 -1 0f -1 -1 -1
1 1 0 32.8 60.0 15 c25f -1 0b -1 -1 -1 0f -1 -1 -1
1 1 0 32.8 60.5 15 c25f -1 0b -1 -1 -1 0f -1 -1 -1
1 1 0 32.8 60.5 15 c25f -1 0b -1 -1 -1 0f -1 -1 -1
1 1 0 32.8 60.5 17 c25f -1 0b -1 -1 -1 0f -1 -1 -1
1 1 0 32.8 60.0 17 c25f -1 0b -1 -1 -1 0f -1 -1 -1
1 1 0 32.8 59.5 17 c25f -1 0b -1 -1 -1 0f -1 -1 -1
1 1 0 32.8 59.5 17 c25f -1 0b -1 -1 -1 0f -1 -1 -1
1 1 0 32.9 60.5 17 c25f -1 0b -1 -1 -1 0f -1 -1 -1
1 1 0 32.9 60.5 17 c25f -1 0b -1 -1 -1 0f -1 -1 -1
1 1 0 32.9 58.5 17 c25f -1 0b -1 -1 -1 0f -1 -1 -1
1 1 0 32.8 57.0 17 c25f -1 0b -1 -1 -1 0f -1 -1 -1
1 1 0 32.7 56.5 17 c25f -1 0b -1 -1 -1 0f -1 -1 -1
1 1 0 32.8 56.0 19 c25f -1 0b -1 -1 -1 0f -1 -1 -1
1 1 0 32.7 55.5 19 c25f -1 0b -1 -1 -1 0f -1 -1 -1
1 1 0 32.7 56.0 19 c25f -1 0b -1 -1 -1 0f -1 -1 -1
1 1 0 32.8 55.5 19 c25f -1 0b -1 -1 -1 0f -1 -1 -1
1 1 0 32.7 58.0 19 c25f -1 0b -1 -1 -1 0f -1 -1 -1
1 1 0 32.8 59.0 19 c25f -1 0b -1 -1 -1 0f -1 -1 -1
1 1 0 32.8 59.5 15 c25f -1 0b -1 -1 -1 0f -1 -1 -1
1 1 0 32.8 59.5 17 c25f -1 0b -1 -1 -1 0f -1 -1 -1
1 1 0 32.9 59.5 17 c25f -1 0b -1 -1 -1 0f -1 -1 -1
1 1 0 32.9 59.5 17 c25f -1 0b -1 -1 -1 0f -1 -1 -1
1 1 0 32.9 59.5 17 c25f -1 0b -1 -1 -1 0f -1 -1 -1
1 1 0 32.9 59.5 19 c25f -1 0b -1 -1 -1 0f -1 -1 -1
1 1 0 32.9 59.5 19 c25f -1 0b -1 -1 -1 0f -1 -1 -1
1 1 0 32.9 59.5 17 c25f -1 0b -1 -1 -1 0f -1 -1 -1
1 1 0 32.9 59.5 19 c25f -1 0b -1 -1 -1 0f -1 -1 -1
1 1 0 33.0 59.5 19 c25f -1 0b -1 -1 -1 0f -1 -1 -1
1 1 0 33.0 59.5 19 c25f -1 0b -1 -1 -1 0f -1 -1 -1
1 1 0 32.9 59.5 19 c25f -1 0b -1 -1 -1 0f -1 -1 -1
1 1 0 33.0 59.5 19 c25f -1 0b -1 -1 -1 0f -1 -1 -1
1 1 0 33.0 59.5 19 c25f -1 0b -1 -1 -1 0f -1 -1 -1
1 1 0 33.1 59.5 21 c25f -1 0b -1 -1 -1 0f -1 -1 -1
1 1 0 33.0 59.5 19 c25f -1 0b -1 -1 -1 0f -1 -1 -1
1 1 0 33.1 59.5 21 c25f -1 0b -1 -1 -1 0f -1 -1 -1
1 1 0 33.1 59.5 17 c25f -1 0b -1 -1 -1 0f -1 -1 -1
1 1 0 33.1 59.5 17 c25f -1 0b -1 -1 -1 0f -1 -1 -1
1 1 0 33.1 59.5 17 c25f -1 0b -1 -1 -1 0f -1 -1 -1
1 1 0 33.1 59.5 19 c25f -1 0b -1 -1 -1 0f -1 -1 -1
1 1 0 33.2 59.5 19 c25f -1 0b -1 -1 -1 0f -1 -1 -1
1 1 0 33.2 59.5 19 c25f -1 0b -1 -1 -1 0f -1 -1 -1
1 1 0 33.1 60.0 21 c25f -1 0b -1 -1 -1 0f -1 -1 -1
1 1 0 33.1 59.5 21 c25f -1 0b -1 -1 -1 0f -1 -1 -1
1 1 0 33.1 59.5 21 c25f -1 0b -1 -1 -1 0f -1 -1 -1
1 1 0 33.1 59.5 21 c25f -1 0b -1 -1 -1 0f -1 -1 -1
1 1 0 33.1 58.0 20 c25f -1 0b -1 -1 -1 0f -1 -1 -1
1 1 0 33.1 59.0 20 c25f -1 0b -1 -1 -1 0f -1 -1 -1
1 1 0 33.2 59.5 20 c25f -1 0b -1 -1 -1 0f -1 -1 -1
1 1 0 33.2 58.5 20 c25f -1 0b -1 -1 -1 0f -1 -1 -1
1 1 0 33.2 57.5 20 c25f -1 0b -1 -1 -1 0f -1 -1 -1
1 1 0 33.1 56.5 20 c25f -1 0b -1 -1 -1 0f -1 -1 -1
1 1 0 33.1 58.0 20 c25f -1 0b -1 -1 -1 0f -1 -1 -1
1 1 0 33.1 59.0 20 c25f -1 0b -1 -1 -1 0f -1 -1 -1
1 1 0 33.1 59.5 20 c25f -1 0b -1 -1 -1 0f -1 -1 -1
1 1 0 33.2 59.5 22 c25f -1 0b -1 -1 -1 0f -1 -1 -1
1 1 0 33.3 59.5 22 c25f -1 0b -1 -1 -1 0f -1 -1 -1
1 1 0 33.2 59.5 20 c25f -1 0b -1 -1 -1 0f -1 -1 -1
1 1 0 33.3 59.5 20 c25f -1 0b -1 -1 -1 0f -1 -1 -1
1 1 0 33.3 59.5 20 c25f -1 0b -1 -1 -1 0f -1 -1 -1
1 1 0 33.3 59.5 22 c25f -1 0b -1 -1 -1 0f -1 -1 -1
1 1 0 33.3 59.5 22 c25f -1 0b -1 -1 -1 0f -1 -1 -1
1 1 0 33.3 59.5 22 c25f -1 0b -1 -1 -1 0f -1 -1 -1
1 1 0 33.3 59.5 22 c25f -1 0b -1 -1 -1 0f -1 -1 -1
1 1 0 33.4 59.5 22 c25f -1 0b -1 -1 -1 0f -1 -1 -1
1 1 0 33.3 59.5 22 c25f -1 0b -1 -1 -1 0f -1 -1 -1
1 1 0 33.4 59.5 22 c25f -1 0b -1 -1 -1 0f -1 -1 -1
1 1 0 33.3 59.0 22 c25f -1 0b -1 -1 -1 0f -1 -1 -1
1 1 0 33.3 59.5 22 c25f -1 0b -1 -1 -1 0f -1 -1 -1
1 1 0 33.4 59.5 22 c25f -1 0b -1 -1 -1 0f -1 -1 -1
1 1 0 33.4 59.5 22 c25f -1 0b -1 -1 -1 0f -1 -1 -1
1 1 0 33.4 59.5 22 c25f -1 0b -1 -1 -1 0f -1 -1 -1
1 1 0 33.4 59.5 22 c25f -1 0b -1 -1 -1 0f -1 -1 -1
1 1 0 33.4 59.5 24 c25f -1 0b -1 -1 -1 0f -1 -1 -1
1 1 0 33.4 59.5 20 c25f -1 0b -1 -1 -1 0f -1 -1 -1
1 1 0 33.4 59.5 22 c25f -1 0b -1 -1 -1 0f -1 -1 -1
1 1 0 33.4 59.5 22 c25f -1 0b -1 -1 -1 0f -1 -1 -1
1 1 0 33.5 59.5 22 c25f -1 0b -1 -1 -1 0f -1 -1 -1
1 1 0 33.5 59.5 22 c25f -1 0b -1 -1 -1 0f -1 -1 -1
1 1 0 33.5 59.5 24 c25f -1 0b -1 -1 -1 0f -1 -1 -1
1 1 0 33.5 59.5 24 c25f -1 0b -1 -1 -1 0f -1 -1 -1
1 1 0 33.5 59.5 24 c25f -1 0b -1 -1 -1 0f -1 -1 -1
1 1 0 33.5 59.5 24 c25f -1 0b -1 -1 -1 0f -1 -1 -1
1 1 0 33.6 59.5 20 c25f -1 0b -1 -1 -1 0f -1 -1 -1
1 1 0 33.5 60.0 22 c25f -1 0b -1 -1 -1 0f -1 -1 -1
1 1 0 33.6 59.5 22 c25f -1 0b -1 -1 -1 0f -1 -1 -1
1 1 0 33.5 60.0 24 c25f -1 0b -1 -1 -1 0f -1 -1 -1
1 1 0 33.5 60.0 24 c25f -1 0b -1 -1 -1 0f -1 -1 -1
1 1 0 33.6 60.0 22 c25f -1 0b -1 -1 -1 0f -1 -1 -1
1 1 0 33.6 60.0 22 c25f -1 0b -1 -1 -1 0f -1 -1 -1
1 1 0 33.6 60.0 20 c25f -1 0b -1 -1 -1 0f -1 -1 -1
1 1 0 33.6 60.0 20 c25f -1 0b -1 -1 -1 0f -1 -1 -1
1 1 0 33.6 60.0 20 c25f -1 0b -1 -1 -1 0f -1 -1 -1
1 1 0 33.6 59.5 22 c25f -1 0b -1 -1 -1 0f -1 -1 -1
1 1 0 33.6 59.5 20 c25f -1 0b -1 -1 -1 0f -1 -1 -1
1 1 0 33.6 59.5 20 c25f -1 0b -1 -1 -1 0f -1 -1 -1
1 1 0 33.7 60.0 20 c25f -1 0b -1 -1 -1 0f -1 -1 -1
1 1 0 33.6 60.0 18 c25f -1 0b -1 -1 -1 0f -1 -1 -1
1 1 0 33.7 60.0 20 c25f -1 0b -1 -1 -1 0f -1 -1 -1
1 1 0 33.6 60.0 20 c25f -1 0b -1 -1 -1 0f -1 -1 -1
1 1 0 33.7 60.0 18 c25f -1 0b -1 -1 -1 0f -1 -1 -1
1 1 0 33.7 60.0 18 c25f -1 0b -1 -1 -1 0f -1 -1 -1
1 1 0 33.7 60.0 17 c25f -1 0b -1 -1 -1 0f -1 -1 -1
1 1 0 33.7 60.0 12 c25f -1 0b -1 -1 -1 0f -1 -1 -1
1 1 0 33.7 60.0 7 c25f -1 0b -1 -1 -1 0f -1 -1 -1
1 1 0 33.7 60.0 5 c25f -1 0b -1 -1 -1 0f -1 -1 -1
1 1 0 33.8 60.0 7 c25f -1 0b -1 -1 -1 0f -1 -1 -1
1 1 0 33.7 59.0 7 c25f -1 0b -1 -1 -1 0f -1 -1 -1
1 1 0 33.7 59.5 7 c25f -1 0b -1 -1 -1 0f -1 -1 -1
1 1 0 33.7 58.5 5 c25f -1 0b -1 -1 -1 0f -1 -1 -1
1 1 0 33.7 59.5 5 c25f -1 0b -1 -1 -1 0f -1 -1 -1
1 1 0 33.7 59.5 5 c25f -1 0b -1 -1 -1 0f -1 -1 -1
1 1 0 33.7 60.0 5 c25f -1 0b -1 -1 -1 0f -1 -1 -1
1 1 0 33.7 60.0 5 c25f -1 0b -1 -1 -1 0f -1 -1 -1
1 1 0 33.8 60.0 5 c25f -1 0b -1 -1 -1 0f -1 -1 -1
1 1 0 33.8 60.0 5 c25f -1 0b -1 -1 -1 0f -1 -1 -1
1 1 0 33.7 60.0 5 c25f -1 0b -1 -1 -1 0f -1 -1 -1
1 1 0 33.7 60.0 5 c25f -1 0b -1 -1 -1 0f -1 -1 -1
1 1 0 33.7 60.0 5 c25f -1 0b -1 -1 -1 0f -1 -1 -1
1 1 0 33.7 59.0 5 c25f -1 0b -1 -1 -1 0f -1 -1 -1
1 1 0 33.7 59.0 3 c25f -1 0b -1 -1 -1 0f -1 -1 -1
1 1 0 33.7 59.0 5 c25f -1 0b -1 -1 -1 0f -1 -1 -1
1 1 0 33.7 60.0 5 c25f -1 0b -1 -1 -1 0f -1 -1 -1
1 1 0 33.7 60.0 5 c25f -1 0b -1 -1 -1 0f -1 -1 -1
1 1 0 33.7 60.0 5 c25f -1 0b -1 -1 -1 0f -1 -1 -1
1 1 0 33.7 60.0 5 c25f -1 0b -1 -1 -1 0f -1 -1 -1
1 1 0 33.7 59.5 5 c25f -1 0b -1 -1 -1 0f -1 -1 -1
1 1 0 33.7 59.5 5 c25f -1 0b -1 -1 -1 0f -1 -1 -1
1 1 0 33.7 60.0 5 c25f -1 0b -1 -1 -1 0f -1 -1 -1
1 1 0 33.7 59.5 5 c25f -1 0b -1 -1 -1 0f -1 -1 -1
1 1 0 33.7 59.0 5 c25f -1 0b -1 -1 -1 0f -1 -1 -1
1 1 0 33.6 59.0 5 c25f -1 0b -1 -1 -1 0f -1 -1 -1
1 1 0 33.7 58.5 5 c25f -1 0b -1 -1 -1 0f -1 -1 -1
1 1 0 33.6 58.0 5 c25f -1 0b -1 -1 -1 0f -1 -1 -1
1 1 0 33.6 59.0 3 c25f -1 0b -1 -1 -1 0f -1 -1 -1
1 1 0 33.7 59.0 3 c25f -1 0b -1 -1 -1 0f -1 -1 -1
1 1 0 33.7 58.5 3 c25f -1 0b -1 -1 -1 0f -1 -1 -1
1 1 0 33.7 59.5 3 c25f -1 0b -1 -1 -1 0f -1 -1 -1
1 1 0 33.7 59.0 3 c25f -1 0b -1 -1 -1 0f -1 -1 -1
1 1 0 33.7 59.5 3 c25f -1 0b -1 -1 -1 0f -1 -1 -1
1 1 0 33.7 59.5 3 c25f -1 0b -1 -1 -1 0f -1 -1 -1
1 1 0 33.7 59.0 3 c25f -1 0b -1 -1 -1 0f -1 -1 -1
1 1 0 33.6 57.5 3 c25f -1 0b -1 -1 -1 0f -1 -1 -1
1 1 0 33.6 59.0 3 c25f -1 0b -1 -1 -1 0f -1 -1 -1
1 1 0 33.6 58.0 3 c25f -1 0b -1 -1 -1 0f -1 -1 -1
1 1 0 33.6 58.0 3 c25f -1 0b -1 -1 -1 0f -1 -1 -1
1 1 0 33.6 58.0 3 c25f -1 0b -1 -1 -1 0f -1 -1 -1
1 1 0 33.5 59.0 3 c25f -1 0b -1 -1 -1 0f -1 -1 -1
1 1 0 33.6 59.5 3 c25f -1 0b -1 -1 -1 0f -1 -1 -1
1 1 0 33.7 59.5 3 c25f -1 0b -1 -1 -1 0f -1 -1 -1
1 1 0 33.6 58.5 3 c25f -1 0b -1 -1 -1 0f -1 -1 -1
1 1 0 33.6 58.5 3 c25f -1 0b -1 -1 -1 0f -1 -1 -1
1 1 0 33.7 58.0 3 c25f -1 0b -1 -1 -1 0f -1 -1 -1
1 1 0 33.6 57.0 3 c25f -1 0b -1 -1 -1 0f -1 -1 -1
1 1 0 33.6 58.5 5 c25f -1 0b -1 -1 -1 0f -1 -1 -1
1 1 0 33.6 59.0 3 c25f -1 0b -1 -1 -1 0f -1 -1 -1
1 1 0 33.6 59.5 4 c25f -1 0b -1 -1 -1 0f -1 -1 -1
1 1 0 33.7 59.5 4 c25f -1 0b -1 -1 -1 0f -1 -1 -1
1 1 0 33.6 59.5 4 c25f -1 0b -1 -1 -1 0f -1 -1 -1
1 1 0 33.6 59.5 4 c25f -1 0b -1 -1 -1 0f -1 -1 -1
1 1 0 33.6 59.5 4 c25f -1 0b -1 -1 -1 0f -1 -1 -1
1 1 0 33.6 59.5 4 c25f -1 0b -1 -1 -1 0f -1 -1 -1
1 1 0 33.6 60.0 4 c25f -1 0b -1 -1 -1 0f -1 -1 -1
1 1 0 33.6 60.0 3 c25f -1 0b -1 -1 -1 0f -1 -1 -1
1 1 0 33.6 60.0 3 c25f -1 0b -1 -1 -1 0f -1 -1 -1
1 1 0 33.6 59.5 3 c25f -1 0b -1 -1 -1 0f -1 -1 -1
1 1 0 33.7 59.0 5 c25f -1 0b -1 -1 -1 0f -1 -1 -1
1 1 0 33.6 59.5 3 c25f -1 0b -1 -1 -1 0f -1 -1 -1
1 1 0 33.6 59.5 3 c25f -1 0b -1 -1 -1 0f -1 -1 -1
1 1 0 33.6 59.5 4 c25f -1 0b -1 -1 -1 0f -1 -1 -1
1 1 0 33.6 59.5 4 c25f -1 0b -1 -1 -1 0f -1 -1 -1
1 1 0 33.6 59.5 4 c25f -1 0b -1 -1 -1 0f -1 -1 -1
1 1 0 33.6 59.5 2 c25f -1 0b -1 -1 -1 0f -1 -1 -1
1 1 0 33.6 59.5 2 c25f -1 0b -1 -1 -1 0f -1 -1 -1
1 1 0 33.6 60.0 2 c25f -1 0b -1 -1 -1 0f -1 -1 -1
1 1 0 33.6 59.5 2 c25f -1 0b -1 -1 -1 0f -1 -1 -1
1 1 0 33.7 60.0 3 c25f -1 0b -1 -1 -1 0f -1 -1 -1
1 1 0 33.7 60.0 3 c25f -1 0b -1 -1 -1 0f -1 -1 -1
1 1 0 33.6 60.0 5 c25f -1 0b -1 -1 -1 0f -1 -1 -1
1 1 0 33.6 59.5 5 c25f -1 0b -1 -1 -1 0f -1 -1 -1
1 1 0 33.6 57.5 5 c25f -1 0b -1 -1 -1 0f -1 -1 -1
1 1 0 33.5 56.0 5 c25f -1 0b -1 -1 -1 0f -1 -1 -1
1 1 0 33.5 57.5 5 c25f -1 0b -1 -1 -1 0f -1 -1 -1
1 1 0 33.6 59.0 3 c25f -1 0b -1 -1 -1 0f -1 -1 -1
1 1 0 33.6 59.0 3 c25f -1 0b -1 -1 -1 0f -1 -1 -1
1 1 0 33.5 58.0 3 c25f -1 0b -1 -1 -1 0f -1 -1 -1
1 1 0 33.6 59.5 3 c25f -1 0b -1 -1 -1 0f -1 -1 -1
1 1 0 33.6 59.0 3 c25f -1 0b -1 -1 -1 0f -1 -1 -1
1 1 0 33.6 59.0 7 c25f -1 0b -1 -1 -1 0f -1 -1 -1
1 1 0 33.6 59.5 6 c25f -1 0b -1 -1 -1 0f -1 -1 -1
1 1 0 33.6 59.0 8 c25f -1 0b -1 -1 -1 0f -1 -1 -1
1 1 0 33.6 57.5 8 c25f -1 0b -1 -1 -1 0f -1 -1 -1
1 1 0 33.5 57.5 7 c25f -1 0b -1 -1 -1 0f -1 -1 -1
1 1 0 33.5 56.5 7 c25f -1 0b -1 -1 -1 0f -1 -1 -1
1 1 0 33.5 57.0 5 c25f -1 0b -1 -1 -1 0f -1 -1 -1
1 1 0 33.5 58.0 5 c25f -1 0b -1 -1 -1 0f -1 -1 -1
1 1 0 33.5 57.5 5 c25f -1 0b -1 -1 -1 0f -1 -1 -1
1 1 0 33.5 58.5 5 c25f -1 0b -1 -1 -1 0f -1 -1 -1
1 1 0 33.6 59.0 5 c25f -1 0b -1 -1 -1 0f -1 -1 -1
1 1 0 33.6 59.5 5 c25f -1 0b -1 -1 -1 0f -1 -1 -1
1 1 0 33.5 59.5 3 c25f -1 0b -1 -1 -1 0f -1 -1 -1
1 1 0 33.6 59.5 3 c25f -1 0b -1 -1 -1 0f -1 -1 -1
1 1 0 33.6 59.5 3 c25f -1 0b -1 -1 -1 0f -1 -1 -1
1 1 0 33.6 59.5 3 c25f -1 0b -1 -1 -1 0f -1 -1 -1
1 1 0 33.6 59.0 3 c25f -1 0b -1 -1 -1 0f -1 -1 -1
1 1 0 33.6 59.5 3 c25f -1 0b -1 -1 -1 0f -1 -1 -1
1 1 0 33.7 59.5 4 c25f -1 0b -1 -1 -1 0f -1 -1 -1
1 1 0 33.5 58.0 4 c25f -1 0b -1 -1 -1 0f -1 -1 -1
1 1 0 33.6 56.5 4 c25f -1 0b -1 -1 -1 0f -1 -1 -1
1 1 0 33.5 56.0 4 c25f -1 0b -1 -1 -1 0f -1 -1 -1
1 1 0 33.5 56.0 2 c25f -1 0b -1 -1 -1 0f -1 -1 -1
1 1 0 33.5 55.5 2 c25f -1 0b -1 -1 -1 0f -1 -1 -1
1 1 0 33.5 56.0 2 c25f -1 0b -1 -1 -1 0f -1 -1 -1
1 1 0 33.4 56.0 2 c25f -1 0b -1 -1 -1 0f -1 -1 -1
1 1 0 33.4 56.5 2 c25f -1 0b -1 -1 -1 0f -1 -1 -1
1 1 0 33.4 57.0 1 c25f -1 0b -1 -1 -1 0f -1 -1 -1
1 1 0 33.4 57.5 1 c25f -1 0b -1 -1 -1 0f -1 -1 -1
1 1 0 33.4 57.0 1 c25f -1 0b -1 -1 -1 0f -1 -1 -1
1 1 0 33.4 56.0 1 c25f -1 0b -1 -1 -1 0f -1 -1 -1
1 1 0 33.5 56.5 2 c25f -1 0b -1 -1 -1 0f -1 -1 -1
1 1 0 33.4 56.0 2 c25f -1 0b -1 -1 -1 0f -1 -1 -1
1 1 0 33.4 55.5 2 c25f -1 0b -1 -1 -1 0f -1 -1 -1
1 1 0 33.3 55.5 2 c25f -1 0b -1 -1 -1 0f -1 -1 -1
1 1 0 33.4 57.0 2 c25f -1 0b -1 -1 -1 0f -1 -1 -1
1 1 0 33.4 57.5 2 c25f -1 0b -1 -1 -1 0f -1 -1 -1
1 1 0 33.4 57.5 1 c25f -1 0b -1 -1 -1 0f -1 -1 -1
1 1 0 33.4 58.0 1 c25f -1 0b -1 -1 -1 0f -1 -1 -1
1 1 0 33.4 57.5 1 c25f -1 0b -1 -1 -1 0f -1 -1 -1
1 1 0 33.4 57.0 1 c25f -1 0b -1 -1 -1 0f -1 -1 -1
1 1 0 33.4 57.5 1 c25f -1 0b -1 -1 -1 0f -1 -1 -1
1 1 0 33.5 58.5 1 c25f -1 0b -1 -1 -1 0f -1 -1 -1
1 1 0 33.5 58.5 3 c25f -1 0b -1 -1 -1 0f -1 -1 -1
1 1 0 33.5 58.5 3 c25f -1 0b -1 -1 -1 0f -1 -1 -1
1 1 0 33.5 58.5 3 c25f -1 0b -1 -1 -1 0f -1 -1 -1
1 1 0 33.5 58.0 3 c25f -1 0b -1 -1 -1 0f -1 -1 -1
1 1 0 33.5 57.0 2 c25f -1 0b -1 -1 -1 0f -1 -1 -1
1 1 0 33.5 56.0 0 c25f -1 0b -1 -1 -1 0f -1 -1 -1
1 1 0 33.4 56.5 0 c25f -1 0b -1 -1 -1 0f -1 -1 -1
1 1 0 33.4 56.5 0 c25f -1 0b -1 -1 -1 0f -1 -1 -1
1 1 0 33.5 55.0 0 c25f -1 0b -1 -1 -1 0f -1 -1 -1
1 1 0 33.4 55.0 0 c25f -1 0b -1 -1 -1 0f -1 -1 -1
1 1 0 33.4 56.5 0 c25f -1 0b -1 -1 -1 0f -1 -1 -1
1 1 0 33.4 57.0 0 c25f -1 0b -1 -1 -1 0f -1 -1 -1
1 1 0 33.3 55.5 0 c25f -1 0b -1 -1 -1 0f -1 -1 -1
1 1 0 33.4 55.5 0 c25f -1 0b -1 -1 -1 0f -1 -1 -1
1 1 0 33.4 56.0 0 c25f -1 0b -1 -1 -1 0f -1 -1 -1
1 1 0 33.4 57.5 1 c25f -1 0b -1 -1 -1 0f -1 -1 -1
1 1 0 33.3 58.0 1 c25f -1 0b -1 -1 -1 0f -1 -1 -1
1 1 0 33.4 58.0 1 c25f -1 0b -1 -1 -1 0f -1 -1 -1
1 1 0 33.4 58.5 1 c25f -1 0b -1 -1 -1 0f -1 -1 -1
1 1 0 33.5 58.5 1 c25f -1 0b -1 -1 -1 0f -1 -1 -1
1 1 0 33.4 58.5 1 c25f -1 0b -1 -1 -1 0f -1 -1 -1
1 1 0 33.4 58.5 1 c25f -1 0b -1 -1 -1 0f -1 -1 -1
1 1 0 33.4 58.5 1 c25f -1 0b -1 -1 -1 0f -1 -1 -1
1 1 0 33.4 58.5 1 c25f -1 0b -1 -1 -1 0f -1 -1 -1
1 1 0 33.5 58.0 1 c25f -1 0b -1 -1 -1 0f -1 -1 -1
1 1 0 33.5 58.0 1 c25f -1 0b -1 -1 -1 0f -1 -1 -1
1 1 0 33.5 56.5 1 c25f -1 0b -1 -1 -1 0f -1 -1 -1
1 1 0 33.5 55.5 1 c25f -1 0b -1 -1 -1 0f -1 -1 -1
1 1 0 33.4 55.0 1 c25f -1 0b -1 -1 -1 0f -1 -1 -1
1 1 0 33.4 55.0 1 c25f -1 0b -1 -1 -1 0f -1 -1 -1
1 1 0 33.4 54.5 1 c25f -1 0b -1 -1 -1 0f -1 -1 -1
1 1 0 33.3 54.5 1 c25f -1 0b -1 -1 -1 0f -1 -1 -1
1 1 0 33.3 55.0 1 c25f -1 0b -1 -1 -1 0f -1 -1 -1
1 1 0 33.4 56.0 1 c25f -1 0b -1 -1 -1 0f -1 -1 -1
1 1 0 33.3 56.0 1 c25f -1 0b -1 -1 -1 0f -1 -1 -1
1 1 0 33.3 57.0 1 c25f -1 0b -1 -1 -1 0f -1 -1 -1
1 1 0 33.3 56.5 1 c25f -1 0b -1 -1 -1 0f -1 -1 -1
1 1 0 33.4 56.0 1 c25f -1 0b -1 -1 -1 0f -1 -1 -1
1 1 0 33.3 55.0 1 c25f -1 0b -1 -1 -1 0f -1 -1 -1
1 1 0 33.3 55.0 1 c25f -1 0b -1 -1 -1 0f -1 -1 -1
1 1 0 33.3 55.0 1 c25f -1 0b -1 -1 -1 0f -1 -1 -1
1 1 0 33.3 55.5 1 c25f -1 0b -1 -1 -1 0f -1 -1 -1
1 1 0 33.3 55.0 1 c25f -1 0b -1 -1 -1 0f -1 -1 -1
1 1 0 33.2 55.5 1 c25f -1 0b -1 -1 -1 0f -1 -1 -1
1 1 0 33.3 55.5 1 c25f -1 0b -1 -1 -1 0f -1 -1 -1
1 1 0 33.3 56.5 1 c25f -1 0b -1 -1 -1 0f -1 -1 -1
1 1 0 33.3 57.0 1 c25f -1 0b -1 -1 -1 0f -1 -1 -1
1 1 0 33.4 57.5 1 c25f -1 0b -1 -1 -1 0f -1 -1 -1
1 1 0 33.3 57.5 1 c25f -1 0b -1 -1 -1 0f -1 -1 -1
1 1 0 33.4 57.5 1 c25f -1 0b -1 -1 -1 0f -1 -1 -1
1 1 0 33.4 57.5 1 c25f -1 0b -1 -1 -1 0f -1 -1 -1
1 1 0 33.4 57.5 1 c25f -1 0b -1 -1 -1 0f -1 -1 -1
1 1 0 33.3 57.5 1 c25f -1 0b -1 -1 -1 0f -1 -1 -1
1 1 0 33.4 57.0 1 c25f -1 0b -1 -1 -1 0f -1 -1 -1
1 1 0 33.4 57.0 1 c25f -1 0b -1 -1 -1 0f -1 -1 -1
1 1 0 33.4 57.5 1 c25f -1 0b -1 -1 -1 0f -1 -1 -1
1 1 0 33.4 57.5 1 c25f -1 0b -1 -1 -1 0f -1 -1 -1
1 1 0 33.5 57.5 1 c25f -1 0b -1 -1 -1 0f -1 -1 -1
1 1 0 33.4 57.5 1 c25f -1 0b -1 -1 -1 0f -1 -1 -1
1 1 0 33.4 57.5 1 c25f -1 0b -1 -1 -1 0f -1 -1 -1
1 1 0 33.4 57.5 1 c25f -1 0b -1 -1 -1 0f -1 -1 -1
1 1 0 33.4 57.0 1 c25f -1 0b -1 -1 -1 0f -1 -1 -1
1 1 0 33.4 57.5 1 c25f -1 0b -1 -1 -1 0f -1 -1 -1
1 1 0 33.4 57.5 1 c25f -1 0b -1 -1 -1 0f -1 -1 -1
1 1 0 33.5 57.5 1 c25f -1 0b -1 -1 -1 0f -1 -1 -1
1 1 0 33.4 57.5 1 c25f -1 0b -1 -1 -1 0f -1 -1 -1
1 1 0 33.5 57.5 1 c25f -1 0b -1 -1 -1 0f -1 -1 -1
1 1 0 33.4 57.5 1 c25f -1 0b -1 -1 -1 0f -1 -1 -1
1 1 0 33.5 57.5 1 c25f -1 0b -1 -1 -1 0f -1 -1 -1
1 1 0 33.4 57.5 1 c25f -1 0b -1 -1 -1 0f -1 -1 -1
1 1 0 33.5 57.5 1 c25f -1 0b -1 -1 -1 0f -1 -1 -1
1 1 0 33.5 57.5 1 c25f -1 0b -1 -1 -1 0f -1 -1 -1
1 1 0 33.5 57.5 1 c25f -1 0b -1 -1 -1 0f -1 -1 -1
1 1 0 33.5 57.5 1 c25f -1 0b -1 -1 -1 0f -1 -1 -1
1 1 0 33.5 57.5 1 c25f -1 0b -1 -1 -1 0f -1 -1 -1
1 1 0 33.5 57.5 1 c25f -1 0b -1 -1 -1 0f -1 -1 -1
1 1 0 33.4 57.5 1 c25f -1 0b -1 -1 -1 0f -1 -1 -1
1 1 0 33.5 57.5 1 c25f -1 0b -1 -1 -1 0f -1 -1 -1
1 1 0 33.5 57.5 1 c25f -1 0b -1 -1 -1 0f -1 -1 -1
1 1 0 33.5 57.5 1 c25f -1 0b -1 -1 -1 0f -1 -1 -1
1 1 0 33.5 57.5 1 c25f -1 0b -1 -1 -1 0f -1 -1 -1
1 1 0 33.5 58.0 1 c25f -1 0b -1 -1 -1 0f -1 -1 -1
1 1 0 33.5 56.5 1 c25f -1 0b -1 -1 -1 0f -1 -1 -1
1 1 0 33.5 55.5 1 c25f -1 0b -1 -1 -1 0f -1 -1 -1
1 1 0 33.5 57.0 1 c25f -1 0b -1 -1 -1 0f -1 -1 -1
1 1 0 33.4 56.5 1 c25f -1 0b -1 -1 -1 0f -1 -1 -1
1 1 0 33.4 57.0 1 c25f -1 0b -1 -1 -1 0f -1 -1 -1
1 1 0 33.5 56.5 1 c25f -1 0b -1 -1 -1 0f -1 -1 -1
1 1 0 33.5 56.5 1 c25f -1 0b -1 -1 -1 0f -1 -1 -1
1 1 0 33.4 57.5 1 c25f -1 0b -1 -1 -1 0f -1 -1 -1
1 1 0 33.5 57.5 1 c25f -1 0b -1 -1 -1 0f -1 -1 -1
1 1 0 33.5 57.5 1 c25f -1 0b -1 -1 -1 0f -1 -1 -1
1 1 0 33.4 57.5 1 c25f -1 0b -1 -1 -1 0f -1 -1 -1
1 1 0 33.5 58.0 1 c25f -1 0b -1 -1 -1 0f -1 -1 -1
1 1 0 33.5 58.0 1 c25f -1 0b -1 -1 -1 0f -1 -1 -1
1 1 0 33.5 58.0 1 c25f -1 0b -1 -1 -1 0f -1 -1 -1
1 1 0 33.5 58.0 1 c25f -1 0b -1 -1 -1 0f -1 -1 -1
1 1 0 33.5 58.0 1 c25f -1 0b -1 -1 -1 0f -1 -1 -1
1 1 0 33.5 58.0 1 c25f -1 0b -1 -1 -1 0f -1 -1 -1
1 1 0 33.5 57.5 1 c25f -1 0b -1 -1 -1 0f -1 -1 -1
1 1 0 33.4 56.0 1 c25f -1 0b -1 -1 -1 0f -1 -1 -1
1 1 0 33.5 56.0 1 c25f -1 0b -1 -1 -1 0f -1 -1 -1
1 1 0 33.5 56.5 1 c25f -1 0b -1 -1 -1 0f -1 -1 -1
1 1 0 33.5 57.0 1 c25f -1 0b -1 -1 -1 0f -1 -1 -1
1 1 0 33.4 57.5 1 c25f -1 0b -1 -1 -1 0f -1 -1 -1
1 1 0 33.5 57.5 1 c25f -1 0b -1 -1 -1 0f -1 -1 -1
1 1 0 33.4 57.5 1 c25f -1 0b -1 -1 -1 0f -1 -1 -1
1 1 0 33.4 57.5 1 c25f -1 0b -1 -1 -1 0f -1 -1 -1
1 1 0 33.5 57.5 1 c25f -1 0b -1 -1 -1 0f -1 -1 -1
1 1 0 33.5 57.5 1 c25f -1 0b -1 -1 -1 0f -1 -1 -1
1 1 0 33.4 57.5 1 c25f -1 0b -1 -1 -1 0f -1 -1 -1
1 1 0 33.6 57.5 1 c25f -1 0b -1 -1 -1 0f -1 -1 -1
1 1 0 33.5 57.5 1 c25f -1 0b -1 -1 -1 0f -1 -1 -1
1 1 0 33.5 57.0 1 c25f -1 0b -1 -1 -1 0f -1 -1 -1
1 1 0 33.5 57.0 1 c25f -1 0b -1 -1 -1 0f -1 -1 -1
1 1 0 33.6 57.5 1 c25f -1 0b -1 -1 -1 0f -1 -1 -1
1 1 0 33.5 56.5 1 c25f -1 0b -1 -1 -1 0f -1 -1 -1
1 1 0 33.5 56.5 1 c25f -1 0b -1 -1 -1 0f -1 -1 -1
1 1 0 33.5 57.0 1 c25f -1 0b -1 -1 -1 0f -1 -1 -1
1 1 0 33.5 57.0 1 c25f -1 0b -1 -1 -1 0f -1 -1 -1
1 1 0 33.4 57.0 1 c25f -1 0b -1 -1 -1 0f -1 -1 -1
1 1 0 33.5 57.0 1 c25f -1 0b -1 -1 -1 0f -1 -1 -1
1 1 0 33.4 56.0 1 c25f -1 0b -1 -1 -1 0f -1 -1 -1
1 1 0 33.4 56.0 1 c25f -1 0b -1 -1 -1 0f -1 -1 -1
1 1 0 33.4 54.5 1 c25f -1 0b -1 -1 -1 0f -1 -1 -1
1 1 0 33.4 54.0 1 c25f -1 0b -1 -1 -1 0f -1 -1 -1
1 1 0 33.4 53.5 1 c25f -1 0b -1 -1 -1 0f -1 -1 -1
1 1 0 33.3 53.0 1 c25f -1 0b -1 -1 -1 0f -1 -1 -1
1 1 0 33.3 53.0 1 c25f -1 0b -1 -1 -1 0f -1 -1 -1
1 1 0 33.3 52.5 1 c25f -1 0b -1 -1 -1 0f -1 -1 -1
1 1 0 33.3 54.0 1 c25f -1 0b -1 -1 -1 0f -1 -1 -1
1 1 0 33.3 54.5 1 c25f -1 0b -1 -1 -1 0f -1 -1 -1
1 1 0 33.3 55.5 1 c25f -1 0b -1 -1 -1 0f -1 -1 -1
1 1 0 33.3 55.5 1 c25f -1 0b -1 -1 -1 0f -1 -1 -1
1 1 0 33.3 55.5 1 c25f -1 0b -1 -1 -1 0f -1 -1 -1
1 1 0 33.3 56.0 1 c25f -1 0b -1 -1 -1 0f -1 -1 -1
1 1 0 33.3 56.0 1 c25f -1 0b -1 -1 -1 0f -1 -1 -1
1 1 0 33.4 56.5 1 c25f -1 0b -1 -1 -1 0f -1 -1 -1
1 1 0 33.4 56.5 1 c25f -1 0b -1 -1 -1 0f -1 -1 -1
1 1 0 33.4 56.5 1 c25f -1 0b -1 -1 -1 0f -1 -1 -1
1 1 0 33.4 56.0 1 c25f -1 0b -1 -1 -1 0f -1 -1 -1
1 1 0 33.4 55.5 1 c25f -1 0b -1 -1 -1 0f -1 -1 -1
1 1 0 33.4 55.5 1 c25f -1 0b -1 -1 -1 0f -1 -1 -1
1 1 0 33.4 55.0 1 c25f -1 0b -1 -1 -1 0f -1 -1 -1
1 1 0 33.4 54.5 1 c25f -1 0b -1 -1 -1 0f -1 -1 -1
1 1 0 33.4 54.0 1 c25f -1 0b -1 -1 -1 0f -1 -1 -1
1 1 0 33.3 52.5 1 c25f -1 0b -1 -1 -1 0f -1 -1 -1
1 1 0 33.3 53.0 1 c25f -1 0b -1 -1 -1 0f -1 -1 -1
1 1 0 33.3 54.0 1 c25f -1 0b -1 -1 -1 0f -1 -1 -1
1 1 0 33.3 54.0 1 c25f -1 0b -1 -1 -1 0f -1 -1 -1
1 1 0 33.3 54.0 1 c25f -1 0b -1 -1 -1 0f -1 -1 -1
1 1 0 33.3 55.0 1 c25f -1 0b -1 -1 -1 0f -1 -1 -1
1 1 0 33.3 55.0 1 c25f -1 0b -1 -1 -1 0f -1 -1 -1
1 1 0 33.3 55.5 1 c25f -1 0b -1 -1 -1 0f -1 -1 -1
1 1 0 33.3 55.5 1 c25f -1 0b -1 -1 -1 0f -1 -1 -1
1 1 0 33.4 55.5 1 c25f -1 0b -1 -1 -1 0f -1 -1 -1
1 1 0 33.4 55.0 1 c25f -1 0b -1 -1 -1 0f -1 -1 -1
1 1 0 33.4 55.0 1 c25f -1 0b -1 -1 -1 0f -1 -1 -1
1 1 0 33.3 55.0 1 c25f -1 0b -1 -1 -1 0f -1 -1 -1
1 1 0 33.4 55.5 1 c25f -1 0b -1 -1 -1 0f -1 -1 -1
1 1 0 33.5 55.5 1 c25f -1 0b -1 -1 -1 0f -1 -1 -1
1 1 0 33.4 55.0 1 c25f -1 0b -1 -1 -1 0f -1 -1 -1
1 1 0 33.4 55.0 1 c25f -1 0b -1 -1 -1 0f -1 -1 -1
1 1 0 33.4 55.0 1 c25f -1 0b -1 -1 -1 0f -1 -1 -1
1 1 0 33.4 55.0 1 c25f -1 0b -1 -1 -1 0f -1 -1 -1
1 1 0 33.3 54.5 1 c25f -1 0b -1 -1 -1 0f -1 -1 -1
1 1 0 33.4 55.0 1 c25f -1 0b -1 -1 -1 0f -1 -1 -1
1 1 0 33.4 54.5 1 c25f -1 0b -1 -1 -1 0f -1 -1 -1
1 1 0 33.3 54.5 1 c25f -1 0b -1 -1 -1 0f -1 -1 -1
1 1 0 33.3 55.0 1 c25f -1 0b -1 -1 -1 0f -1 -1 -1
1 1 0 33.4 55.0 1 c25f -1 0b -1 -1 -1 0f -1 -1 -1
1 1 0 33.3 55.5 1 c25f -1 0b -1 -1 -1 0f -1 -1 -1
1 1 0 33.4 55.5 1 c25f -1 0b -1 -1 -1 0f -1 -1 -1
1 1 0 33.4 54.5 1 c25f -1 0b -1 -1 -1 0f -1 -1 -1
1 1 0 33.4 54.0 1 c25f -1 0b -1 -1 -1 0f -1 -1 -1
1 1 0 33.3 53.5 1 c25f -1 0b -1 -1 -1 0f -1 -1 -1
1 1 0 33.4 51.5 1 c25f -1 0b -1 -1 -1 0f -1 -1 -1
1 1 0 33.3 51.5 1 c25f -1 0b -1 -1 -1 0f -1 -1 -1
1 1 0 33.2 52.5 1 c25f -1 0b -1 -1 -1 0f -1 -1 -1
1 1 0 33.3 53.0 1 c25f -1 0b -1 -1 -1 0f -1 -1 -1
1 1 0 33.3 53.0 1 c25f -1 0b -1 -1 -1 0f -1 -1 -1
1 1 0 33.3 53.5 1 c25f -1 0b -1 -1 -1 0f -1 -1 -1
1 1 0 33.3 53.5 1 c25f -1 0b -1 -1 -1 0f -1 -1 -1
1 1 0 33.3 53.5 1 c25f -1 0b -1 -1 -1 0f -1 -1 -1
1 1 0 33.2 53.5 1 c25f -1 0b -1 -1 -1 0f -1 -1 -1
1 1 0 33.3 53.5 1 c25f -1 0b -1 -1 -1 0f -1 -1 -1
1 1 0 33.4 53.5 1 c25f -1 0b -1 -1 -1 0f -1 -1 -1
1 1 0 33.2 53.5 1 c25f -1 0b -1 -1 -1 0f -1 -1 -1
1 1 0 33.3 53.0 1 c25f -1 0b -1 -1 -1 0f -1 -1 -1
1 1 0 33.3 53.5 1 c25f -1 0b -1 -1 -1 0f -1 -1 -1
1 1 0 33.3 54.5 1 c25f -1 0b -1 -1 -1 0f -1 -1 -1
1 1 0 33.3 54.5 1 c25f -1 0b -1 -1 -1 0f -1 -1 -1
1 1 0 33.3 54.5 1 c25f -1 0b -1 -1 -1 0f -1 -1 -1
1 1 0 33.3 54.5 1 c25f -1 0b -1 -1 -1 0f -1 -1 -1
1 1 0 33.4 55.0 1 c25f -1 0b -1 -1 -1 0f -1 -1 -1
1 1 0 33.4 55.0 1 c25f -1 0b -1 -1 -1 0f -1 -1 -1
1 1 0 33.4 55.0 1 c25f -1 0b -1 -1 -1 0f -1 -1 -1
1 1 0 33.4 55.0 1 c25f -1 0b -1 -1 -1 0f -1 -1 -1
1 1 0 33.4 55.0 1 c25f -1 0b -1 -1 -1 0f -1 -1 -1
1 1 0 33.4 54.5 1 c25f -1 0b -1 -1 -1 0f -1 -1 -1
1 1 0 33.4 54.0 1 c25f -1 0b -1 -1 -1 0f -1 -1 -1
1 1 0 33.4 53.5 1 c25f -1 0b -1 -1 -1 0f -1 -1 -1
1 1 0 33.3 53.5 1 c25f -1 0b -1 -1 -1 0f -1 -1 -1
1 1 0 33.3 54.0 1 c25f -1 0b -1 -1 -1 0f -1 -1 -1
1 1 0 33.4 54.0 1 c25f -1 0b -1 -1 -1 0f -1 -1 -1
1 1 0 33.3 54.5 1 c25f -1 0b -1 -1 -1 0f -1 -1 -1
1 1 0 33.4 54.5 1 c25f -1 0b -1 -1 -1 0f -1 -1 -1
1 1 0 33.3 54.5 1 c25f -1 0b -1 -1 -1 0f -1 -1 -1
1 1 0 33.4 54.5 1 c25f -1 0b -1 -1 -1 0f -1 -1 -1
1 1 0 33.4 55.0 1 c25f -1 0b -1 -1 -1 0f -1 -1 -1
1 1 0 33.4 54.5 1 c25f -1 0b -1 -1 -1 0f -1 -1 -1
1 1 0 33.4 54.0 1 c25f -1 0b -1 -1 -1 0f -1 -1 -1
1 1 0 33.3 53.5 1 c25f -1 0b -1 -1 -1 0f -1 -1 -1
1 1 0 33.4 53.5 1 c25f -1 0b -1 -1 -1 0f -1 -1 -1
1 1 0 33.3 53.0 1 c25f -1 0b -1 -1 -1 0f -1 -1 -1
1 1 0 33.3 53.0 1 c25f -1 0b -1 -1 -1 0f -1 -1 -1
1 1 0 33.4 53.5 1 c25f -1 0b -1 -1 -1 0f -1 -1 -1
1 1 0 33.3 53.0 1 c25f -1 0b -1 -1 -1 0f -1 -1 -1
1 1 0 33.3 53.0 1 c25f -1 0b -1 -1 -1 0f -1 -1 -1
1 1 0 33.4 53.0 1 c25f -1 0b -1 -1 -1 0f -1 -1 -1
1 1 0 33.4 53.0 1 c25f -1 0b -1 -1 -1 0f -1 -1 -1
1 1 0 33.4 53.0 1 c25f -1 0b -1 -1 -1 0f -1 -1 -1
1 1 0 33.3 53.0 1 c25f -1 0b -1 -1 -1 0f -1 -1 -1
1 1 0 33.3 53.0 1 c25f -1 0b -1 -1 -1 0f -1 -1 -1
1 1 0 33.3 53.0 1 c25f -1 0b -1 -1 -1 0f -1 -1 -1
1 1 0 33.3 53.0 1 c25f -1 0b -1 -1 -1 0f -1 -1 -1
1 1 0 33.3 53.5 1 c25f -1 0b -1 -1 -1 0f -1 -1 -1
1 1 0 33.4 53.5 1 c25f -1 0b -1 -1 -1 0f -1 -1 -1
1 1 0 33.3 53.0 1 c25f -1 0b -1 -1 -1 0f -1 -1 -1
1 1 0 33.3 53.5 1 c25f -1 0b -1 -1 -1 0f -1 -1 -1
1 1 0 33.4 54.0 1 c25f -1 0b -1 -1 -1 0f -1 -1 -1
1 1 0 33.4 54.0 1 c25f -1 0b -1 -1 -1 0f -1 -1 -1
1 1 0 33.4 53.0 1 c25f -1 0b -1 -1 -1 0f -1 -1 -1
1 1 0 33.4 53.0 1 c25f -1 0b -1 -1 -1 0f -1 -1 -1
1 1 0 33.4 53.0 1 c25f -1 0b -1 -1 -1 0f -1 -1 -1
1 1 0 33.3 53.0 1 c25f -1 0b -1 -1 -1 0f -1 -1 -1
1 1 0 33.4 52.5 1 c25f -1 0b -1 -1 -1 0f -1 -1 -1
1 1 0 33.3 52.0 1 c25f -1 0b -1 -1 -1 0f -1 -1 -1
1 1 0 33.3 52.0 1 c25f -1 0b -1 -1 -1 0f -1 -1 -1
1 1 0 33.3 51.5 1 c25f -1 0b -1 -1 -1 0f -1 -1 -1
1 1 0 33.3 51.0 1 c25f -1 0b -1 -1 -1 0f -1 -1 -1
1 1 0 33.2 50.5 1 c25f -1 0b -1 -1 -1 0f -1 -1 -1
1 1 0 33.3 50.0 1 c25f -1 0b -1 -1 -1 0f -1 -1 -1
1 1 0 33.2 50.5 1 c25f -1 0b -1 -1 -1 0f -1 -1 -1
1 1 0 33.2 49.5 1 c25f -1 0b -1 -1 -1 0f -1 -1 -1
1 1 0 33.2 50.5 1 c25f -1 0b -1 -1 -1 0f -1 -1 -1
1 1 0 33.2 51.0 1 c25f -1 0b -1 -1 -1 0f -1 -1 -1
1 1 0 33.1 51.5 1 c25f -1 0b -1 -1 -1 0f -1 -1 -1
1 1 0 33.2 52.5 1 c25f -1 0b -1 -1 -1 0f -1 -1 -1
1 1 0 33.2 52.0 1 c25f -1 0b -1 -1 -1 0f -1 -1 -1
1 1 0 33.2 52.5 1 c25f -1 0b -1 -1 -1 0f -1 -1 -1
1 1 0 33.4 52.5 1 c25f -1 0b -1 -1 -1 0f -1 -1 -1
1 1 0 33.2 52.0 1 c25f -1 0b -1 -1 -1 0f -1 -1 -1
1 1 0 33.3 51.5 1 c25f -1 0b -1 -1 -1 0f -1 -1 -1
1 1 0 33.2 52.0 1 c25f -1 0b -1 -1 -1 0f -1 -1 -1
1 1 0 33.2 51.5 1 c25f -1 0b -1 -1 -1 0f -1 -1 -1
1 1 0 33.3 50.5 1 c25f -1 0b -1 -1 -1 0f -1 -1 -1
1 1 0 33.2 50.0 1 c25f -1 0b -1 -1 -1 0f -1 -1 -1
1 1 0 33.2 50.5 1 c25f -1 0b -1 -1 -1 0f -1 -1 -1
1 1 0 33.2 49.5 1 c25f -1 0b -1 -1 -1 0f -1 -1 -1
1 1 0 33.1 49.5 1 c25f -1 0b -1 -1 -1 0f -1 -1 -1
1 1 0 33.1 49.0 1 c25f -1 0b -1 -1 -1 0f -1 -1 -1
1 1 0 33.1 49.0 1 c25f -1 0b -1 -1 -1 0f -1 -1 -1
1 1 0 33.1 49.0 1 c25f -1 0b -1 -1 -1 0f -1 -1 -1
1 1 0 33.0 48.5 1 c25f -1 0b -1 -1 -1 0f -1 -1 -1
1 1 0 33.0 49.0 1 c25f -1 0b -1 -1 -1 0f -1 -1 -1
1 1 0 33.1 48.5 1 c25f -1 0b -1 -1 -1 0f -1 -1 -1
1 1 0 33.1 49.5 1 c25f -1 0b -1 -1 -1 0f -1 -1 -1
1 1 0 33.1 49.0 1 c25f -1 0b -1 -1 -1 0f -1 -1 -1
1 1 0 33.1 49.0 1 c25f -1 0b -1 -1 -1 0f -1 -1 -1
1 1 0 33.0 49.0 1 c25f -1 0b -1 -1 -1 0f -1 -1 -1
1 1 0 33.1 50.0 1 c25f -1 0b -1 -1 -1 0f -1 -1 -1
1 1 0 33.1 50.0 1 c25f -1 0b -1 -1 -1 0f -1 -1 -1
1 1 0 33.1 51.0 1 c25f -1 0b -1 -1 -1 0f -1 -1 -1
1 1 0 33.1 51.0 1 c25f -1 0b -1 -1 -1 0f -1 -1 -1
1 1 0 33.2 51.0 1 c25f -1 0b -1 -1 -1 0f -1 -1 -1
1 1 0 33.1 51.5 1 c25f -1 0b -1 -1 -1 0f -1 -1 -1
1 1 0 33.2 51.5 1 c25f -1 0b -1 -1 -1 0f -1 -1 -1
1 1 0 33.3 51.5 1 c25f -1 0b -1 -1 -1 0f -1 -1 -1
1 1 0 33.3 52.0 1 c25f -1 0b -1 -1 -1 0f -1 -1 -1
1 1 0 33.3 52.0 1 c25f -1 0b -1 -1 -1 0f -1 -1 -1
1 1 0 33.3 51.5 1 c25f -1 0b -1 -1 -1 0f -1 -1 -1
1 1 0 33.3 51.5 1 c25f -1 0b -1 -1 -1 0f -1 -1 -1
1 1 0 33.3 51.5 1 c25f -1 0b -1 -1 -1 0f -1 -1 -1
1 1 0 33.2 50.5 1 c25f -1 0b -1 -1 -1 0f -1 -1 -1
1 1 0 33.3 51.0 1 c25f -1 0b -1 -1 -1 0f -1 -1 -1
1 1 0 33.3 51.0 1 c25f -1 0b -1 -1 -1 0f -1 -1 -1
1 1 0 33.3 50.5 1 c25f -1 0b -1 -1 -1 0f -1 -1 -1
1 1 0 33.2 51.0 1 c25f -1 0b -1 -1 -1 0f -1 -1 -1
1 1 0 33.3 51.0 1 c25f -1 0b -1 -1 -1 0f -1 -1 -1
1 1 0 33.3 51.5 1 c25f -1 0b -1 -1 -1 0f -1 -1 -1
1 1 0 33.2 51.5 1 c25f -1 0b -1 -1 -1 0f -1 -1 -1
1 1 0 33.3 52.0 1 c25f -1 0b -1 -1 -1 0f -1 -1 -1
1 1 0 33.3 52.0 1 c25f -1 0b -1 -1 -1 0f -1 -1 -1
1 1 0 33.4 52.0 1 c25f -1 0b -1 -1 -1 0f -1 -1 -1
1 1 0 33.3 51.0 1 c25f -1 0b -1 -1 -1 0f -1 -1 -1
1 1 0 33.3 51.0 1 c25f -1 0b -1 -1 -1 0f -1 -1 -1
1 1 0 33.3 50.0 1 c25f -1 0b -1 -1 -1 0f -1 -1 -1
1 1 0 33.2 49.5 1 c25f -1 0b -1 -1 -1 0f -1 -1 -1
1 1 0 33.3 50.0 1 c25f -1 0b -1 -1 -1 0f -1 -1 -1
1 1 0 33.2 49.0 1 c25f -1 0b -1 -1 -1 0f -1 -1 -1
1 1 0 33.1 48.5 1 c25f -1 0b -1 -1 -1 0f -1 -1 -1
1 1 0 33.1 48.5 1 c25f -1 0b -1 -1 -1 0f -1 -1 -1
1 1 0 33.1 49.0 1 c25f -1 0b -1 -1 -1 0f -1 -1 -1
