1 1 0 30.4 55.0 0 -1 4b 0f -1 -1 -1 -1 -1
1 1 0 30.4 55.0 0 -1 4b 0f -1 -1 -1 -1 -1
1 1 0 30.4 55.0 0 -1 4b 0f -1 -1 -1 -1 -1
1 1 0 30.3 54.5 0 -1 4b 0f -1 -1 -1 -1 -1
1 1 0 30.3 54.5 0 -1 4b 0f -1 -1 -1 -1 -1
1 1 0 30.4 54.5 0 -1 4b 0f -1 -1 -1 -1 -1
1 1 0 30.4 54.5 0 -1 4b 0f -1 -1 -1 -1 -1
1 1 0 30.4 54.5 0 -1 4b 0f -1 -1 -1 -1 -1
1 1 0 30.4 54.5 0 -1 4b 0f -1 -1 -1 -1 -1
1 1 0 30.4 54.5 0 -1 4b 0f -1 -1 -1 -1 -1
1 1 0 30.4 54.5 0 -1 4b 0f -1 -1 -1 -1 -1
1 1 0 30.4 54.5 0 -1 4b 0f -1 -1 -1 -1 -1
1 1 0 30.4 55.0 0 -1 4b 0f -1 -1 -1 -1 -1
1 1 0 30.4 55.0 0 -1 4b 0f -1 -1 -1 -1 -1
1 1 0 30.4 55.0 0 -1 4b 0f -1 -1 -1 -1 -1
1 1 0 30.5 55.5 0 -1 4b 0f -1 -1 -1 -1 -1
1 1 0 30.5 55.5 0 -1 4b 0f -1 -1 -1 -1 -1
1 1 0 30.5 55.5 0 -1 4b 0f -1 -1 -1 -1 -1
1 1 0 30.5 56.0 0 -1 4b 0f -1 -1 -1 -1 -1
1 1 0 30.5 56.0 0 -1 4b 0f -1 -1 -1 -1 -1
1 1 0 30.5 56.5 0 -1 4b 0f -1 -1 -1 -1 -1
1 1 0 30.5 56.5 0 -1 4b 0f -1 -1 -1 -1 -1
1 1 0 30.5 56.5 0 -1 4b 0f -1 -1 -1 -1 -1
1 1 0 30.5 56.5 0 -1 4b 0f -1 -1 -1 -1 -1
1 1 0 30.5 56.5 0 -1 4b 0f -1 -1 -1 -1 -1
1 1 0 30.4 56.5 0 -1 4b 0f -1 -1 -1 -1 -1
1 1 0 30.6 56.5 0 -1 4b 0f -1 -1 -1 -1 -1
1 1 0 30.5 56.5 0 -1 4b 0f -1 -1 -1 -1 -1
1 1 0 30.6 56.5 0 -1 4b 0f -1 -1 -1 -1 -1
1 1 0 30.5 56.5 0 -1 4b 0f -1 -1 -1 -1 -1
1 1 0 30.5 57.0 0 -1 4b 0f -1 -1 -1 -1 -1
1 1 0 30.5 57.0 0 -1 4b 0f -1 -1 -1 -1 -1
1 1 0 30.5 57.0 0 -1 4b 0f -1 -1 -1 -1 -1
1 1 0 30.5 57.0 0 -1 4b 0f -1 -1 -1 -1 -1
1 1 0 30.5 57.0 0 -1 4b 0f -1 -1 -1 -1 -1
1 1 0 30.6 57.0 0 -1 4b 0f -1 -1 -1 -1 -1
1 1 0 30.5 57.0 0 -1 4b 0f -1 -1 -1 -1 -1
1 1 0 30.6 57.0 0 -1 4b 0f -1 -1 -1 -1 -1
1 1 0 30.6 57.0 0 -1 4b 0f -1 -1 -1 -1 -1
1 1 0 30.6 57.0 0 -1 4b 0f -1 -1 -1 -1 -1
1 1 0 30.6 57.0 0 -1 4b 0f -1 -1 -1 -1 -1
1 1 0 30.6 57.0 0 -1 4b 0f -1 -1 -1 -1 -1
1 1 0 30.5 57.0 0 -1 4b 0f -1 -1 -1 -1 -1
1 1 0 30.6 57.5 0 -1 4b 0f -1 -1 -1 -1 -1
1 1 0 30.6 57.0 0 -1 4b 0f -1 -1 -1 -1 -1
1 1 0 30.6 57.0 0 -1 4b 0f -1 -1 -1 -1 -1
1 1 0 30.6 57.0 0 -1 4b 0f -1 -1 -1 -1 -1
1 1 0 30.6 57.0 0 -1 4b 0f -1 -1 -1 -1 -1
1 1 0 30.6 57.0 0 -1 4b 0f -1 -1 -1 -1 -1
1 1 0 30.6 57.0 0 -1 4b 0f -1 -1 -1 -1 -1
1 1 0 30.6 57.0 0 -1 4b 0f -1 -1 -1 -1 -1
1 1 0 30.6 57.0 0 -1 4b 0f -1 -1 -1 -1 -1
1 1 0 30.6 56.5 0 -1 4b 0f -1 -1 -1 -1 -1
1 1 0 30.6 56.5 0 -1 4b 0f -1 -1 -1 -1 -1
1 1 0 30.6 56.5 0 -1 4b 0f -1 -1 -1 -1 -1
1 1 0 30.6 56.5 0 -1 4b 0f -1 -1 -1 -1 -1
1 1 0 30.5 56.5 0 -1 4b 0f -1 -1 -1 -1 -1
1 1 0 30.6 56.5 0 -1 4b 0f -1 -1 -1 -1 -1
1 1 0 30.6 56.5 0 -1 4b 0f -1 -1 -1 -1 -1
1 1 0 30.6 56.5 0 -1 4b 0f -1 -1 -1 -1 -1
1 1 0 30.6 56.5 0 -1 4b 0f -1 -1 -1 -1 -1
1 1 0 30.6 56.0 0 -1 4b 0f -1 -1 -1 -1 -1
1 1 0 30.6 56.0 0 -1 4b 0f -1 -1 -1 -1 -1
1 1 0 30.7 56.0 0 -1 4b 0f -1 -1 -1 -1 -1
1 1 0 30.7 56.0 0 -1 4b 0f -1 -1 -1 -1 -1
1 1 0 30.6 56.0 0 -1 4b 0f -1 -1 -1 -1 -1
1 1 0 30.7 56.0 0 -1 4b 0f -1 -1 -1 -1 -1
1 1 0 30.7 56.0 0 -1 4b 0f -1 -1 -1 -1 -1
1 1 0 30.6 56.0 0 -1 4b 0f -1 -1 -1 -1 -1
1 1 0 30.6 56.0 0 -1 4b 0f -1 -1 -1 -1 -1
1 1 0 30.7 56.0 0 -1 4b 0f -1 -1 -1 -1 -1
1 1 0 30.6 56.0 0 -1 4b 0f -1 -1 -1 -1 -1
1 1 0 30.6 56.0 0 -1 4b 0f -1 -1 -1 -1 -1
1 1 0 30.7 56.0 0 -1 4b 0f -1 -1 -1 -1 -1
1 1 0 30.7 55.5 0 -1 4b 0f -1 -1 -1 -1 -1
1 1 0 30.8 56.0 0 -1 4b 0f -1 -1 -1 -1 -1
1 1 0 30.7 56.0 0 -1 4b 0f -1 -1 -1 -1 -1
1 1 0 30.7 56.0 0 -1 4b 0f -1 -1 -1 -1 -1
1 1 0 30.6 55.5 0 -1 4b 0f -1 -1 -1 -1 -1
1 1 0 30.7 56.0 0 -1 4b 0f -1 -1 -1 -1 -1
1 1 0 30.7 56.0 0 -1 4b 0f -1 -1 -1 -1 -1
1 1 0 30.7 55.5 0 -1 4b 0f -1 -1 -1 -1 -1
1 1 0 30.7 55.5 0 -1 4b 0f -1 -1 -1 -1 -1
1 1 0 30.7 55.5 0 -1 4b 0f -1 -1 -1 -1 -1
1 1 0 30.7 55.5 0 -1 4b 0f -1 -1 -1 -1 -1
1 1 0 30.7 55.5 0 -1 4b 0f -1 -1 -1 -1 -1
1 1 0 30.6 55.5 0 -1 4b 0f -1 -1 -1 -1 -1
1 1 0 30.7 55.5 0 -1 4b 0f -1 -1 -1 -1 -1
1 1 0 30.7 55.5 0 -1 4b 0f -1 -1 -1 -1 -1
1 1 0 30.6 55.5 0 -1 4b 0f -1 -1 -1 -1 -1
1 1 0 30.7 55.5 0 -1 4b 0f -1 -1 -1 -1 -1
1 1 0 30.7 55.5 0 -1 4b 0f -1 -1 -1 -1 -1
1 1 0 30.7 55.5 0 -1 4b 0f -1 -1 -1 -1 -1
1 1 0 30.7 55.5 0 -1 4b 0f -1 -1 -1 -1 -1
1 1 0 30.7 55.5 0 -1 4b 0f -1 -1 -1 -1 -1
1 1 0 30.7 55.5 0 -1 4b 0f -1 -1 -1 -1 -1
1 1 0 30.8 55.5 0 -1 4b 0f -1 -1 -1 -1 -1
1 1 0 30.7 55.5 0 -1 4b 0f -1 -1 -1 -1 -1
1 1 0 30.7 55.5 0 -1 4b 0f -1 -1 -1 -1 -1
1 1 0 30.7 55.5 0 -1 4b 0f -1 -1 -1 -1 -1
1 1 0 30.7 55.5 0 -1 4b 0f -1 -1 -1 -1 -1
1 1 0 30.7 55.5 0 -1 4b 0f -1 -1 -1 -1 -1
1 1 0 30.7 55.5 0 -1 4b 0f -1 -1 -1 -1 -1
1 1 0 30.7 55.5 0 -1 4b 0f -1 -1 -1 -1 -1
1 1 0 30.7 55.5 0 -1 4b 0f -1 -1 -1 -1 -1
1 1 0 30.7 55.5 0 -1 4b 0f -1 -1 -1 -1 -1
1 1 0 30.7 55.5 0 -1 4b 0f -1 -1 -1 -1 -1
1 1 0 30.7 55.5 0 -1 4b 0f -1 -1 -1 -1 -1
1 1 0 30.7 55.5 0 -1 4b 0f -1 -1 -1 -1 -1
1 1 0 30.7 55.5 0 -1 4b 0f -1 -1 -1 -1 -1
1 1 0 30.7 55.5 0 -1 4b 0f -1 -1 -1 -1 -1
1 1 0 30.8 55.5 0 -1 4b 0f -1 -1 -1 -1 -1
1 1 0 30.7 55.5 0 -1 4b 0f -1 -1 -1 -1 -1
1 1 0 30.7 55.5 0 -1 4b 0f -1 -1 -1 -1 -1
1 1 0 30.7 55.5 0 -1 4b 0f -1 -1 -1 -1 -1
1 1 0 30.8 55.5 0 -1 4b 0f -1 -1 -1 -1 -1
1 1 0 30.7 55.5 0 -1 4b 0f -1 -1 -1 -1 -1
1 1 0 30.7 55.5 0 -1 4b 0f -1 -1 -1 -1 -1
1 1 0 30.8 55.5 0 -1 4b 0f -1 -1 -1 -1 -1
1 1 0 30.8 55.5 0 -1 4b 0f -1 -1 -1 -1 -1
1 1 0 30.7 55.5 0 -1 4b 0f -1 -1 -1 -1 -1
1 1 0 30.8 55.5 0 -1 4b 0f -1 -1 -1 -1 -1
1 1 0 30.8 55.5 0 -1 4b 0f -1 -1 -1 -1 -1
1 1 0 30.8 55.5 0 -1 4b 0f -1 -1 -1 -1 -1
1 1 0 30.8 55.5 0 -1 4b 0f -1 -1 -1 -1 -1
1 1 0 30.9 55.5 0 -1 4b 0f -1 -1 -1 -1 -1
1 1 0 30.8 55.5 0 -1 4b 0f -1 -1 -1 -1 -1
1 1 0 30.7 55.5 0 -1 4b 0f -1 -1 -1 -1 -1
1 1 0 30.8 55.5 0 -1 4b 0f -1 -1 -1 -1 -1
1 1 0 30.8 55.5 0 -1 4b 0f -1 -1 -1 -1 -1
1 1 0 30.8 55.5 0 -1 4b 0f -1 -1 -1 -1 -1
1 1 0 30.9 55.5 0 -1 4b 0f -1 -1 -1 -1 -1
1 1 0 30.8 55.5 0 -1 4b 0f -1 -1 -1 -1 -1
1 1 0 30.8 55.5 0 -1 4b 0f -1 -1 -1 -1 -1
1 1 0 30.8 55.5 0 -1 4b 0f -1 -1 -1 -1 -1
1 1 0 30.8 55.5 0 -1 4b 0f -1 -1 -1 -1 -1
1 1 0 30.8 55.5 0 -1 4b 0f -1 -1 -1 -1 -1
1 1 0 30.8 55.5 0 -1 4b 0f -1 -1 -1 -1 -1
1 1 0 30.8 55.5 0 -1 4b 0f -1 -1 -1 -1 -1
1 1 0 30.8 55.5 0 -1 4b 0f -1 -1 -1 -1 -1
1 1 0 30.8 55.5 0 -1 4b 0f -1 -1 -1 -1 -1
1 1 0 30.8 55.5 0 -1 4b 0f -1 -1 -1 -1 -1
1 1 0 30.9 55.5 0 -1 4b 0f -1 -1 -1 -1 -1
1 1 0 30.8 55.5 0 -1 4b 0f -1 -1 -1 -1 -1
1 1 0 30.8 55.5 0 -1 4b 0f -1 -1 -1 -1 -1
1 1 0 30.8 55.5 0 -1 4b 0f -1 -1 -1 -1 -1
1 1 0 30.8 55.5 0 -1 4b 0f -1 -1 -1 -1 -1
1 1 0 30.8 55.5 0 -1 4b 0f -1 -1 -1 -1 -1
1 1 0 30.8 55.5 0 -1 4b 0f -1 -1 -1 -1 -1
1 1 0 30.8 55.5 0 -1 4b 0f -1 -1 -1 -1 -1
1 1 0 30.8 55.0 0 -1 4b 0f -1 -1 -1 -1 -1
1 1 0 30.8 55.5 0 -1 4b 0f -1 -1 -1 -1 -1
1 1 0 30.8 55.5 0 -1 4b 0f -1 -1 -1 -1 -1
1 1 0 30.8 55.5 0 -1 4b 0f -1 -1 -1 -1 -1
1 1 0 30.8 55.5 0 -1 4b 0f -1 -1 -1 -1 -1
1 1 0 30.8 55.0 0 -1 4b 0f -1 -1 -1 -1 -1
1 1 0 30.8 55.5 0 -1 4b 0f -1 -1 -1 -1 -1
1 1 0 30.8 55.0 0 -1 4b 0f -1 -1 -1 -1 -1
1 1 0 30.9 55.0 0 -1 4b 0f -1 -1 -1 -1 -1
1 1 0 30.8 55.5 0 -1 4b 0f -1 -1 -1 -1 -1
1 1 0 30.9 55.0 0 -1 4b 0f -1 -1 -1 -1 -1
1 1 0 30.8 55.0 0 -1 4b 0f -1 -1 -1 -1 -1
1 1 0 30.8 55.5 0 -1 4b 0f -1 -1 -1 -1 -1
1 1 0 30.9 55.0 0 -1 4b 0f -1 -1 -1 -1 -1
1 1 0 30.9 55.5 0 -1 4b 0f -1 -1 -1 -1 -1
1 1 0 30.9 55.5 0 -1 4b 0f -1 -1 -1 -1 -1
1 1 0 30.8 55.5 0 -1 4b 0f -1 -1 -1 -1 -1
1 1 0 30.8 55.5 0 -1 4b 0f -1 -1 -1 -1 -1
1 1 0 30.9 55.5 0 -1 4b 0f -1 -1 -1 -1 -1
1 1 0 30.8 55.5 0 -1 4b 0f -1 -1 -1 -1 -1
1 1 0 30.9 55.5 0 -1 4b 0f -1 -1 -1 -1 -1
1 1 0 30.9 55.5 0 -1 4b 0f -1 -1 -1 -1 -1
1 1 0 30.8 55.5 0 -1 4b 0f -1 -1 -1 -1 -1
1 1 0 30.8 55.5 0 -1 4b 0f -1 -1 -1 -1 -1
1 1 0 30.8 55.5 0 -1 4b 0f -1 -1 -1 -1 -1
1 1 0 30.9 55.5 0 -1 4b 0f -1 -1 -1 -1 -1
1 1 0 30.9 55.5 0 -1 4b 0f -1 -1 -1 -1 -1
1 1 0 30.9 55.5 0 -1 4b 0f -1 -1 -1 -1 -1
1 1 0 30.9 55.5 0 -1 4b 0f -1 -1 -1 -1 -1
1 1 0 30.9 55.5 0 -1 4b 0f -1 -1 -1 -1 -1
1 1 0 30.9 55.5 0 -1 4b 0f -1 -1 -1 -1 -1
1 1 0 30.9 55.5 0 -1 4b 0f -1 -1 -1 -1 -1
1 1 0 30.9 55.5 0 -1 4b 0f -1 -1 -1 -1 -1
1 1 0 30.9 55.5 0 -1 4b 0f -1 -1 -1 -1 -1
1 1 0 30.9 55.5 0 -1 4b 0f -1 -1 -1 -1 -1
1 1 0 30.9 55.5 0 -1 4b 0f -1 -1 -1 -1 -1
1 1 0 30.8 55.5 0 -1 4b 0f -1 -1 -1 -1 -1
1 1 0 30.9 55.5 0 -1 4b 0f -1 -1 -1 -1 -1
1 1 0 30.9 55.5 0 -1 4b 0f -1 -1 -1 -1 -1
1 1 0 30.8 55.5 0 -1 4b 0f -1 -1 -1 -1 -1
1 1 0 30.8 55.5 0 -1 4b 0f -1 -1 -1 -1 -1
1 1 0 30.9 55.5 0 -1 4b 0f -1 -1 -1 -1 -1
1 1 0 30.9 55.5 0 -1 4b 0f -1 -1 -1 -1 -1
1 1 0 30.9 55.5 0 -1 4b 0f -1 -1 -1 -1 -1
1 1 0 30.9 55.5 0 -1 4b 0f -1 -1 -1 -1 -1
1 1 0 30.9 55.5 0 -1 4b 0f -1 -1 -1 -1 -1
1 1 0 30.8 55.5 0 -1 4b 0f -1 -1 -1 -1 -1
1 1 0 30.9 55.5 0 -1 4b 0f -1 -1 -1 -1 -1
1 1 0 30.8 55.5 0 -1 4b 0f -1 -1 -1 -1 -1
1 1 0 30.9 56.0 0 -1 4b 0f -1 -1 -1 -1 -1
1 1 0 30.9 55.5 0 -1 4b 0f -1 -1 -1 -1 -1
1 1 0 30.9 55.5 0 -1 4b 0f -1 -1 -1 -1 -1
1 1 0 30.8 56.0 0 -1 4b 0f -1 -1 -1 -1 -1
1 1 0 30.9 56.0 0 -1 4b 0f -1 -1 -1 -1 -1
1 1 0 30.9 56.0 0 -1 4b 0f -1 -1 -1 -1 -1
1 1 0 30.9 56.0 0 -1 4b 0f -1 -1 -1 -1 -1
1 1 0 30.9 56.0 0 -1 4b 0f -1 -1 -1 -1 -1
1 1 0 30.9 56.0 0 -1 4b 0f -1 -1 -1 -1 -1
1 1 0 30.9 56.0 0 -1 4b 0f -1 -1 -1 -1 -1
1 1 0 30.9 56.0 0 -1 4b 0f -1 -1 -1 -1 -1
1 1 0 30.9 56.0 0 -1 4b 0f -1 -1 -1 -1 -1
1 1 0 30.9 56.0 0 -1 4b 0f -1 -1 -1 -1 -1
1 1 0 30.9 55.5 0 -1 4b 0f -1 -1 -1 -1 -1
1 1 0 30.8 55.5 0 -1 4b 0f -1 -1 -1 -1 -1
1 1 0 30.9 56.0 0 -1 4b 0f -1 -1 -1 -1 -1
1 1 0 30.9 55.5 0 -1 4b 0f -1 -1 -1 -1 -1
1 1 0 30.9 55.5 0 -1 4b 0f -1 -1 -1 -1 -1
1 1 0 30.9 55.5 0 -1 4b 0f -1 -1 -1 -1 -1
1 1 0 30.9 55.5 0 -1 4b 0f -1 -1 -1 -1 -1
1 1 0 31.0 55.5 0 -1 4b 0f -1 -1 -1 -1 -1
1 1 0 30.9 55.5 0 -1 4b 0f -1 -1 -1 -1 -1
1 1 0 30.9 55.5 0 -1 4b 0f -1 -1 -1 -1 -1
1 1 0 30.9 55.5 0 -1 4b 0f -1 -1 -1 -1 -1
1 1 0 30.9 55.5 0 -1 4b 0f -1 -1 -1 -1 -1
1 1 0 30.9 55.5 0 -1 4b 0f -1 -1 -1 -1 -1
1 1 0 31.0 55.5 0 -1 4b 0f -1 -1 -1 -1 -1
1 1 0 30.9 55.5 0 -1 4b 0f -1 -1 -1 -1 -1
1 1 0 30.9 55.5 0 -1 4b 0f -1 -1 -1 -1 -1
1 1 0 30.9 55.5 0 -1 4b 0f -1 -1 -1 -1 -1
1 1 0 30.9 55.5 0 -1 4b 0f -1 -1 -1 -1 -1
1 1 0 30.9 56.0 0 -1 4b 0f -1 -1 -1 -1 -1
1 1 0 30.9 55.5 0 -1 4b 0f -1 -1 -1 -1 -1
1 1 0 30.9 55.5 0 -1 4b 0f -1 -1 -1 -1 -1
1 1 0 30.9 55.5 0 -1 4b 0f -1 -1 -1 -1 -1
1 1 0 30.9 55.5 0 -1 4b 0f -1 -1 -1 -1 -1
1 1 0 30.9 55.5 0 -1 4b 0f -1 -1 -1 -1 -1
1 1 0 31.0 55.5 0 -1 4b 0f -1 -1 -1 -1 -1
1 1 0 30.9 55.5 0 -1 4b 0f -1 -1 -1 -1 -1
1 1 0 30.9 55.5 0 -1 4b 0f -1 -1 -1 -1 -1
1 1 0 30.9 55.5 0 -1 4b 0f -1 -1 -1 -1 -1
1 1 0 30.9 55.5 0 -1 4b 0f -1 -1 -1 -1 -1
1 1 0 30.9 55.5 0 -1 4b 0f -1 -1 -1 -1 -1
1 1 0 30.9 55.5 0 -1 4b 0f -1 -1 -1 -1 -1
1 1 0 30.9 55.5 0 -1 4b 0f -1 -1 -1 -1 -1
1 1 0 31.0 55.5 0 -1 4b 0f -1 -1 -1 -1 -1
1 1 0 30.9 55.5 0 -1 4b 0f -1 -1 -1 -1 -1
1 1 0 30.9 55.5 0 -1 4b 0f -1 -1 -1 -1 -1
1 1 0 30.9 55.5 0 -1 4b 0f -1 -1 -1 -1 -1
1 1 0 30.9 55.5 0 -1 4b 0f -1 -1 -1 -1 -1
1 1 0 31.0 55.5 0 -1 4b 0f -1 -1 -1 -1 -1
1 1 0 30.9 55.5 0 -1 4b 0f -1 -1 -1 -1 -1
1 1 0 31.0 55.5 0 -1 4b 0f -1 -1 -1 -1 -1
1 1 0 31.0 55.5 0 -1 4b 0f -1 -1 -1 -1 -1
1 1 0 30.9 55.5 0 -1 4b 0f -1 -1 -1 -1 -1
1 1 0 31.0 55.5 0 -1 4b 0f -1 -1 -1 -1 -1
1 1 0 30.9 55.5 0 -1 4b 0f -1 -1 -1 -1 -1
1 1 0 30.9 55.5 0 -1 4b 0f -1 -1 -1 -1 -1
1 1 0 31.0 55.5 0 -1 4b 0f -1 -1 -1 -1 -1
1 1 0 30.9 55.5 0 -1 4b 0f -1 -1 -1 -1 -1
1 1 0 31.0 55.5 0 -1 4b 0f -1 -1 -1 -1 -1
1 1 0 31.0 55.5 0 -1 4b 0f -1 -1 -1 -1 -1
1 1 0 31.0 55.5 0 -1 4b 0f -1 -1 -1 -1 -1
1 1 0 31.0 55.5 0 -1 4b 0f -1 -1 -1 -1 -1
1 1 0 30.9 55.5 0 -1 4b 0f -1 -1 -1 -1 -1
1 1 0 31.0 55.5 0 -1 4b 0f -1 -1 -1 -1 -1
1 1 0 30.9 55.5 0 -1 4b 0f -1 -1 -1 -1 -1
1 1 0 31.0 55.5 0 -1 4b 0f -1 -1 -1 -1 -1
1 1 0 30.9 55.5 0 -1 4b 0f -1 -1 -1 -1 -1
1 1 0 30.9 55.5 0 -1 4b 0f -1 -1 -1 -1 -1
1 1 0 31.0 55.5 0 -1 4b 0f -1 -1 -1 -1 -1
1 1 0 30.9 55.5 0 -1 4b 0f -1 -1 -1 -1 -1
1 1 0 30.9 55.5 0 -1 4b 0f -1 -1 -1 -1 -1
1 1 0 30.9 55.5 0 -1 4b 0f -1 -1 -1 -1 -1
1 1 0 30.9 55.5 0 -1 4b 0f -1 -1 -1 -1 -1
1 1 0 31.0 55.5 0 -1 4b 0f -1 -1 -1 -1 -1
1 1 0 31.0 55.5 0 -1 4b 0f -1 -1 -1 -1 -1
1 1 0 30.9 55.0 0 -1 4b 0f -1 -1 -1 -1 -1
1 1 0 31.0 55.0 0 -1 4b 0f -1 -1 -1 -1 -1
1 1 0 30.9 55.0 0 -1 4b 0f -1 -1 -1 -1 -1
1 1 0 31.0 55.5 0 -1 4b 0f -1 -1 -1 -1 -1
1 1 0 30.9 55.5 0 -1 4b 0f -1 -1 -1 -1 -1
1 1 0 30.9 55.5 0 -1 4b 0f -1 -1 -1 -1 -1
1 1 0 31.0 55.0 0 -1 4b 0f -1 -1 -1 -1 -1
1 1 0 30.9 55.0 0 -1 4b 0f -1 -1 -1 -1 -1
1 1 0 30.9 55.5 0 -1 4b 0f -1 -1 -1 -1 -1
1 1 0 30.9 55.5 0 -1 4b 0f -1 -1 -1 -1 -1
1 1 0 31.0 55.5 0 -1 4b 0f -1 -1 -1 -1 -1
1 1 0 31.0 55.5 0 -1 4b 0f -1 -1 -1 -1 -1
1 1 0 30.9 55.5 0 -1 4b 0f -1 -1 -1 -1 -1
1 1 0 31.0 55.5 0 -1 4b 0f -1 -1 -1 -1 -1
1 1 0 31.0 55.5 0 -1 4b 0f -1 -1 -1 -1 -1
1 1 0 31.0 55.5 0 -1 4b 0f -1 -1 -1 -1 -1
1 1 0 31.0 55.5 0 -1 4b 0f -1 -1 -1 -1 -1
1 1 0 31.0 55.5 0 -1 4b 0f -1 -1 -1 -1 -1
1 1 0 31.0 55.5 0 -1 4b 0f -1 -1 -1 -1 -1
1 1 0 31.0 55.5 0 -1 4b 0f -1 -1 -1 -1 -1
1 1 0 31.0 55.5 0 -1 4b 0f -1 -1 -1 -1 -1
1 1 0 31.0 55.5 0 -1 4b 0f -1 -1 -1 -1 -1
1 1 0 31.0 55.5 0 -1 4b 0f -1 -1 -1 -1 -1
1 1 0 31.0 55.5 0 -1 4b 0f -1 -1 -1 -1 -1
1 1 0 31.0 55.5 0 -1 4b 0f -1 -1 -1 -1 -1
1 1 0 31.0 55.5 0 -1 4b 0f -1 -1 -1 -1 -1
1 1 0 31.0 55.5 0 -1 4b 0f -1 -1 -1 -1 -1
1 1 0 31.0 55.5 0 -1 4b 0f -1 -1 -1 -1 -1
1 1 0 31.0 55.5 0 -1 4b 0f -1 -1 -1 -1 -1
1 1 0 31.0 55.5 0 -1 4b 0f -1 -1 -1 -1 -1
1 1 0 31.0 55.5 0 -1 4b 0f -1 -1 -1 -1 -1
1 1 0 31.0 55.5 0 -1 4b 0f -1 -1 -1 -1 -1
1 1 0 31.0 55.5 0 -1 4b 0f -1 -1 -1 -1 -1
1 1 0 30.9 55.5 0 -1 4b 0f -1 -1 -1 -1 -1
1 1 0 31.0 55.5 0 -1 4b 0f -1 -1 -1 -1 -1
1 1 0 31.0 55.5 0 -1 4b 0f -1 -1 -1 -1 -1
1 1 0 31.0 55.5 0 -1 4b 0f -1 -1 -1 -1 -1
1 1 0 31.0 55.5 0 -1 4b 0f -1 -1 -1 -1 -1
1 1 0 30.9 55.5 0 -1 4b 0f -1 -1 -1 -1 -1
1 1 0 31.0 55.5 0 -1 4b 0f -1 -1 -1 -1 -1
1 1 0 31.0 55.5 0 -1 4b 0f -1 -1 -1 -1 -1
1 1 0 31.0 56.0 2 -1 4b 0f -1 -1 -1 -1 -1
1 1 0 31.0 55.5 2 -1 4b 0f -1 -1 -1 -1 -1
1 1 0 31.0 55.5 2 -1 4b 0f -1 -1 -1 -1 -1
1 1 0 31.0 55.5 2 -1 4b 0f -1 -1 -1 -1 -1
1 1 0 31.0 56.0 2 -1 4b 0f -1 -1 -1 -1 -1
1 1 0 31.0 55.5 2 -1 4b 0f -1 -1 -1 -1 -1
1 1 0 31.0 55.5 2 -1 4b 0f -1 -1 -1 -1 -1
1 1 0 31.0 55.5 4 -1 4b 0f -1 -1 -1 -1 -1
1 1 0 30.9 56.0 1 -1 4b 0f -1 -1 -1 -1 -1
1 1 0 31.1 56.0 1 -1 4b 0f -1 -1 -1 -1 -1
1 1 0 31.0 56.0 1 -1 4b 0f -1 -1 -1 -1 -1
1 1 0 31.0 56.0 2 -1 4b 0f -1 -1 -1 -1 -1
1 1 0 31.0 56.0 2 -1 4b 0f -1 -1 -1 -1 -1
1 1 0 31.0 56.0 4 -1 4b 0f -1 -1 -1 -1 -1
1 1 0 30.9 56.0 1 -1 4b 0f -1 -1 -1 -1 -1
1 1 0 31.0 56.0 2 -1 4b 0f -1 -1 -1 -1 -1
1 1 0 31.0 56.0 4 -1 4b 0f -1 -1 -1 -1 -1
1 1 0 31.0 56.0 4 -1 4b 0f -1 -1 -1 -1 -1
1 1 0 31.0 56.0 3 -1 4b 0f -1 -1 -1 -1 -1
1 1 0 31.1 56.0 5 -1 4b 0f -1 -1 -1 -1 -1
1 1 0 31.0 56.0 5 -1 4b 0f -1 -1 -1 -1 -1
1 1 0 31.0 56.0 7 -1 4b 0f -1 -1 -1 -1 -1
1 1 0 31.0 55.5 7 -1 4b 0f -1 -1 -1 -1 -1
1 1 0 31.0 56.0 7 -1 4b 0f -1 -1 -1 -1 -1
1 1 0 31.0 56.0 7 -1 4b 0f -1 -1 -1 -1 -1
1 1 0 31.0 56.0 7 -1 4b 0f -1 -1 -1 -1 -1
1 1 0 31.0 56.0 7 -1 4b 0f -1 -1 -1 -1 -1
1 1 0 31.0 56.0 7 -1 4b 0f -1 -1 -1 -1 -1
1 1 0 31.1 56.0 9 -1 4b 0f -1 -1 -1 -1 -1
1 1 0 31.0 56.0 8 -1 4b 0f -1 -1 -1 -1 -1
1 1 0 31.0 56.0 8 -1 4b 0f -1 -1 -1 -1 -1
1 1 0 31.0 55.5 10 -1 4b 0f -1 -1 -1 -1 -1
1 1 0 31.0 55.5 10 -1 4b 0f -1 -1 -1 -1 -1
1 1 0 31.0 55.5 12 -1 4b 0f -1 -1 -1 -1 -1
1 1 0 31.0 55.5 14 -1 4b 0f -1 -1 -1 -1 -1
1 1 0 31.0 55.5 10 -1 4b 0f -1 -1 -1 -1 -1
1 1 0 31.0 55.5 12 -1 4b 0f -1 -1 -1 -1 -1
1 1 0 31.1 56.0 12 -1 4b 0f -1 -1 -1 -1 -1
1 1 0 31.0 56.0 14 -1 4b 0f -1 -1 -1 -1 -1
1 1 0 31.0 56.0 14 -1 4b 0f -1 -1 -1 -1 -1
1 1 0 31.0 56.0 16 -1 4b 0f -1 -1 -1 -1 -1
1 1 0 31.0 56.0 12 -1 4b 0f -1 -1 -1 -1 -1
1 1 0 31.0 56.0 14 -1 4b 0f -1 -1 -1 -1 -1
1 1 0 31.1 56.0 14 -1 4b 0f -1 -1 -1 -1 -1
1 1 0 31.0 56.0 16 -1 4b 0f -1 -1 -1 -1 -1
1 1 0 31.1 56.0 16 -1 4b 0f -1 -1 -1 -1 -1
1 1 0 31.1 56.0 16 -1 4b 0f -1 -1 -1 -1 -1
1 1 0 31.0 56.0 18 -1 4b 0f -1 -1 -1 -1 -1
1 1 0 31.0 56.0 15 -1 4b 0f -1 -1 -1 -1 -1
1 1 0 31.1 56.0 20 -1 4b 0f -1 -1 -1 -1 -1
1 1 0 31.1 56.0 17 -1 4b 0f -1 -1 -1 -1 -1
1 1 0 31.1 56.0 17 -1 4b 0f -1 -1 -1 -1 -1
1 1 0 31.0 56.0 19 -1 4b 0f -1 -1 -1 -1 -1
1 1 0 31.1 56.0 19 -1 4b 0f -1 -1 -1 -1 -1
1 1 0 31.1 55.5 19 -1 4b 0f -1 -1 -1 -1 -1
1 1 0 31.0 55.5 21 -1 4b 0f -1 -1 -1 -1 -1
1 1 0 31.1 55.5 17 -1 4b 0f -1 -1 -1 -1 -1
1 1 0 31.1 56.0 19 -1 4b 0f -1 -1 -1 -1 -1
1 1 0 31.1 55.5 19 -1 4b 0f -1 -1 -1 -1 -1
1 1 0 31.0 55.5 21 -1 4b 0f -1 -1 -1 -1 -1
1 1 0 31.0 55.5 21 -1 4b 0f -1 -1 -1 -1 -1
1 1 0 31.1 55.5 23 -1 4b 0f -1 -1 -1 -1 -1
1 1 0 31.0 55.5 23 -1 4b 0f -1 -1 -1 -1 -1
1 1 0 31.1 55.5 21 -1 4b 0f -1 -1 -1 -1 -1
1 1 0 31.1 55.5 21 -1 4b 0f -1 -1 -1 -1 -1
1 1 0 31.1 55.5 21 -1 4b 0f -1 -1 -1 -1 -1
1 1 0 31.1 55.5 21 -1 4b 0f -1 -1 -1 -1 -1
1 1 0 31.1 55.5 23 -1 4b 0f -1 -1 -1 -1 -1
1 1 0 31.2 55.5 23 -1 4b 0f -1 -1 -1 -1 -1
1 1 0 31.0 55.5 23 -1 4b 0f -1 -1 -1 -1 -1
1 1 0 31.1 55.5 23 -1 4b 0f -1 -1 -1 -1 -1
1 1 0 31.2 55.5 25 -1 4b 0f -1 -1 -1 -1 -1
1 1 0 31.1 55.5 25 -1 4b 0f -1 -1 -1 -1 -1
1 1 0 31.1 56.0 25 -1 4b 0f -1 -1 -1 -1 -1
1 1 0 31.1 56.0 25 -1 4b 0f -1 -1 -1 -1 -1
1 1 0 31.1 55.5 27 -1 4b 0f -1 -1 -1 -1 -1
1 1 0 31.1 55.5 27 -1 4b 0f -1 -1 -1 -1 -1
1 1 0 31.1 55.5 24 -1 4b 0f -1 -1 -1 -1 -1
1 1 0 31.0 55.5 24 -1 4b 0f -1 -1 -1 -1 -1
1 1 0 31.2 55.5 24 -1 4b 0f -1 -1 -1 -1 -1
1 1 0 31.2 55.5 26 -1 4b 0f -1 -1 -1 -1 -1
1 1 0 31.1 55.5 26 -1 4b 0f -1 -1 -1 -1 -1
1 1 0 31.1 55.5 26 -1 4b 0f -1 -1 -1 -1 -1
1 1 0 31.1 55.5 26 -1 4b 0f -1 -1 -1 -1 -1
1 1 0 31.2 55.5 26 -1 4b 0f -1 -1 -1 -1 -1
1 1 0 31.1 55.5 26 -1 4b 0f -1 -1 -1 -1 -1
1 1 0 31.2 55.5 26 -1 4b 0f -1 -1 -1 -1 -1
1 1 0 31.2 55.5 28 -1 4b 0f -1 -1 -1 -1 -1
1 1 0 31.2 55.5 28 -1 4b 0f -1 -1 -1 -1 -1
1 1 0 31.2 55.5 28 -1 4b 0f -1 -1 -1 -1 -1
1 1 0 31.1 55.5 28 -1 4b 0f -1 -1 -1 -1 -1
1 1 0 31.2 55.5 28 -1 4b 0f -1 -1 -1 -1 -1
1 1 0 31.2 55.5 28 -1 4b 0f -1 -1 -1 -1 -1
1 1 0 31.2 55.5 28 -1 4b 0f -1 -1 -1 -1 -1
1 1 0 31.1 55.5 28 -1 4b 0f -1 -1 -1 -1 -1
1 1 0 31.2 55.5 28 -1 4b 0f -1 -1 -1 -1 -1
1 1 0 31.2 55.5 28 -1 4b 0f -1 -1 -1 -1 -1
1 1 0 31.2 55.5 28 -1 4b 0f -1 -1 -1 -1 -1
1 1 0 31.2 55.5 28 -1 4b 0f -1 -1 -1 -1 -1
1 1 0 31.1 55.5 28 -1 4b 0f -1 -1 -1 -1 -1
1 1 0 31.2 55.5 28 -1 4b 0f -1 -1 -1 -1 -1
1 1 0 31.2 55.5 28 -1 4b 0f -1 -1 -1 -1 -1
1 1 0 31.2 55.5 30 -1 4b 0f -1 -1 -1 -1 -1
1 1 0 31.2 55.5 30 -1 4b 0f -1 -1 -1 -1 -1
1 1 0 31.1 55.5 30 -1 4b 0f -1 -1 -1 -1 -1
1 1 0 31.2 55.5 30 -1 4b 0f -1 -1 -1 -1 -1
1 1 0 31.2 55.5 30 -1 4b 0f -1 -1 -1 -1 -1
1 1 0 31.2 55.5 30 -1 4b 0f -1 -1 -1 -1 -1
1 1 0 31.3 55.5 30 -1 4b 0f -1 -1 -1 -1 -1
1 1 0 31.2 55.5 30 -1 4b 0f -1 -1 -1 -1 -1
1 1 0 31.2 55.5 30 -1 4b 0f -1 -1 -1 -1 -1
1 1 0 31.3 55.5 30 -1 4b 0f -1 -1 -1 -1 -1
1 1 0 31.3 55.5 30 -1 4b 0f -1 -1 -1 -1 -1
1 1 0 31.2 55.5 30 -1 4b 0f -1 -1 -1 -1 -1
1 1 4 31.3 55.5 28 -1 0b 7f -1 -1 -1 -1 -1
1 1 0 31.3 55.5 30 -1 0b 7f -1 -1 -1 -1 -1
1 1 0 31.3 55.5 30 -1 0b 7f -1 -1 -1 -1 -1
1 1 0 31.3 55.5 30 -1 0b 7f -1 -1 -1 -1 -1
1 1 0 31.2 56.0 30 -1 0b 7f -1 -1 -1 -1 -1
1 1 0 31.2 55.5 30 -1 0b 7f -1 -1 -1 -1 -1
1 1 0 31.1 55.5 30 -1 0b 7f -1 -1 -1 -1 -1
1 1 0 31.0 55.0 30 -1 0b 7f -1 -1 -1 -1 -1
1 1 0 30.9 55.0 30 -1 0b 7f -1 -1 -1 -1 -1
1 1 0 30.9 54.5 30 -1 0b 7f -1 -1 -1 -1 -1
1 1 0 30.8 54.0 30 -1 0b 7f -1 -1 -1 -1 -1
1 1 0 30.7 54.0 30 -1 0b 7f -1 -1 -1 -1 -1
1 1 0 30.7 53.5 30 -1 0b 7f -1 -1 -1 -1 -1
1 1 0 30.7 53.5 30 -1 0b 7f -1 -1 -1 -1 -1
1 1 0 30.6 53.0 30 -1 0b 7f -1 -1 -1 -1 -1
1 1 0 30.6 52.5 30 -1 0b 7f -1 -1 -1 -1 -1
1 1 0 30.6 52.5 30 -1 0b 7f -1 -1 -1 -1 -1
1 1 0 30.5 52.0 28 -1 0b 7f -1 -1 -1 -1 -1
1 1 0 30.5 52.0 28 -1 0b 7f -1 -1 -1 -1 -1
1 1 0 30.4 52.0 28 -1 0b 7f -1 -1 -1 -1 -1
1 1 6 30.5 51.5 28 -1 0b 7f -1 -1 -1 -1 -1
1 1 6 30.3 51.5 28 -1 0b 7f -1 -1 -1 -1 -1
1 1 0 30.3 51.5 28 -1 0b 7f -1 -1 -1 -1 -1
1 1 0 30.4 51.0 28 -1 0b 7f -1 -1 -1 -1 -1
1 1 0 30.3 51.0 28 -1 0b 7f -1 -1 -1 -1 -1
1 1 0 30.3 51.0 28 -1 0b 7f -1 -1 -1 -1 -1
1 1 0 30.3 50.5 28 -1 0b 7f -1 -1 -1 -1 -1
1 1 0 30.2 50.5 28 -1 0b 7f -1 -1 -1 -1 -1
1 1 0 30.2 50.5 28 -1 0b 7f -1 -1 -1 -1 -1
1 1 0 30.2 50.5 28 -1 0b 7f -1 -1 -1 -1 -1
1 1 0 30.1 50.5 28 -1 0b 7f -1 -1 -1 -1 -1
1 1 0 30.2 50.5 26 -1 0b 7f -1 -1 -1 -1 -1
1 1 0 30.1 50.0 26 -1 0b 7f -1 -1 -1 -1 -1
1 1 0 30.1 50.5 26 -1 0b 7f -1 -1 -1 -1 -1
1 1 0 30.1 50.0 26 -1 0b 7f -1 -1 -1 -1 -1
1 1 0 30.1 50.0 26 -1 0b 7f -1 -1 -1 -1 -1
1 1 0 30.0 50.0 26 -1 0b 7f -1 -1 -1 -1 -1
1 1 0 30.0 50.0 26 -1 0b 7f -1 -1 -1 -1 -1
1 1 0 30.0 50.0 26 -1 0b 7f -1 -1 -1 -1 -1
1 1 0 30.0 50.0 26 -1 0b 7f -1 -1 -1 -1 -1
1 1 0 30.0 50.5 26 -1 0b 7f -1 -1 -1 -1 -1
1 1 0 29.9 50.0 26 -1 0b 7f -1 -1 -1 -1 -1
1 1 0 29.9 50.5 26 -1 0b 7f -1 -1 -1 -1 -1
1 1 0 29.9 50.5 26 -1 0b 7f -1 -1 -1 -1 -1
1 1 0 29.9 50.5 26 -1 0b 7f -1 -1 -1 -1 -1
1 1 0 29.9 50.5 26 -1 0b 7f -1 -1 -1 -1 -1
1 1 0 29.8 50.5 26 -1 0b 7f -1 -1 -1 -1 -1
1 1 0 29.8 50.5 26 -1 0b 7f -1 -1 -1 -1 -1
1 1 0 29.9 50.5 24 -1 0b 7f -1 -1 -1 -1 -1
1 1 0 29.8 50.5 24 -1 0b 7f -1 -1 -1 -1 -1
1 1 0 29.9 50.5 24 -1 0b 7f -1 -1 -1 -1 -1
1 1 0 29.8 51.0 24 -1 0b 7f -1 -1 -1 -1 -1
1 1 0 29.8 51.0 24 -1 0b 7f -1 -1 -1 -1 -1
1 1 0 29.8 51.0 24 -1 0b 7f -1 -1 -1 -1 -1
1 1 0 29.7 51.0 24 -1 0b 7f -1 -1 -1 -1 -1
1 1 0 29.7 51.0 24 -1 0b 7f -1 -1 -1 -1 -1
1 1 0 29.7 51.0 24 -1 0b 7f -1 -1 -1 -1 -1
1 1 0 29.6 50.5 24 -1 0b 7f -1 -1 -1 -1 -1
1 1 0 29.7 50.5 24 -1 0b 7f -1 -1 -1 -1 -1
1 1 0 29.7 50.5 27 -1 0b 7f -1 -1 -1 -1 -1
1 1 0 29.6 51.0 27 -1 0b 7f -1 -1 -1 -1 -1
1 1 0 29.7 51.0 27 -1 0b 7f -1 -1 -1 -1 -1
1 1 0 29.6 51.0 27 -1 0b 7f -1 -1 -1 -1 -1
1 1 0 29.6 51.0 27 -1 0b 7f -1 -1 -1 -1 -1
1 1 0 29.6 51.0 27 -1 0b 7f -1 -1 -1 -1 -1
1 1 0 29.6 51.0 25 -1 0b 7f -1 -1 -1 -1 -1
1 1 0 29.6 51.5 25 -1 0b 7f -1 -1 -1 -1 -1
1 1 0 29.6 51.5 25 -1 0b 7f -1 -1 -1 -1 -1
1 1 0 29.6 51.0 25 -1 0b 7f -1 -1 -1 -1 -1
1 1 0 29.5 51.0 25 -1 0b 7f -1 -1 -1 -1 -1
1 1 0 29.6 51.5 25 -1 0b 7f -1 -1 -1 -1 -1
1 1 0 29.6 51.5 25 -1 0b 7f -1 -1 -1 -1 -1
1 1 0 29.6 51.5 25 -1 0b 7f -1 -1 -1 -1 -1
1 1 0 29.6 51.5 25 -1 0b 7f -1 -1 -1 -1 -1
1 1 0 29.5 51.5 25 -1 0b 7f -1 -1 -1 -1 -1
1 1 0 29.5 51.5 25 -1 0b 7f -1 -1 -1 -1 -1
1 1 0 29.5 51.5 25 -1 0b 7f -1 -1 -1 -1 -1
1 1 0 29.5 51.5 25 -1 0b 7f -1 -1 -1 -1 -1
1 1 0 29.4 51.5 25 -1 0b 7f -1 -1 -1 -1 -1
1 1 0 29.5 51.5 25 -1 0b 7f -1 -1 -1 -1 -1
1 1 0 29.5 51.5 25 -1 0b 7f -1 -1 -1 -1 -1
1 1 0 29.4 51.5 25 -1 0b 7f -1 -1 -1 -1 -1
1 1 0 29.4 51.5 25 -1 0b 7f -1 -1 -1 -1 -1
1 1 0 29.4 51.0 25 -1 0b 7f -1 -1 -1 -1 -1
1 1 0 29.4 51.0 25 -1 0b 7f -1 -1 -1 -1 -1
1 1 0 29.3 51.0 25 -1 0b 7f -1 -1 -1 -1 -1
1 1 0 29.4 51.0 25 -1 0b 7f -1 -1 -1 -1 -1
1 1 0 29.3 51.0 25 -1 0b 7f -1 -1 -1 -1 -1
1 1 0 29.4 51.5 25 -1 0b 7f -1 -1 -1 -1 -1
1 1 0 29.3 51.5 25 -1 0b 7f -1 -1 -1 -1 -1
1 1 0 29.3 51.5 25 -1 0b 7f -1 -1 -1 -1 -1
1 1 0 29.3 51.5 25 -1 0b 7f -1 -1 -1 -1 -1
1 1 0 29.4 52.0 25 -1 0b 7f -1 -1 -1 -1 -1
1 1 0 29.3 52.0 25 -1 0b 7f -1 -1 -1 -1 -1
1 1 0 29.4 52.0 25 -1 0b 7f -1 -1 -1 -1 -1
1 1 0 29.3 52.0 25 -1 0b 7f -1 -1 -1 -1 -1
1 1 0 29.3 52.0 25 -1 0b 7f -1 -1 -1 -1 -1
1 1 0 29.3 52.0 25 -1 0b 7f -1 -1 -1 -1 -1
1 1 1 29.3 52.0 25 -1 0b 7f -1 -1 -1 -1 -1
1 1 0 29.3 52.0 25 -1 0b 7f -1 -1 -1 -1 -1
1 1 0 29.2 52.0 25 -1 0b 7f -1 -1 -1 -1 -1
1 1 1 29.3 52.0 25 -1 0b 7f -1 -1 -1 -1 -1
1 1 0 29.3 52.0 25 -1 0b 7f -1 -1 -1 -1 -1
1 1 0 29.3 52.0 25 -1 0b 7f -1 -1 -1 -1 -1
1 1 0 29.3 52.0 23 -1 0b 7f -1 -1 -1 -1 -1
1 1 0 29.3 52.5 23 -1 0b 7f -1 -1 -1 -1 -1
1 1 0 29.2 52.5 23 -1 0b 7f -1 -1 -1 -1 -1
1 1 0 29.2 52.5 23 -1 0b 7f -1 -1 -1 -1 -1
1 1 0 29.3 52.5 23 -1 0b 7f -1 -1 -1 -1 -1
1 1 0 29.3 52.5 25 -1 0b 7f -1 -1 -1 -1 -1
1 1 0 29.2 52.5 23 -1 0b 7f -1 -1 -1 -1 -1
1 1 0 29.3 53.0 23 -1 0b 7f -1 -1 -1 -1 -1
1 1 0 29.2 52.5 23 -1 0b 7f -1 -1 -1 -1 -1
1 1 0 29.2 52.5 23 -1 0b 7f -1 -1 -1 -1 -1
1 1 0 29.1 52.5 23 -1 0b 7f -1 -1 -1 -1 -1
1 1 0 29.2 52.5 23 -1 0b 7f -1 -1 -1 -1 -1
1 1 0 29.2 52.5 23 -1 0b 7f -1 -1 -1 -1 -1
1 1 0 29.2 52.5 23 -1 0b 7f -1 -1 -1 -1 -1
1 1 0 29.2 52.0 23 -1 0b 7f -1 -1 -1 -1 -1
1 1 0 29.2 52.5 23 -1 0b 7f -1 -1 -1 -1 -1
1 1 0 29.2 52.5 23 -1 0b 7f -1 -1 -1 -1 -1
1 1 0 29.1 52.5 23 -1 0b 7f -1 -1 -1 -1 -1
1 1 0 29.2 52.5 23 -1 0b 7f -1 -1 -1 -1 -1
1 1 0 29.2 52.5 23 -1 0b 7f -1 -1 -1 -1 -1
1 1 0 29.2 53.0 23 -1 0b 7f -1 -1 -1 -1 -1
1 1 0 29.2 53.0 23 -1 0b 7f -1 -1 -1 -1 -1
1 1 0 29.2 53.0 23 -1 0b 7f -1 -1 -1 -1 -1
1 1 0 29.1 53.5 23 -1 0b 7f -1 -1 -1 -1 -1
1 1 0 29.3 53.5 23 -1 0b 7f -1 -1 -1 -1 -1
1 1 0 29.1 53.0 23 -1 0b 7f -1 -1 -1 -1 -1
1 1 0 29.2 53.0 23 -1 0b 7f -1 -1 -1 -1 -1
1 1 0 29.2 53.0 23 -1 0b 7f -1 -1 -1 -1 -1
1 1 0 29.1 53.0 23 -1 0b 7f -1 -1 -1 -1 -1
1 1 0 29.1 53.0 23 -1 0b 7f -1 -1 -1 -1 -1
1 1 0 29.1 53.5 23 -1 0b 7f -1 -1 -1 -1 -1
1 1 0 29.1 53.5 23 -1 0b 7f -1 -1 -1 -1 -1
1 1 0 29.1 53.5 23 -1 0b 7f -1 -1 -1 -1 -1
1 1 0 29.1 53.5 23 -1 0b 7f -1 -1 -1 -1 -1
1 1 0 29.1 53.5 23 -1 0b 7f -1 -1 -1 -1 -1
1 1 0 29.2 53.5 23 -1 0b 7f -1 -1 -1 -1 -1
1 1 0 29.1 53.5 23 -1 0b 7f -1 -1 -1 -1 -1
1 1 0 29.1 53.5 23 -1 0b 7f -1 -1 -1 -1 -1
1 1 0 29.1 53.5 23 -1 0b 7f -1 -1 -1 -1 -1
1 1 0 29.0 53.5 23 -1 0b 7f -1 -1 -1 -1 -1
1 1 0 29.1 53.5 23 -1 0b 7f -1 -1 -1 -1 -1
1 1 0 29.2 53.5 23 -1 0b 7f -1 -1 -1 -1 -1
1 1 0 29.1 53.5 23 -1 0b 7f -1 -1 -1 -1 -1
1 1 0 29.1 53.5 23 -1 0b 7f -1 -1 -1 -1 -1
1 1 1 29.1 53.5 21 -1 0b 7f -1 -1 -1 -1 -1
1 1 0 29.1 53.5 21 -1 0b 7f -1 -1 -1 -1 -1
1 1 6 29.0 53.5 21 -1 0b 7f -1 -1 -1 -1 -1
1 1 0 29.1 53.5 23 -1 0b 7f -1 -1 -1 -1 -1
1 1 0 29.1 53.5 23 -1 0b 7f -1 -1 -1 -1 -1
1 1 0 29.0 53.5 23 -1 0b 7f -1 -1 -1 -1 -1
1 1 0 29.1 53.5 23 -1 0b 7f -1 -1 -1 -1 -1
1 1 0 29.0 53.5 23 -1 0b 7f -1 -1 -1 -1 -1
1 1 0 29.0 53.5 23 -1 0b 7f -1 -1 -1 -1 -1
1 1 0 29.0 53.0 23 -1 0b 7f -1 -1 -1 -1 -1
1 1 12 29.0 53.0 21 -1 0b 7f -1 -1 -1 -1 -1
1 1 5 29.0 53.0 21 -1 0b 7f -1 -1 -1 -1 -1
1 1 0 29.0 53.5 21 -1 0b 7f -1 -1 -1 -1 -1
1 1 0 29.1 53.5 21 -1 0b 7f -1 -1 -1 -1 -1
1 1 0 29.0 53.5 21 -1 0b 7f -1 -1 -1 -1 -1
1 1 0 29.1 53.5 21 -1 0b 7f -1 -1 -1 -1 -1
1 1 17 29.0 53.5 25 -1 0b 7f -1 -1 -1 -1 -1
1 1 9 29.0 53.5 28 -1 0b 7f -1 -1 -1 -1 -1
1 1 7 29.0 53.5 28 -1 0b 7f -1 -1 -1 -1 -1
1 1 7 29.0 53.5 28 -1 0b 7f -1 -1 -1 -1 -1
1 1 0 29.0 53.5 28 -1 0b 7f -1 -1 -1 -1 -1
1 1 0 29.0 53.5 28 -1 0b 7f -1 -1 -1 -1 -1
1 1 0 29.0 53.5 28 -1 0b 7f -1 -1 -1 -1 -1
1 1 0 28.9 53.0 28 -1 0b 7f -1 -1 -1 -1 -1
1 1 0 28.9 53.0 28 -1 0b 7f -1 -1 -1 -1 -1
1 1 0 29.0 53.5 28 -1 0b 7f -1 -1 -1 -1 -1
1 1 0 28.9 53.5 28 -1 0b 7f -1 -1 -1 -1 -1
1 1 0 28.9 53.5 28 -1 0b 7f -1 -1 -1 -1 -1
1 1 6 28.9 53.5 26 -1 0b 7f -1 -1 -1 -1 -1
1 1 6 28.9 53.0 27 -1 0b 7f -1 -1 -1 -1 -1
1 1 0 28.9 53.0 23 -1 0b 7f -1 -1 -1 -1 -1
1 1 0 28.9 53.0 23 -1 0b 7f -1 -1 -1 -1 -1
1 1 6 28.9 53.0 23 -1 0b 7f -1 -1 -1 -1 -1
1 1 1 28.8 53.5 23 -1 0b 7f -1 -1 -1 -1 -1
1 1 0 28.9 53.0 23 -1 0b 7f -1 -1 -1 -1 -1
1 1 0 28.9 53.0 23 -1 0b 7f -1 -1 -1 -1 -1
1 1 0 28.8 53.5 23 -1 0b 7f -1 -1 -1 -1 -1
1 1 0 28.8 53.5 23 -1 0b 7f -1 -1 -1 -1 -1
1 1 0 28.8 53.0 23 -1 0b 7f -1 -1 -1 -1 -1
1 1 0 28.8 53.0 23 -1 0b 7f -1 -1 -1 -1 -1
1 1 0 28.9 53.0 23 -1 0b 7f -1 -1 -1 -1 -1
1 1 8 28.9 53.0 23 -1 0b 7f -1 -1 -1 -1 -1
1 1 0 28.8 53.0 23 -1 0b 7f -1 -1 -1 -1 -1
1 1 0 28.8 53.0 23 -1 0b 7f -1 -1 -1 -1 -1
1 1 0 28.8 53.0 23 -1 0b 7f -1 -1 -1 -1 -1
1 1 4 28.8 53.0 23 -1 0b 7f -1 -1 -1 -1 -1
1 1 0 28.9 53.0 23 -1 0b 7f -1 -1 -1 -1 -1
1 1 0 28.8 53.0 23 -1 0b 7f -1 -1 -1 -1 -1
1 1 0 28.8 53.0 23 -1 0b 7f -1 -1 -1 -1 -1
1 1 0 28.7 53.0 23 -1 0b 7f -1 -1 -1 -1 -1
1 1 0 28.8 53.0 25 -1 0b 7f -1 -1 -1 -1 -1
1 1 0 28.8 53.0 25 -1 0b 7f -1 -1 -1 -1 -1
1 1 0 28.8 53.0 25 -1 0b 7f -1 -1 -1 -1 -1
1 1 0 28.7 53.0 25 -1 0b 7f -1 -1 -1 -1 -1
1 1 0 28.7 52.5 25 -1 0b 7f -1 -1 -1 -1 -1
1 1 0 28.8 52.5 25 -1 0b 7f -1 -1 -1 -1 -1
1 1 0 28.7 52.5 25 -1 0b 7f -1 -1 -1 -1 -1
1 1 0 28.8 52.5 21 -1 0b 7f -1 -1 -1 -1 -1
1 1 0 28.7 52.0 21 -1 0b 7f -1 -1 -1 -1 -1
1 1 0 28.7 52.0 21 -1 0b 7f -1 -1 -1 -1 -1
1 1 0 28.7 51.5 21 -1 0b 7f -1 -1 -1 -1 -1
1 1 0 28.7 51.5 21 -1 0b 7f -1 -1 -1 -1 -1
1 1 0 28.6 52.0 21 -1 0b 7f -1 -1 -1 -1 -1
1 1 0 28.7 51.5 21 -1 0b 7f -1 -1 -1 -1 -1
1 1 0 28.6 52.0 21 -1 0b 7f -1 -1 -1 -1 -1
1 1 10 28.6 52.0 21 -1 0b 7f -1 -1 -1 -1 -1
1 1 0 28.6 52.0 21 -1 0b 7f -1 -1 -1 -1 -1
1 1 0 28.6 52.0 25 -1 0b 7f -1 -1 -1 -1 -1
1 1 0 28.6 51.5 21 -1 0b 7f -1 -1 -1 -1 -1
1 1 0 28.6 51.5 22 -1 0b 7f -1 -1 -1 -1 -1
1 1 0 28.6 51.5 20 -1 0b 7f -1 -1 -1 -1 -1
1 1 0 28.6 51.5 23 -1 0b 7f -1 -1 -1 -1 -1
1 1 0 28.6 51.5 21 -1 0b 7f -1 -1 -1 -1 -1
1 1 0 28.6 51.5 25 -1 0b 7f -1 -1 -1 -1 -1
1 1 0 28.6 51.5 21 -1 0b 7f -1 -1 -1 -1 -1
1 1 0 28.6 51.5 21 -1 0b 7f -1 -1 -1 -1 -1
1 1 0 28.6 52.0 21 -1 0b 7f -1 -1 -1 -1 -1
1 1 0 28.5 52.0 21 -1 0b 7f -1 -1 -1 -1 -1
1 1 0 28.6 52.0 21 -1 0b 7f -1 -1 -1 -1 -1
1 1 0 28.6 51.5 21 -1 0b 7f -1 -1 -1 -1 -1
1 1 0 28.6 51.5 21 -1 0b 7f -1 -1 -1 -1 -1
1 1 0 28.6 51.5 21 -1 0b 7f -1 -1 -1 -1 -1
1 1 0 28.6 52.0 23 -1 0b 7f -1 -1 -1 -1 -1
1 1 9 28.5 52.0 23 -1 0b 7f -1 -1 -1 -1 -1
1 1 0 28.6 52.0 23 -1 0b 7f -1 -1 -1 -1 -1
1 1 0 28.6 52.0 23 -1 0b 7f -1 -1 -1 -1 -1
1 1 2 28.5 52.0 23 -1 0b 7f -1 -1 -1 -1 -1
1 1 9 28.5 52.5 23 -1 0b 7f -1 -1 -1 -1 -1
1 1 0 28.6 52.5 23 -1 0b 7f -1 -1 -1 -1 -1
1 1 0 28.6 52.0 23 -1 0b 7f -1 -1 -1 -1 -1
1 1 0 28.6 52.0 23 -1 0b 7f -1 -1 -1 -1 -1
1 1 0 28.6 52.0 23 -1 0b 7f -1 -1 -1 -1 -1
1 1 0 28.6 52.0 23 -1 0b 7f -1 -1 -1 -1 -1
1 1 0 28.5 52.0 23 -1 0b 7f -1 -1 -1 -1 -1
1 1 2 28.5 52.0 21 -1 0b 7f -1 -1 -1 -1 -1
1 1 0 28.5 52.0 23 -1 0b 7f -1 -1 -1 -1 -1
1 1 0 28.5 52.0 21 -1 0b 7f -1 -1 -1 -1 -1
1 1 0 28.5 52.5 21 -1 0b 7f -1 -1 -1 -1 -1
1 1 0 28.5 52.5 21 -1 0b 7f -1 -1 -1 -1 -1
1 1 0 28.4 52.0 21 -1 0b 7f -1 -1 -1 -1 -1
1 1 0 28.3 52.0 21 -1 0b 7f -1 -1 -1 -1 -1
1 1 0 28.2 52.0 21 -1 0b 7f -1 -1 -1 -1 -1
1 1 0 28.1 52.0 21 -1 0b 7f -1 -1 -1 -1 -1
1 1 0 28.1 52.0 21 -1 0b 7f -1 -1 -1 -1 -1
1 1 0 28.0 52.0 21 -1 0b 7f -1 -1 -1 -1 -1
1 1 0 27.9 52.0 23 -1 0b 7f -1 -1 -1 -1 -1
1 1 5 27.8 52.0 21 -1 0b 7f -1 -1 -1 -1 -1
1 1 0 27.8 52.0 23 -1 0b 7f -1 -1 -1 -1 -1
1 1 0 27.7 52.0 23 -1 0b 7f -1 -1 -1 -1 -1
1 1 0 27.8 52.0 23 -1 0b 7f -1 -1 -1 -1 -1
1 1 0 27.7 52.0 23 -1 0b 7f -1 -1 -1 -1 -1
1 1 0 27.7 52.5 23 -1 0b 7f -1 -1 -1 -1 -1
1 1 0 27.7 52.5 23 -1 0b 7f -1 -1 -1 -1 -1
1 1 0 27.7 52.5 23 -1 0b 7f -1 -1 -1 -1 -1
1 1 0 27.6 52.5 23 -1 0b 7f -1 -1 -1 -1 -1
1 1 0 27.6 52.5 23 -1 0b 7f -1 -1 -1 -1 -1
1 1 0 27.5 52.0 23 -1 0b 7f -1 -1 -1 -1 -1
1 1 0 27.5 52.0 23 -1 0b 7f -1 -1 -1 -1 -1
1 1 0 27.5 52.0 23 -1 0b 7f -1 -1 -1 -1 -1
1 1 0 27.4 51.5 23 -1 0b 7f -1 -1 -1 -1 -1
1 1 0 27.4 52.0 23 -1 0b 7f -1 -1 -1 -1 -1
1 1 4 27.3 52.0 21 -1 0b 7f -1 -1 -1 -1 -1
1 1 5 27.3 52.0 23 -1 0b 7f -1 -1 -1 -1 -1
1 1 9 27.2 52.0 23 -1 0b 7f -1 -1 -1 -1 -1
1 1 0 27.2 52.0 23 -1 0b 7f -1 -1 -1 -1 -1
1 1 0 27.2 52.0 21 -1 0b 7f -1 -1 -1 -1 -1
1 1 0 27.2 52.0 21 -1 0b 7f -1 -1 -1 -1 -1
1 1 0 27.2 52.0 21 -1 0b 7f -1 -1 -1 -1 -1
1 1 0 27.1 52.0 21 -1 0b 7f -1 -1 -1 -1 -1
1 1 11 27.1 52.5 21 -1 0b 7f -1 -1 -1 -1 -1
1 1 9 27.1 52.5 21 -1 0b 7f -1 -1 -1 -1 -1
1 1 0 27.0 52.5 21 -1 0b 7f -1 -1 -1 -1 -1
1 1 0 27.0 53.0 21 -1 0b 7f -1 -1 -1 -1 -1
1 1 0 27.0 53.0 21 -1 0b 7f -1 -1 -1 -1 -1
1 1 0 27.0 53.0 21 -1 0b 7f -1 -1 -1 -1 -1
1 1 0 27.1 53.0 21 -1 0b 7f -1 -1 -1 -1 -1
1 1 0 27.0 53.5 21 -1 0b 7f -1 -1 -1 -1 -1
1 1 0 27.0 53.5 23 -1 0b 7f -1 -1 -1 -1 -1
1 1 0 27.1 54.0 21 -1 0b 7f -1 -1 -1 -1 -1
1 1 0 27.0 53.5 21 -1 0b 7f -1 -1 -1 -1 -1
1 1 0 27.0 53.5 21 -1 0b 7f -1 -1 -1 -1 -1
1 1 6 26.9 54.0 21 -1 0b 7f -1 -1 -1 -1 -1
1 1 0 26.9 53.5 23 -1 0b 7f -1 -1 -1 -1 -1
1 1 0 26.9 53.5 23 -1 0b 7f -1 -1 -1 -1 -1
1 1 0 26.9 53.5 21 -1 0b 7f -1 -1 -1 -1 -1
1 1 4 26.8 53.5 21 -1 0b 7f -1 -1 -1 -1 -1
1 1 5 26.8 53.5 21 -1 0b 7f -1 -1 -1 -1 -1
1 1 0 26.8 53.0 21 -1 0b 7f -1 -1 -1 -1 -1
1 1 0 26.8 53.0 21 -1 0b 7f -1 -1 -1 -1 -1
1 1 0 26.8 53.5 21 -1 0b 7f -1 -1 -1 -1 -1
1 1 0 26.7 53.0 21 -1 0b 7f -1 -1 -1 -1 -1
1 1 0 26.7 53.0 21 -1 0b 7f -1 -1 -1 -1 -1
1 1 2 26.7 53.0 23 -1 0b 7f -1 -1 -1 -1 -1
1 1 9 26.7 53.0 23 -1 0b 7f -1 -1 -1 -1 -1
1 1 0 26.7 53.0 21 -1 0b 7f -1 -1 -1 -1 -1
1 1 0 26.6 53.0 21 -1 0b 7f -1 -1 -1 -1 -1
1 1 0 26.7 53.0 21 -1 0b 7f -1 -1 -1 -1 -1
1 1 0 26.6 53.0 21 -1 0b 7f -1 -1 -1 -1 -1
1 1 0 26.6 53.0 25 -1 0b 7f -1 -1 -1 -1 -1
1 1 0 26.5 53.0 20 -1 0b 7f -1 -1 -1 -1 -1
1 1 0 26.6 53.0 21 -1 0b 7f -1 -1 -1 -1 -1
1 1 0 26.5 53.0 23 -1 0b 7f -1 -1 -1 -1 -1
1 1 0 26.5 53.0 23 -1 0b 7f -1 -1 -1 -1 -1
1 1 7 26.5 53.0 23 -1 0b 7f -1 -1 -1 -1 -1
1 1 4 26.5 53.0 21 -1 0b 7f -1 -1 -1 -1 -1
1 1 0 26.4 53.5 23 -1 0b 7f -1 -1 -1 -1 -1
1 1 0 26.5 53.5 21 -1 0b 7f -1 -1 -1 -1 -1
1 1 0 26.4 53.5 21 -1 0b 7f -1 -1 -1 -1 -1
1 1 0 26.5 53.5 21 -1 0b 7f -1 -1 -1 -1 -1
1 1 9 26.4 53.5 21 -1 0b 7f -1 -1 -1 -1 -1
1 1 0 26.4 53.5 23 -1 0b 7f -1 -1 -1 -1 -1
1 1 0 26.4 53.5 23 -1 0b 7f -1 -1 -1 -1 -1
1 1 4 26.4 53.5 23 -1 0b 7f -1 -1 -1 -1 -1
1 1 4 26.4 53.5 23 -1 0b 7f -1 -1 -1 -1 -1
1 1 0 26.4 53.5 23 -1 0b 7f -1 -1 -1 -1 -1
1 1 0 26.4 53.5 20 -1 0b 7f -1 -1 -1 -1 -1
1 1 13 26.4 53.5 22 -1 0b 7f -1 -1 -1 -1 -1
1 1 0 26.4 53.5 23 -1 0b 7f -1 -1 -1 -1 -1
1 1 0 26.3 53.0 23 -1 0b 7f -1 -1 -1 -1 -1
1 1 0 26.4 53.5 19 -1 0b 7f -1 -1 -1 -1 -1
1 1 0 26.3 53.5 21 -1 0b 7f -1 -1 -1 -1 -1
1 1 0 26.4 53.5 21 -1 0b 7f -1 -1 -1 -1 -1
1 1 0 26.3 53.5 21 -1 0b 7f -1 -1 -1 -1 -1
1 1 0 26.3 53.5 21 -1 0b 7f -1 -1 -1 -1 -1
1 1 0 26.3 53.5 21 -1 0b 7f -1 -1 -1 -1 -1
1 1 0 26.3 53.0 23 -1 0b 7f -1 -1 -1 -1 -1
1 1 0 26.2 53.5 23 -1 0b 7f -1 -1 -1 -1 -1
1 1 0 26.2 53.5 23 -1 0b 7f -1 -1 -1 -1 -1
1 1 0 26.2 53.5 23 -1 0b 7f -1 -1 -1 -1 -1
1 1 0 26.2 53.5 23 -1 0b 7f -1 -1 -1 -1 -1
1 1 0 26.2 53.0 23 -1 0b 7f -1 -1 -1 -1 -1
1 1 0 26.2 53.0 23 -1 0b 7f -1 -1 -1 -1 -1
1 1 0 26.2 53.0 21 -1 0b 7f -1 -1 -1 -1 -1
1 1 0 26.2 53.0 21 -1 0b 7f -1 -1 -1 -1 -1
1 1 0 26.2 53.5 21 -1 0b 7f -1 -1 -1 -1 -1
1 1 0 26.1 53.5 21 -1 0b 7f -1 -1 -1 -1 -1
1 1 0 26.1 53.5 21 -1 0b 7f -1 -1 -1 -1 -1
1 1 0 26.1 53.5 23 -1 0b 7f -1 -1 -1 -1 -1
1 1 0 26.2 54.0 23 -1 0b 7f -1 -1 -1 -1 -1
1 1 1 26.1 54.0 23 -1 0b 7f -1 -1 -1 -1 -1
1 1 0 26.2 54.0 23 -1 0b 7f -1 -1 -1 -1 -1
1 1 0 26.1 54.0 23 -1 0b 7f -1 -1 -1 -1 -1
1 1 0 26.1 54.0 23 -1 0b 7f -1 -1 -1 -1 -1
1 1 0 26.2 54.0 23 -1 0b 7f -1 -1 -1 -1 -1
1 1 6 26.0 53.5 21 -1 0b 7f -1 -1 -1 -1 -1
1 1 0 26.0 53.5 21 -1 0b 7f -1 -1 -1 -1 -1
1 1 0 26.1 53.5 21 -1 0b 7f -1 -1 -1 -1 -1
1 1 0 26.1 53.5 21 -1 0b 7f -1 -1 -1 -1 -1
1 1 0 26.0 54.0 21 -1 0b 7f -1 -1 -1 -1 -1
1 1 0 26.1 53.5 21 -1 0b 7f -1 -1 -1 -1 -1
1 1 0 26.1 53.5 21 -1 0b 7f -1 -1 -1 -1 -1
1 1 0 26.1 53.5 21 -1 0b 7f -1 -1 -1 -1 -1
1 1 0 26.0 53.5 21 -1 0b 7f -1 -1 -1 -1 -1
1 1 0 26.0 53.5 21 -1 0b 7f -1 -1 -1 -1 -1
1 1 0 26.0 53.5 21 -1 0b 7f -1 -1 -1 -1 -1
1 1 0 26.0 53.5 23 -1 0b 7f -1 -1 -1 -1 -1
1 1 7 26.0 53.5 23 -1 0b 7f -1 -1 -1 -1 -1
1 1 0 26.0 53.5 23 -1 0b 7f -1 -1 -1 -1 -1
1 1 6 26.0 53.5 25 -1 0b 7f -1 -1 -1 -1 -1
1 1 0 26.0 53.5 25 -1 0b 7f -1 -1 -1 -1 -1
1 1 0 26.0 53.5 25 -1 0b 7f -1 -1 -1 -1 -1
1 1 0 26.0 53.5 25 -1 0b 7f -1 -1 -1 -1 -1
1 1 0 26.0 53.5 25 -1 0b 7f -1 -1 -1 -1 -1
1 1 0 25.9 53.5 23 -1 0b 7f -1 -1 -1 -1 -1
1 1 0 26.0 53.5 23 -1 0b 7f -1 -1 -1 -1 -1
1 1 0 26.0 53.5 23 -1 0b 7f -1 -1 -1 -1 -1
1 1 0 25.9 53.5 25 -1 0b 7f -1 -1 -1 -1 -1
1 1 0 25.9 53.5 25 -1 0b 7f -1 -1 -1 -1 -1
1 1 0 25.9 53.5 25 -1 0b 7f -1 -1 -1 -1 -1
1 1 0 25.9 53.5 25 -1 0b 7f -1 -1 -1 -1 -1
1 1 0 25.9 53.5 25 -1 0b 7f -1 -1 -1 -1 -1
1 1 0 25.9 53.5 25 -1 0b 7f -1 -1 -1 -1 -1
1 1 0 25.9 53.5 25 -1 0b 7f -1 -1 -1 -1 -1
1 1 0 25.9 53.5 25 -1 0b 7f -1 -1 -1 -1 -1
1 1 0 25.8 53.5 25 -1 0b 7f -1 -1 -1 -1 -1
1 1 0 25.9 53.0 25 -1 0b 7f -1 -1 -1 -1 -1
1 1 10 25.9 53.0 25 -1 0b 7f -1 -1 -1 -1 -1
1 1 0 25.9 53.5 25 -1 0b 7f -1 -1 -1 -1 -1
1 1 0 25.8 53.5 21 -1 0b 7f -1 -1 -1 -1 -1
1 1 0 25.8 53.5 21 -1 0b 7f -1 -1 -1 -1 -1
1 1 6 25.9 53.5 23 -1 0b 7f -1 -1 -1 -1 -1
1 1 0 25.8 53.5 21 -1 0b 7f -1 -1 -1 -1 -1
1 1 0 25.8 53.5 25 -1 0b 7f -1 -1 -1 -1 -1
1 1 0 25.9 53.0 21 -1 0b 7f -1 -1 -1 -1 -1
1 1 0 25.8 53.0 21 -1 0b 7f -1 -1 -1 -1 -1
1 1 0 25.8 53.0 21 -1 0b 7f -1 -1 -1 -1 -1
1 1 0 25.8 53.0 23 -1 0b 7f -1 -1 -1 -1 -1
1 1 0 25.8 53.0 23 -1 0b 7f -1 -1 -1 -1 -1
1 1 0 25.8 53.0 23 -1 0b 7f -1 -1 -1 -1 -1
1 1 0 25.8 53.0 23 -1 0b 7f -1 -1 -1 -1 -1
1 1 0 25.8 53.0 23 -1 0b 7f -1 -1 -1 -1 -1
1 1 0 25.9 53.0 25 -1 0b 7f -1 -1 -1 -1 -1
1 1 0 25.8 53.0 23 -1 0b 7f -1 -1 -1 -1 -1
1 1 0 25.8 53.0 25 -1 0b 7f -1 -1 -1 -1 -1
1 1 0 25.8 53.0 25 -1 0b 7f -1 -1 -1 -1 -1
1 1 0 25.8 53.0 25 -1 0b 7f -1 -1 -1 -1 -1
1 1 0 25.8 53.5 21 -1 0b 7f -1 -1 -1 -1 -1
1 1 0 25.8 53.5 23 -1 0b 7f -1 -1 -1 -1 -1
1 1 0 25.8 53.5 21 -1 0b 7f -1 -1 -1 -1 -1
1 1 0 25.8 53.5 21 -1 0b 7f -1 -1 -1 -1 -1
1 1 0 25.8 53.5 25 -1 0b 7f -1 -1 -1 -1 -1
1 1 0 25.8 53.5 25 -1 0b 7f -1 -1 -1 -1 -1
1 1 0 25.8 53.5 25 -1 0b 7f -1 -1 -1 -1 -1
1 1 0 25.8 54.5 25 -1 0b 7f -1 -1 -1 -1 -1
1 1 0 25.9 55.0 25 -1 0b 7f -1 -1 -1 -1 -1
1 1 0 25.9 56.0 23 -1 0b 7f -1 -1 -1 -1 -1
1 1 0 26.0 57.0 23 -1 0b 7f -1 -1 -1 -1 -1
1 1 2 26.2 56.5 25 -1 0b 7f -1 -1 -1 -1 -1
1 1 0 26.1 56.0 23 -1 0b 7f -1 -1 -1 -1 -1
1 1 12 26.1 56.0 21 -1 0b 7f -1 -1 -1 -1 -1
1 1 6 26.1 56.0 25 -1 0b 7f -1 -1 -1 -1 -1
1 1 6 26.1 56.0 25 -1 0b 7f -1 -1 -1 -1 -1
1 1 0 26.0 55.5 25 -1 0b 7f -1 -1 -1 -1 -1
1 1 6 26.0 55.0 25 -1 0b 7f -1 -1 -1 -1 -1
1 1 11 26.0 55.0 23 -1 0b 7f -1 -1 -1 -1 -1
1 1 0 25.9 55.0 23 -1 0b 7f -1 -1 -1 -1 -1
1 1 7 25.9 55.0 23 -1 0b 7f -1 -1 -1 -1 -1
1 1 0 25.9 55.0 23 -1 0b 7f -1 -1 -1 -1 -1
1 1 0 26.0 55.5 25 -1 0b 7f -1 -1 -1 -1 -1
1 1 0 26.0 55.0 25 -1 0b 7f -1 -1 -1 -1 -1
1 1 0 26.0 55.0 25 -1 0b 7f -1 -1 -1 -1 -1
1 1 0 25.9 55.0 25 -1 0b 7f -1 -1 -1 -1 -1
1 1 0 25.9 55.0 25 -1 0b 7f -1 -1 -1 -1 -1
1 1 7 25.9 55.0 25 -1 0b 7f -1 -1 -1 -1 -1
1 1 0 25.9 55.0 27 -1 0b 7f -1 -1 -1 -1 -1
1 1 0 25.9 55.0 23 -1 0b 7f -1 -1 -1 -1 -1
1 1 0 25.9 54.5 25 -1 0b 7f -1 -1 -1 -1 -1
1 1 0 25.9 54.5 23 -1 0b 7f -1 -1 -1 -1 -1
1 1 0 25.9 54.5 23 -1 0b 7f -1 -1 -1 -1 -1
1 1 0 25.9 54.5 27 -1 0b 7f -1 -1 -1 -1 -1
1 1 0 25.9 54.0 27 -1 0b 7f -1 -1 -1 -1 -1
1 1 0 25.9 54.0 27 -1 0b 7f -1 -1 -1 -1 -1
1 1 0 25.8 54.0 23 -1 0b 7f -1 -1 -1 -1 -1
1 1 0 25.9 54.0 27 -1 0b 7f -1 -1 -1 -1 -1
1 1 0 25.8 54.0 23 -1 0b 7f -1 -1 -1 -1 -1
1 1 0 25.9 53.5 23 -1 0b 7f -1 -1 -1 -1 -1
1 1 0 25.8 53.5 23 -1 0b 7f -1 -1 -1 -1 -1
1 1 0 25.8 53.5 27 -1 0b 7f -1 -1 -1 -1 -1
1 1 0 25.8 53.5 25 -1 0b 7f -1 -1 -1 -1 -1
1 1 0 25.8 53.5 25 -1 0b 7f -1 -1 -1 -1 -1
1 1 4 25.8 53.5 23 -1 0b 7f -1 -1 -1 -1 -1
1 1 2 25.9 53.5 25 -1 0b 7f -1 -1 -1 -1 -1
1 1 0 25.8 53.5 25 -1 0b 7f -1 -1 -1 -1 -1
1 1 0 25.9 53.5 25 -1 0b 7f -1 -1 -1 -1 -1
1 1 0 25.8 53.5 25 -1 0b 7f -1 -1 -1 -1 -1
1 1 0 25.8 53.5 25 -1 0b 7f -1 -1 -1 -1 -1
1 1 0 25.9 53.5 25 -1 0b 7f -1 -1 -1 -1 -1
1 1 0 25.9 53.5 25 -1 0b 7f -1 -1 -1 -1 -1
1 1 0 25.8 53.5 25 -1 0b 7f -1 -1 -1 -1 -1
1 1 0 25.7 53.5 25 -1 0b 7f -1 -1 -1 -1 -1
1 1 0 25.8 54.0 25 -1 0b 7f -1 -1 -1 -1 -1
1 1 7 25.8 54.0 23 -1 0b 7f -1 -1 -1 -1 -1
1 1 0 25.8 54.0 25 -1 0b 7f -1 -1 -1 -1 -1
1 1 0 25.8 53.5 25 -1 0b 7f -1 -1 -1 -1 -1
1 1 0 25.8 53.5 25 -1 0b 7f -1 -1 -1 -1 -1
1 1 0 25.7 54.0 25 -1 0b 7f -1 -1 -1 -1 -1
1 1 0 25.8 54.0 25 -1 0b 7f -1 -1 -1 -1 -1
1 1 0 25.8 54.0 25 -1 0b 7f -1 -1 -1 -1 -1
1 1 0 25.8 54.0 27 -1 0b 7f -1 -1 -1 -1 -1
1 1 0 25.8 54.0 27 -1 0b 7f -1 -1 -1 -1 -1
1 1 0 25.8 54.5 23 -1 0b 7f -1 -1 -1 -1 -1
1 1 0 25.8 55.0 25 -1 0b 7f -1 -1 -1 -1 -1
1 1 7 25.9 55.0 25 -1 0b 7f -1 -1 -1 -1 -1
1 1 0 25.9 55.0 27 -1 0b 7f -1 -1 -1 -1 -1
1 1 0 26.0 55.5 27 -1 0b 7f -1 -1 -1 -1 -1
1 1 0 26.0 55.5 27 -1 0b 7f -1 -1 -1 -1 -1
1 1 0 25.9 55.5 29 -1 0b 7f -1 -1 -1 -1 -1
1 1 6 26.0 55.5 27 -1 0b 7f -1 -1 -1 -1 -1
1 1 7 25.9 55.5 27 -1 0b 7f -1 -1 -1 -1 -1
1 1 10 26.0 55.5 25 -1 0b 7f -1 -1 -1 -1 -1
1 1 10 26.0 55.5 26 -1 0b 7f -1 -1 -1 -1 -1
1 1 0 26.0 55.5 26 -1 0b 7f -1 -1 -1 -1 -1
1 1 8 26.0 55.0 26 -1 0b 7f -1 -1 -1 -1 -1
1 1 0 26.0 55.0 26 -1 0b 7f -1 -1 -1 -1 -1
1 1 0 26.0 55.0 28 -1 0b 7f -1 -1 -1 -1 -1
1 1 0 26.0 55.0 28 -1 0b 7f -1 -1 -1 -1 -1
1 1 0 26.0 55.5 28 -1 0b 7f -1 -1 -1 -1 -1
1 1 0 26.0 55.5 30 -1 0b 7f -1 -1 -1 -1 -1
1 1 6 26.0 55.5 30 -1 0b 7f -1 -1 -1 -1 -1
1 1 1 26.1 55.5 26 -1 0b 7f -1 -1 -1 -1 -1
1 1 4 26.1 55.5 28 -1 0b 7f -1 -1 -1 -1 -1
1 1 0 26.0 55.5 28 -1 0b 7f -1 -1 -1 -1 -1
1 1 0 26.0 55.5 30 -1 0b 7f -1 -1 -1 -1 -1
1 1 0 26.0 55.0 30 -1 0b 7f -1 -1 -1 -1 -1
1 1 0 26.0 55.0 30 -1 0b 7f -1 -1 -1 -1 -1
1 1 0 26.1 55.0 32 -1 0b 7f -1 -1 -1 -1 -1
1 1 0 26.0 55.0 28 -1 0b 7f -1 -1 -1 -1 -1
1 1 0 25.9 55.0 26 -1 0b 7f -1 -1 -1 -1 -1
1 1 0 26.0 55.0 23 -1 0b 7f -1 -1 -1 -1 -1
1 1 0 25.9 55.0 23 -1 0b 7f -1 -1 -1 -1 -1
1 1 7 26.0 55.0 25 -1 0b 7f -1 -1 -1 -1 -1
1 1 0 26.0 55.0 23 -1 0b 7f -1 -1 -1 -1 -1
1 1 0 26.0 55.0 30 -1 0b 7f -1 -1 -1 -1 -1
1 1 6 26.0 55.0 28 -1 0b 7f -1 -1 -1 -1 -1
1 1 0 26.1 54.5 26 -1 0b 7f -1 -1 -1 -1 -1
1 1 8 26.0 54.5 23 -1 0b 7f -1 -1 -1 -1 -1
1 1 0 26.0 54.5 25 -1 0b 7f -1 -1 -1 -1 -1
1 1 0 26.1 54.5 27 -1 0b 7f -1 -1 -1 -1 -1
1 1 0 26.1 54.5 28 -1 0b 7f -1 -1 -1 -1 -1
1 1 5 26.0 54.5 28 -1 0b 7f -1 -1 -1 -1 -1
1 1 0 26.1 54.5 30 -1 0b 7f -1 -1 -1 -1 -1
1 1 0 26.0 54.0 27 -1 0b 7f -1 -1 -1 -1 -1
1 1 0 25.9 54.0 20 -1 0b 7f -1 -1 -1 -1 -1
1 1 0 26.0 54.0 26 -1 0b 7f -1 -1 -1 -1 -1
1 1 0 26.0 54.0 28 -1 0b 7f -1 -1 -1 -1 -1
1 1 0 26.0 54.0 33 -1 0b 7f -1 -1 -1 -1 -1
1 1 0 26.0 54.5 33 -1 0b 7f -1 -1 -1 -1 -1
1 1 0 26.0 54.5 33 -1 0b 7f -1 -1 -1 -1 -1
1 1 0 26.1 54.5 33 -1 0b 7f -1 -1 -1 -1 -1
1 1 0 26.0 54.0 31 -1 0b 7f -1 -1 -1 -1 -1
1 1 0 26.0 54.0 33 -1 0b 7f -1 -1 -1 -1 -1
1 1 0 26.0 54.0 33 -1 0b 7f -1 -1 -1 -1 -1
1 1 0 26.0 54.0 33 -1 0b 7f -1 -1 -1 -1 -1
1 1 0 26.0 54.0 33 -1 0b 7f -1 -1 -1 -1 -1
1 1 0 26.0 54.0 26 -1 0b 7f -1 -1 -1 -1 -1
1 1 0 26.0 54.0 22 -1 0b 7f -1 -1 -1 -1 -1
1 1 0 25.9 54.0 22 -1 0b 7f -1 -1 -1 -1 -1
1 1 0 26.0 54.0 24 -1 0b 7f -1 -1 -1 -1 -1
1 1 0 26.0 54.0 24 -1 0b 7f -1 -1 -1 -1 -1
1 1 0 26.0 54.0 22 -1 0b 7f -1 -1 -1 -1 -1
1 1 0 26.0 54.0 27 -1 0b 7f -1 -1 -1 -1 -1
1 1 2 26.1 54.0 33 -1 0b 7f -1 -1 -1 -1 -1
1 1 0 26.1 54.0 33 -1 0b 7f -1 -1 -1 -1 -1
1 1 0 26.1 54.0 31 -1 0b 7f -1 -1 -1 -1 -1
1 1 0 25.9 54.0 31 -1 0b 7f -1 -1 -1 -1 -1
1 1 0 26.0 54.0 21 -1 0b 7f -1 -1 -1 -1 -1
1 1 0 26.0 54.0 24 -1 0b 7f -1 -1 -1 -1 -1
1 1 0 26.0 54.0 30 -1 0b 7f -1 -1 -1 -1 -1
1 1 0 26.0 54.0 35 -1 0b 7f -1 -1 -1 -1 -1
1 1 0 26.1 54.0 31 -1 0b 7f -1 -1 -1 -1 -1
1 1 0 26.0 54.0 33 -1 0b 7f -1 -1 -1 -1 -1
1 1 0 26.0 54.0 33 -1 0b 7f -1 -1 -1 -1 -1
1 1 0 26.0 54.0 29 -1 0b 7f -1 -1 -1 -1 -1
1 1 0 26.0 54.5 30 -1 0b 7f -1 -1 -1 -1 -1
1 1 5 26.1 54.5 23 -1 0b 7f -1 -1 -1 -1 -1
1 1 3 26.1 54.5 24 -1 0b 7f -1 -1 -1 -1 -1
1 1 0 26.1 54.5 27 -1 0b 7f -1 -1 -1 -1 -1
1 1 0 26.1 54.5 28 -1 0b 7f -1 -1 -1 -1 -1
1 1 0 26.1 54.5 24 -1 0b 7f -1 -1 -1 -1 -1
1 1 0 26.2 54.5 33 -1 0b 7f -1 -1 -1 -1 -1
1 1 0 26.1 54.5 35 -1 0b 7f -1 -1 -1 -1 -1
1 1 0 26.1 54.5 35 -1 0b 7f -1 -1 -1 -1 -1
1 1 0 26.1 54.5 33 -1 0b 7f -1 -1 -1 -1 -1
1 1 5 26.2 54.5 35 -1 0b 7f -1 -1 -1 -1 -1
1 1 0 26.1 54.5 35 -1 0b 7f -1 -1 -1 -1 -1
1 1 0 26.1 54.5 33 -1 0b 7f -1 -1 -1 -1 -1
1 1 0 26.1 54.5 37 -1 0b 7f -1 -1 -1 -1 -1
1 1 7 26.1 54.5 30 -1 0b 7f -1 -1 -1 -1 -1
1 1 6 26.1 54.0 29 -1 0b 7f -1 -1 -1 -1 -1
1 1 8 26.1 54.0 30 -1 0b 7f -1 -1 -1 -1 -1
1 1 0 26.1 54.0 32 -1 0b 7f -1 -1 -1 -1 -1
1 1 0 26.1 54.0 25 -1 0b 7f -1 -1 -1 -1 -1
1 1 0 26.1 54.0 30 -1 0b 7f -1 -1 -1 -1 -1
1 1 0 26.1 54.0 27 -1 0b 7f -1 -1 -1 -1 -1
1 1 0 26.1 54.0 25 -1 0b 7f -1 -1 -1 -1 -1
1 1 0 26.1 54.0 22 -1 0b 7f -1 -1 -1 -1 -1
1 1 6 26.0 54.0 20 -1 0b 7f -1 -1 -1 -1 -1
1 1 0 26.1 54.0 22 -1 0b 7f -1 -1 -1 -1 -1
1 1 0 26.1 54.0 22 -1 0b 7f -1 -1 -1 -1 -1
1 1 8 26.1 54.0 20 -1 0b 7f -1 -1 -1 -1 -1
1 1 6 26.1 54.0 23 -1 0b 7f -1 -1 -1 -1 -1
1 1 0 26.1 54.0 37 -1 0b 7f -1 -1 -1 -1 -1
1 1 0 26.1 54.0 36 -1 0b 7f -1 -1 -1 -1 -1
1 1 6 26.1 53.5 38 -1 0b 7f -1 -1 -1 -1 -1
1 1 0 26.0 53.5 38 -1 0b 7f -1 -1 -1 -1 -1
1 1 0 26.0 53.5 38 -1 0b 7f -1 -1 -1 -1 -1
1 1 0 26.1 54.0 38 -1 0b 7f -1 -1 -1 -1 -1
1 1 0 26.1 54.0 38 -1 0b 7f -1 -1 -1 -1 -1
1 1 14 26.1 54.0 37 -1 0b 7f -1 -1 -1 -1 -1
1 1 28 26.2 54.0 40 -1 0b 7f -1 -1 -1 -1 -1
1 1 0 26.1 54.0 40 -1 0b 7f -1 -1 -1 -1 -1
1 1 0 26.1 54.0 40 -1 0b 7f -1 -1 -1 -1 -1
1 1 0 26.1 54.0 40 -1 0b 7f -1 -1 -1 -1 -1
1 1 0 26.1 54.0 38 -1 0b 7f -1 -1 -1 -1 -1
1 1 0 26.2 54.0 40 -1 0b 7f -1 -1 -1 -1 -1
1 1 0 26.1 53.5 35 -1 0b 7f -1 -1 -1 -1 -1
1 1 8 26.2 53.5 20 -1 0b 7f -1 -1 -1 -1 -1
1 1 0 26.1 53.5 18 -1 0b 7f -1 -1 -1 -1 -1
1 1 6 26.1 53.5 18 -1 0b 7f -1 -1 -1 -1 -1
1 1 0 26.2 53.5 18 -1 0b 7f -1 -1 -1 -1 -1
1 1 0 26.2 53.5 22 -1 0b 7f -1 -1 -1 -1 -1
1 1 0 26.2 53.5 20 -1 0b 7f -1 -1 -1 -1 -1
1 1 0 26.1 53.5 18 -1 0b 7f -1 -1 -1 -1 -1
1 1 0 26.1 53.5 23 -1 0b 7f -1 -1 -1 -1 -1
1 1 8 26.1 53.5 18 -1 0b 7f -1 -1 -1 -1 -1
1 1 0 26.1 53.5 31 -1 0b 7f -1 -1 -1 -1 -1
1 1 0 26.0 53.0 36 -1 0b 7f -1 -1 -1 -1 -1
1 1 0 26.0 53.5 40 -1 0b 7f -1 -1 -1 -1 -1
1 1 6 26.0 53.0 33 -1 0b 7f -1 -1 -1 -1 -1
1 1 0 26.1 53.0 27 -1 0b 7f -1 -1 -1 -1 -1
1 1 0 26.0 53.0 18 -1 0b 7f -1 -1 -1 -1 -1
1 1 0 26.1 53.0 21 -1 0b 7f -1 -1 -1 -1 -1
1 1 0 26.1 53.0 20 -1 0b 7f -1 -1 -1 -1 -1
1 1 0 26.0 53.0 16 -1 0b 7f -1 -1 -1 -1 -1
1 1 0 26.1 53.0 13 -1 0b 7f -1 -1 -1 -1 -1
1 1 9 26.1 52.5 17 -1 0b 7f -1 -1 -1 -1 -1
1 1 0 26.0 52.5 17 -1 0b 7f -1 -1 -1 -1 -1
1 1 0 26.0 52.5 17 -1 0b 7f -1 -1 -1 -1 -1
1 1 0 26.0 52.5 17 -1 0b 7f -1 -1 -1 -1 -1
1 1 0 26.0 52.5 17 -1 0b 7f -1 -1 -1 -1 -1
1 1 0 25.9 52.5 17 -1 0b 7f -1 -1 -1 -1 -1
1 1 0 25.9 52.5 17 -1 0b 7f -1 -1 -1 -1 -1
1 1 0 25.9 52.5 17 -1 0b 7f -1 -1 -1 -1 -1
1 1 0 25.9 52.5 17 -1 0b 7f -1 -1 -1 -1 -1
1 1 0 25.9 52.5 16 -1 0b 7f -1 -1 -1 -1 -1
1 1 0 25.9 52.5 25 -1 0b 7f -1 -1 -1 -1 -1
1 1 0 25.9 52.5 31 -1 0b 7f -1 -1 -1 -1 -1
1 1 0 25.9 52.0 33 -1 0b 7f -1 -1 -1 -1 -1
1 1 0 25.9 52.0 34 -1 0b 7f -1 -1 -1 -1 -1
1 1 0 25.9 52.0 34 -1 0b 7f -1 -1 -1 -1 -1
1 1 0 25.9 52.0 34 -1 0b 7f -1 -1 -1 -1 -1
1 1 0 25.9 52.0 26 -1 0b 7f -1 -1 -1 -1 -1
1 1 0 25.8 52.0 17 -1 0b 7f -1 -1 -1 -1 -1
1 1 6 25.9 52.0 17 -1 0b 7f -1 -1 -1 -1 -1
1 1 0 25.8 52.0 17 -1 0b 7f -1 -1 -1 -1 -1
1 1 0 25.8 52.0 17 -1 0b 7f -1 -1 -1 -1 -1
1 1 0 25.8 52.0 17 -1 0b 7f -1 -1 -1 -1 -1
1 1 0 25.9 52.0 17 -1 0b 7f -1 -1 -1 -1 -1
1 1 0 25.8 51.5 17 -1 0b 7f -1 -1 -1 -1 -1
1 1 0 25.8 51.5 17 -1 0b 7f -1 -1 -1 -1 -1
1 1 0 25.7 51.5 17 -1 0b 7f -1 -1 -1 -1 -1
1 1 0 25.7 51.5 13 -1 0b 7f -1 -1 -1 -1 -1
1 1 0 25.8 51.5 16 -1 0b 7f -1 -1 -1 -1 -1
1 1 0 25.7 51.5 16 -1 0b 7f -1 -1 -1 -1 -1
1 1 0 25.7 51.5 20 -1 0b 7f -1 -1 -1 -1 -1
1 1 0 25.7 51.5 24 -1 0b 7f -1 -1 -1 -1 -1
1 1 0 25.9 51.5 31 -1 0b 7f -1 -1 -1 -1 -1
1 1 0 25.7 51.5 31 -1 0b 7f -1 -1 -1 -1 -1
1 1 0 25.7 51.5 31 -1 0b 7f -1 -1 -1 -1 -1
1 1 0 25.7 51.5 28 -1 0b 7f -1 -1 -1 -1 -1
1 1 0 25.7 51.5 24 -1 0b 7f -1 -1 -1 -1 -1
1 1 0 25.7 51.5 16 -1 0b 7f -1 -1 -1 -1 -1
1 1 0 25.7 51.5 16 -1 0b 7f -1 -1 -1 -1 -1
1 1 0 25.7 51.5 16 -1 0b 7f -1 -1 -1 -1 -1
1 1 0 25.7 51.5 16 -1 0b 7f -1 -1 -1 -1 -1
1 1 0 25.7 51.5 13 -1 0b 7f -1 -1 -1 -1 -1
1 1 0 25.7 51.5 14 -1 0b 7f -1 -1 -1 -1 -1
1 1 0 25.7 51.5 18 -1 0b 7f -1 -1 -1 -1 -1
1 1 0 25.7 51.5 16 -1 0b 7f -1 -1 -1 -1 -1
1 1 0 25.7 51.5 13 -1 0b 7f -1 -1 -1 -1 -1
1 1 0 25.7 51.5 13 -1 0b 7f -1 -1 -1 -1 -1
1 1 0 25.7 51.5 13 -1 0b 7f -1 -1 -1 -1 -1
1 1 1 25.7 51.5 11 -1 0b 7f -1 -1 -1 -1 -1
1 1 0 25.6 51.5 11 -1 0b 7f -1 -1 -1 -1 -1
1 1 0 25.6 51.5 13 -1 0b 7f -1 -1 -1 -1 -1
1 1 0 25.6 51.5 13 -1 0b 7f -1 -1 -1 -1 -1
1 1 0 25.6 51.5 13 -1 0b 7f -1 -1 -1 -1 -1
1 1 0 25.6 51.5 11 -1 0b 7f -1 -1 -1 -1 -1
1 1 0 25.6 51.5 11 -1 0b 7f -1 -1 -1 -1 -1
1 1 0 25.5 51.5 11 -1 0b 7f -1 -1 -1 -1 -1
1 1 0 25.5 51.5 11 -1 0b 7f -1 -1 -1 -1 -1
1 1 0 25.6 51.0 9 -1 0b 7f -1 -1 -1 -1 -1
1 1 0 25.5 51.0 9 -1 0b 7f -1 -1 -1 -1 -1
1 1 0 25.5 51.0 13 -1 0b 7f -1 -1 -1 -1 -1
1 1 0 25.5 51.0 13 -1 0b 7f -1 -1 -1 -1 -1
1 1 0 25.5 51.0 13 -1 0b 7f -1 -1 -1 -1 -1
1 1 0 25.5 51.0 13 -1 0b 7f -1 -1 -1 -1 -1
1 1 0 25.5 51.5 11 -1 0b 7f -1 -1 -1 -1 -1
1 1 0 25.5 51.5 11 -1 0b 7f -1 -1 -1 -1 -1
1 1 0 25.5 51.5 11 -1 0b 7f -1 -1 -1 -1 -1
1 1 0 25.5 51.5 11 -1 0b 7f -1 -1 -1 -1 -1
1 1 0 25.4 51.0 11 -1 0b 7f -1 -1 -1 -1 -1
1 1 0 25.5 51.5 11 -1 0b 7f -1 -1 -1 -1 -1
1 1 0 25.4 51.5 11 -1 0b 7f -1 -1 -1 -1 -1
1 1 0 25.4 51.0 11 -1 0b 7f -1 -1 -1 -1 -1
1 1 0 25.3 51.0 11 -1 0b 7f -1 -1 -1 -1 -1
1 1 0 25.4 51.0 9 -1 0b 7f -1 -1 -1 -1 -1
1 1 0 25.3 51.5 9 -1 0b 7f -1 -1 -1 -1 -1
1 1 0 25.3 51.5 9 -1 0b 7f -1 -1 -1 -1 -1
1 1 0 25.4 51.5 9 -1 0b 7f -1 -1 -1 -1 -1
1 1 2 25.3 51.0 9 -1 0b 7f -1 -1 -1 -1 -1
1 1 0 25.4 51.0 9 -1 0b 7f -1 -1 -1 -1 -1
1 1 0 25.3 51.0 9 -1 0b 7f -1 -1 -1 -1 -1
1 1 0 25.3 51.0 9 -1 0b 7f -1 -1 -1 -1 -1
1 1 0 25.3 51.0 10 -1 0b 7f -1 -1 -1 -1 -1
1 1 0 25.2 51.0 10 -1 0b 7f -1 -1 -1 -1 -1
1 1 0 25.3 51.0 10 -1 0b 7f -1 -1 -1 -1 -1
1 1 5 25.2 51.0 10 -1 0b 7f -1 -1 -1 -1 -1
1 1 4 25.3 51.0 10 -1 0b 7f -1 -1 -1 -1 -1
1 1 0 25.3 51.0 10 -1 0b 7f -1 -1 -1 -1 -1
1 1 0 25.2 51.0 10 -1 0b 7f -1 -1 -1 -1 -1
1 1 0 25.3 51.0 10 -1 0b 7f -1 -1 -1 -1 -1
1 1 0 25.2 51.0 10 -1 0b 7f -1 -1 -1 -1 -1
1 1 0 25.2 51.0 10 -1 0b 7f -1 -1 -1 -1 -1
1 1 0 25.2 51.0 10 -1 0b 7f -1 -1 -1 -1 -1
1 1 0 25.2 51.0 10 -1 0b 7f -1 -1 -1 -1 -1
1 1 5 25.2 51.5 10 -1 0b 7f -1 -1 -1 -1 -1
1 1 0 25.1 51.5 10 -1 0b 7f -1 -1 -1 -1 -1
1 1 6 25.2 51.5 10 -1 0b 7f -1 -1 -1 -1 -1
1 1 0 25.2 52.0 10 -1 0b 7f -1 -1 -1 -1 -1
1 1 0 25.2 52.0 8 -1 0b 7f -1 -1 -1 -1 -1
1 1 0 25.3 52.0 8 -1 0b 7f -1 -1 -1 -1 -1
1 1 0 25.2 52.5 8 -1 0b 7f -1 -1 -1 -1 -1
1 1 0 25.3 52.5 8 -1 0b 7f -1 -1 -1 -1 -1
1 1 0 25.1 52.5 8 -1 0b 7f -1 -1 -1 -1 -1
1 1 0 25.2 53.0 8 -1 0b 7f -1 -1 -1 -1 -1
1 1 0 25.3 53.0 8 -1 0b 7f -1 -1 -1 -1 -1
1 1 0 25.3 53.0 8 -1 0b 7f -1 -1 -1 -1 -1
1 1 0 25.3 53.0 8 -1 0b 7f -1 -1 -1 -1 -1
1 1 0 25.2 53.0 6 -1 0b 7f -1 -1 -1 -1 -1
1 1 0 25.2 53.0 6 -1 0b 7f -1 -1 -1 -1 -1
1 1 0 25.3 53.0 6 -1 0b 7f -1 -1 -1 -1 -1
1 1 0 25.2 53.0 6 -1 0b 7f -1 -1 -1 -1 -1
1 1 0 25.2 53.5 6 -1 0b 7f -1 -1 -1 -1 -1
1 1 0 25.2 53.5 6 -1 0b 7f -1 -1 -1 -1 -1
1 1 0 25.2 53.5 4 -1 0b 7f -1 -1 -1 -1 -1
1 1 5 25.2 53.5 6 -1 0b 7f -1 -1 -1 -1 -1
1 1 0 25.2 53.5 6 -1 0b 7f -1 -1 -1 -1 -1
1 1 0 25.1 53.5 6 -1 0b 7f -1 -1 -1 -1 -1
1 1 0 25.1 53.5 6 -1 0b 7f -1 -1 -1 -1 -1
1 1 0 25.1 53.5 6 -1 0b 7f -1 -1 -1 -1 -1
1 1 8 25.1 53.5 6 -1 0b 7f -1 -1 -1 -1 -1
1 1 0 25.1 53.5 6 -1 0b 7f -1 -1 -1 -1 -1
1 1 0 25.1 53.0 6 -1 0b 7f -1 -1 -1 -1 -1
1 1 5 25.0 53.0 6 -1 0b 7f -1 -1 -1 -1 -1
1 1 0 25.0 53.5 6 -1 0b 7f -1 -1 -1 -1 -1
1 1 0 25.0 53.5 10 -1 0b 7f -1 -1 -1 -1 -1
1 1 7 25.0 53.5 10 -1 0b 7f -1 -1 -1 -1 -1
1 1 0 25.0 53.0 10 -1 0b 7f -1 -1 -1 -1 -1
1 1 0 25.0 53.0 10 -1 0b 7f -1 -1 -1 -1 -1
1 1 0 25.0 53.0 8 -1 0b 7f -1 -1 -1 -1 -1
1 1 0 25.0 52.5 10 -1 0b 7f -1 -1 -1 -1 -1
1 1 0 25.0 52.5 10 -1 0b 7f -1 -1 -1 -1 -1
1 1 0 25.0 53.0 10 -1 0b 7f -1 -1 -1 -1 -1
1 1 0 25.0 52.5 10 -1 0b 7f -1 -1 -1 -1 -1
1 1 0 25.1 52.5 10 -1 0b 7f -1 -1 -1 -1 -1
1 1 0 25.0 53.0 10 -1 0b 7f -1 -1 -1 -1 -1
1 1 0 25.0 53.0 10 -1 0b 7f -1 -1 -1 -1 -1
1 1 0 25.0 53.0 10 -1 0b 7f -1 -1 -1 -1 -1
1 1 0 25.0 53.0 10 -1 0b 7f -1 -1 -1 -1 -1
1 1 0 25.0 53.0 8 -1 0b 7f -1 -1 -1 -1 -1
1 1 0 25.0 53.0 10 -1 0b 7f -1 -1 -1 -1 -1
1 1 0 25.0 53.0 10 -1 0b 7f -1 -1 -1 -1 -1
1 1 0 25.0 53.0 10 -1 0b 7f -1 -1 -1 -1 -1
1 1 0 25.0 53.0 10 -1 0b 7f -1 -1 -1 -1 -1
1 1 0 24.9 53.0 10 -1 0b 7f -1 -1 -1 -1 -1
1 1 0 24.9 53.0 10 -1 0b 7f -1 -1 -1 -1 -1
1 1 0 24.9 52.5 10 -1 0b 7f -1 -1 -1 -1 -1
1 1 0 24.9 52.5 10 -1 0b 7f -1 -1 -1 -1 -1
1 1 4 24.9 52.5 10 -1 0b 7f -1 -1 -1 -1 -1
1 1 0 24.9 52.5 10 -1 0b 7f -1 -1 -1 -1 -1
1 1 0 24.9 53.0 10 -1 0b 7f -1 -1 -1 -1 -1
1 1 0 24.9 52.5 10 -1 0b 7f -1 -1 -1 -1 -1
1 1 7 24.9 52.5 10 -1 0b 7f -1 -1 -1 -1 -1
1 1 17 25.0 52.5 10 -1 0b 7f -1 -1 -1 -1 -1
1 1 13 24.9 52.5 10 -1 0b 7f -1 -1 -1 -1 -1
1 1 23 24.9 52.5 10 -1 0b 7f -1 -1 -1 -1 -1
1 1 7 24.9 52.5 10 -1 0b 7f -1 -1 -1 -1 -1
1 1 0 24.8 52.5 10 -1 0b 7f -1 -1 -1 -1 -1
1 1 0 24.8 52.5 10 -1 0b 7f -1 -1 -1 -1 -1
1 1 0 24.8 52.0 10 -1 0b 7f -1 -1 -1 -1 -1
1 1 0 24.8 52.5 10 -1 0b 7f -1 -1 -1 -1 -1
1 1 0 24.8 52.5 10 -1 0b 7f -1 -1 -1 -1 -1
1 1 0 24.8 52.5 10 -1 0b 7f -1 -1 -1 -1 -1
1 1 0 24.8 52.5 10 -1 0b 7f -1 -1 -1 -1 -1
1 1 0 24.8 52.0 10 -1 0b 7f -1 -1 -1 -1 -1
1 1 0 24.7 52.0 10 -1 0b 7f -1 -1 -1 -1 -1
1 1 0 24.7 52.5 10 -1 0b 7f -1 -1 -1 -1 -1
1 1 0 24.8 52.0 10 -1 0b 7f -1 -1 -1 -1 -1
1 1 9 24.8 52.0 10 -1 0b 7f -1 -1 -1 -1 -1
1 1 0 24.8 52.0 8 -1 0b 7f -1 -1 -1 -1 -1
1 1 0 25.0 52.0 10 -1 0b 7f -1 -1 -1 -1 -1
1 1 0 25.1 52.0 10 -1 0b 7f -1 -1 -1 -1 -1
1 1 0 25.3 52.5 8 -1 0b 7f -1 -1 -1 -1 -1
1 1 4 25.4 53.0 10 -1 0b 7f -1 -1 -1 -1 -1
1 1 0 25.5 53.0 10 -1 0b 7f -1 -1 -1 -1 -1
1 1 0 25.6 53.0 10 -1 0b 7f -1 -1 -1 -1 -1
1 1 0 25.7 53.0 10 -1 0b 7f -1 -1 -1 -1 -1
1 1 0 25.8 53.5 10 -1 0b 7f -1 -1 -1 -1 -1
1 1 0 25.8 53.5 10 -1 0b 7f -1 -1 -1 -1 -1
1 1 0 25.9 54.5 10 -1 0b 7f -1 -1 -1 -1 -1
1 1 0 26.0 54.5 10 -1 0b 7f -1 -1 -1 -1 -1
1 1 0 26.1 54.0 10 -1 0b 7f -1 -1 -1 -1 -1
1 1 0 26.1 54.5 10 -1 0b 7f -1 -1 -1 -1 -1
1 1 0 26.2 55.0 10 -1 0b 7f -1 -1 -1 -1 -1
1 1 0 26.2 55.5 10 -1 0b 7f -1 -1 -1 -1 -1
1 1 9 26.2 56.0 8 -1 0b 7f -1 -1 -1 -1 -1
1 1 6 26.3 55.5 10 -1 0b 7f -1 -1 -1 -1 -1
1 1 3 26.4 54.5 10 -1 0b 7f -1 -1 -1 -1 -1
1 1 0 26.4 55.0 10 -1 0b 7f -1 -1 -1 -1 -1
1 1 0 26.4 55.5 10 -1 0b 7f -1 -1 -1 -1 -1
1 1 0 26.4 56.0 10 -1 0b 7f -1 -1 -1 -1 -1
1 1 9 26.5 55.5 10 -1 0b 7f -1 -1 -1 -1 -1
1 1 4 26.6 54.0 10 -1 0b 7f -1 -1 -1 -1 -1
1 1 1 26.6 53.0 10 -1 0b 7f -1 -1 -1 -1 -1
1 1 5 26.6 54.0 10 -1 0b 7f -1 -1 -1 -1 -1
1 1 5 26.7 54.0 10 -1 0b 7f -1 -1 -1 -1 -1
1 1 0 26.7 54.0 10 -1 0b 7f -1 -1 -1 -1 -1
1 1 0 26.7 54.5 10 -1 0b 7f -1 -1 -1 -1 -1
1 1 0 26.8 54.5 10 -1 0b 7f -1 -1 -1 -1 -1
1 1 0 26.7 54.5 10 -1 0b 7f -1 -1 -1 -1 -1
1 1 0 26.8 55.0 10 -1 0b 7f -1 -1 -1 -1 -1
1 1 0 26.8 55.5 10 -1 0b 7f -1 -1 -1 -1 -1
1 1 0 26.9 55.5 10 -1 0b 7f -1 -1 -1 -1 -1
1 1 0 27.0 56.0 10 -1 0b 7f -1 -1 -1 -1 -1
1 1 0 26.9 55.5 10 -1 0b 7f -1 -1 -1 -1 -1
1 1 0 26.9 55.5 10 -1 0b 7f -1 -1 -1 -1 -1
1 1 1 27.0 55.5 8 -1 0b 7f -1 -1 -1 -1 -1
1 1 8 27.0 55.5 10 -1 0b 7f -1 -1 -1 -1 -1
1 1 0 27.1 54.5 10 -1 0b 7f -1 -1 -1 -1 -1
1 1 0 27.1 54.5 10 -1 0b 7f -1 -1 -1 -1 -1
1 1 0 27.2 54.5 10 -1 0b 7f -1 -1 -1 -1 -1
1 1 0 27.2 54.0 10 -1 0b 7f -1 -1 -1 -1 -1
1 1 0 27.2 54.0 10 -1 0b 7f -1 -1 -1 -1 -1
1 1 0 27.2 54.0 10 -1 0b 7f -1 -1 -1 -1 -1
1 1 0 27.3 54.5 10 -1 0b 7f -1 -1 -1 -1 -1
1 1 0 27.3 54.5 10 -1 0b 7f -1 -1 -1 -1 -1
1 1 0 27.4 54.0 10 -1 0b 7f -1 -1 -1 -1 -1
1 1 0 27.4 55.0 10 -1 0b 7f -1 -1 -1 -1 -1
1 1 0 27.4 55.0 10 -1 0b 7f -1 -1 -1 -1 -1
1 1 0 27.4 55.5 10 -1 0b 7f -1 -1 -1 -1 -1
1 1 0 27.4 55.5 10 -1 0b 7f -1 -1 -1 -1 -1
1 1 0 27.5 55.5 10 -1 0b 7f -1 -1 -1 -1 -1
1 1 0 27.5 55.5 10 -1 0b 7f -1 -1 -1 -1 -1
1 1 0 27.5 55.5 10 -1 0b 7f -1 -1 -1 -1 -1
1 1 0 27.5 54.5 10 -1 0b 7f -1 -1 -1 -1 -1
1 1 0 27.5 54.5 10 -1 0b 7f -1 -1 -1 -1 -1
1 1 0 27.6 55.0 10 -1 0b 7f -1 -1 -1 -1 -1
1 1 0 27.6 56.0 10 -1 0b 7f -1 -1 -1 -1 -1
1 1 0 27.6 55.5 10 -1 0b 7f -1 -1 -1 -1 -1
1 1 0 27.6 55.5 10 -1 0b 7f -1 -1 -1 -1 -1
1 1 0 27.7 54.5 10 -1 0b 7f -1 -1 -1 -1 -1
1 1 0 27.7 54.5 10 -1 0b 7f -1 -1 -1 -1 -1
1 1 0 27.7 55.0 10 -1 0b 7f -1 -1 -1 -1 -1
1 1 0 27.7 55.5 10 -1 0b 7f -1 -1 -1 -1 -1
1 1 0 27.8 55.5 10 -1 0b 7f -1 -1 -1 -1 -1
1 1 0 27.8 54.5 10 -1 0b 7f -1 -1 -1 -1 -1
1 1 0 27.8 53.5 10 -1 0b 7f -1 -1 -1 -1 -1
1 1 0 27.8 53.0 10 -1 0b 7f -1 -1 -1 -1 -1
1 1 0 27.8 53.0 10 -1 0b 7f -1 -1 -1 -1 -1
1 1 0 27.9 53.0 10 -1 0b 7f -1 -1 -1 -1 -1
1 1 0 27.8 53.0 10 -1 0b 7f -1 -1 -1 -1 -1
1 1 0 27.9 53.0 10 -1 0b 7f -1 -1 -1 -1 -1
1 1 0 27.9 53.0 10 -1 0b 7f -1 -1 -1 -1 -1
1 1 0 28.0 53.5 10 -1 0b 7f -1 -1 -1 -1 -1
1 1 0 28.0 54.0 10 -1 0b 7f -1 -1 -1 -1 -1
1 1 0 28.0 53.0 10 -1 0b 7f -1 -1 -1 -1 -1
1 1 1 28.0 52.5 10 -1 0b 7f -1 -1 -1 -1 -1
1 1 0 28.0 52.0 10 -1 0b 7f -1 -1 -1 -1 -1
1 1 0 28.0 52.0 10 -1 0b 7f -1 -1 -1 -1 -1
1 1 2 28.0 51.5 10 -1 0b 7f -1 -1 -1 -1 -1
1 1 6 28.0 51.0 10 -1 0b 7f -1 -1 -1 -1 -1
1 1 0 28.1 51.0 10 -1 0b 7f -1 -1 -1 -1 -1
1 1 0 28.1 51.5 10 -1 0b 7f -1 -1 -1 -1 -1
1 1 0 28.1 51.0 10 -1 0b 7f -1 -1 -1 -1 -1
1 1 0 28.1 50.5 10 -1 0b 7f -1 -1 -1 -1 -1
1 1 0 28.1 50.5 10 -1 0b 7f -1 -1 -1 -1 -1
1 1 0 28.2 50.5 10 -1 0b 7f -1 -1 -1 -1 -1
1 1 0 28.2 50.5 10 -1 0b 7f -1 -1 -1 -1 -1
1 1 0 28.2 50.0 10 -1 0b 7f -1 -1 -1 -1 -1
1 1 0 28.2 50.0 10 -1 0b 7f -1 -1 -1 -1 -1
1 1 0 28.2 50.0 10 -1 0b 7f -1 -1 -1 -1 -1
1 1 8 28.2 49.5 10 -1 0b 7f -1 -1 -1 -1 -1
1 1 0 28.3 51.0 10 -1 0b 7f -1 -1 -1 -1 -1
1 1 0 28.3 52.0 10 -1 0b 7f -1 -1 -1 -1 -1
1 1 0 28.4 52.5 10 -1 0b 7f -1 -1 -1 -1 -1
1 1 0 28.4 53.0 10 -1 0b 7f -1 -1 -1 -1 -1
1 1 0 28.4 53.5 10 -1 0b 7f -1 -1 -1 -1 -1
1 1 0 28.4 53.0 10 -1 0b 7f -1 -1 -1 -1 -1
1 1 0 28.4 54.0 10 -1 0b 7f -1 -1 -1 -1 -1
1 1 0 28.5 54.5 10 -1 0b 7f -1 -1 -1 -1 -1
1 1 0 28.5 55.0 10 -1 0b 7f -1 -1 -1 -1 -1
1 1 0 28.5 55.0 10 -1 0b 7f -1 -1 -1 -1 -1
1 1 0 28.6 55.0 10 -1 0b 7f -1 -1 -1 -1 -1
1 1 0 28.6 55.0 10 -1 0b 7f -1 -1 -1 -1 -1
1 1 0 28.6 55.0 10 -1 0b 7f -1 -1 -1 -1 -1
1 1 0 28.7 55.0 10 -1 0b 7f -1 -1 -1 -1 -1
1 1 0 28.7 55.0 10 -1 0b 7f -1 -1 -1 -1 -1
1 1 0 28.6 55.0 10 -1 0b 7f -1 -1 -1 -1 -1
1 1 0 28.7 55.0 10 -1 0b 7f -1 -1 -1 -1 -1
1 1 0 28.7 55.0 10 -1 0b 7f -1 -1 -1 -1 -1
1 1 0 28.7 55.0 10 -1 0b 7f -1 -1 -1 -1 -1
1 1 0 28.7 55.0 10 -1 0b 7f -1 -1 -1 -1 -1
1 1 0 28.7 55.0 10 -1 0b 7f -1 -1 -1 -1 -1
1 1 1 28.8 55.0 10 -1 0b 7f -1 -1 -1 -1 -1
1 1 0 28.8 54.5 10 -1 0b 7f -1 -1 -1 -1 -1
1 1 0 28.9 54.5 10 -1 0b 7f -1 -1 -1 -1 -1
1 1 0 28.9 54.0 10 -1 0b 7f -1 -1 -1 -1 -1
1 1 0 29.0 54.5 10 -1 0b 7f -1 -1 -1 -1 -1
1 1 0 28.9 55.0 10 -1 0b 7f -1 -1 -1 -1 -1
1 1 0 28.9 55.0 10 -1 0b 7f -1 -1 -1 -1 -1
1 1 0 29.0 55.0 10 -1 0b 7f -1 -1 -1 -1 -1
1 1 0 29.0 54.5 10 -1 0b 7f -1 -1 -1 -1 -1
1 1 0 29.0 55.0 10 -1 0b 7f -1 -1 -1 -1 -1
1 1 0 29.1 55.0 10 -1 0b 7f -1 -1 -1 -1 -1
1 1 0 29.1 55.0 10 -1 0b 7f -1 -1 -1 -1 -1
1 1 0 29.1 55.0 10 -1 0b 7f -1 -1 -1 -1 -1
1 1 0 29.1 55.5 10 -1 0b 7f -1 -1 -1 -1 -1
1 1 0 29.2 55.5 10 -1 0b 7f -1 -1 -1 -1 -1
1 1 0 29.2 55.0 10 -1 0b 7f -1 -1 -1 -1 -1
1 1 0 29.2 55.0 10 -1 0b 7f -1 -1 -1 -1 -1
1 1 0 29.1 55.0 10 -1 0b 7f -1 -1 -1 -1 -1
1 1 0 29.2 55.0 10 -1 0b 7f -1 -1 -1 -1 -1
1 1 0 29.2 55.5 10 -1 0b 7f -1 -1 -1 -1 -1
1 1 0 29.3 55.0 10 -1 0b 7f -1 -1 -1 -1 -1
1 1 0 29.2 55.0 10 -1 0b 7f -1 -1 -1 -1 -1
1 1 0 29.2 55.0 8 -1 0b 7f -1 -1 -1 -1 -1
1 1 0 29.3 55.0 10 -1 0b 7f -1 -1 -1 -1 -1
1 1 0 29.3 54.5 10 -1 0b 7f -1 -1 -1 -1 -1
1 1 0 29.3 54.5 10 -1 0b 7f -1 -1 -1 -1 -1
1 1 0 29.3 54.5 10 -1 0b 7f -1 -1 -1 -1 -1
1 1 0 29.4 55.0 10 -1 0b 7f -1 -1 -1 -1 -1
1 1 0 29.4 54.5 10 -1 0b 7f -1 -1 -1 -1 -1
1 1 0 29.4 55.0 10 -1 0b 7f -1 -1 -1 -1 -1
1 1 0 29.4 54.5 10 -1 0b 7f -1 -1 -1 -1 -1
1 1 0 29.5 55.0 10 -1 0b 7f -1 -1 -1 -1 -1
1 1 0 29.4 54.5 8 -1 0b 7f -1 -1 -1 -1 -1
1 1 0 29.4 55.0 10 -1 0b 7f -1 -1 -1 -1 -1
1 1 1 29.5 55.0 8 -1 0b 7f -1 -1 -1 -1 -1
1 1 2 29.5 55.0 8 -1 0b 7f -1 -1 -1 -1 -1
1 1 8 29.5 55.0 8 -1 0b 7f -1 -1 -1 -1 -1
1 1 12 29.6 54.5 10 -1 0b 7f -1 -1 -1 -1 -1
1 1 25 29.6 54.0 8 -1 0b 7f -1 -1 -1 -1 -1
1 1 19 29.6 54.0 6 -1 0b 7f -1 -1 -1 -1 -1
1 1 0 29.5 54.0 6 -1 0b 7f -1 -1 -1 -1 -1
1 1 1 29.5 54.5 10 -1 0b 7f -1 -1 -1 -1 -1
1 1 4 29.5 54.0 10 -1 0b 7f -1 -1 -1 -1 -1
1 1 0 29.4 54.0 10 -1 0b 7f -1 -1 -1 -1 -1
1 1 5 29.5 53.5 14 -1 0b 7f -1 -1 -1 -1 -1
1 1 5 29.5 53.5 16 -1 0b 7f -1 -1 -1 -1 -1
1 1 4 29.5 53.5 16 -1 0b 7f -1 -1 -1 -1 -1
1 1 12 29.5 53.0 12 -1 0b 0f -1 -1 -1 -1 -1
1 1 0 29.5 53.5 1 -1 0b 0f -1 -1 -1 -1 -1
1 1 0 29.5 53.5 1 -1 0b 0f -1 -1 -1 -1 -1
1 1 0 29.5 54.5 1 -1 0b 0f -1 -1 -1 -1 -1
1 1 0 29.5 54.5 1 -1 0b 0f -1 -1 -1 -1 -1
1 1 0 29.6 54.5 1 -1 0b 0f -1 -1 -1 -1 -1
1 1 0 29.6 54.5 1 -1 0b 0f -1 -1 -1 -1 -1
1 1 0 29.6 54.5 1 -1 0b 0f -1 -1 -1 -1 -1
1 1 0 29.6 54.5 1 -1 0b 0f -1 -1 -1 -1 -1
1 1 0 29.6 54.5 1 -1 0b 0f -1 -1 -1 -1 -1
1 1 0 29.6 54.5 1 -1 0b 0f -1 -1 -1 -1 -1
1 1 0 29.6 54.5 1 -1 0b 0f -1 -1 -1 -1 -1
1 1 0 29.6 54.5 1 -1 0b 0f -1 -1 -1 -1 -1
1 1 0 29.6 54.5 1 -1 0b 0f -1 -1 -1 -1 -1
1 1 0 29.7 55.0 1 -1 0b 0f -1 -1 -1 -1 -1
1 1 0 29.7 55.0 1 -1 0b 0f -1 -1 -1 -1 -1
1 1 0 29.6 55.0 1 -1 0b 0f -1 -1 -1 -1 -1
1 1 0 29.8 55.0 1 -1 0b 0f -1 -1 -1 -1 -1
1 1 0 29.7 55.0 1 -1 0b 0f -1 -1 -1 -1 -1
1 1 0 29.7 55.0 1 -1 0b 0f -1 -1 -1 -1 -1
1 1 0 29.7 55.0 1 -1 0b 0f -1 -1 -1 -1 -1
1 1 0 29.8 55.0 1 -1 0b 0f -1 -1 -1 -1 -1
1 1 0 29.8 55.5 1 -1 0b 0f -1 -1 -1 -1 -1
1 1 0 29.9 55.5 1 -1 0b 0f -1 -1 -1 -1 -1
1 1 0 29.9 55.5 1 -1 0b 0f -1 -1 -1 -1 -1
1 1 0 29.8 55.5 1 -1 0b 0f -1 -1 -1 -1 -1
1 1 0 29.8 55.5 1 -1 0b 0f -1 -1 -1 -1 -1
1 1 0 29.8 55.0 1 -1 0b 0f -1 -1 -1 -1 -1
1 1 0 29.9 55.5 1 -1 0b 0f -1 -1 -1 -1 -1
1 1 0 29.9 55.5 1 -1 0b 0f -1 -1 -1 -1 -1
1 1 0 29.9 55.0 1 -1 0b 0f -1 -1 -1 -1 -1
1 1 0 29.9 55.5 1 -1 0b 0f -1 -1 -1 -1 -1
1 1 0 30.0 55.5 1 -1 0b 0f -1 -1 -1 -1 -1
1 1 0 30.0 55.5 1 -1 0b 0f -1 -1 -1 -1 -1
1 1 0 29.9 55.5 1 -1 0b 0f -1 -1 -1 -1 -1
1 1 0 30.0 55.5 1 -1 0b 0f -1 -1 -1 -1 -1
1 1 0 30.0 55.5 1 -1 0b 0f -1 -1 -1 -1 -1
1 1 0 30.0 55.5 1 -1 0b 0f -1 -1 -1 -1 -1
1 1 0 30.0 55.5 1 -1 0b 0f -1 -1 -1 -1 -1
1 1 0 30.0 55.5 1 -1 0b 0f -1 -1 -1 -1 -1
1 1 0 30.0 56.0 1 -1 0b 0f -1 -1 -1 -1 -1
1 1 0 30.0 55.5 1 -1 0b 0f -1 -1 -1 -1 -1
1 1 0 30.1 55.5 1 -1 0b 0f -1 -1 -1 -1 -1
1 1 0 30.1 56.0 1 -1 0b 0f -1 -1 -1 -1 -1
1 1 0 30.0 56.0 1 -1 0b 0f -1 -1 -1 -1 -1
1 1 0 30.1 56.0 1 -1 0b 0f -1 -1 -1 -1 -1
1 1 0 30.1 56.0 1 -1 0b 0f -1 -1 -1 -1 -1
1 1 0 30.1 56.0 1 -1 0b 0f -1 -1 -1 -1 -1
1 1 0 30.1 56.0 1 -1 0b 0f -1 -1 -1 -1 -1
1 1 0 30.1 56.0 1 -1 0b 0f -1 -1 -1 -1 -1
1 1 0 30.1 56.0 1 -1 0b 0f -1 -1 -1 -1 -1
1 1 0 30.2 56.0 1 -1 0b 0f -1 -1 -1 -1 -1
1 1 0 30.1 56.0 1 -1 0b 0f -1 -1 -1 -1 -1
1 1 0 30.2 56.0 1 -1 0b 0f -1 -1 -1 -1 -1
1 1 0 30.1 56.0 1 -1 0b 0f -1 -1 -1 -1 -1
1 1 0 30.1 56.0 1 -1 0b 0f -1 -1 -1 -1 -1
1 1 0 30.2 56.0 1 -1 0b 0f -1 -1 -1 -1 -1
1 1 0 30.2 56.0 1 -1 0b 0f -1 -1 -1 -1 -1
1 1 0 30.2 56.0 1 -1 0b 0f -1 -1 -1 -1 -1
1 1 0 30.2 56.0 1 -1 0b 0f -1 -1 -1 -1 -1
1 1 0 30.2 56.0 1 -1 0b 0f -1 -1 -1 -1 -1
1 1 0 30.3 56.5 1 -1 0b 0f -1 -1 -1 -1 -1
1 1 0 30.3 56.5 1 -1 0b 0f -1 -1 -1 -1 -1
1 1 0 30.3 56.5 1 -1 0b 0f -1 -1 -1 -1 -1
1 1 0 30.3 56.0 1 -1 0b 0f -1 -1 -1 -1 -1
1 1 0 30.3 56.0 1 -1 0b 0f -1 -1 -1 -1 -1
1 1 0 30.3 56.0 1 -1 0b 0f -1 -1 -1 -1 -1
1 1 0 30.3 56.0 1 -1 0b 0f -1 -1 -1 -1 -1
1 1 0 30.3 56.5 1 -1 0b 0f -1 -1 -1 -1 -1
1 1 0 30.3 56.5 1 -1 0b 0f -1 -1 -1 -1 -1
1 1 0 30.3 56.5 1 -1 0b 0f -1 -1 -1 -1 -1
1 1 0 30.3 56.5 1 -1 0b 0f -1 -1 -1 -1 -1
1 1 0 30.3 56.0 1 -1 0b 0f -1 -1 -1 -1 -1
1 1 0 30.3 56.0 1 -1 0b 0f -1 -1 -1 -1 -1
1 1 0 30.3 56.0 1 -1 0b 0f -1 -1 -1 -1 -1
1 1 0 30.4 56.0 1 -1 0b 0f -1 -1 -1 -1 -1
1 1 0 30.4 56.5 1 -1 0b 0f -1 -1 -1 -1 -1
1 1 0 30.4 56.5 1 -1 0b 0f -1 -1 -1 -1 -1
1 1 0 30.5 56.5 1 -1 0b 0f -1 -1 -1 -1 -1
1 1 0 30.4 56.5 1 -1 0b 0f -1 -1 -1 -1 -1
