1 1 0 29.4 56.0 0 -1 4b 0f -1 -1 -1 -1 -1
1 1 0 29.5 56.0 0 -1 4b 0f -1 -1 -1 -1 -1
1 1 0 29.4 56.5 0 -1 4b 0f -1 -1 -1 -1 -1
1 1 0 29.4 56.5 0 -1 4b 0f -1 -1 -1 -1 -1
1 1 0 29.4 56.5 0 -1 4b 0f -1 -1 -1 -1 -1
1 1 0 29.4 56.5 0 -1 4b 0f -1 -1 -1 -1 -1
1 1 0 29.4 56.5 0 -1 4b 0f -1 -1 -1 -1 -1
1 1 0 29.4 56.5 0 -1 4b 0f -1 -1 -1 -1 -1
1 1 0 29.4 56.5 0 -1 4b 0f -1 -1 -1 -1 -1
1 1 0 29.5 56.5 0 -1 4b 0f -1 -1 -1 -1 -1
1 1 0 29.5 56.5 0 -1 4b 0f -1 -1 -1 -1 -1
1 1 0 29.5 56.5 0 -1 4b 0f -1 -1 -1 -1 -1
1 1 0 29.4 56.5 0 -1 4b 0f -1 -1 -1 -1 -1
1 1 0 29.4 56.5 0 -1 4b 0f -1 -1 -1 -1 -1
1 1 0 29.5 56.5 0 -1 4b 0f -1 -1 -1 -1 -1
1 1 0 29.5 56.5 0 -1 4b 0f -1 -1 -1 -1 -1
1 1 0 29.5 56.5 0 -1 4b 0f -1 -1 -1 -1 -1
1 1 0 29.5 56.5 0 -1 4b 0f -1 -1 -1 -1 -1
1 1 0 29.4 56.5 0 -1 4b 0f -1 -1 -1 -1 -1
1 1 0 29.5 57.0 0 -1 4b 0f -1 -1 -1 -1 -1
1 1 0 29.4 57.0 0 -1 4b 0f -1 -1 -1 -1 -1
1 1 0 29.5 57.0 0 -1 4b 0f -1 -1 -1 -1 -1
1 1 0 29.5 57.0 0 -1 4b 0f -1 -1 -1 -1 -1
1 1 0 29.5 57.0 0 -1 4b 0f -1 -1 -1 -1 -1
1 1 0 29.5 57.0 0 -1 4b 0f -1 -1 -1 -1 -1
1 1 0 29.5 57.0 0 -1 4b 0f -1 -1 -1 -1 -1
1 1 0 29.5 57.0 0 -1 4b 0f -1 -1 -1 -1 -1
1 1 0 29.5 56.5 0 -1 4b 0f -1 -1 -1 -1 -1
1 1 0 29.5 56.5 0 -1 4b 0f -1 -1 -1 -1 -1
1 1 0 29.6 57.0 0 -1 4b 0f -1 -1 -1 -1 -1
1 1 0 29.5 57.0 0 -1 4b 0f -1 -1 -1 -1 -1
1 1 0 29.5 57.0 0 -1 4b 0f -1 -1 -1 -1 -1
1 1 0 29.6 57.0 0 -1 4b 0f -1 -1 -1 -1 -1
1 1 0 29.6 57.0 0 -1 4b 0f -1 -1 -1 -1 -1
1 1 0 29.6 57.0 0 -1 4b 0f -1 -1 -1 -1 -1
1 1 0 29.5 57.0 0 -1 4b 0f -1 -1 -1 -1 -1
1 1 0 29.5 57.0 0 -1 4b 0f -1 -1 -1 -1 -1
1 1 0 29.6 57.0 0 -1 4b 0f -1 -1 -1 -1 -1
1 1 0 29.6 57.0 0 -1 4b 0f -1 -1 -1 -1 -1
1 1 0 29.6 57.0 0 -1 4b 0f -1 -1 -1 -1 -1
1 1 0 29.5 57.0 0 -1 4b 0f -1 -1 -1 -1 -1
1 1 0 29.6 57.0 0 -1 4b 0f -1 -1 -1 -1 -1
1 1 0 29.6 57.0 0 -1 4b 0f -1 -1 -1 -1 -1
1 1 0 29.6 57.0 0 -1 4b 0f -1 -1 -1 -1 -1
1 1 0 29.6 57.0 0 -1 4b 0f -1 -1 -1 -1 -1
1 1 0 29.6 57.0 0 -1 4b 0f -1 -1 -1 -1 -1
1 1 0 29.6 57.0 0 -1 4b 0f -1 -1 -1 -1 -1
1 1 0 29.7 57.0 0 -1 4b 0f -1 -1 -1 -1 -1
1 1 0 29.6 57.0 0 -1 4b 0f -1 -1 -1 -1 -1
1 1 0 29.6 57.0 0 -1 4b 0f -1 -1 -1 -1 -1
1 1 0 29.6 57.0 0 -1 4b 0f -1 -1 -1 -1 -1
1 1 0 29.7 57.5 0 -1 4b 0f -1 -1 -1 -1 -1
1 1 0 29.7 57.5 0 -1 4b 0f -1 -1 -1 -1 -1
1 1 0 29.7 57.5 0 -1 4b 0f -1 -1 -1 -1 -1
1 1 0 29.6 57.5 0 -1 4b 0f -1 -1 -1 -1 -1
1 1 0 29.7 57.5 0 -1 4b 0f -1 -1 -1 -1 -1
1 1 0 29.6 57.5 0 -1 4b 0f -1 -1 -1 -1 -1
1 1 0 29.7 57.5 0 -1 4b 0f -1 -1 -1 -1 -1
1 1 0 29.6 57.5 0 -1 4b 0f -1 -1 -1 -1 -1
1 1 0 29.7 57.5 0 -1 4b 0f -1 -1 -1 -1 -1
1 1 0 29.7 57.5 0 -1 4b 0f -1 -1 -1 -1 -1
1 1 0 29.6 57.5 0 -1 4b 0f -1 -1 -1 -1 -1
1 1 0 29.7 57.5 0 -1 4b 0f -1 -1 -1 -1 -1
1 1 0 29.6 57.5 0 -1 4b 0f -1 -1 -1 -1 -1
1 1 0 29.6 57.5 0 -1 4b 0f -1 -1 -1 -1 -1
1 1 0 29.6 57.5 0 -1 4b 0f -1 -1 -1 -1 -1
1 1 0 29.7 57.5 0 -1 4b 0f -1 -1 -1 -1 -1
1 1 0 29.7 57.5 0 -1 4b 0f -1 -1 -1 -1 -1
1 1 0 29.7 57.5 0 -1 4b 0f -1 -1 -1 -1 -1
1 1 0 29.6 57.5 0 -1 4b 0f -1 -1 -1 -1 -1
1 1 0 29.6 57.5 0 -1 4b 0f -1 -1 -1 -1 -1
1 1 0 29.7 57.5 0 -1 4b 0f -1 -1 -1 -1 -1
1 1 0 29.7 57.5 0 -1 4b 0f -1 -1 -1 -1 -1
1 1 0 29.7 57.5 0 -1 4b 0f -1 -1 -1 -1 -1
1 1 0 29.7 57.5 0 -1 4b 0f -1 -1 -1 -1 -1
1 1 0 29.7 57.5 0 -1 4b 0f -1 -1 -1 -1 -1
1 1 0 29.7 57.5 0 -1 4b 0f -1 -1 -1 -1 -1
1 1 0 29.7 57.5 0 -1 4b 0f -1 -1 -1 -1 -1
1 1 0 29.6 57.5 0 -1 4b 0f -1 -1 -1 -1 -1
1 1 0 29.7 57.5 0 -1 4b 0f -1 -1 -1 -1 -1
1 1 0 29.7 57.5 0 -1 4b 0f -1 -1 -1 -1 -1
1 1 0 29.6 57.5 0 -1 4b 0f -1 -1 -1 -1 -1
1 1 0 29.7 57.5 0 -1 4b 0f -1 -1 -1 -1 -1
1 1 0 29.7 57.5 0 -1 4b 0f -1 -1 -1 -1 -1
1 1 0 29.7 57.5 0 -1 4b 0f -1 -1 -1 -1 -1
1 1 0 29.7 57.5 0 -1 4b 0f -1 -1 -1 -1 -1
1 1 0 29.6 57.5 0 -1 4b 0f -1 -1 -1 -1 -1
1 1 0 29.7 57.5 0 -1 4b 0f -1 -1 -1 -1 -1
1 1 0 29.8 57.5 0 -1 4b 0f -1 -1 -1 -1 -1
1 1 0 29.8 57.5 0 -1 4b 0f -1 -1 -1 -1 -1
1 1 0 29.8 57.5 0 -1 4b 0f -1 -1 -1 -1 -1
1 1 0 29.7 58.0 0 -1 4b 0f -1 -1 -1 -1 -1
1 1 0 29.8 58.0 0 -1 4b 0f -1 -1 -1 -1 -1
1 1 0 29.8 58.0 0 -1 4b 0f -1 -1 -1 -1 -1
1 1 0 29.7 57.5 0 -1 4b 0f -1 -1 -1 -1 -1
1 1 0 29.7 58.0 0 -1 4b 0f -1 -1 -1 -1 -1
1 1 0 29.7 58.0 0 -1 4b 0f -1 -1 -1 -1 -1
1 1 0 29.8 58.0 0 -1 4b 0f -1 -1 -1 -1 -1
1 1 0 29.7 58.0 0 -1 4b 0f -1 -1 -1 -1 -1
1 1 0 29.8 58.0 0 -1 4b 0f -1 -1 -1 -1 -1
1 1 0 29.7 58.0 0 -1 4b 0f -1 -1 -1 -1 -1
1 1 0 29.7 58.0 0 -1 4b 0f -1 -1 -1 -1 -1
1 1 0 29.8 58.0 0 -1 4b 0f -1 -1 -1 -1 -1
1 1 0 29.8 57.5 0 -1 4b 0f -1 -1 -1 -1 -1
1 1 0 29.8 57.5 0 -1 4b 0f -1 -1 -1 -1 -1
1 1 0 29.7 58.0 0 -1 4b 0f -1 -1 -1 -1 -1
1 1 0 29.7 58.0 0 -1 4b 0f -1 -1 -1 -1 -1
1 1 0 29.8 58.0 0 -1 4b 0f -1 -1 -1 -1 -1
1 1 0 29.7 58.0 0 -1 4b 0f -1 -1 -1 -1 -1
1 1 0 29.8 58.0 0 -1 4b 0f -1 -1 -1 -1 -1
1 1 0 29.8 57.5 0 -1 4b 0f -1 -1 -1 -1 -1
1 1 0 29.8 58.0 0 -1 4b 0f -1 -1 -1 -1 -1
1 1 0 29.8 58.0 0 -1 4b 0f -1 -1 -1 -1 -1
1 1 0 29.8 58.0 0 -1 4b 0f -1 -1 -1 -1 -1
1 1 0 29.8 58.0 0 -1 4b 0f -1 -1 -1 -1 -1
1 1 0 29.8 58.0 0 -1 4b 0f -1 -1 -1 -1 -1
1 1 0 29.8 58.0 0 -1 4b 0f -1 -1 -1 -1 -1
1 1 0 29.8 58.0 0 -1 4b 0f -1 -1 -1 -1 -1
1 1 0 29.8 58.0 0 -1 4b 0f -1 -1 -1 -1 -1
1 1 0 29.7 58.0 0 -1 4b 0f -1 -1 -1 -1 -1
1 1 0 29.7 58.0 0 -1 4b 0f -1 -1 -1 -1 -1
1 1 0 29.8 58.5 0 -1 4b 0f -1 -1 -1 -1 -1
1 1 0 29.8 58.0 0 -1 4b 0f -1 -1 -1 -1 -1
1 1 0 29.9 58.0 0 -1 4b 0f -1 -1 -1 -1 -1
1 1 0 29.7 58.0 0 -1 4b 0f -1 -1 -1 -1 -1
1 1 0 29.9 58.0 0 -1 4b 0f -1 -1 -1 -1 -1
1 1 0 29.8 58.0 0 -1 4b 0f -1 -1 -1 -1 -1
1 1 0 29.8 58.0 0 -1 4b 0f -1 -1 -1 -1 -1
1 1 0 29.8 58.0 0 -1 4b 0f -1 -1 -1 -1 -1
1 1 0 29.9 58.0 0 -1 4b 0f -1 -1 -1 -1 -1
1 1 0 29.8 58.0 0 -1 4b 0f -1 -1 -1 -1 -1
1 1 0 29.8 58.0 0 -1 4b 0f -1 -1 -1 -1 -1
1 1 0 29.8 58.5 0 -1 4b 0f -1 -1 -1 -1 -1
1 1 0 29.8 58.5 0 -1 4b 0f -1 -1 -1 -1 -1
1 1 0 29.9 58.5 0 -1 4b 0f -1 -1 -1 -1 -1
1 1 0 29.8 58.5 0 -1 4b 0f -1 -1 -1 -1 -1
1 1 0 29.9 58.5 0 -1 4b 0f -1 -1 -1 -1 -1
1 1 0 29.8 59.0 0 -1 4b 0f -1 -1 -1 -1 -1
1 1 0 29.7 59.0 0 -1 4b 0f -1 -1 -1 -1 -1
1 1 0 29.8 59.0 0 -1 4b 0f -1 -1 -1 -1 -1
1 1 0 29.9 59.0 0 -1 4b 0f -1 -1 -1 -1 -1
1 1 0 29.9 59.0 0 -1 4b 0f -1 -1 -1 -1 -1
1 1 0 29.8 58.5 0 -1 4b 0f -1 -1 -1 -1 -1
1 1 0 29.8 59.0 0 -1 4b 0f -1 -1 -1 -1 -1
1 1 0 29.8 59.0 0 -1 4b 0f -1 -1 -1 -1 -1
1 1 0 29.9 59.0 0 -1 4b 0f -1 -1 -1 -1 -1
1 1 0 29.8 59.0 0 -1 4b 0f -1 -1 -1 -1 -1
1 1 0 29.9 59.0 0 -1 4b 0f -1 -1 -1 -1 -1
1 1 0 29.9 59.0 0 -1 4b 0f -1 -1 -1 -1 -1
1 1 0 29.8 58.5 0 -1 4b 0f -1 -1 -1 -1 -1
1 1 0 29.9 59.0 0 -1 4b 0f -1 -1 -1 -1 -1
1 1 0 29.9 59.0 0 -1 4b 0f -1 -1 -1 -1 -1
1 1 0 29.9 58.5 0 -1 4b 0f -1 -1 -1 -1 -1
1 1 0 29.9 59.0 0 -1 4b 0f -1 -1 -1 -1 -1
1 1 0 29.8 59.0 0 -1 4b 0f -1 -1 -1 -1 -1
1 1 0 29.9 58.5 0 -1 4b 0f -1 -1 -1 -1 -1
1 1 0 29.8 58.5 0 -1 4b 0f -1 -1 -1 -1 -1
1 1 0 29.9 58.5 0 -1 4b 0f -1 -1 -1 -1 -1
1 1 0 29.8 58.5 0 -1 4b 0f -1 -1 -1 -1 -1
1 1 0 29.9 58.5 0 -1 4b 0f -1 -1 -1 -1 -1
1 1 0 29.9 58.5 0 -1 4b 0f -1 -1 -1 -1 -1
1 1 0 30.0 58.5 0 -1 4b 0f -1 -1 -1 -1 -1
1 1 0 29.9 59.0 0 -1 4b 0f -1 -1 -1 -1 -1
1 1 0 29.8 58.5 0 -1 4b 0f -1 -1 -1 -1 -1
1 1 0 29.9 58.5 0 -1 4b 0f -1 -1 -1 -1 -1
1 1 0 29.9 58.5 0 -1 4b 0f -1 -1 -1 -1 -1
1 1 0 29.9 58.5 0 -1 4b 0f -1 -1 -1 -1 -1
1 1 0 29.9 58.5 0 -1 4b 0f -1 -1 -1 -1 -1
1 1 0 29.9 58.5 0 -1 4b 0f -1 -1 -1 -1 -1
1 1 0 29.9 58.5 0 -1 4b 0f -1 -1 -1 -1 -1
1 1 0 29.9 58.5 0 -1 4b 0f -1 -1 -1 -1 -1
1 1 0 29.9 58.5 0 -1 4b 0f -1 -1 -1 -1 -1
1 1 0 29.9 59.0 0 -1 4b 0f -1 -1 -1 -1 -1
1 1 0 29.9 59.0 0 -1 4b 0f -1 -1 -1 -1 -1
1 1 0 29.9 59.0 0 -1 4b 0f -1 -1 -1 -1 -1
1 1 0 29.9 58.5 0 -1 4b 0f -1 -1 -1 -1 -1
1 1 0 29.9 59.0 0 -1 4b 0f -1 -1 -1 -1 -1
1 1 0 29.9 58.5 0 -1 4b 0f -1 -1 -1 -1 -1
1 1 0 29.9 59.0 0 -1 4b 0f -1 -1 -1 -1 -1
1 1 0 29.9 59.0 0 -1 4b 0f -1 -1 -1 -1 -1
1 1 0 29.9 59.0 0 -1 4b 0f -1 -1 -1 -1 -1
1 1 0 29.9 59.0 0 -1 4b 0f -1 -1 -1 -1 -1
1 1 0 29.9 59.0 0 -1 4b 0f -1 -1 -1 -1 -1
1 1 0 30.0 59.0 0 -1 4b 0f -1 -1 -1 -1 -1
1 1 0 29.9 59.0 0 -1 4b 0f -1 -1 -1 -1 -1
1 1 0 29.9 59.0 0 -1 4b 0f -1 -1 -1 -1 -1
1 1 0 29.9 59.0 0 -1 4b 0f -1 -1 -1 -1 -1
1 1 0 29.9 59.0 0 -1 4b 0f -1 -1 -1 -1 -1
1 1 0 29.9 59.0 0 -1 4b 0f -1 -1 -1 -1 -1
1 1 0 29.9 59.0 0 -1 4b 0f -1 -1 -1 -1 -1
1 1 0 29.9 59.5 0 -1 4b 0f -1 -1 -1 -1 -1
1 1 0 29.9 59.5 0 -1 4b 0f -1 -1 -1 -1 -1
1 1 0 29.9 59.0 0 -1 4b 0f -1 -1 -1 -1 -1
1 1 0 30.0 59.5 0 -1 4b 0f -1 -1 -1 -1 -1
1 1 0 29.9 59.5 0 -1 4b 0f -1 -1 -1 -1 -1
1 1 0 29.9 59.5 0 -1 4b 0f -1 -1 -1 -1 -1
1 1 0 29.9 59.0 0 -1 4b 0f -1 -1 -1 -1 -1
1 1 0 29.9 59.5 0 -1 4b 0f -1 -1 -1 -1 -1
1 1 0 30.0 59.5 0 -1 4b 0f -1 -1 -1 -1 -1
1 1 0 29.9 59.5 0 -1 4b 0f -1 -1 -1 -1 -1
1 1 0 29.9 59.5 0 -1 4b 0f -1 -1 -1 -1 -1
1 1 0 29.9 59.5 0 -1 4b 0f -1 -1 -1 -1 -1
1 1 0 29.9 59.5 0 -1 4b 0f -1 -1 -1 -1 -1
1 1 0 29.9 59.5 0 -1 4b 0f -1 -1 -1 -1 -1
1 1 0 29.9 59.5 0 -1 4b 0f -1 -1 -1 -1 -1
1 1 0 30.0 59.5 0 -1 4b 0f -1 -1 -1 -1 -1
1 1 0 30.0 59.5 0 -1 4b 0f -1 -1 -1 -1 -1
1 1 0 29.9 59.5 0 -1 4b 0f -1 -1 -1 -1 -1
1 1 0 29.9 59.5 0 -1 4b 0f -1 -1 -1 -1 -1
1 1 0 29.9 59.5 0 -1 4b 0f -1 -1 -1 -1 -1
1 1 0 29.9 59.5 0 -1 4b 0f -1 -1 -1 -1 -1
1 1 0 30.0 59.5 0 -1 4b 0f -1 -1 -1 -1 -1
1 1 0 29.9 59.5 0 -1 4b 0f -1 -1 -1 -1 -1
1 1 0 29.9 59.5 0 -1 4b 0f -1 -1 -1 -1 -1
1 1 0 29.9 59.5 0 -1 4b 0f -1 -1 -1 -1 -1
1 1 0 30.0 59.5 0 -1 4b 0f -1 -1 -1 -1 -1
1 1 0 29.9 59.5 0 -1 4b 0f -1 -1 -1 -1 -1
1 1 0 29.9 59.5 0 -1 4b 0f -1 -1 -1 -1 -1
1 1 0 30.0 59.5 0 -1 4b 0f -1 -1 -1 -1 -1
1 1 0 29.9 59.5 0 -1 4b 0f -1 -1 -1 -1 -1
1 1 0 30.0 59.5 0 -1 4b 0f -1 -1 -1 -1 -1
1 1 0 29.9 59.5 0 -1 4b 0f -1 -1 -1 -1 -1
1 1 0 29.9 59.5 0 -1 4b 0f -1 -1 -1 -1 -1
1 1 0 30.0 59.5 0 -1 4b 0f -1 -1 -1 -1 -1
1 1 0 30.0 60.0 0 -1 4b 0f -1 -1 -1 -1 -1
1 1 0 29.9 60.0 0 -1 4b 0f -1 -1 -1 -1 -1
1 1 0 30.0 60.0 0 -1 4b 0f -1 -1 -1 -1 -1
1 1 0 30.0 60.0 0 -1 4b 0f -1 -1 -1 -1 -1
1 1 0 30.0 60.0 0 -1 4b 0f -1 -1 -1 -1 -1
1 1 0 30.0 60.0 0 -1 4b 0f -1 -1 -1 -1 -1
1 1 0 30.0 60.0 0 -1 4b 0f -1 -1 -1 -1 -1
1 1 0 30.0 60.0 0 -1 4b 0f -1 -1 -1 -1 -1
1 1 0 30.0 60.0 0 -1 4b 0f -1 -1 -1 -1 -1
1 1 0 30.0 60.0 0 -1 4b 0f -1 -1 -1 -1 -1
1 1 0 30.0 60.0 0 -1 4b 0f -1 -1 -1 -1 -1
1 1 0 29.9 60.0 0 -1 4b 0f -1 -1 -1 -1 -1
1 1 0 29.9 60.0 0 -1 4b 0f -1 -1 -1 -1 -1
1 1 0 30.0 60.0 0 -1 4b 0f -1 -1 -1 -1 -1
1 1 0 29.9 60.0 0 -1 4b 0f -1 -1 -1 -1 -1
1 1 0 30.0 60.0 0 -1 4b 0f -1 -1 -1 -1 -1
1 1 0 30.0 60.0 0 -1 4b 0f -1 -1 -1 -1 -1
1 1 0 29.9 60.0 0 -1 4b 0f -1 -1 -1 -1 -1
1 1 0 30.0 60.0 0 -1 4b 0f -1 -1 -1 -1 -1
1 1 0 30.0 60.0 0 -1 4b 0f -1 -1 -1 -1 -1
1 1 0 30.0 60.0 0 -1 4b 0f -1 -1 -1 -1 -1
1 1 0 30.0 60.0 0 -1 4b 0f -1 -1 -1 -1 -1
1 1 0 29.9 60.0 0 -1 4b 0f -1 -1 -1 -1 -1
1 1 0 30.0 60.0 0 -1 4b 0f -1 -1 -1 -1 -1
1 1 0 29.9 60.0 0 -1 4b 0f -1 -1 -1 -1 -1
1 1 0 30.0 60.0 0 -1 4b 0f -1 -1 -1 -1 -1
1 1 0 29.9 60.0 0 -1 4b 0f -1 -1 -1 -1 -1
1 1 0 30.0 60.0 0 -1 4b 0f -1 -1 -1 -1 -1
1 1 0 30.0 60.0 0 -1 4b 0f -1 -1 -1 -1 -1
1 1 0 30.0 60.0 0 -1 4b 0f -1 -1 -1 -1 -1
1 1 0 30.1 60.0 0 -1 4b 0f -1 -1 -1 -1 -1
1 1 0 30.0 60.0 0 -1 4b 0f -1 -1 -1 -1 -1
1 1 0 30.0 60.0 0 -1 4b 0f -1 -1 -1 -1 -1
1 1 0 30.0 60.0 0 -1 4b 0f -1 -1 -1 -1 -1
1 1 0 30.0 60.0 0 -1 4b 0f -1 -1 -1 -1 -1
1 1 0 30.0 60.0 0 -1 4b 0f -1 -1 -1 -1 -1
1 1 0 29.9 60.0 0 -1 4b 0f -1 -1 -1 -1 -1
1 1 0 30.0 60.0 0 -1 4b 0f -1 -1 -1 -1 -1
1 1 0 30.0 60.0 0 -1 4b 0f -1 -1 -1 -1 -1
1 1 0 30.0 60.0 0 -1 4b 0f -1 -1 -1 -1 -1
1 1 0 30.0 60.0 0 -1 4b 0f -1 -1 -1 -1 -1
1 1 0 30.0 60.0 0 -1 4b 0f -1 -1 -1 -1 -1
1 1 0 30.0 60.0 0 -1 4b 0f -1 -1 -1 -1 -1
1 1 0 30.0 60.0 0 -1 4b 0f -1 -1 -1 -1 -1
1 1 0 30.0 60.5 0 -1 4b 0f -1 -1 -1 -1 -1
1 1 0 29.9 60.5 0 -1 4b 0f -1 -1 -1 -1 -1
1 1 0 30.0 60.0 0 -1 4b 0f -1 -1 -1 -1 -1
1 1 0 30.0 60.5 0 -1 4b 0f -1 -1 -1 -1 -1
1 1 0 30.0 60.5 0 -1 4b 0f -1 -1 -1 -1 -1
1 1 0 29.9 60.5 0 -1 4b 0f -1 -1 -1 -1 -1
1 1 0 30.0 60.5 0 -1 4b 0f -1 -1 -1 -1 -1
1 1 0 30.0 60.5 0 -1 4b 0f -1 -1 -1 -1 -1
1 1 0 30.0 60.5 0 -1 4b 0f -1 -1 -1 -1 -1
1 1 0 30.1 60.5 0 -1 4b 0f -1 -1 -1 -1 -1
1 1 0 30.0 60.5 0 -1 4b 0f -1 -1 -1 -1 -1
1 1 0 30.0 61.0 0 -1 4b 0f -1 -1 -1 -1 -1
1 1 0 30.0 61.0 0 -1 4b 0f -1 -1 -1 -1 -1
1 1 0 30.0 61.0 0 -1 4b 0f -1 -1 -1 -1 -1
1 1 0 30.1 61.0 0 -1 4b 0f -1 -1 -1 -1 -1
1 1 0 30.0 61.0 0 -1 4b 0f -1 -1 -1 -1 -1
1 1 0 30.0 61.0 0 -1 4b 0f -1 -1 -1 -1 -1
1 1 0 30.0 61.0 0 -1 4b 0f -1 -1 -1 -1 -1
1 1 0 30.0 61.0 0 -1 4b 0f -1 -1 -1 -1 -1
1 1 0 30.0 61.0 0 -1 4b 0f -1 -1 -1 -1 -1
1 1 0 30.0 61.0 0 -1 4b 0f -1 -1 -1 -1 -1
1 1 0 30.0 61.0 0 -1 4b 0f -1 -1 -1 -1 -1
1 1 0 30.1 61.0 0 -1 4b 0f -1 -1 -1 -1 -1
1 1 0 30.0 61.0 0 -1 4b 0f -1 -1 -1 -1 -1
1 1 0 30.0 61.0 0 -1 4b 0f -1 -1 -1 -1 -1
1 1 0 30.0 61.0 0 -1 4b 0f -1 -1 -1 -1 -1
1 1 0 30.0 61.0 0 -1 4b 0f -1 -1 -1 -1 -1
1 1 0 30.0 61.0 0 -1 4b 0f -1 -1 -1 -1 -1
1 1 0 30.0 61.0 0 -1 4b 0f -1 -1 -1 -1 -1
1 1 0 30.0 61.0 0 -1 4b 0f -1 -1 -1 -1 -1
1 1 0 30.1 61.0 0 -1 4b 0f -1 -1 -1 -1 -1
1 1 0 30.0 61.0 0 -1 4b 0f -1 -1 -1 -1 -1
1 1 0 30.0 61.0 0 -1 4b 0f -1 -1 -1 -1 -1
1 1 0 30.0 61.0 0 -1 4b 0f -1 -1 -1 -1 -1
1 1 0 30.0 61.0 0 -1 4b 0f -1 -1 -1 -1 -1
1 1 0 30.0 61.0 0 -1 4b 0f -1 -1 -1 -1 -1
1 1 0 30.0 61.0 0 -1 4b 0f -1 -1 -1 -1 -1
1 1 0 30.0 61.0 0 -1 4b 0f -1 -1 -1 -1 -1
1 1 0 30.0 61.0 0 -1 4b 0f -1 -1 -1 -1 -1
1 1 0 30.0 61.0 0 -1 4b 0f -1 -1 -1 -1 -1
1 1 0 30.0 61.0 0 -1 4b 0f -1 -1 -1 -1 -1
1 1 0 30.0 61.0 0 -1 4b 0f -1 -1 -1 -1 -1
1 1 0 30.0 61.0 0 -1 4b 0f -1 -1 -1 -1 -1
1 1 0 30.0 61.0 0 -1 4b 0f -1 -1 -1 -1 -1
1 1 0 30.1 61.0 0 -1 4b 0f -1 -1 -1 -1 -1
1 1 0 30.0 61.0 0 -1 4b 0f -1 -1 -1 -1 -1
1 1 0 30.1 61.0 0 -1 4b 0f -1 -1 -1 -1 -1
1 1 0 30.1 61.0 2 -1 4b 0f -1 -1 -1 -1 -1
1 1 0 30.0 61.0 2 -1 4b 0f -1 -1 -1 -1 -1
1 1 0 30.0 61.0 2 -1 4b 0f -1 -1 -1 -1 -1
1 1 0 30.0 61.0 2 -1 4b 0f -1 -1 -1 -1 -1
1 1 0 29.9 61.0 2 -1 4b 0f -1 -1 -1 -1 -1
1 1 0 30.0 61.0 2 -1 4b 0f -1 -1 -1 -1 -1
1 1 0 30.0 61.0 2 -1 4b 0f -1 -1 -1 -1 -1
1 1 0 30.1 61.0 2 -1 4b 0f -1 -1 -1 -1 -1
1 1 0 30.0 61.0 4 -1 4b 0f -1 -1 -1 -1 -1
1 1 0 30.1 61.0 4 -1 4b 0f -1 -1 -1 -1 -1
1 1 0 30.1 61.0 1 -1 4b 0f -1 -1 -1 -1 -1
1 1 0 30.1 61.0 1 -1 4b 0f -1 -1 -1 -1 -1
1 1 0 30.1 61.0 1 -1 4b 0f -1 -1 -1 -1 -1
1 1 0 30.0 61.0 2 -1 4b 0f -1 -1 -1 -1 -1
1 1 0 30.0 61.0 2 -1 4b 0f -1 -1 -1 -1 -1
1 1 0 30.1 61.0 4 -1 4b 0f -1 -1 -1 -1 -1
1 1 0 30.0 61.0 2 -1 4b 0f -1 -1 -1 -1 -1
1 1 0 30.0 61.0 4 -1 4b 0f -1 -1 -1 -1 -1
1 1 0 30.0 61.0 4 -1 4b 0f -1 -1 -1 -1 -1
1 1 0 30.0 61.0 4 -1 4b 0f -1 -1 -1 -1 -1
1 1 0 30.0 61.0 3 -1 4b 0f -1 -1 -1 -1 -1
1 1 0 30.1 61.0 7 -1 4b 0f -1 -1 -1 -1 -1
1 1 0 30.0 61.0 5 -1 4b 0f -1 -1 -1 -1 -1
1 1 0 30.1 61.0 7 -1 4b 0f -1 -1 -1 -1 -1
1 1 0 30.0 61.0 7 -1 4b 0f -1 -1 -1 -1 -1
1 1 0 30.1 61.0 7 -1 4b 0f -1 -1 -1 -1 -1
1 1 0 30.1 61.0 9 -1 4b 0f -1 -1 -1 -1 -1
1 1 0 30.1 61.0 9 -1 4b 0f -1 -1 -1 -1 -1
1 1 0 30.0 61.0 7 -1 4b 0f -1 -1 -1 -1 -1
1 1 0 30.1 61.0 11 -1 4b 0f -1 -1 -1 -1 -1
1 1 0 30.0 61.0 10 -1 4b 0f -1 -1 -1 -1 -1
1 1 0 30.1 61.0 8 -1 4b 0f -1 -1 -1 -1 -1
1 1 0 30.1 61.0 10 -1 4b 0f -1 -1 -1 -1 -1
1 1 0 30.1 61.0 10 -1 4b 0f -1 -1 -1 -1 -1
1 1 0 30.1 61.0 12 -1 4b 0f -1 -1 -1 -1 -1
1 1 0 30.0 61.0 14 -1 4b 0f -1 -1 -1 -1 -1
1 1 0 30.1 60.5 10 -1 4b 0f -1 -1 -1 -1 -1
1 1 0 30.1 61.0 12 -1 4b 0f -1 -1 -1 -1 -1
1 1 0 30.0 60.5 12 -1 4b 0f -1 -1 -1 -1 -1
1 1 0 30.1 60.5 14 -1 4b 0f -1 -1 -1 -1 -1
1 1 0 30.0 60.5 14 -1 4b 0f -1 -1 -1 -1 -1
1 1 0 30.1 60.5 16 -1 4b 0f -1 -1 -1 -1 -1
1 1 0 30.1 60.5 16 -1 4b 0f -1 -1 -1 -1 -1
1 1 0 30.1 60.5 14 -1 4b 0f -1 -1 -1 -1 -1
1 1 0 30.1 60.5 14 -1 4b 0f -1 -1 -1 -1 -1
1 1 0 30.1 60.5 14 -1 4b 0f -1 -1 -1 -1 -1
1 1 0 30.1 60.5 16 -1 4b 0f -1 -1 -1 -1 -1
1 1 0 30.1 60.5 16 -1 4b 0f -1 -1 -1 -1 -1
1 1 0 30.1 60.5 16 -1 4b 0f -1 -1 -1 -1 -1
1 1 0 30.1 60.5 18 -1 4b 0f -1 -1 -1 -1 -1
1 1 0 30.1 60.5 18 -1 4b 0f -1 -1 -1 -1 -1
1 1 0 30.1 60.5 17 -1 4b 0f -1 -1 -1 -1 -1
1 1 0 30.1 60.5 17 -1 4b 0f -1 -1 -1 -1 -1
1 1 0 30.0 60.5 19 -1 4b 0f -1 -1 -1 -1 -1
1 1 0 30.1 60.5 19 -1 4b 0f -1 -1 -1 -1 -1
1 1 0 30.1 60.5 19 -1 4b 0f -1 -1 -1 -1 -1
1 1 0 30.1 60.5 21 -1 4b 0f -1 -1 -1 -1 -1
1 1 0 30.2 60.5 21 -1 4b 0f -1 -1 -1 -1 -1
1 1 0 30.1 60.5 19 -1 4b 0f -1 -1 -1 -1 -1
1 1 0 30.1 60.5 19 -1 4b 0f -1 -1 -1 -1 -1
1 1 0 30.1 60.5 21 -1 4b 0f -1 -1 -1 -1 -1
1 1 0 30.1 60.5 21 -1 4b 0f -1 -1 -1 -1 -1
1 1 0 30.1 60.5 23 -1 4b 0f -1 -1 -1 -1 -1
1 1 0 30.1 60.5 23 -1 4b 0f -1 -1 -1 -1 -1
1 1 0 30.2 60.5 25 -1 4b 0f -1 -1 -1 -1 -1
1 1 0 30.1 60.5 21 -1 4b 0f -1 -1 -1 -1 -1
1 1 0 30.1 60.5 21 -1 4b 0f -1 -1 -1 -1 -1
1 1 0 30.2 60.5 23 -1 4b 0f -1 -1 -1 -1 -1
1 1 0 30.1 60.5 23 -1 4b 0f -1 -1 -1 -1 -1
1 1 0 30.1 60.5 23 -1 4b 0f -1 -1 -1 -1 -1
1 1 0 30.1 60.5 23 -1 4b 0f -1 -1 -1 -1 -1
1 1 0 30.1 60.5 25 -1 4b 0f -1 -1 -1 -1 -1
1 1 0 30.1 60.5 25 -1 4b 0f -1 -1 -1 -1 -1
1 1 0 30.2 60.5 25 -1 4b 0f -1 -1 -1 -1 -1
1 1 0 30.2 60.5 25 -1 4b 0f -1 -1 -1 -1 -1
1 1 0 30.1 60.0 25 -1 4b 0f -1 -1 -1 -1 -1
1 1 0 30.1 60.5 25 -1 4b 0f -1 -1 -1 -1 -1
1 1 0 30.2 60.5 25 -1 4b 0f -1 -1 -1 -1 -1
1 1 0 30.1 60.0 25 -1 4b 0f -1 -1 -1 -1 -1
1 1 0 30.2 60.5 25 -1 4b 0f -1 -1 -1 -1 -1
1 1 0 30.2 60.0 27 -1 4b 0f -1 -1 -1 -1 -1
1 1 0 30.2 60.0 27 -1 4b 0f -1 -1 -1 -1 -1
1 1 0 30.2 60.0 27 -1 4b 0f -1 -1 -1 -1 -1
1 1 0 30.2 60.0 26 -1 4b 0f -1 -1 -1 -1 -1
1 1 0 30.2 60.0 26 -1 4b 0f -1 -1 -1 -1 -1
1 1 0 30.2 60.0 26 -1 4b 0f -1 -1 -1 -1 -1
1 1 0 30.2 60.0 26 -1 4b 0f -1 -1 -1 -1 -1
1 1 0 30.2 60.0 26 -1 4b 0f -1 -1 -1 -1 -1
1 1 0 30.2 60.0 26 -1 4b 0f -1 -1 -1 -1 -1
1 1 0 30.2 60.0 26 -1 4b 0f -1 -1 -1 -1 -1
1 1 0 30.2 60.0 26 -1 4b 0f -1 -1 -1 -1 -1
1 1 0 30.2 60.0 26 -1 4b 0f -1 -1 -1 -1 -1
1 1 0 30.2 60.0 26 -1 4b 0f -1 -1 -1 -1 -1
1 1 0 30.2 60.0 26 -1 4b 0f -1 -1 -1 -1 -1
1 1 0 30.2 60.0 28 -1 4b 0f -1 -1 -1 -1 -1
1 1 0 30.2 60.0 28 -1 4b 0f -1 -1 -1 -1 -1
1 1 0 30.2 60.0 28 -1 4b 0f -1 -1 -1 -1 -1
1 1 0 30.1 60.0 28 -1 4b 0f -1 -1 -1 -1 -1
1 1 0 30.2 60.0 28 -1 4b 0f -1 -1 -1 -1 -1
1 1 0 30.3 60.0 28 -1 4b 0f -1 -1 -1 -1 -1
1 1 0 30.2 60.0 28 -1 4b 0f -1 -1 -1 -1 -1
1 1 0 30.2 60.0 28 -1 4b 0f -1 -1 -1 -1 -1
1 1 0 30.2 60.0 28 -1 4b 0f -1 -1 -1 -1 -1
1 1 0 30.2 60.0 27 -1 4b 0f -1 -1 -1 -1 -1
1 1 0 30.3 60.0 26 -1 4b 0f -1 -1 -1 -1 -1
1 1 0 30.3 60.0 26 -1 4b 0f -1 -1 -1 -1 -1
1 1 0 30.3 60.0 26 -1 4b 0f -1 -1 -1 -1 -1
1 1 0 30.3 60.0 28 -1 4b 0f -1 -1 -1 -1 -1
1 1 0 30.2 60.0 28 -1 4b 0f -1 -1 -1 -1 -1
1 1 0 30.3 60.0 28 -1 4b 0f -1 -1 -1 -1 -1
1 1 0 30.3 60.0 30 -1 4b 0f -1 -1 -1 -1 -1
1 1 0 30.3 60.0 30 -1 4b 0f -1 -1 -1 -1 -1
1 1 0 30.3 60.0 30 -1 4b 0f -1 -1 -1 -1 -1
1 1 0 30.3 60.0 30 -1 4b 0f -1 -1 -1 -1 -1
1 1 0 30.3 60.0 30 -1 4b 0f -1 -1 -1 -1 -1
1 1 0 30.3 60.0 30 -1 4b 0f -1 -1 -1 -1 -1
1 1 0 30.2 60.0 30 -1 4b 0f -1 -1 -1 -1 -1
1 1 0 30.2 60.0 30 -1 4b 0f -1 -1 -1 -1 -1
1 1 0 30.3 60.0 30 -1 4b 0f -1 -1 -1 -1 -1
1 1 0 30.3 60.0 30 -1 4b 0f -1 -1 -1 -1 -1
1 1 0 30.3 60.0 30 -1 4b 0f -1 -1 -1 -1 -1
1 1 0 30.2 60.0 30 -1 4b 0f -1 -1 -1 -1 -1
1 1 0 30.3 60.0 30 -1 4b 0f -1 -1 -1 -1 -1
1 1 3 30.3 60.0 28 -1 4b 7f -1 -1 -1 -1 -1
1 1 2 30.3 60.0 28 -1 4b 7f -1 -1 -1 -1 -1
1 1 0 30.4 60.0 28 -1 4b 7f -1 -1 -1 -1 -1
1 1 0 30.3 60.5 28 -1 4b 7f -1 -1 -1 -1 -1
1 1 0 30.3 60.5 28 -1 4b 7f -1 -1 -1 -1 -1
1 1 0 30.2 60.5 28 -1 4b 7f -1 -1 -1 -1 -1
1 1 0 30.2 60.5 28 -1 4b 7f -1 -1 -1 -1 -1
1 1 5 30.1 60.0 28 -1 4b 7f -1 -1 -1 -1 -1
1 1 0 30.0 59.5 30 -1 4b 7f -1 -1 -1 -1 -1
1 1 4 29.9 59.5 32 -1 4b 7f -1 -1 -1 -1 -1
1 1 0 29.9 59.0 30 -1 4b 7f -1 -1 -1 -1 -1
1 1 0 29.8 58.5 30 -1 4b 7f -1 -1 -1 -1 -1
1 1 0 29.7 58.0 30 -1 4b 7f -1 -1 -1 -1 -1
1 1 0 29.8 57.5 30 -1 4b 7f -1 -1 -1 -1 -1
1 1 0 29.7 57.0 30 -1 4b 7f -1 -1 -1 -1 -1
1 1 0 29.7 57.0 30 -1 4b 7f -1 -1 -1 -1 -1
1 1 0 29.6 56.5 30 -1 4b 7f -1 -1 -1 -1 -1
1 1 0 29.6 56.5 30 -1 4b 7f -1 -1 -1 -1 -1
1 1 0 29.6 56.0 30 -1 4b 7f -1 -1 -1 -1 -1
1 1 0 29.5 56.0 28 -1 4b 7f -1 -1 -1 -1 -1
1 1 4 29.5 55.5 28 -1 4b 7f -1 -1 -1 -1 -1
1 1 0 29.5 55.5 28 -1 4b 7f -1 -1 -1 -1 -1
1 1 0 29.5 55.5 28 -1 4b 7f -1 -1 -1 -1 -1
1 1 0 29.5 55.0 28 -1 4b 7f -1 -1 -1 -1 -1
1 1 0 29.4 55.0 28 -1 4b 7f -1 -1 -1 -1 -1
1 1 0 29.4 54.5 28 -1 4b 7f -1 -1 -1 -1 -1
1 1 0 29.3 54.5 28 -1 4b 7f -1 -1 -1 -1 -1
1 1 0 29.4 54.5 26 -1 4b 7f -1 -1 -1 -1 -1
1 1 0 29.3 54.0 26 -1 4b 7f -1 -1 -1 -1 -1
1 1 0 29.2 54.0 26 -1 4b 7f -1 -1 -1 -1 -1
1 1 0 29.3 54.0 26 -1 4b 7f -1 -1 -1 -1 -1
1 1 0 29.2 53.5 26 -1 4b 7f -1 -1 -1 -1 -1
1 1 0 29.2 53.5 26 -1 4b 7f -1 -1 -1 -1 -1
1 1 2 29.1 53.5 26 -1 4b 7f -1 -1 -1 -1 -1
1 1 3 29.1 54.0 26 -1 4b 7f -1 -1 -1 -1 -1
1 1 0 29.1 53.5 26 -1 4b 7f -1 -1 -1 -1 -1
1 1 0 29.1 53.5 26 -1 4b 7f -1 -1 -1 -1 -1
1 1 0 29.1 53.5 26 -1 4b 7f -1 -1 -1 -1 -1
1 1 0 29.1 53.5 26 -1 4b 7f -1 -1 -1 -1 -1
1 1 0 29.0 53.5 26 -1 4b 7f -1 -1 -1 -1 -1
1 1 0 29.0 53.5 26 -1 4b 7f -1 -1 -1 -1 -1
1 1 0 29.0 54.0 26 -1 4b 7f -1 -1 -1 -1 -1
1 1 0 29.0 53.5 26 -1 4b 7f -1 -1 -1 -1 -1
1 1 0 29.0 53.5 27 -1 4b 7f -1 -1 -1 -1 -1
1 1 0 29.0 53.5 27 -1 4b 7f -1 -1 -1 -1 -1
1 1 0 28.9 53.5 27 -1 4b 7f -1 -1 -1 -1 -1
1 1 0 28.8 53.5 27 -1 4b 7f -1 -1 -1 -1 -1
1 1 0 28.9 53.5 27 -1 4b 7f -1 -1 -1 -1 -1
1 1 0 28.9 53.5 27 -1 4b 7f -1 -1 -1 -1 -1
1 1 0 28.8 53.5 27 -1 4b 7f -1 -1 -1 -1 -1
1 1 0 28.8 53.5 27 -1 4b 7f -1 -1 -1 -1 -1
1 1 0 28.8 53.0 27 -1 4b 7f -1 -1 -1 -1 -1
1 1 0 28.8 53.0 27 -1 4b 7f -1 -1 -1 -1 -1
1 1 0 28.8 53.0 25 -1 4b 7f -1 -1 -1 -1 -1
1 1 0 28.8 53.0 25 -1 4b 7f -1 -1 -1 -1 -1
1 1 0 28.8 53.0 25 -1 4b 7f -1 -1 -1 -1 -1
1 1 0 28.8 53.0 25 -1 4b 7f -1 -1 -1 -1 -1
1 1 0 28.7 53.0 25 -1 4b 7f -1 -1 -1 -1 -1
1 1 0 28.8 53.0 25 -1 4b 7f -1 -1 -1 -1 -1
1 1 0 28.7 53.0 25 -1 4b 7f -1 -1 -1 -1 -1
1 1 0 28.7 53.0 25 -1 4b 7f -1 -1 -1 -1 -1
1 1 0 28.7 53.0 25 -1 4b 7f -1 -1 -1 -1 -1
1 1 0 28.7 52.5 25 -1 4b 7f -1 -1 -1 -1 -1
1 1 0 28.6 52.5 25 -1 4b 7f -1 -1 -1 -1 -1
1 1 0 28.6 52.5 25 -1 4b 7f -1 -1 -1 -1 -1
1 1 0 28.6 52.5 25 -1 4b 7f -1 -1 -1 -1 -1
1 1 0 28.6 52.5 25 -1 4b 7f -1 -1 -1 -1 -1
1 1 0 28.6 52.5 25 -1 4b 7f -1 -1 -1 -1 -1
1 1 0 28.6 53.0 25 -1 4b 7f -1 -1 -1 -1 -1
1 1 0 28.5 52.5 25 -1 4b 7f -1 -1 -1 -1 -1
1 1 0 28.6 53.0 25 -1 4b 7f -1 -1 -1 -1 -1
1 1 0 28.5 53.0 25 -1 4b 7f -1 -1 -1 -1 -1
1 1 0 28.5 53.0 25 -1 4b 7f -1 -1 -1 -1 -1
1 1 0 28.5 53.0 25 -1 4b 7f -1 -1 -1 -1 -1
1 1 0 28.5 53.0 25 -1 4b 7f -1 -1 -1 -1 -1
1 1 0 28.5 53.0 25 -1 4b 7f -1 -1 -1 -1 -1
1 1 0 28.4 53.0 23 -1 4b 7f -1 -1 -1 -1 -1
1 1 1 28.5 53.0 23 -1 4b 7f -1 -1 -1 -1 -1
1 1 0 28.4 52.5 23 -1 4b 7f -1 -1 -1 -1 -1
1 1 0 28.4 53.0 23 -1 4b 7f -1 -1 -1 -1 -1
1 1 5 28.4 52.5 25 -1 4b 7f -1 -1 -1 -1 -1
1 1 0 28.4 52.5 23 -1 4b 7f -1 -1 -1 -1 -1
1 1 0 28.4 53.0 23 -1 4b 7f -1 -1 -1 -1 -1
1 1 0 28.4 52.5 23 -1 4b 7f -1 -1 -1 -1 -1
1 1 0 28.3 52.5 23 -1 4b 7f -1 -1 -1 -1 -1
1 1 0 28.3 52.5 23 -1 4b 7f -1 -1 -1 -1 -1
1 1 0 28.4 52.5 23 -1 4b 7f -1 -1 -1 -1 -1
1 1 0 28.3 52.5 23 -1 4b 7f -1 -1 -1 -1 -1
1 1 0 28.3 52.5 23 -1 4b 7f -1 -1 -1 -1 -1
1 1 0 28.4 52.5 23 -1 4b 7f -1 -1 -1 -1 -1
1 1 0 28.3 52.5 23 -1 4b 7f -1 -1 -1 -1 -1
1 1 0 28.3 52.5 23 -1 4b 7f -1 -1 -1 -1 -1
1 1 0 28.3 52.5 23 -1 4b 7f -1 -1 -1 -1 -1
1 1 0 28.3 52.5 23 -1 4b 7f -1 -1 -1 -1 -1
1 1 0 28.3 52.5 23 -1 4b 7f -1 -1 -1 -1 -1
1 1 0 28.3 52.5 23 -1 4b 7f -1 -1 -1 -1 -1
1 1 0 28.2 52.0 23 -1 4b 7f -1 -1 -1 -1 -1
1 1 0 28.2 52.0 23 -1 4b 7f -1 -1 -1 -1 -1
1 1 0 28.2 52.5 23 -1 4b 7f -1 -1 -1 -1 -1
1 1 0 28.2 52.5 23 -1 4b 7f -1 -1 -1 -1 -1
1 1 0 28.2 52.5 23 -1 4b 7f -1 -1 -1 -1 -1
1 1 0 28.2 52.5 23 -1 4b 7f -1 -1 -1 -1 -1
1 1 0 28.3 52.5 23 -1 4b 7f -1 -1 -1 -1 -1
1 1 0 28.2 52.5 23 -1 4b 7f -1 -1 -1 -1 -1
1 1 0 28.1 52.5 23 -1 4b 7f -1 -1 -1 -1 -1
1 1 0 28.2 52.5 23 -1 4b 7f -1 -1 -1 -1 -1
1 1 0 28.2 52.5 23 -1 4b 7f -1 -1 -1 -1 -1
1 1 0 28.1 52.5 23 -1 4b 7f -1 -1 -1 -1 -1
1 1 0 28.2 52.5 23 -1 4b 7f -1 -1 -1 -1 -1
1 1 0 28.2 52.5 23 -1 4b 7f -1 -1 -1 -1 -1
1 1 0 28.2 53.0 23 -1 4b 7f -1 -1 -1 -1 -1
1 1 0 28.2 52.5 23 -1 4b 7f -1 -1 -1 -1 -1
1 1 0 28.2 52.5 23 -1 4b 7f -1 -1 -1 -1 -1
1 1 0 28.1 52.5 23 -1 4b 7f -1 -1 -1 -1 -1
1 1 0 28.1 53.0 23 -1 4b 7f -1 -1 -1 -1 -1
1 1 0 28.2 53.0 23 -1 4b 7f -1 -1 -1 -1 -1
1 1 0 28.1 53.0 23 -1 4b 7f -1 -1 -1 -1 -1
1 1 0 28.1 53.5 23 -1 4b 7f -1 -1 -1 -1 -1
1 1 0 28.1 53.5 23 -1 4b 7f -1 -1 -1 -1 -1
1 1 0 28.1 53.5 23 -1 4b 7f -1 -1 -1 -1 -1
1 1 0 28.1 54.0 23 -1 4b 7f -1 -1 -1 -1 -1
1 1 0 28.1 54.0 23 -1 4b 7f -1 -1 -1 -1 -1
1 1 1 28.0 53.5 23 -1 4b 7f -1 -1 -1 -1 -1
1 1 0 28.1 53.5 21 -1 4b 7f -1 -1 -1 -1 -1
1 1 0 28.1 53.5 23 -1 4b 7f -1 -1 -1 -1 -1
1 1 0 28.1 53.5 23 -1 4b 7f -1 -1 -1 -1 -1
1 1 0 28.1 53.5 23 -1 4b 7f -1 -1 -1 -1 -1
1 1 0 28.1 53.5 23 -1 4b 7f -1 -1 -1 -1 -1
1 1 0 28.1 53.5 23 -1 4b 7f -1 -1 -1 -1 -1
1 1 0 28.1 53.5 23 -1 4b 7f -1 -1 -1 -1 -1
1 1 0 28.0 53.5 23 -1 4b 7f -1 -1 -1 -1 -1
1 1 0 28.1 53.5 23 -1 4b 7f -1 -1 -1 -1 -1
1 1 0 28.0 53.0 23 -1 4b 7f -1 -1 -1 -1 -1
1 1 0 28.0 53.5 23 -1 4b 7f -1 -1 -1 -1 -1
1 1 0 28.1 53.0 23 -1 4b 7f -1 -1 -1 -1 -1
1 1 0 28.1 53.0 23 -1 4b 7f -1 -1 -1 -1 -1
1 1 4 28.1 53.0 23 -1 4b 7f -1 -1 -1 -1 -1
1 1 0 28.1 53.5 23 -1 4b 7f -1 -1 -1 -1 -1
1 1 8 28.0 53.5 23 -1 4b 7f -1 -1 -1 -1 -1
1 1 0 28.1 53.5 23 -1 4b 7f -1 -1 -1 -1 -1
1 1 0 28.0 54.0 23 -1 4b 7f -1 -1 -1 -1 -1
1 1 0 28.1 54.0 23 -1 4b 7f -1 -1 -1 -1 -1
1 1 0 28.1 53.5 23 -1 4b 7f -1 -1 -1 -1 -1
1 1 0 28.0 53.5 23 -1 4b 7f -1 -1 -1 -1 -1
1 1 0 28.0 53.5 23 -1 4b 7f -1 -1 -1 -1 -1
1 1 8 28.1 53.5 23 -1 4b 7f -1 -1 -1 -1 -1
1 1 0 28.0 53.0 23 -1 4b 7f -1 -1 -1 -1 -1
1 1 0 28.0 53.0 23 -1 4b 7f -1 -1 -1 -1 -1
1 1 0 28.0 52.5 23 -1 4b 7f -1 -1 -1 -1 -1
1 1 7 28.0 52.5 23 -1 4b 7f -1 -1 -1 -1 -1
1 1 17 27.9 52.5 23 -1 4b 7f -1 -1 -1 -1 -1
1 1 0 28.0 52.5 23 -1 4b 7f -1 -1 -1 -1 -1
1 1 0 27.9 52.5 23 -1 4b 7f -1 -1 -1 -1 -1
1 1 14 28.0 52.5 23 -1 4b 7f -1 -1 -1 -1 -1
1 1 0 27.9 52.0 21 -1 4b 7f -1 -1 -1 -1 -1
1 1 12 27.9 52.0 19 -1 4b 7f -1 -1 -1 -1 -1
1 1 0 27.9 52.0 19 -1 0b 7f -1 -1 -1 -1 -1
1 1 0 27.9 51.5 19 -1 0b 7f -1 -1 -1 -1 -1
1 1 0 27.9 51.5 21 -1 0b 7f -1 -1 -1 -1 -1
1 1 0 27.9 51.5 21 -1 0b 7f -1 -1 -1 -1 -1
1 1 0 27.9 51.0 21 -1 0b 7f -1 -1 -1 -1 -1
1 1 0 27.9 51.0 21 -1 0b 7f -1 -1 -1 -1 -1
1 1 0 27.9 51.5 21 -1 0b 7f -1 -1 -1 -1 -1
1 1 0 27.9 51.5 21 -1 0b 7f -1 -1 -1 -1 -1
1 1 0 27.8 51.0 21 -1 0b 7f -1 -1 -1 -1 -1
1 1 0 27.9 51.0 19 -1 0b 7f -1 -1 -1 -1 -1
1 1 0 27.8 51.0 21 -1 0b 7f -1 -1 -1 -1 -1
1 1 0 27.8 51.5 21 -1 0b 7f -1 -1 -1 -1 -1
1 1 0 27.9 51.5 21 -1 0b 7f -1 -1 -1 -1 -1
1 1 1 27.8 51.5 19 -1 0b 7f -1 -1 -1 -1 -1
1 1 0 27.9 51.5 21 -1 0b 7f -1 -1 -1 -1 -1
1 1 0 27.8 51.5 21 -1 0b 7f -1 -1 -1 -1 -1
1 1 0 27.8 51.0 21 -1 0b 7f -1 -1 -1 -1 -1
1 1 0 27.8 51.5 21 -1 0b 7f -1 -1 -1 -1 -1
1 1 0 27.8 51.5 21 -1 0b 7f -1 -1 -1 -1 -1
1 1 0 27.8 51.5 21 -1 0b 7f -1 -1 -1 -1 -1
1 1 0 27.8 51.5 21 -1 0b 7f -1 -1 -1 -1 -1
1 1 0 27.8 51.5 21 -1 0b 7f -1 -1 -1 -1 -1
1 1 0 27.7 51.5 21 -1 0b 7f -1 -1 -1 -1 -1
1 1 5 27.7 52.0 21 -1 0b 7f -1 -1 -1 -1 -1
1 1 0 27.8 52.0 21 -1 0b 7f -1 -1 -1 -1 -1
1 1 0 27.8 52.0 21 -1 0b 7f -1 -1 -1 -1 -1
1 1 0 27.8 52.0 21 -1 0b 7f -1 -1 -1 -1 -1
1 1 0 27.8 52.0 21 -1 0b 7f -1 -1 -1 -1 -1
1 1 0 27.8 52.0 21 -1 0b 7f -1 -1 -1 -1 -1
1 1 5 27.7 52.0 21 -1 0b 7f -1 -1 -1 -1 -1
1 1 0 27.7 52.0 21 -1 0b 7f -1 -1 -1 -1 -1
1 1 0 27.7 52.0 21 -1 0b 7f -1 -1 -1 -1 -1
1 1 0 27.7 51.5 19 -1 0b 7f -1 -1 -1 -1 -1
1 1 0 27.6 51.5 19 -1 0b 7f -1 -1 -1 -1 -1
1 1 0 27.6 51.5 19 -1 0b 7f -1 -1 -1 -1 -1
1 1 0 27.7 51.5 19 -1 0b 7f -1 -1 -1 -1 -1
1 1 0 27.7 51.5 19 -1 0b 7f -1 -1 -1 -1 -1
1 1 0 27.7 51.5 19 -1 0b 7f -1 -1 -1 -1 -1
1 1 0 27.7 51.5 19 -1 0b 7f -1 -1 -1 -1 -1
1 1 0 27.6 51.5 19 -1 0b 7f -1 -1 -1 -1 -1
1 1 0 27.7 51.5 19 -1 0b 7f -1 -1 -1 -1 -1
1 1 0 27.6 51.5 19 -1 0b 7f -1 -1 -1 -1 -1
1 1 0 27.7 51.5 19 -1 0b 7f -1 -1 -1 -1 -1
1 1 0 27.7 51.5 19 -1 0b 7f -1 -1 -1 -1 -1
1 1 0 27.7 52.0 19 -1 0b 7f -1 -1 -1 -1 -1
1 1 0 27.6 52.0 19 -1 0b 7f -1 -1 -1 -1 -1
1 1 0 27.7 52.0 17 -1 0b 7f -1 -1 -1 -1 -1
1 1 6 27.6 52.0 17 -1 0b 7f -1 -1 -1 -1 -1
1 1 0 27.6 52.0 17 -1 0b 7f -1 -1 -1 -1 -1
1 1 0 27.6 52.0 17 -1 0b 7f -1 -1 -1 -1 -1
1 1 0 27.6 52.0 19 -1 0b 7f -1 -1 -1 -1 -1
1 1 0 27.7 51.5 19 -1 0b 7f -1 -1 -1 -1 -1
1 1 0 27.5 51.5 19 -1 0b 7f -1 -1 -1 -1 -1
1 1 0 27.6 52.0 19 -1 0b 7f -1 -1 -1 -1 -1
1 1 0 27.6 52.0 19 -1 0b 7f -1 -1 -1 -1 -1
1 1 0 27.6 52.0 19 -1 0b 7f -1 -1 -1 -1 -1
1 1 0 27.6 52.0 21 -1 0b 7f -1 -1 -1 -1 -1
1 1 0 27.7 52.0 19 -1 0b 7f -1 -1 -1 -1 -1
1 1 0 27.6 52.0 21 -1 0b 7f -1 -1 -1 -1 -1
1 1 0 27.6 52.5 19 -1 0b 7f -1 -1 -1 -1 -1
1 1 0 27.6 52.5 19 -1 0b 7f -1 -1 -1 -1 -1
1 1 0 27.6 52.5 19 -1 0b 7f -1 -1 -1 -1 -1
1 1 0 27.6 53.0 19 -1 0b 7f -1 -1 -1 -1 -1
1 1 0 27.6 53.0 19 -1 0b 7f -1 -1 -1 -1 -1
1 1 0 27.7 53.0 19 -1 0b 7f -1 -1 -1 -1 -1
1 1 7 27.7 53.0 19 -1 0b 7f -1 -1 -1 -1 -1
1 1 0 27.6 53.0 19 -1 0b 7f -1 -1 -1 -1 -1
1 1 6 27.6 53.0 19 -1 0b 7f -1 -1 -1 -1 -1
1 1 0 27.6 53.0 19 -1 0b 7f -1 -1 -1 -1 -1
1 1 0 27.6 53.0 19 -1 0b 7f -1 -1 -1 -1 -1
1 1 5 27.6 52.5 19 -1 0b 7f -1 -1 -1 -1 -1
1 1 0 27.5 52.5 19 -1 0b 7f -1 -1 -1 -1 -1
1 1 0 27.6 52.5 19 -1 0b 7f -1 -1 -1 -1 -1
1 1 0 27.6 52.5 19 -1 0b 7f -1 -1 -1 -1 -1
1 1 0 27.6 52.5 19 -1 0b 7f -1 -1 -1 -1 -1
1 1 0 27.5 52.5 19 -1 0b 7f -1 -1 -1 -1 -1
1 1 0 27.6 52.5 19 -1 0b 7f -1 -1 -1 -1 -1
1 1 0 27.6 52.5 17 -1 0b 7f -1 -1 -1 -1 -1
1 1 0 27.6 52.0 17 -1 0b 7f -1 -1 -1 -1 -1
1 1 0 27.5 52.0 17 -1 0b 7f -1 -1 -1 -1 -1
1 1 0 27.5 51.5 19 -1 0b 7f -1 -1 -1 -1 -1
1 1 0 27.4 51.5 19 -1 0b 7f -1 -1 -1 -1 -1
1 1 0 27.5 51.5 19 -1 0b 7f -1 -1 -1 -1 -1
1 1 0 27.5 51.5 19 -1 0b 7f -1 -1 -1 -1 -1
1 1 0 27.5 51.5 19 -1 0b 7f -1 -1 -1 -1 -1
1 1 0 27.4 51.0 19 -1 0b 7f -1 -1 -1 -1 -1
1 1 0 27.5 51.0 17 -1 0b 7f -1 -1 -1 -1 -1
1 1 0 27.5 51.0 17 -1 0b 7f -1 -1 -1 -1 -1
1 1 0 27.5 50.5 17 -1 0b 7f -1 -1 -1 -1 -1
1 1 0 27.4 51.0 17 -1 0b 7f -1 -1 -1 -1 -1
1 1 0 27.4 51.0 17 -1 0b 7f -1 -1 -1 -1 -1
1 1 0 27.4 51.0 21 -1 0b 7f -1 -1 -1 -1 -1
1 1 0 27.4 51.0 17 -1 0b 7f -1 -1 -1 -1 -1
1 1 0 27.4 51.5 17 -1 0b 7f -1 -1 -1 -1 -1
1 1 0 27.5 51.5 21 -1 0b 7f -1 -1 -1 -1 -1
1 1 0 27.5 51.5 19 -1 0b 7f -1 -1 -1 -1 -1
1 1 0 27.4 52.0 19 -1 0b 7f -1 -1 -1 -1 -1
1 1 0 27.5 52.0 19 -1 0b 7f -1 -1 -1 -1 -1
1 1 0 27.4 52.5 19 -1 0b 7f -1 -1 -1 -1 -1
1 1 0 27.4 52.5 19 -1 0b 7f -1 -1 -1 -1 -1
1 1 1 27.4 52.0 19 -1 0b 7f -1 -1 -1 -1 -1
1 1 0 27.4 52.0 19 -1 0b 7f -1 -1 -1 -1 -1
1 1 0 27.4 52.0 17 -1 0b 7f -1 -1 -1 -1 -1
1 1 0 27.4 52.0 19 -1 0b 7f -1 -1 -1 -1 -1
1 1 5 27.5 52.5 19 -1 0b 7f -1 -1 -1 -1 -1
1 1 0 27.5 52.5 19 -1 0b 7f -1 -1 -1 -1 -1
1 1 5 27.4 52.5 17 -1 0b 7f -1 -1 -1 -1 -1
1 1 0 27.4 52.5 17 -1 0b 7f -1 -1 -1 -1 -1
1 1 0 27.5 52.5 19 -1 0b 7f -1 -1 -1 -1 -1
1 1 0 27.4 52.5 17 -1 0b 7f -1 -1 -1 -1 -1
1 1 0 27.4 52.5 17 -1 0b 7f -1 -1 -1 -1 -1
1 1 0 27.4 52.0 19 -1 0b 7f -1 -1 -1 -1 -1
1 1 0 27.4 52.0 19 -1 0b 7f -1 -1 -1 -1 -1
1 1 0 27.4 52.5 19 -1 0b 7f -1 -1 -1 -1 -1
1 1 0 27.4 53.0 19 -1 0b 7f -1 -1 -1 -1 -1
1 1 0 27.6 53.0 17 -1 0b 7f -1 -1 -1 -1 -1
1 1 0 27.6 53.5 17 -1 0b 7f -1 -1 -1 -1 -1
1 1 0 27.5 54.0 17 -1 0b 7f -1 -1 -1 -1 -1
1 1 0 27.6 54.5 17 -1 0b 7f -1 -1 -1 -1 -1
1 1 0 27.6 54.5 17 -1 0b 7f -1 -1 -1 -1 -1
1 1 0 27.5 54.5 17 -1 0b 7f -1 -1 -1 -1 -1
1 1 5 27.5 54.5 17 -1 0b 7f -1 -1 -1 -1 -1
1 1 1 27.5 54.5 17 -1 0b 7f -1 -1 -1 -1 -1
1 1 7 27.5 54.5 17 -1 0b 7f -1 -1 -1 -1 -1
1 1 0 27.5 54.5 17 -1 0b 7f -1 -1 -1 -1 -1
1 1 0 27.5 54.0 17 -1 0b 7f -1 -1 -1 -1 -1
1 1 7 27.5 54.0 19 -1 0b 7f -1 -1 -1 -1 -1
1 1 5 27.5 54.0 19 -1 0b 7f -1 -1 -1 -1 -1
1 1 0 27.5 54.0 19 -1 0b 7f -1 -1 -1 -1 -1
1 1 0 27.5 54.0 19 -1 0b 7f -1 -1 -1 -1 -1
1 1 0 27.4 53.5 19 -1 0b 7f -1 -1 -1 -1 -1
1 1 0 27.4 53.5 17 -1 0b 7f -1 -1 -1 -1 -1
1 1 0 27.4 53.5 17 -1 0b 7f -1 -1 -1 -1 -1
1 1 0 27.4 53.0 19 -1 0b 7f -1 -1 -1 -1 -1
1 1 0 27.4 53.0 17 -1 0b 7f -1 -1 -1 -1 -1
1 1 0 27.4 53.0 17 -1 0b 7f -1 -1 -1 -1 -1
1 1 0 27.5 53.0 17 -1 0b 7f -1 -1 -1 -1 -1
1 1 0 27.4 53.0 17 -1 0b 7f -1 -1 -1 -1 -1
1 1 0 27.4 53.0 15 -1 0b 7f -1 -1 -1 -1 -1
1 1 0 27.4 52.5 17 -1 0b 7f -1 -1 -1 -1 -1
1 1 0 27.4 52.5 17 -1 0b 7f -1 -1 -1 -1 -1
1 1 0 27.4 52.5 15 -1 0b 7f -1 -1 -1 -1 -1
1 1 0 27.4 52.5 15 -1 0b 7f -1 -1 -1 -1 -1
1 1 0 27.4 53.0 15 -1 0b 7f -1 -1 -1 -1 -1
1 1 0 27.4 53.0 15 -1 0b 7f -1 -1 -1 -1 -1
1 1 4 27.4 53.0 15 -1 0b 7f -1 -1 -1 -1 -1
1 1 0 27.5 53.0 15 -1 0b 7f -1 -1 -1 -1 -1
1 1 4 27.5 53.0 15 -1 0b 7f -1 -1 -1 -1 -1
1 1 0 27.5 53.0 15 -1 0b 7f -1 -1 -1 -1 -1
1 1 0 27.4 53.0 15 -1 0b 7f -1 -1 -1 -1 -1
1 1 0 27.4 53.0 15 -1 0b 7f -1 -1 -1 -1 -1
1 1 0 27.4 53.0 15 -1 0b 7f -1 -1 -1 -1 -1
1 1 0 27.3 53.0 15 -1 0b 7f -1 -1 -1 -1 -1
1 1 6 27.4 53.0 17 -1 0b 7f -1 -1 -1 -1 -1
1 1 8 27.4 53.0 15 -1 0b 7f -1 -1 -1 -1 -1
1 1 0 27.4 53.0 15 -1 0b 7f -1 -1 -1 -1 -1
1 1 0 27.4 53.0 15 -1 0b 7f -1 -1 -1 -1 -1
1 1 0 27.3 52.5 17 -1 0b 7f -1 -1 -1 -1 -1
1 1 6 27.3 52.5 19 -1 0b 7f -1 -1 -1 -1 -1
1 1 0 27.3 52.5 17 -1 0b 7f -1 -1 -1 -1 -1
1 1 0 27.4 52.5 18 -1 0b 7f -1 -1 -1 -1 -1
1 1 0 27.4 52.5 17 -1 0b 7f -1 -1 -1 -1 -1
1 1 0 27.3 52.5 17 -1 0b 7f -1 -1 -1 -1 -1
1 1 0 27.3 52.0 17 -1 0b 7f -1 -1 -1 -1 -1
1 1 0 27.3 52.0 15 -1 0b 7f -1 -1 -1 -1 -1
1 1 0 27.3 52.0 15 -1 0b 7f -1 -1 -1 -1 -1
1 1 0 27.3 52.0 15 -1 0b 7f -1 -1 -1 -1 -1
1 1 0 27.3 52.0 17 -1 0b 7f -1 -1 -1 -1 -1
1 1 0 27.3 52.0 17 -1 0b 7f -1 -1 -1 -1 -1
1 1 0 27.3 52.0 17 -1 0b 7f -1 -1 -1 -1 -1
1 1 0 27.3 52.5 17 -1 0b 7f -1 -1 -1 -1 -1
1 1 0 27.3 52.0 17 -1 0b 7f -1 -1 -1 -1 -1
1 1 0 27.3 52.0 17 -1 0b 7f -1 -1 -1 -1 -1
1 1 0 27.3 52.0 17 -1 0b 7f -1 -1 -1 -1 -1
1 1 6 27.3 52.5 19 -1 0b 7f -1 -1 -1 -1 -1
1 1 0 27.3 52.5 19 -1 0b 7f -1 -1 -1 -1 -1
1 1 0 27.3 52.5 15 -1 0b 7f -1 -1 -1 -1 -1
1 1 0 27.3 52.5 17 -1 0b 7f -1 -1 -1 -1 -1
1 1 0 27.2 52.5 17 -1 0b 7f -1 -1 -1 -1 -1
1 1 0 27.3 52.0 17 -1 0b 7f -1 -1 -1 -1 -1
1 1 4 27.2 52.0 17 -1 0b 7f -1 -1 -1 -1 -1
1 1 0 27.3 52.0 17 -1 0b 7f -1 -1 -1 -1 -1
1 1 0 27.2 51.5 17 -1 0b 7f -1 -1 -1 -1 -1
1 1 0 27.2 51.5 17 -1 0b 7f -1 -1 -1 -1 -1
1 1 0 27.3 51.5 17 -1 0b 7f -1 -1 -1 -1 -1
1 1 0 27.2 51.0 17 -1 0b 7f -1 -1 -1 -1 -1
1 1 0 27.2 51.0 17 -1 0b 7f -1 -1 -1 -1 -1
1 1 0 27.2 51.0 17 -1 0b 7f -1 -1 -1 -1 -1
1 1 0 27.1 51.0 19 -1 0b 7f -1 -1 -1 -1 -1
1 1 0 27.2 51.0 19 -1 0b 7f -1 -1 -1 -1 -1
1 1 0 27.2 51.0 19 -1 0b 7f -1 -1 -1 -1 -1
1 1 0 27.2 51.5 19 -1 0b 7f -1 -1 -1 -1 -1
1 1 0 27.2 51.5 19 -1 0b 7f -1 -1 -1 -1 -1
1 1 0 27.3 51.5 19 -1 0b 7f -1 -1 -1 -1 -1
1 1 0 27.3 52.0 15 -1 0b 7f -1 -1 -1 -1 -1
1 1 0 27.3 52.0 17 -1 0b 7f -1 -1 -1 -1 -1
1 1 0 27.2 52.5 19 -1 0b 7f -1 -1 -1 -1 -1
1 1 0 27.3 52.5 19 -1 0b 7f -1 -1 -1 -1 -1
1 1 0 27.3 53.0 17 -1 0b 7f -1 -1 -1 -1 -1
1 1 0 27.3 53.0 19 -1 0b 7f -1 -1 -1 -1 -1
1 1 6 27.3 52.5 21 -1 0b 7f -1 -1 -1 -1 -1
1 1 0 27.2 52.5 17 -1 0b 7f -1 -1 -1 -1 -1
1 1 5 27.2 52.5 17 -1 0b 7f -1 -1 -1 -1 -1
1 1 0 27.2 52.5 17 -1 0b 7f -1 -1 -1 -1 -1
1 1 6 27.2 52.0 17 -1 0b 7f -1 -1 -1 -1 -1
1 1 0 27.3 52.0 17 -1 0b 7f -1 -1 -1 -1 -1
1 1 0 27.2 52.5 17 -1 0b 7f -1 -1 -1 -1 -1
1 1 0 27.3 52.0 17 -1 0b 7f -1 -1 -1 -1 -1
1 1 0 27.2 52.0 17 -1 0b 7f -1 -1 -1 -1 -1
1 1 0 27.2 52.0 17 -1 0b 7f -1 -1 -1 -1 -1
1 1 0 27.2 52.0 17 -1 0b 7f -1 -1 -1 -1 -1
1 1 0 27.2 52.0 17 -1 0b 7f -1 -1 -1 -1 -1
1 1 0 27.3 52.0 17 -1 0b 7f -1 -1 -1 -1 -1
1 1 0 27.2 52.0 17 -1 0b 7f -1 -1 -1 -1 -1
1 1 0 27.2 52.5 17 -1 0b 7f -1 -1 -1 -1 -1
1 1 0 27.2 52.5 17 -1 0b 7f -1 -1 -1 -1 -1
1 1 0 27.2 52.5 17 -1 0b 7f -1 -1 -1 -1 -1
1 1 0 27.2 52.5 17 -1 0b 7f -1 -1 -1 -1 -1
1 1 0 27.2 52.0 17 -1 0b 7f -1 -1 -1 -1 -1
1 1 0 27.2 52.5 17 -1 0b 7f -1 -1 -1 -1 -1
1 1 0 27.2 52.5 17 -1 0b 7f -1 -1 -1 -1 -1
1 1 0 27.2 52.5 17 -1 0b 7f -1 -1 -1 -1 -1
1 1 0 27.2 52.5 17 -1 0b 7f -1 -1 -1 -1 -1
1 1 0 27.2 52.5 17 -1 0b 7f -1 -1 -1 -1 -1
1 1 0 27.2 52.5 17 -1 0b 7f -1 -1 -1 -1 -1
1 1 0 27.2 52.5 19 -1 0b 7f -1 -1 -1 -1 -1
1 1 0 27.2 52.0 17 -1 0b 7f -1 -1 -1 -1 -1
1 1 0 27.3 52.0 21 -1 0b 7f -1 -1 -1 -1 -1
1 1 0 27.2 52.0 14 -1 0b 7f -1 -1 -1 -1 -1
1 1 0 27.2 52.0 19 -1 0b 7f -1 -1 -1 -1 -1
1 1 0 27.2 52.0 17 -1 0b 7f -1 -1 -1 -1 -1
1 1 0 27.2 52.0 19 -1 0b 7f -1 -1 -1 -1 -1
1 1 0 27.2 52.0 19 -1 0b 7f -1 -1 -1 -1 -1
1 1 0 27.2 52.0 19 -1 0b 7f -1 -1 -1 -1 -1
1 1 0 27.2 52.0 19 -1 0b 7f -1 -1 -1 -1 -1
1 1 0 27.2 52.0 19 -1 0b 7f -1 -1 -1 -1 -1
1 1 0 27.1 52.0 19 -1 0b 7f -1 -1 -1 -1 -1
1 1 0 27.2 52.0 19 -1 0b 7f -1 -1 -1 -1 -1
1 1 0 27.2 52.0 19 -1 0b 7f -1 -1 -1 -1 -1
1 1 0 27.2 52.5 19 -1 0b 7f -1 -1 -1 -1 -1
1 1 0 27.2 52.5 19 -1 0b 7f -1 -1 -1 -1 -1
1 1 0 27.2 52.5 19 -1 0b 7f -1 -1 -1 -1 -1
1 1 0 27.3 53.0 19 -1 0b 7f -1 -1 -1 -1 -1
1 1 0 27.3 52.5 19 -1 0b 7f -1 -1 -1 -1 -1
1 1 0 27.2 52.5 19 -1 0b 7f -1 -1 -1 -1 -1
1 1 0 27.3 52.5 19 -1 0b 7f -1 -1 -1 -1 -1
1 1 0 27.2 52.5 19 -1 0b 7f -1 -1 -1 -1 -1
1 1 0 27.3 52.5 19 -1 0b 7f -1 -1 -1 -1 -1
1 1 0 27.2 52.5 21 -1 0b 7f -1 -1 -1 -1 -1
1 1 0 27.3 52.5 19 -1 0b 7f -1 -1 -1 -1 -1
1 1 0 27.3 52.5 21 -1 0b 7f -1 -1 -1 -1 -1
1 1 0 27.3 52.5 17 -1 0b 7f -1 -1 -1 -1 -1
1 1 0 27.2 52.5 19 -1 0b 7f -1 -1 -1 -1 -1
1 1 0 27.2 52.0 17 -1 0b 7f -1 -1 -1 -1 -1
1 1 0 27.2 51.5 19 -1 0b 7f -1 -1 -1 -1 -1
1 1 0 27.2 51.5 19 -1 0b 7f -1 -1 -1 -1 -1
1 1 0 27.2 51.5 19 -1 0b 7f -1 -1 -1 -1 -1
1 1 0 27.2 51.5 19 -1 0b 7f -1 -1 -1 -1 -1
1 1 4 27.2 51.5 19 -1 0b 7f -1 -1 -1 -1 -1
1 1 0 27.2 51.5 19 -1 0b 7f -1 -1 -1 -1 -1
1 1 0 27.2 52.0 19 -1 0b 7f -1 -1 -1 -1 -1
1 1 0 27.3 52.0 19 -1 0b 7f -1 -1 -1 -1 -1
1 1 7 27.3 52.5 19 -1 0b 7f -1 -1 -1 -1 -1
1 1 6 27.3 52.5 19 -1 0b 7f -1 -1 -1 -1 -1
1 1 0 27.3 52.5 19 -1 0b 7f -1 -1 -1 -1 -1
1 1 0 27.3 52.5 21 -1 0b 7f -1 -1 -1 -1 -1
1 1 0 27.3 52.0 21 -1 0b 7f -1 -1 -1 -1 -1
1 1 7 27.2 52.0 21 -1 0b 7f -1 -1 -1 -1 -1
1 1 0 27.3 52.0 21 -1 0b 7f -1 -1 -1 -1 -1
1 1 0 27.3 52.5 19 -1 0b 7f -1 -1 -1 -1 -1
1 1 0 27.3 52.5 19 -1 0b 7f -1 -1 -1 -1 -1
1 1 0 27.3 52.5 19 -1 0b 7f -1 -1 -1 -1 -1
1 1 0 27.3 52.5 19 -1 0b 7f -1 -1 -1 -1 -1
1 1 0 27.3 52.5 19 -1 0b 7f -1 -1 -1 -1 -1
1 1 0 27.3 52.5 19 -1 0b 7f -1 -1 -1 -1 -1
1 1 0 27.3 52.5 19 -1 0b 7f -1 -1 -1 -1 -1
1 1 0 27.3 52.5 21 -1 0b 7f -1 -1 -1 -1 -1
1 1 0 27.3 52.5 21 -1 0b 7f -1 -1 -1 -1 -1
1 1 0 27.2 52.0 21 -1 0b 7f -1 -1 -1 -1 -1
1 1 0 27.3 52.0 19 -1 0b 7f -1 -1 -1 -1 -1
1 1 0 27.3 52.0 19 -1 0b 7f -1 -1 -1 -1 -1
1 1 0 27.3 52.0 19 -1 0b 7f -1 -1 -1 -1 -1
1 1 0 27.2 52.5 21 -1 0b 7f -1 -1 -1 -1 -1
1 1 0 27.3 53.0 21 -1 0b 7f -1 -1 -1 -1 -1
1 1 0 27.3 53.0 21 -1 0b 7f -1 -1 -1 -1 -1
1 1 0 27.3 53.0 19 -1 0b 7f -1 -1 -1 -1 -1
1 1 0 27.3 53.0 19 -1 0b 7f -1 -1 -1 -1 -1
1 1 0 27.4 53.0 23 -1 0b 7f -1 -1 -1 -1 -1
1 1 0 27.3 53.0 19 -1 0b 7f -1 -1 -1 -1 -1
1 1 0 27.3 53.0 21 -1 0b 7f -1 -1 -1 -1 -1
1 1 0 27.3 53.0 21 -1 0b 7f -1 -1 -1 -1 -1
1 1 0 27.3 53.0 21 -1 0b 7f -1 -1 -1 -1 -1
1 1 1 27.3 53.0 21 -1 0b 7f -1 -1 -1 -1 -1
1 1 0 27.3 53.0 21 -1 0b 7f -1 -1 -1 -1 -1
1 1 0 27.3 52.5 21 -1 0b 7f -1 -1 -1 -1 -1
1 1 0 27.3 52.5 24 -1 0b 7f -1 -1 -1 -1 -1
1 1 0 27.2 52.5 24 -1 0b 7f -1 -1 -1 -1 -1
1 1 0 27.2 52.0 24 -1 0b 7f -1 -1 -1 -1 -1
1 1 0 27.3 52.0 24 -1 0b 7f -1 -1 -1 -1 -1
1 1 0 27.3 52.0 24 -1 0b 7f -1 -1 -1 -1 -1
1 1 0 27.3 52.0 24 -1 0b 7f -1 -1 -1 -1 -1
1 1 0 27.3 52.0 20 -1 0b 7f -1 -1 -1 -1 -1
1 1 0 27.3 52.0 20 -1 0b 7f -1 -1 -1 -1 -1
1 1 0 27.3 51.5 22 -1 0b 7f -1 -1 -1 -1 -1
1 1 0 27.3 51.5 22 -1 0b 7f -1 -1 -1 -1 -1
1 1 0 27.2 51.5 23 -1 0b 7f -1 -1 -1 -1 -1
1 1 0 27.3 51.5 19 -1 0b 7f -1 -1 -1 -1 -1
1 1 0 27.2 51.5 21 -1 0b 7f -1 -1 -1 -1 -1
1 1 0 27.3 51.5 24 -1 0b 7f -1 -1 -1 -1 -1
1 1 0 27.2 51.5 24 -1 0b 7f -1 -1 -1 -1 -1
1 1 2 27.3 51.0 18 -1 0b 7f -1 -1 -1 -1 -1
1 1 0 27.2 51.0 26 -1 0b 7f -1 -1 -1 -1 -1
1 1 0 27.3 51.0 22 -1 0b 7f -1 -1 -1 -1 -1
1 1 0 27.2 51.0 24 -1 0b 7f -1 -1 -1 -1 -1
1 1 0 27.2 51.0 26 -1 0b 7f -1 -1 -1 -1 -1
1 1 0 27.2 50.5 24 -1 0b 7f -1 -1 -1 -1 -1
1 1 0 27.3 50.5 24 -1 0b 7f -1 -1 -1 -1 -1
1 1 0 27.2 50.5 28 -1 0b 7f -1 -1 -1 -1 -1
1 1 0 27.2 50.5 24 -1 0b 7f -1 -1 -1 -1 -1
1 1 0 27.2 50.5 24 -1 0b 7f -1 -1 -1 -1 -1
1 1 6 27.2 50.5 24 -1 0b 7f -1 -1 -1 -1 -1
1 1 0 27.2 50.5 24 -1 0b 7f -1 -1 -1 -1 -1
1 1 0 27.2 50.5 24 -1 0b 7f -1 -1 -1 -1 -1
1 1 0 27.2 50.0 24 -1 0b 7f -1 -1 -1 -1 -1
1 1 0 27.2 50.0 26 -1 0b 7f -1 -1 -1 -1 -1
1 1 0 27.2 50.0 26 -1 0b 7f -1 -1 -1 -1 -1
1 1 0 27.2 50.0 26 -1 0b 7f -1 -1 -1 -1 -1
1 1 4 27.2 50.0 26 -1 0b 7f -1 -1 -1 -1 -1
1 1 0 27.2 49.5 25 -1 0b 7f -1 -1 -1 -1 -1
1 1 0 27.2 49.5 18 -1 0b 7f -1 -1 -1 -1 -1
1 1 0 27.2 49.5 18 -1 0b 7f -1 -1 -1 -1 -1
1 1 0 27.3 50.0 26 -1 0b 7f -1 -1 -1 -1 -1
1 1 0 27.2 50.0 16 -1 0b 7f -1 -1 -1 -1 -1
1 1 0 27.2 50.0 23 -1 0b 7f -1 -1 -1 -1 -1
1 1 0 27.2 50.0 26 -1 0b 7f -1 -1 -1 -1 -1
1 1 0 27.2 50.0 21 -1 0b 7f -1 -1 -1 -1 -1
1 1 7 27.2 50.5 24 -1 0b 7f -1 -1 -1 -1 -1
1 1 0 27.2 51.0 21 -1 0b 7f -1 -1 -1 -1 -1
1 1 0 27.2 51.0 17 -1 0b 7f -1 -1 -1 -1 -1
1 1 6 27.2 51.0 28 -1 0b 7f -1 -1 -1 -1 -1
1 1 0 27.2 51.0 27 -1 0b 7f -1 -1 -1 -1 -1
1 1 0 27.2 51.0 29 -1 0b 7f -1 -1 -1 -1 -1
1 1 0 27.2 51.0 24 -1 0b 7f -1 -1 -1 -1 -1
1 1 0 27.2 51.0 24 -1 0b 7f -1 -1 -1 -1 -1
1 1 0 27.3 51.0 24 -1 0b 7f -1 -1 -1 -1 -1
1 1 0 27.2 50.5 31 -1 0b 7f -1 -1 -1 -1 -1
1 1 0 27.2 50.5 31 -1 0b 7f -1 -1 -1 -1 -1
1 1 0 27.2 50.5 31 -1 0b 7f -1 -1 -1 -1 -1
1 1 0 27.2 50.0 31 -1 0b 7f -1 -1 -1 -1 -1
1 1 0 27.2 50.0 29 -1 0b 7f -1 -1 -1 -1 -1
1 1 0 27.2 50.0 29 -1 0b 7f -1 -1 -1 -1 -1
1 1 0 27.2 50.0 27 -1 0b 7f -1 -1 -1 -1 -1
1 1 0 27.2 50.0 27 -1 0b 7f -1 -1 -1 -1 -1
1 1 0 27.2 50.0 27 -1 0b 7f -1 -1 -1 -1 -1
1 1 0 27.2 50.0 27 -1 0b 7f -1 -1 -1 -1 -1
1 1 0 27.2 50.0 29 -1 0b 7f -1 -1 -1 -1 -1
1 1 5 27.2 50.0 31 -1 0b 7f -1 -1 -1 -1 -1
1 1 7 27.3 50.0 31 -1 0b 7f -1 -1 -1 -1 -1
1 1 0 27.2 50.0 31 -1 0b 7f -1 -1 -1 -1 -1
1 1 8 27.2 50.0 31 -1 0b 7f -1 -1 -1 -1 -1
1 1 0 27.2 50.0 31 -1 0b 7f -1 -1 -1 -1 -1
1 1 0 27.3 50.5 31 -1 0b 7f -1 -1 -1 -1 -1
1 1 0 27.3 50.0 29 -1 0b 7f -1 -1 -1 -1 -1
1 1 0 27.3 50.0 29 -1 0b 7f -1 -1 -1 -1 -1
1 1 0 27.2 50.0 29 -1 0b 7f -1 -1 -1 -1 -1
1 1 0 27.3 50.0 29 -1 0b 7f -1 -1 -1 -1 -1
1 1 0 27.2 50.0 29 -1 0b 7f -1 -1 -1 -1 -1
1 1 0 27.3 50.0 31 -1 0b 7f -1 -1 -1 -1 -1
1 1 0 27.3 50.0 31 -1 0b 7f -1 -1 -1 -1 -1
1 1 0 27.3 50.0 29 -1 0b 7f -1 -1 -1 -1 -1
1 1 0 27.2 50.0 33 -1 0b 7f -1 -1 -1 -1 -1
1 1 0 27.3 50.0 29 -1 0b 7f -1 -1 -1 -1 -1
1 1 0 27.3 49.5 29 -1 0b 7f -1 -1 -1 -1 -1
1 1 0 27.3 49.5 29 -1 0b 7f -1 -1 -1 -1 -1
1 1 0 27.3 49.5 29 -1 0b 7f -1 -1 -1 -1 -1
1 1 0 27.3 49.5 29 -1 0b 7f -1 -1 -1 -1 -1
1 1 0 27.3 49.5 29 -1 0b 7f -1 -1 -1 -1 -1
1 1 0 27.2 49.5 24 -1 0b 7f -1 -1 -1 -1 -1
1 1 0 27.3 49.0 28 -1 0b 7f -1 -1 -1 -1 -1
1 1 0 27.3 49.0 26 -1 0b 7f -1 -1 -1 -1 -1
1 1 0 27.3 49.0 28 -1 0b 7f -1 -1 -1 -1 -1
1 1 0 27.3 49.0 31 -1 0b 7f -1 -1 -1 -1 -1
1 1 0 27.3 49.0 31 -1 0b 7f -1 -1 -1 -1 -1
1 1 0 27.3 49.0 32 -1 0b 7f -1 -1 -1 -1 -1
1 1 1 27.3 49.0 33 -1 0b 7f -1 -1 -1 -1 -1
1 1 0 27.2 49.0 34 -1 0b 7f -1 -1 -1 -1 -1
1 1 0 27.3 49.0 21 -1 0b 7f -1 -1 -1 -1 -1
1 1 0 27.3 49.0 33 -1 0b 7f -1 -1 -1 -1 -1
1 1 0 27.3 49.0 34 -1 0b 7f -1 -1 -1 -1 -1
1 1 0 27.3 49.0 36 -1 0b 7f -1 -1 -1 -1 -1
1 1 0 27.3 48.5 26 -1 0b 7f -1 -1 -1 -1 -1
1 1 0 27.3 49.0 18 -1 0b 7f -1 -1 -1 -1 -1
1 1 0 27.3 48.5 30 -1 0b 7f -1 -1 -1 -1 -1
1 1 0 27.3 48.5 32 -1 0b 7f -1 -1 -1 -1 -1
1 1 0 27.3 48.5 36 -1 0b 7f -1 -1 -1 -1 -1
1 1 0 27.2 48.5 32 -1 0b 7f -1 -1 -1 -1 -1
1 1 0 27.3 48.5 36 -1 0b 7f -1 -1 -1 -1 -1
1 1 0 27.3 48.5 34 -1 0b 7f -1 -1 -1 -1 -1
1 1 0 27.3 48.5 34 -1 0b 7f -1 -1 -1 -1 -1
1 1 0 27.3 48.5 34 -1 0b 7f -1 -1 -1 -1 -1
1 1 0 27.3 48.5 36 -1 0b 7f -1 -1 -1 -1 -1
1 1 0 27.3 48.5 36 -1 0b 7f -1 -1 -1 -1 -1
1 1 0 27.3 48.5 36 -1 0b 7f -1 -1 -1 -1 -1
1 1 0 27.3 48.5 38 -1 0b 7f -1 -1 -1 -1 -1
1 1 0 27.3 48.5 34 -1 0b 7f -1 -1 -1 -1 -1
1 1 0 27.3 48.5 34 -1 0b 7f -1 -1 -1 -1 -1
1 1 0 27.3 48.5 36 -1 0b 7f -1 -1 -1 -1 -1
1 1 1 27.3 48.0 36 -1 0b 7f -1 -1 -1 -1 -1
1 1 0 27.3 48.5 36 -1 0b 7f -1 -1 -1 -1 -1
1 1 0 27.3 48.0 38 -1 0b 7f -1 -1 -1 -1 -1
1 1 1 27.3 48.5 36 -1 0b 7f -1 -1 -1 -1 -1
1 1 0 27.3 48.0 38 -1 0b 7f -1 -1 -1 -1 -1
1 1 14 27.3 48.0 38 -1 0b 7f -1 -1 -1 -1 -1
1 1 0 27.3 48.0 38 -1 0b 7f -1 -1 -1 -1 -1
1 1 0 27.3 48.0 37 -1 0b 7f -1 -1 -1 -1 -1
1 1 0 27.3 48.0 37 -1 0b 7f -1 -1 -1 -1 -1
1 1 0 27.4 48.0 37 -1 0b 7f -1 -1 -1 -1 -1
1 1 0 27.4 48.0 37 -1 0b 7f -1 -1 -1 -1 -1
1 1 0 27.3 47.5 39 -1 0b 7f -1 -1 -1 -1 -1
1 1 0 27.3 47.5 39 -1 0b 7f -1 -1 -1 -1 -1
1 1 0 27.3 47.5 41 -1 0b 7f -1 -1 -1 -1 -1
1 1 0 27.3 47.5 37 -1 0b 7f -1 -1 -1 -1 -1
1 1 0 27.3 47.5 37 -1 0b 7f -1 -1 -1 -1 -1
1 1 0 27.4 47.5 37 -1 0b 7f -1 -1 -1 -1 -1
1 1 0 27.4 47.5 39 -1 0b 7f -1 -1 -1 -1 -1
1 1 0 27.4 47.0 39 -1 0b 7f -1 -1 -1 -1 -1
1 1 0 27.4 47.0 39 -1 0b 7f -1 -1 -1 -1 -1
1 1 0 27.4 47.0 39 -1 0b 7f -1 -1 -1 -1 -1
1 1 0 27.4 47.0 37 -1 0b 7f -1 -1 -1 -1 -1
1 1 0 27.4 47.0 39 -1 0b 7f -1 -1 -1 -1 -1
1 1 0 27.4 47.0 39 -1 0b 7f -1 -1 -1 -1 -1
1 1 0 27.4 47.0 39 -1 0b 7f -1 -1 -1 -1 -1
1 1 0 27.4 47.0 39 -1 0b 7f -1 -1 -1 -1 -1
1 1 0 27.4 47.0 39 -1 0b 7f -1 -1 -1 -1 -1
1 1 0 27.5 47.0 41 -1 0b 7f -1 -1 -1 -1 -1
1 1 0 27.5 47.0 37 -1 0b 7f -1 -1 -1 -1 -1
1 1 0 27.4 47.0 37 -1 0b 7f -1 -1 -1 -1 -1
1 1 0 27.5 47.0 23 -1 0b 7f -1 -1 -1 -1 -1
1 1 0 27.5 47.0 32 -1 0b 7f -1 -1 -1 -1 -1
1 1 0 27.5 47.0 37 -1 0b 7f -1 -1 -1 -1 -1
1 1 0 27.5 47.0 39 -1 0b 7f -1 -1 -1 -1 -1
1 1 0 27.5 46.5 37 -1 0b 7f -1 -1 -1 -1 -1
1 1 0 27.5 46.5 37 -1 0b 7f -1 -1 -1 -1 -1
1 1 0 27.5 46.5 37 -1 0b 7f -1 -1 -1 -1 -1
1 1 0 27.5 46.5 39 -1 0b 7f -1 -1 -1 -1 -1
1 1 0 27.5 46.5 39 -1 0b 7f -1 -1 -1 -1 -1
1 1 0 27.5 46.5 39 -1 0b 7f -1 -1 -1 -1 -1
1 1 0 27.5 46.5 37 -1 0b 7f -1 -1 -1 -1 -1
1 1 0 27.4 46.5 39 -1 0b 7f -1 -1 -1 -1 -1
1 1 0 27.5 46.5 41 -1 0b 7f -1 -1 -1 -1 -1
1 1 0 27.4 46.5 39 -1 0b 7f -1 -1 -1 -1 -1
1 1 0 27.5 46.5 37 -1 0b 7f -1 -1 -1 -1 -1
1 1 0 27.5 46.5 41 -1 0b 7f -1 -1 -1 -1 -1
1 1 0 27.5 46.5 37 -1 0b 7f -1 -1 -1 -1 -1
1 1 0 27.5 46.5 37 -1 0b 7f -1 -1 -1 -1 -1
1 1 0 27.5 46.5 41 -1 0b 7f -1 -1 -1 -1 -1
1 1 0 27.5 46.5 41 -1 0b 7f -1 -1 -1 -1 -1
1 1 0 27.5 46.5 37 -1 0b 7f -1 -1 -1 -1 -1
1 1 0 27.5 46.5 37 -1 0b 7f -1 -1 -1 -1 -1
1 1 0 27.5 46.5 39 -1 0b 7f -1 -1 -1 -1 -1
1 1 0 27.5 46.5 39 -1 0b 7f -1 -1 -1 -1 -1
1 1 0 27.5 46.5 39 -1 0b 7f -1 -1 -1 -1 -1
1 1 0 27.5 46.5 39 -1 0b 7f -1 -1 -1 -1 -1
1 1 0 27.5 46.5 37 -1 0b 7f -1 -1 -1 -1 -1
1 1 0 27.5 46.5 37 -1 0b 7f -1 -1 -1 -1 -1
1 1 0 27.5 46.5 37 -1 0b 7f -1 -1 -1 -1 -1
1 1 0 27.5 46.5 37 -1 0b 7f -1 -1 -1 -1 -1
1 1 0 27.5 46.5 35 -1 0b 7f -1 -1 -1 -1 -1
1 1 0 27.5 46.5 39 -1 0b 7f -1 -1 -1 -1 -1
1 1 0 27.5 46.5 37 -1 0b 7f -1 -1 -1 -1 -1
1 1 0 27.5 46.5 32 -1 0b 7f -1 -1 -1 -1 -1
1 1 0 27.5 46.5 32 -1 0b 7f -1 -1 -1 -1 -1
1 1 0 27.6 46.5 36 -1 0b 7f -1 -1 -1 -1 -1
1 1 1 27.5 46.5 34 -1 0b 7f -1 -1 -1 -1 -1
1 1 0 27.5 46.5 34 -1 0b 7f -1 -1 -1 -1 -1
1 1 0 27.5 46.0 32 -1 0b 7f -1 -1 -1 -1 -1
1 1 0 27.5 46.5 32 -1 0b 7f -1 -1 -1 -1 -1
1 1 0 27.5 46.0 34 -1 0b 7f -1 -1 -1 -1 -1
1 1 0 27.5 46.0 32 -1 0b 7f -1 -1 -1 -1 -1
1 1 0 27.5 46.0 32 -1 0b 7f -1 -1 -1 -1 -1
1 1 0 27.5 46.0 30 -1 0b 7f -1 -1 -1 -1 -1
1 1 0 27.5 46.0 30 -1 0b 7f -1 -1 -1 -1 -1
1 1 9 27.5 46.0 30 -1 0b 7f -1 -1 -1 -1 -1
1 1 0 27.5 46.0 30 -1 0b 7f -1 -1 -1 -1 -1
1 1 0 27.5 46.0 30 -1 0b 7f -1 -1 -1 -1 -1
1 1 0 27.5 46.0 32 -1 0b 7f -1 -1 -1 -1 -1
1 1 0 27.6 46.0 32 -1 0b 7f -1 -1 -1 -1 -1
1 1 0 27.5 46.0 30 -1 0b 7f -1 -1 -1 -1 -1
1 1 0 27.5 46.0 27 -1 0b 7f -1 -1 -1 -1 -1
1 1 0 27.6 46.0 29 -1 0b 7f -1 -1 -1 -1 -1
1 1 0 27.5 46.0 27 -1 0b 7f -1 -1 -1 -1 -1
1 1 0 27.6 46.0 27 -1 0b 7f -1 -1 -1 -1 -1
1 1 0 27.6 46.0 25 -1 0b 7f -1 -1 -1 -1 -1
1 1 0 27.5 46.0 27 -1 0b 7f -1 -1 -1 -1 -1
1 1 0 27.5 46.0 27 -1 0b 7f -1 -1 -1 -1 -1
1 1 0 27.6 46.0 25 -1 0b 7f -1 -1 -1 -1 -1
1 1 0 27.6 46.0 25 -1 0b 7f -1 -1 -1 -1 -1
1 1 0 27.5 46.0 23 -1 0b 7f -1 -1 -1 -1 -1
1 1 0 27.5 46.0 27 -1 0b 7f -1 -1 -1 -1 -1
1 1 0 27.6 46.5 25 -1 0b 7f -1 -1 -1 -1 -1
1 1 0 27.6 46.5 23 -1 0b 7f -1 -1 -1 -1 -1
1 1 0 27.6 46.0 22 -1 0b 7f -1 -1 -1 -1 -1
1 1 0 27.6 46.5 17 -1 0b 7f -1 -1 -1 -1 -1
1 1 0 27.6 46.5 12 -1 0b 7f -1 -1 -1 -1 -1
1 1 0 27.6 46.5 7 -1f 0b 7f -1 -1 -1 -1 -1
1 1 0 27.6 46.0 7 -1f 0b 7f -1 -1 -1 -1 -1
1 1 1 27.6 46.0 7 -1f 0b 7f -1 -1 -1 -1 -1
1 1 0 27.6 46.5 9 -1f 0b 7f -1 -1 -1 -1 -1
1 1 4 27.6 46.5 9 -1f 0b 7f -1 -1 -1 -1 -1
1 1 0 27.7 46.5 9 -1f 0b 7f -1 -1 -1 -1 -1
1 1 0 27.7 46.5 9 -1f 0b 7f -1 -1 -1 -1 -1
1 1 0 27.7 47.0 9 -1f 0b 7f -1 -1 -1 -1 -1
1 1 0 27.8 47.0 9 -1f 0b 7f -1 -1 -1 -1 -1
1 1 0 27.9 47.0 6 -1f 0b 7f -1 -1 -1 -1 -1
1 1 0 27.9 47.0 6 -1f 0b 7f -1 -1 -1 -1 -1
1 1 0 27.9 47.5 6 -1f 0b 7f -1 -1 -1 -1 -1
1 1 0 28.0 47.0 6 -1f 0b 7f -1 -1 -1 -1 -1
1 1 0 28.0 47.0 6 -1f 0b 7f -1 -1 -1 -1 -1
1 1 0 28.0 47.0 6 -1f 0b 7f -1 -1 -1 -1 -1
1 1 0 28.0 47.0 4 -1f 0b 7f -1 -1 -1 -1 -1
1 1 0 28.0 47.0 4 -1f 0b 7f -1 -1 -1 -1 -1
1 1 0 28.1 47.0 4 -1f 0b 7f -1 -1 -1 -1 -1
1 1 0 28.1 47.0 4 -1f 0b 7f -1 -1 -1 -1 -1
1 1 0 28.1 47.5 4 -1f 0b 7f -1 -1 -1 -1 -1
1 1 0 28.0 47.0 4 -1f 0b 7f -1 -1 -1 -1 -1
1 1 0 28.1 47.5 2 -1f 0b 7f -1 -1 -1 -1 -1
1 1 0 28.1 47.5 2 -1f 0b 7f -1 -1 -1 -1 -1
1 1 0 28.1 47.5 2 -1f 0b 7f -1 -1 -1 -1 -1
1 1 0 28.2 47.0 6 -1f 0b 7f -1 -1 -1 -1 -1
1 1 0 28.2 47.0 6 -1f 0b 7f -1 -1 -1 -1 -1
1 1 0 28.2 47.0 4 -1f 0b 7f -1 -1 -1 -1 -1
1 1 0 28.2 47.0 4 -1f 0b 7f -1 -1 -1 -1 -1
1 1 0 28.2 47.5 4 -1f 0b 7f -1 -1 -1 -1 -1
1 1 0 28.2 47.5 4 -1f 0b 7f -1 -1 -1 -1 -1
1 1 0 28.2 47.0 2 -1f 0b 7f -1 -1 -1 -1 -1
1 1 0 28.2 47.5 2 -1f 0b 7f -1 -1 -1 -1 -1
1 1 0 28.3 47.5 2 -1f 0b 7f -1 -1 -1 -1 -1
1 1 0 28.3 47.5 1 -1f 0b 7f -1 -1 -1 -1 -1
1 1 0 28.3 47.5 1 -1f 0b 7f -1 -1 -1 -1 -1
1 1 0 28.3 47.5 1 -1f 0b 7f -1 -1 -1 -1 -1
1 1 0 28.3 48.0 4 -1f 0b 7f -1 -1 -1 -1 -1
1 1 0 28.4 48.0 4 -1f 0b 7f -1 -1 -1 -1 -1
1 1 0 28.3 48.0 2 -1f 0b 7f -1 -1 -1 -1 -1
1 1 0 28.3 48.0 2 -1f 0b 7f -1 -1 -1 -1 -1
1 1 0 28.4 48.0 2 -1f 0b 7f -1 -1 -1 -1 -1
1 1 0 28.3 48.0 2 -1f 0b 7f -1 -1 -1 -1 -1
1 1 0 28.3 48.0 2 -1f 0b 7f -1 -1 -1 -1 -1
1 1 0 28.4 48.0 2 -1f 0b 7f -1 -1 -1 -1 -1
1 1 0 28.4 48.0 2 -1f 0b 7f -1 -1 -1 -1 -1
1 1 0 28.4 48.0 2 -1f 0b 7f -1 -1 -1 -1 -1
1 1 0 28.4 48.0 2 -1f 0b 7f -1 -1 -1 -1 -1
1 1 0 28.4 48.0 2 -1f 0b 7f -1 -1 -1 -1 -1
1 1 0 28.4 48.0 0 -1f 0b 7f -1 -1 -1 -1 -1
1 1 0 28.5 48.0 0 -1f 0b 7f -1 -1 -1 -1 -1
1 1 0 28.5 47.5 0 -1f 0b 7f -1 -1 -1 -1 -1
1 1 0 28.5 47.5 0 -1f 0b 7f -1 -1 -1 -1 -1
1 1 0 28.5 47.5 0 -1f 0b 7f -1 -1 -1 -1 -1
1 1 0 28.5 47.5 0 -1f 0b 7f -1 -1 -1 -1 -1
1 1 0 28.5 47.5 0 -1f 0b 7f -1 -1 -1 -1 -1
1 1 0 28.6 47.5 0 -1f 0b 7f -1 -1 -1 -1 -1
1 1 0 28.6 47.5 0 -1f 0b 7f -1 -1 -1 -1 -1
1 1 0 28.5 47.5 0 -1f 0b 7f -1 -1 -1 -1 -1
1 1 0 28.5 47.5 0 -1f 0b 7f -1 -1 -1 -1 -1
1 1 0 28.6 48.0 1 -1f 0b 7f -1 -1 -1 -1 -1
1 1 0 28.6 48.5 0 -1f 0b 7f -1 -1 -1 -1 -1
1 1 0 28.6 48.5 0 -1f 0b 7f -1 -1 -1 -1 -1
1 1 0 28.6 48.5 0 -1f 0b 7f -1 -1 -1 -1 -1
1 1 0 28.5 48.5 0 -1f 0b 7f -1 -1 -1 -1 -1
1 1 0 28.5 48.5 0 -1f 0b 7f -1 -1 -1 -1 -1
1 1 0 28.6 48.5 0 -1f 0b 7f -1 -1 -1 -1 -1
1 1 0 28.5 48.5 0 -1f 0b 7f -1 -1 -1 -1 -1
1 1 0 28.5 48.5 0 -1f 0b 7f -1 -1 -1 -1 -1
1 1 0 28.5 48.5 0 -1f 0b 7f -1 -1 -1 -1 -1
1 1 0 28.5 48.5 0 -1f 0b 7f -1 -1 -1 -1 -1
1 1 0 28.6 48.5 0 -1f 0b 7f -1 -1 -1 -1 -1
1 1 0 28.5 48.5 0 -1f 0b 7f -1 -1 -1 -1 -1
1 1 0 28.6 48.5 0 -1f 0b 7f -1 -1 -1 -1 -1
1 1 1 28.6 48.0 0 -1f 0b 7f -1 -1 -1 -1 -1
1 1 1 28.6 48.0 0 -1f 0b 7f -1 -1 -1 -1 -1
1 1 0 28.5 48.0 0 -1f 0b 7f -1 -1 -1 -1 -1
1 1 0 28.7 48.5 0 -1f 0b 7f -1 -1 -1 -1 -1
1 1 0 28.6 48.5 0 -1f 0b 7f -1 -1 -1 -1 -1
1 1 0 28.6 48.5 0 -1f 0b 7f -1 -1 -1 -1 -1
1 1 0 28.6 48.5 0 -1f 0b 7f -1 -1 -1 -1 -1
1 1 0 28.7 48.0 0 -1f 0b 7f -1 -1 -1 -1 -1
1 1 0 28.6 48.0 0 -1f 0b 7f -1 -1 -1 -1 -1
1 1 0 28.7 48.0 0 -1f 0b 7f -1 -1 -1 -1 -1
1 1 0 28.7 48.0 0 -1f 0b 7f -1 -1 -1 -1 -1
1 1 0 28.8 48.0 0 -1f 0b 7f -1 -1 -1 -1 -1
1 1 0 28.8 48.5 0 -1f 0b 7f -1 -1 -1 -1 -1
1 1 0 28.8 48.5 0 -1f 0b 7f -1 -1 -1 -1 -1
1 1 0 28.8 49.0 0 -1f 0b 7f -1 -1 -1 -1 -1
1 1 0 28.8 49.0 0 -1f 0b 7f -1 -1 -1 -1 -1
1 1 0 28.8 49.0 0 -1f 0b 7f -1 -1 -1 -1 -1
1 1 0 28.8 49.5 0 -1f 0b 7f -1 -1 -1 -1 -1
1 1 0 28.8 49.5 0 -1f 0b 7f -1 -1 -1 -1 -1
1 1 0 28.8 49.5 0 -1f 0b 7f -1 -1 -1 -1 -1
1 1 0 28.8 50.0 0 -1f 0b 7f -1 -1 -1 -1 -1
1 1 0 28.9 50.0 0 -1f 0b 7f -1 -1 -1 -1 -1
1 1 0 28.9 50.0 0 -1f 0b 7f -1 -1 -1 -1 -1
1 1 0 28.9 50.5 0 -1f 0b 7f -1 -1 -1 -1 -1
1 1 0 28.9 50.0 0 -1f 0b 7f -1 -1 -1 -1 -1
1 1 0 28.9 50.5 0 -1f 0b 7f -1 -1 -1 -1 -1
1 1 0 28.9 50.5 0 -1f 0b 7f -1 -1 -1 -1 -1
1 1 0 28.9 50.5 0 -1f 0b 7f -1 -1 -1 -1 -1
1 1 0 28.9 50.5 0 -1f 0b 7f -1 -1 -1 -1 -1
1 1 0 29.0 51.0 0 -1f 0b 7f -1 -1 -1 -1 -1
1 1 0 29.0 51.0 0 -1f 0b 7f -1 -1 -1 -1 -1
1 1 0 29.0 51.0 0 -1f 0b 7f -1 -1 -1 -1 -1
1 1 0 28.9 51.0 0 -1f 0b 7f -1 -1 -1 -1 -1
1 1 0 29.0 51.5 0 -1f 0b 7f -1 -1 -1 -1 -1
1 1 0 29.0 51.5 0 -1f 0b 7f -1 -1 -1 -1 -1
1 1 0 29.0 51.5 0 -1f 0b 7f -1 -1 -1 -1 -1
1 1 0 29.0 51.5 0 -1f 0b 7f -1 -1 -1 -1 -1
1 1 0 29.0 51.5 0 -1f 0b 7f -1 -1 -1 -1 -1
1 1 0 29.1 51.5 0 -1f 0b 7f -1 -1 -1 -1 -1
1 1 0 29.0 51.5 0 -1f 0b 7f -1 -1 -1 -1 -1
1 1 0 29.0 52.0 0 -1f 0b 7f -1 -1 -1 -1 -1
1 1 0 29.0 52.0 0 -1f 0b 7f -1 -1 -1 -1 -1
1 1 0 29.1 52.0 0 -1f 0b 7f -1 -1 -1 -1 -1
1 1 0 29.0 52.0 0 -1f 0b 7f -1 -1 -1 -1 -1
1 1 0 29.1 52.0 0 -1f 0b 7f -1 -1 -1 -1 -1
1 1 0 29.1 52.0 0 -1f 0b 7f -1 -1 -1 -1 -1
1 1 0 29.1 52.0 0 -1f 0b 7f -1 -1 -1 -1 -1
1 1 0 29.1 52.0 0 -1f 0b 7f -1 -1 -1 -1 -1
1 1 0 29.1 52.0 0 -1f 0b 7f -1 -1 -1 -1 -1
1 1 0 29.1 52.0 0 -1f 0b 7f -1 -1 -1 -1 -1
1 1 0 29.1 52.0 0 -1f 0b 7f -1 -1 -1 -1 -1
1 1 0 29.1 52.0 0 -1f 0b 7f -1 -1 -1 -1 -1
1 1 0 29.1 52.0 0 -1f 0b 7f -1 -1 -1 -1 -1
1 1 0 29.1 52.0 0 -1f 0b 7f -1 -1 -1 -1 -1
1 1 0 29.1 52.0 0 -1f 0b 7f -1 -1 -1 -1 -1
1 1 0 29.1 51.5 0 -1f 0b 7f -1 -1 -1 -1 -1
1 1 0 29.0 51.5 0 -1f 0b 7f -1 -1 -1 -1 -1
1 1 0 29.0 51.5 0 -1f 0b 7f -1 -1 -1 -1 -1
1 1 0 29.1 51.5 0 -1f 0b 7f -1 -1 -1 -1 -1
1 1 0 29.1 51.5 0 -1f 0b 7f -1 -1 -1 -1 -1
1 1 0 29.1 51.5 0 -1f 0b 7f -1 -1 -1 -1 -1
1 1 0 29.1 51.5 0 -1f 0b 7f -1 -1 -1 -1 -1
1 1 0 29.2 51.5 0 -1f 0b 7f -1 -1 -1 -1 -1
1 1 0 29.1 51.5 0 -1f 0b 7f -1 -1 -1 -1 -1
1 1 0 29.2 51.0 0 -1f 0b 7f -1 -1 -1 -1 -1
1 1 0 29.2 51.0 0 -1f 0b 7f -1 -1 -1 -1 -1
1 1 0 29.1 51.0 0 -1f 0b 7f -1 -1 -1 -1 -1
1 1 0 29.2 50.5 0 -1f 0b 7f -1 -1 -1 -1 -1
1 1 0 29.2 50.5 1 -1f 0b 7f -1 -1 -1 -1 -1
1 1 0 29.1 50.5 0 -1f 0b 7f -1 -1 -1 -1 -1
1 1 0 29.1 50.5 0 -1f 0b 7f -1 -1 -1 -1 -1
1 1 0 29.1 50.5 0 -1f 0b 7f -1 -1 -1 -1 -1
1 1 0 29.2 50.0 0 -1f 0b 7f -1 -1 -1 -1 -1
1 1 0 29.2 50.0 0 -1f 0b 7f -1 -1 -1 -1 -1
1 1 0 29.1 49.5 0 -1f 0b 7f -1 -1 -1 -1 -1
1 1 0 29.2 49.5 0 -1f 0b 7f -1 -1 -1 -1 -1
1 1 0 29.1 49.5 0 -1f 0b 7f -1 -1 -1 -1 -1
1 1 0 29.1 49.5 0 -1f 0b 7f -1 -1 -1 -1 -1
1 1 0 29.2 49.5 0 -1f 0b 7f -1 -1 -1 -1 -1
1 1 0 29.1 49.5 0 -1f 0b 7f -1 -1 -1 -1 -1
1 1 0 29.2 49.5 0 -1f 0b 7f -1 -1 -1 -1 -1
1 1 0 29.1 49.5 0 -1f 0b 7f -1 -1 -1 -1 -1
1 1 0 29.1 49.5 0 -1f 0b 7f -1 -1 -1 -1 -1
1 1 0 29.2 49.5 0 -1f 0b 7f -1 -1 -1 -1 -1
1 1 0 29.2 49.5 0 -1f 0b 7f -1 -1 -1 -1 -1
1 1 0 29.1 49.5 0 -1f 0b 7f -1 -1 -1 -1 -1
1 1 0 29.1 49.5 0 -1f 0b 7f -1 -1 -1 -1 -1
1 1 0 29.2 49.5 0 -1f 0b 7f -1 -1 -1 -1 -1
1 1 0 29.2 49.5 0 -1f 0b 7f -1 -1 -1 -1 -1
1 1 0 29.2 49.5 0 -1f 0b 7f -1 -1 -1 -1 -1
1 1 0 29.1 49.5 0 -1f 0b 7f -1 -1 -1 -1 -1
1 1 0 29.1 49.5 0 -1f 0b 7f -1 -1 -1 -1 -1
1 1 0 29.2 49.5 0 -1f 0b 7f -1 -1 -1 -1 -1
1 1 0 29.2 50.0 0 -1f 0b 7f -1 -1 -1 -1 -1
1 1 0 29.2 49.5 0 -1f 0b 7f -1 -1 -1 -1 -1
1 1 0 29.2 49.5 0 -1f 0b 7f -1 -1 -1 -1 -1
1 1 0 29.2 49.5 0 -1f 0b 7f -1 -1 -1 -1 -1
1 1 1 29.2 50.0 0 -1f 0b 7f -1 -1 -1 -1 -1
1 1 0 29.2 50.0 0 -1f 0b 7f -1 -1 -1 -1 -1
1 1 1 29.1 50.0 0 -1f 0b 7f -1 -1 -1 -1 -1
1 1 0 29.2 50.0 0 -1f 0b 7f -1 -1 -1 -1 -1
1 1 0 29.2 50.5 0 -1f 0b 7f -1 -1 -1 -1 -1
1 1 0 29.2 50.5 0 -1f 0b 7f -1 -1 -1 -1 -1
1 1 0 29.2 50.0 0 -1f 0b 7f -1 -1 -1 -1 -1
1 1 0 29.1 50.5 0 -1f 0b 7f -1 -1 -1 -1 -1
1 1 0 29.2 50.5 0 -1f 0b 7f -1 -1 -1 -1 -1
1 1 0 29.2 50.5 0 -1f 0b 7f -1 -1 -1 -1 -1
1 1 0 29.2 50.5 0 -1f 0b 7f -1 -1 -1 -1 -1
1 1 0 29.2 50.5 0 -1f 0b 7f -1 -1 -1 -1 -1
1 1 0 29.2 50.5 0 -1f 0b 7f -1 -1 -1 -1 -1
1 1 0 29.2 50.5 0 -1f 0b 7f -1 -1 -1 -1 -1
1 1 0 29.2 50.5 0 -1f 0b 7f -1 -1 -1 -1 -1
1 1 0 29.2 50.5 0 -1f 0b 7f -1 -1 -1 -1 -1
1 1 0 29.2 50.5 0 -1f 0b 7f -1 -1 -1 -1 -1
1 1 0 29.2 50.5 0 -1f 0b 7f -1 -1 -1 -1 -1
1 1 0 29.2 50.5 0 -1f 0b 7f -1 -1 -1 -1 -1
1 1 0 29.2 50.0 0 -1f 0b 7f -1 -1 -1 -1 -1
1 1 0 29.3 50.0 0 -1f 0b 7f -1 -1 -1 -1 -1
1 1 0 29.2 50.5 0 -1f 0b 7f -1 -1 -1 -1 -1
1 1 0 29.3 50.5 0 -1f 0b 7f -1 -1 -1 -1 -1
1 1 0 29.2 50.5 0 -1f 0b 7f -1 -1 -1 -1 -1
1 1 0 29.3 50.5 0 -1f 0b 7f -1 -1 -1 -1 -1
1 1 0 29.3 50.0 0 -1f 0b 7f -1 -1 -1 -1 -1
1 1 0 29.3 50.0 0 -1f 0b 7f -1 -1 -1 -1 -1
1 1 1 29.3 49.5 0 -1f 4b 7f -1 -1 -1 -1 -1
1 1 0 29.3 50.0 0 -1f 4b 0f -1 -1 -1 -1 -1
1 1 0 29.3 50.0 0 -1f 4b 0f -1 -1 -1 -1 -1
1 1 0 29.3 50.0 0 -1f 4b 0f -1 -1 -1 -1 -1
1 1 0 29.3 49.5 0 -1f 4b 0f -1 -1 -1 -1 -1
1 1 0 29.3 50.0 0 -1f 4b 0f -1 -1 -1 -1 -1
1 1 0 29.4 50.0 0 -1f 4b 0f -1 -1 -1 -1 -1
1 1 0 29.3 50.0 0 -1f 4b 0f -1 -1 -1 -1 -1
1 1 0 29.3 50.0 0 -1f 4b 0f -1 -1 -1 -1 -1
1 1 0 29.4 50.0 0 -1f 4b 0f -1 -1 -1 -1 -1
1 1 0 29.4 50.5 0 -1f 4b 0f -1 -1 -1 -1 -1
1 1 0 29.4 50.5 0 -1f 4b 0f -1 -1 -1 -1 -1
1 1 0 29.5 50.5 0 -1f 4b 0f -1 -1 -1 -1 -1
1 1 0 29.4 50.5 0 -1f 4b 0f -1 -1 -1 -1 -1
1 1 0 29.5 50.5 0 -1f 4b 0f -1 -1 -1 -1 -1
1 1 0 29.5 51.0 0 -1f 4b 0f -1 -1 -1 -1 -1
1 1 0 29.5 51.0 0 -1f 4b 0f -1 -1 -1 -1 -1
1 1 0 29.4 51.0 0 -1f 4b 0f -1 -1 -1 -1 -1
1 1 0 29.5 51.0 0 -1f 4b 0f -1 -1 -1 -1 -1
1 1 0 29.5 51.0 0 -1f 4b 0f -1 -1 -1 -1 -1
1 1 0 29.5 51.5 0 -1f 4b 0f -1 -1 -1 -1 -1
1 1 0 29.5 51.5 0 -1f 4b 0f -1 -1 -1 -1 -1
1 1 0 29.5 51.5 0 -1f 4b 0f -1 -1 -1 -1 -1
1 1 0 29.5 52.0 0 -1f 4b 0f -1 -1 -1 -1 -1
1 1 0 29.5 52.0 0 -1f 4b 0f -1 -1 -1 -1 -1
1 1 0 29.5 52.0 0 -1f 4b 0f -1 -1 -1 -1 -1
1 1 0 29.5 52.0 0 -1f 4b 0f -1 -1 -1 -1 -1
1 1 0 29.6 52.0 0 -1f 4b 0f -1 -1 -1 -1 -1
1 1 0 29.6 52.5 0 -1f 4b 0f -1 -1 -1 -1 -1
1 1 0 29.6 52.0 0 -1f 4b 0f -1 -1 -1 -1 -1
1 1 0 29.6 52.0 0 -1f 4b 0f -1 -1 -1 -1 -1
1 1 0 29.7 52.5 0 -1f 4b 0f -1 -1 -1 -1 -1
1 1 0 29.6 52.0 0 -1f 4b 0f -1 -1 -1 -1 -1
1 1 0 29.6 52.0 0 -1f 4b 0f -1 -1 -1 -1 -1
1 1 0 29.6 52.5 0 -1f 4b 0f -1 -1 -1 -1 -1
1 1 0 29.6 52.0 0 -1f 4b 0f -1 -1 -1 -1 -1
1 1 0 29.7 52.5 0 -1f 4b 0f -1 -1 -1 -1 -1
1 1 0 29.7 52.5 0 -1f 4b 0f -1 -1 -1 -1 -1
1 1 0 29.7 52.5 0 -1f 4b 0f -1 -1 -1 -1 -1
1 1 0 29.6 52.5 0 -1f 4b 0f -1 -1 -1 -1 -1
1 1 0 29.7 52.5 0 -1f 4b 0f -1 -1 -1 -1 -1
1 1 0 29.7 53.0 0 -1f 4b 0f -1 -1 -1 -1 -1
1 1 0 29.7 53.0 0 -1f 4b 0f -1 -1 -1 -1 -1
1 1 0 29.7 53.0 0 -1f 4b 0f -1 -1 -1 -1 -1
1 1 0 29.7 53.0 0 -1f 4b 0f -1 -1 -1 -1 -1
1 1 0 29.7 53.0 0 -1f 4b 0f -1 -1 -1 -1 -1
1 1 0 29.7 53.0 0 -1f 4b 0f -1 -1 -1 -1 -1
1 1 0 29.8 53.0 0 -1f 4b 0f -1 -1 -1 -1 -1
1 1 0 29.7 53.0 0 -1f 4b 0f -1 -1 -1 -1 -1
1 1 0 29.7 53.0 0 -1f 4b 0f -1 -1 -1 -1 -1
1 1 0 29.7 53.0 0 -1f 4b 0f -1 -1 -1 -1 -1
1 1 0 29.7 53.0 0 -1f 4b 0f -1 -1 -1 -1 -1
1 1 0 29.8 53.0 0 -1f 4b 0f -1 -1 -1 -1 -1
1 1 0 29.8 53.5 0 -1f 4b 0f -1 -1 -1 -1 -1
1 1 0 29.8 53.5 0 -1f 4b 0f -1 -1 -1 -1 -1
1 1 0 29.8 54.0 0 -1f 4b 0f -1 -1 -1 -1 -1
1 1 0 29.8 54.0 0 -1f 4b 0f -1 -1 -1 -1 -1
1 1 0 29.8 54.5 0 -1f 4b 0f -1 -1 -1 -1 -1
1 1 0 29.9 54.5 0 -1f 4b 0f -1 -1 -1 -1 -1
1 1 0 29.9 54.5 0 -1f 4b 0f -1 -1 -1 -1 -1
1 1 0 29.9 54.5 0 -1f 4b 0f -1 -1 -1 -1 -1
1 1 0 29.8 54.5 0 -1f 4b 0f -1 -1 -1 -1 -1
1 1 0 29.9 55.0 0 -1f 4b 0f -1 -1 -1 -1 -1
1 1 0 29.9 54.5 0 -1f 4b 0f -1 -1 -1 -1 -1
1 1 0 29.9 55.0 0 -1f 4b 0f -1 -1 -1 -1 -1
1 1 0 29.9 54.5 0 -1f 4b 0f -1 -1 -1 -1 -1
1 1 0 29.9 54.5 0 -1f 4b 0f -1 -1 -1 -1 -1
1 1 0 29.9 54.5 0 -1f 4b 0f -1 -1 -1 -1 -1
1 1 0 30.0 54.5 0 -1f 4b 0f -1 -1 -1 -1 -1
1 1 0 29.9 54.5 0 -1f 4b 0f -1 -1 -1 -1 -1
1 1 0 29.9 54.5 0 -1f 4b 0f -1 -1 -1 -1 -1
1 1 0 30.0 54.5 0 -1f 4b 0f -1 -1 -1 -1 -1
1 1 0 29.9 54.5 0 -1f 4b 0f -1 -1 -1 -1 -1
1 1 0 29.9 54.5 0 -1f 4b 0f -1 -1 -1 -1 -1
1 1 0 29.9 54.5 0 -1f 4b 0f -1 -1 -1 -1 -1
1 1 0 30.0 55.0 0 -1f 4b 0f -1 -1 -1 -1 -1
1 1 0 30.0 55.0 0 -1f 4b 0f -1 -1 -1 -1 -1
1 1 0 30.0 55.0 0 -1f 4b 0f -1 -1 -1 -1 -1
1 1 0 30.0 55.0 0 -1f 4b 0f -1 -1 -1 -1 -1
1 1 0 30.0 54.5 0 -1f 4b 0f -1 -1 -1 -1 -1
1 1 0 30.0 54.5 0 -1f 4b 0f -1 -1 -1 -1 -1
1 1 0 30.0 54.5 0 -1f 4b 0f -1 -1 -1 -1 -1
1 1 0 30.0 54.5 0 -1f 4b 0f -1 -1 -1 -1 -1
1 1 0 30.0 54.5 0 -1f 4b 0f -1 -1 -1 -1 -1
1 1 0 30.0 55.0 0 -1f 4b 0f -1 -1 -1 -1 -1
1 1 0 30.0 55.0 0 -1f 4b 0f -1 -1 -1 -1 -1
1 1 0 30.1 55.0 0 -1f 4b 0f -1 -1 -1 -1 -1
1 1 0 30.1 55.0 0 -1f 4b 0f -1 -1 -1 -1 -1
1 1 0 30.1 55.5 0 -1f 4b 0f -1 -1 -1 -1 -1
1 1 0 30.1 55.5 0 -1f 4b 0f -1 -1 -1 -1 -1
1 1 0 30.1 55.5 0 -1f 4b 0f -1 -1 -1 -1 -1
1 1 0 30.1 56.0 0 -1f 4b 0f -1 -1 -1 -1 -1
1 1 0 30.1 56.0 0 -1f 4b 0f -1 -1 -1 -1 -1
1 1 0 30.1 56.0 0 -1f 4b 0f -1 -1 -1 -1 -1
1 1 0 30.2 56.0 0 -1f 4b 0f -1 -1 -1 -1 -1
1 1 0 30.1 56.0 0 -1f 4b 0f -1 -1 -1 -1 -1
1 1 0 30.1 56.0 0 -1f 4b 0f -1 -1 -1 -1 -1
1 1 0 30.2 56.0 0 -1f 4b 0f -1 -1 -1 -1 -1
1 1 0 30.2 56.0 0 -1f 4b 0f -1 -1 -1 -1 -1
1 1 0 30.2 56.5 0 -1f 4b 0f -1 -1 -1 -1 -1
1 1 0 30.2 56.5 0 -1f 4b 0f -1 -1 -1 -1 -1
1 1 0 30.2 56.5 0 -1f 4b 0f -1 -1 -1 -1 -1
1 1 0 30.2 56.5 0 -1f 4b 0f -1 -1 -1 -1 -1
1 1 0 30.2 56.5 0 -1f 4b 0f -1 -1 -1 -1 -1
1 1 0 30.2 56.5 0 -1f 4b 0f -1 -1 -1 -1 -1
1 1 0 30.2 56.5 0 -1f 4b 0f -1 -1 -1 -1 -1
1 1 0 30.2 56.5 0 -1f 4b 0f -1 -1 -1 -1 -1
1 1 0 30.2 56.5 0 -1f 4b 0f -1 -1 -1 -1 -1
1 1 0 30.3 56.5 0 -1f 4b 0f -1 -1 -1 -1 -1
1 1 0 30.2 56.5 0 -1f 4b 0f -1 -1 -1 -1 -1
1 1 0 30.2 56.5 0 -1f 4b 0f -1 -1 -1 -1 -1
1 1 0 30.2 56.5 0 -1f 4b 0f -1 -1 -1 -1 -1
1 1 0 30.2 56.0 0 -1f 4b 0f -1 -1 -1 -1 -1
1 1 0 30.2 56.5 0 -1f 4b 0f -1 -1 -1 -1 -1
1 1 0 30.3 56.0 0 -1f 4b 0f -1 -1 -1 -1 -1
1 1 0 30.3 56.0 0 -1f 4b 0f -1 -1 -1 -1 -1
1 1 0 30.2 56.0 0 -1f 4b 0f -1 -1 -1 -1 -1
1 1 0 30.2 56.0 0 -1f 4b 0f -1 -1 -1 -1 -1
1 1 0 30.3 55.5 0 -1f 4b 0f -1 -1 -1 -1 -1
1 1 0 30.2 55.5 0 -1f 4b 0f -1 -1 -1 -1 -1
1 1 0 30.3 55.5 0 -1f 4b 0f -1 -1 -1 -1 -1
1 1 0 30.4 55.5 0 -1f 4b 0f -1 -1 -1 -1 -1
1 1 0 30.3 55.5 0 -1f 4b 0f -1 -1 -1 -1 -1
1 1 0 30.3 55.5 0 -1f 4b 0f -1 -1 -1 -1 -1
1 1 0 30.3 55.5 0 -1f 4b 0f -1 -1 -1 -1 -1
1 1 0 30.3 55.5 0 -1f 4b 0f -1 -1 -1 -1 -1
1 1 0 30.3 55.5 0 -1f 4b 0f -1 -1 -1 -1 -1
1 1 0 30.3 55.5 0 -1f 4b 0f -1 -1 -1 -1 -1
1 1 0 30.3 55.5 0 -1f 4b 0f -1 -1 -1 -1 -1
1 1 0 30.3 55.5 0 -1f 4b 0f -1 -1 -1 -1 -1
1 1 0 30.3 55.5 0 -1f 4b 0f -1 -1 -1 -1 -1
1 1 0 30.2 55.5 0 -1f 4b 0f -1 -1 -1 -1 -1
1 1 0 30.3 55.0 0 -1f 4b 0f -1 -1 -1 -1 -1
1 1 0 30.4 55.5 0 -1f 4b 0f -1 -1 -1 -1 -1
1 1 0 30.3 55.0 0 -1f 4b 0f -1 -1 -1 -1 -1
1 1 0 30.3 55.5 0 -1f 4b 0f -1 -1 -1 -1 -1
1 1 0 30.4 55.5 0 -1f 4b 0f -1 -1 -1 -1 -1
1 1 0 30.4 55.0 0 -1f 4b 0f -1 -1 -1 -1 -1
1 1 0 30.4 55.0 0 -1f 4b 0f -1 -1 -1 -1 -1
1 1 0 30.4 55.0 0 -1f 4b 0f -1 -1 -1 -1 -1
1 1 0 30.4 55.0 0 -1f 4b 0f -1 -1 -1 -1 -1
1 1 0 30.4 55.0 0 -1f 4b 0f -1 -1 -1 -1 -1
1 1 0 30.4 55.0 0 -1f 4b 0f -1 -1 -1 -1 -1
1 1 0 30.4 55.0 0 -1f 4b 0f -1 -1 -1 -1 -1
1 1 0 30.4 55.0 0 -1f 4b 0f -1 -1 -1 -1 -1
