1 1 0 28.5 59.0 1 -1 -1 0b -1 -1 -1 0f -1 -1 -1
1 1 0 28.4 59.0 1 -1 -1 0b -1 -1 -1 0f -1 -1 -1
1 1 0 28.5 59.0 1 -1 -1 0b -1 -1 -1 0f -1 -1 -1
1 1 0 28.5 59.0 1 -1 -1 0b -1 -1 -1 0f -1 -1 -1
1 1 0 28.5 59.0 1 -1 -1 0b -1 -1 -1 0f -1 -1 -1
1 1 0 28.6 59.0 1 -1 -1 0b -1 -1 -1 0f -1 -1 -1
1 1 0 28.5 59.0 1 -1 -1 0b -1 -1 -1 0f -1 -1 -1
1 1 0 28.6 59.0 1 -1 -1 0b -1 -1 -1 0f -1 -1 -1
1 1 0 28.5 59.0 1 -1 -1 0b -1 -1 -1 0f -1 -1 -1
1 1 0 28.6 59.0 1 -1 -1 0b -1 -1 -1 0f -1 -1 -1
1 1 0 28.5 59.0 1 -1 -1 0b -1 -1 -1 0f -1 -1 -1
1 1 0 28.7 59.0 1 -1 -1 0b -1 -1 -1 0f -1 -1 -1
1 1 0 28.6 59.0 1 -1 -1 0b -1 -1 -1 0f -1 -1 -1
1 1 0 28.6 59.0 1 -1 -1 0b -1 -1 -1 0f -1 -1 -1
1 1 0 28.6 59.0 1 -1 -1 0b -1 -1 -1 0f -1 -1 -1
1 1 0 28.7 59.0 1 -1 -1 0b -1 -1 -1 0f -1 -1 -1
1 1 0 28.6 59.0 1 -1 -1 0b -1 -1 -1 0f -1 -1 -1
1 1 0 28.6 59.0 1 -1 -1 0b -1 -1 -1 0f -1 -1 -1
1 1 0 28.6 59.0 1 -1 -1 0b -1 -1 -1 0f -1 -1 -1
1 1 0 28.7 59.0 1 -1 -1 0b -1 -1 -1 0f -1 -1 -1
1 1 0 28.7 59.0 1 -1 -1 0b -1 -1 -1 0f -1 -1 -1
1 1 0 28.7 59.5 1 -1 -1 0b -1 -1 -1 0f -1 -1 -1
1 1 0 28.6 59.5 1 -1 -1 0b -1 -1 -1 0f -1 -1 -1
1 1 0 28.7 59.5 1 -1 -1 0b -1 -1 -1 0f -1 -1 -1
1 1 0 28.7 59.5 1 -1 -1 0b -1 -1 -1 0f -1 -1 -1
1 1 0 28.7 59.5 1 -1 -1 0b -1 -1 -1 0f -1 -1 -1
1 1 0 28.7 59.5 1 -1 -1 0b -1 -1 -1 0f -1 -1 -1
1 1 0 28.7 59.0 1 -1 -1 0b -1 -1 -1 0f -1 -1 -1
1 1 0 28.7 59.5 1 -1 -1 0b -1 -1 -1 0f -1 -1 -1
1 1 0 28.6 59.0 1 -1 -1 0b -1 -1 -1 0f -1 -1 -1
1 1 0 28.7 59.5 1 -1 -1 0b -1 -1 -1 0f -1 -1 -1
1 1 0 28.7 59.5 1 -1 -1 0b -1 -1 -1 0f -1 -1 -1
1 1 0 28.7 59.5 1 -1 -1 0b -1 -1 -1 0f -1 -1 -1
1 1 0 28.7 59.5 1 -1 -1 0b -1 -1 -1 0f -1 -1 -1
1 1 0 28.8 59.5 1 -1 -1 0b -1 -1 -1 0f -1 -1 -1
1 1 0 28.8 59.5 1 -1 -1 0b -1 -1 -1 0f -1 -1 -1
1 1 0 28.7 59.5 1 -1 -1 0b -1 -1 -1 0f -1 -1 -1
1 1 0 28.8 59.5 1 -1 -1 0b -1 -1 -1 0f -1 -1 -1
1 1 0 28.7 59.5 1 -1 -1 0b -1 -1 -1 0f -1 -1 -1
1 1 0 28.8 59.5 1 -1 -1 0b -1 -1 -1 0f -1 -1 -1
1 1 0 28.8 59.5 1 -1 -1 0b -1 -1 -1 0f -1 -1 -1
1 1 0 28.8 59.5 1 -1 -1 0b -1 -1 -1 0f -1 -1 -1
1 1 0 28.7 59.5 1 -1 -1 0b -1 -1 -1 0f -1 -1 -1
1 1 0 28.8 60.0 1 -1 -1 0b -1 -1 -1 0f -1 -1 -1
1 1 0 28.8 59.5 1 -1 -1 0b -1 -1 -1 0f -1 -1 -1
1 1 0 28.8 60.0 1 -1 -1 0b -1 -1 -1 0f -1 -1 -1
1 1 0 28.8 60.0 1 -1 -1 0b -1 -1 -1 0f -1 -1 -1
1 1 0 28.8 60.0 1 -1 -1 0b -1 -1 -1 0f -1 -1 -1
1 1 0 28.8 60.0 1 -1 -1 0b -1 -1 -1 0f -1 -1 -1
1 1 0 28.8 60.0 1 -1 -1 0b -1 -1 -1 0f -1 -1 -1
1 1 0 28.8 60.0 1 -1 -1 0b -1 -1 -1 0f -1 -1 -1
1 1 0 28.8 60.0 1 -1 -1 0b -1 -1 -1 0f -1 -1 -1
1 1 0 28.9 60.0 1 -1 -1 0b -1 -1 -1 0f -1 -1 -1
1 1 0 28.8 60.0 1 -1 -1 0b -1 -1 -1 0f -1 -1 -1
1 1 0 28.8 60.0 1 -1 -1 0b -1 -1 -1 0f -1 -1 -1
1 1 0 28.9 60.0 1 -1 -1 0b -1 -1 -1 0f -1 -1 -1
1 1 0 28.8 60.0 1 -1 -1 0b -1 -1 -1 0f -1 -1 -1
1 1 0 28.9 60.0 1 -1 -1 0b -1 -1 -1 0f -1 -1 -1
1 1 0 28.9 60.0 1 -1 -1 0b -1 -1 -1 0f -1 -1 -1
1 1 0 28.9 60.0 1 -1 -1 0b -1 -1 -1 0f -1 -1 -1
1 1 0 28.9 60.0 1 -1 -1 0b -1 -1 -1 0f -1 -1 -1
1 1 0 28.9 60.0 1 -1 -1 0b -1 -1 -1 0f -1 -1 -1
1 1 0 28.8 60.0 1 -1 -1 0b -1 -1 -1 0f -1 -1 -1
1 1 0 28.9 60.0 1 -1 -1 0b -1 -1 -1 0f -1 -1 -1
1 1 0 28.9 60.0 1 -1 -1 0b -1 -1 -1 0f -1 -1 -1
1 1 0 28.9 60.0 1 -1 -1 0b -1 -1 -1 0f -1 -1 -1
1 1 0 28.9 60.0 1 -1 -1 0b -1 -1 -1 0f -1 -1 -1
1 1 0 28.9 60.0 1 -1 -1 0b -1 -1 -1 0f -1 -1 -1
1 1 0 28.9 60.0 1 -1 -1 0b -1 -1 -1 0f -1 -1 -1
1 1 0 28.9 60.0 1 -1 -1 0b -1 -1 -1 0f -1 -1 -1
1 1 0 28.9 60.0 1 -1 -1 0b -1 -1 -1 0f -1 -1 -1
1 1 0 28.9 60.0 1 -1 -1 0b -1 -1 -1 0f -1 -1 -1
1 1 0 28.9 60.0 1 -1 -1 0b -1 -1 -1 0f -1 -1 -1
1 1 0 29.0 60.0 1 -1 -1 0b -1 -1 -1 0f -1 -1 -1
1 1 0 28.9 60.0 1 -1 -1 0b -1 -1 -1 0f -1 -1 -1
1 1 0 28.9 60.0 1 -1 -1 0b -1 -1 -1 0f -1 -1 -1
1 1 0 29.0 60.0 1 -1 -1 0b -1 -1 -1 0f -1 -1 -1
1 1 0 28.9 60.0 1 -1 -1 0b -1 -1 -1 0f -1 -1 -1
1 1 0 29.0 60.0 1 -1 -1 0b -1 -1 -1 0f -1 -1 -1
1 1 0 29.0 60.0 1 -1 -1 0b -1 -1 -1 0f -1 -1 -1
1 1 0 29.0 60.0 1 -1 -1 0b -1 -1 -1 0f -1 -1 -1
1 1 0 29.0 60.0 1 -1 -1 0b -1 -1 -1 0f -1 -1 -1
1 1 0 29.1 60.0 1 -1 -1 0b -1 -1 -1 0f -1 -1 -1
1 1 0 29.0 60.0 1 -1 -1 0b -1 -1 -1 0f -1 -1 -1
1 1 0 29.0 60.0 1 -1 -1 0b -1 -1 -1 0f -1 -1 -1
1 1 0 29.0 60.0 1 -1 -1 0b -1 -1 -1 0f -1 -1 -1
1 1 0 29.1 59.5 1 -1 -1 0b -1 -1 -1 0f -1 -1 -1
1 1 0 29.0 59.5 1 -1 -1 0b -1 -1 -1 0f -1 -1 -1
1 1 0 29.0 59.5 1 -1 -1 0b -1 -1 -1 0f -1 -1 -1
1 1 0 29.0 60.0 1 -1 -1 0b -1 -1 -1 0f -1 -1 -1
1 1 0 29.1 60.0 1 -1 -1 0b -1 -1 -1 0f -1 -1 -1
1 1 0 29.0 60.0 1 -1 -1 0b -1 -1 -1 0f -1 -1 -1
1 1 0 29.1 60.0 1 -1 -1 0b -1 -1 -1 0f -1 -1 -1
1 1 0 29.0 60.5 1 -1 -1 0b -1 -1 -1 0f -1 -1 -1
1 1 0 29.0 60.5 1 -1 -1 0b -1 -1 -1 0f -1 -1 -1
1 1 0 29.0 60.5 1 -1 -1 0b -1 -1 -1 0f -1 -1 -1
1 1 0 29.1 60.0 1 -1 -1 0b -1 -1 -1 0f -1 -1 -1
1 1 0 29.0 60.5 1 -1 -1 0b -1 -1 -1 0f -1 -1 -1
1 1 0 29.1 60.0 1 -1 -1 0b -1 -1 -1 0f -1 -1 -1
1 1 0 29.1 60.0 1 -1 -1 0b -1 -1 -1 0f -1 -1 -1
1 1 0 29.1 60.0 1 -1 -1 0b -1 -1 -1 0f -1 -1 -1
1 1 0 29.1 60.0 1 -1 -1 0b -1 -1 -1 0f -1 -1 -1
1 1 0 29.1 60.0 1 -1 -1 0b -1 -1 -1 0f -1 -1 -1
1 1 0 29.1 60.0 1 -1 -1 0b -1 -1 -1 0f -1 -1 -1
1 1 0 29.1 60.0 1 -1 -1 0b -1 -1 -1 0f -1 -1 -1
1 1 0 29.1 60.0 1 -1 -1 0b -1 -1 -1 0f -1 -1 -1
1 1 0 29.1 60.0 1 -1 -1 0b -1 -1 -1 0f -1 -1 -1
1 1 0 29.1 60.0 1 -1 -1 0b -1 -1 -1 0f -1 -1 -1
1 1 0 29.1 60.0 1 -1 -1 0b -1 -1 -1 0f -1 -1 -1
1 1 0 29.1 60.0 1 -1 -1 0b -1 -1 -1 0f -1 -1 -1
1 1 0 29.1 60.0 1 -1 -1 0b -1 -1 -1 0f -1 -1 -1
1 1 0 29.1 60.0 1 -1 -1 0b -1 -1 -1 0f -1 -1 -1
1 1 0 29.1 60.0 1 -1 -1 0b -1 -1 -1 0f -1 -1 -1
1 1 0 29.2 60.0 1 -1 -1 0b -1 -1 -1 0f -1 -1 -1
1 1 0 29.1 60.0 1 -1 -1 0b -1 -1 -1 0f -1 -1 -1
1 1 0 29.1 60.5 1 -1 -1 0b -1 -1 -1 0f -1 -1 -1
1 1 0 29.1 60.0 1 -1 -1 0b -1 -1 -1 0f -1 -1 -1
1 1 0 29.1 60.0 1 -1 -1 0b -1 -1 -1 0f -1 -1 -1
1 1 0 29.1 60.0 1 -1 -1 0b -1 -1 -1 0f -1 -1 -1
1 1 0 29.2 60.0 1 -1 -1 0b -1 -1 -1 0f -1 -1 -1
1 1 0 29.1 60.0 1 -1 -1 0b -1 -1 -1 0f -1 -1 -1
1 1 0 29.2 60.5 1 -1 -1 0b -1 -1 -1 0f -1 -1 -1
1 1 0 29.2 60.5 1 -1 -1 0b -1 -1 -1 0f -1 -1 -1
1 1 0 29.1 60.5 1 -1 -1 0b -1 -1 -1 0f -1 -1 -1
1 1 0 29.2 60.5 1 -1 -1 0b -1 -1 -1 0f -1 -1 -1
1 1 0 29.2 60.5 1 -1 -1 0b -1 -1 -1 0f -1 -1 -1
1 1 0 29.2 60.5 1 -1 -1 0b -1 -1 -1 0f -1 -1 -1
1 1 0 29.2 60.5 1 -1 -1 0b -1 -1 -1 0f -1 -1 -1
1 1 0 29.2 60.0 1 -1 -1 0b -1 -1 -1 0f -1 -1 -1
1 1 0 29.2 60.0 1 -1 -1 0b -1 -1 -1 0f -1 -1 -1
1 1 0 29.2 60.5 1 -1 -1 0b -1 -1 -1 0f -1 -1 -1
1 1 0 29.2 60.5 1 -1 -1 0b -1 -1 -1 0f -1 -1 -1
1 1 0 29.2 60.5 1 -1 -1 0b -1 -1 -1 0f -1 -1 -1
1 1 0 29.2 60.0 1 -1 -1 0b -1 -1 -1 0f -1 -1 -1
1 1 0 29.2 60.0 1 -1 -1 0b -1 -1 -1 0f -1 -1 -1
1 1 0 29.2 60.5 1 -1 -1 0b -1 -1 -1 0f -1 -1 -1
1 1 0 29.2 60.0 1 -1 -1 0b -1 -1 -1 0f -1 -1 -1
1 1 0 29.2 60.5 1 -1 -1 0b -1 -1 -1 0f -1 -1 -1
1 1 0 29.3 60.5 1 -1 -1 0b -1 -1 -1 0f -1 -1 -1
1 1 0 29.3 60.5 1 -1 -1 0b -1 -1 -1 0f -1 -1 -1
1 1 0 29.2 60.5 1 -1 -1 0b -1 -1 -1 0f -1 -1 -1
1 1 0 29.2 60.5 1 -1 -1 0b -1 -1 -1 0f -1 -1 -1
1 1 0 29.2 60.5 1 -1 -1 0b -1 -1 -1 0f -1 -1 -1
1 1 0 29.2 60.5 1 -1 -1 0b -1 -1 -1 0f -1 -1 -1
1 1 0 29.2 60.5 1 -1 -1 0b -1 -1 -1 0f -1 -1 -1
1 1 0 29.2 60.5 1 -1 -1 0b -1 -1 -1 0f -1 -1 -1
1 1 0 29.2 60.5 1 -1 -1 0b -1 -1 -1 0f -1 -1 -1
1 1 0 29.2 60.5 1 -1 -1 0b -1 -1 -1 0f -1 -1 -1
1 1 0 29.3 60.5 1 -1 -1 0b -1 -1 -1 0f -1 -1 -1
1 1 0 29.2 60.5 1 -1 -1 0b -1 -1 -1 0f -1 -1 -1
1 1 0 29.3 60.5 1 -1 -1 0b -1 -1 -1 0f -1 -1 -1
1 1 0 29.2 60.5 1 -1 -1 0b -1 -1 -1 0f -1 -1 -1
1 1 0 29.2 60.5 1 -1 -1 0b -1 -1 -1 0f -1 -1 -1
1 1 0 29.3 60.5 1 -1 -1 0b -1 -1 -1 0f -1 -1 -1
1 1 0 29.3 60.5 1 -1 -1 0b -1 -1 -1 0f -1 -1 -1
1 1 0 29.2 60.5 1 -1 -1 0b -1 -1 -1 0f -1 -1 -1
1 1 0 29.3 60.5 1 -1 -1 0b -1 -1 -1 0f -1 -1 -1
1 1 0 29.3 60.5 1 -1 -1 0b -1 -1 -1 0f -1 -1 -1
1 1 0 29.3 60.5 1 -1 -1 0b -1 -1 -1 0f -1 -1 -1
1 1 0 29.3 60.5 1 -1 -1 0b -1 -1 -1 0f -1 -1 -1
1 1 0 29.3 60.5 1 -1 -1 0b -1 -1 -1 0f -1 -1 -1
1 1 0 29.3 60.5 1 -1 -1 0b -1 -1 -1 0f -1 -1 -1
1 1 0 29.3 60.5 1 -1 -1 0b -1 -1 -1 0f -1 -1 -1
1 1 0 29.2 60.5 1 -1 -1 0b -1 -1 -1 0f -1 -1 -1
1 1 0 29.3 60.5 1 -1 -1 0b -1 -1 -1 0f -1 -1 -1
1 1 0 29.3 60.5 1 -1 -1 0b -1 -1 -1 0f -1 -1 -1
1 1 0 29.3 60.5 1 -1 -1 0b -1 -1 -1 0f -1 -1 -1
1 1 0 29.3 60.5 1 -1 -1 0b -1 -1 -1 0f -1 -1 -1
1 1 0 29.3 60.5 1 -1 -1 0b -1 -1 -1 0f -1 -1 -1
1 1 0 29.3 60.5 1 -1 -1 0b -1 -1 -1 0f -1 -1 -1
1 1 0 29.2 60.5 1 -1 -1 0b -1 -1 -1 0f -1 -1 -1
1 1 0 29.3 60.5 1 -1 -1 0b -1 -1 -1 0f -1 -1 -1
1 1 0 29.4 60.5 1 -1 -1 0b -1 -1 -1 0f -1 -1 -1
1 1 0 29.4 60.5 1 -1 -1 0b -1 -1 -1 0f -1 -1 -1
1 1 0 29.4 60.5 1 -1 -1 0b -1 -1 -1 0f -1 -1 -1
1 1 0 29.4 60.5 1 -1 -1 0b -1 -1 -1 0f -1 -1 -1
1 1 0 29.3 60.5 1 -1 -1 0b -1 -1 -1 0f -1 -1 -1
1 1 0 29.3 60.5 1 -1 -1 0b -1 -1 -1 0f -1 -1 -1
1 1 0 29.3 61.0 1 -1 -1 0b -1 -1 -1 0f -1 -1 -1
1 1 0 29.4 60.5 1 -1 -1 0b -1 -1 -1 0f -1 -1 -1
1 1 0 29.3 60.5 1 -1 -1 0b -1 -1 -1 0f -1 -1 -1
1 1 0 29.3 60.5 1 -1 -1 0b -1 -1 -1 0f -1 -1 -1
1 1 0 29.4 60.5 1 -1 -1 0b -1 -1 -1 0f -1 -1 -1
1 1 0 29.4 60.5 1 -1 -1 0b -1 -1 -1 0f -1 -1 -1
1 1 0 29.3 61.0 1 -1 -1 0b -1 -1 -1 0f -1 -1 -1
1 1 0 29.3 61.0 1 -1 -1 0b -1 -1 -1 0f -1 -1 -1
1 1 0 29.4 60.5 1 -1 -1 0b -1 -1 -1 0f -1 -1 -1
1 1 0 29.3 61.0 1 -1 -1 0b -1 -1 -1 0f -1 -1 -1
1 1 0 29.4 61.0 1 -1 -1 0b -1 -1 -1 0f -1 -1 -1
1 1 0 29.4 61.0 1 -1 -1 0b -1 -1 -1 0f -1 -1 -1
1 1 0 29.4 61.0 1 -1 -1 0b -1 -1 -1 0f -1 -1 -1
1 1 0 29.4 61.0 1 -1 -1 0b -1 -1 -1 0f -1 -1 -1
1 1 0 29.4 61.0 1 -1 -1 0b -1 -1 -1 0f -1 -1 -1
1 1 0 29.4 61.0 1 -1 -1 0b -1 -1 -1 0f -1 -1 -1
1 1 0 29.4 61.0 1 -1 -1 0b -1 -1 -1 0f -1 -1 -1
1 1 0 29.3 61.0 1 -1 -1 0b -1 -1 -1 0f -1 -1 -1
1 1 0 29.4 61.0 1 -1 -1 0b -1 -1 -1 0f -1 -1 -1
1 1 0 29.4 61.0 1 -1 -1 0b -1 -1 -1 0f -1 -1 -1
1 1 0 29.4 61.0 1 -1 -1 0b -1 -1 -1 0f -1 -1 -1
1 1 0 29.4 61.0 1 -1 -1 0b -1 -1 -1 0f -1 -1 -1
1 1 0 29.4 61.0 1 -1 -1 0b -1 -1 -1 0f -1 -1 -1
1 1 0 29.4 61.0 1 -1 -1 0b -1 -1 -1 0f -1 -1 -1
1 1 0 29.4 61.0 1 -1 -1 0b -1 -1 -1 0f -1 -1 -1
1 1 0 29.3 61.0 1 -1 -1 0b -1 -1 -1 0f -1 -1 -1
1 1 0 29.4 61.0 1 -1 -1 0b -1 -1 -1 0f -1 -1 -1
1 1 0 29.4 61.0 1 -1 -1 0b -1 -1 -1 0f -1 -1 -1
1 1 0 29.4 61.0 1 -1 -1 0b -1 -1 -1 0f -1 -1 -1
1 1 0 29.4 61.0 1 -1 -1 0b -1 -1 -1 0f -1 -1 -1
1 1 0 29.4 61.5 1 -1 -1 0b -1 -1 -1 0f -1 -1 -1
1 1 0 29.4 61.0 1 -1 -1 0b -1 -1 -1 0f -1 -1 -1
1 1 0 29.4 61.0 1 -1 -1 0b -1 -1 -1 0f -1 -1 -1
1 1 0 29.4 61.0 1 -1 -1 0b -1 -1 -1 0f -1 -1 -1
1 1 0 29.4 61.0 1 -1 -1 0b -1 -1 -1 0f -1 -1 -1
1 1 0 29.4 61.0 1 -1 -1 0b -1 -1 -1 0f -1 -1 -1
1 1 0 29.4 60.5 1 -1 -1 0b -1 -1 -1 0f -1 -1 -1
1 1 0 29.4 60.5 1 -1 -1 0b -1 -1 -1 0f -1 -1 -1
1 1 0 29.4 61.0 1 -1 -1 0b -1 -1 -1 0f -1 -1 -1
1 1 0 29.4 60.5 1 -1 -1 0b -1 -1 -1 0f -1 -1 -1
1 1 0 29.5 61.0 1 -1 -1 0b -1 -1 -1 0f -1 -1 -1
1 1 0 29.5 61.0 1 -1 -1 0b -1 -1 -1 0f -1 -1 -1
1 1 0 29.4 61.0 1 -1 -1 0b -1 -1 -1 0f -1 -1 -1
1 1 0 29.4 61.0 1 -1 -1 0b -1 -1 -1 0f -1 -1 -1
1 1 0 29.4 61.0 1 -1 -1 0b -1 -1 -1 0f -1 -1 -1
1 1 0 29.5 61.0 1 -1 -1 0b -1 -1 -1 0f -1 -1 -1
1 1 0 29.4 61.0 1 -1 -1 0b -1 -1 -1 0f -1 -1 -1
1 1 0 29.5 61.0 1 -1 -1 0b -1 -1 -1 0f -1 -1 -1
1 1 0 29.4 61.0 1 -1 -1 0b -1 -1 -1 0f -1 -1 -1
1 1 0 29.5 61.0 1 -1 -1 0b -1 -1 -1 0f -1 -1 -1
1 1 0 29.5 61.0 1 -1 -1 0b -1 -1 -1 0f -1 -1 -1
1 1 0 29.4 61.0 1 -1 -1 0b -1 -1 -1 0f -1 -1 -1
1 1 0 29.5 61.0 1 -1 -1 0b -1 -1 -1 0f -1 -1 -1
1 1 0 29.5 61.0 1 -1 -1 0b -1 -1 -1 0f -1 -1 -1
1 1 0 29.5 61.0 1 -1 -1 0b -1 -1 -1 0f -1 -1 -1
1 1 0 29.5 61.0 1 -1 -1 0b -1 -1 -1 0f -1 -1 -1
1 1 0 29.5 61.0 1 -1 -1 0b -1 -1 -1 0f -1 -1 -1
1 1 0 29.4 61.0 1 -1 -1 0b -1 -1 -1 0f -1 -1 -1
1 1 0 29.4 61.0 1 -1 -1 0b -1 -1 -1 0f -1 -1 -1
1 1 0 29.5 61.0 1 -1 -1 0b -1 -1 -1 0f -1 -1 -1
1 1 0 29.4 61.0 1 -1 -1 0b -1 -1 -1 0f -1 -1 -1
1 1 0 29.5 61.0 1 -1 -1 0b -1 -1 -1 0f -1 -1 -1
1 1 0 29.4 61.0 1 -1 -1 0b -1 -1 -1 0f -1 -1 -1
1 1 0 29.4 61.0 1 -1 -1 0b -1 -1 -1 0f -1 -1 -1
1 1 0 29.5 61.0 1 -1 -1 0b -1 -1 -1 0f -1 -1 -1
1 1 0 29.5 61.0 1 -1 -1 0b -1 -1 -1 0f -1 -1 -1
1 1 0 29.5 61.0 1 -1 -1 0b -1 -1 -1 0f -1 -1 -1
1 1 0 29.5 61.0 1 -1 -1 0b -1 -1 -1 0f -1 -1 -1
1 1 0 29.6 61.0 1 -1 -1 0b -1 -1 -1 0f -1 -1 -1
1 1 0 29.5 61.0 1 -1 -1 0b -1 -1 -1 0f -1 -1 -1
1 1 0 29.5 61.0 1 -1 -1 0b -1 -1 -1 0f -1 -1 -1
1 1 0 29.5 61.0 1 -1 -1 0b -1 -1 -1 0f -1 -1 -1
1 1 0 29.5 61.0 1 -1 -1 0b -1 -1 -1 0f -1 -1 -1
1 1 0 29.5 61.0 1 -1 -1 0b -1 -1 -1 0f -1 -1 -1
1 1 0 29.5 60.5 1 -1 -1 0b -1 -1 -1 0f -1 -1 -1
1 1 0 29.5 60.5 1 -1 -1 0b -1 -1 -1 0f -1 -1 -1
1 1 0 29.5 60.5 1 -1 -1 0b -1 -1 -1 0f -1 -1 -1
1 1 0 29.6 60.5 1 -1 -1 0b -1 -1 -1 0f -1 -1 -1
1 1 0 29.5 60.5 1 -1 -1 0b -1 -1 -1 0f -1 -1 -1
1 1 0 29.5 60.5 1 -1 -1 0b -1 -1 -1 0f -1 -1 -1
1 1 0 29.5 60.5 1 -1 -1 0b -1 -1 -1 0f -1 -1 -1
1 1 0 29.5 60.5 1 -1 -1 0b -1 -1 -1 0f -1 -1 -1
1 1 0 29.6 60.5 1 -1 -1 0b -1 -1 -1 0f -1 -1 -1
1 1 0 29.6 60.5 1 -1 -1 0b -1 -1 -1 0f -1 -1 -1
1 1 0 29.5 60.5 1 -1 -1 0b -1 -1 -1 0f -1 -1 -1
1 1 0 29.5 60.5 1 -1 -1 0b -1 -1 -1 0f -1 -1 -1
1 1 0 29.5 60.5 1 -1 -1 0b -1 -1 -1 0f -1 -1 -1
1 1 0 29.5 60.5 1 -1 -1 0b -1 -1 -1 0f -1 -1 -1
1 1 0 29.5 60.5 1 -1 -1 0b -1 -1 -1 0f -1 -1 -1
1 1 0 29.6 60.5 1 -1 -1 0b -1 -1 -1 0f -1 -1 -1
1 1 0 29.5 60.5 1 -1 -1 0b -1 -1 -1 0f -1 -1 -1
1 1 0 29.5 60.5 1 -1 -1 0b -1 -1 -1 0f -1 -1 -1
1 1 0 29.6 60.5 1 -1 -1 0b -1 -1 -1 0f -1 -1 -1
1 1 0 29.6 60.5 1 -1 -1 0b -1 -1 -1 0f -1 -1 -1
1 1 0 29.6 60.5 1 -1 -1 0b -1 -1 -1 0f -1 -1 -1
1 1 0 29.5 60.5 1 -1 -1 0b -1 -1 -1 0f -1 -1 -1
1 1 0 29.6 60.5 1 -1 -1 0b -1 -1 -1 0f -1 -1 -1
1 1 0 29.5 60.5 1 -1 -1 0b -1 -1 -1 0f -1 -1 -1
1 1 0 29.5 60.5 1 -1 -1 0b -1 -1 -1 0f -1 -1 -1
1 1 0 29.6 60.5 1 -1 -1 0b -1 -1 -1 0f -1 -1 -1
1 1 0 29.6 60.5 1 -1 -1 0b -1 -1 -1 0f -1 -1 -1
1 1 0 29.5 60.5 1 -1 -1 0b -1 -1 -1 0f -1 -1 -1
1 1 0 29.5 60.5 1 -1 -1 0b -1 -1 -1 0f -1 -1 -1
1 1 0 29.5 60.5 1 -1 -1 0b -1 -1 -1 0f -1 -1 -1
1 1 0 29.6 61.0 1 -1 -1 0b -1 -1 -1 0f -1 -1 -1
1 1 0 29.5 61.0 1 -1 -1 0b -1 -1 -1 0f -1 -1 -1
1 1 0 29.5 60.5 1 -1 -1 0b -1 -1 -1 0f -1 -1 -1
1 1 0 29.6 60.5 1 -1 -1 0b -1 -1 -1 0f -1 -1 -1
1 1 0 29.5 61.0 1 -1 -1 0b -1 -1 -1 0f -1 -1 -1
1 1 0 29.6 61.0 1 -1 -1 0b -1 -1 -1 0f -1 -1 -1
1 1 0 29.6 60.5 1 -1 -1 0b -1 -1 -1 0f -1 -1 -1
1 1 0 29.6 60.5 1 -1 -1 0b -1 -1 -1 0f -1 -1 -1
1 1 0 29.6 60.5 1 -1 -1 0b -1 -1 -1 0f -1 -1 -1
1 1 0 29.6 60.5 1 -1 -1 0b -1 -1 -1 0f -1 -1 -1
1 1 0 29.5 61.0 1 -1 -1 0b -1 -1 -1 0f -1 -1 -1
1 1 0 29.6 61.0 1 -1 -1 0b -1 -1 -1 0f -1 -1 -1
1 1 0 29.6 61.0 1 -1 -1 0b -1 -1 -1 0f -1 -1 -1
1 1 0 29.6 60.5 1 -1 -1 0b -1 -1 -1 0f -1 -1 -1
1 1 0 29.6 61.0 1 -1 -1 0b -1 -1 -1 0f -1 -1 -1
1 1 0 29.6 61.0 1 -1 -1 0b -1 -1 -1 0f -1 -1 -1
1 1 0 29.6 61.0 1 -1 -1 0b -1 -1 -1 0f -1 -1 -1
1 1 0 29.5 61.0 1 -1 -1 0b -1 -1 -1 0f -1 -1 -1
1 1 0 29.6 61.0 1 -1 -1 0b -1 -1 -1 0f -1 -1 -1
1 1 0 29.6 61.0 1 -1 -1 0b -1 -1 -1 0f -1 -1 -1
1 1 0 29.6 61.0 1 -1 -1 0b -1 -1 -1 0f -1 -1 -1
1 1 0 29.6 61.0 1 -1 -1 0b -1 -1 -1 0f -1 -1 -1
1 1 0 29.6 61.0 1 -1 -1 0b -1 -1 -1 0f -1 -1 -1
1 1 0 29.6 61.0 1 -1 -1 0b -1 -1 -1 0f -1 -1 -1
1 1 0 29.6 61.0 1 -1 -1 0b -1 -1 -1 0f -1 -1 -1
1 1 0 29.6 61.0 1 -1 -1 0b -1 -1 -1 0f -1 -1 -1
1 1 0 29.6 61.0 1 -1 -1 0b -1 -1 -1 0f -1 -1 -1
1 1 0 29.6 61.0 1 -1 -1 0b -1 -1 -1 0f -1 -1 -1
1 1 0 29.6 61.0 1 -1 -1 0b -1 -1 -1 0f -1 -1 -1
1 1 0 29.7 61.0 1 -1 -1 0b -1 -1 -1 0f -1 -1 -1
1 1 0 29.7 61.0 1 -1 -1 0b -1 -1 -1 0f -1 -1 -1
1 1 0 29.6 61.0 1 -1 -1 0b -1 -1 -1 0f -1 -1 -1
1 1 0 29.6 61.0 1 -1 -1 0b -1 -1 -1 0f -1 -1 -1
1 1 0 29.6 61.0 1 -1 -1 0b -1 -1 -1 0f -1 -1 -1
1 1 0 29.7 61.0 1 -1 -1 0b -1 -1 -1 0f -1 -1 -1
1 1 0 29.6 61.0 1 -1 -1 0b -1 -1 -1 0f -1 -1 -1
1 1 0 29.6 61.0 1 -1 -1 0b -1 -1 -1 0f -1 -1 -1
1 1 0 29.7 61.0 1 -1 -1 0b -1 -1 -1 0f -1 -1 -1
1 1 0 29.7 61.0 1 -1 -1 0b -1 -1 -1 0f -1 -1 -1
1 1 0 29.6 61.0 1 -1 -1 0b -1 -1 -1 0f -1 -1 -1
1 1 0 29.6 61.0 1 -1 -1 0b -1 -1 -1 0f -1 -1 -1
1 1 0 29.6 61.5 1 -1 -1 0b -1 -1 -1 0f -1 -1 -1
1 1 0 29.6 61.5 1 -1 -1 0b -1 -1 -1 0f -1 -1 -1
1 1 0 29.7 61.0 1 -1 -1 0b -1 -1 -1 0f -1 -1 -1
1 1 0 29.7 61.0 1 -1 -1 0b -1 -1 -1 0f -1 -1 -1
1 1 0 29.7 61.0 1 -1 -1 0b -1 -1 -1 0f -1 -1 -1
1 1 0 29.6 61.0 1 -1 -1 0b -1 -1 -1 0f -1 -1 -1
1 1 0 29.7 61.0 1 -1 -1 0b -1 -1 -1 0f -1 -1 -1
1 1 0 29.6 61.0 1 -1 -1 0b -1 -1 -1 0f -1 -1 -1
1 1 0 29.6 61.0 1 -1 -1 0b -1 -1 -1 0f -1 -1 -1
1 1 0 29.6 61.0 1 -1 -1 0b -1 -1 -1 0f -1 -1 -1
1 1 0 29.6 61.0 1 -1 -1 0b -1 -1 -1 0f -1 -1 -1
1 1 0 29.6 61.0 1 -1 -1 0b -1 -1 -1 0f -1 -1 -1
1 1 0 29.6 61.0 1 -1 -1 0b -1 -1 -1 0f -1 -1 -1
1 1 0 29.6 61.0 1 -1 -1 0b -1 -1 -1 0f -1 -1 -1
1 1 0 29.7 61.0 1 -1 -1 0b -1 -1 -1 0f -1 -1 -1
1 1 0 29.6 61.0 1 -1 -1 0b -1 -1 -1 0f -1 -1 -1
1 1 0 29.7 61.0 1 -1 -1 0b -1 -1 -1 0f -1 -1 -1
1 1 0 29.7 61.0 1 -1 -1 0b -1 -1 -1 0f -1 -1 -1
1 1 0 29.6 61.0 1 -1 -1 0b -1 -1 -1 0f -1 -1 -1
1 1 0 29.6 61.0 1 -1 -1 0b -1 -1 -1 0f -1 -1 -1
1 1 0 29.7 60.5 1 -1 -1 0b -1 -1 -1 0f -1 -1 -1
1 1 0 29.6 60.5 1 -1 -1 0b -1 -1 -1 0f -1 -1 -1
1 1 0 29.7 60.5 1 -1 -1 0b -1 -1 -1 0f -1 -1 -1
1 1 0 29.7 60.5 1 -1 -1 0b -1 -1 -1 0f -1 -1 -1
1 1 0 29.6 60.5 1 -1 -1 0b -1 -1 -1 0f -1 -1 -1
1 1 0 29.6 60.5 1 -1 -1 0b -1 -1 -1 0f -1 -1 -1
1 1 0 29.6 61.0 1 -1 -1 0b -1 -1 -1 0f -1 -1 -1
1 1 0 29.6 60.5 1 -1 -1 0b -1 -1 -1 0f -1 -1 -1
1 1 0 29.6 60.5 1 -1 -1 0b -1 -1 -1 0f -1 -1 -1
1 1 0 29.6 60.5 1 -1 -1 0b -1 -1 -1 0f -1 -1 -1
1 1 0 29.7 60.5 1 -1 -1 0b -1 -1 -1 0f -1 -1 -1
1 1 0 29.7 60.5 1 -1 -1 0b -1 -1 -1 0f -1 -1 -1
1 1 0 29.7 61.0 1 -1 -1 0b -1 -1 -1 0f -1 -1 -1
1 1 0 29.6 61.0 1 -1 -1 0b -1 -1 -1 0f -1 -1 -1
1 1 0 29.7 60.5 1 -1 -1 0b -1 -1 -1 0f -1 -1 -1
1 1 0 29.6 60.5 1 -1 -1 0b -1 -1 -1 0f -1 -1 -1
1 1 0 29.7 60.5 1 -1 -1 0b -1 -1 -1 0f -1 -1 -1
1 1 0 29.7 60.5 1 -1 -1 0b -1 -1 -1 0f -1 -1 -1
1 1 0 29.7 60.5 1 -1 -1 0b -1 -1 -1 0f -1 -1 -1
1 1 0 29.6 60.5 1 -1 -1 0b -1 -1 -1 0f -1 -1 -1
1 1 0 29.7 60.5 1 -1 -1 0b -1 -1 -1 0f -1 -1 -1
1 1 0 29.7 60.5 1 -1 -1 0b -1 -1 -1 0f -1 -1 -1
1 1 0 29.7 60.5 1 -1 -1 0b -1 -1 -1 0f -1 -1 -1
1 1 0 29.7 60.5 1 -1 -1 0b -1 -1 -1 0f -1 -1 -1
1 1 0 29.7 60.5 1 -1 -1 0b -1 -1 -1 0f -1 -1 -1
1 1 0 29.7 60.5 1 -1 -1 0b -1 -1 -1 0f -1 -1 -1
1 1 0 29.7 60.5 1 -1 -1 0b -1 -1 -1 0f -1 -1 -1
1 1 0 29.7 60.5 1 -1 -1 0b -1 -1 -1 0f -1 -1 -1
1 1 0 29.7 61.0 1 -1 -1 0b -1 -1 -1 0f -1 -1 -1
1 1 0 29.7 60.5 1 -1 -1 0b -1 -1 -1 0f -1 -1 -1
1 1 0 29.7 61.0 1 -1 -1 0b -1 -1 -1 0f -1 -1 -1
1 1 0 29.7 61.0 1 -1 -1 0b -1 -1 -1 0f -1 -1 -1
1 1 0 29.6 60.5 1 -1 -1 0b -1 -1 -1 0f -1 -1 -1
1 1 0 29.7 60.5 1 -1 -1 0b -1 -1 -1 0f -1 -1 -1
1 1 0 29.7 61.0 1 -1 -1 0b -1 -1 -1 0f -1 -1 -1
1 1 0 29.7 61.0 1 -1 -1 0b -1 -1 -1 0f -1 -1 -1
1 1 0 29.8 61.0 1 -1 -1 0b -1 -1 -1 0f -1 -1 -1
1 1 0 29.7 61.0 1 -1 -1 0b -1 -1 -1 0f -1 -1 -1
1 1 0 29.7 61.0 1 -1 -1 0b -1 -1 -1 0f -1 -1 -1
1 1 0 29.7 60.5 1 -1 -1 0b -1 -1 -1 0f -1 -1 -1
1 1 0 29.7 60.5 1 -1 -1 0b -1 -1 -1 0f -1 -1 -1
1 1 0 29.7 61.0 1 -1 -1 0b -1 -1 -1 0f -1 -1 -1
1 1 0 29.7 60.5 1 -1 -1 0b -1 -1 -1 0f -1 -1 -1
1 1 0 29.7 60.5 0 -1 -1 0b -1 -1 -1 0f -1 -1 -1
1 1 0 29.6 60.5 0 -1 -1 0b -1 -1 -1 0f -1 -1 -1
1 1 0 29.7 60.5 0 -1 -1 0b -1 -1 -1 0f -1 -1 -1
1 1 0 29.7 60.5 0 -1 -1 0b -1 -1 -1 0f -1 -1 -1
1 1 0 29.7 60.5 0 -1 -1 0b -1 -1 -1 0f -1 -1 -1
1 1 0 29.7 60.5 0 -1 -1 0b -1 -1 -1 0f -1 -1 -1
1 1 0 29.7 61.0 0 -1 -1 0b -1 -1 -1 0f -1 -1 -1
1 1 0 29.7 60.5 0 -1 -1 0b -1 -1 -1 0f -1 -1 -1
1 1 0 29.7 60.5 0 -1 -1 0b -1 -1 -1 0f -1 -1 -1
1 1 0 29.6 60.5 0 -1 -1 0b -1 -1 -1 0f -1 -1 -1
1 1 0 29.6 60.5 0 -1 -1 0b -1 -1 -1 0f -1 -1 -1
1 1 0 29.7 60.5 0 -1 -1 0b -1 -1 -1 0f -1 -1 -1
1 1 0 29.7 60.5 0 -1 -1 0b -1 -1 -1 0f -1 -1 -1
1 1 0 29.7 60.5 0 -1 -1 0b -1 -1 -1 0f -1 -1 -1
1 1 0 29.7 60.5 0 -1 -1 0b -1 -1 -1 0f -1 -1 -1
1 1 0 29.7 60.5 0 -1 -1 0b -1 -1 -1 0f -1 -1 -1
1 1 0 29.7 60.5 2 -1 -1 0b -1 -1 -1 0f -1 -1 -1
1 1 0 29.8 60.5 2 -1 -1 0b -1 -1 -1 0f -1 -1 -1
1 1 0 29.6 60.5 2 -1 -1 0b -1 -1 -1 0f -1 -1 -1
1 1 0 29.7 60.5 2 -1 -1 0b -1 -1 -1 0f -1 -1 -1
1 1 0 29.7 60.5 2 -1 -1 0b -1 -1 -1 0f -1 -1 -1
1 1 0 29.7 60.5 0 -1 -1 0b -1 -1 -1 0f -1 -1 -1
1 1 0 29.7 60.5 0 -1 -1 0b -1 -1 -1 0f -1 -1 -1
1 1 0 29.7 60.5 0 -1 -1 0b -1 -1 -1 0f -1 -1 -1
1 1 0 29.7 60.5 0 -1 -1 0b -1 -1 -1 0f -1 -1 -1
1 1 0 29.7 60.5 0 -1 -1 0b -1 -1 -1 0f -1 -1 -1
1 1 0 29.8 60.5 0 -1 -1 0b -1 -1 -1 0f -1 -1 -1
1 1 0 29.7 60.5 0 -1 -1 0b -1 -1 -1 0f -1 -1 -1
1 1 0 29.7 60.5 0 -1 -1 0b -1 -1 -1 0f -1 -1 -1
1 1 0 29.8 60.5 0 -1 -1 0b -1 -1 -1 0f -1 -1 -1
1 1 0 29.7 60.5 0 -1 -1 0b -1 -1 -1 0f -1 -1 -1
1 1 0 29.7 60.5 0 -1 -1 0b -1 -1 -1 0f -1 -1 -1
1 1 0 29.7 60.5 0 -1 -1 0b -1 -1 -1 0f -1 -1 -1
1 1 0 29.8 60.5 0 -1 -1 0b -1 -1 -1 7f -1 -1 -1
1 1 0 29.7 60.5 0 -1 -1 0b -1 -1 -1 7f -1 -1 -1
1 1 17 29.8 60.5 0 -1 -1 0b -1 -1 -1 7f -1 -1 -1
1 1 0 29.7 60.5 2 -1 -1 0b -1 -1 -1 7f -1 -1 -1
1 1 7 29.8 60.5 2 -1 -1 0b -1 -1 -1 7f -1 -1 -1
1 1 0 29.7 60.5 2 -1 -1 0b -1 -1 -1 7f -1 -1 -1
1 1 0 29.8 60.5 2 c25f -1 0b -1 -1 -1 7f -1 -1 -1
1 1 1 29.8 60.5 2 c25f -1 0b -1 -1 -1 7f -1 -1 -1
1 1 0 29.8 60.5 2 c25f -1 0b -1 -1 -1 7f -1 -1 -1
1 1 0 29.8 60.5 2 c25f -1 0b -1 -1 -1 7f -1 -1 -1
1 1 0 29.8 60.5 2 c25f -1 0b -1 -1 -1 7f -1 -1 -1
1 1 0 29.7 60.5 4 c25f -1 0b -1 -1 -1 7f -1 -1 -1
1 1 0 29.7 60.5 2 c25f -1 0b -1 -1 -1 7f -1 -1 -1
1 1 0 29.5 60.0 2 c25f -1 0b -1 -1 -1 7f -1 -1 -1
1 1 0 29.5 59.5 2 c25f -1 0b -1 -1 -1 7f -1 -1 -1
1 1 0 29.5 59.0 2 c25f -1 0b -1 -1 -1 7f -1 -1 -1
1 1 0 29.3 58.5 2 c25f -1 0b -1 -1 -1 7f -1 -1 -1
1 1 0 29.2 58.0 2 c25f -1 0b -1 -1 -1 7f -1 -1 -1
1 1 0 29.2 57.0 2 c25f -1 0b -1 -1 -1 7f -1 -1 -1
1 1 0 29.2 57.0 2 c25f -1 0b -1 -1 -1 7f -1 -1 -1
1 1 0 29.1 56.5 2 c25f -1 0b -1 -1 -1 7f -1 -1 -1
1 1 0 29.0 56.0 2 c25f -1 0b -1 -1 -1 7f -1 -1 -1
1 1 0 29.0 55.5 2 c25f -1 0b -1 -1 -1 7f -1 -1 -1
1 1 0 29.1 55.0 2 c25f -1 0b -1 -1 -1 7f -1 -1 -1
1 1 0 29.0 55.0 2 c25f -1 0b -1 -1 -1 7f -1 -1 -1
1 1 0 28.9 54.5 2 c25f -1 0b -1 -1 -1 7f -1 -1 -1
1 1 0 28.9 54.0 2 c25f -1 0b -1 -1 -1 7f -1 -1 -1
1 1 0 28.9 54.0 2 c25f -1 0b -1 -1 -1 7f -1 -1 -1
1 1 0 28.8 53.5 2 c25f -1 0b -1 -1 -1 7f -1 -1 -1
1 1 0 28.8 53.5 2 c25f -1 0b -1 -1 -1 7f -1 -1 -1
1 1 0 28.8 53.0 2 c25f -1 0b -1 -1 -1 7f -1 -1 -1
1 1 0 28.7 53.0 2 c25f -1 0b -1 -1 -1 7f -1 -1 -1
1 1 0 28.6 52.5 2 c25f -1 0b -1 -1 -1 7f -1 -1 -1
1 1 0 28.7 52.5 2 c25f -1 0b -1 -1 -1 7f -1 -1 -1
1 1 0 28.6 52.0 2 c25f -1 0b -1 -1 -1 7f -1 -1 -1
1 1 0 28.6 52.0 2 c25f -1 0b -1 -1 -1 7f -1 -1 -1
1 1 0 28.5 51.5 2 c25f -1 0b -1 -1 -1 7f -1 -1 -1
1 1 0 28.5 51.5 2 c25f -1 0b -1 -1 -1 7f -1 -1 -1
1 1 0 28.5 51.5 2 c25f -1 0b -1 -1 -1 7f -1 -1 -1
1 1 0 28.4 51.0 2 c25f -1 0b -1 -1 -1 7f -1 -1 -1
1 1 0 28.4 51.0 2 c25f -1 0b -1 -1 -1 7f -1 -1 -1
1 1 0 28.4 51.0 2 c25f -1 0b -1 -1 -1 7f -1 -1 -1
1 1 0 28.3 51.0 2 c25f -1 0b -1 -1 -1 7f -1 -1 -1
1 1 0 28.4 51.0 2 c25f -1 0b -1 -1 -1 7f -1 -1 -1
1 1 0 28.4 51.0 2 c25f -1 0b -1 -1 -1 7f -1 -1 -1
1 1 0 28.3 51.5 2 c25f -1 0b -1 -1 -1 7f -1 -1 -1
1 1 0 28.2 51.5 4 c25f -1 0b -1 -1 -1 7f -1 -1 -1
1 1 0 28.4 51.5 4 c25f -1 0b -1 -1 -1 7f -1 -1 -1
1 1 0 28.3 51.5 4 c25f -1 0b -1 -1 -1 7f -1 -1 -1
1 1 0 28.3 51.5 1 c25f -1 0b -1 -1 -1 7f -1 -1 -1
1 1 0 28.3 51.5 1 c25f -1 0b -1 -1 -1 7f -1 -1 -1
1 1 0 28.3 51.5 1 c25f -1 0b -1 -1 -1 7f -1 -1 -1
1 1 0 28.3 51.5 1 c25f -1 0b -1 -1 -1 7f -1 -1 -1
1 1 0 28.2 51.5 1 c25f -1 0b -1 -1 -1 7f -1 -1 -1
1 1 0 28.2 51.5 1 c25f -1 0b -1 -1 -1 7f -1 -1 -1
1 1 0 28.3 51.5 2 c25f -1 0b -1 -1 -1 7f -1 -1 -1
1 1 0 28.2 51.5 2 c25f -1 0b -1 -1 -1 7f -1 -1 -1
1 1 1 28.2 51.5 2 c25f -1 0b -1 -1 -1 7f -1 -1 -1
1 1 0 28.2 51.5 2 c25f -1 0b -1 -1 -1 7f -1 -1 -1
1 1 0 28.2 51.5 2 c25f -1 0b -1 -1 -1 7f -1 -1 -1
1 1 1 28.2 52.0 2 c25f -1 0b -1 -1 -1 7f -1 -1 -1
1 1 0 28.2 51.5 2 c25f -1 0b -1 -1 -1 7f -1 -1 -1
1 1 0 28.2 51.5 2 c25f -1 0b -1 -1 -1 7f -1 -1 -1
1 1 0 28.1 51.5 2 c25f -1 0b -1 -1 -1 7f -1 -1 -1
1 1 0 28.1 51.5 2 c25f -1 0b -1 -1 -1 7f -1 -1 -1
1 1 0 28.1 51.5 2 c25f -1 0b -1 -1 -1 7f -1 -1 -1
1 1 0 28.1 51.5 2 c25f -1 0b -1 -1 -1 7f -1 -1 -1
1 1 0 28.1 51.5 2 c25f -1 0b -1 -1 -1 7f -1 -1 -1
1 1 0 28.0 51.5 2 c25f -1 0b -1 -1 -1 7f -1 -1 -1
1 1 0 28.0 51.5 2 c25f -1 0b -1 -1 -1 7f -1 -1 -1
1 1 0 28.0 51.5 4 c25f -1 0b -1 -1 -1 7f -1 -1 -1
1 1 0 28.0 51.5 4 c25f -1 0b -1 -1 -1 7f -1 -1 -1
1 1 0 28.0 51.0 4 c25f -1 0b -1 -1 -1 7f -1 -1 -1
1 1 0 28.0 51.0 4 c25f -1 0b -1 -1 -1 7f -1 -1 -1
1 1 0 28.0 51.0 4 c25f -1 0b -1 -1 -1 7f -1 -1 -1
1 1 0 27.9 51.0 4 c25f -1 0b -1 -1 -1 7f -1 -1 -1
1 1 0 28.0 51.0 4 c25f -1 0b -1 -1 -1 7f -1 -1 -1
1 1 0 28.0 51.0 6 c25f -1 0b -1 -1 -1 7f -1 -1 -1
1 1 0 28.0 51.0 2 c25f -1 0b -1 -1 -1 7f -1 -1 -1
1 1 0 28.0 51.0 6 c25f -1 0b -1 -1 -1 7f -1 -1 -1
1 1 0 27.9 51.5 4 c25f -1 0b -1 -1 -1 7f -1 -1 -1
1 1 0 27.9 51.5 4 c25f -1 0b -1 -1 -1 7f -1 -1 -1
1 1 0 27.9 51.5 4 c25f -1 0b -1 -1 -1 7f -1 -1 -1
1 1 0 27.9 51.5 4 c25f -1 0b -1 -1 -1 7f -1 -1 -1
1 1 0 27.8 52.0 2 c25f -1 0b -1 -1 -1 7f -1 -1 -1
1 1 0 27.9 52.0 2 c25f -1 0b -1 -1 -1 7f -1 -1 -1
1 1 0 27.8 51.5 4 c25f -1 0b -1 -1 -1 7f -1 -1 -1
1 1 0 27.8 51.5 6 c25f -1 0b -1 -1 -1 7f -1 -1 -1
1 1 0 27.8 51.5 5 c25f -1 0b -1 -1 -1 7f -1 -1 -1
1 1 0 27.8 51.5 7 c25f -1 0b -1 -1 -1 7f -1 -1 -1
1 1 0 27.9 51.5 9 c25f -1 0b -1 -1 -1 7f -1 -1 -1
1 1 0 27.8 51.5 9 c25f -1 0b -1 -1 -1 7f -1 -1 -1
1 1 0 27.8 51.0 7 c25f -1 0b -1 -1 -1 7f -1 -1 -1
1 1 0 27.8 51.0 7 c25f -1 0b -1 -1 -1 7f -1 -1 -1
1 1 0 27.7 51.0 7 c25f -1 0b -1 -1 -1 7f -1 -1 -1
1 1 0 27.7 51.0 9 c25f -1 0b -1 -1 -1 7f -1 -1 -1
1 1 0 27.7 51.0 9 c25f -1 0b -1 -1 -1 7f -1 -1 -1
1 1 0 27.7 51.0 11 c25f -1 0b -1 -1 -1 7f -1 -1 -1
1 1 0 27.7 51.0 9 c25f -1 0b -1 -1 -1 7f -1 -1 -1
1 1 0 27.7 51.0 9 c25f -1 0b -1 -1 -1 7f -1 -1 -1
1 1 0 27.7 51.0 11 c25f -1 0b -1 -1 -1 7f -1 -1 -1
1 1 0 27.7 51.0 11 c25f -1 0b -1 -1 -1 7f -1 -1 -1
1 1 0 27.7 51.0 11 c25f -1 0b -1 -1 -1 7f -1 -1 -1
1 1 0 27.7 51.0 10 c25f -1 0b -1 -1 -1 7f -1 -1 -1
1 1 0 27.7 51.0 10 c25f -1 0b -1 -1 -1 7f -1 -1 -1
1 1 0 27.7 51.0 12 c25f -1 0b -1 -1 -1 7f -1 -1 -1
1 1 0 27.6 51.0 14 c25f -1 0b -1 -1 -1 7f -1 -1 -1
1 1 0 27.7 51.0 16 c25f -1 0b -1 -1 -1 7f -1 -1 -1
1 1 0 27.6 51.0 16 c25f -1 0b -1 -1 -1 7f -1 -1 -1
1 1 0 27.6 51.0 14 c25f -1 0b -1 -1 -1 7f -1 -1 -1
1 1 0 27.5 51.0 16 c25f -1 0b -1 -1 -1 7f -1 -1 -1
1 1 0 27.6 50.5 14 c25f -1 0b -1 -1 -1 7f -1 -1 -1
1 1 0 27.6 50.5 10 c25f -1 0b -1 -1 -1 7f -1 -1 -1
1 1 0 27.5 50.5 11 c25f -1 0b -1 -1 -1 7f -1 -1 -1
1 1 0 27.6 50.5 11 c25f -1 0b -1 -1 -1 7f -1 -1 -1
1 1 0 27.6 50.5 11 c25f -1 0b -1 -1 -1 7f -1 -1 -1
1 1 0 27.6 50.5 9 c25f -1 0b -1 -1 -1 7f -1 -1 -1
1 1 0 27.6 50.5 9 c25f -1 0b -1 -1 -1 7f -1 -1 -1
1 1 0 27.6 50.0 9 c25f -1 0b -1 -1 -1 7f -1 -1 -1
1 1 0 27.5 50.0 9 c25f -1 0b -1 -1 -1 7f -1 -1 -1
1 1 0 27.5 50.0 9 c25f -1 0b -1 -1 -1 7f -1 -1 -1
1 1 0 27.6 50.0 7 c25f -1 0b -1 -1 -1 7f -1 -1 -1
1 1 0 27.6 50.0 7 c25f -1 0b -1 -1 -1 7f -1 -1 -1
1 1 0 27.5 50.0 7 c25f -1 0b -1 -1 -1 7f -1 -1 -1
1 1 0 27.6 50.0 7 c25f -1 0b -1 -1 -1 7f -1 -1 -1
1 1 0 27.5 50.0 7 c25f -1 0b -1 -1 -1 7f -1 -1 -1
1 1 0 27.5 50.0 7 c25f -1 0b -1 -1 -1 7f -1 -1 -1
1 1 0 27.5 50.0 7 c25f -1 0b -1 -1 -1 7f -1 -1 -1
1 1 0 27.5 50.0 7 c25f -1 0b -1 -1 -1 7f -1 -1 -1
1 1 0 27.5 50.0 11 c25f -1 0b -1 -1 -1 7f -1 -1 -1
1 1 0 27.4 50.0 11 c25f -1 0b -1 -1 -1 7f -1 -1 -1
1 1 0 27.5 50.0 11 c25f -1 0b -1 -1 -1 7f -1 -1 -1
1 1 0 27.4 50.0 9 c25f -1 0b -1 -1 -1 7f -1 -1 -1
1 1 0 27.4 49.5 9 c25f -1 0b -1 -1 -1 7f -1 -1 -1
1 1 0 27.4 49.5 9 c25f -1 0b -1 -1 -1 7f -1 -1 -1
1 1 0 27.4 49.5 9 c25f -1 0b -1 -1 -1 7f -1 -1 -1
1 1 0 27.4 49.5 9 c25f -1 0b -1 -1 -1 7f -1 -1 -1
1 1 0 27.4 49.5 9 c25f -1 0b -1 -1 -1 7f -1 -1 -1
1 1 0 27.3 49.5 9 c25f -1 0b -1 -1 -1 7f -1 -1 -1
1 1 0 27.4 49.5 9 c25f -1 0b -1 -1 -1 7f -1 -1 -1
1 1 0 27.4 49.5 11 c25f -1 0b -1 -1 -1 7f -1 -1 -1
1 1 0 27.4 49.5 11 c25f -1 0b -1 -1 -1 7f -1 -1 -1
1 1 0 27.4 49.5 7 c25f -1 0b -1 -1 -1 7f -1 -1 -1
1 1 0 27.4 49.5 7 c25f -1 0b -1 -1 -1 7f -1 -1 -1
1 1 0 27.3 49.5 9 c25f -1 0b -1 -1 -1 7f -1 -1 -1
1 1 0 27.4 49.5 9 c25f -1 0b -1 -1 -1 7f -1 -1 -1
1 1 0 27.3 49.0 9 c25f -1 0b -1 -1 -1 7f -1 -1 -1
1 1 0 27.4 49.0 9 c25f -1 0b -1 -1 -1 7f -1 -1 -1
1 1 0 27.3 49.0 9 c25f -1 0b -1 -1 -1 7f -1 -1 -1
1 1 0 27.4 49.0 9 c25f -1 0b -1 -1 -1 7f -1 -1 -1
1 1 0 27.4 49.0 9 c25f -1 0b -1 -1 -1 7f -1 -1 -1
1 1 0 27.4 49.0 9 c25f -1 0b -1 -1 -1 7f -1 -1 -1
1 1 0 27.4 49.0 9 c25f -1 0b -1 -1 -1 7f -1 -1 -1
1 1 0 27.4 49.0 9 c25f -1 0b -1 -1 -1 7f -1 -1 -1
1 1 0 27.3 49.0 9 c25f -1 0b -1 -1 -1 7f -1 -1 -1
1 1 0 27.3 49.0 9 c25f -1 0b -1 -1 -1 7f -1 -1 -1
1 1 0 27.3 49.0 11 c25f -1 0b -1 -1 -1 7f -1 -1 -1
1 1 0 27.2 48.5 11 c25f -1 0b -1 -1 -1 7f -1 -1 -1
1 1 0 27.3 48.5 13 c25f -1 0b -1 -1 -1 7f -1 -1 -1
1 1 1 27.2 48.5 13 c25f -1 0b -1 -1 -1 7f -1 -1 -1
1 1 5 27.2 49.0 10 c25f -1 0b -1 -1 -1 7f -1 -1 -1
1 1 0 27.2 49.0 10 c25f -1 0b -1 -1 -1 7f -1 -1 -1
1 1 0 27.0 48.5 12 c25f -1 0b -1 -1 -1 7f -1 -1 -1
1 1 0 26.9 48.5 12 c25f -1 0b -1 -1 -1 7f -1 -1 -1
1 1 0 26.7 48.0 12 c25f -1 0b -1 -1 -1 7f -1 -1 -1
1 1 0 26.6 48.0 12 c25f -1 0b -1 -1 -1 7f -1 -1 -1
1 1 0 26.5 47.5 10 c25f -1 0b -1 -1 -1 7f -1 -1 -1
1 1 0 26.4 47.5 10 c25f -1 0b -1 -1 -1 7f -1 -1 -1
1 1 7 26.4 47.5 10 c25f -1 0b -1 -1 -1 7f -1 -1 -1
1 1 5 26.3 47.5 11 c25f -1 0b -1 -1 -1 7f -1 -1 -1
1 1 0 26.3 47.5 16 c25f -1 0b -1 -1 -1 7f -1 -1 -1
1 1 0 26.3 48.0 14 c25f -1 0b -1 -1 -1 7f -1 -1 -1
1 1 0 26.3 48.0 14 c25f -1 0b -1 -1 -1 7f -1 -1 -1
1 1 0 26.2 48.0 18 c25f -1 0b -1 -1 -1 7f -1 -1 -1
1 1 0 26.1 48.0 14 c25f -1 0b -1 -1 -1 7f -1 -1 -1
1 1 0 26.0 48.0 14 c25f -1 0b -1 -1 -1 7f -1 -1 -1
1 1 0 26.0 48.0 16 c25f -1 0b -1 -1 -1 7f -1 -1 -1
1 1 0 26.0 48.0 16 c25f -1 0b -1 -1 -1 7f -1 -1 -1
1 1 0 26.0 48.5 18 c25f -1 0b -1 -1 -1 7f -1 -1 -1
1 1 0 25.9 48.0 16 c25f -1 0b -1 -1 -1 7f -1 -1 -1
1 1 0 25.9 48.0 18 c25f -1 0b -1 -1 -1 7f -1 -1 -1
1 1 0 25.9 48.0 18 c25f -1 0b -1 -1 -1 7f -1 -1 -1
1 1 10 25.8 48.0 18 c25f -1 0b -1 -1 -1 7f -1 -1 -1
1 1 0 25.8 48.0 20 c25f -1 0b -1 -1 -1 7f -1 -1 -1
1 1 0 25.8 48.0 21 c25f -1 0b -1 -1 -1 7f -1 -1 -1
1 1 0 25.7 48.0 23 c25f -1 0b -1 -1 -1 7f -1 -1 -1
1 1 0 25.7 48.0 21 c25f -1 0b -1 -1 -1 7f -1 -1 -1
1 1 0 25.7 48.0 23 c25f -1 0b -1 -1 -1 7f -1 -1 -1
1 1 0 25.7 48.0 23 c25f -1 0b -1 -1 -1 7f -1 -1 -1
1 1 0 25.6 48.0 23 c25f -1 0b -1 -1 -1 7f -1 -1 -1
1 1 0 25.5 48.0 21 c25f -1 0b -1 -1 -1 7f -1 -1 -1
1 1 0 25.6 48.0 23 c25f -1 0b -1 -1 -1 7f -1 -1 -1
1 1 0 25.5 48.5 23 c25f -1 0b -1 -1 -1 7f -1 -1 -1
1 1 0 25.5 48.5 23 c25f -1 0b -1 -1 -1 7f -1 -1 -1
1 1 0 25.5 48.5 23 c25f -1 0b -1 -1 -1 7f -1 -1 -1
1 1 0 25.6 48.5 25 c25f -1 0b -1 -1 -1 7f -1 -1 -1
1 1 0 25.5 48.5 21 c25f -1 0b -1 -1 -1 7f -1 -1 -1
1 1 0 25.5 48.5 23 c25f -1 0b -1 -1 -1 7f -1 -1 -1
1 1 0 25.4 48.5 23 c25f -1 0b -1 -1 -1 7f -1 -1 -1
1 1 0 25.4 48.5 23 c25f -1 0b -1 -1 -1 7f -1 -1 -1
1 1 0 25.4 49.0 21 c25f -1 0b -1 -1 -1 7f -1 -1 -1
1 1 0 25.4 49.0 23 c25f -1 0b -1 -1 -1 7f -1 -1 -1
1 1 0 25.4 49.0 21 c25f -1 0b -1 -1 -1 7f -1 -1 -1
1 1 0 25.4 48.5 18 c25f -1 0b -1 -1 -1 7f -1 -1 -1
1 1 0 25.4 49.0 18 c25f -1 0b -1 -1 -1 7f -1 -1 -1
1 1 0 25.3 49.0 20 c25f -1 0b -1 -1 -1 7f -1 -1 -1
1 1 0 25.3 49.0 18 c25f -1 0b -1 -1 -1 7f -1 -1 -1
1 1 0 25.3 49.0 20 c25f -1 0b -1 -1 -1 7f -1 -1 -1
1 1 0 25.3 49.0 18 c25f -1 0b -1 -1 -1 7f -1 -1 -1
1 1 0 25.3 49.0 18 c25f -1 0b -1 -1 -1 7f -1 -1 -1
1 1 0 25.3 49.0 20 c25f -1 0b -1 -1 -1 7f -1 -1 -1
1 1 0 25.2 49.0 22 c25f -1 0b -1 -1 -1 7f -1 -1 -1
1 1 0 25.2 49.0 18 c25f -1 0b -1 -1 -1 7f -1 -1 -1
1 1 0 25.1 49.0 18 c25f -1 0b -1 -1 -1 7f -1 -1 -1
1 1 0 25.1 49.0 18 c25f -1 0b -1 -1 -1 7f -1 -1 -1
1 1 0 25.1 49.0 16 c25f -1 0b -1 -1 -1 7f -1 -1 -1
1 1 0 25.2 49.0 20 c25f -1 0b -1 -1 -1 7f -1 -1 -1
1 1 0 25.1 49.0 16 c25f -1 0b -1 -1 -1 7f -1 -1 -1
1 1 0 25.1 49.0 20 c25f -1 0b -1 -1 -1 7f -1 -1 -1
1 1 0 25.1 49.5 18 c25f -1 0b -1 -1 -1 7f -1 -1 -1
1 1 0 25.0 49.0 18 c25f -1 0b -1 -1 -1 7f -1 -1 -1
1 1 0 25.1 49.5 18 c25f -1 0b -1 -1 -1 7f -1 -1 -1
1 1 0 25.0 49.5 18 c25f -1 0b -1 -1 -1 7f -1 -1 -1
1 1 0 25.1 49.5 18 c25f -1 0b -1 -1 -1 7f -1 -1 -1
1 1 0 25.0 49.5 18 c25f -1 0b -1 -1 -1 7f -1 -1 -1
1 1 0 25.0 49.5 18 c25f -1 0b -1 -1 -1 7f -1 -1 -1
1 1 0 24.9 49.5 18 c25f -1 0b -1 -1 -1 7f -1 -1 -1
1 1 0 25.0 49.5 18 c25f -1 0b -1 -1 -1 7f -1 -1 -1
1 1 0 25.0 49.5 16 c25f -1 0b -1 -1 -1 7f -1 -1 -1
1 1 0 24.9 49.5 16 c25f -1 0b -1 -1 -1 7f -1 -1 -1
1 1 0 25.0 49.5 18 c25f -1 0b -1 -1 -1 7f -1 -1 -1
1 1 0 24.9 49.5 18 c25f -1 0b -1 -1 -1 7f -1 -1 -1
1 1 0 24.9 50.0 16 c25f -1 0b -1 -1 -1 7f -1 -1 -1
1 1 0 24.9 50.0 16 c25f -1 0b -1 -1 -1 7f -1 -1 -1
1 1 0 24.9 50.0 16 c25f -1 0b -1 -1 -1 7f -1 -1 -1
1 1 0 25.0 50.5 16 c25f -1 0b -1 -1 -1 7f -1 -1 -1
1 1 0 25.0 50.5 20 c25f -1 0b -1 -1 -1 7f -1 -1 -1
1 1 0 24.9 50.5 16 c25f -1 0b -1 -1 -1 7f -1 -1 -1
1 1 0 24.9 50.5 18 c25f -1 0b -1 -1 -1 7f -1 -1 -1
1 1 0 24.9 50.5 16 c25f -1 0b -1 -1 -1 7f -1 -1 -1
1 1 0 24.9 50.5 16 c25f -1 0b -1 -1 -1 7f -1 -1 -1
1 1 0 25.0 50.5 16 c25f -1 0b -1 -1 -1 7f -1 -1 -1
1 1 0 25.0 50.5 16 c25f -1 0b -1 -1 -1 7f -1 -1 -1
1 1 0 25.1 50.0 18 c25f -1 0b -1 -1 -1 7f -1 -1 -1
1 1 0 25.2 50.0 16 c25f -1 0b -1 -1 -1 7f -1 -1 -1
1 1 0 25.2 50.0 16 c25f -1 0b -1 -1 -1 7f -1 -1 -1
1 1 0 25.2 50.0 16 c25f -1 0b -1 -1 -1 7f -1 -1 -1
1 1 1 25.2 50.0 16 c25f -1 0b -1 -1 -1 7f -1 -1 -1
1 1 0 25.3 50.5 16 c25f -1 0b -1 -1 -1 7f -1 -1 -1
1 1 0 25.3 50.5 16 c25f -1 0b -1 -1 -1 7f -1 -1 -1
1 1 0 25.3 50.5 14 c25f -1 0b -1 -1 -1 7f -1 -1 -1
1 1 0 25.4 50.5 14 c25f -1 0b -1 -1 -1 7f -1 -1 -1
1 1 0 25.4 50.5 18 c25f -1 0b -1 -1 -1 7f -1 -1 -1
1 1 0 25.4 50.5 18 c25f -1 0b -1 -1 -1 7f -1 -1 -1
1 1 0 25.4 50.5 16 c25f -1 0b -1 -1 -1 7f -1 -1 -1
1 1 0 25.5 50.5 16 c25f -1 0b -1 -1 -1 7f -1 -1 -1
1 1 0 25.5 50.5 16 c25f -1 0b -1 -1 -1 7f -1 -1 -1
1 1 5 25.5 50.5 16 c25f -1 0b -1 -1 -1 7f -1 -1 -1
1 1 9 25.5 50.5 16 c25f -1 0b -1 -1 -1 7f -1 -1 -1
1 1 0 25.5 50.5 13 c25f -1 0b -1 -1 -1 7f -1 -1 -1
1 1 0 25.6 50.5 13 c25f -1 0b -1 -1 -1 7f -1 -1 -1
1 1 0 25.5 50.0 13 c25f -1 0b -1 -1 -1 7f -1 -1 -1
1 1 0 25.6 50.5 13 c25f -1 0b -1 -1 -1 7f -1 -1 -1
1 1 0 25.6 50.0 13 c25f -1 0b -1 -1 -1 7f -1 -1 -1
1 1 7 25.6 50.5 15 c25f -1 0b -1 -1 -1 7f -1 -1 -1
1 1 0 25.6 50.0 15 c25f -1 0b -1 -1 -1 7f -1 -1 -1
1 1 0 25.6 50.0 15 c25f -1 0b -1 -1 -1 7f -1 -1 -1
1 1 0 25.6 50.0 15 c25f -1 0b -1 -1 -1 7f -1 -1 -1
1 1 0 25.6 50.0 15 c25f -1 0b -1 -1 -1 7f -1 -1 -1
1 1 0 25.7 50.0 15 c25f -1 0b -1 -1 -1 7f -1 -1 -1
1 1 0 25.7 50.0 15 c25f -1 0b -1 -1 -1 7f -1 -1 -1
1 1 0 25.7 50.0 15 c25f -1 0b -1 -1 -1 7f -1 -1 -1
1 1 0 25.7 50.0 15 c25f -1 0b -1 -1 -1 7f -1 -1 -1
1 1 0 25.6 50.0 15 c25f -1 0b -1 -1 -1 7f -1 -1 -1
1 1 0 25.7 50.0 15 c25f -1 0b -1 -1 -1 7f -1 -1 -1
1 1 2 25.7 50.0 15 c25f -1 0b -1 -1 -1 7f -1 -1 -1
1 1 0 25.7 50.0 15 c25f -1 0b -1 -1 -1 7f -1 -1 -1
1 1 2 25.7 50.0 15 c25f -1 0b -1 -1 -1 7f -1 -1 -1
1 1 0 25.7 50.5 15 c25f -1 0b -1 -1 -1 7f -1 -1 -1
1 1 0 25.8 50.0 11 c25f -1 0b -1 -1 -1 7f -1 -1 -1
1 1 0 25.8 50.0 13 c25f -1 0b -1 -1 -1 7f -1 -1 -1
1 1 0 25.8 50.5 13 c25f -1 0b -1 -1 -1 7f -1 -1 -1
1 1 0 25.7 50.5 13 c25f -1 0b -1 -1 -1 7f -1 -1 -1
1 1 0 25.8 50.5 16 c25f -1 0b -1 -1 -1 7f -1 -1 -1
1 1 0 25.9 50.5 18 c25f -1 0b -1 -1 -1 7f -1 -1 -1
1 1 0 25.8 50.5 14 c25f -1 0b -1 -1 -1 7f -1 -1 -1
1 1 0 25.9 50.5 16 c25f -1 0b -1 -1 -1 7f -1 -1 -1
1 1 0 25.9 50.5 16 c25f -1 0b -1 -1 -1 7f -1 -1 -1
1 1 4 25.9 50.5 14 c25f -1 0b -1 -1 -1 7f -1 -1 -1
1 1 5 25.9 50.5 10 c25f -1 0b -1 -1 -1 7f -1 -1 -1
1 1 0 25.9 50.5 12 c25f -1 0b -1 -1 -1 7f -1 -1 -1
1 1 0 26.0 50.5 14 c25f -1 0b -1 -1 -1 7f -1 -1 -1
1 1 0 25.9 50.5 14 c25f -1 0b -1 -1 -1 7f -1 -1 -1
1 1 0 26.0 50.5 14 c25f -1 0b -1 -1 -1 7f -1 -1 -1
1 1 7 26.0 50.5 12 c25f -1 0b -1 -1 -1 7f -1 -1 -1
1 1 0 25.9 50.5 12 c25f -1 0b -1 -1 -1 7f -1 -1 -1
1 1 6 26.0 50.5 10 c25f -1 0b -1 -1 -1 7f -1 -1 -1
1 1 0 25.9 50.5 12 c25f -1 0b -1 -1 -1 7f -1 -1 -1
1 1 0 26.0 50.5 12 c25f -1 0b -1 -1 -1 7f -1 -1 -1
1 1 5 26.0 50.5 14 c25f -1 0b -1 -1 -1 7f -1 -1 -1
1 1 5 26.0 50.5 12 c25f -1 0b -1 -1 -1 7f -1 -1 -1
1 1 0 26.0 51.0 14 c25f -1 0b -1 -1 -1 7f -1 -1 -1
1 1 0 26.1 51.0 10 c25f -1 0b -1 -1 -1 7f -1 -1 -1
1 1 0 26.1 51.0 10 c25f -1 0b -1 -1 -1 7f -1 -1 -1
1 1 0 26.1 51.0 14 c25f -1 0b -1 -1 -1 7f -1 -1 -1
1 1 0 26.0 51.0 10 c25f -1 0b -1 -1 -1 7f -1 -1 -1
1 1 0 26.0 51.0 12 c25f -1 0b -1 -1 -1 7f -1 -1 -1
1 1 0 26.1 51.0 14 c25f -1 0b -1 -1 -1 7f -1 -1 -1
1 1 6 26.1 51.0 14 c25f -1 0b -1 -1 -1 7f -1 -1 -1
1 1 0 26.1 51.0 10 c25f -1 0b -1 -1 -1 7f -1 -1 -1
1 1 0 26.1 51.0 11 c25f -1 0b -1 -1 -1 7f -1 -1 -1
1 1 0 26.1 51.5 11 c25f -1 0b -1 -1 -1 7f -1 -1 -1
1 1 6 26.1 51.5 11 c25f -1 0b -1 -1 -1 7f -1 -1 -1
1 1 0 26.2 51.5 11 c25f -1 0b -1 -1 -1 7f -1 -1 -1
1 1 0 26.2 51.5 11 c25f -1 0b -1 -1 -1 7f -1 -1 -1
1 1 0 26.2 52.0 9 c25f -1 0b -1 -1 -1 7f -1 -1 -1
1 1 0 26.2 52.0 9 c25f -1 0b -1 -1 -1 7f -1 -1 -1
1 1 0 26.2 52.0 11 c25f -1 0b -1 -1 -1 7f -1 -1 -1
1 1 0 26.2 52.0 11 c25f -1 0b -1 -1 -1 7f -1 -1 -1
1 1 0 26.2 52.0 11 c25f -1 0b -1 -1 -1 7f -1 -1 -1
1 1 0 26.2 52.5 11 c25f -1 0b -1 -1 -1 7f -1 -1 -1
1 1 0 26.3 52.5 11 c25f -1 0b -1 -1 -1 7f -1 -1 -1
1 1 0 26.3 52.5 11 c25f -1 0b -1 -1 -1 7f -1 -1 -1
1 1 0 26.3 53.0 11 c25f -1 0b -1 -1 -1 7f -1 -1 -1
1 1 6 26.3 52.5 11 c25f -1 0b -1 -1 -1 7f -1 -1 -1
1 1 0 26.3 53.0 9 c25f -1 0b -1 -1 -1 7f -1 -1 -1
1 1 0 26.3 53.0 9 c25f -1 0b -1 -1 -1 7f -1 -1 -1
1 1 0 26.4 53.5 9 c25f -1 0b -1 -1 -1 7f -1 -1 -1
1 1 5 26.4 53.0 7 c25f -1 0b -1 -1 -1 7f -1 -1 -1
1 1 0 26.3 53.0 7 c25f -1 0b -1 -1 -1 7f -1 -1 -1
1 1 0 26.3 53.0 7 c25f -1 0b -1 -1 -1 7f -1 -1 -1
1 1 0 26.3 53.0 9 c25f -1 0b -1 -1 -1 7f -1 -1 -1
1 1 0 26.3 53.0 9 c25f -1 0b -1 -1 -1 7f -1 -1 -1
1 1 0 26.4 53.0 9 c25f -1 0b -1 -1 -1 7f -1 -1 -1
1 1 0 26.3 53.0 7 c25f -1 0b -1 -1 -1 7f -1 -1 -1
1 1 0 26.3 53.0 7 c25f -1 0b -1 -1 -1 7f -1 -1 -1
1 1 0 26.4 53.0 11 c25f -1 0b -1 -1 -1 7f -1 -1 -1
1 1 0 26.4 53.0 9 c25f -1 0b -1 -1 -1 7f -1 -1 -1
1 1 0 26.4 53.0 9 c25f -1 0b -1 -1 -1 7f -1 -1 -1
1 1 0 26.4 53.0 7 c25f -1 0b -1 -1 -1 7f -1 -1 -1
1 1 0 26.4 53.0 5 c25f -1 0b -1 -1 -1 7f -1 -1 -1
1 1 0 26.3 52.5 9 c25f -1 0b -1 -1 -1 7f -1 -1 -1
1 1 0 26.4 52.5 7 c25f -1 0b -1 -1 -1 7f -1 -1 -1
1 1 0 26.4 52.5 7 c25f -1 0b -1 -1 -1 7f -1 -1 -1
1 1 0 26.4 52.5 5 c25f -1 0b -1 -1 -1 7f -1 -1 -1
1 1 0 26.4 52.0 5 c25f -1 0b -1 -1 -1 7f -1 -1 -1
1 1 0 26.5 52.0 5 c25f -1 0b -1 -1 -1 7f -1 -1 -1
1 1 13 26.4 52.0 6 c25f -1 0b -1 -1 -1 7f -1 -1 -1
1 1 10 26.5 52.0 6 c25f -1 0b -1 -1 -1 7f -1 -1 -1
1 1 0 26.4 52.0 6 c25f -1 0b -1 -1 -1 7f -1 -1 -1
1 1 0 26.4 52.0 6 c25f -1 0b -1 -1 -1 7f -1 -1 -1
1 1 0 26.5 52.5 6 c25f -1 0b -1 -1 -1 7f -1 -1 -1
1 1 0 26.5 53.0 6 c25f -1 0b -1 -1 -1 7f -1 -1 -1
1 1 11 26.6 53.5 6 c25f -1 0b -1 -1 -1 7f -1 -1 -1
1 1 0 26.6 53.5 6 c25f -1 0b -1 -1 -1 7f -1 -1 -1
1 1 0 26.6 54.0 6 c25f -1 0b -1 -1 -1 7f -1 -1 -1
1 1 0 26.6 54.0 4 c25f -1 0b -1 -1 -1 7f -1 -1 -1
1 1 0 26.6 54.0 4 c25f -1 0b -1 -1 -1 7f -1 -1 -1
1 1 0 26.6 54.0 4 c25f -1 0b -1 -1 -1 7f -1 -1 -1
1 1 1 26.6 53.5 4 c25f -1 0b -1 -1 -1 7f -1 -1 -1
1 1 0 26.6 53.5 4 c25f -1 0b -1 -1 -1 7f -1 -1 -1
1 1 0 26.5 53.5 2 c25f -1 0b -1 -1 -1 7f -1 -1 -1
1 1 0 26.4 53.0 2 c25f -1 0b -1 -1 -1 7f -1 -1 -1
1 1 2 26.4 53.0 6 c25f -1 0b -1 -1 -1 7f -1 -1 -1
1 1 0 26.4 52.5 4 c25f -1 0b -1 -1 -1 7f -1 -1 -1
1 1 0 26.4 52.5 4 c25f -1 0b -1 -1 -1 7f -1 -1 -1
1 1 1 26.4 52.5 2 c25f -1 0b -1 -1 -1 7f -1 -1 -1
1 1 0 26.4 52.0 2 c25f -1 0b -1 -1 -1 7f -1 -1 -1
1 1 0 26.4 52.0 2 c25f -1 0b -1 -1 -1 7f -1 -1 -1
1 1 0 26.4 52.0 1 c25f -1 0b -1 -1 -1 7f -1 -1 -1
1 1 0 26.4 52.0 1 c25f -1 0b -1 -1 -1 7f -1 -1 -1
1 1 0 26.3 52.0 1 c25f -1 0b -1 -1 -1 7f -1 -1 -1
1 1 0 26.4 52.0 1 c25f -1 0b -1 -1 -1 7f -1 -1 -1
1 1 0 26.4 52.0 1 c25f -1 0b -1 -1 -1 7f -1 -1 -1
1 1 0 26.3 52.5 1 c25f -1 0b -1 -1 -1 7f -1 -1 -1
1 1 0 26.4 52.5 4 c25f -1 0b -1 -1 -1 7f -1 -1 -1
1 1 0 26.4 53.0 4 c25f -1 0b -1 -1 -1 7f -1 -1 -1
1 1 1 26.4 53.0 4 c25f -1 0b -1 -1 -1 7f -1 -1 -1
1 1 0 26.3 53.0 4 c25f -1 0b -1 -1 -1 7f -1 -1 -1
1 1 0 26.4 52.5 4 c25f -1 0b -1 -1 -1 7f -1 -1 -1
1 1 0 26.4 52.5 2 c25f -1 0b -1 -1 -1 7f -1 -1 -1
1 1 0 26.4 52.5 2 c25f -1 0b -1 -1 -1 7f -1 -1 -1
1 1 0 26.4 53.0 2 c25f -1 0b -1 -1 -1 7f -1 -1 -1
1 1 0 26.5 53.0 2 c25f -1 0b -1 -1 -1 7f -1 -1 -1
1 1 0 26.5 53.0 2 c25f -1 0b -1 -1 -1 7f -1 -1 -1
1 1 0 26.5 53.0 2 c25f -1 0b -1 -1 -1 7f -1 -1 -1
1 1 0 26.4 52.5 2 c25f -1 0b -1 -1 -1 7f -1 -1 -1
1 1 0 26.5 52.5 2 c25f -1 0b -1 -1 -1 7f -1 -1 -1
1 1 0 26.5 52.5 2 c25f -1 0b -1 -1 -1 7f -1 -1 -1
1 1 0 26.5 52.5 2 c25f -1 0b -1 -1 -1 7f -1 -1 -1
1 1 0 26.5 52.5 2 c25f -1 0b -1 -1 -1 7f -1 -1 -1
1 1 0 26.5 52.0 2 c25f -1 0b -1 -1 -1 7f -1 -1 -1
1 1 0 26.4 52.5 2 c25f -1 0b -1 -1 -1 7f -1 -1 -1
1 1 1 26.4 52.5 2 c25f -1 0b -1 -1 -1 7f -1 -1 -1
1 1 6 26.4 52.0 2 c25f -1 0b -1 -1 -1 7f -1 -1 -1
1 1 1 26.4 52.0 2 c25f -1 0b -1 -1 -1 7f -1 -1 -1
1 1 3 26.4 52.0 2 c25f -1 0b -1 -1 -1 7f -1 -1 -1
1 1 7 26.4 51.5 2 c25f -1 0b -1 -1 -1 7f -1 -1 -1
1 1 0 26.4 51.5 2 c25f -1 0b -1 -1 -1 7f -1 -1 -1
1 1 0 26.4 51.5 2 c25f -1 0b -1 -1 -1 7f -1 -1 -1
1 1 0 26.4 51.5 4 c25f -1 0b -1 -1 -1 7f -1 -1 -1
1 1 0 26.4 51.0 4 c25f -1 0b -1 -1 -1 7f -1 -1 -1
1 1 0 26.3 51.0 4 c25f -1 0b -1 -1 -1 7f -1 -1 -1
1 1 0 26.3 50.5 4 c25f -1 0b -1 -1 -1 7f -1 -1 -1
1 1 0 26.3 50.5 4 c25f -1 0b -1 -1 -1 7f -1 -1 -1
1 1 0 26.3 51.0 4 c25f -1 0b -1 -1 -1 7f -1 -1 -1
1 1 0 26.4 51.0 4 c25f -1 0b -1 -1 -1 7f -1 -1 -1
1 1 0 26.4 51.0 4 c25f -1 0b -1 -1 -1 7f -1 -1 -1
1 1 0 26.4 51.5 4 c25f -1 0b -1 -1 -1 7f -1 -1 -1
1 1 0 26.4 51.5 4 c25f -1 0b -1 -1 -1 7f -1 -1 -1
1 1 0 26.4 52.0 4 c25f -1 0b -1 -1 -1 7f -1 -1 -1
1 1 0 26.4 52.0 4 c25f -1 0b -1 -1 -1 7f -1 -1 -1
1 1 0 26.4 52.5 4 c25f -1 0b -1 -1 -1 7f -1 -1 -1
1 1 0 26.4 53.0 4 c25f -1 0b -1 -1 -1 7f -1 -1 -1
1 1 0 26.4 52.5 4 c25f -1 0b -1 -1 -1 7f -1 -1 -1
1 1 0 26.4 52.5 1 c25f -1 0b -1 -1 -1 7f -1 -1 -1
1 1 0 26.4 52.5 1 c25f -1 0b -1 -1 -1 7f -1 -1 -1
1 1 0 26.3 52.5 1 c25f -1 0b -1 -1 -1 7f -1 -1 -1
1 1 0 26.3 52.5 1 c25f -1 0b -1 -1 -1 7f -1 -1 -1
1 1 0 26.3 52.0 1 c25f -1 0b -1 -1 -1 7f -1 -1 -1
1 1 0 26.3 52.0 1 c25f -1 0b -1 -1 -1 7f -1 -1 -1
1 1 0 26.4 52.0 1 c25f -1 0b -1 -1 -1 7f -1 -1 -1
1 1 0 26.3 52.0 1 c25f -1 0b -1 -1 -1 7f -1 -1 -1
1 1 0 26.4 52.0 2 c25f -1 0b -1 -1 -1 7f -1 -1 -1
1 1 0 26.4 52.0 2 c25f -1 0b -1 -1 -1 7f -1 -1 -1
1 1 0 26.4 52.0 2 c25f -1 0b -1 -1 -1 7f -1 -1 -1
1 1 0 26.4 52.0 2 c25f -1 0b -1 -1 -1 7f -1 -1 -1
1 1 0 26.3 52.0 2 c25f -1 0b -1 -1 -1 7f -1 -1 -1
1 1 0 26.4 52.5 2 c25f -1 0b -1 -1 -1 7f -1 -1 -1
1 1 0 26.4 52.5 2 c25f -1 0b -1 -1 -1 7f -1 -1 -1
1 1 0 26.4 53.0 2 c25f -1 0b -1 -1 -1 7f -1 -1 -1
1 1 0 26.3 53.0 2 c25f -1 0b -1 -1 -1 7f -1 -1 -1
1 1 0 26.4 52.5 2 c25f -1 0b -1 -1 -1 7f -1 -1 -1
1 1 0 26.3 52.5 2 c25f -1 0b -1 -1 -1 7f -1 -1 -1
1 1 0 26.3 52.5 2 c25f -1 0b -1 -1 -1 7f -1 -1 -1
1 1 0 26.4 52.0 2 c25f -1 0b -1 -1 -1 7f -1 -1 -1
1 1 0 26.3 52.0 2 c25f -1 0b -1 -1 -1 7f -1 -1 -1
1 1 0 26.4 52.0 2 c25f -1 0b -1 -1 -1 7f -1 -1 -1
1 1 0 26.4 52.0 2 c25f -1 0b -1 -1 -1 7f -1 -1 -1
1 1 0 26.3 51.5 2 c25f -1 0b -1 -1 -1 7f -1 -1 -1
1 1 0 26.4 51.5 2 c25f -1 0b -1 -1 -1 7f -1 -1 -1
1 1 0 26.3 51.5 2 c25f -1 0b -1 -1 -1 7f -1 -1 -1
1 1 0 26.3 51.0 2 c25f -1 0b -1 -1 -1 7f -1 -1 -1
1 1 0 26.3 51.0 2 c25f -1 0b -1 -1 -1 7f -1 -1 -1
1 1 0 26.3 51.0 2 c25f -1 0b -1 -1 -1 7f -1 -1 -1
1 1 0 26.4 51.0 2 c25f -1 0b -1 -1 -1 7f -1 -1 -1
1 1 1 26.3 50.5 2 c25f -1 0b -1 -1 -1 7f -1 -1 -1
1 1 0 26.3 50.5 2 c25f -1 0b -1 -1 -1 7f -1 -1 -1
1 1 0 26.3 50.5 2 c25f -1 0b -1 -1 -1 7f -1 -1 -1
1 1 0 26.3 50.5 2 c25f -1 0b -1 -1 -1 7f -1 -1 -1
1 1 0 26.4 50.5 2 c25f -1 0b -1 -1 -1 7f -1 -1 -1
1 1 0 26.3 50.0 2 c25f -1 0b -1 -1 -1 7f -1 -1 -1
1 1 0 26.4 50.0 2 c25f -1 0b -1 -1 -1 7f -1 -1 -1
1 1 0 26.4 50.0 2 c25f -1 0b -1 -1 -1 7f -1 -1 -1
1 1 0 26.3 50.0 2 c25f -1 0b -1 -1 -1 7f -1 -1 -1
1 1 0 26.4 50.0 2 c25f -1 0b -1 -1 -1 7f -1 -1 -1
1 1 0 26.4 50.0 4 c25f -1 0b -1 -1 -1 7f -1 -1 -1
1 1 0 26.3 50.0 8 c25f -1 0b -1 -1 -1 7f -1 -1 -1
1 1 0 26.3 50.0 8 c25f -1 0b -1 -1 -1 7f -1 -1 -1
1 1 0 26.3 50.0 8 c25f -1 0b -1 -1 -1 7f -1 -1 -1
1 1 0 26.3 50.0 8 c25f -1 0b -1 -1 -1 7f -1 -1 -1
1 1 0 26.4 50.0 4 c25f -1 0b -1 -1 -1 7f -1 -1 -1
1 1 0 26.4 50.0 4 c25f -1 0b -1 -1 -1 7f -1 -1 -1
1 1 0 26.3 50.0 4 c25f -1 0b -1 -1 -1 7f -1 -1 -1
1 1 1 26.3 50.5 4 c25f -1 0b -1 -1 -1 7f -1 -1 -1
1 1 0 26.3 50.5 6 c25f -1 0b -1 -1 -1 7f -1 -1 -1
1 1 0 26.3 50.0 6 c25f -1 0b -1 -1 -1 7f -1 -1 -1
1 1 0 26.3 50.0 6 c25f -1 0b -1 -1 -1 7f -1 -1 -1
1 1 0 26.2 50.0 6 c25f -1 0b -1 -1 -1 7f -1 -1 -1
1 1 0 26.2 50.0 6 c25f -1 0b -1 -1 -1 7f -1 -1 -1
1 1 0 26.3 49.5 6 c25f -1 0b -1 -1 -1 7f -1 -1 -1
1 1 0 26.3 49.5 6 c25f -1 0b -1 -1 -1 7f -1 -1 -1
1 1 0 26.2 49.5 6 c25f -1 0b -1 -1 -1 7f -1 -1 -1
1 1 0 26.3 49.5 6 c25f -1 0b -1 -1 -1 7f -1 -1 -1
1 1 0 26.3 49.5 6 c25f -1 0b -1 -1 -1 7f -1 -1 -1
1 1 0 26.2 49.5 9 c25f -1 0b -1 -1 -1 7f -1 -1 -1
1 1 0 26.2 49.5 9 c25f -1 0b -1 -1 -1 7f -1 -1 -1
1 1 0 26.3 49.5 9 c25f -1 0b -1 -1 -1 7f -1 -1 -1
1 1 0 26.2 49.0 9 c25f -1 0b -1 -1 -1 7f -1 -1 -1
1 1 0 26.3 49.5 9 c25f -1 0b -1 -1 -1 7f -1 -1 -1
1 1 0 26.3 49.5 9 c25f -1 0b -1 -1 -1 7f -1 -1 -1
1 1 0 26.3 49.5 9 c25f -1 0b -1 -1 -1 7f -1 -1 -1
1 1 0 26.3 50.0 9 c25f -1 0b -1 -1 -1 7f -1 -1 -1
1 1 0 26.3 50.0 9 c25f -1 0b -1 -1 -1 7f -1 -1 -1
1 1 0 26.2 50.5 9 c25f -1 0b -1 -1 -1 7f -1 -1 -1
1 1 0 26.2 50.5 9 c25f -1 0b -1 -1 -1 7f -1 -1 -1
1 1 0 26.2 50.5 9 c25f -1 0b -1 -1 -1 7f -1 -1 -1
1 1 0 26.3 50.5 9 c25f -1 0b -1 -1 -1 7f -1 -1 -1
1 1 0 26.2 50.5 9 c25f -1 0b -1 -1 -1 7f -1 -1 -1
1 1 0 26.2 50.5 9 c25f -1 0b -1 -1 -1 7f -1 -1 -1
1 1 0 26.2 50.5 9 c25f -1 0b -1 -1 -1 7f -1 -1 -1
1 1 0 26.2 50.5 7 c25f -1 0b -1 -1 -1 7f -1 -1 -1
1 1 0 26.2 50.0 7 c25f -1 0b -1 -1 -1 7f -1 -1 -1
1 1 0 26.2 50.0 7 c25f -1 0b -1 -1 -1 7f -1 -1 -1
1 1 0 26.3 50.0 7 c25f -1 0b -1 -1 -1 7f -1 -1 -1
1 1 0 26.2 50.0 7 c25f -1 0b -1 -1 -1 7f -1 -1 -1
1 1 0 26.2 50.0 7 c25f -1 0b -1 -1 -1 7f -1 -1 -1
1 1 0 26.2 50.0 7 c25f -1 0b -1 -1 -1 7f -1 -1 -1
1 1 0 26.2 50.0 7 c25f -1 0b -1 -1 -1 7f -1 -1 -1
1 1 0 26.2 50.0 7 c25f -1 0b -1 -1 -1 7f -1 -1 -1
1 1 0 26.2 50.0 7 c25f -1 0b -1 -1 -1 7f -1 -1 -1
1 1 0 26.2 50.0 7 c25f -1 0b -1 -1 -1 7f -1 -1 -1
1 1 0 26.3 50.0 11 c25f -1 0b -1 -1 -1 7f -1 -1 -1
1 1 0 26.2 50.0 9 c25f -1 0b -1 -1 -1 7f -1 -1 -1
1 1 0 26.3 50.5 9 c25f -1 0b -1 -1 -1 7f -1 -1 -1
1 1 0 26.2 50.5 9 c25f -1 0b -1 -1 -1 7f -1 -1 -1
1 1 0 26.2 50.5 6 c25f -1 0b -1 -1 -1 7f -1 -1 -1
1 1 0 26.3 51.0 6 c25f -1 0b -1 -1 -1 7f -1 -1 -1
1 1 0 26.2 51.0 9 c25f -1 0b -1 -1 -1 7f -1 -1 -1
1 1 0 26.3 51.0 9 c25f -1 0b -1 -1 -1 7f -1 -1 -1
1 1 0 26.2 51.0 9 c25f -1 0b -1 -1 -1 7f -1 -1 -1
1 1 0 26.1 51.0 9 c25f -1 0b -1 -1 -1 7f -1 -1 -1
1 1 0 26.2 51.0 9 c25f -1 0b -1 -1 -1 7f -1 -1 -1
1 1 0 26.1 51.0 11 c25f -1 0b -1 -1 -1 7f -1 -1 -1
1 1 0 26.2 51.0 7 c25f -1 0b -1 -1 -1 7f -1 -1 -1
1 1 0 26.1 51.0 7 c25f -1 0b -1 -1 -1 7f -1 -1 -1
1 1 0 26.2 51.0 7 c25f -1 0b -1 -1 -1 7f -1 -1 -1
1 1 0 26.2 51.0 7 c25f -1 0b -1 -1 -1 7f -1 -1 -1
1 1 0 26.1 51.0 7 c25f -1 0b -1 -1 -1 7f -1 -1 -1
1 1 0 26.2 50.5 7 c25f -1 0b -1 -1 -1 7f -1 -1 -1
1 1 0 26.2 51.0 7 c25f -1 0b -1 -1 -1 7f -1 -1 -1
1 1 0 26.2 51.0 7 c25f -1 0b -1 -1 -1 7f -1 -1 -1
1 1 0 26.2 51.0 11 c25f -1 0b -1 -1 -1 7f -1 -1 -1
1 1 0 26.1 50.5 11 c25f -1 0b -1 -1 -1 7f -1 -1 -1
1 1 0 26.1 51.0 9 c25f -1 0b -1 -1 -1 7f -1 -1 -1
1 1 0 26.2 50.5 9 c25f -1 0b -1 -1 -1 7f -1 -1 -1
1 1 0 26.2 50.5 9 c25f -1 0b -1 -1 -1 7f -1 -1 -1
1 1 0 26.2 50.5 9 c25f -1 0b -1 -1 -1 7f -1 -1 -1
1 1 0 26.1 50.5 9 c25f -1 0b -1 -1 -1 7f -1 -1 -1
1 1 0 26.1 50.0 9 c25f -1 0b -1 -1 -1 7f -1 -1 -1
1 1 0 26.2 50.0 9 c25f -1 0b -1 -1 -1 7f -1 -1 -1
1 1 3 26.2 50.0 6 c25f -1 0b -1 -1 -1 7f -1 -1 -1
1 1 0 26.1 50.0 6 c25f -1 0b -1 -1 -1 7f -1 -1 -1
1 1 0 26.1 50.0 6 c25f -1 0b -1 -1 -1 7f -1 -1 -1
1 1 0 26.1 50.0 6 c25f -1 0b -1 -1 -1 7f -1 -1 -1
1 1 0 26.1 50.0 6 c25f -1 0b -1 -1 -1 7f -1 -1 -1
1 1 0 26.1 50.0 6 c25f -1 0b -1 -1 -1 7f -1 -1 -1
1 1 0 26.1 50.0 6 c25f -1 0b -1 -1 -1 7f -1 -1 -1
1 1 0 26.0 50.0 6 c25f -1 0b -1 -1 -1 7f -1 -1 -1
1 1 0 26.0 50.0 9 c25f -1 0b -1 -1 -1 7f -1 -1 -1
1 1 0 26.1 50.0 9 c25f -1 0b -1 -1 -1 7f -1 -1 -1
1 1 0 26.1 50.0 9 c25f -1 0b -1 -1 -1 7f -1 -1 -1
1 1 0 26.1 50.0 9 c25f -1 0b -1 -1 -1 7f -1 -1 -1
1 1 7 26.1 50.0 9 c25f -1 0b -1 -1 -1 7f -1 -1 -1
1 1 0 26.1 49.5 11 c25f -1 0b -1 -1 -1 7f -1 -1 -1
1 1 0 26.2 49.5 7 c25f -1 0b -1 -1 -1 7f -1 -1 -1
1 1 0 26.0 49.5 7 c25f -1 0b -1 -1 -1 7f -1 -1 -1
1 1 0 26.1 49.5 7 c25f -1 0b -1 -1 -1 7f -1 -1 -1
1 1 0 26.1 49.0 7 c25f -1 0b -1 -1 -1 7f -1 -1 -1
1 1 0 26.1 49.0 7 c25f -1 0b -1 -1 -1 7f -1 -1 -1
1 1 0 26.1 49.0 7 c25f -1 0b -1 -1 -1 7f -1 -1 -1
1 1 0 26.1 49.0 7 c25f -1 0b -1 -1 -1 7f -1 -1 -1
1 1 0 26.1 49.0 11 c25f -1 0b -1 -1 -1 7f -1 -1 -1
1 1 0 26.1 49.0 11 c25f -1 0b -1 -1 -1 7f -1 -1 -1
1 1 0 26.1 49.0 11 c25f -1 0b -1 -1 -1 7f -1 -1 -1
1 1 0 26.1 49.0 9 c25f -1 0b -1 -1 -1 7f -1 -1 -1
1 1 0 26.1 49.0 7 c25f -1 0b -1 -1 -1 7f -1 -1 -1
1 1 0 26.2 49.0 7 c25f -1 0b -1 -1 -1 7f -1 -1 -1
1 1 0 26.1 49.0 7 c25f -1 0b -1 -1 -1 7f -1 -1 -1
1 1 0 26.2 49.0 7 c25f -1 0b -1 -1 -1 7f -1 -1 -1
1 1 0 26.1 49.0 7 c25f -1 0b -1 -1 -1 7f -1 -1 -1
1 1 0 26.2 49.0 7 c25f -1 0b -1 -1 -1 7f -1 -1 -1
1 1 0 26.1 49.0 7 c25f -1 0b -1 -1 -1 7f -1 -1 -1
1 1 0 26.1 49.0 9 c25f -1 0b -1 -1 -1 7f -1 -1 -1
1 1 0 26.2 49.0 9 c25f -1 0b -1 -1 -1 7f -1 -1 -1
1 1 0 26.2 49.0 9 c25f -1 0b -1 -1 -1 7f -1 -1 -1
1 1 0 26.2 49.0 9 c25f -1 0b -1 -1 -1 7f -1 -1 -1
1 1 0 26.2 49.0 9 c25f -1 0b -1 -1 -1 7f -1 -1 -1
1 1 1 26.2 49.0 9 c25f -1 0b -1 -1 -1 7f -1 -1 -1
1 1 0 26.1 49.0 9 c25f -1 0b -1 -1 -1 7f -1 -1 -1
1 1 0 26.2 49.0 9 c25f -1 0b -1 -1 -1 7f -1 -1 -1
1 1 4 26.2 49.0 9 c25f -1 0b -1 -1 -1 7f -1 -1 -1
1 1 0 26.1 49.0 9 c25f -1 0b -1 -1 -1 7f -1 -1 -1
1 1 0 26.2 49.0 9 c25f -1 0b -1 -1 -1 7f -1 -1 -1
1 1 0 26.2 49.0 9 c25f -1 0b -1 -1 -1 7f -1 -1 -1
1 1 0 26.2 49.0 9 c25f -1 0b -1 -1 -1 7f -1 -1 -1
1 1 0 26.1 49.0 7 c25f -1 0b -1 -1 -1 7f -1 -1 -1
1 1 0 26.1 49.0 7 c25f -1 0b -1 -1 -1 7f -1 -1 -1
1 1 0 26.1 49.0 7 c25f -1 0b -1 -1 -1 7f -1 -1 -1
1 1 0 26.2 49.0 7 c25f -1 0b -1 -1 -1 7f -1 -1 -1
1 1 0 26.3 49.0 7 c25f -1 0b -1 -1 -1 7f -1 -1 -1
1 1 0 26.3 49.0 11 c25f -1 0b -1 -1 -1 7f -1 -1 -1
1 1 0 26.3 49.0 9 c25f -1 0b -1 -1 -1 7f -1 -1 -1
1 1 0 26.3 49.0 9 c25f -1 0b -1 -1 -1 7f -1 -1 -1
1 1 0 26.2 49.0 9 c25f -1 0b -1 -1 -1 7f -1 -1 -1
1 1 0 26.2 49.0 9 c25f -1 0b -1 -1 -1 7f -1 -1 -1
1 1 0 26.2 49.0 9 c25f -1 0b -1 -1 -1 7f -1 -1 -1
1 1 0 26.2 49.0 9 c25f -1 0b -1 -1 -1 7f -1 -1 -1
1 1 0 26.2 49.0 6 c25f -1 0b -1 -1 -1 7f -1 -1 -1
1 1 0 26.2 49.0 6 c25f -1 0b -1 -1 -1 7f -1 -1 -1
1 1 0 26.2 49.0 6 c25f -1 0b -1 -1 -1 7f -1 -1 -1
1 1 0 26.2 49.0 6 c25f -1 0b -1 -1 -1 7f -1 -1 -1
1 1 0 26.2 49.0 6 c25f -1 0b -1 -1 -1 7f -1 -1 -1
1 1 0 26.2 49.0 6 c25f -1 0b -1 -1 -1 7f -1 -1 -1
1 1 0 26.2 49.0 6 c25f -1 0b -1 -1 -1 7f -1 -1 -1
1 1 0 26.2 49.0 6 c25f -1 0b -1 -1 -1 7f -1 -1 -1
1 1 0 26.2 49.0 6 c25f -1 0b -1 -1 -1 7f -1 -1 -1
1 1 0 26.2 49.0 6 c25f -1 0b -1 -1 -1 7f -1 -1 -1
1 1 0 26.2 49.0 6 c25f -1 0b -1 -1 -1 7f -1 -1 -1
1 1 0 26.2 49.0 6 c25f -1 0b -1 -1 -1 7f -1 -1 -1
1 1 0 26.2 49.0 6 c25f -1 0b -1 -1 -1 7f -1 -1 -1
1 1 0 26.2 49.0 6 c25f -1 0b -1 -1 -1 7f -1 -1 -1
1 1 0 26.2 49.0 6 c25f -1 0b -1 -1 -1 7f -1 -1 -1
1 1 0 26.2 49.0 6 c25f -1 0b -1 -1 -1 7f -1 -1 -1
1 1 0 26.2 49.0 6 c25f -1 0b -1 -1 -1 7f -1 -1 -1
1 1 0 26.2 49.0 6 c25f -1 0b -1 -1 -1 7f -1 -1 -1
1 1 0 26.2 49.0 6 c25f -1 0b -1 -1 -1 7f -1 -1 -1
1 1 0 26.2 49.0 6 c25f -1 0b -1 -1 -1 7f -1 -1 -1
1 1 0 26.2 49.0 6 c25f -1 0b -1 -1 -1 7f -1 -1 -1
1 1 1 26.2 49.0 4 c25f -1 0b -1 -1 -1 7f -1 -1 -1
1 1 12 26.2 49.0 4 c25f -1 0b -1 -1 -1 7f -1 -1 -1
1 1 0 26.2 49.0 4 c25f -1 0b -1 -1 -1 7f -1 -1 -1
1 1 0 26.2 48.5 4 c25f -1 0b -1 -1 -1 7f -1 -1 -1
1 1 0 26.3 48.5 4 c25f -1 0b -1 -1 -1 7f -1 -1 -1
1 1 0 26.3 49.0 4 c25f -1 0b -1 -1 -1 7f -1 -1 -1
1 1 0 26.2 48.5 4 c25f -1 0b -1 -1 -1 7f -1 -1 -1
1 1 0 26.2 48.5 4 c25f -1 0b -1 -1 -1 7f -1 -1 -1
1 1 0 26.2 48.5 2 c25f -1 0b -1 -1 -1 7f -1 -1 -1
1 1 0 26.2 48.5 2 c25f -1 0b -1 -1 -1 7f -1 -1 -1
1 1 0 26.2 49.0 2 c25f -1 0b -1 -1 -1 7f -1 -1 -1
1 1 0 26.2 48.5 2 c25f -1 0b -1 39 44 7f -1 -1 1
1 1 0 26.2 48.5 2 c25f -1 0b -1 39 44 7f -1 -1 1
1 1 0 26.3 49.0 4 c25f -1 0b -1 39 44 7f -1 -1 1
1 1 0 26.3 48.5 4 c25f -1 0b -1 39 44 7f -1 -1 1
1 1 0 26.2 48.5 4 c25f -1 0b -1 39 44 7f -1 -1 1
1 1 0 26.3 48.5 6 c25f -1 0b -1 39 44 7f -1 -1 1
1 1 0 26.2 48.5 2 c25f -1 0b -1 39 44 7f -1 -1 1
1 1 0 26.3 48.5 2 c25f -1 0b -1 39 44 7f -1 -1 1
1 1 0 26.1 48.5 2 c25f -1 0b -1 39 44 7f -1 -1 1
1 1 0 26.2 48.5 2 c25f -1 0b -1 39 44 7f -1 -1 1
1 1 0 26.2 48.5 2 c25f -1 0b -1 39 44 7f -1 -1 1
1 1 0 26.1 49.0 2 c25f -1 0b -1 39 44 7f -1 -1 1
1 1 0 26.2 49.0 2 c25f -1 0b -1 39 44 7f -1 -1 1
1 1 0 26.2 49.0 2 c25f -1 0b -1 39 44 7f -1 -1 1
1 1 0 26.2 49.0 2 c25f -1 0b -1 39 44 7f -1 -1 1
1 1 0 26.2 49.0 2 c25f -1 0b -1 39 44 7f -1 -1 1
1 1 0 26.2 49.0 2 c25f -1 0b -1 39 44 7f -1 -1 1
1 1 0 26.2 49.0 2 c25f -1 0b -1 39 44 7f -1 -1 1
1 1 0 26.2 49.0 2 c25f -1 0b -1 39 44 7f -1 -1 1
1 1 0 26.2 49.0 2 c25f -1 0b -1 39 44 7f -1 -1 1
1 1 0 26.3 49.0 2 c25f -1 0b -1 39 44 7f -1 -1 1
1 1 0 26.2 49.0 2 c25f -1 0b -1 39 44 7f -1 -1 1
1 1 9 26.2 49.0 2 c25f -1 0b -1 39 44 7f -1 -1 1
1 1 0 26.2 49.0 2 c25f -1 0b -1 39 44 7f -1 -1 1
1 1 0 26.2 49.0 2 c25f -1 0b -1 39 44 7f -1 -1 1
1 1 1 26.2 49.0 4 c25f -1 0b -1 39 44 7f -1 -1 1
1 1 0 26.2 49.5 4 c25f -1 0b -1 39 44 7f -1 -1 1
1 1 0 26.2 49.0 4 c25f -1 0b -1 39 44 7f -1 -1 1
1 1 0 26.2 49.0 4 c25f -1 0b -1 39 44 7f -1 -1 1
1 1 0 26.2 49.5 4 c25f -1 0b -1 39 44 7f -1 -1 1
1 1 0 26.2 49.5 4 c25f -1 0b -1 39 44 7f -1 -1 1
1 1 0 26.2 49.5 4 c25f -1 0b -1 39 44 7f -1 -1 1
1 1 0 26.2 49.5 4 c25f -1 0b -1 39 44 7f -1 -1 1
1 1 0 26.2 49.5 4 c25f -1 0b -1 39 44 7f -1 -1 1
1 1 0 26.3 49.5 4 c25f -1 0b -1 39 44 7f -1 -1 1
1 1 1 26.2 49.5 4 c25f -1 0b -1 39 44 7f -1 -1 1
1 1 0 26.2 49.5 4 c25f -1 0b -1 39 44 7f -1 -1 1
1 1 0 26.2 49.5 2 c25f -1 0b -1 39 44 7f -1 -1 1
1 1 0 26.2 49.5 2 c25f -1 0b -1 39 44 7f -1 -1 1
1 1 0 26.2 49.5 2 c25f -1 0b -1 39 44 7f -1 -1 1
1 1 0 26.2 49.5 2 c25f -1 0b -1 39 44 7f -1 -1 1
1 1 0 26.2 49.5 2 c25f -1 0b -1 39 44 7f -1 -1 1
1 1 0 26.2 49.5 2 c25f -1 0b -1 39 44 7f -1 -1 1
1 1 0 26.2 49.5 1 c25f -1 0b -1 39 44 7f -1 -1 1
1 1 0 26.2 49.5 1 c25f -1 0b -1 39 44 7f -1 -1 1
1 1 0 26.2 49.5 1 c25f -1 0b -1 39 44 7f -1 -1 1
1 1 0 26.2 49.5 4 c25f -1 0b -1 39 44 7f -1 -1 1
1 1 0 26.2 49.5 4 c25f -1 0b -1 39 44 7f -1 -1 1
1 1 0 26.3 49.5 2 c25f -1 0b -1 39 44 7f -1 -1 1
1 1 0 26.2 49.5 2 c25f -1 0b -1 39 44 7f -1 -1 1
1 1 0 26.3 49.5 2 c25f -1 0b -1 39 44 7f -1 -1 1
1 1 0 26.2 49.5 2 c25f -1 0b -1 39 44 7f -1 -1 1
1 1 0 26.2 49.5 2 c25f -1 0b -1 39 44 7f -1 -1 1
1 1 0 26.3 49.5 2 c25f -1 0b -1 39 44 7f -1 -1 1
1 1 1 26.3 49.0 0 c25f -1 0b -1 39 44 7f -1 -1 1
1 1 0 26.2 49.5 2 c25f -1 0b -1 39 44 7f -1 -1 1
1 1 0 26.2 49.5 2 c25f -1 0b -1 39 44 7f -1 -1 1
1 1 0 26.2 49.5 2 c25f -1 0b -1 39 44 7f -1 -1 1
1 1 14 26.2 49.5 2 c25f -1 0b -1 39 44 7f -1 -1 1
1 1 7 26.2 49.0 2 c25f -1 0b -1 39 44 7f -1 -1 1
1 1 0 26.2 49.5 2 c25f -1 0b -1 39 44 7f -1 -1 1
1 1 0 26.2 49.5 2 c25f -1 0b -1 39 44 7f -1 -1 1
1 1 0 26.2 49.5 2 c25f -1 0b -1 39 44 7f -1 -1 1
1 1 3 26.3 49.5 2 c25f -1 0b -1 39 44 7f -1 -1 1
1 1 0 26.3 49.5 2 c25f -1 0b -1 39 44 7f -1 -1 1
1 1 1 26.2 49.5 2 c25f -1 0b -1 39 44 7f -1 -1 1
1 1 3 26.2 49.5 4 c25f -1 0b -1 39 44 7f -1 -1 1
1 1 0 26.2 49.5 4 c25f -1 0b -1 39 44 7f -1 -1 1
1 1 1 26.2 50.0 4 c25f -1 0b -1 39 44 7f -1 -1 1
1 1 0 26.2 49.5 4 c25f -1 0b -1 39 44 7f -1 -1 1
1 1 0 26.2 50.0 4 c25f -1 0b -1 39 44 7f -1 -1 1
1 1 0 26.2 50.0 4 c25f -1 0b -1 39 44 7f -1 -1 1
1 1 0 26.1 50.0 4 c25f -1 0b -1 39 44 7f -1 -1 1
1 1 0 26.2 50.0 4 c25f -1 0b -1 39 44 7f -1 -1 1
1 1 0 26.1 50.0 4 c25f -1 0b -1 39 44 7f -1 -1 1
1 1 0 26.1 50.5 4 c25f -1 0b -1 39 44 7f -1 -1 1
1 1 0 26.1 50.0 4 c25f -1 0b -1 39 44 7f -1 -1 1
1 1 0 26.2 50.0 8 c25f -1 0b -1 39 44 7f -1 -1 1
1 1 0 26.1 50.0 8 c25f -1 0b -1 39 44 7f -1 -1 1
1 1 0 26.2 50.0 8 c25f -1 0b -1 39 44 7f -1 -1 1
1 1 0 26.1 50.0 8 c25f -1 0b -1 39 44 7f -1 -1 1
1 1 0 26.1 50.0 8 c25f -1 0b -1 39 44 7f -1 -1 1
1 1 0 26.1 50.5 8 c25f -1 0b -1 39 44 7f -1 -1 1
1 1 0 26.1 50.0 8 c25f -1 0b -1 39 44 7f -1 -1 1
1 1 0 26.2 50.0 8 c25f -1 0b -1 39 44 7f -1 -1 1
1 1 0 26.2 50.5 8 c25f -1 0b -1 39 44 7f -1 -1 1
1 1 0 26.1 50.5 8 c25f -1 0b -1 39 44 7f -1 -1 1
1 1 0 26.1 50.5 8 c25f -1 0b -1 39 44 7f -1 -1 1
1 1 0 26.1 50.5 8 c25f -1 0b -1 39 44 7f -1 -1 1
1 1 0 26.2 50.5 8 c25f -1 0b -1 39 44 7f -1 -1 1
1 1 0 26.2 50.5 8 c25f -1 0b -1 39 44 7f -1 -1 1
1 1 0 26.1 51.0 8 c25f -1 0b -1 39 44 7f -1 -1 1
1 1 0 26.1 51.0 8 c25f -1 0b -1 39 44 7f -1 -1 1
1 1 0 26.1 51.0 8 c25f -1 0b -1 39 44 7f -1 -1 1
1 1 0 26.2 51.0 8 c25f -1 0b -1 39 44 7f -1 -1 1
1 1 0 26.1 51.0 8 c25f -1 0b -1 39 44 7f -1 -1 1
1 1 0 26.1 51.0 8 c25f -1 0b -1 39 44 7f -1 -1 1
1 1 0 26.1 51.0 8 c25f -1 0b -1 39 44 7f -1 -1 1
1 1 0 26.1 51.0 6 c25f -1 0b -1 39 44 7f -1 -1 1
1 1 0 26.2 51.0 6 c25f -1 0b -1 39 44 7f -1 -1 1
1 1 0 26.1 51.0 6 c25f -1 0b -1 39 44 7f -1 -1 1
1 1 0 26.1 51.0 6 c25f -1 0b -1 39 44 7f -1 -1 1
1 1 0 26.2 51.0 6 c25f -1 0b -1 39 44 7f -1 -1 1
1 1 0 26.1 51.0 6 c25f -1 0b -1 39 44 7f -1 -1 1
1 1 0 26.1 51.0 6 c25f -1 0b -1 39 44 7f -1 -1 1
1 1 0 26.1 51.0 6 c25f -1 0b -1 39 44 7f -1 -1 1
1 1 0 26.1 51.0 6 c25f -1 0b -1 39 44 7f -1 -1 1
1 1 0 26.2 51.0 6 c25f -1 0b -1 39 44 7f -1 -1 1
1 1 0 26.1 50.5 6 c25f -1 0b -1 39 44 7f -1 -1 1
1 1 0 26.1 50.5 6 c25f -1 0b -1 39 44 7f -1 -1 1
1 1 0 26.1 50.5 6 c25f -1 0b -1 39 44 7f -1 -1 1
1 1 0 26.1 50.5 6 c25f -1 0b -1 39 44 7f -1 -1 1
1 1 0 26.0 50.5 6 c25f -1 0b -1 39 44 7f -1 -1 1
1 1 0 26.0 50.5 6 c25f -1 0b -1 39 44 7f -1 -1 1
1 1 0 26.1 50.5 6 c25f -1 0b -1 39 44 7f -1 -1 1
1 1 0 26.1 50.5 6 c25f -1 0b -1 39 44 7f -1 -1 1
1 1 0 26.1 50.0 6 c25f -1 0b -1 39 44 7f -1 -1 1
1 1 0 26.1 50.0 6 c25f -1 0b -1 39 44 7f -1 -1 1
1 1 0 26.0 50.0 6 c25f -1 0b -1 39 44 7f -1 -1 1
1 1 0 26.1 50.0 6 c25f -1 0b -1 39 44 7f -1 -1 1
1 1 0 26.0 50.0 6 c25f -1 0b -1 39 44 7f -1 -1 1
1 1 0 26.0 50.0 6 c25f -1 0b -1 39 44 7f -1 -1 1
1 1 0 26.0 49.5 6 c25f -1 0b -1 39 44 7f -1 -1 1
1 1 0 26.0 50.0 6 c25f -1 0b -1 39 44 7f -1 -1 1
1 1 0 26.0 49.5 6 c25f -1 0b -1 39 44 7f -1 -1 1
1 1 0 26.0 49.5 6 c25f -1 0b -1 39 44 7f -1 -1 1
1 1 0 26.0 49.5 6 c25f -1 0b -1 39 44 7f -1 -1 1
1 1 0 26.0 49.5 6 c25f -1 0b -1 39 44 7f -1 -1 1
1 1 0 26.0 49.5 6 c25f -1 0b -1 39 44 7f -1 -1 1
1 1 0 26.0 49.5 6 c25f -1 0b -1 39 44 7f -1 -1 1
1 1 0 26.0 49.5 6 c25f -1 0b -1 39 44 7f -1 -1 1
1 1 0 26.0 49.5 6 c25f -1 0b -1 39 44 7f -1 -1 1
1 1 8 26.0 49.5 6 c25f -1 0b -1 39 44 7f -1 -1 1
1 1 0 26.0 49.5 6 c25f -1 0b -1 39 44 7f -1 -1 1
1 1 0 25.9 49.5 6 c25f -1 0b -1 39 44 7f -1 -1 1
1 1 0 26.0 49.5 6 c25f -1 0b -1 39 44 7f -1 -1 1
1 1 0 26.0 49.5 6 c25f -1 0b -1 39 44 7f -1 -1 1
1 1 6 26.0 49.5 6 c25f -1 0b -1 39 44 7f -1 -1 1
1 1 5 26.0 49.5 6 c25f -1 0b -1 39 44 7f -1 -1 1
1 1 3 25.9 49.5 6 c25f -1 0b -1 39 44 7f -1 -1 1
1 1 0 26.0 49.5 6 c25f -1 0b -1 39 44 7f -1 -1 1
1 1 0 25.9 49.5 6 c25f -1 0b -1 39 44 7f -1 -1 1
1 1 0 25.9 49.5 6 c25f -1 0b -1 39 44 7f -1 -1 1
1 1 0 26.0 49.5 6 c25f -1 0b -1 39 44 7f -1 -1 1
1 1 0 25.9 49.5 6 c25f -1 0b -1 39 44 7f -1 -1 1
1 1 0 25.9 49.5 6 c25f -1 0b -1 39 44 7f -1 -1 1
1 1 0 25.9 49.0 6 c25f -1 0b -1 39 44 7f -1 -1 1
1 1 0 25.9 49.5 6 c25f -1 0b -1 39 44 7f -1 -1 1
1 1 0 25.9 49.5 6 c25f -1 0b -1 39 44 7f -1 -1 1
1 1 0 26.0 49.0 6 c25f -1 0b -1 39 44 7f -1 -1 1
1 1 0 25.9 49.0 6 c25f -1 0b -1 39 44 7f -1 -1 1
1 1 0 25.9 49.0 6 c25f -1 0b -1 39 44 7f -1 -1 1
1 1 0 25.9 49.0 6 c25f -1 0b -1 39 44 7f -1 -1 1
1 1 0 25.9 49.0 6 c25f -1 0b -1 39 44 7f -1 -1 1
1 1 0 25.9 49.0 6 c25f -1 0b -1 39 44 7f -1 -1 1
1 1 0 25.9 49.0 6 c25f -1 0b -1 39 44 7f -1 -1 1
1 1 0 25.8 49.0 6 c25f -1 0b -1 39 44 7f -1 -1 1
1 1 0 25.9 49.0 6 c25f -1 0b -1 39 44 7f -1 -1 1
1 1 0 25.9 49.0 6 c25f -1 0b -1 39 44 7f -1 -1 1
1 1 0 25.8 49.0 6 c25f -1 0b -1 39 44 7f -1 -1 1
1 1 0 25.8 49.0 6 c25f -1 0b -1 39 44 7f -1 -1 1
1 1 0 25.9 49.0 6 c25f -1 0b -1 39 44 7f -1 -1 1
1 1 0 25.8 49.0 6 c25f -1 0b -1 39 44 7f -1 -1 1
1 1 0 25.9 49.0 6 c25f -1 0b -1 39 44 7f -1 -1 1
1 1 0 25.8 49.0 6 c25f -1 0b -1 39 44 7f -1 -1 1
1 1 3 25.9 49.0 6 c25f -1 0b -1 39 44 7f -1 -1 1
1 1 0 25.9 49.0 6 c25f -1 0b -1 39 44 7f -1 -1 1
1 1 0 25.8 49.0 6 c25f -1 0b -1 39 44 7f -1 -1 1
1 1 0 25.8 49.0 6 c25f -1 0b -1 39 44 7f -1 -1 1
1 1 0 25.9 49.0 6 c25f -1 0b -1 39 44 7f -1 -1 1
1 1 0 25.8 49.0 6 c25f -1 0b -1 39 44 7f -1 -1 1
1 1 0 25.8 49.0 6 c25f -1 0b -1 39 44 7f -1 -1 1
1 1 0 25.9 49.0 6 c25f -1 0b -1 39 44 7f -1 -1 1
1 1 0 25.8 49.0 6 c25f -1 0b -1 39 44 7f -1 -1 1
1 1 0 25.8 49.0 6 c25f -1 0b -1 39 44 7f -1 -1 1
1 1 0 25.8 49.0 6 c25f -1 0b -1 39 44 7f -1 -1 1
1 1 0 25.8 49.0 6 c25f -1 0b -1 39 44 7f -1 -1 1
1 1 9 25.8 49.0 6 c25f -1 0b -1 39 44 7f -1 -1 1
1 1 0 25.8 49.0 6 c25f -1 0b -1 39 44 7f -1 -1 1
1 1 0 25.8 49.0 6 c25f -1 0b -1 39 44 7f -1 -1 1
1 1 0 25.7 49.0 6 c25f -1 0b -1 39 44 7f -1 -1 1
1 1 0 25.7 49.0 6 c25f -1 0b -1 39 44 7f -1 -1 1
1 1 0 25.8 49.0 6 c25f -1 0b -1 39 44 7f -1 -1 1
1 1 0 25.8 49.0 6 c25f -1 0b -1 39 44 7f -1 -1 1
1 1 6 25.8 48.5 6 c25f -1 0b -1 39 44 7f -1 -1 1
1 1 0 25.8 49.0 6 c25f -1 0b -1 39 44 7f -1 -1 1
1 1 5 25.8 49.0 6 c25f -1 0b -1 39 44 7f -1 -1 1
1 1 5 25.8 49.0 6 c25f -1 0b -1 39 44 7f -1 -1 1
1 1 0 25.8 49.0 6 c25f -1 0b -1 39 44 7f -1 -1 1
1 1 0 25.8 49.0 6 c25f -1 0b -1 39 44 7f -1 -1 1
1 1 0 25.8 49.0 6 c25f -1 0b -1 39 44 7f -1 -1 1
1 1 0 25.9 48.5 6 c25f -1 0b -1 39 44 7f -1 -1 1
1 1 0 25.8 49.0 6 c25f -1 0b -1 39 44 7f -1 -1 1
1 1 0 25.8 48.5 6 c25f -1 0b -1 39 44 7f -1 -1 1
1 1 0 25.8 48.5 6 c25f -1 0b -1 39 44 7f -1 -1 1
1 1 0 25.8 48.5 6 c25f -1 0b -1 39 44 7f -1 -1 1
1 1 0 25.8 48.5 6 c25f -1 0b -1 39 44 7f -1 -1 1
1 1 0 25.9 48.5 6 c25f -1 0b -1 39 44 7f -1 -1 1
1 1 0 25.9 48.5 6 c25f -1 0b -1 39 44 7f -1 -1 1
1 1 0 25.9 48.5 6 c25f -1 0b -1 39 44 7f -1 -1 1
1 1 0 25.9 48.5 6 c25f -1 0b -1 39 44 7f -1 -1 1
1 1 0 25.8 49.0 6 c25f -1 0b -1 39 44 7f -1 -1 1
1 1 0 25.9 49.0 6 c25f -1 0b -1 39 44 7f -1 -1 1
1 1 0 25.8 48.5 6 c25f -1 0b -1 39 44 7f -1 -1 1
1 1 0 25.9 48.5 6 c25f -1 0b -1 39 44 7f -1 -1 1
1 1 0 25.8 48.5 6 c25f -1 0b -1 39 44 7f -1 -1 1
1 1 0 25.8 48.5 6 c25f -1 0b -1 39 44 7f -1 -1 1
1 1 0 25.9 48.5 6 c25f -1 0b -1 39 44 7f -1 -1 1
1 1 0 25.9 48.5 6 c25f -1 0b -1 39 44 7f -1 -1 1
1 1 0 25.8 49.0 6 c25f -1 0b -1 39 44 7f -1 -1 1
1 1 0 25.9 49.0 6 c25f -1 0b -1 39 44 7f -1 -1 1
1 1 0 25.9 49.5 6 c25f -1 0b -1 39 44 7f -1 -1 1
1 1 0 25.9 50.0 6 c25f -1 0b -1 39 44 7f -1 -1 1
1 1 0 26.0 50.0 6 c25f -1 0b -1 39 44 7f -1 -1 1
1 1 0 25.9 50.5 6 c25f -1 0b -1 39 44 7f -1 -1 1
1 1 0 26.0 50.5 6 c25f -1 0b -1 39 44 7f -1 -1 1
1 1 0 26.0 50.5 6 c25f -1 0b -1 39 44 7f -1 -1 1
1 1 0 26.1 51.0 6 c25f -1 0b -1 39 44 7f -1 -1 1
1 1 0 26.0 50.5 6 c25f -1 0b -1 39 44 7f -1 -1 1
1 1 0 25.9 50.0 6 c25f -1 0b -1 39 44 7f -1 -1 1
1 1 0 25.9 49.5 6 c25f -1 0b -1 39 44 7f -1 -1 1
1 1 0 25.9 49.5 6 c25f -1 0b -1 39 44 7f -1 -1 1
1 1 0 25.8 49.5 6 c25f -1 0b -1 39 44 7f -1 -1 1
1 1 0 25.9 49.5 6 c25f -1 0b -1 39 44 7f -1 -1 1
1 1 0 25.8 49.0 6 c25f -1 0b -1 39 44 7f -1 -1 1
1 1 0 25.9 49.5 6 c25f -1 0b -1 39 44 7f -1 -1 1
1 1 0 25.9 49.0 6 c25f -1 0b -1 39 44 7f -1 -1 1
1 1 0 25.9 49.0 6 c25f -1 0b -1 39 44 7f -1 -1 1
1 1 0 25.8 49.0 6 c25f -1 0b -1 39 44 7f -1 -1 1
1 1 0 25.8 49.0 6 c25f -1 0b -1 39 44 7f -1 -1 1
1 1 0 25.9 49.0 6 c25f -1 0b -1 39 44 7f -1 -1 1
1 1 0 25.8 49.0 6 c25f -1 0b -1 39 44 7f -1 -1 1
1 1 0 25.9 49.0 6 c25f -1 0b -1 39 44 7f -1 -1 1
1 1 0 25.9 49.0 6 c25f -1 0b -1 39 44 7f -1 -1 1
1 1 0 25.9 49.0 6 c25f -1 0b -1 39 44 7f -1 -1 1
1 1 0 25.8 49.0 6 c25f -1 0b -1 39 44 7f -1 -1 1
1 1 0 25.9 49.0 6 c25f -1 0b -1 39 44 7f -1 -1 1
1 1 0 25.9 49.0 6 c25f -1 0b -1 39 44 7f -1 -1 1
1 1 0 25.9 49.0 6 c25f -1 0b -1 39 44 7f -1 -1 1
1 1 0 25.8 49.0 6 c25f -1 0b -1 39 44 7f -1 -1 1
1 1 0 25.8 49.0 6 c25f -1 0b -1 39 44 7f -1 -1 1
1 1 0 25.9 49.0 6 c25f -1 0b -1 39 44 7f -1 -1 1
1 1 0 25.9 49.0 6 c25f -1 0b -1 39 44 7f -1 -1 1
1 1 0 25.9 49.0 6 c25f -1 0b -1 39 44 7f -1 -1 1
1 1 0 25.9 49.0 6 c25f -1 0b -1 39 44 7f -1 -1 1
1 1 0 25.9 49.0 6 c25f -1 0b -1 39 44 7f -1 -1 1
1 1 0 25.9 49.0 6 c25f -1 0b -1 39 44 7f -1 -1 1
1 1 0 25.9 49.0 6 c25f -1 0b -1 39 44 7f -1 -1 1
1 1 0 25.9 49.0 6 c25f -1 0b -1 39 44 7f -1 -1 1
1 1 0 25.8 49.0 6 c25f -1 0b -1 39 44 7f -1 -1 1
1 1 0 26.0 49.0 6 c25f -1 0b -1 39 44 7f -1 -1 1
1 1 0 25.9 49.0 6 c25f -1 0b -1 39 44 7f -1 -1 1
1 1 0 25.9 49.0 6 c25f -1 0b -1 39 44 7f -1 -1 1
1 1 0 25.9 49.0 6 c25f -1 0b -1 39 44 7f -1 -1 1
1 1 0 25.9 49.0 6 c25f -1 0b -1 39 44 7f -1 -1 1
1 1 0 25.9 49.5 6 c25f -1 0b -1 39 44 7f -1 -1 1
1 1 0 25.9 49.5 6 c25f -1 0b -1 39 44 7f -1 -1 1
1 1 0 25.9 49.5 6 c25f -1 0b -1 39 44 7f -1 -1 1
1 1 0 25.9 49.5 6 c25f -1 0b -1 39 44 7f -1 -1 1
1 1 0 25.9 49.5 6 c25f -1 0b -1 39 44 7f -1 -1 1
1 1 0 25.9 49.5 6 c25f -1 0b -1 39 44 7f -1 -1 1
1 1 0 25.9 49.5 6 c25f -1 0b -1 39 44 7f -1 -1 1
1 1 0 25.9 49.5 6 c25f -1 0b -1 39 44 7f -1 -1 1
1 1 0 25.9 49.5 6 c25f -1 0b -1 39 44 7f -1 -1 1
1 1 0 25.8 49.5 6 c25f -1 0b -1 39 44 7f -1 -1 1
1 1 0 25.9 49.5 6 c25f -1 0b -1 39 44 7f -1 -1 1
1 1 0 25.9 49.5 6 c25f -1 0b -1 39 44 7f -1 -1 1
1 1 0 25.8 49.5 6 c25f -1 0b -1 39 44 7f -1 -1 1
1 1 0 25.9 49.5 6 c25f -1 0b -1 39 44 7f -1 -1 1
1 1 0 25.9 49.5 6 c25f -1 0b -1 39 44 7f -1 -1 1
1 1 0 25.9 49.5 6 c25f -1 0b -1 39 44 7f -1 -1 1
1 1 0 25.9 49.5 6 c25f -1 0b -1 39 44 7f -1 -1 1
1 1 0 25.9 49.5 6 c25f -1 0b -1 39 44 7f -1 -1 1
1 1 0 25.9 49.5 6 c25f -1 0b -1 39 44 7f -1 -1 1
1 1 0 25.9 49.5 6 c25f -1 0b -1 39 44 7f -1 -1 1
1 1 0 25.9 49.5 6 c25f -1 0b -1 39 44 7f -1 -1 1
1 1 0 25.9 49.5 6 c25f -1 0b -1 39 44 7f -1 -1 1
1 1 1 25.9 49.5 0 c25f -1 0b -1 39 44 7f -1 -1 1
1 1 3 26.0 49.5 0 c25f -1 0b -1 39 44 7f -1 -1 1
1 1 0 25.9 49.5 0 c25f -1 0b -1 39 44 7f -1 -1 1
1 1 0 26.0 49.5 0 c25f -1 0b -1 39 44 7f -1 -1 1
1 1 0 25.9 49.5 0 c25f -1 0b -1 39 44 7f -1 -1 1
1 1 0 25.9 49.5 0 c25f -1 0b -1 39 44 7f -1 -1 1
1 1 0 25.9 49.5 0 c25f -1 0b -1 39 44 7f -1 -1 1
1 1 0 25.9 49.5 0 c25f -1 0b -1 39 44 7f -1 -1 1
1 1 0 25.8 49.5 0 c25f -1 0b -1 39 44 7f -1 -1 1
1 1 0 26.0 49.5 0 c25f -1 0b -1 39 44 7f -1 -1 1
1 1 0 25.9 49.5 0 c25f -1 0b -1 39 44 7f -1 -1 1
1 1 0 25.9 49.5 0 c25f -1 0b -1 39 44 7f -1 -1 1
1 1 0 25.9 49.5 0 c25f -1 0b -1 39 44 7f -1 -1 1
1 1 0 25.9 49.5 0 c25f -1 0b -1 39 44 7f -1 -1 1
1 1 0 25.9 49.5 0 c25f -1 0b -1 39 44 7f -1 -1 1
1 1 0 25.9 49.5 0 c25f -1 0b -1 39 44 7f -1 -1 1
1 1 0 25.9 49.5 0 c25f -1 0b -1 39 44 7f -1 -1 1
1 1 0 25.9 49.5 0 c25f -1 0b -1 39 44 7f -1 -1 1
1 1 1 25.9 49.5 0 c25f -1 0b -1 39 44 7f -1 -1 1
1 1 0 25.9 49.5 0 c25f -1 0b -1 39 44 7f -1 -1 1
1 1 2 25.9 49.5 0 c25f -1 0b -1 39 44 7f -1 -1 1
1 1 0 25.9 50.0 0 c25f -1 0b -1 39 44 7f -1 -1 1
1 1 0 25.9 50.0 0 c25f -1 0b -1 39 44 4f -1 -1 1
1 1 1 25.9 50.0 0 c25f -1 0b -1 39 44 0f -1 -1 1
1 1 18 25.9 49.5 1 c25f -1 0b -1 39 44 0f -1 -1 1
1 1 0 25.9 50.0 1 c25f -1 0b -1 39 44 0f -1 -1 1
1 1 0 25.9 50.0 1 c25f -1 0b -1 39 44 0f -1 -1 1
1 1 0 26.0 50.0 1 c25f -1 0b -1 39 44 0f -1 -1 1
1 1 0 25.9 50.0 1 c25f -1 0b -1 39 44 0f -1 -1 1
1 1 0 25.9 50.0 1 c25f -1 0b -1 39 44 0f -1 -1 1
1 1 0 26.0 50.0 1 c25f -1 0b -1 39 44 0f -1 -1 1
1 1 0 26.0 49.5 1 c25f -1 0b -1 39 44 0f -1 -1 1
1 1 0 25.9 49.5 1 c25f -1 0b -1 39 44 0f -1 -1 1
1 1 0 25.9 49.5 1 c25f -1 0b -1 39 44 0f -1 -1 1
1 1 0 25.9 49.5 1 c25f -1 0b -1 39 44 0f -1 -1 1
1 1 0 25.9 50.0 1 c25f -1 0b -1 39 44 0f -1 -1 1
1 1 0 25.9 50.0 1 c25f -1 0b -1 39 44 0f -1 -1 1
1 1 0 25.9 50.0 1 c25f -1 0b -1 39 44 0f -1 -1 1
1 1 0 25.8 50.0 1 c25f -1 0b -1 39 44 0f -1 -1 1
1 1 0 25.9 50.0 1 c25f -1 0b -1 39 44 0f -1 -1 1
1 1 0 25.9 50.0 1 c25f -1 0b -1 39 44 0f -1 -1 1
1 1 0 25.9 50.0 1 c25f -1 0b -1 39 44 0f -1 -1 1
1 1 0 25.9 50.5 1 c25f -1 0b -1 39 44 0f -1 -1 1
1 1 0 25.9 50.0 1 c25f -1 0b -1 39 44 0f -1 -1 1
1 1 0 25.9 50.5 1 c25f -1 0b -1 39 44 0f -1 -1 1
1 1 0 25.9 50.5 1 c25f -1 0b -1 39 44 0f -1 -1 1
1 1 0 25.9 50.5 1 c25f -1 0b -1 39 44 0f -1 -1 1
1 1 0 25.9 50.5 1 c25f -1 0b -1 39 44 0f -1 -1 1
1 1 0 25.9 50.5 1 c25f -1 0b -1 39 44 0f -1 -1 1
1 1 0 25.9 50.5 1 c25f -1 0b -1 39 44 0f -1 -1 1
1 1 0 25.9 50.5 1 c25f -1 0b -1 39 44 0f -1 -1 1
1 1 0 25.8 50.5 1 c25f -1 0b -1 39 44 0f -1 -1 1
1 1 0 25.9 50.5 1 c25f -1 0b -1 39 44 0f -1 -1 1
1 1 0 25.8 50.5 1 c25f -1 0b -1 39 44 0f -1 -1 1
1 1 0 25.8 50.5 1 c25f -1 0b -1 39 44 0f -1 -1 1
1 1 0 25.8 50.5 1 c25f -1 0b -1 39 44 0f -1 -1 1
1 1 0 25.8 50.5 1 c25f -1 0b -1 39 44 0f -1 -1 1
1 1 0 25.8 50.5 1 c25f -1 0b -1 39 44 0f -1 -1 1
1 1 0 25.8 50.5 1 c25f -1 0b -1 39 44 0f -1 -1 1
1 1 0 25.8 50.5 1 c25f -1 0b -1 39 44 0f -1 -1 1
1 1 0 25.8 50.5 1 c25f -1 0b -1 39 44 0f -1 -1 1
1 1 0 25.8 50.5 1 c25f -1 0b -1 39 44 0f -1 -1 1
1 1 0 25.9 50.5 1 c25f -1 0b -1 39 44 0f -1 -1 1
1 1 0 25.8 50.5 1 c25f -1 0b -1 39 44 0f -1 -1 1
1 1 0 25.9 50.5 1 c25f -1 0b -1 39 44 0f -1 -1 1
1 1 0 26.0 50.5 1 c25f -1 0b -1 39 44 0f -1 -1 1
1 1 0 25.9 50.5 1 c25f -1 0b -1 39 44 0f -1 -1 1
1 1 0 25.8 50.5 1 c25f -1 0b -1 39 44 0f -1 -1 1
1 1 0 25.9 50.5 1 c25f -1 0b -1 39 44 0f -1 -1 1
1 1 0 25.9 50.5 1 c25f -1 0b -1 39 44 0f -1 -1 1
1 1 0 25.9 50.5 1 c25f -1 0b -1 39 44 0f -1 -1 1
1 1 0 25.9 50.5 1 c25f -1 0b -1 39 44 0f -1 -1 1
1 1 0 25.8 50.5 1 c25f -1 0b -1 39 44 0f -1 -1 1
1 1 0 25.9 50.5 1 c25f -1 0b -1 39 44 0f -1 -1 1
1 1 0 25.9 50.5 1 c25f -1 0b -1 39 44 0f -1 -1 1
1 1 0 25.9 50.5 1 c25f -1 0b -1 39 44 0f -1 -1 1
1 1 0 25.8 50.5 1 c25f -1 0b -1 39 44 0f -1 -1 1
1 1 0 25.9 50.5 1 c25f -1 0b -1 39 44 0f -1 -1 1
1 1 0 25.8 50.5 1 c25f -1 0b -1 39 44 0f -1 -1 1
1 1 0 25.9 50.5 1 c25f -1 0b -1 39 44 0f -1 -1 1
1 1 0 25.8 50.5 1 c25f -1 0b -1 39 44 0f -1 -1 1
1 1 0 25.8 50.5 1 c25f -1 0b -1 39 44 0f -1 -1 1
1 1 0 25.8 50.5 1 c25f -1 0b -1 39 44 0f -1 -1 1
1 1 0 25.9 50.5 1 c25f -1 0b -1 39 44 0f -1 -1 1
1 1 0 25.9 51.0 1 c25f -1 0b -1 39 44 0f -1 -1 1
1 1 0 25.8 50.5 1 c25f -1 0b -1 39 44 0f -1 -1 1
1 1 0 25.9 50.5 1 c25f -1 0b -1 39 44 0f -1 -1 1
1 1 0 25.9 50.5 1 c25f -1 0b -1 39 44 0f -1 -1 1
1 1 0 25.9 50.5 1 c25f -1 0b -1 39 44 0f -1 -1 1
1 1 0 25.9 50.5 1 c25f -1 0b -1 39 44 0f -1 -1 1
1 1 0 25.8 50.5 1 c25f -1 0b -1 39 44 0f -1 -1 1
1 1 0 25.8 50.5 1 c25f -1 0b -1 39 44 0f -1 -1 1
1 1 0 25.9 50.5 1 c25f -1 0b -1 39 44 0f -1 -1 1
1 1 0 25.8 50.5 1 c25f -1 0b -1 39 44 0f -1 -1 1
1 1 0 25.8 50.5 1 c25f -1 0b -1 39 44 0f -1 -1 1
1 1 0 25.9 50.5 1 c25f -1 0b -1 39 44 0f -1 -1 1
1 1 0 25.8 50.5 1 c25f -1 0b -1 39 44 0f -1 -1 1
1 1 0 25.9 50.5 1 c25f -1 0b -1 39 44 0f -1 -1 1
1 1 0 25.8 50.5 1 c25f -1 0b -1 39 44 0f -1 -1 1
1 1 0 25.9 50.5 1 c25f -1 0b -1 39 44 0f -1 -1 1
1 1 0 25.8 50.5 1 c25f -1 0b -1 39 44 0f -1 -1 1
1 1 0 25.8 50.5 1 c25f -1 0b -1 39 44 0f -1 -1 1
1 1 0 25.9 50.5 1 c25f -1 0b -1 39 44 0f -1 -1 1
1 1 0 25.8 50.5 1 c25f -1 0b -1 39 44 0f -1 -1 1
1 1 0 25.9 50.5 1 c25f -1 0b -1 39 44 0f -1 -1 1
1 1 0 25.8 50.5 1 c25f -1 0b -1 39 44 0f -1 -1 1
1 1 0 25.8 50.5 1 c25f -1 0b -1 39 44 0f -1 -1 1
1 1 0 25.9 50.5 1 c25f -1 0b -1 39 44 0f -1 -1 1
1 1 0 25.9 50.5 1 c25f -1 0b -1 39 44 0f -1 -1 1
1 1 0 25.8 50.5 1 c25f -1 0b -1 39 44 0f -1 -1 1
1 1 0 25.8 50.0 1 c25f -1 0b -1 39 44 0f -1 -1 1
1 1 0 25.8 50.0 1 c25f -1 0b -1 39 44 0f -1 -1 1
1 1 0 25.8 50.0 1 c25f -1 0b -1 39 44 0f -1 -1 1
1 1 0 25.9 50.0 1 c25f -1 0b -1 39 44 0f -1 -1 1
1 1 0 25.9 50.0 1 c25f -1 0b -1 39 44 0f -1 -1 1
1 1 0 25.8 50.0 1 c25f -1 0b -1 39 44 0f -1 -1 1
1 1 0 25.9 50.5 1 c25f -1 0b -1 39 44 0f -1 -1 1
1 1 0 25.9 50.5 1 c25f -1 0b -1 39 44 0f -1 -1 1
1 1 0 25.8 50.0 1 c25f -1 0b -1 39 44 0f -1 -1 1
1 1 0 25.8 50.0 1 c25f -1 0b -1 39 44 0f -1 -1 1
1 1 0 25.9 50.0 1 c25f -1 0b -1 39 44 0f -1 -1 1
1 1 0 25.8 50.0 1 c25f -1 0b -1 39 44 0f -1 -1 1
1 1 0 25.8 50.5 1 c25f -1 0b -1 39 44 0f -1 -1 1
1 1 0 25.7 50.5 1 c25f -1 0b -1 39 44 0f -1 -1 1
