1 1 0 25.7 63.5 0 -1 0b 7f -1 -1 -1 -1 -1
1 1 0 25.7 63.5 0 -1 0b 7f -1 -1 -1 -1 -1
1 1 0 25.7 63.5 0 -1 0b 7f -1 -1 -1 -1 -1
1 1 0 25.6 63.5 0 -1 0b 7f -1 -1 -1 -1 -1
1 1 0 25.7 64.5 0 -1 0b 7f -1 -1 -1 -1 -1
1 1 0 25.7 65.0 0 -1 0b 7f -1 -1 -1 -1 -1
1 1 0 25.8 66.0 0 -1 0b 7f -1 -1 -1 -1 -1
1 1 0 25.9 66.0 0 -1 0b 7f -1 -1 -1 -1 -1
1 1 0 25.9 66.5 0 -1 0b 7f -1 -1 -1 -1 -1
1 1 0 26.0 67.0 0 -1 0b 7f -1 -1 -1 -1 -1
1 1 0 26.0 67.5 0 -1 0b 7f -1 -1 -1 -1 -1
1 1 0 26.0 67.5 0 -1 0b 7f -1 -1 -1 -1 -1
1 1 0 26.2 67.5 0 -1 0b 7f -1 -1 -1 -1 -1
1 1 0 26.1 67.0 0 -1 0b 7f -1 -1 -1 -1 -1
1 1 0 26.1 66.5 0 -1 0b 7f -1 -1 -1 -1 -1
1 1 0 26.0 66.0 0 -1 0b 7f -1 -1 -1 -1 -1
1 1 0 26.0 66.0 0 -1 0b 7f -1 -1 -1 -1 -1
1 1 0 26.0 65.0 0 -1 0b 7f -1 -1 -1 -1 -1
1 1 0 25.9 65.0 0 -1 0b 7f -1 -1 -1 -1 -1
1 1 0 25.8 64.5 0 -1 0b 7f -1 -1 -1 -1 -1
1 1 0 25.8 65.0 0 -1 0b 7f -1 -1 -1 -1 -1
1 1 0 25.9 66.0 0 -1 0b 7f -1 -1 -1 -1 -1
1 1 0 26.0 66.5 0 -1 0b 7f -1 -1 -1 -1 -1
1 1 0 26.0 67.0 0 -1 0b 7f -1 -1 -1 -1 -1
1 1 0 26.0 67.5 0 -1 0b 7f -1 -1 -1 -1 -1
1 1 0 26.1 68.0 0 -1 0b 7f -1 -1 -1 -1 -1
1 1 0 26.2 68.0 0 -1 0b 7f -1 -1 -1 -1 -1
1 1 0 26.2 68.0 0 -1 0b 7f -1 -1 -1 -1 -1
1 1 0 26.2 67.5 0 -1 0b 7f -1 -1 -1 -1 -1
1 1 0 26.2 67.5 0 -1 0b 7f -1 -1 -1 -1 -1
1 1 0 26.2 67.0 0 -1 0b 7f -1 -1 -1 -1 -1
1 1 0 26.2 66.5 0 -1 0b 7f -1 -1 -1 -1 -1
1 1 0 26.2 66.5 0 -1 0b 7f -1 -1 -1 -1 -1
1 1 0 26.1 66.0 0 -1 0b 7f -1 -1 -1 -1 -1
1 1 0 26.0 65.5 0 -1 0b 7f -1 -1 -1 -1 -1
1 1 0 25.9 65.5 0 -1 0b 7f -1 -1 -1 -1 -1
1 1 0 25.9 65.0 0 -1 0b 7f -1 -1 -1 -1 -1
1 1 0 25.9 65.0 0 -1 0b 7f -1 -1 -1 -1 -1
1 1 0 25.8 65.5 0 -1 0b 7f -1 -1 -1 -1 -1
1 1 0 25.9 65.5 0 -1 0b 7f -1 -1 -1 -1 -1
1 1 0 26.0 66.5 0 -1 0b 7f -1 -1 -1 -1 -1
1 1 0 26.0 67.0 0 -1 0b 7f -1 -1 -1 -1 -1
1 1 0 26.1 67.5 0 -1 0b 7f -1 -1 -1 -1 -1
1 1 0 26.1 67.5 0 -1 0b 7f -1 -1 -1 -1 -1
1 1 0 26.1 68.0 0 -1 0b 7f -1 -1 -1 -1 -1
1 1 0 26.3 68.0 0 -1 0b 7f -1 -1 -1 -1 -1
1 1 0 26.2 68.5 0 -1 0b 7f -1 -1 -1 -1 -1
1 1 0 26.3 68.5 0 -1 0b 7f -1 -1 -1 -1 -1
1 1 0 26.3 69.0 0 -1 0b 7f -1 -1 -1 -1 -1
1 1 0 26.3 69.5 0 -1 0b 7f -1 -1 -1 -1 -1
1 1 0 26.3 69.5 0 -1 0b 7f -1 -1 -1 -1 -1
1 1 0 26.4 69.5 0 -1 0b 7f -1 -1 -1 -1 -1
1 1 0 26.4 69.5 0 -1 0b 7f -1 -1 -1 -1 -1
1 1 0 26.4 69.5 0 -1 0b 7f -1 -1 -1 -1 -1
1 1 0 26.4 69.0 0 -1 0b 7f -1 -1 -1 -1 -1
1 1 0 26.4 68.5 0 -1 0b 7f -1 -1 -1 -1 -1
1 1 0 26.3 68.0 0 -1 0b 7f -1 -1 -1 -1 -1
1 1 0 26.3 68.0 0 -1 0b 7f -1 -1 -1 -1 -1
1 1 0 26.2 67.0 0 -1 0b 7f -1 -1 -1 -1 -1
1 1 0 26.2 66.5 0 -1 0b 7f -1 -1 -1 -1 -1
1 1 0 26.1 67.0 0 -1 0b 7f -1 -1 -1 -1 -1
1 1 0 26.2 67.5 0 -1 0b 7f -1 -1 -1 -1 -1
1 1 0 26.3 68.0 0 -1 0b 7f -1 -1 -1 -1 -1
1 1 0 26.2 68.5 0 -1 0b 7f -1 -1 -1 -1 -1
1 1 0 26.3 69.0 0 -1 0b 7f -1 -1 -1 -1 -1
1 1 0 26.4 69.0 0 -1 0b 7f -1 -1 -1 -1 -1
1 1 0 26.4 69.5 0 -1 0b 7f -1 -1 -1 -1 -1
1 1 0 26.5 69.5 0 -1 0b 7f -1 -1 -1 -1 -1
1 1 0 26.4 69.5 0 -1 0b 7f -1 -1 -1 -1 -1
1 1 0 26.4 68.5 0 -1 0b 7f -1 -1 -1 -1 -1
1 1 0 26.4 68.5 0 -1 0b 7f -1 -1 -1 -1 -1
1 1 0 26.4 68.0 0 -1 0b 7f -1 -1 -1 -1 -1
1 1 0 26.3 67.5 0 -1 0b 7f -1 -1 -1 -1 -1
1 1 0 26.3 66.5 0 -1 0b 7f -1 -1 -1 -1 -1
1 1 0 26.3 66.5 0 -1 0b 7f -1 -1 -1 -1 -1
1 1 0 26.1 66.0 0 -1 0b 7f -1 -1 -1 -1 -1
1 1 0 26.1 65.5 0 -1 0b 7f -1 -1 -1 -1 -1
1 1 0 25.9 66.0 0 -1 0b 7f -1 -1 -1 -1 -1
1 1 0 26.0 66.0 0 -1 0b 7f -1 -1 -1 -1 -1
1 1 0 26.0 65.5 0 -1 0b 7f -1 -1 -1 -1 -1
1 1 0 25.9 65.0 0 -1 0b 7f -1 -1 -1 -1 -1
1 1 0 26.0 66.0 0 -1 0b 7f -1 -1 -1 -1 -1
1 1 0 26.0 67.0 0 -1 0b 7f -1 -1 -1 -1 -1
1 1 0 26.1 67.5 0 -1 0b 7f -1 -1 -1 -1 -1
1 1 0 26.2 67.5 0 -1 0b 7f -1 -1 -1 -1 -1
1 1 0 26.2 68.5 0 -1 0b 7f -1 -1 -1 -1 -1
1 1 0 26.3 68.5 0 -1 0b 7f -1 -1 -1 -1 -1
1 1 0 26.3 69.0 0 -1 0b 7f -1 -1 -1 -1 -1
1 1 0 26.3 69.0 0 -1 0b 7f -1 -1 -1 -1 -1
1 1 0 26.4 69.0 0 -1 0b 7f -1 -1 -1 -1 -1
1 1 0 26.5 69.0 0 -1 0b 7f -1 -1 -1 -1 -1
1 1 0 26.4 68.5 0 -1 0b 7f -1 -1 -1 -1 -1
1 1 0 26.4 68.0 0 -1 0b 7f -1 -1 -1 -1 -1
1 1 0 26.4 67.5 0 -1 0b 7f -1 -1 -1 -1 -1
1 1 0 26.3 67.0 0 -1 0b 7f -1 -1 -1 -1 -1
1 1 0 26.3 66.5 0 -1 0b 7f -1 -1 -1 -1 -1
1 1 0 26.2 66.0 0 -1 0b 7f -1 -1 -1 -1 -1
1 1 0 26.1 66.0 0 -1 0b 7f -1 -1 -1 -1 -1
1 1 0 26.1 67.0 0 -1 0b 7f -1 -1 -1 -1 -1
1 1 0 26.2 67.5 0 -1 0b 7f -1 -1 -1 -1 -1
1 1 0 26.2 68.0 0 -1 0b 7f -1 -1 -1 -1 -1
1 1 0 26.3 68.0 0 -1 0b 7f -1 -1 -1 -1 -1
1 1 0 26.4 68.5 0 -1 0b 7f -1 -1 -1 -1 -1
1 1 0 26.4 69.0 0 -1 0b 7f -1 -1 -1 -1 -1
1 1 0 26.4 69.0 0 -1 0b 7f -1 -1 -1 -1 -1
1 1 0 26.5 69.5 0 -1 0b 7f -1 -1 -1 -1 -1
1 1 0 26.4 69.5 0 -1 0b 7f -1 -1 -1 -1 -1
1 1 0 26.5 69.5 0 -1 0b 7f -1 -1 -1 -1 -1
1 1 0 26.5 70.0 0 -1 0b 7f -1 -1 -1 -1 -1
1 1 0 26.6 70.0 0 -1 0b 7f -1 -1 -1 -1 -1
1 1 0 26.6 70.0 0 -1 0b 7f -1 -1 -1 -1 -1
1 1 0 26.6 70.0 0 -1 0b 7f -1 -1 -1 -1 -1
1 1 0 26.5 69.5 0 -1 0b 7f -1 -1 -1 -1 -1
1 1 0 26.6 68.5 0 -1 0b 7f -1 -1 -1 -1 -1
1 1 0 26.5 68.5 0 -1 0b 7f -1 -1 -1 -1 -1
1 1 0 26.4 68.0 0 -1 0b 7f -1 -1 -1 -1 -1
1 1 0 26.4 67.5 0 -1 0b 7f -1 -1 -1 -1 -1
1 1 0 26.3 66.5 0 -1 0b 7f -1 -1 -1 -1 -1
1 1 0 26.2 66.5 0 -1 0b 7f -1 -1 -1 -1 -1
1 1 0 26.2 66.0 0 -1 0b 7f -1 -1 -1 -1 -1
1 1 0 26.1 66.5 0 -1 0b 7f -1 -1 -1 -1 -1
1 1 0 26.2 66.5 0 -1 0b 7f -1 -1 -1 -1 -1
1 1 0 26.1 65.5 0 -1 0b 7f -1 -1 -1 -1 -1
1 1 0 26.0 65.5 0 -1 0b 7f -1 -1 -1 -1 -1
1 1 0 26.0 65.0 0 -1 0b 7f -1 -1 -1 -1 -1
1 1 0 26.0 65.0 0 -1 0b 7f -1 -1 -1 -1 -1
1 1 2 25.9 64.5 0 -1 0b 7f -1 -1 -1 -1 -1
1 1 3 25.9 64.5 0 -1 0b 7f -1 -1 -1 -1 -1
1 1 0 25.9 64.0 0 -1 0b 7f -1 -1 -1 -1 -1
1 1 0 26.0 64.0 0 -1 0b 7f -1 -1 -1 -1 -1
1 1 0 25.9 64.0 0 -1 0b 7f -1 -1 -1 -1 -1
1 1 0 25.9 63.5 0 -1 0b 7f -1 -1 -1 -1 -1
1 1 0 25.8 63.5 0 -1 0b 7f -1 -1 -1 -1 -1
1 1 1 25.8 63.0 0 -1 0b 7f -1 -1 -1 -1 -1
1 1 0 25.8 63.0 0 -1 0b 7f -1 -1 -1 -1 -1
1 1 0 25.8 63.0 0 -1 0b 7f -1 -1 -1 -1 -1
1 1 0 25.9 64.0 0 -1 0b 7f -1 -1 -1 -1 -1
1 1 0 26.0 65.0 0 -1 0b 7f -1 -1 -1 -1 -1
1 1 0 26.0 65.5 0 -1 0b 7f -1 -1 -1 -1 -1
1 1 0 26.1 66.0 0 -1 0b 7f -1 -1 -1 -1 -1
1 1 0 26.1 66.5 0 -1 0b 7f -1 -1 -1 -1 -1
1 1 0 26.2 67.0 0 -1 0b 7f -1 -1 -1 -1 -1
1 1 0 26.2 67.0 0 -1 0b 7f -1 -1 -1 -1 -1
1 1 0 26.3 67.5 0 -1 0b 7f -1 -1 -1 -1 -1
1 1 0 26.3 68.0 0 -1 0b 7f -1 -1 -1 -1 -1
1 1 0 26.3 68.0 0 -1 0b 7f -1 -1 -1 -1 -1
1 1 0 26.4 68.0 0 -1 0b 7f -1 -1 -1 -1 -1
1 1 0 26.4 68.5 0 -1 0b 7f -1 -1 -1 -1 -1
1 1 0 26.4 68.5 0 -1 0b 7f -1 -1 -1 -1 -1
1 1 0 26.5 68.5 0 -1 0b 7f -1 -1 -1 -1 -1
1 1 0 26.4 68.0 0 -1 0b 7f -1 -1 -1 -1 -1
1 1 0 26.3 67.5 0 -1 0b 7f -1 -1 -1 -1 -1
1 1 0 26.3 67.0 0 -1 0b 7f -1 -1 -1 -1 -1
1 1 0 26.3 67.0 0 -1 0b 7f -1 -1 -1 -1 -1
1 1 0 26.3 66.5 0 -1 0b 7f -1 -1 -1 -1 -1
1 1 0 26.2 66.0 0 -1 0b 7f -1 -1 -1 -1 -1
1 1 0 26.1 65.5 0 -1 0b 7f -1 -1 -1 -1 -1
1 1 0 26.0 65.0 0 -1 0b 7f -1 -1 -1 -1 -1
1 1 0 26.1 65.5 0 -1 0b 7f -1 -1 -1 -1 -1
1 1 0 26.2 67.0 0 -1 0b 7f -1 -1 -1 -1 -1
1 1 0 26.2 67.0 0 -1 0b 7f -1 -1 -1 -1 -1
1 1 0 26.2 67.5 0 -1 0b 7f -1 -1 -1 -1 -1
1 1 0 26.3 68.0 0 -1 0b 7f -1 -1 -1 -1 -1
1 1 0 26.3 68.0 0 -1 0b 7f -1 -1 -1 -1 -1
1 1 0 26.4 68.5 0 -1 0b 7f -1 -1 -1 -1 -1
1 1 0 26.4 68.5 0 -1 0b 7f -1 -1 -1 -1 -1
1 1 0 26.4 69.0 0 -1 0b 7f -1 -1 -1 -1 -1
1 1 0 26.5 69.0 0 -1 0b 7f -1 -1 -1 -1 -1
1 1 0 26.4 69.0 0 -1 0b 7f -1 -1 -1 -1 -1
1 1 0 26.5 69.0 0 -1 0b 7f -1 -1 -1 -1 -1
1 1 0 26.5 69.0 0 -1 0b 7f -1 -1 -1 -1 -1
1 1 0 26.5 68.5 0 -1 0b 7f -1 -1 -1 -1 -1
1 1 0 26.4 68.0 0 -1 0b 7f -1 -1 -1 -1 -1
1 1 0 26.4 67.5 0 -1 0b 7f -1 -1 -1 -1 -1
1 1 0 26.3 67.0 0 -1 0b 7f -1 -1 -1 -1 -1
1 1 0 26.2 66.5 0 -1 0b 7f -1 -1 -1 -1 -1
1 1 0 26.2 66.5 0 -1 0b 7f -1 -1 -1 -1 -1
1 1 0 26.2 66.0 0 -1 0b 7f -1 -1 -1 -1 -1
1 1 0 26.1 66.0 0 -1 0b 7f -1 -1 -1 -1 -1
1 1 0 26.1 66.5 0 -1 0b 7f -1 -1 -1 -1 -1
1 1 0 26.0 66.0 0 -1 0b 7f -1 -1 -1 -1 -1
1 1 0 26.1 65.5 0 -1 0b 7f -1 -1 -1 -1 -1
1 1 0 26.1 65.5 0 -1 0b 7f -1 -1 -1 -1 -1
1 1 0 26.0 65.0 0 -1 0b 7f -1 -1 -1 -1 -1
1 1 0 26.0 64.5 0 -1 0b 7f -1 -1 -1 -1 -1
1 1 0 25.9 64.5 0 -1 0b 7f -1 -1 -1 -1 -1
1 1 0 25.9 65.0 0 -1 0b 7f -1 -1 -1 -1 -1
1 1 0 26.0 66.0 0 -1 0b 7f -1 -1 -1 -1 -1
1 1 0 26.1 66.5 0 -1 0b 7f -1 -1 -1 -1 -1
1 1 0 26.2 67.0 0 -1 0b 7f -1 -1 -1 -1 -1
1 1 0 26.2 67.0 0 -1 0b 7f -1 -1 -1 -1 -1
1 1 0 26.3 67.5 0 -1 0b 7f -1 -1 -1 -1 -1
1 1 0 26.3 67.5 0 -1 0b 7f -1 -1 -1 -1 -1
1 1 0 26.3 68.0 0 -1 0b 7f -1 -1 -1 -1 -1
1 1 0 26.4 68.0 0 -1 0b 7f -1 -1 -1 -1 -1
1 1 0 26.3 67.5 0 -1 0b 7f -1 -1 -1 -1 -1
1 1 0 26.3 67.0 0 -1 0b 7f -1 -1 -1 -1 -1
1 1 0 26.3 66.5 0 -1 0b 7f -1 -1 -1 -1 -1
1 1 0 26.2 66.5 0 -1 0b 7f -1 -1 -1 -1 -1
1 1 0 26.2 66.0 0 -1 0b 7f -1 -1 -1 -1 -1
1 1 0 26.0 65.5 0 -1 0b 7f -1 -1 -1 -1 -1
1 1 0 26.0 65.5 0 -1 0b 7f -1 -1 -1 -1 -1
1 1 0 26.0 65.0 0 -1 0b 7f -1 -1 -1 -1 -1
1 1 0 26.0 65.0 0 -1 0b 7f -1 -1 -1 -1 -1
1 1 0 26.0 65.0 0 -1 0b 7f -1 -1 -1 -1 -1
1 1 0 25.9 64.5 0 -1 0b 7f -1 -1 -1 -1 -1
1 1 0 25.9 64.0 0 -1 0b 7f -1 -1 -1 -1 -1
1 1 0 25.9 64.5 0 -1 0b 7f -1 -1 -1 -1 -1
1 1 0 25.9 64.0 0 -1 0b 7f -1 -1 -1 -1 -1
1 1 0 25.9 64.0 2 -1 0b 7f -1 -1 -1 -1 -1
1 1 0 25.9 64.0 2 -1 0b 7f -1 -1 -1 -1 -1
1 1 0 25.9 65.0 2 -1 0b 7f -1 -1 -1 -1 -1
1 1 0 26.0 66.0 2 -1 0b 7f -1 -1 -1 -1 -1
1 1 0 26.1 66.5 2 -1 0b 7f -1 -1 -1 -1 -1
1 1 0 26.2 66.5 2 -1 0b 7f -1 -1 -1 -1 -1
1 1 0 26.2 67.0 2 -1 0b 7f -1 -1 -1 -1 -1
1 1 0 26.2 67.5 2 -1 0b 7f -1 -1 -1 -1 -1
1 1 0 26.3 67.5 2 -1 0b 7f -1 -1 -1 -1 -1
1 1 0 26.3 67.0 2 -1 0b 7f -1 -1 -1 -1 -1
1 1 0 26.2 66.5 2 -1 0b 7f -1 -1 -1 -1 -1
1 1 0 26.2 66.0 2 -1 0b 7f -1 -1 -1 -1 -1
1 1 0 26.2 66.0 2 -1 0b 7f -1 -1 -1 -1 -1
1 1 0 26.2 65.5 2 -1 0b 7f -1 -1 -1 -1 -1
1 1 0 26.1 65.0 2 -1 0b 7f -1 -1 -1 -1 -1
1 1 0 26.1 65.0 2 -1 0b 7f -1 -1 -1 -1 -1
1 1 0 26.1 65.5 2 -1 0b 7f -1 -1 -1 -1 -1
1 1 0 26.1 66.5 2 -1 0b 7f -1 -1 -1 -1 -1
1 1 0 26.2 67.0 2 -1 0b 7f -1 -1 -1 -1 -1
1 1 0 26.2 67.0 2 -1 0b 7f -1 -1 -1 -1 -1
1 1 0 26.2 67.0 2 -1 0b 7f -1 -1 -1 -1 -1
1 1 0 26.3 68.0 2 -1 0b 7f -1 -1 -1 -1 -1
1 1 0 26.3 68.0 2 -1 0b 7f -1 -1 -1 -1 -1
1 1 0 26.4 68.0 2 -1 0b 7f -1 -1 -1 -1 -1
1 1 0 26.4 68.0 2 -1 0b 7f -1 -1 -1 -1 -1
1 1 0 26.4 68.0 2 -1 0b 7f -1 -1 -1 -1 -1
1 1 0 26.4 67.0 2 -1 0b 7f -1 -1 -1 -1 -1
1 1 0 26.3 66.5 2 -1 0b 7f -1 -1 -1 -1 -1
1 1 0 26.2 66.0 2 -1 0b 7f -1 -1 -1 -1 -1
1 1 0 26.1 65.5 2 -1 0b 7f -1 -1 -1 -1 -1
1 1 0 26.2 66.5 2 -1 0b 7f -1 -1 -1 -1 -1
1 1 0 26.3 67.0 2 -1 0b 7f -1 -1 -1 -1 -1
1 1 0 26.3 67.5 2 -1 0b 7f -1 -1 -1 -1 -1
1 1 0 26.3 67.5 2 -1 0b 7f -1 -1 -1 -1 -1
1 1 0 26.4 68.0 2 -1 0b 7f -1 -1 -1 -1 -1
1 1 0 26.4 68.5 2 -1 0b 7f -1 -1 -1 -1 -1
1 1 0 26.4 68.5 2 -1 0b 7f -1 -1 -1 -1 -1
1 1 0 26.5 68.5 2 -1 0b 7f -1 -1 -1 -1 -1
1 1 0 26.5 68.5 2 -1 0b 7f -1 -1 -1 -1 -1
1 1 0 26.4 68.0 2 -1 0b 7f -1 -1 -1 -1 -1
1 1 0 26.4 67.5 2 -1 0b 7f -1 -1 -1 -1 -1
1 1 0 26.3 67.5 2 -1 0b 7f -1 -1 -1 -1 -1
1 1 0 26.3 67.0 2 -1 0b 7f -1 -1 -1 -1 -1
1 1 0 26.2 66.5 2 -1 0b 7f -1 -1 -1 -1 -1
1 1 0 26.2 66.0 2 -1 0b 7f -1 -1 -1 -1 -1
1 1 0 26.1 65.5 2 -1 0b 7f -1 -1 -1 -1 -1
1 1 0 26.0 65.5 2 -1 0b 7f -1 -1 -1 -1 -1
1 1 0 26.0 66.0 2 -1 0b 7f -1 -1 -1 -1 -1
1 1 0 26.1 65.5 2 -1 0b 7f -1 -1 -1 -1 -1
1 1 0 26.0 65.0 2 -1 0b 7f -1 -1 -1 -1 -1
1 1 0 26.0 65.0 2 -1 0b 7f -1 -1 -1 -1 -1
1 1 0 25.9 65.0 2 -1 0b 7f -1 -1 -1 -1 -1
1 1 0 26.0 64.5 2 -1 0b 7f -1 -1 -1 -1 -1
1 1 0 25.9 64.0 2 -1 0b 7f -1 -1 -1 -1 -1
1 1 0 25.9 64.0 2 -1 0b 7f -1 -1 -1 -1 -1
1 1 0 26.0 64.0 2 -1 0b 7f -1 -1 -1 -1 -1
1 1 0 25.9 64.0 2 -1 0b 7f -1 -1 -1 -1 -1
1 1 0 25.8 64.0 2 -1 0b 7f -1 -1 -1 -1 -1
1 1 0 25.8 64.0 2 -1 0b 7f -1 -1 -1 -1 -1
1 1 0 25.8 64.0 2 -1 0b 7f -1 -1 -1 -1 -1
1 1 0 25.7 63.5 2 -1 0b 7f -1 -1 -1 -1 -1
1 1 0 25.8 64.5 2 -1 0b 7f -1 -1 -1 -1 -1
1 1 0 25.9 65.5 2 -1 0b 7f -1 -1 -1 -1 -1
1 1 0 26.0 66.0 2 -1 0b 7f -1 -1 -1 -1 -1
1 1 0 26.0 66.5 2 -1 0b 7f -1 -1 -1 -1 -1
1 1 0 26.1 67.0 2 -1 0b 7f -1 -1 -1 -1 -1
1 1 0 26.2 67.0 2 -1 0b 7f -1 -1 -1 -1 -1
1 1 0 26.2 67.5 2 -1 0b 7f -1 -1 -1 -1 -1
1 1 0 26.2 67.5 2 -1 0b 7f -1 -1 -1 -1 -1
1 1 0 26.3 67.0 2 -1 0b 7f -1 -1 -1 -1 -1
1 1 0 26.2 66.5 2 -1 0b 7f -1 -1 -1 -1 -1
1 1 0 26.2 66.0 2 -1 0b 7f -1 -1 -1 -1 -1
1 1 0 26.1 66.0 2 -1 0b 7f -1 -1 -1 -1 -1
1 1 0 26.1 65.5 2 -1 0b 7f -1 -1 -1 -1 -1
1 1 0 26.1 65.5 2 -1 0b 7f -1 -1 -1 -1 -1
1 1 0 26.0 65.0 2 -1 0b 7f -1 -1 -1 -1 -1
1 1 0 25.9 65.0 2 -1 0b 7f -1 -1 -1 -1 -1
1 1 0 25.9 65.0 2 -1 0b 7f -1 -1 -1 -1 -1
1 1 0 26.0 66.0 2 -1 0b 7f -1 -1 -1 -1 -1
1 1 0 26.0 66.5 2 -1 0b 7f -1 -1 -1 -1 -1
1 1 0 26.1 67.0 2 -1 0b 7f -1 -1 -1 -1 -1
1 1 0 26.1 67.5 2 -1 0b 7f -1 -1 -1 -1 -1
1 1 0 26.2 68.0 2 -1 0b 7f -1 -1 -1 -1 -1
1 1 0 26.3 68.5 2 -1 0b 7f -1 -1 -1 -1 -1
1 1 0 26.3 68.5 2 -1 0b 7f -1 -1 -1 -1 -1
1 1 1 26.3 68.5 2 -1 0b 7f -1 -1 -1 -1 -1
1 1 1 26.3 68.5 2 -1 0b 7f -1 -1 -1 -1 -1
1 1 0 26.3 68.0 2 -1 0b 7f -1 -1 -1 -1 -1
1 1 0 26.3 67.5 2 -1 0b 7f -1 -1 -1 -1 -1
1 1 0 26.2 67.0 2 -1 0b 7f -1 -1 -1 -1 -1
1 1 0 26.1 66.5 2 -1 0b 7f -1 -1 -1 -1 -1
1 1 0 26.1 66.5 2 -1 0b 7f -1 -1 -1 -1 -1
1 1 0 26.0 66.5 2 -1 0b 7f -1 -1 -1 -1 -1
1 1 0 26.1 67.0 2 -1 0b 7f -1 -1 -1 -1 -1
1 1 0 26.2 67.5 2 -1 0b 7f -1 -1 -1 -1 -1
1 1 0 26.3 68.0 2 -1 0b 7f -1 -1 -1 -1 -1
1 1 0 26.3 68.5 2 -1 0b 7f -1 -1 -1 -1 -1
1 1 0 26.3 69.0 2 -1 0b 7f -1 -1 -1 -1 -1
1 1 0 26.3 69.5 2 -1 0b 7f -1 -1 -1 -1 -1
1 1 0 26.4 70.0 2 -1 0b 7f -1 -1 -1 -1 -1
1 1 0 26.4 70.0 2 -1 0b 7f -1 -1 -1 -1 -1
1 1 0 26.4 70.0 2 -1 0b 7f -1 -1 -1 -1 -1
1 1 0 26.4 69.5 2 -1 0b 7f -1 -1 -1 -1 -1
1 1 0 26.3 69.0 2 -1 0b 7f -1 -1 -1 -1 -1
1 1 0 26.4 68.5 2 -1 0b 7f -1 -1 -1 -1 -1
1 1 0 26.3 68.0 2 -1 0b 7f -1 -1 -1 -1 -1
1 1 0 26.2 67.5 2 -1 0b 7f -1 -1 -1 -1 -1
1 1 0 26.2 67.5 2 -1 0b 7f -1 -1 -1 -1 -1
1 1 0 26.1 67.0 2 -1 0b 7f -1 -1 -1 -1 -1
1 1 0 26.1 67.5 2 -1 0b 7f -1 -1 -1 -1 -1
1 1 0 26.2 68.5 2 -1 0b 7f -1 -1 -1 -1 -1
1 1 0 26.3 68.5 2 -1 0b 7f -1 -1 -1 -1 -1
1 1 0 26.3 69.0 2 -1 0b 7f -1 -1 -1 -1 -1
1 1 0 26.3 69.0 2 -1 0b 7f -1 -1 -1 -1 -1
1 1 0 26.4 69.0 2 -1 0b 7f -1 -1 -1 -1 -1
1 1 0 26.5 69.5 2 -1 0b 2f -1 -1 -1 -1 -1
1 1 7 26.5 69.5 0 -1 0b 4f -1 -1 -1 -1 -1
1 1 0 26.4 69.0 0 -1 0b 4f -1 -1 -1 -1 -1
1 1 0 26.6 69.0 0 -1 0b 4f -1 -1 -1 -1 -1
1 1 0 26.5 69.0 0 -1 0b 4f -1 -1 -1 -1 -1
1 1 0 26.6 69.0 0 -1 0b 4f -1 -1 -1 -1 -1
1 1 0 26.6 69.0 2 -1 0b 4f -1 -1 -1 -1 -1
1 1 0 26.7 69.0 2 -1 0b 4f -1 -1 -1 -1 -1
1 1 0 26.7 69.0 2 -1 0b 4f -1 -1 -1 -1 -1
1 1 0 26.8 68.5 2 -1 0b 4f -1 -1 -1 -1 -1
1 1 0 26.8 68.5 2 -1 0b 4f -1 -1 -1 -1 -1
1 1 0 26.8 68.5 2 -1 0b 4f -1 -1 -1 -1 -1
1 1 0 26.8 68.5 2 -1 0b 4f -1 -1 -1 -1 -1
1 1 0 26.9 68.5 2 -1 0b 4f -1 -1 -1 -1 -1
1 1 0 26.9 68.5 2 -1 0b 4f -1 -1 -1 -1 -1
1 1 0 27.0 69.0 2 -1 0b 4f -1 -1 -1 -1 -1
1 1 0 26.9 69.0 2 -1 0b 4f -1 -1 -1 -1 -1
1 1 0 26.9 69.0 2 -1 0b 4f -1 -1 -1 -1 -1
1 1 0 27.0 69.0 2 -1 0b 4f -1 -1 -1 -1 -1
1 1 0 27.0 69.0 2 -1 0b 4f -1 -1 -1 -1 -1
1 1 0 27.1 69.0 2 -1 0b 4f -1 -1 -1 -1 -1
1 1 0 27.1 69.0 2 -1 0b 4f -1 -1 -1 -1 -1
1 1 0 27.1 69.0 2 -1 0b 4f -1 -1 -1 -1 -1
1 1 0 27.1 69.0 2 -1 0b 4f -1 -1 -1 -1 -1
1 1 0 27.1 69.0 2 -1 0b 4f -1 -1 -1 -1 -1
1 1 0 27.1 69.0 2 -1 0b 4f -1 -1 -1 -1 -1
1 1 0 27.1 69.0 2 -1 0b 4f -1 -1 -1 -1 -1
1 1 0 27.2 68.5 2 -1 0b 4f -1 -1 -1 -1 -1
1 1 0 27.1 68.5 2 -1 0b 4f -1 -1 -1 -1 -1
1 1 0 27.2 68.5 2 -1 0b 4f -1 -1 -1 -1 -1
1 1 0 27.2 68.5 2 -1 0b 4f -1 -1 -1 -1 -1
1 1 0 27.3 68.5 2 -1 0b 4f -1 -1 -1 -1 -1
1 1 0 27.3 68.5 2 -1 0b 4f -1 -1 -1 -1 -1
1 1 0 27.3 68.5 2 -1 0b 4f -1 -1 -1 -1 -1
1 1 0 27.3 68.5 2 -1 0b 4f -1 -1 -1 -1 -1
1 1 0 27.3 68.5 2 -1 0b 4f -1 -1 -1 -1 -1
1 1 0 27.3 68.0 2 -1 0b 4f -1 -1 -1 -1 -1
1 1 0 27.3 68.0 2 -1 0b 4f -1 -1 -1 -1 -1
1 1 0 27.4 68.0 2 -1 0b 4f -1 -1 -1 -1 -1
1 1 0 27.4 68.0 4 -1 0b 4f -1 -1 -1 -1 -1
1 1 0 27.4 68.0 4 -1 0b 4f -1 -1 -1 -1 -1
1 1 0 27.3 68.5 4 -1 0b 4f -1 -1 -1 -1 -1
1 1 0 27.5 68.5 1 -1 0b 4f -1 -1 -1 -1 -1
1 1 0 27.4 68.5 2 -1 0b 4f -1 -1 -1 -1 -1
1 1 0 27.4 68.0 2 -1 0b 4f -1 -1 -1 -1 -1
1 1 0 27.4 68.0 2 -1 0b 4f -1 -1 -1 -1 -1
1 1 0 27.5 68.0 2 -1 0b 4f -1 -1 -1 -1 -1
1 1 0 27.5 68.0 2 -1 0b 4f -1 -1 -1 -1 -1
1 1 0 27.5 68.5 2 -1 0b 4f -1 -1 -1 -1 -1
1 1 0 27.5 68.5 1 -1 0b 4f -1 -1 -1 -1 -1
1 1 0 27.5 69.0 4 -1 0b 4f -1 -1 -1 -1 -1
1 1 0 27.5 68.5 4 -1 0b 4f -1 -1 -1 -1 -1
1 1 0 27.5 69.0 2 -1 0b 4f -1 -1 -1 -1 -1
1 1 0 27.6 68.5 2 -1 0b 4f -1 -1 -1 -1 -1
1 1 0 27.6 68.5 2 -1 0b 4f -1 -1 -1 -1 -1
1 1 0 27.6 68.5 2 -1 0b 4f -1 -1 -1 -1 -1
1 1 0 27.6 68.5 2 -1 0b 4f -1 -1 -1 -1 -1
1 1 0 27.7 68.5 2 -1 0b 4f -1 -1 -1 -1 -1
1 1 0 27.6 69.0 2 -1 0b 4f -1 -1 -1 -1 -1
1 1 0 27.6 68.5 2 -1 0b 4f -1 -1 -1 -1 -1
1 1 0 27.7 68.5 2 -1 0b 4f -1 -1 -1 -1 -1
1 1 0 27.6 68.5 2 -1 0b 4f -1 -1 -1 -1 -1
1 1 0 27.7 68.5 4 -1 0b 4f -1 -1 -1 -1 -1
1 1 0 27.7 68.5 4 -1 0b 4f -1 -1 -1 -1 -1
1 1 0 27.7 68.5 4 -1 0b 4f -1 -1 -1 -1 -1
1 1 0 27.7 68.5 4 -1 0b 4f -1 -1 -1 -1 -1
1 1 0 27.7 68.5 2 -1 0b 4f -1 -1 -1 -1 -1
1 1 0 27.8 68.0 2 -1 0b 4f -1 -1 -1 -1 -1
1 1 0 27.8 68.0 2 -1 0b 4f -1 -1 -1 -1 -1
1 1 0 27.7 68.0 2 -1 0b 4f -1 -1 -1 -1 -1
1 1 0 27.8 68.5 4 -1 0b 4f -1 -1 -1 -1 -1
1 1 0 27.8 68.5 4 -1 0b 4f -1 -1 -1 -1 -1
1 1 0 27.8 68.0 4 -1 0b 4f -1 -1 -1 -1 -1
1 1 0 27.8 68.0 4 -1 0b 4f -1 -1 -1 -1 -1
1 1 0 27.8 68.0 4 -1 0b 4f -1 -1 -1 -1 -1
1 1 0 27.8 68.5 4 -1 0b 4f -1 -1 -1 -1 -1
1 1 0 27.9 68.5 1 -1 0b 4f -1 -1 -1 -1 -1
1 1 0 27.8 68.5 1 -1 0b 4f -1 -1 -1 -1 -1
1 1 0 27.9 68.5 1 -1 0b 4f -1 -1 -1 -1 -1
1 1 0 27.9 68.5 1 -1 0b 4f -1 -1 -1 -1 -1
1 1 0 27.9 68.0 2 -1 0b 4f -1 -1 -1 -1 -1
1 1 0 27.9 68.5 1 -1 0b 4f -1 -1 -1 -1 -1
1 1 0 27.9 68.5 1 -1 0b 4f -1 -1 -1 -1 -1
1 1 0 27.9 68.5 1 -1 0b 4f -1 -1 -1 -1 -1
1 1 0 27.9 68.0 4 -1 0b 4f -1 -1 -1 -1 -1
1 1 0 27.9 68.0 4 -1 0b 4f -1 -1 -1 -1 -1
1 1 0 27.9 68.0 4 -1 0b 4f -1 -1 -1 -1 -1
1 1 0 27.9 68.0 4 -1 0b 4f -1 -1 -1 -1 -1
1 1 0 28.0 68.0 4 -1 0b 4f -1 -1 -1 -1 -1
1 1 0 28.0 68.0 2 -1 0b 4f -1 -1 -1 -1 -1
1 1 0 27.9 68.0 2 -1 0b 4f -1 -1 -1 -1 -1
1 1 0 28.1 68.0 2 -1 0b 4f -1 -1 -1 -1 -1
1 1 0 28.0 68.0 4 -1 0b 4f -1 -1 -1 -1 -1
1 1 0 28.0 67.5 4 -1 0b 4f -1 -1 -1 -1 -1
1 1 0 28.0 67.5 4 -1 0b 4f -1 -1 -1 -1 -1
1 1 0 28.0 67.5 4 -1 0b 4f -1 -1 -1 -1 -1
1 1 0 28.0 67.5 4 -1 0b 4f -1 -1 -1 -1 -1
1 1 0 28.0 67.5 1 -1 0b 4f -1 -1 -1 -1 -1
1 1 0 28.0 67.5 1 -1 0b 4f -1 -1 -1 -1 -1
1 1 0 28.0 67.5 1 -1 0b 0f -1 -1 -1 -1 -1
1 1 1 28.0 67.0 1 -1 0b 0f -1 -1 -1 -1 -1
1 1 3 28.1 67.0 1 -1 0b 0f -1 -1 -1 -1 -1
1 1 0 28.1 67.0 1 -1 0b 0f -1 -1 -1 -1 -1
1 1 1 28.0 67.0 1 -1 0b 0f -1 -1 -1 -1 -1
1 1 0 28.1 67.0 1 -1 0b 0f -1 -1 -1 -1 -1
1 1 0 28.1 67.0 1 -1 0b 0f -1 -1 -1 -1 -1
1 1 0 28.1 67.0 1 -1 0b 0f -1 -1 -1 -1 -1
1 1 0 28.1 67.0 2 -1 0b 0f -1 -1 -1 -1 -1
1 1 0 28.1 67.0 2 -1 0b 0f -1 -1 -1 -1 -1
1 1 0 28.1 67.0 2 -1 0b 0f -1 -1 -1 -1 -1
1 1 0 28.1 67.0 2 -1 0b 0f -1 -1 -1 -1 -1
1 1 0 28.1 67.0 2 -1 0b 0f -1 -1 -1 -1 -1
1 1 0 28.1 67.0 2 -1 0b 0f -1 -1 -1 -1 -1
1 1 0 28.1 67.0 2 -1 0b 0f -1 -1 -1 -1 -1
1 1 0 28.1 66.5 2 -1 0b 0f -1 -1 -1 -1 -1
1 1 0 28.2 66.5 2 -1 0b 0f -1 -1 -1 -1 -1
1 1 0 28.1 67.0 2 -1 0b 0f -1 -1 -1 -1 -1
1 1 0 28.1 67.0 2 -1 0b 0f -1 -1 -1 -1 -1
1 1 0 28.2 67.0 2 -1 0b 0f -1 -1 -1 -1 -1
1 1 0 28.1 67.0 2 -1 0b 0f -1 -1 -1 -1 -1
1 1 0 28.2 67.0 1 -1 0b 0f -1 -1 -1 -1 -1
1 1 0 28.2 67.0 1 -1 0b 0f -1 -1 -1 -1 -1
1 1 0 28.2 67.0 1 -1 0b 0f -1 -1 -1 -1 -1
1 1 0 28.2 67.0 1 -1 0b 0f -1 -1 -1 -1 -1
1 1 0 28.2 67.0 1 -1 0b 0f -1 -1 -1 -1 -1
1 1 0 28.2 67.0 1 -1 0b 0f -1 -1 -1 -1 -1
1 1 0 28.2 67.0 1 -1 0b 0f -1 -1 -1 -1 -1
1 1 0 28.2 66.5 1 -1 0b 0f -1 -1 -1 -1 -1
1 1 0 28.3 66.5 1 -1 0b 0f -1 -1 -1 -1 -1
1 1 0 28.2 66.5 1 -1 0b 0f -1 -1 -1 -1 -1
1 1 0 28.3 67.0 1 -1 0b 0f -1 -1 -1 -1 -1
1 1 0 28.2 66.5 1 -1 0b 0f -1 -1 -1 -1 -1
1 1 0 28.2 66.5 1 -1 0b 0f -1 -1 -1 -1 -1
1 1 0 28.3 67.0 1 -1 0b 0f -1 -1 -1 -1 -1
1 1 0 28.3 67.5 1 -1 0b 0f -1 -1 -1 -1 -1
1 1 0 28.2 67.5 1 -1 0b 0f -1 -1 -1 -1 -1
1 1 0 28.3 67.5 1 -1 0b 0f -1 -1 -1 -1 -1
1 1 0 28.2 67.0 1 -1 0b 0f -1 -1 -1 -1 -1
1 1 0 28.3 67.0 1 -1 0b 0f -1 -1 -1 -1 -1
1 1 0 28.3 67.0 1 -1 0b 0f -1 -1 -1 -1 -1
1 1 0 28.3 67.0 1 -1 0b 0f -1 -1 -1 -1 -1
1 1 0 28.3 67.0 1 -1 0b 0f -1 -1 -1 -1 -1
1 1 0 28.3 67.0 1 -1 0b 0f -1 -1 -1 -1 -1
1 1 0 28.3 66.5 2 -1 0b 0f -1 -1 -1 -1 -1
1 1 0 28.3 66.5 2 -1 0b 0f -1 -1 -1 -1 -1
1 1 0 28.3 66.5 2 -1 0b 0f -1 -1 -1 -1 -1
1 1 4 28.3 66.5 2 -1 0b 7f -1 -1 -1 -1 -1
1 1 0 28.3 66.5 4 c26f 0b 7f -1 -1 -1 -1 -1
1 1 0 28.4 66.5 4 c26f 0b 7f -1 -1 -1 -1 -1
1 1 0 28.4 66.5 4 c26f 0b 7f -1 -1 -1 -1 -1
1 1 0 28.3 66.5 6 c26f 0b 7f -1 -1 -1 -1 -1
1 1 3 28.4 66.5 6 c26f 0b 7f -1 -1 -1 -1 -1
1 1 0 28.4 66.5 6 c26f 0b 7f -1 -1 -1 -1 -1
1 1 1 28.3 67.0 6 c26f 0b 7f -1 -1 -1 -1 -1
1 1 0 28.3 66.5 6 c26f 0b 7f -1 -1 -1 -1 -1
1 1 0 28.1 65.5 6 c26f 0b 7f -1 -1 -1 -1 -1
1 1 0 28.1 65.0 6 c26f 0b 7f -1 -1 -1 -1 -1
1 1 0 28.1 64.5 6 c26f 0b 7f -1 -1 -1 -1 -1
1 1 0 28.0 64.0 6 c26f 0b 7f -1 -1 -1 -1 -1
1 1 0 27.9 63.5 6 c26f 0b 7f -1 -1 -1 -1 -1
1 1 0 27.9 63.5 6 c26f 0b 7f -1 -1 -1 -1 -1
1 1 0 27.9 62.5 6 c26f 0b 7f -1 -1 -1 -1 -1
1 1 0 27.8 62.5 6 c26f 0b 7f -1 -1 -1 -1 -1
1 1 0 27.8 62.0 6 c26f 0b 7f -1 -1 -1 -1 -1
1 1 0 27.8 61.5 6 c26f 0b 7f -1 -1 -1 -1 -1
1 1 0 27.8 61.5 6 c26f 0b 7f -1 -1 -1 -1 -1
1 1 0 27.7 61.0 6 c26f 0b 7f -1 -1 -1 -1 -1
1 1 2 27.7 61.0 4 c26f 0b 7f -1 -1 -1 -1 -1
1 1 0 27.6 60.5 4 c26f 0b 7f -1 -1 -1 -1 -1
1 1 0 27.6 60.0 4 c26f 0b 7f -1 -1 -1 -1 -1
1 1 0 27.7 60.0 6 c26f 0b 7f -1 -1 -1 -1 -1
1 1 0 27.6 59.5 6 c26f 0b 7f -1 -1 -1 -1 -1
1 1 0 27.6 59.5 6 c26f 0b 7f -1 -1 -1 -1 -1
1 1 0 27.5 59.0 6 c26f 0b 7f -1 -1 -1 -1 -1
1 1 0 27.5 59.0 6 c26f 0b 7f -1 -1 -1 -1 -1
1 1 0 27.4 59.0 6 c26f 0b 7f -1 -1 -1 -1 -1
1 1 0 27.4 58.5 6 c26f 0b 7f -1 -1 -1 -1 -1
1 1 0 27.4 58.5 6 c26f 0b 7f -1 -1 -1 -1 -1
1 1 0 27.4 58.5 6 c26f 0b 7f -1 -1 -1 -1 -1
1 1 0 27.4 58.0 6 c26f 0b 7f -1 -1 -1 -1 -1
1 1 0 27.4 58.0 6 c26f 0b 7f -1 -1 -1 -1 -1
1 1 0 27.4 57.5 4 c26f 0b 7f -1 -1 -1 -1 -1
1 1 5 27.4 57.5 4 c26f 0b 7f -1 -1 -1 -1 -1
1 1 1 27.4 57.5 6 c26f 0b 7f -1 -1 -1 -1 -1
1 1 0 27.3 57.5 6 c26f 0b 7f -1 -1 -1 -1 -1
1 1 0 27.3 57.0 6 c26f 0b 7f -1 -1 -1 -1 -1
1 1 0 27.3 57.0 6 c26f 0b 7f -1 -1 -1 -1 -1
1 1 0 27.3 57.0 6 c26f 0b 7f -1 -1 -1 -1 -1
1 1 0 27.2 57.0 6 c26f 0b 7f -1 -1 -1 -1 -1
1 1 0 27.2 57.0 6 c26f 0b 7f -1 -1 -1 -1 -1
1 1 0 27.2 57.0 6 c26f 0b 7f -1 -1 -1 -1 -1
1 1 0 27.2 57.0 6 c26f 0b 7f -1 -1 -1 -1 -1
1 1 0 27.2 57.0 2 c26f 0b 7f -1 -1 -1 -1 -1
1 1 0 27.1 57.0 4 c26f 0b 7f -1 -1 -1 -1 -1
1 1 0 27.2 57.5 4 c26f 0b 7f -1 -1 -1 -1 -1
1 1 0 27.2 57.5 4 c26f 0b 7f -1 -1 -1 -1 -1
1 1 5 27.1 57.5 4 c26f 0b 7f -1 -1 -1 -1 -1
1 1 0 27.1 57.5 4 c26f 0b 7f -1 -1 -1 -1 -1
1 1 1 27.1 57.5 4 c26f 0b 7f -1 -1 -1 -1 -1
1 1 0 27.1 58.0 4 c26f 0b 7f -1 -1 -1 -1 -1
1 1 4 27.1 57.5 4 c26f 0b 7f -1 -1 -1 -1 -1
1 1 0 27.1 57.5 4 c26f 0b 7f -1 -1 -1 -1 -1
1 1 1 27.0 57.5 4 c26f 0b 7f -1 -1 -1 -1 -1
1 1 2 27.1 57.5 4 c26f 0b 7f -1 -1 -1 -1 -1
1 1 7 27.0 57.5 4 c26f 0b 7f -1 -1 -1 -1 -1
1 1 6 27.0 57.0 4 c26f 0b 7f -1 -1 -1 -1 -1
1 1 0 27.0 57.0 6 c26f 0b 7f -1 -1 -1 -1 -1
1 1 1 27.0 57.0 6 c26f 0b 7f -1 -1 -1 -1 -1
1 1 0 27.0 57.0 6 c26f 0b 7f -1 -1 -1 -1 -1
1 1 0 27.0 57.0 6 c26f 0b 7f -1 -1 -1 -1 -1
1 1 0 26.9 57.0 9 c26f 0b 7f -1 -1 -1 -1 -1
1 1 0 27.0 57.0 5 c26f 0b 7f -1 -1 -1 -1 -1
1 1 0 27.0 57.0 7 c26f 0b 7f -1 -1 -1 -1 -1
1 1 0 26.9 57.0 9 c26f 0b 7f -1 -1 -1 -1 -1
1 1 0 26.9 57.0 9 c26f 0b 7f -1 -1 -1 -1 -1
1 1 0 26.8 57.0 9 c26f 0b 7f -1 -1 -1 -1 -1
1 1 0 26.9 57.0 9 c26f 0b 7f -1 -1 -1 -1 -1
1 1 0 26.9 57.0 9 c26f 0b 7f -1 -1 -1 -1 -1
1 1 0 26.9 57.0 9 c26f 0b 7f -1 -1 -1 -1 -1
1 1 0 26.9 57.0 9 c26f 0b 7f -1 -1 -1 -1 -1
1 1 0 26.8 57.0 9 c26f 0b 7f -1 -1 -1 -1 -1
1 1 0 26.9 57.5 9 c26f 0b 7f -1 -1 -1 -1 -1
1 1 0 26.8 57.5 11 c26f 0b 7f -1 -1 -1 -1 -1
1 1 0 26.7 57.0 7 c26f 0b 7f -1 -1 -1 -1 -1
1 1 0 26.8 57.0 7 c26f 0b 7f -1 -1 -1 -1 -1
1 1 0 26.7 57.0 7 c26f 0b 7f -1 -1 -1 -1 -1
1 1 0 26.7 56.5 7 c26f 0b 7f -1 -1 -1 -1 -1
1 1 0 26.8 56.5 11 c26f 0b 7f -1 -1 -1 -1 -1
1 1 0 26.8 56.5 9 c26f 0b 7f -1 -1 -1 -1 -1
1 1 0 26.6 56.5 9 c26f 0b 7f -1 -1 -1 -1 -1
1 1 1 26.7 56.5 9 c26f 0b 7f -1 -1 -1 -1 -1
1 1 5 26.6 56.5 9 c26f 0b 7f -1 -1 -1 -1 -1
1 1 0 26.8 56.5 11 c26f 0b 7f -1 -1 -1 -1 -1
1 1 0 26.6 56.5 7 c26f 0b 7f -1 -1 -1 -1 -1
1 1 0 26.6 56.5 11 c26f 0b 7f -1 -1 -1 -1 -1
1 1 0 26.7 56.5 9 c26f 0b 7f -1 -1 -1 -1 -1
1 1 0 26.7 56.0 9 c26f 0b 7f -1 -1 -1 -1 -1
1 1 0 26.6 56.0 9 c26f 0b 7f -1 -1 -1 -1 -1
1 1 7 26.6 56.5 9 c26f 0b 7f -1 -1 -1 -1 -1
1 1 0 26.7 56.5 9 c26f 0b 7f -1 -1 -1 -1 -1
1 1 0 26.7 56.5 11 c26f 0b 7f -1 -1 -1 -1 -1
1 1 0 26.6 56.5 7 c26f 0b 7f -1 -1 -1 -1 -1
1 1 0 26.6 57.0 7 c26f 0b 7f -1 -1 -1 -1 -1
1 1 0 26.6 57.0 7 c26f 0b 7f -1 -1 -1 -1 -1
1 1 0 26.6 56.5 7 c26f 0b 7f -1 -1 -1 -1 -1
1 1 0 26.5 56.5 9 c26f 0b 7f -1 -1 -1 -1 -1
1 1 0 26.5 56.0 9 c26f 0b 7f -1 -1 -1 -1 -1
1 1 0 26.5 56.0 9 c26f 0b 7f -1 -1 -1 -1 -1
1 1 0 26.6 55.5 9 c26f 0b 7f -1 -1 -1 -1 -1
1 1 0 26.5 55.5 9 c26f 0b 7f -1 -1 -1 -1 -1
1 1 0 26.5 55.5 9 c26f 0b 7f -1 -1 -1 -1 -1
1 1 8 26.6 55.5 9 c26f 0b 7f -1 -1 -1 -1 -1
1 1 0 26.5 55.5 11 c26f 0b 7f -1 -1 -1 -1 -1
1 1 0 26.6 55.5 9 c26f 0b 7f -1 -1 -1 -1 -1
1 1 0 26.5 56.0 11 c26f 0b 7f -1 -1 -1 -1 -1
1 1 0 26.5 55.5 7 c26f 0b 7f -1 -1 -1 -1 -1
1 1 0 26.5 56.0 7 c26f 0b 7f -1 -1 -1 -1 -1
1 1 0 26.5 55.5 9 c26f 0b 7f -1 -1 -1 -1 -1
1 1 0 26.4 55.5 11 c26f 0b 7f -1 -1 -1 -1 -1
1 1 0 26.5 55.0 11 c26f 0b 7f -1 -1 -1 -1 -1
1 1 0 26.4 55.0 9 c26f 0b 7f -1 -1 -1 -1 -1
1 1 0 26.4 54.5 9 c26f 0b 7f -1 -1 -1 -1 -1
1 1 0 26.4 54.5 11 c26f 0b 7f -1 -1 -1 -1 -1
1 1 0 26.4 54.5 11 c26f 0b 7f -1 -1 -1 -1 -1
1 1 0 26.4 54.0 9 c26f 0b 7f -1 -1 -1 -1 -1
1 1 0 26.4 54.0 9 c26f 0b 7f -1 -1 -1 -1 -1
1 1 0 26.3 53.5 11 c26f 0b 7f -1 -1 -1 -1 -1
1 1 0 26.3 53.5 11 c26f 0b 7f -1 -1 -1 -1 -1
1 1 3 26.3 53.5 11 c26f 0b 7f -1 -1 -1 -1 -1
1 1 8 26.3 53.5 11 c26f 0b 7f -1 -1 -1 -1 -1
1 1 0 26.3 53.0 11 c26f 0b 7f -1 -1 -1 -1 -1
1 1 8 26.3 53.0 14 c26f 0b 7f -1 -1 -1 -1 -1
1 1 0 26.2 53.0 17 c26f 0b 7f -1 -1 -1 -1 -1
1 1 0 26.3 53.0 16 c26f 0b 7f -1 -1 -1 -1 -1
1 1 0 26.3 53.0 14 c26f 0b 7f -1 -1 -1 -1 -1
1 1 0 26.3 53.0 14 c26f 0b 7f -1 -1 -1 -1 -1
1 1 2 26.2 53.0 14 c26f 0b 7f -1 -1 -1 -1 -1
1 1 0 26.2 52.5 19 c26f 0b 7f -1 -1 -1 -1 -1
1 1 0 26.3 52.5 18 c26f 0b 7f -1 -1 -1 -1 -1
1 1 0 26.2 52.5 14 c26f 0b 7f -1 -1 -1 -1 -1
1 1 0 26.3 52.5 16 c26f 0b 7f -1 -1 -1 -1 -1
1 1 0 26.2 52.5 14 c26f 0b 7f -1 -1 -1 -1 -1
1 1 0 26.3 52.5 12 c26f 0b 7f -1 -1 -1 -1 -1
1 1 7 26.2 52.5 14 c26f 0b 7f -1 -1 -1 -1 -1
1 1 0 26.3 53.0 14 c26f 0b 7f -1 -1 -1 -1 -1
1 1 0 26.3 53.0 14 c26f 0b 7f -1 -1 -1 -1 -1
1 1 0 26.3 53.0 14 c26f 0b 7f -1 -1 -1 -1 -1
1 1 0 26.3 53.5 12 c26f 0b 7f -1 -1 -1 -1 -1
1 1 4 26.3 53.5 14 c26f 0b 7f -1 -1 -1 -1 -1
1 1 13 26.2 53.5 12 c26f 0b 7f -1 -1 -1 -1 -1
1 1 1 26.2 54.0 13 c26f 0b 7f -1 -1 -1 -1 -1
1 1 0 26.2 53.5 11 c26f 0b 7f -1 -1 -1 -1 -1
1 1 2 26.2 53.5 9 c26f 0b 7f -1 -1 -1 -1 -1
1 1 2 26.2 53.5 11 c26f 0b 7f -1 -1 -1 -1 -1
1 1 0 26.2 53.5 11 c26f 0b 7f -1 -1 -1 -1 -1
1 1 0 26.2 53.5 11 c26f 0b 7f -1 -1 -1 -1 -1
1 1 1 26.2 53.5 9 c26f 0b 7f -1 -1 -1 -1 -1
1 1 0 26.3 53.5 9 c26f 0b 7f -1 -1 -1 -1 -1
1 1 9 26.2 53.5 11 c26f 0b 7f -1 -1 -1 -1 -1
1 1 0 26.2 54.0 11 c26f 0b 7f -1 -1 -1 -1 -1
1 1 7 26.2 54.0 11 c26f 0b 7f -1 -1 -1 -1 -1
1 1 0 26.3 54.0 9 c26f 0b 7f -1 -1 -1 -1 -1
1 1 0 26.3 54.0 9 c26f 0b 7f -1 -1 -1 -1 -1
1 1 0 26.4 54.5 7 c26f 0b 7f -1 -1 -1 -1 -1
1 1 0 26.3 54.5 11 c26f 0b 7f -1 -1 -1 -1 -1
1 1 0 26.3 54.5 9 c26f 0b 7f -1 -1 -1 -1 -1
1 1 0 26.2 54.0 7 c26f 0b 7f -1 -1 -1 -1 -1
1 1 0 26.2 54.0 5 c26f 0b 7f -1 -1 -1 -1 -1
1 1 0 26.2 54.0 9 c26f 0b 7f -1 -1 -1 -1 -1
1 1 0 26.2 53.5 6 c26f 0b 7f -1 -1 -1 -1 -1
1 1 0 26.2 53.5 6 c26f 0b 7f -1 -1 -1 -1 -1
1 1 0 26.1 53.0 4 c26f 0b 7f -1 -1 -1 -1 -1
1 1 7 26.1 53.0 4 c26f 0b 7f -1 -1 -1 -1 -1
1 1 0 26.1 53.0 4 c26f 0b 7f -1 -1 -1 -1 -1
1 1 0 26.1 52.5 4 c26f 0b 7f -1 -1 -1 -1 -1
1 1 0 26.1 52.5 4 c26f 0b 7f -1 -1 -1 -1 -1
1 1 0 26.1 52.5 4 c26f 0b 7f -1 -1 -1 -1 -1
1 1 1 26.0 52.0 4 c26f 0b 7f -1 -1 -1 -1 -1
1 1 0 26.0 52.0 4 c26f 0b 7f -1 -1 -1 -1 -1
1 1 6 26.0 52.0 6 c26f 0b 7f -1 -1 -1 -1 -1
1 1 0 26.0 52.0 6 c26f 0b 7f -1 -1 -1 -1 -1
1 1 0 26.0 51.5 4 c26f 0b 7f -1 -1 -1 -1 -1
1 1 1 25.9 51.5 4 c26f 0b 7f -1 -1 -1 -1 -1
1 1 0 25.9 51.5 6 c26f 0b 7f -1 -1 -1 -1 -1
1 1 0 26.0 51.0 9 c26f 0b 7f -1 -1 -1 -1 -1
1 1 0 26.0 51.0 7 c26f 0b 7f -1 -1 -1 -1 -1
1 1 4 25.9 51.0 7 c26f 0b 7f -1 -1 -1 -1 -1
1 1 0 25.9 51.0 9 c26f 0b 7f -1 -1 -1 -1 -1
1 1 0 25.9 51.0 11 c26f 0b 7f -1 -1 -1 -1 -1
1 1 0 25.9 51.0 9 c26f 0b 7f -1 -1 -1 -1 -1
1 1 3 25.9 51.0 11 c26f 0b 7f -1 -1 -1 -1 -1
1 1 0 26.0 51.0 9 c26f 0b 7f -1 -1 -1 -1 -1
1 1 0 25.9 51.0 9 c26f 0b 7f -1 -1 -1 -1 -1
1 1 0 25.9 51.0 9 c26f 0b 7f -1 -1 -1 -1 -1
1 1 0 25.9 51.0 9 c26f 0b 7f -1 -1 -1 -1 -1
1 1 0 25.9 51.5 9 c26f 0b 7f -1 -1 -1 -1 -1
1 1 0 25.9 51.5 11 c26f 0b 7f -1 -1 -1 -1 -1
1 1 0 26.0 51.5 11 c26f 0b 7f -1 -1 -1 -1 -1
1 1 0 25.9 51.5 11 c26f 0b 7f -1 -1 -1 -1 -1
1 1 0 26.0 52.0 11 c26f 0b 7f -1 -1 -1 -1 -1
1 1 5 26.0 52.0 11 c26f 0b 7f -1 -1 -1 -1 -1
1 1 0 26.0 52.0 12 c26f 0b 7f -1 -1 -1 -1 -1
1 1 0 25.9 52.5 9 c26f 0b 7f -1 -1 -1 -1 -1
1 1 0 25.9 52.5 11 c26f 0b 7f -1 -1 -1 -1 -1
1 1 0 25.9 52.5 11 c26f 0b 7f -1 -1 -1 -1 -1
1 1 4 25.9 52.5 11 c26f 0b 7f -1 -1 -1 -1 -1
1 1 0 25.9 53.0 11 c26f 0b 7f -1 -1 -1 -1 -1
1 1 0 25.9 52.5 9 c26f 0b 7f -1 -1 -1 -1 -1
1 1 0 25.9 52.5 9 c26f 0b 7f -1 -1 -1 -1 -1
1 1 0 25.9 53.0 9 c26f 0b 7f -1 -1 -1 -1 -1
1 1 6 25.9 53.0 9 c26f 0b 7f -1 -1 -1 -1 -1
1 1 0 25.8 53.0 9 c26f 0b 7f -1 -1 -1 -1 -1
1 1 0 25.9 53.0 9 c26f 0b 7f -1 -1 -1 -1 -1
1 1 0 25.9 53.0 11 c26f 0b 7f -1 -1 -1 -1 -1
1 1 7 25.9 53.0 11 c26f 0b 7f -1 -1 -1 -1 -1
1 1 0 25.9 53.0 9 c26f 0b 7f -1 -1 -1 -1 -1
1 1 0 25.9 52.5 11 c26f 0b 7f -1 -1 -1 -1 -1
1 1 0 25.9 52.5 14 c26f 0b 7f -1 -1 -1 -1 -1
1 1 0 25.8 52.5 12 c26f 0b 7f -1 -1 -1 -1 -1
1 1 8 25.9 52.5 16 c26f 0b 7f -1 -1 -1 -1 -1
1 1 0 25.9 52.5 16 c26f 0b 7f -1 -1 -1 -1 -1
1 1 0 25.9 52.5 14 c26f 0b 7f -1 -1 -1 -1 -1
1 1 0 25.9 52.5 12 c26f 0b 7f -1 -1 -1 -1 -1
1 1 0 25.9 52.5 14 c26f 0b 7f -1 -1 -1 -1 -1
1 1 0 25.9 52.5 16 c26f 0b 7f -1 -1 -1 -1 -1
1 1 0 25.9 52.5 12 c26f 0b 7f -1 -1 -1 -1 -1
1 1 0 25.9 52.5 14 c26f 0b 7f -1 -1 -1 -1 -1
1 1 0 25.9 53.0 12 c26f 0b 7f -1 -1 -1 -1 -1
1 1 0 26.0 53.0 12 c26f 0b 7f -1 -1 -1 -1 -1
1 1 0 25.9 53.0 13 c26f 0b 7f -1 -1 -1 -1 -1
1 1 15 25.9 53.0 11 c26f 0b 7f -1 -1 -1 -1 -1
1 1 4 25.9 53.0 11 c26f 0b 7f -1 -1 -1 -1 -1
1 1 0 25.9 53.0 9 c26f 0b 7f -1 -1 -1 -1 -1
1 1 0 25.9 53.0 9 c26f 0b 7f -1 -1 -1 -1 -1
1 1 5 25.9 53.0 11 c26f 0b 7f -1 -1 -1 -1 -1
1 1 0 26.0 53.0 11 c26f 0b 7f -1 -1 -1 -1 -1
1 1 0 25.9 53.0 11 c26f 0b 7f -1 -1 -1 -1 -1
1 1 15 26.0 53.5 11 c26f 0b 7f -1 -1 -1 -1 -1
1 1 0 26.0 53.5 11 c26f 0b 7f -1 -1 -1 -1 -1
1 1 0 26.0 53.5 11 c26f 0b 7f -1 -1 -1 -1 -1
1 1 9 25.9 53.5 11 c26f 0b 7f -1 -1 -1 -1 -1
1 1 6 26.0 54.0 11 c26f 0b 7f -1 -1 -1 -1 -1
1 1 0 26.1 53.5 9 c26f 0b 7f -1 -1 -1 -1 -1
1 1 0 26.0 54.0 11 c26f 0b 7f -1 -1 -1 -1 -1
1 1 5 26.0 54.0 11 c26f 0b 7f -1 -1 -1 -1 -1
1 1 0 26.0 54.0 9 c26f 0b 7f -1 -1 -1 -1 -1
1 1 0 26.0 54.0 9 c26f 0b 7f -1 -1 -1 -1 -1
1 1 0 25.9 54.0 7 c26f 0b 7f -1 -1 -1 -1 -1
1 1 0 25.9 53.5 11 c26f 0b 7f -1 -1 -1 -1 -1
1 1 0 26.0 53.5 11 c26f 0b 7f -1 -1 -1 -1 -1
1 1 0 25.9 53.5 7 c26f 0b 7f -1 -1 -1 -1 -1
1 1 0 25.9 53.5 7 c26f 0b 7f -1 -1 -1 -1 -1
1 1 0 26.0 53.5 9 c26f 0b 7f -1 -1 -1 -1 -1
1 1 0 25.9 53.0 11 c26f 0b 7f -1 -1 -1 -1 -1
1 1 0 26.0 53.0 9 c26f 0b 7f -1 -1 -1 -1 -1
1 1 0 25.9 53.0 9 c26f 0b 7f -1 -1 -1 -1 -1
1 1 0 26.0 52.5 9 c26f 0b 7f -1 -1 -1 -1 -1
1 1 0 25.9 52.5 9 c26f 0b 7f -1 -1 -1 -1 -1
1 1 0 25.9 53.0 9 c26f 0b 7f -1 -1 -1 -1 -1
1 1 0 25.9 52.5 9 c26f 0b 7f -1 -1 -1 -1 -1
1 1 0 25.9 52.5 9 c26f 0b 7f -1 -1 -1 -1 -1
1 1 0 25.9 52.5 9 c26f 0b 7f -1 -1 -1 -1 -1
1 1 0 25.9 52.5 9 c26f 0b 7f -1 -1 -1 -1 -1
1 1 0 25.9 52.5 9 c26f 0b 7f -1 -1 -1 -1 -1
1 1 0 25.9 52.5 7 c26f 0b 7f -1 -1 -1 -1 -1
1 1 8 25.9 52.5 7 c26f 0b 7f -1 -1 -1 -1 -1
1 1 0 25.9 52.5 11 c26f 0b 7f -1 -1 -1 -1 -1
1 1 0 25.9 52.5 9 c26f 0b 7f -1 -1 -1 -1 -1
1 1 0 25.9 52.5 9 c26f 0b 7f -1 -1 -1 -1 -1
1 1 5 25.9 52.5 9 c26f 0b 7f -1 -1 -1 -1 -1
1 1 12 25.9 52.5 9 c26f 0b 7f -1 -1 -1 -1 -1
1 1 7 25.9 52.5 7 c26f 0b 7f -1 -1 -1 -1 -1
1 1 13 25.9 52.5 5 c26f 0b 7f -1 -1 -1 -1 -1
1 1 14 25.8 52.5 6 c26f 0b 7f -1 -1 -1 -1 -1
1 1 6 25.9 52.5 4 c26f 0b 7f -1 -1 -1 -1 -1
1 1 5 25.9 53.0 2 c26f 0b 7f -1 -1 -1 -1 -1
1 1 9 25.9 53.0 6 c26f 0b 7f -1 -1 -1 -1 -1
1 1 11 26.0 53.5 4 c26f 0b 7f -1 -1 -1 -1 -1
1 1 0 25.9 53.5 4 c26f 0b 7f -1 -1 -1 -1 -1
1 1 0 25.9 53.0 4 c26f 0b 7f -1 -1 -1 -1 -1
1 1 0 25.9 54.0 4 c26f 0b 7f -1 -1 -1 -1 -1
1 1 0 25.8 53.5 4 c26f 0b 7f -1 -1 -1 -1 -1
1 1 1 25.9 53.5 4 c26f 0b 7f -1 -1 -1 -1 -1
1 1 4 25.9 53.5 4 c26f 0b 7f -1 -1 -1 -1 -1
1 1 1 25.8 53.5 6 c26f 0b 7f -1 -1 -1 -1 -1
1 1 0 25.9 53.5 2 c26f 0b 7f -1 -1 -1 -1 -1
1 1 0 25.8 53.5 4 c26f 0b 7f -1 -1 -1 -1 -1
1 1 0 25.8 53.5 4 c26f 0b 7f -1 -1 -1 -1 -1
1 1 0 25.8 53.5 6 c26f 0b 7f -1 -1 -1 -1 -1
1 1 0 25.8 53.5 6 c26f 0b 7f -1 -1 -1 -1 -1
1 1 0 25.8 53.5 6 c26f 0b 7f -1 -1 -1 -1 -1
1 1 0 25.8 53.5 6 c26f 0b 7f -1 -1 -1 -1 -1
1 1 0 25.8 53.5 6 c26f 0b 7f -1 -1 -1 -1 -1
1 1 0 25.9 54.0 6 c26f 0b 7f -1 -1 -1 -1 -1
1 1 0 25.9 54.0 9 c26f 0b 7f -1 -1 -1 -1 -1
1 1 0 25.8 54.5 5 c26f 0b 7f -1 -1 -1 -1 -1
1 1 0 25.8 54.5 5 c26f 0b 7f -1 -1 -1 -1 -1
1 1 0 25.9 54.5 5 c26f 0b 7f -1 -1 -1 -1 -1
1 1 0 25.8 54.5 7 c26f 0b 7f -1 -1 -1 -1 -1
1 1 0 25.8 54.5 7 c26f 0b 7f -1 -1 -1 -1 -1
1 1 0 25.9 54.5 7 c26f 0b 7f -1 -1 -1 -1 -1
1 1 0 25.8 54.5 7 c26f 0b 7f -1 -1 -1 -1 -1
1 1 5 25.8 54.5 9 c26f 0b 7f -1 -1 -1 -1 -1
1 1 9 25.8 54.5 9 c26f 0b 7f -1 -1 -1 -1 -1
1 1 0 25.8 54.5 9 c26f 0b 7f -1 -1 -1 -1 -1
1 1 0 25.8 54.5 9 c26f 0b 7f -1 -1 -1 -1 -1
1 1 0 25.8 54.0 5 c26f 0b 7f -1 -1 -1 -1 -1
1 1 0 25.8 54.0 7 c26f 0b 7f -1 -1 -1 -1 -1
1 1 6 25.7 54.0 7 c26f 0b 7f -1 -1 -1 -1 -1
1 1 7 25.8 54.0 5 c26f 0b 7f -1 -1 -1 -1 -1
1 1 0 25.8 54.0 7 c26f 0b 7f -1 -1 -1 -1 -1
1 1 0 25.8 54.0 7 c26f 0b 7f -1 -1 -1 -1 -1
1 1 0 25.8 54.0 7 c26f 0b 7f -1 -1 -1 -1 -1
1 1 3 25.8 54.0 7 c26f 0b 7f -1 -1 -1 -1 -1
1 1 7 25.8 54.0 7 c26f 0b 7f -1 -1 -1 -1 -1
1 1 0 25.8 54.0 7 c26f 0b 7f -1 -1 -1 -1 -1
1 1 0 25.7 54.0 9 c26f 0b 7f -1 -1 -1 -1 -1
1 1 0 25.7 54.0 9 c26f 0b 7f -1 -1 -1 -1 -1
1 1 0 25.8 54.0 9 c26f 0b 7f -1 -1 -1 -1 -1
1 1 9 25.7 54.0 11 c26f 0b 7f -1 -1 -1 -1 -1
1 1 4 25.8 54.0 7 c26f 0b 7f -1 -1 -1 -1 -1
1 1 0 25.7 54.0 7 c26f 0b 7f -1 -1 -1 -1 -1
1 1 0 25.8 54.0 7 c26f 0b 7f -1 -1 -1 -1 -1
1 1 5 25.8 54.0 7 c26f 0b 7f -1 -1 -1 -1 -1
1 1 0 25.8 54.0 7 c26f 0b 7f -1 -1 -1 -1 -1
1 1 5 25.7 54.5 7 c26f 0b 7f -1 -1 -1 -1 -1
1 1 0 25.8 54.5 5 c26f 0b 7f -1 -1 -1 -1 -1
1 1 0 25.7 54.5 5 c26f 0b 7f -1 -1 -1 -1 -1
1 1 0 25.7 54.5 5 c26f 0b 7f -1 -1 -1 -1 -1
1 1 0 25.7 54.5 7 c26f 0b 7f -1 -1 -1 -1 -1
1 1 0 25.8 54.5 7 c26f 0b 7f -1 -1 -1 -1 -1
1 1 0 25.8 54.0 7 c26f 0b 7f -1 -1 -1 -1 -1
1 1 0 25.7 54.0 7 c26f 0b 7f -1 -1 -1 -1 -1
1 1 5 25.7 54.0 7 c26f 0b 7f -1 -1 -1 -1 -1
1 1 0 25.7 54.0 7 c26f 0b 7f -1 -1 -1 -1 -1
1 1 0 25.7 54.0 7 c26f 0b 7f -1 -1 -1 -1 -1
1 1 0 25.7 54.0 7 c26f 0b 7f -1 -1 -1 -1 -1
1 1 0 25.7 54.5 7 c26f 0b 7f -1 -1 -1 -1 -1
1 1 0 25.7 54.0 7 c26f 0b 7f -1 -1 -1 -1 -1
1 1 0 25.7 54.0 7 c26f 0b 7f -1 -1 -1 -1 -1
1 1 0 25.7 54.0 7 c26f 0b 7f -1 -1 -1 -1 -1
1 1 0 25.7 54.0 7 c26f 0b 7f -1 -1 -1 -1 -1
1 1 0 25.7 54.0 7 c26f 0b 7f -1 -1 -1 -1 -1
1 1 0 25.8 54.5 7 c26f 0b 7f -1 -1 -1 -1 -1
1 1 0 25.8 54.5 7 c26f 0b 7f -1 -1 -1 -1 -1
1 1 0 25.7 54.5 9 c26f 0b 7f -1 -1 -1 -1 -1
1 1 7 25.8 55.0 9 c26f 0b 7f -1 -1 -1 -1 -1
1 1 6 25.8 55.0 5 c26f 0b 7f -1 -1 -1 -1 -1
1 1 0 25.8 55.0 5 c26f 0b 7f -1 -1 -1 -1 -1
1 1 0 25.8 55.0 5 c26f 0b 7f -1 -1 -1 -1 -1
1 1 0 25.8 55.5 7 c26f 0b 7f -1 -1 -1 -1 -1
1 1 0 25.9 55.5 7 c26f 0b 7f -1 -1 -1 -1 -1
1 1 5 25.8 56.0 7 c26f 0b 7f -1 -1 -1 -1 -1
1 1 0 25.9 56.5 7 c26f 0b 7f -1 -1 -1 -1 -1
1 1 0 25.9 57.0 7 c26f 0b 7f -1 -1 -1 -1 -1
1 1 0 26.0 57.0 7 c26f 0b 7f -1 -1 -1 -1 -1
1 1 5 26.0 57.5 7 c26f 0b 7f -1 -1 -1 -1 -1
1 1 0 26.0 58.5 7 c26f 0b 7f -1 -1 -1 -1 -1
1 1 1 26.0 58.5 7 c26f 0b 7f -1 -1 -1 -1 -1
1 1 6 25.9 58.5 7 c26f 0b 7f -1 -1 -1 -1 -1
1 1 4 25.9 58.5 7 c26f 0b 7f -1 -1 -1 -1 -1
1 1 0 25.9 59.0 7 c26f 0b 7f -1 -1 -1 -1 -1
1 1 0 25.9 58.5 7 c26f 0b 7f -1 -1 -1 -1 -1
1 1 0 25.9 58.0 7 c26f 0b 7f -1 -1 -1 -1 -1
1 1 0 25.9 58.0 5 c26f 0b 7f -1 -1 -1 -1 -1
1 1 0 25.9 58.0 5 c26f 0b 7f -1 -1 -1 -1 -1
1 1 0 26.0 57.5 5 c26f 0b 7f -1 -1 -1 -1 -1
1 1 0 25.9 57.5 9 c26f 0b 7f -1 -1 -1 -1 -1
1 1 0 25.9 57.5 9 c26f 0b 7f -1 -1 -1 -1 -1
1 1 0 25.9 57.5 5 c26f 0b 7f -1 -1 -1 -1 -1
1 1 0 25.8 57.5 9 c26f 0b 7f -1 -1 -1 -1 -1
1 1 0 25.9 57.5 5 c26f 0b 7f -1 -1 -1 -1 -1
1 1 0 25.9 57.0 5 c26f 0b 7f -1 -1 -1 -1 -1
1 1 0 25.9 57.0 5 c26f 0b 7f -1 -1 -1 -1 -1
1 1 8 25.9 57.0 5 c26f 0b 7f -1 -1 -1 -1 -1
1 1 0 25.9 57.0 7 c26f 0b 7f -1 -1 -1 -1 -1
1 1 0 25.9 57.0 7 c26f 0b 7f -1 -1 -1 -1 -1
1 1 5 25.9 57.5 5 c26f 0b 7f -1 -1 -1 -1 -1
1 1 0 25.9 57.5 9 c26f 0b 7f -1 -1 -1 -1 -1
1 1 5 25.9 58.5 7 c26f 0b 7f -1 -1 -1 -1 -1
1 1 0 26.0 58.0 9 c26f 0b 7f -1 -1 -1 -1 -1
1 1 0 25.9 58.0 7 c26f 0b 7f -1 -1 -1 -1 -1
1 1 0 26.0 58.0 11 c26f 0b 7f -1 -1 -1 -1 -1
1 1 0 26.0 58.0 11 c26f 0b 7f -1 -1 -1 -1 -1
1 1 0 26.0 58.5 11 c26f 0b 7f -1 -1 -1 -1 -1
1 1 0 26.0 58.5 9 c26f 0b 7f -1 -1 -1 -1 -1
1 1 0 26.0 58.5 9 c26f 0b 7f -1 -1 -1 -1 -1
1 1 0 26.0 58.5 9 c26f 0b 7f -1 -1 -1 -1 -1
1 1 0 26.0 58.5 9 c26f 0b 7f -1 -1 -1 -1 -1
1 1 0 26.0 58.5 9 c26f 0b 7f -1 -1 -1 -1 -1
1 1 0 26.0 58.5 9 c26f 0b 7f -1 -1 -1 -1 -1
1 1 24 26.0 58.5 7 c26f 0b 7f -1 -1 -1 -1 -1
1 1 0 26.0 58.5 7 c26f 0b 7f -1 -1 -1 -1 -1
1 1 0 26.1 58.5 9 c26f 0b 7f -1 -1 -1 -1 -1
1 1 0 26.0 58.5 9 c26f 0b 7f -1 -1 -1 -1 -1
1 1 0 26.0 58.5 9 c26f 0b 7f -1 -1 -1 -1 -1
1 1 6 26.0 58.5 9 c26f 0b 7f -1 -1 -1 -1 -1
1 1 0 26.0 58.0 9 c26f 0b 7f -1 -1 -1 -1 -1
1 1 0 26.0 58.0 9 c26f 0b 7f -1 -1 -1 -1 -1
1 1 0 26.0 57.5 9 c26f 0b 7f -1 -1 -1 -1 -1
1 1 8 26.0 58.0 9 c26f 0b 7f -1 -1 -1 -1 -1
1 1 11 26.0 58.0 7 c26f 0b 7f -1 -1 -1 -1 -1
1 1 13 26.0 58.5 9 c26f 0b 7f -1 -1 -1 -1 -1
1 1 0 26.1 58.0 9 c26f 0b 7f -1 -1 -1 -1 -1
1 1 0 26.1 58.5 9 c26f 0b 7f -1 -1 -1 -1 -1
1 1 0 26.0 58.5 9 c26f 0b 7f -1 -1 -1 -1 -1
1 1 0 26.0 58.0 7 c26f 0b 7f -1 -1 -1 -1 -1
1 1 0 26.0 57.5 7 c26f 0b 7f -1 -1 -1 -1 -1
1 1 0 26.0 57.5 7 c26f 0b 7f -1 -1 -1 -1 -1
1 1 0 25.9 57.0 7 c26f 0b 7f -1 -1 -1 -1 -1
1 1 0 25.9 57.0 5 c26f 0b 7f -1 -1 -1 -1 -1
1 1 0 25.9 57.5 5 c26f 0b 7f -1 -1 -1 -1 -1
1 1 0 25.9 57.0 5 c26f 0b 7f -1 -1 -1 -1 -1
1 1 0 25.9 56.5 5 c26f 0b 7f -1 -1 -1 -1 -1
1 1 0 25.9 56.5 5 c26f 0b 7f -1 -1 -1 -1 -1
1 1 4 25.9 57.0 6 c26f 0b 7f -1 -1 -1 -1 -1
1 1 10 25.9 57.0 5 c26f 0b 7f -1 -1 -1 -1 -1
1 1 6 25.8 57.0 5 c26f 0b 7f -1 -1 -1 -1 -1
1 1 0 25.9 56.5 5 c26f 0b 7f -1 -1 -1 -1 -1
1 1 7 25.9 56.5 5 c26f 0b 7f -1 -1 -1 -1 -1
1 1 0 25.9 57.0 5 c26f 0b 7f -1 -1 -1 -1 -1
1 1 0 25.9 57.0 5 c26f 0b 7f -1 -1 -1 -1 -1
1 1 0 25.9 56.5 5 c26f 0b 7f -1 -1 -1 -1 -1
1 1 0 25.9 57.0 5 c26f 0b 7f -1 -1 -1 -1 -1
1 1 0 25.9 56.5 5 c26f 0b 7f -1 -1 -1 -1 -1
1 1 0 25.9 56.5 5 c26f 0b 7f -1 -1 -1 -1 -1
1 1 0 25.9 56.5 5 c26f 0b 7f -1 -1 -1 -1 -1
1 1 0 25.9 56.5 5 c26f 0b 7f -1 -1 -1 -1 -1
1 1 0 25.9 56.5 7 c26f 0b 7f -1 -1 -1 -1 -1
1 1 0 25.9 56.0 7 c26f 0b 7f -1 -1 -1 -1 -1
1 1 0 25.9 56.0 7 c26f 0b 7f -1 -1 -1 -1 -1
1 1 18 25.8 56.5 7 c26f 0b 7f -1 -1 -1 -1 -1
1 1 0 25.8 56.0 7 c26f 0b 7f -1 -1 -1 -1 -1
1 1 0 25.8 56.0 5 c26f 0b 7f -1 -1 -1 -1 -1
1 1 15 25.8 56.0 5 c26f 0b 7f -1 -1 -1 -1 -1
1 1 0 25.8 56.0 5 c26f 0b 7f -1 -1 -1 -1 -1
1 1 0 25.8 56.0 5 c26f 0b 7f -1 -1 -1 -1 -1
1 1 0 25.8 56.0 5 c26f 0b 7f -1 -1 -1 -1 -1
1 1 5 25.8 56.0 5 c26f 0b 7f -1 -1 -1 -1 -1
1 1 0 25.9 56.0 5 c26f 0b 7f -1 -1 -1 -1 -1
1 1 5 25.9 56.5 5 c26f 0b 7f -1 -1 -1 -1 -1
1 1 0 25.8 56.0 5 c26f 0b 7f -1 -1 -1 -1 -1
1 1 1 25.8 56.0 9 c26f 0b 7f -1 -1 -1 -1 -1
1 1 0 25.8 56.5 5 c26f 0b 7f -1 -1 -1 -1 -1
1 1 0 25.8 56.0 5 c26f 0b 7f -1 -1 -1 -1 -1
1 1 7 25.8 56.5 9 c26f 0b 7f -1 -1 -1 -1 -1
1 1 0 25.8 56.0 9 c26f 0b 7f -1 -1 -1 -1 -1
1 1 0 25.8 56.0 6 c26f 0b 7f -1 -1 -1 -1 -1
1 1 10 25.8 56.5 6 c26f 0b 7f -1 -1 -1 -1 -1
1 1 7 25.8 56.0 6 c26f 0b 7f -1 -1 -1 -1 -1
1 1 0 25.9 56.0 6 c26f 0b 7f -1 -1 -1 -1 -1
1 1 0 25.7 56.0 6 c26f 0b 7f -1 -1 -1 -1 -1
1 1 0 25.8 55.5 6 c26f 0b 7f -1 -1 -1 -1 -1
1 1 0 25.8 55.5 6 c26f 0b 7f -1 -1 -1 -1 -1
1 1 0 25.7 55.5 6 c26f 0b 7f -1 -1 -1 -1 -1
1 1 0 25.7 55.0 4 c26f 0b 7f -1 -1 -1 -1 -1
1 1 0 25.7 55.0 4 c26f 0b 7f -1 -1 -1 -1 -1
1 1 0 25.7 55.0 4 c26f 0b 7f -1 -1 -1 -1 -1
1 1 0 25.6 55.0 4 c26f 0b 7f -1 -1 -1 -1 -1
1 1 0 25.7 55.0 4 c26f 0b 7f -1 -1 -1 -1 -1
1 1 0 25.7 55.5 4 c26f 0b 7f -1 -1 -1 -1 -1
1 1 0 25.7 55.0 4 c26f 0b 7f -1 -1 -1 -1 -1
1 1 0 25.7 55.5 4 c26f 0b 7f -1 -1 -1 -1 -1
1 1 13 25.7 55.5 4 c26f 0b 7f -1 -1 -1 -1 -1
1 1 1 25.6 55.5 4 c26f 0b 7f -1 -1 -1 -1 -1
1 1 0 25.7 55.5 4 c26f 0b 7f -1 -1 -1 -1 -1
1 1 0 25.6 55.5 4 c26f 0b 7f -1 -1 -1 -1 -1
1 1 0 25.7 55.0 6 c26f 0b 7f -1 -1 -1 -1 -1
1 1 0 25.7 55.0 6 c26f 0b 7f -1 -1 -1 -1 -1
1 1 0 25.6 54.5 6 c26f 0b 7f -1 -1 -1 -1 -1
1 1 0 25.6 54.5 6 c26f 0b 7f -1 -1 -1 -1 -1
1 1 0 25.6 55.0 6 c26f 0b 7f -1 -1 -1 -1 -1
1 1 1 25.6 54.5 11 c26f 0b 7f -1 -1 -1 -1 -1
1 1 0 25.6 54.5 11 c26f 0b 7f -1 -1 -1 -1 -1
1 1 7 25.5 55.0 11 c26f 0b 7f -1 -1 -1 -1 -1
1 1 0 25.6 55.0 11 c26f 0b 7f -1 -1 -1 -1 -1
1 1 5 25.6 55.0 11 c26f 0b 7f -1 -1 -1 -1 -1
1 1 0 25.6 55.0 11 c26f 0b 7f -1 -1 -1 -1 -1
1 1 0 25.6 55.0 11 c26f 0b 7f -1 -1 -1 -1 -1
1 1 0 25.6 55.5 11 c26f 0b 7f -1 -1 -1 -1 -1
1 1 0 25.7 56.0 11 c26f 0b 7f -1 -1 -1 -1 -1
1 1 0 25.7 56.0 11 c26f 0b 7f -1 -1 -1 -1 -1
1 1 0 25.7 56.0 11 c26f 0b 7f -1 -1 -1 -1 -1
1 1 0 25.7 56.0 11 c26f 0b 7f -1 -1 -1 -1 -1
1 1 0 25.6 56.0 9 c26f 0b 7f -1 -1 -1 -1 -1
1 1 8 25.7 56.5 9 c26f 0b 7f -1 -1 -1 -1 -1
1 1 0 25.7 56.5 9 c26f 0b 7f -1 -1 -1 -1 -1
1 1 6 25.7 57.0 9 c26f 0b 7f -1 -1 -1 -1 -1
1 1 0 25.7 57.0 9 c26f 0b 7f -1 -1 -1 -1 -1
1 1 0 25.7 57.0 9 c26f 0b 7f -1 -1 -1 -1 -1
1 1 0 25.7 57.0 9 c26f 0b 7f -1 -1 -1 -1 -1
1 1 0 25.7 57.0 9 c26f 0b 7f -1 -1 -1 -1 -1
1 1 0 25.7 57.0 9 c26f 0b 7f -1 -1 -1 -1 -1
1 1 0 25.7 57.5 11 c26f 0b 7f -1 -1 -1 -1 -1
1 1 0 25.8 58.0 9 c26f 0b 7f -1 -1 -1 -1 -1
1 1 0 25.7 58.0 11 c26f 0b 7f -1 -1 -1 -1 -1
1 1 0 25.8 58.0 9 c26f 0b 7f -1 -1 -1 -1 -1
1 1 0 25.8 58.0 9 c26f 0b 7f -1 -1 -1 -1 -1
1 1 0 25.8 58.5 9 c26f 0b 7f -1 -1 -1 -1 -1
1 1 12 25.8 58.5 13 c26f 0b 7f -1 -1 -1 -1 -1
1 1 0 25.8 58.5 9 c26f 0b 7f -1 -1 -1 -1 -1
1 1 0 25.8 59.0 9 c26f 0b 7f -1 -1 -1 -1 -1
1 1 5 25.8 59.0 9 c26f 0b 7f -1 -1 -1 -1 -1
1 1 15 25.8 59.0 17 c26f 7b 7f -1 -1 -1 -1 -1
1 1 18 25.8 59.0 19 c26f 7b 7f -1 -1 -1 -1 -1
1 1 13 25.9 59.5 19 c26f 7b 7f -1 -1 -1 -1 -1
1 1 0 25.9 59.5 19 c26f 7b 7f -1 -1 -1 -1 -1
1 1 0 25.8 59.5 19 c26f 7b 7f -1 -1 -1 -1 -1
1 1 0 25.9 59.5 19 c26f 7b 7f -1 -1 -1 -1 -1
1 1 0 25.9 59.5 19 c26f 7b 7f -1 -1 -1 -1 -1
1 1 0 25.9 60.0 19 c26f 7b 7f -1 -1 -1 -1 -1
1 1 6 25.8 60.0 19 c26f 7b 7f -1 -1 -1 -1 -1
1 1 11 25.9 60.5 19 c26f 7b 7f -1 -1 -1 -1 -1
1 1 0 25.9 60.5 19 c26f 7b 7f -1 -1 -1 -1 -1
1 1 0 25.9 60.5 17 c26f 7b 7f -1 -1 -1 -1 -1
1 1 0 25.9 60.5 17 c26f 7b 7f -1 -1 -1 -1 -1
1 1 0 25.9 60.5 17 c26f 7b 7f -1 -1 -1 -1 -1
1 1 0 25.9 60.0 17 c26f 7b 7f -1 -1 -1 -1 -1
1 1 0 25.9 60.0 17 c26f 7b 7f -1 -1 -1 -1 -1
1 1 0 25.9 60.0 17 c26f 7b 7f -1 -1 -1 -1 -1
1 1 8 25.8 59.5 17 c26f 7b 7f -1 -1 -1 -1 -1
1 1 1 25.8 59.5 17 c26f 7b 7f -1 -1 -1 -1 -1
1 1 0 25.9 59.0 17 c26f 7b 7f -1 -1 -1 -1 -1
1 1 0 25.8 59.0 17 c26f 7b 7f -1 -1 -1 -1 -1
1 1 6 25.9 58.5 17 c26f 7b 7f -1 -1 -1 -1 -1
1 1 6 25.9 59.0 17 c26f 7b 7f -1 -1 -1 -1 -1
1 1 0 25.9 59.0 17 c26f 7b 7f -1 -1 -1 -1 -1
1 1 8 25.8 58.5 17 c26f 7b 7f -1 -1 -1 -1 -1
1 1 0 25.9 58.5 17 c26f 7b 7f -1 -1 -1 -1 -1
1 1 0 26.0 58.5 17 c26f 7b 7f -1 -1 -1 -1 -1
1 1 0 25.9 58.5 17 c26f 7b 7f -1 -1 -1 -1 -1
1 1 0 25.9 58.0 17 c26f 7b 7f -1 -1 -1 -1 -1
1 1 0 25.9 58.0 17 c26f 7b 7f -1 -1 -1 -1 -1
1 1 0 25.8 57.5 17 c26f 7b 7f -1 -1 -1 -1 -1
1 1 4 25.8 57.5 17 c26f 7b 7f -1 -1 -1 -1 -1
1 1 0 25.9 57.0 17 c26f 7b 7f -1 -1 -1 -1 -1
1 1 5 25.9 57.0 17 c26f 7b 7f -1 -1 -1 -1 -1
1 1 2 25.9 57.0 17 c26f 7b 7f -1 -1 -1 -1 -1
1 1 0 25.9 57.0 17 c26f 7b 7f -1 -1 -1 -1 -1
1 1 0 25.8 57.0 17 c26f 7b 7f -1 -1 -1 -1 -1
1 1 0 25.8 57.0 17 c26f 7b 7f -1 -1 -1 -1 -1
1 1 0 25.9 57.0 17 c26f 7b 7f -1 -1 -1 -1 -1
1 1 0 25.8 57.0 17 c26f 7b 7f -1 -1 -1 -1 -1
1 1 0 25.9 56.5 17 c26f 7b 7f -1 -1 -1 -1 -1
1 1 0 25.9 56.5 17 c26f 7b 7f -1 -1 -1 -1 -1
1 1 0 25.8 56.5 17 c26f 7b 7f -1 -1 -1 -1 -1
1 1 9 25.9 56.5 17 c26f 7b 7f -1 -1 -1 -1 -1
1 1 0 25.9 56.5 17 c26f 7b 7f -1 -1 -1 -1 -1
1 1 11 25.8 56.5 17 c26f 7b 7f -1 -1 -1 -1 -1
1 1 0 25.9 56.0 17 c26f 7b 7f -1 -1 -1 -1 -1
1 1 0 25.9 56.0 17 c26f 7b 7f -1 -1 -1 -1 -1
1 1 0 25.9 56.0 17 c26f 7b 7f -1 -1 -1 -1 -1
1 1 0 25.9 56.0 17 c26f 7b 7f -1 -1 -1 -1 -1
1 1 0 25.8 56.0 17 c26f 7b 7f -1 -1 -1 -1 -1
1 1 0 25.8 55.5 17 c26f 7b 7f -1 -1 -1 -1 -1
1 1 0 25.8 56.0 17 c26f 7b 7f -1 -1 -1 -1 -1
1 1 6 25.8 56.0 17 c26f 7b 7f -1 -1 -1 -1 -1
1 1 5 25.8 55.5 17 c26f 7b 7f -1 -1 -1 -1 -1
1 1 8 25.9 55.5 17 c26f 7b 7f -1 -1 -1 -1 -1
1 1 5 25.9 55.5 17 c26f 7b 7f -1 -1 -1 -1 -1
1 1 0 25.8 55.5 19 c26f 7b 7f -1 -1 -1 -1 -1
1 1 0 25.8 55.5 17 c26f 7b 7f -1 -1 -1 -1 -1
1 1 2 25.9 55.5 17 c26f 7b 7f -1 -1 -1 -1 -1
1 1 5 25.9 55.5 19 c26f 7b 7f -1 -1 -1 -1 -1
1 1 0 25.9 55.5 19 c26f 7b 7f -1 -1 -1 -1 -1
1 1 0 25.8 55.5 19 c26f 7b 7f -1 -1 -1 -1 -1
1 1 0 25.8 55.5 19 c26f 7b 7f -1 -1 -1 -1 -1
1 1 10 25.8 55.5 19 c26f 7b 7f -1 -1 -1 -1 -1
1 1 0 25.8 55.5 17 c26f 7b 7f -1 -1 -1 -1 -1
1 1 0 25.8 55.5 17 c26f 7b 7f -1 -1 -1 -1 -1
1 1 0 25.8 56.0 17 c26f 7b 7f -1 -1 -1 -1 -1
1 1 0 25.9 55.5 17 c26f 7b 7f -1 -1 -1 -1 -1
1 1 0 25.8 55.5 17 c26f 7b 7f -1 -1 -1 -1 -1
1 1 15 25.8 55.5 19 c26f 7b 7f -1 -1 -1 -1 -1
1 1 0 25.9 55.0 19 c26f 7b 7f -1 -1 -1 -1 -1
1 1 0 25.8 55.0 19 c26f 7b 7f -1 -1 -1 -1 -1
1 1 0 25.8 55.0 19 c26f 7b 7f -1 -1 -1 -1 -1
1 1 0 25.8 54.5 21 c26f 7b 7f -1 -1 -1 -1 -1
1 1 0 25.8 54.5 23 c26f 7b 7f -1 -1 -1 -1 -1
1 1 0 25.7 54.5 26 c26f 7b 7f -1 -1 -1 -1 -1
1 1 4 25.7 54.5 20 c26f 7b 7f -1 -1 -1 -1 -1
1 1 19 25.7 54.5 21 c26f 7b 7f -1 -1 -1 -1 -1
1 1 6 25.7 54.5 20 c26f 7b 7f -1 -1 -1 -1 -1
1 1 0 25.8 54.5 21 c26f 7b 7f -1 -1 -1 -1 -1
1 1 5 25.7 54.5 22 c26f 7b 7f -1 -1 -1 -1 -1
1 1 0 25.9 55.0 21 c26f 7b 7f -1 -1 -1 -1 -1
1 1 0 25.8 54.5 19 c26f 7b 7f -1 -1 -1 -1 -1
1 1 0 25.8 54.5 19 c26f 7b 7f -1 -1 -1 -1 -1
1 1 1 25.8 54.5 21 c26f 7b 7f -1 -1 -1 -1 -1
1 1 0 25.8 54.5 23 c26f 7b 7f -1 -1 -1 -1 -1
1 1 11 25.7 54.5 18 c26f 7b 7f -1 -1 -1 -1 -1
1 1 0 25.8 54.0 20 c26f 7b 7f -1 -1 -1 -1 -1
1 1 0 25.8 54.0 20 c26f 7b 7f -1 -1 -1 -1 -1
1 1 8 25.7 54.0 23 c26f 7b 7f -1 -1 -1 -1 -1
1 1 2 25.7 54.5 21 c26f 7b 7f -1 -1 -1 -1 -1
1 1 0 25.8 54.5 20 c26f 7b 7f -1 -1 -1 -1 -1
1 1 0 25.7 54.5 21 c26f 7b 7f -1 -1 -1 -1 -1
1 1 0 25.8 54.5 19 c26f 7b 7f -1 -1 -1 -1 -1
1 1 0 25.8 55.5 21 c26f 7b 7f -1 -1 -1 -1 -1
1 1 9 25.8 55.5 19 c26f 7b 7f -1 -1 -1 -1 -1
1 1 8 25.8 55.5 19 c26f 7b 7f -1 -1 -1 -1 -1
1 1 0 25.8 56.0 17 c26f 7b 7f -1 -1 -1 -1 -1
1 1 0 25.8 56.5 17 c26f 7b 7f -1 -1 -1 -1 -1
1 1 0 25.8 56.5 17 c26f 7b 7f -1 -1 -1 -1 -1
1 1 0 25.8 56.5 21 c26f 7b 7f -1 -1 -1 -1 -1
1 1 0 25.9 56.5 19 c26f 7b 7f -1 -1 -1 -1 -1
1 1 9 25.8 56.5 19 c26f 7b 7f -1 -1 -1 -1 -1
1 1 0 25.8 56.5 19 c26f 7b 7f -1 -1 -1 -1 -1
1 1 0 25.9 56.5 19 c26f 7b 7f -1 -1 -1 -1 -1
1 1 0 25.8 56.0 19 c26f 7b 7f -1 -1 -1 -1 -1
1 1 8 25.8 56.0 19 c26f 7b 7f -1 -1 -1 -1 -1
1 1 0 25.7 56.0 17 c26f 7b 7f -1 -1 -1 -1 -1
1 1 0 25.8 55.5 17 c26f 7b 7f -1 -1 -1 -1 -1
1 1 0 25.8 55.5 17 c26f 7b 7f -1 -1 -1 -1 -1
1 1 0 25.8 55.5 17 c26f 7b 7f -1 -1 -1 -1 -1
1 1 0 25.8 55.0 17 c26f 7b 7f -1 -1 -1 -1 -1
1 1 21 25.8 55.0 17 c26f 7b 7f -1 -1 -1 -1 -1
1 1 0 25.7 55.0 17 c26f 7b 7f -1 -1 -1 -1 -1
1 1 0 25.8 54.5 15 c26f 7b 7f -1 -1 -1 -1 -1
1 1 0 25.8 55.0 15 c26f 7b 7f -1 -1 -1 -1 -1
1 1 0 25.8 54.5 17 c26f 7b 7f -1 -1 -1 -1 -1
1 1 0 25.8 54.5 15 c26f 7b 7f -1 -1 -1 -1 -1
1 1 0 25.8 54.5 15 c26f 7b 7f -1 -1 -1 -1 -1
1 1 0 25.7 54.5 15 c26f 7b 7f -1 -1 -1 -1 -1
1 1 0 25.7 54.5 15 c26f 7b 7f -1 -1 -1 -1 -1
1 1 0 25.7 54.5 15 c26f 7b 7f -1 -1 -1 -1 -1
1 1 0 25.7 54.5 19 c26f 7b 7f -1 -1 -1 -1 -1
1 1 0 25.7 54.5 19 c26f 7b 7f -1 -1 -1 -1 -1
1 1 4 25.8 54.0 17 c26f 7b 7f -1 -1 -1 -1 -1
1 1 8 25.7 54.0 19 c26f 7b 7f -1 -1 -1 -1 -1
1 1 17 25.7 54.0 17 c26f 7b 7f -1 -1 -1 -1 -1
1 1 0 25.7 54.0 17 c26f 7b 7f -1 -1 -1 -1 -1
1 1 0 25.7 54.0 17 c26f 7b 7f -1 -1 -1 -1 -1
1 1 0 25.6 54.0 17 c26f 7b 7f -1 -1 -1 -1 -1
1 1 0 25.7 54.0 17 c26f 7b 7f -1 -1 -1 -1 -1
1 1 0 25.7 54.0 17 c26f 7b 7f -1 -1 -1 -1 -1
1 1 0 25.6 54.0 17 c26f 7b 7f -1 -1 -1 -1 -1
1 1 0 25.7 54.0 17 c26f 7b 7f -1 -1 -1 -1 -1
1 1 0 25.7 54.0 17 c26f 7b 7f -1 -1 -1 -1 -1
1 1 0 25.7 54.5 17 c26f 7b 7f -1 -1 -1 -1 -1
1 1 0 25.7 54.5 17 c26f 7b 7f -1 -1 -1 -1 -1
1 1 0 25.8 55.0 17 c26f 7b 7f -1 -1 -1 -1 -1
1 1 0 25.7 55.5 17 c26f 7b 7f -1 -1 -1 -1 -1
1 1 0 25.8 55.5 17 c26f 7b 7f -1 -1 -1 -1 -1
1 1 0 25.7 55.0 17 c26f 7b 7f -1 -1 -1 -1 -1
1 1 0 25.7 55.0 17 c26f 7b 7f -1 -1 -1 -1 -1
1 1 0 25.7 54.5 17 c26f 7b 7f -1 -1 -1 -1 -1
1 1 11 25.7 54.5 17 c26f 7b 7f -1 -1 -1 -1 -1
1 1 0 25.7 54.5 17 c26f 7b 7f -1 -1 -1 -1 -1
1 1 7 25.7 54.5 17 c26f 7b 7f -1 -1 -1 -1 -1
1 1 0 25.6 54.5 15 c26f 7b 7f -1 -1 -1 -1 -1
1 1 0 25.7 54.5 15 c26f 7b 7f -1 -1 -1 -1 -1
1 1 0 25.6 54.0 15 c26f 7b 7f -1 -1 -1 -1 -1
1 1 0 25.6 54.0 15 c26f 7b 7f -1 -1 -1 -1 -1
1 1 0 25.6 54.0 15 c26f 7b 7f -1 -1 -1 -1 -1
1 1 0 25.6 54.0 15 c26f 7b 7f -1 -1 -1 -1 -1
1 1 0 25.6 54.0 15 c26f 7b 7f -1 -1 -1 -1 -1
1 1 0 25.6 54.0 15 c26f 7b 7f -1 -1 -1 -1 -1
1 1 0 25.6 54.0 15 c26f 7b 7f -1 -1 -1 -1 -1
1 1 0 25.6 54.0 15 c26f 7b 7f -1 -1 -1 -1 -1
1 1 0 25.6 54.0 15 c26f 7b 7f -1 -1 -1 -1 -1
1 1 0 25.6 54.0 15 c26f 7b 7f -1 -1 -1 -1 -1
1 1 0 25.6 54.0 15 c26f 7b 7f -1 -1 -1 -1 -1
1 1 0 25.6 54.0 15 c26f 7b 7f -1 -1 -1 -1 -1
1 1 0 25.6 54.0 15 c26f 7b 7f -1 -1 -1 -1 -1
1 1 0 25.6 54.0 15 c26f 7b 7f -1 -1 -1 -1 -1
1 1 0 25.6 53.5 15 c26f 7b 7f -1 -1 -1 -1 -1
1 1 9 25.5 53.5 13 c26f 7b 7f -1 -1 -1 -1 -1
1 1 0 25.5 53.5 13 c26f 7b 7f -1 -1 -1 -1 -1
1 1 0 25.5 53.5 13 c26f 7b 7f -1 -1 -1 -1 -1
1 1 0 25.6 53.5 13 c26f 7b 7f -1 -1 -1 -1 -1
1 1 0 25.6 53.5 13 c26f 7b 7f -1 -1 -1 -1 -1
1 1 0 25.5 53.5 13 c26f 7b 7f -1 -1 -1 -1 -1
1 1 0 25.5 53.5 13 c26f 7b 7f -1 -1 -1 -1 -1
1 1 0 25.5 53.5 13 c26f 7b 7f -1 -1 -1 -1 -1
1 1 0 25.6 53.5 13 c26f 7b 7f -1 -1 -1 -1 -1
1 1 0 25.5 54.0 13 c26f 7b 7f -1 -1 -1 89 -1
1 1 0 25.6 54.5 13 c26f 7b 7f -1 -1 -1 89 -1
1 1 0 25.6 54.5 13 c26f 7b 7f -1 -1 -1 89 -1
1 1 0 25.6 54.5 13 c26f 7b 7f -1 -1 -1 89 -1
1 1 8 25.7 55.0 13 c26f 7b 7f -1 -1 -1 89 -1
1 1 0 25.6 55.0 13 c26f 7b 7f -1 -1 -1 89 -1
1 1 0 25.6 55.0 13 c26f 7b 7f -1 -1 -1 89 -1
1 1 8 25.6 55.5 13 c26f 7b 7f -1 -1 -1 89 -1
1 1 0 25.6 55.5 13 c26f 7b 7f -1 -1 -1 89 -1
1 1 0 25.6 55.5 13 c26f 7b 7f -1 -1 -1 89 -1
1 1 0 25.6 55.5 13 c26f 7b 7f -1 -1 -1 89 -1
1 1 0 25.6 55.5 13 c26f 7b 7f -1 -1 -1 89 -1
1 1 0 25.5 55.5 13 c26f 7b 7f -1 -1 -1 89 -1
1 1 0 25.5 55.5 13 c26f 7b 7f -1 -1 -1 89 -1
1 1 0 25.5 55.5 13 c26f 7b 7f -1 -1 -1 89 -1
1 1 0 25.5 55.5 13 c26f 7b 7f -1 -1 -1 89 -1
1 1 0 25.5 55.5 13 c26f 7b 7f -1 -1 -1 89 -1
1 1 0 25.5 55.5 13 c26f 7b 7f -1 -1 -1 89 -1
1 1 0 25.5 55.5 13 c26f 7b 7f -1 -1 -1 89 -1
1 1 0 25.5 55.5 13 c26f 7b 7f -1 -1 -1 89 -1
1 1 0 25.6 55.5 13 c26f 7b 7f -1 -1 -1 89 -1
1 1 0 25.6 56.5 13 c26f 7b 7f -1 -1 -1 89 -1
1 1 0 25.6 56.5 13 c26f 7b 7f -1 -1 -1 89 -1
1 1 0 25.6 56.5 13 c26f 7b 7f -1 -1 -1 89 -1
1 1 0 25.6 56.5 13 c26f 7b 7f -1 -1 -1 89 -1
1 1 0 25.6 56.5 13 c26f 7b 7f -1 -1 -1 89 -1
1 1 0 25.7 56.5 13 c26f 7b 7f -1 -1 -1 89 -1
1 1 0 25.6 56.5 13 c26f 7b 7f -1 -1 -1 89 -1
1 1 0 25.6 56.5 13 c26f 7b 7f -1 -1 -1 89 -1
1 1 0 25.6 56.5 13 c26f 7b 7f -1 -1 -1 89 -1
1 1 0 25.6 56.5 13 c26f 7b 7f -1 -1 -1 89 -1
1 1 0 25.5 56.5 13 c26f 7b 7f -1 -1 -1 89 -1
1 1 0 25.5 56.5 13 c26f 7b 7f -1 -1 -1 89 -1
1 1 0 25.6 56.5 13 c26f 7b 7f -1 -1 -1 89 -1
1 1 0 25.6 56.5 13 c26f 7b 7f -1 -1 -1 89 -1
1 1 6 25.6 56.5 13 c26f 7b 7f -1 -1 -1 89 -1
1 1 0 25.6 56.5 13 c26f 7b 7f -1 -1 -1 89 -1
1 1 0 25.6 56.5 13 c26f 7b 7f -1 -1 -1 89 -1
1 1 0 25.6 56.5 13 c26f 7b 7f -1 -1 -1 89 -1
1 1 0 25.6 56.5 13 c26f 7b 7f -1 -1 -1 89 -1
1 1 0 25.6 56.5 13 c26f 7b 7f -1 -1 -1 89 -1
1 1 0 25.6 56.5 13 c26f 7b 7f -1 -1 -1 89 -1
1 1 0 25.6 56.5 13 c26f 7b 7f -1 -1 -1 89 -1
1 1 0 25.6 56.5 13 c26f 7b 7f -1 -1 -1 89 -1
1 1 0 25.6 56.5 13 c26f 7b 7f -1 -1 -1 89 -1
1 1 0 25.6 57.0 13 c26f 7b 7f -1 -1 -1 89 -1
1 1 0 25.6 58.5 13 c26f 7b 7f -1 -1 -1 89 -1
1 1 0 25.6 57.5 13 c26f 7b 7f -1 -1 -1 89 -1
1 1 0 25.6 57.5 13 c26f 7b 7f -1 -1 -1 89 -1
1 1 0 25.6 57.0 13 c26f 7b 7f -1 -1 -1 89 -1
1 1 0 25.6 57.0 13 c26f 7b 7f -1 -1 -1 89 -1
1 1 0 25.5 57.0 13 c26f 7b 7f -1 -1 -1 89 -1
1 1 10 25.6 57.0 13 c26f 7b 7f -1 -1 -1 89 -1
1 1 1 25.6 57.0 13 c26f 7b 7f -1 -1 -1 89 -1
1 1 0 25.6 57.0 13 c26f 7b 7f -1 -1 -1 89 -1
1 1 0 25.6 56.5 13 c26f 7b 7f -1 -1 -1 89 -1
1 1 0 25.6 56.5 13 c26f 7b 7f -1 -1 -1 89 -1
1 1 0 25.5 56.5 13 c26f 7b 7f -1 -1 -1 89 -1
1 1 0 25.6 56.5 13 c26f 7b 7f -1 -1 -1 89 -1
1 1 0 25.5 56.5 13 c26f 7b 7f -1 -1 -1 89 -1
1 1 0 25.6 56.5 13 c26f 7b 7f -1 -1 -1 89 -1
1 1 0 25.6 56.5 13 c26f 7b 7f -1 -1 -1 89 -1
1 1 0 25.6 56.5 13 c26f 7b 7f -1 -1 -1 89 -1
1 1 0 25.5 56.5 13 c26f 7b 7f -1 -1 -1 89 -1
1 1 0 25.6 56.5 13 c26f 7b 7f -1 -1 -1 89 -1
1 1 0 25.6 56.5 13 c26f 7b 7f -1 -1 -1 89 -1
1 1 0 25.5 56.5 13 c26f 7b 7f -1 -1 -1 89 -1
1 1 0 25.6 56.5 13 c26f 7b 7f -1 -1 -1 89 -1
1 1 0 25.6 56.5 13 c26f 7b 7f -1 -1 -1 89 -1
1 1 7 25.6 57.5 13 c26f 7b 7f -1 -1 -1 89 -1
1 1 0 25.6 57.5 13 c26f 7b 7f -1 -1 -1 89 -1
1 1 0 25.6 57.5 13 c26f 7b 7f -1 -1 -1 89 -1
1 1 0 25.7 57.5 13 c26f 7b 7f -1 -1 -1 89 -1
1 1 0 25.7 57.5 13 c26f 7b 7f -1 -1 -1 89 -1
1 1 0 25.6 57.0 13 c26f 7b 7f -1 -1 -1 89 -1
1 1 0 25.6 57.0 13 c26f 7b 7f -1 -1 -1 89 -1
1 1 10 25.6 57.0 13 c26f 7b 7f -1 -1 -1 89 -1
1 1 10 25.6 57.0 13 c26f 7b 7f -1 -1 -1 89 -1
1 1 10 25.6 57.0 13 c26f 7b 7f -1 -1 -1 89 -1
1 1 10 25.6 57.0 13 c26f 7b 7f -1 -1 -1 89 -1
1 1 0 25.6 57.0 13 c26f 7b 7f -1 -1 -1 89 -1
1 1 7 25.6 57.0 13 c26f 7b 7f -1 -1 -1 89 -1
1 1 9 25.6 57.0 13 c26f 7b 7f -1 -1 -1 89 -1
1 1 0 25.6 57.0 13 c26f 7b 7f -1 -1 -1 89 -1
1 1 8 25.6 57.0 13 c26f 7b 7f -1 -1 -1 89 -1
1 1 0 25.6 57.0 13 c26f 7b 7f -1 -1 -1 89 -1
1 1 0 25.6 57.0 13 c26f 7b 7f -1 -1 -1 89 -1
1 1 0 25.6 57.0 13 c26f 7b 7f -1 -1 -1 89 -1
1 1 0 25.5 57.0 13 c26f 7b 7f -1 -1 -1 89 -1
1 1 0 25.5 56.5 13 c26f 7b 7f -1 -1 -1 89 -1
1 1 0 25.6 57.0 13 c26f 7b 7f -1 -1 -1 89 -1
1 1 0 25.6 56.5 13 c26f 7b 7f -1 -1 -1 89 -1
1 1 0 25.5 56.5 13 c26f 7b 7f -1 -1 -1 89 -1
1 1 0 25.5 56.5 13 c26f 7b 7f -1 -1 -1 89 -1
1 1 0 25.5 56.5 13 c26f 7b 7f -1 -1 -1 89 -1
1 1 0 25.6 56.0 13 c26f 7b 7f -1 -1 -1 89 -1
1 1 0 25.6 56.0 13 c26f 7b 7f -1 -1 -1 89 -1
1 1 6 25.6 56.5 13 c26f 7b 7f -1 -1 -1 89 -1
1 1 0 25.6 56.0 13 c26f 7b 7f -1 -1 -1 89 -1
1 1 0 25.5 56.0 13 c26f 7b 7f -1 -1 -1 89 -1
1 1 0 25.6 56.0 13 c26f 7b 7f -1 -1 -1 89 -1
1 1 0 25.6 56.0 13 c26f 7b 7f -1 -1 -1 89 -1
1 1 0 25.6 56.0 13 c26f 7b 7f -1 -1 -1 89 -1
1 1 0 25.6 56.0 13 c26f 7b 7f -1 -1 -1 89 -1
1 1 0 25.6 56.0 13 c26f 7b 7f -1 -1 -1 89 -1
1 1 0 25.6 56.0 13 c26f 7b 7f -1 -1 -1 89 -1
1 1 0 25.6 56.0 13 c26f 7b 7f -1 -1 -1 89 -1
1 1 0 25.6 56.0 13 c26f 7b 7f -1 -1 -1 89 -1
1 1 0 25.6 56.0 13 c26f 7b 7f -1 -1 -1 89 -1
1 1 0 25.6 56.0 13 c26f 7b 7f -1 -1 -1 89 -1
1 1 0 25.6 56.0 13 c26f 7b 7f -1 -1 -1 89 -1
1 1 0 25.5 56.0 13 c26f 7b 7f -1 -1 -1 89 -1
1 1 0 25.6 56.5 13 c26f 7b 7f -1 -1 -1 89 -1
1 1 0 25.6 56.0 13 c26f 7b 7f -1 -1 -1 89 -1
1 1 0 25.6 56.0 13 c26f 7b 7f -1 -1 -1 89 -1
1 1 0 25.6 56.0 13 c26f 7b 7f -1 -1 -1 89 -1
1 1 0 25.6 56.0 13 c26f 7b 7f -1 -1 -1 89 -1
1 1 0 25.5 56.0 13 c26f 7b 7f -1 -1 -1 89 -1
1 1 0 25.6 56.5 13 c26f 7b 7f -1 -1 -1 89 -1
1 1 0 25.6 56.5 13 c26f 7b 7f -1 -1 -1 89 -1
1 1 0 25.6 56.5 13 c26f 7b 7f -1 -1 -1 89 -1
1 1 0 25.6 56.0 13 c26f 7b 7f -1 -1 -1 89 -1
1 1 0 25.6 56.0 13 c26f 7b 7f -1 -1 -1 89 -1
1 1 0 25.5 56.5 13 c26f 7b 7f -1 -1 -1 89 -1
1 1 0 25.6 56.5 13 c26f 7b 7f -1 -1 -1 89 -1
1 1 0 25.5 56.0 13 c26f 7b 7f -1 -1 -1 89 -1
1 1 0 25.6 56.0 13 c26f 7b 7f -1 -1 -1 89 -1
1 1 1 25.5 56.0 13 c26f 7b 7f -1 -1 -1 89 -1
1 1 1 25.5 56.0 13 c26f 7b 7f -1 -1 -1 89 -1
1 1 0 25.5 56.5 13 c26f 7b 7f -1 -1 -1 89 -1
1 1 0 25.5 56.5 13 c26f 7b 7f -1 -1 -1 89 -1
1 1 0 25.5 56.5 13 c26f 7b 7f -1 -1 -1 89 -1
1 1 0 25.6 56.5 13 c26f 7b 7f -1 -1 -1 89 -1
1 1 6 25.6 57.0 13 c26f 7b 7f -1 -1 -1 89 -1
1 1 10 25.6 56.5 13 c26f 7b 7f -1 -1 -1 89 -1
1 1 0 25.5 57.0 13 c26f 7b 7f -1 -1 -1 89 -1
1 1 0 25.6 56.5 13 c26f 7b 7f -1 -1 -1 89 -1
1 1 0 25.6 56.5 13 c26f 7b 7f -1 -1 -1 89 -1
1 1 0 25.6 56.5 13 c26f 7b 7f -1 -1 -1 89 -1
1 1 0 25.6 56.5 13 c26f 7b 7f -1 -1 -1 89 -1
1 1 0 25.6 56.5 13 c26f 7b 7f -1 -1 -1 89 -1
1 1 0 25.6 57.0 13 c26f 7b 7f -1 -1 -1 89 -1
1 1 0 25.6 57.5 13 c26f 7b 7f -1 -1 -1 89 -1
1 1 0 25.6 57.0 13 c26f 7b 7f -1 -1 -1 89 -1
1 1 0 25.6 57.5 13 c26f 7b 7f -1 -1 -1 89 -1
1 1 0 25.6 57.5 13 c26f 7b 7f -1 -1 -1 89 -1
1 1 0 25.6 57.0 13 c26f 7b 7f -1 -1 -1 89 -1
1 1 0 25.6 57.0 13 c26f 7b 7f -1 -1 -1 89 -1
1 1 0 25.7 57.0 13 c26f 7b 7f -1 -1 -1 89 -1
1 1 0 25.6 57.0 13 c26f 7b 7f -1 -1 -1 89 -1
1 1 0 25.6 57.0 13 c26f 7b 7f -1 -1 -1 89 -1
1 1 0 25.6 57.0 13 c26f 7b 7f -1 -1 -1 89 -1
1 1 0 25.6 57.0 13 c26f 7b 7f -1 -1 -1 89 -1
1 1 0 25.5 57.0 13 c26f 7b 7f -1 -1 -1 89 -1
1 1 0 25.6 56.5 13 c26f 7b 7f -1 -1 -1 89 -1
1 1 0 25.6 56.5 13 c26f 7b 7f -1 -1 -1 89 -1
1 1 0 25.5 56.5 13 c26f 7b 7f -1 -1 -1 89 -1
1 1 0 25.5 56.5 13 c26f 7b 7f -1 -1 -1 89 -1
1 1 0 25.6 56.5 13 c26f 7b 7f -1 -1 -1 89 -1
1 1 0 25.6 56.5 13 c26f 7b 7f -1 -1 -1 89 -1
1 1 0 25.6 56.0 13 c26f 7b 7f -1 -1 -1 89 -1
1 1 0 25.6 56.0 13 c26f 7b 7f -1 -1 -1 89 -1
1 1 0 25.6 56.0 13 c26f 7b 7f -1 -1 -1 89 -1
1 1 0 25.6 56.5 13 c26f 7b 7f -1 -1 -1 89 -1
1 1 0 25.6 56.0 13 c26f 7b 7f -1 -1 -1 89 -1
1 1 0 25.6 56.0 13 c26f 7b 7f -1 -1 -1 89 -1
1 1 0 25.5 56.0 13 c26f 7b 7f -1 -1 -1 89 -1
1 1 0 25.6 56.0 13 c26f 7b 7f -1 -1 -1 89 -1
1 1 0 25.5 56.0 13 c26f 7b 7f -1 -1 -1 89 -1
1 1 0 25.5 56.0 13 c26f 7b 7f -1 -1 -1 89 -1
1 1 0 25.5 56.0 13 c26f 7b 7f -1 -1 -1 89 -1
1 1 0 25.6 56.5 13 c26f 7b 7f -1 -1 -1 89 -1
1 1 0 25.5 56.5 13 c26f 7b 7f -1 -1 -1 89 -1
1 1 0 25.5 56.0 13 c26f 7b 7f -1 -1 -1 89 -1
1 1 0 25.6 56.0 13 c26f 7b 7f -1 -1 -1 89 -1
1 1 0 25.7 56.5 13 c26f 7b 7f -1 -1 -1 89 -1
1 1 0 25.5 56.5 13 c26f 7b 7f -1 -1 -1 89 -1
1 1 0 25.6 56.5 13 c26f 7b 7f -1 -1 -1 89 -1
1 1 0 25.5 56.5 13 c26f 7b 7f -1 -1 -1 89 -1
1 1 0 25.6 56.5 13 c26f 7b 7f -1 -1 -1 89 -1
1 1 0 25.6 56.5 13 c26f 7b 7f -1 -1 -1 89 -1
1 1 0 25.6 56.5 13 c26f 7b 7f -1 -1 -1 89 -1
1 1 0 25.6 57.0 13 c26f 7b 7f -1 -1 -1 89 -1
1 1 0 25.6 57.5 13 c26f 7b 7f -1 -1 -1 89 -1
1 1 0 25.6 57.5 13 c26f 7b 7f -1 -1 -1 89 -1
1 1 0 25.5 57.5 13 c26f 7b 7f -1 -1 -1 89 -1
1 1 0 25.6 57.5 13 c26f 7b 7f -1 -1 -1 89 -1
1 1 0 25.6 57.5 13 c26f 7b 7f -1 -1 -1 89 -1
1 1 0 25.6 57.5 13 c26f 7b 7f -1 -1 -1 89 -1
1 1 2 25.6 57.5 13 c26f 7b 7f -1 -1 -1 89 -1
1 1 0 25.5 57.5 13 c26f 7b 7f -1 -1 -1 89 -1
1 1 29 25.5 57.5 13 c26f 7b 7f -1 -1 -1 89 -1
1 1 4 25.6 57.5 13 c26f 7b 7f -1 -1 -1 89 -1
1 1 0 25.6 57.5 13 c26f 7b 7f -1 -1 -1 89 -1
1 1 0 25.5 57.5 13 c26f 7b 7f -1 -1 -1 89 -1
1 1 0 25.6 57.5 13 c26f 7b 7f -1 -1 -1 89 -1
1 1 0 25.6 57.5 13 -1f 7b 7f -1 -1 -1 89 -1
1 1 9 25.5 57.5 13 -1f 7b 7f -1 -1 -1 89 -1
1 1 3 25.6 57.0 8 -1f 7b 7f -1 -1 -1 89 -1
1 1 0 25.6 57.0 8 -1f 7b 7f -1 -1 -1 89 -1
1 1 0 25.6 57.0 8 -1f 7b 7f -1 -1 -1 89 -1
1 1 0 25.7 57.0 8 -1f 7b 7f -1 -1 -1 89 -1
1 1 0 25.7 57.0 8 -1f 7b 7f -1 -1 -1 89 -1
1 1 0 25.8 57.0 8 -1f 7b 0f -1 -1 -1 89 -1
1 1 16 25.8 57.5 1 -1f 0b 0f -1 -1 -1 89 -1
1 1 19 25.8 58.0 1 -1f 0b 0f -1 -1 -1 89 -1
1 1 0 25.9 58.0 1 -1f 0b 0f -1 -1 -1 89 -1
1 1 0 26.0 58.0 1 -1f 0b 0f -1 -1 -1 89 -1
1 1 0 26.1 58.5 1 -1f 0b 0f -1 -1 -1 89 -1
1 1 0 26.1 59.5 1 -1f 0b 0f -1 -1 -1 89 -1
1 1 0 26.1 59.5 1 -1f 0b 0f -1 -1 -1 89 -1
1 1 0 26.1 59.5 1 -1f 0b 0f -1 -1 -1 89 -1
1 1 0 26.2 60.0 1 -1f 0b 0f -1 -1 -1 89 -1
1 1 0 26.1 60.0 1 -1f 0b 0f -1 -1 -1 89 -1
1 1 0 26.2 60.0 1 -1f 0b 0f -1 -1 -1 89 -1
1 1 0 26.2 60.5 1 -1f 0b 0f -1 -1 -1 89 -1
1 1 0 26.3 60.0 1 -1f 0b 0f -1 -1 -1 89 -1
1 1 0 26.2 60.0 1 -1f 0b 0f -1 -1 -1 89 -1
1 1 0 26.3 60.5 1 -1f 0b 0f -1 -1 -1 89 -1
1 1 0 26.3 60.5 1 -1f 0b 0f -1 -1 -1 89 -1
1 1 0 26.3 60.5 1 -1f 0b 0f -1 -1 -1 89 -1
1 1 0 26.4 60.0 1 -1f 0b 0f -1 -1 -1 89 -1
1 1 0 26.3 60.0 1 -1f 0b 0f -1 -1 -1 89 -1
1 1 0 26.4 60.5 1 -1f 0b 0f -1 -1 -1 89 -1
1 1 0 26.3 61.0 1 -1f 0b 0f -1 -1 -1 89 -1
1 1 0 26.4 61.0 1 -1f 0b 0f -1 -1 -1 89 -1
1 1 0 26.4 61.0 1 -1f 0b 0f -1 -1 -1 89 -1
1 1 0 26.4 61.0 1 -1f 0b 0f -1 -1 -1 89 -1
1 1 0 26.5 61.5 1 -1f 0b 0f -1 -1 -1 89 -1
1 1 0 26.4 61.5 1 -1f 0b 0f -1 -1 -1 89 -1
1 1 0 26.5 61.0 1 -1f 0b 0f -1 -1 -1 89 -1
1 1 0 26.5 60.5 1 -1f 0b 0f -1 -1 -1 89 -1
1 1 0 26.5 61.0 1 -1f 0b 0f -1 -1 -1 89 -1
1 1 0 26.5 61.0 1 -1f 0b 0f -1 -1 -1 89 -1
1 1 0 26.5 61.0 1 -1f 0b 0f -1 -1 -1 89 -1
1 1 0 26.6 61.0 1 -1f 0b 0f -1 -1 -1 89 -1
1 1 0 26.6 61.5 1 -1f 0b 0f -1 -1 -1 89 -1
1 1 0 26.6 61.5 1 -1f 0b 0f -1 -1 -1 89 -1
1 1 0 26.6 62.0 1 -1f 0b 0f -1 -1 -1 89 -1
1 1 0 26.7 62.0 1 -1f 0b 0f -1 -1 -1 89 -1
1 1 0 26.7 62.0 1 -1f 0b 0f -1 -1 -1 89 -1
1 1 0 26.7 62.0 1 -1f 0b 0f -1 -1 -1 89 -1
1 1 0 26.7 62.0 1 -1f 0b 0f -1 -1 -1 89 -1
1 1 0 26.7 62.0 1 -1f 0b 0f -1 -1 -1 89 -1
1 1 0 26.7 62.0 1 -1f 0b 0f -1 -1 -1 89 -1
1 1 0 26.7 62.5 1 -1f 0b 0f -1 -1 -1 89 -1
1 1 0 26.7 62.5 1 -1f 0b 0f -1 -1 -1 89 -1
1 1 0 26.8 62.5 1 -1f 0b 0f -1 -1 -1 89 -1
1 1 0 26.7 63.0 1 -1f 0b 0f -1 -1 -1 89 -1
1 1 0 26.8 63.0 1 -1f 0b 0f -1 -1 -1 89 -1
1 1 0 26.7 63.0 1 -1f 0b 0f -1 -1 -1 89 -1
1 1 0 26.9 63.0 1 -1f 0b 0f -1 -1 -1 89 -1
1 1 0 26.8 63.0 1 -1f 0b 0f -1 -1 -1 89 -1
1 1 0 26.9 63.0 1 -1f 0b 0f -1 -1 -1 89 -1
1 1 0 26.9 63.0 1 -1f 0b 0f -1 -1 -1 89 -1
1 1 0 26.9 62.5 1 -1f 0b 0f -1 -1 -1 89 -1
1 1 0 26.9 63.0 1 -1f 0b 0f -1 -1 -1 89 -1
1 1 0 26.9 63.0 1 -1f 0b 0f -1 -1 -1 89 -1
1 1 0 26.9 63.0 1 -1f 0b 0f -1 -1 -1 89 -1
1 1 0 26.9 63.0 1 -1f 0b 0f -1 -1 -1 89 -1
1 1 0 26.9 63.0 1 -1f 0b 0f -1 -1 -1 89 -1
1 1 0 26.9 63.0 1 -1f 0b 0f -1 -1 -1 89 -1
1 1 0 26.9 63.0 1 -1f 0b 0f -1 -1 -1 89 -1
1 1 0 27.0 63.0 1 -1f 0b 0f -1 -1 -1 89 -1
1 1 0 27.0 62.5 1 -1f 0b 0f -1 -1 -1 89 -1
1 1 0 27.0 62.0 1 -1f 0b 0f -1 -1 -1 89 -1
1 1 0 27.0 62.0 1 -1f 0b 0f -1 -1 -1 89 -1
1 1 0 27.0 63.0 1 -1f 0b 0f -1 -1 -1 89 -1
1 1 0 27.0 63.0 1 -1f 0b 0f -1 -1 -1 89 -1
1 1 0 27.1 63.0 1 -1f 0b 0f -1 -1 -1 89 -1
1 1 0 27.1 63.0 1 -1f 0b 0f -1 -1 -1 89 -1
1 1 0 27.1 63.0 1 -1f 0b 0f -1 -1 -1 89 -1
1 1 0 27.0 63.0 1 -1f 0b 0f -1 -1 -1 89 -1
1 1 0 27.1 63.5 1 -1f 0b 0f -1 -1 -1 89 -1
1 1 0 27.1 63.5 1 -1f 0b 0f -1 -1 -1 89 -1
1 1 0 27.1 63.5 1 -1f 0b 0f -1 -1 -1 89 -1
1 1 0 27.1 63.5 1 -1f 0b 0f -1 -1 -1 89 -1
1 1 0 27.1 63.5 1 -1f 0b 0f -1 -1 -1 89 -1
1 1 0 27.1 63.5 1 -1f 0b 0f -1 -1 -1 89 -1
1 1 0 27.1 64.0 1 -1f 0b 0f -1 -1 -1 89 -1
1 1 0 27.2 64.0 1 -1f 0b 0f -1 -1 -1 89 -1
1 1 0 27.2 64.0 1 -1f 0b 0f -1 -1 -1 89 -1
1 1 0 27.2 63.5 1 -1f 0b 0f -1 -1 -1 89 -1
1 1 0 27.2 63.5 1 -1f 0b 0f -1 -1 -1 89 -1
1 1 0 27.2 63.5 1 -1f 0b 0f -1 -1 -1 89 -1
1 1 0 27.2 64.0 1 -1f 0b 0f -1 -1 -1 89 -1
1 1 0 27.2 63.5 1 -1f 0b 0f -1 -1 -1 89 -1
1 1 0 27.2 63.5 1 -1f 0b 0f -1 -1 -1 89 -1
1 1 0 27.3 64.0 1 -1f 0b 0f -1 -1 -1 89 -1
1 1 0 27.3 64.0 1 -1f 0b 0f -1 -1 -1 89 -1
1 1 0 27.2 64.0 1 -1f 0b 0f -1 -1 -1 89 -1
1 1 0 27.2 64.0 1 -1f 0b 0f -1 -1 -1 89 -1
1 1 0 27.3 64.0 1 -1f 0b 0f -1 -1 -1 89 -1
1 1 0 27.3 64.0 1 -1f 0b 0f -1 -1 -1 89 -1
1 1 0 27.4 64.0 1 -1f 0b 0f -1 -1 -1 89 -1
1 1 0 27.2 64.0 1 -1f 0b 0f -1 -1 -1 89 -1
1 1 0 27.3 64.0 1 -1f 0b 0f -1 -1 -1 89 -1
1 1 0 27.3 64.0 1 -1f 0b 0f -1 -1 -1 89 -1
1 1 0 27.3 64.5 1 -1f 0b 0f -1 -1 -1 89 -1
1 1 0 27.4 64.5 1 -1f 0b 0f -1 -1 -1 89 -1
