1 1 0 25.3 54.5 1 -1 0b 0f -1 -1 -1 -1 -1
1 1 0 25.3 54.5 1 -1 0b 0f -1 -1 -1 -1 -1
1 1 0 25.2 54.5 1 -1 0b 0f -1 -1 -1 -1 -1
1 1 0 25.3 54.5 1 -1 0b 0f -1 -1 -1 -1 -1
1 1 0 25.2 54.5 1 -1 0b 0f -1 -1 -1 -1 -1
1 1 0 25.2 54.5 1 -1 0b 0f -1 -1 -1 -1 -1
1 1 0 25.2 54.5 1 -1 0b 0f -1 -1 -1 -1 -1
1 1 0 25.2 54.5 1 -1 0b 0f -1 -1 -1 -1 -1
1 1 0 25.2 54.5 1 -1 0b 0f -1 -1 -1 -1 -1
1 1 0 25.2 54.5 1 -1 0b 0f -1 -1 -1 -1 -1
1 1 0 25.2 54.0 1 -1 0b 0f -1 -1 -1 -1 -1
1 1 0 25.2 54.5 1 -1 0b 0f -1 -1 -1 -1 -1
1 1 0 25.2 54.5 1 -1 0b 0f -1 -1 -1 -1 -1
1 1 0 25.2 54.0 1 -1 0b 0f -1 -1 -1 -1 -1
1 1 0 25.2 54.0 1 -1 0b 0f -1 -1 -1 -1 -1
1 1 0 25.3 54.0 1 -1 0b 0f -1 -1 -1 -1 -1
1 1 0 25.3 54.0 1 -1 0b 0f -1 -1 -1 -1 -1
1 1 0 25.2 54.0 1 -1 0b 0f -1 -1 -1 -1 -1
1 1 0 25.3 54.0 1 -1 0b 0f -1 -1 -1 -1 -1
1 1 0 25.2 54.0 1 -1 0b 0f -1 -1 -1 -1 -1
1 1 0 25.2 54.0 1 -1 0b 0f -1 -1 -1 -1 -1
1 1 0 25.2 54.0 1 -1 0b 0f -1 -1 -1 -1 -1
1 1 0 25.2 54.0 1 -1 0b 0f -1 -1 -1 -1 -1
1 1 0 25.3 54.0 1 -1 0b 0f -1 -1 -1 -1 -1
1 1 0 25.3 54.0 1 -1 0b 0f -1 -1 -1 -1 -1
1 1 0 25.3 54.0 1 -1 0b 0f -1 -1 -1 -1 -1
1 1 0 25.2 54.0 1 -1 0b 0f -1 -1 -1 -1 -1
1 1 0 25.3 54.0 1 -1 0b 0f -1 -1 -1 -1 -1
1 1 0 25.2 54.0 1 -1 0b 0f -1 -1 -1 -1 -1
1 1 0 25.2 54.0 1 -1 0b 0f -1 -1 -1 -1 -1
1 1 0 25.2 54.0 1 -1 0b 0f -1 -1 -1 -1 -1
1 1 0 25.2 54.0 1 -1 0b 0f -1 -1 -1 -1 -1
1 1 0 25.3 54.0 1 -1 0b 0f -1 -1 -1 -1 -1
1 1 0 25.2 54.0 1 -1 0b 0f -1 -1 -1 -1 -1
1 1 0 25.3 54.0 1 -1 0b 0f -1 -1 -1 -1 -1
1 1 0 25.2 54.0 1 -1 0b 0f -1 -1 -1 -1 -1
1 1 0 25.3 54.0 1 -1 0b 0f -1 -1 -1 -1 -1
1 1 0 25.2 54.0 1 -1 0b 0f -1 -1 -1 -1 -1
1 1 0 25.2 54.0 1 -1 0b 0f -1 -1 -1 -1 -1
1 1 0 25.2 54.0 1 -1 0b 0f -1 -1 -1 -1 -1
1 1 0 25.2 54.0 1 -1 0b 0f -1 -1 -1 -1 -1
1 1 0 25.2 54.0 1 -1 0b 0f -1 -1 -1 -1 -1
1 1 0 25.2 54.0 1 -1 0b 0f -1 -1 -1 -1 -1
1 1 0 25.2 54.0 1 -1 0b 0f -1 -1 -1 -1 -1
1 1 0 25.3 54.0 1 -1 0b 0f -1 -1 -1 -1 -1
1 1 0 25.2 54.0 1 -1 0b 0f -1 -1 -1 -1 -1
1 1 0 25.2 54.0 1 -1 0b 0f -1 -1 -1 -1 -1
1 1 0 25.2 54.0 1 -1 0b 0f -1 -1 -1 -1 -1
1 1 0 25.3 54.0 1 -1 0b 0f -1 -1 -1 -1 -1
1 1 0 25.3 54.0 1 -1 0b 0f -1 -1 -1 -1 -1
1 1 0 25.3 54.5 1 -1 0b 0f -1 -1 -1 -1 -1
1 1 0 25.2 54.5 1 -1 0b 0f -1 -1 -1 -1 -1
1 1 0 25.2 54.5 1 -1 0b 0f -1 -1 -1 -1 -1
1 1 0 25.2 54.5 1 -1 0b 0f -1 -1 -1 -1 -1
1 1 0 25.3 54.5 1 -1 0b 0f -1 -1 -1 -1 -1
1 1 0 25.3 54.5 1 -1 0b 0f -1 -1 -1 -1 -1
1 1 0 25.3 54.5 1 -1 0b 0f -1 -1 -1 -1 -1
1 1 0 25.2 54.5 1 -1 0b 0f -1 -1 -1 -1 -1
1 1 0 25.3 54.5 1 -1 0b 0f -1 -1 -1 -1 -1
1 1 0 25.2 54.5 1 -1 0b 0f -1 -1 -1 -1 -1
1 1 0 25.3 54.5 1 -1 0b 0f -1 -1 -1 -1 -1
1 1 0 25.2 54.5 1 -1 0b 0f -1 -1 -1 -1 -1
1 1 0 25.2 54.5 1 -1 0b 0f -1 -1 -1 -1 -1
1 1 0 25.3 54.5 1 -1 0b 0f -1 -1 -1 -1 -1
1 1 0 25.2 54.5 1 -1 0b 0f -1 -1 -1 -1 -1
1 1 0 25.2 54.5 1 -1 0b 0f -1 -1 -1 -1 -1
1 1 0 25.2 54.5 1 -1 0b 0f -1 -1 -1 -1 -1
1 1 0 25.2 54.5 1 -1 0b 0f -1 -1 -1 -1 -1
1 1 0 25.2 54.5 1 -1 0b 0f -1 -1 -1 -1 -1
1 1 0 25.3 54.5 1 -1 0b 0f -1 -1 -1 -1 -1
1 1 0 25.2 54.5 1 -1 0b 0f -1 -1 -1 -1 -1
1 1 0 25.3 54.5 1 -1 0b 0f -1 -1 -1 -1 -1
1 1 0 25.2 54.5 1 -1 0b 0f -1 -1 -1 -1 -1
1 1 0 25.3 54.5 1 -1 0b 0f -1 -1 -1 -1 -1
1 1 0 25.2 54.5 1 -1 0b 0f -1 -1 -1 -1 -1
1 1 0 25.2 54.5 1 -1 0b 0f -1 -1 -1 -1 -1
1 1 0 25.2 54.5 1 -1 0b 0f -1 -1 -1 -1 -1
1 1 0 25.2 54.5 1 -1 0b 0f -1 -1 -1 -1 -1
1 1 0 25.2 54.5 1 -1 0b 0f -1 -1 -1 -1 -1
1 1 0 25.2 54.5 1 -1 0b 0f -1 -1 -1 -1 -1
1 1 0 25.3 54.5 1 -1 0b 0f -1 -1 -1 -1 -1
1 1 0 25.3 54.5 1 -1 0b 0f -1 -1 -1 -1 -1
1 1 0 25.3 55.0 1 -1 0b 0f -1 -1 -1 -1 -1
1 1 0 25.3 55.0 1 -1 0b 0f -1 -1 -1 -1 -1
1 1 0 25.3 55.0 1 -1 0b 0f -1 -1 -1 -1 -1
1 1 0 25.2 55.0 1 -1 0b 0f -1 -1 -1 -1 -1
1 1 0 25.3 55.0 1 -1 0b 0f -1 -1 -1 -1 -1
1 1 0 25.3 55.0 1 -1 0b 0f -1 -1 -1 -1 -1
1 1 0 25.2 55.0 1 -1 0b 0f -1 -1 -1 -1 -1
1 1 0 25.2 55.0 1 -1 0b 0f -1 -1 -1 -1 -1
1 1 0 25.3 55.0 1 -1 0b 0f -1 -1 -1 -1 -1
1 1 0 25.3 55.0 1 -1 0b 0f -1 -1 -1 -1 -1
1 1 0 25.2 55.0 1 -1 0b 0f -1 -1 -1 -1 -1
1 1 0 25.3 55.0 1 -1 0b 0f -1 -1 -1 -1 -1
1 1 0 25.3 54.5 1 -1 0b 0f -1 -1 -1 -1 -1
1 1 0 25.2 54.5 1 -1 0b 0f -1 -1 -1 -1 -1
1 1 0 25.2 54.5 1 -1 0b 0f -1 -1 -1 -1 -1
1 1 0 25.2 54.5 1 -1 0b 0f -1 -1 -1 -1 -1
1 1 0 25.2 54.5 1 -1 0b 0f -1 -1 -1 -1 -1
1 1 0 25.2 54.5 1 -1 0b 0f -1 -1 -1 -1 -1
1 1 0 25.2 54.5 1 -1 0b 0f -1 -1 -1 -1 -1
1 1 0 25.1 54.5 1 -1 0b 0f -1 -1 -1 -1 -1
1 1 0 25.3 54.5 1 -1 0b 0f -1 -1 -1 -1 -1
1 1 0 25.2 54.5 1 -1 0b 0f -1 -1 -1 -1 -1
1 1 0 25.2 54.5 1 -1 0b 0f -1 -1 -1 -1 -1
1 1 0 25.2 54.5 1 -1 0b 0f -1 -1 -1 -1 -1
1 1 0 25.2 54.5 1 -1 0b 0f -1 -1 -1 -1 -1
1 1 0 25.2 54.5 1 -1 0b 0f -1 -1 -1 -1 -1
1 1 0 25.2 54.5 1 -1 0b 0f -1 -1 -1 -1 -1
1 1 0 25.2 54.5 1 -1 0b 0f -1 -1 -1 -1 -1
1 1 0 25.3 55.0 1 -1 0b 0f -1 -1 -1 -1 -1
1 1 0 25.2 55.0 1 -1 0b 0f -1 -1 -1 -1 -1
1 1 0 25.2 54.5 1 -1 0b 0f -1 -1 -1 -1 -1
1 1 0 25.3 55.0 1 -1 0b 0f -1 -1 -1 -1 -1
1 1 0 25.3 54.5 1 -1 0b 0f -1 -1 -1 -1 -1
1 1 0 25.2 54.5 1 -1 0b 0f -1 -1 -1 -1 -1
1 1 0 25.2 54.5 1 -1 0b 0f -1 -1 -1 -1 -1
1 1 0 25.2 54.5 1 -1 0b 0f -1 -1 -1 -1 -1
1 1 0 25.2 54.5 1 -1 0b 0f -1 -1 -1 -1 -1
1 1 0 25.2 54.5 1 -1 0b 0f -1 -1 -1 -1 -1
1 1 0 25.2 54.5 1 -1 0b 0f -1 -1 -1 -1 -1
1 1 0 25.2 54.5 1 -1 0b 0f -1 -1 -1 -1 -1
1 1 0 25.2 54.5 1 -1 0b 0f -1 -1 -1 -1 -1
1 1 0 25.2 54.5 1 -1 0b 0f -1 -1 -1 -1 -1
1 1 0 25.2 54.5 1 -1 0b 0f -1 -1 -1 -1 -1
1 1 0 25.2 54.5 1 -1 0b 0f -1 -1 -1 -1 -1
1 1 0 25.2 55.0 1 -1 0b 0f -1 -1 -1 -1 -1
1 1 0 25.2 55.0 1 -1 0b 0f -1 -1 -1 -1 -1
1 1 0 25.3 54.5 1 -1 0b 0f -1 -1 -1 -1 -1
1 1 0 25.2 55.0 1 -1 0b 0f -1 -1 -1 -1 -1
1 1 0 25.2 55.0 1 -1 0b 0f -1 -1 -1 -1 -1
1 1 0 25.2 55.0 1 -1 0b 0f -1 -1 -1 -1 -1
1 1 0 25.2 55.0 1 -1 0b 0f -1 -1 -1 -1 -1
1 1 0 25.2 55.0 1 -1 0b 0f -1 -1 -1 -1 -1
1 1 0 25.2 54.5 1 -1 0b 0f -1 -1 -1 -1 -1
1 1 0 25.2 54.5 1 -1 0b 0f -1 -1 -1 -1 -1
1 1 0 25.3 54.5 1 -1 0b 0f -1 -1 -1 -1 -1
1 1 0 25.2 54.5 1 -1 0b 0f -1 -1 -1 -1 -1
1 1 0 25.2 54.5 1 -1 0b 0f -1 -1 -1 -1 -1
1 1 0 25.2 54.5 1 -1 0b 0f -1 -1 -1 -1 -1
1 1 0 25.2 54.5 1 -1 0b 0f -1 -1 -1 -1 -1
1 1 0 25.2 54.5 1 -1 0b 0f -1 -1 -1 -1 -1
1 1 0 25.3 55.0 1 -1 0b 0f -1 -1 -1 -1 -1
1 1 0 25.2 55.0 1 -1 0b 0f -1 -1 -1 -1 -1
1 1 0 25.2 55.0 1 -1 0b 0f -1 -1 -1 -1 -1
1 1 0 25.3 55.0 1 -1 0b 0f -1 -1 -1 -1 -1
1 1 0 25.2 55.0 1 -1 0b 0f -1 -1 -1 -1 -1
1 1 0 25.2 55.0 1 -1 0b 0f -1 -1 -1 -1 -1
1 1 0 25.3 55.0 1 -1 0b 0f -1 -1 -1 -1 -1
1 1 0 25.2 55.0 1 -1 0b 0f -1 -1 -1 -1 -1
1 1 0 25.2 55.0 1 -1 0b 0f -1 -1 -1 -1 -1
1 1 0 25.2 55.0 1 -1 0b 0f -1 -1 -1 -1 -1
1 1 0 25.2 55.0 1 -1 0b 0f -1 -1 -1 -1 -1
1 1 0 25.2 55.0 1 -1 0b 0f -1 -1 -1 -1 -1
1 1 0 25.3 55.0 1 -1 0b 0f -1 -1 -1 -1 -1
1 1 0 25.2 55.0 1 -1 0b 0f -1 -1 -1 -1 -1
1 1 0 25.2 55.0 1 -1 0b 0f -1 -1 -1 -1 -1
1 1 0 25.2 55.0 1 -1 0b 0f -1 -1 -1 -1 -1
1 1 0 25.2 55.0 1 -1 0b 0f -1 -1 -1 -1 -1
1 1 0 25.2 55.0 1 -1 0b 0f -1 -1 -1 -1 -1
1 1 0 25.3 55.0 1 -1 0b 0f -1 -1 -1 -1 -1
1 1 0 25.2 55.0 1 -1 0b 0f -1 -1 -1 -1 -1
1 1 0 25.2 55.0 1 -1 0b 0f -1 -1 -1 -1 -1
1 1 0 25.2 55.0 1 -1 0b 0f -1 -1 -1 -1 -1
1 1 0 25.2 55.0 1 -1 0b 0f -1 -1 -1 -1 -1
1 1 0 25.2 54.5 1 -1 0b 0f -1 -1 -1 -1 -1
1 1 0 25.2 55.0 1 -1 0b 0f -1 -1 -1 -1 -1
1 1 0 25.2 55.0 1 -1 0b 0f -1 -1 -1 -1 -1
1 1 0 25.2 55.0 1 -1 0b 0f -1 -1 -1 -1 -1
1 1 0 25.2 55.0 1 -1 0b 0f -1 -1 -1 -1 -1
1 1 0 25.2 55.0 1 -1 0b 0f -1 -1 -1 -1 -1
1 1 0 25.2 55.0 1 -1 0b 0f -1 -1 -1 -1 -1
1 1 0 25.2 55.0 1 -1 0b 0f -1 -1 -1 -1 -1
1 1 0 25.2 55.0 1 -1 0b 0f -1 -1 -1 -1 -1
1 1 0 25.2 55.0 1 -1 0b 0f -1 -1 -1 -1 -1
1 1 0 25.2 54.5 1 -1 0b 0f -1 -1 -1 -1 -1
1 1 0 25.2 55.0 1 -1 0b 0f -1 -1 -1 -1 -1
1 1 0 25.2 55.0 1 -1 0b 0f -1 -1 -1 -1 -1
1 1 0 25.2 55.0 1 -1 0b 0f -1 -1 -1 -1 -1
1 1 0 25.1 55.0 1 -1 0b 0f -1 -1 -1 -1 -1
1 1 0 25.2 55.0 1 -1 0b 0f -1 -1 -1 -1 -1
1 1 0 25.2 55.0 1 -1 0b 0f -1 -1 -1 -1 -1
1 1 0 25.2 55.0 1 -1 0b 0f -1 -1 -1 -1 -1
1 1 0 25.2 55.0 1 -1 0b 0f -1 -1 -1 -1 -1
1 1 0 25.2 55.0 1 -1 0b 0f -1 -1 -1 -1 -1
1 1 0 25.3 55.0 1 -1 0b 0f -1 -1 -1 -1 -1
1 1 0 25.2 55.0 1 -1 0b 0f -1 -1 -1 -1 -1
1 1 0 25.2 55.0 1 -1 0b 0f -1 -1 -1 -1 -1
1 1 0 25.2 55.0 1 -1 0b 0f -1 -1 -1 -1 -1
1 1 0 25.2 55.0 1 -1 0b 0f -1 -1 -1 -1 -1
1 1 0 25.2 55.5 1 -1 0b 0f -1 -1 -1 -1 -1
1 1 0 25.3 55.5 1 -1 0b 0f -1 -1 -1 -1 -1
1 1 0 25.2 55.5 1 -1 0b 0f -1 -1 -1 -1 -1
1 1 0 25.2 55.5 1 -1 0b 0f -1 -1 -1 -1 -1
1 1 0 25.2 55.5 1 -1 0b 0f -1 -1 -1 -1 -1
1 1 0 25.2 55.5 1 -1 0b 0f -1 -1 -1 -1 -1
1 1 0 25.2 55.5 1 -1 0b 0f -1 -1 -1 -1 -1
1 1 0 25.3 55.5 1 -1 0b 0f -1 -1 -1 -1 -1
1 1 0 25.2 55.5 1 -1 0b 0f -1 -1 -1 -1 -1
1 1 0 25.2 55.5 1 -1 0b 0f -1 -1 -1 -1 -1
1 1 0 25.2 55.5 1 -1 0b 0f -1 -1 -1 -1 -1
1 1 0 25.2 55.5 1 -1 0b 0f -1 -1 -1 -1 -1
1 1 0 25.2 55.5 1 -1 0b 0f -1 -1 -1 -1 -1
1 1 0 25.2 55.5 1 -1 0b 0f -1 -1 -1 -1 -1
1 1 0 25.2 55.5 1 -1 0b 0f -1 -1 -1 -1 -1
1 1 0 25.2 55.5 1 -1 0b 0f -1 -1 -1 -1 -1
1 1 0 25.2 55.5 1 -1 0b 0f -1 -1 -1 -1 -1
1 1 0 25.2 55.5 1 -1 0b 0f -1 -1 -1 -1 -1
1 1 0 25.2 55.5 1 -1 0b 0f -1 -1 -1 -1 -1
1 1 0 25.2 55.5 1 -1 0b 0f -1 -1 -1 -1 -1
1 1 0 25.2 55.5 1 -1 0b 0f -1 -1 -1 -1 -1
1 1 0 25.3 55.5 1 -1 0b 0f -1 -1 -1 -1 -1
1 1 0 25.2 55.5 1 -1 0b 0f -1 -1 -1 -1 -1
1 1 0 25.2 55.5 1 -1 0b 0f -1 -1 -1 -1 -1
1 1 0 25.2 55.5 1 -1 0b 0f -1 -1 -1 -1 -1
1 1 0 25.2 55.5 1 -1 0b 0f -1 -1 -1 -1 -1
1 1 0 25.2 55.0 1 -1 0b 0f -1 -1 -1 -1 -1
1 1 0 25.2 55.0 1 -1 0b 0f -1 -1 -1 -1 -1
1 1 0 25.2 55.0 1 -1 0b 0f -1 -1 -1 -1 -1
1 1 0 25.3 55.0 1 -1 0b 0f -1 -1 -1 -1 -1
1 1 0 25.2 55.0 1 -1 0b 0f -1 -1 -1 -1 -1
1 1 0 25.2 55.0 1 -1 0b 0f -1 -1 -1 -1 -1
1 1 0 25.2 55.0 1 -1 0b 0f -1 -1 -1 -1 -1
1 1 0 25.2 55.0 1 -1 0b 0f -1 -1 -1 -1 -1
1 1 0 25.2 55.0 1 -1 0b 0f -1 -1 -1 -1 -1
1 1 0 25.2 55.0 1 -1 0b 0f -1 -1 -1 -1 -1
1 1 0 25.2 55.0 1 -1 0b 0f -1 -1 -1 -1 -1
1 1 0 25.2 55.0 1 -1 0b 0f -1 -1 -1 -1 -1
1 1 0 25.2 55.0 1 -1 0b 0f -1 -1 -1 -1 -1
1 1 0 25.2 55.0 1 -1 0b 0f -1 -1 -1 -1 -1
1 1 0 25.2 55.0 1 -1 0b 0f -1 -1 -1 -1 -1
1 1 0 25.2 55.0 1 -1 0b 0f -1 -1 -1 -1 -1
1 1 0 25.2 55.0 1 -1 0b 0f -1 -1 -1 -1 -1
1 1 0 25.2 54.5 1 -1 0b 0f -1 -1 -1 -1 -1
1 1 0 25.2 54.5 1 -1 0b 0f -1 -1 -1 -1 -1
1 1 0 25.2 54.5 1 -1 0b 0f -1 -1 -1 -1 -1
1 1 0 25.1 54.5 1 -1 0b 0f -1 -1 -1 -1 -1
1 1 0 25.2 54.5 1 -1 0b 0f -1 -1 -1 -1 -1
1 1 0 25.2 54.5 1 -1 0b 0f -1 -1 -1 -1 -1
1 1 0 25.2 54.5 1 -1 0b 0f -1 -1 -1 -1 -1
1 1 0 25.2 55.0 1 -1 0b 0f -1 -1 -1 -1 -1
1 1 0 25.2 55.0 1 -1 0b 0f -1 -1 -1 -1 -1
1 1 0 25.2 54.5 1 -1 0b 0f -1 -1 -1 -1 -1
1 1 0 25.2 54.5 1 -1 0b 0f -1 -1 -1 -1 -1
1 1 0 25.2 54.5 1 -1 0b 0f -1 -1 -1 -1 -1
1 1 0 25.2 54.5 1 -1 0b 0f -1 -1 -1 -1 -1
1 1 0 25.2 55.0 1 -1 0b 0f -1 -1 -1 -1 -1
1 1 0 25.1 55.0 1 -1 0b 0f -1 -1 -1 -1 -1
1 1 0 25.2 55.0 1 -1 0b 0f -1 -1 -1 -1 -1
1 1 0 25.2 55.0 1 -1 0b 0f -1 -1 -1 -1 -1
1 1 0 25.2 55.0 1 -1 0b 0f -1 -1 -1 -1 -1
1 1 0 25.2 55.0 1 -1 0b 0f -1 -1 -1 -1 -1
1 1 0 25.2 55.0 1 -1 0b 0f -1 -1 -1 -1 -1
1 1 0 25.3 55.0 1 -1 0b 0f -1 -1 -1 -1 -1
1 1 0 25.1 55.0 1 -1 0b 0f -1 -1 -1 -1 -1
1 1 0 25.1 55.0 1 -1 0b 0f -1 -1 -1 -1 -1
1 1 0 25.2 54.5 1 -1 0b 0f -1 -1 -1 -1 -1
1 1 0 25.3 55.0 1 -1 0b 0f -1 -1 -1 -1 -1
1 1 0 25.1 54.5 1 -1 0b 0f -1 -1 -1 -1 -1
1 1 0 25.1 55.0 1 -1 0b 0f -1 -1 -1 -1 -1
1 1 0 25.2 55.0 1 -1 0b 0f -1 -1 -1 -1 -1
1 1 0 25.2 54.5 1 -1 0b 0f -1 -1 -1 -1 -1
1 1 0 25.2 54.5 1 -1 0b 0f -1 -1 -1 -1 -1
1 1 0 25.2 55.0 1 -1 0b 0f -1 -1 -1 -1 -1
1 1 0 25.2 54.5 1 -1 0b 0f -1 -1 -1 -1 -1
1 1 0 25.1 54.5 1 -1 0b 0f -1 -1 -1 -1 -1
1 1 0 25.2 55.0 1 -1 0b 0f -1 -1 -1 -1 -1
1 1 0 25.1 54.5 1 -1 0b 0f -1 -1 -1 -1 -1
1 1 0 25.1 55.0 1 -1 0b 0f -1 -1 -1 -1 -1
1 1 0 25.2 54.5 1 -1 0b 0f -1 -1 -1 -1 -1
1 1 0 25.2 55.0 1 -1 0b 0f -1 -1 -1 -1 -1
1 1 0 25.1 54.5 1 -1 0b 0f -1 -1 -1 -1 -1
1 1 0 25.2 54.5 1 -1 0b 0f -1 -1 -1 -1 -1
1 1 0 25.2 54.5 1 -1 0b 0f -1 -1 -1 -1 -1
1 1 0 25.1 54.5 1 -1 0b 0f -1 -1 -1 -1 -1
1 1 0 25.1 54.5 1 -1 0b 0f -1 -1 -1 -1 -1
1 1 0 25.1 55.0 1 -1 0b 0f -1 -1 -1 -1 -1
1 1 0 25.2 54.5 1 -1 0b 0f -1 -1 -1 -1 -1
1 1 0 25.2 55.0 1 -1 0b 0f -1 -1 -1 -1 -1
1 1 0 25.1 55.0 1 -1 0b 0f -1 -1 -1 -1 -1
1 1 0 25.2 54.5 1 -1 0b 0f -1 -1 -1 -1 -1
1 1 0 25.1 54.5 1 -1 0b 0f -1 -1 -1 -1 -1
1 1 0 25.1 55.0 1 -1 0b 0f -1 -1 -1 -1 -1
1 1 0 25.1 55.0 1 -1 0b 0f -1 -1 -1 -1 -1
1 1 0 25.2 55.0 1 -1 0b 0f -1 -1 -1 -1 -1
1 1 0 25.1 55.0 1 -1 0b 0f -1 -1 -1 -1 -1
1 1 0 25.2 55.0 1 -1 0b 0f -1 -1 -1 -1 -1
1 1 0 25.1 54.5 1 -1 0b 0f -1 -1 -1 -1 -1
1 1 0 25.1 54.5 1 -1 0b 0f -1 -1 -1 -1 -1
1 1 0 25.1 54.5 1 -1 0b 0f -1 -1 -1 -1 -1
1 1 0 25.1 54.5 1 -1 0b 0f -1 -1 -1 -1 -1
1 1 0 25.1 54.5 1 -1 0b 0f -1 -1 -1 -1 -1
1 1 0 25.1 54.5 1 -1 0b 0f -1 -1 -1 -1 -1
1 1 0 25.1 54.5 1 -1 0b 0f -1 -1 -1 -1 -1
1 1 0 25.1 54.5 1 -1 0b 0f -1 -1 -1 -1 -1
1 1 0 25.1 54.5 1 -1 0b 0f -1 -1 -1 -1 -1
1 1 0 25.1 54.5 1 -1 0b 0f -1 -1 -1 -1 -1
1 1 0 25.1 54.5 1 -1 0b 0f -1 -1 -1 -1 -1
1 1 0 25.1 54.5 1 -1 0b 0f -1 -1 -1 -1 -1
1 1 0 25.1 54.5 1 -1 0b 0f -1 -1 -1 -1 -1
1 1 0 25.1 54.5 1 -1 0b 0f -1 -1 -1 -1 -1
1 1 0 25.1 54.5 1 -1 0b 0f -1 -1 -1 -1 -1
1 1 0 25.2 55.0 1 -1 0b 0f -1 -1 -1 -1 -1
1 1 0 25.2 55.5 1 -1 0b 0f -1 -1 -1 -1 -1
1 1 0 25.1 55.5 1 -1 0b 0f -1 -1 -1 -1 -1
1 1 0 25.2 55.0 1 -1 0b 0f -1 -1 -1 -1 -1
1 1 0 25.2 55.0 1 -1 0b 0f -1 -1 -1 -1 -1
1 1 0 25.1 55.0 1 -1 0b 0f -1 -1 -1 -1 -1
1 1 0 25.1 55.0 1 -1 0b 0f -1 -1 -1 -1 -1
1 1 0 25.2 55.0 1 -1 0b 0f -1 -1 -1 -1 -1
1 1 0 25.1 55.0 1 -1 0b 0f -1 -1 -1 -1 -1
1 1 0 25.1 55.0 1 -1 0b 0f -1 -1 -1 -1 -1
1 1 0 25.2 55.0 1 -1 0b 0f -1 -1 -1 -1 -1
1 1 0 25.1 55.0 1 -1 0b 0f -1 -1 -1 -1 -1
1 1 0 25.2 55.0 1 -1 0b 0f -1 -1 -1 -1 -1
1 1 0 25.1 55.0 1 -1 0b 0f -1 -1 -1 -1 -1
1 1 0 25.2 55.0 1 -1 0b 0f -1 -1 -1 -1 -1
1 1 0 25.2 55.0 1 -1 0b 0f -1 -1 -1 -1 -1
1 1 0 25.2 55.0 1 -1 0b 0f -1 -1 -1 -1 -1
1 1 0 25.2 55.0 1 -1 0b 0f -1 -1 -1 -1 -1
1 1 0 25.1 55.0 1 -1 0b 0f -1 -1 -1 -1 -1
1 1 0 25.1 55.0 1 -1 0b 0f -1 -1 -1 -1 -1
1 1 0 25.1 55.0 1 -1 0b 0f -1 -1 -1 -1 -1
1 1 0 25.1 55.0 1 -1 0b 0f -1 -1 -1 -1 -1
1 1 0 25.2 55.0 1 -1 0b 0f -1 -1 -1 -1 -1
1 1 0 25.1 55.0 1 -1 0b 0f -1 -1 -1 -1 -1
1 1 0 25.2 55.0 1 -1 0b 0f -1 -1 -1 -1 -1
1 1 0 25.2 55.0 1 -1 0b 0f -1 -1 -1 -1 -1
1 1 0 25.1 55.0 1 -1 0b 0f -1 -1 -1 -1 -1
1 1 0 25.1 55.5 1 -1 0b 0f -1 -1 -1 -1 -1
1 1 0 25.2 55.0 0 -1 0b 0f -1 -1 -1 -1 -1
1 1 0 25.1 55.0 0 -1 0b 0f -1 -1 -1 -1 -1
1 1 0 25.1 55.0 0 -1 0b 0f -1 -1 -1 -1 -1
1 1 0 25.1 55.0 0 -1 0b 0f -1 -1 -1 -1 -1
1 1 0 25.1 55.0 0 -1 0b 0f -1 -1 -1 -1 -1
1 1 0 25.1 55.0 0 -1 0b 0f -1 -1 -1 -1 -1
1 1 0 25.1 55.0 0 -1 0b 0f -1 -1 -1 -1 -1
1 1 0 25.2 55.0 2 -1 0b 0f -1 -1 -1 -1 -1
1 1 0 25.1 55.0 2 -1 0b 0f -1 -1 -1 -1 -1
1 1 0 25.1 55.0 2 -1 0b 0f -1 -1 -1 -1 -1
1 1 0 25.2 55.0 3 -1 0b 0f -1 -1 -1 -1 -1
1 1 0 25.1 55.5 3 -1 0b 0f -1 -1 -1 -1 -1
1 1 0 25.1 55.5 1 -1 0b 0f -1 -1 -1 -1 -1
1 1 0 25.1 56.0 1 -1 0b 0f -1 -1 -1 -1 -1
1 1 0 25.1 56.0 1 -1 0b 0f -1 -1 -1 -1 -1
1 1 0 25.2 56.0 1 -1 0b 0f -1 -1 -1 -1 -1
1 1 0 25.1 56.0 1 -1 0b 0f -1 -1 -1 -1 -1
1 1 0 25.1 56.0 1 -1 0b 0f -1 -1 -1 -1 -1
1 1 0 25.1 56.0 1 -1 0b 0f -1 -1 -1 -1 -1
1 1 0 25.1 56.0 2 -1 0b 0f -1 -1 -1 -1 -1
1 1 0 25.1 56.0 2 -1 0b 0f -1 -1 -1 -1 -1
1 1 0 25.1 56.0 2 -1 0b 0f -1 -1 -1 -1 -1
1 1 0 25.1 56.0 2 -1 0b 0f -1 -1 -1 -1 -1
1 1 0 25.1 55.5 2 -1 0b 0f -1 -1 -1 -1 -1
1 1 0 25.2 55.5 2 -1 0b 0f -1 -1 -1 -1 -1
1 1 0 25.2 55.5 4 -1 0b 0f -1 -1 -1 -1 -1
1 1 0 25.1 55.5 4 -1 0b 0f -1 -1 -1 -1 -1
1 1 0 25.1 55.5 1 -1 0b 0f -1 -1 -1 -1 -1
1 1 0 25.2 55.5 1 -1 0b 0f -1 -1 -1 -1 -1
1 1 0 25.1 55.5 1 -1 0b 0f -1 -1 -1 -1 -1
1 1 0 25.1 55.5 1 -1 0b 0f -1 -1 -1 -1 -1
1 1 0 25.1 55.5 1 -1 0b 0f -1 -1 -1 -1 -1
1 1 0 25.1 55.5 1 -1 0b 0f -1 -1 -1 -1 -1
1 1 0 25.1 55.5 1 -1 0b 0f -1 -1 -1 -1 -1
1 1 0 25.1 55.0 1 -1 0b 0f -1 -1 -1 -1 -1
1 1 0 25.1 55.0 1 -1 0b 0f -1 -1 -1 -1 -1
1 1 0 25.1 55.0 2 -1 0b 0f -1 -1 -1 -1 -1
1 1 0 25.1 55.0 2 -1 0b 0f -1 -1 -1 -1 -1
1 1 0 25.2 55.0 4 -1 0b 0f -1 -1 -1 -1 -1
1 1 0 25.2 55.5 4 -1 0b 0f -1 -1 -1 -1 -1
1 1 0 25.2 55.5 4 -1 0b 0f -1 -1 -1 -1 -1
1 1 0 25.1 55.5 4 -1 0b 0f -1 -1 -1 -1 -1
1 1 0 25.1 55.5 4 -1 0b 0f -1 -1 -1 -1 -1
1 1 0 25.1 55.5 4 -1 0b 0f -1 -1 -1 -1 -1
1 1 0 25.1 55.5 4 -1 0b 0f -1 -1 -1 -1 -1
1 1 0 25.1 55.5 4 -1 0b 0f -1 -1 -1 -1 -1
1 1 0 25.1 55.5 4 -1 0b 0f -1 -1 -1 -1 -1
1 1 0 25.1 55.5 4 -1 0b 0f -1 -1 -1 -1 -1
1 1 0 25.1 55.5 4 -1 0b 0f -1 -1 -1 -1 -1
1 1 0 25.1 55.5 4 -1 0b 0f -1 -1 -1 -1 -1
1 1 0 25.1 55.0 6 -1 0b 0f -1 -1 -1 -1 -1
1 1 0 25.1 55.0 3 -1 0b 0f -1 -1 -1 -1 -1
1 1 0 25.1 55.0 3 -1 0b 0f -1 -1 -1 -1 -1
1 1 0 25.1 55.0 3 -1 0b 0f -1 -1 -1 -1 -1
1 1 0 25.2 55.5 5 -1 0b 0f -1 -1 -1 -1 -1
1 1 0 25.2 55.5 5 -1 0b 0f -1 -1 -1 -1 -1
1 1 0 25.1 55.0 5 -1 0b 0f -1 -1 -1 -1 -1
1 1 0 25.2 55.0 7 -1 0b 0f -1 -1 -1 -1 -1
1 1 0 25.1 55.0 7 -1 0b 0f -1 -1 -1 -1 -1
1 1 0 25.1 55.0 5 -1 0b 0f -1 -1 -1 -1 -1
1 1 0 25.1 55.0 5 -1 0b 0f -1 -1 -1 -1 -1
1 1 0 25.1 55.0 5 -1 0b 0f -1 -1 -1 -1 -1
1 1 0 25.1 55.0 7 -1 0b 0f -1 -1 -1 -1 -1
1 1 0 25.1 55.0 7 -1 0b 0f -1 -1 -1 -1 -1
1 1 0 25.1 55.0 7 -1 0b 0f -1 -1 -1 -1 -1
1 1 0 25.1 55.0 9 -1 0b 0f -1 -1 -1 -1 -1
1 1 0 25.1 55.0 9 -1 0b 0f -1 -1 -1 -1 -1
1 1 0 25.1 55.0 9 -1 0b 0f -1 -1 -1 -1 -1
1 1 0 25.1 55.0 7 -1 0b 0f -1 -1 -1 -1 -1
1 1 0 25.1 55.0 7 -1 0b 0f -1 -1 -1 -1 -1
1 1 0 25.1 54.5 7 -1 0b 0f -1 -1 -1 -1 -1
1 1 0 25.1 55.0 9 -1 0b 0f -1 -1 -1 -1 -1
1 1 0 25.1 54.5 9 -1 0b 0f -1 -1 -1 -1 -1
1 1 0 25.1 55.0 11 -1 0b 0f -1 -1 -1 -1 -1
1 1 0 25.1 55.0 11 -1 0b 0f -1 -1 -1 -1 -1
1 1 0 25.1 55.0 10 -1 0b 0f -1 -1 -1 -1 -1
1 1 0 25.1 55.0 10 -1 0b 0f -1 -1 -1 -1 -1
1 1 0 25.1 55.0 12 -1 0b 0f -1 -1 -1 -1 -1
1 1 0 25.1 55.0 10 -1 0b 0f -1 -1 -1 -1 -1
1 1 0 25.1 55.0 14 -1 0b 0f -1 -1 -1 -1 -1
1 1 0 25.2 55.0 12 -1 0b 0f -1 -1 -1 -1 -1
1 1 0 25.1 55.0 16 -1 0b 0f -1 -1 -1 -1 -1
1 1 0 25.2 55.0 19 -1 0b 0f -1 -1 -1 -1 -1
1 1 0 25.1 55.0 19 -1 0b 0f -1 -1 -1 -1 -1
1 1 0 25.1 55.0 17 -1 0b 0f -1 -1 -1 -1 -1
1 1 1 25.1 55.0 19 -1 0b 7f -1 -1 -1 -1 -1
1 1 0 25.2 55.0 23 -1 0b 7f -1 8 -1 -1 -1
1 1 0 25.1 55.0 24 -1 0b 7f -1 8 -1 -1 -1
1 1 0 25.1 55.0 24 -1 0b 7f -1 8 -1 -1 -1
1 1 0 25.2 55.0 26 -1 0b 7f -1 8 -1 -1 -1
1 1 0 25.1 55.0 24 -1 0b 7f -1 8 -1 -1 -1
1 1 0 25.2 55.0 23 -1 0b 7f -1 8 -1 -1 -1
1 1 0 25.1 55.0 24 -1 0b 7f -1 8 -1 -1 -1
1 1 0 25.1 55.0 30 -1 0b 7f -1 8 -1 -1 -1
1 1 0 25.1 55.0 28 -1 0b 7f -1 8 -1 -1 -1
1 1 0 25.1 55.0 26 -1 0b 7f -1 8 -1 -1 -1
1 1 0 25.2 55.0 30 -1 0b 7f -1 8 -1 -1 -1
1 1 0 25.1 55.0 33 -1 0b 7f -1 8 -1 -1 -1
1 1 0 25.2 55.0 33 -1 0b 7f -1 8 -1 -1 -1
1 1 0 25.2 55.0 28 -1 0b 7f -1 8 -1 -1 -1
1 1 0 25.1 55.0 30 -1 0b 7f -1 8 -1 -1 -1
1 1 0 25.2 55.0 28 -1 0b 7f -1 8 -1 -1 -1
1 1 0 25.2 55.0 33 -1 0b 7f -1 8 -1 -1 -1
1 1 0 25.2 55.0 33 -1 0b 7f -1 8 -1 -1 -1
1 1 0 25.2 55.0 35 -1 0b 7f -1 8 -1 -1 -1
1 1 0 25.2 55.0 31 -1 0b 7f -1 8 -1 -1 -1
1 1 0 25.2 55.5 33 -1 0b 7f -1 8 -1 -1 -1
1 1 0 25.2 55.5 35 -1 0b 7f -1 8 -1 -1 -1
1 1 0 25.2 55.5 35 -1 0b 7f -1 8 -1 -1 -1
1 1 0 25.3 55.5 33 -1 0b 7f -1 8 -1 -1 -1
1 1 0 25.2 55.5 33 -1 0b 7f -1 8 -1 -1 -1
1 1 0 25.2 55.5 33 -1 0b 7f -1 8 -1 -1 -1
1 1 0 25.2 55.5 33 -1 0b 7f -1 8 -1 -1 -1
1 1 0 25.2 55.5 31 -1 0b 7f -1 8 -1 -1 -1
1 1 0 25.3 55.5 35 -1 0b 7f -1 8 -1 -1 -1
1 1 0 25.3 55.5 35 -1 0b 7f -1 8 -1 -1 -1
1 1 0 25.2 55.5 40 -1 0b 7f -1 8 -1 -1 -1
1 1 0 25.3 55.5 43 -1 0b 7f -1 8 -1 -1 -1
1 1 0 25.3 55.5 45 -1 0b 7f -1 8 -1 -1 -1
1 1 0 25.3 55.5 38 -1 0b 7f -1 8 -1 -1 -1
1 1 0 25.2 55.5 31 -1 0b 7f -1 8 -1 -1 -1
1 1 0 25.3 55.5 28 -1 0b 7f -1 8 -1 -1 -1
1 1 0 25.3 55.0 26 -1 0b 7f -1 8 -1 -1 -1
1 1 0 25.3 55.0 26 -1 0b 7f -1 8 -1 -1 -1
1 1 0 25.3 55.0 26 -1 0b 7f -1 8 -1 -1 -1
1 1 0 25.3 55.0 26 -1 0b 7f -1 8 -1 -1 -1
1 1 0 25.3 55.0 26 -1 0b 7f -1 8 -1 -1 -1
1 1 0 25.3 55.0 26 -1 0b 7f -1 8 -1 -1 -1
1 1 0 25.3 55.0 26 -1 0b 7f -1 8 -1 -1 -1
1 1 0 25.3 55.0 26 -1 0b 7f -1 8 -1 -1 -1
1 1 0 25.3 55.0 26 -1 0b 7f -1 8 -1 -1 -1
1 1 0 25.3 55.0 26 -1 0b 7f -1 8 -1 -1 -1
1 1 0 25.3 55.0 26 -1 0b 7f -1 8 -1 -1 -1
1 1 0 25.3 55.5 24 -1 0b 7f -1 8 -1 -1 -1
1 1 0 25.4 55.5 12 -1 0b 7f -1 8 -1 -1 -1
1 1 0 25.3 55.5 16 -1 0b 7f -1 8 -1 -1 -1
1 1 0 25.3 55.5 14 -1 0b 7f -1 8 -1 -1 -1
1 1 0 25.3 55.5 14 -1 0b 7f -1 8 -1 -1 -1
1 1 0 25.4 55.5 14 -1 0b 7f -1 8 -1 -1 -1
1 1 0 25.4 55.5 14 -1 0b 7f -1 8 -1 -1 -1
1 1 0 25.4 55.5 14 -1 0b 7f -1 8 -1 -1 -1
1 1 0 25.4 55.5 14 -1 0b 7f -1 8 -1 -1 -1
1 1 0 25.4 55.5 14 -1 0b 7f -1 8 -1 -1 -1
1 1 0 25.4 55.5 14 -1 0b 7f -1 8 -1 -1 -1
1 1 0 25.4 55.5 14 -1 0b 7f -1 8 -1 -1 -1
1 1 0 25.4 55.5 14 -1 0b 7f -1 8 -1 -1 -1
1 1 0 25.4 55.5 14 -1 0b 7f -1 8 -1 -1 -1
1 1 0 25.4 55.5 14 -1 0b 7f -1 8 -1 -1 -1
1 1 0 25.4 55.5 14 -1 0b 7f -1 8 -1 -1 -1
1 1 0 25.4 55.5 14 -1 0b 7f -1 8 -1 -1 -1
1 1 0 25.4 55.5 14 -1 0b 7f -1 8 -1 -1 -1
1 1 0 25.4 55.5 14 -1 0b 7f -1 8 -1 -1 -1
1 1 0 25.4 55.5 14 -1 0b 7f -1 8 -1 -1 -1
1 1 0 25.3 55.0 14 -1 0b 7f -1 8 -1 -1 -1
1 1 0 25.4 55.5 19 -1 0b 7f -1 8 -1 -1 -1
1 1 0 25.4 55.5 21 -1 0b 7f -1 8 -1 -1 -1
1 1 0 25.4 55.5 24 -1 0b 7f -1 8 -1 -1 -1
1 1 0 25.4 55.5 21 -1 0b 7f -1 8 -1 -1 -1
1 1 0 25.4 56.0 21 -1 0b 7f -1 8 -1 -1 -1
1 1 0 25.4 56.0 21 -1 0b 7f -1 8 -1 -1 -1
1 1 0 25.4 56.0 21 -1 0b 7f -1 8 -1 -1 -1
1 1 1 25.4 56.0 24 -1 0b 7f -1 8 -1 -1 -1
1 1 0 25.5 56.0 22 -1 0b 7f -1 8 -1 -1 -1
1 1 0 25.3 56.5 22 -1 0b 7f -1 8 -1 -1 -1
1 1 0 25.5 56.5 24 -1 0b 7f -1 8 -1 -1 -1
1 1 0 25.4 56.5 22 -1 0b 7f -1 8 -1 -1 -1
1 1 0 25.4 56.5 22 -1 0b 7f -1 8 -1 -1 -1
1 1 0 25.4 56.5 24 -1 0b 7f -1 8 -1 -1 -1
1 1 0 25.5 56.0 26 -1 0b 7f -1 8 -1 -1 -1
1 1 0 25.4 56.0 28 -1 0b 7f -1 8 -1 -1 -1
1 1 0 25.4 56.0 28 -1 0b 7f -1 8 -1 -1 -1
1 1 0 25.4 56.0 28 -1 0b 7f -1 8 -1 -1 -1
1 1 0 25.4 56.0 28 -1 0b 7f -1 8 -1 -1 -1
1 1 0 25.4 56.0 28 -1 0b 7f -1 8 -1 -1 -1
1 1 0 25.4 56.0 28 -1 0b 7f -1 8 -1 -1 -1
1 1 0 25.4 56.0 26 -1 0b 7f -1 8 -1 -1 -1
1 1 7 25.4 56.5 33 -1 0b 7f -1 8 -1 -1 -1
1 1 7 25.4 56.5 33 -1 0b 7f -1 8 -1 -1 -1
1 1 7 25.4 56.5 33 -1 0b 7f -1 8 -1 -1 -1
1 1 7 25.4 56.5 33 -1 0b 7f -1 8 -1 -1 -1
1 1 7 25.4 56.5 33 -1 0b 7f -1 8 -1 -1 -1
1 1 7 25.4 56.5 33 -1 0b 7f -1 8 -1 -1 -1
1 1 7 25.4 56.5 33 -1 0b 7f -1 8 -1 -1 -1
1 1 7 25.4 56.5 33 -1 0b 7f -1 8 -1 -1 -1
1 1 0 25.5 56.5 28 -1 0b 7f -1 8 -1 -1 -1
1 1 0 25.4 56.0 29 -1 0b 7f -1 8 -1 -1 -1
1 1 0 25.4 56.0 31 -1 0b 7f -1 8 -1 -1 -1
1 1 0 25.4 56.0 29 -1 0b 7f -1 8 -1 -1 -1
1 1 0 25.5 56.0 31 -1 0b 7f -1 8 -1 -1 -1
1 1 0 25.5 55.5 31 -1 0b 7f -1 8 -1 -1 -1
1 1 0 25.5 55.5 28 -1 0b 7f -1 8 -1 -1 -1
1 1 6 25.5 55.5 28 -1 0b 7f -1 8 -1 -1 -1
1 1 0 25.5 55.5 26 -1 0b 7f -1 8 -1 -1 -1
1 1 0 25.5 55.5 26 -1 0b 7f -1 8 -1 -1 -1
1 1 6 25.5 55.5 22 -1 0b 7f -1 8 -1 -1 -1
1 1 0 25.5 56.0 22 -1 0b 7f -1 8 -1 -1 -1
1 1 0 25.5 55.5 21 -1 0b 7f -1 8 -1 -1 -1
1 1 0 25.5 56.0 21 -1 0b 7f -1 8 -1 -1 -1
1 1 3 25.5 56.0 21 -1 0b 7f -1 8 -1 -1 -1
1 1 0 25.5 56.0 17 -1 0b 7f -1 8 -1 -1 -1
1 1 0 25.4 55.5 17 -1 0b 7f -1 8 -1 -1 -1
1 1 0 25.5 56.0 15 -1 0b 7f -1 8 -1 -1 -1
1 1 0 25.4 56.0 16 -1 0b 7f -1 8 -1 -1 -1
1 1 0 25.4 56.0 16 -1 0b 7f -1 8 -1 -1 -1
1 1 0 25.5 56.0 15 -1 0b 7f -1 8 -1 -1 -1
1 1 0 25.5 56.0 17 -1 0b 7f -1 8 -1 -1 -1
1 1 0 25.5 56.0 19 -1 0b 7f -1 8 -1 -1 -1
1 1 0 25.5 56.0 21 -1 0b 7f -1 8 -1 -1 -1
1 1 0 25.5 56.0 24 -1 0b 7f -1 8 -1 -1 -1
1 1 0 25.5 56.0 24 -1 0b 7f -1 8 -1 -1 -1
1 1 0 25.5 56.5 28 -1 0b 7f -1 8 -1 -1 -1
1 1 0 25.4 56.5 28 -1 0b 7f -1 8 -1 -1 -1
1 1 0 25.6 56.5 29 -1 0b 7f -1 8 -1 -1 -1
1 1 7 25.5 56.5 32 -1 0b 7f -1 8 -1 -1 -1
1 1 0 25.5 56.5 34 -1 0b 7f -1 8 -1 -1 -1
1 1 0 25.5 56.5 34 -1 0b 7f -1 8 -1 -1 -1
1 1 0 25.6 57.0 36 -1 0b 7f -1 8 -1 -1 -1
1 1 0 25.6 57.5 33 -1 0b 7f -1 8 -1 -1 -1
1 1 0 25.6 57.5 34 -1 0b 7f -1 8 -1 -1 -1
1 1 0 25.6 58.0 34 -1 0b 7f -1 8 -1 -1 -1
1 1 0 25.6 58.0 31 -1 0b 7f -1 8 -1 -1 -1
1 1 0 25.5 58.0 33 -1 0b 7f -1 8 -1 -1 -1
1 1 0 25.6 57.5 37 -1 0b 7f -1 8 -1 -1 -1
1 1 0 25.6 57.5 37 -1 0b 7f -1 8 -1 -1 -1
1 1 0 25.5 57.5 31 -1 0b 7f -1 8 -1 -1 -1
1 1 4 25.6 57.0 27 -1 0b 7f -1 8 -1 -1 -1
1 1 0 25.5 56.5 31 -1 0b 7f -1 8 -1 -1 -1
1 1 5 25.5 56.5 31 -1 0b 7f -1 8 -1 -1 -1
1 1 1 25.5 56.0 27 -1 0b 7f -1 8 -1 -1 -1
1 1 0 25.5 56.0 29 -1 0b 7f -1 8 -1 -1 -1
1 1 0 25.5 56.0 29 -1 0b 7f -1 8 -1 -1 -1
1 1 9 25.5 55.5 31 -1 0b 7f -1 8 -1 -1 -1
1 1 0 25.5 55.5 31 -1 0b 7f -1 8 -1 -1 -1
1 1 7 25.5 55.5 33 -1 0b 7f -1 8 -1 -1 -1
1 1 6 25.4 55.5 29 -1 0b 7f -1 8 -1 -1 -1
1 1 11 25.4 55.0 31 -1 0b 7f -1 8 -1 -1 -1
1 1 0 25.2 55.0 29 -1 0b 7f -1 8 -1 -1 -1
1 1 0 25.2 55.0 29 -1 0b 7f -1 8 -1 -1 -1
1 1 0 25.0 54.5 29 -1 0b 7f -1 8 -1 -1 -1
1 1 0 24.9 54.0 29 -1 0b 7f -1 8 -1 -1 -1
1 1 0 24.9 54.0 38 -1 0b 7f -1 8 -1 -1 -1
1 1 0 24.7 54.0 33 -1 0b 7f -1 8 -1 -1 -1
1 1 0 24.7 54.0 31 -1 0b 7f -1 8 -1 -1 -1
1 1 0 24.7 53.5 31 -1 0b 7f -1 8 -1 -1 -1
1 1 0 24.6 54.0 29 -1 0b 7f -1 8 -1 -1 -1
1 1 0 24.6 55.0 29 -1 0b 7f -1 8 -1 -1 -1
1 1 0 24.7 56.0 33 -1 0b 7f -1 8 -1 -1 -1
1 1 0 24.8 56.5 31 -1 0b 7f -1 8 -1 -1 -1
1 1 0 24.8 57.0 31 -1 0b 7f -1 8 -1 -1 -1
1 1 0 24.9 57.5 29 -1 0b 7f -1 8 -1 -1 -1
1 1 0 24.9 58.0 29 -1 0b 7f -1 8 -1 -1 -1
1 1 0 25.0 58.0 29 -1 0b 7f -1 8 -1 -1 -1
1 1 0 24.9 58.0 31 -1 0b 7f -1 8 -1 -1 -1
1 1 0 25.0 58.0 31 -1 0b 7f -1 8 -1 -1 -1
1 1 5 25.0 58.0 31 -1 0b 7f -1 8 -1 -1 -1
1 1 0 24.9 57.5 29 -1 0b 7f -1 8 -1 -1 -1
1 1 0 24.9 57.5 37 -1 0b 7f -1 8 -1 -1 -1
1 1 0 25.0 57.5 38 -1 0b 7f -1 8 -1 -1 -1
1 1 0 25.0 57.5 39 -1 0b 7f -1 8 -1 -1 -1
1 1 7 25.1 57.5 37 -1 0b 7f -1 8 -1 -1 -1
1 1 7 25.1 56.5 39 -1 0b 7f -1 8 -1 -1 -1
1 1 0 25.1 56.0 41 -1 0b 7f -1 8 -1 -1 -1
1 1 0 25.0 55.5 39 -1 0b 7f -1 8 -1 -1 -1
1 1 0 25.0 55.0 41 -1 0b 7f -1 8 -1 -1 -1
1 1 0 25.0 54.5 36 -1 0b 7f -1 8 -1 -1 -1
1 1 0 25.0 54.5 41 -1 0b 7f -1 8 -1 -1 -1
1 1 7 25.1 54.5 37 -1 0b 7f -1 8 -1 -1 -1
1 1 0 25.0 54.5 32 -1 0b 7f -1 8 -1 -1 -1
1 1 0 25.1 54.5 33 -1 0b 7f -1 8 -1 -1 -1
1 1 0 25.1 54.0 31 -1 0b 7f -1 8 -1 -1 -1
1 1 0 25.1 54.0 31 -1 0b 7f -1 8 -1 -1 -1
1 1 0 25.0 54.0 26 -1 0b 7f -1 8 -1 -1 -1
1 1 0 25.1 54.0 24 -1 0b 7f -1 8 -1 -1 -1
1 1 0 25.0 54.5 24 -1 0b 7f -1 8 -1 -1 -1
1 1 0 25.1 54.5 22 -1 0b 7f -1 8 -1 -1 -1
1 1 0 25.2 54.5 22 -1 0b 7f -1 8 -1 -1 -1
1 1 0 25.1 54.0 24 -1 0b 7f -1 8 -1 -1 -1
1 1 5 25.1 54.0 24 -1 0b 7f -1 8 -1 -1 -1
1 1 6 25.1 54.0 24 -1 0b 7f -1 8 -1 -1 -1
1 1 0 25.0 53.5 26 -1 0b 7f -1 8 -1 -1 -1
1 1 6 25.1 53.5 25 -1 0b 7f -1 8 -1 -1 -1
1 1 5 25.1 53.5 27 -1 0b 7f -1 8 -1 -1 -1
1 1 0 25.1 53.0 31 -1 0b 7f -1 8 -1 -1 -1
1 1 0 25.1 53.0 27 -1 0b 7f -1 8 -1 -1 -1
1 1 0 25.1 53.0 29 -1 0b 7f -1 8 -1 -1 -1
1 1 0 25.1 53.0 31 -1 0b 7f -1 8 -1 -1 -1
1 1 0 25.2 53.0 31 -1 0b 7f -1 8 -1 -1 -1
1 1 0 25.2 53.0 34 -1 0b 7f -1 8 -1 -1 -1
1 1 0 25.1 53.0 31 -1 0b 7f -1 8 -1 -1 -1
1 1 0 25.1 53.0 29 -1 0b 7f -1 8 -1 -1 -1
1 1 0 25.1 53.5 33 -1 0b 7f -1 8 -1 -1 -1
1 1 0 25.2 54.0 34 -1 0b 7f -1 8 -1 -1 -1
1 1 0 25.2 54.5 39 -1 0b 7f -1 8 -1 -1 -1
1 1 0 25.2 54.5 34 -1 0b 7f -1 8 -1 -1 -1
1 1 0 25.1 54.0 32 -1 0b 7f -1 8 -1 -1 -1
1 1 0 25.2 54.0 32 -1 0b 7f -1 8 -1 -1 -1
1 1 0 25.2 54.0 33 -1 0b 7f -1 8 -1 -1 -1
1 1 0 25.2 54.0 32 -1 0b 7f -1 8 -1 -1 -1
1 1 2 25.1 54.0 33 -1 0b 7f -1 8 -1 -1 -1
1 1 7 25.2 54.0 32 -1 0b 7f -1 8 -1 -1 -1
1 1 0 25.2 54.0 38 -1 0b 7f -1 8 -1 -1 -1
1 1 0 25.2 54.0 34 -1 0b 7f -1 8 -1 -1 -1
1 1 0 25.2 53.5 32 -1 0b 7f -1 8 -1 -1 -1
1 1 0 25.2 53.5 30 -1 0b 7f -1 8 -1 -1 -1
1 1 0 25.2 53.5 30 -1 0b 7f -1 8 -1 -1 -1
1 1 0 25.2 53.5 31 -1 0b 7f -1 8 -1 -1 -1
1 1 0 25.1 53.0 29 -1 0b 7f -1 8 -1 -1 -1
1 1 0 25.2 53.5 29 -1 0b 7f -1 8 -1 -1 -1
1 1 0 25.2 54.0 34 -1 0b 7f -1 8 -1 -1 -1
1 1 0 25.2 55.0 29 -1 0b 7f -1 8 -1 -1 -1
1 1 0 25.2 55.5 33 -1 0b 7f -1 8 -1 -1 -1
1 1 0 25.3 56.0 36 -1 0b 7f -1 8 -1 -1 -1
1 1 0 25.3 56.0 34 -1 0b 7f -1 8 -1 -1 -1
1 1 0 25.2 56.0 36 -1 0b 7f -1 8 -1 -1 -1
1 1 0 25.3 55.5 32 -1 0b 7f -1 8 -1 -1 -1
1 1 0 25.3 56.0 36 -1 0b 7f -1 8 -1 -1 -1
1 1 0 25.3 56.5 35 -1 0b 7f -1 8 -1 -1 -1
1 1 0 25.3 56.5 39 -1 0b 7f -1 8 -1 -1 -1
1 1 0 25.4 56.5 36 -1 0b 7f -1 8 -1 -1 -1
1 1 0 25.3 57.0 31 -1 0b 7f -1 8 -1 -1 -1
1 1 0 25.3 57.0 29 -1 0b 7f -1 8 -1 -1 -1
1 1 0 25.3 57.0 36 -1 0b 7f -1 8 -1 -1 -1
1 1 0 25.3 57.0 37 -1 0b 7f -1 8 -1 -1 -1
1 1 0 25.4 57.0 36 -1 0b 7f -1 8 -1 -1 -1
1 1 0 25.4 57.0 33 -1 0b 7f -1 8 -1 -1 -1
1 1 0 25.4 57.5 29 -1 0b 7f -1 8 -1 -1 -1
1 1 0 25.3 57.5 31 -1 0b 7f -1 8 -1 -1 -1
1 1 0 25.3 57.5 31 -1 0b 7f -1 8 -1 -1 -1
1 1 0 25.4 57.5 27 -1 0b 7f -1 8 -1 -1 -1
1 1 0 25.4 56.5 29 -1 0b 7f -1 8 -1 -1 -1
1 1 1 25.4 56.5 29 -1 0b 7f -1 8 -1 -1 -1
1 1 0 25.4 56.0 29 -1 0b 7f -1 8 -1 -1 -1
1 1 0 25.3 55.5 31 -1 0b 7f -1 8 -1 -1 -1
1 1 3 25.3 56.0 29 -1 0b 7f -1 8 -1 -1 -1
1 1 0 25.4 56.0 31 -1 0b 7f -1 8 -1 -1 -1
1 1 0 25.4 56.0 29 -1 0b 7f -1 8 -1 -1 -1
1 1 0 25.4 56.0 33 -1 0b 7f -1 8 -1 -1 -1
1 1 6 25.4 57.0 31 -1 0b 7f -1 8 -1 -1 -1
1 1 8 25.4 58.0 31 -1 0b 7f -1 8 -1 -1 -1
1 1 0 25.5 58.5 29 -1 0b 7f -1 8 -1 -1 -1
1 1 0 25.4 59.0 29 -1 0b 7f -1 8 -1 -1 -1
1 1 0 25.5 59.5 29 -1 0b 7f -1 8 -1 -1 -1
1 1 0 25.5 60.0 31 -1 0b 7f -1 8 -1 -1 -1
1 1 0 25.5 60.0 31 -1 0b 7f -1 8 -1 -1 -1
1 1 0 25.5 60.0 31 -1 0b 7f -1 8 -1 -1 -1
1 1 6 25.6 59.5 31 -1 0b 7f -1 8 -1 -1 -1
1 1 9 25.6 59.0 28 -1 0b 7f -1 8 -1 -1 -1
1 1 0 25.6 58.5 31 -1 0b 7f -1 8 -1 -1 -1
1 1 0 25.6 58.0 29 -1 0b 7f -1 8 -1 -1 -1
1 1 0 25.6 58.0 26 -1 0b 7f -1 8 -1 -1 -1
1 1 0 25.6 58.0 22 -1 0b 7f -1 8 -1 -1 -1
1 1 0 25.5 58.0 22 -1 0b 7f -1 8 -1 -1 -1
1 1 0 25.5 57.5 22 -1 0b 7f -1 8 -1 -1 -1
1 1 0 25.5 57.5 26 -1 0b 7f -1 8 -1 -1 -1
1 1 0 25.5 57.5 26 -1 0b 7f -1 8 -1 -1 -1
1 1 0 25.5 57.0 28 -1 0b 7f -1 8 -1 -1 -1
1 1 0 25.6 56.5 28 -1 0b 7f -1 8 -1 -1 -1
1 1 0 25.5 56.5 26 -1 0b 7f -1 8 -1 -1 -1
1 1 0 25.5 56.5 27 -1 0b 7f -1 8 -1 -1 -1
1 1 0 25.5 56.5 29 -1 0b 7f -1 8 -1 -1 -1
1 1 0 25.5 56.5 29 -1 0b 7f -1 8 -1 -1 -1
1 1 0 25.5 56.5 29 -1 0b 7f -1 8 -1 -1 -1
1 1 0 25.6 57.5 27 -1 0b 7f -1 8 -1 -1 -1
1 1 0 25.6 56.5 24 -1 0b 7f -1 8 -1 -1 -1
1 1 0 25.6 56.0 26 -1 0b 7f -1 8 -1 -1 -1
1 1 0 25.6 56.0 24 -1 0b 7f -1 8 -1 -1 -1
1 1 0 25.5 56.0 26 -1 0b 7f -1 8 -1 -1 -1
1 1 0 25.5 56.0 23 -1 0b 7f -1 8 -1 -1 -1
1 1 0 25.5 56.0 22 -1 0b 7f -1 8 -1 -1 -1
1 1 4 25.5 57.0 26 -1 0b 7f -1 8 -1 -1 -1
1 1 0 25.5 57.0 22 -1 0b 7f -1 8 -1 -1 -1
1 1 4 25.6 57.0 22 -1 0b 7f -1 8 -1 -1 -1
1 1 7 25.6 57.5 22 -1 0b 7f -1 8 -1 -1 -1
1 1 0 25.6 57.5 24 -1 0b 7f -1 8 -1 -1 -1
1 1 0 25.5 58.0 24 -1 0b 7f -1 8 -1 -1 -1
1 1 0 25.5 58.0 24 -1 0b 7f -1 8 -1 -1 -1
1 1 0 25.6 58.0 22 -1 0b 7f -1 8 -1 -1 -1
1 1 0 25.6 58.0 20 -1 0b 7f -1 8 -1 -1 -1
1 1 0 25.5 58.0 21 -1 0b 7f -1 8 -1 -1 -1
1 1 0 25.6 58.0 19 -1 0b 7f -1 8 -1 -1 -1
1 1 0 25.5 58.0 19 -1 0b 7f -1 8 -1 -1 -1
1 1 0 25.6 58.0 19 -1 0b 7f -1 8 -1 -1 -1
1 1 0 25.6 58.5 19 -1 0b 7f -1 8 -1 -1 -1
1 1 0 25.5 58.0 21 -1 0b 7f -1 8 -1 -1 -1
1 1 0 25.6 58.0 20 -1 0b 7f -1 8 -1 -1 -1
1 1 0 25.6 57.5 20 -1 0b 7f -1 8 -1 -1 -1
1 1 0 25.6 58.0 24 -1 0b 7f -1 8 -1 -1 -1
1 1 0 25.6 58.5 24 -1 0b 7f -1 8 -1 -1 -1
1 1 0 25.5 57.5 24 -1 0b 7f -1 8 -1 -1 -1
1 1 0 25.6 57.5 22 -1 0b 7f -1 8 -1 -1 -1
1 1 0 25.6 58.5 22 -1 0b 7f -1 8 -1 -1 -1
1 1 0 25.7 57.0 22 -1 0b 7f -1 8 -1 -1 -1
1 1 0 25.6 57.0 24 -1 0b 7f -1 8 -1 -1 -1
1 1 0 25.6 57.0 24 -1 0b 7f -1 8 -1 -1 -1
1 1 0 25.7 57.5 26 -1 0b 7f -1 8 -1 -1 -1
1 1 0 25.6 57.5 25 -1 0b 7f -1 8 -1 -1 -1
1 1 0 25.6 57.5 27 -1 0b 7f -1 8 -1 -1 -1
1 1 1 25.6 57.5 27 -1 0b 7f -1 8 -1 -1 -1
1 1 3 25.7 58.5 29 -1 0b 7f -1 8 -1 -1 -1
1 1 0 25.7 58.5 28 -1 0b 7f -1 8 -1 -1 -1
1 1 0 25.7 58.5 24 -1 0b 7f -1 8 -1 -1 -1
1 1 0 25.6 58.5 22 -1 0b 7f -1 8 -1 -1 -1
1 1 6 25.6 58.5 24 -1 0b 7f -1 8 -1 -1 -1
1 1 8 25.6 58.5 24 -1 0b 7f -1 8 -1 -1 -1
1 1 0 25.7 58.0 26 -1 0b 7f -1 8 -1 -1 -1
1 1 0 25.7 58.0 26 -1 0b 7f -1 8 -1 -1 -1
1 1 0 25.7 58.5 21 -1 0b 7f -1 8 -1 -1 -1
1 1 0 25.7 59.0 21 -1 0b 7f -1 8 -1 -1 -1
1 1 0 25.7 59.5 21 -1 0b 7f -1 8 -1 -1 -1
1 1 0 25.8 60.0 26 -1 0b 7f -1 8 -1 -1 -1
1 1 0 25.7 60.0 25 -1 0b 7f -1 8 -1 -1 -1
1 1 6 25.7 60.0 27 -1 0b 7f -1 8 -1 -1 -1
1 1 0 25.7 60.0 25 -1 0b 7f -1 8 -1 -1 -1
1 1 8 25.8 60.0 25 -1 0b 7f -1 8 -1 -1 -1
1 1 0 25.8 60.5 27 -1 0b 7f -1 8 -1 -1 -1
1 1 0 25.8 61.0 25 -1 0b 7f -1 8 -1 -1 -1
1 1 5 25.8 61.5 24 -1 0b 7f -1 8 -1 -1 -1
1 1 0 25.8 62.0 22 -1 0b 7f -1 8 -1 -1 -1
1 1 0 25.9 63.0 24 -1 0b 7f -1 8 -1 -1 -1
1 1 0 26.0 63.5 22 -1 0b 7f -1 8 -1 -1 -1
1 1 0 26.0 63.0 22 -1 0b 7f -1 8 -1 -1 -1
1 1 6 25.9 63.0 24 -1 0b 7f -1 8 -1 -1 -1
1 1 0 25.8 63.0 22 -1 0b 7f -1 8 -1 -1 -1
1 1 0 25.9 62.5 24 -1 0b 7f -1 8 -1 -1 -1
1 1 0 25.9 62.5 24 -1 0b 7f -1 8 -1 -1 -1
1 1 0 25.9 63.0 21 -1 0b 7f -1 8 -1 -1 -1
1 1 0 25.8 62.5 21 -1 0b 7f -1 8 -1 -1 -1
1 1 0 25.9 62.5 19 -1 0b 7f -1 8 -1 -1 -1
1 1 0 25.9 62.5 19 -1 0b 7f -1 8 -1 -1 -1
1 1 0 25.9 62.0 23 -1 0b 7f -1 8 -1 -1 -1
1 1 0 25.9 62.0 19 -1 0b 7f -1 8 -1 -1 -1
1 1 0 25.8 62.5 21 -1 0b 7f -1 8 -1 -1 -1
1 1 0 25.9 62.0 21 -1 0b 7f -1 8 -1 -1 -1
1 1 0 25.9 61.0 21 -1 0b 7f -1 8 -1 -1 -1
1 1 0 26.0 60.5 19 -1 0b 7f -1 8 -1 -1 -1
1 1 0 25.9 60.5 21 -1 0b 7f -1 8 -1 -1 -1
1 1 0 25.9 60.0 21 -1 0b 7f -1 8 -1 -1 -1
1 1 0 25.9 60.0 21 -1 0b 7f -1 8 -1 -1 -1
1 1 0 25.9 60.0 19 -1 0b 7f -1 8 -1 -1 -1
1 1 0 25.8 60.0 21 -1 0b 7f -1 8 -1 -1 -1
1 1 0 25.8 60.5 24 -1 0b 7f -1 8 -1 -1 -1
1 1 0 26.0 61.0 26 -1 0b 7f -1 8 -1 -1 -1
1 1 0 25.9 62.0 22 -1 0b 7f -1 8 -1 -1 -1
1 1 0 26.1 62.5 22 -1 0b 7f -1 8 -1 -1 -1
1 1 0 26.1 63.5 24 -1 0b 7f -1 8 -1 -1 -1
1 1 0 26.1 63.5 22 -1 0b 7f -1 8 -1 -1 -1
1 1 0 26.1 63.5 22 -1 0b 7f -1 8 -1 -1 -1
1 1 0 26.0 63.0 21 -1 0b 7f -1 8 -1 -1 -1
1 1 0 26.0 62.5 19 -1 0b 7f -1 8 -1 -1 -1
1 1 0 26.1 62.0 21 -1 0b 7f -1 8 -1 -1 -1
1 1 0 26.0 61.5 21 -1 0b 7f -1 8 -1 -1 -1
1 1 1 26.0 61.5 19 -1 0b 7f -1 8 -1 -1 -1
1 1 3 26.0 61.5 21 -1 0b 7f -1 8 -1 -1 -1
1 1 0 26.0 61.0 23 -1 0b 7f -1 8 -1 -1 -1
1 1 0 26.0 60.5 22 -1 0b 7f -1 8 -1 -1 -1
1 1 0 26.0 60.0 22 -1 0b 7f -1 8 -1 -1 -1
1 1 0 25.9 59.5 22 -1 0b 7f -1 8 -1 -1 -1
1 1 0 25.9 59.5 21 -1 0b 7f -1 8 -1 -1 -1
1 1 0 26.0 59.5 24 -1 0b 7f -1 8 -1 -1 -1
1 1 0 25.9 60.0 24 -1 0b 7f -1 8 -1 -1 -1
1 1 0 26.0 60.5 28 -1 0b 7f -1 8 -1 -1 -1
1 1 0 26.0 61.0 24 -1 0b 7f -1 8 -1 -1 -1
1 1 0 26.0 61.5 24 -1 0b 7f -1 8 -1 -1 -1
1 1 0 26.1 61.5 21 -1 0b 7f -1 8 -1 -1 -1
1 1 0 26.1 61.5 21 -1 0b 7f -1 8 -1 -1 -1
1 1 0 26.1 62.0 21 -1 0b 7f -1 8 -1 -1 -1
1 1 0 26.1 62.0 24 -1 0b 7f -1 8 -1 -1 -1
1 1 0 26.1 62.0 24 -1 0b 7f -1 8 -1 -1 -1
1 1 0 26.1 61.5 22 -1 0b 7f -1 8 -1 -1 -1
1 1 0 26.1 61.0 28 -1 0b 7f -1 8 -1 -1 -1
1 1 0 26.1 60.5 28 -1 0b 7f -1 8 -1 -1 -1
1 1 0 26.0 60.0 24 -1 0b 7f -1 8 -1 -1 -1
1 1 0 26.1 60.0 24 -1 0b 7f -1 8 -1 -1 -1
1 1 0 26.0 60.0 24 -1 0b 7f -1 8 -1 -1 -1
1 1 0 26.0 59.5 21 -1 0b 7f -1 8 -1 -1 -1
1 1 1 26.0 59.0 21 -1 0b 7f -1 8 -1 -1 -1
1 1 0 26.0 58.5 21 -1 0b 7f -1 8 -1 -1 -1
1 1 0 26.0 59.0 19 -1 0b 7f -1 8 -1 -1 -1
1 1 0 26.1 59.5 19 -1 0b 7f -1 8 -1 -1 -1
1 1 2 26.0 59.5 19 -1 0b 7f -1 8 -1 -1 -1
1 1 3 26.1 58.5 17 -1 0b 7f -1 8 -1 -1 -1
1 1 0 26.0 58.0 15 -1 0b 7f -1 8 -1 -1 -1
1 1 0 26.0 58.0 15 -1 0b 7f -1 8 -1 -1 -1
1 1 0 26.0 58.5 16 -1 0b 7f -1 8 -1 -1 -1
1 1 0 26.1 59.0 16 -1 0b 7f -1 8 -1 -1 -1
1 1 6 26.1 59.5 16 -1 0b 7f -1 8 -1 -1 -1
1 1 4 26.1 60.0 14 -1 0b 7f -1 8 -1 -1 -1
1 1 11 26.1 60.5 16 -1 0b 7f -1 8 -1 -1 -1
1 1 0 26.0 60.5 15 -1 0b 7f -1 8 -1 -1 -1
1 1 0 26.1 60.5 15 -1 0b 7f -1 8 -1 -1 -1
1 1 0 26.1 61.0 16 -1 0b 7f -1 8 -1 -1 -1
1 1 0 26.2 61.0 16 -1 0b 7f -1 8 -1 -1 -1
1 1 0 26.2 61.5 16 -1 0b 7f -1 8 -1 -1 -1
1 1 14 26.2 62.0 16 -1 0b 7f -1 8 -1 -1 -1
1 1 0 26.1 62.0 15 -1 0b 7f -1 8 -1 -1 -1
1 1 4 26.1 62.0 17 -1 0b 7f -1 8 -1 -1 -1
1 1 10 26.1 62.0 15 -1 0b 7f -1 8 -1 -1 -1
1 1 0 26.1 61.5 12 -1 0b 7f -1 8 -1 -1 -1
1 1 0 26.1 61.5 12 -1 0b 7f -1 8 -1 -1 -1
1 1 0 26.1 61.0 10 -1 0b 7f -1 8 -1 -1 -1
1 1 0 26.1 61.0 10 -1 0b 7f -1 8 -1 -1 -1
1 1 0 26.1 60.5 12 -1 0b 7f -1 8 -1 -1 -1
1 1 0 26.0 60.0 12 -1 0b 7f -1 8 -1 -1 -1
1 1 0 26.0 60.0 12 -1 0b 7f -1 8 -1 -1 -1
1 1 0 26.1 59.5 14 -1 0b 7f -1 8 -1 -1 -1
1 1 0 26.0 59.0 16 -1 0b 7f -1 8 -1 -1 -1
1 1 0 26.0 58.5 12 -1 0b 7f -1 8 -1 -1 -1
1 1 0 26.0 58.5 15 -1 0b 7f -1 8 -1 -1 -1
1 1 0 25.9 58.5 15 -1 0b 7f -1 8 -1 -1 -1
1 1 0 25.9 58.0 17 -1 0b 7f -1 8 -1 -1 -1
1 1 0 26.0 58.0 17 -1 0b 7f -1 8 -1 -1 -1
1 1 0 25.9 57.5 19 -1 0b 7f -1 8 -1 -1 -1
1 1 0 25.9 57.5 19 -1 0b 7f -1 8 -1 -1 -1
1 1 0 25.9 57.5 21 -1 0b 7f -1 8 -1 -1 -1
1 1 0 25.9 57.5 19 -1 0b 7f -1 8 -1 -1 -1
1 1 0 25.9 57.0 19 -1 0b 7f -1 8 -1 -1 -1
1 1 0 25.9 57.0 19 -1 0b 7f -1 8 -1 -1 -1
1 1 0 25.8 57.0 17 -1 0b 7f -1 8 -1 -1 -1
1 1 0 25.9 57.5 15 -1 0b 7f -1 8 -1 -1 -1
1 1 0 25.9 57.5 17 -1 0b 7f -1 8 -1 -1 -1
1 1 0 25.8 57.0 17 -1 0b 7f -1 8 -1 -1 -1
1 1 0 25.8 57.0 17 -1 0b 7f -1 8 -1 -1 -1
1 1 0 25.8 57.0 17 -1 0b 7f -1 8 -1 -1 -1
1 1 0 25.8 57.5 16 -1 0b 7f -1 8 -1 -1 -1
1 1 0 25.9 57.0 12 -1 0b 7f -1 8 -1 -1 -1
1 1 0 25.8 57.5 14 -1 0b 7f -1 8 -1 -1 -1
1 1 1 25.9 58.0 14 -1 0b 7f -1 8 -1 -1 -1
1 1 1 25.9 57.5 12 -1 0b 7f -1 8 -1 -1 -1
1 1 0 25.9 57.0 10 -1 0b 7f -1 8 -1 -1 -1
1 1 0 25.9 58.0 14 -1 0b 7f -1 8 -1 -1 -1
1 1 0 25.9 57.0 12 -1 0b 7f -1 8 -1 -1 -1
1 1 7 25.9 57.5 10 -1 0b 7f -1 8 -1 -1 -1
1 1 0 26.0 58.5 11 -1 0b 7f -1 8 -1 -1 -1
1 1 5 25.9 60.0 9 -1 0b 7f -1 8 -1 -1 -1
1 1 0 26.0 58.5 9 -1 0b 7f -1 8 -1 -1 -1
1 1 0 26.0 59.0 7 -1 0b 7f -1 8 -1 -1 -1
1 1 0 26.0 58.5 7 -1 0b 7f -1 8 -1 -1 -1
1 1 0 26.0 58.5 9 -1 0b 7f -1 8 -1 -1 -1
1 1 0 25.8 58.0 7 -1 0b 7f -1 8 -1 -1 -1
1 1 0 25.8 57.5 9 -1 0b 7f -1 8 -1 -1 -1
1 1 0 25.9 57.5 9 -1 0b 7f -1 8 -1 -1 -1
1 1 0 25.9 57.0 11 -1 0b 7f -1 8 -1 -1 -1
1 1 0 25.8 57.0 12 -1 0b 7f -1 8 -1 -1 -1
1 1 0 25.8 56.5 12 -1 0b 7f -1 8 -1 -1 -1
1 1 0 25.8 56.5 17 -1 0b 7f -1 8 -1 -1 -1
1 1 6 25.8 56.5 17 -1 0b 7f -1 8 -1 -1 -1
1 1 0 25.7 56.0 17 -1 0b 7f -1 8 -1 -1 -1
1 1 4 25.8 56.0 17 -1 0b 7f -1 8 -1 -1 -1
1 1 21 25.7 55.5 15 -1 0b 7f -1 8 -1 -1 -1
1 1 5 25.7 55.5 17 -1 0b 7f -1 8 -1 -1 -1
1 1 0 25.7 55.0 19 -1 0b 7f -1 8 -1 -1 -1
1 1 12 25.7 55.0 17 -1 0b 7f -1 8 -1 -1 -1
1 1 0 25.7 55.0 15 -1 0b 7f -1 8 -1 -1 -1
1 1 4 25.7 55.0 17 -1 0b 7f -1 8 -1 -1 -1
1 1 13 25.6 55.0 19 -1 0b 7f -1 8 -1 -1 -1
1 1 0 25.7 55.0 21 -1 0b 7f -1 8 -1 -1 -1
1 1 0 25.7 54.5 21 -1 0b 7f -1 8 -1 -1 -1
1 1 0 25.6 54.5 21 -1 0b 7f -1 8 -1 -1 -1
1 1 8 25.6 54.5 21 -1 0b 7f -1 8 -1 -1 -1
1 1 0 25.6 54.5 17 -1 0b 7f -1 8 -1 -1 -1
1 1 0 25.6 54.5 17 -1 0b 7f -1 8 -1 -1 -1
1 1 0 25.6 54.5 17 -1 0b 7f -1 8 -1 -1 -1
1 1 0 25.6 55.0 19 -1 0b 7f -1 8 -1 -1 -1
1 1 0 25.7 55.0 19 -1 0b 7f -1 8 -1 -1 -1
1 1 0 25.6 55.0 17 -1 0b 7f -1 8 -1 -1 -1
1 1 0 25.7 55.5 15 -1 0b 7f -1 8 -1 -1 -1
1 1 0 25.7 56.0 19 -1 0b 7f -1 8 -1 -1 -1
1 1 0 25.7 56.0 19 -1 0b 7f -1 8 -1 -1 -1
1 1 10 25.6 56.5 19 -1 0b 7f -1 8 -1 -1 -1
1 1 0 25.7 57.0 21 -1 0b 7f -1 8 -1 -1 -1
1 1 0 25.6 56.5 21 -1 0b 7f -1 8 -1 -1 -1
1 1 0 25.7 57.0 19 -1 0b 7f -1 8 -1 -1 -1
1 1 0 25.6 56.5 19 -1 0b 7f -1 8 -1 -1 -1
1 1 7 25.6 56.5 17 -1 0b 7f -1 8 -1 -1 -1
1 1 0 25.6 56.5 16 -1 0b 7f -1 8 -1 -1 -1
1 1 0 25.6 56.5 17 -1 0b 7f -1 8 -1 -1 -1
1 1 7 25.7 56.0 17 -1 0b 7f -1 8 -1 -1 -1
1 1 5 25.6 56.0 21 -1 0b 7f -1 8 -1 -1 -1
1 1 0 25.7 55.5 20 -1 0b 7f -1 8 -1 -1 -1
1 1 0 25.6 55.5 21 -1 0b 7f -1 8 -1 -1 -1
1 1 0 25.6 55.5 17 -1 0b 7f -1 8 -1 -1 -1
1 1 0 25.6 55.5 17 -1 0b 7f -1 8 -1 -1 -1
1 1 0 25.6 55.0 21 -1 0b 7f -1 8 -1 -1 -1
1 1 0 25.6 55.0 20 -1 0b 7f -1 8 -1 -1 -1
1 1 6 25.6 55.0 24 -1 0b 7f -1 8 -1 -1 -1
1 1 1 25.6 55.0 20 -1 0b 7f -1 8 -1 -1 -1
1 1 0 25.6 55.0 24 -1 0b 7f -1 8 -1 -1 -1
1 1 6 25.6 55.0 19 -1 0b 7f -1 8 -1 -1 -1
1 1 0 25.6 55.0 24 -1 0b 7f -1 8 -1 -1 -1
1 1 0 25.7 54.5 21 -1 0b 7f -1 8 -1 -1 -1
1 1 0 25.6 54.5 19 -1 0b 7f -1 8 -1 -1 -1
1 1 0 25.6 54.5 19 -1 0b 7f -1 8 -1 -1 -1
1 1 0 25.6 54.0 16 -1 0b 7f -1 8 -1 -1 -1
1 1 0 25.6 54.5 16 -1 0b 7f -1 8 -1 -1 -1
1 1 0 25.5 54.5 18 -1 0b 7f -1 8 -1 -1 -1
1 1 0 25.6 54.5 18 -1 0b 7f -1 8 -1 -1 -1
1 1 0 25.6 54.0 16 -1 0b 7f -1 8 -1 -1 -1
1 1 0 25.6 54.0 14 -1 0b 7f -1 8 -1 -1 -1
1 1 0 25.6 54.0 14 -1 0b 7f -1 8 -1 -1 -1
1 1 0 25.6 54.0 16 -1 0b 7f -1 8 -1 -1 -1
1 1 6 25.5 54.0 14 -1 0b 7f -1 8 -1 -1 -1
1 1 0 25.5 54.5 14 -1 0b 7f -1 8 -1 -1 -1
1 1 6 25.5 54.0 14 -1 0b 7f -1 8 -1 -1 -1
1 1 0 25.5 54.0 14 -1 0b 7f -1 8 -1 -1 -1
1 1 0 25.5 54.0 14 -1 0b 7f -1 8 -1 -1 -1
1 1 5 25.5 54.0 14 -1 0b 7f -1 8 -1 -1 -1
1 1 0 25.5 54.5 22 -1 0b 7f -1 8 -1 -1 -1
1 1 0 25.5 53.5 20 -1 0b 7f -1 8 -1 -1 -1
1 1 13 25.5 53.5 20 -1 0b 7f -1 8 -1 -1 -1
1 1 0 25.6 53.5 18 -1 0b 7f -1 8 -1 -1 -1
1 1 0 25.5 53.5 22 -1 0b 7f -1 8 -1 -1 -1
1 1 0 25.5 53.5 22 -1 0b 7f -1 8 -1 -1 -1
1 1 0 25.4 54.0 20 -1 0b 7f -1 8 -1 -1 -1
1 1 5 25.6 54.0 20 -1 0b 7f -1 8 -1 -1 -1
1 1 0 25.5 54.0 20 -1 0b 7f -1 8 -1 -1 -1
1 1 0 25.5 54.5 20 -1 0b 7f -1 8 -1 -1 -1
1 1 0 25.6 54.5 18 -1 0b 7f -1 8 -1 -1 -1
1 1 7 25.6 55.0 22 -1 0b 7f -1 8 -1 -1 -1
1 1 4 25.6 55.0 22 -1 0b 7f -1 8 -1 -1 -1
1 1 0 25.6 55.0 18 -1 0b 7f -1 8 -1 1 -1
1 1 0 25.6 55.0 15 -1 0b 7f -1 8 -1 1 -1
1 1 10 25.6 55.0 23 -1 0b 7f -1 8 -1 1 -1
1 1 16 25.6 55.0 18 -1 0b 7f -1 8 -1 1 -1
1 1 0 25.5 55.5 16 -1 0b 7f -1 8 -1 1 -1
1 1 0 25.6 55.0 13 -1 0b 7f -1 8 -1 1 -1
1 1 0 25.5 55.0 22 -1 0b 7f -1 8 -1 1 -1
1 1 0 25.5 55.0 23 -1 0b 7f -1 8 -1 1 -1
1 1 0 25.6 55.0 23 -1 0b 7f -1 8 -1 1 -1
1 1 0 25.6 55.0 23 -1 0b 7f -1 8 -1 1 -1
1 1 0 25.7 55.5 25 -1 0b 7f -1 8 -1 1 -1
1 1 8 25.6 55.5 21 -1 0b 7f -1 8 -1 1 -1
1 1 0 25.6 55.5 21 -1 0b 7f -1 8 -1 1 -1
1 1 0 25.6 55.5 23 -1 0b 7f -1 8 -1 1 -1
1 1 0 25.6 55.0 21 -1 0b 7f -1 8 -1 1 -1
1 1 0 25.6 55.0 20 -1 0b 7f -1 8 -1 1 -1
1 1 0 25.6 55.0 20 -1 0b 7f -1 8 -1 1 -1
1 1 5 25.6 55.0 16 -1 0b 7f -1 8 -1 1 -1
1 1 0 25.6 55.0 20 -1 0b 7f -1 8 -1 1 -1
1 1 0 25.7 55.5 17 -1 0b 7f -1 8 -1 1 -1
1 1 6 25.6 55.5 15 -1 0b 7f -1 8 -1 1 -1
1 1 0 25.6 55.5 18 -1 0b 7f -1 8 -1 1 -1
1 1 0 25.7 55.0 23 -1 0b 7f -1 8 -1 1 -1
1 1 0 25.7 55.0 21 -1 0b 7f -1 8 -1 1 -1
1 1 0 25.6 55.5 20 -1 0b 7f -1 8 -1 1 -1
1 1 0 25.7 55.5 21 -1 0b 7f -1 8 -1 1 -1
1 1 0 25.7 56.0 16 -1 0b 7f -1 8 -1 1 -1
1 1 0 25.7 55.5 13 -1 0b 7f -1 8 -1 1 -1
1 1 0 25.7 55.5 15 -1 0b 7f -1 8 -1 1 -1
1 1 0 25.7 55.5 11 -1 0b 7f -1 8 -1 1 -1
1 1 0 25.8 55.5 13 -1 0b 7f -1 8 -1 1 -1
1 1 0 25.7 55.5 11 -1 0b 7f -1 8 -1 1 -1
1 1 0 25.7 55.5 9 -1 0b 7f -1 8 -1 1 -1
1 1 0 25.7 56.0 13 -1 0b 7f -1 8 -1 1 -1
1 1 0 25.8 56.5 11 -1 0b 7f -1 8 -1 1 -1
1 1 0 25.7 56.0 11 -1 0b 7f -1 8 -1 1 -1
1 1 0 25.7 55.5 11 -1 0b 7f -1 8 -1 1 -1
1 1 0 25.8 55.5 9 -1 0b 7f -1 8 -1 1 -1
1 1 0 25.7 55.5 9 -1 0b 7f -1 8 -1 1 -1
1 1 0 25.8 56.5 9 -1 0b 7f -1 8 -1 1 -1
1 1 0 25.8 57.5 9 -1 0b 7f -1 8 -1 1 -1
1 1 0 25.8 57.0 10 -1 0b 7f -1 8 -1 1 -1
1 1 0 25.9 56.5 10 -1 0b 7f -1 8 -1 1 -1
1 1 0 25.8 57.0 10 -1 0b 7f -1 8 -1 1 -1
1 1 0 25.8 57.5 10 -1 0b 7f -1 8 -1 1 -1
1 1 0 25.8 58.5 10 -1 0b 7f -1 8 -1 1 -1
1 1 0 25.8 57.0 10 -1 0b 7f -1 8 -1 1 -1
1 1 1 25.8 57.0 10 -1 0b 7f -1 8 -1 1 -1
1 1 0 25.8 56.5 10 -1 0b 7f -1 8 -1 1 -1
1 1 0 25.7 56.5 10 -1 0b 7f -1 8 -1 1 -1
1 1 6 25.8 56.5 10 -1 0b 7f -1 8 -1 1 -1
1 1 16 25.8 56.0 10 -1 0b 7f -1 8 -1 1 -1
1 1 4 25.7 56.0 10 -1 0b 7f -1 8 -1 1 -1
1 1 0 25.7 55.5 10 -1 0b 7f -1 8 -1 1 -1
1 1 6 25.7 55.0 10 -1 0b 7f -1 8 -1 1 -1
1 1 0 25.7 55.0 10 -1 0b 7f -1 8 -1 1 -1
1 1 0 25.6 54.5 10 -1 0b 7f -1 8 -1 1 -1
1 1 0 25.7 55.0 10 -1 0b 7f -1 8 -1 1 -1
1 1 8 25.7 54.5 10 -1 0b 7f -1 8 -1 1 -1
1 1 0 25.6 54.5 10 -1 0b 7f -1 8 -1 1 -1
1 1 7 25.7 54.5 10 -1 0b 7f -1 8 -1 1 -1
1 1 8 25.7 54.5 10 -1 0b 7f -1 8 -1 1 -1
1 1 7 25.7 54.5 10 -1 0b 7f -1 8 -1 1 -1
1 1 0 25.7 54.5 10 -1 0b 7f -1 8 -1 1 -1
1 1 6 25.7 54.5 10 -1 0b 7f -1 8 -1 1 -1
1 1 1 25.7 54.5 10 -1 0b 7f -1 8 -1 1 -1
1 1 7 25.7 54.5 10 -1 0b 7f -1 8 -1 1 -1
1 1 0 25.6 54.0 10 -1 0b 7f -1 8 -1 1 -1
1 1 7 25.6 54.0 10 -1 0b 7f -1 8 -1 1 -1
1 1 0 25.7 53.5 10 -1 0b 7f -1 8 -1 1 -1
1 1 5 25.7 54.0 10 -1 0b 7f -1 8 -1 1 -1
1 1 0 25.6 53.5 10 -1 0b 7f -1 8 -1 1 -1
1 1 0 25.6 53.5 10 -1 0b 7f -1 8 -1 1 -1
1 1 0 25.7 53.5 10 -1 0b 7f -1 8 -1 1 -1
1 1 0 25.6 53.5 10 -1 0b 7f -1 8 -1 1 -1
1 1 0 25.7 53.5 10 -1 0b 7f -1 8 -1 1 -1
1 1 0 25.6 53.0 10 -1 0b 7f -1 8 -1 1 -1
1 1 0 25.5 53.0 10 -1 0b 7f -1 8 -1 1 -1
1 1 0 25.6 53.0 10 -1 0b 7f -1 8 -1 1 -1
1 1 3 25.6 53.0 10 -1 0b 7f -1 8 -1 1 -1
1 1 0 25.6 53.0 10 -1 0b 7f -1 8 -1 1 -1
1 1 0 25.6 53.0 10 -1 0b 7f -1 8 -1 1 -1
1 1 0 25.6 52.5 10 -1 0b 7f -1 8 -1 1 -1
1 1 0 25.6 52.5 10 -1 0b 7f -1 8 -1 1 -1
1 1 0 25.6 52.5 10 -1 0b 7f -1 8 -1 1 -1
1 1 0 25.6 53.5 10 -1 0b 7f -1 8 -1 1 -1
1 1 6 25.7 53.0 10 -1 0b 7f -1 8 -1 1 -1
1 1 6 25.7 53.0 10 -1 0b 7f -1 8 -1 1 -1
1 1 0 25.7 53.0 10 -1 0b 7f -1 8 -1 1 -1
1 1 0 25.7 53.0 9 -1 0b 7f -1 8 -1 1 -1
1 1 7 25.6 52.5 9 -1 0b 7f -1 8 -1 1 -1
1 1 0 25.6 52.5 9 -1 0b 7f -1 8 -1 1 -1
1 1 9 25.6 52.5 9 -1 0b 7f -1 8 -1 1 -1
1 1 0 25.6 52.5 9 -1 0b 7f -1 8 -1 1 -1
1 1 0 25.6 52.5 9 -1 0b 7f -1 8 -1 1 -1
1 1 4 25.6 53.0 10 -1 0b 7f -1 8 -1 1 -1
1 1 0 25.6 52.5 10 -1 0b 7f -1 8 -1 1 -1
1 1 0 25.6 52.5 10 -1 0b 7f -1 8 -1 1 -1
1 1 0 25.6 52.5 10 -1 0b 7f -1 8 -1 1 -1
1 1 3 25.6 52.5 10 -1 0b 7f -1 8 -1 1 -1
1 1 11 25.6 52.5 10 -1 0b 7f -1 8 -1 1 -1
1 1 0 25.5 52.5 10 -1 0b 7f -1 8 -1 1 -1
1 1 0 25.5 52.5 8 -1 0b 7f -1 8 -1 1 -1
1 1 0 25.5 52.5 8 -1 0b 7f -1 8 -1 1 -1
1 1 5 25.6 52.5 10 -1 0b 7f -1 8 -1 1 -1
1 1 16 25.6 52.5 10 -1 0b 7f -1 8 -1 1 -1
1 1 0 25.6 52.5 10 -1 0b 7f -1 8 -1 1 -1
1 1 0 25.6 52.5 10 -1 0b 7f -1 8 -1 1 -1
1 1 18 25.5 52.5 10 -1 0b 7f -1 8 -1 1 -1
1 1 0 25.5 52.5 10 -1 0b 7f -1 8 -1 1 -1
1 1 0 25.6 52.5 10 -1 0b 7f -1 8 -1 1 -1
1 1 0 25.5 52.5 10 -1 0b 7f -1 8 -1 1 -1
1 1 0 25.5 52.5 10 -1 0b 7f -1 8 -1 1 -1
1 1 0 25.5 52.5 10 -1 0b 7f -1 8 -1 1 -1
1 1 0 25.5 52.5 10 -1 0b 7f -1 8 -1 1 -1
1 1 4 25.6 52.5 10 -1 0b 7f -1 8 -1 1 -1
1 1 0 25.5 52.5 10 -1 0b 7f -1 8 -1 1 -1
1 1 0 25.5 52.5 9 -1 0b 7f -1 8 -1 1 -1
1 1 0 25.5 52.5 9 -1 0b 7f -1 8 -1 1 -1
1 1 6 25.5 52.5 12 -1 0b 7f -1 8 -1 1 -1
1 1 9 25.5 52.5 12 -1 0b 7f -1 8 -1 1 -1
1 1 0 25.5 52.5 10 -1 0b 7f -1 8 -1 1 -1
1 1 7 25.5 52.5 10 -1 0b 7f -1 8 -1 1 -1
1 1 0 25.5 52.0 10 -1 0b 7f -1 8 -1 1 -1
1 1 9 25.5 52.0 10 -1 0b 7f -1 8 -1 1 -1
1 1 8 25.5 52.0 10 -1 0b 7f -1 8 -1 1 -1
1 1 0 25.4 52.0 10 -1 0b 7f -1 8 -1 1 -1
1 1 0 25.4 51.5 10 -1 0b 7f -1 8 -1 1 -1
1 1 0 25.4 51.5 10 -1 0b 7f -1 8 -1 1 -1
1 1 0 25.4 52.0 10 -1 0b 7f -1 8 -1 1 -1
1 1 0 25.5 52.0 10 -1 0b 7f -1 8 -1 1 -1
1 1 0 25.5 52.0 10 -1 0b 7f -1 8 -1 1 -1
1 1 0 25.5 52.0 10 -1 0b 7f -1 8 -1 1 -1
1 1 0 25.5 52.0 10 -1 0b 7f -1 8 -1 1 -1
1 1 0 25.6 52.5 10 -1 0b 7f -1 8 -1 1 -1
1 1 5 25.5 52.5 10 -1 0b 7f -1 8 -1 1 -1
1 1 0 25.6 52.5 10 -1 0b 7f -1 8 -1 1 -1
1 1 6 25.6 53.0 10 -1 0b 7f -1 8 -1 1 -1
1 1 0 25.5 53.0 10 -1 0b 7f -1 8 -1 1 -1
1 1 0 25.6 52.5 10 -1 0b 7f -1 8 -1 1 -1
1 1 0 25.5 52.5 10 -1 0b 7f -1 8 -1 1 -1
1 1 0 25.5 52.5 10 -1 0b 7f -1 8 -1 1 -1
1 1 0 25.5 52.5 10 -1 0b 7f -1 8 -1 1 -1
1 1 0 25.5 52.5 10 -1 0b 7f -1 8 -1 1 -1
1 1 0 25.5 52.5 10 -1 0b 7f -1 8 -1 1 -1
1 1 0 25.5 52.5 10 -1 0b 7f -1 8 -1 1 -1
1 1 0 25.5 52.0 10 -1 0b 7f -1 8 -1 1 -1
1 1 0 25.5 52.5 10 -1 0b 7f -1 8 -1 1 -1
1 1 0 25.5 52.5 10 -1 0b 7f -1 8 -1 1 -1
1 1 0 25.5 52.5 8 -1 0b 7f -1 8 -1 1 -1
1 1 0 25.5 52.5 8 -1 0b 7f -1 8 -1 1 -1
1 1 0 25.5 52.5 8 -1 0b 7f -1 8 -1 1 -1
1 1 0 25.5 52.0 8 -1 0b 7f -1 8 -1 1 -1
1 1 0 25.5 52.0 8 -1 0b 7f -1 8 -1 1 -1
1 1 0 25.5 52.5 8 -1 0b 7f -1 8 -1 1 -1
1 1 0 25.5 52.5 8 -1 0b 7f -1 8 -1 1 -1
1 1 0 25.5 52.0 8 -1 0b 7f -1 8 -1 1 -1
1 1 0 25.5 52.5 8 -1 0b 7f -1 8 -1 1 -1
1 1 0 25.5 52.0 8 -1 0b 7f -1 8 -1 1 -1
1 1 0 25.5 52.5 8 -1 0b 7f -1 8 -1 1 -1
1 1 0 25.5 52.5 8 -1 0b 7f -1 8 -1 1 -1
1 1 0 25.5 52.5 8 -1 0b 7f -1 8 -1 1 -1
1 1 0 25.6 52.5 8 -1 0b 7f -1 8 -1 1 -1
1 1 0 25.5 52.5 8 -1 0b 7f -1 8 -1 1 -1
1 1 0 25.5 52.5 8 -1 0b 7f -1 8 -1 1 -1
1 1 0 25.5 52.5 8 -1 0b 7f -1 8 -1 1 -1
1 1 0 25.5 52.5 6 -1 0b 7f -1 8 -1 1 -1
1 1 1 25.5 52.5 6 -1 0b 7f -1 8 -1 1 -1
1 1 3 25.5 52.5 6 -1 0b 7f -1 8 -1 1 -1
1 1 0 25.4 52.5 6 -1 0b 7f -1 8 -1 1 -1
1 1 5 25.5 52.5 6 -1 0b 7f -1 8 -1 1 -1
1 1 0 25.5 52.5 6 -1 0b 7f -1 8 -1 1 -1
1 1 0 25.5 52.5 6 -1 0b 7f -1 8 -1 1 -1
1 1 0 25.4 52.5 6 -1 0b 7f -1 8 -1 1 -1
1 1 7 25.5 52.5 6 -1 0b 7f -1 8 -1 1 -1
1 1 0 25.5 52.5 6 -1 0b 7f -1 8 -1 1 -1
1 1 6 25.4 52.5 6 -1 0b 7f -1 8 -1 1 -1
1 1 0 25.6 52.5 6 -1 0b 7f -1 8 -1 1 -1
1 1 4 25.5 52.5 6 -1 0b 7f -1 8 -1 1 -1
1 1 8 25.5 52.5 6 -1 0b 7f -1 8 -1 1 -1
1 1 4 25.4 52.5 6 -1 0b 7f -1 8 -1 1 -1
1 1 0 25.5 52.0 6 -1 0b 7f -1 8 -1 1 -1
1 1 0 25.6 52.5 10 -1 0b 7f -1 8 -1 1 -1
1 1 0 25.4 52.5 10 -1 0b 7f -1 8 -1 1 -1
1 1 0 25.5 52.5 10 -1 0b 7f -1 8 -1 1 -1
1 1 0 25.5 52.5 10 -1 0b 7f -1 8 -1 1 -1
1 1 15 25.5 52.5 8 -1 0b 7f -1 8 -1 1 -1
1 1 0 25.5 53.0 10 -1 0b 7f -1 8 -1 1 -1
1 1 7 25.5 53.0 10 -1 0b 7f -1 8 -1 1 -1
1 1 0 25.4 53.0 10 -1 0b 7f -1 8 -1 1 -1
1 1 0 25.5 52.5 10 -1 0b 7f -1 8 -1 1 -1
1 1 0 25.5 53.0 10 -1 0b 7f -1 8 -1 1 -1
1 1 13 25.5 53.5 10 -1 0b 7f -1 8 -1 1 -1
1 1 7 25.5 53.5 10 -1 0b 7f -1 8 -1 1 -1
1 1 8 25.5 53.5 10 -1 0b 7f -1 8 -1 1 -1
1 1 8 25.5 53.5 10 -1 0b 7f -1 8 -1 1 -1
1 1 0 25.5 53.5 10 -1 0b 7f -1 8 -1 1 -1
1 1 0 25.5 53.5 10 -1 0b 7f -1 8 -1 1 -1
1 1 0 25.5 53.0 10 -1 0b 7f -1 8 -1 1 -1
1 1 0 25.5 53.0 10 -1 0b 7f -1 8 -1 1 -1
1 1 0 25.4 53.0 10 -1 0b 7f -1 8 -1 1 -1
1 1 0 25.5 53.0 10 -1 0b 7f -1 8 -1 1 -1
1 1 0 25.4 53.0 10 -1 0b 7f -1 8 -1 1 -1
1 1 6 25.5 53.0 10 -1 0b 7f -1 8 -1 1 -1
1 1 0 25.5 53.0 10 -1 0b 7f -1 8 -1 1 -1
1 1 0 25.5 53.0 10 -1 0b 7f -1 8 -1 1 -1
1 1 0 25.5 53.0 10 -1 0b 7f -1 8 -1 1 -1
1 1 0 25.5 53.0 10 -1 0b 7f -1 8 -1 1 -1
1 1 0 25.5 53.0 10 -1 0b 7f -1 8 -1 1 -1
1 1 0 25.5 53.0 10 -1 0b 7f -1 8 -1 1 -1
1 1 0 25.6 53.0 10 -1 0b 7f -1 8 -1 1 -1
1 1 0 25.5 53.0 10 -1 0b 7f -1 8 -1 1 -1
1 1 0 25.5 53.0 10 -1 0b 7f -1 8 -1 1 -1
1 1 0 25.5 53.0 10 -1 0b 7f -1 8 -1 1 -1
1 1 0 25.5 53.0 10 -1 0b 7f -1 8 -1 1 -1
1 1 0 25.5 53.0 10 -1 0b 7f -1 8 -1 1 -1
1 1 0 25.6 53.0 10 -1 0b 7f -1 8 -1 1 -1
1 1 6 25.5 53.0 10 -1 0b 7f -1 8 -1 1 -1
1 1 0 25.5 53.0 10 -1 0b 7f -1 8 -1 1 -1
1 1 0 25.5 53.0 10 -1 0b 7f -1 8 -1 1 -1
1 1 0 25.5 53.0 10 -1 0b 7f -1 8 -1 1 -1
1 1 0 25.5 53.0 10 -1 0b 7f -1 8 -1 1 -1
1 1 0 25.5 53.0 10 -1 0b 7f -1 8 -1 1 -1
1 1 5 25.5 53.5 10 -1 0b 7f -1 8 -1 1 -1
1 1 0 25.5 53.0 10 -1 0b 7f -1 8 -1 1 -1
1 1 0 25.5 53.0 10 -1 0b 7f -1 8 -1 1 -1
1 1 0 25.6 53.0 10 -1 0b 7f -1 8 -1 1 -1
1 1 0 25.5 53.0 10 -1 0b 7f -1 8 -1 1 -1
1 1 0 25.5 53.0 10 -1 0b 7f -1 8 -1 1 -1
1 1 0 25.4 53.0 10 -1 0b 7f -1 8 -1 1 -1
1 1 8 25.5 53.0 10 -1 0b 7f -1 8 -1 1 -1
1 1 2 25.5 53.5 10 -1 0b 7f -1 8 -1 1 -1
1 1 0 25.5 53.0 10 -1 0b 7f -1 8 -1 1 -1
1 1 0 25.6 53.0 10 -1 0b 7f -1 8 -1 1 -1
1 1 0 25.6 53.0 10 -1 0b 7f -1 8 -1 1 -1
1 1 0 25.6 53.0 10 -1 0b 7f -1 8 -1 1 -1
1 1 6 25.6 53.5 10 -1 0b 7f -1 8 -1 1 -1
1 1 0 25.5 53.5 10 -1 0b 7f -1 8 -1 1 -1
1 1 0 25.6 53.0 10 -1 0b 7f -1 8 -1 1 -1
1 1 0 25.6 53.0 10 -1 0b 7f -1 8 -1 1 -1
1 1 0 25.6 53.0 10 -1 0b 7f -1 8 -1 1 -1
1 1 0 25.6 53.0 10 -1 0b 7f -1 8 -1 1 -1
1 1 9 25.6 53.0 10 -1 0b 7f -1 8 -1 1 -1
1 1 1 25.6 53.0 10 -1 0b 7f -1 8 -1 1 -1
1 1 3 25.6 53.5 10 -1 0b 7f -1 8 -1 1 -1
1 1 0 25.6 53.5 10 -1 0b 7f -1 8 -1 1 -1
1 1 5 25.6 53.5 10 -1 0b 7f -1 8 -1 1 -1
1 1 0 25.6 53.5 10 -1 0b 7f -1 8 -1 1 -1
1 1 6 25.6 53.0 10 -1 0b 7f -1 8 -1 1 -1
1 1 0 25.6 53.5 10 -1 0b 7f -1 8 -1 1 -1
1 1 0 25.6 53.5 10 -1 0b 7f -1 8 -1 1 -1
1 1 0 25.6 53.5 10 -1 0b 7f -1 8 -1 1 -1
1 1 8 25.6 53.5 10 -1 0b 7f -1 8 -1 1 -1
1 1 0 25.6 53.5 10 -1 0b 7f -1 8 -1 1 -1
1 1 0 25.6 53.5 10 -1 0b 7f -1 8 -1 1 -1
1 1 0 25.6 53.5 10 -1 0b 7f -1 8 -1 1 -1
1 1 0 25.6 53.5 10 -1 0b 7f -1 8 -1 1 -1
1 1 0 25.6 54.0 10 -1 0b 7f -1 8 -1 1 -1
1 1 0 25.6 54.0 10 -1 0b 7f -1 8 -1 1 -1
1 1 0 25.7 54.5 10 -1 0b 7f -1 8 -1 1 -1
1 1 0 25.7 54.5 10 -1 0b 7f -1 8 -1 1 -1
1 1 0 25.7 54.5 10 -1 0b 7f -1 8 -1 1 -1
1 1 0 25.7 55.0 10 -1 0b 7f -1 8 -1 1 -1
1 1 0 25.7 55.0 10 -1 0b 7f -1 8 -1 1 -1
1 1 0 25.7 55.0 10 -1 0b 7f -1 8 -1 1 -1
1 1 0 25.7 54.5 10 -1 0b 7f -1 8 -1 1 -1
1 1 0 25.7 54.5 10 -1 0b 7f -1 8 -1 1 -1
1 1 0 25.7 54.5 10 -1 0b 7f -1 8 -1 1 -1
1 1 0 25.7 54.5 10 -1 0b 7f -1 8 -1 1 -1
1 1 0 25.7 54.5 10 -1 0b 7f -1 8 -1 1 -1
1 1 0 25.7 54.5 10 -1 0b 7f -1 8 -1 1 -1
1 1 0 25.7 54.5 10 -1 0b 7f -1 8 -1 1 -1
1 1 0 25.7 54.5 10 -1 0b 7f -1 8 -1 1 -1
1 1 0 25.6 54.5 10 -1 0b 7f -1 8 -1 1 -1
1 1 0 25.7 54.5 10 -1 0b 7f -1 8 -1 1 -1
1 1 0 25.6 54.5 8 -1 0b 7f -1 8 -1 1 -1
1 1 3 25.7 54.0 8 -1 0b 7f -1 8 -1 1 -1
1 1 1 25.8 54.0 10 -1 0b 7f -1 8 -1 1 -1
1 1 0 25.6 54.0 10 -1 0b 7f -1 8 -1 1 -1
1 1 14 25.7 54.0 10 -1 0b 7f -1 8 -1 1 -1
1 1 0 25.7 54.0 10 -1 0b 7f -1 8 -1 1 -1
1 1 0 25.6 54.5 10 -1 0b 7f -1 8 -1 1 -1
1 1 0 25.7 55.0 10 -1 0b 7f -1 8 -1 1 -1
1 1 0 25.7 55.0 10 -1 0b 7f -1 8 -1 1 -1
1 1 14 25.7 55.5 10 -1 0b 7f -1 8 -1 1 -1
1 1 12 25.8 56.0 10 -1 0b 7f -1 8 -1 1 -1
1 1 4 25.8 56.5 10 -1 0b 7f -1 8 -1 1 -1
1 1 0 25.8 55.5 10 -1 0b 7f -1 8 -1 1 -1
1 1 13 25.7 55.5 10 -1 0b 7f -1 8 -1 1 -1
1 1 0 25.8 55.0 10 -1 0b 7f -1 8 -1 1 -1
1 1 7 25.7 55.5 10 -1 0b 7f -1 8 -1 1 -1
1 1 0 25.8 55.0 10 -1 0b 7f -1 8 -1 1 -1
1 1 0 25.7 55.0 10 -1 0b 7f -1 8 -1 1 -1
1 1 0 25.7 55.0 10 -1 0b 7f -1 8 -1 1 -1
1 1 0 25.7 54.5 10 -1 0b 7f -1 8 -1 1 -1
1 1 0 25.8 55.0 10 -1 0b 7f -1 8 -1 1 -1
1 1 0 25.8 54.5 10 -1 0b 7f -1 8 -1 1 -1
1 1 0 25.7 54.5 10 -1 0b 7f -1 8 -1 1 -1
1 1 0 25.8 54.5 10 -1 0b 7f -1 8 -1 1 -1
1 1 9 25.7 55.0 10 -1 0b 7f -1 8 -1 1 -1
1 1 0 25.7 55.0 10 -1 0b 7f -1 8 -1 1 -1
1 1 3 25.7 55.5 10 -1 0b 7f -1 8 -1 1 -1
1 1 8 25.8 55.5 10 -1 0b 7f -1 8 -1 1 -1
1 1 0 25.8 56.0 10 -1 0b 7f -1 8 -1 1 -1
1 1 6 25.8 56.5 10 -1 0b 7f -1 8 -1 1 -1
1 1 0 25.8 56.5 10 -1 0b 7f -1 8 -1 1 -1
1 1 0 25.8 56.0 10 -1 0b 7f -1 8 -1 1 -1
1 1 0 25.8 56.0 10 -1 0b 7f -1 8 -1 1 -1
1 1 0 25.8 56.0 10 -1 0b 7f -1 8 -1 1 -1
1 1 0 25.8 55.5 10 -1 0b 7f -1 8 -1 1 -1
1 1 0 25.8 55.5 10 -1 0b 7f -1 8 -1 1 -1
1 1 0 25.8 55.5 10 -1 0b 7f -1 8 -1 1 -1
1 1 0 25.7 55.0 10 -1 0b 7f -1 8 -1 1 -1
1 1 0 25.8 55.0 10 -1 0b 7f -1 8 -1 1 -1
1 1 0 25.7 54.5 10 -1 0b 7f -1 8 -1 1 -1
1 1 0 25.7 54.5 10 -1 0b 7f -1 8 -1 1 -1
1 1 0 25.7 54.5 10 -1 0b 7f -1 8 -1 1 -1
1 1 0 25.7 54.0 10 -1 0b 7f -1 8 -1 1 -1
1 1 0 25.7 54.0 10 -1 0b 7f -1 8 -1 1 -1
1 1 0 25.7 54.5 10 -1 0b 7f -1 8 -1 1 -1
1 1 0 25.7 55.0 10 -1 0b 7f -1 8 -1 1 -1
1 1 0 25.7 55.0 10 -1 0b 7f -1 8 -1 1 -1
1 1 0 25.7 55.0 10 -1 0b 7f -1 8 -1 1 -1
1 1 0 25.8 55.0 10 -1 0b 7f -1 8 -1 1 -1
1 1 1 25.8 55.0 10 -1 0b 7f -1 8 -1 1 -1
1 1 0 25.8 55.0 10 -1 0b 7f -1 8 -1 1 -1
1 1 0 25.7 55.0 10 -1 0b 7f -1 8 -1 1 -1
1 1 0 25.8 55.0 10 -1 0b 7f -1 8 -1 1 -1
1 1 0 25.8 55.0 10 -1 0b 7f -1 8 -1 1 -1
1 1 0 25.8 55.5 10 -1 0b 7f -1 8 -1 1 -1
1 1 0 25.8 55.5 10 -1 0b 7f -1 8 -1 1 -1
1 1 0 25.8 55.5 10 -1 0b 7f -1 8 -1 1 -1
1 1 0 25.8 55.5 10 -1 0b 7f -1 8 -1 1 -1
1 1 0 25.8 55.0 10 -1 0b 7f -1 8 -1 1 -1
1 1 0 25.7 55.0 10 -1 0b 7f -1 8 -1 1 -1
1 1 0 25.8 55.0 10 -1 0b 7f -1 8 -1 1 -1
1 1 0 25.8 55.0 10 -1 0b 7f -1 8 -1 1 -1
1 1 0 25.8 55.0 10 -1 0b 7f -1 8 -1 1 -1
1 1 0 25.8 55.0 10 -1 0b 7f -1 8 -1 1 -1
1 1 8 25.7 55.0 10 -1 0b 7f -1 8 -1 1 -1
1 1 0 25.7 55.0 10 -1 0b 7f -1 8 -1 1 -1
1 1 6 25.7 55.0 10 -1 0b 7f -1 8 -1 1 -1
1 1 0 25.8 55.0 10 -1 0b 7f -1 8 -1 1 -1
1 1 7 25.8 55.0 10 -1 0b 7f -1 8 -1 1 -1
1 1 0 25.8 55.0 10 -1 0b 7f -1 8 -1 1 -1
1 1 0 25.7 55.0 10 -1 0b 7f -1 8 -1 1 -1
1 1 0 25.7 55.0 10 -1 0b 7f -1 8 -1 1 -1
1 1 0 25.7 54.5 10 -1 0b 7f -1 8 -1 1 -1
1 1 19 25.7 54.5 8 -1 0b 7f -1 8 -1 1 -1
1 1 0 25.7 55.0 10 -1 0b 7f -1 8 -1 1 -1
1 1 0 25.7 55.0 10 -1 0b 7f -1 8 -1 1 -1
1 1 0 25.7 55.0 10 -1 0b 7f -1 8 -1 1 -1
1 1 0 25.7 54.5 10 -1 0b 7f -1 8 -1 1 -1
1 1 0 25.7 54.5 10 -1 0b 7f -1 8 -1 1 -1
1 1 0 25.7 55.0 10 -1 0b 7f -1 8 -1 1 -1
1 1 7 25.7 55.0 10 -1 0b 7f -1 8 -1 1 -1
1 1 2 25.7 55.0 10 -1 0b 7f -1 8 -1 1 -1
1 1 11 25.7 55.0 8 -1 0b 7f -1 8 -1 1 -1
1 1 0 25.7 55.0 10 -1 0b 7f -1 8 -1 1 -1
1 1 0 25.7 55.0 10 -1 0b 7f -1 8 -1 1 -1
1 1 0 25.6 55.0 10 -1 0b 7f -1 8 -1 1 -1
1 1 7 25.7 55.0 10 -1 0b 7f -1 8 -1 1 -1
1 1 0 25.7 54.5 10 -1 0b 7f -1 8 -1 1 -1
1 1 0 25.7 54.5 10 -1 0b 7f -1 8 -1 1 -1
1 1 5 25.7 54.5 10 -1 0b 7f -1 8 -1 1 -1
1 1 0 25.7 54.5 10 -1 0b 7f -1 8 -1 1 -1
1 1 0 25.7 54.5 10 -1 0b 7f -1 8 -1 1 -1
1 1 0 25.6 54.5 10 -1 0b 7f -1 8 -1 1 -1
1 1 0 25.7 54.5 10 -1 0b 7f -1 8 -1 1 -1
1 1 0 25.6 54.5 10 -1 0b 7f -1 8 -1 1 -1
1 1 7 25.7 54.5 10 -1 0b 7f -1 8 -1 1 -1
1 1 0 25.6 54.5 10 -1 0b 7f -1 8 -1 1 -1
1 1 5 25.7 55.0 10 -1 0b 7f -1 8 -1 1 -1
1 1 4 25.7 55.0 10 -1 0b 7f -1 8 -1 1 -1
1 1 0 25.7 55.0 10 -1 0b 7f -1 8 -1 1 -1
1 1 9 25.7 55.0 10 -1 0b 7f -1 8 -1 1 -1
1 1 6 25.7 55.5 10 -1 0b 7f -1 8 -1 1 -1
1 1 0 25.7 55.0 10 -1 0b 7f -1 8 -1 1 -1
1 1 0 25.7 55.5 10 -1 0b 7f -1 8 -1 1 -1
1 1 0 25.7 55.5 10 -1 0b 7f -1 8 -1 1 -1
1 1 0 25.7 55.5 10 -1 0b 7f -1 8 -1 1 -1
1 1 8 25.7 55.5 10 -1 0b 7f -1 8 -1 1 -1
1 1 0 25.7 55.5 10 -1 0b 7f -1 8 -1 1 -1
1 1 6 25.7 55.5 10 -1 0b 7f -1 8 -1 1 -1
1 1 10 25.7 55.5 6 -1 0b 7f -1 8 -1 1 -1
1 1 8 25.7 55.5 10 -1 0b 7f -1 8 -1 1 -1
1 1 6 25.7 56.0 8 -1 0b 7f -1 8 -1 1 -1
1 1 16 25.7 55.5 10 -1 0b 7f -1 8 -1 1 -1
1 1 0 25.7 55.5 10 -1 0b 7f -1 8 -1 1 -1
1 1 0 25.7 56.0 10 -1 0b 7f -1 8 -1 1 -1
1 1 0 25.7 55.5 10 -1 0b 7f -1 8 -1 1 -1
1 1 0 25.6 55.5 10 -1 0b 7f -1 8 -1 1 -1
1 1 0 25.7 55.5 10 -1 0b 7f -1 8 -1 1 -1
1 1 0 25.8 56.0 10 -1 0b 7f -1 8 -1 1 -1
1 1 0 25.8 56.0 10 -1 0b 7f -1 8 -1 1 -1
1 1 0 25.9 56.5 10 -1 0b 7f -1 8 -1 1 -1
1 1 0 25.9 57.0 10 -1 0b 7f -1 8 -1 1 -1
1 1 0 26.0 57.0 10 -1 0b 7f -1 8 -1 1 -1
1 1 0 26.1 57.0 10 -1 0b 7f -1 8 -1 1 -1
1 1 0 26.2 57.5 10 -1 0b 7f -1 8 -1 1 -1
1 1 0 26.2 57.5 10 -1 0b 7f -1 8 -1 1 -1
1 1 0 26.2 58.5 10 -1 0b 7f -1 8 -1 1 -1
1 1 0 26.2 58.5 10 -1 0b 7f -1 8 -1 1 -1
1 1 0 26.2 58.0 10 -1 0b 7f -1 8 -1 1 -1
1 1 0 26.3 58.0 10 -1 0b 7f -1 8 -1 1 -1
1 1 0 26.3 58.0 10 -1 0b 7f -1 8 -1 1 -1
1 1 0 26.3 58.5 10 -1 0b 7f -1 8 -1 1 -1
1 1 1 26.3 58.5 10 -1 0b 7f -1 8 -1 1 -1
1 1 1 26.4 59.0 10 -1 0b 7f -1 8 -1 1 -1
1 1 0 26.4 59.5 10 -1 0b 7f -1 8 -1 1 -1
1 1 0 26.5 59.0 10 -1 0b 7f -1 8 -1 1 -1
1 1 0 26.5 59.0 10 -1 0b 7f -1 8 -1 1 -1
1 1 0 26.6 59.0 10 -1 0b 7f -1 8 -1 1 -1
1 1 0 26.5 59.0 10 -1 0b 7f -1 8 -1 1 -1
1 1 11 26.6 59.0 0 -1 0b 7f -1 8 -1 1 -1
1 1 0 26.5 59.5 0 -1 0b 7f -1 8 -1 1 -1
1 1 0 26.5 59.5 0 -1 0b 7f -1 8 -1 1 -1
1 1 0 26.6 60.5 0 -1 0b 7f -1 8 -1 1 -1
1 1 0 26.6 60.5 0 -1 0b 7f -1 8 -1 1 11
1 1 1 26.7 60.5 0 -1 0b 7f -1 8 -1 1 11
1 1 0 26.6 60.5 0 -1 0b 7f -1 8 -1 1 11
1 1 1 26.6 60.5 0 -1 0b 7f -1 8 -1 1 11
1 1 4 26.6 60.5 0 -1 0b 7f -1 8 -1 1 11
1 1 0 26.5 60.0 0 -1 0b 7f -1 8 -1 1 11
1 1 0 26.4 59.5 0 -1 0b 7f -1 8 -1 1 11
1 1 1 26.3 59.0 0 -1 0b 7f -1 8 -1 1 11
1 1 0 26.2 59.0 0 -1 0b 7f -1 8 -1 1 11
1 1 0 26.1 59.0 0 -1 0b 7f -1 8 -1 1 11
1 1 0 26.1 58.5 0 -1 0b 7f -1 8 -1 1 11
1 1 0 26.0 58.5 0 -1 0b 7f -1 8 -1 1 11
1 1 0 25.9 58.5 0 -1 0b 7f -1 8 -1 1 11
1 1 0 25.8 59.0 0 -1 0b 7f -1 8 -1 1 11
1 1 0 25.8 58.5 0 -1 0b 7f -1 8 -1 1 11
1 1 0 25.7 58.5 0 -1 0b 7f -1 8 -1 1 11
1 1 0 25.6 58.5 0 -1 0b 7f -1 8 -1 1 11
1 1 0 25.6 58.5 0 -1 0b 7f -1 8 -1 1 11
1 1 0 25.7 58.0 0 -1 0b 7f -1 8 -1 1 11
1 1 0 25.6 58.0 0 -1 0b 7f -1 8 -1 1 11
1 1 0 25.6 58.0 0 -1 0b 7f -1 8 -1 1 11
1 1 0 25.5 57.5 0 -1 0b 7f -1 8 -1 1 11
1 1 0 25.5 57.5 0 -1 0b 7f -1 8 -1 1 11
1 1 0 25.4 58.0 0 -1 0b 7f -1 8 -1 1 11
1 1 0 25.5 58.0 0 -1 0b 7f -1 8 -1 1 11
1 1 0 25.5 57.5 0 -1 0b 7f -1 8 -1 1 11
1 1 0 25.4 57.5 0 -1 0b 7f -1 8 -1 1 11
1 1 0 25.4 57.5 0 -1 0b 7f -1 8 -1 1 11
1 1 0 25.5 58.0 0 -1 0b 7f -1 8 -1 1 11
1 1 0 25.5 58.0 0 -1 0b 7f -1 8 -1 1 11
1 1 0 25.4 57.5 0 -1 0b 7f -1 8 -1 1 11
1 1 0 25.4 58.0 0 -1 0b 7f -1 8 -1 1 11
1 1 0 25.3 58.5 0 -1 0b 7f -1 8 -1 1 11
1 1 0 25.3 58.5 0 -1 0b 7f -1 8 -1 1 11
1 1 0 25.3 58.5 0 -1 0b 7f -1 8 -1 1 11
1 1 0 25.3 58.5 0 -1 0b 7f -1 8 -1 1 11
1 1 0 25.2 58.5 0 -1 0b 7f -1 8 -1 1 11
1 1 0 25.2 58.0 0 -1 0b 7f -1 8 -1 1 11
1 1 0 25.2 58.0 0 -1 0b 7f -1 8 -1 1 11
1 1 0 25.3 58.0 0 -1 0b 7f -1 8 -1 1 11
1 1 0 25.3 58.5 0 -1 0b 7f -1 8 -1 1 11
1 1 0 25.3 58.5 0 -1 0b 7f -1 8 -1 1 11
1 1 0 25.3 58.5 0 -1 0b 7f -1 8 -1 1 11
1 1 0 25.3 58.0 0 -1 0b 7f -1 8 -1 1 11
1 1 0 25.3 58.0 0 -1 0b 7f -1 8 -1 1 11
1 1 0 25.3 58.0 0 -1 0b 7f -1 8 -1 1 11
1 1 0 25.2 58.0 0 -1 0b 7f -1 8 -1 1 11
1 1 0 25.2 58.0 0 -1 0b 7f -1 8 -1 1 11
1 1 0 25.2 58.0 0 -1 0b 7f -1 8 -1 1 11
1 1 0 25.2 59.0 0 -1 0b 7f -1 8 -1 1 11
1 1 0 25.3 60.5 0 -1 0b 7f -1 8 -1 1 11
1 1 0 25.4 61.5 0 -1 0b 7f -1 8 -1 1 11
1 1 0 25.5 61.5 0 -1 0b 7f -1 8 -1 1 11
1 1 0 25.5 62.5 0 -1 0b 7f -1 8 -1 1 11
1 1 0 25.5 62.5 0 -1 0b 7f -1 8 -1 1 11
1 1 0 25.6 63.0 0 -1 0b 7f -1 8 -1 1 11
1 1 0 25.7 63.5 0 -1 0b 7f -1 8 -1 1 11
1 1 0 25.8 64.0 0 -1 0b 7f -1 8 -1 1 11
1 1 0 25.8 64.5 0 -1 0b 7f -1 8 -1 1 11
1 1 0 25.8 64.5 0 -1 0b 7f -1 8 -1 1 11
1 1 0 25.8 65.0 0 -1 0b 7f -1 8 -1 1 11
1 1 0 25.9 65.0 0 -1 0b 7f -1 8 -1 1 11
1 1 0 25.9 65.0 0 -1 0b 7f -1 8 -1 1 11
1 1 0 25.9 65.5 0 -1 0b 7f -1 8 -1 1 11
1 1 0 26.0 66.0 0 -1 0b 7f -1 8 -1 1 11
1 1 0 26.0 66.0 0 -1 0b 7f -1 8 -1 1 11
1 1 0 26.1 66.0 0 -1 0b 7f -1 8 -1 1 11
1 1 0 26.0 65.5 0 -1 0b 7f -1 8 -1 1 11
1 1 0 26.0 65.0 0 -1 0b 7f -1 8 -1 1 11
1 1 0 26.0 64.5 0 -1 0b 7f -1 8 -1 1 11
1 1 0 25.9 64.0 0 -1 0b 7f -1 8 -1 1 11
1 1 0 25.9 64.0 0 -1 0b 7f -1 8 -1 1 11
1 1 0 25.8 64.0 0 -1 0b 7f -1 8 -1 1 11
