1 1 0 27.3 64.5 1 -1 0b 0f -1 -1 -1 -1 -1
1 1 0 27.3 64.5 1 -1 0b 0f -1 -1 -1 -1 -1
1 1 0 27.3 64.5 1 -1 0b 0f -1 -1 -1 -1 -1
1 1 0 27.4 64.5 1 -1 0b 0f -1 -1 -1 -1 -1
1 1 0 27.4 64.5 1 -1 0b 0f -1 -1 -1 -1 -1
1 1 0 27.4 64.5 1 -1 0b 0f -1 -1 -1 -1 -1
1 1 0 27.4 64.5 1 -1 0b 0f -1 -1 -1 -1 -1
1 1 0 27.4 64.5 1 -1 0b 0f -1 -1 -1 -1 -1
1 1 0 27.4 64.5 1 -1 0b 0f -1 -1 -1 -1 -1
1 1 0 27.4 64.0 1 -1 0b 0f -1 -1 -1 -1 -1
1 1 0 27.3 64.0 1 -1 0b 0f -1 -1 -1 -1 -1
1 1 0 27.5 64.0 1 -1 0b 0f -1 -1 -1 -1 -1
1 1 0 27.4 64.0 1 -1 0b 0f -1 -1 -1 -1 -1
1 1 0 27.5 64.0 1 -1 0b 0f -1 -1 -1 -1 -1
1 1 0 27.4 64.0 1 -1 0b 0f -1 -1 -1 -1 -1
1 1 0 27.4 64.5 1 -1 0b 0f -1 -1 -1 -1 -1
1 1 0 27.5 64.5 1 -1 0b 0f -1 -1 -1 -1 -1
1 1 0 27.5 64.5 1 -1 0b 0f -1 -1 -1 -1 -1
1 1 0 27.5 64.5 1 -1 0b 0f -1 -1 -1 -1 -1
1 1 0 27.5 64.5 1 -1 0b 0f -1 -1 -1 -1 -1
1 1 0 27.5 64.5 1 -1 0b 0f -1 -1 -1 -1 -1
1 1 0 27.5 64.5 1 -1 0b 0f -1 -1 -1 -1 -1
1 1 0 27.5 64.5 1 -1 0b 0f -1 -1 -1 -1 -1
1 1 0 27.5 64.5 1 -1 0b 0f -1 -1 -1 -1 -1
1 1 0 27.5 64.5 1 -1 0b 0f -1 -1 -1 -1 -1
1 1 0 27.4 64.5 1 -1 0b 0f -1 -1 -1 -1 -1
1 1 0 27.4 64.5 1 -1 0b 0f -1 -1 -1 -1 -1
1 1 0 27.5 64.5 1 -1 0b 0f -1 -1 -1 -1 -1
1 1 0 27.6 64.5 1 -1 0b 0f -1 -1 -1 -1 -1
1 1 0 27.5 64.5 1 -1 0b 0f -1 -1 -1 -1 -1
1 1 0 27.5 64.5 1 -1 0b 0f -1 -1 -1 -1 -1
1 1 0 27.6 64.5 1 -1 0b 0f -1 -1 -1 -1 -1
1 1 0 27.5 64.0 1 -1 0b 0f -1 -1 -1 -1 -1
1 1 0 27.6 64.5 1 -1 0b 0f -1 -1 -1 -1 -1
1 1 0 27.6 64.5 1 -1 0b 0f -1 -1 -1 -1 -1
1 1 0 27.5 65.0 1 -1 0b 0f -1 -1 -1 -1 -1
1 1 0 27.6 65.0 1 -1 0b 0f -1 -1 -1 -1 -1
1 1 0 27.6 65.0 1 -1 0b 0f -1 -1 -1 -1 -1
1 1 0 27.6 65.0 1 -1 0b 0f -1 -1 -1 -1 -1
1 1 0 27.6 65.0 1 -1 0b 0f -1 -1 -1 -1 -1
1 1 0 27.6 65.0 1 -1 0b 0f -1 -1 -1 -1 -1
1 1 0 27.6 64.5 1 -1 0b 0f -1 -1 -1 -1 -1
1 1 0 27.6 65.0 1 -1 0b 0f -1 -1 -1 -1 -1
1 1 0 27.6 65.0 1 -1 0b 0f -1 -1 -1 -1 -1
1 1 0 27.6 65.0 1 -1 0b 0f -1 -1 -1 -1 -1
1 1 0 27.6 65.0 1 -1 0b 0f -1 -1 -1 -1 -1
1 1 0 27.6 65.0 1 -1 0b 0f -1 -1 -1 -1 -1
1 1 0 27.7 65.0 1 -1 0b 0f -1 -1 -1 -1 -1
1 1 0 27.7 65.0 1 -1 0b 0f -1 -1 -1 -1 -1
1 1 0 27.7 65.0 1 -1 0b 0f -1 -1 -1 -1 -1
1 1 0 27.7 64.5 1 -1 0b 0f -1 -1 -1 -1 -1
1 1 0 27.7 64.5 1 -1 0b 0f -1 -1 -1 -1 -1
1 1 0 27.7 64.5 1 -1 0b 0f -1 -1 -1 -1 -1
1 1 0 27.6 64.5 1 -1 0b 0f -1 -1 -1 -1 -1
1 1 0 27.6 64.5 1 -1 0b 0f -1 -1 -1 -1 -1
1 1 0 27.7 65.0 1 -1 0b 0f -1 -1 -1 -1 -1
1 1 0 27.7 64.5 1 -1 0b 0f -1 -1 -1 -1 -1
1 1 0 27.6 64.5 1 -1 0b 0f -1 -1 -1 -1 -1
1 1 0 27.7 64.5 1 -1 0b 0f -1 -1 -1 -1 -1
1 1 0 27.7 64.5 1 -1 0b 0f -1 -1 -1 -1 -1
1 1 0 27.7 64.5 1 -1 0b 0f -1 -1 -1 -1 -1
1 1 0 27.7 64.5 1 -1 0b 0f -1 -1 -1 -1 -1
1 1 0 27.7 64.5 1 -1 0b 0f -1 -1 -1 -1 -1
1 1 0 27.7 64.5 1 -1 0b 0f -1 -1 -1 -1 -1
1 1 0 27.7 64.5 1 -1 0b 0f -1 -1 -1 -1 -1
1 1 0 27.7 65.0 1 -1 0b 0f -1 -1 -1 -1 -1
1 1 0 27.7 64.5 1 -1 0b 0f -1 -1 -1 -1 -1
1 1 0 27.8 64.0 1 -1 0b 0f -1 -1 -1 -1 -1
1 1 0 27.8 64.5 1 -1 0b 0f -1 -1 -1 -1 -1
1 1 0 27.7 64.5 1 -1 0b 0f -1 -1 -1 -1 -1
1 1 0 27.7 64.5 1 -1 0b 0f -1 -1 -1 -1 -1
1 1 0 27.8 64.5 1 -1 0b 0f -1 -1 -1 -1 -1
1 1 0 27.8 64.5 1 -1 0b 0f -1 -1 -1 -1 -1
1 1 0 27.8 64.5 1 -1 0b 0f -1 -1 -1 -1 -1
1 1 0 27.7 64.5 1 -1 0b 0f -1 -1 -1 -1 -1
1 1 0 27.7 64.0 1 -1 0b 0f -1 -1 -1 -1 -1
1 1 0 27.8 64.0 1 -1 0b 0f -1 -1 -1 -1 -1
1 1 0 27.8 64.5 1 -1 0b 0f -1 -1 -1 -1 -1
1 1 0 27.8 64.5 1 -1 0b 0f -1 -1 -1 -1 -1
1 1 0 27.8 65.0 1 -1 0b 0f -1 -1 -1 -1 -1
1 1 0 27.8 64.5 1 -1 0b 0f -1 -1 -1 -1 -1
1 1 0 27.9 65.0 1 -1 0b 0f -1 -1 -1 -1 -1
1 1 0 27.8 65.0 1 -1 0b 0f -1 -1 -1 -1 -1
1 1 0 27.8 65.0 1 -1 0b 0f -1 -1 -1 -1 -1
1 1 0 27.8 65.0 1 -1 0b 0f -1 -1 -1 -1 -1
1 1 0 27.8 65.0 1 -1 0b 0f -1 -1 -1 -1 -1
1 1 0 27.8 65.0 1 -1 0b 0f -1 -1 -1 -1 -1
1 1 0 27.8 65.0 1 -1 0b 0f -1 -1 -1 -1 -1
1 1 0 27.8 65.0 1 -1 0b 0f -1 -1 -1 -1 -1
1 1 0 27.8 65.0 1 -1 0b 0f -1 -1 -1 -1 -1
1 1 0 27.8 65.0 1 -1 0b 0f -1 -1 -1 -1 -1
1 1 0 27.8 65.0 1 -1 0b 0f -1 -1 -1 -1 -1
1 1 0 27.8 65.0 1 -1 0b 0f -1 -1 -1 -1 -1
1 1 0 27.8 65.0 1 -1 0b 0f -1 -1 -1 -1 -1
1 1 0 27.9 65.0 1 -1 0b 0f -1 -1 -1 -1 -1
1 1 0 27.8 65.0 1 -1 0b 0f -1 -1 -1 -1 -1
1 1 0 27.8 65.0 1 -1 0b 0f -1 -1 -1 -1 -1
1 1 0 27.9 65.0 1 -1 0b 0f -1 -1 -1 -1 -1
1 1 0 27.8 65.0 1 -1 0b 0f -1 -1 -1 -1 -1
1 1 0 27.9 65.0 1 -1 0b 0f -1 -1 -1 -1 -1
1 1 0 27.9 65.0 1 -1 0b 0f -1 -1 -1 -1 -1
1 1 0 27.8 65.0 1 -1 0b 0f -1 -1 -1 -1 -1
1 1 0 27.9 65.0 1 -1 0b 0f -1 -1 -1 -1 -1
1 1 0 27.9 65.0 1 -1 0b 0f -1 -1 -1 -1 -1
1 1 0 27.9 65.0 1 -1 0b 0f -1 -1 -1 -1 -1
1 1 0 27.9 65.0 1 -1 0b 0f -1 -1 -1 -1 -1
1 1 0 27.9 65.0 1 -1 0b 0f -1 -1 -1 -1 -1
1 1 0 27.9 65.0 1 -1 0b 0f -1 -1 -1 -1 -1
1 1 0 27.9 65.0 1 -1 0b 0f -1 -1 -1 -1 -1
1 1 0 27.9 65.0 1 -1 0b 0f -1 -1 -1 -1 -1
1 1 0 27.9 65.0 1 -1 0b 0f -1 -1 -1 -1 -1
1 1 0 27.9 65.0 1 -1 0b 0f -1 -1 -1 -1 -1
1 1 0 27.9 64.5 1 -1 0b 0f -1 -1 -1 -1 -1
1 1 0 27.9 64.5 1 -1 0b 0f -1 -1 -1 -1 -1
1 1 0 27.9 64.0 1 -1 0b 0f -1 -1 -1 -1 -1
1 1 0 27.9 64.5 1 -1 0b 0f -1 -1 -1 -1 -1
1 1 0 27.9 64.5 1 -1 0b 0f -1 -1 -1 -1 -1
1 1 0 27.9 64.0 1 -1 0b 0f -1 -1 -1 -1 -1
1 1 0 27.9 64.0 1 -1 0b 0f -1 -1 -1 -1 -1
1 1 0 27.9 64.5 1 -1 0b 0f -1 -1 -1 -1 -1
1 1 0 27.9 65.0 1 -1 0b 0f -1 -1 -1 -1 -1
1 1 0 27.9 65.0 1 -1 0b 0f -1 -1 -1 -1 -1
1 1 0 27.9 64.5 1 -1 0b 0f -1 -1 -1 -1 -1
1 1 0 27.9 65.0 1 -1 0b 0f -1 -1 -1 -1 -1
1 1 0 27.9 66.0 1 -1 0b 0f -1 -1 -1 -1 -1
1 1 0 28.0 66.0 1 -1 0b 0f -1 -1 -1 -1 -1
1 1 0 28.0 66.5 1 -1 0b 0f -1 -1 -1 -1 -1
1 1 0 27.9 66.5 1 -1 0b 0f -1 -1 -1 -1 -1
1 1 0 27.9 67.0 1 -1 0b 0f -1 -1 -1 -1 -1
1 1 0 28.0 66.5 1 -1 0b 0f -1 -1 -1 -1 -1
1 1 0 27.9 66.5 1 -1 0b 0f -1 -1 -1 -1 -1
1 1 0 28.0 66.5 1 -1 0b 0f -1 -1 -1 -1 -1
1 1 0 28.0 66.5 1 -1 0b 0f -1 -1 -1 -1 -1
1 1 0 28.0 66.5 1 -1 0b 0f -1 -1 -1 -1 -1
1 1 0 28.0 66.5 1 -1 0b 0f -1 -1 -1 -1 -1
1 1 0 28.0 66.0 1 -1 0b 0f -1 -1 -1 -1 -1
1 1 0 27.9 66.0 1 -1 0b 0f -1 -1 -1 -1 -1
1 1 0 28.0 66.0 1 -1 0b 0f -1 -1 -1 -1 -1
1 1 0 28.0 66.0 1 -1 0b 0f -1 -1 -1 -1 -1
1 1 0 28.0 66.0 1 -1 0b 0f -1 -1 -1 -1 -1
1 1 0 27.9 65.5 1 -1 0b 0f -1 -1 -1 -1 -1
1 1 0 27.9 65.5 1 -1 0b 0f -1 -1 -1 -1 -1
1 1 0 28.0 65.5 1 -1 0b 0f -1 -1 -1 -1 -1
1 1 0 27.9 65.5 1 -1 0b 0f -1 -1 -1 -1 -1
1 1 0 28.0 65.5 1 -1 0b 0f -1 -1 -1 -1 -1
1 1 0 28.0 65.5 1 -1 0b 0f -1 -1 -1 -1 -1
1 1 0 28.0 65.5 1 -1 0b 0f -1 -1 -1 -1 -1
1 1 0 28.0 65.5 1 -1 0b 0f -1 -1 -1 -1 -1
1 1 0 27.9 65.0 1 -1 0b 0f -1 -1 -1 -1 -1
1 1 0 28.0 65.0 1 -1 0b 0f -1 -1 -1 -1 -1
1 1 0 28.0 65.0 1 -1 0b 0f -1 -1 -1 -1 -1
1 1 0 28.0 65.0 1 -1 0b 0f -1 -1 -1 -1 -1
1 1 0 28.1 65.0 1 -1 0b 0f -1 -1 -1 -1 -1
1 1 0 28.0 65.0 1 -1 0b 0f -1 -1 -1 -1 -1
1 1 0 28.0 65.0 1 -1 0b 0f -1 -1 -1 -1 -1
1 1 0 28.0 65.0 1 -1 0b 0f -1 -1 -1 -1 -1
1 1 0 28.1 65.0 1 -1 0b 0f -1 -1 -1 -1 -1
1 1 0 28.0 65.0 1 -1 0b 0f -1 -1 -1 -1 -1
1 1 0 28.0 65.0 1 -1 0b 0f -1 -1 -1 -1 -1
1 1 0 28.1 65.5 1 -1 0b 0f -1 -1 -1 -1 -1
1 1 0 28.0 65.5 1 -1 0b 0f -1 -1 -1 -1 -1
1 1 0 28.0 65.0 1 -1 0b 0f -1 -1 -1 -1 -1
1 1 0 28.0 65.0 1 -1 0b 0f -1 -1 -1 -1 -1
1 1 0 28.0 65.0 1 -1 0b 0f -1 -1 -1 -1 -1
1 1 0 28.1 65.0 1 -1 0b 0f -1 -1 -1 -1 -1
1 1 0 28.0 65.0 1 -1 0b 0f -1 -1 -1 -1 -1
1 1 0 28.0 65.0 1 -1 0b 0f -1 -1 -1 -1 -1
1 1 0 28.0 65.0 1 -1 0b 0f -1 -1 -1 -1 -1
1 1 0 28.0 65.0 1 -1 0b 0f -1 -1 -1 -1 -1
1 1 0 28.1 65.0 1 -1 0b 0f -1 -1 -1 -1 -1
1 1 0 28.0 65.0 1 -1 0b 0f -1 -1 -1 -1 -1
1 1 0 28.0 65.0 1 -1 0b 0f -1 -1 -1 -1 -1
1 1 0 28.1 64.5 1 -1 0b 0f -1 -1 -1 -1 -1
1 1 0 28.0 64.5 1 -1 0b 0f -1 -1 -1 -1 -1
1 1 0 28.0 64.5 1 -1 0b 0f -1 -1 -1 -1 -1
1 1 0 28.0 65.0 1 -1 0b 0f -1 -1 -1 -1 -1
1 1 0 28.0 64.5 1 -1 0b 0f -1 -1 -1 -1 -1
1 1 0 28.1 64.5 1 -1 0b 0f -1 -1 -1 -1 -1
1 1 0 28.1 64.5 1 -1 0b 0f -1 -1 -1 -1 -1
1 1 0 28.1 64.5 1 -1 0b 0f -1 -1 -1 -1 -1
1 1 0 28.1 65.0 1 -1 0b 0f -1 -1 -1 -1 -1
1 1 0 28.0 65.0 1 -1 0b 0f -1 -1 -1 -1 -1
1 1 0 28.1 65.0 1 -1 0b 0f -1 -1 -1 -1 -1
1 1 0 28.1 65.0 1 -1 0b 0f -1 -1 -1 -1 -1
1 1 0 28.1 65.5 1 -1 0b 0f -1 -1 -1 -1 -1
1 1 0 28.1 65.5 1 -1 0b 0f -1 -1 -1 -1 -1
1 1 0 28.1 65.5 1 -1 0b 0f -1 -1 -1 -1 -1
1 1 0 28.1 65.5 1 -1 0b 0f -1 -1 -1 -1 -1
1 1 0 28.1 65.0 1 -1 0b 0f -1 -1 -1 -1 -1
1 1 0 28.1 65.0 1 -1 0b 0f -1 -1 -1 -1 -1
1 1 0 28.1 65.5 1 -1 0b 0f -1 -1 -1 -1 -1
1 1 0 28.1 65.0 1 -1 0b 0f -1 -1 -1 -1 -1
1 1 0 28.1 65.0 1 -1 0b 0f -1 -1 -1 -1 -1
1 1 0 28.0 65.0 1 -1 0b 0f -1 -1 -1 -1 -1
1 1 0 28.1 65.0 1 -1 0b 0f -1 -1 -1 -1 -1
1 1 0 28.1 65.0 1 -1 0b 0f -1 -1 -1 -1 -1
1 1 0 28.1 65.0 1 -1 0b 0f -1 -1 -1 -1 -1
1 1 0 28.1 65.0 1 -1 0b 0f -1 -1 -1 -1 -1
1 1 0 28.1 65.0 1 -1 0b 0f -1 -1 -1 -1 -1
1 1 0 28.1 65.0 1 -1 0b 0f -1 -1 -1 -1 -1
1 1 0 28.1 65.0 1 -1 0b 0f -1 -1 -1 -1 -1
1 1 0 28.1 64.5 1 -1 0b 0f -1 -1 -1 -1 -1
1 1 0 28.1 65.0 1 -1 0b 0f -1 -1 -1 -1 -1
1 1 0 28.1 64.5 1 -1 0b 0f -1 -1 -1 -1 -1
1 1 0 28.1 65.0 1 -1 0b 0f -1 -1 -1 -1 -1
1 1 0 28.1 65.0 1 -1 0b 0f -1 -1 -1 -1 -1
1 1 0 28.1 65.0 1 -1 0b 0f -1 -1 -1 -1 -1
1 1 0 28.1 65.5 1 -1 0b 0f -1 -1 -1 -1 -1
1 1 0 28.1 65.0 1 -1 0b 0f -1 -1 -1 -1 -1
1 1 0 28.2 65.5 1 -1 0b 0f -1 -1 -1 -1 -1
1 1 0 28.1 65.5 1 -1 0b 0f -1 -1 -1 -1 -1
1 1 0 28.1 65.5 1 -1 0b 0f -1 -1 -1 -1 -1
1 1 0 28.1 65.0 1 -1 0b 0f -1 -1 -1 -1 -1
1 1 0 28.1 65.0 1 -1 0b 0f -1 -1 -1 -1 -1
1 1 0 28.1 65.0 1 -1 0b 0f -1 -1 -1 -1 -1
1 1 0 28.1 65.0 1 -1 0b 0f -1 -1 -1 -1 -1
1 1 0 28.2 65.0 1 -1 0b 0f -1 -1 -1 -1 -1
1 1 0 28.1 65.0 1 -1 0b 0f -1 -1 -1 -1 -1
1 1 0 28.1 65.0 1 -1 0b 0f -1 -1 -1 -1 -1
1 1 0 28.1 65.0 1 -1 0b 0f -1 -1 -1 -1 -1
1 1 0 28.2 65.0 1 -1 0b 0f -1 -1 -1 -1 -1
1 1 0 28.2 65.0 1 -1 0b 0f -1 -1 -1 -1 -1
1 1 0 28.1 65.0 1 -1 0b 0f -1 -1 -1 -1 -1
1 1 0 28.1 65.0 1 -1 0b 0f -1 -1 -1 -1 -1
1 1 0 28.1 65.0 1 -1 0b 0f -1 -1 -1 -1 -1
1 1 0 28.1 65.0 1 -1 0b 0f -1 -1 -1 -1 -1
1 1 0 28.1 65.0 1 -1 0b 0f -1 -1 -1 -1 -1
1 1 0 28.2 65.0 1 -1 0b 0f -1 -1 -1 -1 -1
1 1 0 28.2 65.0 1 -1 0b 0f -1 -1 -1 -1 -1
1 1 0 28.2 65.0 1 -1 0b 0f -1 -1 -1 -1 -1
1 1 0 28.2 64.5 1 -1 0b 0f -1 -1 -1 -1 -1
1 1 0 28.1 64.5 1 -1 0b 0f -1 -1 -1 -1 -1
1 1 0 28.2 64.5 1 -1 0b 0f -1 -1 -1 -1 -1
1 1 0 28.2 65.0 1 -1 0b 0f -1 -1 -1 -1 -1
1 1 0 28.1 65.0 1 -1 0b 0f -1 -1 -1 -1 -1
1 1 0 28.1 65.0 1 -1 0b 0f -1 -1 -1 -1 -1
1 1 0 28.2 65.0 1 -1 0b 0f -1 -1 -1 -1 -1
1 1 0 28.2 64.5 1 -1 0b 0f -1 -1 -1 -1 -1
1 1 0 28.1 64.5 1 -1 0b 0f -1 -1 -1 -1 -1
1 1 0 28.1 64.5 1 -1 0b 0f -1 -1 -1 -1 -1
1 1 0 28.2 64.5 1 -1 0b 0f -1 -1 -1 -1 -1
1 1 0 28.1 64.5 1 -1 0b 0f -1 -1 -1 -1 -1
1 1 0 28.1 64.5 1 -1 0b 0f -1 -1 -1 -1 -1
1 1 0 28.2 64.5 1 -1 0b 0f -1 -1 -1 -1 -1
1 1 0 28.2 64.5 1 -1 0b 0f -1 -1 -1 -1 -1
1 1 0 28.1 64.5 1 -1 0b 0f -1 -1 -1 -1 -1
1 1 0 28.1 64.5 1 -1 0b 0f -1 -1 -1 -1 -1
1 1 0 28.2 64.5 1 -1 0b 0f -1 -1 -1 -1 -1
1 1 0 28.2 64.5 1 -1 0b 0f -1 -1 -1 -1 -1
1 1 0 28.2 64.0 1 -1 0b 0f -1 -1 -1 -1 -1
1 1 0 28.2 64.0 1 -1 0b 0f -1 -1 -1 -1 -1
1 1 0 28.2 64.0 1 -1 0b 0f -1 -1 -1 -1 -1
1 1 0 28.2 64.5 1 -1 0b 0f -1 -1 -1 -1 -1
1 1 0 28.1 64.5 1 -1 0b 0f -1 -1 -1 -1 -1
1 1 0 28.2 64.0 1 -1 0b 0f -1 -1 -1 -1 -1
1 1 0 28.2 64.0 1 -1 0b 0f -1 -1 -1 -1 -1
1 1 0 28.2 64.0 1 -1 0b 0f -1 -1 -1 -1 -1
1 1 0 28.2 63.5 1 -1 0b 0f -1 -1 -1 -1 -1
1 1 0 28.3 63.5 1 -1 0b 0f -1 -1 -1 -1 -1
1 1 0 28.2 63.5 1 -1 0b 0f -1 -1 -1 -1 -1
1 1 0 28.2 63.5 1 -1 0b 0f -1 -1 -1 -1 -1
1 1 0 28.2 63.5 1 -1 0b 0f -1 -1 -1 -1 -1
1 1 0 28.2 63.5 1 -1 0b 0f -1 -1 -1 -1 -1
1 1 0 28.2 63.5 1 -1 0b 0f -1 -1 -1 -1 -1
1 1 0 28.2 64.0 1 -1 0b 0f -1 -1 -1 -1 -1
1 1 0 28.2 64.5 1 -1 0b 0f -1 -1 -1 -1 -1
1 1 0 28.2 64.5 1 -1 0b 0f -1 -1 -1 -1 -1
1 1 0 28.2 65.0 1 -1 0b 0f -1 -1 -1 -1 -1
1 1 0 28.2 65.0 1 -1 0b 0f -1 -1 -1 -1 -1
1 1 0 28.2 65.0 1 -1 0b 0f -1 -1 -1 -1 -1
1 1 0 28.3 65.5 1 -1 0b 0f -1 -1 -1 -1 -1
1 1 0 28.2 65.5 1 -1 0b 0f -1 -1 -1 -1 -1
1 1 0 28.2 65.5 1 -1 0b 0f -1 -1 -1 -1 -1
1 1 0 28.2 65.0 1 -1 0b 0f -1 -1 -1 -1 -1
1 1 0 28.2 65.0 1 -1 0b 0f -1 -1 -1 -1 -1
1 1 0 28.2 65.0 1 -1 0b 0f -1 -1 -1 -1 -1
1 1 0 28.2 65.0 1 -1 0b 0f -1 -1 -1 -1 -1
1 1 0 28.2 65.0 1 -1 0b 0f -1 -1 -1 -1 -1
1 1 0 28.2 65.0 1 -1 0b 0f -1 -1 -1 -1 -1
1 1 0 28.2 65.0 1 -1 0b 0f -1 -1 -1 -1 -1
1 1 0 28.2 65.0 1 -1 0b 0f -1 -1 -1 -1 -1
1 1 0 28.3 65.0 1 -1 0b 0f -1 -1 -1 -1 -1
1 1 0 28.2 65.0 1 -1 0b 0f -1 -1 -1 -1 -1
1 1 0 28.2 65.0 1 -1 0b 0f -1 -1 -1 -1 -1
1 1 0 28.2 65.0 1 -1 0b 0f -1 -1 -1 -1 -1
1 1 0 28.2 65.0 1 -1 0b 0f -1 -1 -1 -1 -1
1 1 0 28.3 64.5 1 -1 0b 0f -1 -1 -1 -1 -1
1 1 0 28.2 64.5 1 -1 0b 0f -1 -1 -1 -1 -1
1 1 0 28.2 64.5 1 -1 0b 0f -1 -1 -1 -1 -1
1 1 0 28.2 64.5 1 -1 0b 0f -1 -1 -1 -1 -1
1 1 0 28.3 64.5 1 -1 0b 0f -1 -1 -1 -1 -1
1 1 0 28.2 64.5 1 -1 0b 0f -1 -1 -1 -1 -1
1 1 0 28.2 64.5 1 -1 0b 0f -1 -1 -1 -1 -1
1 1 0 28.2 64.5 1 -1 0b 0f -1 -1 -1 -1 -1
1 1 0 28.3 64.5 1 -1 0b 0f -1 -1 -1 -1 -1
1 1 0 28.2 64.0 1 -1 0b 0f -1 -1 -1 -1 -1
1 1 0 28.2 64.0 1 -1 0b 0f -1 -1 -1 -1 -1
1 1 0 28.2 64.5 1 -1 0b 0f -1 -1 -1 -1 -1
1 1 0 28.2 64.5 1 -1 0b 0f -1 -1 -1 -1 -1
1 1 0 28.2 64.5 1 -1 0b 0f -1 -1 -1 -1 -1
1 1 0 28.2 64.5 1 -1 0b 0f -1 -1 -1 -1 -1
1 1 0 28.2 64.5 1 -1 0b 0f -1 -1 -1 -1 -1
1 1 0 28.3 64.5 1 -1 0b 0f -1 -1 -1 -1 -1
1 1 0 28.2 64.5 1 -1 0b 0f -1 -1 -1 -1 -1
1 1 0 28.2 64.5 1 -1 0b 0f -1 -1 -1 -1 -1
1 1 0 28.3 64.5 1 -1 0b 0f -1 -1 -1 -1 -1
1 1 0 28.2 64.5 1 -1 0b 0f -1 -1 -1 -1 -1
1 1 0 28.2 64.5 1 -1 0b 0f -1 -1 -1 -1 -1
1 1 0 28.2 64.5 1 -1 0b 0f -1 -1 -1 -1 -1
1 1 0 28.3 64.5 1 -1 0b 0f -1 -1 -1 -1 -1
1 1 0 28.3 64.5 1 -1 0b 0f -1 -1 -1 -1 -1
1 1 0 28.3 64.5 1 -1 0b 0f -1 -1 -1 -1 -1
1 1 0 28.3 64.5 1 -1 0b 0f -1 -1 -1 -1 -1
1 1 0 28.3 64.0 1 -1 0b 0f -1 -1 -1 -1 -1
1 1 0 28.2 64.5 1 -1 0b 0f -1 -1 -1 -1 -1
1 1 0 28.2 64.5 1 -1 0b 0f -1 -1 -1 -1 -1
1 1 0 28.2 64.5 1 -1 0b 0f -1 -1 -1 -1 -1
1 1 0 28.3 64.5 1 -1 0b 0f -1 -1 -1 -1 -1
1 1 0 28.2 64.5 1 -1 0b 0f -1 -1 -1 -1 -1
1 1 0 28.3 64.5 1 -1 0b 0f -1 -1 -1 -1 -1
1 1 0 28.2 64.5 1 -1 0b 0f -1 -1 -1 -1 -1
1 1 0 28.3 64.5 1 -1 0b 0f -1 -1 -1 -1 -1
1 1 0 28.3 64.5 1 -1 0b 0f -1 -1 -1 -1 -1
1 1 0 28.3 64.5 1 -1 0b 0f -1 -1 -1 -1 -1
1 1 0 28.2 64.5 1 -1 0b 0f -1 -1 -1 -1 -1
1 1 0 28.2 64.5 1 -1 0b 0f -1 -1 -1 -1 -1
1 1 0 28.2 64.5 1 -1 0b 0f -1 -1 -1 -1 -1
1 1 0 28.2 64.5 1 -1 0b 0f -1 -1 -1 -1 -1
1 1 0 28.2 64.5 1 -1 0b 0f -1 -1 -1 -1 -1
1 1 0 28.3 64.5 1 -1 0b 0f -1 -1 -1 -1 -1
1 1 0 28.3 64.5 1 -1 0b 0f -1 -1 -1 -1 -1
1 1 0 28.3 64.5 1 -1 0b 0f -1 -1 -1 -1 -1
1 1 0 28.2 64.5 1 -1 0b 0f -1 -1 -1 -1 -1
1 1 0 28.3 64.5 0 -1 0b 0f -1 -1 -1 -1 -1
1 1 0 28.2 64.5 0 -1 0b 0f -1 -1 -1 -1 -1
1 1 0 28.3 64.5 0 -1 0b 0f -1 -1 -1 -1 -1
1 1 0 28.3 64.5 0 -1 0b 0f -1 -1 -1 -1 -1
1 1 0 28.3 64.5 0 -1 0b 0f -1 -1 -1 -1 -1
1 1 0 28.3 64.5 0 -1 0b 0f -1 -1 -1 -1 -1
1 1 0 28.3 64.5 0 -1 0b 0f -1 -1 -1 -1 -1
1 1 0 28.2 64.5 0 -1 0b 0f -1 -1 -1 -1 -1
1 1 0 28.3 64.5 0 -1 0b 0f -1 -1 -1 -1 -1
1 1 0 28.3 64.5 2 -1 0b 0f -1 -1 -1 -1 -1
1 1 0 28.3 64.0 2 -1 0b 0f -1 -1 -1 -1 -1
1 1 0 28.3 64.0 2 -1 0b 0f -1 -1 -1 -1 -1
1 1 0 28.3 64.0 2 -1 0b 0f -1 -1 -1 -1 -1
1 1 0 28.3 64.0 2 -1 0b 0f -1 -1 -1 -1 -1
1 1 0 28.4 64.5 2 -1 0b 0f -1 -1 -1 -1 -1
1 1 0 28.4 65.0 2 -1 0b 0f -1 -1 -1 -1 -1
1 1 0 28.3 65.0 2 -1 0b 0f -1 -1 -1 -1 -1
1 1 0 28.3 65.0 2 -1 0b 0f -1 -1 -1 -1 -1
1 1 0 28.3 65.0 2 -1 0b 0f -1 -1 -1 -1 -1
1 1 0 28.4 65.0 0 -1 0b 0f -1 -1 -1 -1 -1
1 1 0 28.3 65.5 0 -1 0b 0f -1 -1 -1 -1 -1
1 1 0 28.3 65.0 0 -1 0b 0f -1 -1 -1 -1 -1
1 1 0 28.3 65.0 0 -1 0b 0f -1 -1 -1 -1 -1
1 1 0 28.3 65.0 0 -1 0b 0f -1 -1 -1 -1 -1
1 1 0 28.3 65.0 2 -1 0b 0f -1 -1 -1 -1 -1
1 1 0 28.3 65.0 2 -1 0b 0f -1 -1 -1 -1 -1
1 1 0 28.3 65.0 2 -1 0b 0f -1 -1 -1 -1 -1
1 1 0 28.3 65.0 2 -1 0b 0f -1 -1 -1 -1 -1
1 1 0 28.3 65.0 2 -1 0b 0f -1 -1 -1 -1 -1
1 1 0 28.3 65.0 2 -1 0b 0f -1 -1 -1 -1 -1
1 1 0 28.3 65.0 2 -1 0b 0f -1 -1 -1 -1 -1
1 1 0 28.3 65.0 2 -1 0b 0f -1 -1 -1 -1 -1
1 1 0 28.3 65.0 2 -1 0b 0f -1 -1 -1 -1 -1
1 1 0 28.3 64.5 2 -1 0b 0f -1 -1 -1 -1 -1
1 1 0 28.3 64.5 2 -1 0b 0f -1 -1 -1 -1 -1
1 1 0 28.3 64.5 3 -1 0b 0f -1 -1 -1 -1 -1
1 1 0 28.3 64.5 3 -1 0b 0f -1 -1 -1 -1 -1
1 1 0 28.3 64.0 2 -1 0b 0f -1 -1 -1 -1 -1
1 1 0 28.3 64.0 2 -1 0b 0f -1 -1 -1 -1 -1
1 1 0 28.4 64.5 2 -1 0b 0f -1 -1 -1 -1 -1
1 1 0 28.3 64.5 2 -1 0b 0f -1 -1 -1 -1 -1
1 1 0 28.3 64.5 2 -1 0b 0f -1 -1 -1 -1 -1
1 1 0 28.4 65.0 2 -1 0b 0f -1 -1 -1 -1 -1
1 1 0 28.3 65.0 2 -1 0b 0f -1 -1 -1 -1 -1
1 1 0 28.3 65.0 2 -1 0b 0f -1 -1 -1 -1 -1
1 1 0 28.3 65.0 1 -1 0b 0f -1 -1 -1 -1 -1
1 1 0 28.3 65.0 1 -1 0b 0f -1 -1 -1 -1 -1
1 1 0 28.3 65.0 2 -1 0b 0f -1 -1 -1 -1 -1
1 1 0 28.4 65.0 2 -1 0b 0f -1 -1 -1 -1 -1
1 1 0 28.3 65.0 1 -1 0b 0f -1 -1 -1 -1 -1
1 1 0 28.3 65.0 2 -1 0b 0f -1 -1 -1 -1 -1
1 1 0 28.3 65.0 2 -1 0b 0f -1 -1 -1 -1 -1
1 1 0 28.3 65.0 4 -1 0b 0f -1 -1 -1 -1 -1
1 1 0 28.4 65.5 4 -1 0b 0f -1 -1 -1 -1 -1
1 1 0 28.3 65.5 3 -1 0b 0f -1 -1 -1 -1 -1
1 1 0 28.3 65.5 5 -1 0b 0f -1 -1 -1 -1 -1
1 1 0 28.3 65.0 5 -1 0b 0f -1 -1 -1 -1 -1
1 1 0 28.3 65.0 7 -1 0b 0f -1 -1 -1 -1 -1
1 1 0 28.3 65.0 9 -1 0b 0f -1 -1 -1 -1 -1
1 1 0 28.3 65.0 7 -1 0b 0f -1 -1 -1 -1 -1
1 1 0 28.4 64.5 9 -1 0b 0f -1 -1 -1 -1 -1
1 1 0 28.4 64.5 10 -1 0b 0f -1 -1 -1 -1 -1
1 1 0 28.3 64.5 12 -1 0b 0f -1 -1 -1 -1 -1
1 1 0 28.4 64.5 12 -1 0b 0f -1 -1 -1 -1 -1
1 1 0 28.3 64.5 14 -1 0b 0f -1 -1 -1 -1 -1
1 1 0 28.3 64.5 17 -1 0b 0f -1 -1 -1 -1 -1
1 1 0 28.4 64.5 19 -1 0b 0f -1 -1 -1 -1 -1
1 1 0 28.3 64.0 19 -1 0b 0f -1 -1 -1 -1 -1
1 1 0 28.4 64.0 15 -1 0b 0f -1 -1 -1 -1 -1
1 1 0 28.4 64.0 15 -1 0b 0f -1 -1 -1 -1 -1
1 1 0 28.3 64.0 15 -1 0b 0f -1 -1 -1 -1 -1
1 1 0 28.4 64.0 14 -1 0b 0f -1 -1 -1 -1 -1
1 1 0 28.4 64.0 14 -1 0b 0f -1 -1 -1 -1 -1
1 1 0 28.4 64.0 12 -1 0b 0f -1 -1 -1 -1 -1
1 1 0 28.4 64.0 8 -1 0b 0f -1 -1 -1 -1 -1
1 1 0 28.4 64.0 9 -1 0b 0f -1 -1 -1 -1 -1
1 1 0 28.4 64.0 9 -1 0b 0f -1 -1 -1 -1 -1
1 1 0 28.4 63.5 9 -1 0b 0f -1 -1 -1 -1 -1
1 1 0 28.4 63.5 9 -1 0b 0f -1 -1 -1 -1 -1
1 1 0 28.4 63.5 9 -1 0b 0f -1 -1 -1 -1 -1
1 1 0 28.4 63.5 8 -1 0b 0f -1 -1 -1 -1 -1
1 1 0 28.5 63.5 10 -1 0b 0f -1 -1 -1 -1 -1
1 1 0 28.5 63.5 10 -1 0b 0f -1 -1 -1 -1 -1
1 1 0 28.5 63.5 10 -1 0b 0f -1 -1 -1 -1 -1
1 1 0 28.4 63.5 10 -1 0b 0f -1 -1 -1 -1 -1
1 1 0 28.4 63.5 10 -1 0b 0f -1 -1 -1 -1 -1
1 1 0 28.5 64.0 10 -1 0b 0f -1 -1 -1 -1 -1
1 1 0 28.5 64.0 10 -1 0b 0f -1 -1 -1 -1 -1
1 1 0 28.5 64.0 12 -1 0b 0f -1 -1 -1 -1 -1
1 1 0 28.5 64.0 12 -1 0b 0f -1 -1 -1 -1 -1
1 1 0 28.5 64.0 12 -1 0b 0f -1 -1 -1 -1 -1
1 1 0 28.4 64.0 12 -1 0b 0f -1 -1 -1 -1 -1
1 1 0 28.5 64.0 12 -1 0b 0f -1 -1 -1 -1 -1
1 1 0 28.5 64.0 14 -1 0b 0f -1 -1 -1 -1 -1
1 1 0 28.5 64.0 10 -1 0b 0f -1 -1 -1 -1 -1
1 1 0 28.4 64.0 10 -1 0b 0f -1 -1 -1 -1 -1
1 1 0 28.5 64.0 10 -1 0b 0f -1 -1 -1 -1 -1
1 1 0 28.4 64.0 12 -1 0b 0f -1 -1 -1 -1 -1
1 1 0 28.4 64.0 11 -1 0b 0f -1 -1 -1 -1 -1
1 1 0 28.5 63.5 7 -1 0b 0f -1 -1 -1 -1 -1
1 1 0 28.5 63.5 5 -1 0b 0f -1 -1 -1 -1 -1
1 1 0 28.5 63.5 7 -1 0b 0f -1 -1 -1 -1 -1
1 1 0 28.5 63.5 7 -1 0b 0f -1 -1 -1 -1 -1
1 1 0 28.5 63.5 5 -1 0b 0f -1 -1 -1 -1 -1
1 1 0 28.5 63.5 5 -1 0b 0f -1 -1 -1 -1 -1
1 1 0 28.5 63.5 5 -1 0b 0f -1 -1 -1 -1 -1
1 1 0 28.5 63.5 7 -1 0b 0f -1 -1 -1 -1 -1
1 1 0 28.5 63.5 7 -1 0b 0f -1 -1 -1 -1 -1
1 1 0 28.5 63.5 5 -1 0b 0f -1 -1 -1 -1 -1
1 1 0 28.5 63.5 5 -1 0b 0f -1 -1 -1 -1 -1
1 1 0 28.5 63.5 7 -1 0b 0f -1 -1 -1 -1 -1
1 1 0 28.5 63.5 9 -1 0b 0f -1 -1 -1 -1 -1
1 1 0 28.4 63.5 9 -1 0b 0f -1 -1 -1 -1 -1
1 1 0 28.6 63.5 7 -1 0b 0f -1 -1 -1 -1 -1
1 1 0 28.5 63.5 9 -1 0b 0f -1 -1 -1 -1 -1
1 1 0 28.5 63.5 7 -1 0b 0f -1 -1 -1 -1 -1
1 1 0 28.6 63.5 7 -1 0b 0f -1 -1 -1 -1 -1
1 1 0 28.6 64.0 7 -1 0b 0f -1 -1 -1 -1 -1
1 1 0 28.5 64.0 9 -1 0b 0f -1 -1 -1 -1 -1
1 1 0 28.5 64.5 5 -1 0b 0f -1 -1 -1 -1 -1
1 1 0 28.5 64.0 7 -1 0b 0f -1 -1 -1 -1 -1
1 1 0 28.5 64.0 7 -1 0b 0f -1 -1 -1 -1 -1
1 1 0 28.5 64.0 9 -1 0b 0f -1 -1 -1 -1 -1
1 1 0 28.6 64.5 11 -1 0b 0f -1 -1 -1 -1 -1
1 1 0 28.5 64.0 10 -1 0b 0f -1 -1 -1 -1 -1
1 1 0 28.5 64.0 10 -1 0b 0f -1 -1 -1 -1 -1
1 1 0 28.6 64.0 12 -1 0b 0f -1 -1 -1 -1 -1
1 1 0 28.6 65.0 12 -1 0b 0f -1 -1 -1 -1 -1
1 1 0 28.6 65.5 14 -1 0b 0f -1 -1 -1 -1 -1
1 1 0 28.5 65.0 15 -1 0b 0f -1 -1 -1 -1 -1
1 1 0 28.6 65.0 15 -1 0b 0f -1 -1 -1 -1 -1
1 1 0 28.5 64.5 17 -1 0b 0f -1 -1 -1 -1 -1
1 1 0 28.6 64.0 19 -1 0b 0f -1 -1 -1 -1 -1
1 1 0 28.6 64.0 15 -1 0b 0f -1 -1 -1 -1 -1
1 1 0 28.6 64.0 17 -1 0b 0f -1 -1 -1 -1 -1
1 1 0 28.6 64.0 17 -1 0b 0f -1 -1 -1 -1 -1
1 1 0 28.5 64.0 21 -1 0b 0f -1 -1 -1 -1 -1
1 1 0 28.6 64.0 17 -1 0b 0f -1 -1 -1 -1 -1
1 1 0 28.5 63.5 19 -1 0b 0f -1 -1 -1 -1 -1
1 1 0 28.5 63.5 19 -1 0b 0f -1 -1 -1 -1 -1
1 1 0 28.6 63.5 21 -1 0b 0f -1 -1 -1 -1 -1
1 1 0 28.6 63.5 21 -1 0b 0f -1 -1 -1 -1 -1
1 1 0 28.6 63.5 21 -1 0b 0f -1 -1 -1 -1 -1
1 1 0 28.5 63.5 19 -1 0b 0f -1 -1 -1 -1 -1
1 1 0 28.6 63.5 21 -1 0b 0f -1 -1 -1 -1 -1
1 1 0 28.6 63.5 22 -1 0b 7f -1 -1 -1 -1 -1
1 1 1 28.6 63.5 26 -1 0b 7f -1 -1 -1 -1 -1
1 1 0 28.6 63.5 26 -1 0b 7f -1 -1 -1 -1 -1
1 1 0 28.6 63.5 31 -1 0b 7f -1 -1 -1 -1 -1
1 1 8 28.7 63.5 29 -1 0b 7f -1 -1 -1 -1 -1
1 1 0 28.7 63.5 31 -1 0b 7f -1 -1 -1 -1 -1
1 1 5 28.6 63.5 28 c25f 0b 7f -1 -1 -1 -1 -1
1 1 0 28.6 63.5 24 c25f 0b 7f -1 -1 -1 -1 -1
1 1 0 28.7 63.5 21 c25f 0b 7f -1 -1 -1 -1 -1
1 1 0 28.7 63.5 21 c25f 0b 7f -1 -1 -1 -1 -1
1 1 0 28.7 63.5 21 c25f 0b 7f -1 -1 -1 -1 -1
1 1 0 28.7 63.5 21 c25f 0b 7f -1 -1 -1 -1 -1
1 1 0 28.7 63.5 21 c25f 0b 7f -1 -1 -1 -1 -1
1 1 0 28.7 63.5 21 c25f 0b 7f -1 -1 -1 -1 -1
1 1 0 28.6 64.0 19 c25f 0b 7f -1 -1 -1 -1 -1
1 1 0 28.6 64.0 17 c25f 0b 7f -1 -1 -1 -1 -1
1 1 0 28.7 64.0 19 c25f 0b 7f -1 -1 -1 -1 -1
1 1 0 28.7 64.0 19 c25f 0b 7f -1 -1 -1 -1 -1
1 1 0 28.7 64.0 19 c25f 0b 7f -1 -1 -1 -1 -1
1 1 0 28.7 64.5 19 c25f 0b 7f -1 -1 -1 -1 -1
1 1 0 28.7 64.5 19 c25f 0b 7f -1 -1 -1 -1 -1
1 1 17 28.7 64.5 21 c25f 0b 7f -1 -1 -1 -1 -1
1 1 1 28.6 64.5 19 c25f 0b 7f -1 -1 -1 -1 -1
1 1 0 28.7 65.0 19 c25f 0b 7f -1 -1 -1 -1 -1
1 1 0 28.7 65.0 19 c25f 0b 7f -1 -1 -1 -1 -1
1 1 0 28.6 64.5 19 c25f 0b 7f -1 -1 -1 -1 -1
1 1 0 28.6 64.5 19 c25f 0b 7f -1 -1 -1 -1 -1
1 1 0 28.5 64.0 19 c25f 0b 7f -1 -1 -1 -1 -1
1 1 0 28.5 63.5 19 c25f 0b 7f -1 -1 -1 -1 -1
1 1 0 28.4 63.5 21 c25f 0b 7f -1 -1 -1 -1 -1
1 1 0 28.4 63.0 19 c25f 0b 7f -1 -1 -1 -1 -1
1 1 13 28.2 62.5 21 c25f 0b 7f -1 -1 -1 -1 -1
1 1 19 28.2 62.0 24 c25f 0b 7f -1 -1 -1 -1 -1
1 1 19 28.2 62.0 24 c25f 0b 7f -1 -1 -1 -1 -1
1 1 19 28.2 62.0 24 c25f 0b 7f -1 -1 -1 -1 -1
1 1 19 28.2 62.0 24 c25f 0b 7f -1 -1 -1 -1 -1
1 1 0 28.1 61.5 21 c25f 0b 7f -1 -1 -1 -1 -1
1 1 0 28.1 61.0 21 c25f 0b 7f -1 -1 -1 -1 -1
1 1 5 28.1 60.5 21 c25f 0b 7f -1 -1 -1 -1 -1
1 1 26 28.0 60.5 21 c25f 0b 7f -1 -1 -1 -1 -1
1 1 0 27.9 60.0 19 c25f 0b 7f -1 -1 -1 -1 -1
1 1 0 27.9 59.5 21 c25f 0b 7f -1 -1 -1 -1 -1
1 1 0 27.9 59.0 21 c25f 0b 7f -1 -1 -1 -1 -1
1 1 0 27.8 58.5 21 c25f 0b 7f -1 -1 -1 -1 -1
1 1 0 27.8 58.5 24 c25f 0b 7f -1 -1 -1 -1 -1
1 1 0 27.7 58.0 24 c25f 0b 7f -1 -1 -1 -1 -1
1 1 0 27.8 57.5 24 c25f 0b 7f -1 -1 -1 -1 -1
1 1 5 27.7 57.0 20 c25f 0b 7f -1 -1 -1 -1 -1
1 1 0 27.7 57.5 22 c25f 0b 7f -1 -1 -1 -1 -1
1 1 0 27.6 57.0 24 c25f 0b 7f -1 -1 -1 -1 -1
1 1 4 27.6 57.0 26 c25f 0b 7f -1 -1 -1 -1 -1
1 1 0 27.6 56.5 26 c25f 0b 7f -1 -1 -1 -1 -1
1 1 0 27.6 56.0 24 c25f 0b 7f -1 -1 -1 -1 -1
1 1 0 27.6 56.0 28 c25f 0b 7f -1 -1 -1 -1 -1
1 1 0 27.6 56.0 26 c25f 0b 7f -1 -1 -1 -1 -1
1 1 0 27.5 55.5 24 c25f 0b 7f -1 -1 -1 -1 -1
1 1 0 27.4 56.0 26 c25f 0b 7f -1 -1 -1 -1 -1
1 1 0 27.5 55.5 26 c25f 0b 7f -1 -1 -1 -1 -1
1 1 0 27.5 55.5 26 c25f 0b 7f -1 -1 -1 -1 -1
1 1 0 27.4 55.5 27 c25f 0b 7f -1 -1 -1 -1 -1
1 1 0 27.4 55.5 31 c25f 0b 7f -1 -1 -1 -1 -1
1 1 0 27.5 55.0 30 c25f 0b 7f -1 -1 -1 -1 -1
1 1 0 27.4 55.0 34 c25f 0b 7f -1 -1 -1 -1 -1
1 1 0 27.4 55.0 29 c25f 0b 7f -1 -1 -1 -1 -1
1 1 0 27.4 55.0 29 c25f 0b 7f -1 -1 -1 -1 -1
1 1 0 27.3 55.0 25 c25f 0b 7f -1 -1 -1 -1 -1
1 1 0 27.3 55.0 26 c25f 0b 7f -1 -1 -1 -1 -1
1 1 0 27.3 54.5 24 c25f 0b 7f -1 -1 -1 -1 -1
1 1 0 27.3 55.0 24 c25f 0b 7f -1 -1 -1 -1 -1
1 1 7 27.3 55.0 24 c25f 0b 7f -1 -1 -1 -1 -1
1 1 0 27.2 55.5 19 c25f 0b 7f -1 -1 -1 -1 -1
1 1 0 27.3 55.5 19 c25f 0b 7f -1 -1 -1 -1 -1
1 1 0 27.2 55.0 17 c25f 0b 7f -1 -1 -1 -1 -1
1 1 0 27.2 55.5 17 c25f 0b 7f -1 -1 -1 -1 -1
1 1 0 27.2 55.0 16 c25f 0b 7f -1 -1 -1 -1 -1
1 1 0 27.2 55.5 14 c25f 0b 7f -1 -1 -1 -1 -1
1 1 0 27.1 55.5 12 c25f 0b 7f -1 -1 -1 -1 -1
1 1 0 27.1 55.0 14 c25f 0b 7f -1 -1 -1 -1 -1
1 1 0 27.1 55.0 12 c25f 0b 7f -1 -1 -1 -1 -1
1 1 0 27.0 55.5 10 c25f 0b 7f -1 -1 -1 -1 -1
1 1 6 27.1 55.0 12 c25f 0b 7f -1 -1 -1 -1 -1
1 1 0 27.1 55.5 10 c25f 0b 7f -1 -1 -1 -1 -1
1 1 0 27.1 55.5 11 c25f 0b 7f -1 -1 -1 -1 -1
1 1 0 27.0 55.5 9 c25f 0b 7f -1 -1 -1 -1 -1
1 1 7 27.1 55.5 13 c25f 0b 7f -1 -1 -1 -1 -1
1 1 0 27.0 55.5 16 c25f 0b 7f -1 -1 -1 -1 -1
1 1 0 27.0 55.5 16 c25f 0b 7f -1 -1 -1 -1 -1
1 1 0 27.0 55.0 16 c25f 0b 7f -1 -1 -1 -1 -1
1 1 0 27.0 55.0 16 c25f 0b 7f -1 -1 -1 -1 -1
1 1 0 26.8 54.5 18 c25f 0b 7f -1 -1 -1 -1 -1
1 1 0 26.9 54.5 18 c25f 0b 7f -1 -1 -1 -1 -1
1 1 0 26.9 54.0 16 c25f 0b 7f -1 -1 -1 -1 -1
1 1 0 26.8 54.0 18 c25f 0b 7f -1 -1 -1 -1 -1
1 1 0 26.8 53.5 18 c25f 0b 7f -1 -1 -1 -1 -1
1 1 0 26.8 53.5 18 c25f 0b 7f -1 -1 -1 -1 -1
1 1 0 26.8 53.5 18 c25f 0b 7f -1 -1 -1 -1 -1
1 1 3 26.7 53.0 18 c25f 0b 7f -1 -1 -1 -1 -1
1 1 0 26.7 53.0 14 c25f 0b 7f -1 -1 -1 -1 -1
1 1 0 26.7 52.5 14 c25f 0b 7f -1 -1 -1 -1 -1
1 1 0 26.7 52.5 16 c25f 0b 7f -1 -1 -1 -1 -1
1 1 0 26.6 52.5 18 c25f 0b 7f -1 -1 -1 -1 -1
1 1 0 26.6 52.0 16 c25f 0b 7f -1 -1 -1 -1 -1
1 1 0 26.6 52.0 18 c25f 0b 7f -1 -1 -1 -1 -1
1 1 0 26.6 52.0 18 c25f 0b 7f -1 -1 -1 -1 -1
1 1 0 26.6 52.0 18 c25f 0b 7f -1 -1 -1 -1 -1
1 1 0 26.6 52.0 16 c25f 0b 7f -1 -1 -1 -1 -1
1 1 0 26.6 51.5 18 c25f 0b 7f -1 -1 -1 -1 -1
1 1 0 26.5 51.5 18 c25f 0b 7f -1 -1 -1 -1 -1
1 1 0 26.5 51.5 20 c25f 0b 7f -1 -1 -1 -1 -1
1 1 0 26.4 51.5 20 c25f 0b 7f -1 -1 -1 -1 -1
1 1 0 26.4 51.5 16 c25f 0b 7f -1 -1 -1 -1 -1
1 1 8 26.5 51.0 18 c25f 0b 7f -1 -1 -1 -1 -1
1 1 0 26.5 51.5 18 c25f 0b 7f -1 -1 -1 -1 -1
1 1 6 26.4 51.5 18 c25f 0b 7f -1 -1 -1 -1 -1
1 1 0 26.4 51.5 20 c25f 0b 7f -1 -1 -1 -1 -1
1 1 0 26.3 51.0 20 c25f 0b 7f -1 -1 -1 -1 -1
1 1 0 26.3 51.0 21 c25f 0b 7f -1 -1 -1 -1 -1
1 1 0 26.3 51.0 23 c25f 0b 7f -1 -1 -1 -1 -1
1 1 0 26.3 51.0 21 c25f 0b 7f -1 -1 -1 -1 -1
1 1 0 26.3 51.5 23 c25f 0b 7f -1 -1 -1 -1 -1
1 1 0 26.3 51.0 23 c25f 0b 7f -1 -1 -1 -1 -1
1 1 0 26.3 51.0 23 c25f 0b 7f -1 -1 -1 -1 -1
1 1 0 26.2 51.0 26 c25f 0b 7f -1 -1 -1 -1 -1
1 1 0 26.2 51.0 30 c25f 0b 7f -1 -1 -1 -1 -1
1 1 0 26.3 51.0 30 c25f 0b 7f -1 -1 -1 -1 -1
1 1 12 26.3 51.0 31 c25f 0b 7f -1 -1 -1 -1 -1
1 1 8 26.1 51.0 33 c25f 0b 7f -1 -1 -1 -1 -1
1 1 0 26.2 51.5 35 c25f 0b 7f -1 -1 -1 -1 -1
1 1 0 26.2 51.0 40 c25f 0b 7f -1 -1 -1 -1 -1
1 1 0 26.2 51.5 38 c25f 0b 7f -1 -1 -1 -1 -1
1 1 0 26.2 51.5 37 c25f 0b 7f -1 -1 -1 -1 -1
1 1 0 26.2 52.0 37 c25f 0b 7f -1 -1 -1 -1 -1
1 1 0 26.2 52.0 37 c25f 0b 7f -1 -1 -1 -1 -1
1 1 0 26.1 52.0 37 c25f 0b 7f -1 -1 -1 -1 -1
1 1 0 26.2 52.5 35 c25f 0b 7f -1 -1 -1 -1 -1
1 1 0 26.1 52.5 37 c25f 0b 7f -1 -1 -1 -1 -1
1 1 0 26.2 52.5 35 c25f 0b 7f -1 -1 -1 -1 -1
1 1 6 26.2 53.0 35 c25f 0b 7f -1 -1 -1 -1 -1
1 1 4 26.2 53.0 33 c25f 0b 7f -1 -1 -1 -1 -1
1 1 0 26.1 53.5 35 c25f 0b 7f -1 -1 -1 -1 -1
1 1 12 26.2 53.5 35 c25f 0b 7f -1 -1 -1 -1 -1
1 1 0 26.3 53.5 33 c25f 0b 7f -1 -1 -1 -1 -1
1 1 0 26.2 53.5 35 c25f 0b 7f -1 -1 -1 -1 -1
1 1 0 26.2 53.5 33 c25f 0b 7f -1 -1 -1 -1 -1
1 1 0 26.2 53.5 31 c25f 0b 7f -1 -1 -1 -1 -1
1 1 0 26.1 53.5 32 c25f 0b 7f -1 -1 -1 -1 -1
1 1 0 26.2 53.5 32 c25f 0b 7f -1 -1 -1 -1 -1
1 1 0 26.3 53.5 30 c25f 0b 7f -1 -1 -1 -1 -1
1 1 0 26.1 53.0 30 c25f 0b 7f -1 -1 -1 -1 -1
1 1 0 26.1 53.0 30 c25f 0b 7f -1 -1 -1 -1 -1
1 1 0 26.0 53.0 28 c25f 0b 7f -1 -1 -1 -1 -1
1 1 0 26.1 52.5 30 c25f 0b 7f -1 -1 -1 -1 -1
1 1 0 26.0 52.5 30 c25f 0b 7f -1 -1 -1 -1 -1
1 1 1 26.1 52.5 32 c25f 0b 7f -1 -1 -1 -1 -1
1 1 0 26.0 52.0 31 c25f 0b 7f -1 -1 -1 -1 -1
1 1 0 26.1 52.0 33 c25f 0b 7f -1 -1 -1 -1 -1
1 1 0 26.0 52.0 35 c25f 0b 7f -1 -1 -1 -1 -1
1 1 0 26.0 52.0 31 c25f 0b 7f -1 -1 -1 -1 -1
1 1 0 26.0 52.0 31 c25f 0b 7f -1 -1 -1 -1 -1
1 1 0 26.0 52.0 33 c25f 0b 7f -1 -1 -1 -1 -1
1 1 0 26.0 52.0 35 c25f 0b 7f -1 -1 -1 -1 -1
1 1 0 25.9 52.0 35 c25f 0b 7f -1 -1 -1 -1 -1
1 1 0 26.0 52.0 35 c25f 0b 7f -1 -1 -1 -1 -1
1 1 0 26.0 52.0 33 c25f 0b 7f -1 -1 -1 -1 -1
1 1 0 26.0 52.0 31 c25f 0b 7f -1 -1 -1 -1 -1
1 1 0 26.0 52.0 33 c25f 0b 7f -1 -1 -1 -1 -1
1 1 0 25.9 52.0 33 c25f 0b 7f -1 -1 -1 -1 -1
1 1 0 26.0 52.0 31 c25f 0b 7f -1 -1 -1 -1 -1
1 1 0 26.0 52.0 31 c25f 0b 7f -1 -1 -1 -1 -1
1 1 0 26.0 52.0 31 c25f 0b 7f -1 -1 -1 -1 -1
1 1 0 25.9 52.0 31 c25f 0b 7f -1 -1 -1 -1 -1
1 1 0 25.9 52.0 33 c25f 0b 7f -1 -1 -1 -1 -1
1 1 0 25.9 51.5 33 c25f 0b 7f -1 -1 -1 -1 -1
1 1 1 25.9 52.0 31 c25f 0b 7f -1 -1 -1 -1 -1
1 1 0 26.0 52.0 31 c25f 0b 7f -1 -1 -1 -1 -1
1 1 0 26.0 52.0 31 c25f 0b 7f -1 -1 -1 -1 -1
1 1 0 25.9 52.5 31 c25f 0b 7f -1 -1 -1 -1 -1
1 1 0 26.0 52.5 31 c25f 0b 7f -1 -1 -1 -1 -1
1 1 0 26.1 52.5 33 c25f 0b 7f -1 -1 -1 -1 -1
1 1 0 26.0 53.0 33 c25f 0b 7f -1 -1 -1 -1 -1
1 1 0 26.0 53.0 33 c25f 0b 7f -1 -1 -1 -1 -1
1 1 0 26.0 53.0 35 c25f 0b 7f -1 -1 -1 -1 -1
1 1 0 26.0 53.0 35 c25f 0b 7f -1 -1 -1 -1 -1
1 1 0 26.0 53.5 33 c25f 0b 7f -1 -1 -1 -1 -1
1 1 0 26.0 53.5 35 c25f 0b 7f -1 -1 -1 -1 -1
1 1 0 25.9 53.5 37 c25f 0b 7f -1 -1 -1 -1 -1
1 1 7 26.0 53.5 33 c25f 0b 7f -1 -1 -1 -1 -1
1 1 4 26.0 53.5 37 c25f 0b 7f -1 -1 -1 -1 -1
1 1 6 26.0 53.5 37 c25f 0b 7f -1 -1 -1 -1 -1
1 1 0 26.0 53.5 35 c25f 0b 7f -1 -1 -1 -1 -1
1 1 0 25.9 53.5 35 c25f 0b 7f -1 -1 -1 -1 -1
1 1 0 25.9 54.0 37 c25f 0b 7f -1 -1 -1 -1 -1
1 1 0 25.9 54.0 33 c25f 0b 7f -1 -1 -1 -1 -1
1 1 0 26.0 54.0 33 c25f 0b 7f -1 -1 -1 -1 -1
1 1 0 26.0 54.0 37 c25f 0b 7f -1 -1 -1 -1 -1
1 1 0 26.0 54.0 35 c25f 0b 7f -1 -1 -1 -1 -1
1 1 0 26.0 54.0 35 c25f 0b 7f -1 -1 -1 -1 -1
1 1 0 26.0 54.0 37 c25f 0b 7f -1 -1 -1 -1 -1
1 1 0 26.0 53.5 35 c25f 0b 7f -1 -1 -1 -1 -1
1 1 0 26.0 53.5 37 c25f 0b 7f -1 -1 -1 -1 -1
1 1 7 26.0 53.5 36 c25f 0b 7f -1 -1 -1 -1 -1
1 1 0 26.0 53.5 36 c25f 0b 7f -1 -1 -1 -1 -1
1 1 0 26.0 53.5 40 c25f 0b 7f -1 -1 -1 -1 -1
1 1 0 25.9 53.5 40 c25f 0b 7f -1 -1 -1 -1 -1
1 1 0 26.0 53.5 38 c25f 0b 7f -1 -1 -1 -1 -1
1 1 9 26.0 53.5 40 c25f 0b 7f -1 -1 -1 -1 -1
1 1 0 26.0 53.5 40 c25f 0b 7f -1 -1 -1 -1 -1
1 1 0 25.9 53.5 38 c25f 0b 7f -1 -1 -1 -1 -1
1 1 0 25.9 53.5 38 c25f 0b 7f -1 -1 -1 -1 -1
1 1 0 26.0 53.5 38 c25f 0b 7f -1 -1 -1 -1 -1
1 1 0 25.9 53.5 36 c25f 0b 7f -1 -1 -1 -1 -1
1 1 0 25.9 53.5 38 c25f 0b 7f -1 -1 -1 -1 -1
1 1 0 26.0 53.5 37 c25f 0b 7f -1 -1 -1 -1 -1
1 1 0 26.0 53.5 37 c25f 0b 7f -1 -1 -1 -1 -1
1 1 0 26.0 53.5 35 c25f 0b 7f -1 -1 -1 -1 -1
1 1 0 26.0 53.5 37 c25f 0b 7f -1 -1 -1 -1 -1
1 1 0 25.9 53.5 35 c25f 0b 7f -1 -1 -1 -1 -1
1 1 7 25.9 53.5 35 c25f 0b 7f -1 -1 -1 -1 -1
1 1 1 26.0 53.5 35 c25f 0b 7f -1 -1 -1 -1 -1
1 1 1 26.0 53.5 33 c25f 0b 7f -1 -1 -1 -1 -1
1 1 0 26.0 53.5 35 c25f 0b 7f -1 -1 -1 -1 -1
1 1 0 26.0 53.5 35 c25f 0b 7f -1 -1 -1 -1 -1
1 1 0 25.9 53.5 35 c25f 0b 7f -1 -1 -1 -1 -1
1 1 0 25.9 53.0 35 c25f 0b 7f -1 -1 -1 -1 -1
1 1 0 25.9 53.0 35 c25f 0b 7f -1 -1 -1 -1 -1
1 1 5 26.0 53.0 33 c25f 0b 7f -1 -1 -1 -1 -1
1 1 0 25.9 53.0 33 c25f 0b 7f -1 -1 -1 -1 -1
1 1 0 25.9 53.0 33 c25f 0b 7f -1 -1 -1 -1 -1
1 1 0 25.8 53.0 31 c25f 0b 7f -1 -1 -1 -1 -1
1 1 0 25.8 53.0 31 c25f 0b 7f -1 -1 -1 -1 -1
1 1 0 26.0 53.0 28 c25f 0b 7f -1 -1 -1 -1 -1
1 1 0 25.9 53.0 32 c25f 0b 7f -1 -1 -1 -1 -1
1 1 6 25.9 53.0 32 c25f 0b 7f -1 -1 -1 -1 -1
1 1 15 25.9 53.0 32 c25f 0b 7f -1 -1 -1 -1 -1
1 1 0 26.0 53.0 28 c25f 0b 7f -1 -1 -1 -1 -1
1 1 0 25.9 53.0 32 c25f 0b 7f -1 -1 -1 -1 -1
1 1 0 25.9 53.0 32 c25f 0b 7f -1 -1 -1 -1 -1
1 1 0 25.9 53.0 31 c25f 0b 7f -1 -1 -1 -1 -1
1 1 21 25.9 53.0 33 c25f 0b 7f -1 -1 -1 -1 -1
1 1 0 25.9 53.0 31 c25f 0b 7f -1 -1 -1 -1 -1
1 1 6 25.9 53.0 33 c25f 0b 7f -1 -1 -1 -1 -1
1 1 0 25.9 53.0 33 c25f 0b 7f -1 -1 -1 -1 -1
1 1 0 26.0 53.5 35 c25f 0b 7f -1 -1 -1 -1 -1
1 1 0 26.0 53.5 35 c25f 0b 7f -1 -1 -1 -1 -1
1 1 0 26.0 53.5 31 c25f 0b 7f -1 -1 -1 -1 -1
1 1 7 26.0 54.0 31 c25f 0b 7f -1 -1 -1 -1 -1
1 1 0 26.0 54.0 33 c25f 0b 7f -1 -1 -1 -1 -1
1 1 0 26.0 54.0 31 c25f 0b 7f -1 -1 -1 -1 -1
1 1 0 26.0 54.5 31 c25f 0b 7f -1 -1 -1 -1 -1
1 1 0 26.0 54.5 31 c25f 0b 7f -1 -1 -1 -1 -1
1 1 0 26.0 54.0 31 c25f 0b 7f -1 -1 -1 -1 -1
1 1 0 26.0 54.0 33 c25f 0b 7f -1 -1 -1 -1 -1
1 1 0 26.0 54.0 33 c25f 0b 7f -1 -1 -1 -1 -1
1 1 0 25.9 54.0 31 c25f 0b 7f -1 -1 -1 -1 -1
1 1 0 26.0 54.5 30 c25f 0b 7f -1 -1 -1 -1 -1
1 1 0 26.0 54.0 30 c25f 0b 7f -1 -1 -1 -1 -1
1 1 0 25.9 54.0 31 c25f 0b 7f -1 -1 -1 -1 -1
1 1 0 25.9 54.0 31 c25f 0b 7f -1 -1 -1 -1 -1
1 1 0 25.9 54.0 32 c25f 0b 7f -1 -1 -1 -1 -1
1 1 0 25.9 54.0 30 c25f 0b 7f -1 -1 -1 -1 -1
1 1 0 25.9 54.0 30 c25f 0b 7f -1 -1 -1 -1 -1
1 1 4 26.0 54.0 30 c25f 0b 7f -1 -1 -1 -1 -1
1 1 0 25.9 53.5 32 c25f 0b 7f -1 -1 -1 -1 -1
1 1 0 26.0 53.5 33 c25f 0b 7f -1 -1 -1 -1 -1
1 1 0 25.9 53.5 31 c25f 0b 7f -1 -1 -1 -1 -1
1 1 0 25.9 53.5 31 c25f 0b 7f -1 -1 -1 -1 -1
1 1 4 26.0 54.0 33 c25f 0b 7f -1 -1 -1 -1 -1
1 1 0 26.0 54.0 33 c25f 0b 7f -1 -1 -1 -1 -1
1 1 4 26.0 54.5 31 c25f 0b 7f -1 -1 -1 -1 -1
1 1 0 26.1 54.5 31 c25f 0b 7f -1 -1 -1 -1 -1
1 1 0 26.1 54.5 31 c25f 0b 7f -1 -1 -1 -1 -1
1 1 0 26.0 54.5 33 c25f 0b 7f -1 -1 -1 -1 -1
1 1 0 26.0 54.5 33 c25f 0b 7f -1 -1 -1 -1 -1
1 1 0 26.1 54.5 31 c25f 0b 7f -1 -1 -1 -1 -1
1 1 0 26.0 54.5 33 c25f 0b 7f -1 -1 -1 -1 -1
1 1 0 26.0 54.5 34 c25f 0b 7f -1 -1 -1 -1 -1
1 1 0 25.9 54.5 36 c25f 0b 7f -1 -1 -1 -1 -1
1 1 0 26.0 54.5 35 c25f 0b 7f -1 -1 -1 -1 -1
1 1 0 26.0 54.5 35 c25f 0b 7f -1 -1 -1 -1 -1
1 1 0 26.0 54.5 33 c25f 0b 7f -1 -1 -1 -1 -1
1 1 2 26.0 54.5 35 c25f 0b 7f -1 -1 -1 -1 -1
1 1 6 25.9 54.5 31 c25f 0b 7f -1 -1 -1 -1 -1
1 1 13 26.0 55.0 31 c25f 0b 7f -1 -1 -1 -1 -1
1 1 4 26.0 55.0 24 c25f 0b 7f -1 -1 -1 -1 -1
1 1 0 26.0 55.0 20 c25f 0b 7f -1 -1 -1 -1 -1
1 1 9 26.0 55.5 20 c25f 0b 7f -1 -1 -1 -1 -1
1 1 0 26.0 55.5 22 c25f 0b 7f -1 -1 -1 -1 -1
1 1 0 26.0 55.5 24 c25f 0b 7f -1 -1 -1 -1 -1
1 1 0 26.0 55.5 24 c25f 0b 7f -1 -1 -1 -1 -1
1 1 0 26.1 56.0 24 c25f 0b 7f -1 -1 -1 -1 -1
1 1 0 26.1 56.0 22 c25f 0b 7f -1 -1 -1 -1 -1
1 1 0 26.1 56.0 24 c25f 0b 7f -1 -1 -1 -1 -1
1 1 0 26.1 56.0 24 c25f 0b 7f -1 -1 -1 -1 -1
1 1 0 26.0 56.0 22 c25f 0b 7f -1 -1 -1 -1 -1
1 1 0 26.1 56.0 24 c25f 0b 7f -1 -1 -1 -1 -1
1 1 0 26.1 56.0 24 c25f 0b 7f -1 -1 -1 -1 -1
1 1 0 26.0 55.5 22 c25f 0b 7f -1 -1 -1 -1 -1
1 1 0 26.1 55.5 24 c25f 0b 7f -1 -1 -1 -1 -1
1 1 0 26.0 55.0 21 c25f 0b 7f -1 -1 -1 -1 -1
1 1 0 26.0 55.0 21 c25f 0b 7f -1 -1 -1 -1 -1
1 1 0 26.1 54.5 21 c25f 0b 7f -1 -1 -1 -1 -1
1 1 0 26.0 54.5 24 c25f 0b 7f -1 -1 -1 -1 -1
1 1 0 26.0 54.5 22 c25f 0b 7f -1 -1 -1 -1 -1
1 1 0 26.0 54.5 22 c25f 0b 7f -1 -1 -1 -1 -1
1 1 0 26.0 54.5 24 c25f 0b 7f -1 -1 -1 -1 -1
1 1 0 26.0 54.5 22 c25f 0b 7f -1 -1 -1 -1 -1
1 1 7 26.0 54.5 24 c25f 0b 7f -1 -1 -1 -1 -1
1 1 0 26.0 54.5 22 c25f 0b 7f -1 -1 -1 -1 -1
1 1 7 26.0 54.5 24 c25f 0b 7f -1 -1 -1 -1 -1
1 1 0 26.0 54.5 22 c25f 0b 7f -1 -1 -1 -1 -1
1 1 0 26.0 54.0 22 c25f 0b 7f -1 -1 -1 -1 -1
1 1 0 26.0 54.0 22 c25f 0b 7f -1 -1 -1 -1 -1
1 1 0 26.0 54.0 24 c25f 0b 7f -1 -1 -1 -1 -1
1 1 0 26.0 53.5 22 c25f 0b 7f -1 -1 -1 -1 -1
1 1 0 26.0 53.5 24 c25f 0b 7f -1 -1 -1 -1 -1
1 1 0 25.9 53.5 19 c25f 0b 7f -1 -1 -1 -1 -1
1 1 0 26.0 53.5 21 c25f 0b 7f -1 -1 -1 -1 -1
1 1 0 26.0 53.5 21 c25f 0b 7f -1 -1 -1 -1 -1
1 1 0 26.0 53.5 19 c25f 0b 7f -1 -1 -1 -1 -1
1 1 0 26.0 53.5 21 c25f 0b 7f -1 -1 -1 -1 -1
1 1 0 26.0 53.5 24 c25f 0b 7f -1 -1 -1 -1 -1
1 1 12 25.9 53.5 24 c25f 0b 7f -1 -1 -1 -1 -1
1 1 0 26.1 53.5 24 c25f 0b 7f -1 -1 -1 -1 -1
1 1 0 25.9 53.5 21 c25f 0b 7f -1 -1 -1 -1 -1
1 1 0 26.0 53.5 19 c25f 0b 7f -1 -1 -1 -1 -1
1 1 0 26.0 53.5 21 c25f 0b 7f -1 -1 -1 -1 -1
1 1 0 26.0 53.5 21 c25f 0b 7f -1 -1 -1 -1 -1
1 1 0 25.9 53.5 21 c25f 0b 7f -1 -1 -1 -1 -1
1 1 0 25.9 53.0 21 c25f 0b 7f -1 -1 -1 -1 -1
1 1 0 25.9 53.0 21 c25f 0b 7f -1 -1 -1 -1 -1
1 1 0 25.9 53.0 23 c25f 0b 7f -1 -1 -1 -1 -1
1 1 0 25.9 53.0 24 c25f 0b 7f -1 -1 -1 -1 -1
1 1 0 25.9 53.0 26 c25f 0b 7f -1 -1 -1 -1 -1
1 1 0 25.9 53.0 26 c25f 0b 7f -1 -1 -1 -1 -1
1 1 1 25.9 53.0 26 c25f 0b 7f -1 -1 -1 -1 -1
1 1 17 26.0 53.0 26 c25f 0b 7f -1 -1 -1 -1 -1
1 1 0 25.9 53.0 24 c25f 0b 7f -1 -1 -1 -1 -1
1 1 0 26.0 53.0 24 c25f 0b 7f -1 -1 -1 -1 -1
1 1 0 25.9 53.0 24 c25f 0b 7f -1 -1 -1 -1 -1
1 1 0 26.0 53.5 22 c25f 0b 7f -1 -1 -1 -1 -1
1 1 0 26.0 53.5 24 c25f 0b 7f -1 -1 -1 -1 -1
1 1 0 26.0 53.5 24 c25f 0b 7f -1 -1 -1 -1 -1
1 1 0 25.9 53.0 24 c25f 0b 7f -1 -1 -1 -1 -1
1 1 5 25.9 53.0 24 c25f 0b 7f -1 -1 -1 -1 -1
1 1 5 25.9 53.0 24 c25f 0b 7f -1 -1 -1 -1 -1
1 1 0 25.9 53.0 21 c25f 0b 7f -1 -1 -1 -1 -1
1 1 8 25.8 53.0 21 c25f 0b 7f -1 -1 -1 -1 -1
1 1 1 25.8 53.0 24 c25f 0b 7f -1 -1 -1 -1 -1
1 1 0 25.9 53.0 26 c25f 0b 7f -1 -1 -1 -1 -1
1 1 1 25.9 53.0 28 c25f 0b 7f -1 -1 -1 -1 -1
1 1 6 25.9 53.0 24 c25f 0b 7f -1 -1 -1 -1 -1
1 1 0 25.9 52.5 27 c25f 0b 7f -1 -1 -1 -1 -1
1 1 0 25.9 52.5 31 c25f 0b 7f -1 -1 -1 -1 -1
1 1 0 25.9 52.5 27 c25f 0b 7f -1 -1 -1 -1 -1
1 1 0 25.9 52.5 27 c25f 0b 7f -1 -1 -1 -1 -1
1 1 0 25.9 52.5 28 c25f 0b 7f -1 -1 -1 -1 -1
1 1 0 26.0 52.5 27 c25f 0b 7f -1 -1 -1 -1 -1
1 1 0 25.9 52.5 27 c25f 0b 7f -1 -1 -1 -1 -1
1 1 0 25.9 52.5 27 c25f 0b 7f -1 -1 -1 -1 -1
1 1 0 25.9 52.5 27 c25f 0b 7f -1 -1 -1 -1 -1
1 1 0 26.0 52.5 27 c25f 0b 7f -1 -1 -1 -1 -1
1 1 0 26.0 53.0 30 c25f 0b 7f -1 -1 -1 -1 -1
1 1 0 26.0 53.0 32 c25f 0b 7f -1 -1 -1 -1 -1
1 1 0 26.0 53.0 31 c25f 0b 7f -1 -1 -1 -1 -1
1 1 0 26.0 53.5 24 c25f 0b 7f -1 -1 -1 -1 -1
1 1 0 26.0 54.0 27 c25f 0b 7f -1 -1 -1 -1 -1
1 1 0 26.0 54.0 26 c25f 0b 7f -1 -1 -1 -1 -1
1 1 0 26.0 54.0 26 c25f 0b 7f -1 -1 -1 -1 -1
1 1 0 26.0 54.0 33 c25f 0b 7f -1 -1 -1 -1 -1
1 1 0 26.1 54.0 31 c25f 0b 7f -1 -1 -1 -1 -1
1 1 0 26.1 54.0 29 c25f 0b 7f -1 -1 -1 -1 -1
1 1 0 26.0 54.0 28 c25f 0b 7f -1 -1 -1 -1 -1
1 1 0 26.0 54.0 31 c25f 0b 7f -1 -1 -1 -1 -1
1 1 0 26.0 54.0 31 c25f 0b 7f -1 -1 -1 -1 -1
1 1 0 26.0 53.5 29 c25f 0b 7f -1 -1 -1 -1 -1
1 1 0 26.0 53.5 24 c25f 0b 7f -1 -1 -1 -1 -1
1 1 0 26.0 53.5 24 c25f 0b 7f -1 -1 -1 -1 -1
1 1 1 26.0 53.5 26 c25f 0b 7f -1 -1 -1 -1 -1
1 1 0 26.0 53.5 22 c25f 0b 7f -1 -1 -1 -1 -1
1 1 7 26.0 53.5 22 c25f 0b 7f -1 -1 -1 -1 -1
1 1 0 26.0 53.5 24 c25f 0b 7f -1 -1 -1 -1 -1
1 1 0 26.0 53.0 24 c25f 0b 7f -1 -1 -1 -1 -1
1 1 6 26.0 53.0 21 c25f 0b 7f -1 -1 -1 -1 -1
1 1 8 26.0 53.0 19 c25f 0b 7f -1 -1 -1 -1 -1
1 1 0 25.9 52.5 21 c25f 0b 7f -1 -1 -1 -1 -1
1 1 1 25.9 52.5 19 c25f 0b 7f -1 -1 -1 -1 -1
1 1 0 25.9 52.5 19 c25f 0b 7f -1 -1 -1 -1 -1
1 1 0 25.9 52.5 21 c25f 0b 7f -1 -1 -1 -1 -1
1 1 1 26.0 52.5 21 c25f 0b 7f -1 -1 -1 -1 -1
1 1 1 26.0 52.5 19 c25f 0b 7f -1 -1 -1 -1 -1
1 1 0 26.0 52.5 19 c25f 0b 7f -1 -1 -1 -1 -1
1 1 0 25.9 52.5 21 c25f 0b 7f -1 -1 -1 -1 -1
1 1 0 25.9 52.5 24 c25f 0b 7f -1 -1 -1 -1 -1
1 1 0 26.0 52.5 25 c25f 0b 7f -1 -1 -1 -1 -1
1 1 0 26.0 52.5 25 c25f 0b 7f -1 -1 -1 -1 -1
1 1 6 25.9 52.5 29 c25f 0b 7f -1 -1 -1 -1 -1
1 1 0 26.0 52.5 27 c25f 0b 7f -1 -1 -1 -1 -1
1 1 0 26.0 52.5 29 c25f 0b 7f -1 -1 -1 -1 -1
1 1 0 26.0 52.5 25 c25f 0b 7f -1 -1 -1 -1 -1
1 1 0 26.0 52.5 28 c25f 0b 7f -1 -1 -1 -1 -1
1 1 6 26.0 52.5 23 c25f 0b 7f -1 -1 -1 -1 -1
1 1 6 26.0 52.5 29 c25f 0b 7f -1 -1 -1 -1 -1
1 1 0 26.0 53.0 27 c25f 0b 7f -1 -1 -1 -1 -1
1 1 0 26.0 52.5 24 c25f 0b 7f -1 -1 -1 -1 -1
1 1 0 26.0 52.5 26 c25f 0b 7f -1 -1 -1 -1 -1
1 1 0 26.0 52.5 21 c25f 0b 7f -1 -1 -1 -1 -1
1 1 0 26.0 52.5 24 c25f 0b 7f -1 -1 -1 -1 -1
1 1 0 26.0 52.5 22 c25f 0b 7f -1 -1 -1 -1 -1
1 1 0 26.0 52.5 21 c25f 0b 7f -1 -1 -1 -1 -1
1 1 0 26.0 52.5 21 c25f 0b 7f -1 -1 -1 -1 -1
1 1 0 25.9 52.5 19 c25f 0b 7f -1 -1 -1 -1 -1
1 1 0 26.0 52.5 23 c25f 0b 7f -1 -1 -1 -1 -1
1 1 0 25.9 52.5 21 c25f 0b 7f -1 -1 -1 -1 -1
1 1 0 26.0 52.5 23 c25f 0b 7f -1 -1 -1 -1 -1
1 1 0 25.9 53.0 19 c25f 0b 7f -1 -1 -1 -1 -1
1 1 0 26.0 53.0 19 c25f 0b 7f -1 -1 -1 -1 -1
1 1 0 26.0 53.0 19 c25f 0b 7f -1 -1 -1 -1 -1
1 1 0 26.0 53.0 21 c25f 0b 7f -1 -1 -1 -1 -1
1 1 0 26.0 53.0 24 c25f 0b 7f -1 -1 -1 -1 -1
1 1 0 26.0 53.0 24 c25f 0b 7f -1 -1 -1 -1 -1
1 1 0 26.0 53.5 24 c25f 0b 7f -1 -1 -1 -1 -1
1 1 0 25.9 53.5 26 c25f 0b 7f -1 -1 -1 -1 -1
1 1 0 26.0 53.5 27 c25f 0b 7f -1 -1 -1 -1 -1
1 1 0 26.0 53.5 24 c25f 0b 7f -1 -1 -1 -1 -1
1 1 0 26.0 53.5 24 c25f 0b 7f -1 -1 -1 -1 -1
1 1 0 26.0 53.5 24 c25f 0b 7f -1 -1 -1 -1 -1
1 1 0 26.0 53.5 21 c25f 0b 7f -1 -1 -1 -1 -1
1 1 0 26.0 53.5 21 c25f 0b 7f -1 -1 -1 -1 -1
1 1 0 26.0 53.5 21 c25f 0b 7f -1 -1 -1 -1 -1
1 1 1 25.9 53.5 23 c25f 0b 7f -1 -1 -1 -1 -1
1 1 0 25.9 53.5 21 c25f 0b 7f -1 -1 -1 -1 -1
1 1 0 25.9 53.5 21 c25f 0b 7f -1 -1 -1 -1 -1
1 1 0 26.0 53.5 21 c25f 0b 7f -1 -1 -1 -1 -1
1 1 0 26.0 53.5 23 c25f 0b 7f -1 -1 -1 -1 -1
1 1 0 25.9 53.5 21 c25f 0b 7f -1 -1 -1 -1 -1
1 1 0 26.0 53.5 21 c25f 0b 7f -1 -1 -1 -1 -1
1 1 0 26.0 53.5 24 c25f 0b 7f -1 -1 -1 -1 -1
1 1 0 26.0 53.5 22 c25f 0b 7f -1 -1 -1 -1 -1
1 1 0 26.0 53.0 24 c25f 0b 7f -1 -1 -1 -1 -1
1 1 0 26.0 53.0 24 c25f 0b 7f -1 -1 -1 -1 -1
1 1 0 25.9 53.0 26 c25f 0b 7f -1 -1 -1 -1 -1
1 1 0 26.0 53.0 31 c25f 0b 7f -1 -1 -1 -1 -1
1 1 0 26.0 53.0 24 c25f 0b 7f -1 -1 -1 -1 -1
1 1 0 25.9 53.0 21 c25f 0b 7f -1 -1 -1 -1 -1
1 1 0 25.9 53.5 21 c25f 0b 7f -1 -1 -1 -1 -1
1 1 0 26.0 53.5 21 c25f 0b 7f -1 -1 -1 -1 -1
1 1 0 26.0 54.0 31 c25f 0b 7f -1 -1 -1 -1 -1
1 1 0 26.0 54.0 26 c25f 0b 7f -1 -1 -1 -1 -1
1 1 0 26.0 54.0 26 c25f 0b 7f -1 -1 -1 -1 -1
1 1 5 26.0 54.5 29 c25f 0b 7f -1 -1 -1 -1 -1
1 1 0 26.1 54.5 31 c25f 0b 7f -1 -1 -1 -1 -1
1 1 0 26.0 54.5 26 c25f 0b 7f -1 -1 -1 -1 -1
1 1 0 26.0 54.5 21 c25f 0b 7f -1 -1 -1 -1 -1
1 1 0 26.1 54.0 25 c25f 0b 7f -1 -1 -1 -1 -1
1 1 0 26.0 54.5 23 c25f 0b 7f -1 -1 -1 -1 -1
1 1 0 26.0 54.5 23 c25f 0b 7f -1 -1 -1 -1 -1
1 1 6 26.1 54.5 21 c25f 0b 7f -1 -1 -1 -1 -1
1 1 0 26.1 54.5 21 c25f 0b 7f -1 -1 -1 -1 -1
1 1 0 26.0 54.5 19 c25f 0b 7f -1 -1 -1 -1 -1
1 1 0 26.0 54.5 19 c25f 0b 7f -1 -1 -1 -1 -1
1 1 8 26.0 54.5 19 c25f 0b 7f -1 -1 -1 -1 -1
1 1 7 26.1 54.5 21 c25f 0b 7f -1 -1 -1 -1 -1
1 1 0 26.0 54.0 21 c25f 0b 7f -1 -1 -1 -1 -1
1 1 0 26.0 54.0 21 c25f 0b 7f -1 -1 -1 -1 -1
1 1 6 26.0 54.0 28 c25f 0b 7f -1 -1 -1 -1 -1
1 1 0 26.0 54.0 30 c25f 0b 7f -1 -1 -1 -1 -1
1 1 0 26.1 53.5 24 c25f 0b 7f -1 -1 -1 -1 -1
1 1 0 26.0 53.5 21 c25f 0b 7f -1 -1 -1 -1 -1
1 1 0 26.1 53.5 19 c25f 0b 7f -1 -1 -1 -1 -1
1 1 0 26.0 53.5 19 c25f 0b 7f -1 -1 -1 -1 -1
1 1 0 26.1 53.5 19 c25f 0b 7f -1 -1 -1 -1 -1
1 1 0 26.0 53.5 17 c25f 0b 7f -1 -1 -1 -1 -1
1 1 0 26.1 53.5 17 c25f 0b 7f -1 -1 -1 -1 -1
1 1 0 26.0 53.5 19 c25f 0b 7f -1 -1 -1 -1 -1
1 1 0 26.1 53.5 19 c25f 0b 7f -1 -1 -1 -1 -1
1 1 0 26.0 53.5 21 c25f 0b 7f -1 -1 -1 -1 -1
1 1 0 26.0 53.5 24 c25f 0b 7f -1 -1 -1 -1 -1
1 1 0 26.1 53.5 19 c25f 0b 7f -1 -1 -1 -1 -1
1 1 0 26.1 53.5 19 c25f 0b 7f -1 -1 -1 -1 -1
1 1 0 26.1 53.5 21 c25f 0b 7f -1 -1 -1 -1 -1
1 1 0 26.0 53.5 19 c25f 0b 7f -1 -1 -1 -1 -1
1 1 5 26.1 53.5 19 c25f 0b 7f -1 -1 -1 -1 -1
1 1 6 26.1 54.0 19 c25f 0b 7f -1 -1 -1 -1 -1
1 1 0 26.1 54.0 19 c25f 0b 7f -1 -1 -1 -1 -1
1 1 0 26.1 54.0 26 c25f 0b 7f -1 -1 -1 -1 -1
1 1 0 26.1 54.0 34 c25f 0b 7f -1 -1 -1 -1 -1
1 1 0 26.1 54.0 30 c25f 0b 7f -1 -1 -1 -1 -1
1 1 0 26.1 54.0 32 c25f 0b 7f -1 -1 -1 -1 -1
1 1 0 26.1 54.0 27 c25f 0b 7f -1 -1 -1 -1 -1
1 1 0 26.1 54.0 24 c25f 0b 7f -1 -1 -1 -1 -1
1 1 0 26.1 54.0 23 c25f 0b 7f -1 -1 -1 -1 -1
1 1 0 26.2 54.0 21 c25f 0b 7f -1 -1 -1 -1 -1
1 1 9 26.2 54.5 21 c25f 0b 7f -1 -1 -1 -1 -1
1 1 12 26.1 54.0 28 c25f 0b 7f -1 -1 -1 -1 -1
1 1 0 26.1 54.0 32 c25f 0b 7f -1 -1 -1 -1 -1
1 1 0 26.2 54.0 26 c25f 0b 7f -1 -1 -1 -1 -1
1 1 0 26.1 54.0 19 c25f 0b 7f -1 -1 -1 -1 -1
1 1 0 26.1 54.0 17 c25f 0b 7f -1 -1 -1 -1 -1
1 1 0 26.2 54.0 16 c25f 0b 7f -1 -1 -1 -1 -1
1 1 8 26.2 54.0 14 c25f 0b 7f -1 -1 -1 -1 -1
1 1 0 26.2 54.0 14 c25f 0b 7f -1 -1 -1 -1 -1
1 1 8 26.2 54.5 14 c25f 0b 7f -1 -1 -1 -1 -1
1 1 4 26.2 54.5 12 c25f 0b 7f -1 -1 -1 -1 -1
1 1 5 26.2 55.0 10 c25f 0b 7f -1 -1 -1 -1 -1
1 1 11 26.2 55.0 10 c25f 0b 7f -1 -1 -1 -1 -1
1 1 2 26.2 55.0 13 c25f 0b 7f -1 -1 -1 -1 -1
1 1 0 26.1 55.0 10 c25f 0b 7f -1 -1 -1 -1 -1
1 1 0 26.2 55.0 12 c25f 0b 7f -1 -1 -1 -1 -1
1 1 7 26.2 55.0 12 c25f 0b 7f -1 -1 -1 -1 -1
1 1 5 26.1 54.5 14 c25f 0b 7f -1 -1 -1 -1 -1
1 1 8 26.2 54.5 12 c25f 0b 7f -1 -1 -1 -1 -1
1 1 5 26.1 54.5 16 c25f 0b 7f -1 -1 -1 -1 -1
1 1 4 26.2 54.5 12 c25f 0b 7f -1 -1 -1 -1 -1
1 1 21 26.2 54.5 16 c25f 0b 7f -1 -1 -1 -1 -1
1 1 7 26.2 54.5 14 c25f 0b 7f -1 -1 -1 -1 -1
1 1 5 26.2 54.0 12 c25f 0b 7f -1 -1 -1 -1 -1
1 1 10 26.2 54.0 16 c25f 0b 7f -1 -1 -1 -1 -1
1 1 0 26.2 54.0 12 c25f 0b 7f -1 -1 -1 -1 -1
1 1 0 26.1 53.5 14 c25f 0b 7f -1 -1 -1 -1 -1
1 1 0 26.1 53.5 14 c25f 0b 7f -1 -1 -1 -1 -1
1 1 0 26.1 53.5 14 c25f 0b 7f -1 -1 -1 -1 -1
1 1 0 26.1 53.0 16 c25f 0b 7f -1 -1 -1 -1 -1
1 1 0 26.0 53.0 14 c25f 0b 7f -1 -1 -1 -1 -1
1 1 0 26.0 52.5 14 c25f 0b 7f -1 -1 -1 -1 -1
1 1 0 26.1 52.5 12 c25f 0b 7f -1 -1 -1 -1 -1
1 1 11 26.1 52.5 14 c25f 0b 7f -1 -1 -1 -1 -1
1 1 0 26.1 52.5 16 c25f 0b 7f -1 -1 -1 -1 -1
1 1 0 26.1 52.5 19 c25f 0b 7f -1 -1 -1 -1 -1
1 1 4 26.0 52.5 18 c25f 0b 7f -1 -1 -1 -1 -1
1 1 0 26.1 52.0 16 c25f 0b 7f -1 -1 -1 -1 -1
1 1 0 26.1 52.5 16 c25f 0b 7f -1 -1 -1 -1 -1
1 1 0 26.0 52.0 16 c25f 0b 7f -1 -1 -1 -1 -1
1 1 0 26.1 52.0 15 c25f 0b 7f -1 -1 -1 -1 -1
1 1 0 26.1 52.0 15 c25f 0b 7f -1 -1 -1 -1 -1
1 1 0 26.0 52.0 15 c25f 0b 7f -1 -1 -1 -1 -1
1 1 0 26.0 52.0 14 c25f 0b 7f -1 -1 -1 -1 -1
1 1 0 26.0 51.5 16 c25f 0b 7f -1 -1 -1 -1 -1
1 1 0 26.0 52.0 14 c25f 0b 7f -1 -1 -1 -1 -1
1 1 0 26.1 51.5 16 c25f 0b 7f -1 -1 -1 -1 -1
1 1 0 26.0 51.5 14 c25f 0b 7f -1 -1 -1 -1 -1
1 1 0 25.9 51.5 12 c25f 0b 7f -1 -1 -1 -1 -1
1 1 0 26.0 51.5 13 c25f 0b 7f -1 -1 -1 -1 -1
1 1 0 26.0 51.5 11 c25f 0b 7f -1 -1 -1 -1 -1
1 1 0 26.0 51.5 9 c25f 0b 7f -1 -1 -1 -1 -1
1 1 0 26.0 51.5 11 c25f 0b 7f -1 -1 -1 -1 -1
1 1 7 26.0 51.5 11 c25f 0b 7f -1 -1 -1 -1 -1
1 1 0 25.9 51.0 9 c25f 0b 7f -1 -1 -1 -1 -1
1 1 0 25.9 51.5 9 c25f 0b 7f -1 -1 -1 -1 -1
1 1 0 25.9 51.5 7 c25f 0b 7f -1 -1 -1 -1 -1
1 1 0 25.9 51.5 7 c25f 0b 7f -1 -1 -1 -1 -1
1 1 0 25.9 51.5 11 c25f 0b 7f -1 -1 -1 -1 -1
1 1 0 25.9 51.5 9 c25f 0b 7f -1 -1 -1 -1 -1
1 1 0 25.9 51.5 9 c25f 0b 7f -1 -1 -1 -1 -1
1 1 0 25.9 52.0 7 c25f 0b 7f -1 -1 -1 -1 -1
1 1 0 26.0 52.0 7 c25f 0b 7f -1 -1 -1 -1 -1
1 1 0 26.0 52.0 7 c25f 0b 7f -1 -1 -1 -1 -1
1 1 0 25.9 52.0 7 c25f 0b 7f -1 -1 -1 -1 -1
1 1 0 25.9 52.0 5 c25f 0b 7f -1 -1 -1 -1 -1
1 1 0 26.0 52.0 5 c25f 0b 7f -1 -1 -1 -1 -1
1 1 0 25.9 52.0 5 c25f 0b 7f -1 -1 -1 -1 -1
1 1 0 26.0 52.0 6 c25f 0b 7f -1 -1 -1 -1 -1
1 1 0 26.0 52.5 6 c25f 0b 7f -1 -1 -1 -1 -1
1 1 0 25.9 52.5 6 c25f 0b 7f -1 -1 -1 -1 -1
1 1 0 25.9 52.5 6 c25f 0b 7f -1 -1 -1 -1 -1
1 1 0 26.0 52.5 6 c25f 0b 7f -1 -1 -1 -1 -1
1 1 0 25.9 52.5 9 c25f 0b 7f -1 -1 -1 -1 -1
1 1 0 25.9 52.5 9 c25f 0b 7f -1 -1 -1 -1 -1
1 1 0 25.9 52.5 9 c25f 0b 7f -1 -1 -1 -1 -1
1 1 0 25.9 52.5 5 c25f 0b 7f -1 -1 -1 -1 -1
1 1 0 25.9 52.5 5 c25f 0b 7f -1 -1 -1 -1 -1
1 1 0 26.0 53.0 7 c25f 0b 7f -1 -1 -1 -1 -1
1 1 0 26.0 53.0 9 c25f 0b 7f -1 -1 -1 -1 -1
1 1 0 25.9 53.0 7 c25f 0b 7f -1 -1 -1 -1 -1
1 1 0 26.0 53.0 19 c25f 0b 7f -1 -1 -1 -1 -1
1 1 0 26.0 53.5 29 c25f 0b 7f -1 -1 -1 -1 -1
1 1 0 25.9 53.5 19 c25f 0b 7f -1 -1 -1 -1 -1
1 1 0 26.0 53.5 12 c25f 0b 7f -1 -1 -1 -1 -1
1 1 0 25.9 53.5 12 c25f 0b 7f -1 -1 -1 -1 -1
1 1 0 26.0 53.5 15 c25f 0b 7f -1 -1 -1 -1 -1
1 1 0 25.9 53.5 22 c25f 0b 7f -1 -1 -1 -1 -1
1 1 0 26.0 53.5 17 c25f 0b 7f -1 -1 -1 -1 -1
1 1 0 26.0 53.5 28 c25f 0b 7f -1 -1 -1 -1 -1
1 1 0 26.0 53.5 17 c25f 0b 7f -1 -1 -1 -1 -1
1 1 0 25.9 53.5 17 c25f 0b 7f -1 -1 -1 -1 -1
1 1 0 25.9 53.5 11 c25f 0b 7f -1 -1 -1 -1 -1
1 1 0 25.9 53.5 9 c25f 0b 7f -1 -1 -1 -1 -1
1 1 0 25.9 53.5 7 c25f 0b 7f -1 -1 -1 -1 -1
1 1 0 26.0 53.5 7 c25f 0b 7f -1 -1 -1 -1 -1
1 1 0 25.9 53.5 7 c25f 0b 7f -1 -1 -1 -1 -1
1 1 0 26.0 53.5 5 c25f 0b 7f -1 -1 -1 -1 -1
1 1 0 26.0 53.5 7 c25f 0b 7f -1 -1 -1 -1 -1
1 1 0 26.0 53.5 7 c25f 0b 7f -1 -1 -1 -1 -1
1 1 0 26.0 53.5 9 c25f 0b 7f -1 -1 -1 -1 -1
1 1 0 26.0 53.5 9 c25f 0b 7f -1 -1 -1 -1 -1
1 1 0 26.0 53.5 9 c25f 0b 7f -1 -1 -1 -1 -1
1 1 0 26.0 53.5 9 c25f 0b 7f -1 -1 -1 -1 -1
1 1 0 25.9 53.5 9 c25f 0b 7f -1 -1 -1 -1 -1
1 1 0 26.0 53.5 7 c25f 0b 7f -1 -1 -1 -1 -1
1 1 0 25.9 53.5 7 c25f 0b 7f -1 -1 -1 -1 -1
1 1 0 25.9 54.0 7 c25f 0b 7f -1 -1 -1 -1 -1
1 1 0 26.0 54.0 7 c25f 0b 7f -1 -1 -1 -1 -1
1 1 0 25.9 54.0 7 c25f 0b 7f -1 -1 -1 -1 -1
1 1 0 25.9 54.0 7 c25f 0b 7f -1 -1 -1 -1 -1
1 1 0 25.9 54.0 7 c25f 0b 7f -1 -1 -1 -1 -1
1 1 0 25.9 54.0 7 c25f 0b 7f -1 -1 -1 -1 -1
1 1 0 26.0 54.0 7 c25f 0b 7f -1 -1 -1 -1 -1
1 1 0 25.9 54.0 7 c25f 0b 7f -1 -1 -1 -1 -1
1 1 0 25.9 54.0 7 c25f 0b 7f -1 -1 -1 -1 -1
1 1 0 25.9 54.0 7 c25f 0b 7f -1 -1 -1 -1 -1
1 1 0 26.0 54.0 7 c25f 0b 7f -1 -1 -1 -1 -1
1 1 0 26.0 54.0 7 c25f 0b 7f -1 -1 -1 -1 -1
1 1 0 26.0 54.0 5 c25f 0b 7f -1 -1 -1 -1 -1
1 1 0 26.0 54.0 6 c25f 0b 7f -1 -1 -1 -1 -1
1 1 0 26.0 54.0 6 c25f 0b 7f -1 -1 -1 -1 -1
1 1 0 26.0 54.0 4 c25f 0b 7f -1 -1 -1 -1 -1
1 1 0 26.0 54.0 4 c25f 0b 7f -1 -1 -1 -1 -1
1 1 0 25.9 54.0 2 c25f 0b 7f -1 -1 -1 -1 -1
1 1 1 26.0 54.0 6 c25f 0b 7f -1 -1 -1 -1 -1
1 1 0 25.9 54.0 6 c25f 0b 7f -1 -1 -1 -1 -1
1 1 0 25.9 54.0 4 c25f 0b 7f -1 -1 -1 -1 -1
1 1 1 25.9 54.0 4 c25f 0b 7f -1 -1 -1 -1 -1
1 1 7 25.9 54.0 4 c25f 0b 7f -1 -1 -1 -1 -1
1 1 0 25.9 54.0 4 c25f 0b 7f -1 -1 -1 -1 -1
1 1 0 26.0 54.0 4 c25f 0b 7f -1 -1 -1 -1 -1
1 1 0 25.9 54.0 4 c25f 0b 7f -1 -1 -1 -1 -1
1 1 0 25.9 54.0 2 c25f 0b 7f -1 -1 -1 -1 -1
1 1 0 26.0 54.0 2 c25f 0b 7f -1 -1 -1 -1 -1
1 1 0 25.9 54.0 2 c25f 0b 7f -1 -1 -1 -1 -1
1 1 0 25.9 54.0 2 c25f 0b 7f -1 -1 -1 -1 -1
1 1 0 26.0 54.0 2 c25f 0b 7f -1 -1 -1 -1 -1
1 1 0 25.9 54.0 2 c25f 0b 7f -1 -1 -1 -1 -1
1 1 0 26.0 54.0 1 c25f 0b 7f -1 -1 -1 -1 -1
1 1 0 26.0 54.0 1 c25f 0b 7f -1 -1 -1 -1 -1
1 1 0 25.9 54.0 1 c25f 0b 7f -1 -1 -1 -1 -1
1 1 0 25.9 54.0 1 c25f 0b 7f -1 -1 -1 -1 -1
1 1 0 25.9 54.0 1 c25f 0b 7f -1 -1 -1 -1 -1
1 1 0 25.9 54.5 1 c25f 0b 7f -1 -1 -1 -1 -1
1 1 0 25.9 54.5 4 c25f 0b 7f -1 -1 -1 -1 -1
1 1 0 25.9 54.5 4 c25f 0b 7f -1 -1 -1 -1 -1
1 1 0 25.9 54.5 4 c25f 0b 7f -1 -1 -1 -1 -1
1 1 0 25.9 54.5 4 c25f 0b 7f -1 -1 -1 -1 -1
1 1 0 25.9 54.5 4 c25f 0b 7f -1 -1 -1 -1 -1
1 1 0 25.9 54.0 4 c25f 0b 7f -1 -1 -1 -1 -1
1 1 0 25.9 54.0 4 c25f 0b 7f -1 -1 -1 -1 -1
1 1 0 25.9 54.0 2 c25f 0b 7f -1 -1 -1 -1 -1
1 1 0 25.9 54.0 2 c25f 0b 7f -1 -1 -1 -1 -1
1 1 0 25.9 54.5 2 c25f 0b 7f -1 -1 -1 -1 -1
1 1 0 25.9 54.5 2 c25f 0b 7f -1 -1 -1 -1 -1
1 1 0 25.9 54.0 2 c25f 0b 7f -1 -1 -1 -1 -1
1 1 0 25.9 54.0 2 c25f 0b 7f -1 -1 -1 -1 -1
1 1 0 25.8 54.0 2 c25f 0b 7f -1 -1 -1 -1 -1
1 1 0 26.0 54.0 2 c25f 0b 7f -1 -1 -1 -1 -1
1 1 0 25.9 54.0 0 c25f 0b 7f -1 -1 -1 -1 -1
1 1 0 25.9 54.0 0 c25f 0b 7f -1 -1 -1 -1 -1
1 1 0 25.9 54.0 0 c25f 0b 7f -1 -1 -1 -1 -1
1 1 0 25.9 54.0 0 c25f 0b 7f -1 -1 -1 -1 -1
1 1 0 25.9 54.0 0 c25f 0b 7f -1 -1 -1 -1 -1
1 1 0 25.9 54.0 0 c25f 0b 7f -1 -1 -1 -1 -1
1 1 0 25.9 54.0 0 c25f 0b 7f -1 -1 -1 -1 -1
1 1 0 25.9 54.0 0 c25f 0b 7f -1 -1 -1 -1 -1
1 1 0 25.9 54.0 0 c25f 0b 7f -1 -1 -1 -1 -1
1 1 0 25.9 54.0 0 c25f 0b 7f -1 -1 -1 -1 -1
1 1 0 25.8 54.0 0 c25f 0b 7f -1 -1 -1 -1 -1
1 1 0 25.9 54.0 0 c25f 0b 7f -1 -1 -1 -1 -1
1 1 0 25.9 54.0 0 c25f 0b 7f -1 -1 -1 -1 -1
1 1 0 25.9 54.0 0 c25f 0b 7f -1 -1 -1 -1 -1
1 1 0 25.9 54.0 0 c25f 0b 7f -1 -1 -1 -1 -1
1 1 0 25.9 54.0 0 c25f 0b 7f -1 -1 -1 -1 -1
1 1 0 25.9 54.0 0 -1f 0b 7f -1 -1 -1 -1 -1
1 1 0 25.9 54.0 0 -1f 0b 0f -1 -1 -1 -1 -1
1 1 3 25.8 54.0 1 -1f 0b 0f -1 -1 -1 -1 -1
1 1 0 25.8 54.5 1 -1f 0b 0f -1 -1 -1 -1 -1
1 1 0 25.9 54.5 1 -1f 0b 0f -1 -1 -1 -1 -1
1 1 0 26.0 54.5 1 -1f 0b 0f -1 -1 -1 -1 -1
1 1 0 26.1 54.5 1 -1f 0b 0f -1 -1 -1 -1 -1
1 1 0 26.1 54.5 1 -1f 0b 0f -1 -1 -1 -1 -1
1 1 0 26.1 54.5 1 -1f 0b 0f -1 -1 -1 -1 -1
1 1 0 26.1 54.5 1 -1f 0b 0f -1 -1 -1 -1 -1
1 1 0 26.3 55.0 1 -1f 0b 0f -1 -1 -1 -1 -1
1 1 0 26.3 55.0 1 -1f 0b 0f -1 -1 -1 -1 -1
1 1 0 26.3 55.0 1 -1f 0b 0f -1 -1 -1 -1 -1
1 1 0 26.4 55.5 1 -1f 0b 0f -1 -1 -1 -1 -1
1 1 0 26.4 56.0 1 -1f 0b 0f -1 -1 -1 -1 -1
1 1 0 26.4 56.0 1 -1f 0b 0f -1 -1 -1 -1 -1
1 1 0 26.4 57.0 1 -1f 0b 0f -1 -1 -1 -1 -1
1 1 0 26.4 57.5 1 -1f 0b 0f -1 -1 -1 -1 -1
1 1 0 26.5 57.5 1 -1f 0b 0f -1 -1 -1 -1 -1
1 1 0 26.6 57.5 1 -1f 0b 0f -1 -1 -1 -1 -1
1 1 0 26.5 57.5 1 -1f 0b 0f -1 -1 -1 -1 -1
1 1 0 26.5 57.5 1 -1f 0b 0f -1 -1 -1 -1 -1
1 1 0 26.5 57.5 1 -1f 0b 0f -1 -1 -1 -1 -1
1 1 0 26.5 58.0 1 -1f 0b 0f -1 -1 -1 -1 -1
1 1 0 26.6 58.5 1 -1f 0b 0f -1 -1 -1 -1 -1
1 1 0 26.6 58.5 1 -1f 0b 0f -1 -1 -1 -1 -1
1 1 0 26.6 58.0 1 -1f 0b 0f -1 -1 -1 -1 -1
1 1 0 26.6 58.0 1 -1f 0b 0f -1 -1 -1 -1 -1
1 1 0 26.7 58.0 1 -1f 0b 0f -1 -1 -1 -1 -1
1 1 0 26.8 58.5 1 -1f 0b 0f -1 -1 -1 -1 -1
1 1 0 26.7 58.5 1 -1f 0b 0f -1 -1 -1 -1 -1
1 1 0 26.8 58.5 1 -1f 0b 0f -1 -1 -1 -1 -1
1 1 0 26.7 58.0 1 -1f 0b 0f -1 -1 -1 -1 -1
1 1 0 26.7 58.5 1 -1f 0b 0f -1 -1 -1 -1 -1
1 1 0 26.8 58.5 1 -1f 0b 0f -1 -1 -1 -1 -1
1 1 0 26.8 58.5 1 -1f 0b 0f -1 -1 -1 -1 -1
1 1 0 26.8 58.5 1 -1f 0b 0f -1 -1 -1 -1 -1
1 1 0 26.9 58.0 1 -1f 0b 0f -1 -1 -1 -1 -1
1 1 0 26.8 58.5 1 -1f 0b 0f -1 -1 -1 -1 -1
1 1 0 26.9 58.5 1 -1f 0b 0f -1 -1 -1 -1 -1
1 1 0 26.9 58.5 1 -1f 0b 0f -1 -1 -1 -1 -1
1 1 0 26.9 58.5 1 -1f 0b 0f -1 -1 -1 -1 -1
1 1 0 27.0 58.5 1 -1f 0b 0f -1 -1 -1 -1 -1
1 1 0 27.0 58.5 1 -1f 0b 0f -1 -1 -1 -1 -1
1 1 0 27.0 58.5 1 -1f 0b 0f -1 -1 -1 -1 -1
1 1 0 26.9 58.0 1 -1f 0b 0f -1 -1 -1 -1 -1
1 1 0 26.9 58.0 1 -1f 0b 0f -1 -1 -1 -1 -1
1 1 0 26.9 58.0 1 -1f 0b 0f -1 -1 -1 -1 -1
1 1 0 27.1 58.5 1 -1f 0b 0f -1 -1 -1 -1 -1
1 1 0 27.0 58.5 1 -1f 0b 0f -1 -1 -1 -1 -1
1 1 0 27.0 58.0 1 -1f 0b 0f -1 -1 -1 -1 -1
1 1 0 27.0 58.5 1 -1f 0b 0f -1 -1 -1 -1 -1
1 1 0 27.1 58.5 1 -1f 0b 0f -1 -1 -1 -1 -1
1 1 0 27.1 58.0 1 -1f 0b 0f -1 -1 -1 -1 -1
1 1 0 27.1 58.5 1 -1f 0b 0f -1 -1 -1 -1 -1
1 1 0 27.2 58.5 1 -1f 0b 0f -1 -1 -1 -1 -1
1 1 0 27.1 58.0 1 -1f 0b 0f -1 -1 -1 -1 -1
1 1 0 27.2 58.0 1 -1f 0b 0f -1 -1 -1 -1 -1
1 1 0 27.2 58.0 1 -1f 0b 0f -1 -1 -1 -1 -1
1 1 0 27.1 58.5 1 -1f 0b 0f -1 -1 -1 -1 -1
1 1 0 27.2 58.5 1 -1f 0b 0f -1 -1 -1 -1 -1
1 1 0 27.1 58.0 1 -1f 0b 0f -1 -1 -1 -1 -1
1 1 0 27.2 58.0 1 -1f 0b 0f -1 -1 -1 -1 -1
1 1 0 27.2 58.0 1 -1f 0b 0f -1 -1 -1 -1 -1
1 1 0 27.3 58.0 1 -1f 0b 0f -1 -1 -1 -1 -1
1 1 0 27.3 58.0 1 -1f 0b 0f -1 -1 -1 -1 -1
1 1 0 27.3 58.0 1 -1f 0b 0f -1 -1 -1 -1 -1
1 1 0 27.2 58.5 1 -1f 0b 0f -1 -1 -1 -1 -1
1 1 0 27.3 58.0 1 -1f 0b 0f -1 -1 -1 -1 -1
1 1 0 27.3 58.0 1 -1f 0b 0f -1 -1 -1 -1 -1
1 1 0 27.3 57.5 1 -1f 0b 0f -1 -1 -1 -1 -1
1 1 0 27.3 58.0 1 -1f 0b 0f -1 -1 -1 -1 -1
1 1 0 27.3 58.0 1 -1f 0b 0f -1 -1 -1 -1 -1
1 1 0 27.3 58.0 1 -1f 0b 0f -1 -1 -1 -1 -1
1 1 0 27.3 58.0 1 -1f 0b 0f -1 -1 -1 -1 -1
1 1 0 27.4 58.0 1 -1f 0b 0f -1 -1 -1 -1 -1
1 1 0 27.4 58.0 1 -1f 0b 0f -1 -1 -1 -1 -1
1 1 0 27.4 58.0 1 -1f 0b 0f -1 -1 -1 -1 -1
1 1 0 27.4 58.0 1 -1f 0b 0f -1 -1 -1 -1 -1
1 1 0 27.4 58.0 1 -1f 0b 0f -1 -1 -1 -1 -1
1 1 0 27.4 58.0 1 -1f 0b 0f -1 -1 -1 -1 -1
1 1 0 27.4 57.5 1 -1f 0b 0f -1 -1 -1 -1 -1
1 1 0 27.4 58.0 1 -1f 0b 0f -1 -1 -1 -1 -1
1 1 0 27.4 57.5 1 -1f 0b 0f -1 -1 -1 -1 -1
1 1 0 27.4 57.5 1 -1f 0b 0f -1 -1 -1 -1 -1
1 1 0 27.4 57.5 1 -1f 0b 0f -1 -1 -1 -1 -1
1 1 0 27.5 57.5 1 -1f 0b 0f -1 -1 -1 -1 -1
1 1 0 27.5 57.5 1 -1f 0b 0f -1 -1 -1 -1 -1
1 1 0 27.4 57.5 1 -1f 0b 0f -1 -1 -1 -1 -1
1 1 0 27.4 57.5 1 -1f 0b 0f -1 -1 -1 -1 -1
1 1 0 27.5 57.5 1 -1f 0b 0f -1 -1 -1 -1 -1
1 1 0 27.5 57.5 1 -1f 0b 0f -1 -1 -1 -1 -1
1 1 0 27.5 57.5 1 -1f 0b 0f -1 -1 -1 -1 -1
1 1 0 27.5 57.5 1 -1f 0b 0f -1 -1 -1 -1 -1
1 1 0 27.5 57.5 1 -1f 0b 0f -1 -1 -1 -1 -1
1 1 0 27.5 57.5 1 -1f 0b 0f -1 -1 -1 -1 -1
1 1 0 27.6 58.0 1 -1f 0b 0f -1 -1 -1 -1 -1
1 1 0 27.5 57.5 1 -1f 0b 0f -1 -1 -1 -1 -1
1 1 0 27.6 57.5 1 -1f 0b 0f -1 -1 -1 -1 -1
1 1 0 27.5 57.5 1 -1f 0b 0f -1 -1 -1 -1 -1
1 1 0 27.5 58.0 1 -1f 0b 0f -1 -1 -1 -1 -1
1 1 0 27.6 58.0 1 -1f 0b 0f -1 -1 -1 -1 -1
1 1 0 27.6 57.5 1 -1f 0b 0f -1 -1 -1 -1 -1
1 1 0 27.7 57.5 1 -1f 0b 0f -1 -1 -1 -1 -1
1 1 0 27.6 57.5 1 -1f 0b 0f -1 -1 -1 -1 -1
1 1 0 27.6 58.0 1 -1f 0b 0f -1 -1 -1 -1 -1
1 1 0 27.7 58.0 1 -1f 0b 0f -1 -1 -1 -1 -1
1 1 0 27.6 58.0 1 -1f 0b 0f -1 -1 -1 -1 -1
1 1 0 27.7 58.0 1 -1f 0b 0f -1 -1 -1 -1 -1
1 1 0 27.6 57.5 1 -1f 0b 0f -1 -1 -1 -1 -1
1 1 0 27.7 57.5 1 -1f 0b 0f -1 -1 -1 -1 -1
1 1 0 27.6 57.5 1 -1f 0b 0f -1 -1 -1 -1 -1
1 1 0 27.7 58.0 1 -1f 0b 0f -1 -1 -1 -1 -1
1 1 0 27.6 58.0 1 -1f 0b 0f -1 -1 -1 -1 -1
1 1 0 27.7 58.0 1 -1f 0b 0f -1 -1 -1 -1 -1
1 1 0 27.7 58.0 1 -1f 0b 0f -1 -1 -1 -1 -1
1 1 0 27.7 58.0 1 -1f 0b 0f -1 -1 -1 -1 -1
1 1 0 27.7 58.0 1 -1f 0b 0f -1 -1 -1 -1 -1
1 1 0 27.6 58.0 1 -1f 0b 0f -1 -1 -1 -1 -1
1 1 0 27.7 58.0 1 -1f 0b 0f -1 -1 -1 -1 -1
1 1 0 27.7 58.0 1 -1f 0b 0f -1 -1 -1 -1 -1
1 1 0 27.7 58.0 1 -1f 0b 0f -1 -1 -1 -1 -1
1 1 0 27.8 58.0 1 -1f 0b 0f -1 -1 -1 -1 -1
1 1 0 27.7 58.0 1 -1f 0b 0f -1 -1 -1 -1 -1
1 1 0 27.7 58.0 1 -1f 0b 0f -1 -1 -1 -1 -1
1 1 0 27.8 58.0 1 -1f 0b 0f -1 -1 -1 -1 -1
1 1 0 27.8 58.0 1 -1f 0b 0f -1 -1 -1 -1 -1
1 1 0 27.7 58.0 1 -1f 0b 0f -1 -1 -1 -1 -1
1 1 0 27.8 58.0 1 -1f 0b 0f -1 -1 -1 -1 -1
1 1 0 27.8 58.0 1 -1f 0b 0f -1 -1 -1 -1 -1
1 1 0 27.7 58.0 1 -1f 0b 0f -1 -1 -1 -1 -1
1 1 0 27.8 58.0 1 -1f 0b 0f -1 -1 -1 -1 -1
1 1 0 27.8 58.0 1 -1f 0b 0f -1 -1 -1 -1 -1
1 1 0 27.8 58.0 1 -1f 0b 0f -1 -1 -1 -1 -1
1 1 0 27.8 58.0 1 -1f 0b 0f -1 -1 -1 -1 -1
1 1 0 27.8 58.0 1 -1f 0b 0f -1 -1 -1 -1 -1
1 1 0 27.9 58.0 1 -1f 0b 0f -1 -1 -1 -1 -1
1 1 0 27.8 58.0 1 -1f 0b 0f -1 -1 -1 -1 -1
1 1 0 27.9 58.0 1 -1f 0b 0f -1 -1 -1 -1 -1
1 1 0 27.8 58.0 1 -1f 0b 0f -1 -1 -1 -1 -1
1 1 0 27.9 58.0 1 -1f 0b 0f -1 -1 -1 -1 -1
1 1 0 27.8 58.0 1 -1f 0b 0f -1 -1 -1 -1 -1
1 1 0 27.9 57.5 1 -1f 0b 0f -1 -1 -1 -1 -1
1 1 0 27.9 57.5 1 -1f 0b 0f -1 -1 -1 -1 -1
1 1 0 27.9 57.5 1 -1f 0b 0f -1 -1 -1 -1 -1
1 1 0 27.9 58.0 1 -1f 0b 0f -1 -1 -1 -1 -1
1 1 0 27.9 58.0 1 -1f 0b 0f -1 -1 -1 -1 -1
1 1 0 27.8 58.0 1 -1f 0b 0f -1 -1 -1 -1 -1
1 1 0 27.9 58.0 1 -1f 0b 0f -1 -1 -1 -1 -1
1 1 0 27.9 57.5 1 -1f 0b 0f -1 -1 -1 -1 -1
1 1 0 27.9 57.5 1 -1f 0b 0f -1 -1 -1 -1 -1
1 1 0 27.9 57.5 1 -1f 0b 0f -1 -1 -1 -1 -1
1 1 0 27.9 57.5 1 -1f 0b 0f -1 -1 -1 -1 -1
1 1 0 27.9 58.0 1 -1f 0b 0f -1 -1 -1 -1 -1
1 1 0 27.9 58.0 1 -1f 0b 0f -1 -1 -1 -1 -1
1 1 0 27.9 58.0 1 -1f 0b 0f -1 -1 -1 -1 -1
1 1 0 27.9 58.0 1 -1f 0b 0f -1 -1 -1 -1 -1
1 1 0 27.9 58.0 1 -1f 0b 0f -1 -1 -1 -1 -1
1 1 0 27.9 57.5 1 -1f 0b 0f -1 -1 -1 -1 -1
1 1 0 28.0 58.0 1 -1f 0b 0f -1 -1 -1 -1 -1
1 1 0 28.0 58.0 1 -1f 0b 0f -1 -1 -1 -1 -1
1 1 0 27.9 58.0 1 -1f 0b 0f -1 -1 -1 -1 -1
1 1 0 27.9 58.0 1 -1f 0b 0f -1 -1 -1 -1 -1
1 1 0 28.0 57.5 1 -1f 0b 0f -1 -1 -1 -1 -1
1 1 0 27.9 58.0 1 -1f 0b 0f -1 -1 -1 -1 -1
1 1 0 27.9 58.0 1 -1f 0b 0f -1 -1 -1 -1 -1
1 1 0 27.9 58.0 1 -1f 0b 0f -1 -1 -1 -1 -1
1 1 0 27.9 58.0 1 -1f 0b 0f -1 -1 -1 -1 -1
1 1 0 27.9 58.0 1 -1f 0b 0f -1 -1 -1 -1 -1
1 1 0 28.0 58.0 1 -1f 0b 0f -1 -1 -1 -1 -1
1 1 0 28.0 58.0 1 -1f 0b 0f -1 -1 -1 -1 -1
1 1 0 28.0 58.0 1 -1f 0b 0f -1 -1 -1 -1 -1
1 1 0 28.0 58.0 1 -1f 0b 0f -1 -1 -1 -1 -1
1 1 0 28.0 58.5 1 -1f 0b 0f -1 -1 -1 -1 -1
1 1 0 28.0 58.5 1 -1f 0b 0f -1 -1 -1 -1 -1
1 1 0 27.9 58.5 1 -1f 0b 0f -1 -1 -1 -1 -1
1 1 0 28.0 58.5 1 -1f 0b 0f -1 -1 -1 -1 -1
1 1 0 28.0 58.5 1 -1f 0b 0f -1 -1 -1 -1 -1
1 1 0 28.0 58.5 1 -1f 0b 0f -1 -1 -1 -1 -1
1 1 0 28.1 58.5 1 -1f 0b 0f -1 -1 -1 -1 -1
1 1 0 28.1 58.5 1 -1f 0b 0f -1 -1 -1 -1 -1
1 1 0 28.0 58.5 1 -1f 0b 0f -1 -1 -1 -1 -1
1 1 0 28.1 58.0 1 -1f 0b 0f -1 -1 -1 -1 -1
1 1 0 28.1 58.5 1 -1f 0b 0f -1 -1 -1 -1 -1
1 1 0 28.1 58.5 1 -1f 0b 0f -1 -1 -1 -1 -1
1 1 0 28.1 58.5 1 -1f 0b 0f -1 -1 -1 -1 -1
1 1 0 28.1 58.5 1 -1f 0b 0f -1 -1 -1 -1 -1
1 1 0 28.1 58.5 1 -1f 0b 0f -1 -1 -1 -1 -1
1 1 0 28.1 58.5 1 -1f 0b 0f -1 -1 -1 -1 -1
1 1 0 28.1 58.5 1 -1f 0b 0f -1 -1 -1 -1 -1
1 1 0 28.1 58.5 1 -1f 0b 0f -1 -1 -1 -1 -1
1 1 0 28.2 58.5 1 -1f 0b 0f -1 -1 -1 -1 -1
1 1 0 28.1 58.5 1 -1f 0b 0f -1 -1 -1 -1 -1
1 1 0 28.1 58.5 1 -1f 0b 0f -1 -1 -1 -1 -1
1 1 0 28.1 58.5 1 -1f 0b 0f -1 -1 -1 -1 -1
1 1 0 28.1 58.5 1 -1f 0b 0f -1 -1 -1 -1 -1
1 1 0 28.1 59.0 1 -1f 0b 0f -1 -1 -1 -1 -1
1 1 0 28.1 58.5 1 -1f 0b 0f -1 -1 -1 -1 -1
1 1 0 28.1 59.0 1 -1f 0b 0f -1 -1 -1 -1 -1
1 1 0 28.1 59.0 1 -1f 0b 0f -1 -1 -1 -1 -1
1 1 0 28.2 59.0 1 -1f 0b 0f -1 -1 -1 -1 -1
1 1 0 28.2 59.0 1 -1f 0b 0f -1 -1 -1 -1 -1
1 1 0 28.2 58.5 1 -1f 0b 0f -1 -1 -1 -1 -1
1 1 0 28.2 58.5 1 -1f 0b 0f -1 -1 -1 -1 -1
1 1 0 28.2 58.5 1 -1f 0b 0f -1 -1 -1 -1 -1
1 1 0 28.2 59.0 1 -1f 0b 0f -1 -1 -1 -1 -1
1 1 0 28.2 59.0 1 -1f 0b 0f -1 -1 -1 -1 -1
1 1 0 28.2 59.0 1 -1f 0b 0f -1 -1 -1 -1 -1
1 1 0 28.2 59.0 1 -1f 0b 0f -1 -1 -1 -1 -1
1 1 0 28.2 58.5 1 -1f 0b 0f -1 -1 -1 -1 -1
1 1 0 28.2 58.5 1 -1f 0b 0f -1 -1 -1 -1 -1
1 1 0 28.1 58.5 1 -1f 0b 0f -1 -1 -1 -1 -1
1 1 0 28.2 58.5 1 -1f 0b 0f -1 -1 -1 -1 -1
1 1 0 28.2 59.0 1 -1f 0b 0f -1 -1 -1 -1 -1
1 1 0 28.2 59.0 1 -1f 0b 0f -1 -1 -1 -1 -1
1 1 0 28.2 58.5 1 -1f 0b 0f -1 -1 -1 -1 -1
1 1 0 28.2 59.0 1 -1f 0b 0f -1 -1 -1 -1 -1
1 1 0 28.2 59.0 1 -1f 0b 0f -1 -1 -1 -1 -1
1 1 0 28.2 59.0 1 -1f 0b 0f -1 -1 -1 -1 -1
1 1 0 28.2 59.5 1 -1f 0b 0f -1 -1 -1 -1 -1
1 1 0 28.2 59.5 1 -1f 0b 0f -1 -1 -1 -1 -1
1 1 0 28.3 59.5 1 -1f 0b 0f -1 -1 -1 -1 -1
1 1 0 28.2 60.0 1 -1f 0b 0f -1 -1 -1 -1 -1
1 1 0 28.2 59.5 1 -1f 0b 0f -1 -1 -1 -1 -1
1 1 0 28.2 59.5 1 -1f 0b 0f -1 -1 -1 -1 -1
1 1 0 28.2 59.5 1 -1f 0b 0f -1 -1 -1 -1 -1
1 1 0 28.3 59.5 1 -1f 0b 0f -1 -1 -1 -1 -1
1 1 0 28.3 59.5 1 -1f 0b 0f -1 -1 -1 -1 -1
1 1 0 28.3 59.5 1 -1f 0b 0f -1 -1 -1 -1 -1
1 1 0 28.3 59.5 1 -1f 0b 0f -1 -1 -1 -1 -1
1 1 0 28.3 60.0 1 -1f 0b 0f -1 -1 -1 -1 -1
1 1 0 28.3 60.5 1 -1f 0b 0f -1 -1 -1 -1 -1
1 1 0 28.3 61.0 1 -1f 0b 0f -1 -1 -1 -1 -1
1 1 0 28.3 61.0 1 -1f 0b 0f -1 -1 -1 -1 -1
1 1 0 28.4 61.0 1 -1f 0b 0f -1 -1 -1 -1 -1
1 1 0 28.3 60.5 1 -1f 0b 0f -1 -1 -1 -1 -1
1 1 0 28.3 60.5 1 -1f 0b 0f -1 -1 -1 -1 -1
1 1 0 28.3 60.5 1 -1f 0b 0f -1 -1 -1 -1 -1
1 1 0 28.3 61.0 1 -1f 0b 0f -1 -1 -1 -1 -1
1 1 0 28.3 61.5 1 -1f 0b 0f -1 -1 -1 -1 -1
1 1 0 28.3 61.5 1 -1f 0b 0f -1 -1 -1 -1 -1
1 1 0 28.3 62.0 1 -1f 0b 0f -1 -1 -1 -1 -1
1 1 0 28.3 62.0 1 -1f 0b 0f -1 -1 -1 -1 -1
1 1 0 28.3 61.5 1 -1f 0b 0f -1 -1 -1 -1 -1
1 1 0 28.3 61.0 1 -1f 0b 0f -1 -1 -1 -1 -1
1 1 0 28.4 60.5 1 -1f 0b 0f -1 -1 -1 -1 -1
1 1 0 28.4 60.5 1 -1f 0b 0f -1 -1 -1 -1 -1
1 1 0 28.3 61.0 1 -1f 0b 0f -1 -1 -1 -1 -1
1 1 0 28.4 61.5 1 -1f 0b 0f -1 -1 -1 -1 -1
1 1 0 28.4 61.5 1 -1f 0b 0f -1 -1 -1 -1 -1
1 1 0 28.4 62.0 1 -1f 0b 0f -1 -1 -1 -1 -1
1 1 0 28.4 62.0 1 -1f 0b 0f -1 -1 -1 -1 -1
1 1 0 28.4 62.0 1 -1f 0b 0f -1 -1 -1 -1 -1
1 1 0 28.4 62.5 1 -1f 0b 0f -1 -1 -1 -1 -1
1 1 0 28.4 62.5 1 -1f 0b 0f -1 -1 -1 -1 -1
1 1 0 28.4 62.5 1 -1f 0b 0f -1 -1 -1 -1 -1
1 1 0 28.4 62.5 1 -1f 0b 0f -1 -1 -1 -1 -1
1 1 0 28.4 62.0 1 -1f 0b 0f -1 -1 -1 -1 -1
1 1 0 28.3 62.5 1 -1f 0b 0f -1 -1 -1 -1 -1
1 1 0 28.4 62.0 1 -1f 0b 0f -1 -1 -1 -1 -1
1 1 0 28.4 62.5 1 -1f 0b 0f -1 -1 -1 -1 -1
1 1 0 28.4 62.0 1 -1f 0b 0f -1 -1 -1 -1 -1
1 1 0 28.4 61.5 1 -1f 0b 0f -1 -1 -1 -1 -1
1 1 0 28.4 61.0 1 -1f 0b 0f -1 -1 -1 -1 -1
1 1 0 28.4 61.0 1 -1f 0b 0f -1 -1 -1 -1 -1
1 1 0 28.4 61.0 1 -1f 0b 0f -1 -1 -1 -1 -1
1 1 0 28.4 61.5 1 -1f 0b 0f -1 -1 -1 -1 -1
1 1 0 28.5 62.0 1 -1f 0b 0f -1 -1 -1 -1 -1
1 1 0 28.5 62.5 1 -1f 0b 0f -1 -1 -1 -1 -1
1 1 0 28.5 63.0 1 -1f 0b 0f -1 -1 -1 -1 -1
1 1 0 28.5 63.5 1 -1f 0b 0f -1 -1 -1 -1 -1
1 1 0 28.4 63.5 1 -1f 0b 0f -1 -1 -1 -1 -1
1 1 0 28.5 64.0 1 -1f 0b 0f -1 -1 -1 -1 -1
1 1 0 28.4 64.0 1 -1f 0b 0f -1 -1 -1 -1 -1
1 1 0 28.4 64.0 1 -1f 0b 0f -1 -1 -1 -1 -1
1 1 0 28.5 64.0 1 -1f 0b 0f -1 -1 -1 -1 -1
1 1 0 28.5 64.0 1 -1f 0b 0f -1 -1 -1 -1 -1
1 1 0 28.5 64.0 1 -1f 0b 0f -1 -1 -1 -1 -1
1 1 0 28.5 64.0 1 -1f 0b 0f -1 -1 -1 -1 -1
1 1 0 28.5 64.0 1 -1f 0b 0f -1 -1 -1 -1 -1
1 1 0 28.4 64.0 1 -1f 0b 0f -1 -1 -1 -1 -1
1 1 0 28.5 64.0 1 -1f 0b 0f -1 -1 -1 -1 -1
1 1 0 28.5 64.5 1 -1f 0b 0f -1 -1 -1 -1 -1
1 1 0 28.5 64.5 1 -1f 0b 0f -1 -1 -1 -1 -1
1 1 0 28.5 64.5 1 -1f 0b 0f -1 -1 -1 -1 -1
1 1 0 28.5 64.0 1 -1f 0b 0f -1 -1 -1 -1 -1
1 1 0 28.5 64.0 1 -1f 0b 0f -1 -1 -1 -1 -1
1 1 0 28.4 64.0 1 -1f 0b 0f -1 -1 -1 -1 -1
1 1 0 28.5 63.5 1 -1f 0b 0f -1 -1 -1 -1 -1
1 1 0 28.5 63.5 1 -1f 0b 0f -1 -1 -1 -1 -1
1 1 0 28.5 63.5 1 -1f 0b 0f -1 -1 -1 -1 -1
1 1 0 28.6 63.5 1 -1f 0b 0f -1 -1 -1 -1 -1
1 1 0 28.6 64.0 1 -1f 0b 0f -1 -1 -1 -1 -1
1 1 0 28.5 64.0 1 -1f 0b 0f -1 -1 -1 -1 -1
