1 1 0 24.8 81.0 1 -1 -1 0b -1 -1 -1 0f -1 -1 -1
1 1 0 24.8 81.0 1 -1 -1 0b -1 -1 -1 0f -1 -1 -1
1 1 0 24.8 81.0 1 -1 -1 0b -1 -1 -1 0f -1 -1 -1
1 1 0 24.8 81.0 1 -1 -1 0b -1 -1 -1 0f -1 -1 -1
1 1 0 24.8 81.0 1 -1 -1 0b -1 -1 -1 0f -1 -1 -1
1 1 0 24.8 81.0 1 -1 -1 0b -1 -1 -1 0f -1 -1 -1
1 1 0 24.8 81.0 1 -1 -1 0b -1 -1 -1 0f -1 -1 -1
1 1 0 24.8 81.0 1 -1 -1 0b -1 -1 -1 0f -1 -1 -1
1 1 0 24.7 81.0 1 -1 -1 0b -1 -1 -1 0f -1 -1 -1
1 1 0 24.8 81.0 1 -1 -1 0b -1 -1 -1 0f -1 -1 -1
1 1 0 24.7 81.0 1 -1 -1 0b -1 -1 -1 0f -1 -1 -1
1 1 0 24.8 81.0 1 -1 -1 0b -1 -1 -1 0f -1 -1 -1
1 1 0 24.7 81.0 1 -1 -1 0b -1 -1 -1 0f -1 -1 -1
1 1 0 24.8 81.0 1 -1 -1 0b -1 -1 -1 0f -1 -1 -1
1 1 0 24.8 81.0 1 -1 -1 0b -1 -1 -1 0f -1 -1 -1
1 1 0 24.8 81.0 1 -1 -1 0b -1 -1 -1 0f -1 -1 -1
1 1 0 24.8 81.5 1 -1 -1 0b -1 -1 -1 0f -1 -1 -1
1 1 0 24.8 82.0 1 -1 -1 0b -1 -1 -1 0f -1 -1 -1
1 1 0 24.8 82.0 1 -1 -1 0b -1 -1 -1 0f -1 -1 -1
1 1 0 24.8 82.0 1 -1 -1 0b -1 -1 -1 0f -1 -1 -1
1 1 0 24.8 82.0 1 -1 -1 0b -1 -1 -1 0f -1 -1 -1
1 1 0 24.8 82.0 1 -1 -1 0b -1 -1 -1 0f -1 -1 -1
1 1 0 24.8 82.0 1 -1 -1 0b -1 -1 -1 0f -1 -1 -1
1 1 0 24.8 82.0 1 -1 -1 0b -1 -1 -1 0f -1 -1 -1
1 1 0 24.8 82.5 1 -1 -1 0b -1 -1 -1 0f -1 -1 -1
1 1 0 24.8 82.5 1 -1 -1 0b -1 -1 -1 0f -1 -1 -1
1 1 0 24.8 82.5 1 -1 -1 0b -1 -1 -1 0f -1 -1 -1
1 1 0 24.8 82.5 1 -1 -1 0b -1 -1 -1 0f -1 -1 -1
1 1 0 24.8 83.0 1 -1 -1 0b -1 -1 -1 0f -1 -1 -1
1 1 0 24.8 83.0 1 -1 -1 0b -1 -1 -1 0f -1 -1 -1
1 1 0 24.8 83.0 1 -1 -1 0b -1 -1 -1 0f -1 -1 -1
1 1 0 24.8 83.0 1 -1 -1 0b -1 -1 -1 0f -1 -1 -1
1 1 0 24.8 83.0 1 -1 -1 0b -1 -1 -1 0f -1 -1 -1
1 1 0 24.8 83.0 1 -1 -1 0b -1 -1 -1 0f -1 -1 -1
1 1 0 24.8 83.0 1 -1 -1 0b -1 -1 -1 0f -1 -1 -1
1 1 0 24.8 83.0 1 -1 -1 0b -1 -1 -1 0f -1 -1 -1
1 1 0 24.8 83.0 1 -1 -1 0b -1 -1 -1 0f -1 -1 -1
1 1 0 24.8 83.0 1 -1 -1 0b -1 -1 -1 0f -1 -1 -1
1 1 0 24.8 83.0 1 -1 -1 0b -1 -1 -1 0f -1 -1 -1
1 1 0 24.8 83.0 1 -1 -1 0b -1 -1 -1 0f -1 -1 -1
1 1 0 24.8 83.0 1 -1 -1 0b -1 -1 -1 0f -1 -1 -1
1 1 0 24.8 83.5 1 -1 -1 0b -1 -1 -1 0f -1 -1 -1
1 1 0 24.8 83.0 1 -1 -1 0b -1 -1 -1 0f -1 -1 -1
1 1 0 24.7 83.0 1 -1 -1 0b -1 -1 -1 0f -1 -1 -1
1 1 0 24.7 83.0 1 -1 -1 0b -1 -1 -1 0f -1 -1 -1
1 1 0 24.7 83.0 1 -1 -1 0b -1 -1 -1 0f -1 -1 -1
1 1 0 24.8 83.0 1 -1 -1 0b -1 -1 -1 0f -1 -1 -1
1 1 0 24.8 83.0 1 -1 -1 0b -1 -1 -1 0f -1 -1 -1
1 1 0 24.8 82.5 1 -1 -1 0b -1 -1 -1 0f -1 -1 -1
1 1 0 24.7 82.0 1 -1 -1 0b -1 -1 -1 0f -1 -1 -1
1 1 0 24.7 82.0 1 -1 -1 0b -1 -1 -1 0f -1 -1 -1
1 1 0 24.7 81.0 1 -1 -1 0b -1 -1 -1 0f -1 -1 -1
1 1 0 24.7 81.0 1 -1 -1 0b -1 -1 -1 0f -1 -1 -1
1 1 0 24.7 81.0 1 -1 -1 0b -1 -1 -1 0f -1 -1 -1
1 1 0 24.7 81.5 1 -1 -1 0b -1 -1 -1 0f -1 -1 -1
1 1 0 24.7 81.0 1 -1 -1 0b -1 -1 -1 0f -1 -1 -1
1 1 0 24.7 81.0 1 -1 -1 0b -1 -1 -1 0f -1 -1 -1
1 1 0 24.7 81.0 1 -1 -1 0b -1 -1 -1 0f -1 -1 -1
1 1 0 24.7 81.0 1 -1 -1 0b -1 -1 -1 0f -1 -1 -1
1 1 0 24.7 81.0 1 -1 -1 0b -1 -1 -1 0f -1 -1 -1
1 1 0 24.8 81.0 1 -1 -1 0b -1 -1 -1 0f -1 -1 -1
1 1 0 24.7 81.0 1 -1 -1 0b -1 -1 -1 0f -1 -1 -1
1 1 0 24.8 81.0 1 -1 -1 0b -1 -1 -1 0f -1 -1 -1
1 1 0 24.8 80.5 1 -1 -1 0b -1 -1 -1 0f -1 -1 -1
1 1 0 24.7 80.5 1 -1 -1 0b -1 -1 -1 0f -1 -1 -1
1 1 0 24.7 80.5 1 -1 -1 0b -1 -1 -1 0f -1 -1 -1
1 1 0 24.7 80.5 1 -1 -1 0b -1 -1 -1 0f -1 -1 -1
1 1 0 24.7 81.0 1 -1 -1 0b -1 -1 -1 0f -1 -1 -1
1 1 0 24.8 81.5 1 -1 -1 0b -1 -1 -1 0f -1 -1 -1
1 1 0 24.7 81.5 1 -1 -1 0b -1 -1 -1 0f -1 -1 -1
1 1 0 24.7 81.5 1 -1 -1 0b -1 -1 -1 0f -1 -1 -1
1 1 0 24.8 81.5 1 -1 -1 0b -1 -1 -1 0f -1 -1 -1
1 1 0 24.7 81.5 1 -1 -1 0b -1 -1 -1 0f -1 -1 -1
1 1 0 24.7 81.5 1 -1 -1 0b -1 -1 -1 0f -1 -1 -1
1 1 0 24.6 81.5 1 -1 -1 0b -1 -1 -1 0f -1 -1 -1
1 1 0 24.7 81.5 1 -1 -1 0b -1 -1 -1 0f -1 -1 -1
1 1 0 24.7 81.5 1 -1 -1 0b -1 -1 -1 0f -1 -1 -1
1 1 0 24.8 81.5 1 -1 -1 0b -1 -1 -1 0f -1 -1 -1
1 1 0 24.7 81.5 1 -1 -1 0b -1 -1 -1 0f -1 -1 -1
1 1 0 24.8 82.0 1 -1 -1 0b -1 -1 -1 0f -1 -1 -1
1 1 0 24.8 82.0 1 -1 -1 0b -1 -1 -1 0f -1 -1 -1
1 1 0 24.8 82.5 1 -1 -1 0b -1 -1 -1 0f -1 -1 -1
1 1 0 24.7 83.0 1 -1 -1 0b -1 -1 -1 0f -1 -1 -1
1 1 0 24.7 83.0 1 -1 -1 0b -1 -1 -1 0f -1 -1 -1
1 1 0 24.7 83.0 1 -1 -1 0b -1 -1 -1 0f -1 -1 -1
1 1 0 24.7 83.0 1 -1 -1 0b -1 -1 -1 0f -1 -1 -1
1 1 0 24.7 83.0 1 -1 -1 0b -1 -1 -1 0f -1 -1 -1
1 1 0 24.7 83.0 1 -1 -1 0b -1 -1 -1 0f -1 -1 -1
1 1 0 24.7 83.0 1 -1 -1 0b -1 -1 -1 0f -1 -1 -1
1 1 0 24.7 83.0 1 -1 -1 0b -1 -1 -1 0f -1 -1 -1
1 1 0 24.7 83.0 1 -1 -1 0b -1 -1 -1 0f -1 -1 -1
1 1 0 24.7 83.0 1 -1 -1 0b -1 -1 -1 0f -1 -1 -1
1 1 0 24.7 83.0 1 -1 -1 0b -1 -1 -1 0f -1 -1 -1
1 1 0 24.7 83.0 1 -1 -1 0b -1 -1 -1 0f -1 -1 -1
1 1 0 24.8 82.5 1 -1 -1 0b -1 -1 -1 0f -1 -1 -1
1 1 0 24.7 82.5 1 -1 -1 0b -1 -1 -1 0f -1 -1 -1
1 1 0 24.7 82.5 1 -1 -1 0b -1 -1 -1 0f -1 -1 -1
1 1 0 24.7 82.0 1 -1 -1 0b -1 -1 -1 0f -1 -1 -1
1 1 0 24.7 82.0 1 -1 -1 0b -1 -1 -1 0f -1 -1 -1
1 1 0 24.7 82.0 1 -1 -1 0b -1 -1 -1 0f -1 -1 -1
1 1 0 24.6 81.5 1 -1 -1 0b -1 -1 -1 0f -1 -1 -1
1 1 0 24.7 81.5 1 -1 -1 0b -1 -1 -1 0f -1 -1 -1
1 1 0 24.7 81.5 1 -1 -1 0b -1 -1 -1 0f -1 -1 -1
1 1 0 24.7 81.0 1 -1 -1 0b -1 -1 -1 0f -1 -1 -1
1 1 0 24.7 81.0 1 -1 -1 0b -1 -1 -1 0f -1 -1 -1
1 1 0 24.7 81.0 1 -1 -1 0b -1 -1 -1 0f -1 -1 -1
1 1 0 24.6 81.0 1 -1 -1 0b -1 -1 -1 0f -1 -1 -1
1 1 0 24.7 81.0 1 -1 -1 0b -1 -1 -1 0f -1 -1 -1
1 1 0 24.7 81.0 1 -1 -1 0b -1 -1 -1 0f -1 -1 -1
1 1 0 24.7 81.0 1 -1 -1 0b -1 -1 -1 0f -1 -1 -1
1 1 0 24.7 81.0 1 -1 -1 0b -1 -1 -1 0f -1 -1 -1
1 1 0 24.7 80.5 1 -1 -1 0b -1 -1 -1 0f -1 -1 -1
1 1 0 24.7 80.5 1 -1 -1 0b -1 -1 -1 0f -1 -1 -1
1 1 0 24.7 80.5 1 -1 -1 0b -1 -1 -1 0f -1 -1 -1
1 1 0 24.7 80.5 1 -1 -1 0b -1 -1 -1 0f -1 -1 -1
1 1 0 24.7 80.5 1 -1 -1 0b -1 -1 -1 0f -1 -1 -1
1 1 0 24.7 80.5 1 -1 -1 0b -1 -1 -1 0f -1 -1 -1
1 1 0 24.6 80.5 1 -1 -1 0b -1 -1 -1 0f -1 -1 -1
1 1 0 24.7 80.5 1 -1 -1 0b -1 -1 -1 0f -1 -1 -1
1 1 0 24.7 80.5 1 -1 -1 0b -1 -1 -1 0f -1 -1 -1
1 1 0 24.7 81.0 1 -1 -1 0b -1 -1 -1 0f -1 -1 -1
1 1 0 24.7 82.0 1 -1 -1 0b -1 -1 -1 0f -1 -1 -1
1 1 0 24.8 82.5 1 -1 -1 0b -1 -1 -1 0f -1 -1 -1
1 1 0 24.6 83.5 1 -1 -1 0b -1 -1 -1 0f -1 -1 -1
1 1 0 24.7 83.5 1 -1 -1 0b -1 -1 -1 0f -1 -1 -1
1 1 0 24.7 83.0 1 -1 -1 0b -1 -1 -1 0f -1 -1 -1
1 1 0 24.6 83.0 1 -1 -1 0b -1 -1 -1 0f -1 -1 -1
1 1 0 24.6 82.5 1 -1 -1 0b -1 -1 -1 0f -1 -1 -1
1 1 0 24.6 82.5 1 -1 -1 0b -1 -1 -1 0f -1 -1 -1
1 1 0 24.6 82.5 1 -1 -1 0b -1 -1 -1 0f -1 -1 -1
1 1 0 24.6 83.0 1 -1 -1 0b -1 -1 -1 0f -1 -1 -1
1 1 0 24.6 83.5 1 -1 -1 0b -1 -1 -1 0f -1 -1 -1
1 1 0 24.6 84.0 1 -1 -1 0b -1 -1 -1 0f -1 -1 -1
1 1 0 24.6 83.5 1 -1 -1 0b -1 -1 -1 0f -1 -1 -1
1 1 0 24.6 83.5 1 -1 -1 0b -1 -1 -1 0f -1 -1 -1
1 1 0 24.6 83.0 1 -1 -1 0b -1 -1 -1 0f -1 -1 -1
1 1 0 24.5 82.5 1 -1 -1 0b -1 -1 -1 0f -1 -1 -1
1 1 0 24.5 82.0 1 -1 -1 0b -1 -1 -1 0f -1 -1 -1
1 1 0 24.5 82.0 1 -1 -1 0b -1 -1 -1 0f -1 -1 -1
1 1 0 24.5 82.0 1 -1 -1 0b -1 -1 -1 0f -1 -1 -1
1 1 0 24.6 82.5 1 -1 -1 0b -1 -1 -1 0f -1 -1 -1
1 1 0 24.6 83.0 1 -1 -1 0b -1 -1 -1 0f -1 -1 -1
1 1 0 24.6 83.5 1 -1 -1 0b -1 -1 -1 0f -1 -1 -1
1 1 0 24.6 83.5 1 -1 -1 0b -1 -1 -1 0f -1 -1 -1
1 1 0 24.6 83.0 1 -1 -1 0b -1 -1 -1 0f -1 -1 -1
1 1 0 24.5 83.0 1 -1 -1 0b -1 -1 -1 0f -1 -1 -1
1 1 0 24.5 82.5 1 -1 -1 0b -1 -1 -1 0f -1 -1 -1
1 1 0 24.5 82.5 1 -1 -1 0b -1 -1 -1 0f -1 -1 -1
1 1 0 24.6 82.5 1 -1 -1 0b -1 -1 -1 0f -1 -1 -1
1 1 0 24.5 82.5 1 -1 -1 0b -1 -1 -1 0f -1 -1 -1
1 1 0 24.5 83.0 1 -1 -1 0b -1 -1 -1 0f -1 -1 -1
1 1 0 24.6 83.0 1 -1 -1 0b -1 -1 -1 0f -1 -1 -1
1 1 0 24.6 83.5 1 -1 -1 0b -1 -1 -1 0f -1 -1 -1
1 1 0 24.6 84.0 1 -1 -1 0b -1 -1 -1 0f -1 -1 -1
1 1 0 24.6 84.0 1 -1 -1 0b -1 -1 -1 0f -1 -1 -1
1 1 0 24.5 83.5 1 -1 -1 0b -1 -1 -1 0f -1 -1 -1
1 1 0 24.5 83.5 1 -1 -1 0b -1 -1 -1 0f -1 -1 -1
1 1 0 24.5 83.0 1 -1 -1 0b -1 -1 -1 0f -1 -1 -1
1 1 0 24.6 83.0 1 -1 -1 0b -1 -1 -1 0f -1 -1 -1
1 1 0 24.5 83.5 1 -1 -1 0b -1 -1 -1 0f -1 -1 -1
1 1 0 24.6 83.5 1 -1 -1 0b -1 -1 -1 0f -1 -1 -1
1 1 0 24.5 83.5 1 -1 -1 0b -1 -1 -1 0f -1 -1 -1
1 1 0 24.5 83.5 1 -1 -1 0b -1 -1 -1 0f -1 -1 -1
1 1 0 24.6 83.5 1 -1 -1 0b -1 -1 -1 0f -1 -1 -1
1 1 0 24.6 83.5 1 -1 -1 0b -1 -1 -1 0f -1 -1 -1
1 1 0 24.6 84.0 1 -1 -1 0b -1 -1 -1 0f -1 -1 -1
1 1 0 24.6 84.0 1 -1 -1 0b -1 -1 -1 0f -1 -1 -1
1 1 0 24.6 83.5 1 -1 -1 0b -1 -1 -1 0f -1 -1 -1
1 1 0 24.6 83.5 1 -1 -1 0b -1 -1 -1 0f -1 -1 -1
1 1 0 24.5 83.5 1 -1 -1 0b -1 -1 -1 0f -1 -1 -1
1 1 0 24.6 84.0 1 -1 -1 0b -1 -1 -1 0f -1 -1 -1
1 1 0 24.6 84.0 1 -1 -1 0b -1 -1 -1 0f -1 -1 -1
1 1 0 24.6 84.5 1 -1 -1 0b -1 -1 -1 0f -1 -1 -1
1 1 0 24.6 84.5 1 -1 -1 0b -1 -1 -1 0f -1 -1 -1
1 1 0 24.6 84.0 1 -1 -1 0b -1 -1 -1 0f -1 -1 -1
1 1 0 24.5 84.0 1 -1 -1 0b -1 -1 -1 0f -1 -1 -1
1 1 0 24.5 84.0 1 -1 -1 0b -1 -1 -1 0f -1 -1 -1
1 1 0 24.5 83.5 1 -1 -1 0b -1 -1 -1 0f -1 -1 -1
1 1 0 24.5 83.0 1 -1 -1 0b -1 -1 -1 0f -1 -1 -1
1 1 0 24.6 83.0 1 -1 -1 0b -1 -1 -1 0f -1 -1 -1
1 1 0 24.5 83.0 1 -1 -1 0b -1 -1 -1 0f -1 -1 -1
1 1 0 24.6 83.5 1 -1 -1 0b -1 -1 -1 0f -1 -1 -1
1 1 0 24.5 83.5 1 -1 -1 0b -1 -1 -1 0f -1 -1 -1
1 1 0 24.6 83.5 1 -1 -1 0b -1 -1 -1 0f -1 -1 -1
1 1 0 24.5 83.5 1 -1 -1 0b -1 -1 -1 0f -1 -1 -1
1 1 0 24.6 83.5 1 -1 -1 0b -1 -1 -1 0f -1 -1 -1
1 1 0 24.5 83.5 1 -1 -1 0b -1 -1 -1 0f -1 -1 -1
1 1 0 24.6 84.0 1 -1 -1 0b -1 -1 -1 0f -1 -1 -1
1 1 0 24.5 84.0 1 -1 -1 0b -1 -1 -1 0f -1 -1 -1
1 1 0 24.5 84.0 1 -1 -1 0b -1 -1 -1 0f -1 -1 -1
1 1 0 24.6 84.0 1 -1 -1 0b -1 -1 -1 0f -1 -1 -1
1 1 0 24.6 84.0 1 -1 -1 0b -1 -1 -1 0f -1 -1 -1
1 1 0 24.6 84.0 1 -1 -1 0b -1 -1 -1 0f -1 -1 -1
1 1 0 24.6 84.0 1 -1 -1 0b -1 -1 -1 0f -1 -1 -1
1 1 0 24.6 83.5 1 -1 -1 0b -1 -1 -1 0f -1 -1 -1
1 1 0 24.6 83.0 1 -1 -1 0b -1 -1 -1 0f -1 -1 -1
1 1 0 24.6 83.0 1 -1 -1 0b -1 -1 -1 0f -1 -1 -1
1 1 0 24.5 83.0 1 -1 -1 0b -1 -1 -1 0f -1 -1 -1
1 1 0 24.6 83.0 1 -1 -1 0b -1 -1 -1 0f -1 -1 -1
1 1 0 24.6 83.0 1 -1 -1 0b -1 -1 -1 0f -1 -1 -1
1 1 0 24.6 83.0 1 -1 -1 0b -1 -1 -1 0f -1 -1 -1
1 1 0 24.6 83.0 1 -1 -1 0b -1 -1 -1 0f -1 -1 -1
1 1 0 24.5 83.0 1 -1 -1 0b -1 -1 -1 0f -1 -1 -1
1 1 0 24.6 83.0 1 -1 -1 0b -1 -1 -1 0f -1 -1 -1
1 1 0 24.6 83.0 1 -1 -1 0b -1 -1 -1 0f -1 -1 -1
1 1 0 24.6 83.0 1 -1 -1 0b -1 -1 -1 0f -1 -1 -1
1 1 0 24.6 83.0 1 -1 -1 0b -1 -1 -1 0f -1 -1 -1
1 1 0 24.5 82.5 1 -1 -1 0b -1 -1 -1 0f -1 -1 -1
1 1 0 24.6 82.5 1 -1 -1 0b -1 -1 -1 0f -1 -1 -1
1 1 0 24.6 82.5 1 -1 -1 0b -1 -1 -1 0f -1 -1 -1
1 1 0 24.6 82.5 1 -1 -1 0b -1 -1 -1 0f -1 -1 -1
1 1 0 24.6 82.5 1 -1 -1 0b -1 -1 -1 0f -1 -1 -1
1 1 0 24.6 82.5 1 -1 -1 0b -1 -1 -1 0f -1 -1 -1
1 1 0 24.6 82.5 1 -1 -1 0b -1 -1 -1 0f -1 -1 -1
1 1 0 24.5 82.5 1 -1 -1 0b -1 -1 -1 0f -1 -1 -1
1 1 0 24.6 83.0 1 -1 -1 0b -1 -1 -1 0f -1 -1 -1
1 1 0 24.6 83.5 1 -1 -1 0b -1 -1 -1 0f -1 -1 -1
1 1 0 24.6 83.5 1 -1 -1 0b -1 -1 -1 0f -1 -1 -1
1 1 0 24.6 83.5 1 -1 -1 0b -1 -1 -1 0f -1 -1 -1
1 1 0 24.6 83.5 1 -1 -1 0b -1 -1 -1 0f -1 -1 -1
1 1 0 24.5 83.5 1 -1 -1 0b -1 -1 -1 0f -1 -1 -1
1 1 0 24.6 83.5 1 -1 -1 0b -1 -1 -1 0f -1 -1 -1
1 1 0 24.6 83.5 1 -1 -1 0b -1 -1 -1 0f -1 -1 -1
1 1 0 24.7 83.5 1 -1 -1 0b -1 -1 -1 0f -1 -1 -1
1 1 0 24.6 83.5 1 -1 -1 0b -1 -1 -1 0f -1 -1 -1
1 1 0 24.6 83.5 1 -1 -1 0b -1 -1 -1 0f -1 -1 -1
1 1 0 24.6 84.0 1 -1 -1 0b -1 -1 -1 0f -1 -1 -1
1 1 0 24.5 83.5 1 -1 -1 0b -1 -1 -1 0f -1 -1 -1
1 1 0 24.6 83.5 1 -1 -1 0b -1 -1 -1 0f -1 -1 -1
1 1 0 24.6 83.5 1 -1 -1 0b -1 -1 -1 0f -1 -1 -1
1 1 0 24.6 83.5 1 -1 -1 0b -1 -1 -1 0f -1 -1 -1
1 1 0 24.5 83.0 1 -1 -1 0b -1 -1 -1 0f -1 -1 -1
1 1 0 24.6 83.0 1 -1 -1 0b -1 -1 -1 0f -1 -1 -1
1 1 0 24.5 82.0 1 -1 -1 0b -1 -1 -1 0f -1 -1 -1
1 1 0 24.5 81.5 1 -1 -1 0b -1 -1 -1 0f -1 -1 -1
1 1 0 24.5 81.5 1 -1 -1 0b -1 -1 -1 0f -1 -1 -1
1 1 0 24.6 81.5 1 -1 -1 0b -1 -1 -1 0f -1 -1 -1
1 1 0 24.5 82.0 1 -1 -1 0b -1 -1 -1 0f -1 -1 -1
1 1 0 24.5 82.0 1 -1 -1 0b -1 -1 -1 0f -1 -1 -1
1 1 0 24.6 82.0 1 -1 -1 0b -1 -1 -1 0f -1 -1 -1
1 1 0 24.6 82.0 1 -1 -1 0b -1 -1 -1 0f -1 -1 -1
1 1 0 24.6 82.0 1 -1 -1 0b -1 -1 -1 0f -1 -1 -1
1 1 0 24.6 82.0 1 -1 -1 0b -1 -1 -1 0f -1 -1 -1
1 1 0 24.6 82.5 1 -1 -1 0b -1 -1 -1 0f -1 -1 -1
1 1 0 24.6 83.0 1 -1 -1 0b -1 -1 -1 0f -1 -1 -1
1 1 0 24.6 83.0 1 -1 -1 0b -1 -1 -1 0f -1 -1 -1
1 1 0 24.6 83.0 1 -1 -1 0b -1 -1 -1 0f -1 -1 -1
1 1 0 24.6 83.5 1 -1 -1 0b -1 -1 -1 0f -1 -1 -1
1 1 0 24.6 83.5 1 -1 -1 0b -1 -1 -1 0f -1 -1 -1
1 1 0 24.6 83.5 1 -1 -1 0b -1 -1 -1 0f -1 -1 -1
1 1 0 24.6 84.0 1 -1 -1 0b -1 -1 -1 0f -1 -1 -1
1 1 0 24.6 84.0 1 -1 -1 0b -1 -1 -1 0f -1 -1 -1
1 1 0 24.7 83.5 1 -1 -1 0b -1 -1 -1 0f -1 -1 -1
1 1 0 24.6 83.5 1 -1 -1 0b -1 -1 -1 0f -1 -1 -1
1 1 0 24.6 83.5 1 -1 -1 0b -1 -1 -1 0f -1 -1 -1
1 1 0 24.6 83.5 1 -1 -1 0b -1 -1 -1 0f -1 -1 -1
1 1 0 24.7 83.5 1 -1 -1 0b -1 -1 -1 0f -1 -1 -1
1 1 0 24.6 83.0 1 -1 -1 0b -1 -1 -1 0f -1 -1 -1
1 1 0 24.6 83.0 1 -1 -1 0b -1 -1 -1 0f -1 -1 -1
1 1 0 24.6 83.0 1 -1 -1 0b -1 -1 -1 0f -1 -1 -1
1 1 0 24.6 82.5 1 -1 -1 0b -1 -1 -1 0f -1 -1 -1
1 1 0 24.6 82.5 1 -1 -1 0b -1 -1 -1 0f -1 -1 -1
1 1 0 24.5 82.5 1 -1 -1 0b -1 -1 -1 0f -1 -1 -1
1 1 0 24.5 83.0 1 -1 -1 0b -1 -1 -1 0f -1 -1 -1
1 1 0 24.5 83.0 1 -1 -1 0b -1 -1 -1 0f -1 -1 -1
1 1 0 24.5 82.5 1 -1 -1 0b -1 -1 -1 0f -1 -1 -1
1 1 0 24.5 82.5 1 -1 -1 0b -1 -1 -1 0f -1 -1 -1
1 1 0 24.5 82.5 1 -1 -1 0b -1 -1 -1 0f -1 -1 -1
1 1 0 24.5 82.0 1 -1 -1 0b -1 -1 -1 0f -1 -1 -1
1 1 0 24.6 82.5 1 -1 -1 0b -1 -1 -1 0f -1 -1 -1
1 1 0 24.5 82.5 1 -1 -1 0b -1 -1 -1 0f -1 -1 -1
1 1 0 24.6 82.0 1 -1 -1 0b -1 -1 -1 0f -1 -1 -1
1 1 0 24.6 82.0 1 -1 -1 0b -1 -1 -1 0f -1 -1 -1
1 1 0 24.6 82.0 1 -1 -1 0b -1 -1 -1 0f -1 -1 -1
1 1 0 24.6 82.0 1 -1 -1 0b -1 -1 -1 0f -1 -1 -1
1 1 0 24.6 82.5 1 -1 -1 0b -1 -1 -1 0f -1 -1 -1
1 1 0 24.5 82.5 1 -1 -1 0b -1 -1 -1 0f -1 -1 -1
1 1 0 24.6 82.5 1 -1 -1 0b -1 -1 -1 0f -1 -1 -1
1 1 0 24.6 82.5 1 -1 -1 0b -1 -1 -1 0f -1 -1 -1
1 1 0 24.6 82.5 1 -1 -1 0b -1 -1 -1 0f -1 -1 -1
1 1 0 24.6 82.5 1 -1 -1 0b -1 -1 -1 0f -1 -1 -1
1 1 0 24.6 82.5 1 -1 -1 0b -1 -1 -1 0f -1 -1 -1
1 1 0 24.6 82.5 1 -1 -1 0b -1 -1 -1 0f -1 -1 -1
1 1 0 24.6 82.5 1 -1 -1 0b -1 -1 -1 0f -1 -1 -1
1 1 0 24.6 82.5 1 -1 -1 0b -1 -1 -1 0f -1 -1 -1
1 1 0 24.7 82.5 1 -1 -1 0b -1 -1 -1 0f -1 -1 -1
1 1 0 24.6 82.5 1 -1 -1 0b -1 -1 -1 0f -1 -1 -1
1 1 0 24.6 82.5 1 -1 -1 0b -1 -1 -1 0f -1 -1 -1
1 1 0 24.7 83.0 1 -1 -1 0b -1 -1 -1 0f -1 -1 -1
1 1 0 24.6 83.5 1 -1 -1 0b -1 -1 -1 0f -1 -1 -1
1 1 0 24.6 83.5 1 -1 -1 0b -1 -1 -1 0f -1 -1 -1
1 1 0 24.6 84.0 1 -1 -1 0b -1 -1 -1 0f -1 -1 -1
1 1 0 24.6 84.0 1 -1 -1 0b -1 -1 -1 0f -1 -1 -1
1 1 0 24.6 84.0 1 -1 -1 0b -1 -1 -1 0f -1 -1 -1
1 1 0 24.6 84.0 1 -1 -1 0b -1 -1 -1 0f -1 -1 -1
1 1 0 24.6 84.0 1 -1 -1 0b -1 -1 -1 0f -1 -1 -1
1 1 0 24.5 84.5 1 -1 -1 0b -1 -1 -1 0f -1 -1 -1
1 1 0 24.6 84.5 1 -1 -1 0b -1 -1 -1 0f -1 -1 -1
1 1 0 24.6 84.5 1 -1 -1 0b -1 -1 -1 0f -1 -1 -1
1 1 0 24.6 84.5 1 -1 -1 0b -1 -1 -1 0f -1 -1 -1
1 1 0 24.6 84.5 1 -1 -1 0b -1 -1 -1 0f -1 -1 -1
1 1 0 24.6 84.5 1 -1 -1 0b -1 -1 -1 0f -1 -1 -1
1 1 0 24.6 84.5 1 -1 -1 0b -1 -1 -1 0f -1 -1 -1
1 1 0 24.6 85.0 1 -1 -1 0b -1 -1 -1 0f -1 -1 -1
1 1 0 24.6 85.0 1 -1 -1 0b -1 -1 -1 0f -1 -1 -1
1 1 0 24.6 85.0 1 -1 -1 0b -1 -1 -1 0f -1 -1 -1
1 1 0 24.6 85.0 1 -1 -1 0b -1 -1 -1 0f -1 -1 -1
1 1 0 24.6 85.0 1 -1 -1 0b -1 -1 -1 0f -1 -1 -1
1 1 0 24.6 84.5 1 -1 -1 0b -1 -1 -1 0f -1 -1 -1
1 1 0 24.6 84.5 1 -1 -1 0b -1 -1 -1 0f -1 -1 -1
1 1 0 24.6 84.5 1 -1 -1 0b -1 -1 -1 0f -1 -1 -1
1 1 0 24.6 84.5 1 -1 -1 0b -1 -1 -1 0f -1 -1 -1
1 1 0 24.6 84.5 1 -1 -1 0b -1 -1 -1 0f -1 -1 -1
1 1 0 24.7 84.5 1 -1 -1 0b -1 -1 -1 0f -1 -1 -1
1 1 0 24.6 84.0 1 -1 -1 0b -1 -1 -1 0f -1 -1 -1
1 1 0 24.6 84.0 1 -1 -1 0b -1 -1 -1 0f -1 -1 -1
1 1 0 24.6 84.0 1 -1 -1 0b -1 -1 -1 0f -1 -1 -1
1 1 0 24.7 84.0 1 -1 -1 0b -1 -1 -1 0f -1 -1 -1
1 1 0 24.6 84.0 1 -1 -1 0b -1 -1 -1 0f -1 -1 -1
1 1 0 24.7 84.0 1 -1 -1 0b -1 -1 -1 0f -1 -1 -1
1 1 0 24.7 84.0 1 -1 -1 0b -1 -1 -1 0f -1 -1 -1
1 1 0 24.6 84.5 1 -1 -1 0b -1 -1 -1 0f -1 -1 -1
1 1 0 24.6 84.5 1 -1 -1 0b -1 -1 -1 0f -1 -1 -1
1 1 0 24.6 85.0 1 -1 -1 0b -1 -1 -1 0f -1 -1 -1
1 1 0 24.6 85.0 1 -1 -1 0b -1 -1 -1 0f -1 -1 -1
1 1 0 24.6 84.5 1 -1 -1 0b -1 -1 -1 0f -1 -1 -1
1 1 0 24.6 84.5 1 -1 -1 0b -1 -1 -1 0f -1 -1 -1
1 1 0 24.6 84.5 1 -1 -1 0b -1 -1 -1 0f -1 -1 -1
1 1 0 24.6 84.5 1 -1 -1 0b -1 -1 -1 0f -1 -1 -1
1 1 0 24.6 84.5 1 -1 -1 0b -1 -1 -1 0f -1 -1 -1
1 1 0 24.6 84.5 1 -1 -1 0b -1 -1 -1 0f -1 -1 -1
1 1 0 24.6 84.5 1 -1 -1 0b -1 -1 -1 0f -1 -1 -1
1 1 0 24.6 84.5 1 -1 -1 0b -1 -1 -1 0f -1 -1 -1
1 1 0 24.6 84.5 1 -1 -1 0b -1 -1 -1 0f -1 -1 -1
1 1 0 24.6 84.5 1 -1 -1 0b -1 -1 -1 0f -1 -1 -1
1 1 0 24.6 84.0 1 -1 -1 0b -1 -1 -1 0f -1 -1 -1
1 1 0 24.5 84.0 1 -1 -1 0b -1 -1 -1 0f -1 -1 -1
1 1 0 24.5 84.0 1 -1 -1 0b -1 -1 -1 0f -1 -1 -1
1 1 0 24.5 83.5 1 -1 -1 0b -1 -1 -1 0f -1 -1 -1
1 1 0 24.6 83.5 1 -1 -1 0b -1 -1 -1 0f -1 -1 -1
1 1 0 24.6 83.0 1 -1 -1 0b -1 -1 -1 0f -1 -1 -1
1 1 0 24.6 83.0 1 -1 -1 0b -1 -1 -1 0f -1 -1 -1
1 1 0 24.6 83.0 1 -1 -1 0b -1 -1 -1 0f -1 -1 -1
1 1 0 24.6 83.0 1 -1 -1 0b -1 -1 -1 0f -1 -1 -1
1 1 0 24.6 82.5 1 -1 -1 0b -1 -1 -1 0f -1 -1 -1
1 1 0 24.6 82.5 1 -1 -1 0b -1 -1 -1 0f -1 -1 -1
1 1 0 24.5 82.5 1 -1 -1 0b -1 -1 -1 0f -1 -1 -1
1 1 0 24.6 83.0 1 -1 -1 0b -1 -1 -1 0f -1 -1 -1
1 1 0 24.6 82.5 1 -1 -1 0b -1 -1 -1 0f -1 -1 -1
1 1 0 24.6 82.5 1 -1 -1 0b -1 -1 -1 0f -1 -1 -1
1 1 0 24.6 82.5 1 -1 -1 0b -1 -1 -1 0f -1 -1 -1
1 1 0 24.6 82.5 1 -1 -1 0b -1 -1 -1 0f -1 -1 -1
1 1 0 24.6 82.5 1 -1 -1 0b -1 -1 -1 0f -1 -1 -1
1 1 0 24.6 83.0 1 -1 -1 0b -1 -1 -1 0f -1 -1 -1
1 1 0 24.6 82.5 1 -1 -1 0b -1 -1 -1 0f -1 -1 -1
1 1 0 24.6 82.5 1 -1 -1 0b -1 -1 -1 0f -1 -1 -1
1 1 0 24.6 82.5 1 -1 -1 0b -1 -1 -1 0f -1 -1 -1
1 1 0 24.6 82.5 1 -1 -1 0b -1 -1 -1 0f -1 -1 -1
1 1 0 24.6 82.5 1 -1 -1 0b -1 -1 -1 0f -1 -1 -1
1 1 0 24.6 82.0 1 -1 -1 0b -1 -1 -1 0f -1 -1 -1
1 1 0 24.6 81.5 1 -1 -1 0b -1 -1 -1 0f -1 -1 -1
1 1 0 24.6 82.0 1 -1 -1 0b -1 -1 -1 0f -1 -1 -1
1 1 0 24.6 82.0 1 -1 -1 0b -1 -1 -1 0f -1 -1 -1
1 1 0 24.6 82.0 1 -1 -1 0b -1 -1 -1 0f -1 -1 -1
1 1 0 24.6 81.5 1 -1 -1 0b -1 -1 -1 0f -1 -1 -1
1 1 0 24.6 82.0 1 -1 -1 0b -1 -1 -1 0f -1 -1 -1
1 1 0 24.6 82.0 1 -1 -1 0b -1 -1 -1 0f -1 -1 -1
1 1 0 24.6 81.5 1 -1 -1 0b -1 -1 -1 0f -1 -1 -1
1 1 0 24.6 82.0 1 -1 -1 0b -1 -1 -1 0f -1 -1 -1
1 1 0 24.5 82.0 1 -1 -1 0b -1 -1 -1 0f -1 -1 -1
1 1 0 24.6 82.0 1 -1 -1 0b -1 -1 -1 0f -1 -1 -1
1 1 0 24.6 82.5 1 -1 -1 0b -1 -1 -1 0f -1 -1 -1
1 1 0 24.6 83.0 1 -1 -1 0b -1 -1 -1 0f -1 -1 -1
1 1 0 24.6 84.0 1 -1 -1 0b -1 -1 -1 0f -1 -1 -1
1 1 0 24.6 84.0 1 -1 -1 0b -1 -1 -1 0f -1 -1 -1
1 1 0 24.6 84.5 1 -1 -1 0b -1 -1 -1 0f -1 -1 -1
1 1 0 24.5 85.0 1 -1 -1 0b -1 -1 -1 0f -1 -1 -1
1 1 0 24.5 85.0 1 -1 -1 0b -1 -1 -1 0f -1 -1 -1
1 1 0 24.5 85.0 1 -1 -1 0b -1 -1 -1 0f -1 -1 -1
1 1 0 24.6 85.5 1 -1 -1 0b -1 -1 -1 0f -1 -1 -1
1 1 0 24.5 85.5 1 -1 -1 0b -1 -1 -1 0f -1 -1 -1
1 1 0 24.5 85.5 1 -1 -1 0b -1 -1 -1 0f -1 -1 -1
1 1 0 24.5 84.5 1 -1 -1 0b -1 -1 -1 0f -1 -1 -1
1 1 0 24.5 84.5 1 -1 -1 0b -1 -1 -1 0f -1 -1 -1
1 1 0 24.5 84.5 1 -1 -1 0b -1 -1 -1 0f -1 -1 -1
1 1 0 24.5 84.5 1 -1 -1 0b -1 -1 -1 0f -1 -1 -1
1 1 0 24.5 84.5 1 -1 -1 0b -1 -1 -1 0f -1 -1 -1
1 1 0 24.5 85.0 1 -1 -1 0b -1 -1 -1 0f -1 -1 -1
1 1 0 24.5 85.5 1 -1 -1 0b -1 -1 -1 0f -1 -1 -1
1 1 0 24.5 84.5 1 -1 -1 0b -1 -1 -1 0f -1 -1 -1
1 1 0 24.5 84.5 1 -1 -1 0b -1 -1 -1 0f -1 -1 -1
1 1 0 24.4 85.0 1 -1 -1 0b -1 -1 -1 0f -1 -1 -1
1 1 0 24.5 85.0 1 -1 -1 0b -1 -1 -1 0f -1 -1 -1
1 1 0 24.5 85.0 1 -1 -1 0b -1 -1 -1 0f -1 -1 -1
1 1 0 24.5 85.5 1 -1 -1 0b -1 -1 -1 0f -1 -1 -1
1 1 0 24.5 85.5 1 -1 -1 0b -1 -1 -1 0f -1 -1 -1
1 1 0 24.6 85.5 1 -1 -1 0b -1 -1 -1 0f -1 -1 -1
1 1 0 24.6 85.5 1 -1 -1 0b -1 -1 -1 0f -1 -1 -1
1 1 0 24.5 85.5 1 -1 -1 0b -1 -1 -1 0f -1 -1 -1
1 1 0 24.5 85.5 0 -1 -1 0b -1 -1 -1 0f -1 -1 -1
1 1 0 24.5 85.5 0 -1 -1 0b -1 -1 -1 0f -1 -1 -1
1 1 0 24.6 85.5 0 -1 -1 0b -1 -1 -1 0f -1 -1 -1
1 1 0 24.5 85.5 0 -1 -1 0b -1 -1 -1 0f -1 -1 -1
1 1 0 24.5 85.5 0 -1 -1 0b -1 -1 -1 0f -1 -1 -1
1 1 0 24.5 85.5 0 -1 -1 0b -1 -1 -1 0f -1 -1 -1
1 1 0 24.6 85.0 2 -1 -1 0b -1 -1 -1 0f -1 -1 -1
1 1 0 24.5 85.0 2 -1 -1 0b -1 -1 -1 0f -1 -1 -1
1 1 0 24.5 85.0 2 -1 -1 0b -1 -1 -1 0f -1 -1 -1
1 1 0 24.6 85.5 3 -1 -1 0b -1 -1 -1 0f -1 -1 -1
1 1 0 24.6 86.0 1 -1 -1 0b -1 -1 -1 0f -1 -1 -1
1 1 0 24.6 86.0 1 -1 -1 0b -1 -1 -1 0f -1 -1 -1
1 1 0 24.5 86.0 1 -1 -1 0b -1 -1 -1 0f -1 -1 -1
1 1 0 24.5 86.0 1 -1 -1 0b -1 -1 -1 0f -1 -1 -1
1 1 0 24.5 86.0 1 -1 -1 0b -1 -1 -1 0f -1 -1 -1
1 1 0 24.6 86.0 2 -1 -1 0b -1 -1 -1 0f -1 -1 -1
1 1 0 24.6 86.0 2 -1 -1 0b -1 -1 -1 0f -1 -1 -1
1 1 0 24.6 86.5 2 -1 -1 0b -1 -1 -1 0f -1 -1 -1
1 1 0 24.5 86.5 2 -1 -1 0b -1 -1 -1 0f -1 -1 -1
1 1 0 24.4 86.5 4 -1 -1 0b -1 -1 -1 0f -1 -1 -1
1 1 0 24.5 86.5 4 -1 -1 0b -1 -1 -1 0f -1 -1 -1
1 1 0 24.5 86.5 4 -1 -1 0b -1 -1 -1 0f -1 -1 -1
1 1 0 24.6 86.0 1 -1 -1 0b -1 -1 -1 0f -1 -1 -1
1 1 0 24.5 85.5 1 -1 -1 0b -1 -1 -1 0f -1 -1 -1
1 1 0 24.5 85.0 4 -1 -1 0b -1 -1 -1 0f -1 -1 -1
1 1 0 24.5 84.5 4 -1 -1 0b -1 -1 -1 0f -1 -1 -1
1 1 0 24.5 84.5 4 -1 -1 0b -1 -1 -1 0f -1 -1 -1
1 1 0 24.5 84.0 4 -1 -1 0b -1 -1 -1 0f -1 -1 -1
1 1 0 24.5 83.5 4 -1 -1 0b -1 -1 -1 0f -1 -1 -1
1 1 0 24.5 83.5 4 -1 -1 0b -1 -1 -1 0f -1 -1 -1
1 1 0 24.5 83.5 4 -1 -1 0b -1 -1 -1 0f -1 -1 -1
1 1 0 24.5 83.0 4 -1 -1 0b -1 -1 -1 0f -1 -1 -1
1 1 0 24.5 83.0 1 -1 -1 0b -1 -1 -1 0f -1 -1 -1
1 1 0 24.5 83.0 1 -1 -1 0b -1 -1 -1 0f -1 -1 -1
1 1 0 24.5 83.0 1 -1 -1 0b -1 -1 -1 0f -1 -1 -1
1 1 0 24.5 83.0 2 -1 -1 0b -1 -1 -1 0f -1 -1 -1
1 1 0 24.5 83.0 2 -1 -1 0b -1 -1 -1 0f -1 -1 -1
1 1 0 24.5 83.0 2 -1 -1 0b -1 -1 -1 0f -1 -1 -1
1 1 0 24.5 83.0 2 -1 -1 0b -1 -1 -1 0f -1 -1 -1
1 1 0 24.5 83.5 4 -1 -1 0b -1 -1 -1 0f -1 -1 -1
1 1 0 24.5 83.5 4 -1 -1 0b -1 -1 -1 0f -1 -1 -1
1 1 0 24.5 83.5 4 -1 -1 0b -1 -1 -1 0f -1 -1 -1
1 1 0 24.5 83.0 6 -1 -1 0b -1 -1 -1 0f -1 -1 -1
1 1 0 24.4 83.0 6 -1 -1 0b -1 -1 -1 0f -1 -1 -1
1 1 0 24.5 83.0 3 -1 -1 0b -1 -1 -1 0f -1 -1 -1
1 1 0 24.5 83.0 3 -1 -1 0b -1 -1 -1 0f -1 -1 -1
1 1 0 24.5 83.0 5 -1 -1 0b -1 -1 -1 0f -1 -1 -1
1 1 0 24.5 83.5 5 -1 -1 0b -1 -1 -1 0f -1 -1 -1
1 1 0 24.5 83.5 5 -1 -1 0b -1 -1 -1 0f -1 -1 -1
1 1 0 24.5 83.5 5 -1 -1 0b -1 -1 -1 0f -1 -1 -1
1 1 0 24.5 83.5 5 -1 -1 0b -1 -1 -1 0f -1 -1 -1
1 1 0 24.5 83.5 5 -1 -1 0b -1 -1 -1 0f -1 -1 -1
1 1 0 24.5 83.5 5 -1 -1 0b -1 -1 -1 0f -1 -1 -1
1 1 0 24.5 83.5 5 -1 -1 0b -1 -1 -1 0f -1 -1 -1
1 1 0 24.5 83.5 5 -1 -1 0b -1 -1 -1 0f -1 -1 -1
1 1 0 24.4 83.5 6 -1 -1 0b -1 -1 -1 0f -1 -1 -1
1 1 0 24.5 83.5 4 -1 -1 0b -1 -1 -1 0f -1 -1 -1
1 1 0 24.5 83.5 2 -1 -1 0b -1 -1 -1 0f -1 -1 -1
1 1 0 24.5 83.5 2 -1 -1 0b -1 -1 -1 0f -1 -1 -1
1 1 0 24.5 83.0 2 -1 -1 0b -1 -1 -1 0f -1 -1 -1
1 1 0 24.6 83.0 2 -1 -1 0b -1 -1 -1 0f -1 -1 -1
1 1 0 24.6 83.5 2 -1 -1 0b -1 -1 -1 0f -1 -1 -1
1 1 0 24.5 84.0 1 -1 -1 0b -1 -1 -1 0f -1 -1 -1
1 1 0 24.5 84.5 1 -1 -1 0b -1 -1 -1 0f -1 -1 -1
1 1 0 24.5 84.0 1 -1 -1 0b -1 -1 -1 0f -1 -1 -1
1 1 0 24.5 84.0 4 -1 -1 0b -1 -1 -1 0f -1 -1 -1
1 1 0 24.5 83.5 4 -1 -1 0b -1 -1 -1 0f -1 -1 -1
1 1 0 24.6 83.5 4 -1 -1 0b -1 -1 -1 0f -1 -1 -1
1 1 0 24.6 83.5 4 -1 -1 0b -1 -1 -1 0f -1 -1 -1
1 1 0 24.5 83.5 4 -1 -1 0b -1 -1 -1 0f -1 -1 -1
1 1 0 24.6 83.5 4 -1 -1 0b -1 -1 -1 0f -1 -1 -1
1 1 0 24.6 83.5 4 -1 -1 0b -1 -1 -1 0f -1 -1 -1
1 1 0 24.6 83.5 4 -1 -1 0b -1 -1 -1 0f -1 -1 -1
1 1 0 24.6 84.5 4 -1 -1 0b -1 -1 -1 0f -1 -1 -1
1 1 0 24.5 84.5 4 -1 -1 0b -1 -1 -1 0f -1 -1 -1
1 1 0 24.5 84.0 4 -1 -1 0b -1 -1 -1 0f -1 -1 -1
1 1 0 24.5 84.0 2 -1 -1 0b -1 -1 -1 0f -1 -1 -1
1 1 0 24.6 84.5 2 -1 -1 0b -1 -1 -1 0f -1 -1 -1
1 1 0 24.5 84.5 2 -1 -1 0b -1 -1 -1 0f -1 -1 -1
1 1 0 24.6 85.0 2 -1 -1 0b -1 -1 -1 0f -1 -1 -1
1 1 0 24.5 85.0 1 -1 -1 0b -1 -1 -1 0f -1 -1 -1
1 1 0 24.6 84.5 1 -1 -1 0b -1 -1 -1 0f -1 -1 -1
1 1 0 24.6 84.5 1 -1 -1 0b -1 -1 -1 0f -1 -1 -1
1 1 0 24.6 84.5 2 -1 -1 0b -1 -1 -1 0f -1 -1 -1
1 1 0 24.6 84.5 1 -1 -1 0b -1 -1 -1 0f -1 -1 -1
1 1 0 24.6 84.5 4 -1 -1 0b -1 -1 -1 0f -1 -1 -1
1 1 0 24.6 84.5 4 -1 -1 0b -1 -1 -1 0f -1 -1 -1
1 1 0 24.6 84.5 4 -1 -1 0b -1 -1 -1 0f -1 -1 -1
1 1 0 24.6 85.0 4 -1 -1 0b -1 -1 -1 0f -1 -1 -1
1 1 0 24.5 85.0 4 -1 -1 0b -1 -1 -1 0f -1 -1 -1
1 1 0 24.5 84.5 1 -1 -1 0b -1 -1 -1 0f -1 -1 -1
1 1 0 24.6 84.5 2 -1 -1 0b -1 -1 -1 0f -1 -1 -1
1 1 0 24.6 85.0 2 -1 -1 0b -1 -1 -1 0f -1 -1 -1
1 1 0 24.6 85.0 1 -1 -1 0b -1 -1 -1 1f -1 -1 -1
1 1 0 24.6 85.0 4 -1 -1 0b -1 -1 -1 1f -1 -1 -1
1 1 0 24.7 85.0 9 -1 -1 0b -1 -1 -1 1f -1 -1 -1
1 1 0 24.6 85.5 9 -1 -1 0b -1 -1 -1 1f -1 -1 -1
1 1 0 24.6 85.5 9 -1 -1 0b -1 -1 -1 1f -1 -1 -1
1 1 0 24.6 85.5 9 -1 -1 0b -1 -1 -1 1f -1 -1 -1
1 1 0 24.6 85.0 9 -1 -1 0b -1 -1 -1 1f -1 -1 -1
1 1 0 24.6 85.0 11 -1 -1 0b -1 -1 -1 1f -1 -1 -1
1 1 0 24.6 85.0 11 -1 -1 0b -1 -1 -1 1f -1 -1 -1
1 1 0 24.6 85.0 11 -1 -1 0b -1 -1 -1 1f -1 -1 -1
1 1 0 24.6 85.0 11 -1 -1 0b -1 -1 -1 1f -1 -1 -1
1 1 0 24.5 85.0 11 -1 -1 0b -1 -1 -1 1f -1 -1 -1
1 1 0 24.6 85.0 13 -1 -1 0b -1 -1 -1 1f -1 -1 -1
1 1 0 24.6 84.5 13 -1 -1 0b -1 -1 -1 1f -1 -1 -1
1 1 0 24.6 84.5 9 -1 -1 0b -1 -1 -1 1f -1 -1 -1
1 1 0 24.6 84.0 11 -1 -1 0b -1 -1 -1 1f -1 -1 -1
1 1 0 24.6 84.0 11 -1 -1 0b -1 -1 -1 1f -1 -1 -1
1 1 0 24.6 83.5 7 -1 -1 0b -1 -1 -1 1f -1 -1 -1
1 1 0 24.7 84.0 5 -1 -1 0b -1 -1 -1 1f -1 -1 -1
1 1 0 24.6 84.0 7 -1 -1 0b -1 -1 -1 1f -1 -1 -1
1 1 0 24.7 84.0 7 -1 -1 0b -1 -1 -1 1f -1 -1 -1
1 1 0 24.6 83.5 7 -1 -1 0b -1 -1 -1 1f -1 -1 -1
1 1 0 24.7 83.5 7 -1 -1 0b -1 -1 -1 1f -1 -1 -1
1 1 0 24.6 83.5 7 -1 -1 0b -1 -1 -1 1f -1 -1 -1
1 1 0 24.6 84.0 9 -1 -1 0b -1 -1 -1 1f -1 -1 -1
1 1 0 24.6 84.0 9 -1 -1 0b -1 -1 -1 1f -1 -1 -1
1 1 0 24.7 84.5 9 -1 -1 0b -1 -1 -1 1f -1 -1 -1
1 1 0 24.6 84.5 9 -1 -1 0b -1 -1 -1 1f -1 -1 -1
1 1 0 24.6 85.0 9 -1 -1 0b -1 -1 -1 1f -1 -1 -1
1 1 0 24.6 84.5 9 -1 -1 0b -1 -1 -1 1f -1 -1 -1
1 1 0 24.6 85.0 9 -1 -1 0b -1 -1 -1 1f -1 -1 -1
1 1 0 24.6 84.5 9 -1 -1 0b -1 -1 -1 1f -1 -1 -1
1 1 0 24.6 84.5 7 -1 -1 0b -1 -1 -1 1f -1 -1 -1
1 1 0 24.6 84.5 9 -1 -1 0b -1 -1 -1 1f -1 -1 -1
1 1 0 24.6 84.5 11 -1 -1 0b -1 -1 -1 1f -1 -1 -1
1 1 0 24.6 84.0 11 -1 -1 0b -1 -1 -1 1f -1 -1 -1
1 1 0 24.6 84.5 11 -1 -1 0b -1 -1 -1 1f -1 -1 -1
1 1 0 24.6 85.0 11 -1 -1 0b -1 -1 -1 1f -1 -1 -1
1 1 0 24.7 84.5 9 -1 -1 0b -1 -1 -1 1f -1 -1 -1
1 1 0 24.7 84.5 9 -1 -1 0b -1 -1 -1 1f -1 -1 -1
1 1 0 24.6 84.5 9 -1 -1 0b -1 -1 -1 1f -1 -1 -1
1 1 0 24.7 84.5 9 -1 -1 0b -1 -1 -1 1f -1 -1 -1
1 1 0 24.6 84.5 11 -1 -1 0b -1 -1 -1 1f -1 -1 -1
1 1 0 24.7 84.5 12 -1 -1 0b -1 -1 -1 1f -1 -1 -1
1 1 0 24.7 84.5 12 -1 -1 0b -1 -1 -1 1f -1 -1 -1
1 1 0 24.7 85.0 14 -1 -1 0b -1 -1 -1 1f -1 -1 -1
1 1 0 24.7 85.0 14 -1 -1 0b -1 -1 -1 1f -1 -1 -1
1 1 0 24.6 84.5 16 -1 -1 0b -1 -1 -1 1f -1 -1 -1
1 1 0 24.7 84.5 16 -1 -1 0b -1 -1 -1 1f -1 -1 -1
1 1 0 24.7 84.5 16 -1 -1 0b -1 -1 -1 1f -1 -1 -1
1 1 0 24.7 84.5 16 -1 -1 0b -1 -1 -1 1f -1 -1 -1
1 1 0 24.7 84.5 14 -1 -1 0b -1 -1 -1 1f -1 -1 -1
1 1 0 24.7 85.0 16 -1 -1 0b -1 -1 -1 1f -1 -1 -1
1 1 0 24.7 85.0 12 -1 -1 0b -1 -1 -1 1f -1 -1 -1
1 1 0 24.7 85.0 14 -1 -1 0b -1 -1 -1 1f -1 -1 -1
1 1 0 24.7 85.0 12 -1 -1 0b -1 -1 -1 1f -1 -1 -1
1 1 0 24.7 85.0 11 -1 -1 0b -1 -1 -1 1f -1 -1 -1
1 1 0 24.8 85.0 9 -1 -1 0b -1 -1 -1 1f -1 -1 -1
1 1 0 24.7 85.5 9 -1 -1 0b -1 -1 -1 1f -1 -1 -1
1 1 0 24.7 85.5 7 -1 -1 0b -1 -1 -1 1f -1 -1 -1
1 1 0 24.7 85.5 7 -1 -1 0b -1 -1 -1 1f -1 -1 -1
1 1 0 24.8 86.0 7 -1 -1 0b -1 -1 -1 1f -1 -1 -1
1 1 0 24.8 86.0 9 -1 -1 0b -1 -1 -1 1f -1 -1 -1
1 1 0 24.7 86.0 9 -1 -1 0b -1 -1 -1 1f -1 -1 -1
1 1 0 24.7 85.5 11 -1 -1 0b -1 -1 -1 1f -1 -1 -1
1 1 0 24.7 85.5 11 -1 -1 0b -1 -1 -1 1f -1 -1 -1
1 1 0 24.7 85.5 11 -1 -1 0b -1 -1 -1 1f -1 -1 -1
1 1 0 24.7 85.5 11 -1 -1 0b -1 -1 -1 1f -1 -1 -1
1 1 0 24.7 85.5 11 -1 -1 0b -1 -1 -1 1f -1 -1 -1
1 1 0 24.7 85.0 9 -1 -1 0b -1 -1 -1 1f -1 -1 -1
1 1 0 24.7 85.0 9 -1 -1 0b -1 -1 -1 1f -1 -1 -1
1 1 0 24.8 85.5 9 -1 -1 0b -1 -1 -1 1f -1 -1 -1
1 1 0 24.8 85.5 9 -1 -1 0b -1 -1 -1 1f -1 -1 -1
1 1 0 24.8 85.5 9 -1 -1 0b -1 -1 -1 1f -1 -1 -1
1 1 0 24.8 85.5 9 -1 -1 0b -1 -1 -1 1f -1 -1 -1
1 1 0 24.8 85.5 11 -1 -1 0b -1 -1 -1 1f -1 -1 -1
1 1 0 24.7 85.5 11 -1 -1 0b -1 -1 -1 1f -1 -1 -1
1 1 0 24.8 85.5 11 -1 -1 0b -1 -1 -1 1f -1 -1 -1
1 1 0 24.8 85.5 11 -1 -1 0b -1 -1 -1 1f -1 -1 -1
1 1 0 24.8 85.5 11 -1 -1 0b -1 -1 -1 1f -1 -1 -1
1 1 0 24.9 85.5 13 -1 -1 0b -1 -1 -1 1f -1 -1 -1
1 1 0 24.8 85.5 10 -1 -1 0b -1 -1 -1 1f -1 -1 -1
1 1 0 24.9 85.5 12 -1 -1 0b -1 -1 -1 1f -1 -1 -1
1 1 0 24.9 85.5 12 -1 -1 0b -1 -1 -1 1f -1 -1 -1
1 1 0 24.8 85.5 12 -1 -1 0b -1 -1 -1 1f -1 -1 -1
1 1 0 24.9 85.5 12 -1 -1 0b -1 -1 -1 1f -1 -1 -1
1 1 0 24.9 85.5 12 -1 -1 0b -1 -1 -1 1f -1 -1 -1
1 1 0 25.0 85.5 14 -1 -1 0b -1 -1 -1 1f -1 -1 -1
1 1 0 24.9 86.0 14 -1 -1 0b -1 -1 -1 1f -1 -1 -1
1 1 0 25.0 86.0 14 -1 -1 0b -1 -1 -1 1f -1 -1 -1
1 1 0 24.9 86.0 14 -1 -1 0b -1 -1 -1 1f -1 -1 -1
1 1 0 25.0 86.0 14 -1 -1 0b -1 -1 -1 1f -1 -1 -1
1 1 0 24.8 85.5 12 -1 -1 0b -1 -1 -1 1f -1 -1 -1
1 1 0 24.9 85.0 14 -1 -1 0b -1 -1 -1 1f -1 -1 -1
1 1 0 24.8 84.5 12 -1 -1 0b -1 -1 -1 1f -1 -1 -1
1 1 0 24.7 84.5 12 -1 -1 0b -1 -1 -1 1f -1 -1 -1
1 1 0 24.7 84.0 14 -1 -1 0b -1 -1 -1 1f -1 -1 -1
1 1 0 24.7 84.0 14 -1 -1 0b -1 -1 -1 1f -1 -1 -1
1 1 0 24.6 83.5 14 -1 -1 0b -1 -1 -1 1f -1 -1 -1
1 1 0 24.6 83.0 12 -1 -1 0b -1 -1 -1 1f -1 -1 -1
1 1 0 24.6 82.5 10 -1 -1 0b -1 -1 -1 1f -1 -1 -1
1 1 0 24.5 82.5 11 -1 -1 0b -1 -1 -1 1f -1 -1 -1
1 1 0 24.5 83.0 9 -1 -1 0b -1 -1 -1 1f -1 -1 -1
1 1 0 24.5 83.5 9 -1 -1 0b -1 -1 -1 1f -1 -1 -1
1 1 0 24.6 84.0 11 -1 -1 0b -1 -1 -1 1f -1 -1 -1
1 1 0 24.7 84.0 9 -1 -1 0b -1 -1 -1 1f -1 -1 -1
1 1 0 24.6 83.5 7 -1 -1 0b -1 -1 -1 1f -1 -1 -1
1 1 0 24.6 83.5 7 -1 -1 0b -1 -1 -1 1f -1 -1 -1
1 1 0 24.7 84.0 5 -1 -1 0b -1 -1 -1 1f -1 -1 -1
1 1 0 24.6 84.0 9 -1 -1 0b -1 -1 -1 1f -1 -1 -1
1 1 0 24.7 84.5 7 -1 -1 0b -1 -1 -1 1f -1 -1 -1
1 1 0 24.7 84.5 7 -1 -1 0b -1 -1 -1 1f -1 -1 -1
1 1 0 24.7 84.0 7 -1 -1 0b -1 -1 -1 1f -1 -1 -1
1 1 0 24.7 84.5 7 -1 -1 0b -1 -1 -1 1f -1 -1 -1
1 1 0 24.7 84.5 7 -1 -1 0b -1 -1 -1 1f -1 -1 -1
1 1 0 24.7 85.0 7 -1 -1 0b -1 -1 -1 1f -1 -1 -1
1 1 0 24.7 85.0 7 -1 -1 0b -1 -1 -1 1f -1 -1 -1
1 1 0 24.7 85.0 7 -1 -1 0b -1 -1 -1 1f -1 -1 -1
1 1 0 24.7 84.5 9 -1 -1 0b -1 -1 -1 1f -1 -1 -1
1 1 0 24.7 84.5 9 -1 -1 0b -1 -1 -1 1f -1 -1 -1
1 1 0 24.7 84.5 5 -1 -1 0b -1 -1 -1 1f -1 -1 -1
1 1 0 24.7 85.0 7 -1 -1 0b -1 -1 -1 1f -1 -1 -1
1 1 0 24.7 84.0 7 -1 -1 0b -1 -1 -1 1f -1 -1 -1
1 1 0 24.7 84.0 7 -1 -1 0b -1 -1 -1 1f -1 -1 -1
1 1 0 24.7 84.0 7 -1 -1 0b -1 -1 -1 1f -1 -1 -1
1 1 0 24.8 84.5 7 -1 -1 0b -1 -1 -1 1f -1 -1 -1
1 1 0 24.8 84.5 5 -1 -1 0b -1 -1 -1 1f -1 -1 -1
1 1 0 24.7 85.0 5 -1 -1 0b -1 -1 -1 1f -1 -1 -1
1 1 0 24.7 85.5 9 -1 -1 0b -1 -1 -1 1f -1 -1 -1
1 1 0 24.8 85.5 9 -1 -1 0b -1 -1 -1 1f -1 -1 -1
1 1 0 24.7 85.5 9 -1 -1 0b -1 -1 -1 1f -1 -1 -1
1 1 0 24.7 85.5 9 -1 -1 0b -1 -1 -1 1f -1 -1 -1
1 1 0 24.8 86.0 9 -1 -1 0b -1 -1 -1 1f -1 -1 -1
1 1 0 24.7 86.0 7 -1 -1 0b -1 -1 -1 1f -1 -1 -1
1 1 0 24.7 86.5 7 -1 -1 0b -1 -1 -1 1f -1 -1 -1
1 1 0 24.7 86.5 7 -1 -1 0b -1 -1 -1 1f -1 -1 -1
1 1 0 24.7 86.0 7 -1 -1 0b -1 -1 -1 1f -1 -1 -1
1 1 0 24.7 85.5 7 -1 -1 0b -1 -1 -1 1f -1 -1 -1
1 1 0 24.7 85.0 7 -1 -1 0b -1 -1 -1 1f -1 -1 -1
1 1 0 24.7 84.5 9 -1 -1 0b -1 -1 -1 1f -1 -1 -1
1 1 0 24.7 84.5 9 -1 -1 0b -1 -1 -1 1f -1 -1 -1
1 1 0 24.7 85.0 9 -1 -1 0b -1 -1 -1 1f -1 -1 -1
1 1 0 24.7 85.0 9 -1 -1 0b -1 -1 -1 1f -1 -1 -1
1 1 0 24.7 85.0 9 -1 -1 0b -1 -1 -1 1f -1 -1 -1
1 1 0 24.7 84.5 9 -1 -1 0b -1 -1 -1 1f -1 -1 -1
1 1 0 24.7 84.5 7 -1 -1 0b -1 -1 -1 1f -1 -1 -1
1 1 0 24.8 85.0 7 -1 -1 0b -1 -1 -1 1f -1 -1 -1
1 1 0 24.8 85.5 7 -1 -1 0b -1 -1 -1 1f -1 -1 -1
1 1 0 24.8 85.5 7 -1 -1 0b -1 -1 -1 1f -1 -1 -1
1 1 0 24.8 85.0 9 -1 -1 0b -1 -1 -1 1f -1 -1 -1
1 1 0 24.8 85.0 9 -1 -1 0b -1 -1 -1 1f -1 -1 -1
1 1 0 24.8 85.5 5 -1 -1 0b -1 -1 -1 1f -1 -1 -1
1 1 0 24.8 85.5 5 -1 -1 0b -1 -1 -1 1f -1 -1 -1
1 1 0 24.8 85.0 5 -1 -1 0b -1 -1 -1 1f -1 -1 -1
1 1 0 24.8 84.5 7 -1 -1 0b -1 -1 -1 1f -1 -1 -1
1 1 0 24.8 84.5 7 -1 -1 0b -1 -1 -1 1f -1 -1 -1
1 1 0 24.7 84.0 7 -1 -1 0b -1 -1 -1 1f -1 -1 -1
1 1 0 24.7 84.0 7 -1 -1 0b -1 -1 -1 1f -1 -1 -1
1 1 0 24.7 84.0 9 -1 -1 0b -1 -1 -1 1f -1 -1 -1
1 1 0 24.5 84.0 9 -1 -1 0b -1 -1 -1 1f -1 -1 -1
1 1 0 24.6 84.0 9 -1 -1 0b -1 -1 -1 1f -1 -1 -1
1 1 0 24.5 83.5 11 -1 -1 0b -1 -1 -1 1f -1 -1 -1
1 1 0 24.4 83.5 7 -1 -1 0b -1 -1 -1 1f -1 -1 -1
1 1 0 24.5 84.0 7 -1 -1 0b -1 -1 -1 1f -1 -1 -1
1 1 0 24.5 84.5 9 -1 -1 0b -1 -1 -1 1f -1 -1 -1
1 1 0 24.5 84.0 9 -1 -1 0b -1 -1 -1 1f -1 -1 -1
1 1 0 24.4 84.0 11 -1 -1 0b -1 -1 -1 1f -1 -1 -1
1 1 0 24.4 84.0 10 -1 -1 0b -1 -1 -1 1f -1 -1 -1
1 1 0 24.3 84.0 10 -1 -1 0b -1 -1 -1 1f -1 -1 -1
1 1 0 24.3 83.5 12 -1 -1 0b -1 -1 -1 1f -1 -1 -1
1 1 0 24.4 82.5 14 -1 -1 0b -1 -1 -1 1f -1 -1 -1
1 1 0 24.5 82.0 14 -1 -1 0b -1 -1 -1 1f -1 -1 -1
1 1 0 24.5 82.0 12 -1 -1 0b -1 -1 -1 1f -1 -1 -1
1 1 0 24.5 81.5 12 -1 -1 0b -1 -1 -1 1f -1 -1 -1
1 1 0 24.4 81.5 12 -1 -1 0b -1 -1 -1 1f -1 -1 -1
1 1 0 24.3 81.5 14 -1 -1 0b -1 -1 -1 1f -1 -1 -1
1 1 0 24.4 81.0 14 -1 -1 0b -1 -1 -1 1f -1 -1 -1
1 1 0 24.4 81.0 14 -1 -1 0b -1 -1 -1 1f -1 -1 -1
1 1 0 24.3 81.0 14 -1 -1 0b -1 -1 -1 1f -1 -1 -1
1 1 0 24.3 81.0 12 -1 -1 0b -1 -1 -1 1f -1 -1 -1
1 1 0 24.3 81.0 16 -1 -1 0b -1 -1 -1 1f -1 -1 -1
1 1 0 24.3 81.5 14 -1 -1 0b -1 -1 -1 1f -1 -1 -1
1 1 0 24.3 81.5 12 -1 -1 0b -1 -1 -1 1f -1 -1 -1
1 1 0 24.3 81.5 12 -1 -1 0b -1 -1 -1 1f -1 -1 -1
1 1 0 24.3 81.5 10 -1 -1 0b -1 -1 -1 1f -1 -1 -1
1 1 0 24.3 81.0 10 -1 -1 0b -1 -1 -1 1f -1 -1 -1
1 1 0 24.2 81.5 11 -1 -1 0b -1 -1 -1 1f -1 -1 -1
1 1 0 24.2 81.5 11 -1 -1 0b -1 -1 -1 1f -1 -1 -1
1 1 0 24.1 82.0 11 -1 -1 0b -1 -1 -1 1f -1 -1 -1
1 1 0 24.1 82.0 11 -1 -1 0b -1 -1 -1 1f -1 -1 -1
1 1 0 24.1 82.5 11 -1 -1 0b -1 -1 -1 1f -1 -1 -1
1 1 0 24.1 82.5 10 -1 -1 0b -1 -1 -1 1f -1 -1 -1
1 1 0 24.0 83.0 10 -1 -1 0b -1 -1 -1 1f -1 -1 -1
1 1 0 24.1 83.0 12 -1 -1 0b -1 -1 -1 1f -1 -1 -1
1 1 0 24.0 83.0 12 -1 -1 0b -1 -1 -1 1f -1 -1 -1
1 1 0 24.1 83.0 12 -1 -1 0b -1 -1 -1 1f -1 -1 -1
1 1 0 24.0 83.5 14 -1 -1 0b -1 -1 -1 1f -1 -1 -1
1 1 0 24.0 83.5 14 -1 -1 0b -1 -1 -1 1f -1 -1 -1
1 1 0 23.9 83.5 14 -1 -1 0b -1 -1 -1 1f -1 -1 -1
1 1 0 24.0 84.0 14 -1 -1 0b -1 -1 -1 1f -1 -1 -1
1 1 0 24.1 85.0 14 -1 -1 0b -1 -1 -1 1f -1 -1 -1
1 1 0 24.2 85.5 14 -1 -1 0b -1 -1 -1 1f -1 -1 -1
1 1 0 24.2 85.5 10 -1 -1 0b -1 -1 -1 1f -1 -1 -1
1 1 0 24.3 86.0 12 -1 -1 0b -1 -1 -1 1f -1 -1 -1
1 1 0 24.3 86.0 12 -1 -1 0b -1 -1 -1 1f -1 -1 -1
1 1 0 24.3 86.5 14 -1 -1 0b -1 -1 -1 1f -1 -1 -1
1 1 0 24.4 86.5 14 -1 -1 0b -1 -1 -1 1f -1 -1 -1
1 1 0 24.4 86.5 14 -1 -1 0b -1 -1 -1 1f -1 -1 -1
1 1 0 24.4 86.5 14 -1 -1 0b -1 -1 -1 1f -1 -1 -1
1 1 0 24.4 86.5 14 -1 -1 0b -1 -1 -1 1f -1 -1 -1
1 1 0 24.4 86.5 14 -1 -1 0b -1 -1 -1 1f -1 -1 -1
1 1 0 24.4 86.5 12 -1 -1 0b -1 -1 -1 1f -1 -1 -1
1 1 0 24.5 86.5 14 -1 -1 0b -1 -1 -1 1f -1 -1 -1
1 1 0 24.5 85.5 14 -1 -1 0b -1 -1 -1 1f -1 -1 -1
1 1 0 24.5 85.0 16 -1 -1 0b -1 -1 -1 1f -1 -1 -1
1 1 0 24.5 85.5 16 -1 -1 0b -1 -1 -1 1f -1 -1 -1
1 1 0 24.6 85.5 16 -1 -1 0b -1 -1 -1 1f -1 -1 -1
1 1 0 24.5 85.0 16 -1 -1 0b -1 -1 -1 1f -1 -1 -1
1 1 0 24.6 85.5 16 -1 -1 0b -1 -1 -1 1f -1 -1 -1
1 1 0 24.6 86.0 16 -1 -1 0b -1 -1 -1 1f -1 -1 -1
1 1 0 24.7 86.5 14 -1 -1 0b -1 -1 -1 1f -1 -1 -1
1 1 0 24.6 86.5 14 -1 -1 0b -1 -1 -1 1f -1 -1 -1
1 1 0 24.7 86.5 14 -1 -1 0b -1 -1 -1 1f -1 -1 -1
1 1 0 24.7 87.0 14 -1 -1 0b -1 -1 -1 1f -1 -1 -1
1 1 0 24.7 87.0 12 -1 -1 0b -1 -1 -1 1f -1 -1 -1
1 1 0 24.7 87.0 12 -1 -1 0b -1 -1 -1 1f -1 -1 -1
1 1 0 24.7 87.0 14 -1 -1 0b -1 -1 -1 1f -1 -1 -1
1 1 0 24.7 87.0 14 -1 -1 0b -1 -1 -1 1f -1 -1 -1
1 1 0 24.7 87.0 14 -1 -1 0b -1 -1 -1 1f -1 -1 -1
1 1 0 24.7 87.0 14 -1 -1 0b -1 -1 -1 1f -1 -1 -1
1 1 0 24.7 87.0 14 -1 -1 0b -1 -1 -1 1f -1 -1 -1
1 1 0 24.7 87.0 12 -1 -1 0b -1 -1 -1 1f -1 -1 -1
1 1 0 24.7 87.0 12 -1 -1 0b -1 -1 -1 1f -1 -1 -1
1 1 0 24.8 87.0 14 -1 -1 0b -1 -1 -1 1f -1 -1 -1
1 1 0 24.8 87.0 14 -1 -1 0b -1 -1 -1 1f -1 -1 -1
1 1 0 24.8 87.0 14 -1 -1 0b -1 -1 -1 1f -1 -1 -1
1 1 0 24.8 87.0 14 -1 -1 0b -1 -1 -1 1f -1 -1 -1
1 1 0 24.8 87.0 14 -1 -1 0b -1 -1 -1 1f -1 -1 -1
1 1 0 24.8 86.5 14 -1 -1 0b -1 -1 -1 1f -1 -1 -1
1 1 0 24.8 86.5 12 -1 -1 0b -1 -1 -1 1f -1 -1 -1
1 1 0 24.9 86.5 10 -1 -1 0b -1 -1 -1 1f -1 -1 -1
1 1 0 24.9 86.5 11 -1 -1 0b -1 -1 -1 1f -1 -1 -1
1 1 0 24.9 86.5 9 -1 -1 0b -1 -1 -1 1f -1 -1 -1
1 1 0 24.9 86.5 7 -1 -1 0b -1 -1 -1 1f -1 -1 -1
1 1 0 25.0 86.0 7 -1 -1 0b -1 -1 -1 1f -1 -1 -1
1 1 0 25.0 86.5 11 -1 -1 0b -1 -1 -1 1f -1 -1 -1
1 1 0 25.0 86.5 11 -1 -1 0b -1 -1 -1 1f -1 -1 -1
1 1 0 25.0 86.0 11 -1 -1 0b -1 -1 -1 1f -1 -1 -1
1 1 0 25.0 86.0 11 -1 -1 0b -1 -1 -1 1f -1 -1 -1
1 1 0 25.0 86.0 11 -1 -1 0b -1 -1 -1 1f -1 -1 -1
1 1 0 25.0 86.0 11 -1 -1 0b -1 -1 -1 1f -1 -1 -1
1 1 0 25.0 86.0 7 -1 -1 0b -1 -1 -1 1f -1 -1 -1
1 1 0 25.1 86.0 9 -1 -1 0b -1 -1 -1 1f -1 -1 -1
1 1 0 25.1 86.0 9 -1 -1 0b -1 -1 -1 1f -1 -1 -1
1 1 0 25.1 85.5 9 -1 -1 0b -1 -1 -1 1f -1 -1 -1
1 1 0 25.0 85.5 11 -1 -1 0b -1 -1 -1 1f -1 -1 -1
1 1 0 25.0 85.5 10 -1 -1 0b -1 -1 -1 1f -1 -1 -1
1 1 0 25.0 85.5 10 -1 -1 0b -1 -1 -1 1f -1 -1 -1
1 1 0 25.1 85.0 12 -1 -1 0b -1 -1 -1 1f -1 -1 -1
1 1 0 25.0 85.0 12 -1 -1 0b -1 -1 -1 1f -1 -1 -1
1 1 0 25.1 85.0 14 -1 -1 0b -1 -1 -1 1f -1 -1 -1
1 1 0 25.0 85.0 10 -1 -1 0b -1 -1 -1 1f -1 -1 -1
1 1 0 25.1 85.0 12 -1 -1 0b -1 -1 -1 1f -1 -1 -1
1 1 0 25.1 84.5 14 -1 -1 0b -1 -1 -1 1f -1 -1 -1
1 1 0 25.1 84.5 14 -1 -1 0b -1 -1 -1 1f -1 -1 -1
1 1 0 25.1 84.5 14 -1 -1 0b -1 -1 -1 1f -1 -1 -1
1 1 0 25.2 84.5 16 -1 -1 0b -1 -1 -1 1f -1 -1 -1
1 1 0 25.2 83.5 12 -1 -1 0b -1 -1 -1 1f -1 -1 -1
1 1 0 25.1 83.0 14 -1 -1 0b -1 -1 -1 1f -1 -1 -1
1 1 0 25.1 83.5 14 -1 -1 0b -1 -1 -1 1f -1 -1 -1
1 1 0 25.2 84.0 14 -1 -1 0b -1 -1 -1 1f -1 -1 -1
1 1 0 25.1 84.0 14 -1 -1 0b -1 -1 -1 1f -1 -1 -1
1 1 0 25.2 84.0 14 -1 -1 0b -1 -1 -1 1f -1 -1 -1
1 1 0 25.1 84.5 14 -1 -1 0b -1 -1 -1 1f -1 -1 -1
1 1 0 25.1 84.5 14 -1 -1 0b -1 -1 -1 1f -1 -1 -1
1 1 0 25.2 84.5 14 -1 -1 0b -1 -1 -1 1f -1 -1 -1
1 1 0 25.1 84.5 14 -1 -1 0b -1 -1 -1 1f -1 -1 -1
1 1 0 25.2 84.5 14 -1 -1 0b -1 -1 -1 1f -1 -1 -1
1 1 0 25.2 84.5 14 -1 -1 0b -1 -1 -1 1f -1 -1 -1
1 1 0 25.1 84.5 14 -1 -1 0b -1 -1 -1 1f -1 -1 -1
1 1 0 25.2 84.5 12 -1 -1 0b -1 -1 -1 1f -1 -1 -1
1 1 0 25.2 84.5 16 -1 -1 0b -1 -1 -1 1f -1 -1 -1
1 1 0 25.2 84.5 14 -1 -1 0b -1 -1 -1 1f -1 -1 -1
1 1 0 25.2 84.0 14 -1 -1 0b -1 -1 -1 1f -1 -1 -1
1 1 0 25.2 84.0 14 -1 -1 0b -1 -1 -1 1f -1 -1 -1
1 1 0 25.2 84.0 14 -1 -1 0b -1 -1 -1 1f -1 -1 -1
1 1 0 25.2 83.5 14 -1 -1 0b -1 -1 -1 1f -1 -1 -1
1 1 0 25.2 83.5 14 -1 -1 0b -1 -1 -1 1f -1 -1 -1
1 1 0 25.3 83.5 14 -1 -1 0b -1 -1 -1 1f -1 -1 -1
1 1 0 25.1 83.5 12 -1 -1 0b -1 -1 -1 1f -1 -1 -1
1 1 0 25.3 83.5 12 -1 -1 0b -1 -1 -1 1f -1 -1 -1
1 1 0 25.3 83.5 12 -1 -1 0b -1 -1 -1 1f -1 -1 -1
1 1 0 25.3 83.5 14 -1 -1 0b -1 -1 -1 1f -1 -1 -1
1 1 0 25.2 83.0 14 -1 -1 0b -1 -1 -1 1f -1 -1 -1
1 1 0 25.3 83.0 12 -1 -1 0b -1 -1 -1 1f -1 -1 -1
1 1 0 25.3 83.0 12 -1 -1 0b -1 -1 -1 1f -1 -1 -1
1 1 0 25.3 83.0 10 -1 -1 0b -1 -1 -1 1f -1 -1 -1
1 1 0 25.3 83.0 13 -1 -1 0b -1 -1 -1 1f -1 -1 -1
1 1 0 25.3 83.0 11 -1 -1 0b -1 -1 -1 1f -1 -1 -1
1 1 0 25.3 83.0 11 -1 -1 0b -1 -1 -1 1f -1 -1 -1
1 1 0 25.3 82.5 9 -1 -1 0b -1 -1 -1 1f -1 -1 -1
1 1 0 25.4 83.0 9 -1 -1 0b -1 -1 -1 1f -1 -1 -1
1 1 0 25.3 82.5 7 -1 -1 0b -1 -1 -1 1f -1 -1 -1
1 1 0 25.3 82.5 11 -1 -1 0b -1 -1 -1 1f -1 -1 -1
1 1 0 25.3 82.5 11 -1 -1 0b -1 -1 -1 1f -1 -1 -1
1 1 0 25.3 82.5 9 -1 -1 0b -1 -1 -1 1f -1 -1 -1
1 1 0 25.3 82.5 9 -1 -1 0b -1 -1 -1 1f -1 -1 -1
1 1 0 25.3 82.5 9 -1 -1 0b -1 -1 -1 1f -1 -1 -1
1 1 0 25.3 82.5 9 -1 -1 0b -1 -1 -1 1f -1 -1 -1
1 1 0 25.3 82.5 9 -1 -1 0b -1 -1 -1 1f -1 -1 -1
1 1 0 25.3 82.5 9 -1 -1 0b -1 -1 -1 1f -1 -1 -1
1 1 0 25.3 82.5 9 -1 -1 0b -1 -1 -1 1f -1 -1 -1
1 1 0 25.3 82.5 9 -1 -1 0b -1 -1 -1 1f -1 -1 -1
1 1 0 25.3 82.5 9 -1 -1 0b -1 -1 -1 1f -1 -1 -1
1 1 0 25.3 82.0 7 -1 -1 0b -1 -1 -1 1f -1 -1 -1
1 1 0 25.4 82.0 7 -1 -1 0b -1 -1 -1 1f -1 -1 -1
1 1 0 25.3 82.0 9 -1 -1 0b -1 -1 -1 1f -1 -1 -1
1 1 0 25.3 82.0 7 -1 -1 0b -1 -1 -1 1f -1 -1 -1
1 1 0 25.3 82.0 7 -1 -1 0b -1 -1 -1 1f -1 -1 -1
1 1 0 25.3 82.0 5 -1 -1 0b -1 -1 -1 1f -1 -1 -1
1 1 0 25.4 82.0 5 -1 -1 0b -1 -1 -1 1f -1 -1 -1
1 1 0 25.3 82.0 5 -1 -1 0b -1 -1 -1 1f -1 -1 -1
1 1 0 25.3 82.0 5 -1 -1 0b -1 -1 -1 1f -1 -1 -1
1 1 0 25.3 82.0 5 -1 -1 0b -1 -1 -1 1f -1 -1 -1
1 1 0 25.3 82.0 5 -1 -1 0b -1 -1 -1 1f -1 -1 -1
1 1 0 25.3 82.0 5 -1 -1 0b -1 -1 -1 1f -1 -1 -1
1 1 0 25.3 82.0 5 -1 -1 0b -1 -1 -1 1f -1 -1 -1
1 1 0 25.3 81.5 6 -1 -1 0b -1 -1 -1 1f -1 -1 -1
1 1 0 25.2 80.5 6 -1 -1 0b -1 -1 -1 1f -1 -1 -1
1 1 0 25.3 80.0 6 -1 -1 0b -1 -1 -1 1f -1 -1 -1
1 1 0 25.3 80.5 6 -1 -1 0b -1 -1 -1 1f -1 -1 -1
1 1 0 25.3 81.0 6 -1 -1 0b -1 -1 -1 1f -1 -1 -1
1 1 0 25.2 81.0 6 -1 -1 0b -1 -1 -1 1f -1 -1 -1
1 1 0 25.3 81.0 5 -1 -1 0b -1 -1 -1 1f -1 -1 -1
1 1 0 25.3 81.0 5 -1 -1 0b -1 -1 -1 1f -1 -1 -1
1 1 0 25.3 81.0 7 -1 -1 0b -1 -1 -1 1f -1 -1 -1
1 1 0 25.2 81.0 9 -1 -1 0b -1 -1 -1 1f -1 -1 -1
1 1 0 25.3 81.0 7 -1 -1 0b -1 -1 -1 1f -1 -1 -1
1 1 0 25.3 81.0 7 -1 -1 0b -1 -1 -1 1f -1 -1 -1
1 1 0 25.3 81.0 7 -1 -1 0b -1 -1 -1 1f -1 -1 -1
1 1 0 25.3 81.0 7 -1 -1 0b -1 -1 -1 1f -1 -1 -1
1 1 0 25.3 81.0 7 -1 -1 0b -1 -1 -1 1f -1 -1 -1
1 1 0 25.3 81.0 9 -1 -1 0b -1 -1 -1 1f -1 -1 -1
1 1 0 25.3 81.5 9 -1 -1 0b -1 -1 -1 1f -1 -1 -1
1 1 0 25.3 81.5 9 -1 -1 0b -1 -1 -1 1f -1 -1 -1
1 1 0 25.3 82.0 9 -1 -1 0b -1 -1 -1 1f -1 -1 -1
1 1 0 25.3 82.0 9 -1 -1 0b -1 -1 -1 1f -1 -1 -1
1 1 0 25.3 82.5 7 -1 -1 0b -1 -1 -1 1f -1 -1 -1
1 1 0 25.3 82.5 7 -1 -1 0b -1 -1 -1 1f -1 -1 -1
1 1 0 25.3 82.5 7 -1 -1 0b -1 -1 -1 1f -1 -1 -1
1 1 0 25.3 82.5 7 -1 -1 0b -1 -1 -1 1f -1 -1 -1
1 1 0 25.3 83.0 7 -1 -1 0b -1 -1 -1 1f -1 -1 -1
1 1 0 25.3 83.5 7 -1 -1 0b -1 -1 -1 1f -1 -1 -1
1 1 0 25.3 83.5 9 -1 -1 0b -1 -1 -1 1f -1 -1 -1
1 1 0 25.3 83.5 9 -1 -1 0b -1 -1 -1 1f -1 -1 -1
1 1 0 25.3 83.5 9 -1 -1 0b -1 -1 -1 1f -1 -1 -1
1 1 0 25.3 83.5 7 -1 -1 0b -1 -1 -1 1f -1 -1 -1
1 1 0 25.3 83.5 5 -1 -1 0b -1 -1 -1 1f -1 -1 -1
1 1 0 25.3 83.0 6 -1 -1 0b -1 -1 -1 1f -1 -1 -1
1 1 0 25.3 83.0 4 -1 -1 0b -1 -1 -1 1f -1 -1 -1
1 1 0 25.3 83.0 2 -1 -1 0b -1 -1 -1 1f -1 -1 -1
1 1 0 25.2 82.5 2 -1 -1 0b -1 -1 -1 1f -1 -1 -1
1 1 0 25.3 82.5 2 -1 -1 0b -1 -1 -1 1f -1 -1 -1
1 1 0 25.3 82.5 2 -1 -1 0b -1 -1 -1 1f -1 -1 -1
1 1 0 25.3 82.5 2 -1 -1 0b -1 -1 -1 1f -1 -1 -1
1 1 0 25.3 82.5 2 -1 -1 0b -1 -1 -1 1f -1 -1 -1
1 1 0 25.2 82.0 6 -1 -1 0b -1 -1 -1 1f -1 -1 -1
1 1 0 25.3 82.5 6 -1 -1 0b -1 -1 -1 1f -1 -1 -1
1 1 0 25.2 82.5 6 -1 -1 0b -1 -1 -1 1f -1 -1 -1
1 1 0 25.2 82.5 4 -1 -1 0b -1 -1 -1 1f -1 -1 -1
1 1 0 25.2 82.5 4 -1 -1 0b -1 -1 -1 1f -1 -1 -1
1 1 0 25.1 82.5 4 -1 -1 0b -1 -1 -1 1f -1 -1 -1
1 1 0 25.3 82.5 6 -1 -1 0b -1 -1 -1 1f -1 -1 -1
1 1 0 25.2 82.0 6 -1 -1 0b -1 -1 -1 1f -1 -1 -1
1 1 0 25.3 82.5 5 -1 -1 0b -1 -1 -1 1f -1 -1 -1
1 1 0 25.3 83.0 5 -1 -1 0b -1 -1 -1 1f -1 -1 -1
1 1 0 25.3 84.5 7 -1 -1 0b -1 -1 -1 1f -1 -1 -1
1 1 0 25.3 84.0 7 -1 -1 0b -1 -1 -1 1f -1 -1 -1
1 1 0 25.3 83.5 5 -1 -1 0b -1 -1 -1 1f -1 -1 -1
1 1 0 25.2 83.0 5 -1 -1 0b -1 -1 -1 1f -1 -1 -1
1 1 0 25.2 82.5 5 -1 -1 0b -1 -1 -1 1f -1 -1 -1
1 1 0 25.2 82.5 6 -1 -1 0b -1 -1 -1 1f -1 -1 -1
1 1 0 25.2 82.5 6 -1 -1 0b -1 -1 -1 1f -1 -1 -1
1 1 0 25.2 82.5 4 -1 -1 0b -1 -1 -1 1f -1 -1 -1
1 1 0 25.2 82.5 4 -1 -1 0b -1 -1 -1 1f -1 -1 -1
1 1 0 25.2 83.0 2 -1 -1 0b -1 -1 -1 1f -1 -1 -1
1 1 0 25.2 83.0 2 -1 -1 0b -1 -1 -1 1f -1 -1 -1
1 1 0 25.2 83.5 2 -1 -1 0b -1 -1 -1 1f -1 -1 -1
1 1 0 25.3 84.0 2 -1 -1 0b -1 -1 -1 1f -1 -1 -1
1 1 0 25.2 84.5 2 -1 -1 0b -1 -1 -1 1f -1 -1 -1
1 1 0 25.2 84.5 2 -1 -1 0b -1 -1 -1 1f -1 -1 -1
1 1 0 25.2 85.5 4 -1 -1 0b -1 -1 -1 1f -1 -1 -1
1 1 0 25.1 85.5 6 -1 -1 0b -1 -1 -1 1f -1 -1 -1
1 1 0 25.1 84.0 6 -1 -1 0b -1 -1 -1 1f -1 -1 -1
1 1 0 25.1 83.5 6 -1 -1 0b -1 -1 -1 1f -1 -1 -1
1 1 0 25.1 83.5 6 -1 -1 0b -1 -1 -1 1f -1 -1 -1
1 1 0 25.2 83.5 6 -1 -1 0b -1 -1 -1 1f -1 -1 -1
1 1 0 25.2 83.5 6 -1 -1 0b -1 -1 -1 1f -1 -1 -1
1 1 0 25.2 83.5 6 -1 -1 0b -1 -1 -1 1f -1 -1 -1
1 1 0 25.2 83.5 6 -1 -1 0b -1 -1 -1 1f -1 -1 -1
1 1 0 25.1 84.5 4 -1 -1 0b -1 -1 -1 1f -1 -1 -1
1 1 0 25.1 84.5 4 -1 -1 0b -1 -1 -1 1f -1 -1 -1
1 1 0 25.1 84.5 4 -1 -1 0b -1 -1 -1 1f -1 -1 -1
1 1 0 25.1 84.5 6 -1 -1 0b -1 -1 -1 1f -1 -1 -1
1 1 0 25.2 85.0 9 -1 -1 0b -1 -1 -1 1f -1 -1 -1
1 1 0 25.1 85.0 11 -1 -1 0b -1 -1 -1 1f -1 -1 -1
1 1 0 25.1 85.0 7 -1 -1 0b -1 -1 -1 1f -1 -1 -1
1 1 0 25.1 85.0 9 -1 -1 0b -1 -1 -1 1f -1 -1 -1
1 1 0 25.1 85.0 9 -1 -1 0b -1 -1 -1 1f -1 -1 -1
1 1 0 25.2 85.5 7 -1 -1 0b -1 -1 -1 1f -1 -1 -1
1 1 0 25.1 85.0 9 -1 -1 0b -1 -1 -1 1f -1 -1 -1
1 1 0 25.1 84.5 9 -1 -1 0b -1 -1 -1 1f -1 -1 -1
1 1 0 25.1 84.0 6 -1 -1 0b -1 -1 -1 1f -1 -1 -1
1 1 0 25.2 83.5 6 -1 -1 0b -1 -1 -1 1f -1 -1 -1
1 1 0 25.1 83.5 6 -1 -1 0b -1 -1 -1 1f -1 -1 -1
1 1 0 25.2 84.0 4 -1 -1 0b -1 -1 -1 1f -1 -1 -1
1 1 0 25.2 84.0 4 -1 -1 0b -1 -1 -1 1f -1 -1 -1
1 1 0 25.2 84.0 8 -1 -1 0b -1 -1 -1 1f -1 -1 -1
1 1 0 25.1 84.0 6 -1 -1 0b -1 -1 -1 1f -1 -1 -1
1 1 0 25.2 84.0 6 -1 -1 0b -1 -1 -1 1f -1 -1 -1
1 1 0 25.2 84.0 6 -1 -1 0b -1 -1 -1 1f -1 -1 -1
1 1 0 25.2 84.0 6 -1 -1 0b -1 -1 -1 1f -1 -1 -1
1 1 0 25.2 84.0 6 -1 -1 0b -1 -1 -1 1f -1 -1 -1
1 1 0 25.1 84.0 6 -1 -1 0b -1 -1 -1 5f -1 -1 -1
1 1 0 25.2 84.5 6 -1 -1 0b -1 -1 -1 5f -1 -1 -1
1 1 0 25.1 84.0 6 -1 -1 0b -1 -1 -1 5f -1 -1 -1
1 1 0 25.1 84.0 6 -1 -1 0b -1 -1 -1 5f -1 -1 -1
1 1 0 25.1 84.0 6 -1 -1 0b -1 -1 -1 5f -1 -1 -1
1 1 0 25.2 84.5 6 -1 -1 0b -1 -1 -1 5f -1 -1 -1
1 1 0 25.2 85.0 6 -1 -1 0b -1 -1 -1 5f -1 -1 -1
1 1 0 25.2 85.0 6 -1 -1 0b -1 -1 -1 5f -1 -1 -1
1 1 0 25.1 84.5 8 -1 -1 0b -1 -1 -1 5f -1 -1 -1
1 1 0 25.2 85.0 6 -1 -1 0b -1 -1 -1 5f -1 -1 -1
1 1 0 25.1 85.0 6 -1 -1 0b -1 -1 -1 5f -1 -1 -1
1 1 0 25.1 84.5 6 -1 -1 0b -1 -1 -1 5f -1 -1 -1
1 1 0 25.1 84.5 6 -1 -1 0b -1 -1 -1 5f -1 -1 -1
1 1 0 25.1 84.5 6 -1 -1 0b -1 -1 -1 5f -1 -1 -1
1 1 0 25.0 85.0 4 -1 -1 0b -1 -1 -1 5f -1 -1 -1
1 1 0 25.0 84.5 2 -1 -1 0b -1 -1 -1 5f -1 -1 -1
1 1 0 25.0 84.5 2 -1 -1 0b -1 -1 -1 5f -1 -1 -1
1 1 0 25.0 83.5 2 -1 -1 0b -1 -1 -1 5f -1 -1 -1
1 1 0 25.0 83.0 2 -1 -1 0b -1 -1 -1 5f -1 -1 -1
1 1 0 25.0 83.0 2 -1 -1 0b -1 -1 -1 5f -1 -1 -1
1 1 0 25.1 83.0 2 -1 -1 0b -1 -1 -1 5f -1 -1 -1
1 1 0 25.0 83.0 2 -1 -1 0b -1 -1 -1 5f -1 -1 -1
1 1 0 25.0 82.5 4 -1 -1 0b -1 -1 -1 5f -1 -1 -1
1 1 0 25.0 83.0 4 -1 -1 0b -1 -1 -1 5f -1 -1 -1
1 1 0 25.0 83.0 4 -1 -1 0b -1 -1 -1 5f -1 -1 -1
1 1 0 25.1 83.5 4 -1 -1 0b -1 -1 -1 5f -1 -1 -1
1 1 0 25.0 83.5 4 -1 -1 0b -1 -1 -1 5f -1 -1 -1
1 1 0 25.1 83.5 4 -1 -1 0b -1 -1 -1 5f -1 -1 -1
1 1 0 25.1 84.0 4 -1 -1 0b -1 -1 -1 5f -1 -1 -1
1 1 0 25.0 84.0 2 -1 -1 0b -1 -1 -1 5f -1 -1 -1
1 1 0 25.0 84.5 2 -1 -1 0b -1 -1 -1 5f -1 -1 -1
1 1 0 25.0 84.5 2 -1 -1 0b -1 -1 -1 5f -1 -1 -1
1 1 0 25.0 85.0 2 -1 -1 0b -1 -1 -1 5f -1 -1 -1
1 1 0 25.0 85.0 2 -1 -1 0b -1 -1 -1 5f -1 -1 -1
1 1 0 25.0 85.5 6 -1 -1 0b -1 -1 -1 5f -1 -1 -1
1 1 0 24.9 85.5 6 -1 -1 0b -1 -1 -1 5f -1 -1 -1
1 1 0 24.9 85.5 6 -1 -1 0b -1 -1 -1 5f -1 -1 -1
1 1 0 24.9 85.5 6 -1 -1 0b -1 -1 -1 5f -1 -1 -1
1 1 0 24.9 85.5 6 -1 -1 0b -1 -1 -1 5f -1 -1 -1
1 1 0 24.9 85.0 6 -1 -1 0b -1 -1 -1 5f -1 -1 -1
1 1 0 24.9 85.0 6 -1 -1 0b -1 -1 -1 5f -1 -1 -1
1 1 0 24.9 85.0 6 -1 -1 0b -1 -1 -1 5f -1 -1 -1
1 1 0 24.9 85.0 2 -1 -1 0b -1 -1 -1 5f -1 -1 -1
1 1 0 24.9 85.0 2 -1 -1 0b -1 -1 -1 5f -1 -1 -1
1 1 0 24.9 85.0 4 -1 -1 0b -1 -1 -1 5f -1 -1 -1
1 1 0 24.9 85.0 4 -1 -1 0b -1 -1 -1 5f -1 -1 -1
1 1 0 24.9 85.5 4 -1 -1 0b -1 -1 -1 5f -1 -1 -1
1 1 0 24.9 85.0 4 -1 -1 0b -1 -1 -1 5f -1 -1 -1
1 1 0 24.8 85.5 4 -1 -1 0b -1 -1 -1 5f -1 -1 -1
1 1 0 24.7 85.5 4 -1 -1 0b -1 -1 -1 5f -1 -1 -1
1 1 0 24.8 85.5 4 -1 -1 0b -1 -1 -1 5f -1 -1 -1
1 1 0 24.8 85.0 4 -1 -1 0b -1 -1 -1 5f -1 -1 -1
1 1 0 24.8 85.0 4 -1 -1 0b -1 -1 -1 5f -1 -1 -1
1 1 0 24.8 85.0 4 -1 -1 0b -1 -1 -1 5f -1 -1 -1
1 1 0 24.8 85.0 6 -1 -1 0b -1 -1 -1 5f -1 -1 -1
1 1 0 24.8 85.0 4 -1 -1 0b -1 -1 -1 5f -1 -1 -1
1 1 0 24.8 85.0 6 -1 -1 0b -1 -1 -1 5f -1 -1 -1
1 1 0 24.8 85.0 6 -1 -1 0b -1 -1 -1 5f -1 -1 -1
1 1 0 24.8 85.0 8 -1 -1 0b -1 -1 -1 5f -1 -1 -1
1 1 0 24.7 85.0 4 -1 -1 0b -1 -1 -1 5f -1 -1 -1
1 1 0 24.8 85.5 4 -1 -1 0b -1 -1 -1 5f -1 -1 -1
1 1 0 24.7 85.0 4 -1 -1 0b -1 -1 -1 5f -1 -1 -1
1 1 0 24.7 85.0 6 -1 -1 0b -1 -1 -1 5f -1 -1 -1
1 1 0 24.7 85.0 6 -1 -1 0b -1 -1 -1 5f -1 -1 -1
1 1 0 24.8 85.0 6 -1 -1 0b -1 -1 -1 5f -1 -1 -1
1 1 0 24.7 85.0 6 -1 -1 0b -1 -1 -1 5f -1 -1 -1
1 1 0 24.7 85.0 9 -1 -1 0b -1 -1 -1 5f -1 -1 -1
1 1 0 24.8 85.0 9 -1 -1 0b -1 -1 -1 5f -1 -1 -1
1 1 0 24.7 84.5 9 -1 -1 0b -1 -1 -1 5f -1 -1 -1
1 1 0 24.7 84.5 6 -1 -1 0b -1 -1 -1 5f -1 -1 -1
1 1 0 24.7 85.0 6 -1 -1 0b -1 -1 -1 5f -1 -1 -1
1 1 0 24.8 85.0 6 -1 -1 0b -1 -1 -1 5f -1 -1 -1
1 1 0 24.7 85.0 6 -1 -1 0b -1 -1 -1 5f -1 -1 -1
1 1 0 24.7 85.0 6 -1 -1 0b -1 -1 -1 5f -1 -1 -1
1 1 0 24.8 85.0 6 -1 -1 0b -1 -1 -1 5f -1 -1 -1
1 1 0 24.8 85.0 6 -1 -1 0b -1 -1 -1 5f -1 -1 -1
1 1 0 24.7 85.0 6 -1 -1 0b -1 -1 -1 5f -1 -1 -1
1 1 0 24.7 85.0 6 -1 -1 0b -1 -1 -1 5f -1 -1 -1
1 1 0 24.7 85.0 6 -1 -1 0b -1 -1 -1 5f -1 -1 -1
1 1 0 24.6 84.5 6 -1 -1 0b -1 -1 -1 5f -1 -1 -1
1 1 0 24.7 84.5 6 -1 -1 0b -1 -1 -1 5f -1 -1 -1
1 1 0 24.6 84.5 6 -1 -1 0b -1 -1 -1 5f -1 -1 -1
1 1 0 24.7 84.5 6 -1 -1 0b -1 -1 -1 5f -1 -1 -1
1 1 0 24.7 84.5 6 -1 -1 0b -1 -1 -1 5f -1 -1 -1
1 1 0 24.7 84.0 6 -1 -1 0b -1 -1 -1 5f -1 -1 -1
1 1 0 24.7 84.0 6 -1 -1 0b -1 -1 -1 5f -1 -1 -1
1 1 0 24.7 84.0 6 -1 -1 0b -1 -1 -1 5f -1 -1 -1
1 1 0 24.7 84.0 6 -1 -1 0b -1 -1 -1 5f -1 -1 -1
1 1 0 24.7 84.0 6 -1 -1 0b -1 -1 -1 5f -1 -1 -1
1 1 0 24.7 84.5 6 -1 -1 0b -1 -1 -1 5f -1 -1 -1
1 1 0 24.7 84.0 6 -1 -1 0b -1 -1 -1 5f -1 -1 -1
1 1 0 24.7 84.0 6 -1 -1 0b -1 -1 -1 5f -1 -1 -1
1 1 0 24.7 84.0 6 -1 -1 0b -1 -1 -1 5f -1 -1 -1
1 1 0 24.7 84.5 6 -1 -1 0b -1 -1 -1 5f -1 -1 -1
1 1 0 24.7 84.0 6 -1 -1 0b -1 -1 -1 5f -1 -1 -1
1 1 0 24.6 84.5 6 -1 -1 0b -1 -1 -1 5f -1 -1 -1
1 1 0 24.6 84.5 4 -1 -1 0b -1 -1 -1 5f -1 -1 -1
1 1 0 24.6 84.5 4 -1 -1 0b -1 -1 -1 5f -1 -1 -1
1 1 0 24.6 84.5 4 -1 -1 0b -1 -1 -1 5f -1 -1 -1
1 1 0 24.6 84.5 4 -1 -1 0b -1 -1 -1 5f -1 -1 -1
1 1 0 24.6 84.5 4 -1 -1 0b -1 -1 -1 5f -1 -1 -1
1 1 0 24.6 85.0 4 -1 -1 0b -1 -1 -1 5f -1 -1 -1
1 1 0 24.6 85.0 4 -1 -1 0b -1 -1 -1 5f -1 -1 -1
1 1 0 24.6 85.0 4 -1 -1 0b -1 -1 -1 5f -1 -1 -1
1 1 0 24.5 85.0 4 -1 -1 0b -1 -1 -1 5f -1 -1 -1
1 1 0 24.5 85.0 4 -1 -1 0b -1 -1 -1 5f -1 -1 -1
1 1 0 24.5 85.0 4 -1 -1 0b -1 -1 -1 5f -1 -1 -1
1 1 0 24.6 85.0 4 -1 -1 0b -1 -1 -1 5f -1 -1 -1
1 1 0 24.5 85.0 4 -1 -1 0b -1 -1 -1 5f -1 -1 -1
1 1 0 24.5 85.0 4 -1 -1 0b -1 -1 -1 5f -1 -1 -1
1 1 0 24.5 85.0 4 -1 -1 0b -1 -1 -1 5f -1 -1 -1
1 1 0 24.6 85.0 4 -1 -1 0b -1 -1 -1 5f -1 -1 -1
1 1 0 24.5 85.0 4 -1 -1 0b -1 -1 -1 5f -1 -1 -1
1 1 0 24.5 85.0 4 -1 -1 0b -1 -1 -1 5f -1 -1 -1
1 1 0 24.5 85.0 4 -1 -1 0b -1 -1 -1 5f -1 -1 -1
1 1 0 24.5 85.0 4 -1 -1 0b -1 -1 -1 5f -1 -1 -1
1 1 0 24.5 85.0 4 -1 -1 0b -1 -1 -1 5f -1 -1 -1
1 1 0 24.5 85.0 4 -1 -1 0b -1 -1 -1 5f -1 -1 -1
1 1 0 24.5 85.0 4 -1 -1 0b -1 -1 -1 5f -1 -1 -1
1 1 0 24.5 85.0 4 -1 -1 0b -1 -1 -1 5f -1 -1 -1
1 1 0 24.4 85.0 4 -1 -1 0b -1 -1 -1 5f -1 -1 -1
1 1 0 24.5 85.0 4 -1 -1 0b -1 -1 -1 5f -1 -1 -1
1 1 0 24.4 85.0 4 -1 -1 0b -1 -1 -1 5f -1 -1 -1
1 1 0 24.5 85.0 4 -1 -1 0b -1 -1 -1 5f -1 -1 -1
1 1 0 24.5 85.0 4 -1 -1 0b -1 -1 -1 5f -1 -1 -1
1 1 0 24.4 85.0 4 -1 -1 0b -1 -1 -1 5f -1 -1 -1
1 1 0 24.4 85.0 4 -1 -1 0b -1 -1 -1 5f -1 -1 -1
1 1 0 24.5 85.0 4 -1 -1 0b -1 -1 -1 5f -1 -1 -1
1 1 0 24.4 85.0 4 -1 -1 0b -1 -1 -1 5f -1 -1 -1
1 1 0 24.5 85.0 4 -1 -1 0b -1 -1 -1 5f -1 -1 -1
1 1 0 24.4 85.0 4 -1 -1 0b -1 -1 -1 5f -1 -1 -1
1 1 0 24.4 85.0 4 -1 -1 0b -1 -1 -1 5f -1 -1 -1
1 1 0 24.4 85.0 4 -1 -1 0b -1 -1 -1 5f -1 -1 -1
1 1 0 24.4 85.0 4 -1 -1 0b -1 -1 -1 5f -1 -1 -1
1 1 0 24.4 85.0 4 -1 -1 0b -1 -1 -1 5f -1 -1 -1
1 1 0 24.4 85.0 8 -1 -1 0b -1 -1 -1 5f -1 -1 -1
1 1 0 24.5 85.0 6 -1 -1 0b -1 -1 -1 5f -1 -1 -1
1 1 0 24.5 85.0 6 -1 -1 0b -1 -1 -1 5f -1 -1 -1
1 1 0 24.4 85.0 6 -1 -1 0b -1 -1 -1 5f -1 -1 -1
1 1 0 24.4 85.0 6 -1 -1 0b -1 -1 -1 5f -1 -1 -1
1 1 0 24.3 84.5 6 -1 -1 0b -1 -1 -1 5f -1 -1 -1
1 1 0 24.5 84.5 6 -1 -1 0b -1 -1 -1 5f -1 -1 -1
1 1 0 24.4 84.5 4 -1 -1 0b -1 -1 -1 5f -1 -1 -1
1 1 0 24.4 85.0 4 -1 -1 0b -1 -1 -1 5f -1 -1 -1
1 1 0 24.3 84.5 4 -1 -1 0b -1 -1 -1 5f -1 -1 -1
1 1 0 24.4 85.0 4 -1 -1 0b -1 -1 -1 5f -1 -1 -1
1 1 0 24.4 85.0 4 -1 -1 0b -1 -1 -1 5f -1 -1 -1
1 1 0 24.3 84.5 4 -1 -1 0b -1 -1 -1 5f -1 -1 -1
1 1 0 24.3 84.5 4 -1 -1 0b -1 -1 -1 5f -1 -1 -1
1 1 0 24.3 85.0 4 -1 -1 0b -1 -1 -1 5f -1 -1 -1
1 1 0 24.3 85.0 4 -1 -1 0b -1 -1 -1 5f -1 -1 -1
1 1 0 24.3 85.0 4 -1 -1 0b -1 -1 -1 5f -1 -1 -1
1 1 0 24.4 85.0 4 -1 -1 0b -1 -1 -1 5f -1 -1 -1
1 1 0 24.4 84.5 4 -1 -1 0b -1 -1 -1 5f -1 -1 -1
1 1 0 24.5 85.0 4 -1 -1 0b -1 -1 -1 5f -1 -1 -1
1 1 0 24.4 84.5 4 -1 -1 0b -1 -1 -1 5f -1 -1 -1
1 1 0 24.5 84.5 4 -1 -1 0b -1 -1 -1 5f -1 -1 -1
1 1 0 24.4 84.5 4 -1 -1 0b -1 -1 -1 5f -1 -1 -1
1 1 0 24.4 84.5 4 -1 -1 0b -1 -1 -1 5f -1 -1 -1
1 1 0 24.3 84.5 2 -1 -1 0b -1 -1 -1 5f -1 -1 -1
1 1 0 24.3 84.5 2 -1 -1 0b -1 -1 -1 5f -1 -1 -1
1 1 0 24.3 84.5 2 -1 -1 0b -1 -1 -1 5f -1 -1 -1
1 1 0 24.3 84.5 2 -1 -1 0b -1 -1 -1 5f -1 -1 -1
1 1 0 24.4 84.5 2 -1 -1 0b -1 -1 -1 5f -1 -1 -1
1 1 0 24.3 84.5 2 -1 -1 0b -1 -1 -1 5f -1 -1 -1
1 1 0 24.4 84.5 2 -1 -1 0b -1 -1 -1 5f -1 -1 -1
1 1 0 24.3 84.5 2 -1 -1 0b -1 -1 -1 5f -1 -1 -1
1 1 0 24.3 84.5 2 -1 -1 0b -1 -1 -1 5f -1 -1 -1
1 1 0 24.4 84.5 2 -1 -1 0b -1 -1 -1 5f -1 -1 -1
1 1 0 24.3 84.0 6 -1 -1 0b -1 -1 -1 5f -1 -1 -1
1 1 0 24.3 84.0 6 -1 -1 0b -1 -1 -1 5f -1 -1 -1
1 1 0 24.3 84.5 6 -1 -1 0b -1 -1 -1 5f -1 -1 -1
1 1 0 24.3 84.0 6 -1 -1 0b -1 -1 -1 5f -1 -1 -1
1 1 0 24.2 84.0 6 -1 -1 0b -1 -1 -1 5f -1 -1 -1
1 1 0 24.2 84.0 4 -1 -1 0b -1 -1 -1 5f -1 -1 -1
1 1 0 24.2 84.0 4 -1 -1 0b -1 -1 -1 5f -1 -1 -1
1 1 0 24.3 84.5 4 -1 -1 0b -1 -1 -1 5f -1 -1 -1
1 1 0 24.2 84.5 6 -1 -1 0b -1 -1 -1 5f -1 -1 -1
1 1 0 24.3 84.5 6 -1 -1 0b -1 -1 -1 5f -1 -1 -1
1 1 0 24.3 84.5 6 -1 -1 0b -1 -1 -1 5f -1 -1 -1
1 1 0 24.2 84.5 6 -1 -1 0b -1 -1 -1 5f -1 -1 -1
1 1 0 24.2 84.5 4 -1 -1 0b -1 -1 -1 5f -1 -1 -1
1 1 0 24.2 84.5 4 -1 -1 0b -1 -1 -1 5f -1 -1 -1
1 1 0 24.3 84.0 4 -1 -1 0b -1 -1 -1 5f -1 -1 -1
1 1 0 24.3 84.0 4 -1 -1 0b -1 -1 -1 5f -1 -1 -1
1 1 0 24.3 84.0 4 -1 -1 0b -1 -1 -1 5f -1 -1 -1
1 1 0 24.3 84.0 4 -1 -1 0b -1 -1 -1 5f -1 -1 -1
1 1 0 24.3 84.0 4 -1 -1 0b -1 -1 -1 5f -1 -1 -1
1 1 0 24.3 84.0 4 -1 -1 0b -1 -1 -1 5f -1 -1 -1
1 1 0 24.3 84.0 4 -1 -1 0b -1 -1 -1 5f -1 -1 -1
1 1 0 24.3 84.0 4 -1 -1 0b -1 -1 -1 5f -1 -1 -1
1 1 0 24.4 83.5 4 -1 -1 0b -1 -1 -1 5f -1 -1 -1
1 1 0 24.4 83.5 4 -1 -1 0b -1 -1 -1 5f -1 -1 -1
1 1 0 24.4 83.5 4 -1 -1 0b -1 -1 -1 5f -1 -1 -1
1 1 0 24.4 83.5 2 -1 -1 0b -1 -1 -1 5f -1 -1 -1
1 1 0 24.4 83.5 2 -1 -1 0b -1 -1 -1 5f -1 -1 -1
1 1 0 24.4 83.5 2 -1 -1 0b -1 -1 -1 5f -1 -1 -1
1 1 0 24.5 83.5 2 -1 -1 0b -1 -1 -1 5f -1 -1 -1
1 1 0 24.4 83.5 2 -1 -1 0b -1 -1 -1 5f -1 -1 -1
1 1 0 24.4 83.5 2 -1 -1 0b -1 -1 -1 5f -1 -1 -1
1 1 0 24.3 83.5 2 -1 -1 0b -1 -1 -1 5f -1 -1 -1
1 1 0 24.4 83.5 2 -1 -1 0b -1 -1 -1 5f -1 -1 -1
1 1 0 24.5 83.5 2 -1 -1 0b -1 -1 -1 5f -1 -1 -1
1 1 0 24.4 83.0 2 -1 -1 0b -1 -1 -1 5f -1 -1 -1
1 1 0 24.4 83.5 2 -1 -1 0b -1 -1 -1 5f -1 -1 -1
1 1 0 24.4 83.5 2 -1 -1 0b -1 -1 -1 5f -1 -1 -1
1 1 0 24.4 83.0 2 -1 -1 0b -1 -1 -1 5f -1 -1 -1
1 1 0 24.3 83.0 2 -1 -1 0b -1 -1 -1 5f -1 -1 -1
1 1 0 24.3 83.0 2 -1 -1 0b -1 -1 -1 5f -1 -1 -1
1 1 0 24.3 83.0 2 -1 -1 0b -1 -1 -1 5f -1 -1 -1
1 1 0 24.2 83.0 2 -1 -1 0b -1 -1 -1 5f -1 -1 -1
1 1 0 24.2 83.5 2 -1 -1 0b -1 -1 -1 5f -1 -1 -1
1 1 0 24.3 83.5 2 -1 -1 0b -1 -1 -1 5f -1 -1 -1
1 1 0 24.3 83.0 2 -1 -1 0b -1 -1 -1 5f -1 -1 -1
1 1 0 24.2 83.5 2 -1 -1 0b -1 -1 -1 5f -1 -1 -1
1 1 0 24.3 83.5 2 -1 -1 0b -1 -1 -1 5f -1 -1 -1
1 1 0 24.4 83.0 2 -1 -1 0b -1 -1 -1 5f -1 -1 -1
1 1 0 24.3 83.0 2 -1 -1 0b -1 -1 -1 5f -1 -1 -1
1 1 0 24.3 83.0 2 -1 -1 0b -1 -1 -1 5f -1 -1 -1
1 1 0 24.4 83.0 2 -1 -1 0b -1 -1 -1 5f -1 -1 -1
1 1 0 24.4 83.0 2 -1 -1 0b -1 -1 -1 5f -1 -1 -1
1 1 0 24.4 83.0 2 -1 -1 0b -1 -1 -1 5f -1 -1 -1
1 1 0 24.4 83.0 2 -1 -1 0b -1 -1 -1 5f -1 -1 -1
1 1 0 24.4 83.0 2 -1 -1 0b -1 -1 -1 5f -1 -1 -1
1 1 0 24.3 83.0 2 -1 -1 0b -1 -1 -1 5f -1 -1 -1
1 1 0 24.4 83.0 2 -1 -1 0b -1 -1 -1 5f -1 -1 -1
1 1 0 24.4 83.0 2 -1 -1 0b -1 -1 -1 5f -1 -1 -1
1 1 0 24.3 83.0 2 -1 -1 0b -1 -1 -1 5f -1 -1 -1
1 1 0 24.3 83.0 2 -1 -1 0b -1 -1 -1 5f -1 -1 -1
1 1 0 24.3 83.0 2 -1 -1 0b -1 -1 -1 5f -1 -1 -1
1 1 0 24.3 83.0 2 -1 -1 0b -1 -1 -1 5f -1 -1 -1
1 1 0 24.3 83.0 2 -1 -1 0b -1 -1 -1 5f -1 -1 -1
1 1 0 24.3 83.0 2 -1 -1 0b -1 -1 -1 5f -1 -1 -1
1 1 0 24.4 83.0 2 -1 -1 0b -1 -1 -1 5f -1 -1 -1
1 1 0 24.3 83.0 2 -1 -1 0b -1 -1 -1 5f -1 -1 -1
1 1 0 24.3 83.0 2 -1 -1 0b -1 -1 -1 5f -1 -1 -1
1 1 0 24.3 83.0 2 -1 -1 0b -1 -1 -1 5f -1 -1 -1
1 1 0 24.4 83.0 2 -1 -1 0b -1 -1 -1 5f -1 -1 -1
1 1 0 24.3 83.0 2 -1 -1 0b -1 -1 -1 5f -1 -1 -1
1 1 0 24.3 83.0 2 -1 -1 0b -1 -1 -1 5f -1 -1 -1
1 1 0 24.4 83.0 2 -1 -1 0b -1 -1 -1 5f -1 -1 -1
1 1 0 24.4 83.0 2 -1 -1 0b -1 -1 -1 5f -1 -1 -1
1 1 0 24.3 83.0 2 -1 -1 0b -1 -1 -1 5f -1 -1 -1
1 1 0 24.4 83.0 2 -1 -1 0b -1 -1 -1 5f -1 -1 -1
1 1 0 24.4 83.0 2 -1 -1 0b -1 -1 -1 5f -1 -1 -1
1 1 0 24.3 83.0 2 -1 -1 0b -1 -1 -1 5f -1 -1 -1
1 1 0 24.3 83.0 2 -1 -1 0b -1 -1 -1 5f -1 -1 -1
1 1 0 24.3 83.0 2 -1 -1 0b -1 -1 -1 5f -1 -1 -1
1 1 0 24.4 83.0 2 -1 -1 0b -1 -1 -1 5f -1 -1 -1
1 1 0 24.3 83.0 2 -1 -1 0b -1 -1 -1 5f -1 -1 -1
1 1 0 24.4 83.0 4 -1 -1 0b -1 -1 -1 5f -1 -1 -1
1 1 0 24.3 83.0 4 -1 -1 0b -1 -1 -1 5f -1 -1 -1
1 1 0 24.4 83.0 4 -1 -1 0b -1 -1 -1 5f -1 -1 -1
1 1 0 24.3 83.0 4 -1 -1 0b -1 -1 -1 5f -1 -1 -1
1 1 0 24.3 83.0 4 -1 -1 0b -1 -1 -1 5f -1 -1 -1
1 1 0 24.4 83.0 4 -1 -1 0b -1 -1 -1 5f -1 -1 -1
1 1 0 24.3 83.0 4 -1 -1 0b -1 -1 -1 5f -1 -1 -1
1 1 0 24.4 83.0 4 -1 -1 0b -1 -1 -1 5f -1 -1 -1
1 1 0 24.4 83.0 4 -1 -1 0b -1 -1 -1 5f -1 -1 -1
1 1 0 24.4 83.0 4 -1 -1 0b -1 -1 -1 5f -1 -1 -1
1 1 0 24.4 83.0 4 -1 -1 0b -1 -1 -1 5f -1 -1 -1
1 1 0 24.3 83.0 4 -1 -1 0b -1 -1 -1 5f -1 -1 -1
1 1 0 24.4 83.0 4 -1 -1 0b -1 -1 -1 5f -1 -1 -1
1 1 0 24.4 82.5 4 -1 -1 0b -1 -1 -1 5f -1 -1 -1
1 1 0 24.4 82.5 4 -1 -1 0b -1 -1 -1 5f -1 -1 -1
1 1 0 24.3 82.5 4 -1 -1 0b -1 -1 -1 5f -1 -1 -1
1 1 0 24.4 83.0 4 -1 -1 0b -1 -1 -1 5f -1 -1 -1
1 1 0 24.3 82.5 4 -1 -1 0b -1 -1 -1 5f -1 -1 -1
1 1 0 24.4 82.5 4 -1 -1 0b -1 -1 -1 5f -1 -1 -1
1 1 0 24.4 82.5 4 -1 -1 0b -1 -1 -1 5f -1 -1 -1
1 1 0 24.4 82.5 4 -1 -1 0b -1 -1 -1 5f -1 -1 -1
1 1 0 24.4 82.5 4 -1 -1 0b -1 -1 -1 5f -1 -1 -1
1 1 0 24.4 82.5 4 -1 -1 0b -1 -1 -1 5f -1 -1 -1
1 1 0 24.4 82.5 4 -1 -1 0b -1 -1 -1 5f -1 -1 -1
1 1 0 24.5 82.5 4 -1 -1 0b -1 -1 -1 5f -1 -1 -1
1 1 0 24.5 82.5 4 -1 -1 0b -1 -1 -1 5f -1 -1 -1
1 1 0 24.5 82.5 4 -1 -1 0b -1 -1 -1 5f -1 -1 -1
1 1 0 24.4 82.5 4 -1 -1 0b -1 -1 -1 5f -1 -1 -1
1 1 0 24.4 82.5 4 -1 -1 0b -1 -1 -1 5f -1 -1 -1
1 1 0 24.3 82.5 4 -1 -1 0b -1 -1 -1 5f -1 -1 -1
1 1 0 24.3 82.5 4 -1 -1 0b -1 -1 -1 5f -1 -1 -1
1 1 0 24.3 82.5 4 -1 -1 0b -1 -1 -1 5f -1 -1 -1
1 1 0 24.4 82.5 4 -1 -1 0b -1 -1 -1 5f -1 -1 -1
1 1 0 24.3 82.5 4 -1 -1 0b -1 -1 -1 5f -1 -1 -1
1 1 0 24.3 82.5 4 -1 -1 0b -1 -1 -1 5f -1 -1 -1
1 1 0 24.3 82.5 4 -1 -1 0b -1 -1 -1 5f -1 -1 -1
1 1 0 24.4 82.5 4 -1 -1 0b -1 -1 -1 5f -1 -1 -1
1 1 0 24.4 82.5 4 -1 -1 0b -1 -1 -1 5f -1 -1 -1
1 1 0 24.3 82.5 4 -1 -1 0b -1 -1 -1 5f -1 -1 -1
1 1 0 24.3 82.5 4 -1 -1 0b -1 -1 -1 5f -1 -1 -1
1 1 0 24.3 82.5 4 -1 -1 0b -1 -1 -1 5f -1 -1 -1
1 1 0 24.3 82.5 4 -1 -1 0b -1 -1 -1 5f -1 -1 -1
1 1 0 24.4 82.5 4 -1 -1 0b -1 -1 -1 5f -1 -1 -1
1 1 0 24.4 82.5 4 -1 -1 0b -1 -1 -1 5f -1 -1 -1
1 1 0 24.4 82.5 4 -1 -1 0b -1 -1 -1 5f -1 -1 -1
1 1 0 24.4 82.5 4 -1 -1 0b -1 -1 -1 5f -1 -1 -1
1 1 0 24.5 82.5 4 -1 -1 0b -1 -1 -1 5f -1 -1 -1
1 1 0 24.4 82.5 4 -1 -1 0b -1 -1 -1 5f -1 -1 -1
1 1 0 24.4 82.5 4 -1 -1 0b -1 -1 -1 5f -1 -1 -1
1 1 0 24.4 82.5 4 -1 -1 0b -1 -1 -1 5f -1 -1 -1
1 1 0 24.5 82.5 4 -1 -1 0b -1 -1 -1 5f -1 -1 -1
1 1 0 24.5 82.0 4 -1 -1 0b -1 -1 -1 5f -1 -1 -1
1 1 0 24.5 82.0 4 -1 -1 0b -1 -1 -1 5f -1 -1 -1
1 1 0 24.5 82.0 4 -1 -1 0b -1 -1 -1 5f -1 -1 -1
1 1 0 24.5 82.0 4 -1 -1 0b -1 -1 -1 5f -1 -1 -1
1 1 0 24.5 82.0 4 -1 -1 0b -1 -1 -1 5f -1 -1 -1
1 1 0 24.5 82.0 4 -1 -1 0b -1 -1 -1 5f -1 -1 -1
1 1 0 24.5 82.0 4 -1 -1 0b -1 -1 -1 5f -1 -1 -1
1 1 0 24.5 82.0 4 -1 -1 0b -1 -1 -1 5f -1 -1 -1
1 1 0 24.4 82.0 4 -1 -1 0b -1 -1 -1 5f -1 -1 -1
1 1 0 24.4 82.0 4 -1 -1 0b -1 -1 -1 5f -1 -1 -1
1 1 0 24.5 82.0 4 -1 -1 0b -1 -1 -1 5f -1 -1 -1
1 1 0 24.5 82.0 4 -1 -1 0b -1 -1 -1 5f -1 -1 -1
1 1 0 24.4 82.0 4 -1 -1 0b -1 -1 -1 5f -1 -1 -1
1 1 0 24.5 82.0 4 -1 -1 0b -1 -1 -1 5f -1 -1 -1
1 1 0 24.5 82.0 4 -1 -1 0b -1 -1 -1 5f -1 -1 -1
1 1 0 24.5 82.0 4 -1 -1 0b -1 -1 -1 5f -1 -1 -1
1 1 0 24.5 82.0 4 -1 -1 0b -1 -1 -1 5f -1 -1 -1
1 1 0 24.5 82.0 4 -1 -1 0b -1 -1 -1 5f -1 -1 -1
1 1 0 24.6 82.0 4 -1 -1 0b -1 -1 -1 5f -1 -1 -1
1 1 0 24.5 82.0 4 -1 -1 0b -1 -1 -1 5f -1 -1 -1
1 1 0 24.6 82.0 4 -1 -1 0b -1 -1 -1 5f -1 -1 -1
1 1 0 24.6 82.0 4 -1 -1 0b -1 -1 -1 5f -1 -1 -1
1 1 0 24.5 82.0 4 -1 -1 0b -1 -1 -1 5f -1 -1 -1
1 1 0 24.6 82.0 4 -1 -1 0b -1 -1 -1 5f -1 -1 -1
1 1 0 24.6 82.0 4 -1 -1 0b -1 -1 -1 5f -1 -1 -1
1 1 0 24.6 82.0 4 -1 -1 0b -1 -1 -1 5f -1 -1 -1
1 1 0 24.6 82.0 4 -1 -1 0b -1 -1 -1 5f -1 -1 -1
1 1 0 24.6 82.0 4 -1 -1 0b -1 -1 -1 5f -1 -1 -1
1 1 0 24.6 82.0 4 -1 -1 0b -1 -1 -1 5f -1 -1 -1
1 1 0 24.7 82.0 4 -1 -1 0b -1 -1 -1 5f -1 -1 -1
1 1 0 24.6 82.0 4 -1 -1 0b -1 -1 -1 5f -1 -1 -1
1 1 0 24.7 82.0 4 -1 -1 0b -1 -1 -1 5f -1 -1 -1
1 1 0 24.7 81.5 4 -1 -1 0b -1 -1 -1 5f -1 -1 -1
1 1 0 24.7 81.5 4 -1 -1 0b -1 -1 -1 5f -1 -1 -1
1 1 0 24.7 81.5 4 -1 -1 0b -1 -1 -1 5f -1 -1 -1
1 1 0 24.7 81.5 4 -1 -1 0b -1 -1 -1 5f -1 -1 -1
1 1 0 24.7 81.5 4 -1 -1 0b -1 -1 -1 5f -1 -1 -1
1 1 0 24.7 81.5 4 -1 -1 0b -1 -1 -1 5f -1 -1 -1
1 1 0 24.7 81.5 4 -1 -1 0b -1 -1 -1 5f -1 -1 -1
1 1 0 24.6 81.5 4 -1 -1 0b -1 -1 -1 5f -1 -1 -1
1 1 0 24.6 81.5 4 -1 -1 0b -1 -1 -1 5f -1 -1 -1
1 1 0 24.6 81.5 4 -1 -1 0b -1 -1 -1 5f -1 -1 -1
1 1 0 24.6 81.5 4 -1 -1 0b -1 -1 -1 5f -1 -1 -1
1 1 0 24.6 81.5 4 -1 -1 0b -1 -1 -1 5f -1 -1 -1
1 1 0 24.6 81.5 4 -1 -1 0b -1 -1 -1 5f -1 -1 -1
1 1 0 24.7 81.5 4 -1 -1 0b -1 -1 -1 5f -1 -1 -1
1 1 0 24.7 81.5 4 -1 -1 0b -1 -1 -1 5f -1 -1 -1
1 1 0 24.7 81.5 4 -1 -1 0b -1 -1 -1 5f -1 -1 -1
1 1 0 24.7 81.5 4 -1 -1 0b -1 -1 -1 5f -1 -1 -1
1 1 0 24.7 81.5 4 -1 -1 0b -1 -1 -1 5f -1 -1 -1
1 1 0 24.7 81.5 4 -1 -1 0b -1 -1 -1 5f -1 -1 -1
1 1 0 24.7 81.5 4 -1 -1 0b -1 -1 -1 5f -1 -1 -1
1 1 0 24.7 81.5 4 -1 -1 0b -1 -1 -1 5f -1 -1 -1
1 1 0 24.7 81.5 4 -1 -1 0b -1 -1 -1 5f -1 -1 -1
1 1 0 24.8 81.5 4 -1 -1 0b -1 -1 -1 5f -1 -1 -1
1 1 0 24.8 81.5 4 -1 -1 0b -1 -1 -1 5f -1 -1 -1
1 1 0 24.8 81.5 4 -1 -1 0b -1 -1 -1 5f -1 -1 -1
1 1 0 24.7 81.5 4 -1 -1 0b -1 -1 -1 5f -1 -1 -1
1 1 0 24.8 81.5 4 -1 -1 0b -1 -1 -1 5f -1 -1 -1
1 1 0 24.7 81.5 4 -1 -1 0b -1 -1 -1 5f -1 -1 -1
1 1 0 24.8 81.5 4 -1 -1 0b -1 -1 -1 5f -1 -1 -1
1 1 0 24.7 81.5 4 -1 -1 0b -1 -1 -1 5f -1 -1 -1
1 1 0 24.8 81.5 4 -1 -1 0b -1 -1 -1 5f -1 -1 -1
1 1 0 24.8 81.0 4 -1 -1 0b -1 -1 -1 5f -1 -1 -1
1 1 0 24.8 81.0 4 -1 -1 0b -1 -1 -1 5f -1 -1 -1
1 1 0 24.8 81.0 4 -1 -1 0b -1 -1 -1 5f -1 -1 -1
1 1 0 24.8 81.0 4 -1 -1 0b -1 -1 -1 5f -1 -1 -1
1 1 0 24.8 81.0 4 -1 -1 0b -1 -1 -1 5f -1 -1 -1
1 1 0 24.8 81.0 4 -1 -1 0b -1 -1 -1 5f -1 -1 -1
1 1 0 24.8 81.0 4 -1 -1 0b -1 -1 -1 5f -1 -1 -1
1 1 0 24.8 81.0 4 -1 -1 0b -1 -1 -1 5f -1 -1 -1
1 1 0 24.8 81.0 4 -1 -1 0b -1 -1 -1 5f -1 -1 -1
1 1 0 24.8 81.0 4 -1 -1 0b -1 -1 -1 5f -1 -1 -1
1 1 0 24.8 81.0 4 -1 -1 0b -1 -1 -1 5f -1 -1 -1
1 1 0 24.8 81.0 4 -1 -1 0b -1 -1 -1 5f -1 -1 -1
1 1 0 24.8 81.0 4 -1 -1 0b -1 -1 -1 5f -1 -1 -1
1 1 0 24.9 81.0 4 -1 -1 0b -1 -1 -1 5f -1 -1 -1
1 1 0 24.9 81.0 4 -1 -1 0b -1 -1 -1 5f -1 -1 -1
1 1 0 24.8 81.0 4 -1 -1 0b -1 -1 -1 5f -1 -1 -1
1 1 0 24.9 81.0 4 -1 -1 0b -1 -1 -1 5f -1 -1 -1
1 1 0 24.9 81.0 4 -1 -1 0b -1 -1 -1 5f -1 -1 -1
1 1 0 24.9 81.0 4 -1 -1 0b -1 -1 -1 5f -1 -1 -1
1 1 0 24.8 81.0 4 -1 -1 0b -1 -1 -1 5f -1 -1 -1
1 1 0 24.9 81.0 4 -1 -1 0b -1 -1 -1 5f -1 -1 -1
1 1 0 24.9 81.0 4 -1 -1 0b -1 -1 -1 5f -1 -1 -1
1 1 0 24.8 81.0 4 -1 -1 0b -1 -1 -1 5f -1 -1 -1
1 1 0 24.8 81.0 4 -1 -1 0b -1 -1 -1 5f -1 -1 -1
1 1 0 24.8 81.0 4 -1 -1 0b -1 -1 -1 5f -1 -1 -1
1 1 0 24.8 81.0 4 -1 -1 0b -1 -1 -1 5f -1 -1 -1
1 1 0 24.8 81.0 4 -1 -1 0b -1 -1 -1 5f -1 -1 -1
1 1 0 24.8 81.0 4 -1 -1 0b -1 -1 -1 5f -1 -1 -1
1 1 0 24.8 81.0 4 -1 -1 0b -1 -1 -1 5f -1 -1 -1
1 1 0 24.9 81.0 4 -1 -1 0b -1 -1 -1 5f -1 -1 -1
1 1 0 24.8 81.0 4 -1 -1 0b -1 -1 -1 5f -1 -1 -1
1 1 0 24.9 81.0 4 -1 -1 0b -1 -1 -1 5f -1 -1 -1
1 1 0 24.9 81.0 4 -1 -1 0b -1 -1 -1 5f -1 -1 -1
1 1 0 24.9 81.0 4 -1 -1 0b -1 -1 -1 5f -1 -1 -1
1 1 0 24.8 81.0 4 -1 -1 0b -1 -1 -1 5f -1 -1 -1
1 1 0 24.9 81.0 4 -1 -1 0b -1 -1 -1 5f -1 -1 -1
1 1 0 24.9 81.0 4 -1 -1 0b -1 -1 -1 5f -1 -1 -1
1 1 0 24.9 81.0 4 -1 -1 0b -1 -1 -1 5f -1 -1 -1
1 1 0 24.8 81.0 4 -1 -1 0b -1 -1 -1 5f -1 -1 -1
1 1 0 24.9 81.0 4 -1 -1 0b -1 -1 -1 5f -1 -1 -1
1 1 0 24.9 81.0 4 -1 -1 0b -1 -1 -1 5f -1 -1 -1
1 1 0 24.9 81.0 4 -1 -1 0b -1 -1 -1 5f -1 -1 -1
1 1 0 24.9 81.0 4 -1 -1 0b -1 -1 -1 5f -1 -1 -1
1 1 0 24.9 81.0 4 -1 -1 0b -1 -1 -1 5f -1 -1 -1
1 1 0 24.9 81.0 4 -1 -1 0b -1 -1 -1 5f -1 -1 -1
1 1 0 24.9 81.0 4 -1 -1 0b -1 -1 -1 5f -1 -1 -1
1 1 0 24.9 81.0 4 -1 -1 0b -1 -1 -1 5f -1 -1 -1
1 1 0 24.9 81.0 4 -1 -1 0b -1 -1 -1 5f -1 -1 -1
1 1 0 24.9 81.0 4 -1 -1 0b -1 -1 -1 5f -1 -1 -1
1 1 0 24.9 81.0 4 -1 -1 0b -1 -1 -1 5f -1 -1 -1
1 1 0 24.9 81.0 4 -1 -1 0b -1 -1 -1 5f -1 -1 -1
1 1 0 24.9 81.0 4 -1 -1 0b -1 -1 -1 5f -1 -1 -1
1 1 0 24.9 81.0 4 -1 -1 0b -1 -1 -1 5f -1 -1 -1
1 1 0 24.9 81.0 4 -1 -1 0b -1 -1 -1 5f -1 -1 -1
1 1 0 24.9 81.0 4 -1 -1 0b -1 -1 -1 5f -1 -1 -1
1 1 0 24.9 81.0 4 -1 -1 0b -1 -1 -1 5f -1 -1 -1
1 1 0 24.9 80.5 4 -1 -1 0b -1 -1 -1 5f -1 -1 -1
1 1 0 24.9 80.5 4 -1 -1 0b -1 -1 -1 5f -1 -1 -1
1 1 0 24.9 80.5 4 -1 -1 0b -1 -1 -1 5f -1 -1 -1
1 1 0 24.9 80.5 4 -1 -1 0b -1 -1 -1 5f -1 -1 -1
1 1 0 24.9 80.5 4 -1 -1 0b -1 -1 -1 5f -1 -1 -1
1 1 0 24.9 80.5 4 -1 -1 0b -1 -1 -1 5f -1 -1 -1
1 1 0 25.0 80.5 4 -1 -1 0b -1 -1 -1 5f -1 -1 -1
1 1 0 24.9 80.5 4 -1 -1 0b -1 -1 -1 5f -1 -1 -1
1 1 0 24.9 80.5 4 -1 -1 0b -1 -1 -1 5f -1 -1 -1
1 1 0 25.0 80.5 4 -1 -1 0b -1 -1 -1 5f -1 -1 -1
1 1 0 25.0 80.5 1 -1 -1 0b -1 -1 -1 5f -1 -1 -1
1 1 0 25.0 80.5 1 -1 -1 0b -1 -1 -1 5f -1 -1 -1
1 1 0 24.9 80.5 1 -1 -1 0b -1 -1 -1 5f -1 -1 -1
1 1 0 24.9 80.5 1 -1 -1 0b -1 -1 -1 5f -1 -1 -1
1 1 0 25.0 80.5 1 -1 -1 0b -1 -1 -1 5f -1 -1 -1
1 1 0 24.9 80.5 1 -1 -1 0b -1 -1 -1 5f -1 -1 -1
1 1 0 24.9 80.5 1 -1 -1 0b -1 -1 -1 5f -1 -1 -1
1 1 0 24.9 80.5 1 -1 -1 0b -1 -1 -1 5f -1 -1 -1
1 1 0 25.0 80.5 1 -1 -1 0b -1 -1 -1 5f -1 -1 -1
1 1 0 25.0 80.5 1 -1 -1 0b -1 -1 -1 5f -1 -1 -1
1 1 0 25.0 80.5 1 -1 -1 0b -1 -1 -1 5f -1 -1 -1
1 1 0 25.0 80.5 1 -1 -1 0b -1 -1 -1 5f -1 -1 -1
1 1 0 24.9 80.5 1 -1 -1 0b -1 -1 -1 5f -1 -1 -1
1 1 0 24.9 80.5 1 -1 -1 0b -1 -1 -1 5f -1 -1 -1
1 1 0 25.0 80.5 1 -1 -1 0b -1 -1 -1 5f -1 -1 -1
1 1 0 25.0 80.5 1 -1 -1 0b -1 -1 -1 5f -1 -1 -1
1 1 0 25.0 80.5 1 -1 -1 0b -1 -1 -1 5f -1 -1 -1
1 1 0 25.0 80.5 1 -1 -1 0b -1 -1 -1 5f -1 -1 -1
1 1 0 25.0 80.5 1 -1 -1 0b -1 -1 -1 5f -1 -1 -1
1 1 0 25.1 80.5 1 -1 -1 0b -1 -1 -1 5f -1 -1 -1
1 1 0 25.0 80.5 1 -1 -1 0b -1 -1 -1 5f -1 -1 -1
1 1 0 25.0 80.5 1 -1 -1 0b -1 -1 -1 5f -1 -1 -1
1 1 0 25.0 80.5 1 -1 -1 0b -1 -1 -1 5f -1 -1 -1
1 1 0 25.0 80.5 1 -1 -1 0b -1 -1 -1 5f -1 -1 -1
1 1 0 25.0 80.5 1 -1 -1 0b -1 -1 -1 0f -1 -1 -1
1 1 0 25.1 80.5 1 -1 -1 0b -1 -1 -1 0f -1 -1 -1
1 1 0 25.0 80.5 1 -1 -1 0b -1 -1 -1 0f -1 -1 -1
1 1 0 25.0 80.5 1 -1 -1 0b -1 -1 -1 0f -1 -1 -1
1 1 0 25.0 80.5 1 -1 -1 0b -1 -1 -1 0f -1 -1 -1
1 1 0 25.1 80.5 1 -1 -1 0b -1 -1 -1 0f -1 -1 -1
1 1 0 25.1 80.5 1 -1 -1 0b -1 -1 -1 0f -1 -1 -1
1 1 0 25.0 80.5 1 -1 -1 0b -1 -1 -1 0f -1 -1 -1
1 1 0 25.1 80.5 1 -1 -1 0b -1 -1 -1 0f -1 -1 -1
1 1 0 25.0 80.5 1 -1 -1 0b -1 -1 -1 0f -1 -1 -1
1 1 0 25.1 80.5 1 -1 -1 0b -1 -1 -1 0f -1 -1 -1
1 1 0 25.0 80.5 1 -1 -1 0b -1 -1 -1 0f -1 -1 -1
1 1 0 25.1 80.5 1 -1 -1 0b -1 -1 -1 0f -1 -1 -1
1 1 0 25.0 80.5 1 -1 -1 0b -1 -1 -1 0f -1 -1 -1
1 1 0 25.0 80.5 1 -1 -1 0b -1 -1 -1 0f -1 -1 -1
1 1 0 25.1 80.5 1 -1 -1 0b -1 -1 -1 0f -1 -1 -1
1 1 0 25.1 80.5 1 -1 -1 0b -1 -1 -1 0f -1 -1 -1
1 1 0 25.1 80.5 1 -1 -1 0b -1 -1 -1 0f -1 -1 -1
1 1 0 25.0 80.0 1 -1 -1 0b -1 -1 -1 0f -1 -1 -1
1 1 0 25.1 80.0 1 -1 -1 0b -1 -1 -1 0f -1 -1 -1
1 1 0 25.0 80.0 1 -1 -1 0b -1 -1 -1 0f -1 -1 -1
1 1 0 25.0 80.0 1 -1 -1 0b -1 -1 -1 0f -1 -1 -1
1 1 0 25.0 80.0 1 -1 -1 0b -1 -1 -1 0f -1 -1 -1
1 1 0 25.1 80.0 1 -1 -1 0b -1 -1 -1 0f -1 -1 -1
1 1 0 25.1 80.0 1 -1 -1 0b -1 -1 -1 0f -1 -1 -1
1 1 0 25.1 80.0 1 -1 -1 0b -1 -1 -1 0f -1 -1 -1
1 1 0 25.1 80.0 1 -1 -1 0b -1 -1 -1 0f -1 -1 -1
1 1 0 25.0 80.0 1 -1 -1 0b -1 -1 -1 0f -1 -1 -1
1 1 0 25.1 80.0 1 -1 -1 0b -1 -1 -1 0f -1 -1 -1
1 1 0 25.1 80.0 1 -1 -1 0b -1 -1 -1 0f -1 -1 -1
1 1 0 25.1 80.0 1 -1 -1 0b -1 -1 -1 0f -1 -1 -1
1 1 0 25.1 80.0 1 -1 -1 0b -1 -1 -1 0f -1 -1 -1
1 1 0 25.0 80.0 1 -1 -1 0b -1 -1 -1 0f -1 -1 -1
1 1 0 25.1 80.0 1 -1 -1 0b -1 -1 -1 0f -1 -1 -1
1 1 0 25.0 80.0 1 -1 -1 0b -1 -1 -1 0f -1 -1 -1
1 1 0 25.1 80.0 1 -1 -1 0b -1 -1 -1 0f -1 -1 -1
1 1 0 25.1 80.0 1 -1 -1 0b -1 -1 -1 0f -1 -1 -1
1 1 0 25.1 80.0 1 -1 -1 0b -1 -1 -1 0f -1 -1 -1
1 1 0 25.1 80.0 1 -1 -1 0b -1 -1 -1 0f -1 -1 -1
1 1 0 25.1 80.0 1 -1 -1 0b -1 -1 -1 0f -1 -1 -1
1 1 0 25.1 80.0 1 -1 -1 0b -1 -1 -1 0f -1 -1 -1
1 1 0 25.1 80.0 1 -1 -1 0b -1 -1 -1 0f -1 -1 -1
1 1 0 25.1 80.0 1 -1 -1 0b -1 -1 -1 0f -1 -1 -1
1 1 0 25.1 80.0 1 -1 -1 0b -1 -1 -1 0f -1 -1 -1
1 1 0 25.1 80.0 1 -1 -1 0b -1 -1 -1 0f -1 -1 -1
1 1 0 25.1 80.0 1 -1 -1 0b -1 -1 -1 0f -1 -1 -1
1 1 0 25.1 80.0 1 -1 -1 0b -1 -1 -1 0f -1 -1 -1
1 1 0 25.1 80.0 1 -1 -1 0b -1 -1 -1 0f -1 -1 -1
1 1 0 25.1 80.0 1 -1 -1 0b -1 -1 -1 0f -1 -1 -1
1 1 0 25.1 80.0 1 -1 -1 0b -1 -1 -1 0f -1 -1 -1
1 1 0 25.0 80.0 1 -1 -1 0b -1 -1 -1 0f -1 -1 -1
1 1 0 25.1 80.0 1 -1 -1 0b -1 -1 -1 0f -1 -1 -1
1 1 0 25.1 80.0 1 -1 -1 0b -1 -1 -1 0f -1 -1 -1
1 1 0 25.1 79.5 1 -1 -1 0b -1 -1 -1 0f -1 -1 -1
1 1 0 25.1 80.0 1 -1 -1 0b -1 -1 -1 0f -1 -1 -1
1 1 0 25.1 80.0 1 -1 -1 0b -1 -1 -1 0f -1 -1 -1
1 1 0 25.1 80.0 1 -1 -1 0b -1 -1 -1 0f -1 -1 -1
1 1 0 25.0 79.5 1 -1 -1 0b -1 -1 -1 0f -1 -1 -1
1 1 0 25.1 79.5 1 -1 -1 0b -1 -1 -1 0f -1 -1 -1
1 1 0 25.1 79.5 1 -1 -1 0b -1 -1 -1 0f -1 -1 -1
1 1 0 25.0 79.5 1 -1 -1 0b -1 -1 -1 0f -1 -1 -1
1 1 0 25.1 79.5 1 -1 -1 0b -1 -1 -1 0f -1 -1 -1
1 1 0 25.0 79.5 1 -1 -1 0b -1 -1 -1 0f -1 -1 -1
1 1 0 25.0 79.5 1 -1 -1 0b -1 -1 -1 0f -1 -1 -1
1 1 0 25.1 79.5 1 -1 -1 0b -1 -1 -1 0f -1 -1 -1
1 1 0 25.1 79.5 1 -1 -1 0b -1 -1 -1 0f -1 -1 -1
1 1 0 25.0 79.5 1 -1 -1 0b -1 -1 -1 0f -1 -1 -1
1 1 0 25.1 79.5 1 -1 -1 0b -1 -1 -1 0f -1 -1 -1
1 1 0 25.1 79.5 1 -1 -1 0b -1 -1 -1 0f -1 -1 -1
1 1 0 25.0 79.5 1 -1 -1 0b -1 -1 -1 0f -1 -1 -1
1 1 0 25.0 79.5 1 -1 -1 0b -1 -1 -1 0f -1 -1 -1
