1 1 0 25.0 79.5 1 -1 0b 0f -1 -1 -1 -1 -1
1 1 0 25.1 79.5 1 -1 0b 0f -1 -1 -1 -1 -1
1 1 0 25.1 79.5 1 -1 0b 0f -1 -1 -1 -1 -1
1 1 0 25.2 79.5 1 -1 0b 0f -1 -1 -1 -1 -1
1 1 0 25.0 79.5 1 -1 0b 0f -1 -1 -1 -1 -1
1 1 0 25.0 79.5 1 -1 0b 0f -1 -1 -1 -1 -1
1 1 0 25.1 79.5 1 -1 0b 0f -1 -1 -1 -1 -1
1 1 0 25.0 79.5 1 -1 0b 0f -1 -1 -1 -1 -1
1 1 0 25.0 79.5 1 -1 0b 0f -1 -1 -1 -1 -1
1 1 0 25.1 79.5 1 -1 0b 0f -1 -1 -1 -1 -1
1 1 0 25.2 79.5 1 -1 0b 0f -1 -1 -1 -1 -1
1 1 0 25.2 79.5 1 -1 0b 0f -1 -1 -1 -1 -1
1 1 0 25.2 79.5 1 -1 0b 0f -1 -1 -1 -1 -1
1 1 0 25.1 79.5 1 -1 0b 0f -1 -1 -1 -1 -1
1 1 0 25.1 79.5 1 -1 0b 0f -1 -1 -1 -1 -1
1 1 0 25.1 79.5 1 -1 0b 0f -1 -1 -1 -1 -1
1 1 0 25.0 79.5 1 -1 0b 0f -1 -1 -1 -1 -1
1 1 0 25.1 79.5 1 -1 0b 0f -1 -1 -1 -1 -1
1 1 0 25.1 79.5 1 -1 0b 0f -1 -1 -1 -1 -1
1 1 0 25.1 79.5 1 -1 0b 0f -1 -1 -1 -1 -1
1 1 0 25.1 79.5 1 -1 0b 0f -1 -1 -1 -1 -1
1 1 0 25.1 79.5 1 -1 0b 0f -1 -1 -1 -1 -1
1 1 0 25.0 79.5 1 -1 0b 0f -1 -1 -1 -1 -1
1 1 0 25.1 79.5 1 -1 0b 0f -1 -1 -1 -1 -1
1 1 0 25.1 79.5 1 -1 0b 0f -1 -1 -1 -1 -1
1 1 0 25.1 79.5 1 -1 0b 0f -1 -1 -1 -1 -1
1 1 0 25.1 79.5 1 -1 0b 0f -1 -1 -1 -1 -1
1 1 0 25.1 79.5 1 -1 0b 0f -1 -1 -1 -1 -1
1 1 0 25.0 79.5 1 -1 0b 0f -1 -1 -1 -1 -1
1 1 0 25.1 79.5 1 -1 0b 0f -1 -1 -1 -1 -1
1 1 0 25.0 79.5 1 -1 0b 0f -1 -1 -1 -1 -1
1 1 0 25.1 79.5 1 -1 0b 0f -1 -1 -1 -1 -1
1 1 0 25.0 79.5 1 -1 0b 0f -1 -1 -1 -1 -1
1 1 0 25.1 79.5 1 -1 0b 0f -1 -1 -1 -1 -1
1 1 0 25.1 79.5 1 -1 0b 0f -1 -1 -1 -1 -1
1 1 0 25.0 79.5 1 -1 0b 0f -1 -1 -1 -1 -1
1 1 0 25.0 79.5 1 -1 0b 0f -1 -1 -1 -1 -1
1 1 0 25.1 79.5 1 -1 0b 0f -1 -1 -1 -1 -1
1 1 0 25.1 79.5 1 -1 0b 0f -1 -1 -1 -1 -1
1 1 0 25.0 79.5 1 -1 0b 0f -1 -1 -1 -1 -1
1 1 0 25.0 79.5 1 -1 0b 0f -1 -1 -1 -1 -1
1 1 0 25.0 79.5 1 -1 0b 0f -1 -1 -1 -1 -1
1 1 0 25.0 79.5 1 -1 0b 0f -1 -1 -1 -1 -1
1 1 0 25.1 79.5 1 -1 0b 0f -1 -1 -1 -1 -1
1 1 0 25.1 79.5 1 -1 0b 0f -1 -1 -1 -1 -1
1 1 0 25.1 79.5 1 -1 0b 0f -1 -1 -1 -1 -1
1 1 0 25.1 79.5 1 -1 0b 0f -1 -1 -1 -1 -1
1 1 0 25.0 79.5 1 -1 0b 0f -1 -1 -1 -1 -1
1 1 0 25.1 79.5 1 -1 0b 0f -1 -1 -1 -1 -1
1 1 0 25.0 79.5 1 -1 0b 0f -1 -1 -1 -1 -1
1 1 0 25.0 79.5 1 -1 0b 0f -1 -1 -1 -1 -1
1 1 0 25.0 79.5 1 -1 0b 0f -1 -1 -1 -1 -1
1 1 0 25.1 79.5 1 -1 0b 0f -1 -1 -1 -1 -1
1 1 0 25.1 79.5 1 -1 0b 0f -1 -1 -1 -1 -1
1 1 0 25.0 79.5 1 -1 0b 0f -1 -1 -1 -1 -1
1 1 0 25.0 79.5 1 -1 0b 0f -1 -1 -1 -1 -1
1 1 0 25.0 79.5 1 -1 0b 0f -1 -1 -1 -1 -1
1 1 0 25.1 79.5 1 -1 0b 0f -1 -1 -1 -1 -1
1 1 0 25.1 79.5 1 -1 0b 0f -1 -1 -1 -1 -1
1 1 0 25.0 79.5 1 -1 0b 0f -1 -1 -1 -1 -1
1 1 0 25.0 79.5 1 -1 0b 0f -1 -1 -1 -1 -1
1 1 0 25.0 79.5 1 -1 0b 0f -1 -1 -1 -1 -1
1 1 0 25.0 79.5 1 -1 0b 0f -1 -1 -1 -1 -1
1 1 0 25.0 79.5 1 -1 0b 0f -1 -1 -1 -1 -1
1 1 0 25.1 79.5 1 -1 0b 0f -1 -1 -1 -1 -1
1 1 0 25.0 79.5 1 -1 0b 0f -1 -1 -1 -1 -1
1 1 0 25.1 79.5 1 -1 0b 0f -1 -1 -1 -1 -1
1 1 0 25.1 79.5 1 -1 0b 0f -1 -1 -1 -1 -1
1 1 0 25.1 79.5 1 -1 0b 0f -1 -1 -1 -1 -1
1 1 0 25.1 79.5 1 -1 0b 0f -1 -1 -1 -1 -1
1 1 0 25.1 79.5 1 -1 0b 0f -1 -1 -1 -1 -1
1 1 0 25.0 79.5 1 -1 0b 0f -1 -1 -1 -1 -1
1 1 0 25.0 79.5 1 -1 0b 0f -1 -1 -1 -1 -1
1 1 0 25.1 79.5 1 -1 0b 0f -1 -1 -1 -1 -1
1 1 0 25.0 79.5 1 -1 0b 0f -1 -1 -1 -1 -1
1 1 0 25.0 79.5 1 -1 0b 0f -1 -1 -1 -1 -1
1 1 0 25.1 79.5 1 -1 0b 0f -1 -1 -1 -1 -1
1 1 0 25.0 79.5 1 -1 0b 0f -1 -1 -1 -1 -1
1 1 0 25.1 79.5 1 -1 0b 0f -1 -1 -1 -1 -1
1 1 0 25.0 79.5 1 -1 0b 0f -1 -1 -1 -1 -1
1 1 0 25.0 79.5 1 -1 0b 0f -1 -1 -1 -1 -1
1 1 0 25.0 79.5 1 -1 0b 0f -1 -1 -1 -1 -1
1 1 0 25.0 79.5 1 -1 0b 0f -1 -1 -1 -1 -1
1 1 0 25.0 79.5 1 -1 0b 0f -1 -1 -1 -1 -1
1 1 0 25.0 79.5 1 -1 0b 0f -1 -1 -1 -1 -1
1 1 0 25.0 79.5 1 -1 0b 0f -1 -1 -1 -1 -1
1 1 0 25.1 79.5 1 -1 0b 0f -1 -1 -1 -1 -1
1 1 0 25.1 79.5 1 -1 0b 0f -1 -1 -1 -1 -1
1 1 0 25.1 79.5 1 -1 0b 0f -1 -1 -1 -1 -1
1 1 0 25.0 79.5 1 -1 0b 0f -1 -1 -1 -1 -1
1 1 0 25.0 79.5 1 -1 0b 0f -1 -1 -1 -1 -1
1 1 0 25.1 79.5 1 -1 0b 0f -1 -1 -1 -1 -1
1 1 0 25.1 79.5 1 -1 0b 0f -1 -1 -1 -1 -1
1 1 0 25.1 79.5 1 -1 0b 0f -1 -1 -1 -1 -1
1 1 0 25.0 79.5 1 -1 0b 0f -1 -1 -1 -1 -1
1 1 0 25.1 79.5 1 -1 0b 0f -1 -1 -1 -1 -1
1 1 0 25.1 79.5 1 -1 0b 0f -1 -1 -1 -1 -1
1 1 0 25.1 79.5 1 -1 0b 0f -1 -1 -1 -1 -1
1 1 0 25.1 79.5 1 -1 0b 0f -1 -1 -1 -1 -1
1 1 0 25.1 79.5 1 -1 0b 0f -1 -1 -1 -1 -1
1 1 0 25.1 79.5 1 -1 0b 0f -1 -1 -1 -1 -1
1 1 0 25.0 79.5 1 -1 0b 0f -1 -1 -1 -1 -1
1 1 0 25.0 79.5 1 -1 0b 0f -1 -1 -1 -1 -1
1 1 0 25.0 79.5 1 -1 0b 0f -1 -1 -1 -1 -1
1 1 0 25.0 79.5 1 -1 0b 0f -1 -1 -1 -1 -1
1 1 0 25.0 79.5 1 -1 0b 0f -1 -1 -1 -1 -1
1 1 0 25.0 79.5 1 -1 0b 0f -1 -1 -1 -1 -1
1 1 0 25.0 79.5 1 -1 0b 0f -1 -1 -1 -1 -1
1 1 0 25.0 79.5 1 -1 0b 0f -1 -1 -1 -1 -1
1 1 0 25.0 79.5 1 -1 0b 0f -1 -1 -1 -1 -1
1 1 0 25.0 79.5 1 -1 0b 0f -1 -1 -1 -1 -1
1 1 0 25.1 79.5 1 -1 0b 0f -1 -1 -1 -1 -1
1 1 0 25.0 79.5 1 -1 0b 0f -1 -1 -1 -1 -1
1 1 0 25.0 79.5 1 -1 0b 0f -1 -1 -1 -1 -1
1 1 0 25.0 79.5 1 -1 0b 0f -1 -1 -1 -1 -1
1 1 0 25.1 79.5 1 -1 0b 0f -1 -1 -1 -1 -1
1 1 0 25.0 79.5 1 -1 0b 0f -1 -1 -1 -1 -1
1 1 0 25.1 79.5 1 -1 0b 0f -1 -1 -1 -1 -1
1 1 0 25.0 79.5 1 -1 0b 0f -1 -1 -1 -1 -1
1 1 0 25.0 79.5 1 -1 0b 0f -1 -1 -1 -1 -1
1 1 0 25.1 79.5 1 -1 0b 0f -1 -1 -1 -1 -1
1 1 0 25.0 79.5 1 -1 0b 0f -1 -1 -1 -1 -1
1 1 0 25.0 79.5 1 -1 0b 0f -1 -1 -1 -1 -1
1 1 0 25.0 79.5 1 -1 0b 0f -1 -1 -1 -1 -1
1 1 0 25.0 79.5 1 -1 0b 0f -1 -1 -1 -1 -1
1 1 0 25.0 79.5 1 -1 0b 0f -1 -1 -1 -1 -1
1 1 0 25.0 79.5 1 -1 0b 0f -1 -1 -1 -1 -1
1 1 0 25.0 79.5 1 -1 0b 0f -1 -1 -1 -1 -1
1 1 0 25.1 79.5 1 -1 0b 0f -1 -1 -1 -1 -1
1 1 0 25.1 79.5 1 -1 0b 0f -1 -1 -1 -1 -1
1 1 0 25.1 79.5 1 -1 0b 0f -1 -1 -1 -1 -1
1 1 0 25.1 79.5 1 -1 0b 0f -1 -1 -1 -1 -1
1 1 0 25.0 79.5 1 -1 0b 0f -1 -1 -1 -1 -1
1 1 0 25.0 79.5 1 -1 0b 0f -1 -1 -1 -1 -1
1 1 0 25.1 79.5 1 -1 0b 0f -1 -1 -1 -1 -1
1 1 0 25.1 79.5 1 -1 0b 0f -1 -1 -1 -1 -1
1 1 0 25.0 79.5 1 -1 0b 0f -1 -1 -1 -1 -1
1 1 0 25.1 79.5 1 -1 0b 0f -1 -1 -1 -1 -1
1 1 0 25.0 79.5 1 -1 0b 0f -1 -1 -1 -1 -1
1 1 0 25.0 79.5 1 -1 0b 0f -1 -1 -1 -1 -1
1 1 0 25.0 79.5 1 -1 0b 0f -1 -1 -1 -1 -1
1 1 0 25.0 79.5 1 -1 0b 0f -1 -1 -1 -1 -1
1 1 0 25.0 79.5 1 -1 0b 0f -1 -1 -1 -1 -1
1 1 0 25.1 79.5 1 -1 0b 0f -1 -1 -1 -1 -1
1 1 0 25.0 79.5 1 -1 0b 0f -1 -1 -1 -1 -1
1 1 0 25.1 79.5 1 -1 0b 0f -1 -1 -1 -1 -1
1 1 0 25.1 79.5 1 -1 0b 0f -1 -1 -1 -1 -1
1 1 0 25.0 79.0 1 -1 0b 0f -1 -1 -1 -1 -1
1 1 0 25.1 79.5 1 -1 0b 0f -1 -1 -1 -1 -1
1 1 0 25.1 79.5 1 -1 0b 0f -1 -1 -1 -1 -1
1 1 0 25.1 79.5 1 -1 0b 0f -1 -1 -1 -1 -1
1 1 0 25.1 79.5 1 -1 0b 0f -1 -1 -1 -1 -1
1 1 0 25.1 79.5 1 -1 0b 0f -1 -1 -1 -1 -1
1 1 0 25.1 79.5 1 -1 0b 0f -1 -1 -1 -1 -1
1 1 0 25.1 79.5 1 -1 0b 0f -1 -1 -1 -1 -1
1 1 0 25.1 79.5 1 -1 0b 0f -1 -1 -1 -1 -1
1 1 0 25.0 79.5 1 -1 0b 0f -1 -1 -1 -1 -1
1 1 0 25.0 79.5 1 -1 0b 0f -1 -1 -1 -1 -1
1 1 0 25.1 79.5 1 -1 0b 0f -1 -1 -1 -1 -1
1 1 0 25.1 79.5 1 -1 0b 0f -1 -1 -1 -1 -1
1 1 0 25.1 79.5 1 -1 0b 0f -1 -1 -1 -1 -1
1 1 0 25.0 79.0 1 -1 0b 0f -1 -1 -1 -1 -1
1 1 0 25.0 79.5 1 -1 0b 0f -1 -1 -1 -1 -1
1 1 0 25.0 79.5 1 -1 0b 0f -1 -1 -1 -1 -1
1 1 0 25.1 79.5 1 -1 0b 0f -1 -1 -1 -1 -1
1 1 0 25.1 79.5 1 -1 0b 0f -1 -1 -1 -1 -1
1 1 0 25.0 79.5 1 -1 0b 0f -1 -1 -1 -1 -1
1 1 0 25.0 79.5 1 -1 0b 0f -1 -1 -1 -1 -1
1 1 0 25.0 79.5 1 -1 0b 0f -1 -1 -1 -1 -1
1 1 0 25.0 79.5 1 -1 0b 0f -1 -1 -1 -1 -1
1 1 0 25.1 79.5 1 -1 0b 0f -1 -1 -1 -1 -1
1 1 0 25.0 79.5 1 -1 0b 0f -1 -1 -1 -1 -1
1 1 0 25.0 79.5 1 -1 0b 0f -1 -1 -1 -1 -1
1 1 0 25.0 79.5 1 -1 0b 0f -1 -1 -1 -1 -1
1 1 0 25.0 79.5 1 -1 0b 0f -1 -1 -1 -1 -1
1 1 0 25.0 79.5 1 -1 0b 0f -1 -1 -1 -1 -1
1 1 0 25.0 79.5 1 -1 0b 0f -1 -1 -1 -1 -1
1 1 0 25.1 79.5 1 -1 0b 0f -1 -1 -1 -1 -1
1 1 0 25.0 79.5 1 -1 0b 0f -1 -1 -1 -1 -1
1 1 0 25.0 79.5 1 -1 0b 0f -1 -1 -1 -1 -1
1 1 0 25.0 79.5 1 -1 0b 0f -1 -1 -1 -1 -1
1 1 0 25.1 79.5 1 -1 0b 0f -1 -1 -1 -1 -1
1 1 0 25.0 79.5 1 -1 0b 0f -1 -1 -1 -1 -1
1 1 0 25.1 79.5 1 -1 0b 0f -1 -1 -1 -1 -1
1 1 0 25.0 79.5 1 -1 0b 0f -1 -1 -1 -1 -1
1 1 0 25.1 79.5 1 -1 0b 0f -1 -1 -1 -1 -1
1 1 0 25.1 79.5 1 -1 0b 0f -1 -1 -1 -1 -1
1 1 0 25.0 79.5 1 -1 0b 0f -1 -1 -1 -1 -1
1 1 0 25.0 79.5 1 -1 0b 0f -1 -1 -1 -1 -1
1 1 0 25.0 79.5 1 -1 0b 0f -1 -1 -1 -1 -1
1 1 0 25.0 79.5 1 -1 0b 0f -1 -1 -1 -1 -1
1 1 0 25.0 79.5 1 -1 0b 0f -1 -1 -1 -1 -1
1 1 0 25.0 79.5 1 -1 0b 0f -1 -1 -1 -1 -1
1 1 0 25.1 79.5 1 -1 0b 0f -1 -1 -1 -1 -1
1 1 0 25.0 79.5 1 -1 0b 0f -1 -1 -1 -1 -1
1 1 0 25.0 79.5 1 -1 0b 0f -1 -1 -1 -1 -1
1 1 0 25.0 79.5 1 -1 0b 0f -1 -1 -1 -1 -1
1 1 0 25.0 79.5 1 -1 0b 0f -1 -1 -1 -1 -1
1 1 0 25.0 79.5 1 -1 0b 0f -1 -1 -1 -1 -1
1 1 0 25.0 79.5 1 -1 0b 0f -1 -1 -1 -1 -1
1 1 0 25.1 79.5 1 -1 0b 0f -1 -1 -1 -1 -1
1 1 0 25.0 79.5 1 -1 0b 0f -1 -1 -1 -1 -1
1 1 0 25.0 79.5 1 -1 0b 0f -1 -1 -1 -1 -1
1 1 0 25.1 79.5 1 -1 0b 0f -1 -1 -1 -1 -1
1 1 0 25.1 79.5 1 -1 0b 0f -1 -1 -1 -1 -1
1 1 0 25.1 79.5 1 -1 0b 0f -1 -1 -1 -1 -1
1 1 0 25.0 79.5 1 -1 0b 0f -1 -1 -1 -1 -1
1 1 0 25.0 79.5 1 -1 0b 0f -1 -1 -1 -1 -1
1 1 0 25.0 79.5 1 -1 0b 0f -1 -1 -1 -1 -1
1 1 0 25.1 79.5 1 -1 0b 0f -1 -1 -1 -1 -1
1 1 0 25.0 79.5 1 -1 0b 0f -1 -1 -1 -1 -1
1 1 0 25.0 79.5 1 -1 0b 0f -1 -1 -1 -1 -1
1 1 0 25.0 79.5 1 -1 0b 0f -1 -1 -1 -1 -1
1 1 0 25.0 79.5 1 -1 0b 0f -1 -1 -1 -1 -1
1 1 0 25.1 79.5 1 -1 0b 0f -1 -1 -1 -1 -1
1 1 0 25.0 79.5 1 -1 0b 0f -1 -1 -1 -1 -1
1 1 0 25.0 79.5 1 -1 0b 0f -1 -1 -1 -1 -1
1 1 0 25.1 79.5 1 -1 0b 0f -1 -1 -1 -1 -1
1 1 0 25.0 79.5 1 -1 0b 0f -1 -1 -1 -1 -1
1 1 0 25.0 79.5 1 -1 0b 0f -1 -1 -1 -1 -1
1 1 0 25.0 79.5 1 -1 0b 0f -1 -1 -1 -1 -1
1 1 0 25.1 79.5 1 -1 0b 0f -1 -1 -1 -1 -1
1 1 0 25.0 79.5 1 -1 0b 0f -1 -1 -1 -1 -1
1 1 0 25.0 79.5 1 -1 0b 0f -1 -1 -1 -1 -1
1 1 0 25.0 79.5 1 -1 0b 0f -1 -1 -1 -1 -1
1 1 0 25.0 79.5 1 -1 0b 0f -1 -1 -1 -1 -1
1 1 0 25.0 79.5 1 -1 0b 0f -1 -1 -1 -1 -1
1 1 0 25.0 79.5 1 -1 0b 0f -1 -1 -1 -1 -1
1 1 0 25.0 79.5 1 -1 0b 0f -1 -1 -1 -1 -1
1 1 0 25.0 79.5 1 -1 0b 0f -1 -1 -1 -1 -1
1 1 0 25.0 79.5 1 -1 0b 0f -1 -1 -1 -1 -1
1 1 0 25.0 79.5 1 -1 0b 0f -1 -1 -1 -1 -1
1 1 0 25.1 79.5 1 -1 0b 0f -1 -1 -1 -1 -1
1 1 0 25.0 79.5 1 -1 0b 0f -1 -1 -1 -1 -1
1 1 0 25.0 79.5 1 -1 0b 0f -1 -1 -1 -1 -1
1 1 0 24.9 79.5 1 -1 0b 0f -1 -1 -1 -1 -1
1 1 0 25.0 79.5 1 -1 0b 0f -1 -1 -1 -1 -1
1 1 0 25.0 79.5 1 -1 0b 0f -1 -1 -1 -1 -1
1 1 0 25.0 79.5 1 -1 0b 0f -1 -1 -1 -1 -1
1 1 0 25.0 79.5 1 -1 0b 0f -1 -1 -1 -1 -1
1 1 0 25.0 79.5 1 -1 0b 0f -1 -1 -1 -1 -1
1 1 0 25.0 79.5 1 -1 0b 0f -1 -1 -1 -1 -1
1 1 0 25.0 79.5 1 -1 0b 0f -1 -1 -1 -1 -1
1 1 0 25.1 79.5 1 -1 0b 0f -1 -1 -1 -1 -1
1 1 0 25.0 79.5 1 -1 0b 0f -1 -1 -1 -1 -1
1 1 0 25.0 79.5 1 -1 0b 0f -1 -1 -1 -1 -1
1 1 0 25.0 79.5 1 -1 0b 0f -1 -1 -1 -1 -1
1 1 0 25.1 79.5 1 -1 0b 0f -1 -1 -1 -1 -1
1 1 0 25.0 79.5 1 -1 0b 0f -1 -1 -1 -1 -1
1 1 0 25.0 79.5 1 -1 0b 0f -1 -1 -1 -1 -1
1 1 0 25.0 79.5 1 -1 0b 0f -1 -1 -1 -1 -1
1 1 0 25.0 79.5 1 -1 0b 0f -1 -1 -1 -1 -1
1 1 0 25.0 79.5 1 -1 0b 0f -1 -1 -1 -1 -1
1 1 0 25.0 79.5 1 -1 0b 0f -1 -1 -1 -1 -1
1 1 0 25.0 79.5 1 -1 0b 0f -1 -1 -1 -1 -1
1 1 0 25.0 79.5 1 -1 0b 0f -1 -1 -1 -1 -1
1 1 0 25.0 79.5 1 -1 0b 0f -1 -1 -1 -1 -1
1 1 0 25.0 79.5 1 -1 0b 0f -1 -1 -1 -1 -1
1 1 0 25.0 79.5 1 -1 0b 0f -1 -1 -1 -1 -1
1 1 0 25.1 79.5 1 -1 0b 0f -1 -1 -1 -1 -1
1 1 0 25.0 79.5 1 -1 0b 0f -1 -1 -1 -1 -1
1 1 0 25.0 79.5 1 -1 0b 0f -1 -1 -1 -1 -1
1 1 0 25.0 79.5 1 -1 0b 0f -1 -1 -1 -1 -1
1 1 0 25.1 79.5 1 -1 0b 0f -1 -1 -1 -1 -1
1 1 0 25.0 79.5 1 -1 0b 0f -1 -1 -1 -1 -1
1 1 0 25.0 79.5 1 -1 0b 0f -1 -1 -1 -1 -1
1 1 0 25.1 79.5 1 -1 0b 0f -1 -1 -1 -1 -1
1 1 0 25.1 79.5 1 -1 0b 0f -1 -1 -1 -1 -1
1 1 0 25.1 79.5 1 -1 0b 0f -1 -1 -1 -1 -1
1 1 0 25.1 79.5 1 -1 0b 0f -1 -1 -1 -1 -1
1 1 0 25.0 79.5 1 -1 0b 0f -1 -1 -1 -1 -1
1 1 0 25.0 79.5 1 -1 0b 0f -1 -1 -1 -1 -1
1 1 0 25.0 79.5 1 -1 0b 0f -1 -1 -1 -1 -1
1 1 0 25.0 79.5 1 -1 0b 0f -1 -1 -1 -1 -1
1 1 0 25.0 79.5 1 -1 0b 0f -1 -1 -1 -1 -1
1 1 0 25.0 79.5 1 -1 0b 0f -1 -1 -1 -1 -1
1 1 0 25.0 79.5 1 -1 0b 0f -1 -1 -1 -1 -1
1 1 0 25.0 79.5 1 -1 0b 0f -1 -1 -1 -1 -1
1 1 0 25.1 79.5 1 -1 0b 0f -1 -1 -1 -1 -1
1 1 0 25.0 79.5 1 -1 0b 0f -1 -1 -1 -1 -1
1 1 0 25.0 79.5 1 -1 0b 0f -1 -1 -1 -1 -1
1 1 0 25.0 79.5 1 -1 0b 0f -1 -1 -1 -1 -1
1 1 0 25.0 79.5 1 -1 0b 0f -1 -1 -1 -1 -1
1 1 0 25.0 79.5 1 -1 0b 0f -1 -1 -1 -1 -1
1 1 0 25.0 79.5 1 -1 0b 0f -1 -1 -1 -1 -1
1 1 0 25.0 79.5 1 -1 0b 0f -1 -1 -1 -1 -1
1 1 0 25.0 79.5 1 -1 0b 0f -1 -1 -1 -1 -1
1 1 0 25.0 79.5 1 -1 0b 0f -1 -1 -1 -1 -1
1 1 0 25.0 79.5 1 -1 0b 0f -1 -1 -1 -1 -1
1 1 0 25.1 79.5 1 -1 0b 0f -1 -1 -1 -1 -1
1 1 0 25.0 79.5 1 -1 0b 0f -1 -1 -1 -1 -1
1 1 0 25.0 79.5 1 -1 0b 0f -1 -1 -1 -1 -1
1 1 0 25.0 79.5 1 -1 0b 0f -1 -1 -1 -1 -1
1 1 0 25.0 79.5 1 -1 0b 0f -1 -1 -1 -1 -1
1 1 0 25.0 79.5 1 -1 0b 0f -1 -1 -1 -1 -1
1 1 0 25.1 79.5 1 -1 0b 0f -1 -1 -1 -1 -1
1 1 0 25.0 79.5 1 -1 0b 0f -1 -1 -1 -1 -1
1 1 0 25.1 79.5 1 -1 0b 0f -1 -1 -1 -1 -1
1 1 0 25.0 79.5 1 -1 0b 0f -1 -1 -1 -1 -1
1 1 0 25.1 79.5 1 -1 0b 0f -1 -1 -1 -1 -1
1 1 0 25.0 79.5 1 -1 0b 0f -1 -1 -1 -1 -1
1 1 0 24.9 79.5 1 -1 0b 0f -1 -1 -1 -1 -1
1 1 0 25.0 79.5 1 -1 0b 0f -1 -1 -1 -1 -1
1 1 0 25.0 79.5 1 -1 0b 0f -1 -1 -1 -1 -1
1 1 0 25.0 79.5 1 -1 0b 0f -1 -1 -1 -1 -1
1 1 0 25.1 79.5 1 -1 0b 0f -1 -1 -1 -1 -1
1 1 0 25.0 79.5 1 -1 0b 0f -1 -1 -1 -1 -1
1 1 0 25.0 79.5 1 -1 0b 0f -1 -1 -1 -1 -1
1 1 0 25.0 79.5 1 -1 0b 0f -1 -1 -1 -1 -1
1 1 0 25.0 79.5 1 -1 0b 0f -1 -1 -1 -1 -1
1 1 0 25.0 79.5 1 -1 0b 0f -1 -1 -1 -1 -1
1 1 0 25.0 79.5 1 -1 0b 0f -1 -1 -1 -1 -1
1 1 0 25.0 79.5 1 -1 0b 0f -1 -1 -1 -1 -1
1 1 0 25.0 79.5 1 -1 0b 0f -1 -1 -1 -1 -1
1 1 0 25.0 79.5 1 -1 0b 0f -1 -1 -1 -1 -1
1 1 0 25.0 79.5 1 -1 0b 0f -1 -1 -1 -1 -1
1 1 0 25.0 79.5 1 -1 0b 0f -1 -1 -1 -1 -1
1 1 0 25.0 79.5 1 -1 0b 0f -1 -1 -1 -1 -1
1 1 0 24.9 79.5 1 -1 0b 0f -1 -1 -1 -1 -1
1 1 0 24.9 79.5 1 -1 0b 0f -1 -1 -1 -1 -1
1 1 0 25.0 79.5 1 -1 0b 0f -1 -1 -1 -1 -1
1 1 0 24.9 79.5 1 -1 0b 0f -1 -1 -1 -1 -1
1 1 0 25.0 79.5 1 -1 0b 0f -1 -1 -1 -1 -1
1 1 0 25.0 79.5 1 -1 0b 0f -1 -1 -1 -1 -1
1 1 0 25.0 79.5 1 -1 0b 0f -1 -1 -1 -1 -1
1 1 0 25.0 79.5 1 -1 0b 0f -1 -1 -1 -1 -1
1 1 0 25.0 79.5 1 -1 0b 0f -1 -1 -1 -1 -1
1 1 0 25.0 79.5 1 -1 0b 0f -1 -1 -1 -1 -1
1 1 0 25.0 79.5 1 -1 0b 0f -1 -1 -1 -1 -1
1 1 0 25.0 79.5 1 -1 0b 0f -1 -1 -1 -1 -1
1 1 0 24.9 79.5 1 -1 0b 0f -1 -1 -1 -1 -1
1 1 0 24.9 79.5 1 -1 0b 0f -1 -1 -1 -1 -1
1 1 0 25.0 79.5 1 -1 0b 0f -1 -1 -1 -1 -1
1 1 0 24.9 79.5 1 -1 0b 0f -1 -1 -1 -1 -1
1 1 0 24.9 79.5 1 -1 0b 0f -1 -1 -1 -1 -1
1 1 0 24.9 79.5 1 -1 0b 0f -1 -1 -1 -1 -1
1 1 0 25.0 79.5 1 -1 0b 0f -1 -1 -1 -1 -1
1 1 0 25.0 79.5 0 -1 0b 0f -1 -1 -1 -1 -1
1 1 0 24.9 79.5 0 -1 0b 0f -1 -1 -1 -1 -1
1 1 0 24.9 79.5 0 -1 0b 0f -1 -1 -1 -1 -1
1 1 0 24.9 79.5 0 -1 0b 0f -1 -1 -1 -1 -1
1 1 0 25.0 79.5 0 -1 0b 0f -1 -1 -1 -1 -1
1 1 0 24.9 79.5 0 -1 0b 0f -1 -1 -1 -1 -1
1 1 0 25.0 79.5 0 -1 0b 0f -1 -1 -1 -1 -1
1 1 0 25.0 79.5 0 -1 0b 0f -1 -1 -1 -1 -1
1 1 0 25.0 79.5 0 -1 0b 0f -1 -1 -1 -1 -1
1 1 0 24.9 79.5 0 -1 0b 0f -1 -1 -1 -1 -1
1 1 0 24.9 79.5 2 -1 0b 0f -1 -1 -1 -1 -1
1 1 0 25.0 79.5 2 -1 0b 0f -1 -1 -1 -1 -1
1 1 0 25.0 79.5 2 -1 0b 0f -1 -1 -1 -1 -1
1 1 0 24.9 79.5 2 -1 0b 0f -1 -1 -1 -1 -1
1 1 0 24.9 79.5 2 -1 0b 0f -1 -1 -1 -1 -1
1 1 0 24.9 79.5 2 -1 0b 0f -1 -1 -1 -1 -1
1 1 0 24.9 79.5 2 -1 0b 0f -1 -1 -1 -1 -1
1 1 0 24.9 79.5 3 -1 0b 0f -1 -1 -1 -1 -1
1 1 0 24.9 79.5 1 -1 0b 0f -1 -1 -1 -1 -1
1 1 0 24.9 79.5 1 -1 0b 0f -1 -1 -1 -1 -1
1 1 0 24.9 79.5 1 -1 0b 0f -1 -1 -1 -1 -1
1 1 0 24.9 79.5 1 -1 0b 0f -1 -1 -1 -1 -1
1 1 0 24.9 79.5 1 -1 0b 0f -1 -1 -1 -1 -1
1 1 0 24.9 79.5 1 -1 0b 0f -1 -1 -1 -1 -1
1 1 0 24.9 79.5 1 -1 0b 0f -1 -1 -1 -1 -1
1 1 0 25.0 79.5 1 -1 0b 0f -1 -1 -1 -1 -1
1 1 0 25.0 79.5 1 -1 0b 0f -1 -1 -1 -1 -1
1 1 0 25.0 79.5 1 -1 0b 0f -1 -1 -1 -1 -1
1 1 0 24.9 79.5 1 -1 0b 0f -1 -1 -1 -1 -1
1 1 0 24.9 79.5 1 -1 0b 0f -1 -1 -1 -1 -1
1 1 0 24.9 79.5 2 -1 0b 0f -1 -1 -1 -1 -1
1 1 0 24.9 79.5 2 -1 0b 0f -1 -1 -1 -1 -1
1 1 0 24.9 79.5 2 -1 0b 0f -1 -1 -1 -1 -1
1 1 0 24.9 79.5 2 -1 0b 0f -1 -1 -1 -1 -1
1 1 0 25.0 79.5 2 -1 0b 0f -1 -1 -1 -1 -1
1 1 0 24.9 79.5 4 -1 0b 0f -1 -1 -1 -1 -1
1 1 0 24.9 79.5 4 -1 0b 0f -1 -1 -1 -1 -1
1 1 0 24.9 79.5 4 -1 0b 0f -1 -1 -1 -1 -1
1 1 0 24.9 79.5 1 -1 0b 0f -1 -1 -1 -1 -1
1 1 0 25.0 79.5 2 -1 0b 0f -1 -1 -1 -1 -1
1 1 0 24.9 79.5 2 -1 0b 0f -1 -1 -1 -1 -1
1 1 0 24.9 79.5 2 -1 0b 0f -1 -1 -1 -1 -1
1 1 0 25.0 79.5 4 -1 0b 0f -1 -1 -1 -1 -1
1 1 0 24.8 79.5 4 -1 0b 0f -1 -1 -1 -1 -1
1 1 0 24.9 79.5 4 -1 0b 0f -1 -1 -1 -1 -1
1 1 0 24.9 79.5 4 -1 0b 0f -1 -1 -1 -1 -1
1 1 0 25.0 79.5 4 -1 0b 0f -1 -1 -1 -1 -1
1 1 0 24.9 79.5 4 -1 0b 0f -1 -1 -1 -1 -1
1 1 0 24.9 79.5 4 -1 0b 0f -1 -1 -1 -1 -1
1 1 0 24.9 79.5 4 -1 0b 0f -1 -1 -1 -1 -1
1 1 0 24.9 79.5 4 -1 0b 0f -1 -1 -1 -1 -1
1 1 0 24.9 79.5 4 -1 0b 0f -1 -1 -1 -1 -1
1 1 0 24.9 79.5 4 -1 0b 0f -1 -1 -1 -1 -1
1 1 0 24.9 79.5 4 -1 0b 0f -1 -1 -1 -1 -1
1 1 0 24.9 79.5 4 -1 0b 0f -1 -1 -1 -1 -1
1 1 0 24.9 79.5 4 -1 0b 0f -1 -1 -1 -1 -1
1 1 0 24.9 79.5 4 -1 0b 0f -1 -1 -1 -1 -1
1 1 0 24.9 79.5 4 -1 0b 0f -1 -1 -1 -1 -1
1 1 0 25.0 79.5 4 -1 0b 0f -1 -1 -1 -1 -1
1 1 0 25.0 79.5 6 -1 0b 0f -1 -1 -1 -1 -1
1 1 0 24.9 79.5 6 -1 0b 0f -1 -1 -1 -1 -1
1 1 0 24.9 79.5 3 -1 0b 0f -1 -1 -1 -1 -1
1 1 0 24.9 79.5 3 -1 0b 0f -1 -1 -1 -1 -1
1 1 0 25.0 79.5 5 -1 0b 0f -1 -1 -1 -1 -1
1 1 0 25.0 79.5 5 -1 0b 0f -1 -1 -1 -1 -1
1 1 0 24.9 79.5 3 -1 0b 0f -1 -1 -1 -1 -1
1 1 0 24.9 79.5 6 -1 0b 0f -1 -1 -1 -1 -1
1 1 0 25.0 79.5 6 -1 0b 0f -1 -1 -1 -1 -1
1 1 0 25.0 79.5 6 -1 0b 0f -1 -1 -1 -1 -1
1 1 0 25.0 79.5 6 -1 0b 0f -1 -1 -1 -1 -1
1 1 0 25.0 79.5 6 -1 0b 0f -1 -1 -1 -1 -1
1 1 0 25.0 79.5 6 -1 0b 0f -1 -1 -1 -1 -1
1 1 0 25.0 79.5 6 -1 0b 0f -1 -1 -1 -1 -1
1 1 0 24.9 79.5 6 -1 0b 0f -1 -1 -1 -1 -1
1 1 0 24.9 79.5 6 -1 0b 0f -1 -1 -1 -1 -1
1 1 0 25.0 79.5 6 -1 0b 0f -1 -1 -1 -1 -1
1 1 0 24.9 79.5 6 -1 0b 0f -1 -1 -1 -1 -1
1 1 0 25.0 79.5 5 -1 0b 0f -1 -1 -1 -1 -1
1 1 0 24.9 79.5 5 -1 0b 0f -1 -1 -1 -1 -1
1 1 0 25.0 79.5 7 -1 0b 0f -1 -1 -1 -1 -1
1 1 0 24.9 79.5 7 -1 0b 0f -1 -1 -1 -1 -1
1 1 0 24.9 79.5 9 -1 0b 0f -1 -1 -1 -1 -1
1 1 0 24.9 79.5 9 -1 0b 0f -1 -1 -1 -1 -1
1 1 0 25.0 79.5 7 -1 0b 0f -1 -1 -1 -1 -1
1 1 0 24.9 79.5 9 -1 0b 0f -1 -1 -1 -1 -1
1 1 0 25.0 79.5 11 -1 0b 0f -1 -1 -1 -1 -1
1 1 0 24.9 79.5 11 -1 0b 0f -1 -1 -1 -1 -1
1 1 0 24.9 79.5 11 -1 0b 0f -1 -1 -1 -1 -1
1 1 0 25.0 79.5 11 -1 0b 0f -1 -1 -1 -1 -1
1 1 0 24.9 79.5 9 -1 0b 0f -1 -1 -1 -1 -1
1 1 0 24.9 79.5 9 -1 0b 0f -1 -1 -1 -1 -1
1 1 0 25.0 79.5 11 -1 0b 0f -1 -1 -1 -1 -1
1 1 0 25.0 79.5 9 -1 0b 0f -1 -1 -1 -1 -1
1 1 0 25.0 79.5 11 -1 0b 0f -1 -1 -1 -1 -1
1 1 0 25.0 79.5 10 -1 0b 0f -1 -1 -1 -1 -1
1 1 0 25.0 79.5 12 -1 0b 0f -1 -1 -1 -1 -1
1 1 0 25.1 79.5 16 -1 0b 0f -1 -1 -1 -1 -1
1 1 0 25.0 79.5 16 -1 0b 0f -1 -1 -1 -1 -1
1 1 0 24.9 79.5 16 -1 0b 0f -1 -1 -1 -1 -1
1 1 0 25.0 79.5 21 -1 0b 0f -1 -1 -1 -1 -1
1 1 0 25.0 79.5 23 -1 0b 0f -1 -1 -1 -1 -1
1 1 0 25.0 79.5 23 -1 0b 0f -1 -1 -1 -1 -1
1 1 0 25.0 79.5 20 -1 0b 0f -1 -1 -1 -1 -1
1 1 0 25.0 79.5 18 -1 0b 0f -1 -1 -1 -1 -1
1 1 0 24.9 79.5 18 -1 0b 0f -1 -1 -1 -1 -1
1 1 0 25.0 79.5 14 -1 0b 0f -1 -1 -1 -1 -1
1 1 0 25.0 79.5 16 -1 0b 0f -1 -1 -1 -1 -1
1 1 0 25.0 79.5 14 -1 0b 0f -1 -1 -1 -1 -1
1 1 0 25.0 79.5 14 -1 0b 0f -1 -1 -1 -1 -1
1 1 0 25.0 79.5 14 -1 0b 0f -1 -1 -1 -1 -1
1 1 0 25.0 79.5 14 -1 0b 0f -1 -1 -1 -1 -1
1 1 0 25.0 80.0 14 -1 0b 0f -1 -1 -1 -1 -1
1 1 0 25.1 79.5 16 -1 0b 0f -1 -1 -1 -1 -1
1 1 0 25.0 79.5 14 -1 0b 0f -1 -1 -1 -1 -1
1 1 0 25.0 79.5 12 -1 0b 0f -1 -1 -1 -1 -1
1 1 0 25.0 80.0 16 -1 0b 0f -1 -1 -1 -1 -1
1 1 0 25.0 80.0 16 -1 0b 0f -1 -1 -1 -1 -1
1 1 0 25.0 80.0 14 -1 0b 0f -1 -1 -1 -1 -1
1 1 0 25.1 80.0 18 -1 0b 0f -1 -1 -1 -1 -1
1 1 0 25.0 80.0 18 -1 0b 0f -1 -1 -1 -1 -1
1 1 0 25.0 80.0 14 -1 0b 0f -1 -1 -1 -1 -1
1 1 0 25.1 80.0 16 -1 0b 0f -1 -1 -1 -1 -1
1 1 0 25.0 80.0 19 -1 0b 0f -1 -1 -1 -1 -1
1 1 0 25.0 80.0 21 -1 0b 0f -1 -1 -1 -1 -1
1 1 0 25.0 80.0 23 -1 0b 0f -1 -1 -1 -1 -1
1 1 0 25.0 80.0 21 -1 0b 0f -1 -1 -1 -1 -1
1 1 0 25.0 80.0 25 -1 0b 0f -1 -1 -1 -1 -1
1 1 0 25.1 80.0 28 -1 0b 0f -1 -1 -1 -1 -1
1 1 0 25.0 80.0 32 -1 0b 0f -1 -1 -1 -1 -1
1 1 0 25.0 80.0 28 -1 0b 0f -1 -1 -1 -1 -1
1 1 0 25.0 80.0 28 -1 0b 0f -1 -1 -1 -1 -1
1 1 0 25.1 80.0 28 -1 0b 0f -1 -1 -1 -1 -1
1 1 0 25.1 80.0 28 -1 0b 0f -1 -1 -1 -1 -1
1 1 0 25.1 80.0 28 -1 0b 0f -1 -1 -1 -1 -1
1 1 0 25.1 80.0 28 -1 0b 0f -1 -1 -1 -1 -1
1 1 0 25.0 80.0 28 -1 0b 0f -1 -1 -1 -1 -1
1 1 0 25.1 80.0 26 -1 0b 0f -1 -1 -1 -1 -1
1 1 0 25.1 80.0 26 -1 0b 0f -1 -1 -1 -1 -1
1 1 0 25.0 80.0 26 -1 0b 0f -1 -1 -1 -1 -1
1 1 0 25.1 80.0 26 -1 0b 0f -1 -1 -1 -1 -1
1 1 0 25.1 80.0 30 -1 0b 0f -1 -1 -1 -1 -1
1 1 0 25.1 80.0 32 -1 0b 0f -1 -1 -1 -1 -1
1 1 0 25.1 80.0 28 -1 0b 0f -1 -1 -1 -1 -1
1 1 0 25.0 80.0 24 -1 0b 0f -1 -1 -1 -1 -1
1 1 0 25.1 80.0 27 -1 0b 0f -1 -1 -1 -1 -1
1 1 0 25.1 80.0 23 -1 0b 0f -1 -1 -1 -1 -1
1 1 0 25.0 80.0 25 -1 0b 0f -1 -1 -1 -1 -1
1 1 0 25.1 80.0 21 -1 0b 0f -1 -1 -1 -1 -1
1 1 0 25.1 80.0 23 -1 0b 0f -1 -1 -1 -1 -1
1 1 0 25.2 80.0 21 -1 0b 0f -1 -1 -1 -1 -1
1 1 0 25.1 80.0 21 -1 0b 1f -1 -1 -1 -1 -1
1 1 0 25.2 80.0 21 -1 0b 1f -1 -1 -1 -1 -1
1 1 0 25.2 80.0 21 -1 0b 1f -1 -1 -1 -1 -1
1 1 0 25.1 80.0 21 -1 0b 1f -1 -1 -1 -1 -1
1 1 0 25.2 80.0 19 -1 0b 1f -1 -1 -1 -1 -1
1 1 0 25.1 80.0 19 -1 0b 1f -1 -1 -1 -1 -1
1 1 0 25.1 80.0 21 -1 0b 1f -1 -1 -1 -1 -1
1 1 0 25.1 80.0 23 -1 0b 1f -1 -1 -1 -1 -1
1 1 0 25.1 80.0 24 -1 0b 1f -1 -1 -1 -1 -1
1 1 0 25.2 80.0 26 -1 0b 1f -1 -1 -1 -1 -1
1 1 0 25.1 80.0 28 -1 0b 1f -1 -1 -1 -1 -1
1 1 0 25.1 80.0 28 -1 0b 1f -1 -1 -1 -1 -1
1 1 0 25.2 80.0 30 -1 0b 1f -1 -1 -1 -1 -1
1 1 0 25.2 80.0 33 -1 0b 1f -1 -1 -1 -1 -1
1 1 0 25.1 80.0 37 -1 0b 1f -1 -1 -1 -1 -1
1 1 0 25.2 80.0 40 -1 0b 1f -1 -1 -1 -1 -1
1 1 0 25.1 80.0 35 -1 0b 1f -1 -1 -1 -1 -1
1 1 0 25.2 80.0 38 -1 0b 1f -1 -1 -1 -1 -1
1 1 0 25.2 80.0 37 -1 0b 1f -1 -1 -1 -1 -1
1 1 0 25.2 80.0 28 -1 0b 1f -1 -1 -1 -1 -1
1 1 0 25.2 79.5 28 -1 0b 1f -1 -1 -1 -1 -1
1 1 0 25.2 79.5 26 -1 0b 1f -1 -1 -1 -1 -1
1 1 0 25.2 79.5 25 -1 0b 1f -1 -1 -1 -1 -1
1 1 0 25.2 79.5 23 -1 0b 1f -1 -1 -1 -1 -1
1 1 0 25.2 79.5 21 -1 0b 1f -1 -1 -1 -1 -1
1 1 0 25.3 79.5 19 -1 0b 1f -1 -1 -1 -1 -1
1 1 0 25.2 79.5 19 -1 0b 1f -1 -1 -1 -1 -1
1 1 0 25.2 79.5 17 -1 0b 1f -1 -1 -1 -1 -1
1 1 0 25.2 79.5 18 -1 0b 1f -1 -1 -1 -1 -1
1 1 0 25.3 79.5 16 -1 0b 1f -1 -1 -1 -1 -1
1 1 0 25.2 79.5 16 -1 0b 1f -1 -1 -1 -1 -1
1 1 0 25.2 79.5 14 -1 0b 1f -1 -1 -1 -1 -1
1 1 0 25.3 79.5 18 -1 0b 1f -1 -1 -1 -1 -1
1 1 0 25.2 79.0 16 -1 0b 1f -1 -1 -1 -1 -1
1 1 0 25.3 79.0 14 -1 0b 1f -1 -1 -1 -1 -1
1 1 0 25.2 79.0 12 -1 0b 1f -1 -1 -1 -1 -1
1 1 0 25.2 79.0 12 -1 0b 1f -1 -1 -1 -1 -1
1 1 0 25.2 79.5 12 -1 0b 1f -1 -1 -1 -1 -1
1 1 0 25.2 79.5 14 -1 0b 1f -1 -1 -1 -1 -1
1 1 0 25.2 79.5 14 -1 0b 1f -1 -1 -1 -1 -1
1 1 0 25.2 79.0 14 -1 0b 1f -1 -1 -1 -1 -1
1 1 0 25.2 79.0 14 c26f 0b 1f -1 -1 -1 -1 -1
1 1 0 25.3 79.0 16 c26f 0b 1f -1 -1 -1 -1 -1
1 1 0 25.2 78.5 16 c26f 0b 1f -1 -1 -1 -1 -1
1 1 0 25.2 78.5 14 c26f 0b 1f -1 -1 -1 -1 -1
1 1 0 25.2 78.0 14 c26f 0b 1f -1 -1 -1 -1 -1
1 1 0 25.2 78.0 16 c26f 0b 1f -1 -1 -1 -1 -1
1 1 0 25.2 78.0 16 c26f 0b 1f -1 -1 -1 -1 -1
1 1 0 25.2 78.0 14 c26f 0b 1f -1 -1 -1 -1 -1
1 1 0 25.2 78.0 14 c26f 0b 1f -1 -1 -1 -1 -1
1 1 0 25.2 78.0 14 c26f 0b 1f -1 -1 -1 -1 -1
1 1 0 25.2 77.5 16 c26f 0b 1f -1 -1 -1 -1 -1
1 1 0 25.2 77.5 16 c26f 0b 1f -1 -1 -1 -1 -1
1 1 0 25.1 77.5 14 c26f 0b 1f -1 -1 -1 -1 -1
1 1 0 25.2 77.5 12 c26f 0b 1f -1 -1 -1 -1 -1
1 1 0 25.2 77.5 12 c26f 0b 1f -1 -1 -1 -1 -1
1 1 0 25.1 77.5 12 c26f 0b 1f -1 -1 -1 -1 -1
1 1 0 25.1 78.0 12 c26f 0b 1f -1 -1 -1 -1 -1
1 1 0 25.2 78.0 14 c26f 0b 1f -1 -1 -1 -1 -1
1 1 0 25.1 78.0 14 c26f 0b 1f -1 -1 -1 -1 -1
1 1 0 25.0 78.0 16 c26f 0b 1f -1 -1 -1 -1 -1
1 1 0 25.1 78.0 16 c26f 0b 1f -1 -1 -1 -1 -1
1 1 0 25.0 78.0 14 c26f 0b 1f -1 -1 -1 -1 -1
1 1 0 25.1 78.0 14 c26f 0b 1f -1 -1 -1 -1 -1
1 1 0 25.2 78.0 16 c26f 0b 1f -1 -1 -1 -1 -1
1 1 0 25.1 78.5 17 c26f 0b 1f -1 -1 -1 -1 -1
1 1 0 25.1 78.0 19 c26f 0b 1f -1 -1 -1 -1 -1
1 1 0 25.1 78.0 19 c26f 0b 1f -1 -1 -1 -1 -1
1 1 0 25.1 78.0 19 c26f 0b 1f -1 -1 -1 -1 -1
1 1 0 25.1 78.0 21 c26f 0b 1f -1 -1 -1 -1 -1
1 1 0 25.1 77.5 21 c26f 0b 1f -1 -1 -1 -1 -1
1 1 0 25.1 78.0 17 c26f 0b 1f -1 -1 -1 -1 -1
1 1 0 25.1 78.0 17 c26f 0b 1f -1 -1 -1 -1 -1
1 1 0 25.1 78.0 17 c26f 0b 1f -1 -1 -1 -1 -1
1 1 0 25.2 77.5 17 c26f 0b 1f -1 -1 -1 -1 -1
1 1 0 25.2 78.5 17 c26f 0b 1f -1 -1 -1 -1 -1
1 1 0 25.2 78.5 17 c26f 0b 1f -1 -1 -1 -1 -1
1 1 0 25.1 78.0 15 c26f 0b 1f -1 -1 -1 -1 -1
1 1 0 25.2 78.0 18 c26f 0b 1f -1 -1 -1 -1 -1
1 1 0 25.1 77.5 18 c26f 0b 1f -1 -1 -1 -1 -1
1 1 0 25.1 77.5 18 c26f 0b 1f -1 -1 -1 -1 -1
1 1 0 25.0 77.0 18 c26f 0b 1f -1 -1 -1 -1 -1
1 1 0 25.1 77.0 18 c26f 0b 1f -1 -1 -1 -1 -1
1 1 0 25.0 77.0 18 c26f 0b 1f -1 -1 -1 -1 -1
1 1 0 25.1 76.5 18 c26f 0b 1f -1 -1 -1 -1 -1
1 1 0 25.0 76.5 18 c26f 0b 1f -1 -1 -1 -1 -1
1 1 0 25.1 76.5 16 c26f 0b 1f -1 -1 -1 -1 -1
1 1 0 25.0 76.0 16 c26f 0b 1f -1 -1 -1 -1 -1
1 1 0 25.0 76.0 16 c26f 0b 1f -1 -1 -1 -1 -1
1 1 0 25.0 76.0 18 c26f 0b 1f -1 -1 -1 -1 -1
1 1 0 24.9 76.0 18 c26f 0b 1f -1 -1 -1 -1 -1
1 1 0 25.0 76.0 18 c26f 0b 1f -1 -1 -1 -1 -1
1 1 0 25.0 76.0 20 c26f 0b 1f -1 -1 -1 -1 -1
1 1 0 25.0 76.0 23 c26f 0b 1f -1 -1 -1 -1 -1
1 1 0 25.1 75.5 23 c26f 0b 1f -1 -1 -1 -1 -1
1 1 0 25.0 75.5 21 c26f 0b 1f -1 -1 -1 -1 -1
1 1 0 24.9 75.0 21 c26f 0b 1f -1 -1 -1 -1 -1
1 1 0 24.9 75.0 21 c26f 0b 1f -1 -1 -1 -1 -1
1 1 0 24.9 74.5 23 c26f 0b 1f -1 -1 -1 -1 -1
1 1 0 24.9 74.5 21 c26f 0b 1f -1 -1 -1 -1 -1
1 1 0 24.9 74.0 21 c26f 0b 1f -1 -1 -1 -1 -1
1 1 0 24.8 74.0 21 c26f 0b 1f -1 -1 -1 -1 -1
1 1 0 24.8 73.5 21 c26f 0b 1f -1 -1 -1 -1 -1
1 1 0 24.8 73.5 19 c26f 0b 1f -1 -1 -1 -1 -1
1 1 0 24.8 73.5 23 c26f 0b 1f -1 -1 -1 -1 -1
1 1 0 24.7 73.5 23 c26f 0b 1f -1 -1 -1 -1 -1
1 1 0 24.7 73.5 19 c26f 0b 1f -1 -1 -1 -1 -1
1 1 0 24.8 73.5 23 c26f 0b 1f -1 -1 -1 -1 -1
1 1 0 24.7 73.5 23 c26f 0b 1f -1 -1 -1 -1 -1
1 1 0 24.8 74.0 23 c26f 0b 1f -1 -1 -1 -1 -1
1 1 0 24.8 74.0 23 c26f 0b 1f -1 -1 -1 -1 -1
1 1 0 24.7 74.0 23 c26f 0b 1f -1 -1 -1 -1 -1
1 1 0 24.8 74.0 21 c26f 0b 1f -1 -1 -1 -1 -1
1 1 0 24.7 74.0 21 c26f 0b 1f -1 -1 -1 -1 -1
1 1 0 24.7 74.0 21 c26f 0b 1f -1 -1 -1 -1 -1
1 1 0 24.7 73.5 21 c26f 0b 1f -1 -1 -1 -1 -1
1 1 0 24.7 73.5 23 c26f 0b 1f -1 -1 -1 -1 -1
1 1 0 24.7 73.5 19 c26f 0b 1f -1 -1 -1 -1 -1
1 1 0 24.7 73.5 19 c26f 0b 1f -1 -1 -1 -1 -1
1 1 0 24.8 74.0 21 c26f 0b 1f -1 -1 -1 -1 -1
1 1 0 24.8 74.5 19 c26f 0b 1f -1 -1 -1 -1 -1
1 1 0 24.8 74.5 23 c26f 0b 1f -1 -1 -1 -1 -1
1 1 0 24.8 74.5 23 c26f 0b 1f -1 -1 -1 -1 -1
1 1 0 24.8 74.5 19 c26f 0b 1f -1 -1 -1 -1 -1
1 1 0 24.8 74.5 23 c26f 0b 1f -1 -1 -1 -1 -1
1 1 0 24.8 74.0 23 c26f 0b 1f -1 -1 -1 -1 -1
1 1 0 24.8 74.0 21 c26f 0b 1f -1 -1 -1 -1 -1
1 1 0 24.8 74.0 21 c26f 0b 1f -1 -1 -1 -1 -1
1 1 0 24.7 73.5 21 c26f 0b 1f -1 -1 -1 -1 -1
1 1 0 24.7 73.5 21 c26f 0b 1f -1 -1 -1 -1 -1
1 1 0 24.7 73.5 18 c26f 0b 1f -1 -1 -1 -1 -1
1 1 0 24.7 73.5 25 c26f 0b 1f -1 -1 -1 -1 -1
1 1 0 24.7 73.5 25 c26f 0b 1f -1 -1 -1 -1 -1
1 1 0 24.7 73.5 23 c26f 0b 1f -1 -1 -1 -1 -1
1 1 0 24.7 73.5 23 c26f 0b 1f -1 -1 -1 -1 -1
1 1 0 24.7 73.5 23 c26f 0b 1f -1 -1 -1 -1 -1
1 1 0 24.7 73.5 21 c26f 0b 1f -1 -1 -1 -1 -1
1 1 0 24.7 73.5 25 c26f 0b 1f -1 -1 -1 -1 -1
1 1 0 24.7 73.5 22 c26f 0b 1f -1 -1 -1 -1 -1
1 1 0 24.7 73.5 20 c26f 0b 1f -1 -1 -1 -1 -1
1 1 0 24.7 73.5 20 c26f 0b 1f -1 -1 -1 -1 -1
1 1 0 24.7 73.0 20 c26f 0b 1f -1 -1 -1 -1 -1
1 1 0 24.6 73.0 22 c26f 0b 1f -1 -1 -1 -1 -1
1 1 0 24.7 73.0 22 c26f 0b 1f -1 -1 -1 -1 -1
1 1 0 24.7 73.0 21 c26f 0b 1f -1 -1 -1 -1 -1
1 1 0 24.7 72.5 23 c26f 0b 1f -1 -1 -1 -1 -1
1 1 0 24.6 72.0 23 c26f 0b 1f -1 -1 -1 -1 -1
1 1 0 24.6 72.0 25 c26f 0b 1f -1 -1 -1 -1 -1
1 1 0 24.6 72.0 25 c26f 0b 1f -1 -1 -1 -1 -1
1 1 0 24.6 72.0 27 c26f 0b 1f -1 -1 -1 -1 -1
1 1 0 24.5 72.0 23 c26f 0b 1f -1 -1 -1 -1 -1
1 1 0 24.6 72.5 25 c26f 0b 1f -1 -1 -1 -1 -1
1 1 0 24.5 72.5 27 c26f 0b 1f -1 -1 -1 -1 -1
1 1 0 24.6 73.0 27 c26f 0b 1f -1 -1 -1 -1 -1
1 1 0 24.6 73.0 27 c26f 0b 1f -1 -1 -1 -1 -1
1 1 0 24.6 73.0 27 c26f 0b 1f -1 -1 -1 -1 -1
1 1 0 24.6 73.5 27 c26f 0b 1f -1 -1 -1 -1 -1
1 1 0 24.6 73.5 27 c26f 0b 1f -1 -1 -1 -1 -1
1 1 0 24.6 74.5 27 c26f 0b 1f -1 -1 -1 -1 -1
1 1 0 24.6 74.5 25 c26f 0b 1f -1 -1 -1 -1 -1
1 1 0 24.7 74.5 25 c26f 0b 1f -1 -1 -1 -1 -1
1 1 0 24.6 73.5 25 c26f 0b 1f -1 -1 -1 -1 -1
1 1 0 24.7 73.0 27 c26f 0b 1f -1 -1 -1 -1 -1
1 1 0 24.7 72.5 27 c26f 0b 1f -1 -1 -1 -1 -1
1 1 0 24.6 72.5 27 c26f 0b 1f -1 -1 -1 -1 -1
1 1 0 24.6 72.5 27 c26f 0b 1f -1 -1 -1 -1 -1
1 1 0 24.5 72.0 25 c26f 0b 1f -1 -1 -1 -1 -1
1 1 0 24.5 71.5 25 c26f 0b 1f -1 -1 -1 -1 -1
1 1 0 24.5 71.0 25 c26f 0b 1f -1 -1 -1 -1 -1
1 1 0 24.5 71.0 25 c26f 0b 1f -1 -1 -1 -1 -1
1 1 0 24.5 70.5 27 c26f 0b 1f -1 -1 -1 -1 -1
1 1 0 24.4 70.5 25 c26f 0b 1f -1 -1 -1 -1 -1
1 1 0 24.5 70.5 25 c26f 0b 1f -1 -1 -1 -1 -1
1 1 0 24.4 70.5 25 c26f 0b 1f -1 -1 -1 -1 -1
1 1 0 24.4 70.5 25 c26f 0b 1f -1 -1 -1 -1 -1
1 1 0 24.5 71.0 25 c26f 0b 1f -1 -1 -1 -1 -1
1 1 0 24.4 70.5 25 c26f 0b 1f -1 -1 -1 -1 -1
1 1 0 24.5 70.5 25 c26f 0b 1f -1 -1 -1 -1 -1
1 1 0 24.4 70.0 25 c26f 0b 1f -1 -1 -1 -1 -1
1 1 0 24.4 70.0 25 c26f 0b 1f -1 -1 -1 -1 -1
1 1 0 24.4 71.0 23 c26f 0b 1f -1 -1 -1 -1 -1
1 1 0 24.4 70.0 25 c26f 0b 1f -1 -1 -1 -1 -1
1 1 0 24.4 70.5 27 c26f 0b 1f -1 -1 -1 -1 -1
1 1 0 24.4 70.0 27 c26f 0b 1f -1 -1 -1 -1 -1
1 1 0 24.4 71.0 25 c26f 0b 1f -1 -1 -1 -1 -1
1 1 0 24.5 71.0 23 c26f 0b 1f -1 -1 -1 -1 -1
1 1 0 24.5 72.0 23 c26f 0b 1f -1 -1 -1 -1 -1
1 1 0 24.5 71.0 25 c26f 0b 1f -1 -1 -1 -1 -1
1 1 0 24.5 71.5 23 c26f 0b 1f -1 -1 -1 -1 -1
1 1 0 24.4 72.0 23 c26f 0b 1f -1 -1 -1 -1 -1
1 1 0 24.4 71.5 23 c26f 0b 1f -1 -1 -1 -1 -1
1 1 0 24.4 72.5 23 c26f 0b 1f -1 -1 -1 -1 -1
1 1 0 24.4 72.5 23 c26f 0b 1f -1 -1 -1 -1 -1
1 1 0 24.5 72.5 25 c26f 0b 1f -1 -1 -1 -1 -1
1 1 0 24.5 72.5 25 c26f 0b 1f -1 -1 -1 -1 -1
1 1 0 24.5 73.0 27 c26f 0b 1f -1 -1 -1 -1 -1
1 1 0 24.5 73.0 23 c26f 0b 1f -1 -1 -1 -1 -1
1 1 0 24.5 73.0 25 c26f 0b 1f -1 -1 -1 -1 -1
1 1 0 24.4 73.0 27 c26f 0b 1f -1 -1 -1 -1 -1
1 1 0 24.5 72.5 27 c26f 0b 1f -1 -1 -1 -1 -1
1 1 0 24.5 73.5 26 c26f 0b 1f -1 -1 -1 -1 -1
1 1 0 24.5 73.0 26 c26f 0b 1f -1 -1 -1 -1 -1
1 1 0 24.5 73.5 26 c26f 0b 1f -1 -1 -1 -1 -1
1 1 0 24.5 74.0 26 c26f 0b 1f -1 -1 -1 -1 -1
1 1 0 24.5 73.5 26 c26f 0b 1f -1 -1 -1 -1 -1
1 1 0 24.5 74.0 26 c26f 0b 1f -1 -1 -1 -1 -1
1 1 0 24.5 74.0 29 c26f 0b 1f -1 -1 -1 -1 -1
1 1 0 24.6 74.0 26 c26f 0b 1f -1 -1 -1 -1 -1
1 1 0 24.5 73.5 28 c26f 0b 1f -1 -1 -1 -1 -1
1 1 0 24.5 73.5 28 c26f 0b 1f -1 -1 -1 -1 -1
1 1 0 24.5 73.5 30 c26f 0b 1f -1 -1 -1 -1 -1
1 1 0 24.5 73.5 26 c26f 0b 1f -1 -1 -1 -1 -1
1 1 0 24.4 73.5 28 c26f 0b 1f -1 -1 -1 -1 -1
1 1 0 24.4 72.5 30 c26f 0b 1f -1 -1 -1 -1 -1
1 1 0 24.4 72.5 28 c26f 0b 1f -1 -1 -1 -1 -1
1 1 0 24.5 72.5 32 c26f 0b 1f -1 -1 -1 -1 -1
1 1 0 24.4 72.5 30 c26f 0b 1f -1 -1 -1 -1 -1
1 1 0 24.4 72.5 30 c26f 0b 1f -1 -1 -1 -1 -1
1 1 0 24.4 72.5 32 c26f 0b 1f -1 -1 -1 -1 -1
1 1 0 24.4 73.0 28 c26f 0b 1f -1 -1 -1 -1 -1
1 1 0 24.5 72.5 28 c26f 0b 1f -1 -1 -1 -1 -1
1 1 0 24.4 73.0 30 c26f 0b 1f -1 -1 -1 -1 -1
1 1 0 24.4 73.0 30 c26f 0b 1f -1 -1 -1 -1 -1
1 1 0 24.4 73.0 30 c26f 0b 1f -1 -1 -1 -1 -1
1 1 0 24.5 73.0 28 c26f 0b 1f -1 -1 -1 -1 -1
1 1 0 24.4 73.5 26 c26f 0b 1f -1 -1 -1 -1 -1
1 1 0 24.5 74.0 26 c26f 0b 1f -1 -1 -1 -1 -1
1 1 0 24.5 73.0 26 c26f 0b 1f -1 -1 -1 -1 -1
1 1 0 24.5 73.5 26 c26f 0b 1f -1 -1 -1 -1 -1
1 1 0 24.6 74.0 26 c26f 0b 1f -1 -1 -1 -1 -1
1 1 0 24.6 74.0 26 c26f 0b 1f -1 -1 -1 -1 -1
1 1 0 24.5 73.5 26 c26f 0b 1f -1 -1 -1 -1 -1
1 1 0 24.6 74.0 28 c26f 0b 1f -1 -1 -1 -1 -1
1 1 0 24.5 74.0 28 c26f 0b 1f -1 -1 -1 -1 -1
1 1 0 24.6 74.0 28 c26f 0b 1f -1 -1 -1 -1 -1
1 1 0 24.6 75.0 28 c26f 0b 1f -1 -1 -1 -1 -1
1 1 0 24.5 74.0 28 c26f 0b 1f -1 -1 -1 -1 -1
1 1 0 24.6 73.5 28 c26f 0b 1f -1 -1 -1 -1 -1
1 1 0 24.5 74.0 28 c26f 0b 1f -1 -1 -1 -1 -1
1 1 0 24.5 74.0 30 c26f 0b 1f -1 -1 -1 -1 -1
1 1 0 24.5 74.5 28 c26f 0b 1f -1 -1 -1 -1 -1
1 1 0 24.5 75.0 32 c26f 0b 1f -1 -1 -1 -1 -1
1 1 0 24.5 74.0 30 c26f 0b 1f -1 -1 -1 -1 -1
1 1 0 24.5 73.0 28 c26f 0b 1f -1 -1 -1 -1 -1
1 1 0 24.4 74.0 28 c26f 0b 1f -1 -1 -1 -1 -1
1 1 0 24.5 74.0 30 c26f 0b 1f -1 -1 -1 -1 -1
1 1 0 24.6 74.5 30 c26f 0b 1f -1 -1 -1 -1 -1
1 1 0 24.5 73.5 32 c26f 0b 1f -1 -1 -1 -1 -1
1 1 0 24.4 73.5 28 c26f 0b 1f -1 -1 -1 -1 -1
1 1 0 24.4 72.5 30 c26f 0b 1f -1 -1 -1 -1 -1
1 1 0 24.5 73.5 32 c26f 0b 1f -1 -1 -1 -1 -1
1 1 0 24.5 73.0 31 c26f 0b 1f -1 -1 -1 -1 -1
1 1 0 24.4 74.0 31 c26f 0b 1f -1 -1 -1 -1 -1
1 1 0 24.4 73.0 33 c26f 0b 1f -1 -1 -1 -1 -1
1 1 0 24.4 72.0 31 c26f 0b 1f -1 -1 -1 -1 -1
1 1 0 24.3 72.5 31 c26f 0b 1f -1 -1 -1 -1 -1
1 1 0 24.3 72.0 35 c26f 0b 1f -1 -1 -1 -1 -1
1 1 0 24.3 71.0 31 c26f 0b 1f -1 -1 -1 -1 -1
1 1 0 24.2 70.5 31 c26f 0b 1f -1 -1 -1 -1 -1
1 1 0 24.3 71.0 32 c26f 0b 1f -1 -1 -1 -1 -1
1 1 0 24.3 71.0 30 c26f 0b 1f -1 -1 -1 -1 -1
1 1 0 24.3 71.0 30 c26f 0b 1f -1 -1 -1 -1 -1
1 1 0 24.3 71.0 30 c26f 0b 1f -1 -1 -1 -1 -1
1 1 0 24.3 71.5 30 c26f 0b 1f -1 -1 -1 -1 -1
1 1 0 24.2 72.0 30 c26f 0b 1f -1 -1 -1 -1 -1
1 1 0 24.2 72.0 28 c26f 0b 1f -1 -1 -1 -1 -1
1 1 0 24.2 71.5 28 c26f 0b 1f -1 -1 -1 -1 -1
1 1 0 24.2 71.5 30 c26f 0b 1f -1 -1 -1 -1 -1
1 1 0 24.2 71.5 30 c26f 0b 1f -1 -1 -1 -1 -1
1 1 0 24.3 72.5 32 c26f 0b 1f -1 -1 -1 -1 -1
1 1 0 24.3 72.0 34 c26f 0b 1f -1 -1 -1 -1 -1
1 1 0 24.3 71.5 33 c26f 0b 1f -1 -1 -1 -1 -1
1 1 0 24.2 71.5 31 c26f 0b 1f -1 -1 -1 -1 -1
1 1 0 24.3 71.5 35 c26f 0b 1f -1 -1 -1 -1 -1
1 1 0 24.2 71.5 35 c26f 0b 1f -1 -1 -1 -1 -1
1 1 0 24.2 71.5 35 c26f 0b 1f -1 -1 -1 -1 -1
1 1 0 24.2 71.5 31 c26f 0b 1f -1 -1 -1 -1 -1
1 1 0 24.2 71.5 32 c26f 0b 1f -1 -1 -1 -1 -1
1 1 0 24.2 72.0 30 c26f 0b 1f -1 -1 -1 -1 -1
1 1 0 24.2 72.0 32 c26f 0b 1f -1 -1 -1 -1 -1
1 1 0 24.2 71.5 28 c26f 0b 1f -1 -1 -1 -1 -1
1 1 0 24.2 71.0 31 c26f 0b 1f -1 -1 -1 -1 -1
1 1 0 24.3 71.5 30 c26f 0b 1f -1 -1 -1 -1 -1
1 1 0 24.2 71.5 28 c26f 0b 1f -1 -1 -1 -1 -1
1 1 0 24.2 72.0 32 c26f 0b 1f -1 -1 -1 -1 -1
1 1 0 24.2 72.0 32 c26f 0b 1f -1 -1 -1 -1 -1
1 1 0 24.2 72.0 30 c26f 0b 1f -1 -1 -1 -1 -1
1 1 0 24.2 72.5 30 c26f 0b 1f -1 -1 -1 -1 -1
1 1 0 24.1 72.5 28 c26f 0b 1f -1 -1 -1 -1 -1
1 1 0 24.2 72.5 32 c26f 0b 1f -1 -1 -1 -1 -1
1 1 0 24.2 73.0 32 c26f 0b 1f -1 -1 -1 -1 -1
1 1 0 24.2 73.5 32 c26f 0b 1f -1 -1 -1 -1 -1
1 1 0 24.3 73.5 32 c26f 0b 1f -1 -1 -1 -1 -1
1 1 0 24.3 73.0 32 c26f 0b 1f -1 -1 -1 -1 -1
1 1 0 24.3 73.0 32 c26f 0b 1f -1 -1 -1 -1 -1
1 1 0 24.2 73.0 32 c26f 0b 1f -1 -1 -1 -1 -1
1 1 0 24.2 73.0 32 c26f 0b 1f -1 -1 -1 -1 -1
1 1 0 24.2 73.5 32 c26f 0b 1f -1 -1 -1 -1 -1
1 1 0 24.2 73.5 30 c26f 0b 1f -1 -1 -1 -1 -1
1 1 0 24.3 73.0 32 c26f 0b 1f -1 -1 -1 -1 -1
1 1 0 24.3 73.0 32 c26f 0b 1f -1 -1 -1 -1 -1
1 1 0 24.3 73.5 28 c26f 0b 1f -1 -1 -1 -1 -1
1 1 0 24.4 73.5 28 c26f 0b 1f -1 -1 -1 -1 -1
1 1 0 24.4 74.5 30 c26f 0b 1f -1 -1 -1 -1 -1
1 1 0 24.4 74.0 28 c26f 0b 1f -1 -1 -1 -1 -1
1 1 0 24.4 74.0 32 c26f 0b 1f -1 -1 -1 -1 -1
1 1 0 24.5 74.5 32 c26f 0b 1f -1 -1 -1 -1 -1
1 1 0 24.4 75.0 32 c26f 0b 1f -1 -1 -1 -1 -1
1 1 0 24.4 75.0 32 c26f 0b 1f -1 -1 -1 -1 -1
1 1 0 24.4 75.0 32 c26f 0b 1f -1 -1 -1 -1 -1
1 1 0 24.5 75.5 32 c26f 0b 1f -1 -1 -1 -1 -1
1 1 0 24.5 75.0 30 c26f 0b 1f -1 -1 -1 -1 -1
1 1 0 24.5 75.0 32 c26f 0b 1f -1 -1 -1 -1 -1
1 1 0 24.5 75.5 30 c26f 0b 1f -1 -1 -1 -1 -1
1 1 0 24.5 75.5 28 c26f 0b 1f -1 -1 -1 -1 -1
1 1 0 24.5 76.0 28 c26f 0b 1f -1 -1 -1 -1 -1
1 1 0 24.5 76.0 28 c26f 0b 1f -1 -1 -1 -1 -1
1 1 0 24.5 76.0 30 c26f 0b 1f -1 -1 -1 -1 -1
1 1 0 24.5 75.5 30 c26f 0b 1f -1 -1 -1 -1 -1
1 1 0 24.5 76.0 31 c26f 0b 1f -1 -1 -1 -1 -1
1 1 0 24.5 76.0 30 c26f 0b 1f -1 -1 -1 -1 -1
1 1 0 24.6 76.0 34 c26f 0b 1f -1 -1 -1 -1 -1
1 1 0 24.6 76.0 28 c26f 0b 1f -1 -1 -1 -1 -1
1 1 0 24.6 75.5 26 c26f 0b 1f -1 -1 -1 -1 -1
1 1 0 24.6 75.5 32 c26f 0b 1f -1 -1 -1 -1 -1
1 1 0 24.5 74.5 26 c26f 0b 1f -1 -1 -1 -1 -1
1 1 0 24.5 74.0 26 c26f 0b 1f -1 -1 -1 -1 -1
1 1 0 24.4 74.5 26 c26f 0b 1f -1 -1 -1 -1 -1
1 1 0 24.4 73.5 28 c26f 0b 1f -1 -1 -1 -1 -1
1 1 0 24.3 73.0 28 c26f 0b 1f -1 -1 -1 -1 -1
1 1 0 24.3 73.5 28 c26f 0b 1f -1 -1 -1 -1 -1
1 1 0 24.4 74.0 30 c26f 0b 1f -1 -1 -1 -1 -1
1 1 0 24.4 73.5 30 c26f 0b 1f -1 -1 -1 -1 -1
1 1 0 24.3 73.5 28 c26f 0b 1f -1 -1 -1 -1 -1
1 1 0 24.3 74.5 28 c26f 0b 1f -1 -1 -1 -1 -1
1 1 0 24.3 75.0 28 c26f 0b 1f -1 -1 -1 -1 -1
1 1 0 24.4 75.5 28 c26f 0b 1f -1 -1 -1 -1 -1
1 1 0 24.4 76.0 28 c26f 0b 1f -1 -1 -1 -1 -1
1 1 0 24.5 76.5 28 c26f 0b 1f -1 -1 -1 -1 -1
1 1 0 24.4 77.0 26 c26f 0b 1f -1 -1 -1 -1 -1
1 1 0 24.4 77.0 30 c26f 0b 1f -1 -1 -1 -1 -1
1 1 0 24.4 76.5 30 c26f 0b 1f -1 -1 -1 -1 -1
1 1 0 24.5 77.0 30 c26f 0b 1f -1 -1 -1 -1 -1
1 1 0 24.5 76.5 30 c26f 0b 1f -1 -1 -1 -1 -1
1 1 0 24.4 75.5 28 c26f 0b 1f -1 -1 -1 -1 -1
1 1 0 24.5 75.0 28 c26f 0b 1f -1 -1 -1 -1 -1
1 1 0 24.4 76.0 28 c26f 0b 1f -1 -1 -1 -1 -1
1 1 0 24.5 76.0 28 c26f 0b 1f -1 -1 -1 -1 -1
1 1 0 24.4 75.0 28 c26f 0b 1f -1 -1 -1 -1 -1
1 1 0 24.5 76.0 26 c26f 0b 1f -1 -1 -1 -1 -1
1 1 0 24.4 76.5 26 c26f 0b 1f -1 -1 -1 -1 -1
1 1 0 24.4 76.5 27 c26f 0b 1f -1 -1 -1 -1 -1
1 1 0 24.5 76.5 27 c26f 0b 1f -1 -1 -1 -1 -1
1 1 0 24.4 77.0 27 c26f 0b 1f -1 -1 -1 -1 -1
1 1 0 24.5 76.5 27 c26f 0b 1f -1 -1 -1 -1 -1
1 1 0 24.4 76.5 29 c26f 0b 1f -1 -1 -1 -1 -1
1 1 0 24.5 76.5 28 c26f 0b 1f -1 -1 -1 -1 -1
1 1 0 24.5 77.0 28 c26f 0b 1f -1 -1 -1 -1 -1
1 1 0 24.6 77.0 26 c26f 0b 1f -1 -1 -1 -1 -1
1 1 0 24.5 76.5 24 c26f 0b 1f -1 -1 -1 -1 -1
1 1 0 24.5 76.0 25 c26f 0b 1f -1 -1 -1 -1 -1
1 1 0 24.4 76.0 23 c26f 0b 1f -1 -1 -1 -1 -1
1 1 0 24.4 76.0 27 c26f 0b 1f -1 -1 -1 -1 -1
1 1 0 24.3 76.0 25 c26f 0b 1f -1 -1 -1 -1 -1
1 1 0 24.3 75.5 25 c26f 0b 1f -1 -1 -1 -1 -1
1 1 0 24.2 75.5 25 c26f 0b 1f -1 -1 -1 -1 -1
1 1 0 24.2 75.0 25 c26f 0b 1f -1 -1 -1 -1 -1
1 1 0 24.2 75.0 25 c26f 0b 1f -1 -1 -1 -1 -1
1 1 0 24.1 74.5 25 c26f 0b 1f -1 -1 -1 -1 -1
1 1 0 24.1 74.5 25 c26f 0b 1f -1 -1 -1 -1 -1
1 1 0 24.0 74.0 25 c26f 0b 1f -1 -1 -1 -1 -1
1 1 0 24.0 74.0 25 c26f 0b 1f -1 -1 -1 -1 -1
1 1 0 23.9 74.0 25 c26f 0b 1f -1 -1 -1 -1 -1
1 1 0 24.0 74.5 25 c26f 0b 1f -1 -1 -1 -1 -1
1 1 0 24.0 74.5 25 c26f 0b 1f -1 -1 -1 -1 -1
1 1 0 23.9 74.5 23 c26f 0b 1f -1 -1 -1 -1 -1
1 1 0 23.9 74.5 27 c26f 0b 1f -1 -1 -1 -1 -1
1 1 0 23.9 75.0 23 c26f 0b 1f -1 -1 -1 -1 -1
1 1 0 24.0 76.5 23 c26f 0b 1f -1 -1 -1 -1 -1
1 1 0 24.1 77.0 23 c26f 0b 1f -1 -1 -1 -1 -1
1 1 0 24.2 77.0 23 c26f 0b 1f -1 -1 -1 -1 -1
1 1 0 24.2 76.5 27 c26f 0b 1f -1 -1 -1 -1 -1
1 1 0 24.2 76.0 25 c26f 0b 1f -1 -1 -1 -1 -1
1 1 0 24.1 76.0 25 c26f 0b 1f -1 -1 -1 -1 -1
1 1 0 24.1 76.0 25 c26f 0b 1f -1 -1 -1 -1 -1
1 1 0 24.1 75.5 23 c26f 0b 1f -1 -1 -1 -1 -1
1 1 0 24.0 75.0 23 c26f 0b 1f -1 -1 -1 -1 -1
1 1 0 23.9 75.0 23 c26f 0b 1f -1 -1 -1 -1 -1
1 1 0 23.9 75.0 23 c26f 0b 1f -1 -1 -1 -1 -1
1 1 0 24.0 75.0 23 c26f 0b 1f -1 -1 -1 -1 -1
1 1 0 23.9 74.5 23 c26f 0b 1f -1 -1 -1 -1 -1
1 1 0 24.0 75.0 25 c26f 0b 1f -1 -1 -1 -1 -1
1 1 0 24.0 75.5 23 c26f 0b 1f -1 -1 -1 -1 -1
1 1 0 24.1 76.5 23 c26f 0b 1f -1 -1 -1 -1 -1
1 1 0 24.1 77.0 23 c26f 0b 1f -1 -1 -1 -1 -1
1 1 0 24.1 77.0 23 c26f 0b 1f -1 -1 -1 -1 -1
1 1 0 24.1 77.0 23 c26f 0b 1f -1 -1 -1 -1 -1
1 1 0 24.1 77.0 21 c26f 0b 1f -1 -1 -1 -1 -1
1 1 0 24.1 77.5 25 c26f 0b 1f -1 -1 -1 -1 -1
1 1 0 24.1 77.5 23 c26f 0b 1f -1 -1 -1 -1 -1
1 1 0 24.2 77.5 23 c26f 0b 1f -1 -1 -1 -1 -1
1 1 0 24.1 77.0 23 c26f 0b 1f -1 -1 -1 -1 -1
1 1 0 24.2 77.5 21 c26f 0b 1f -1 -1 -1 -1 -1
1 1 0 24.2 77.5 21 c26f 0b 1f -1 -1 -1 -1 -1
1 1 0 24.3 77.5 19 c26f 0b 1f -1 -1 -1 -1 -1
1 1 0 24.2 77.5 22 c26f 0b 1f -1 -1 -1 -1 -1
1 1 0 24.2 77.5 22 c26f 0b 1f -1 -1 -1 -1 -1
1 1 0 24.2 77.5 20 c26f 0b 1f -1 -1 -1 -1 -1
1 1 0 24.2 77.5 20 c26f 0b 1f -1 -1 -1 -1 -1
1 1 0 24.2 77.5 20 c26f 0b 1f -1 -1 -1 -1 -1
1 1 0 24.3 77.5 20 c26f 0b 1f -1 -1 -1 -1 -1
1 1 0 24.3 77.5 20 c26f 0b 1f -1 -1 -1 -1 -1
1 1 0 24.3 77.5 14 c26f 0b 1f -1 -1 -1 -1 -1
1 1 0 24.3 77.5 18 c26f 0b 1f -1 -1 -1 -1 -1
1 1 0 24.2 77.0 18 c26f 0b 1f -1 -1 -1 -1 -1
1 1 0 24.2 76.0 18 c26f 0b 1f -1 -1 -1 -1 -1
1 1 0 24.1 75.5 18 c26f 0b 1f -1 -1 -1 -1 -1
1 1 0 24.0 75.5 16 c26f 0b 1f -1 -1 -1 -1 -1
1 1 0 24.1 75.0 16 c26f 0b 1f -1 -1 -1 -1 -1
1 1 0 23.9 74.5 16 c26f 0b 1f -1 -1 -1 -1 -1
1 1 0 23.8 74.5 16 c26f 0b 1f -1 -1 -1 -1 -1
1 1 0 23.8 74.0 14 c26f 0b 1f -1 -1 -1 -1 -1
1 1 0 23.8 74.0 14 c26f 0b 1f -1 -1 -1 -1 -1
1 1 0 23.8 74.0 14 c26f 0b 1f -1 -1 -1 -1 -1
1 1 0 23.8 74.0 14 c26f 0b 1f -1 -1 -1 -1 -1
1 1 0 23.9 75.5 16 c26f 0b 1f -1 -1 -1 -1 -1
1 1 0 23.9 76.0 12 c26f 0b 1f -1 -1 -1 -1 -1
1 1 0 23.9 76.5 16 c26f 0b 1f -1 -1 -1 -1 -1
1 1 0 24.0 76.5 16 c26f 0b 1f -1 -1 -1 -1 -1
1 1 0 24.1 77.0 16 c26f 0b 1f -1 -1 -1 -1 -1
1 1 0 24.1 77.5 16 c26f 0b 1f -1 -1 -1 -1 -1
1 1 0 24.2 77.5 14 c26f 0b 1f -1 -1 -1 -1 -1
1 1 0 24.2 78.0 14 c26f 0b 1f -1 -1 -1 -1 -1
1 1 0 24.1 78.5 14 c26f 0b 1f -1 -1 -1 -1 -1
1 1 0 24.2 78.5 14 c26f 0b 1f -1 -1 -1 -1 -1
1 1 0 24.2 78.5 14 c26f 0b 1f -1 -1 -1 -1 -1
1 1 0 24.2 78.5 14 c26f 0b 1f -1 -1 -1 -1 -1
1 1 0 24.3 78.5 14 c26f 0b 1f -1 -1 -1 -1 -1
1 1 0 24.2 78.0 14 c26f 0b 1f -1 -1 -1 -1 -1
1 1 0 24.2 78.0 12 c26f 0b 1f -1 -1 -1 -1 -1
1 1 0 24.3 78.5 16 c26f 0b 1f -1 -1 -1 -1 -1
1 1 0 24.2 78.0 16 c26f 0b 1f -1 -1 -1 -1 -1
1 1 0 24.2 78.0 16 c26f 0b 1f -1 -1 -1 -1 -1
1 1 0 24.2 78.0 16 c26f 0b 1f -1 -1 -1 -1 -1
1 1 0 24.3 78.0 16 c26f 0b 1f -1 -1 -1 -1 -1
1 1 0 24.3 78.5 16 c26f 0b 1f -1 -1 -1 -1 -1
1 1 0 24.3 78.5 16 c26f 0b 1f -1 -1 -1 -1 -1
1 1 0 24.4 78.5 16 c26f 0b 1f -1 -1 -1 -1 -1
1 1 0 24.4 78.5 16 c26f 0b 1f -1 -1 -1 -1 -1
1 1 0 24.4 78.5 16 c26f 0b 1f -1 -1 -1 -1 -1
1 1 0 24.4 78.5 16 c26f 0b 1f -1 -1 -1 -1 -1
1 1 0 24.4 77.5 16 c26f 0b 1f -1 -1 -1 -1 -1
1 1 0 24.3 77.5 16 c26f 0b 1f -1 -1 -1 -1 -1
1 1 0 24.4 77.5 12 c26f 0b 1f -1 -1 -1 -1 -1
1 1 0 24.4 78.0 14 c26f 0b 1f -1 -1 -1 -1 -1
1 1 0 24.4 78.0 14 c26f 0b 1f -1 -1 -1 -1 -1
1 1 0 24.4 78.0 14 c26f 0b 1f -1 -1 -1 -1 -1
1 1 0 24.5 77.5 14 c26f 0b 1f -1 -1 -1 -1 -1
1 1 0 24.4 77.5 14 c26f 0b 1f -1 -1 -1 -1 -1
1 1 0 24.4 77.0 14 c26f 0b 1f -1 -1 -1 -1 -1
1 1 0 24.3 76.0 14 c26f 0b 1f -1 -1 -1 -1 -1
1 1 0 24.3 76.0 14 c26f 0b 1f -1 -1 -1 -1 -1
1 1 0 24.3 76.0 16 c26f 0b 1f -1 -1 -1 -1 -1
1 1 0 24.2 75.5 16 c26f 0b 1f -1 -1 -1 -1 -1
1 1 0 24.1 75.5 16 c26f 0b 1f -1 -1 -1 -1 -1
1 1 0 24.2 77.0 16 c26f 0b 1f -1 -1 -1 -1 -1
1 1 0 24.2 77.0 14 c26f 0b 1f -1 -1 -1 -1 -1
1 1 0 24.3 77.5 14 c26f 0b 1f -1 -1 -1 -1 -1
1 1 0 24.4 78.0 14 c26f 0b 1f -1 -1 -1 -1 -1
1 1 0 24.4 78.5 12 c26f 0b 1f -1 -1 -1 -1 -1
1 1 0 24.4 78.5 12 c26f 0b 1f -1 -1 -1 -1 -1
1 1 0 24.4 78.5 12 c26f 0b 1f -1 -1 -1 -1 -1
1 1 0 24.4 79.0 12 c26f 0b 1f -1 -1 -1 -1 -1
1 1 0 24.5 79.0 12 c26f 0b 1f -1 -1 -1 -1 -1
1 1 0 24.5 79.5 13 c26f 0b 1f -1 -1 -1 -1 -1
1 1 0 24.5 79.5 13 c26f 0b 1f -1 -1 -1 -1 -1
1 1 0 24.5 79.5 13 c26f 0b 1f -1 -1 -1 -1 -1
1 1 0 24.6 79.5 13 c26f 0b 1f -1 -1 -1 -1 -1
1 1 0 24.6 78.5 13 c26f 0b 1f -1 -1 -1 -1 -1
1 1 0 24.6 79.5 13 c26f 0b 1f -1 -1 -1 -1 -1
1 1 0 24.6 79.5 16 c26f 0b 1f -1 -1 -1 -1 -1
1 1 0 24.5 78.5 12 c26f 0b 1f -1 -1 -1 -1 -1
1 1 0 24.5 78.0 12 c26f 0b 1f -1 -1 -1 -1 -1
1 1 0 24.5 78.0 12 c26f 0b 1f -1 -1 -1 -1 -1
1 1 0 24.4 77.5 12 c26f 0b 1f -1 -1 -1 -1 -1
1 1 0 24.4 77.0 12 c26f 0b 1f -1 -1 -1 -1 -1
1 1 0 24.4 76.5 14 c26f 0b 1f -1 -1 -1 -1 -1
1 1 0 24.3 76.0 14 c26f 0b 1f -1 -1 -1 -1 -1
1 1 0 24.2 76.0 14 c26f 0b 1f -1 -1 -1 -1 -1
1 1 0 24.2 75.5 12 c26f 0b 1f -1 -1 -1 -1 -1
1 1 0 24.1 75.5 21 c26f 0b 1f -1 -1 -1 -1 -1
1 1 0 24.1 75.5 23 c26f 0b 1f -1 -1 -1 -1 -1
1 1 0 24.1 76.0 20 c26f 0b 1f -1 -1 -1 -1 -1
1 1 0 24.1 75.5 16 c26f 0b 1f -1 -1 -1 -1 -1
1 1 0 24.1 75.5 14 c26f 0b 1f -1 -1 -1 -1 -1
1 1 0 24.1 75.5 14 c26f 0b 1f -1 -1 -1 -1 -1
1 1 0 24.0 75.5 14 c26f 0b 1f -1 -1 -1 -1 -1
1 1 0 24.0 75.0 14 c26f 0b 1f -1 -1 -1 -1 -1
1 1 0 24.0 74.5 14 c26f 0b 1f -1 -1 -1 -1 -1
1 1 0 24.0 74.0 14 c26f 0b 1f -1 -1 -1 -1 -1
1 1 0 23.9 74.0 16 c26f 0b 1f -1 -1 -1 -1 -1
1 1 0 23.9 73.5 16 c26f 0b 1f -1 -1 -1 -1 -1
1 1 0 23.9 74.0 14 c26f 0b 1f -1 -1 -1 -1 -1
1 1 0 24.0 74.5 14 c26f 0b 1f -1 -1 -1 -1 -1
1 1 0 24.0 74.5 12 c26f 0b 1f -1 -1 -1 -1 -1
1 1 0 24.2 75.0 13 c26f 0b 1f -1 -1 -1 -1 -1
1 1 0 24.2 76.0 13 c26f 0b 1f -1 -1 -1 -1 -1
1 1 0 24.2 76.5 13 c26f 0b 1f -1 -1 -1 -1 -1
1 1 0 24.3 77.0 13 c26f 0b 1f -1 -1 -1 -1 -1
1 1 0 24.3 77.5 11 c26f 0b 1f -1 -1 -1 -1 -1
1 1 0 24.3 77.5 11 c26f 0b 1f -1 -1 -1 -1 -1
1 1 0 24.3 78.0 11 c26f 0b 1f -1 -1 -1 -1 -1
1 1 0 24.4 78.0 13 c26f 0b 1f -1 -1 -1 -1 -1
1 1 0 24.3 78.0 13 c26f 0b 1f -1 -1 -1 -1 -1
1 1 0 24.3 77.0 11 c26f 0b 1f -1 -1 -1 -1 -1
1 1 0 24.3 76.0 9 c26f 0b 1f -1 -1 -1 -1 -1
1 1 0 24.3 76.0 13 c26f 0b 1f -1 -1 -1 -1 -1
1 1 0 24.3 75.5 11 c26f 0b 1f -1 -1 -1 -1 -1
1 1 0 24.2 75.0 11 c26f 0b 1f -1 -1 -1 -1 -1
1 1 0 24.2 74.5 13 c26f 0b 1f -1 -1 -1 -1 -1
1 1 0 24.2 74.5 11 c26f 0b 1f -1 -1 -1 -1 -1
1 1 0 24.2 74.0 9 c26f 0b 1f -1 -1 -1 -1 -1
1 1 0 24.1 73.5 7 c26f 0b 1f -1 -1 -1 -1 -1
1 1 0 24.1 73.5 11 c26f 0b 1f -1 -1 -1 -1 -1
1 1 0 24.1 72.5 9 c26f 0b 1f -1 -1 -1 -1 -1
1 1 0 24.0 74.0 9 c26f 0b 1f -1 -1 -1 -1 -1
1 1 0 24.0 73.5 7 c26f 0b 1f -1 -1 -1 -1 -1
1 1 0 24.1 73.0 7 c26f 0b 1f -1 -1 -1 -1 -1
1 1 0 24.2 73.5 7 c26f 0b 1f -1 -1 -1 -1 -1
1 1 0 24.2 73.5 5 c26f 0b 1f -1 -1 -1 -1 -1
1 1 0 24.3 73.5 9 c26f 0b 1f -1 -1 -1 -1 -1
1 1 0 24.3 73.0 9 c26f 0b 1f -1 -1 -1 -1 -1
1 1 0 24.4 73.5 9 c26f 0b 1f -1 -1 -1 -1 -1
1 1 0 24.5 74.0 9 c26f 0b 1f -1 -1 -1 -1 -1
1 1 0 24.5 74.5 9 c26f 0b 1f -1 -1 -1 -1 -1
1 1 0 24.5 74.0 9 c26f 0b 1f -1 -1 -1 -1 -1
1 1 0 24.5 74.5 6 c26f 0b 1f -1 -1 -1 -1 -1
1 1 0 24.4 74.0 6 c26f 0b 1f -1 -1 -1 -1 -1
1 1 0 24.5 74.0 6 c26f 0b 1f -1 -1 -1 -1 -1
1 1 0 24.4 74.5 6 c26f 0b 1f -1 -1 -1 -1 -1
1 1 0 24.5 74.0 6 c26f 0b 1f -1 -1 -1 -1 -1
1 1 0 24.5 74.5 6 c26f 0b 1f -1 -1 -1 -1 -1
1 1 0 24.5 75.0 6 c26f 0b 1f -1 -1 -1 -1 -1
1 1 0 24.6 75.0 4 c26f 0b 1f -1 -1 -1 -1 -1
1 1 0 24.6 75.0 4 c26f 0b 1f -1 -1 -1 -1 -1
1 1 0 24.6 75.5 4 c26f 0b 1f -1 -1 -1 -1 -1
1 1 0 24.6 76.0 4 c26f 0b 1f -1 -1 -1 -1 -1
1 1 0 24.6 76.5 4 c26f 0b 1f -1 -1 -1 -1 -1
1 1 0 24.6 76.0 4 c26f 0b 1f -1 -1 -1 -1 -1
1 1 0 24.6 77.0 4 c26f 0b 1f -1 -1 -1 -1 -1
1 1 0 24.6 77.0 4 c26f 0b 1f -1 -1 -1 -1 -1
1 1 0 24.6 77.0 4 c26f 0b 1f -1 -1 -1 -1 -1
1 1 0 24.6 77.5 4 c26f 0b 1f -1 -1 -1 -1 -1
1 1 0 24.6 78.0 4 c26f 0b 1f -1 -1 -1 -1 -1
1 1 0 24.6 78.0 4 c26f 0b 1f -1 -1 -1 -1 -1
1 1 0 24.6 78.0 4 c26f 0b 1f -1 -1 -1 -1 -1
1 1 0 24.6 77.5 6 c26f 0b 1f -1 -1 -1 -1 -1
1 1 0 24.5 77.0 2 c26f 0b 1f -1 -1 -1 -1 -1
1 1 0 24.5 77.0 2 c26f 0b 1f -1 -1 -1 -1 -1
1 1 0 24.4 77.0 2 c26f 0b 1f -1 -1 -1 -1 -1
1 1 0 24.4 77.0 6 c26f 0b 1f -1 -1 -1 -1 -1
1 1 0 24.4 76.5 6 c26f 0b 1f -1 -1 -1 -1 -1
1 1 0 24.4 76.0 6 c26f 0b 1f -1 -1 -1 -1 -1
1 1 0 24.3 75.5 6 c26f 0b 1f -1 -1 -1 -1 -1
1 1 0 24.3 75.0 6 c26f 0b 1f -1 -1 -1 -1 -1
1 1 0 24.3 75.0 6 c26f 0b 1f -1 -1 -1 -1 -1
1 1 0 24.2 75.0 6 c26f 0b 1f -1 -1 -1 -1 -1
1 1 0 24.3 75.5 6 c26f 0b 1f -1 -1 -1 -1 -1
1 1 0 24.2 75.5 4 c26f 0b 1f -1 -1 -1 -1 -1
1 1 0 24.2 75.5 4 c26f 0b 1f -1 -1 -1 -1 -1
1 1 0 24.2 76.0 4 c26f 0b 1f -1 -1 -1 -1 -1
1 1 0 24.3 76.5 4 c26f 0b 1f -1 -1 -1 -1 -1
1 1 0 24.3 77.0 4 c26f 0b 1f -1 -1 -1 -1 -1
1 1 0 24.3 76.5 4 c26f 0b 1f -1 -1 -1 -1 -1
1 1 0 24.4 77.0 4 c26f 0b 1f -1 -1 -1 -1 -1
1 1 0 24.5 77.0 4 c26f 0b 1f -1 -1 -1 -1 -1
1 1 0 24.4 77.0 4 c26f 0b 1f -1 -1 -1 -1 -1
1 1 0 24.4 77.0 4 c26f 0b 1f -1 -1 -1 -1 -1
1 1 0 24.5 77.0 2 c26f 0b 1f -1 -1 -1 -1 -1
1 1 0 24.4 77.5 2 -1f 0b 1f -1 -1 -1 -1 -1
1 1 0 24.5 78.0 2 -1f 0b 1f -1 -1 -1 -1 -1
1 1 0 24.5 78.5 2 -1f 0b 1f -1 -1 -1 -1 -1
1 1 0 24.5 79.0 2 -1f 0b 1f -1 -1 -1 -1 -1
1 1 0 24.5 78.5 2 -1f 0b 1f -1 -1 -1 -1 -1
1 1 0 24.6 78.5 2 -1f 0b 1f -1 -1 -1 -1 -1
1 1 0 24.6 79.0 2 -1f 0b 1f -1 -1 -1 -1 -1
1 1 0 24.6 79.5 2 -1f 0b 1f -1 -1 -1 -1 -1
1 1 0 24.5 79.5 2 -1f 0b 1f -1 -1 -1 -1 -1
1 1 0 24.6 79.5 2 -1f 0b 1f -1 -1 -1 -1 -1
1 1 0 24.6 79.5 2 -1f 0b 1f -1 -1 -1 -1 -1
1 1 0 24.6 79.5 2 -1f 0b 1f -1 -1 -1 -1 -1
1 1 0 24.6 79.5 2 -1f 0b 1f -1 -1 -1 -1 -1
1 1 0 24.6 80.0 6 -1f 0b 1f -1 -1 -1 -1 -1
1 1 0 24.6 80.0 4 -1f 0b 1f -1 -1 -1 -1 -1
1 1 0 24.6 80.0 4 -1f 0b 1f -1 -1 -1 -1 -1
1 1 0 24.6 80.5 4 -1f 0b 1f -1 -1 -1 -1 -1
1 1 0 24.7 80.0 4 -1f 0b 1f -1 -1 -1 -1 -1
1 1 0 24.6 80.0 4 -1f 0b 1f -1 -1 -1 -1 -1
1 1 0 24.7 80.0 4 -1f 0b 1f -1 -1 -1 -1 -1
1 1 0 24.7 80.0 4 -1f 0b 1f -1 -1 -1 -1 -1
1 1 0 24.6 79.5 4 -1f 0b 1f -1 -1 -1 -1 -1
1 1 0 24.7 79.0 4 -1f 0b 1f -1 -1 -1 -1 -1
1 1 0 24.6 79.0 4 -1f 0b 1f -1 -1 -1 -1 -1
1 1 0 24.6 78.5 4 -1f 0b 1f -1 -1 -1 -1 -1
1 1 0 24.6 78.0 4 -1f 0b 1f -1 -1 -1 -1 -1
1 1 0 24.5 77.5 4 -1f 0b 1f -1 -1 -1 -1 -1
1 1 0 24.5 77.0 4 -1f 0b 5f -1 -1 -1 -1 -1
1 1 0 24.4 76.5 4 -1f 0b 5f -1 -1 -1 -1 -1
1 1 0 24.4 76.5 4 -1f 0b 5f -1 -1 -1 -1 -1
1 1 0 24.4 76.0 4 -1f 0b 5f -1 -1 -1 -1 -1
1 1 0 24.3 76.0 4 -1f 0b 5f -1 -1 -1 -1 -1
1 1 0 24.3 76.0 4 -1f 0b 5f -1 -1 -1 -1 -1
1 1 0 24.4 76.0 4 -1f 0b 5f -1 -1 -1 -1 -1
1 1 0 24.3 75.5 4 -1f 0b 5f -1 -1 -1 -1 -1
1 1 0 24.3 75.5 4 -1f 0b 5f -1 -1 -1 -1 -1
1 1 0 24.3 75.0 4 -1f 0b 5f -1 -1 -1 -1 -1
1 1 0 24.3 75.0 2 -1f 0b 5f -1 -1 -1 -1 -1
1 1 0 24.2 74.5 2 -1f 0b 5f -1 -1 -1 -1 -1
1 1 0 24.2 74.0 2 -1f 0b 5f -1 -1 -1 -1 -1
1 1 0 24.2 74.5 2 -1f 0b 5f -1 -1 -1 -1 -1
1 1 0 24.2 74.0 2 -1f 0b 5f -1 -1 -1 -1 -1
1 1 0 24.2 73.5 2 -1f 0b 5f -1 -1 -1 -1 -1
1 1 0 24.1 73.5 2 -1f 0b 5f -1 -1 -1 -1 -1
1 1 0 24.1 73.5 2 -1f 0b 5f -1 -1 -1 -1 -1
1 1 0 24.1 73.5 2 -1f 0b 5f -1 -1 -1 -1 -1
1 1 0 24.2 74.5 2 -1f 0b 5f -1 -1 -1 -1 -1
1 1 0 24.2 74.5 2 -1f 0b 5f -1 -1 -1 -1 -1
1 1 0 24.2 75.0 2 -1f 0b 5f -1 -1 -1 -1 -1
1 1 0 24.3 75.5 2 -1f 0b 5f -1 -1 -1 -1 -1
1 1 0 24.3 76.0 2 -1f 0b 5f -1 -1 -1 -1 -1
1 1 0 24.3 76.5 2 -1f 0b 5f -1 -1 -1 -1 -1
1 1 0 24.4 76.5 2 -1f 0b 5f -1 -1 -1 -1 -1
1 1 0 24.5 77.0 2 -1f 0b 7f -1 -1 -1 -1 -1
1 1 0 24.5 77.5 4 -1f 0b 7f -1 -1 -1 -1 -1
1 1 0 24.5 77.5 4 -1f 0b 7f -1 -1 -1 -1 -1
1 1 0 24.5 78.0 4 -1f 0b 7f -1 -1 -1 -1 -1
1 1 0 24.5 78.0 4 -1f 0b 7f -1 -1 -1 -1 -1
1 1 0 24.5 78.0 4 -1f 0b 7f -1 -1 -1 -1 -1
1 1 0 24.5 77.5 4 -1f 0b 7f -1 -1 -1 -1 -1
1 1 0 24.5 77.5 4 -1f 0b 7f -1 -1 -1 -1 -1
1 1 0 24.4 77.0 4 -1f 0b 7f -1 -1 -1 -1 -1
1 1 0 24.4 76.0 4 -1f 0b 7f -1 -1 -1 -1 -1
1 1 0 24.2 76.0 4 -1f 0b 7f -1 -1 -1 -1 -1
1 1 0 24.2 75.5 4 -1f 0b 7f -1 -1 -1 -1 -1
1 1 0 24.2 75.0 4 -1f 0b 7f -1 -1 -1 -1 -1
1 1 0 24.2 74.5 4 -1f 0b 7f -1 -1 -1 -1 -1
1 1 0 24.1 74.0 4 -1f 0b 7f -1 -1 -1 -1 -1
1 1 0 24.1 74.0 4 -1f 0b 7f -1 -1 -1 -1 -1
1 1 0 24.0 73.5 4 -1f 0b 7f -1 -1 -1 -1 -1
1 1 0 23.9 73.5 4 -1f 0b 7f -1 -1 -1 -1 -1
1 1 0 23.9 73.0 4 -1f 0b 7f -1 -1 -1 -1 -1
1 1 0 23.8 72.5 4 -1f 0b 7f -1 -1 -1 -1 -1
1 1 0 23.8 72.5 4 -1f 0b 7f -1 -1 -1 -1 -1
1 1 0 23.6 72.0 4 -1f 0b 7f -1 -1 -1 -1 -1
1 1 0 23.5 72.0 4 -1f 0b 7f -1 -1 -1 -1 -1
1 1 0 23.6 72.5 4 -1f 0b 7f -1 -1 -1 -1 -1
1 1 0 23.6 72.0 4 -1f 0b 7f -1 -1 -1 -1 -1
1 1 0 23.5 72.0 4 -1f 0b 7f -1 -1 -1 -1 -1
1 1 0 23.5 72.0 4 -1f 0b 7f -1 -1 -1 -1 -1
1 1 0 23.5 72.0 4 -1f 0b 7f -1 -1 -1 -1 -1
1 1 0 23.5 72.0 4 -1f 0b 7f -1 -1 -1 -1 -1
1 1 0 23.5 71.5 4 -1f 0b 7f -1 -1 -1 -1 -1
1 1 0 23.5 71.5 4 -1f 0b 7f -1 -1 -1 -1 -1
1 1 0 23.5 71.5 4 -1f 0b 7f -1 -1 -1 -1 -1
1 1 0 23.4 71.5 4 -1f 0b 7f -1 -1 -1 -1 -1
1 1 0 23.5 71.5 4 -1f 0b 7f -1 -1 -1 -1 -1
1 1 0 23.4 71.5 4 -1f 0b 7f -1 -1 -1 -1 -1
1 1 0 23.3 71.5 4 -1f 0b 7f -1 -1 -1 -1 -1
1 1 0 23.3 71.5 4 -1f 0b 7f -1 -1 -1 -1 -1
1 1 0 23.3 71.5 4 -1f 0b 7f -1 -1 -1 -1 -1
1 1 0 23.3 71.5 4 -1f 0b 7f -1 -1 -1 -1 -1
1 1 0 23.4 71.5 4 -1f 0b 7f -1 -1 -1 -1 -1
1 1 0 23.4 71.5 4 -1f 0b 7f -1 -1 -1 -1 -1
1 1 0 23.4 71.0 4 -1f 0b 7f -1 -1 -1 -1 -1
1 1 0 23.3 71.0 4 -1f 0b 7f -1 -1 -1 -1 -1
1 1 0 23.3 71.0 4 -1f 0b 7f -1 -1 -1 -1 -1
1 1 0 23.3 71.5 4 -1f 0b 7f -1 -1 -1 -1 -1
1 1 0 23.3 71.5 4 -1f 0b 7f -1 -1 -1 -1 -1
1 1 0 23.3 71.0 4 -1f 0b 7f -1 -1 -1 -1 -1
1 1 0 23.2 71.0 2 -1f 0b 7f -1 -1 -1 -1 -1
1 1 0 23.2 71.0 4 -1f 0b 7f -1 -1 -1 -1 -1
1 1 0 23.2 71.0 4 -1f 0b 7f -1 -1 -1 -1 -1
1 1 0 23.2 71.5 4 -1f 0b 7f -1 -1 -1 -1 -1
1 1 0 23.2 71.5 4 -1f 0b 7f -1 -1 -1 -1 -1
1 1 0 23.2 71.5 4 -1f 0b 7f -1 -1 -1 -1 -1
1 1 0 23.3 71.5 4 -1f 0b 7f -1 -1 -1 -1 -1
1 1 0 23.2 71.0 4 -1f 0b 7f -1 -1 -1 -1 -1
1 1 0 23.2 71.5 4 -1f 0b 7f -1 -1 -1 -1 -1
1 1 0 23.2 71.5 4 -1f 0b 7f -1 -1 -1 -1 -1
1 1 0 23.2 71.5 4 -1f 0b 7f -1 -1 -1 -1 -1
1 1 0 23.2 72.0 4 -1f 0b 7f -1 -1 -1 -1 -1
1 1 0 23.2 72.5 4 -1f 0b 7f -1 -1 -1 -1 -1
1 1 0 23.2 73.0 4 -1f 0b 7f -1 -1 -1 -1 -1
1 1 0 23.3 73.0 4 -1f 0b 7f -1 -1 -1 -1 -1
1 1 0 23.2 73.0 4 -1f 0b 7f -1 -1 -1 -1 -1
1 1 0 23.4 73.5 4 -1f 0b 7f -1 -1 -1 -1 -1
1 1 0 23.4 73.0 4 -1f 0b 7f -1 -1 -1 -1 -1
1 1 0 23.4 72.0 4 -1f 0b 7f -1 -1 -1 -1 -1
1 1 0 23.3 72.0 4 -1f 0b 7f -1 -1 -1 -1 -1
1 1 0 23.2 72.5 4 -1f 0b 7f -1 -1 -1 -1 -1
1 1 0 23.2 72.5 4 -1f 0b 7f -1 -1 -1 -1 -1
1 1 0 23.2 72.5 4 -1f 0b 7f -1 -1 -1 -1 -1
1 1 0 23.2 73.0 4 -1f 0b 7f -1 -1 -1 -1 -1
1 1 0 23.2 73.0 4 -1f 0b 7f -1 -1 -1 -1 -1
1 1 0 23.2 73.0 4 -1f 0b 7f -1 -1 -1 -1 -1
1 1 0 23.1 73.0 4 -1f 0b 7f -1 -1 -1 -1 -1
1 1 0 23.1 73.0 4 -1f 0b 7f -1 -1 -1 -1 -1
1 1 0 23.1 72.5 4 -1f 0b 7f -1 -1 -1 -1 -1
1 1 0 23.2 73.0 4 -1f 0b 7f -1 -1 -1 -1 -1
1 1 0 23.1 73.5 4 -1f 0b 7f -1 -1 -1 -1 -1
1 1 0 23.2 73.0 4 -1f 0b 7f -1 -1 -1 -1 -1
1 1 0 23.2 73.0 4 -1f 0b 7f -1 -1 -1 -1 -1
1 1 0 23.2 73.0 4 -1f 0b 7f -1 -1 -1 -1 -1
1 1 0 23.2 73.5 4 -1f 0b 7f -1 -1 -1 -1 -1
1 1 0 23.2 73.5 4 -1f 0b 7f -1 -1 -1 -1 -1
1 1 0 23.1 73.0 4 -1f 0b 7f -1 -1 -1 -1 -1
1 1 0 23.1 73.0 4 -1f 0b 7f -1 -1 -1 -1 -1
1 1 0 23.1 73.0 4 -1f 0b 7f -1 -1 -1 -1 -1
1 1 0 23.1 73.0 4 -1f 0b 7f -1 -1 -1 -1 -1
1 1 0 23.1 73.0 4 -1f 0b 7f -1 -1 -1 -1 -1
1 1 0 23.1 73.0 4 -1f 0b 7f -1 -1 -1 -1 -1
1 1 0 23.1 73.0 4 -1f 0b 7f -1 -1 -1 -1 -1
1 1 0 23.1 73.0 4 -1f 0b 7f -1 -1 -1 -1 -1
1 1 0 23.0 72.5 4 -1f 0b 7f -1 -1 -1 -1 -1
1 1 0 23.1 72.5 4 -1f 0b 7f -1 -1 -1 -1 -1
1 1 0 23.1 72.5 4 -1f 0b 7f -1 -1 -1 -1 -1
1 1 0 23.1 72.5 4 -1f 0b 7f -1 -1 -1 -1 -1
1 1 0 23.1 72.5 4 -1f 0b 7f -1 -1 -1 -1 -1
1 1 0 23.1 72.5 4 -1f 0b 7f -1 -1 -1 -1 -1
1 1 0 23.1 72.5 4 -1f 0b 7f -1 -1 -1 -1 -1
1 1 0 23.1 72.5 4 -1f 0b 7f -1 -1 -1 -1 -1
1 1 0 23.1 72.5 4 -1f 0b 7f -1 -1 -1 -1 -1
1 1 0 23.1 72.5 4 -1f 0b 7f -1 -1 -1 -1 -1
1 1 0 23.1 72.5 4 -1f 0b 7f -1 -1 -1 -1 -1
1 1 0 23.1 72.5 4 -1f 0b 7f -1 -1 -1 -1 -1
1 1 0 23.1 72.5 4 -1f 0b 7f -1 -1 -1 -1 -1
1 1 0 23.0 72.5 4 -1f 0b 7f -1 -1 -1 -1 -1
1 1 0 23.0 72.5 4 -1f 0b 7f -1 -1 -1 -1 -1
1 1 0 23.1 72.5 4 -1f 0b 7f -1 -1 -1 -1 -1
1 1 0 23.1 72.5 4 -1f 0b 7f -1 -1 -1 -1 -1
1 1 0 23.1 72.5 4 -1f 0b 7f -1 -1 -1 -1 -1
1 1 0 23.1 72.5 4 -1f 0b 7f -1 -1 -1 -1 -1
1 1 0 23.1 72.0 4 -1f 0b 7f -1 -1 -1 -1 -1
1 1 0 23.0 72.5 4 -1f 0b 7f -1 -1 -1 -1 -1
1 1 0 23.0 72.0 4 -1f 0b 7f -1 -1 -1 -1 -1
1 1 0 23.0 72.5 4 -1f 0b 7f -1 -1 -1 -1 -1
1 1 0 23.1 72.5 4 -1f 0b 7f -1 -1 -1 -1 -1
1 1 0 23.1 72.5 4 -1f 0b 7f -1 -1 -1 -1 -1
1 1 0 23.1 72.5 4 -1f 0b 7f -1 -1 -1 -1 -1
1 1 0 23.1 72.5 4 -1f 0b 7f -1 -1 -1 -1 -1
1 1 0 23.1 72.5 4 -1f 0b 7f -1 -1 -1 -1 -1
1 1 0 23.1 72.5 4 -1f 0b 7f -1 -1 -1 -1 -1
1 1 0 23.1 72.5 4 -1f 0b 7f -1 -1 -1 -1 -1
1 1 0 23.1 72.5 4 -1f 0b 7f -1 -1 -1 -1 -1
1 1 0 23.1 72.5 4 -1f 0b 7f -1 -1 -1 -1 -1
1 1 0 23.0 72.5 4 -1f 0b 7f -1 -1 -1 -1 -1
1 1 0 23.1 72.5 4 -1f 0b 7f -1 -1 -1 -1 -1
1 1 0 23.0 72.0 4 -1f 0b 7f -1 -1 -1 -1 -1
1 1 0 23.0 72.0 4 -1f 0b 7f -1 -1 -1 -1 -1
1 1 0 23.1 72.0 4 -1f 0b 7f -1 -1 -1 -1 -1
1 1 0 22.9 72.0 4 -1f 0b 7f -1 -1 -1 -1 -1
1 1 0 23.0 72.5 4 -1f 0b 7f -1 -1 -1 -1 -1
1 1 0 23.0 72.0 4 -1f 0b 7f -1 -1 -1 -1 -1
1 1 0 22.9 72.0 4 -1f 0b 7f -1 -1 -1 -1 -1
1 1 0 22.9 72.0 4 -1f 0b 7f -1 -1 -1 -1 -1
1 1 0 22.9 72.0 4 -1f 0b 7f -1 -1 -1 -1 -1
1 1 0 22.9 72.0 4 -1f 0b 7f -1 -1 -1 -1 -1
1 1 0 22.8 72.0 4 -1f 0b 7f -1 -1 -1 -1 -1
1 1 0 22.9 72.0 4 -1f 0b 7f -1 -1 -1 -1 -1
1 1 0 22.9 72.0 4 -1f 0b 7f -1 -1 -1 -1 -1
1 1 0 22.8 71.5 4 -1f 0b 7f -1 -1 -1 -1 -1
1 1 0 22.9 72.0 4 -1f 0b 7f -1 -1 -1 -1 -1
1 1 0 22.9 72.0 4 -1f 0b 7f -1 -1 -1 -1 -1
1 1 0 22.9 72.0 4 -1f 0b 7f -1 -1 -1 -1 -1
1 1 0 22.9 72.0 4 -1f 0b 7f -1 -1 -1 -1 -1
1 1 0 22.9 72.0 4 -1f 0b 7f -1 -1 -1 -1 -1
1 1 0 22.9 72.0 4 -1f 0b 7f -1 -1 -1 -1 -1
1 1 0 22.9 72.0 4 -1f 0b 7f -1 -1 -1 -1 -1
1 1 0 22.9 72.0 4 -1f 0b 7f -1 -1 -1 -1 -1
1 1 0 22.9 72.0 4 -1f 0b 7f -1 -1 -1 -1 -1
1 1 0 22.8 72.0 4 -1f 0b 7f -1 -1 -1 -1 -1
1 1 0 22.8 72.0 4 -1f 0b 7f -1 -1 -1 -1 -1
1 1 0 22.9 72.0 4 -1f 0b 7f -1 -1 -1 -1 -1
1 1 0 22.8 72.5 4 -1f 0b 7f -1 -1 -1 -1 -1
1 1 0 22.9 72.5 4 -1f 0b 7f -1 -1 -1 -1 -1
1 1 0 22.8 72.0 4 -1f 0b 7f -1 -1 -1 -1 -1
1 1 0 22.8 72.0 4 -1f 0b 7f -1 -1 -1 -1 -1
1 1 0 22.8 72.0 4 -1f 0b 7f -1 -1 -1 -1 -1
1 1 0 22.8 72.0 4 -1f 0b 7f -1 -1 -1 -1 -1
1 1 0 22.9 72.5 4 -1f 0b 7f -1 -1 -1 -1 -1
1 1 0 22.8 72.5 4 -1f 0b 7f -1 -1 -1 -1 -1
1 1 0 22.9 72.5 4 -1f 0b 7f -1 -1 -1 -1 -1
1 1 0 22.9 72.5 2 -1f 0b 7f -1 -1 -1 -1 -1
1 1 0 22.9 72.5 4 -1f 0b 7f -1 -1 -1 -1 -1
1 1 0 22.9 72.5 4 -1f 0b 7f -1 -1 -1 -1 -1
1 1 0 22.9 72.5 4 -1f 0b 7f -1 -1 -1 -1 -1
1 1 0 22.8 72.5 4 -1f 0b 7f -1 -1 -1 -1 -1
1 1 0 22.9 72.5 4 -1f 0b 7f -1 -1 -1 -1 -1
1 1 0 22.9 72.5 4 -1f 0b 7f -1 -1 -1 -1 -1
1 1 0 23.0 72.5 4 -1f 0b 7f -1 -1 -1 -1 -1
1 1 0 22.9 72.5 4 -1f 0b 7f -1 -1 -1 -1 -1
1 1 0 22.9 72.5 4 -1f 0b 7f -1 -1 -1 -1 -1
1 1 0 22.9 72.5 4 -1f 0b 7f -1 -1 -1 -1 -1
1 1 0 22.9 72.5 4 -1f 0b 7f -1 -1 -1 -1 -1
1 1 0 22.9 72.5 4 -1f 0b 7f -1 -1 -1 -1 -1
1 1 0 22.9 73.0 4 -1f 0b 7f -1 -1 -1 -1 -1
1 1 0 22.9 73.0 4 -1f 0b 7f -1 -1 -1 -1 -1
1 1 0 23.0 73.0 4 -1f 0b 7f -1 -1 -1 -1 -1
1 1 0 22.9 73.0 4 -1f 0b 7f -1 -1 -1 -1 -1
1 1 0 22.9 73.0 4 -1f 0b 7f -1 -1 -1 -1 -1
1 1 0 22.9 73.0 4 -1f 0b 7f -1 -1 -1 -1 -1
1 1 0 22.9 73.0 4 -1f 0b 7f -1 -1 -1 -1 -1
1 1 0 23.0 73.0 4 -1f 0b 7f -1 -1 -1 -1 -1
1 1 0 22.9 73.0 4 -1f 0b 7f -1 -1 -1 -1 -1
1 1 0 23.0 73.0 4 -1f 0b 7f -1 -1 -1 -1 -1
1 1 0 22.9 72.5 4 -1f 0b 7f -1 -1 -1 -1 -1
1 1 0 23.0 72.5 4 -1f 0b 7f -1 -1 -1 -1 -1
1 1 0 22.9 72.5 4 -1f 0b 7f -1 -1 -1 -1 -1
1 1 0 23.0 72.5 4 -1f 0b 7f -1 -1 -1 -1 -1
1 1 0 23.0 72.5 4 -1f 0b 7f -1 -1 -1 -1 -1
1 1 0 22.9 72.5 4 -1f 0b 7f -1 -1 -1 -1 -1
1 1 0 22.9 72.5 4 -1f 0b 7f -1 -1 -1 -1 -1
1 1 0 22.9 72.5 4 -1f 0b 7f -1 -1 -1 -1 -1
1 1 0 22.9 72.5 4 -1f 0b 7f -1 -1 -1 -1 -1
1 1 0 22.8 72.5 4 -1f 0b 7f -1 -1 -1 -1 -1
1 1 0 22.9 73.0 4 -1f 0b 7f -1 -1 -1 -1 -1
1 1 0 22.9 73.0 4 -1f 0b 7f -1 -1 -1 -1 -1
1 1 0 22.9 73.0 4 -1f 0b 7f -1 -1 -1 -1 -1
1 1 0 22.9 73.0 4 -1f 0b 7f -1 -1 -1 -1 -1
1 1 0 22.9 73.0 4 -1f 0b 7f -1 -1 -1 -1 -1
1 1 0 22.9 73.5 4 -1f 0b 7f -1 -1 -1 -1 -1
1 1 0 22.9 73.5 4 -1f 0b 7f -1 -1 -1 -1 -1
1 1 0 22.9 73.5 4 -1f 0b 7f -1 -1 -1 -1 -1
1 1 0 22.9 73.5 4 -1f 0b 7f -1 -1 -1 -1 -1
1 1 0 22.9 73.5 4 -1f 0b 7f -1 -1 -1 -1 -1
1 1 0 22.9 73.5 4 -1f 0b 7f -1 -1 -1 -1 -1
1 1 0 22.8 73.5 4 -1f 0b 7f -1 -1 -1 -1 -1
1 1 0 22.9 73.5 4 -1f 0b 7f -1 -1 -1 -1 -1
1 1 0 22.9 73.5 4 -1f 0b 7f -1 -1 -1 -1 -1
1 1 0 22.9 73.5 4 -1f 0b 7f -1 -1 -1 -1 -1
1 1 0 22.9 73.5 4 -1f 0b 7f -1 -1 -1 -1 -1
1 1 0 22.9 73.5 4 -1f 0b 7f -1 -1 -1 -1 -1
1 1 0 22.9 73.5 4 -1f 0b 7f -1 -1 -1 -1 -1
1 1 0 22.9 73.5 4 -1f 0b 7f -1 -1 -1 -1 -1
1 1 0 22.9 73.5 0 -1f 0b 7f -1 -1 -1 -1 -1
1 1 0 22.9 73.5 0 -1f 0b 7f -1 -1 -1 -1 -1
1 1 0 23.0 74.0 0 -1f 0b 7f -1 -1 -1 -1 -1
1 1 0 23.0 74.0 1 -1f 0b 0f -1 -1 -1 -1 -1
1 1 0 23.0 74.5 1 -1f 0b 0f -1 -1 -1 -1 -1
1 1 0 23.1 74.0 1 -1f 0b 0f -1 -1 -1 -1 -1
1 1 0 23.2 75.0 1 -1f 0b 0f -1 -1 -1 -1 -1
1 1 0 23.2 75.0 1 -1f 0b 0f -1 -1 -1 -1 -1
1 1 0 23.3 75.0 1 -1f 0b 0f -1 -1 -1 -1 -1
1 1 0 23.3 75.0 1 -1f 0b 0f -1 -1 -1 -1 -1
1 1 0 23.4 75.0 1 -1f 0b 0f -1 -1 -1 -1 -1
1 1 0 23.5 75.5 1 -1f 0b 0f -1 -1 -1 -1 -1
1 1 0 23.6 75.5 1 -1f 0b 0f -1 -1 -1 -1 -1
1 1 0 23.5 76.0 1 -1f 0b 0f -1 -1 -1 -1 -1
1 1 0 23.6 75.5 1 -1f 0b 0f -1 -1 -1 -1 -1
1 1 0 23.7 76.0 1 -1f 0b 0f -1 -1 -1 -1 -1
1 1 0 23.7 76.5 1 -1f 0b 0f -1 -1 -1 -1 -1
1 1 0 23.7 76.5 1 -1f 0b 0f -1 -1 -1 -1 -1
1 1 0 23.7 77.5 1 -1f 0b 0f -1 -1 -1 -1 -1
1 1 0 23.8 77.5 1 -1f 0b 0f -1 -1 -1 -1 -1
1 1 0 23.7 77.0 1 -1f 0b 0f -1 -1 -1 -1 -1
1 1 0 23.9 77.0 1 -1f 0b 0f -1 -1 -1 -1 -1
1 1 0 23.8 77.0 1 -1f 0b 0f -1 -1 -1 -1 -1
1 1 0 23.9 77.0 1 -1f 0b 0f -1 -1 -1 -1 -1
1 1 0 23.9 77.0 1 -1f 0b 0f -1 -1 -1 -1 -1
1 1 0 24.0 78.0 1 -1f 0b 0f -1 -1 -1 -1 -1
1 1 0 23.9 78.0 1 -1f 0b 0f -1 -1 -1 -1 -1
1 1 0 23.9 78.0 1 -1f 0b 0f -1 -1 -1 -1 -1
1 1 0 24.0 79.5 1 -1f 0b 0f -1 -1 -1 -1 -1
1 1 0 24.0 79.0 1 -1f 0b 0f -1 -1 -1 -1 -1
1 1 0 24.1 78.5 1 -1f 0b 0f -1 -1 -1 -1 -1
1 1 0 24.1 79.0 1 -1f 0b 0f -1 -1 -1 -1 -1
1 1 0 24.1 79.0 1 -1f 0b 0f -1 -1 -1 -1 -1
1 1 0 24.1 79.5 1 -1f 0b 0f -1 -1 -1 -1 -1
1 1 0 24.2 79.0 1 -1f 0b 0f -1 -1 -1 -1 -1
1 1 0 24.1 78.5 1 -1f 0b 0f -1 -1 -1 -1 -1
1 1 0 24.2 78.5 1 -1f 0b 0f -1 -1 -1 -1 -1
1 1 0 24.2 78.5 1 -1f 0b 0f -1 -1 -1 -1 -1
1 1 0 24.2 79.0 1 -1f 0b 0f -1 -1 -1 -1 -1
1 1 0 24.3 79.0 1 -1f 0b 0f -1 -1 -1 -1 -1
1 1 0 24.2 79.0 1 -1f 0b 0f -1 -1 -1 -1 -1
1 1 0 24.2 79.5 1 -1f 0b 0f -1 -1 -1 -1 -1
1 1 0 24.3 80.0 1 -1f 0b 0f -1 -1 -1 -1 -1
1 1 0 24.3 80.0 1 -1f 0b 0f -1 -1 -1 -1 -1
1 1 0 24.4 80.0 1 -1f 0b 0f -1 -1 -1 -1 -1
1 1 0 24.3 80.0 1 -1f 0b 0f -1 -1 -1 -1 -1
1 1 0 24.4 80.0 1 -1f 0b 0f -1 -1 -1 -1 -1
1 1 0 24.3 80.0 1 -1f 0b 0f -1 -1 -1 -1 -1
1 1 0 24.4 79.5 1 -1f 0b 0f -1 -1 -1 -1 -1
1 1 0 24.4 79.5 1 -1f 0b 0f -1 -1 -1 -1 -1
1 1 0 24.4 80.0 1 -1f 0b 0f -1 -1 -1 -1 -1
1 1 0 24.4 80.5 1 -1f 0b 0f -1 -1 -1 -1 -1
1 1 0 24.5 81.0 1 -1f 0b 0f -1 -1 -1 -1 -1
1 1 0 24.5 81.0 1 -1f 0b 0f -1 -1 -1 -1 -1
1 1 0 24.5 81.0 1 -1f 0b 0f -1 -1 -1 -1 -1
1 1 0 24.5 81.0 1 -1f 0b 0f -1 -1 -1 -1 -1
1 1 0 24.6 81.0 1 -1f 0b 0f -1 -1 -1 -1 -1
1 1 0 24.5 81.0 1 -1f 0b 0f -1 -1 -1 -1 -1
1 1 0 24.5 81.0 1 -1f 0b 0f -1 -1 -1 -1 -1
1 1 0 24.5 80.5 1 -1f 0b 0f -1 -1 -1 -1 -1
1 1 0 24.6 80.5 1 -1f 0b 0f -1 -1 -1 -1 -1
1 1 0 24.6 80.5 1 -1f 0b 0f -1 -1 -1 -1 -1
1 1 0 24.5 80.5 1 -1f 0b 0f -1 -1 -1 -1 -1
1 1 0 24.6 80.5 1 -1f 0b 0f -1 -1 -1 -1 -1
1 1 0 24.6 80.5 1 -1f 0b 0f -1 -1 -1 -1 -1
1 1 0 24.6 80.5 1 -1f 0b 0f -1 -1 -1 -1 -1
1 1 0 24.6 80.5 1 -1f 0b 0f -1 -1 -1 -1 -1
1 1 0 24.7 80.0 1 -1f 0b 0f -1 -1 -1 -1 -1
1 1 0 24.7 80.0 1 -1f 0b 0f -1 -1 -1 -1 -1
1 1 0 24.7 80.0 1 -1f 0b 0f -1 -1 -1 -1 -1
1 1 0 24.7 80.0 1 -1f 0b 0f -1 -1 -1 -1 -1
1 1 0 24.7 80.5 1 -1f 0b 0f -1 -1 -1 -1 -1
1 1 0 24.7 80.0 1 -1f 0b 0f -1 -1 -1 -1 -1
1 1 0 24.7 80.5 1 -1f 0b 0f -1 -1 -1 -1 -1
1 1 0 24.7 80.5 1 -1f 0b 0f -1 -1 -1 -1 -1
1 1 0 24.8 81.0 1 -1f 0b 0f -1 -1 -1 -1 -1
1 1 0 24.8 81.0 1 -1f 0b 0f -1 -1 -1 -1 -1
1 1 0 24.8 81.0 1 -1f 0b 0f -1 -1 -1 -1 -1
1 1 0 24.8 81.0 1 -1f 0b 0f -1 -1 -1 -1 -1
1 1 0 24.8 81.0 1 -1f 0b 0f -1 -1 -1 -1 -1
1 1 0 24.8 81.0 1 -1f 0b 0f -1 -1 -1 -1 -1
1 1 0 24.8 81.0 1 -1f 0b 0f -1 -1 -1 -1 -1
1 1 0 24.8 81.0 1 -1f 0b 0f -1 -1 -1 -1 -1
1 1 0 24.8 80.5 1 -1f 0b 0f -1 -1 -1 -1 -1
1 1 0 24.9 81.0 1 -1f 0b 0f -1 -1 -1 -1 -1
1 1 0 24.9 81.0 1 -1f 0b 0f -1 -1 -1 -1 -1
1 1 0 24.9 80.5 1 -1f 0b 0f -1 -1 -1 -1 -1
1 1 0 24.8 80.5 1 -1f 0b 0f -1 -1 -1 -1 -1
1 1 0 24.9 80.5 1 -1f 0b 0f -1 -1 -1 -1 -1
1 1 0 24.9 80.5 1 -1f 0b 0f -1 -1 -1 -1 -1
1 1 0 24.9 80.0 1 -1f 0b 0f -1 -1 -1 -1 -1
1 1 0 25.0 80.5 1 -1f 0b 0f -1 -1 -1 -1 -1
1 1 0 24.9 80.0 1 -1f 0b 0f -1 -1 -1 -1 -1
1 1 0 24.9 80.0 1 -1f 0b 0f -1 -1 -1 -1 -1
1 1 0 24.9 80.0 1 -1f 0b 0f -1 -1 -1 -1 -1
1 1 0 25.0 80.0 1 -1f 0b 0f -1 -1 -1 -1 -1
1 1 0 25.0 80.0 1 -1f 0b 0f -1 -1 -1 -1 -1
1 1 0 25.0 80.0 1 -1f 0b 0f -1 -1 -1 -1 -1
1 1 0 25.0 80.0 1 -1f 0b 0f -1 -1 -1 -1 -1
1 1 0 25.0 80.0 1 -1f 0b 0f -1 -1 -1 -1 -1
1 1 0 25.0 80.5 1 -1f 0b 0f -1 -1 -1 -1 -1
1 1 0 25.0 80.5 1 -1f 0b 0f -1 -1 -1 -1 -1
1 1 0 25.0 80.0 1 -1f 0b 0f -1 -1 -1 -1 -1
1 1 0 25.0 80.0 1 -1f 0b 0f -1 -1 -1 -1 -1
1 1 0 25.1 80.5 1 -1f 0b 0f -1 -1 -1 -1 -1
1 1 0 25.0 81.0 1 -1f 0b 0f -1 -1 -1 -1 -1
1 1 0 25.1 81.0 1 -1f 0b 0f -1 -1 -1 -1 -1
1 1 0 25.1 81.0 1 -1f 0b 0f -1 -1 -1 -1 -1
1 1 0 25.0 81.0 1 -1f 0b 0f -1 -1 -1 -1 -1
