1 1 0 25.4 73.5 1 -1 -1 0b -1 -1 -1 0f -1 -1 -1
1 1 0 25.4 73.5 1 -1 -1 0b -1 -1 -1 0f -1 -1 -1
1 1 0 25.4 73.5 1 -1 -1 0b -1 -1 -1 0f -1 -1 -1
1 1 0 25.4 73.5 1 -1 -1 0b -1 -1 -1 0f -1 -1 -1
1 1 0 25.3 74.0 1 -1 -1 0b -1 -1 -1 0f -1 -1 -1
1 1 0 25.4 73.5 1 -1 -1 0b -1 -1 -1 0f -1 -1 -1
1 1 0 25.4 73.5 1 -1 -1 0b -1 -1 -1 0f -1 -1 -1
1 1 0 25.5 73.5 1 -1 -1 0b -1 -1 -1 0f -1 -1 -1
1 1 0 25.4 73.5 1 -1 -1 0b -1 -1 -1 0f -1 -1 -1
1 1 0 25.5 73.5 1 -1 -1 0b -1 -1 -1 0f -1 -1 -1
1 1 0 25.4 73.5 1 -1 -1 0b -1 -1 -1 0f -1 -1 -1
1 1 0 25.5 73.5 1 -1 -1 0b -1 -1 -1 0f -1 -1 -1
1 1 0 25.4 73.5 1 -1 -1 0b -1 -1 -1 0f -1 -1 -1
1 1 0 25.4 74.0 1 -1 -1 0b -1 -1 -1 0f -1 -1 -1
1 1 0 25.5 74.0 1 -1 -1 0b -1 -1 -1 0f -1 -1 -1
1 1 0 25.4 74.0 1 -1 -1 0b -1 -1 -1 0f -1 -1 -1
1 1 0 25.5 73.5 1 -1 -1 0b -1 -1 -1 0f -1 -1 -1
1 1 0 25.4 73.5 1 -1 -1 0b -1 -1 -1 0f -1 -1 -1
1 1 0 25.4 73.5 1 -1 -1 0b -1 -1 -1 0f -1 -1 -1
1 1 0 25.5 73.5 1 -1 -1 0b -1 -1 -1 0f -1 -1 -1
1 1 0 25.5 73.5 1 -1 -1 0b -1 -1 -1 0f -1 -1 -1
1 1 0 25.5 73.5 1 -1 -1 0b -1 -1 -1 0f -1 -1 -1
1 1 0 25.5 73.5 1 -1 -1 0b -1 -1 -1 0f -1 -1 -1
1 1 0 25.5 74.0 1 -1 -1 0b -1 -1 -1 0f -1 -1 -1
1 1 0 25.5 73.5 1 -1 -1 0b -1 -1 -1 0f -1 -1 -1
1 1 0 25.5 73.5 1 -1 -1 0b -1 -1 -1 0f -1 -1 -1
1 1 0 25.5 73.5 1 -1 -1 0b -1 -1 -1 0f -1 -1 -1
1 1 0 25.5 73.5 1 -1 -1 0b -1 -1 -1 0f -1 -1 -1
1 1 0 25.5 73.5 1 -1 -1 0b -1 -1 -1 0f -1 -1 -1
1 1 0 25.6 75.5 1 -1 -1 0b -1 -1 -1 0f -1 -1 -1
1 1 0 25.6 75.5 1 -1 -1 0b -1 -1 -1 0f -1 -1 -1
1 1 0 25.5 75.5 1 -1 -1 0b -1 -1 -1 0f -1 -1 -1
1 1 0 25.5 75.0 1 -1 -1 0b -1 -1 -1 0f -1 -1 -1
1 1 0 25.5 75.5 1 -1 -1 0b -1 -1 -1 0f -1 -1 -1
1 1 0 25.5 75.5 1 -1 -1 0b -1 -1 -1 0f -1 -1 -1
1 1 0 25.6 75.5 1 -1 -1 0b -1 -1 -1 0f -1 -1 -1
1 1 0 25.6 75.5 1 -1 -1 0b -1 -1 -1 0f -1 -1 -1
1 1 0 25.6 75.0 1 -1 -1 0b -1 -1 -1 0f -1 -1 -1
1 1 0 25.5 75.0 1 -1 -1 0b -1 -1 -1 0f -1 -1 -1
1 1 0 25.5 75.0 1 -1 -1 0b -1 -1 -1 0f -1 -1 -1
1 1 0 25.5 74.5 1 -1 -1 0b -1 -1 -1 0f -1 -1 -1
1 1 0 25.6 75.0 1 -1 -1 0b -1 -1 -1 0f -1 -1 -1
1 1 0 25.5 75.0 1 -1 -1 0b -1 -1 -1 0f -1 -1 -1
1 1 0 25.6 75.0 1 -1 -1 0b -1 -1 -1 0f -1 -1 -1
1 1 0 25.6 74.5 1 -1 -1 0b -1 -1 -1 0f -1 -1 -1
1 1 0 25.6 74.5 1 -1 -1 0b -1 -1 -1 0f -1 -1 -1
1 1 0 25.5 74.0 1 -1 -1 0b -1 -1 -1 0f -1 -1 -1
1 1 0 25.6 74.0 1 -1 -1 0b -1 -1 -1 0f -1 -1 -1
1 1 0 25.6 74.0 1 -1 -1 0b -1 -1 -1 0f -1 -1 -1
1 1 0 25.6 74.0 1 -1 -1 0b -1 -1 -1 0f -1 -1 -1
1 1 0 25.6 74.0 1 -1 -1 0b -1 -1 -1 0f -1 -1 -1
1 1 0 25.6 74.0 1 -1 -1 0b -1 -1 -1 0f -1 -1 -1
1 1 0 25.7 74.0 1 -1 -1 0b -1 -1 -1 0f -1 -1 -1
1 1 0 25.6 74.0 1 -1 -1 0b -1 -1 -1 0f -1 -1 -1
1 1 0 25.6 74.0 1 -1 -1 0b -1 -1 -1 0f -1 -1 -1
1 1 0 25.6 73.5 1 -1 -1 0b -1 -1 -1 0f -1 -1 -1
1 1 0 25.6 73.5 1 -1 -1 0b -1 -1 -1 0f -1 -1 -1
1 1 0 25.5 74.0 1 -1 -1 0b -1 -1 -1 0f -1 -1 -1
1 1 0 25.6 74.0 1 -1 -1 0b -1 -1 -1 0f -1 -1 -1
1 1 0 25.6 74.0 1 -1 -1 0b -1 -1 -1 0f -1 -1 -1
1 1 0 25.7 74.0 1 -1 -1 0b -1 -1 -1 0f -1 -1 -1
1 1 0 25.6 73.5 1 -1 -1 0b -1 -1 -1 0f -1 -1 -1
1 1 0 25.6 73.5 1 -1 -1 0b -1 -1 -1 0f -1 -1 -1
1 1 0 25.6 74.0 1 -1 -1 0b -1 -1 -1 0f -1 -1 -1
1 1 0 25.6 74.5 1 -1 -1 0b -1 -1 -1 0f -1 -1 -1
1 1 0 25.7 75.0 1 -1 -1 0b -1 -1 -1 0f -1 -1 -1
1 1 0 25.7 75.0 1 -1 -1 0b -1 -1 -1 0f -1 -1 -1
1 1 0 25.6 74.5 1 -1 -1 0b -1 -1 -1 0f -1 -1 -1
1 1 0 25.6 74.5 1 -1 -1 0b -1 -1 -1 0f -1 -1 -1
1 1 0 25.7 74.0 1 -1 -1 0b -1 -1 -1 0f -1 -1 -1
1 1 0 25.6 74.0 1 -1 -1 0b -1 -1 -1 0f -1 -1 -1
1 1 0 25.7 74.0 1 -1 -1 0b -1 -1 -1 0f -1 -1 -1
1 1 0 25.7 74.0 1 -1 -1 0b -1 -1 -1 0f -1 -1 -1
1 1 0 25.6 74.0 1 -1 -1 0b -1 -1 -1 0f -1 -1 -1
1 1 0 25.7 74.0 1 -1 -1 0b -1 -1 -1 0f -1 -1 -1
1 1 0 25.7 74.0 1 -1 -1 0b -1 -1 -1 0f -1 -1 -1
1 1 0 25.6 74.0 1 -1 -1 0b -1 -1 -1 0f -1 -1 -1
1 1 0 25.6 74.0 1 -1 -1 0b -1 -1 -1 0f -1 -1 -1
1 1 0 25.7 73.5 1 -1 -1 0b -1 -1 -1 0f -1 -1 -1
1 1 0 25.7 74.0 1 -1 -1 0b -1 -1 -1 0f -1 -1 -1
1 1 0 25.7 75.0 1 -1 -1 0b -1 -1 -1 0f -1 -1 -1
1 1 0 25.7 75.5 1 -1 -1 0b -1 -1 -1 0f -1 -1 -1
1 1 0 25.7 75.0 1 -1 -1 0b -1 -1 -1 0f -1 -1 -1
1 1 0 25.7 74.5 1 -1 -1 0b -1 -1 -1 0f -1 -1 -1
1 1 0 25.7 74.0 1 -1 -1 0b -1 -1 -1 0f -1 -1 -1
1 1 0 25.7 74.0 1 -1 -1 0b -1 -1 -1 0f -1 -1 -1
1 1 0 25.7 74.0 1 -1 -1 0b -1 -1 -1 0f -1 -1 -1
1 1 0 25.7 74.5 1 -1 -1 0b -1 -1 -1 0f -1 -1 -1
1 1 0 25.7 74.5 1 -1 -1 0b -1 -1 -1 0f -1 -1 -1
1 1 0 25.7 74.5 1 -1 -1 0b -1 -1 -1 0f -1 -1 -1
1 1 0 25.8 74.5 1 -1 -1 0b -1 -1 -1 0f -1 -1 -1
1 1 0 25.7 74.5 1 -1 -1 0b -1 -1 -1 0f -1 -1 -1
1 1 0 25.8 74.5 1 -1 -1 0b -1 -1 -1 0f -1 -1 -1
1 1 0 25.7 74.5 1 -1 -1 0b -1 -1 -1 0f -1 -1 -1
1 1 0 25.8 74.5 1 -1 -1 0b -1 -1 -1 0f -1 -1 -1
1 1 0 25.7 74.5 1 -1 -1 0b -1 -1 -1 0f -1 -1 -1
1 1 0 25.8 74.5 1 -1 -1 0b -1 -1 -1 0f -1 -1 -1
1 1 0 25.8 74.5 1 -1 -1 0b -1 -1 -1 0f -1 -1 -1
1 1 0 25.8 74.0 1 -1 -1 0b -1 -1 -1 0f -1 -1 -1
1 1 0 25.7 74.0 1 -1 -1 0b -1 -1 -1 0f -1 -1 -1
1 1 0 25.7 74.0 1 -1 -1 0b -1 -1 -1 0f -1 -1 -1
1 1 0 25.8 74.5 1 -1 -1 0b -1 -1 -1 0f -1 -1 -1
1 1 0 25.7 75.0 1 -1 -1 0b -1 -1 -1 0f -1 -1 -1
1 1 0 25.7 74.5 1 -1 -1 0b -1 -1 -1 0f -1 -1 -1
1 1 0 25.7 74.5 1 -1 -1 0b -1 -1 -1 0f -1 -1 -1
1 1 0 25.8 74.0 1 -1 -1 0b -1 -1 -1 0f -1 -1 -1
1 1 0 25.8 74.0 1 -1 -1 0b -1 -1 -1 0f -1 -1 -1
1 1 0 25.8 74.0 1 -1 -1 0b -1 -1 -1 0f -1 -1 -1
1 1 0 25.8 74.0 1 -1 -1 0b -1 -1 -1 0f -1 -1 -1
1 1 0 25.8 74.5 1 -1 -1 0b -1 -1 -1 0f -1 -1 -1
1 1 0 25.8 74.5 1 -1 -1 0b -1 -1 -1 0f -1 -1 -1
1 1 0 25.8 74.5 1 -1 -1 0b -1 -1 -1 0f -1 -1 -1
1 1 0 25.8 75.0 1 -1 -1 0b -1 -1 -1 0f -1 -1 -1
1 1 0 25.8 74.5 1 -1 -1 0b -1 -1 -1 0f -1 -1 -1
1 1 0 25.8 74.0 1 -1 -1 0b -1 -1 -1 0f -1 -1 -1
1 1 0 25.8 74.0 1 -1 -1 0b -1 -1 -1 0f -1 -1 -1
1 1 0 25.8 74.0 1 -1 -1 0b -1 -1 -1 0f -1 -1 -1
1 1 0 25.8 74.0 1 -1 -1 0b -1 -1 -1 0f -1 -1 -1
1 1 0 25.8 74.0 1 -1 -1 0b -1 -1 -1 0f -1 -1 -1
1 1 0 25.8 74.0 1 -1 -1 0b -1 -1 -1 0f -1 -1 -1
1 1 0 25.7 74.0 1 -1 -1 0b -1 -1 -1 0f -1 -1 -1
1 1 0 25.8 74.0 1 -1 -1 0b -1 -1 -1 0f -1 -1 -1
1 1 0 25.9 75.5 1 -1 -1 0b -1 -1 -1 0f -1 -1 -1
1 1 0 25.8 75.0 1 -1 -1 0b -1 -1 -1 0f -1 -1 -1
1 1 0 25.7 74.5 1 -1 -1 0b -1 -1 -1 0f -1 -1 -1
1 1 0 25.8 74.5 1 -1 -1 0b -1 -1 -1 0f -1 -1 -1
1 1 0 25.8 74.0 1 -1 -1 0b -1 -1 -1 0f -1 -1 -1
1 1 0 25.8 74.0 1 -1 -1 0b -1 -1 -1 0f -1 -1 -1
1 1 0 25.8 74.0 1 -1 -1 0b -1 -1 -1 0f -1 -1 -1
1 1 0 25.8 75.0 1 -1 -1 0b -1 -1 -1 0f -1 -1 -1
1 1 0 25.8 75.0 1 -1 -1 0b -1 -1 -1 0f -1 -1 -1
1 1 0 25.8 75.0 1 -1 -1 0b -1 -1 -1 0f -1 -1 -1
1 1 0 25.9 74.5 1 -1 -1 0b -1 -1 -1 0f -1 -1 -1
1 1 0 25.8 74.5 1 -1 -1 0b -1 -1 -1 0f -1 -1 -1
1 1 0 25.9 74.0 1 -1 -1 0b -1 -1 -1 0f -1 -1 -1
1 1 0 25.8 74.0 1 -1 -1 0b -1 -1 -1 0f -1 -1 -1
1 1 0 25.8 74.0 1 -1 -1 0b -1 -1 -1 0f -1 -1 -1
1 1 0 25.8 74.5 1 -1 -1 0b -1 -1 -1 0f -1 -1 -1
1 1 0 25.9 75.0 1 -1 -1 0b -1 -1 -1 0f -1 -1 -1
1 1 0 25.8 75.0 1 -1 -1 0b -1 -1 -1 0f -1 -1 -1
1 1 0 25.8 75.5 1 -1 -1 0b -1 -1 -1 0f -1 -1 -1
1 1 0 25.8 75.5 1 -1 -1 0b -1 -1 -1 0f -1 -1 -1
1 1 0 25.8 75.5 1 -1 -1 0b -1 -1 -1 0f -1 -1 -1
1 1 0 25.8 75.0 1 -1 -1 0b -1 -1 -1 0f -1 -1 -1
1 1 0 25.8 75.0 1 -1 -1 0b -1 -1 -1 0f -1 -1 -1
1 1 0 25.8 75.0 1 -1 -1 0b -1 -1 -1 0f -1 -1 -1
1 1 0 25.8 74.5 1 -1 -1 0b -1 -1 -1 0f -1 -1 -1
1 1 0 25.8 74.5 1 -1 -1 0b -1 -1 -1 0f -1 -1 -1
1 1 0 25.8 74.5 1 -1 -1 0b -1 -1 -1 0f -1 -1 -1
1 1 0 25.8 74.5 1 -1 -1 0b -1 -1 -1 0f -1 -1 -1
1 1 0 25.9 74.5 1 -1 -1 0b -1 -1 -1 0f -1 -1 -1
1 1 0 25.8 74.5 1 -1 -1 0b -1 -1 -1 0f -1 -1 -1
1 1 0 25.8 74.5 1 -1 -1 0b -1 -1 -1 0f -1 -1 -1
1 1 0 25.8 74.5 1 -1 -1 0b -1 -1 -1 0f -1 -1 -1
1 1 0 25.9 74.5 1 -1 -1 0b -1 -1 -1 0f -1 -1 -1
1 1 0 25.8 74.0 1 -1 -1 0b -1 -1 -1 0f -1 -1 -1
1 1 0 25.8 74.5 1 -1 -1 0b -1 -1 -1 0f -1 -1 -1
1 1 0 25.8 74.0 1 -1 -1 0b -1 -1 -1 0f -1 -1 -1
1 1 0 25.9 74.0 1 -1 -1 0b -1 -1 -1 0f -1 -1 -1
1 1 0 25.9 74.0 1 -1 -1 0b -1 -1 -1 0f -1 -1 -1
1 1 0 25.9 74.0 1 -1 -1 0b -1 -1 -1 0f -1 -1 -1
1 1 0 25.9 74.0 1 -1 -1 0b -1 -1 -1 0f -1 -1 -1
1 1 0 25.9 74.0 1 -1 -1 0b -1 -1 -1 0f -1 -1 -1
1 1 0 25.9 74.0 1 -1 -1 0b -1 -1 -1 0f -1 -1 -1
1 1 0 25.8 74.0 1 -1 -1 0b -1 -1 -1 0f -1 -1 -1
1 1 0 25.9 74.0 1 -1 -1 0b -1 -1 -1 0f -1 -1 -1
1 1 0 25.9 74.0 1 -1 -1 0b -1 -1 -1 0f -1 -1 -1
1 1 0 25.9 74.0 1 -1 -1 0b -1 -1 -1 0f -1 -1 -1
1 1 0 25.9 74.0 1 -1 -1 0b -1 -1 -1 0f -1 -1 -1
1 1 0 25.9 74.0 1 -1 -1 0b -1 -1 -1 0f -1 -1 -1
1 1 0 25.9 74.0 1 -1 -1 0b -1 -1 -1 0f -1 -1 -1
1 1 0 26.0 74.0 1 -1 -1 0b -1 -1 -1 0f -1 -1 -1
1 1 0 25.8 74.0 1 -1 -1 0b -1 -1 -1 0f -1 -1 -1
1 1 0 25.9 75.0 1 -1 -1 0b -1 -1 -1 0f -1 -1 -1
1 1 0 25.9 76.0 1 -1 -1 0b -1 -1 -1 0f -1 -1 -1
1 1 0 25.9 76.0 1 -1 -1 0b -1 -1 -1 0f -1 -1 -1
1 1 0 25.9 76.0 1 -1 -1 0b -1 -1 -1 0f -1 -1 -1
1 1 0 25.9 76.0 1 -1 -1 0b -1 -1 -1 0f -1 -1 -1
1 1 0 25.8 76.0 1 -1 -1 0b -1 -1 -1 0f -1 -1 -1
1 1 0 25.9 75.5 1 -1 -1 0b -1 -1 -1 0f -1 -1 -1
1 1 0 25.9 75.0 1 -1 -1 0b -1 -1 -1 0f -1 -1 -1
1 1 0 25.9 75.0 1 -1 -1 0b -1 -1 -1 0f -1 -1 -1
1 1 0 25.9 75.0 1 -1 -1 0b -1 -1 -1 0f -1 -1 -1
1 1 0 25.9 75.0 1 -1 -1 0b -1 -1 -1 0f -1 -1 -1
1 1 0 25.9 75.0 1 -1 -1 0b -1 -1 -1 0f -1 -1 -1
1 1 0 25.9 75.0 1 -1 -1 0b -1 -1 -1 0f -1 -1 -1
1 1 0 25.8 75.0 1 -1 -1 0b -1 -1 -1 0f -1 -1 -1
1 1 0 25.9 74.5 1 -1 -1 0b -1 -1 -1 0f -1 -1 -1
1 1 0 25.9 74.5 1 -1 -1 0b -1 -1 -1 0f -1 -1 -1
1 1 0 25.9 74.5 1 -1 -1 0b -1 -1 -1 0f -1 -1 -1
1 1 0 25.9 74.5 1 -1 -1 0b -1 -1 -1 0f -1 -1 -1
1 1 0 26.0 74.5 1 -1 -1 0b -1 -1 -1 0f -1 -1 -1
1 1 0 25.9 74.5 1 -1 -1 0b -1 -1 -1 0f -1 -1 -1
1 1 0 25.9 74.5 1 -1 -1 0b -1 -1 -1 0f -1 -1 -1
1 1 0 25.9 74.5 1 -1 -1 0b -1 -1 -1 0f -1 -1 -1
1 1 0 25.9 74.5 1 -1 -1 0b -1 -1 -1 0f -1 -1 -1
1 1 0 25.9 74.5 1 -1 -1 0b -1 -1 -1 0f -1 -1 -1
1 1 0 25.9 75.5 1 -1 -1 0b -1 -1 -1 0f -1 -1 -1
1 1 0 25.9 75.0 1 -1 -1 0b -1 -1 -1 0f -1 -1 -1
1 1 0 26.0 74.5 1 -1 -1 0b -1 -1 -1 0f -1 -1 -1
1 1 0 25.9 74.5 1 -1 -1 0b -1 -1 -1 0f -1 -1 -1
1 1 0 26.0 75.0 1 -1 -1 0b -1 -1 -1 0f -1 -1 -1
1 1 0 25.9 75.5 1 -1 -1 0b -1 -1 -1 0f -1 -1 -1
1 1 0 26.0 75.5 1 -1 -1 0b -1 -1 -1 0f -1 -1 -1
1 1 0 25.9 75.0 1 -1 -1 0b -1 -1 -1 0f -1 -1 -1
1 1 0 25.9 75.0 1 -1 -1 0b -1 -1 -1 0f -1 -1 -1
1 1 0 25.9 74.5 1 -1 -1 0b -1 -1 -1 0f -1 -1 -1
1 1 0 25.9 74.5 1 -1 -1 0b -1 -1 -1 0f -1 -1 -1
1 1 0 26.0 74.5 1 -1 -1 0b -1 -1 -1 0f -1 -1 -1
1 1 0 25.9 74.5 1 -1 -1 0b -1 -1 -1 0f -1 -1 -1
1 1 0 25.9 74.5 1 -1 -1 0b -1 -1 -1 0f -1 -1 -1
1 1 0 25.9 74.5 1 -1 -1 0b -1 -1 -1 0f -1 -1 -1
1 1 0 26.0 74.5 1 -1 -1 0b -1 -1 -1 0f -1 -1 -1
1 1 0 25.9 74.5 1 -1 -1 0b -1 -1 -1 0f -1 -1 -1
1 1 0 25.9 74.5 1 -1 -1 0b -1 -1 -1 0f -1 -1 -1
1 1 0 26.0 74.5 1 -1 -1 0b -1 -1 -1 0f -1 -1 -1
1 1 0 26.0 74.5 1 -1 -1 0b -1 -1 -1 0f -1 -1 -1
1 1 0 26.0 74.5 1 -1 -1 0b -1 -1 -1 0f -1 -1 -1
1 1 0 25.9 74.5 1 -1 -1 0b -1 -1 -1 0f -1 -1 -1
1 1 0 26.0 74.5 1 -1 -1 0b -1 -1 -1 0f -1 -1 -1
1 1 0 26.0 75.5 1 -1 -1 0b -1 -1 -1 0f -1 -1 -1
1 1 0 26.0 75.5 1 -1 -1 0b -1 -1 -1 0f -1 -1 -1
1 1 0 25.9 76.0 1 -1 -1 0b -1 -1 -1 0f -1 -1 -1
1 1 0 26.0 76.0 1 -1 -1 0b -1 -1 -1 0f -1 -1 -1
1 1 0 26.0 75.5 1 -1 -1 0b -1 -1 -1 0f -1 -1 -1
1 1 0 25.9 75.5 1 -1 -1 0b -1 -1 -1 0f -1 -1 -1
1 1 0 25.9 75.5 1 -1 -1 0b -1 -1 -1 0f -1 -1 -1
1 1 0 26.0 75.5 1 -1 -1 0b -1 -1 -1 0f -1 -1 -1
1 1 0 26.0 75.5 1 -1 -1 0b -1 -1 -1 0f -1 -1 -1
1 1 0 26.0 75.0 1 -1 -1 0b -1 -1 -1 0f -1 -1 -1
1 1 0 25.9 75.0 1 -1 -1 0b -1 -1 -1 0f -1 -1 -1
1 1 0 26.0 75.0 1 -1 -1 0b -1 -1 -1 0f -1 -1 -1
1 1 0 26.0 74.5 1 -1 -1 0b -1 -1 -1 0f -1 -1 -1
1 1 0 26.0 74.5 1 -1 -1 0b -1 -1 -1 0f -1 -1 -1
1 1 0 26.0 74.5 1 -1 -1 0b -1 -1 -1 0f -1 -1 -1
1 1 0 25.9 75.0 1 -1 -1 0b -1 -1 -1 0f -1 -1 -1
1 1 0 26.0 76.0 1 -1 -1 0b -1 -1 -1 0f -1 -1 -1
1 1 0 26.1 76.5 1 -1 -1 0b -1 -1 -1 0f -1 -1 -1
1 1 0 26.0 76.0 1 -1 -1 0b -1 -1 -1 0f -1 -1 -1
1 1 0 26.0 75.5 1 -1 -1 0b -1 -1 -1 0f -1 -1 -1
1 1 0 26.0 75.5 1 -1 -1 0b -1 -1 -1 0f -1 -1 -1
1 1 0 25.9 76.0 1 -1 -1 0b -1 -1 -1 0f -1 -1 -1
1 1 0 26.0 76.5 1 -1 -1 0b -1 -1 -1 0f -1 -1 -1
1 1 0 25.9 76.0 1 -1 -1 0b -1 -1 -1 0f -1 -1 -1
1 1 0 26.0 76.0 1 -1 -1 0b -1 -1 -1 0f -1 -1 -1
1 1 0 26.0 75.5 1 -1 -1 0b -1 -1 -1 0f -1 -1 -1
1 1 0 26.0 75.5 1 -1 -1 0b -1 -1 -1 0f -1 -1 -1
1 1 0 26.0 76.0 1 -1 -1 0b -1 -1 -1 0f -1 -1 -1
1 1 0 25.9 76.0 1 -1 -1 0b -1 -1 -1 0f -1 -1 -1
1 1 0 26.0 76.0 1 -1 -1 0b -1 -1 -1 0f -1 -1 -1
1 1 0 25.9 76.0 1 -1 -1 0b -1 -1 -1 0f -1 -1 -1
1 1 0 26.0 75.5 1 -1 -1 0b -1 -1 -1 0f -1 -1 -1
1 1 0 26.0 75.5 1 -1 -1 0b -1 -1 -1 0f -1 -1 -1
1 1 0 26.0 75.0 1 -1 -1 0b -1 -1 -1 0f -1 -1 -1
1 1 0 26.0 75.0 1 -1 -1 0b -1 -1 -1 0f -1 -1 -1
1 1 0 26.0 75.0 1 -1 -1 0b -1 -1 -1 0f -1 -1 -1
1 1 0 26.0 75.0 1 -1 -1 0b -1 -1 -1 0f -1 -1 -1
1 1 0 26.0 75.0 1 -1 -1 0b -1 -1 -1 0f -1 -1 -1
1 1 0 26.1 75.0 1 -1 -1 0b -1 -1 -1 0f -1 -1 -1
1 1 0 26.0 75.0 1 -1 -1 0b -1 -1 -1 0f -1 -1 -1
1 1 0 26.0 75.0 1 -1 -1 0b -1 -1 -1 0f -1 -1 -1
1 1 0 25.9 75.0 1 -1 -1 0b -1 -1 -1 0f -1 -1 -1
1 1 0 26.0 75.0 1 -1 -1 0b -1 -1 -1 0f -1 -1 -1
1 1 0 26.0 75.0 1 -1 -1 0b -1 -1 -1 0f -1 -1 -1
1 1 0 26.0 75.0 1 -1 -1 0b -1 -1 -1 0f -1 -1 -1
1 1 0 26.0 75.0 1 -1 -1 0b -1 -1 -1 0f -1 -1 -1
1 1 0 26.0 75.0 1 -1 -1 0b -1 -1 -1 0f -1 -1 -1
1 1 0 26.0 74.5 1 -1 -1 0b -1 -1 -1 0f -1 -1 -1
1 1 0 26.0 74.5 1 -1 -1 0b -1 -1 -1 0f -1 -1 -1
1 1 0 26.0 74.5 1 -1 -1 0b -1 -1 -1 0f -1 -1 -1
1 1 0 26.0 74.5 1 -1 -1 0b -1 -1 -1 0f -1 -1 -1
1 1 0 26.0 74.5 1 -1 -1 0b -1 -1 -1 0f -1 -1 -1
1 1 0 26.0 74.5 1 -1 -1 0b -1 -1 -1 0f -1 -1 -1
1 1 0 26.0 75.0 1 -1 -1 0b -1 -1 -1 0f -1 -1 -1
1 1 0 26.0 75.5 1 -1 -1 0b -1 -1 -1 0f -1 -1 -1
1 1 0 26.1 75.5 1 -1 -1 0b -1 -1 -1 0f -1 -1 -1
1 1 0 26.0 75.0 1 -1 -1 0b -1 -1 -1 0f -1 -1 -1
1 1 0 26.0 75.0 1 -1 -1 0b -1 -1 -1 0f -1 -1 -1
1 1 0 26.0 75.0 1 -1 -1 0b -1 -1 -1 0f -1 -1 -1
1 1 0 26.0 74.5 1 -1 -1 0b -1 -1 -1 0f -1 -1 -1
1 1 0 26.0 74.5 1 -1 -1 0b -1 -1 -1 0f -1 -1 -1
1 1 0 26.0 75.0 1 -1 -1 0b -1 -1 -1 0f -1 -1 -1
1 1 0 26.0 75.0 1 -1 -1 0b -1 -1 -1 0f -1 -1 -1
1 1 0 26.0 75.0 1 -1 -1 0b -1 -1 -1 0f -1 -1 -1
1 1 0 26.1 75.0 1 -1 -1 0b -1 -1 -1 0f -1 -1 -1
1 1 0 26.0 74.5 1 -1 -1 0b -1 -1 -1 0f -1 -1 -1
1 1 0 26.0 74.5 1 -1 -1 0b -1 -1 -1 0f -1 -1 -1
1 1 0 26.1 74.5 1 -1 -1 0b -1 -1 -1 0f -1 -1 -1
1 1 0 26.1 74.5 1 -1 -1 0b -1 -1 -1 0f -1 -1 -1
1 1 0 26.1 74.5 1 -1 -1 0b -1 -1 -1 0f -1 -1 -1
1 1 0 26.0 74.5 1 -1 -1 0b -1 -1 -1 0f -1 -1 -1
1 1 0 26.0 74.5 1 -1 -1 0b -1 -1 -1 0f -1 -1 -1
1 1 0 26.0 74.5 1 -1 -1 0b -1 -1 -1 0f -1 -1 -1
1 1 0 26.0 74.5 1 -1 -1 0b -1 -1 -1 0f -1 -1 -1
1 1 0 26.0 74.5 1 -1 -1 0b -1 -1 -1 0f -1 -1 -1
1 1 0 26.1 74.5 1 -1 -1 0b -1 -1 -1 0f -1 -1 -1
1 1 0 26.0 75.5 1 -1 -1 0b -1 -1 -1 0f -1 -1 -1
1 1 0 26.0 76.0 1 -1 -1 0b -1 -1 -1 0f -1 -1 -1
1 1 0 26.0 76.0 1 -1 -1 0b -1 -1 -1 0f -1 -1 -1
1 1 0 26.0 75.5 1 -1 -1 0b -1 -1 -1 0f -1 -1 -1
1 1 0 26.0 75.5 1 -1 -1 0b -1 -1 -1 0f -1 -1 -1
1 1 0 26.0 75.0 1 -1 -1 0b -1 -1 -1 0f -1 -1 -1
1 1 0 26.1 75.0 1 -1 -1 0b -1 -1 -1 0f -1 -1 -1
1 1 0 26.0 75.0 1 -1 -1 0b -1 -1 -1 0f -1 -1 -1
1 1 0 26.0 75.0 1 -1 -1 0b -1 -1 -1 0f -1 -1 -1
1 1 0 26.1 75.5 1 -1 -1 0b -1 -1 -1 0f -1 -1 -1
1 1 0 26.1 75.0 1 -1 -1 0b -1 -1 -1 0f -1 -1 -1
1 1 0 26.0 75.0 1 -1 -1 0b -1 -1 -1 0f -1 -1 -1
1 1 0 26.1 75.0 1 -1 -1 0b -1 -1 -1 0f -1 -1 -1
1 1 0 26.0 75.5 1 -1 -1 0b -1 -1 -1 0f -1 -1 -1
1 1 0 26.0 75.5 1 -1 -1 0b -1 -1 -1 0f -1 -1 -1
1 1 0 26.0 75.5 1 -1 -1 0b -1 -1 -1 0f -1 -1 -1
1 1 0 26.0 75.0 1 -1 -1 0b -1 -1 -1 0f -1 -1 -1
1 1 0 26.0 75.0 1 -1 -1 0b -1 -1 -1 0f -1 -1 -1
1 1 0 26.0 75.0 1 -1 -1 0b -1 -1 -1 0f -1 -1 -1
1 1 0 26.0 75.0 1 -1 -1 0b -1 -1 -1 0f -1 -1 -1
1 1 0 26.1 75.0 1 -1 -1 0b -1 -1 -1 0f -1 -1 -1
1 1 0 26.0 75.0 1 -1 -1 0b -1 -1 -1 0f -1 -1 -1
1 1 0 26.0 75.0 1 -1 -1 0b -1 -1 -1 0f -1 -1 -1
1 1 0 26.1 75.0 1 -1 -1 0b -1 -1 -1 0f -1 -1 -1
1 1 0 26.0 75.0 1 -1 -1 0b -1 -1 -1 0f -1 -1 -1
1 1 0 26.0 74.5 1 -1 -1 0b -1 -1 -1 0f -1 -1 -1
1 1 0 26.1 74.5 1 -1 -1 0b -1 -1 -1 0f -1 -1 -1
1 1 0 26.1 74.5 1 -1 -1 0b -1 -1 -1 0f -1 -1 -1
1 1 0 26.1 74.5 1 -1 -1 0b -1 -1 -1 0f -1 -1 -1
1 1 0 26.1 74.5 1 -1 -1 0b -1 -1 -1 0f -1 -1 -1
1 1 0 26.1 74.5 1 -1 -1 0b -1 -1 -1 0f -1 -1 -1
1 1 0 26.1 74.5 1 -1 -1 0b -1 -1 -1 0f -1 -1 -1
1 1 0 26.1 74.5 1 -1 -1 0b -1 -1 -1 0f -1 -1 -1
1 1 0 26.1 75.0 1 -1 -1 0b -1 -1 -1 0f -1 -1 -1
1 1 0 26.1 75.0 1 -1 -1 0b -1 -1 -1 0f -1 -1 -1
1 1 0 26.1 75.0 1 -1 -1 0b -1 -1 -1 0f -1 -1 -1
1 1 0 26.1 75.0 1 -1 -1 0b -1 -1 -1 0f -1 -1 -1
1 1 0 26.1 75.0 1 -1 -1 0b -1 -1 -1 0f -1 -1 -1
1 1 0 26.1 75.0 1 -1 -1 0b -1 -1 -1 0f -1 -1 -1
1 1 0 26.1 74.5 1 -1 -1 0b -1 -1 -1 0f -1 -1 -1
1 1 0 26.1 74.5 0 -1 -1 0b -1 -1 -1 0f -1 -1 -1
1 1 0 26.1 74.5 0 -1 -1 0b -1 -1 -1 0f -1 -1 -1
1 1 0 26.2 74.5 0 -1 -1 0b -1 -1 -1 0f -1 -1 -1
1 1 0 26.1 74.5 0 -1 -1 0b -1 -1 -1 0f -1 -1 -1
1 1 0 26.1 74.5 0 -1 -1 0b -1 -1 -1 0f -1 -1 -1
1 1 0 26.1 75.0 0 -1 -1 0b -1 -1 -1 0f -1 -1 -1
1 1 0 26.1 76.5 0 -1 -1 0b -1 -1 -1 0f -1 -1 -1
1 1 0 26.0 77.0 0 -1 -1 0b -1 -1 -1 0f -1 -1 -1
1 1 0 26.1 77.0 0 -1 -1 0b -1 -1 -1 0f -1 -1 -1
1 1 0 26.1 76.0 0 -1 -1 0b -1 -1 -1 0f -1 -1 -1
1 1 0 26.1 75.5 2 -1 -1 0b -1 -1 -1 0f -1 -1 -1
1 1 0 26.1 75.5 2 -1 -1 0b -1 -1 -1 0f -1 -1 -1
1 1 0 26.1 76.0 2 -1 -1 0b -1 -1 -1 0f -1 -1 -1
1 1 0 26.1 76.0 2 -1 -1 0b -1 -1 -1 0f -1 -1 -1
1 1 0 26.1 76.0 3 -1 -1 0b -1 -1 -1 0f -1 -1 -1
1 1 0 26.1 76.0 3 -1 -1 0b -1 -1 -1 0f -1 -1 -1
1 1 0 26.1 76.0 1 -1 -1 0b -1 -1 -1 0f -1 -1 -1
1 1 0 26.0 76.0 1 -1 -1 0b -1 -1 -1 0f -1 -1 -1
1 1 0 26.1 75.5 1 -1 -1 0b -1 -1 -1 0f -1 -1 -1
1 1 0 26.0 75.5 1 -1 -1 0b -1 -1 -1 0f -1 -1 -1
1 1 0 26.1 75.5 1 -1 -1 0b -1 -1 -1 0f -1 -1 -1
1 1 0 26.0 75.0 2 -1 -1 0b -1 -1 -1 0f -1 -1 -1
1 1 0 26.0 75.0 2 -1 -1 0b -1 -1 -1 0f -1 -1 -1
1 1 0 26.1 75.0 2 -1 -1 0b -1 -1 -1 0f -1 -1 -1
1 1 0 26.0 75.0 2 -1 -1 0b -1 -1 -1 0f -1 -1 -1
1 1 0 26.1 75.0 4 -1 -1 0b -1 -1 -1 0f -1 -1 -1
1 1 0 26.1 75.0 4 -1 -1 0b -1 -1 -1 0f -1 -1 -1
1 1 0 26.0 75.0 1 -1 -1 0b -1 -1 -1 0f -1 -1 -1
1 1 0 26.1 75.0 1 -1 -1 0b -1 -1 -1 0f -1 -1 -1
1 1 0 26.1 75.0 1 -1 -1 0b -1 -1 -1 0f -1 -1 -1
1 1 0 26.1 75.0 2 -1 -1 0b -1 -1 -1 0f -1 -1 -1
1 1 0 26.1 75.0 2 -1 -1 0b -1 -1 -1 0f -1 -1 -1
1 1 0 26.2 75.0 2 -1 -1 0b -1 -1 -1 0f -1 -1 -1
1 1 0 26.1 75.0 2 -1 -1 0b -1 -1 -1 0f -1 -1 -1
1 1 0 26.2 75.5 2 -1 -1 0b -1 -1 -1 0f -1 -1 -1
1 1 0 26.1 76.5 4 -1 -1 0b -1 -1 -1 0f -1 -1 -1
1 1 0 26.1 76.5 4 -1 -1 0b -1 -1 -1 0f -1 -1 -1
1 1 0 26.1 76.5 4 -1 -1 0b -1 -1 -1 0f -1 -1 -1
1 1 0 26.1 75.5 4 -1 -1 0b -1 -1 -1 0f -1 -1 -1
1 1 0 26.1 75.5 4 -1 -1 0b -1 -1 -1 0f -1 -1 -1
1 1 0 26.1 75.5 4 -1 -1 0b -1 -1 -1 0f -1 -1 -1
1 1 0 26.1 75.0 6 -1 -1 0b -1 -1 -1 0f -1 -1 -1
1 1 0 26.1 75.0 3 -1 -1 0b -1 -1 -1 0f -1 -1 -1
1 1 0 26.1 75.0 3 -1 -1 0b -1 -1 -1 0f -1 -1 -1
1 1 0 26.1 75.0 3 -1 -1 0b -1 -1 -1 0f -1 -1 -1
1 1 0 26.1 75.0 3 -1 -1 0b -1 -1 -1 0f -1 -1 -1
1 1 0 26.1 75.0 3 -1 -1 0b -1 -1 -1 0f -1 -1 -1
1 1 0 26.2 75.0 3 -1 -1 0b -1 -1 -1 0f -1 -1 -1
1 1 0 26.1 75.0 5 -1 -1 0b -1 -1 -1 0f -1 -1 -1
1 1 0 26.2 75.0 5 -1 -1 0b -1 -1 -1 0f -1 -1 -1
1 1 0 26.1 75.0 5 -1 -1 0b -1 -1 -1 0f -1 -1 -1
1 1 0 26.1 75.0 7 -1 -1 0b -1 -1 -1 0f -1 -1 -1
1 1 0 26.2 75.0 9 -1 -1 0b -1 -1 -1 0f -1 -1 -1
1 1 0 26.1 75.0 5 -1 -1 0b -1 -1 -1 0f -1 -1 -1
1 1 0 26.1 75.0 9 -1 -1 0b -1 -1 -1 0f -1 -1 -1
1 1 0 26.2 75.0 11 -1 -1 0b -1 -1 -1 0f -1 -1 -1
1 1 0 26.2 75.0 11 -1 -1 0b -1 -1 -1 0f -1 -1 -1
1 1 0 26.1 75.0 5 -1 -1 0b -1 -1 -1 0f -1 -1 -1
1 1 0 26.1 75.0 7 -1 -1 0b -1 -1 -1 0f -1 -1 -1
1 1 0 26.2 75.0 5 -1 -1 0b -1 -1 -1 0f -1 -1 -1
1 1 0 26.2 75.0 5 -1 -1 0b -1 -1 -1 0f -1 -1 -1
1 1 0 26.1 75.0 7 -1 -1 0b -1 -1 -1 0f -1 -1 -1
1 1 0 26.2 75.0 7 -1 -1 0b -1 -1 -1 0f -1 -1 -1
1 1 0 26.1 75.0 5 -1 -1 0b -1 -1 -1 0f -1 -1 -1
1 1 0 26.2 75.0 3 -1 -1 0b -1 -1 -1 0f -1 -1 -1
1 1 0 26.2 75.0 6 -1 -1 0b -1 -1 -1 0f -1 -1 -1
1 1 0 26.3 75.0 4 -1 -1 0b -1 -1 -1 0f -1 -1 -1
1 1 0 26.2 75.0 4 -1 -1 0b -1 -1 -1 0f -1 -1 -1
1 1 0 26.2 75.5 4 -1 -1 0b -1 -1 -1 0f -1 -1 -1
1 1 0 26.2 75.5 4 -1 -1 0b -1 -1 -1 0f -1 -1 -1
1 1 0 26.2 75.0 4 -1 -1 0b -1 -1 -1 0f -1 -1 -1
1 1 0 26.2 75.0 4 -1 -1 0b -1 -1 -1 0f -1 -1 -1
1 1 0 26.2 75.0 4 -1 -1 0b -1 -1 -1 0f -1 -1 -1
1 1 0 26.2 75.0 4 -1 -1 0b -1 -1 -1 0f -1 -1 -1
1 1 0 26.2 75.0 4 -1 -1 0b -1 -1 -1 0f -1 -1 -1
1 1 0 26.2 75.0 4 -1 -1 0b -1 -1 -1 0f -1 -1 -1
1 1 0 26.1 75.0 6 -1 -1 0b -1 -1 -1 0f -1 -1 -1
1 1 0 26.2 75.0 6 -1 -1 0b -1 -1 -1 0f -1 -1 -1
1 1 0 26.2 75.0 3 -1 -1 0b -1 -1 -1 0f -1 -1 -1
1 1 0 26.2 74.5 3 -1 -1 0b -1 -1 -1 0f -1 -1 -1
1 1 0 26.2 74.5 3 -1 -1 0b -1 -1 -1 0f -1 -1 -1
1 1 0 26.2 74.5 3 -1 -1 0b -1 -1 -1 0f -1 -1 -1
1 1 0 26.2 75.0 3 -1 -1 0b -1 -1 -1 0f -1 -1 -1
1 1 0 26.2 75.0 3 -1 -1 0b -1 -1 -1 0f -1 -1 -1
1 1 0 26.2 75.0 3 -1 -1 0b -1 -1 -1 0f -1 -1 -1
1 1 0 26.1 75.0 3 -1 -1 0b -1 -1 -1 0f -1 -1 -1
1 1 0 26.2 75.0 3 -1 -1 0b -1 -1 -1 0f -1 -1 -1
1 1 0 26.2 75.0 3 -1 -1 0b -1 -1 -1 0f -1 -1 -1
1 1 0 26.2 75.0 3 -1 -1 0b -1 -1 -1 0f -1 -1 -1
1 1 0 26.3 75.0 3 -1 -1 0b -1 -1 -1 0f -1 -1 -1
1 1 0 26.2 75.0 5 -1 -1 0b -1 -1 -1 0f -1 -1 -1
1 1 0 26.2 75.0 5 -1 -1 0b -1 -1 -1 0f -1 -1 -1
1 1 0 26.2 74.5 5 -1 -1 0b -1 -1 -1 0f -1 -1 -1
1 1 0 26.2 75.0 5 -1 -1 0b -1 -1 -1 0f -1 -1 -1
1 1 0 26.2 74.5 7 -1 -1 0b -1 -1 -1 0f -1 -1 -1
1 1 0 26.2 75.0 7 -1 -1 0b -1 -1 -1 0f -1 -1 -1
1 1 0 26.2 74.5 7 -1 -1 0b -1 -1 -1 0f -1 -1 -1
1 1 0 26.2 75.0 5 -1 -1 0b -1 -1 -1 0f -1 -1 -1
1 1 0 26.2 75.0 5 -1 -1 0b -1 -1 -1 0f -1 -1 -1
1 1 0 26.2 74.5 7 -1 -1 0b -1 -1 -1 0f -1 -1 -1
1 1 0 26.3 74.5 7 -1 -1 0b -1 -1 -1 0f -1 -1 -1
1 1 0 26.2 74.5 7 -1 -1 0b -1 -1 -1 0f -1 -1 -1
1 1 0 26.2 74.5 9 -1 -1 0b -1 -1 -1 0f -1 -1 -1
1 1 0 26.2 74.5 9 -1 -1 0b -1 -1 -1 0f -1 -1 -1
1 1 0 26.2 74.5 5 -1 -1 0b -1 -1 -1 0f -1 -1 -1
1 1 0 26.2 74.5 7 -1 -1 0b -1 -1 -1 0f -1 -1 -1
1 1 0 26.2 74.5 7 -1 -1 0b -1 -1 -1 0f -1 -1 -1
1 1 0 26.3 74.5 7 -1 -1 0b -1 -1 -1 0f -1 -1 -1
1 1 0 26.3 75.0 9 -1 -1 0b -1 -1 -1 0f -1 -1 -1
1 1 0 26.2 75.0 11 -1 -1 0b -1 -1 -1 0f -1 -1 -1
1 1 0 26.3 75.0 9 -1 -1 0b -1 -1 -1 0f -1 -1 -1
1 1 0 26.3 75.0 11 -1 -1 0b -1 -1 -1 0f -1 -1 -1
1 1 0 26.3 75.0 16 -1 -1 0b -1 -1 -1 0f -1 -1 -1
1 1 0 26.2 75.0 19 -1 -1 0b -1 -1 -1 0f -1 -1 -1
1 1 0 26.2 75.0 14 -1 -1 0b -1 -1 -1 0f -1 -1 -1
1 1 0 26.3 75.0 12 -1 -1 0b -1 -1 -1 0f -1 -1 -1
1 1 0 26.3 75.0 11 -1 -1 0b -1 -1 -1 0f -1 -1 -1
1 1 0 26.3 75.0 9 -1 -1 0b -1 -1 -1 0f -1 -1 -1
1 1 0 26.2 75.0 9 -1 -1 0b -1 -1 -1 0f -1 -1 -1
1 1 0 26.2 75.0 7 -1 -1 0b -1 -1 -1 0f -1 -1 -1
1 1 0 26.3 75.0 7 -1 -1 0b -1 -1 -1 0f -1 -1 -1
1 1 0 26.3 75.0 7 -1 -1 0b -1 -1 -1 0f -1 -1 -1
1 1 0 26.3 75.0 9 -1 -1 0b -1 -1 -1 0f -1 -1 -1
1 1 0 26.2 74.5 7 -1 -1 0b -1 -1 -1 0f -1 -1 -1
1 1 0 26.3 75.0 7 -1 -1 0b -1 -1 -1 0f -1 -1 -1
1 1 0 26.3 75.0 5 -1 -1 0b -1 -1 -1 0f -1 -1 -1
1 1 0 26.3 75.0 5 -1 -1 0b -1 -1 -1 0f -1 -1 -1
1 1 0 26.3 75.0 5 -1 -1 0b -1 -1 -1 0f -1 -1 -1
1 1 0 26.3 75.0 5 -1 -1 0b -1 -1 -1 0f -1 -1 -1
1 1 0 26.3 74.5 5 -1 -1 0b -1 -1 -1 0f -1 -1 -1
1 1 0 26.3 75.0 5 -1 -1 0b -1 -1 -1 0f -1 -1 -1
1 1 0 26.3 75.0 5 -1 -1 0b -1 -1 -1 0f -1 -1 -1
1 1 0 26.3 75.0 3 -1 -1 0b -1 -1 -1 0f -1 -1 -1
1 1 0 26.3 75.0 3 -1 -1 0b -1 -1 -1 0f -1 -1 -1
1 1 0 26.3 75.0 7 -1 -1 0b -1 -1 -1 0f -1 -1 -1
1 1 0 26.3 75.0 7 -1 -1 0b -1 -1 -1 0f -1 -1 -1
1 1 0 26.3 75.0 7 -1 -1 0b -1 -1 -1 0f -1 -1 -1
1 1 0 26.3 75.0 3 -1 -1 0b -1 -1 -1 0f -1 -1 -1
1 1 0 26.3 75.0 7 -1 -1 0b -1 -1 -1 0f -1 -1 -1
1 1 0 26.3 75.0 7 -1 -1 0b -1 -1 -1 0f -1 -1 -1
1 1 0 26.4 75.0 7 -1 -1 0b -1 -1 -1 0f -1 -1 -1
1 1 0 26.3 75.0 7 -1 -1 0b -1 -1 -1 0f -1 -1 -1
1 1 0 26.3 75.0 7 -1 -1 0b -1 -1 -1 0f -1 -1 -1
1 1 0 26.4 75.0 7 -1 -1 0b -1 -1 -1 0f -1 -1 -1
1 1 0 26.4 75.0 7 -1 -1 0b -1 -1 -1 0f -1 -1 -1
1 1 0 26.3 75.5 7 -1 -1 0b -1 -1 -1 0f -1 -1 -1
1 1 0 26.3 75.5 7 -1 -1 0b -1 -1 -1 0f -1 -1 -1
1 1 0 26.3 75.0 7 -1 -1 0b -1 -1 -1 0f -1 -1 -1
1 1 0 26.3 75.0 7 -1 -1 0b -1 -1 -1 0f -1 -1 -1
1 1 0 26.3 75.0 3 -1 -1 0b -1 -1 -1 0f -1 -1 -1
1 1 0 26.3 75.0 5 -1 -1 0b -1 -1 -1 0f -1 -1 -1
1 1 0 26.3 75.0 5 -1 -1 0b -1 -1 -1 0f -1 -1 -1
1 1 0 26.3 75.0 5 -1 -1 0b -1 -1 -1 0f -1 -1 -1
1 1 0 26.3 75.0 5 -1 -1 0b -1 -1 -1 0f -1 -1 -1
1 1 0 26.3 75.0 5 -1 -1 0b -1 -1 -1 0f -1 -1 -1
1 1 0 26.4 75.0 7 -1 -1 0b -1 -1 -1 0f -1 -1 -1
1 1 0 26.4 75.0 7 -1 -1 0b -1 -1 -1 0f -1 -1 -1
1 1 0 26.3 75.0 7 -1 -1 0b -1 -1 -1 0f -1 -1 -1
1 1 0 26.3 75.0 7 -1 -1 0b -1 -1 -1 0f -1 -1 -1
1 1 0 26.4 75.0 7 -1 -1 0b -1 -1 -1 0f -1 -1 -1
1 1 0 26.4 75.0 7 -1 -1 0b -1 -1 -1 0f -1 -1 -1
1 1 0 26.4 75.0 7 -1 -1 0b -1 -1 -1 0f -1 -1 -1
1 1 0 26.3 75.0 7 -1 -1 0b -1 -1 -1 0f -1 -1 -1
1 1 0 26.4 75.0 7 -1 -1 0b -1 -1 -1 0f -1 -1 -1
1 1 0 26.4 75.0 7 -1 -1 0b -1 -1 -1 0f -1 -1 -1
1 1 0 26.4 75.0 7 -1 -1 0b -1 -1 -1 0f -1 -1 -1
1 1 0 26.4 75.0 7 -1 -1 0b -1 -1 -1 0f -1 -1 -1
1 1 0 26.4 75.0 7 -1 -1 0b -1 -1 -1 0f -1 -1 -1
1 1 0 26.3 75.0 7 -1 -1 0b -1 -1 -1 0f -1 -1 -1
1 1 0 26.4 75.0 7 -1 -1 0b -1 -1 -1 0f -1 -1 -1
1 1 0 26.4 75.0 7 -1 -1 0b -1 -1 -1 0f -1 -1 -1
1 1 0 26.4 75.0 7 -1 -1 0b -1 -1 -1 0f -1 -1 -1
1 1 0 26.4 75.0 7 -1 -1 0b -1 -1 -1 0f -1 -1 -1
1 1 0 26.3 75.0 7 -1 -1 0b -1 -1 -1 0f -1 -1 -1
1 1 0 26.4 75.0 7 -1 -1 0b -1 -1 -1 0f -1 -1 -1
1 1 0 26.3 75.0 7 -1 -1 0b -1 -1 -1 0f -1 -1 -1
1 1 0 26.3 75.0 7 -1 -1 0b -1 -1 -1 0f -1 -1 -1
1 1 0 26.4 75.0 9 -1 -1 0b -1 -1 -1 0f -1 -1 -1
1 1 0 26.4 75.0 9 -1 -1 0b -1 -1 -1 0f -1 -1 -1
1 1 0 26.5 75.0 5 -1 -1 0b -1 -1 -1 0f -1 -1 -1
1 1 4 26.5 75.0 7 -1 -1 0b -1 -1 -1 0f -1 -1 -1
1 1 0 26.4 75.0 7 -1 -1 0b -1 -1 -1 0f -1 -1 -1
1 1 0 26.4 75.0 7 -1 -1 0b -1 -1 -1 0f -1 -1 -1
1 1 0 26.4 75.0 9 -1 -1 0b -1 -1 -1 0f -1 -1 -1
1 1 0 26.4 75.0 9 -1 -1 0b -1 -1 -1 0f -1 -1 -1
1 1 0 26.4 75.0 11 -1 -1 0b -1 -1 -1 0f -1 -1 -1
1 1 0 26.4 75.0 8 -1 -1 0b -1 -1 -1 0f -1 -1 -1
1 1 0 26.4 75.0 8 -1 -1 0b -1 -1 -1 0f -1 -1 -1
1 1 0 26.4 75.0 10 -1 -1 0b -1 -1 -1 0f -1 -1 -1
1 1 0 26.4 75.0 10 -1 -1 0b -1 -1 -1 0f -1 -1 -1
1 1 0 26.4 75.0 10 -1 -1 0b -1 -1 -1 0f -1 -1 -1
1 1 0 26.4 75.0 10 -1 -1 0b -1 -1 -1 0f -1 -1 -1
1 1 0 26.4 75.0 12 -1 -1 0b -1 -1 -1 0f -1 -1 -1
1 1 0 26.4 75.0 12 -1 -1 0b -1 -1 -1 0f -1 -1 -1
1 1 0 26.4 75.0 10 -1 -1 0b -1 -1 -1 0f -1 -1 -1
1 1 0 26.4 75.0 10 -1 -1 0b -1 -1 -1 0f -1 -1 -1
1 1 0 26.4 75.0 12 -1 -1 0b -1 -1 -1 0f -1 -1 -1
1 1 0 26.4 74.5 12 -1 -1 0b -1 -1 -1 0f -1 -1 -1
1 1 0 26.4 74.5 14 -1 -1 0b -1 -1 -1 0f -1 -1 -1
1 1 0 26.4 74.5 10 -1 -1 0b -1 -1 -1 0f -1 -1 -1
1 1 0 26.4 74.5 12 -1 -1 0b -1 -1 -1 0f -1 -1 -1
1 1 0 26.4 74.5 12 -1 -1 0b -1 -1 -1 0f -1 -1 -1
1 1 1 26.5 74.5 14 -1 -1 0b -1 -1 -1 0f -1 -1 -1
1 1 2 26.4 74.0 16 -1 -1 0b -1 -1 -1 0f -1 -1 -1
1 1 0 26.4 74.5 16 -1 -1 0b -1 -1 -1 0f -1 -1 -1
1 1 0 26.3 74.0 16 -1 -1 0b -1 -1 -1 0f -1 -1 -1
1 1 0 26.4 74.0 16 -1 -1 0b -1 -1 -1 0f -1 -1 -1
1 1 0 26.4 74.0 16 -1 -1 0b -1 -1 -1 0f -1 -1 -1
1 1 0 26.4 74.5 16 -1 -1 0b -1 -1 -1 0f -1 -1 -1
1 1 0 26.4 74.5 12 -1 -1 0b -1 -1 -1 0f -1 -1 -1
1 1 8 26.4 74.5 12 -1 -1 0b -1 -1 -1 0f -1 -1 -1
1 1 0 26.4 74.5 23 -1 -1 0b -1 -1 -1 0f -1 -1 -1
1 1 0 26.4 74.5 23 -1 -1 0b -1 -1 -1 0f -1 -1 -1
1 1 0 26.4 74.5 23 -1 -1 0b -1 -1 -1 0f -1 -1 -1
1 1 0 26.4 74.5 23 -1 -1 0b -1 -1 -1 0f -1 -1 -1
1 1 0 26.4 74.5 21 -1 -1 0b -1 -1 -1 0f -1 -1 -1
1 1 0 26.3 74.5 21 -1 -1 0b -1 -1 -1 0f -1 -1 -1
1 1 0 26.4 74.5 21 -1 -1 0b -1 -1 -1 0f -1 -1 -1
1 1 0 26.4 75.0 21 -1 -1 0b -1 -1 -1 0f -1 -1 -1
1 1 0 26.4 75.0 19 -1 -1 0b -1 -1 -1 0f -1 -1 -1
1 1 0 26.4 75.0 19 -1 -1 0b -1 -1 -1 0f -1 -1 -1
1 1 0 26.4 75.0 23 -1 -1 0b -1 -1 -1 0f -1 -1 -1
1 1 0 26.4 75.0 23 -1 -1 0b -1 -1 -1 0f -1 -1 -1
1 1 0 26.4 74.5 21 -1 -1 0b -1 -1 -1 0f -1 -1 -1
1 1 0 26.5 74.5 21 -1 -1 0b -1 -1 -1 0f -1 -1 -1
1 1 0 26.4 74.5 21 -1 -1 0b -1 -1 -1 0f -1 -1 -1
1 1 0 26.4 74.5 19 -1 -1 0b -1 -1 -1 0f -1 -1 -1
1 1 0 26.4 75.0 19 -1 -1 0b -1 -1 -1 0f -1 -1 -1
1 1 0 26.4 74.5 20 -1 -1 0b -1 -1 -1 0f -1 -1 -1
1 1 0 26.4 74.5 18 -1 -1 0b -1 -1 -1 0f -1 -1 -1
1 1 4 26.4 74.5 16 -1 -1 0b -1 -1 -1 0f -1 -1 -1
1 1 5 26.4 74.0 16 -1 -1 0b -1 -1 -1 0f -1 -1 -1
1 1 0 26.3 74.0 18 -1 -1 0b -1 -1 -1 0f -1 -1 -1
1 1 0 26.4 74.5 18 -1 -1 0b -1 -1 -1 0f -1 -1 -1
1 1 0 26.4 74.5 16 -1 -1 0b -1 -1 -1 0f -1 -1 -1
1 1 0 26.4 74.5 14 -1 -1 0b -1 -1 -1 0f -1 -1 -1
1 1 0 26.5 74.5 18 -1 -1 0b -1 -1 -1 0f -1 -1 -1
1 1 0 26.4 74.5 16 -1 -1 0b -1 -1 -1 0f -1 -1 -1
1 1 0 26.4 74.5 16 -1 -1 0b -1 -1 -1 0f -1 -1 -1
1 1 0 26.4 74.5 16 -1 -1 0b -1 -1 -1 0f -1 -1 -1
1 1 0 26.4 74.5 16 -1 -1 0b -1 -1 -1 0f -1 -1 -1
1 1 0 26.4 74.5 16 -1 -1 0b -1 -1 -1 0f -1 -1 -1
1 1 0 26.4 74.5 14 -1 -1 0b -1 -1 -1 0f -1 -1 -1
1 1 0 26.4 74.0 14 -1 -1 0b -1 -1 -1 0f -1 -1 -1
1 1 0 26.5 74.5 14 -1 -1 0b -1 -1 -1 0f -1 -1 -1
1 1 0 26.4 74.5 14 -1 -1 0b -1 -1 -1 0f -1 -1 -1
1 1 0 26.5 74.5 14 -1 -1 0b -1 -1 -1 0f -1 -1 -1
1 1 0 26.4 74.5 14 -1 -1 0b -1 -1 -1 0f -1 -1 -1
1 1 0 26.4 74.5 14 -1 -1 0b -1 -1 -1 0f -1 -1 -1
1 1 0 26.4 74.0 14 -1 -1 0b -1 -1 -1 0f -1 -1 -1
1 1 0 26.4 74.0 14 -1 -1 0b -1 -1 -1 0f -1 -1 -1
1 1 0 26.5 74.0 16 -1 -1 0b -1 -1 -1 0f -1 -1 -1
1 1 0 26.4 74.0 16 -1 -1 0b -1 -1 -1 0f -1 -1 -1
1 1 0 26.4 74.0 16 -1 -1 0b -1 -1 -1 0f -1 -1 -1
1 1 0 26.4 74.0 16 -1 -1 0b -1 -1 -1 0f -1 -1 -1
1 1 0 26.4 74.0 16 -1 -1 0b -1 -1 -1 0f -1 -1 -1
1 1 0 26.4 74.0 18 -1 -1 0b -1 -1 -1 0f -1 -1 -1
1 1 0 26.5 74.0 14 -1 -1 0b -1 -1 -1 0f -1 -1 -1
1 1 0 26.4 74.0 14 -1 -1 0b -1 -1 -1 0f -1 -1 -1
1 1 0 26.4 74.0 16 -1 -1 0b -1 -1 -1 0f -1 -1 -1
1 1 0 26.4 74.0 16 -1 -1 0b -1 -1 -1 0f -1 -1 -1
1 1 0 26.4 74.0 16 -1 -1 0b -1 -1 -1 0f -1 -1 -1
1 1 0 26.4 74.0 16 -1 -1 0b -1 -1 -1 0f -1 -1 -1
1 1 0 26.4 74.0 18 -1 -1 0b -1 -1 -1 0f -1 -1 -1
1 1 0 26.4 74.0 18 -1 -1 0b -1 -1 -1 0f -1 -1 -1
1 1 0 26.4 74.0 18 -1 -1 0b -1 -1 -1 0f -1 -1 -1
1 1 0 26.4 74.0 16 -1 -1 0b -1 -1 -1 0f -1 -1 -1
1 1 0 26.4 74.0 16 -1 -1 0b -1 -1 -1 0f -1 -1 -1
1 1 2 26.4 74.0 14 -1 -1 0b -1 -1 -1 0f -1 -1 -1
1 1 5 26.4 73.5 10 -1 -1 0b -1 -1 -1 0f -1 -1 -1
1 1 0 26.4 73.5 12 -1 -1 0b -1 -1 -1 0f -1 -1 -1
1 1 0 26.4 74.0 14 -1 -1 0b -1 -1 -1 0f -1 -1 -1
1 1 0 26.4 74.0 14 -1 -1 0b -1 -1 -1 0f -1 -1 -1
1 1 0 26.5 74.0 12 -1 -1 0b -1 -1 -1 0f -1 -1 -1
1 1 0 26.4 74.0 15 -1 -1 0b -1 -1 -1 0f -1 -1 -1
1 1 0 26.4 74.0 15 -1 -1 0b -1 -1 -1 0f -1 -1 -1
1 1 0 26.4 74.0 15 -1 -1 0b -1 -1 -1 0f -1 -1 -1
1 1 0 26.4 74.5 17 -1 -1 0b -1 -1 -1 0f -1 -1 -1
1 1 0 26.4 74.5 17 -1 -1 0b -1 -1 -1 0f -1 -1 -1
1 1 0 26.4 74.0 15 -1 -1 0b -1 -1 -1 0f -1 -1 -1
1 1 0 26.4 74.0 15 -1 -1 0b -1 -1 -1 0f -1 -1 -1
1 1 0 26.4 74.0 15 -1 -1 0b -1 -1 -1 0f -1 -1 -1
1 1 0 26.5 74.0 19 -1 -1 0b -1 -1 -1 0f -1 -1 -1
1 1 0 26.5 74.0 15 -1 -1 0b -1 -1 -1 0f -1 -1 -1
1 1 0 26.4 74.0 15 -1 -1 0b -1 -1 -1 0f -1 -1 -1
1 1 0 26.5 74.0 15 -1 -1 0b -1 -1 -1 0f -1 -1 -1
1 1 0 26.5 74.0 17 -1 -1 0b -1 -1 -1 0f -1 -1 -1
1 1 0 26.4 74.0 19 -1 -1 0b -1 -1 -1 0f -1 -1 -1
1 1 0 26.4 74.0 19 -1 -1 0b -1 -1 -1 0f -1 -1 -1
1 1 0 26.4 74.0 17 -1 -1 0b -1 -1 -1 0f -1 -1 -1
1 1 0 26.5 74.0 17 -1 -1 0b -1 -1 -1 0f -1 -1 -1
1 1 0 26.5 74.0 17 -1 -1 0b -1 -1 -1 0f -1 -1 -1
1 1 0 26.4 74.0 17 -1 -1 0b -1 -1 -1 0f -1 -1 -1
1 1 0 26.5 74.0 19 -1 -1 0b -1 -1 -1 0f -1 -1 -1
1 1 0 26.4 74.0 17 -1 -1 0b -1 -1 -1 0f -1 -1 -1
1 1 0 26.4 74.0 19 -1 -1 0b -1 -1 -1 0f -1 -1 -1
1 1 0 26.5 74.0 21 -1 -1 0b -1 -1 -1 0f -1 -1 -1
1 1 0 26.5 74.0 19 -1 -1 0b -1 -1 -1 0f -1 -1 -1
1 1 0 26.5 74.0 19 -1 -1 0b -1 -1 -1 0f -1 -1 -1
1 1 0 26.5 74.0 19 -1 -1 0b -1 -1 -1 0f -1 -1 -1
1 1 0 26.5 74.0 19 -1 -1 0b -1 -1 -1 0f -1 -1 -1
1 1 0 26.5 74.0 17 -1 -1 0b -1 -1 -1 0f -1 -1 -1
1 1 0 26.5 74.5 17 -1 -1 0b -1 -1 -1 0f -1 -1 -1
1 1 0 26.4 74.5 17 -1 -1 0b -1 -1 -1 0f -1 -1 -1
1 1 0 26.5 74.5 17 -1 -1 0b -1 -1 -1 0f -1 -1 -1
1 1 0 26.5 74.5 17 -1 -1 0b -1 -1 -1 0f -1 -1 -1
1 1 0 26.5 74.5 19 -1 -1 0b -1 -1 -1 0f -1 -1 -1
1 1 0 26.5 74.5 17 -1 -1 0b -1 -1 -1 0f -1 -1 -1
1 1 0 26.5 74.5 17 -1 -1 0b -1 -1 -1 0f -1 -1 -1
1 1 0 26.5 75.0 19 -1 -1 0b -1 -1 -1 0f -1 -1 -1
1 1 0 26.5 75.0 19 -1 -1 0b -1 -1 -1 0f -1 -1 -1
1 1 0 26.6 75.0 19 -1 -1 0b -1 -1 -1 0f -1 -1 -1
1 1 0 26.6 75.0 17 -1 -1 0b -1 -1 -1 0f -1 -1 -1
1 1 0 26.5 75.0 19 -1 -1 0b -1 -1 -1 0f -1 -1 -1
1 1 0 26.6 75.0 19 -1 -1 0b -1 -1 -1 0f -1 -1 -1
1 1 0 26.6 75.0 21 -1 -1 0b -1 -1 -1 0f -1 -1 -1
1 1 0 26.5 75.0 17 -1 -1 0b -1 -1 -1 0f -1 -1 -1
1 1 0 26.6 75.0 21 -1 -1 0b -1 -1 -1 0f -1 -1 -1
1 1 0 26.6 75.0 19 -1 -1 0b -1 -1 -1 0f -1 -1 -1
1 1 0 26.7 75.0 19 -1 -1 0b -1 -1 -1 0f -1 -1 -1
1 1 0 26.6 75.0 20 -1 -1 0b -1 -1 -1 0f -1 -1 -1
1 1 0 26.6 75.0 20 -1 -1 0b -1 -1 -1 0f -1 -1 -1
1 1 0 26.6 75.0 22 -1 -1 0b -1 -1 -1 0f -1 -1 -1
1 1 0 26.7 75.0 21 -1 -1 0b -1 -1 -1 0f -1 -1 -1
1 1 0 26.6 75.0 17 -1 -1 0b -1 -1 -1 0f -1 -1 -1
1 1 0 26.6 75.5 19 -1 -1 0b -1 -1 -1 0f -1 -1 -1
1 1 0 26.6 75.5 19 -1 -1 0b -1 -1 -1 0f -1 -1 -1
1 1 0 26.6 75.5 17 -1 -1 0b -1 -1 -1 0f -1 -1 -1
1 1 0 26.7 75.5 17 -1 -1 0b -1 -1 -1 0f -1 -1 -1
1 1 0 26.6 75.5 17 -1 -1 0b -1 -1 -1 0f -1 -1 -1
1 1 0 26.7 75.5 19 -1 -1 0b -1 -1 -1 0f -1 -1 -1
1 1 0 26.7 75.5 15 -1 -1 0b -1 -1 -1 0f -1 -1 -1
1 1 0 26.7 75.5 17 -1 -1 0b -1 -1 -1 0f -1 -1 -1
1 1 0 26.6 75.5 17 -1 -1 0b -1 -1 -1 0f -1 -1 -1
1 1 0 26.7 75.5 17 -1 -1 0b -1 -1 -1 0f -1 -1 -1
1 1 0 26.7 75.5 15 -1 -1 0b -1 -1 -1 0f -1 -1 -1
1 1 0 26.7 75.5 17 -1 -1 0b -1 -1 -1 0f -1 -1 -1
1 1 0 26.6 75.5 17 -1 -1 0b -1 -1 -1 0f -1 -1 -1
1 1 0 26.7 75.5 19 -1 -1 0b -1 -1 -1 0f -1 -1 -1
1 1 0 26.7 75.5 17 -1 -1 0b -1 -1 -1 0f -1 -1 -1
1 1 0 26.7 75.5 19 -1 -1 0b -1 -1 -1 0f -1 -1 -1
1 1 0 26.7 75.5 19 -1 -1 0b -1 -1 -1 0f -1 -1 -1
1 1 0 26.7 75.5 17 -1 -1 0b -1 -1 -1 0f -1 -1 -1
1 1 0 26.6 75.5 17 -1 -1 0b -1 -1 -1 0f -1 -1 -1
1 1 0 26.7 75.5 21 -1 -1 0b -1 -1 -1 0f -1 -1 -1
1 1 0 26.7 75.5 24 -1 -1 0b -1 -1 -1 0f -1 -1 -1
1 1 0 26.7 75.5 21 -1 -1 0b -1 -1 -1 0f -1 -1 -1
1 1 0 26.7 76.0 20 -1 -1 0b -1 -1 -1 0f -1 -1 -1
1 1 0 26.7 76.0 17 -1 -1 0b -1 -1 -1 0f -1 -1 -1
1 1 0 26.8 75.5 24 -1 -1 0b -1 -1 -1 0f -1 -1 -1
1 1 0 26.8 76.0 22 -1 -1 0b -1 -1 -1 0f -1 -1 -1
1 1 0 26.7 76.0 21 -1 -1 0b -1 -1 -1 0f -1 -1 -1
1 1 0 26.7 76.0 17 -1 -1 0b -1 -1 -1 0f -1 -1 -1
1 1 0 26.7 76.0 17 -1 -1 0b -1 -1 -1 0f -1 -1 -1
1 1 0 26.8 76.0 19 -1 -1 0b -1 -1 -1 0f -1 -1 -1
1 1 0 26.7 76.0 15 -1 -1 0b -1 -1 -1 0f -1 -1 -1
1 1 0 26.8 76.0 17 -1 -1 0b -1 -1 -1 0f -1 -1 -1
1 1 0 26.7 76.0 17 -1 -1 0b -1 -1 -1 0f -1 -1 -1
1 1 0 26.7 76.0 17 -1 -1 0b -1 -1 -1 0f -1 -1 -1
1 1 0 26.8 76.0 17 -1 -1 0b -1 -1 -1 0f -1 -1 -1
1 1 0 26.8 76.0 19 -1 -1 0b -1 -1 -1 0f -1 -1 -1
1 1 0 26.8 76.0 19 -1 -1 0b -1 -1 -1 0f -1 -1 -1
1 1 0 26.7 76.0 17 -1 -1 0b -1 -1 -1 0f -1 -1 -1
1 1 0 26.8 76.0 17 -1 -1 0b -1 -1 -1 0f -1 -1 -1
1 1 0 26.8 76.0 17 -1 -1 0b -1 -1 -1 0f -1 -1 -1
1 1 0 26.8 76.0 17 -1 -1 0b -1 -1 -1 0f -1 -1 -1
1 1 0 26.8 76.0 17 -1 -1 0b -1 -1 -1 0f -1 -1 -1
1 1 2 26.8 76.0 23 -1 -1 0b -1 -1 -1 0f -1 -1 -1
1 1 0 26.8 76.0 24 -1 -1 0b -1 -1 -1 0f -1 -1 -1
1 1 0 26.8 76.0 24 -1 -1 0b -1 -1 -1 0f -1 -1 -1
1 1 0 26.8 76.0 25 -1 -1 0b -1 -1 -1 0f -1 -1 -1
1 1 0 26.8 76.0 25 -1 -1 0b -1 -1 -1 0f -1 -1 -1
1 1 0 26.8 76.0 25 -1 -1 0b -1 -1 -1 0f -1 -1 -1
1 1 0 26.8 76.0 27 -1 -1 0b -1 -1 -1 0f -1 -1 -1
1 1 0 26.9 76.0 24 -1 -1 0b -1 -1 -1 0f -1 -1 -1
1 1 0 26.8 76.0 26 -1 -1 0b -1 -1 -1 0f -1 -1 -1
1 1 9 26.8 76.0 24 -1 -1 0b -1 -1 -1 0f -1 -1 -1
1 1 0 26.9 75.5 25 -1 -1 0b -1 -1 -1 0f -1 -1 -1
1 1 0 26.8 76.0 23 -1 -1 0b -1 -1 -1 0f -1 -1 -1
1 1 0 26.8 76.0 23 -1 -1 0b -1 -1 -1 0f -1 -1 -1
1 1 0 26.8 76.0 23 -1 -1 0b -1 -1 -1 0f -1 -1 -1
1 1 0 26.8 76.0 23 -1 -1 0b -1 -1 -1 0f -1 -1 -1
1 1 7 26.8 75.5 25 -1 -1 0b -1 -1 -1 0f -1 -1 -1
1 1 0 26.8 75.5 24 -1 -1 0b -1 -1 -1 0f -1 -1 -1
1 1 0 26.8 76.0 24 -1 -1 0b -1 -1 -1 0f -1 -1 -1
1 1 0 26.8 76.0 26 -1 -1 0b -1 -1 -1 0f -1 -1 -1
1 1 0 26.9 76.0 26 -1 -1 0b -1 -1 -1 0f -1 -1 -1
1 1 0 26.8 76.0 28 -1 -1 0b -1 -1 -1 0f -1 -1 -1
1 1 5 26.8 76.0 26 -1 -1 0b -1 -1 -1 0f -1 -1 -1
1 1 0 26.8 76.0 28 -1 -1 0b -1 -1 -1 0f -1 -1 -1
1 1 0 26.8 76.0 26 -1 -1 0b -1 -1 -1 0f -1 -1 -1
1 1 0 26.8 76.0 26 -1 -1 0b -1 -1 -1 0f -1 -1 -1
1 1 10 26.8 75.5 24 -1 -1 0b -1 -1 -1 0f -1 -1 -1
1 1 0 26.8 75.5 24 -1 -1 0b -1 -1 -1 0f -1 -1 -1
1 1 0 26.7 75.5 28 -1 -1 0b -1 -1 -1 0f -1 -1 -1
1 1 7 26.8 75.0 28 -1 -1 0b -1 -1 -1 0f -1 -1 -1
1 1 0 26.8 75.0 24 -1 -1 0b -1 -1 -1 0f -1 -1 -1
1 1 0 26.8 75.0 24 -1 -1 0b -1 -1 -1 0f -1 -1 -1
1 1 0 26.9 75.0 26 -1 -1 0b -1 -1 -1 0f -1 -1 -1
1 1 0 26.8 75.0 24 -1 -1 0b -1 -1 -1 0f -1 -1 -1
1 1 0 26.9 75.0 25 -1 -1 0b -1 -1 -1 0f -1 -1 -1
1 1 0 26.8 75.0 23 -1 -1 0b -1 -1 -1 0f -1 -1 -1
1 1 0 26.8 75.0 23 -1 -1 0b -1 -1 -1 0f -1 -1 -1
1 1 0 26.8 75.5 25 -1 -1 0b -1 -1 -1 0f -1 -1 -1
1 1 0 26.8 75.5 26 -1 -1 0b -1 -1 -1 0f -1 -1 -1
1 1 0 26.8 75.5 24 -1 -1 0b -1 -1 -1 0f -1 -1 -1
1 1 0 26.8 75.5 26 -1 -1 0b -1 -1 -1 0f -1 -1 -1
1 1 0 26.8 75.5 28 -1 -1 0b -1 -1 -1 0f -1 -1 -1
1 1 0 26.7 75.5 24 -1 -1 0b -1 -1 -1 0f -1 -1 -1
1 1 0 26.8 75.0 24 -1 -1 0b -1 -1 -1 0f -1 -1 -1
1 1 0 26.8 75.0 24 -1 -1 0b -1 -1 -1 0f -1 -1 -1
1 1 0 26.8 75.0 26 -1 -1 0b -1 -1 -1 0f -1 -1 -1
1 1 0 26.8 75.0 28 -1 -1 0b -1 -1 -1 0f -1 -1 -1
1 1 0 26.8 75.0 28 -1 -1 0b -1 -1 -1 0f -1 -1 -1
1 1 0 26.8 75.5 26 -1 -1 0b -1 -1 -1 0f -1 -1 -1
1 1 0 26.8 75.5 24 -1 -1 0b -1 -1 -1 0f -1 -1 -1
1 1 0 26.8 75.5 21 -1 -1 0b -1 -1 -1 0f -1 -1 -1
1 1 0 26.8 75.5 24 -1 -1 0b -1 -1 -1 0f -1 -1 -1
1 1 0 26.8 75.5 23 -1 -1 0b -1 -1 -1 0f -1 -1 -1
1 1 0 26.9 75.5 23 -1 -1 0b -1 -1 -1 0f -1 -1 -1
1 1 0 26.9 75.5 21 -1 -1 0b -1 -1 -1 0f -1 -1 -1
1 1 0 26.8 75.5 21 -1 -1 0b -1 -1 -1 0f -1 -1 -1
1 1 0 26.8 75.5 19 -1 -1 0b -1 -1 -1 0f -1 -1 -1
1 1 0 26.8 75.5 23 -1 -1 0b -1 -1 -1 0f -1 -1 -1
1 1 0 26.8 75.5 21 -1 -1 0b -1 -1 -1 0f -1 -1 -1
1 1 0 26.8 75.0 21 -1 -1 0b -1 -1 -1 0f -1 -1 -1
1 1 0 26.8 75.0 23 -1 -1 0b -1 -1 -1 0f -1 -1 -1
1 1 0 26.8 75.0 21 -1 -1 0b -1 -1 -1 0f -1 -1 -1
1 1 0 26.8 75.0 21 -1 -1 0b -1 -1 -1 0f -1 -1 -1
1 1 0 26.8 75.0 21 -1 -1 0b -1 -1 -1 0f -1 -1 -1
1 1 0 26.9 75.0 19 -1 -1 0b -1 -1 -1 0f -1 -1 -1
1 1 0 26.8 75.0 19 -1 -1 0b -1 -1 -1 0f -1 -1 -1
1 1 0 26.8 75.0 21 -1 -1 0b -1 -1 -1 0f -1 -1 -1
1 1 0 26.8 75.0 19 -1 -1 0b -1 -1 -1 0f -1 -1 -1
1 1 0 26.8 75.0 19 -1 -1 0b -1 -1 -1 0f -1 -1 -1
1 1 0 26.8 75.0 21 -1 -1 0b -1 -1 -1 0f -1 -1 -1
1 1 0 26.8 75.0 23 -1 -1 0b -1 -1 -1 0f -1 -1 -1
1 1 0 26.8 75.0 21 -1 -1 0b -1 -1 -1 0f -1 -1 -1
1 1 0 26.8 75.0 21 -1 -1 0b -1 -1 -1 0f -1 -1 -1
1 1 0 26.8 75.0 21 -1 -1 0b -1 -1 -1 0f -1 -1 -1
1 1 0 26.8 75.0 19 -1 -1 0b -1 -1 -1 0f -1 -1 -1
1 1 0 26.8 75.0 21 -1 -1 0b -1 -1 -1 0f -1 -1 -1
1 1 1 26.8 74.5 21 -1 -1 0b -1 -1 -1 0f -1 -1 -1
1 1 0 26.7 74.5 23 -1 -1 0b -1 -1 -1 0f -1 -1 -1
1 1 1 26.7 74.5 21 -1 -1 0b -1 -1 -1 0f -1 -1 -1
1 1 0 26.8 74.5 23 -1 -1 0b -1 -1 -1 0f -1 -1 -1
1 1 0 26.8 74.5 21 -1 -1 0b -1 -1 -1 0f -1 -1 -1
1 1 0 26.8 74.0 23 -1 -1 0b -1 -1 -1 0f -1 -1 -1
1 1 13 26.8 74.0 25 -1 -1 0b -1 -1 -1 0f -1 -1 -1
1 1 0 26.8 73.5 24 -1 -1 0b -1 -1 -1 0f -1 -1 -1
1 1 0 26.7 74.0 28 -1 -1 0b -1 -1 -1 0f -1 -1 -1
1 1 0 26.8 74.0 24 -1 -1 0b -1 -1 -1 0f -1 -1 -1
1 1 0 26.7 74.0 26 -1 -1 0b -1 -1 -1 0f -1 -1 -1
1 1 0 26.7 73.5 26 -1 -1 0b -1 -1 -1 0f -1 -1 -1
1 1 0 26.7 73.5 26 -1 -1 0b -1 -1 -1 0f -1 -1 -1
1 1 0 26.8 73.5 26 -1 -1 0b -1 -1 -1 0f -1 -1 -1
1 1 0 26.7 73.5 24 -1 -1 0b -1 -1 -1 0f -1 -1 -1
1 1 0 26.8 73.5 24 -1 -1 0b -1 -1 -1 0f -1 -1 -1
1 1 0 26.7 73.5 24 -1 -1 0b -1 -1 -1 0f -1 -1 -1
1 1 0 26.8 73.5 26 -1 -1 0b -1 -1 -1 0f -1 -1 -1
1 1 0 26.8 73.5 26 -1 -1 0b -1 -1 -1 0f -1 -1 -1
1 1 0 26.7 73.5 26 -1 -1 0b -1 -1 -1 0f -1 -1 -1
1 1 0 26.7 73.5 24 -1 -1 0b -1 -1 -1 0f -1 -1 -1
1 1 0 26.8 74.0 28 -1 -1 0b -1 -1 -1 0f -1 -1 -1
1 1 7 26.7 74.0 22 -1 -1 0b -1 -1 -1 0f -1 -1 -1
1 1 0 26.8 74.0 13 -1 -1 0b -1 -1 -1 0f -1 -1 -1
1 1 0 26.7 73.5 15 -1 -1 0b -1 -1 -1 0f -1 -1 -1
1 1 0 26.8 74.0 12 -1 -1 0b -1 -1 -1 0f -1 -1 -1
1 1 0 26.7 74.0 13 -1 -1 0b -1 -1 -1 0f -1 -1 -1
1 1 0 26.8 73.5 13 -1 -1 0b -1 -1 -1 0f -1 -1 -1
1 1 0 26.8 73.5 10 -1 -1 0b -1 -1 -1 0f -1 -1 -1
1 1 0 26.7 74.0 12 -1 -1 0b -1 -1 -1 0f -1 -1 -1
1 1 0 26.8 74.0 12 -1 -1 0b -1 -1 -1 0f -1 -1 -1
1 1 0 26.8 74.0 14 -1 -1 0b -1 -1 -1 0f -1 -1 -1
1 1 0 26.8 74.0 8 -1 -1 0b -1 -1 -1 0f -1 -1 -1
1 1 0 26.8 74.0 8 -1 -1 0b -1 -1 -1 0f -1 -1 -1
1 1 0 26.8 74.0 8 -1 -1 0b -1 -1 -1 0f -1 -1 -1
1 1 0 26.8 74.0 10 -1 -1 0b -1 -1 -1 0f -1 -1 -1
1 1 0 26.7 74.0 8 -1 -1 0b -1 -1 -1 0f -1 -1 -1
1 1 0 26.9 74.0 10 -1 -1 0b -1 -1 -1 0f -1 -1 -1
1 1 0 26.8 74.0 10 -1 -1 0b -1 -1 -1 0f -1 -1 -1
1 1 0 26.9 74.0 14 -1 -1 0b -1 -1 -1 0f -1 -1 -1
1 1 0 26.8 74.0 15 -1 -1 0b -1 -1 -1 0f -1 -1 -1
1 1 0 26.8 74.0 13 -1 -1 0b -1 -1 -1 0f -1 -1 -1
1 1 0 26.8 74.0 15 -1 -1 0b -1 -1 -1 0f -1 -1 -1
1 1 0 26.8 74.0 17 -1 -1 0b -1 -1 -1 0f -1 -1 -1
1 1 0 26.9 74.0 12 -1 -1 0b -1 -1 -1 0f -1 -1 -1
1 1 0 26.9 74.0 12 -1 -1 0b -1 -1 -1 0f -1 -1 -1
1 1 0 26.9 74.0 15 -1 -1 0b -1 -1 -1 0f -1 -1 -1
1 1 0 26.9 74.0 14 -1 -1 0b -1 -1 -1 0f -1 -1 -1
1 1 0 26.9 74.0 14 -1 -1 0b -1 -1 -1 0f -1 -1 -1
1 1 0 26.8 74.0 14 -1 -1 0b -1 -1 -1 0f -1 -1 -1
1 1 0 26.8 74.0 14 -1 -1 0b -1 -1 -1 0f -1 -1 -1
1 1 0 26.8 74.0 10 -1 -1 0b -1 -1 -1 0f -1 -1 -1
1 1 0 26.8 74.0 8 -1 -1 0b -1 -1 -1 0f -1 -1 -1
1 1 0 26.8 74.0 8 -1 -1 0b -1 -1 -1 0f -1 -1 -1
1 1 0 26.9 74.0 10 -1 -1 0b -1 -1 -1 0f -1 -1 -1
1 1 0 26.8 74.0 10 -1 -1 0b -1 -1 -1 0f -1 -1 -1
1 1 0 26.9 74.0 12 -1 -1 0b -1 -1 -1 0f -1 -1 -1
1 1 0 26.9 74.0 12 -1 -1 0b -1 -1 -1 0f -1 -1 -1
1 1 0 26.9 74.0 12 -1 -1 0b -1 -1 -1 0f -1 -1 -1
1 1 0 26.8 74.0 12 -1 -1 0b -1 -1 -1 0f -1 -1 -1
1 1 0 26.8 74.0 12 -1 -1 0b -1 -1 -1 0f -1 -1 -1
1 1 0 26.8 73.5 12 -1 -1 0b -1 -1 -1 0f -1 -1 -1
1 1 0 26.8 73.5 10 -1 -1 0b -1 -1 -1 0f -1 -1 -1
1 1 0 26.8 73.5 10 -1 -1 0b -1 -1 -1 0f -1 -1 -1
1 1 0 26.8 73.5 12 -1 -1 0b -1 -1 -1 0f -1 -1 -1
1 1 0 26.8 73.5 14 -1 -1 0b -1 -1 -1 0f -1 -1 -1
1 1 0 26.8 73.5 14 -1 -1 0b -1 -1 -1 0f -1 -1 -1
1 1 0 26.9 73.5 10 -1 -1 0b -1 -1 -1 0f -1 -1 -1
1 1 0 26.8 73.5 14 -1 -1 0b -1 -1 -1 0f -1 -1 -1
1 1 0 26.7 73.0 14 -1 -1 0b -1 -1 -1 0f -1 -1 -1
1 1 0 26.7 73.0 10 -1 -1 0b -1 -1 -1 0f -1 -1 -1
1 1 0 26.7 73.0 12 -1 -1 0b -1 -1 -1 0f -1 -1 -1
1 1 0 26.7 73.0 17 -1 -1 0b -1 -1 -1 0f -1 -1 -1
1 1 0 26.7 73.0 15 -1 -1 0b -1 -1 -1 0f -1 -1 -1
1 1 0 26.8 73.0 13 -1 -1 0b -1 -1 -1 0f -1 -1 -1
1 1 0 26.8 72.5 17 -1 -1 0b -1 -1 -1 0f -1 -1 -1
1 1 0 26.8 72.5 13 -1 -1 0b -1 -1 -1 0f -1 -1 -1
1 1 0 26.7 72.5 13 -1 -1 0b -1 -1 -1 0f -1 -1 -1
1 1 6 26.8 72.5 13 -1 -1 0b -1 -1 -1 0f -1 -1 -1
1 1 0 26.8 72.0 13 -1 -1 0b -1 -1 -1 0f -1 -1 -1
1 1 0 26.8 72.0 13 -1 -1 0b -1 -1 -1 0f -1 -1 -1
1 1 0 26.8 72.0 17 -1 -1 0b -1 -1 -1 0f -1 -1 -1
1 1 0 26.7 72.0 17 -1 -1 0b -1 -1 -1 0f -1 -1 -1
1 1 0 26.8 72.5 10 -1 -1 0b -1 -1 -1 0f -1 -1 -1
1 1 0 26.8 72.0 14 -1 -1 0b -1 -1 -1 0f -1 -1 -1
1 1 0 26.8 72.0 12 -1 -1 0b -1 -1 -1 0f -1 -1 -1
1 1 0 26.8 72.0 10 -1 -1 0b -1 -1 -1 0f -1 -1 -1
1 1 0 26.8 72.0 14 -1 -1 0b -1 -1 -1 0f -1 -1 -1
1 1 0 26.8 72.0 14 -1 -1 0b -1 -1 -1 0f -1 -1 -1
1 1 0 26.9 72.0 17 -1 -1 0b -1 -1 -1 0f -1 -1 -1
1 1 0 26.8 72.0 16 -1 -1 0b -1 -1 -1 0f -1 -1 -1
1 1 6 26.8 72.0 12 -1 -1 0b -1 -1 -1 0f -1 -1 -1
1 1 4 26.7 71.5 23 -1 -1 0b -1 -1 -1 0f -1 -1 -1
1 1 0 26.8 71.5 26 -1 -1 0b -1 -1 -1 0f -1 -1 -1
1 1 0 26.8 71.5 24 -1 -1 0b -1 -1 -1 0f -1 -1 -1
1 1 0 26.7 71.5 26 -1 -1 0b -1 -1 -1 0f -1 -1 -1
1 1 0 26.8 71.5 30 -1 -1 0b -1 -1 -1 0f -1 -1 -1
1 1 0 26.8 71.5 24 -1 -1 0b -1 -1 -1 0f -1 -1 -1
1 1 0 26.9 71.5 24 -1 -1 0b -1 -1 -1 0f -1 -1 -1
1 1 0 26.8 71.5 21 -1 -1 0b -1 -1 -1 0f -1 -1 -1
1 1 0 26.8 71.5 21 -1 -1 0b -1 -1 -1 0f -1 -1 -1
1 1 0 26.8 71.5 25 -1 -1 0b -1 -1 -1 0f -1 -1 -1
1 1 0 26.8 71.5 25 -1 -1 0b -1 -1 -1 0f -1 -1 -1
1 1 0 26.8 71.5 21 -1 -1 0b -1 -1 -1 0f -1 -1 -1
1 1 0 26.9 72.0 21 -1 -1 0b -1 -1 -1 0f -1 -1 -1
1 1 0 26.8 72.0 21 -1 -1 0b -1 -1 -1 0f -1 -1 -1
1 1 0 26.8 72.0 17 -1 -1 0b -1 -1 -1 0f -1 -1 -1
1 1 0 26.9 72.0 20 -1 -1 0b -1 -1 -1 0f -1 -1 -1
1 1 0 26.9 72.0 20 -1 -1 0b -1 -1 -1 0f -1 -1 -1
1 1 0 26.8 72.0 17 -1 -1 0b -1 -1 -1 0f -1 -1 -1
1 1 0 26.8 72.0 23 -1 -1 0b -1 -1 -1 0f -1 -1 -1
1 1 0 26.8 72.0 21 -1 -1 0b -1 -1 -1 0f -1 -1 -1
1 1 0 26.8 72.0 18 -1 -1 0b -1 -1 -1 0f -1 -1 -1
1 1 0 26.8 72.0 20 -1 -1 0b -1 -1 -1 0f -1 -1 -1
1 1 0 26.8 72.0 21 -1 -1 0b -1 -1 -1 0f -1 -1 -1
1 1 0 26.8 72.0 19 -1 -1 0b -1 -1 -1 0f -1 -1 -1
1 1 0 26.9 72.0 19 -1 -1 0b -1 -1 -1 0f -1 -1 -1
1 1 0 26.9 72.0 21 -1 -1 0b -1 -1 -1 0f -1 -1 -1
1 1 0 26.9 72.0 19 -1 -1 0b -1 -1 -1 0f -1 -1 -1
1 1 0 26.8 72.0 21 -1 -1 0b -1 -1 -1 0f -1 -1 -1
1 1 0 26.9 72.0 21 -1 -1 0b -1 -1 -1 0f -1 -1 -1
1 1 0 26.8 72.0 19 -1 -1 0b -1 -1 -1 0f -1 -1 -1
1 1 0 26.9 72.0 19 -1 -1 0b -1 -1 -1 0f -1 -1 -1
1 1 0 26.9 72.0 20 -1 -1 0b -1 -1 -1 0f -1 -1 -1
1 1 0 26.8 72.0 20 -1 -1 0b -1 -1 -1 0f -1 -1 -1
1 1 0 26.8 72.0 18 -1 -1 0b -1 -1 -1 0f -1 -1 -1
1 1 0 26.9 72.0 18 -1 -1 0b -1 -1 -1 0f -1 -1 -1
1 1 0 26.8 72.0 16 -1 -1 0b -1 -1 -1 0f -1 -1 -1
1 1 0 26.9 72.5 16 -1 -1 0b -1 -1 -1 0f -1 -1 -1
1 1 0 26.9 73.0 16 -1 -1 0b -1 -1 -1 0f -1 -1 -1
1 1 1 26.9 73.0 16 -1 -1 0b -1 -1 -1 0f -1 -1 -1
1 1 0 26.9 72.5 18 -1 -1 0b -1 -1 -1 0f -1 -1 -1
1 1 0 26.9 72.5 18 -1 -1 0b -1 -1 -1 0f -1 -1 -1
1 1 0 26.8 72.5 16 -1 -1 0b -1 -1 -1 0f -1 -1 -1
1 1 0 26.9 72.5 16 -1 -1 0b -1 -1 -1 0f -1 -1 -1
1 1 0 26.9 72.5 16 -1 -1 0b -1 -1 -1 0f -1 -1 -1
1 1 0 26.9 72.5 16 -1 -1 0b -1 -1 -1 0f -1 -1 -1
1 1 0 26.9 73.0 14 -1 -1 0b -1 -1 -1 0f -1 -1 -1
1 1 3 26.9 72.5 16 -1 -1 0b -1 -1 -1 0f -1 -1 -1
1 1 0 26.9 72.5 16 -1 -1 0b -1 -1 -1 0f -1 -1 -1
1 1 0 26.9 72.5 16 -1 -1 0b -1 -1 -1 0f -1 -1 -1
1 1 6 26.9 72.5 18 -1 -1 0b -1 -1 -1 0f -1 -1 -1
1 1 10 26.9 72.5 16 -1 -1 0b -1 -1 -1 0f -1 -1 -1
1 1 10 26.9 72.5 14 -1 -1 0b -1 -1 -1 0f -1 -1 -1
1 1 0 27.0 72.5 18 -1 -1 0b -1 -1 -1 0f -1 -1 -1
1 1 0 26.9 72.5 16 -1 -1 0b -1 -1 -1 0f -1 -1 -1
1 1 0 26.9 72.5 16 -1 -1 0b -1 -1 -1 0f -1 -1 -1
1 1 0 26.9 72.5 16 -1 -1 0b -1 -1 -1 0f -1 -1 -1
1 1 0 26.9 72.5 16 -1 -1 0b -1 -1 -1 0f -1 -1 -1
1 1 0 26.9 72.5 16 -1 -1 0b -1 -1 -1 0f -1 -1 -1
1 1 0 27.0 72.5 14 -1 -1 0b -1 -1 -1 0f -1 -1 -1
1 1 0 27.0 72.0 14 -1 -1 0b -1 -1 -1 0f -1 -1 -1
1 1 0 26.9 72.0 14 -1 -1 0b -1 -1 -1 0f -1 -1 -1
1 1 0 26.9 72.0 14 -1 -1 0b -1 -1 -1 0f -1 -1 -1
1 1 0 26.9 72.0 12 -1 -1 0b -1 -1 -1 0f -1 -1 -1
1 1 0 26.9 72.0 12 -1 -1 0b -1 -1 -1 0f -1 -1 -1
1 1 0 26.9 72.0 16 -1 -1 0b -1 -1 -1 0f -1 -1 -1
1 1 3 26.9 72.0 13 -1 -1 0b -1 -1 -1 0f -1 -1 -1
1 1 0 26.8 72.0 13 -1 -1 0b -1 -1 -1 0f -1 -1 -1
1 1 0 26.9 72.0 13 -1 -1 0b -1 -1 -1 0f -1 -1 -1
1 1 0 26.8 71.5 13 -1 -1 0b -1 -1 -1 0f -1 -1 -1
1 1 4 26.9 71.5 13 -1 -1 0b -1 -1 -1 0f -1 -1 -1
1 1 0 26.8 71.5 13 -1 -1 0b -1 -1 -1 0f -1 -1 -1
1 1 0 26.9 71.5 13 -1 -1 0b -1 -1 -1 0f -1 -1 -1
1 1 0 26.8 71.5 13 -1 -1 0b -1 -1 -1 0f -1 -1 -1
1 1 0 26.8 71.5 13 -1 -1 0b -1 -1 -1 0f -1 -1 -1
1 1 0 26.8 71.5 13 -1 -1 0b -1 -1 -1 0f -1 -1 -1
1 1 0 26.9 71.0 13 -1 -1 0b -1 -1 -1 0f -1 -1 -1
1 1 0 26.9 71.0 13 -1 -1 0b -1 -1 -1 0f -1 -1 -1
1 1 0 26.9 71.0 13 -1 -1 0b -1 -1 -1 0f -1 -1 -1
1 1 0 26.9 71.0 13 -1 -1 0b -1 -1 -1 0f -1 -1 -1
1 1 0 26.8 71.0 13 -1 -1 0b -1 -1 -1 0f -1 -1 -1
1 1 0 26.9 71.0 13 -1 -1 0b -1 -1 -1 0f -1 -1 -1
1 1 0 26.8 71.0 13 -1 -1 0b -1 -1 -1 0f -1 -1 -1
1 1 0 26.8 71.0 13 -1 -1 0b -1 -1 -1 0f -1 -1 -1
1 1 0 26.8 71.0 13 -1 -1 0b -1 -1 -1 0f -1 -1 -1
1 1 0 26.8 71.0 13 -1 -1 0b -1 -1 -1 0f -1 -1 -1
1 1 0 26.8 71.0 13 -1 -1 0b -1 -1 -1 0f -1 -1 -1
1 1 0 26.8 71.0 16 -1 -1 0b -1 -1 -1 0f -1 -1 -1
1 1 0 26.8 71.0 16 -1 -1 0b -1 -1 -1 0f -1 -1 -1
1 1 0 26.8 71.0 16 -1 -1 0b -1 -1 -1 0f -1 -1 -1
1 1 0 26.8 71.0 16 -1 -1 0b -1 -1 -1 0f -1 -1 -1
1 1 0 26.9 71.0 16 -1 -1 0b -1 -1 -1 0f -1 -1 -1
1 1 0 26.8 71.0 13 -1 -1 0b -1 -1 -1 0f -1 -1 -1
1 1 0 26.8 71.0 13 -1 -1 0b -1 -1 -1 0f -1 -1 -1
1 1 0 26.8 71.0 13 -1 -1 0b -1 -1 -1 0f -1 -1 -1
1 1 8 26.8 70.5 5 -1 -1 0b -1 -1 -1 0f -1 -1 -1
1 1 0 26.7 70.5 5 -1 -1 0b -1 -1 -1 0f -1 -1 -1
1 1 0 26.7 70.5 5 -1 -1 0b -1 -1 -1 0f -1 -1 -1
1 1 0 26.8 71.0 5 -1 -1 0b -1 -1 -1 0f -1 -1 -1
1 1 0 26.8 70.5 5 -1 -1 0b -1 -1 -1 0f -1 -1 -1
1 1 0 26.7 70.5 5 -1 -1 0b -1 -1 -1 0f -1 -1 -1
1 1 0 26.8 70.5 9 -1 -1 0b -1 -1 -1 0f -1 -1 -1
1 1 0 26.8 70.5 9 -1 -1 0b -1 -1 -1 0f -1 -1 -1
1 1 0 26.8 70.5 9 -1 -1 0b -1 -1 -1 0f -1 -1 -1
1 1 0 26.8 70.5 9 -1 -1 0b -1 -1 -1 0f -1 -1 -1
1 1 9 26.7 70.5 7 -1 -1 0b -1 -1 -1 0f -1 -1 -1
1 1 4 26.8 70.0 7 -1 -1 0b -1 -1 -1 0f -1 -1 -1
1 1 4 26.7 70.0 7 -1 -1 0b -1 -1 -1 0f -1 -1 -1
1 1 11 26.8 69.5 7 -1 -1 0b -1 -1 -1 0f -1 -1 -1
1 1 0 26.7 70.0 7 -1 -1 0b -1 -1 -1 0f -1 -1 -1
1 1 0 26.8 70.0 7 -1 -1 0b -1 -1 -1 0f -1 -1 -1
1 1 0 26.7 70.0 7 -1 -1 0b -1 -1 -1 0f -1 -1 -1
1 1 0 26.8 70.0 5 -1 -1 0b -1 -1 -1 0f -1 -1 -1
1 1 0 26.8 70.0 5 -1 -1 0b -1 -1 -1 0f -1 -1 -1
1 1 0 26.8 70.0 5 -1 -1 0b -1 -1 -1 0f -1 -1 -1
1 1 0 26.8 70.0 5 -1 -1 0b -1 -1 -1 0f -1 -1 -1
1 1 0 26.7 70.0 5 -1 -1 0b -1 -1 -1 0f -1 -1 -1
1 1 0 26.8 70.0 5 -1 -1 0b -1 -1 -1 0f -1 -1 -1
1 1 0 26.8 70.0 3 -1 -1 0b -1 -1 -1 0f -1 -1 -1
1 1 0 26.7 70.0 3 -1 -1 0b -1 -1 -1 0f -1 -1 -1
1 1 0 26.8 70.0 3 -1 -1 0b -1 -1 -1 0f -1 -1 -1
1 1 0 26.8 70.0 7 -1 -1 0b -1 -1 -1 0f -1 -1 -1
1 1 0 26.7 70.0 7 -1 -1 0b -1 -1 -1 0f -1 -1 -1
1 1 0 26.8 70.0 7 -1 -1 0b -1 -1 -1 0f -1 -1 -1
1 1 0 26.7 70.0 7 -1 -1 0b -1 -1 -1 0f -1 -1 -1
1 1 0 26.8 70.0 7 -1 -1 0b -1 -1 -1 0f -1 -1 -1
1 1 0 26.8 70.0 5 -1 -1 0b -1 -1 -1 0f -1 -1 -1
1 1 0 26.8 70.0 5 -1 -1 0b -1 -1 -1 0f -1 -1 -1
1 1 0 26.9 70.0 5 -1 -1 0b -1 -1 -1 0f -1 -1 -1
1 1 0 26.8 70.0 5 -1 -1 0b -1 -1 -1 0f -1 -1 -1
1 1 0 26.8 70.5 5 -1 -1 0b -1 -1 -1 0f -1 -1 -1
1 1 0 26.8 70.0 5 -1 -1 0b -1 -1 -1 0f -1 -1 -1
1 1 0 26.8 70.5 5 -1 -1 0b -1 -1 -1 0f -1 -1 -1
1 1 0 26.8 70.5 5 -1 -1 0b -1 -1 -1 0f -1 -1 -1
1 1 0 26.7 70.5 5 -1 -1 0b -1 -1 -1 0f -1 -1 -1
1 1 0 26.8 70.5 3 -1 -1 0b -1 -1 -1 0f -1 -1 -1
1 1 0 26.8 70.5 3 -1 -1 0b -1 -1 -1 0f -1 -1 -1
1 1 0 26.9 70.5 3 -1 -1 0b -1 -1 -1 0f -1 -1 -1
1 1 0 26.8 70.5 3 -1 -1 0b -1 -1 -1 0f -1 -1 -1
1 1 0 26.8 70.5 3 -1 -1 0b -1 -1 -1 0f -1 -1 -1
1 1 0 26.8 70.5 3 -1 -1 0b -1 -1 -1 0f -1 -1 -1
1 1 0 26.8 70.5 3 -1 -1 0b -1 -1 -1 0f -1 -1 -1
1 1 0 26.8 70.5 3 -1 -1 0b -1 -1 -1 0f -1 -1 -1
1 1 0 26.8 70.5 3 -1 -1 0b -1 -1 -1 0f -1 -1 -1
1 1 0 26.8 70.5 3 -1 -1 0b -1 -1 -1 0f -1 -1 -1
1 1 0 26.8 70.5 3 -1 -1 0b -1 -1 -1 0f -1 -1 -1
1 1 0 26.8 70.5 4 -1 -1 0b -1 -1 -1 0f -1 -1 -1
1 1 0 26.9 70.5 4 -1 -1 0b -1 -1 -1 0f -1 -1 -1
1 1 0 26.8 70.5 4 -1 -1 0b -1 -1 -1 0f -1 -1 -1
1 1 0 26.8 70.5 4 -1 -1 0b -1 -1 -1 0f -1 -1 -1
1 1 0 26.8 70.5 4 -1 -1 0b -1 -1 -1 0f -1 -1 -1
1 1 0 26.8 70.5 4 -1 -1 0b -1 -1 -1 0f -1 -1 -1
1 1 0 26.9 70.5 4 -1 -1 0b -1 -1 -1 0f -1 -1 -1
1 1 0 26.8 70.5 4 -1 -1 0b -1 -1 -1 0f -1 -1 -1
1 1 0 26.8 70.5 4 -1 -1 0b -1 -1 -1 0f -1 -1 -1
1 1 0 26.8 70.5 4 -1 -1 0b -1 -1 -1 0f -1 -1 -1
1 1 0 26.9 70.5 4 -1 -1 0b -1 -1 -1 0f -1 -1 -1
1 1 0 26.8 70.5 4 -1 -1 0b -1 -1 -1 0f -1 -1 -1
1 1 0 26.8 71.0 4 -1 -1 0b -1 -1 -1 0f -1 -1 -1
1 1 0 26.7 71.0 4 -1 -1 0b -1 -1 -1 0f -1 -1 -1
1 1 0 26.8 71.0 2 -1 -1 0b -1 -1 -1 0f -1 -1 -1
1 1 0 26.9 71.0 2 -1 -1 0b -1 -1 -1 0f -1 -1 -1
1 1 0 26.8 71.0 2 -1 -1 0b -1 -1 -1 0f -1 -1 -1
1 1 0 26.8 70.5 2 -1 -1 0b -1 -1 -1 0f -1 -1 -1
1 1 0 26.8 71.0 2 -1 -1 0b -1 -1 -1 0f -1 -1 -1
1 1 0 26.8 71.0 2 -1 -1 0b -1 -1 -1 0f -1 -1 -1
1 1 0 26.8 71.0 2 -1 -1 0b -1 -1 -1 0f -1 -1 -1
1 1 0 26.9 71.0 2 -1 -1 0b -1 -1 -1 0f -1 -1 -1
1 1 0 26.9 71.0 2 -1 -1 0b -1 -1 -1 0f -1 -1 -1
1 1 0 26.8 71.0 2 -1 -1 0b -1 -1 -1 0f -1 -1 -1
1 1 0 26.8 71.0 1 -1 -1 0b -1 -1 -1 0f -1 -1 -1
1 1 0 26.8 71.0 1 -1 -1 0b -1 -1 -1 0f -1 -1 -1
1 1 3 26.8 71.0 1 -1 -1 0b -1 -1 -1 0f -1 -1 -1
1 1 0 26.9 71.0 1 -1 -1 0b -1 -1 -1 0f -1 -1 -1
1 1 0 26.9 71.0 1 -1 -1 0b -1 -1 -1 0f -1 -1 -1
1 1 0 26.8 71.0 1 -1 -1 0b -1 -1 -1 0f -1 -1 -1
1 1 0 26.9 71.0 1 -1 -1 0b -1 -1 -1 0f -1 -1 -1
1 1 0 26.8 71.0 4 -1 -1 0b -1 -1 -1 0f -1 -1 -1
1 1 0 26.9 71.0 4 -1 -1 0b -1 -1 -1 0f -1 -1 -1
1 1 0 26.8 71.0 4 -1 -1 0b -1 -1 -1 0f -1 -1 -1
1 1 0 26.9 71.0 2 -1 -1 0b -1 -1 -1 0f -1 -1 -1
1 1 0 26.8 71.0 2 -1 -1 0b -1 -1 -1 0f -1 -1 -1
1 1 0 26.9 71.0 2 -1 -1 0b -1 -1 -1 0f -1 -1 -1
1 1 0 26.9 71.0 2 -1 -1 0b -1 -1 -1 0f -1 -1 -1
1 1 0 26.9 71.0 2 -1 -1 0b -1 -1 -1 0f -1 -1 -1
1 1 0 26.9 71.0 2 -1 -1 0b -1 -1 -1 0f -1 -1 -1
1 1 0 26.9 71.0 2 -1 -1 0b -1 -1 -1 0f -1 -1 -1
1 1 0 26.9 71.0 2 -1 -1 0b -1 -1 -1 0f -1 -1 -1
1 1 0 26.8 71.0 2 -1 -1 0b -1 -1 -1 0f -1 -1 -1
1 1 0 26.9 71.0 2 -1 -1 0b -1 -1 -1 0f -1 -1 -1
1 1 0 26.8 71.0 1 -1 -1 0b -1 -1 -1 0f -1 -1 -1
1 1 0 26.9 71.0 1 -1 -1 0b -1 -1 -1 0f -1 -1 -1
1 1 0 26.9 71.0 1 -1 -1 0b -1 -1 -1 0f -1 -1 -1
1 1 0 26.8 71.0 1 -1 -1 0b -1 -1 -1 0f -1 -1 -1
1 1 0 26.9 71.0 1 -1 -1 0b -1 -1 -1 0f -1 -1 -1
1 1 0 26.8 71.0 1 -1 -1 0b -1 -1 -1 0f -1 -1 -1
1 1 0 26.9 71.0 1 -1 -1 0b -1 -1 -1 0f -1 -1 -1
1 1 0 26.8 71.0 1 -1 -1 0b -1 -1 -1 0f -1 -1 -1
1 1 0 26.9 71.0 1 -1 -1 0b -1 -1 -1 0f -1 -1 -1
1 1 0 26.9 71.0 1 -1 -1 0b -1 -1 -1 0f -1 -1 -1
1 1 0 26.9 71.0 1 -1 -1 0b -1 -1 -1 0f -1 -1 -1
1 1 0 26.9 71.0 1 -1 -1 0b -1 -1 -1 0f -1 -1 -1
1 1 0 26.9 71.0 1 -1 -1 0b -1 -1 -1 0f -1 -1 -1
1 1 0 26.9 71.0 1 -1 -1 0b -1 -1 -1 0f -1 -1 -1
1 1 0 26.9 71.0 1 -1 -1 0b -1 -1 -1 0f -1 -1 -1
1 1 0 26.9 71.0 1 -1 -1 0b -1 -1 -1 0f -1 -1 -1
1 1 0 26.9 71.0 1 -1 -1 0b -1 -1 -1 0f -1 -1 -1
1 1 0 26.9 71.5 1 -1 -1 0b -1 -1 -1 0f -1 -1 -1
1 1 0 26.9 71.5 1 -1 -1 0b -1 -1 -1 0f -1 -1 -1
1 1 0 26.9 71.5 1 -1 -1 0b -1 -1 -1 0f -1 -1 -1
1 1 0 26.9 71.5 1 -1 -1 0b -1 -1 -1 0f -1 -1 -1
1 1 0 26.9 71.5 1 -1 -1 0b -1 -1 -1 0f -1 -1 -1
1 1 0 26.9 71.5 1 -1 -1 0b -1 -1 -1 0f -1 -1 -1
1 1 0 26.9 71.5 1 -1 -1 0b -1 -1 -1 0f -1 -1 -1
1 1 0 26.9 71.5 1 -1 -1 0b -1 -1 -1 0f -1 -1 -1
1 1 0 26.9 71.5 1 -1 -1 0b -1 -1 -1 0f -1 -1 -1
1 1 0 26.9 71.5 1 -1 -1 0b -1 -1 -1 0f -1 -1 -1
1 1 0 26.9 71.5 1 -1 -1 0b -1 -1 -1 0f -1 -1 -1
1 1 0 26.9 71.5 3 -1 -1 0b -1 -1 -1 0f -1 -1 -1
1 1 0 26.9 71.5 3 -1 -1 0b -1 -1 -1 0f -1 -1 -1
1 1 0 26.9 71.5 3 -1 -1 0b -1 -1 -1 0f -1 -1 -1
1 1 0 26.9 71.5 2 -1 -1 0b -1 -1 -1 0f -1 -1 -1
1 1 0 26.9 71.0 2 -1 -1 0b -1 -1 -1 0f -1 -1 -1
1 1 0 26.9 71.0 2 -1 -1 0b -1 -1 -1 0f -1 -1 -1
1 1 0 26.9 71.0 2 -1 -1 0b -1 -1 -1 0f -1 -1 -1
1 1 0 26.9 71.5 2 -1 -1 0b -1 -1 -1 0f -1 -1 -1
1 1 0 27.0 71.0 2 -1 -1 0b -1 -1 -1 0f -1 -1 -1
1 1 0 26.9 71.5 2 -1 -1 0b -1 -1 -1 0f -1 -1 -1
1 1 0 26.9 71.0 0 -1 -1 0b -1 -1 -1 0f -1 -1 -1
1 1 0 26.9 71.5 0 -1 -1 0b -1 -1 -1 0f -1 -1 -1
1 1 0 26.9 71.5 0 -1 -1 0b -1 -1 -1 0f -1 -1 -1
1 1 0 26.8 71.5 0 -1 -1 0b -1 -1 -1 0f -1 -1 -1
1 1 0 26.8 71.5 0 -1 -1 0b -1 -1 -1 0f -1 -1 -1
1 1 0 26.9 71.5 0 -1 -1 0b -1 -1 -1 0f -1 -1 -1
1 1 0 26.9 71.5 0 -1 -1 0b -1 -1 -1 0f -1 -1 -1
1 1 0 26.8 71.5 0 -1 -1 0b -1 -1 -1 0f -1 -1 -1
1 1 0 26.9 71.5 0 -1 -1 0b -1 -1 -1 0f -1 -1 -1
1 1 0 26.9 71.5 0 -1 -1 0b -1 -1 -1 0f -1 -1 -1
1 1 0 26.9 71.5 0 -1 -1 0b -1 -1 -1 0f -1 -1 -1
1 1 0 26.9 71.5 0 -1 -1 0b -1 -1 -1 0f -1 -1 -1
1 1 0 26.9 71.5 0 -1 -1 0b -1 -1 -1 0f -1 -1 -1
1 1 0 26.8 71.0 0 -1 -1 0b -1 -1 -1 0f -1 -1 -1
1 1 0 26.9 71.0 0 -1 -1 0b -1 -1 -1 0f -1 -1 -1
1 1 0 26.9 71.0 0 -1 -1 0b -1 -1 -1 0f -1 -1 -1
1 1 0 26.9 71.0 1 -1 -1 0b -1 -1 -1 0f -1 -1 -1
1 1 0 26.9 71.0 1 -1 -1 0b -1 -1 -1 0f -1 -1 -1
1 1 0 26.9 71.5 1 -1 -1 0b -1 -1 -1 0f -1 -1 -1
1 1 0 26.9 71.0 1 -1 -1 0b -1 -1 -1 0f -1 -1 -1
1 1 0 26.9 71.5 1 -1 -1 0b -1 -1 -1 0f -1 -1 -1
1 1 0 26.9 71.0 1 -1 -1 0b -1 -1 -1 0f -1 -1 -1
1 1 0 26.9 71.0 1 -1 -1 0b -1 -1 -1 0f -1 -1 -1
1 1 0 26.9 71.0 1 -1 -1 0b -1 -1 -1 0f -1 -1 -1
1 1 0 26.9 71.0 1 -1 -1 0b -1 -1 -1 0f -1 -1 -1
1 1 0 26.9 71.0 1 -1 -1 0b -1 -1 -1 0f -1 -1 -1
1 1 0 26.9 71.0 1 -1 -1 0b -1 -1 -1 0f -1 -1 -1
1 1 0 26.9 71.0 1 -1 -1 0b -1 -1 -1 0f -1 -1 -1
1 1 0 26.9 71.0 1 -1 -1 0b -1 -1 -1 0f -1 -1 -1
1 1 0 26.9 71.0 1 -1 -1 0b -1 -1 -1 0f -1 -1 -1
1 1 0 26.9 71.0 1 -1 -1 0b -1 -1 -1 0f -1 -1 -1
1 1 0 26.9 71.0 1 -1 -1 0b -1 -1 -1 0f -1 -1 -1
1 1 0 26.9 71.0 1 -1 -1 0b -1 -1 -1 0f -1 -1 -1
1 1 0 26.9 71.0 1 -1 -1 0b -1 -1 -1 0f -1 -1 -1
1 1 0 27.0 71.0 1 -1 -1 0b -1 -1 -1 0f -1 -1 -1
1 1 0 26.9 71.0 1 -1 -1 0b -1 -1 -1 0f -1 -1 -1
1 1 0 26.9 71.0 1 -1 -1 0b -1 -1 -1 0f -1 -1 -1
1 1 0 26.9 71.0 1 -1 -1 0b -1 -1 -1 0f -1 -1 -1
1 1 0 26.9 71.0 1 -1 -1 0b -1 -1 -1 0f -1 -1 -1
1 1 0 26.9 71.0 1 -1 -1 0b -1 -1 -1 0f -1 -1 -1
1 1 0 27.0 71.0 1 -1 -1 0b -1 -1 -1 0f -1 -1 -1
1 1 0 26.9 71.0 1 -1 -1 0b -1 -1 -1 0f -1 -1 -1
1 1 0 26.9 71.0 1 -1 -1 0b -1 -1 -1 0f -1 -1 -1
1 1 0 26.9 71.0 1 -1 -1 0b -1 -1 -1 0f -1 -1 -1
1 1 0 26.9 71.0 1 -1 -1 0b -1 -1 -1 0f -1 -1 -1
1 1 0 26.9 71.0 1 -1 -1 0b -1 -1 -1 0f -1 -1 -1
1 1 0 26.9 71.0 1 -1 -1 0b -1 -1 -1 0f -1 -1 -1
1 1 0 27.0 71.0 1 -1 -1 0b -1 -1 -1 0f -1 -1 -1
1 1 0 26.9 71.0 1 -1 -1 0b -1 -1 -1 0f -1 -1 -1
1 1 0 27.0 71.0 1 -1 -1 0b -1 -1 -1 0f -1 -1 -1
1 1 0 26.9 71.0 1 -1 -1 0b -1 -1 -1 0f -1 -1 -1
1 1 0 26.9 71.0 1 -1 -1 0b -1 -1 -1 0f -1 -1 -1
1 1 0 27.0 71.0 1 -1 -1 0b -1 -1 -1 0f -1 -1 -1
1 1 0 26.9 71.0 1 -1 -1 0b -1 -1 -1 0f -1 -1 -1
1 1 0 26.9 71.0 1 -1 -1 0b -1 -1 -1 0f -1 -1 -1
1 1 0 26.9 71.0 1 -1 -1 0b -1 -1 -1 0f -1 -1 -1
1 1 0 26.9 71.0 1 -1 -1 0b -1 -1 -1 0f -1 -1 -1
1 1 0 27.0 71.0 1 -1 -1 0b -1 -1 -1 0f -1 -1 -1
1 1 0 26.9 71.0 1 -1 -1 0b -1 -1 -1 0f -1 -1 -1
1 1 0 26.9 71.0 1 -1 -1 0b -1 -1 -1 0f -1 -1 -1
1 1 0 26.9 71.0 1 -1 -1 0b -1 -1 -1 0f -1 -1 -1
1 1 0 26.9 70.5 1 -1 -1 0b -1 -1 -1 0f -1 -1 -1
1 1 0 26.9 71.0 1 -1 -1 0b -1 -1 -1 0f -1 -1 -1
1 1 0 26.9 71.0 1 -1 -1 0b -1 -1 -1 0f -1 -1 -1
1 1 0 26.9 70.5 1 -1 -1 0b -1 -1 -1 0f -1 -1 -1
1 1 0 26.9 71.0 1 -1 -1 0b -1 -1 -1 0f -1 -1 -1
1 1 0 26.9 71.0 1 -1 -1 0b -1 -1 -1 0f -1 -1 -1
1 1 0 27.0 70.5 1 -1 -1 0b -1 -1 -1 0f -1 -1 -1
1 1 0 26.9 71.0 1 -1 -1 0b -1 -1 -1 0f -1 -1 -1
1 1 0 26.9 71.0 1 -1 -1 0b -1 -1 -1 0f -1 -1 -1
1 1 0 27.0 71.0 1 -1 -1 0b -1 -1 -1 0f -1 -1 -1
1 1 0 27.0 71.0 1 -1 -1 0b -1 -1 -1 0f -1 -1 -1
1 1 0 27.0 71.0 1 -1 -1 0b -1 -1 -1 0f -1 -1 -1
1 1 0 27.0 71.0 1 -1 -1 0b -1 -1 -1 0f -1 -1 -1
1 1 0 26.9 71.0 1 -1 -1 0b -1 -1 -1 0f -1 -1 -1
1 1 0 26.9 71.0 1 -1 -1 0b -1 -1 -1 0f -1 -1 -1
1 1 0 26.9 71.0 1 -1 -1 0b -1 -1 -1 0f -1 -1 -1
1 1 0 27.0 71.0 1 -1 -1 0b -1 -1 -1 0f -1 -1 -1
1 1 0 26.9 71.0 1 -1 -1 0b -1 -1 -1 0f -1 -1 -1
1 1 0 26.9 71.0 1 -1 -1 0b -1 -1 -1 0f -1 -1 -1
1 1 0 26.9 71.0 1 -1 -1 0b -1 -1 -1 0f -1 -1 -1
1 1 0 27.0 71.0 1 -1 -1 0b -1 -1 -1 0f -1 -1 -1
1 1 0 27.0 71.0 1 -1 -1 0b -1 -1 -1 0f -1 -1 -1
1 1 0 26.9 71.0 1 -1 -1 0b -1 -1 -1 0f -1 -1 -1
1 1 0 26.9 71.0 1 -1 -1 0b -1 -1 -1 0f -1 -1 -1
1 1 0 26.9 71.0 1 -1 -1 0b -1 -1 -1 0f -1 -1 -1
1 1 0 26.9 71.0 1 -1 -1 0b -1 -1 -1 0f -1 -1 -1
1 1 0 26.9 71.0 1 -1 -1 0b -1 -1 -1 0f -1 -1 -1
1 1 0 27.0 71.0 1 -1 -1 0b -1 -1 -1 0f -1 -1 -1
1 1 0 26.9 71.0 1 -1 -1 0b -1 -1 -1 0f -1 -1 -1
1 1 0 26.9 71.0 1 -1 -1 0b -1 -1 -1 0f -1 -1 -1
1 1 0 26.9 71.0 1 -1 -1 0b -1 -1 -1 0f -1 -1 -1
1 1 0 27.0 71.0 1 -1 -1 0b -1 -1 -1 0f -1 -1 -1
1 1 0 26.9 71.0 1 -1 -1 0b -1 -1 -1 0f -1 -1 -1
1 1 0 27.0 71.0 1 -1 -1 0b -1 -1 -1 0f -1 -1 -1
1 1 0 26.9 70.5 1 -1 -1 0b -1 -1 -1 0f -1 -1 -1
1 1 0 26.9 70.5 1 -1 -1 0b -1 -1 -1 0f -1 -1 -1
1 1 0 26.9 70.5 1 -1 -1 0b -1 -1 -1 0f -1 -1 -1
1 1 0 26.9 70.5 1 -1 -1 0b -1 -1 -1 0f -1 -1 -1
1 1 0 26.9 70.5 1 -1 -1 0b -1 -1 -1 0f -1 -1 -1
1 1 0 26.9 70.5 1 -1 -1 0b -1 -1 -1 0f -1 -1 -1
1 1 0 26.9 70.5 1 -1 -1 0b -1 -1 -1 0f -1 -1 -1
1 1 0 26.9 70.5 1 -1 -1 0b -1 -1 -1 0f -1 -1 -1
1 1 0 26.9 70.5 1 -1 -1 0b -1 -1 -1 0f -1 -1 -1
1 1 0 26.9 70.5 1 -1 -1 0b -1 -1 -1 0f -1 -1 -1
1 1 0 26.9 70.5 1 -1 -1 0b -1 -1 -1 0f -1 -1 -1
1 1 0 26.9 70.5 1 -1 -1 0b -1 -1 -1 0f -1 -1 -1
1 1 0 26.9 70.0 1 -1 -1 0b -1 -1 -1 0f -1 -1 -1
1 1 0 26.9 70.0 1 -1 -1 0b -1 -1 -1 0f -1 -1 -1
1 1 0 26.9 70.0 1 -1 -1 0b -1 -1 -1 0f -1 -1 -1
1 1 0 26.9 70.0 1 -1 -1 0b -1 -1 -1 0f -1 -1 -1
1 1 0 26.9 70.0 1 -1 -1 0b -1 -1 -1 0f -1 -1 -1
1 1 0 26.9 70.0 1 -1 -1 0b -1 -1 -1 0f -1 -1 -1
1 1 0 26.9 70.0 1 -1 -1 0b -1 -1 -1 0f -1 -1 -1
1 1 0 26.8 70.0 1 -1 -1 0b -1 -1 -1 0f -1 -1 -1
1 1 0 26.9 70.0 1 -1 -1 0b -1 -1 -1 0f -1 -1 -1
1 1 0 26.9 70.0 1 -1 -1 0b -1 -1 -1 0f -1 -1 -1
1 1 1 26.9 70.0 1 -1 -1 0b -1 -1 -1 0f -1 -1 -1
1 1 1 26.9 70.0 1 -1 -1 0b -1 -1 -1 0f -1 -1 -1
1 1 0 26.9 70.0 1 -1 -1 0b -1 -1 -1 0f -1 -1 -1
1 1 0 26.9 70.0 1 -1 -1 0b -1 -1 -1 0f -1 -1 -1
1 1 0 26.9 69.5 1 -1 -1 0b -1 -1 -1 0f -1 -1 -1
1 1 0 26.9 69.5 1 -1 -1 0b -1 -1 -1 0f -1 -1 -1
1 1 0 26.9 69.5 1 -1 -1 0b -1 -1 -1 0f -1 -1 -1
1 1 0 26.9 69.5 1 -1 -1 0b -1 -1 -1 0f -1 -1 -1
1 1 0 26.9 69.5 1 -1 -1 0b -1 -1 -1 0f -1 -1 -1
1 1 0 26.9 69.5 1 -1 -1 0b -1 -1 -1 0f -1 -1 -1
1 1 0 26.9 69.5 1 -1 -1 0b -1 -1 -1 0f -1 -1 -1
1 1 0 27.0 69.5 1 -1 -1 0b -1 -1 -1 0f -1 -1 -1
1 1 0 26.9 69.5 1 -1 -1 0b -1 -1 -1 0f -1 -1 -1
1 1 0 26.9 69.5 1 -1 -1 0b -1 -1 -1 0f -1 -1 -1
1 1 0 26.9 69.5 1 -1 -1 0b -1 -1 -1 0f -1 -1 -1
1 1 0 26.8 69.5 1 -1 -1 0b -1 -1 -1 0f -1 -1 -1
1 1 0 26.9 69.5 1 -1 -1 0b -1 -1 -1 0f -1 -1 -1
1 1 0 26.9 69.0 1 -1 -1 0b -1 -1 -1 0f -1 -1 -1
1 1 0 26.9 69.5 1 -1 -1 0b -1 -1 -1 0f -1 -1 -1
1 1 0 26.9 69.5 1 -1 -1 0b -1 -1 -1 0f -1 -1 -1
1 1 0 26.9 69.5 1 -1 -1 0b -1 -1 -1 0f -1 -1 -1
1 1 0 26.9 69.0 1 -1 -1 0b -1 -1 -1 0f -1 -1 -1
1 1 0 26.9 69.0 1 -1 -1 0b -1 -1 -1 0f -1 -1 -1
1 1 0 26.9 69.0 1 -1 -1 0b -1 -1 -1 0f -1 -1 -1
1 1 0 26.8 69.0 1 -1 -1 0b -1 -1 -1 0f -1 -1 -1
1 1 0 26.9 69.0 1 -1 -1 0b -1 -1 -1 0f -1 -1 -1
1 1 0 26.9 69.0 1 -1 -1 0b -1 -1 -1 0f -1 -1 -1
1 1 0 26.9 69.0 1 -1 -1 0b -1 -1 -1 0f -1 -1 -1
1 1 0 26.8 69.0 1 -1 -1 0b -1 -1 -1 0f -1 -1 -1
1 1 0 26.8 69.0 1 -1 -1 0b -1 -1 -1 0f -1 -1 -1
1 1 0 26.9 68.5 1 -1 -1 0b -1 -1 -1 0f -1 -1 -1
1 1 0 26.9 68.5 1 -1 -1 0b -1 -1 -1 0f -1 -1 -1
1 1 0 26.9 69.0 1 -1 -1 0b -1 -1 -1 0f -1 -1 -1
1 1 0 26.9 69.0 1 -1 -1 0b -1 -1 -1 0f -1 -1 -1
1 1 0 26.8 69.0 1 -1 -1 0b -1 -1 -1 0f -1 -1 -1
1 1 0 26.9 69.0 1 -1 -1 0b -1 -1 -1 0f -1 -1 -1
1 1 0 26.9 69.0 1 -1 -1 0b -1 -1 -1 0f -1 -1 -1
1 1 0 26.8 69.0 1 -1 -1 0b -1 -1 -1 0f -1 -1 -1
1 1 0 26.9 69.0 1 -1 -1 0b -1 -1 -1 0f -1 -1 -1
1 1 0 26.9 69.0 1 -1 -1 0b -1 -1 -1 0f -1 -1 -1
1 1 0 26.9 69.0 1 -1 -1 0b -1 -1 -1 0f -1 -1 -1
1 1 0 26.9 69.0 1 -1 -1 0b -1 -1 -1 0f -1 -1 -1
1 1 0 27.0 69.0 1 -1 -1 0b -1 -1 -1 0f -1 -1 -1
1 1 0 26.9 69.0 1 -1 -1 0b -1 -1 -1 0f -1 -1 -1
1 1 0 26.9 69.0 1 -1 -1 0b -1 -1 -1 0f -1 -1 -1
1 1 0 26.9 69.0 1 -1 -1 0b -1 -1 -1 0f -1 -1 -1
1 1 0 26.9 69.0 1 -1 -1 0b -1 -1 -1 0f -1 -1 -1
1 1 0 26.9 68.5 1 -1 -1 0b -1 -1 -1 0f -1 -1 -1
1 1 0 26.9 69.0 1 -1 -1 0b -1 -1 -1 0f -1 -1 -1
1 1 0 26.9 69.0 1 -1 -1 0b -1 -1 -1 0f -1 -1 -1
1 1 0 26.9 69.0 1 -1 -1 0b -1 -1 -1 0f -1 -1 -1
1 1 0 26.9 69.0 1 -1 -1 0b -1 -1 -1 0f -1 -1 -1
1 1 0 26.9 68.5 1 -1 -1 0b -1 -1 -1 0f -1 -1 -1
1 1 0 26.9 68.5 1 -1 -1 0b -1 -1 -1 0f -1 -1 -1
1 1 0 26.8 68.5 1 -1 -1 0b -1 -1 -1 0f -1 -1 -1
1 1 0 26.9 68.5 1 -1 -1 0b -1 -1 -1 0f -1 -1 -1
1 1 0 26.9 68.5 1 -1 -1 0b -1 -1 -1 0f -1 -1 -1
1 1 0 26.9 68.5 1 -1 -1 0b -1 -1 -1 0f -1 -1 -1
1 1 0 26.9 68.5 1 -1 -1 0b -1 -1 -1 0f -1 -1 -1
1 1 0 26.9 68.5 1 -1 -1 0b -1 -1 -1 0f -1 -1 -1
1 1 0 26.8 68.5 1 -1 -1 0b -1 -1 -1 0f -1 -1 -1
1 1 0 26.8 68.5 1 -1 -1 0b -1 -1 -1 0f -1 -1 -1
1 1 0 26.9 68.5 1 -1 -1 0b -1 -1 -1 0f -1 -1 -1
1 1 0 26.9 68.5 1 -1 -1 0b -1 -1 -1 0f -1 -1 -1
1 1 0 26.9 68.5 1 -1 -1 0b -1 -1 -1 0f -1 -1 -1
1 1 0 26.9 68.5 1 -1 -1 0b -1 -1 -1 0f -1 -1 -1
1 1 0 26.8 68.5 1 -1 -1 0b -1 -1 -1 0f -1 -1 -1
1 1 0 26.9 68.5 1 -1 -1 0b -1 -1 -1 0f -1 -1 -1
1 1 0 26.8 68.5 1 -1 -1 0b -1 -1 -1 0f -1 -1 -1
1 1 0 26.9 68.5 1 -1 -1 0b -1 -1 -1 0f -1 -1 -1
1 1 0 26.9 68.5 1 -1 -1 0b -1 -1 -1 0f -1 -1 -1
1 1 0 26.9 68.5 1 -1 -1 0b -1 -1 -1 0f -1 -1 -1
1 1 0 26.8 68.5 1 -1 -1 0b -1 -1 -1 0f -1 -1 -1
1 1 0 26.8 68.5 1 -1 -1 0b -1 -1 -1 0f -1 -1 -1
1 1 0 26.9 68.5 1 -1 -1 0b -1 -1 -1 0f -1 -1 -1
1 1 0 26.9 68.5 1 -1 -1 0b -1 -1 -1 0f -1 -1 -1
1 1 0 26.9 68.5 1 -1 -1 0b -1 -1 -1 0f -1 -1 -1
1 1 0 26.9 68.5 1 -1 -1 0b -1 -1 -1 0f -1 -1 -1
1 1 0 26.9 68.0 1 -1 -1 0b -1 -1 -1 0f -1 -1 -1
1 1 0 26.8 68.5 1 -1 -1 0b -1 -1 -1 0f -1 -1 -1
1 1 0 26.9 68.5 1 -1 -1 0b -1 -1 -1 0f -1 -1 -1
1 1 0 26.9 68.5 1 -1 -1 0b -1 -1 -1 0f -1 -1 -1
1 1 0 26.8 68.0 1 -1 -1 0b -1 -1 -1 0f -1 -1 -1
1 1 0 26.8 68.0 1 -1 -1 0b -1 -1 -1 0f -1 -1 -1
1 1 0 26.9 68.0 1 -1 -1 0b -1 -1 -1 0f -1 -1 -1
1 1 0 26.9 68.0 1 -1 -1 0b -1 -1 -1 0f -1 -1 -1
1 1 0 26.9 68.0 1 -1 -1 0b -1 -1 -1 0f -1 -1 -1
1 1 0 26.9 68.0 1 -1 -1 0b -1 -1 -1 0f -1 -1 -1
1 1 0 26.9 68.0 1 -1 -1 0b -1 -1 -1 0f -1 -1 -1
1 1 0 26.9 68.0 1 -1 -1 0b -1 -1 -1 0f -1 -1 -1
1 1 0 26.8 68.5 1 -1 -1 0b -1 -1 -1 0f -1 -1 -1
1 1 0 26.9 68.5 1 -1 -1 0b -1 -1 -1 0f -1 -1 -1
1 1 0 26.8 68.5 1 -1 -1 0b -1 -1 -1 0f -1 -1 -1
1 1 0 26.9 68.5 1 -1 -1 0b -1 -1 -1 0f -1 -1 -1
1 1 0 27.0 68.5 1 -1 -1 0b -1 -1 -1 0f -1 -1 -1
1 1 0 26.9 68.5 1 -1 -1 0b -1 -1 -1 0f -1 -1 -1
1 1 0 26.9 68.5 1 -1 -1 0b -1 -1 -1 0f -1 -1 -1
1 1 0 26.9 68.5 1 -1 -1 0b -1 -1 -1 0f -1 -1 -1
1 1 0 26.9 68.5 1 -1 -1 0b -1 -1 -1 0f -1 -1 -1
1 1 0 26.9 68.5 1 -1 -1 0b -1 -1 -1 0f -1 -1 -1
1 1 0 26.9 68.5 1 -1 -1 0b -1 -1 -1 0f -1 -1 -1
1 1 0 26.9 68.5 1 -1 -1 0b -1 -1 -1 0f -1 -1 -1
1 1 0 26.9 68.5 1 -1 -1 0b -1 -1 -1 0f -1 -1 -1
1 1 0 26.8 68.5 1 -1 -1 0b -1 -1 -1 0f -1 -1 -1
1 1 0 26.9 68.5 1 -1 -1 0b -1 -1 -1 0f -1 -1 -1
1 1 0 26.9 68.5 1 -1 -1 0b -1 -1 -1 0f -1 -1 -1
1 1 0 26.9 68.5 1 -1 -1 0b -1 -1 -1 0f -1 -1 -1
1 1 0 26.9 68.5 1 -1 -1 0b -1 -1 -1 0f -1 -1 -1
1 1 0 26.9 68.5 1 -1 -1 0b -1 -1 -1 0f -1 -1 -1
1 1 0 26.9 68.5 1 -1 -1 0b -1 -1 -1 0f -1 -1 -1
1 1 0 26.9 68.5 1 -1 -1 0b -1 -1 -1 0f -1 -1 -1
1 1 0 26.9 68.5 1 -1 -1 0b -1 -1 -1 0f -1 -1 -1
1 1 0 26.9 68.5 1 -1 -1 0b -1 -1 -1 0f -1 -1 -1
1 1 0 26.9 68.5 1 -1 -1 0b -1 -1 -1 0f -1 -1 -1
1 1 0 27.0 68.5 1 -1 -1 0b -1 -1 -1 0f -1 -1 -1
1 1 0 26.9 68.0 1 -1 -1 0b -1 -1 -1 0f -1 -1 -1
1 1 0 26.9 68.5 1 -1 -1 0b -1 -1 -1 0f -1 -1 -1
1 1 0 26.9 68.5 1 -1 -1 0b -1 -1 -1 0f -1 -1 -1
1 1 0 26.9 68.5 1 -1 -1 0b -1 -1 -1 0f -1 -1 -1
1 1 0 26.9 68.5 1 -1 -1 0b -1 -1 -1 0f -1 -1 -1
1 1 0 26.9 68.5 1 -1 -1 0b -1 -1 -1 0f -1 -1 -1
1 1 0 26.9 68.5 1 -1 -1 0b -1 -1 -1 0f -1 -1 -1
1 1 0 26.9 68.5 1 -1 -1 0b -1 -1 -1 0f -1 -1 -1
1 1 0 27.0 68.5 1 -1 -1 0b -1 -1 -1 0f -1 -1 -1
1 1 0 26.9 68.5 1 -1 -1 0b -1 -1 -1 0f -1 -1 -1
1 1 0 26.9 68.5 1 -1 -1 0b -1 -1 -1 0f -1 -1 -1
1 1 0 26.9 68.5 1 -1 -1 0b -1 -1 -1 0f -1 -1 -1
1 1 0 27.0 68.5 1 -1 -1 0b -1 -1 -1 0f -1 -1 -1
1 1 0 26.9 68.5 1 -1 -1 0b -1 -1 -1 0f -1 -1 -1
1 1 0 26.9 68.5 1 -1 -1 0b -1 -1 -1 0f -1 -1 -1
1 1 0 26.9 68.5 1 -1 -1 0b -1 -1 -1 0f -1 -1 -1
1 1 0 26.9 68.5 1 -1 -1 0b -1 -1 -1 0f -1 -1 -1
1 1 14 26.9 68.5 2 -1 -1 0b -1 -1 -1 1f -1 -1 -1
1 1 11 26.9 68.5 2 -1 -1 0b -1 -1 -1 0f -1 -1 -1
1 1 8 26.9 68.0 1 -1 -1 0b -1 -1 -1 0f -1 -1 -1
1 1 0 26.9 68.0 1 -1 -1 0b -1 -1 -1 0f -1 -1 -1
1 1 0 27.0 68.0 1 -1 -1 0b -1 -1 -1 0f -1 -1 -1
1 1 0 27.0 67.5 1 -1 -1 0b -1 -1 -1 0f -1 -1 -1
1 1 0 26.9 68.0 1 -1 -1 0b -1 -1 -1 0f -1 -1 -1
1 1 0 26.9 67.5 1 -1 -1 0b -1 -1 -1 0f -1 -1 -1
1 1 0 27.0 67.5 1 -1 -1 0b -1 -1 -1 0f -1 -1 -1
1 1 0 27.0 67.5 1 -1 -1 0b -1 -1 -1 0f -1 -1 -1
1 1 0 26.9 68.0 1 -1 -1 0b -1 -1 -1 0f -1 -1 -1
1 1 0 27.0 67.5 1 -1 -1 0b -1 -1 -1 0f -1 -1 -1
1 1 0 27.0 68.0 1 -1 -1 0b -1 -1 -1 0f -1 -1 -1
1 1 0 27.0 68.0 1 -1 -1 0b -1 -1 -1 0f -1 -1 -1
1 1 0 27.0 67.5 1 -1 -1 0b -1 -1 -1 0f -1 -1 -1
1 1 0 26.9 68.0 1 -1 -1 0b -1 -1 -1 0f -1 -1 -1
1 1 0 26.9 68.0 1 -1 -1 0b -1 -1 -1 0f -1 -1 -1
1 1 0 26.9 68.0 1 -1 -1 0b -1 -1 -1 0f -1 -1 -1
1 1 0 27.0 68.5 1 -1 -1 0b -1 -1 -1 0f -1 -1 -1
1 1 0 27.0 68.0 1 -1 -1 0b -1 -1 -1 0f -1 -1 -1
1 1 0 26.9 68.0 1 -1 -1 0b -1 -1 -1 0f -1 -1 -1
1 1 0 27.0 68.0 1 -1 -1 0b -1 -1 -1 0f -1 -1 -1
1 1 0 27.0 68.0 1 -1 -1 0b -1 -1 -1 0f -1 -1 -1
1 1 0 26.9 68.0 1 -1 -1 0b -1 -1 -1 0f -1 -1 -1
1 1 0 26.9 68.0 1 -1 -1 0b -1 -1 -1 0f -1 -1 -1
1 1 0 27.0 68.0 1 -1 -1 0b -1 -1 -1 0f -1 -1 -1
1 1 0 27.0 68.0 1 -1 -1 0b -1 -1 -1 0f -1 -1 -1
1 1 0 27.0 68.5 1 -1 -1 0b -1 -1 -1 0f -1 -1 -1
1 1 0 27.0 68.5 1 -1 -1 0b -1 -1 -1 0f -1 -1 -1
1 1 0 27.0 68.5 1 -1 -1 0b -1 -1 -1 0f -1 -1 -1
1 1 0 27.0 68.0 1 -1 -1 0b -1 -1 -1 0f -1 -1 -1
1 1 0 27.0 68.0 1 -1 -1 0b -1 -1 -1 0f -1 -1 -1
1 1 0 26.9 68.0 1 -1 -1 0b -1 -1 -1 0f -1 -1 -1
1 1 0 27.0 68.5 1 -1 -1 0b -1 -1 -1 0f -1 -1 -1
1 1 0 27.0 68.5 1 -1 -1 0b -1 -1 -1 0f -1 -1 -1
1 1 0 27.0 68.5 1 -1 -1 0b -1 -1 -1 0f -1 -1 -1
1 1 0 27.0 68.5 1 -1 -1 0b -1 -1 -1 0f -1 -1 -1
1 1 0 27.0 68.5 1 -1 -1 0b -1 -1 -1 0f -1 -1 -1
1 1 0 27.1 68.5 1 -1 -1 0b -1 -1 -1 0f -1 -1 -1
1 1 0 27.1 68.5 1 -1 -1 0b -1 -1 -1 0f -1 -1 -1
1 1 0 27.1 69.0 1 -1 -1 0b -1 -1 -1 0f -1 -1 -1
1 1 0 27.1 69.0 1 -1 -1 0b -1 -1 -1 0f -1 -1 -1
1 1 0 27.0 68.5 1 -1 -1 0b -1 -1 -1 0f -1 -1 -1
1 1 0 27.0 69.0 1 -1 -1 0b -1 -1 -1 0f -1 -1 -1
1 1 0 27.1 69.0 1 -1 -1 0b -1 -1 -1 0f -1 -1 -1
1 1 0 27.0 68.5 1 -1 -1 0b -1 -1 -1 0f -1 -1 -1
1 1 0 27.0 68.5 1 -1 -1 0b -1 -1 -1 0f -1 -1 -1
1 1 0 27.0 68.0 1 -1 -1 0b -1 -1 -1 0f -1 -1 -1
1 1 0 27.0 68.5 1 -1 -1 0b -1 -1 -1 0f -1 -1 -1
1 1 0 27.0 68.5 1 -1 -1 0b -1 -1 -1 0f -1 -1 -1
1 1 0 27.0 68.0 1 -1 -1 0b -1 -1 -1 0f -1 -1 -1
1 1 0 27.0 68.0 1 -1 -1 0b -1 -1 -1 0f -1 -1 -1
1 1 0 27.0 68.0 1 -1 -1 0b -1 -1 -1 0f -1 -1 -1
1 1 0 27.0 68.0 1 -1 -1 0b -1 -1 -1 0f -1 -1 -1
1 1 0 27.0 68.0 1 -1 -1 0b -1 -1 -1 0f -1 -1 -1
1 1 0 27.1 68.5 1 -1 -1 0b -1 -1 -1 0f -1 -1 -1
1 1 0 27.1 68.0 1 -1 -1 0b -1 -1 -1 0f -1 -1 -1
1 1 0 27.1 68.0 1 -1 -1 0b -1 -1 -1 0f -1 -1 -1
1 1 0 27.0 68.0 1 -1 -1 0b -1 -1 -1 0f -1 -1 -1
1 1 0 27.0 68.0 1 -1 -1 0b -1 -1 -1 0f -1 -1 -1
1 1 0 27.0 68.5 1 -1 -1 0b -1 -1 -1 0f -1 -1 -1
1 1 0 27.0 68.5 1 -1 -1 0b -1 -1 -1 0f -1 -1 -1
1 1 0 27.0 69.0 1 -1 -1 0b -1 -1 -1 0f -1 -1 -1
1 1 0 27.1 69.0 1 -1 -1 0b -1 -1 -1 0f -1 -1 -1
1 1 0 27.0 69.0 1 -1 -1 0b -1 -1 -1 0f -1 -1 -1
1 1 0 27.1 69.0 1 -1 -1 0b -1 -1 -1 0f -1 -1 -1
1 1 0 27.1 69.0 1 -1 -1 0b -1 -1 -1 0f -1 -1 -1
1 1 0 27.1 69.0 1 -1 -1 0b -1 -1 -1 0f -1 -1 -1
1 1 0 27.1 69.0 1 -1 -1 0b -1 -1 -1 0f -1 -1 -1
1 1 0 27.1 69.0 1 -1 -1 0b -1 -1 -1 0f -1 -1 -1
1 1 0 27.1 69.0 1 -1 -1 0b -1 -1 -1 0f -1 -1 -1
1 1 0 27.1 69.5 1 -1 -1 0b -1 -1 -1 0f -1 -1 -1
1 1 0 27.1 69.0 1 -1 -1 0b -1 -1 -1 0f -1 -1 -1
1 1 0 27.1 69.5 1 -1 -1 0b -1 -1 -1 0f -1 -1 -1
1 1 0 27.1 69.5 1 -1 -1 0b -1 -1 -1 0f -1 -1 -1
1 1 0 27.2 69.5 1 -1 -1 0b -1 -1 -1 0f -1 -1 -1
1 1 0 27.1 69.5 1 -1 -1 0b -1 -1 -1 0f -1 -1 -1
1 1 0 27.1 69.0 1 -1 -1 0b -1 -1 -1 0f -1 -1 -1
1 1 0 27.1 69.0 1 -1 -1 0b -1 -1 -1 0f -1 -1 -1
1 1 0 27.1 69.0 1 -1 -1 0b -1 -1 -1 0f -1 -1 -1
1 1 0 27.1 68.5 1 -1 -1 0b -1 -1 -1 0f -1 -1 -1
1 1 0 27.1 69.0 1 -1 -1 0b -1 -1 -1 0f -1 -1 -1
1 1 0 27.1 69.0 1 -1 -1 0b -1 -1 -1 0f -1 -1 -1
1 1 0 27.1 69.5 1 -1 -1 0b -1 -1 -1 0f -1 -1 -1
1 1 0 27.1 69.5 1 -1 -1 0b -1 -1 -1 0f -1 -1 -1
1 1 0 27.1 69.5 1 -1 -1 0b -1 -1 -1 0f -1 -1 -1
1 1 0 27.2 69.5 1 -1 -1 0b -1 -1 -1 0f -1 -1 -1
1 1 0 27.2 69.5 1 -1 -1 0b -1 -1 -1 0f -1 -1 -1
1 1 0 27.1 69.5 1 -1 -1 0b -1 -1 -1 0f -1 -1 -1
1 1 0 27.1 69.5 1 -1 -1 0b -1 -1 -1 0f -1 -1 -1
1 1 0 27.2 69.0 1 -1 -1 0b -1 -1 -1 0f -1 -1 -1
1 1 0 27.1 69.0 1 -1 -1 0b -1 -1 -1 0f -1 -1 -1
1 1 0 27.2 69.0 1 -1 -1 0b -1 -1 -1 0f -1 -1 -1
1 1 0 27.1 69.0 1 -1 -1 0b -1 -1 -1 0f -1 -1 -1
