1 1 0 26.9 66.0 1 -1 0b 0f -1 -1 -1 -1 -1
1 1 0 26.9 66.0 1 -1 0b 0f -1 -1 -1 -1 -1
1 1 0 27.0 66.0 1 -1 0b 0f -1 -1 -1 -1 -1
1 1 0 26.9 66.0 1 -1 0b 0f -1 -1 -1 -1 -1
1 1 0 27.0 66.0 1 -1 0b 0f -1 -1 -1 -1 -1
1 1 0 26.9 66.0 1 -1 0b 0f -1 -1 -1 -1 -1
1 1 0 27.0 66.0 1 -1 0b 0f -1 -1 -1 -1 -1
1 1 0 27.0 66.0 1 -1 0b 0f -1 -1 -1 -1 -1
1 1 0 26.9 66.0 1 -1 0b 0f -1 -1 -1 -1 -1
1 1 0 27.0 65.5 1 -1 0b 0f -1 -1 -1 -1 -1
1 1 0 27.0 65.5 1 -1 0b 0f -1 -1 -1 -1 -1
1 1 0 27.0 65.5 1 -1 0b 0f -1 -1 -1 -1 -1
1 1 0 27.0 65.5 1 -1 0b 0f -1 -1 -1 -1 -1
1 1 0 26.9 65.5 1 -1 0b 0f -1 -1 -1 -1 -1
1 1 0 27.0 65.5 1 -1 0b 0f -1 -1 -1 -1 -1
1 1 0 27.0 65.5 1 -1 0b 0f -1 -1 -1 -1 -1
1 1 0 27.0 65.5 1 -1 0b 0f -1 -1 -1 -1 -1
1 1 0 26.9 65.5 1 -1 0b 0f -1 -1 -1 -1 -1
1 1 0 27.0 65.5 1 -1 0b 0f -1 -1 -1 -1 -1
1 1 0 27.0 65.5 1 -1 0b 0f -1 -1 -1 -1 -1
1 1 0 27.0 65.5 1 -1 0b 0f -1 -1 -1 -1 -1
1 1 0 27.1 65.5 1 -1 0b 0f -1 -1 -1 -1 -1
1 1 0 27.0 65.5 1 -1 0b 0f -1 -1 -1 -1 -1
1 1 0 27.0 65.5 1 -1 0b 0f -1 -1 -1 -1 -1
1 1 0 27.0 65.5 1 -1 0b 0f -1 -1 -1 -1 -1
1 1 0 27.0 65.5 1 -1 0b 0f -1 -1 -1 -1 -1
1 1 0 27.1 65.5 1 -1 0b 0f -1 -1 -1 -1 -1
1 1 0 27.0 65.5 1 -1 0b 0f -1 -1 -1 -1 -1
1 1 0 27.0 66.0 1 -1 0b 0f -1 -1 -1 -1 -1
1 1 0 27.1 66.0 1 -1 0b 0f -1 -1 -1 -1 -1
1 1 0 27.1 66.0 1 -1 0b 0f -1 -1 -1 -1 -1
1 1 0 27.0 66.0 1 -1 0b 0f -1 -1 -1 -1 -1
1 1 0 27.0 66.0 1 -1 0b 0f -1 -1 -1 -1 -1
1 1 0 27.1 66.0 1 -1 0b 0f -1 -1 -1 -1 -1
1 1 0 27.0 66.0 1 -1 0b 0f -1 -1 -1 -1 -1
1 1 0 27.0 66.0 1 -1 0b 0f -1 -1 -1 -1 -1
1 1 0 27.1 66.0 1 -1 0b 0f -1 -1 -1 -1 -1
1 1 0 27.0 65.5 1 -1 0b 0f -1 -1 -1 -1 -1
1 1 0 27.1 65.5 1 -1 0b 0f -1 -1 -1 -1 -1
1 1 0 27.1 65.5 1 -1 0b 0f -1 -1 -1 -1 -1
1 1 0 27.1 65.0 1 -1 0b 0f -1 -1 -1 -1 -1
1 1 0 27.1 65.5 1 -1 0b 0f -1 -1 -1 -1 -1
1 1 0 27.1 65.5 1 -1 0b 0f -1 -1 -1 -1 -1
1 1 0 27.1 65.5 1 -1 0b 0f -1 -1 -1 -1 -1
1 1 0 27.1 65.0 1 -1 0b 0f -1 -1 -1 -1 -1
1 1 0 27.1 65.0 1 -1 0b 0f -1 -1 -1 -1 -1
1 1 0 27.1 65.0 1 -1 0b 0f -1 -1 -1 -1 -1
1 1 0 27.1 65.0 1 -1 0b 0f -1 -1 -1 -1 -1
1 1 0 27.1 65.0 1 -1 0b 0f -1 -1 -1 -1 -1
1 1 0 27.1 65.0 1 -1 0b 0f -1 -1 -1 -1 -1
1 1 0 27.1 65.0 1 -1 0b 0f -1 -1 -1 -1 -1
1 1 0 27.1 65.0 1 -1 0b 0f -1 -1 -1 -1 -1
1 1 0 27.1 65.5 1 -1 0b 0f -1 -1 -1 -1 -1
1 1 0 27.1 65.5 1 -1 0b 0f -1 -1 -1 -1 -1
1 1 0 27.2 65.5 1 -1 0b 0f -1 -1 -1 -1 -1
1 1 0 27.1 65.5 1 -1 0b 0f -1 -1 -1 -1 -1
1 1 0 27.1 65.0 1 -1 0b 0f -1 -1 -1 -1 -1
1 1 0 27.1 65.0 1 -1 0b 0f -1 -1 -1 -1 -1
1 1 0 27.1 65.5 1 -1 0b 0f -1 -1 -1 -1 -1
1 1 0 27.1 65.5 1 -1 0b 0f -1 -1 -1 -1 -1
1 1 0 27.1 65.5 1 -1 0b 0f -1 -1 -1 -1 -1
1 1 0 27.2 65.5 1 -1 0b 0f -1 -1 -1 -1 -1
1 1 0 27.2 65.5 1 -1 0b 0f -1 -1 -1 -1 -1
1 1 0 27.1 65.5 1 -1 0b 0f -1 -1 -1 -1 -1
1 1 0 27.1 65.5 1 -1 0b 0f -1 -1 -1 -1 -1
1 1 0 27.2 65.5 1 -1 0b 0f -1 -1 -1 -1 -1
1 1 0 27.2 65.5 1 -1 0b 0f -1 -1 -1 -1 -1
1 1 0 27.1 65.5 1 -1 0b 0f -1 -1 -1 -1 -1
1 1 0 27.1 65.5 1 -1 0b 0f -1 -1 -1 -1 -1
1 1 0 27.1 65.5 1 -1 0b 0f -1 -1 -1 -1 -1
1 1 0 27.2 65.5 1 -1 0b 0f -1 -1 -1 -1 -1
1 1 0 27.2 65.5 1 -1 0b 0f -1 -1 -1 -1 -1
1 1 0 27.2 65.5 1 -1 0b 0f -1 -1 -1 -1 -1
1 1 0 27.2 65.5 1 -1 0b 0f -1 -1 -1 -1 -1
1 1 0 27.1 65.5 1 -1 0b 0f -1 -1 -1 -1 -1
1 1 0 27.2 65.5 1 -1 0b 0f -1 -1 -1 -1 -1
1 1 0 27.2 65.5 1 -1 0b 0f -1 -1 -1 -1 -1
1 1 0 27.2 65.5 1 -1 0b 0f -1 -1 -1 -1 -1
1 1 0 27.2 65.5 1 -1 0b 0f -1 -1 -1 -1 -1
1 1 0 27.2 65.5 1 -1 0b 0f -1 -1 -1 -1 -1
1 1 0 27.2 65.5 1 -1 0b 0f -1 -1 -1 -1 -1
1 1 0 27.2 65.5 1 -1 0b 0f -1 -1 -1 -1 -1
1 1 0 27.2 65.5 1 -1 0b 0f -1 -1 -1 -1 -1
1 1 0 27.2 65.0 1 -1 0b 0f -1 -1 -1 -1 -1
1 1 0 27.2 65.0 1 -1 0b 0f -1 -1 -1 -1 -1
1 1 0 27.2 65.0 1 -1 0b 0f -1 -1 -1 -1 -1
1 1 0 27.2 65.0 1 -1 0b 0f -1 -1 -1 -1 -1
1 1 0 27.2 65.0 1 -1 0b 0f -1 -1 -1 -1 -1
1 1 0 27.3 65.0 1 -1 0b 0f -1 -1 -1 -1 -1
1 1 0 27.2 65.0 1 -1 0b 0f -1 -1 -1 -1 -1
1 1 0 27.2 65.0 1 -1 0b 0f -1 -1 -1 -1 -1
1 1 0 27.2 65.0 1 -1 0b 0f -1 -1 -1 -1 -1
1 1 0 27.2 65.0 1 -1 0b 0f -1 -1 -1 -1 -1
1 1 0 27.2 65.0 1 -1 0b 0f -1 -1 -1 -1 -1
1 1 0 27.2 65.0 1 -1 0b 0f -1 -1 -1 -1 -1
1 1 0 27.2 65.5 1 -1 0b 0f -1 -1 -1 -1 -1
1 1 0 27.2 65.0 1 -1 0b 0f -1 -1 -1 -1 -1
1 1 0 27.2 65.5 1 -1 0b 0f -1 -1 -1 -1 -1
1 1 0 27.3 65.5 1 -1 0b 0f -1 -1 -1 -1 -1
1 1 0 27.2 65.5 1 -1 0b 0f -1 -1 -1 -1 -1
1 1 0 27.3 65.5 1 -1 0b 0f -1 -1 -1 -1 -1
1 1 0 27.3 65.0 1 -1 0b 0f -1 -1 -1 -1 -1
1 1 0 27.3 65.0 1 -1 0b 0f -1 -1 -1 -1 -1
1 1 0 27.3 65.0 1 -1 0b 0f -1 -1 -1 -1 -1
1 1 0 27.2 65.5 1 -1 0b 0f -1 -1 -1 -1 -1
1 1 0 27.3 65.5 1 -1 0b 0f -1 -1 -1 -1 -1
1 1 0 27.2 65.5 1 -1 0b 0f -1 -1 -1 -1 -1
1 1 0 27.2 65.5 1 -1 0b 0f -1 -1 -1 -1 -1
1 1 0 27.3 65.5 1 -1 0b 0f -1 -1 -1 -1 -1
1 1 0 27.3 65.0 1 -1 0b 0f -1 -1 -1 -1 -1
1 1 0 27.3 65.5 1 -1 0b 0f -1 -1 -1 -1 -1
1 1 0 27.3 65.5 1 -1 0b 0f -1 -1 -1 -1 -1
1 1 0 27.3 65.0 1 -1 0b 0f -1 -1 -1 -1 -1
1 1 0 27.3 65.5 1 -1 0b 0f -1 -1 -1 -1 -1
1 1 0 27.2 65.5 1 -1 0b 0f -1 -1 -1 -1 -1
1 1 0 27.3 65.5 1 -1 0b 0f -1 -1 -1 -1 -1
1 1 0 27.4 65.5 1 -1 0b 0f -1 -1 -1 -1 -1
1 1 0 27.2 65.5 1 -1 0b 0f -1 -1 -1 -1 -1
1 1 0 27.2 65.5 1 -1 0b 0f -1 -1 -1 -1 -1
1 1 0 27.3 65.5 1 -1 0b 0f -1 -1 -1 -1 -1
1 1 0 27.4 65.5 1 -1 0b 0f -1 -1 -1 -1 -1
1 1 0 27.3 65.5 1 -1 0b 0f -1 -1 -1 -1 -1
1 1 0 27.3 65.5 1 -1 0b 0f -1 -1 -1 -1 -1
1 1 0 27.3 65.5 1 -1 0b 0f -1 -1 -1 -1 -1
1 1 0 27.3 65.5 1 -1 0b 0f -1 -1 -1 -1 -1
1 1 0 27.3 65.5 1 -1 0b 0f -1 -1 -1 -1 -1
1 1 0 27.3 65.5 1 -1 0b 0f -1 -1 -1 -1 -1
1 1 0 27.3 65.5 1 -1 0b 0f -1 -1 -1 -1 -1
1 1 0 27.3 65.5 1 -1 0b 0f -1 -1 -1 -1 -1
1 1 0 27.3 65.5 1 -1 0b 0f -1 -1 -1 -1 -1
1 1 0 27.3 65.5 1 -1 0b 0f -1 -1 -1 -1 -1
1 1 0 27.4 65.5 1 -1 0b 0f -1 -1 -1 -1 -1
1 1 0 27.3 65.5 1 -1 0b 0f -1 -1 -1 -1 -1
1 1 0 27.3 65.5 1 -1 0b 0f -1 -1 -1 -1 -1
1 1 0 27.3 65.5 1 -1 0b 0f -1 -1 -1 -1 -1
1 1 0 27.3 65.5 1 -1 0b 0f -1 -1 -1 -1 -1
1 1 0 27.3 65.5 1 -1 0b 0f -1 -1 -1 -1 -1
1 1 0 27.3 65.5 1 -1 0b 0f -1 -1 -1 -1 -1
1 1 0 27.3 65.5 1 -1 0b 0f -1 -1 -1 -1 -1
1 1 0 27.3 65.5 1 -1 0b 0f -1 -1 -1 -1 -1
1 1 0 27.3 65.5 1 -1 0b 0f -1 -1 -1 -1 -1
1 1 0 27.3 65.5 1 -1 0b 0f -1 -1 -1 -1 -1
1 1 0 27.3 65.0 1 -1 0b 0f -1 -1 -1 -1 -1
1 1 0 27.3 65.0 1 -1 0b 0f -1 -1 -1 -1 -1
1 1 0 27.3 65.5 1 -1 0b 0f -1 -1 -1 -1 -1
1 1 0 27.3 65.5 1 -1 0b 0f -1 -1 -1 -1 -1
1 1 0 27.3 65.5 1 -1 0b 0f -1 -1 -1 -1 -1
1 1 0 27.3 65.5 1 -1 0b 0f -1 -1 -1 -1 -1
1 1 0 27.3 65.5 1 -1 0b 0f -1 -1 -1 -1 -1
1 1 0 27.4 65.5 1 -1 0b 0f -1 -1 -1 -1 -1
1 1 0 27.3 65.5 1 -1 0b 0f -1 -1 -1 -1 -1
1 1 0 27.3 65.5 1 -1 0b 0f -1 -1 -1 -1 -1
1 1 0 27.3 65.5 1 -1 0b 0f -1 -1 -1 -1 -1
1 1 0 27.3 65.5 1 -1 0b 0f -1 -1 -1 -1 -1
1 1 0 27.3 65.5 1 -1 0b 0f -1 -1 -1 -1 -1
1 1 0 27.4 65.5 1 -1 0b 0f -1 -1 -1 -1 -1
1 1 0 27.4 65.5 1 -1 0b 0f -1 -1 -1 -1 -1
1 1 0 27.4 66.0 1 -1 0b 0f -1 -1 -1 -1 -1
1 1 0 27.4 66.0 1 -1 0b 0f -1 -1 -1 -1 -1
1 1 0 27.3 66.0 1 -1 0b 0f -1 -1 -1 -1 -1
1 1 0 27.4 66.0 1 -1 0b 0f -1 -1 -1 -1 -1
1 1 0 27.5 66.0 1 -1 0b 0f -1 -1 -1 -1 -1
1 1 0 27.4 66.0 1 -1 0b 0f -1 -1 -1 -1 -1
1 1 0 27.3 65.5 1 -1 0b 0f -1 -1 -1 -1 -1
1 1 0 27.4 65.5 1 -1 0b 0f -1 -1 -1 -1 -1
1 1 0 27.3 66.0 1 -1 0b 0f -1 -1 -1 -1 -1
1 1 0 27.4 66.0 1 -1 0b 0f -1 -1 -1 -1 -1
1 1 0 27.3 66.0 1 -1 0b 0f -1 -1 -1 -1 -1
1 1 0 27.3 66.0 1 -1 0b 0f -1 -1 -1 -1 -1
1 1 0 27.3 66.0 1 -1 0b 0f -1 -1 -1 -1 -1
1 1 0 27.3 66.0 1 -1 0b 0f -1 -1 -1 -1 -1
1 1 0 27.4 66.0 1 -1 0b 0f -1 -1 -1 -1 -1
1 1 0 27.3 66.0 1 -1 0b 0f -1 -1 -1 -1 -1
1 1 0 27.4 66.0 1 -1 0b 0f -1 -1 -1 -1 -1
1 1 0 27.5 66.0 1 -1 0b 0f -1 -1 -1 -1 -1
1 1 0 27.4 66.0 1 -1 0b 0f -1 -1 -1 -1 -1
1 1 0 27.4 66.0 1 -1 0b 0f -1 -1 -1 -1 -1
1 1 0 27.4 66.0 1 -1 0b 0f -1 -1 -1 -1 -1
1 1 0 27.4 66.0 1 -1 0b 0f -1 -1 -1 -1 -1
1 1 0 27.4 66.0 1 -1 0b 0f -1 -1 -1 -1 -1
1 1 0 27.4 66.0 1 -1 0b 0f -1 -1 -1 -1 -1
1 1 0 27.3 66.0 1 -1 0b 0f -1 -1 -1 -1 -1
1 1 0 27.4 66.0 1 -1 0b 0f -1 -1 -1 -1 -1
1 1 0 27.4 66.0 1 -1 0b 0f -1 -1 -1 -1 -1
1 1 0 27.4 66.0 1 -1 0b 0f -1 -1 -1 -1 -1
1 1 0 27.4 66.0 1 -1 0b 0f -1 -1 -1 -1 -1
1 1 0 27.4 66.0 1 -1 0b 0f -1 -1 -1 -1 -1
1 1 0 27.4 66.0 1 -1 0b 0f -1 -1 -1 -1 -1
1 1 0 27.4 66.0 1 -1 0b 0f -1 -1 -1 -1 -1
1 1 0 27.3 66.0 1 -1 0b 0f -1 -1 -1 -1 -1
1 1 0 27.4 66.0 1 -1 0b 0f -1 -1 -1 -1 -1
1 1 0 27.4 66.0 1 -1 0b 0f -1 -1 -1 -1 -1
1 1 0 27.4 66.5 1 -1 0b 0f -1 -1 -1 -1 -1
1 1 0 27.4 66.0 1 -1 0b 0f -1 -1 -1 -1 -1
1 1 0 27.4 66.0 1 -1 0b 0f -1 -1 -1 -1 -1
1 1 0 27.4 66.0 1 -1 0b 0f -1 -1 -1 -1 -1
1 1 0 27.4 66.0 1 -1 0b 0f -1 -1 -1 -1 -1
1 1 0 27.4 66.0 1 -1 0b 0f -1 -1 -1 -1 -1
1 1 0 27.4 66.0 1 -1 0b 0f -1 -1 -1 -1 -1
1 1 0 27.4 66.0 1 -1 0b 0f -1 -1 -1 -1 -1
1 1 0 27.5 66.0 1 -1 0b 0f -1 -1 -1 -1 -1
1 1 0 27.5 66.0 1 -1 0b 0f -1 -1 -1 -1 -1
1 1 0 27.4 66.0 1 -1 0b 0f -1 -1 -1 -1 -1
1 1 0 27.4 66.0 1 -1 0b 0f -1 -1 -1 -1 -1
1 1 0 27.4 66.0 1 -1 0b 0f -1 -1 -1 -1 -1
1 1 0 27.4 66.0 1 -1 0b 0f -1 -1 -1 -1 -1
1 1 0 27.4 66.0 1 -1 0b 0f -1 -1 -1 -1 -1
1 1 0 27.4 66.0 1 -1 0b 0f -1 -1 -1 -1 -1
1 1 0 27.4 66.0 1 -1 0b 0f -1 -1 -1 -1 -1
1 1 0 27.4 66.0 1 -1 0b 0f -1 -1 -1 -1 -1
1 1 0 27.4 66.0 1 -1 0b 0f -1 -1 -1 -1 -1
1 1 0 27.4 66.0 1 -1 0b 0f -1 -1 -1 -1 -1
1 1 0 27.5 65.5 1 -1 0b 0f -1 -1 -1 -1 -1
1 1 0 27.4 65.5 1 -1 0b 0f -1 -1 -1 -1 -1
1 1 0 27.5 66.0 1 -1 0b 0f -1 -1 -1 -1 -1
1 1 0 27.4 66.0 1 -1 0b 0f -1 -1 -1 -1 -1
1 1 0 27.4 66.0 1 -1 0b 0f -1 -1 -1 -1 -1
1 1 0 27.5 66.0 1 -1 0b 0f -1 -1 -1 -1 -1
1 1 0 27.5 66.0 1 -1 0b 0f -1 -1 -1 -1 -1
1 1 0 27.5 66.0 1 -1 0b 0f -1 -1 -1 -1 -1
1 1 0 27.5 66.0 1 -1 0b 0f -1 -1 -1 -1 -1
1 1 0 27.5 66.0 1 -1 0b 0f -1 -1 -1 -1 -1
1 1 0 27.5 66.0 1 -1 0b 0f -1 -1 -1 -1 -1
1 1 0 27.5 66.0 1 -1 0b 0f -1 -1 -1 -1 -1
1 1 0 27.4 66.0 1 -1 0b 0f -1 -1 -1 -1 -1
1 1 0 27.4 66.0 1 -1 0b 0f -1 -1 -1 -1 -1
1 1 0 27.5 66.0 1 -1 0b 0f -1 -1 -1 -1 -1
1 1 0 27.4 66.0 1 -1 0b 0f -1 -1 -1 -1 -1
1 1 0 27.5 66.0 1 -1 0b 0f -1 -1 -1 -1 -1
1 1 0 27.4 66.0 1 -1 0b 0f -1 -1 -1 -1 -1
1 1 0 27.5 66.0 1 -1 0b 0f -1 -1 -1 -1 -1
1 1 0 27.4 66.0 1 -1 0b 0f -1 -1 -1 -1 -1
1 1 0 27.5 66.0 1 -1 0b 0f -1 -1 -1 -1 -1
1 1 0 27.4 66.0 1 -1 0b 0f -1 -1 -1 -1 -1
1 1 0 27.5 66.0 1 -1 0b 0f -1 -1 -1 -1 -1
1 1 0 27.5 66.0 1 -1 0b 0f -1 -1 -1 -1 -1
1 1 0 27.5 66.0 1 -1 0b 0f -1 -1 -1 -1 -1
1 1 0 27.5 66.0 1 -1 0b 0f -1 -1 -1 -1 -1
1 1 0 27.5 66.0 1 -1 0b 0f -1 -1 -1 -1 -1
1 1 0 27.5 66.0 1 -1 0b 0f -1 -1 -1 -1 -1
1 1 0 27.5 66.0 1 -1 0b 0f -1 -1 -1 -1 -1
1 1 0 27.4 66.0 1 -1 0b 0f -1 -1 -1 -1 -1
1 1 0 27.5 65.5 1 -1 0b 0f -1 -1 -1 -1 -1
1 1 0 27.5 66.0 1 -1 0b 0f -1 -1 -1 -1 -1
1 1 0 27.5 66.0 1 -1 0b 0f -1 -1 -1 -1 -1
1 1 0 27.4 66.0 1 -1 0b 0f -1 -1 -1 -1 -1
1 1 0 27.5 66.0 1 -1 0b 0f -1 -1 -1 -1 -1
1 1 0 27.5 66.0 1 -1 0b 0f -1 -1 -1 -1 -1
1 1 0 27.5 66.0 1 -1 0b 0f -1 -1 -1 -1 -1
1 1 0 27.5 66.0 1 -1 0b 0f -1 -1 -1 -1 -1
1 1 0 27.5 66.0 1 -1 0b 0f -1 -1 -1 -1 -1
1 1 0 27.4 65.5 1 -1 0b 0f -1 -1 -1 -1 -1
1 1 0 27.5 65.5 1 -1 0b 0f -1 -1 -1 -1 -1
1 1 0 27.5 65.5 1 -1 0b 0f -1 -1 -1 -1 -1
1 1 0 27.5 65.5 1 -1 0b 0f -1 -1 -1 -1 -1
1 1 0 27.5 65.5 1 -1 0b 0f -1 -1 -1 -1 -1
1 1 0 27.5 65.5 1 -1 0b 0f -1 -1 -1 -1 -1
1 1 0 27.5 65.5 1 -1 0b 0f -1 -1 -1 -1 -1
1 1 0 27.5 65.5 1 -1 0b 0f -1 -1 -1 -1 -1
1 1 0 27.5 65.5 1 -1 0b 0f -1 -1 -1 -1 -1
1 1 0 27.4 65.5 1 -1 0b 0f -1 -1 -1 -1 -1
1 1 0 27.5 65.5 1 -1 0b 0f -1 -1 -1 -1 -1
1 1 0 27.5 65.5 1 -1 0b 0f -1 -1 -1 -1 -1
1 1 0 27.5 66.0 1 -1 0b 0f -1 -1 -1 -1 -1
1 1 0 27.5 66.0 1 -1 0b 0f -1 -1 -1 -1 -1
1 1 0 27.5 66.0 1 -1 0b 0f -1 -1 -1 -1 -1
1 1 0 27.5 66.0 1 -1 0b 0f -1 -1 -1 -1 -1
1 1 0 27.5 66.0 1 -1 0b 0f -1 -1 -1 -1 -1
1 1 0 27.4 66.0 1 -1 0b 0f -1 -1 -1 -1 -1
1 1 0 27.5 66.5 1 -1 0b 0f -1 -1 -1 -1 -1
1 1 0 27.5 66.5 1 -1 0b 0f -1 -1 -1 -1 -1
1 1 0 27.5 66.5 1 -1 0b 0f -1 -1 -1 -1 -1
1 1 0 27.5 66.5 1 -1 0b 0f -1 -1 -1 -1 -1
1 1 0 27.5 66.5 1 -1 0b 0f -1 -1 -1 -1 -1
1 1 0 27.6 66.5 1 -1 0b 0f -1 -1 -1 -1 -1
1 1 0 27.5 66.5 1 -1 0b 0f -1 -1 -1 -1 -1
1 1 0 27.5 66.5 1 -1 0b 0f -1 -1 -1 -1 -1
1 1 0 27.5 66.5 1 -1 0b 0f -1 -1 -1 -1 -1
1 1 0 27.4 66.5 1 -1 0b 0f -1 -1 -1 -1 -1
1 1 0 27.5 66.5 1 -1 0b 0f -1 -1 -1 -1 -1
1 1 0 27.5 66.5 1 -1 0b 0f -1 -1 -1 -1 -1
1 1 0 27.5 66.0 1 -1 0b 0f -1 -1 -1 -1 -1
1 1 0 27.5 66.0 1 -1 0b 0f -1 -1 -1 -1 -1
1 1 0 27.5 66.0 1 -1 0b 0f -1 -1 -1 -1 -1
1 1 0 27.5 66.0 1 -1 0b 0f -1 -1 -1 -1 -1
1 1 0 27.5 66.0 1 -1 0b 0f -1 -1 -1 -1 -1
1 1 0 27.5 66.0 1 -1 0b 0f -1 -1 -1 -1 -1
1 1 0 27.5 66.0 1 -1 0b 0f -1 -1 -1 -1 -1
1 1 0 27.5 66.0 1 -1 0b 0f -1 -1 -1 -1 -1
1 1 0 27.5 66.0 1 -1 0b 0f -1 -1 -1 -1 -1
1 1 0 27.5 66.0 1 -1 0b 0f -1 -1 -1 -1 -1
1 1 0 27.5 66.0 1 -1 0b 0f -1 -1 -1 -1 -1
1 1 0 27.5 66.0 1 -1 0b 0f -1 -1 -1 -1 -1
1 1 0 27.5 66.0 1 -1 0b 0f -1 -1 -1 -1 -1
1 1 0 27.5 66.0 1 -1 0b 0f -1 -1 -1 -1 -1
1 1 0 27.5 65.5 1 -1 0b 0f -1 -1 -1 -1 -1
1 1 0 27.5 65.5 1 -1 0b 0f -1 -1 -1 -1 -1
1 1 0 27.5 65.5 1 -1 0b 0f -1 -1 -1 -1 -1
1 1 0 27.5 65.5 1 -1 0b 0f -1 -1 -1 -1 -1
1 1 0 27.5 65.5 1 -1 0b 0f -1 -1 -1 -1 -1
1 1 0 27.5 65.5 1 -1 0b 0f -1 -1 -1 -1 -1
1 1 0 27.4 65.5 1 -1 0b 0f -1 -1 -1 -1 -1
1 1 0 27.5 65.5 1 -1 0b 0f -1 -1 -1 -1 -1
1 1 0 27.5 65.5 1 -1 0b 0f -1 -1 -1 -1 -1
1 1 0 27.5 65.5 1 -1 0b 0f -1 -1 -1 -1 -1
1 1 0 27.5 65.5 1 -1 0b 0f -1 -1 -1 -1 -1
1 1 0 27.5 65.5 1 -1 0b 0f -1 -1 -1 -1 -1
1 1 0 27.5 65.5 1 -1 0b 0f -1 -1 -1 -1 -1
1 1 0 27.5 65.5 1 -1 0b 0f -1 -1 -1 -1 -1
1 1 0 27.5 65.5 1 -1 0b 0f -1 -1 -1 -1 -1
1 1 0 27.5 65.5 1 -1 0b 0f -1 -1 -1 -1 -1
1 1 0 27.5 65.5 1 -1 0b 0f -1 -1 -1 -1 -1
1 1 0 27.5 65.5 1 -1 0b 0f -1 -1 -1 -1 -1
1 1 0 27.6 65.5 1 -1 0b 0f -1 -1 -1 -1 -1
1 1 0 27.5 65.5 1 -1 0b 0f -1 -1 -1 -1 -1
1 1 0 27.5 65.5 1 -1 0b 0f -1 -1 -1 -1 -1
1 1 0 27.5 65.0 1 -1 0b 0f -1 -1 -1 -1 -1
1 1 0 27.5 65.5 1 -1 0b 0f -1 -1 -1 -1 -1
1 1 0 27.5 65.5 1 -1 0b 0f -1 -1 -1 -1 -1
1 1 0 27.5 65.5 1 -1 0b 0f -1 -1 -1 -1 -1
1 1 0 27.4 65.5 1 -1 0b 0f -1 -1 -1 -1 -1
1 1 0 27.5 65.5 1 -1 0b 0f -1 -1 -1 -1 -1
1 1 0 27.5 65.5 1 -1 0b 0f -1 -1 -1 -1 -1
1 1 0 27.5 65.5 1 -1 0b 0f -1 -1 -1 -1 -1
1 1 0 27.5 65.5 1 -1 0b 0f -1 -1 -1 -1 -1
1 1 0 27.5 65.5 1 -1 0b 0f -1 -1 -1 -1 -1
1 1 0 27.5 65.5 1 -1 0b 0f -1 -1 -1 -1 -1
1 1 0 27.5 65.5 1 -1 0b 0f -1 -1 -1 -1 -1
1 1 0 27.6 65.5 1 -1 0b 0f -1 -1 -1 -1 -1
1 1 0 27.5 65.5 1 -1 0b 0f -1 -1 -1 -1 -1
1 1 0 27.6 65.5 1 -1 0b 0f -1 -1 -1 -1 -1
1 1 0 27.5 65.5 1 -1 0b 0f -1 -1 -1 -1 -1
1 1 0 27.4 65.5 1 -1 0b 0f -1 -1 -1 -1 -1
1 1 0 27.5 65.5 1 -1 0b 0f -1 -1 -1 -1 -1
1 1 0 27.5 65.5 1 -1 0b 0f -1 -1 -1 -1 -1
1 1 0 27.5 65.5 1 -1 0b 0f -1 -1 -1 -1 -1
1 1 0 27.5 65.5 1 -1 0b 0f -1 -1 -1 -1 -1
1 1 0 27.5 65.5 1 -1 0b 0f -1 -1 -1 -1 -1
1 1 0 27.5 65.5 1 -1 0b 0f -1 -1 -1 -1 -1
1 1 0 27.6 65.5 1 -1 0b 0f -1 -1 -1 -1 -1
1 1 0 27.6 65.5 1 -1 0b 0f -1 -1 -1 -1 -1
1 1 0 27.5 65.5 1 -1 0b 0f -1 -1 -1 -1 -1
1 1 0 27.5 65.5 1 -1 0b 0f -1 -1 -1 -1 -1
1 1 0 27.6 65.5 1 -1 0b 0f -1 -1 -1 -1 -1
1 1 0 27.5 65.5 1 -1 0b 0f -1 -1 -1 -1 -1
1 1 0 27.5 65.5 1 -1 0b 0f -1 -1 -1 -1 -1
1 1 0 27.5 65.5 1 -1 0b 0f -1 -1 -1 -1 -1
1 1 0 27.5 65.5 1 -1 0b 0f -1 -1 -1 -1 -1
1 1 0 27.5 65.5 1 -1 0b 0f -1 -1 -1 -1 -1
1 1 0 27.5 65.5 1 -1 0b 0f -1 -1 -1 -1 -1
1 1 0 27.5 65.5 1 -1 0b 0f -1 -1 -1 -1 -1
1 1 0 27.5 65.5 1 -1 0b 0f -1 -1 -1 -1 -1
1 1 0 27.6 65.5 1 -1 0b 0f -1 -1 -1 -1 -1
1 1 0 27.5 65.5 1 -1 0b 0f -1 -1 -1 -1 -1
1 1 0 27.6 65.5 1 -1 0b 0f -1 -1 -1 -1 -1
1 1 0 27.5 65.5 1 -1 0b 0f -1 -1 -1 -1 -1
1 1 0 27.6 65.5 1 -1 0b 0f -1 -1 -1 -1 -1
1 1 0 27.4 65.5 1 -1 0b 0f -1 -1 -1 -1 -1
1 1 0 27.5 65.5 1 -1 0b 0f -1 -1 -1 -1 -1
1 1 0 27.5 65.5 1 -1 0b 0f -1 -1 -1 -1 -1
1 1 0 27.6 65.5 1 -1 0b 0f -1 -1 -1 -1 -1
1 1 0 27.5 65.5 1 -1 0b 0f -1 -1 -1 -1 -1
1 1 0 27.5 65.5 1 -1 0b 0f -1 -1 -1 -1 -1
1 1 0 27.4 65.5 1 -1 0b 0f -1 -1 -1 -1 -1
1 1 0 27.5 65.5 1 -1 0b 0f -1 -1 -1 -1 -1
1 1 0 27.5 65.5 1 -1 0b 0f -1 -1 -1 -1 -1
1 1 0 27.5 65.5 1 -1 0b 0f -1 -1 -1 -1 -1
1 1 0 27.6 65.5 1 -1 0b 0f -1 -1 -1 -1 -1
1 1 0 27.5 66.0 1 -1 0b 0f -1 -1 -1 -1 -1
1 1 0 27.5 65.5 1 -1 0b 0f -1 -1 -1 -1 -1
1 1 0 27.6 65.5 1 -1 0b 0f -1 -1 -1 -1 -1
1 1 0 27.5 65.5 1 -1 0b 0f -1 -1 -1 -1 -1
1 1 0 27.6 65.5 1 -1 0b 0f -1 -1 -1 -1 -1
1 1 0 27.5 66.0 1 -1 0b 0f -1 -1 -1 -1 -1
1 1 0 27.5 65.5 1 -1 0b 0f -1 -1 -1 -1 -1
1 1 0 27.5 65.5 1 -1 0b 0f -1 -1 -1 -1 -1
1 1 0 27.5 65.5 1 -1 0b 0f -1 -1 -1 -1 -1
1 1 0 27.5 65.5 1 -1 0b 0f -1 -1 -1 -1 -1
1 1 0 27.5 65.5 1 -1 0b 0f -1 -1 -1 -1 -1
1 1 0 27.5 65.5 1 -1 0b 0f -1 -1 -1 -1 -1
1 1 0 27.6 66.0 1 -1 0b 0f -1 -1 -1 -1 -1
1 1 0 27.5 66.0 0 -1 0b 0f -1 -1 -1 -1 -1
1 1 0 27.5 66.0 0 -1 0b 0f -1 -1 -1 -1 -1
1 1 0 27.5 66.0 0 -1 0b 0f -1 -1 -1 -1 -1
1 1 0 27.5 66.0 0 -1 0b 0f -1 -1 -1 -1 -1
1 1 0 27.5 66.0 0 -1 0b 0f -1 -1 -1 -1 -1
1 1 0 27.5 65.5 0 -1 0b 0f -1 -1 -1 -1 -1
1 1 0 27.6 66.0 0 -1 0b 0f -1 -1 -1 -1 -1
1 1 0 27.5 66.0 0 -1 0b 0f -1 -1 -1 -1 -1
1 1 0 27.6 66.0 0 -1 0b 0f -1 -1 -1 -1 -1
1 1 0 27.5 66.0 0 -1 0b 0f -1 -1 -1 -1 -1
1 1 0 27.5 66.0 0 -1 0b 0f -1 -1 -1 -1 -1
1 1 0 27.6 66.0 0 -1 0b 0f -1 -1 -1 -1 -1
1 1 0 27.5 66.0 0 -1 0b 0f -1 -1 -1 -1 -1
1 1 0 27.5 66.0 2 -1 0b 0f -1 -1 -1 -1 -1
1 1 0 27.5 66.0 2 -1 0b 0f -1 -1 -1 -1 -1
1 1 0 27.5 66.0 2 -1 0b 0f -1 -1 -1 -1 -1
1 1 0 27.5 66.0 2 -1 0b 0f -1 -1 -1 -1 -1
1 1 0 27.6 66.0 2 -1 0b 0f -1 -1 -1 -1 -1
1 1 0 27.5 66.0 3 -1 0b 0f -1 -1 -1 -1 -1
1 1 0 27.5 66.0 3 -1 0b 0f -1 -1 -1 -1 -1
1 1 0 27.5 66.0 3 -1 0b 0f -1 -1 -1 -1 -1
1 1 0 27.6 66.0 3 -1 0b 0f -1 -1 -1 -1 -1
1 1 0 27.6 66.0 1 -1 0b 0f -1 -1 -1 -1 -1
1 1 0 27.6 66.0 1 -1 0b 0f -1 -1 -1 -1 -1
1 1 0 27.6 66.0 1 -1 0b 0f -1 -1 -1 -1 -1
1 1 0 27.6 66.0 1 -1 0b 0f -1 -1 -1 -1 -1
1 1 0 27.6 66.0 1 -1 0b 0f -1 -1 -1 -1 -1
1 1 0 27.5 66.0 1 -1 0b 0f -1 -1 -1 -1 -1
1 1 0 27.5 66.0 1 -1 0b 0f -1 -1 -1 -1 -1
1 1 0 27.6 65.5 1 -1 0b 0f -1 -1 -1 -1 -1
1 1 0 27.5 65.5 1 -1 0b 0f -1 -1 -1 -1 -1
1 1 0 27.5 65.5 1 -1 0b 0f -1 -1 -1 -1 -1
1 1 0 27.5 65.5 1 -1 0b 0f -1 -1 -1 -1 -1
1 1 0 27.5 65.5 1 -1 0b 0f -1 -1 -1 -1 -1
1 1 0 27.6 65.5 1 -1 0b 0f -1 -1 -1 -1 -1
1 1 0 27.6 65.5 1 -1 0b 0f -1 -1 -1 -1 -1
1 1 0 27.5 66.0 1 -1 0b 0f -1 -1 -1 -1 -1
1 1 0 27.5 66.0 1 -1 0b 0f -1 -1 -1 -1 -1
1 1 0 27.5 66.0 1 -1 0b 0f -1 -1 -1 -1 -1
1 1 0 27.6 66.0 1 -1 0b 0f -1 -1 -1 -1 -1
1 1 0 27.6 66.0 1 -1 0b 0f -1 -1 -1 -1 -1
1 1 0 27.6 66.0 1 -1 0b 0f -1 -1 -1 -1 -1
1 1 0 27.5 66.0 1 -1 0b 0f -1 -1 -1 -1 -1
1 1 0 27.5 66.0 1 -1 0b 0f -1 -1 -1 -1 -1
1 1 0 27.5 66.0 1 -1 0b 0f -1 -1 -1 -1 -1
1 1 0 27.6 66.0 1 -1 0b 0f -1 -1 -1 -1 -1
1 1 0 27.6 66.0 3 -1 0b 0f -1 -1 -1 -1 -1
1 1 0 27.6 66.0 3 -1 0b 0f -1 -1 -1 -1 -1
1 1 0 27.5 66.0 3 -1 0b 0f -1 -1 -1 -1 -1
1 1 0 27.5 66.0 3 -1 0b 0f -1 -1 -1 -1 -1
1 1 0 27.5 66.0 3 -1 0b 0f -1 -1 -1 -1 -1
1 1 0 27.6 66.0 3 -1 0b 0f -1 -1 -1 -1 -1
1 1 0 27.6 66.0 3 -1 0b 0f -1 -1 -1 -1 -1
1 1 0 27.6 66.0 3 -1 0b 0f -1 -1 -1 -1 -1
1 1 0 27.6 66.0 3 -1 0b 0f -1 -1 -1 -1 -1
1 1 0 27.6 66.0 3 -1 0b 0f -1 -1 -1 -1 -1
1 1 0 27.6 66.0 3 -1 0b 0f -1 -1 -1 -1 -1
1 1 0 27.5 66.0 3 -1 0b 0f -1 -1 -1 -1 -1
1 1 0 27.6 66.0 1 -1 0b 0f -1 -1 -1 -1 -1
1 1 0 27.6 66.0 1 -1 0b 0f -1 -1 -1 -1 -1
1 1 0 27.6 66.0 1 -1 0b 0f -1 -1 -1 -1 -1
1 1 0 27.6 66.0 1 -1 0b 0f -1 -1 -1 -1 -1
1 1 0 27.6 66.0 1 -1 0b 0f -1 -1 -1 -1 -1
1 1 0 27.6 66.0 1 -1 0b 0f -1 -1 -1 -1 -1
1 1 0 27.6 66.0 1 -1 0b 0f -1 -1 -1 -1 -1
1 1 0 27.6 66.0 1 -1 0b 0f -1 -1 -1 -1 -1
1 1 0 27.6 66.0 1 -1 0b 0f -1 -1 -1 -1 -1
1 1 0 27.5 66.0 1 -1 0b 0f -1 -1 -1 -1 -1
1 1 0 27.6 66.0 1 -1 0b 0f -1 -1 -1 -1 -1
1 1 0 27.6 66.0 1 -1 0b 0f -1 -1 -1 -1 -1
1 1 0 27.6 66.0 1 -1 0b 0f -1 -1 -1 -1 -1
1 1 0 27.6 66.0 1 -1 0b 0f -1 -1 -1 -1 -1
1 1 0 27.6 66.0 1 -1 0b 0f -1 -1 -1 -1 -1
1 1 0 27.6 66.0 1 -1 0b 0f -1 -1 -1 -1 -1
1 1 0 27.6 66.0 1 -1 0b 0f -1 -1 -1 -1 -1
1 1 0 27.6 66.0 1 -1 0b 0f -1 -1 -1 -1 -1
1 1 0 27.6 66.0 1 -1 0b 0f -1 -1 -1 -1 -1
1 1 0 27.6 66.0 1 -1 0b 0f -1 -1 -1 -1 -1
1 1 0 27.5 66.0 1 -1 0b 0f -1 -1 -1 -1 -1
1 1 0 27.6 66.0 1 -1 0b 0f -1 -1 -1 -1 -1
1 1 0 27.6 66.0 1 -1 0b 0f -1 -1 -1 -1 -1
1 1 0 27.6 66.0 1 -1 0b 0f -1 -1 -1 -1 -1
1 1 0 27.6 66.0 1 -1 0b 0f -1 -1 -1 -1 -1
1 1 0 27.6 66.0 2 -1 0b 0f -1 -1 -1 -1 -1
1 1 0 27.6 66.0 2 -1 0b 0f -1 -1 -1 -1 -1
1 1 0 27.6 66.0 2 -1 0b 0f -1 -1 -1 -1 -1
1 1 0 27.6 66.0 2 -1 0b 0f -1 -1 -1 -1 -1
1 1 0 27.6 66.0 2 -1 0b 0f -1 -1 -1 -1 -1
1 1 0 27.6 66.0 2 -1 0b 0f -1 -1 -1 -1 -1
1 1 0 27.6 65.5 2 -1 0b 0f -1 -1 -1 -1 -1
1 1 0 27.6 65.5 2 -1 0b 0f -1 -1 -1 -1 -1
1 1 0 27.6 65.5 2 -1 0b 0f -1 -1 -1 -1 -1
1 1 0 27.6 65.5 2 -1 0b 0f -1 -1 -1 -1 -1
1 1 0 27.6 65.5 2 -1 0b 0f -1 -1 -1 -1 -1
1 1 0 27.6 65.5 2 -1 0b 0f -1 -1 -1 -1 -1
1 1 0 27.7 65.5 2 -1 0b 0f -1 -1 -1 -1 -1
1 1 0 27.6 65.5 2 -1 0b 0f -1 -1 -1 -1 -1
1 1 0 27.6 65.5 2 -1 0b 0f -1 -1 -1 -1 -1
1 1 0 27.6 65.5 2 -1 0b 0f -1 -1 -1 -1 -1
1 1 0 27.6 65.5 2 -1 0b 0f -1 -1 -1 -1 -1
1 1 0 27.6 65.5 2 -1 0b 0f -1 -1 -1 -1 -1
1 1 0 27.6 65.5 2 -1 0b 0f -1 -1 -1 -1 -1
1 1 0 27.5 65.5 4 -1 0b 0f -1 -1 -1 -1 -1
1 1 0 27.6 65.5 4 -1 0b 0f -1 -1 -1 -1 -1
1 1 0 27.6 65.5 4 -1 0b 0f -1 -1 -1 -1 -1
1 1 0 27.6 65.5 4 -1 0b 0f -1 -1 -1 -1 -1
1 1 0 27.6 65.5 4 -1 0b 0f -1 -1 -1 -1 -1
1 1 0 27.6 65.5 4 -1 0b 1f -1 -1 -1 -1 -1
1 1 1 27.6 65.5 4 -1 0b 1f -1 -1 -1 -1 -1
1 1 0 27.5 65.5 4 -1 0b 1f -1 -1 -1 -1 -1
1 1 0 27.6 65.5 4 -1 0b 1f -1 -1 -1 -1 -1
1 1 2 27.5 65.0 4 -1 0b 1f -1 -1 -1 -1 -1
1 1 0 27.6 65.0 1 c26f 0b 1f -1 -1 -1 -1 -1
1 1 1 27.6 65.0 1 c26f 0b 1f -1 -1 -1 -1 -1
1 1 0 27.6 65.0 1 c26f 0b 1f -1 -1 -1 -1 -1
1 1 0 27.7 65.0 1 c26f 0b 1f -1 -1 -1 -1 -1
1 1 0 27.5 65.5 1 c26f 0b 1f -1 -1 -1 -1 -1
1 1 0 27.5 65.5 1 c26f 0b 1f -1 -1 -1 -1 -1
1 1 0 27.5 65.0 1 c26f 0b 1f -1 -1 -1 -1 -1
1 1 0 27.5 64.5 1 c26f 0b 1f -1 -1 -1 -1 -1
1 1 0 27.3 64.5 1 c26f 0b 1f -1 -1 -1 -1 -1
1 1 0 27.3 64.0 1 c26f 0b 1f -1 -1 -1 -1 -1
1 1 0 27.2 63.5 2 c26f 0b 1f -1 -1 -1 -1 -1
1 1 0 27.1 63.0 2 c26f 0b 1f -1 -1 -1 -1 -1
1 1 0 27.1 62.5 2 c26f 0b 1f -1 -1 -1 -1 -1
1 1 0 27.0 62.5 2 c26f 0b 1f -1 -1 -1 -1 -1
1 1 0 27.1 62.5 2 c26f 0b 1f -1 -1 -1 -1 -1
1 1 0 27.1 62.5 2 c26f 0b 1f -1 -1 -1 -1 -1
1 1 0 27.1 62.0 2 c26f 0b 1f -1 -1 -1 -1 -1
1 1 0 27.0 61.5 2 c26f 0b 1f -1 -1 -1 -1 -1
1 1 0 27.0 61.0 2 c26f 0b 1f -1 -1 -1 -1 -1
1 1 0 26.9 61.0 4 c26f 0b 1f -1 -1 -1 -1 -1
1 1 0 27.0 60.5 4 c26f 0b 1f -1 -1 -1 -1 -1
1 1 0 26.9 60.5 4 c26f 0b 1f -1 -1 -1 -1 -1
1 1 0 26.8 60.5 4 c26f 0b 1f -1 -1 -1 -1 -1
1 1 0 26.9 60.0 6 c26f 0b 1f -1 -1 -1 -1 -1
1 1 0 26.8 60.0 3 c26f 0b 1f -1 -1 -1 -1 -1
1 1 0 26.8 59.5 3 c26f 0b 1f -1 -1 -1 -1 -1
1 1 0 26.8 59.5 3 c26f 0b 1f -1 -1 -1 -1 -1
1 1 0 26.7 59.5 5 c26f 0b 1f -1 -1 -1 -1 -1
1 1 0 26.7 59.5 5 c26f 0b 1f -1 -1 -1 -1 -1
1 1 0 26.8 59.0 5 c26f 0b 1f -1 -1 -1 -1 -1
1 1 0 26.7 59.0 5 c26f 0b 1f -1 -1 -1 -1 -1
1 1 1 26.7 59.0 5 c26f 0b 1f -1 -1 -1 -1 -1
1 1 0 26.6 59.0 7 c26f 0b 1f -1 -1 -1 -1 -1
1 1 0 26.6 59.0 7 c26f 0b 1f -1 -1 -1 -1 -1
1 1 3 26.6 58.5 7 c26f 0b 1f -1 -1 -1 -1 -1
1 1 4 26.5 58.5 11 c26f 0b 1f -1 -1 -1 -1 -1
1 1 0 26.6 58.5 13 c26f 0b 1f -1 -1 -1 -1 -1
1 1 0 26.6 58.5 13 c26f 0b 1f -1 -1 -1 -1 -1
1 1 0 26.6 58.5 13 c26f 0b 1f -1 -1 -1 -1 -1
1 1 0 26.6 58.5 13 c26f 0b 1f -1 -1 -1 -1 -1
1 1 0 26.5 58.0 13 c26f 0b 1f -1 -1 -1 -1 -1
1 1 0 26.4 58.0 13 c26f 0b 1f -1 -1 -1 -1 -1
1 1 0 26.4 58.0 11 c26f 0b 1f -1 -1 -1 -1 -1
1 1 0 26.5 58.0 11 c26f 0b 1f -1 -1 -1 -1 -1
1 1 0 26.4 57.5 11 c26f 0b 1f -1 -1 -1 -1 -1
1 1 0 26.3 57.5 13 c26f 0b 1f -1 -1 -1 -1 -1
1 1 0 26.3 57.5 13 c26f 0b 1f -1 -1 -1 -1 -1
1 1 0 26.4 57.5 16 c26f 0b 1f -1 -1 -1 -1 -1
1 1 0 26.4 57.5 12 c26f 0b 1f -1 -1 -1 -1 -1
1 1 0 26.3 57.5 14 c26f 0b 1f -1 -1 -1 -1 -1
1 1 0 26.3 57.5 16 c26f 0b 1f -1 -1 -1 -1 -1
1 1 0 26.2 57.5 16 c26f 0b 1f -1 -1 -1 -1 -1
1 1 0 26.2 57.5 14 c26f 0b 1f -1 -1 -1 -1 -1
1 1 0 26.2 58.0 16 c26f 0b 1f -1 -1 -1 -1 -1
1 1 9 26.3 58.0 16 c26f 0b 1f -1 -1 -1 -1 -1
1 1 7 26.2 58.0 16 c26f 0b 1f -1 -1 -1 -1 -1
1 1 4 26.2 57.5 18 c26f 0b 1f -1 -1 -1 -1 -1
1 1 6 26.2 58.0 16 c26f 0b 1f -1 -1 -1 -1 -1
1 1 1 26.2 58.0 18 c26f 0b 1f -1 -1 -1 -1 -1
1 1 0 26.3 58.0 14 c26f 0b 1f -1 -1 -1 -1 -1
1 1 0 26.2 58.0 16 c26f 0b 1f -1 -1 -1 -1 -1
1 1 18 26.2 58.5 18 c26f 0b 1f -1 -1 -1 -1 -1
1 1 5 26.3 59.0 18 c26f 0b 1f -1 -1 -1 -1 -1
1 1 13 26.3 59.0 16 c26f 0b 1f -1 -1 -1 -1 -1
1 1 0 26.2 59.0 16 c26f 0b 1f -1 -1 -1 -1 -1
1 1 7 26.2 59.0 16 c26f 0b 1f -1 -1 -1 -1 -1
1 1 0 26.2 58.5 16 c26f 0b 1f -1 -1 -1 -1 -1
1 1 0 26.1 58.5 14 c26f 0b 1f -1 -1 -1 -1 -1
1 1 0 26.1 58.5 14 c26f 0b 1f -1 -1 -1 -1 -1
1 1 0 26.1 58.5 14 c26f 0b 1f -1 -1 -1 -1 -1
1 1 0 26.1 58.5 16 c26f 0b 1f -1 -1 -1 -1 -1
1 1 0 26.1 58.5 16 c26f 0b 1f -1 -1 -1 -1 -1
1 1 0 26.1 58.0 14 c26f 0b 1f -1 -1 -1 -1 -1
1 1 0 26.0 58.0 14 c26f 0b 1f -1 -1 -1 -1 -1
1 1 10 26.0 58.0 12 c26f 0b 1f -1 -1 -1 -1 -1
1 1 0 26.0 58.0 16 c26f 0b 1f -1 -1 -1 -1 -1
1 1 0 26.0 57.5 16 c26f 0b 1f -1 -1 -1 -1 -1
1 1 0 25.9 57.5 13 c26f 0b 1f -1 -1 -1 -1 -1
1 1 0 25.9 57.0 13 c26f 0b 1f -1 -1 -1 -1 -1
1 1 0 25.9 57.0 13 c26f 0b 1f -1 -1 -1 -1 -1
1 1 0 25.9 57.0 13 c26f 0b 1f -1 -1 -1 -1 -1
1 1 7 25.9 56.5 11 c26f 0b 1f -1 -1 -1 -1 -1
1 1 1 25.9 56.5 13 c26f 0b 1f -1 -1 -1 -1 -1
1 1 0 25.8 56.5 13 c26f 0b 1f -1 -1 -1 -1 -1
1 1 7 25.8 56.5 13 c26f 0b 1f -1 -1 -1 -1 -1
1 1 0 25.8 56.5 13 c26f 0b 1f -1 -1 -1 -1 -1
1 1 0 25.8 56.5 13 c26f 0b 1f -1 -1 -1 -1 -1
1 1 0 25.7 56.5 13 c26f 0b 1f -1 -1 -1 -1 -1
1 1 0 25.7 56.5 13 c26f 0b 1f -1 -1 -1 -1 -1
1 1 0 25.7 56.5 13 c26f 0b 1f -1 -1 -1 -1 -1
1 1 0 25.8 56.5 11 c26f 0b 1f -1 -1 -1 -1 -1
1 1 11 25.7 56.5 11 c26f 0b 1f -1 -1 -1 -1 -1
1 1 0 25.7 56.5 11 c26f 0b 1f -1 -1 -1 -1 -1
1 1 0 25.7 56.5 11 c26f 0b 1f -1 -1 -1 -1 -1
1 1 0 25.7 57.0 11 c26f 0b 1f -1 -1 -1 -1 -1
1 1 0 25.8 57.5 11 c26f 0b 1f -1 -1 -1 -1 -1
1 1 4 25.8 58.0 11 c26f 0b 1f -1 -1 -1 -1 -1
1 1 6 25.8 58.5 13 c26f 0b 1f -1 -1 -1 -1 -1
1 1 0 25.8 59.0 13 c26f 0b 1f -1 -1 -1 -1 -1
1 1 4 25.7 59.0 13 c26f 0b 1f -1 -1 -1 -1 -1
1 1 2 25.7 59.0 13 c26f 0b 1f -1 -1 -1 -1 -1
1 1 0 25.8 59.0 13 c26f 0b 1f -1 -1 -1 -1 -1
1 1 0 25.7 59.5 13 c26f 0b 1f -1 -1 -1 -1 -1
1 1 3 25.7 59.5 13 c26f 0b 1f -1 -1 -1 -1 -1
1 1 0 25.7 59.5 13 c26f 0b 1f -1 -1 -1 -1 -1
1 1 0 25.7 59.5 13 c26f 0b 1f -1 -1 -1 -1 -1
1 1 0 25.7 59.5 13 c26f 0b 1f -1 -1 -1 -1 -1
1 1 0 25.7 59.5 9 c26f 0b 1f -1 -1 -1 -1 -1
1 1 0 25.7 59.5 11 c26f 0b 1f -1 -1 -1 -1 -1
1 1 0 25.7 59.5 11 c26f 0b 1f -1 -1 -1 -1 -1
1 1 0 25.7 60.0 11 c26f 0b 1f -1 -1 -1 -1 -1
1 1 0 25.7 60.0 11 c26f 0b 1f -1 -1 -1 -1 -1
1 1 0 25.7 60.0 11 c26f 0b 1f -1 -1 -1 -1 -1
1 1 0 25.7 60.0 11 c26f 0b 1f -1 -1 -1 -1 -1
1 1 0 25.7 60.0 11 c26f 0b 1f -1 -1 -1 -1 -1
1 1 0 25.6 60.5 11 c26f 0b 1f -1 -1 -1 -1 -1
1 1 0 25.6 60.5 13 c26f 0b 1f -1 -1 -1 -1 -1
1 1 0 25.6 60.5 13 c26f 0b 1f -1 -1 -1 -1 -1
1 1 0 25.6 60.0 13 c26f 0b 1f -1 -1 -1 -1 -1
1 1 0 25.6 60.0 13 c26f 0b 1f -1 -1 -1 -1 -1
1 1 13 25.6 60.5 13 c26f 0b 1f -1 -1 -1 -1 -1
1 1 0 25.6 60.0 16 c26f 0b 1f -1 -1 -1 -1 -1
1 1 0 25.5 60.0 16 c26f 0b 1f -1 -1 -1 -1 -1
1 1 0 25.6 60.0 13 c26f 0b 1f -1 -1 -1 -1 -1
1 1 0 25.6 60.0 13 c26f 0b 1f -1 -1 -1 -1 -1
1 1 0 25.5 59.5 13 c26f 0b 1f -1 -1 -1 -1 -1
1 1 0 25.5 59.5 13 c26f 0b 1f -1 -1 -1 -1 -1
1 1 0 25.6 59.5 13 c26f 0b 1f -1 -1 -1 -1 -1
1 1 0 25.5 59.0 11 c26f 0b 1f -1 -1 -1 -1 -1
1 1 7 25.5 59.0 11 c26f 0b 1f -1 -1 -1 -1 -1
1 1 0 25.5 59.0 11 c26f 0b 1f -1 -1 -1 -1 -1
1 1 0 25.5 59.0 11 c26f 0b 1f -1 -1 -1 -1 -1
1 1 0 25.4 59.0 11 c26f 0b 1f -1 -1 -1 -1 -1
1 1 6 25.5 58.5 11 c26f 0b 1f -1 -1 -1 -1 -1
1 1 0 25.4 59.0 11 c26f 0b 1f -1 -1 -1 -1 -1
1 1 0 25.4 58.5 11 c26f 0b 1f -1 -1 -1 -1 -1
1 1 0 25.4 58.5 11 c26f 0b 1f -1 -1 -1 -1 -1
1 1 0 25.4 58.0 11 c26f 0b 1f -1 -1 -1 -1 -1
1 1 8 25.4 58.0 11 c26f 0b 1f -1 -1 -1 -1 -1
1 1 0 25.4 58.0 13 c26f 0b 1f -1 -1 -1 -1 -1
1 1 5 25.4 58.0 13 c26f 0b 1f -1 -1 -1 -1 -1
1 1 0 25.4 58.5 13 c26f 0b 1f -1 -1 -1 -1 -1
1 1 0 25.4 58.5 13 c26f 0b 1f -1 -1 -1 -1 -1
1 1 0 25.4 58.5 13 c26f 0b 1f -1 -1 -1 -1 -1
1 1 0 25.4 58.5 13 c26f 0b 1f -1 -1 -1 -1 -1
1 1 0 25.3 58.5 13 c26f 0b 1f -1 -1 -1 -1 -1
1 1 6 25.4 59.0 13 c26f 0b 1f -1 -1 -1 -1 -1
1 1 0 25.4 59.0 13 c26f 0b 1f -1 -1 -1 -1 -1
1 1 0 25.4 59.5 13 c26f 0b 1f -1 -1 -1 -1 -1
1 1 3 25.4 59.0 13 c26f 0b 1f -1 -1 -1 -1 -1
1 1 0 25.4 59.5 13 c26f 0b 1f -1 -1 -1 -1 -1
1 1 0 25.4 59.0 13 c26f 0b 1f -1 -1 -1 -1 -1
1 1 0 25.3 59.0 13 c26f 0b 1f -1 -1 -1 -1 -1
1 1 0 25.4 59.0 13 c26f 0b 1f -1 -1 -1 -1 -1
1 1 0 25.4 59.0 13 c26f 0b 1f -1 -1 -1 -1 -1
1 1 0 25.3 58.5 13 c26f 0b 1f -1 -1 -1 -1 -1
1 1 0 25.3 58.5 13 c26f 0b 1f -1 -1 -1 -1 -1
1 1 0 25.3 58.5 13 c26f 0b 1f -1 -1 -1 -1 -1
1 1 4 25.2 58.5 13 c26f 0b 1f -1 -1 -1 -1 -1
1 1 9 25.2 58.5 16 c26f 0b 1f -1 -1 -1 -1 -1
1 1 22 25.3 58.5 13 c26f 0b 1f -1 -1 -1 -1 -1
1 1 11 25.3 58.0 13 c26f 0b 1f -1 -1 -1 -1 -1
1 1 0 25.3 58.0 16 c26f 0b 1f -1 -1 -1 -1 -1
1 1 0 25.2 58.0 12 c26f 0b 1f -1 -1 -1 -1 -1
1 1 0 25.2 58.0 12 c26f 0b 1f -1 -1 -1 -1 -1
1 1 11 25.2 57.5 14 c26f 0b 1f -1 -1 -1 -1 -1
1 1 0 25.1 58.0 14 c26f 0b 1f -1 -1 -1 -1 -1
1 1 0 25.2 58.0 14 c26f 0b 1f -1 -1 -1 -1 -1
1 1 0 25.2 58.5 14 c26f 0b 1f -1 -1 -1 -1 -1
1 1 0 25.2 58.5 16 c26f 0b 1f -1 -1 -1 -1 -1
1 1 0 25.1 58.5 16 c26f 0b 1f -1 -1 -1 -1 -1
1 1 0 25.2 58.5 16 c26f 0b 1f -1 -1 -1 -1 -1
1 1 0 25.1 58.5 16 c26f 0b 1f -1 -1 -1 -1 -1
1 1 0 25.1 58.5 14 c26f 0b 1f -1 -1 -1 -1 -1
1 1 15 25.2 59.0 14 c26f 0b 1f -1 -1 -1 -1 -1
1 1 3 25.1 58.5 14 c26f 0b 1f -1 -1 -1 -1 -1
1 1 0 25.1 59.0 16 c26f 0b 1f -1 -1 -1 -1 -1
1 1 5 25.1 59.0 16 c26f 0b 1f -1 -1 -1 -1 -1
1 1 3 25.2 59.0 18 c26f 0b 1f -1 -1 -1 -1 -1
1 1 7 25.1 59.0 16 c26f 0b 1f -1 -1 -1 -1 -1
1 1 0 25.2 59.0 16 c26f 0b 1f -1 -1 -1 -1 -1
1 1 0 25.2 59.5 16 c26f 0b 1f -1 -1 -1 -1 -1
1 1 0 25.2 59.5 16 c26f 0b 1f -1 -1 -1 -1 -1
1 1 4 25.2 59.5 16 c26f 0b 1f -1 -1 -1 -1 -1
1 1 0 25.1 59.5 18 c26f 0b 1f -1 -1 -1 -1 -1
1 1 11 25.2 59.5 18 c26f 0b 1f -1 -1 -1 -1 -1
1 1 17 25.2 59.0 10 c26f 0b 1f -1 -1 -1 -1 -1
1 1 0 25.1 59.0 10 c26f 0b 1f -1 -1 -1 -1 -1
1 1 6 25.1 59.0 10 c26f 0b 1f -1 -1 -1 -1 -1
1 1 0 25.1 59.0 10 c26f 0b 1f -1 -1 -1 -1 -1
1 1 0 25.1 59.0 10 c26f 0b 1f -1 -1 -1 -1 -1
1 1 0 25.1 59.0 12 c26f 0b 1f -1 -1 -1 -1 -1
1 1 0 25.0 59.0 12 c26f 0b 1f -1 -1 -1 -1 -1
1 1 5 25.0 59.0 12 c26f 0b 1f -1 -1 -1 -1 -1
1 1 0 25.0 59.0 12 c26f 0b 1f -1 -1 -1 -1 -1
1 1 0 25.1 59.0 12 c26f 0b 1f -1 -1 -1 -1 -1
1 1 0 25.1 59.0 12 c26f 0b 1f -1 -1 -1 -1 -1
1 1 15 25.1 59.0 12 c26f 0b 1f -1 -1 -1 -1 -1
1 1 0 25.2 59.0 14 c26f 0b 1f -1 -1 -1 -1 -1
1 1 10 25.1 59.5 14 c26f 0b 1f -1 -1 -1 -1 -1
1 1 0 25.1 60.0 14 c26f 0b 1f -1 -1 -1 -1 -1
1 1 0 25.2 60.5 14 c26f 0b 1f -1 -1 -1 -1 -1
1 1 0 25.2 61.0 12 c26f 0b 1f -1 -1 -1 -1 -1
1 1 0 25.2 61.5 12 c26f 0b 1f -1 -1 -1 -1 -1
1 1 0 25.3 62.0 12 c26f 0b 1f -1 -1 -1 -1 -1
1 1 7 25.3 63.0 12 c26f 0b 1f -1 -1 -1 -1 -1
1 1 0 25.3 63.5 10 c26f 0b 1f -1 -1 -1 -1 -1
1 1 0 25.3 63.5 10 c26f 0b 1f -1 -1 -1 -1 -1
1 1 0 25.3 64.0 10 c26f 0b 1f -1 -1 -1 -1 -1
1 1 0 25.3 64.0 14 c26f 0b 1f -1 -1 -1 -1 -1
1 1 0 25.3 64.0 14 c26f 0b 1f -1 -1 -1 -1 -1
1 1 4 25.3 64.5 14 c26f 0b 1f -1 -1 -1 -1 -1
1 1 0 25.3 64.5 14 c26f 0b 1f -1 -1 -1 -1 -1
1 1 0 25.3 64.5 14 c26f 0b 1f -1 -1 -1 -1 -1
1 1 0 25.3 64.5 12 c26f 0b 1f -1 -1 -1 -1 -1
1 1 0 25.4 65.0 12 c26f 0b 1f -1 -1 -1 -1 -1
1 1 8 25.4 65.5 10 c26f 0b 1f -1 -1 -1 -1 -1
1 1 0 25.4 66.0 12 c26f 0b 1f -1 -1 -1 -1 -1
1 1 0 25.4 66.0 12 c26f 0b 1f -1 -1 -1 -1 -1
1 1 0 25.4 66.0 12 c26f 0b 1f -1 -1 -1 -1 -1
1 1 0 25.4 66.0 12 c26f 0b 1f -1 -1 -1 -1 -1
1 1 0 25.4 66.5 12 c26f 0b 1f -1 -1 -1 -1 -1
1 1 0 25.5 66.5 10 c26f 0b 1f -1 -1 -1 -1 -1
1 1 0 25.5 67.0 10 c26f 0b 1f -1 -1 -1 -1 -1
1 1 0 25.5 67.0 10 c26f 0b 1f -1 -1 -1 -1 -1
1 1 0 25.5 67.5 10 c26f 0b 1f -1 -1 -1 -1 -1
1 1 0 25.5 67.5 10 c26f 0b 1f -1 -1 -1 -1 -1
1 1 0 25.4 67.5 10 c26f 0b 1f -1 -1 -1 -1 -1
1 1 0 25.4 67.0 10 c26f 0b 1f -1 -1 -1 -1 -1
1 1 0 25.4 67.0 10 c26f 0b 1f -1 -1 -1 -1 -1
1 1 13 25.4 66.5 10 c26f 0b 1f -1 -1 -1 -1 -1
1 1 0 25.4 66.0 12 c26f 0b 1f -1 -1 -1 -1 -1
1 1 11 25.4 66.0 10 c26f 0b 1f -1 -1 -1 -1 -1
1 1 14 25.4 66.0 12 c26f 0b 1f -1 -1 -1 -1 -1
1 1 0 25.4 66.0 8 c26f 0b 1f -1 -1 -1 -1 -1
1 1 0 25.4 66.0 10 c26f 0b 1f -1 -1 -1 -1 -1
1 1 0 25.5 66.0 8 c26f 0b 1f -1 -1 -1 -1 -1
1 1 8 25.4 66.0 10 c26f 0b 1f -1 -1 -1 -1 -1
1 1 0 25.4 66.0 10 c26f 0b 1f -1 -1 -1 -1 -1
1 1 0 25.5 66.0 10 c26f 0b 1f -1 -1 -1 -1 -1
1 1 0 25.5 66.0 10 c26f 0b 1f -1 -1 -1 -1 -1
1 1 0 25.4 66.0 10 c26f 0b 1f -1 -1 -1 -1 -1
1 1 0 25.5 66.0 10 c26f 0b 1f -1 -1 -1 -1 -1
1 1 0 25.4 65.5 10 c26f 0b 1f -1 -1 -1 -1 -1
1 1 0 25.4 65.5 10 c26f 0b 1f -1 -1 -1 -1 -1
1 1 0 25.4 65.0 10 c26f 0b 1f -1 -1 -1 -1 -1
1 1 7 25.4 65.0 10 c26f 0b 1f -1 -1 -1 -1 -1
1 1 13 25.4 64.5 12 c26f 0b 1f -1 -1 -1 -1 -1
1 1 10 25.4 64.5 10 c26f 0b 1f -1 -1 -1 -1 -1
1 1 0 25.4 64.5 10 c26f 0b 1f -1 -1 -1 -1 -1
1 1 0 25.3 64.5 12 c26f 0b 1f -1 -1 -1 -1 -1
1 1 0 25.4 64.0 12 c26f 0b 1f -1 -1 -1 -1 -1
1 1 8 25.4 64.0 12 c26f 0b 1f -1 -1 -1 -1 -1
1 1 0 25.4 64.0 12 c26f 0b 1f -1 -1 -1 -1 -1
1 1 12 25.4 63.0 12 c26f 0b 1f -1 -1 -1 -1 -1
1 1 8 25.4 63.0 12 c26f 0b 1f -1 -1 -1 -1 -1
1 1 0 25.3 63.0 12 c26f 0b 1f -1 -1 -1 -1 -1
1 1 5 25.4 63.0 14 c26f 0b 1f -1 -1 -1 -1 -1
1 1 0 25.4 62.5 14 c26f 0b 1f -1 -1 -1 -1 -1
1 1 0 25.4 62.5 10 c26f 0b 1f -1 -1 -1 -1 -1
1 1 0 25.4 62.5 10 c26f 0b 1f -1 -1 -1 -1 -1
1 1 0 25.4 62.5 10 c26f 0b 1f -1 -1 -1 -1 -1
1 1 0 25.3 62.5 12 c26f 0b 1f -1 -1 -1 -1 -1
1 1 0 25.4 63.0 12 c26f 0b 1f -1 -1 -1 -1 -1
1 1 0 25.4 63.0 12 c26f 0b 1f -1 -1 -1 -1 -1
1 1 0 25.4 63.5 12 c26f 0b 1f -1 -1 -1 -1 -1
1 1 0 25.4 63.5 14 c26f 0b 1f -1 -1 -1 -1 -1
1 1 0 25.5 64.0 14 c26f 0b 1f -1 -1 -1 -1 -1
1 1 12 25.5 64.5 14 c26f 0b 1f -1 -1 -1 -1 -1
1 1 0 25.5 65.5 14 c26f 0b 1f -1 -1 -1 -1 -1
1 1 0 25.6 66.5 14 c26f 0b 1f -1 -1 -1 -1 -1
1 1 0 25.6 67.0 14 c26f 0b 1f -1 -1 -1 -1 -1
1 1 0 25.6 67.0 14 c26f 0b 1f -1 -1 -1 -1 -1
1 1 0 25.6 67.0 14 c26f 0b 1f -1 -1 -1 -1 -1
1 1 7 25.6 67.0 16 c26f 0b 1f -1 -1 -1 -1 -1
1 1 0 25.6 67.0 14 c26f 0b 1f -1 -1 -1 -1 -1
1 1 0 25.6 67.0 14 c26f 0b 1f -1 -1 -1 -1 -1
1 1 0 25.6 67.0 14 c26f 0b 1f -1 -1 -1 -1 -1
1 1 6 25.6 67.0 14 c26f 0b 1f -1 -1 -1 -1 -1
1 1 0 25.6 66.5 14 c26f 0b 1f -1 -1 -1 -1 -1
1 1 0 25.5 66.5 12 c26f 0b 1f -1 -1 -1 -1 -1
1 1 0 25.5 66.5 12 c26f 0b 1f -1 -1 -1 -1 -1
1 1 0 25.6 66.5 12 c26f 0b 1f -1 -1 -1 -1 -1
1 1 7 25.6 66.5 12 c26f 0b 1f -1 -1 -1 -1 -1
1 1 0 25.5 66.5 12 c26f 0b 1f -1 -1 -1 -1 -1
1 1 0 25.6 66.5 10 c26f 0b 1f -1 -1 -1 -1 -1
1 1 0 25.6 66.0 10 c26f 0b 1f -1 -1 -1 -1 -1
1 1 0 25.6 66.0 12 c26f 0b 1f -1 -1 -1 -1 -1
1 1 5 25.6 65.5 12 c26f 0b 1f -1 -1 -1 -1 -1
1 1 1 25.6 66.0 12 c26f 0b 1f -1 -1 -1 -1 -1
1 1 12 25.6 66.5 12 c26f 0b 1f -1 -1 -1 -1 -1
1 1 7 25.6 66.5 10 c26f 0b 1f -1 -1 -1 -1 -1
1 1 0 25.6 67.0 12 c26f 0b 1f -1 -1 -1 -1 -1
1 1 0 25.7 67.5 12 c26f 0b 1f -1 -1 -1 -1 -1
1 1 6 25.7 68.0 12 c26f 0b 1f -1 -1 -1 -1 -1
1 1 0 25.7 68.5 12 c26f 0b 1f -1 -1 -1 -1 -1
1 1 10 25.7 68.5 10 c26f 0b 1f -1 -1 -1 -1 -1
1 1 0 25.7 69.0 8 c26f 0b 1f -1 -1 -1 -1 -1
1 1 0 25.7 69.5 8 c26f 0b 1f -1 -1 -1 -1 -1
1 1 0 25.8 70.0 10 c26f 0b 1f -1 -1 -1 -1 -1
1 1 0 25.8 70.5 10 c26f 0b 1f -1 -1 -1 -1 -1
1 1 0 25.9 70.5 10 c26f 0b 1f -1 -1 -1 -1 -1
1 1 0 25.8 70.5 10 c26f 0b 1f -1 -1 -1 -1 -1
1 1 0 25.8 70.0 12 c26f 0b 1f -1 -1 -1 -1 -1
1 1 0 25.8 69.5 12 c26f 0b 1f -1 -1 -1 -1 -1
1 1 0 25.8 69.5 12 c26f 0b 1f -1 -1 -1 -1 -1
1 1 0 25.8 69.0 12 c26f 0b 1f -1 -1 -1 -1 -1
1 1 0 25.8 69.0 12 c26f 0b 1f -1 -1 -1 -1 -1
1 1 0 25.8 68.5 10 c26f 0b 1f -1 -1 -1 -1 -1
1 1 0 25.8 68.0 10 c26f 0b 1f -1 -1 -1 -1 -1
1 1 0 25.7 68.0 10 c26f 0b 1f -1 -1 -1 -1 -1
1 1 0 25.8 68.0 10 c26f 0b 1f -1 -1 -1 -1 -1
1 1 0 25.8 67.5 10 c26f 0b 1f -1 -1 -1 -1 -1
1 1 0 25.8 67.0 10 c26f 0b 1f -1 -1 -1 -1 -1
1 1 0 25.7 67.0 10 c26f 0b 1f -1 -1 -1 -1 -1
1 1 0 25.7 66.0 10 c26f 0b 1f -1 -1 -1 -1 -1
1 1 0 25.7 65.5 8 c26f 0b 1f -1 -1 -1 -1 -1
1 1 0 25.7 65.5 8 c26f 0b 1f -1 -1 -1 -1 -1
1 1 0 25.7 65.0 12 c26f 0b 1f -1 -1 -1 -1 -1
1 1 0 25.7 65.0 12 c26f 0b 1f -1 -1 -1 -1 -1
1 1 0 25.7 64.5 12 c26f 0b 1f -1 -1 -1 -1 -1
1 1 1 25.6 64.0 12 c26f 0b 1f -1 -1 -1 -1 -1
1 1 0 25.7 64.0 12 c26f 0b 1f -1 -1 -1 -1 -1
1 1 0 25.7 64.0 12 c26f 0b 1f -1 -1 -1 -1 -1
1 1 0 25.6 64.0 12 c26f 0b 1f -1 -1 -1 -1 -1
1 1 0 25.7 64.0 12 c26f 0b 1f -1 -1 -1 -1 -1
1 1 0 25.8 64.5 12 c26f 0b 1f -1 -1 -1 -1 -1
1 1 0 25.7 64.5 12 c26f 0b 1f -1 -1 -1 -1 -1
1 1 0 25.8 65.0 12 c26f 0b 1f -1 -1 -1 -1 -1
1 1 0 25.8 65.5 12 c26f 0b 1f -1 -1 -1 -1 -1
1 1 0 25.7 66.0 12 c26f 0b 1f -1 -1 -1 -1 -1
1 1 0 25.8 66.0 12 c26f 0b 1f -1 -1 -1 -1 -1
1 1 0 25.8 66.0 10 c26f 0b 1f -1 -1 -1 -1 -1
1 1 0 25.8 66.0 10 c26f 0b 1f -1 -1 -1 -1 -1
1 1 0 25.8 66.0 10 c26f 0b 1f -1 -1 -1 -1 -1
1 1 0 25.7 66.0 10 c26f 0b 1f -1 -1 -1 -1 -1
1 1 0 25.7 66.0 10 c26f 0b 1f -1 -1 -1 -1 -1
1 1 0 25.7 65.5 10 c26f 0b 1f -1 -1 -1 -1 -1
1 1 0 25.7 66.0 8 c26f 0b 1f -1 -1 -1 -1 -1
1 1 0 25.7 66.0 8 c26f 0b 1f -1 -1 -1 -1 -1
1 1 0 25.7 65.5 8 c26f 0b 1f -1 -1 -1 -1 -1
1 1 0 25.8 66.0 8 c26f 0b 1f -1 -1 -1 -1 -1
1 1 0 25.9 66.0 8 c26f 0b 1f -1 -1 -1 -1 -1
1 1 1 25.8 66.0 8 c26f 0b 1f -1 -1 -1 -1 -1
1 1 0 25.8 66.0 8 c26f 0b 1f -1 -1 -1 -1 -1
1 1 0 25.8 66.0 8 c26f 0b 1f -1 -1 -1 -1 -1
1 1 0 25.8 66.0 8 c26f 0b 1f -1 -1 -1 -1 -1
1 1 0 25.9 66.0 8 c26f 0b 1f -1 -1 -1 -1 -1
1 1 0 25.8 66.0 8 c26f 0b 1f -1 -1 -1 -1 -1
1 1 5 25.8 66.0 6 c26f 0b 1f -1 -1 -1 -1 -1
1 1 0 25.8 66.0 6 c26f 0b 1f -1 -1 -1 -1 -1
1 1 0 25.7 66.0 6 c26f 0b 1f -1 -1 -1 -1 -1
1 1 6 25.8 66.0 6 c26f 0b 1f -1 -1 -1 -1 -1
1 1 0 25.9 66.0 8 c26f 0b 1f -1 -1 -1 -1 -1
1 1 0 25.9 66.5 8 c26f 0b 1f -1 -1 -1 -1 -1
1 1 0 25.9 67.0 8 c26f 0b 1f -1 -1 -1 -1 -1
1 1 0 25.9 67.5 8 c26f 0b 1f -1 -1 -1 -1 -1
1 1 0 25.9 68.0 8 c26f 0b 1f -1 -1 -1 -1 -1
1 1 4 25.9 68.0 8 c26f 0b 1f -1 -1 -1 -1 -1
1 1 0 25.9 68.0 8 c26f 0b 1f -1 -1 -1 -1 -1
1 1 0 25.9 67.5 8 c26f 0b 1f -1 -1 -1 -1 -1
1 1 8 25.9 67.0 10 c26f 0b 1f -1 -1 -1 -1 -1
1 1 0 25.9 66.5 16 c26f 0b 1f -1 -1 -1 -1 -1
1 1 0 25.8 66.0 16 c26f 0b 1f -1 -1 -1 -1 -1
1 1 5 25.8 66.0 16 c26f 0b 1f -1 -1 -1 -1 -1
1 1 5 25.8 65.5 16 c26f 0b 1f -1 -1 -1 -1 -1
1 1 11 25.8 65.5 14 c26f 0b 1f -1 -1 -1 -1 -1
1 1 0 25.7 65.0 14 c26f 0b 1f -1 -1 -1 -1 -1
1 1 0 25.8 65.0 14 c26f 0b 1f -1 -1 -1 -1 -1
1 1 0 25.8 65.0 14 c26f 0b 1f -1 -1 -1 -1 -1
1 1 0 25.8 64.5 16 c26f 0b 1f -1 -1 -1 -1 -1
1 1 0 25.8 64.5 16 c26f 0b 1f -1 -1 -1 -1 -1
1 1 9 25.8 64.5 16 c26f 0b 1f -1 -1 -1 -1 -1
1 1 11 25.8 64.0 16 c26f 0b 1f -1 -1 -1 -1 -1
1 1 1 25.8 64.0 16 c26f 0b 1f -1 -1 -1 -1 -1
1 1 0 25.8 64.0 16 c26f 0b 1f -1 -1 -1 -1 -1
1 1 0 25.7 64.0 16 c26f 0b 1f -1 -1 -1 -1 -1
1 1 0 25.7 63.5 16 c26f 0b 1f -1 -1 -1 -1 -1
1 1 0 25.8 63.5 18 c26f 0b 1f -1 -1 -1 -1 -1
1 1 6 25.7 63.5 14 c26f 0b 1f -1 -1 -1 -1 -1
1 1 0 25.7 63.0 14 c26f 0b 1f -1 -1 -1 -1 -1
1 1 11 25.7 63.0 16 c26f 0b 1f -1 -1 -1 -1 -1
1 1 0 25.7 62.5 14 c26f 0b 1f -1 -1 -1 -1 -1
1 1 0 25.7 62.5 14 c26f 0b 1f -1 -1 -1 -1 -1
1 1 0 25.7 62.5 14 c26f 0b 1f -1 -1 -1 -1 -1
1 1 0 25.6 62.5 14 c26f 0b 1f -1 -1 -1 -1 -1
1 1 0 25.7 62.0 16 c26f 0b 1f -1 -1 -1 -1 -1
1 1 12 25.7 62.0 16 c26f 0b 1f -1 -1 -1 -1 -1
1 1 0 25.7 62.0 16 c26f 0b 1f -1 -1 -1 -1 -1
1 1 9 25.7 62.0 16 c26f 0b 1f -1 -1 -1 -1 -1
1 1 0 25.6 61.5 18 c26f 0b 1f -1 -1 -1 -1 -1
1 1 0 25.6 61.0 18 c26f 0b 1f -1 -1 -1 -1 -1
1 1 8 25.6 62.5 18 c26f 0b 1f -1 -1 -1 -1 -1
1 1 4 25.7 63.0 18 c26f 0b 1f -1 -1 -1 -1 -1
1 1 0 25.7 63.0 18 c26f 0b 1f -1 -1 -1 -1 -1
1 1 0 25.7 62.5 18 c26f 0b 1f -1 -1 -1 -1 -1
1 1 4 25.6 62.5 18 c26f 0b 1f -1 -1 -1 -1 -1
1 1 0 25.5 62.0 18 c26f 0b 1f -1 -1 -1 -1 -1
1 1 8 25.5 61.5 16 c26f 0b 1f -1 -1 -1 -1 -1
1 1 0 25.4 61.0 18 c26f 0b 1f -1 -1 -1 -1 -1
1 1 0 25.3 61.0 18 c26f 0b 1f -1 -1 -1 -1 -1
1 1 0 25.2 61.0 16 c26f 0b 1f -1 -1 -1 -1 -1
1 1 0 25.1 60.0 18 c26f 0b 1f -1 -1 -1 -1 -1
1 1 0 25.0 60.5 18 c26f 0b 1f -1 -1 -1 -1 -1
1 1 0 25.0 60.5 16 c26f 0b 1f -1 -1 -1 -1 -1
1 1 0 24.9 60.0 16 c26f 0b 1f -1 -1 -1 -1 -1
1 1 0 24.9 59.5 16 c26f 0b 1f -1 -1 -1 -1 -1
1 1 0 24.8 59.5 16 c26f 0b 1f -1 -1 -1 -1 -1
1 1 0 24.8 59.5 16 c26f 0b 1f -1 -1 -1 -1 -1
1 1 0 24.7 59.0 16 c26f 0b 1f -1 -1 -1 -1 -1
1 1 0 24.7 59.0 16 c26f 0b 1f -1 -1 -1 -1 -1
1 1 0 24.7 59.0 14 c26f 0b 1f -1 -1 -1 -1 -1
1 1 0 24.6 59.0 14 c26f 0b 1f -1 -1 -1 -1 -1
1 1 0 24.6 60.0 14 c26f 0b 1f -1 -1 -1 -1 -1
1 1 0 24.7 60.5 14 c26f 0b 1f -1 -1 -1 -1 -1
1 1 0 24.7 61.5 14 c26f 0b 1f -1 -1 -1 -1 -1
1 1 0 24.8 62.0 14 c26f 0b 1f -1 -1 -1 -1 -1
1 1 0 24.8 62.5 14 c26f 0b 1f -1 -1 -1 -1 -1
1 1 0 24.8 62.5 14 c26f 0b 1f -1 -1 -1 -1 -1
1 1 1 24.9 63.0 14 c26f 0b 1f -1 -1 -1 -1 -1
1 1 4 24.9 63.0 16 c26f 0b 1f -1 -1 -1 -1 -1
1 1 0 24.9 63.5 16 c26f 0b 1f -1 -1 -1 -1 -1
1 1 8 24.9 63.5 16 c26f 0b 1f -1 -1 -1 -1 -1
1 1 0 25.0 63.5 16 c26f 0b 1f -1 -1 -1 -1 -1
1 1 0 25.0 63.5 16 c26f 0b 1f -1 -1 -1 -1 -1
1 1 6 25.0 64.0 18 c26f 0b 1f -1 -1 -1 -1 -1
1 1 0 25.0 64.0 18 c26f 0b 1f -1 -1 -1 -1 -1
1 1 1 25.0 64.0 14 c26f 0b 1f -1 -1 -1 -1 -1
1 1 0 25.0 64.0 14 c26f 0b 1f -1 -1 -1 -1 -1
1 1 0 25.1 64.0 14 c26f 0b 1f -1 -1 -1 -1 -1
1 1 0 25.1 64.0 14 c26f 0b 1f -1 -1 -1 -1 -1
1 1 7 25.1 64.0 18 c26f 0b 1f -1 -1 -1 -1 -1
1 1 0 25.1 63.5 14 c26f 0b 1f -1 -1 -1 -1 -1
1 1 6 25.1 63.0 14 c26f 0b 1f -1 -1 -1 -1 -1
1 1 6 25.1 63.0 14 c26f 0b 1f -1 -1 -1 -1 -1
1 1 0 24.9 62.0 14 c26f 0b 1f -1 -1 -1 -1 -1
1 1 0 24.8 61.5 14 c26f 0b 1f -1 -1 -1 -1 -1
1 1 10 24.7 61.0 14 c26f 0b 1f -1 -1 -1 -1 -1
1 1 0 24.7 61.0 16 c26f 0b 1f -1 -1 -1 -1 -1
1 1 10 24.6 61.0 14 c26f 0b 1f -1 -1 -1 -1 -1
1 1 1 24.6 61.0 14 c26f 0b 1f -1 -1 -1 -1 -1
1 1 0 24.5 61.0 14 c26f 0b 1f -1 -1 -1 -1 -1
1 1 0 24.5 60.5 14 c26f 0b 1f -1 -1 -1 -1 -1
1 1 0 24.4 60.5 14 c26f 0b 1f -1 -1 -1 -1 -1
1 1 10 24.4 60.5 14 c26f 0b 1f -1 -1 -1 -1 -1
1 1 0 24.5 60.0 16 c26f 0b 1f -1 -1 -1 -1 -1
1 1 6 24.3 60.5 15 c26f 0b 1f -1 -1 -1 -1 -1
1 1 0 24.3 60.0 19 c26f 0b 1f -1 -1 -1 -1 -1
1 1 0 24.3 60.0 17 c26f 0b 1f -1 -1 -1 -1 -1
1 1 0 24.3 59.5 17 c26f 0b 1f -1 -1 -1 -1 -1
1 1 0 24.3 59.5 17 c26f 0b 1f -1 -1 -1 -1 -1
1 1 0 24.2 59.5 17 c26f 0b 1f -1 -1 -1 -1 -1
1 1 0 24.2 59.5 17 c26f 0b 1f -1 -1 -1 -1 -1
1 1 0 24.2 59.5 19 c26f 0b 1f -1 -1 -1 -1 -1
1 1 0 24.2 59.5 19 c26f 0b 1f -1 -1 -1 -1 -1
1 1 0 24.2 59.5 19 c26f 0b 1f -1 -1 -1 -1 -1
1 1 0 24.1 59.5 19 c26f 0b 1f -1 -1 -1 -1 -1
1 1 0 24.1 59.5 17 c26f 0b 1f -1 -1 -1 -1 -1
1 1 0 24.1 59.5 17 c26f 0b 1f -1 -1 -1 -1 -1
1 1 0 24.1 59.5 15 c26f 0b 1f -1 -1 -1 -1 -1
1 1 0 24.1 59.5 18 c26f 0b 1f -1 -1 -1 -1 -1
1 1 0 24.1 59.5 16 c26f 0b 1f -1 -1 -1 -1 -1
1 1 0 24.1 59.5 16 c26f 0b 1f -1 -1 -1 -1 -1
1 1 0 24.0 59.5 14 c26f 0b 1f -1 -1 -1 -1 -1
1 1 7 24.0 59.5 12 c26f 0b 1f -1 -1 -1 -1 -1
1 1 0 24.0 59.5 16 c26f 0b 1f -1 -1 -1 -1 -1
1 1 0 24.0 59.5 16 c26f 0b 1f -1 -1 -1 -1 -1
1 1 12 24.0 60.0 14 c26f 0b 1f -1 -1 -1 -1 -1
1 1 0 24.0 60.0 12 c26f 0b 1f -1 -1 -1 -1 -1
1 1 9 24.0 60.0 12 c26f 0b 1f -1 -1 -1 -1 -1
1 1 8 24.1 60.5 16 c26f 0b 1f -1 -1 -1 -1 -1
1 1 0 24.1 60.5 16 c26f 0b 1f -1 -1 -1 -1 -1
1 1 0 24.3 60.5 16 c26f 0b 1f -1 -1 -1 -1 -1
1 1 0 24.3 61.0 14 c26f 0b 1f -1 -1 -1 -1 -1
1 1 0 24.4 61.5 14 c26f 0b 1f -1 -1 -1 -1 -1
1 1 7 24.5 62.0 14 c26f 0b 1f -1 -1 -1 -1 -1
1 1 0 24.5 62.0 14 c26f 0b 1f -1 -1 -1 -1 -1
1 1 0 24.5 62.0 12 c26f 0b 1f -1 -1 -1 -1 -1
1 1 0 24.6 62.5 12 c26f 0b 1f -1 -1 -1 -1 -1
1 1 0 24.6 62.5 12 c26f 0b 1f -1 -1 -1 -1 -1
1 1 0 24.6 62.5 12 c26f 0b 1f -1 -1 -1 -1 -1
1 1 0 24.6 62.5 10 c26f 0b 1f -1 -1 -1 -1 -1
1 1 0 24.6 62.5 13 c26f 0b 1f -1 -1 -1 -1 -1
1 1 0 24.7 63.0 13 c26f 0b 1f -1 -1 -1 -1 -1
1 1 0 24.6 62.5 13 c26f 0b 1f -1 -1 -1 -1 -1
1 1 8 24.7 62.5 11 c26f 0b 7f -1 -1 -1 -1 -1
1 1 0 24.7 62.5 13 c26f 0b 7f -1 -1 -1 -1 -1
1 1 0 24.7 62.5 13 c26f 0b 7f -1 -1 -1 -1 -1
1 1 0 24.7 62.5 13 c26f 0b 7f -1 -1 -1 -1 -1
1 1 0 24.7 62.5 11 c26f 0b 7f -1 -1 -1 -1 -1
1 1 0 24.7 62.0 11 c26f 0b 7f -1 -1 -1 -1 -1
1 1 0 24.7 62.0 11 c26f 0b 7f -1 -1 -1 -1 -1
1 1 5 24.7 62.0 9 c26f 0b 7f -1 -1 -1 -1 -1
1 1 0 24.7 62.0 11 c26f 0b 7f -1 -1 -1 -1 -1
1 1 0 24.8 62.0 9 c26f 0b 7f -1 -1 -1 -1 -1
1 1 0 24.7 61.5 9 c26f 0b 7f -1 -1 -1 -1 -1
1 1 0 24.8 61.5 9 c26f 0b 7f -1 -1 -1 -1 -1
1 1 0 24.7 61.5 13 c26f 0b 7f -1 -1 -1 -1 -1
1 1 0 24.8 61.5 13 c26f 0b 7f -1 -1 -1 -1 -1
1 1 0 24.9 61.5 13 c26f 0b 7f -1 -1 -1 -1 -1
1 1 18 24.8 61.5 11 c26f 0b 7f -1 -1 -1 -1 -1
1 1 0 24.8 61.5 13 c26f 0b 7f -1 -1 -1 -1 -1
1 1 0 24.9 61.5 13 c26f 0b 7f -1 -1 -1 -1 -1
1 1 9 24.9 61.5 13 c26f 0b 7f -1 -1 -1 -1 -1
1 1 0 24.9 61.5 13 c26f 0b 7f -1 -1 -1 -1 -1
1 1 0 24.9 61.5 11 c26f 0b 7f -1 -1 -1 -1 -1
1 1 9 24.9 61.5 11 c26f 0b 7f -1 -1 -1 -1 -1
1 1 0 24.9 61.0 11 c26f 0b 7f -1 -1 -1 -1 -1
1 1 0 24.9 61.0 11 c26f 0b 7f -1 -1 -1 -1 -1
1 1 0 24.9 61.0 11 c26f 0b 7f -1 -1 -1 -1 -1
1 1 0 24.9 61.0 11 c26f 0b 7f -1 -1 -1 -1 -1
1 1 0 25.1 61.0 9 c26f 0b 7f -1 -1 -1 -1 -1
1 1 0 25.0 61.0 9 c26f 0b 7f -1 -1 -1 -1 -1
1 1 0 24.9 61.0 9 c26f 0b 7f -1 -1 -1 -1 -1
1 1 0 25.0 61.0 9 c26f 0b 7f -1 -1 -1 -1 -1
1 1 0 25.0 61.0 9 c26f 0b 7f -1 -1 -1 -1 -1
1 1 0 25.0 61.0 9 c26f 0b 7f -1 -1 -1 -1 -1
1 1 0 25.0 61.0 9 c26f 0b 7f -1 -1 -1 -1 -1
1 1 10 25.0 61.0 9 c26f 0b 7f -1 -1 -1 -1 -1
1 1 0 25.0 60.5 9 c26f 0b 7f -1 -1 -1 -1 -1
1 1 0 25.0 60.5 9 c26f 0b 7f -1 -1 -1 -1 -1
1 1 8 25.0 61.0 9 c26f 0b 7f -1 -1 -1 -1 -1
1 1 0 25.0 60.5 9 c26f 0b 7f -1 -1 -1 -1 -1
1 1 0 25.0 60.5 9 c26f 0b 7f -1 -1 -1 -1 -1
1 1 0 25.0 60.5 9 c26f 0b 7f -1 -1 -1 -1 -1
1 1 0 25.0 60.5 7 c26f 0b 7f -1 -1 -1 -1 -1
1 1 0 25.0 60.5 9 c26f 0b 7f -1 -1 -1 -1 -1
1 1 0 25.1 60.5 7 c26f 0b 7f -1 -1 -1 -1 -1
1 1 0 25.0 60.0 7 c26f 0b 7f -1 -1 -1 -1 -1
1 1 0 25.0 60.0 7 c26f 0b 7f -1 -1 -1 -1 -1
1 1 0 25.0 60.0 7 c26f 0b 7f -1 -1 -1 -1 -1
1 1 0 25.1 60.0 7 c26f 0b 7f -1 -1 -1 -1 -1
1 1 0 25.1 60.0 7 c26f 0b 7f -1 -1 -1 -1 -1
1 1 0 25.2 60.0 11 c26f 0b 7f -1 -1 -1 -1 -1
1 1 0 25.1 60.0 7 c26f 0b 7f -1 -1 -1 -1 -1
1 1 0 25.2 60.0 7 c26f 0b 7f -1 -1 -1 -1 -1
1 1 0 25.2 60.0 7 c26f 0b 7f -1 -1 -1 -1 -1
1 1 0 25.1 60.0 7 c26f 0b 7f -1 -1 -1 -1 -1
1 1 0 25.2 60.0 7 c26f 0b 7f -1 -1 -1 -1 -1
1 1 11 25.1 60.0 11 c26f 0b 7f -1 -1 -1 -1 -1
1 1 0 25.1 60.0 11 c26f 0b 7f -1 -1 -1 -1 -1
1 1 0 25.2 60.0 11 c26f 0b 7f -1 -1 -1 -1 -1
1 1 0 25.2 60.0 11 c26f 0b 7f -1 -1 -1 -1 -1
1 1 13 25.2 60.0 11 c26f 0b 7f -1 -1 -1 -1 -1
1 1 0 25.2 60.0 11 c26f 0b 7f -1 -1 -1 -1 -1
1 1 0 25.1 60.0 11 c26f 0b 7f -1 -1 -1 -1 -1
1 1 7 25.2 60.0 11 c26f 0b 7f -1 -1 -1 -1 -1
1 1 0 25.2 60.0 11 c26f 0b 7f -1 -1 -1 -1 -1
1 1 0 25.3 59.5 9 c26f 0b 7f -1 -1 -1 -1 -1
1 1 0 25.1 60.0 9 c26f 0b 7f -1 -1 -1 -1 -1
1 1 2 25.2 59.5 7 c26f 0b 7f -1 -1 -1 -1 -1
1 1 7 25.2 59.5 5 c26f 0b 7f -1 -1 -1 -1 -1
1 1 0 25.2 59.5 5 c26f 0b 7f -1 -1 -1 -1 -1
1 1 0 25.2 59.5 5 c26f 0b 7f -1 -1 -1 -1 -1
1 1 0 25.2 59.5 5 c26f 0b 7f -1 -1 -1 -1 -1
1 1 0 25.2 59.5 5 c26f 0b 7f -1 -1 -1 -1 -1
1 1 0 25.2 59.5 5 c26f 0b 7f -1 -1 -1 -1 -1
1 1 0 25.2 59.5 3 c26f 0b 7f -1 -1 -1 -1 -1
1 1 10 25.2 59.5 3 c26f 0b 7f -1 -1 -1 -1 -1
1 1 0 25.2 59.5 3 c26f 0b 7f -1 -1 -1 -1 -1
1 1 0 25.3 59.5 3 c26f 0b 7f -1 -1 -1 -1 -1
1 1 0 25.3 59.5 6 c26f 0b 7f -1 -1 -1 -1 -1
1 1 0 25.2 59.5 6 c26f 0b 7f -1 -1 -1 -1 -1
1 1 1 25.2 59.5 6 c26f 0b 7f -1 -1 -1 -1 -1
1 1 0 25.3 59.5 6 c26f 0b 7f -1 -1 -1 -1 -1
1 1 0 25.3 59.0 6 c26f 0b 7f -1 -1 -1 -1 -1
1 1 0 25.3 59.0 4 c26f 0b 7f -1 -1 -1 -1 -1
1 1 0 25.3 59.0 4 c26f 0b 7f -1 -1 -1 -1 -1
1 1 0 25.2 59.0 4 c26f 0b 7f -1 -1 -1 -1 -1
1 1 0 25.2 59.0 4 c26f 0b 7f -1 -1 -1 -1 -1
1 1 0 25.2 59.0 2 c26f 0b 7f -1 -1 -1 -1 -1
1 1 0 25.3 59.0 2 c26f 0b 7f -1 -1 -1 -1 -1
1 1 0 25.3 59.0 2 c26f 0b 7f -1 -1 -1 -1 -1
1 1 1 25.3 59.0 2 c26f 0b 7f -1 -1 -1 -1 -1
1 1 0 25.3 59.0 2 c26f 0b 7f -1 -1 -1 -1 -1
1 1 0 25.3 59.0 2 c26f 0b 7f -1 -1 -1 -1 -1
1 1 0 25.2 59.0 2 c26f 0b 7f -1 -1 -1 -1 -1
1 1 0 25.3 59.0 4 c26f 0b 7f -1 -1 -1 -1 -1
1 1 0 25.3 59.0 4 c26f 0b 7f -1 -1 -1 -1 -1
1 1 0 25.3 59.0 4 c26f 0b 7f -1 -1 -1 -1 -1
1 1 0 25.3 59.0 4 c26f 0b 7f -1 -1 -1 -1 -1
1 1 0 25.3 59.0 4 c26f 0b 7f -1 -1 -1 -1 -1
1 1 0 25.3 59.0 4 c26f 0b 7f -1 -1 -1 -1 -1
1 1 0 25.3 59.0 2 c26f 0b 7f -1 -1 -1 -1 -1
1 1 0 25.3 58.5 2 c26f 0b 7f -1 -1 -1 -1 -1
1 1 0 25.2 58.5 2 c26f 0b 7f -1 -1 -1 -1 -1
1 1 0 25.3 58.5 2 c26f 0b 7f -1 -1 -1 -1 -1
1 1 0 25.3 58.5 2 c26f 0b 7f -1 -1 -1 -1 -1
1 1 0 25.2 58.5 2 c26f 0b 7f -1 -1 -1 -1 -1
1 1 0 25.2 58.5 2 c26f 0b 7f -1 -1 -1 -1 -1
1 1 0 25.3 58.5 1 c26f 0b 7f -1 -1 -1 -1 -1
1 1 0 25.3 58.0 1 c26f 0b 7f -1 -1 -1 -1 -1
1 1 2 25.2 58.0 1 c26f 0b 7f -1 -1 -1 -1 -1
1 1 4 25.3 58.5 1 c26f 0b 7f -1 -1 -1 -1 -1
1 1 5 25.3 58.5 1 c26f 0b 7f -1 -1 -1 -1 -1
1 1 0 25.3 58.5 4 c26f 0b 7f -1 -1 -1 -1 -1
1 1 1 25.3 58.5 4 c26f 0b 7f -1 -1 -1 -1 -1
1 1 0 25.2 58.5 4 c26f 0b 7f -1 -1 -1 -1 -1
1 1 0 25.3 58.0 2 c26f 0b 7f -1 -1 -1 -1 -1
1 1 0 25.2 58.0 2 c26f 0b 7f -1 -1 -1 -1 -1
1 1 0 25.3 58.0 2 c26f 0b 7f -1 -1 -1 -1 -1
1 1 5 25.2 58.0 2 c26f 0b 7f -1 -1 -1 -1 -1
1 1 1 25.2 58.0 6 c26f 0b 7f -1 -1 -1 -1 -1
1 1 2 25.2 58.0 6 c26f 0b 7f -1 -1 -1 -1 -1
1 1 0 25.2 58.0 6 c26f 0b 7f -1 -1 -1 -1 -1
1 1 1 25.2 58.0 6 c26f 0b 7f -1 -1 -1 -1 -1
1 1 8 25.3 58.0 6 c26f 0b 7f -1 -1 -1 -1 -1
1 1 13 25.2 58.0 6 c26f 0b 7f -1 -1 -1 -1 -1
1 1 0 25.2 58.0 6 c26f 0b 7f -1 -1 -1 -1 -1
1 1 0 25.2 58.0 6 c26f 0b 7f -1 -1 -1 -1 -1
1 1 5 25.2 57.5 4 c26f 0b 7f -1 -1 -1 -1 -1
1 1 1 25.2 57.5 6 c26f 0b 7f -1 -1 -1 -1 -1
1 1 0 25.2 57.5 4 c26f 0b 7f -1 -1 -1 -1 -1
1 1 0 25.1 57.5 4 c26f 0b 7f -1 -1 -1 -1 -1
1 1 0 25.1 57.5 4 c26f 0b 7f -1 -1 -1 -1 -1
1 1 0 25.2 57.5 4 c26f 0b 7f -1 -1 -1 -1 -1
1 1 0 25.2 57.5 4 c26f 0b 7f -1 -1 -1 -1 -1
1 1 0 25.1 57.5 4 c26f 0b 7f -1 -1 -1 -1 -1
1 1 0 25.2 57.5 8 c26f 0b 7f -1 -1 -1 -1 -1
1 1 0 25.1 57.5 8 c26f 0b 7f -1 -1 -1 -1 -1
1 1 0 25.2 57.5 8 c26f 0b 7f -1 -1 -1 -1 -1
1 1 0 25.1 57.5 8 c26f 0b 7f -1 -1 -1 -1 -1
1 1 0 25.2 57.5 8 c26f 0b 7f -1 -1 -1 -1 -1
1 1 1 25.2 57.0 8 c26f 0b 7f -1 -1 -1 -1 -1
1 1 0 25.1 57.0 8 c26f 0b 7f -1 -1 -1 -1 -1
1 1 0 25.1 57.0 8 c26f 0b 7f -1 -1 -1 -1 -1
1 1 0 25.1 57.5 8 c26f 0b 7f -1 -1 -1 -1 -1
1 1 0 25.1 57.5 8 c26f 0b 7f -1 -1 -1 -1 -1
1 1 0 25.0 57.0 8 c26f 0b 7f -1 -1 -1 -1 -1
1 1 0 25.1 57.5 8 c26f 0b 7f -1 -1 -1 -1 -1
1 1 0 25.1 57.5 8 c26f 0b 7f -1 -1 -1 -1 -1
1 1 0 25.1 57.5 8 c26f 0b 7f -1 -1 -1 -1 -1
1 1 0 25.1 57.5 8 c26f 0b 7f -1 -1 -1 -1 -1
1 1 0 25.2 57.5 8 c26f 0b 7f -1 -1 -1 -1 -1
1 1 0 25.1 57.5 8 c26f 0b 7f -1 -1 -1 -1 -1
1 1 0 25.1 57.5 8 c26f 0b 7f -1 -1 -1 -1 -1
1 1 0 25.1 57.5 8 c26f 0b 7f -1 -1 -1 -1 -1
1 1 0 25.0 57.5 8 c26f 0b 7f -1 -1 -1 -1 -1
1 1 0 25.1 57.5 8 c26f 0b 7f -1 -1 -1 -1 -1
1 1 0 25.1 57.5 8 c26f 0b 7f -1 -1 -1 -1 -1
1 1 0 25.1 57.5 8 c26f 0b 7f -1 -1 -1 -1 -1
1 1 0 25.1 57.0 8 c26f 0b 7f -1 -1 -1 -1 -1
1 1 0 25.1 57.0 8 c26f 0b 7f -1 -1 -1 -1 -1
1 1 9 25.1 57.0 8 c26f 0b 7f -1 -1 -1 -1 -1
1 1 0 25.0 57.0 8 c26f 0b 7f -1 -1 -1 -1 -1
1 1 0 25.0 57.0 8 c26f 0b 7f -1 -1 -1 -1 -1
1 1 0 25.0 57.0 8 c26f 0b 7f -1 -1 -1 -1 -1
1 1 4 25.1 57.0 8 c26f 0b 7f -1 -1 -1 -1 -1
1 1 0 25.0 57.0 8 c26f 0b 7f -1 -1 -1 -1 -1
1 1 0 25.1 57.0 8 c26f 0b 7f -1 -1 -1 -1 -1
1 1 0 25.0 57.0 8 c26f 0b 7f -1 -1 -1 -1 -1
1 1 0 25.0 57.0 8 c26f 0b 7f -1 -1 -1 -1 -1
1 1 0 25.0 57.0 8 c26f 0b 7f -1 -1 -1 -1 -1
1 1 0 25.1 57.0 8 c26f 0b 7f -1 -1 -1 -1 -1
1 1 0 25.0 57.5 8 c26f 0b 7f -1 -1 -1 -1 -1
1 1 0 25.0 57.5 8 c26f 0b 7f -1 -1 -1 -1 -1
1 1 0 25.0 57.5 8 c26f 0b 7f -1 -1 -1 -1 -1
1 1 0 25.0 57.5 8 c26f 0b 7f -1 -1 -1 -1 -1
1 1 0 25.0 57.5 8 c26f 0b 7f -1 -1 -1 -1 -1
1 1 0 25.0 57.5 8 c26f 0b 7f -1 -1 -1 -1 -1
1 1 0 24.9 57.5 8 c26f 0b 7f -1 -1 -1 -1 -1
1 1 0 25.0 57.5 8 c26f 0b 7f -1 -1 -1 -1 -1
1 1 7 25.0 57.5 8 c26f 0b 7f -1 -1 -1 -1 -1
1 1 2 24.9 57.5 8 c26f 0b 7f -1 -1 -1 -1 -1
1 1 0 25.0 57.0 8 c26f 0b 7f -1 -1 -1 -1 -1
1 1 9 25.0 57.5 8 c26f 0b 7f -1 -1 -1 -1 -1
1 1 6 25.0 57.5 6 c26f 0b 7f -1 -1 -1 -1 -1
1 1 0 25.0 57.5 8 c26f 0b 7f -1 -1 -1 -1 -1
1 1 0 25.0 57.5 8 c26f 0b 7f -1 -1 -1 -1 -1
1 1 0 24.9 57.5 8 c26f 0b 7f -1 -1 -1 -1 -1
1 1 0 25.0 57.5 8 c26f 0b 7f -1 -1 -1 -1 -1
1 1 4 25.0 57.5 8 c26f 0b 7f -1 -1 -1 -1 -1
1 1 7 25.0 57.5 8 c26f 0b 7f -1 -1 -1 -1 -1
1 1 0 24.9 57.0 8 c26f 0b 7f -1 -1 -1 -1 -1
1 1 0 25.0 57.0 8 c26f 0b 7f -1 -1 -1 -1 -1
1 1 0 24.9 57.0 8 c26f 0b 7f -1 -1 -1 -1 -1
1 1 0 24.9 57.0 8 c26f 0b 7f -1 -1 -1 -1 -1
1 1 0 24.9 57.0 8 c26f 0b 7f -1 -1 -1 -1 -1
1 1 0 25.0 57.0 8 c26f 0b 7f -1 -1 -1 -1 -1
1 1 0 25.0 57.0 8 c26f 0b 7f -1 -1 -1 -1 -1
1 1 0 24.9 57.0 8 c26f 0b 7f -1 -1 -1 -1 -1
1 1 0 24.9 57.0 8 c26f 0b 7f -1 -1 -1 -1 -1
1 1 0 24.9 57.0 8 c26f 0b 7f -1 -1 -1 -1 -1
1 1 0 24.9 57.0 8 c26f 0b 7f -1 -1 -1 -1 -1
1 1 0 24.9 57.0 8 c26f 0b 7f -1 -1 -1 -1 -1
1 1 0 24.9 57.0 8 c26f 0b 7f -1 -1 -1 -1 -1
1 1 0 24.8 56.5 8 c26f 0b 7f -1 -1 -1 -1 -1
1 1 0 24.9 56.5 8 c26f 0b 7f -1 -1 -1 -1 -1
1 1 13 24.9 57.0 6 c26f 0b 7f -1 -1 -1 -1 -1
1 1 0 24.9 57.0 6 c26f 0b 7f -1 -1 -1 -1 -1
1 1 0 24.9 57.0 6 c26f 0b 7f -1 -1 -1 -1 -1
1 1 0 24.9 56.5 6 c26f 0b 7f -1 -1 -1 -1 -1
1 1 0 24.9 57.0 6 c26f 0b 7f -1 -1 -1 -1 -1
1 1 0 24.9 57.0 6 c26f 0b 7f -1 -1 -1 -1 -1
1 1 5 24.9 57.0 6 c26f 0b 7f -1 -1 -1 -1 -1
1 1 0 24.9 57.5 8 c26f 0b 7f -1 -1 -1 -1 -1
1 1 0 24.9 57.5 8 c26f 0b 7f -1 -1 -1 -1 -1
1 1 0 24.9 57.5 8 c26f 0b 7f -1 -1 -1 -1 -1
1 1 0 24.9 57.5 8 c26f 0b 7f -1 -1 -1 -1 -1
1 1 0 24.9 57.5 8 c26f 0b 7f -1 -1 -1 -1 -1
1 1 0 24.9 57.5 8 c26f 0b 7f -1 -1 -1 -1 -1
1 1 0 24.9 57.5 8 c26f 0b 7f -1 -1 -1 -1 -1
1 1 0 24.9 57.5 8 c26f 0b 7f -1 -1 -1 -1 -1
1 1 0 24.9 57.5 8 c26f 0b 7f -1 -1 -1 -1 -1
1 1 0 24.9 57.5 6 c26f 0b 7f -1 -1 -1 -1 -1
1 1 0 24.9 57.5 8 c26f 0b 7f -1 -1 -1 -1 -1
1 1 0 24.9 57.5 8 c26f 0b 7f -1 -1 -1 -1 -1
1 1 0 24.9 57.5 8 c26f 0b 7f -1 -1 -1 -1 -1
1 1 0 24.9 57.5 8 c26f 0b 7f -1 -1 -1 -1 -1
1 1 0 24.9 57.5 8 c26f 0b 7f -1 -1 -1 -1 -1
1 1 0 24.9 57.5 8 c26f 0b 7f -1 -1 -1 -1 -1
1 1 0 24.9 57.5 8 c26f 0b 7f -1 -1 -1 -1 -1
1 1 0 24.8 57.5 8 c26f 0b 7f -1 -1 -1 -1 -1
1 1 0 24.9 57.5 8 c26f 0b 7f -1 -1 -1 -1 -1
1 1 0 24.9 57.5 8 c26f 0b 7f -1 -1 -1 -1 -1
1 1 0 24.9 57.5 8 c26f 0b 7f -1 -1 -1 -1 -1
1 1 0 24.9 57.5 6 c26f 0b 7f -1 -1 -1 -1 -1
1 1 0 24.9 57.5 8 c26f 0b 7f -1 -1 -1 -1 -1
1 1 0 25.0 57.5 6 c26f 0b 7f -1 -1 -1 -1 -1
1 1 0 24.9 58.0 8 c26f 0b 7f -1 -1 -1 -1 -1
1 1 0 24.9 58.0 8 c26f 0b 7f -1 -1 -1 -1 -1
1 1 0 24.9 58.0 6 c26f 0b 7f -1 -1 -1 -1 -1
1 1 0 24.8 58.0 6 c26f 0b 7f -1 -1 -1 -1 -1
1 1 0 24.9 58.0 8 c26f 0b 7f -1 -1 -1 -1 -1
1 1 0 24.9 58.0 8 c26f 0b 7f -1 -1 -1 -1 -1
1 1 0 24.9 58.0 6 c26f 0b 7f -1 -1 -1 -1 -1
1 1 0 24.9 58.0 8 c26f 0b 7f -1 -1 -1 -1 -1
1 1 0 24.8 57.5 6 c26f 0b 7f -1 -1 -1 -1 -1
1 1 0 24.8 57.5 8 c26f 0b 7f -1 -1 -1 -1 -1
1 1 0 24.9 57.5 8 c26f 0b 7f -1 -1 -1 -1 -1
1 1 0 24.8 57.5 8 c26f 0b 7f -1 -1 -1 -1 -1
1 1 0 24.8 57.5 8 c26f 0b 7f -1 -1 -1 -1 -1
1 1 0 24.8 57.5 8 c26f 0b 7f -1 -1 -1 -1 -1
1 1 0 24.8 57.5 8 c26f 0b 7f -1 -1 -1 -1 -1
1 1 0 24.9 57.5 8 c26f 0b 7f -1 -1 -1 -1 -1
1 1 0 24.9 57.5 8 c26f 0b 7f -1 -1 -1 -1 -1
1 1 0 24.8 57.5 8 c26f 0b 7f -1 -1 -1 -1 -1
1 1 0 24.9 57.5 8 c26f 0b 7f -1 -1 -1 -1 -1
1 1 0 24.8 57.5 8 c26f 0b 7f -1 -1 -1 -1 -1
1 1 0 24.8 57.5 8 c26f 0b 7f -1 -1 -1 -1 -1
1 1 0 24.9 57.5 8 c26f 0b 7f -1 -1 -1 -1 -1
1 1 1 24.7 57.5 8 c26f 0b 7f -1 -1 -1 -1 -1
1 1 0 24.8 57.5 8 c26f 0b 7f -1 -1 -1 -1 -1
1 1 0 24.8 57.5 8 c26f 0b 7f -1 -1 -1 -1 -1
1 1 4 24.8 57.5 6 c26f 0b 7f -1 -1 -1 -1 -1
1 1 0 24.8 58.0 8 c26f 0b 7f -1 -1 -1 -1 -1
1 1 0 24.8 58.0 8 c26f 0b 7f -1 -1 -1 -1 -1
1 1 0 24.8 58.0 8 c26f 0b 7f -1 -1 -1 -1 -1
1 1 0 24.8 58.0 8 c26f 0b 7f -1 -1 -1 -1 -1
1 1 4 24.8 57.5 8 c26f 0b 7f -1 -1 -1 -1 -1
1 1 6 24.8 58.0 8 c26f 0b 7f -1 -1 -1 -1 -1
1 1 0 24.8 57.5 8 c26f 0b 7f -1 -1 -1 -1 -1
1 1 0 24.8 58.0 8 c26f 0b 7f -1 -1 -1 -1 -1
1 1 0 24.9 58.0 8 c26f 0b 7f -1 -1 -1 -1 -1
1 1 0 24.8 58.0 8 c26f 0b 7f -1 -1 -1 -1 -1
1 1 8 24.9 58.0 8 c26f 0b 7f -1 -1 -1 -1 -1
1 1 0 24.9 58.0 8 c26f 0b 7f -1 -1 -1 -1 -1
1 1 7 24.8 58.0 8 c26f 0b 7f -1 -1 -1 -1 -1
1 1 0 24.8 58.0 8 c26f 0b 7f -1 -1 -1 -1 -1
1 1 5 24.9 58.0 8 c26f 0b 7f -1 -1 -1 -1 -1
1 1 0 24.9 58.0 8 c26f 0b 7f -1 -1 -1 -1 -1
1 1 0 24.8 58.0 6 c26f 0b 7f -1 -1 -1 -1 -1
1 1 0 24.8 58.0 6 c26f 0b 7f -1 -1 -1 -1 -1
1 1 8 24.8 58.0 6 c26f 0b 7f -1 -1 -1 -1 -1
1 1 0 24.8 58.0 8 c26f 0b 7f -1 -1 -1 -1 -1
1 1 7 24.8 58.0 6 c26f 0b 7f -1 -1 -1 -1 -1
1 1 0 24.8 57.5 8 c26f 0b 7f -1 -1 -1 -1 -1
1 1 0 24.8 57.5 6 c26f 0b 7f -1 -1 -1 -1 -1
1 1 0 24.8 57.5 6 c26f 0b 7f -1 -1 -1 -1 -1
1 1 0 24.8 57.5 6 c26f 0b 7f -1 -1 -1 -1 -1
1 1 0 24.8 57.5 8 c26f 0b 7f -1 -1 -1 -1 -1
1 1 0 24.8 57.5 8 c26f 0b 7f -1 -1 -1 -1 -1
1 1 0 24.8 57.5 8 c26f 0b 7f -1 -1 -1 -1 -1
1 1 0 24.8 57.5 6 c26f 0b 7f -1 -1 -1 -1 -1
1 1 0 24.8 57.5 6 c26f 0b 7f -1 -1 -1 -1 -1
1 1 0 24.7 57.5 8 c26f 0b 7f -1 -1 -1 -1 -1
1 1 0 24.7 57.5 8 c26f 0b 7f -1 -1 -1 -1 -1
1 1 0 24.8 57.5 8 c26f 0b 7f -1 -1 -1 -1 -1
1 1 0 24.8 57.5 8 c26f 0b 7f -1 -1 -1 -1 -1
1 1 0 24.8 57.5 8 c26f 0b 7f -1 -1 -1 -1 -1
1 1 0 24.8 57.5 8 c26f 0b 7f -1 -1 -1 -1 -1
1 1 0 24.8 57.5 8 c26f 0b 7f -1 -1 -1 -1 -1
1 1 0 24.8 57.5 8 c26f 0b 7f -1 -1 -1 -1 -1
1 1 0 24.8 57.5 8 c26f 0b 7f -1 -1 -1 -1 -1
1 1 0 24.8 58.0 6 c26f 0b 7f -1 -1 -1 -1 -1
1 1 0 24.8 58.0 6 c26f 0b 7f -1 -1 -1 -1 -1
1 1 0 24.8 58.0 8 c26f 0b 7f -1 -1 -1 -1 -1
1 1 0 24.7 58.0 6 c26f 0b 7f -1 -1 -1 -1 -1
1 1 0 24.8 58.0 6 c26f 0b 7f -1 -1 -1 -1 -1
1 1 0 24.8 57.5 6 c26f 0b 7f -1 -1 -1 -1 -1
1 1 0 24.8 57.5 6 c26f 0b 7f -1 -1 -1 -1 -1
1 1 0 24.8 58.0 6 c26f 0b 7f -1 -1 -1 -1 -1
1 1 0 24.8 57.5 6 c26f 0b 7f -1 -1 -1 -1 -1
1 1 0 24.8 58.0 6 c26f 0b 7f -1 -1 -1 -1 -1
1 1 0 24.8 57.5 6 c26f 0b 7f -1 -1 -1 -1 -1
1 1 0 24.7 58.0 6 c26f 0b 7f -1 -1 -1 -1 -1
1 1 0 24.8 58.0 8 c26f 0b 7f -1 -1 -1 -1 -1
1 1 0 24.8 58.0 8 c26f 0b 7f -1 -1 -1 -1 -1
1 1 0 24.9 58.0 8 c26f 0b 7f -1 -1 -1 -1 -1
1 1 0 24.8 58.0 8 c26f 0b 7f -1 -1 -1 -1 -1
1 1 0 24.8 58.0 8 c26f 0b 7f -1 -1 -1 -1 -1
1 1 0 24.8 58.0 8 c26f 0b 7f -1 -1 -1 -1 -1
1 1 0 24.7 58.0 8 c26f 0b 7f -1 -1 -1 -1 -1
1 1 0 24.8 57.5 8 c26f 0b 7f -1 -1 -1 -1 -1
1 1 0 24.7 57.5 8 c26f 0b 7f -1 -1 -1 -1 -1
1 1 0 24.8 57.5 8 c26f 0b 7f -1 -1 -1 -1 -1
1 1 0 24.7 57.5 8 c26f 0b 7f -1 -1 -1 -1 -1
1 1 0 24.7 57.5 8 c26f 0b 7f -1 -1 -1 -1 -1
1 1 1 24.7 57.5 8 c26f 0b 7f -1 -1 -1 -1 -1
1 1 0 24.8 57.5 8 c26f 0b 7f -1 -1 -1 -1 -1
1 1 0 24.7 57.5 8 c26f 0b 7f -1 -1 -1 -1 -1
1 1 0 24.8 57.5 8 c26f 0b 7f -1 -1 -1 -1 -1
1 1 0 24.8 57.5 6 c26f 0b 7f -1 -1 -1 -1 -1
1 1 12 24.8 57.0 6 c26f 0b 7f -1 -1 -1 -1 -1
1 1 0 24.8 57.5 6 c26f 0b 7f -1 -1 -1 -1 -1
1 1 0 24.7 57.5 8 c26f 0b 7f -1 -1 -1 -1 -1
1 1 8 24.7 57.5 6 c26f 0b 7f -1 -1 -1 -1 -1
1 1 0 24.8 57.5 8 c26f 0b 7f -1 -1 -1 -1 -1
1 1 0 24.7 57.5 6 c26f 0b 7f -1 -1 -1 -1 -1
1 1 8 24.8 57.5 6 c26f 0b 7f -1 -1 -1 -1 -1
1 1 0 24.8 57.5 8 c26f 0b 7f -1 -1 -1 -1 -1
1 1 0 24.8 57.5 8 c26f 0b 7f -1 -1 -1 -1 -1
1 1 0 24.7 57.5 8 c26f 0b 7f -1 -1 -1 -1 -1
1 1 0 24.7 57.5 8 c26f 0b 7f -1 -1 -1 -1 -1
1 1 0 24.7 58.0 6 c26f 0b 7f -1 -1 -1 -1 -1
1 1 0 24.7 58.0 8 c26f 0b 7f -1 -1 -1 -1 -1
1 1 0 24.8 58.0 6 c26f 0b 7f -1 -1 -1 -1 -1
1 1 0 24.8 58.0 8 c26f 0b 7f -1 -1 -1 -1 -1
1 1 0 24.8 58.0 8 c26f 0b 7f -1 -1 -1 -1 -1
1 1 0 24.8 58.0 6 c26f 0b 7f -1 -1 -1 -1 -1
1 1 0 24.8 58.0 6 c26f 0b 7f -1 -1 -1 -1 -1
1 1 0 24.8 58.0 6 c26f 0b 7f -1 -1 -1 -1 -1
1 1 0 24.8 58.0 6 c26f 0b 7f -1 -1 -1 -1 -1
1 1 0 24.7 58.5 6 c26f 0b 7f -1 -1 -1 -1 -1
1 1 22 24.8 59.0 6 c26f 0b 7f -1 -1 -1 -1 -1
1 1 4 24.8 59.0 2 c26f 0b 7f -1 -1 -1 -1 -1
1 1 9 24.9 59.5 0 c26f 0b 7f -1 -1 -1 -1 -1
1 1 3 24.9 60.0 0 c26f 0b 7f -1 -1 -1 -1 -1
1 1 1 24.9 60.0 0 c26f 0b 7f -1 -1 -1 -1 -1
1 1 4 24.9 60.5 0 c26f 0b 7f -1 -1 -1 -1 -1
1 1 0 24.9 60.5 0 c26f 0b 7f -1 -1 -1 -1 -1
1 1 0 24.8 60.0 0 c26f 0b 7f -1 -1 -1 -1 -1
1 1 0 24.9 59.5 0 c26f 0b 7f -1 -1 -1 -1 -1
1 1 0 24.9 60.0 0 c26f 0b 7f -1 -1 -1 -1 -1
1 1 0 24.9 60.0 0 c26f 0b 7f -1 -1 -1 -1 -1
1 1 0 24.8 60.0 0 c26f 0b 7f -1 -1 -1 -1 -1
1 1 0 24.9 60.0 0 c26f 0b 7f -1 -1 -1 -1 -1
1 1 0 24.9 59.5 0 c26f 0b 7f -1 -1 -1 -1 -1
1 1 0 24.9 59.5 0 c26f 0b 7f -1 -1 -1 -1 -1
1 1 0 24.9 59.5 0 c26f 0b 7f -1 -1 -1 -1 -1
1 1 0 24.8 59.5 0 c26f 0b 7f -1 -1 -1 -1 -1
1 1 0 24.9 59.0 0 c26f 0b 7f -1 -1 -1 -1 -1
1 1 4 24.8 59.0 0 c26f 0b 7f -1 -1 -1 -1 -1
1 1 13 24.8 59.0 1 c26f 0b 0f -1 -1 -1 -1 -1
1 1 12 24.8 59.5 1 c26f 0b 0f -1 -1 -1 -1 -1
1 1 0 24.9 59.5 1 c26f 0b 0f -1 -1 -1 -1 -1
1 1 0 24.9 59.5 1 c26f 0b 0f -1 -1 -1 -1 -1
1 1 0 25.0 60.0 1 c26f 0b 0f -1 -1 -1 -1 -1
1 1 0 25.0 60.0 1 c26f 0b 0f -1 -1 -1 -1 -1
1 1 0 25.1 60.5 1 c26f 0b 0f -1 -1 -1 -1 -1
1 1 0 25.1 61.5 1 c26f 0b 0f -1 -1 -1 -1 -1
1 1 0 25.1 62.0 1 c26f 0b 0f -1 -1 -1 -1 -1
1 1 0 25.2 62.5 1 c26f 0b 0f -1 -1 -1 -1 -1
1 1 0 25.2 62.0 1 c26f 0b 0f -1 -1 -1 -1 -1
1 1 0 25.3 62.5 1 c26f 0b 0f -1 -1 -1 -1 -1
1 1 0 25.3 63.0 1 c26f 0b 0f -1 -1 -1 -1 -1
1 1 0 25.3 63.0 1 c26f 0b 0f -1 -1 -1 -1 -1
1 1 0 25.4 63.5 1 c26f 0b 0f -1 -1 -1 -1 -1
1 1 0 25.4 63.5 1 c26f 0b 0f -1 -1 -1 -1 -1
1 1 0 25.4 63.5 1 c26f 0b 0f -1 -1 -1 -1 -1
1 1 0 25.4 64.0 1 c26f 0b 0f -1 -1 -1 -1 -1
1 1 0 25.5 64.0 1 c26f 0b 0f -1 -1 -1 -1 -1
1 1 0 25.5 64.5 1 c26f 0b 0f -1 -1 -1 -1 -1
1 1 0 25.5 64.5 1 c26f 0b 0f -1 -1 -1 -1 -1
1 1 0 25.5 64.5 1 c26f 0b 0f -1 -1 -1 -1 -1
1 1 0 25.6 64.5 1 c26f 0b 0f -1 -1 -1 -1 -1
1 1 0 25.6 64.5 1 c26f 0b 0f -1 -1 -1 -1 -1
1 1 0 25.6 65.0 1 c26f 0b 0f -1 -1 -1 -1 -1
1 1 0 25.6 65.0 1 c26f 0b 0f -1 -1 -1 -1 -1
1 1 0 25.6 64.5 1 c26f 0b 0f -1 -1 -1 -1 -1
1 1 0 25.7 65.0 1 c26f 0b 0f -1 -1 -1 -1 -1
1 1 0 25.7 65.0 1 c26f 0b 0f -1 -1 -1 -1 -1
1 1 0 25.7 65.0 1 c26f 0b 0f -1 -1 -1 -1 -1
1 1 0 25.7 65.5 1 c26f 0b 0f -1 -1 -1 -1 -1
1 1 0 25.8 65.0 1 c26f 0b 0f -1 -1 -1 -1 -1
1 1 0 25.8 65.0 1 c26f 0b 0f -1 -1 -1 -1 -1
1 1 0 25.8 65.0 1 c26f 0b 0f -1 -1 -1 -1 -1
1 1 0 25.7 65.0 1 c26f 0b 0f -1 -1 -1 -1 -1
1 1 0 25.8 65.0 1 c26f 0b 0f -1 -1 -1 -1 -1
1 1 0 25.8 65.5 1 c26f 0b 0f -1 -1 -1 -1 -1
1 1 0 25.9 65.5 1 c26f 0b 0f -1 -1 -1 -1 -1
1 1 0 25.9 65.5 1 c26f 0b 0f -1 -1 -1 -1 -1
1 1 0 25.9 65.5 1 c26f 0b 0f -1 -1 -1 -1 -1
1 1 0 25.9 65.5 1 c26f 0b 0f -1 -1 -1 -1 -1
1 1 0 25.9 65.5 1 c26f 0b 0f -1 -1 -1 -1 -1
1 1 0 25.9 65.5 1 c26f 0b 0f -1 -1 -1 -1 -1
1 1 0 26.0 65.5 1 c26f 0b 0f -1 -1 -1 -1 -1
1 1 0 25.9 65.5 1 c26f 0b 0f -1 -1 -1 -1 -1
1 1 0 26.0 66.0 1 c26f 0b 0f -1 -1 -1 -1 -1
1 1 0 26.0 66.0 1 c26f 0b 0f -1 -1 -1 -1 -1
1 1 0 26.0 65.5 1 c26f 0b 0f -1 -1 -1 -1 -1
1 1 0 26.0 65.5 1 c26f 0b 0f -1 -1 -1 -1 -1
1 1 0 26.0 65.5 1 c26f 0b 0f -1 -1 -1 -1 -1
1 1 0 26.1 66.0 1 c26f 0b 0f -1 -1 -1 -1 -1
1 1 0 26.1 66.0 1 c26f 0b 0f -1 -1 -1 -1 -1
1 1 0 26.1 66.0 1 c26f 0b 0f -1 -1 -1 -1 -1
1 1 0 26.1 66.0 1 c26f 0b 0f -1 -1 -1 -1 -1
1 1 0 26.1 66.0 1 c26f 0b 0f -1 -1 -1 -1 -1
1 1 0 26.1 66.0 1 c26f 0b 0f -1 -1 -1 -1 -1
1 1 0 26.1 66.0 1 c26f 0b 0f -1 -1 -1 -1 -1
1 1 0 26.1 66.0 1 c26f 0b 0f -1 -1 -1 -1 -1
1 1 0 26.2 65.5 1 c26f 0b 0f -1 -1 -1 -1 -1
1 1 0 26.1 65.5 1 c26f 0b 0f -1 -1 -1 -1 -1
1 1 0 26.2 65.5 1 c26f 0b 0f -1 -1 -1 -1 -1
1 1 0 26.3 65.5 1 c26f 0b 0f -1 -1 -1 -1 -1
1 1 0 26.2 65.5 1 c26f 0b 0f -1 -1 -1 -1 -1
1 1 0 26.2 65.5 1 c26f 0b 0f -1 -1 -1 -1 -1
1 1 0 26.2 65.5 1 c26f 0b 0f -1 -1 -1 -1 -1
1 1 0 26.2 65.5 1 c26f 0b 0f -1 -1 -1 -1 -1
1 1 0 26.2 65.5 1 c26f 0b 0f -1 -1 -1 -1 -1
1 1 0 26.3 65.5 1 c26f 0b 0f -1 -1 -1 -1 -1
1 1 0 26.3 65.0 1 c26f 0b 0f -1 -1 -1 -1 -1
1 1 0 26.3 65.0 1 c26f 0b 0f -1 -1 -1 -1 -1
1 1 0 26.3 65.0 1 c26f 0b 0f -1 -1 -1 -1 -1
1 1 0 26.3 65.0 1 c26f 0b 0f -1 -1 -1 -1 -1
1 1 0 26.3 65.0 1 c26f 0b 0f -1 -1 -1 -1 -1
1 1 0 26.3 65.0 1 c26f 0b 0f -1 -1 -1 -1 -1
1 1 0 26.3 65.0 1 c26f 0b 0f -1 -1 -1 -1 -1
1 1 0 26.3 65.0 1 c26f 0b 0f -1 -1 -1 -1 -1
1 1 0 26.3 65.0 1 c26f 0b 0f -1 -1 -1 -1 -1
1 1 0 26.4 65.0 1 c26f 0b 0f -1 -1 -1 -1 -1
1 1 0 26.3 65.0 1 c26f 0b 0f -1 -1 -1 -1 -1
1 1 0 26.3 65.0 1 c26f 0b 0f -1 -1 -1 -1 -1
1 1 0 26.4 65.0 1 c26f 0b 0f -1 -1 -1 -1 -1
1 1 0 26.5 65.0 1 c26f 0b 0f -1 -1 -1 -1 -1
1 1 0 26.4 65.0 1 c26f 0b 0f -1 -1 -1 -1 -1
1 1 0 26.4 65.0 1 c26f 0b 0f -1 -1 -1 -1 -1
1 1 0 26.5 65.0 1 c26f 0b 0f -1 -1 -1 -1 -1
1 1 0 26.5 65.0 1 c26f 0b 0f -1 -1 -1 -1 -1
1 1 0 26.5 65.0 1 c26f 0b 0f -1 -1 -1 -1 -1
1 1 0 26.5 65.5 1 c26f 0b 0f -1 -1 -1 -1 -1
1 1 0 26.4 66.0 1 c26f 0b 0f -1 -1 -1 -1 -1
1 1 0 26.5 66.0 1 c26f 0b 0f -1 -1 -1 -1 -1
1 1 0 26.6 66.5 1 c26f 0b 0f -1 -1 -1 -1 -1
1 1 0 26.5 66.5 1 c26f 0b 0f -1 -1 -1 -1 -1
1 1 0 26.6 67.0 1 c26f 0b 0f -1 -1 -1 -1 -1
1 1 0 26.5 67.0 1 c26f 0b 0f -1 -1 -1 -1 -1
