0 1 0 28.2 54.0 2 -1 0 -1
0 1 0 28.2 54.0 2 -1 0 -1
0 1 0 28.2 54.0 2 -1 0 -1
0 1 0 28.3 54.0 2 -1 0 -1
0 1 0 28.3 54.0 2 -1 0 -1
0 1 0 28.3 54.0 2 -1 0 -1
0 1 0 28.3 54.0 2 -1 0 -1
0 1 0 28.3 54.0 2 -1 0 -1
0 1 0 28.3 54.0 2 -1 0 -1
0 1 0 28.4 54.0 2 -1 0 -1
0 1 0 28.3 54.0 2 -1 0 -1
0 1 0 28.4 54.5 2 -1 0 -1
0 1 0 28.4 54.0 2 -1 0 -1
0 1 0 28.4 54.0 2 -1 0 -1
0 1 0 28.4 54.0 2 -1 0 -1
0 1 0 28.4 54.0 2 -1 0 -1
0 1 0 28.5 54.0 2 -1 0 -1
0 1 0 28.5 54.0 2 -1 0 -1
0 1 0 28.5 54.5 2 -1 0 -1
0 1 0 28.6 54.5 2 -1 0 -1
0 1 0 28.6 54.0 2 -1 0 -1
0 1 0 28.6 54.0 2 -1 0 -1
0 1 0 28.6 54.5 2 -1 0 -1
0 1 0 28.5 54.0 2 -1 0 -1
0 1 0 28.6 54.0 2 -1 0 -1
0 1 0 28.6 54.0 2 -1 0 -1
0 1 0 28.6 54.0 2 -1 0 -1
0 1 0 28.6 54.0 2 -1 0 -1
0 1 0 28.7 54.0 2 -1 0 -1
0 1 0 28.7 54.5 2 -1 0 -1
0 1 0 28.7 54.5 2 -1 0 -1
0 1 0 28.7 54.0 2 -1 0 -1
0 1 0 28.7 54.0 2 -1 0 -1
0 1 0 28.8 54.5 2 -1 0 -1
0 1 0 28.7 54.5 2 -1 0 -1
0 1 0 28.7 54.0 2 -1 0 -1
0 1 0 28.8 54.5 2 -1 0 -1
0 1 0 28.7 54.5 2 -1 0 -1
0 1 0 28.8 54.5 2 -1 0 -1
0 1 0 28.8 54.5 2 -1 0 -1
0 1 0 28.8 54.5 2 -1 0 -1
0 1 0 28.8 54.5 2 -1 0 -1
0 1 0 28.8 54.5 2 -1 0 -1
0 1 0 28.9 54.5 2 -1 0 -1
0 1 0 28.8 54.5 2 -1 0 -1
0 1 0 28.9 54.5 2 -1 0 -1
0 1 0 28.9 54.5 2 -1 0 -1
0 1 0 28.9 54.5 2 -1 0 -1
0 1 0 28.9 54.5 2 -1 0 -1
0 1 0 28.9 54.5 2 -1 0 -1
0 1 0 28.9 54.5 2 -1 0 -1
0 1 0 28.9 54.5 2 -1 0 -1
0 1 0 29.0 54.5 2 -1 0 -1
0 1 0 29.0 54.5 2 -1 0 -1
0 1 0 29.0 54.5 2 -1 0 -1
0 1 0 29.0 54.5 2 -1 0 -1
0 1 0 29.0 54.5 2 -1 0 -1
0 1 0 29.0 54.5 2 -1 0 -1
0 1 0 29.0 54.5 2 -1 0 -1
0 1 0 29.0 54.5 2 -1 0 -1
0 1 0 29.1 54.5 2 -1 0 -1
0 1 0 29.1 54.5 2 -1 0 -1
0 1 0 29.0 54.5 2 -1 0 -1
0 1 0 29.1 54.5 2 -1 0 -1
0 1 0 29.0 54.5 2 -1 0 -1
0 1 0 29.1 54.5 2 -1 0 -1
0 1 0 29.1 54.5 2 -1 0 -1
0 1 0 29.1 54.5 2 -1 0 -1
0 1 0 29.1 54.5 2 -1 0 -1
0 1 0 29.1 54.5 2 -1 0 -1
0 1 0 29.2 54.5 2 -1 0 -1
0 1 0 29.2 54.5 2 -1 0 -1
0 1 0 29.2 54.5 2 -1 0 -1
0 1 0 29.2 54.5 2 -1 0 -1
0 1 0 29.2 54.5 2 -1 0 -1
0 1 0 29.2 54.5 2 -1 0 -1
0 1 0 29.2 54.5 2 -1 0 -1
0 1 0 29.3 54.5 2 -1 0 -1
0 1 0 29.2 54.5 2 -1 0 -1
0 1 0 29.3 54.5 2 -1 0 -1
0 1 0 29.2 54.5 2 -1 0 -1
0 1 0 29.2 54.5 2 -1 0 -1
0 1 0 29.2 54.5 2 -1 0 -1
0 1 0 29.3 54.5 2 -1 0 -1
0 1 0 29.3 54.5 2 -1 0 -1
0 1 0 29.2 54.5 2 -1 0 -1
0 1 0 29.3 54.5 2 -1 0 -1
0 1 0 29.3 54.5 2 -1 0 -1
0 1 0 29.3 54.5 2 -1 0 -1
0 1 0 29.3 54.5 2 -1 0 -1
0 1 0 29.3 54.5 2 -1 0 -1
0 1 0 29.3 54.5 2 -1 0 -1
0 1 0 29.4 54.5 2 -1 0 -1
0 1 0 29.4 54.5 2 -1 0 -1
0 1 0 29.4 54.5 2 -1 0 -1
0 1 0 29.4 54.5 2 -1 0 -1
0 1 0 29.4 54.5 2 -1 0 -1
0 1 0 29.4 54.5 2 -1 0 -1
0 1 0 29.4 54.5 2 -1 0 -1
0 1 0 29.4 54.5 2 -1 0 -1
0 1 0 29.4 55.0 2 -1 0 -1
0 1 0 29.4 54.5 2 -1 0 -1
0 1 0 29.5 55.0 2 -1 0 -1
0 1 0 29.4 55.0 2 -1 0 -1
0 1 0 29.4 55.0 2 -1 0 -1
0 1 0 29.5 55.0 2 -1 0 -1
0 1 0 29.5 55.0 2 -1 0 -1
0 1 0 29.5 55.0 2 -1 0 -1
0 1 0 29.5 55.0 2 -1 0 -1
0 1 0 29.5 55.0 2 -1 0 -1
0 1 0 29.5 55.0 2 -1 0 -1
0 1 0 29.5 55.0 2 -1 0 -1
0 1 0 29.5 55.0 2 -1 0 -1
0 1 0 29.6 55.0 2 -1 0 -1
0 1 0 29.5 55.0 2 -1 0 -1
0 1 0 29.5 55.0 2 -1 0 -1
0 1 0 29.6 55.0 2 -1 0 -1
0 1 0 29.6 55.0 2 -1 0 -1
0 1 0 29.6 55.0 2 -1 0 -1
0 1 0 29.6 55.0 2 -1 0 -1
0 1 0 29.6 55.0 2 -1 0 -1
0 1 0 29.6 55.0 2 -1 0 -1
0 1 0 29.6 55.0 2 -1 0 -1
0 1 0 29.6 55.0 2 -1 0 -1
0 1 0 29.6 55.0 2 -1 0 -1
0 1 0 29.7 55.0 2 -1 0 -1
0 1 0 29.7 55.0 2 -1 0 -1
0 1 0 29.7 55.0 2 -1 0 -1
0 1 0 29.7 55.0 2 -1 0 -1
0 1 0 29.6 55.0 2 -1 0 -1
0 1 0 29.7 55.0 2 -1 0 -1
0 1 0 29.7 55.0 2 -1 0 -1
0 1 0 29.7 55.0 2 -1 0 -1
0 1 0 29.7 55.0 2 -1 0 -1
0 1 0 29.7 55.0 2 -1 0 -1
0 1 0 29.7 55.0 2 -1 0 -1
0 1 0 29.7 55.0 2 -1 0 -1
0 1 0 29.7 55.0 2 -1 0 -1
0 1 0 29.7 55.0 2 -1 0 -1
0 1 0 29.8 55.0 2 -1 0 -1
0 1 0 29.7 55.0 2 -1 0 -1
0 1 0 29.7 55.0 2 -1 0 -1
0 1 0 29.8 55.0 2 -1 0 -1
0 1 0 29.7 55.0 2 -1 0 -1
0 1 0 29.8 55.0 2 -1 0 -1
0 1 0 29.8 55.0 2 -1 0 -1
0 1 0 29.8 55.0 2 -1 0 -1
0 1 0 29.8 55.0 2 -1 0 -1
0 1 0 29.8 55.0 2 -1 0 -1
0 1 0 29.7 55.0 2 -1 0 -1
0 1 0 29.8 55.0 2 -1 0 -1
0 1 0 29.8 55.0 2 -1 0 -1
0 1 0 29.8 55.0 2 -1 0 -1
0 1 0 29.8 55.5 2 -1 0 -1
0 1 0 29.8 55.0 2 -1 0 -1
0 1 0 29.8 55.0 2 -1 0 -1
0 1 0 29.8 55.5 2 -1 0 -1
0 1 0 29.8 55.0 2 -1 0 -1
0 1 0 29.8 55.5 2 -1 0 -1
0 1 0 29.9 55.5 2 -1 0 -1
0 1 0 29.8 55.5 2 -1 0 -1
0 1 0 29.8 55.5 2 -1 0 -1
0 1 0 29.8 55.5 2 -1 0 -1
0 1 0 29.9 55.5 2 -1 0 -1
0 1 0 29.9 55.5 2 -1 0 -1
0 1 0 29.9 55.5 2 -1 0 -1
0 1 0 29.9 55.5 2 -1 0 -1
0 1 0 29.9 55.5 2 -1 0 -1
0 1 0 29.9 55.5 2 -1 0 -1
0 1 0 29.9 55.5 2 -1 0 -1
0 1 0 29.9 55.5 2 -1 0 -1
0 1 0 29.9 55.5 2 -1 0 -1
0 1 0 30.0 55.5 2 -1 0 -1
0 1 0 29.9 55.5 2 -1 0 -1
0 1 0 30.0 55.5 2 -1 0 -1
0 1 0 29.9 55.5 2 -1 0 -1
0 1 0 29.9 55.5 2 -1 0 -1
0 1 0 30.0 55.5 2 -1 0 -1
0 1 0 30.0 55.5 2 -1 0 -1
0 1 0 30.0 55.5 2 -1 0 -1
0 1 0 30.0 55.5 2 -1 0 -1
0 1 0 30.0 55.5 2 -1 0 -1
0 1 0 30.0 55.5 2 -1 0 -1
0 1 0 30.0 55.5 2 -1 0 -1
0 1 0 30.0 55.5 2 -1 0 -1
0 1 0 30.0 55.5 2 -1 0 -1
0 1 0 30.0 55.5 2 -1 0 -1
0 1 0 30.0 55.5 2 -1 0 -1
0 1 0 30.0 55.5 2 -1 0 -1
0 1 0 30.0 55.5 2 -1 0 -1
0 1 0 30.0 55.5 2 -1 0 -1
0 1 0 30.0 55.5 2 -1 0 -1
0 1 0 30.0 55.5 2 -1 0 -1
0 1 0 30.0 55.5 2 -1 0 -1
0 1 0 30.0 55.5 2 -1 0 -1
0 1 0 30.0 55.5 2 -1 0 -1
0 1 0 30.1 55.5 2 -1 0 -1
0 1 0 30.0 55.5 2 -1 0 -1
0 1 0 30.0 55.5 2 -1 0 -1
0 1 0 30.1 55.5 2 -1 0 -1
0 1 0 30.1 55.5 2 -1 0 -1
0 1 0 30.0 55.5 2 -1 0 -1
0 1 0 30.1 55.5 2 -1 0 -1
0 1 0 30.1 55.5 2 -1 0 -1
0 1 0 30.1 55.5 2 -1 0 -1
0 1 0 30.1 56.0 2 -1 0 -1
0 1 0 30.1 55.5 2 -1 0 -1
0 1 0 30.1 55.5 2 -1 0 -1
0 1 0 30.1 56.0 2 -1 0 -1
0 1 0 30.1 55.5 2 -1 0 -1
0 1 0 30.0 55.5 2 -1 0 -1
0 1 0 30.1 55.5 2 -1 0 -1
0 1 0 30.2 56.0 2 -1 0 -1
0 1 0 30.1 55.5 2 -1 0 -1
0 1 0 30.1 56.0 2 -1 0 -1
0 1 0 30.2 56.0 2 -1 0 -1
0 1 0 30.2 56.0 2 -1 0 -1
0 1 0 30.1 55.5 2 -1 0 -1
0 1 0 30.1 56.0 2 -1 0 -1
0 1 0 30.1 56.0 2 -1 0 -1
0 1 0 30.2 56.0 2 -1 0 -1
0 1 0 30.2 56.0 2 -1 0 -1
0 1 0 30.2 56.0 2 -1 0 -1
0 1 0 30.2 56.0 2 -1 0 -1
0 1 0 30.2 56.0 2 -1 0 -1
0 1 0 30.2 56.0 2 -1 0 -1
0 1 0 30.2 56.0 2 -1 0 -1
0 1 0 30.2 56.0 2 -1 0 -1
0 1 0 30.1 56.0 2 -1 0 -1
0 1 0 30.2 56.0 2 -1 0 -1
0 1 0 30.2 56.0 2 -1 0 -1
0 1 0 30.2 56.0 2 -1 0 -1
0 1 0 30.2 56.0 2 -1 0 -1
0 1 0 30.2 56.0 2 -1 0 -1
0 1 0 30.2 56.0 2 -1 0 -1
0 1 0 30.2 56.0 2 -1 0 -1
0 1 0 30.2 56.0 2 -1 0 -1
0 1 0 30.2 56.0 2 -1 0 -1
0 1 0 30.2 56.0 2 -1 0 -1
0 1 0 30.3 56.0 2 -1 0 -1
0 1 0 30.2 56.0 2 -1 0 -1
0 1 0 30.2 56.0 2 -1 0 -1
0 1 0 30.3 56.0 2 -1 0 -1
0 1 0 30.3 56.0 2 -1 0 -1
0 1 0 30.3 56.0 2 -1 0 -1
0 1 0 30.3 56.0 2 -1 0 -1
0 1 0 30.2 56.0 2 -1 0 -1
0 1 0 30.2 56.0 2 -1 0 -1
0 1 0 30.2 56.0 2 -1 0 -1
0 1 0 30.3 56.0 2 -1 0 -1
0 1 0 30.3 56.0 2 -1 0 -1
0 1 0 30.2 56.0 2 -1 0 -1
0 1 0 30.3 56.0 2 -1 0 -1
0 1 0 30.3 56.0 2 -1 0 -1
0 1 0 30.3 56.0 2 -1 0 -1
0 1 0 30.3 56.0 2 -1 0 -1
0 1 0 30.3 56.0 2 -1 0 -1
0 1 0 30.3 56.0 2 -1 0 -1
0 1 0 30.3 56.0 2 -1 0 -1
0 1 0 30.3 56.0 2 -1 0 -1
0 1 0 30.4 56.0 2 -1 0 -1
0 1 0 30.3 56.0 2 -1 0 -1
0 1 0 30.3 56.0 2 -1 0 -1
0 1 0 30.3 56.0 2 -1 0 -1
0 1 0 30.3 56.0 2 -1 0 -1
0 1 0 30.3 56.0 2 -1 0 -1
0 1 0 30.3 56.0 2 -1 0 -1
0 1 0 30.4 56.0 2 -1 0 -1
0 1 0 30.3 56.0 2 -1 0 -1
0 1 0 30.3 56.0 2 -1 0 -1
0 1 0 30.3 56.0 2 -1 0 -1
0 1 0 30.3 56.0 2 -1 0 -1
0 1 0 30.3 56.0 2 -1 0 -1
0 1 0 30.3 56.0 2 -1 0 -1
0 1 0 30.4 56.0 2 -1 0 -1
0 1 0 30.3 56.0 2 -1 0 -1
0 1 0 30.3 56.0 2 -1 0 -1
0 1 0 30.4 56.0 2 -1 0 -1
0 1 0 30.4 56.0 2 -1 0 -1
0 1 0 30.4 56.0 2 -1 0 -1
0 1 0 30.4 56.0 2 -1 0 -1
0 1 0 30.3 56.0 2 -1 0 -1
0 1 0 30.4 56.0 2 -1 0 -1
0 1 0 30.4 56.5 2 -1 0 -1
0 1 0 30.4 56.5 2 -1 0 -1
0 1 0 30.4 56.0 2 -1 0 -1
0 1 0 30.4 56.0 2 -1 0 -1
0 1 0 30.4 56.5 2 -1 0 -1
0 1 0 30.4 56.5 2 -1 0 -1
0 1 0 30.5 56.5 2 -1 0 -1
0 1 0 30.4 56.5 2 -1 0 -1
0 1 0 30.4 56.5 2 -1 0 -1
0 1 0 30.4 56.5 2 -1 0 -1
0 1 0 30.4 56.5 2 -1 0 -1
0 1 0 30.4 56.5 2 -1 0 -1
0 1 0 30.5 56.5 2 -1 0 -1
0 1 0 30.4 56.5 2 -1 0 -1
0 1 0 30.4 56.5 2 -1 0 -1
0 1 0 30.5 56.5 2 -1 0 -1
0 1 0 30.4 56.5 1 -1 0 -1
0 1 0 30.5 56.5 1 -1 0 -1
0 1 0 30.4 56.5 1 -1 0 -1
0 1 0 30.5 56.5 1 -1 0 -1
0 1 0 30.5 56.5 1 -1 0 -1
0 1 0 30.5 56.5 1 -1 0 -1
0 1 0 30.4 56.5 1 -1 0 -1
0 1 0 30.5 56.5 1 -1 0 -1
0 1 0 30.5 56.5 1 -1 0 -1
0 1 0 30.5 56.5 1 -1 0 -1
0 1 0 30.5 56.5 1 -1 0 -1
0 1 0 30.5 56.5 1 -1 0 -1
0 1 0 30.5 56.5 1 -1 0 -1
0 1 0 30.5 56.5 1 -1 0 -1
0 1 0 30.5 56.5 1 -1 0 -1
0 1 0 30.4 56.5 1 -1 0 -1
0 1 0 30.5 56.5 1 -1 0 -1
0 1 0 30.5 56.5 1 -1 0 -1
0 1 0 30.5 56.5 1 -1 0 -1
0 1 0 30.5 56.5 1 -1 0 -1
0 1 0 30.5 56.5 0 -1 0 -1
0 1 0 30.5 56.5 0 -1 0 -1
0 1 0 30.5 56.5 0 -1 0 -1
0 1 0 30.6 56.5 0 -1 0 -1
0 1 0 30.5 56.5 2 -1 0 -1
0 1 0 30.5 56.5 2 -1 0 -1
0 1 0 30.5 56.5 2 -1 0 -1
0 1 0 30.6 56.5 3 -1 0 -1
0 1 0 30.5 56.5 1 -1 0 -1
0 1 0 30.5 56.5 1 -1 0 -1
0 1 0 30.5 56.5 1 -1 0 -1
0 1 0 30.5 56.5 2 -1 0 -1
0 1 0 30.6 56.5 2 -1 0 -1
0 1 0 30.5 56.5 2 -1 0 -1
0 1 0 30.5 56.5 4 -1 0 -1
0 1 0 30.5 56.5 1 -1 0 -1
0 1 0 30.5 56.5 1 -1 0 -1
0 1 0 30.5 56.5 2 -1 0 -1
0 1 0 30.5 56.5 2 -1 0 -1
0 1 0 30.6 56.5 4 -1 0 -1
0 1 0 30.5 56.5 4 -1 0 -1
0 1 0 30.6 56.5 4 -1 0 -1
0 1 0 30.5 56.5 3 -1 0 -1
0 1 0 30.6 56.5 3 -1 0 -1
0 1 0 30.6 56.5 5 -1 0 -1
0 1 0 30.6 56.5 5 -1 0 -1
0 1 0 30.6 56.5 7 -1 0 -1
0 1 0 30.6 56.5 7 -1 0 -1
0 1 0 30.5 56.5 5 -1 0 -1
0 1 0 30.6 56.5 5 -1 0 -1
0 1 0 30.6 56.5 7 -1 0 -1
0 1 0 30.6 56.5 7 -1 0 -1
0 1 0 30.6 56.5 9 -1 0 -1
0 1 0 30.6 56.5 7 -1 0 -1
0 1 0 30.6 56.5 9 -1 0 -1
0 1 0 30.6 56.5 11 -1 0 -1
0 1 0 30.6 56.5 10 -1 0 -1
0 1 0 30.6 56.5 12 -1 0 -1
0 1 0 30.6 56.5 10 -1 0 -1
0 1 0 30.6 56.5 12 -1 0 -1
0 1 0 30.6 56.5 14 -1 0 -1
0 1 0 30.6 56.5 14 -1 0 -1
0 1 0 30.6 56.5 12 -1 0 -1
0 1 0 30.6 56.5 14 -1 0 -1
0 1 0 30.7 56.5 16 -1 0 -1
0 1 0 30.6 56.5 16 -1 0 -1
0 1 0 30.6 56.5 16 -1 0 -1
0 1 0 30.6 56.5 18 -1 0 -1
0 1 0 30.6 56.5 15 -1 0 -1
0 1 0 30.7 56.5 15 -1 0 -1
0 1 0 30.7 56.5 17 -1 0 -1
0 1 0 30.6 56.5 15 -1 0 -1
0 1 0 30.7 56.5 15 -1 0 -1
0 1 0 30.7 56.5 15 -1 0 -1
0 1 0 30.7 56.5 15 -1 0 -1
0 1 0 30.7 56.5 17 -1 0 -1
0 1 0 30.7 56.5 17 -1 0 -1
0 1 0 30.7 56.5 19 -1 0 -1
0 1 0 30.7 56.5 19 -1 0 -1
0 1 0 30.7 56.5 17 -1 0 -1
0 1 0 30.7 56.5 19 -1 0 -1
0 1 0 30.7 56.5 21 -1 0 -1
0 1 0 30.7 56.5 19 -1 0 -1
0 1 0 30.7 56.5 23 -1 0 -1
0 1 0 30.7 56.5 21 -1 0 -1
0 1 0 30.7 56.5 24 -1 0 -1
0 1 0 30.7 56.5 24 -1 0 -1
0 1 0 30.7 56.5 26 -1 0 -1
0 1 0 30.7 56.5 24 -1 0 -1
0 1 0 30.7 56.5 26 -1 0 -1
0 1 0 30.7 56.5 26 -1 0 -1
0 1 0 30.8 56.5 28 -1 0 -1
0 1 0 30.8 56.5 26 -1 0 -1
0 1 0 30.8 56.5 28 -1 0 -1
0 1 0 30.8 56.5 28 -1 0 -1
0 1 0 30.8 56.5 28 -1 0 -1
0 1 0 30.8 56.5 28 -1 0 -1
0 1 0 30.7 56.5 28 -1 0 -1
0 1 0 30.8 56.5 30 -1 0 -1
0 1 0 30.8 56.5 31 -1 0 -1
0 1 0 30.8 56.5 31 -1 0 -1
0 1 0 30.8 56.5 35 -1 0 -1
0 1 0 30.8 56.5 35 -1 0 -1
0 1 0 30.8 56.5 35 -1 0 -1
0 1 0 30.8 56.5 40 -1 0 -1
0 1 0 30.8 56.5 42 -1 0 -1
0 1 0 30.8 56.5 40 -1 0 -1
0 1 0 30.9 56.5 42 -1 0 -1
0 1 0 30.8 56.5 44 -1 0 -1
0 1 0 30.9 56.5 44 -1 0 -1
0 1 0 30.9 56.5 44 -1 0 -1
0 1 0 30.9 56.5 47 -1 0 -1
0 1 0 30.8 56.5 47 -1 0 -1
0 1 0 30.8 56.5 47 -1 0 -1
0 1 0 30.9 56.5 49 -1 0 -1
0 1 0 30.9 56.5 51 -1 0 -1
0 1 0 30.9 56.5 49 -1 0 -1
0 1 0 30.9 56.5 53 -1 0 -1
0 1 0 30.9 56.5 53 -1 0 -1
0 1 0 30.9 56.5 52 -1 0 -1
0 1 0 30.9 56.5 54 -1 0 -1
0 1 0 31.0 56.5 56 -1 0 -1
0 1 0 30.9 56.5 56 -1 0 -1
0 1 0 30.9 56.5 54 -1 0 -1
0 1 0 31.0 56.5 53 -1 0 -1
0 1 0 30.9 56.5 54 -1 0 -1
0 1 0 30.9 56.5 56 -1 0 -1
0 1 0 30.9 56.5 56 -1 0 -1
0 1 0 31.0 56.5 58 -1 0 -1
0 1 0 30.9 56.5 56 -1 0 -1
0 1 0 31.0 56.5 54 -1 0 -1
0 1 0 31.0 56.5 56 -1 0 -1
0 1 0 31.0 56.5 56 -1 0 -1
0 1 0 31.0 56.5 58 -1 0 -1
0 1 0 30.9 56.5 58 -1 0 -1
0 1 0 31.0 56.5 60 -1 0 -1
0 1 0 31.0 56.5 60 -1 0 -1
0 1 0 31.1 56.5 63 -1 0 -1
0 1 0 31.0 56.5 63 -1 0 -1
0 1 0 31.0 56.5 60 -1 0 -1
0 1 0 31.0 56.5 60 -1 0 -1
0 1 0 31.0 56.5 63 -1 0 -1
0 1 0 31.0 56.5 63 -1 0 -1
0 1 0 31.0 56.5 60 -1 0 -1
0 1 0 30.9 56.0 60 -1 0 -1
0 1 0 31.0 56.0 58 -1 0 -1
0 1 0 31.0 56.0 60 -1 0 -1
0 1 0 31.0 56.0 60 -1 0 -1
0 1 0 31.0 56.0 60 -1 0 -1
0 1 0 31.0 56.0 58 -1 0 -1
0 1 0 31.0 55.5 58 -1 0 -1
0 1 0 31.0 55.5 58 -1 0 -1
0 1 0 31.0 55.5 56 -1 0 -1
0 1 0 30.9 55.5 58 -1 0 -1
0 1 0 31.1 55.5 58 -1 0 -1
0 1 0 31.0 55.5 58 -1 0 -1
0 1 0 31.0 55.0 60 -1 0 -1
0 1 0 31.0 55.0 60 -1 0 -1
0 1 0 31.0 55.0 60 -1 0 -1
0 1 0 31.0 55.0 60 -1 0 -1
0 1 0 31.0 55.0 58 -1 0 -1
0 1 0 31.1 55.0 58 -1 0 -1
0 1 0 31.1 55.0 58 -1 0 -1
0 1 0 31.0 55.0 58 -1 0 -1
0 1 0 31.0 55.0 58 -1 0 -1
0 1 0 31.0 55.0 60 -1 0 -1
0 1 0 31.0 54.5 60 -1 0 -1
0 1 0 31.0 55.0 58 -1 0 -1
0 1 0 31.0 54.5 56 -1 0 -1
0 1 0 31.0 54.5 60 -1 0 -1
0 1 0 31.0 54.5 58 -1 0 -1
0 1 0 31.0 54.5 58 -1 0 -1
0 1 0 31.0 54.5 58 -1 0 -1
0 1 0 31.1 54.5 58 -1 0 -1
0 1 0 31.1 54.5 56 -1 0 -1
0 1 0 31.0 54.5 56 -1 0 -1
0 1 0 31.0 54.5 54 -1 0 -1
0 1 0 31.1 54.5 53 -1 0 -1
0 1 0 31.0 54.5 53 -1 0 -1
0 1 0 31.0 54.5 53 -1 0 -1
0 1 0 31.0 54.5 53 -1 0 -1
0 1 0 31.1 54.5 51 -1 0 -1
0 1 0 31.1 54.5 53 -1 0 -1
0 1 0 31.1 54.5 51 -1 0 -1
0 1 0 31.1 54.5 51 -1 0 -1
0 1 0 31.1 54.5 49 -1 0 -1
0 1 0 31.1 54.0 49 -1 0 -1
0 1 0 31.0 54.0 53 -1 0 -1
0 1 0 31.1 54.0 51 -1 0 -1
0 1 0 31.0 54.0 51 -1 0 -1
0 1 0 31.0 54.0 53 -1 0 -1
0 1 0 31.1 54.0 53 -1 0 -1
0 1 0 31.0 54.0 53 -1 0 -1
0 1 0 31.0 54.0 56 -1 0 -1
0 1 0 31.0 54.0 56 -1 0 -1
0 1 0 31.1 54.0 53 -1 0 -1
0 1 0 31.0 54.0 51 -1 0 -1
0 1 0 31.0 54.0 49 -1 0 -1
0 1 0 31.1 54.0 51 -1 0 -1
0 1 0 31.0 54.0 51 -1 0 -1
0 1 0 31.1 54.0 51 -1 0 -1
0 1 0 31.1 54.0 51 -1 0 -1
0 1 0 31.0 54.0 51 -1 0 -1
0 1 0 31.0 54.0 49 -1 0 -1
0 1 0 31.1 54.0 49 -1 0 -1
0 1 0 31.0 54.0 49 -1 0 -1
0 1 0 31.0 54.0 47 -1 0 -1
0 1 0 31.1 54.0 51 -1 0 -1
0 1 0 31.0 54.0 51 -1 0 -1
0 1 0 31.1 54.0 47 -1 0 -1
0 1 0 31.1 54.0 49 -1 0 -1
0 1 0 31.1 54.0 49 -1 0 -1
0 1 0 31.1 54.0 49 -1 0 -1
0 1 0 31.1 54.0 49 -1 0 -1
0 1 0 31.1 54.0 49 -1 0 -1
0 1 0 31.1 54.0 47 -1 0 -1
0 1 0 31.1 54.0 47 -1 0 -1
0 1 0 31.0 54.0 47 -1 0 -1
0 1 0 31.1 54.0 47 -1 0 -1
0 1 0 31.1 54.0 45 -1 0 -1
0 1 0 31.1 54.0 45 -1 0 -1
0 1 0 31.0 54.0 45 -1 0 -1
0 1 0 31.0 54.0 45 -1 0 -1
0 1 0 31.1 54.0 49 -1 0 -1
0 1 0 31.2 54.0 49 -1 0 -1
0 1 0 31.1 54.0 47 -1 0 -1
0 1 1 31.1 54.5 45 -1 0 -1
0 1 0 31.1 54.5 47 -1 0 -1
0 1 0 31.2 54.5 47 -1 0 -1
0 1 0 31.1 54.5 47 -1 0 -1
0 1 0 31.1 54.5 42 -1 0 -1
0 1 0 31.1 54.5 44 -1 0 -1
0 1 0 31.1 54.5 42 -1 0 -1
0 1 0 31.1 54.5 42 -1 0 -1
0 1 0 31.2 54.5 42 -1 0 -1
0 1 0 31.2 55.0 44 -1 0 -1
0 1 0 31.2 55.0 42 -1 0 -1
0 1 0 31.2 55.0 40 -1 0 -1
0 1 0 31.1 55.0 40 -1 0 -1
0 1 0 31.2 55.0 42 -1 0 -1
0 1 0 31.2 55.0 40 -1 0 -1
0 1 0 31.2 55.0 40 -1 0 -1
0 1 0 31.2 55.0 38 -1 0 -1
0 1 0 31.2 55.0 40 -1 0 -1
0 1 0 31.2 55.0 40 -1 0 -1
0 1 0 31.2 55.0 38 -1 0 -1
0 1 0 31.2 54.5 38 -1 0 -1
0 1 0 31.2 54.5 38 -1 0 -1
0 1 0 31.2 54.5 40 -1 0 -1
0 1 0 31.2 54.5 40 -1 0 -1
0 1 0 31.2 54.5 37 -1 0 -1
0 1 0 31.2 54.5 37 -1 0 -1
0 1 0 31.1 54.5 37 -1 0 -1
0 1 0 31.1 54.5 37 -1 0 -1
0 1 0 31.2 54.5 37 -1 0 -1
0 1 0 31.1 54.5 37 -1 0 -1
0 1 0 31.1 54.5 37 -1 0 -1
0 1 0 31.1 54.5 35 -1 0 -1
0 1 0 31.1 54.5 35 -1 0 -1
0 1 0 31.1 54.5 33 -1 0 -1
0 1 0 31.2 54.5 33 -1 0 -1
0 1 0 31.2 54.5 33 -1 0 -1
0 1 0 31.1 54.5 35 -1 0 -1
0 1 0 31.1 54.5 33 -1 0 -1
0 1 0 31.1 54.5 33 -1 0 -1
0 1 0 31.1 54.5 33 -1 0 -1
0 1 0 31.2 54.5 31 -1 0 -1
0 1 0 31.2 54.5 33 -1 0 -1
0 1 0 31.2 54.5 33 -1 0 -1
0 1 0 31.2 54.5 35 -1 0 -1
0 1 0 31.2 55.0 33 -1 0 -1
0 1 0 31.1 54.5 33 -1 0 -1
0 1 0 31.2 55.0 33 -1 0 -1
0 1 0 31.2 55.0 33 -1 0 -1
0 1 0 31.2 55.0 33 -1 0 -1
0 1 0 31.2 55.0 33 -1 0 -1
0 1 0 31.1 55.0 31 -1 0 -1
0 1 0 31.2 55.0 31 -1 0 -1
0 1 0 31.2 55.0 31 -1 0 -1
0 1 0 31.2 55.0 31 -1 0 -1
0 1 0 31.2 55.0 31 -1 0 -1
0 1 0 31.2 55.0 31 -1 0 -1
0 1 0 31.2 55.0 29 -1 0 -1
0 1 0 31.1 55.0 33 -1 0 -1
0 1 0 31.1 55.0 31 -1 0 -1
0 1 0 31.2 55.0 31 -1 0 -1
0 1 0 31.2 55.0 31 -1 0 -1
0 1 0 31.2 55.0 31 -1 0 -1
0 1 0 31.2 55.0 31 -1 0 -1
0 1 0 31.2 55.0 31 -1 0 -1
0 1 0 31.1 55.0 28 -1 0 -1
0 1 0 31.1 55.0 28 -1 0 -1
0 1 0 31.1 55.0 28 -1 0 -1
0 1 0 31.2 55.0 28 -1 0 -1
0 1 0 31.2 55.0 28 -1 0 -1
0 1 0 31.1 55.0 31 -1 0 -1
0 1 0 31.1 55.0 31 -1 0 -1
0 1 0 31.1 55.0 31 -1 0 -1
0 1 0 31.1 55.0 31 -1 0 -1
0 1 0 31.1 55.0 26 -1 0 -1
0 1 0 31.1 54.5 26 -1 0 -1
0 1 0 31.2 54.5 28 -1 0 -1
0 1 0 31.1 54.5 28 -1 0 -1
0 1 0 31.1 54.5 26 -1 0 -1
0 1 0 31.1 54.5 28 -1 0 -1
0 1 0 31.1 54.5 23 -1 0 -1
0 1 0 31.2 54.5 26 -1 0 -1
0 1 0 31.1 54.5 28 -1 0 -1
0 1 0 31.1 54.5 28 -1 0 -1
0 1 0 31.1 54.5 28 -1 0 -1
0 1 0 31.0 54.5 26 -1 0 -1
0 1 0 31.1 54.5 26 -1 0 -1
0 1 0 31.1 54.5 24 -1 0 -1
0 1 0 31.1 54.5 26 -1 0 -1
0 1 0 31.1 54.5 16 -1 0 -1
0 1 0 31.1 54.5 23 -1 0 -1
0 1 0 31.1 54.5 24 -1 0 -1
0 1 0 31.0 54.5 24 -1 0 -1
0 1 0 31.0 54.5 24 -1 0 -1
0 1 0 31.0 54.5 22 -1 0 -1
0 1 0 31.0 54.5 24 -1 0 -1
0 1 0 31.0 54.5 22 -1 0 -1
0 1 0 30.9 54.5 24 -1 0 -1
0 1 0 31.0 54.0 26 -1 0 -1
0 1 0 31.0 54.0 26 -1 0 -1
0 1 0 31.0 54.5 26 -1 0 -1
0 1 0 31.0 54.0 24 -1 0 -1
0 1 0 31.0 54.0 24 -1 0 -1
0 1 0 30.9 54.0 24 -1 0 -1
0 1 0 31.0 54.0 22 -1 0 -1
0 1 0 31.0 54.0 22 -1 0 -1
0 1 0 30.9 54.0 26 -1 0 -1
0 1 0 30.9 54.0 26 -1 0 -1
0 1 0 30.9 54.0 24 -1 0 -1
0 1 0 31.0 54.0 24 -1 0 -1
0 1 0 30.9 54.0 22 -1 0 -1
0 1 0 30.9 54.0 22 -1 0 -1
0 1 0 30.9 54.0 24 -1 0 -1
0 1 0 30.9 54.0 21 -1 0 -1
0 1 0 31.0 54.0 24 -1 0 -1
0 1 0 30.9 54.0 24 -1 0 -1
0 1 0 31.0 54.0 20 -1 0 -1
0 1 0 30.9 54.0 20 -1 0 -1
0 1 0 30.9 54.0 20 -1 0 -1
0 1 0 30.8 54.0 24 -1 0 -1
0 1 0 30.9 54.0 22 -1 0 -1
0 1 0 30.9 54.0 24 -1 0 -1
0 1 0 30.9 54.0 21 -1 0 -1
0 1 0 30.9 54.0 21 -1 0 -1
0 1 0 30.9 54.0 21 -1 0 -1
0 1 0 30.8 54.0 19 -1 0 -1
0 1 0 30.8 54.0 19 -1 0 -1
0 1 0 30.9 54.0 19 -1 0 -1
0 1 0 30.9 54.0 23 -1 0 -1
0 1 0 30.9 54.0 21 -1 0 -1
0 1 0 30.9 54.0 17 -1 0 -1
0 1 0 30.9 54.0 17 -1 0 -1
0 1 0 30.8 54.0 19 -1 0 -1
0 1 0 30.8 54.0 17 -1 0 -1
0 1 0 30.8 54.0 21 -1 0 -1
0 1 0 30.8 54.0 19 -1 0 -1
0 1 0 30.9 54.0 19 -1 0 -1
0 1 0 30.9 54.0 21 -1 0 -1
0 1 0 30.8 54.0 21 -1 0 -1
0 1 0 30.9 54.0 21 -1 0 -1
0 1 0 30.8 54.0 21 -1 0 -1
0 1 0 30.8 54.0 21 -1 0 -1
0 1 0 30.9 54.0 17 -1 0 -1
0 1 0 30.7 54.0 19 -1 0 -1
0 1 0 30.8 54.0 19 -1 0 -1
0 1 0 30.8 54.0 19 -1 0 -1
0 1 0 30.8 54.0 19 -1 0 -1
0 1 0 30.8 54.0 19 -1 0 -1
0 1 0 30.8 54.0 19 -1 0 -1
0 1 0 30.8 54.0 19 -1 0 -1
0 1 0 30.8 54.0 19 -1 0 -1
0 1 0 30.8 54.0 19 -1 0 -1
0 1 0 30.8 54.0 17 -1 0 -1
0 1 0 30.8 54.0 19 -1 0 -1
0 1 0 30.8 54.0 17 -1 0 -1
0 1 0 30.8 54.0 17 -1 0 -1
0 1 0 30.8 54.0 19 -1 0 -1
0 1 0 30.8 54.0 19 -1 0 -1
0 1 0 30.8 54.0 19 -1 0 -1
0 1 0 30.8 54.0 19 -1 0 -1
0 1 0 30.8 54.0 15 -1 0 -1
0 1 0 30.8 54.0 17 -1 0 -1
0 1 0 30.8 54.0 17 -1 0 -1
0 1 0 30.8 54.0 16 -1 0 -1
0 1 0 30.8 54.5 17 -1 0 -1
0 1 0 30.9 54.5 18 -1 0 -1
0 1 0 30.8 54.0 19 -1 0 -1
0 1 0 30.8 54.5 19 -1 0 -1
0 1 0 30.8 54.5 19 -1 0 -1
0 1 0 30.8 54.5 17 -1 0 -1
0 1 0 30.8 54.5 19 -1 0 -1
0 1 0 30.8 54.5 17 -1 0 -1
0 1 0 30.8 54.5 19 -1 0 -1
0 1 0 30.8 54.5 17 -1 0 -1
0 1 0 30.8 54.5 15 -1 0 -1
0 1 0 30.8 54.5 19 -1 0 -1
0 1 0 30.8 54.5 17 -1 0 -1
0 1 0 30.8 54.5 17 -1 0 -1
0 1 0 30.7 54.5 17 -1 0 -1
0 1 0 30.8 54.5 19 -1 0 -1
0 1 0 30.8 54.5 18 -1 0 -1
0 1 0 30.8 54.5 15 -1 0 -1
0 1 0 30.8 54.5 19 -1 0 -1
0 1 0 30.7 54.5 17 -1 0 -1
0 1 0 30.7 54.0 15 -1 0 -1
0 1 0 30.7 54.5 19 -1 0 -1
0 1 0 30.7 54.0 17 -1 0 -1
0 1 0 30.8 54.0 17 -1 0 -1
0 1 0 30.7 54.0 17 -1 0 -1
0 1 0 30.8 54.0 16 -1 0 -1
0 1 0 30.8 54.0 14 -1 0 -1
0 1 0 30.8 54.0 16 -1 0 -1
0 1 0 30.7 54.0 17 -1 0 -1
0 1 0 30.7 54.0 17 -1 0 -1
0 1 0 30.8 54.0 17 -1 0 -1
0 1 0 30.7 54.0 17 -1 0 -1
0 1 0 30.7 54.0 15 -1 0 -1
0 1 0 30.7 54.0 14 -1 0 -1
0 1 0 30.7 54.0 14 -1 0 -1
0 1 0 30.7 54.0 19 -1 0 -1
0 1 0 30.7 54.0 17 -1 0 -1
0 1 0 30.7 54.0 18 -1 0 -1
0 1 0 30.7 54.0 15 -1 0 -1
0 1 0 30.8 54.0 14 -1 0 -1
0 1 0 30.7 54.0 15 -1 0 -1
0 1 0 30.7 54.0 17 -1 0 -1
0 1 0 30.7 54.0 18 -1 0 -1
0 1 0 30.7 54.0 19 -1 0 -1
0 1 0 30.7 54.0 17 -1 0 -1
0 1 0 30.7 54.0 17 -1 0 -1
0 1 0 30.7 54.0 17 -1 0 -1
0 1 0 30.7 54.0 19 -1 0 -1
0 1 0 30.8 54.0 17 -1 0 -1
0 1 0 30.6 54.0 15 -1 0 -1
0 1 0 30.7 54.0 13 -1 0 -1
0 1 0 30.7 54.0 16 -1 0 -1
0 1 0 30.7 54.0 17 -1 0 -1
0 1 0 30.7 54.0 12 -1 0 -1
0 1 0 30.7 54.0 14 -1 0 -1
0 1 0 30.7 54.0 14 -1 0 -1
0 1 0 30.7 54.0 14 -1 0 -1
0 1 0 30.8 54.0 15 -1 0 -1
0 1 0 30.7 54.0 17 -1 0 -1
0 1 0 30.7 54.0 17 -1 0 -1
0 1 0 30.8 54.0 18 -1 0 -1
0 1 0 30.8 54.0 18 -1 0 -1
0 1 0 30.7 54.0 19 -1 0 -1
0 1 0 30.7 54.0 19 -1 0 -1
0 1 0 30.7 54.0 19 c26 0 -1
0 1 20 30.7 54.0 15 c26 0 91
0 1 0 30.8 54.0 13 c26 0 91
0 1 0 30.7 53.5 15 c26 0 91
0 1 0 30.6 53.0 17 c26 0 91
0 1 0 30.5 53.0 15 c26 0 91
0 1 0 30.4 53.0 17 c26 0 91
0 1 0 30.4 53.5 12 c26 0 91
0 1 0 30.3 53.0 0 c26 0 5
0 1 0 30.3 52.5 0 c26 0 5
0 1 0 30.2 52.5 0 c26 0 5
0 1 0 30.1 52.0 0 c26 0 5
0 1 0 30.0 51.5 0 c26 0 5
0 1 0 29.9 51.5 0 c26 0 5
0 1 0 29.8 51.0 0 c26 0 5
0 1 0 29.7 50.5 0 c26 0 5
0 1 0 29.6 50.0 0 c26 0 5
0 1 0 29.5 50.0 0 c26 0 5
0 1 0 29.5 50.0 0 c26 0 5
0 1 0 29.4 49.5 0 c26 0 5
0 1 0 29.3 49.5 0 c26 0 5
0 1 0 29.3 49.5 0 c26 0 5
0 1 0 29.2 49.5 0 c26 0 5
0 1 0 29.1 49.0 0 c26 0 5
0 1 0 29.1 49.0 0 c26 0 5
0 1 0 29.0 49.0 0 c26 0 5
0 1 0 28.9 49.0 0 c26 0 5
0 1 0 28.9 49.0 0 c26 0 5
0 1 0 28.9 49.0 0 c26 0 5
0 1 0 28.9 48.5 0 c26 0 5
0 1 0 28.8 48.5 0 c26 0 5
0 1 0 28.8 48.5 0 c26 0 5
0 1 0 28.7 48.5 0 c26 0 5
0 1 0 28.7 48.5 0 c26 0 5
0 1 0 28.6 48.5 0 c26 0 5
0 1 0 28.6 48.5 0 c26 0 5
0 1 0 28.6 48.5 0 c26 0 5
0 1 0 28.6 49.0 0 c26 0 5
0 1 0 28.6 49.0 0 c26 0 5
0 1 0 28.5 49.0 0 c26 0 5
0 1 0 28.4 48.5 0 c26 0 5
0 1 0 28.4 48.5 0 c26 0 5
0 1 0 28.3 49.0 0 c26 0 5
0 1 0 28.4 48.5 0 c26 0 5
0 1 0 28.3 49.0 0 c26 0 5
0 1 0 28.3 49.0 0 c26 0 5
0 1 0 28.2 48.5 0 c26 0 5
0 1 0 28.2 48.5 0 c26 0 5
0 1 0 28.2 48.5 0 c26 0 5
0 1 0 28.2 48.5 0 c26 0 5
0 1 0 28.1 48.5 0 c26 0 5
0 1 0 28.2 48.5 0 c26 0 5
0 1 0 28.1 48.5 0 c26 0 5
0 1 0 28.1 48.5 0 c26 0 5
0 1 0 28.1 48.5 0 c26 0 5
0 1 0 28.0 49.0 0 c26 0 5
0 1 0 28.0 48.5 0 c26 0 5
0 1 0 28.0 48.5 0 c26 0 5
0 1 0 27.9 48.5 0 c26 0 5
0 1 0 27.9 48.5 0 c26 0 5
0 1 0 27.9 48.5 0 c26 0 5
0 1 0 27.8 48.5 0 c26 0 5
0 1 0 27.8 49.0 0 c26 0 5
0 1 0 27.8 49.0 0 c26 0 5
0 1 0 27.8 49.0 0 c26 0 5
0 1 0 27.7 49.0 0 c26 0 5
0 1 0 27.7 49.0 0 c26 0 5
0 1 0 27.7 49.0 0 c26 0 5
0 1 0 27.7 49.0 0 c26 0 5
0 1 0 27.8 49.0 0 c26 0 5
0 1 0 27.7 49.5 0 c26 0 5
0 1 0 27.7 49.5 0 c26 0 5
0 1 0 27.6 49.5 0 c26 0 5
0 1 0 27.7 49.5 0 c26 0 5
0 1 0 27.6 49.5 0 c26 0 5
0 1 0 27.6 49.5 0 c26 0 5
0 1 0 27.6 49.5 0 c26 0 5
0 1 0 27.5 49.5 0 c26 0 5
0 1 0 27.6 49.5 0 c26 0 5
0 1 0 27.5 49.5 0 c26 0 5
0 1 0 27.5 49.5 0 c26 0 5
0 1 0 27.5 49.5 0 c26 0 5
0 1 0 27.5 49.5 0 c26 0 5
0 1 0 27.4 49.5 0 c26 0 5
0 1 0 27.4 49.5 0 c26 0 5
0 1 0 27.5 49.5 0 c26 0 5
0 1 0 27.4 49.5 0 c26 0 5
0 1 0 27.4 49.5 0 c26 0 5
0 1 1 27.4 49.5 5 c26 0 82
0 1 4 27.4 49.5 10 c26 0 82
0 1 7 27.4 50.0 13 c26 0 82
0 1 0 27.4 50.0 10 c26 0 82
0 1 6 27.4 50.0 12 c26 0 82
0 1 0 27.4 50.0 14 c26 0 82
0 1 0 27.3 50.0 12 c26 0 82
0 1 0 27.3 50.0 12 c26 0 82
0 1 0 27.3 50.0 12 c26 0 82
0 1 0 27.3 50.0 12 c26 0 82
0 1 0 27.3 50.0 11 c26 0 82
0 1 0 27.3 50.0 12 c26 0 82
0 1 0 27.3 50.0 12 c26 0 82
0 1 0 27.3 50.5 15 c26 0 82
0 1 0 27.3 51.5 15 c26 0 82
0 1 0 27.3 51.5 14 c26 0 82
0 1 0 27.4 52.0 12 c26 0 82
0 1 0 27.4 52.5 15 c26 0 82
0 1 5 27.4 52.5 11 c26 0 82
0 1 0 27.4 53.0 11 c26 0 82
0 1 0 27.4 53.0 11 c26 0 82
0 1 0 27.4 53.0 13 c26 0 82
0 1 0 27.5 53.5 11 c26 0 82
0 1 0 27.4 53.0 11 c26 0 82
0 1 9 27.4 53.0 24 c26 2 82
0 1 0 27.5 53.0 24 c26 2 82
0 1 0 27.5 53.0 24 c26 2 82
0 1 0 27.5 53.0 22 c26 2 82
0 1 0 27.4 52.5 24 c26 2 82
0 1 0 27.4 52.5 24 c26 2 82
0 1 0 27.4 52.5 24 c26 2 82
0 1 0 27.3 52.0 24 c26 2 82
0 1 0 27.3 52.0 24 c26 2 82
0 1 0 27.3 51.5 24 c26 2 82
0 1 0 27.3 51.5 24 c26 2 82
0 1 0 27.2 51.5 24 c26 2 82
0 1 0 27.2 51.5 22 c26 2 82
0 1 0 27.3 51.0 27 c26 2 82
0 1 0 27.2 51.0 27 c26 2 82
0 1 0 27.2 51.0 27 c26 2 82
0 1 0 27.2 51.0 25 c26 2 82
0 1 0 27.1 51.0 22 c26 2 82
0 1 0 27.1 51.0 22 c26 2 82
0 1 0 27.1 50.5 20 c26 2 82
0 1 0 27.1 51.0 20 c26 2 82
0 1 0 27.1 51.0 20 c26 2 82
0 1 0 27.1 51.0 22 c26 2 82
0 1 0 27.1 51.0 24 c26 2 82
0 1 0 27.1 51.0 22 c26 2 82
0 1 0 27.0 51.0 27 c26 2 82
0 1 0 27.0 51.0 24 c26 2 82
0 1 0 27.1 51.0 24 c26 2 82
0 1 0 27.0 51.0 25 c26 2 82
0 1 0 27.0 50.5 23 c26 2 82
0 1 0 27.0 50.5 23 c26 2 82
0 1 0 26.9 50.5 27 c26 2 82
0 1 0 26.9 50.5 27 c26 2 82
0 1 0 26.9 50.5 27 c26 2 82
0 1 0 26.9 50.5 27 c26 2 82
0 1 0 26.9 50.0 23 c26 2 82
0 1 0 26.9 50.0 25 c26 2 82
0 1 0 26.9 50.0 25 c26 2 82
0 1 0 26.8 50.0 25 c26 2 82
0 1 0 26.8 50.0 25 c26 2 82
0 1 0 26.8 50.0 25 c26 2 82
0 1 0 26.8 50.0 25 c26 2 82
0 1 0 26.8 50.0 27 c26 2 82
0 1 0 26.8 50.0 27 c26 2 82
0 1 0 26.8 49.5 29 c26 2 82
0 1 0 26.8 49.5 29 c26 2 82
0 1 0 26.7 49.5 27 c26 2 82
0 1 0 26.6 49.5 25 c26 2 82
0 1 0 26.7 49.5 24 c26 2 82
0 1 0 26.6 49.5 24 c26 2 82
0 1 0 26.6 49.5 22 c26 2 82
0 1 1 26.6 49.5 22 c26 2 82
0 1 1 26.6 49.5 22 c26 2 82
0 1 22 26.6 49.0 22 c26 2 82
0 1 0 26.6 49.0 24 c26 2 82
0 1 0 26.5 49.0 24 c26 2 82
0 1 0 26.5 49.0 24 c26 2 82
0 1 0 26.5 49.0 25 c26 2 82
0 1 0 26.4 49.0 25 c26 2 82
0 1 0 26.4 49.0 25 c26 2 82
0 1 10 26.4 49.0 25 c26 2 82
0 1 4 26.5 49.0 27 c26 2 82
0 1 0 26.4 49.0 27 c26 2 82
0 1 0 26.4 49.0 27 c26 2 82
0 1 0 26.4 49.0 27 c26 2 82
0 1 0 26.3 49.0 27 c26 2 82
0 1 0 26.3 49.0 25 c26 2 82
0 1 0 26.4 49.0 25 c26 2 82
0 1 0 26.3 48.5 27 c26 2 82
0 1 0 26.3 48.5 25 c26 2 82
0 1 0 26.3 48.5 25 c26 2 82
0 1 0 26.3 48.5 25 c26 2 82
0 1 0 26.3 49.0 25 c26 2 82
0 1 0 26.2 48.5 25 c26 2 82
0 1 0 26.2 48.5 25 c26 2 82
0 1 0 26.2 49.0 25 c26 2 82
0 1 0 26.2 49.0 25 c26 2 82
0 1 0 26.2 49.0 25 c26 2 82
0 1 0 26.2 48.5 25 c26 2 82
0 1 0 26.2 49.0 25 c26 2 82
0 1 0 26.2 48.5 25 c26 2 82
0 1 0 26.1 49.0 27 c26 2 82
0 1 0 26.1 48.5 23 c26 2 82
0 1 0 26.2 49.0 19 c26 2 82
0 1 0 26.2 49.0 19 c26 2 82
0 1 0 26.2 49.0 19 c26 2 82
0 1 0 26.1 49.0 19 c26 2 82
0 1 0 26.2 49.0 23 c26 2 82
0 1 0 26.2 49.0 21 c26 2 82
0 1 0 26.1 49.0 23 c26 2 82
0 1 0 26.1 49.0 26 c26 2 82
0 1 0 26.1 49.0 21 c26 2 82
0 1 0 26.1 49.0 21 c26 2 82
0 1 0 26.1 49.0 22 c26 2 82
0 1 0 26.1 49.0 24 c26 2 82
0 1 0 26.1 49.0 23 c26 2 82
0 1 0 26.1 49.0 25 c26 2 82
0 1 0 26.1 49.0 25 c26 2 82
0 1 0 26.0 49.0 24 c26 2 82
0 1 0 26.1 49.0 21 c26 2 82
0 1 0 26.1 49.0 21 c26 2 82
0 1 0 26.0 49.0 21 c26 2 82
0 1 0 26.0 49.0 22 c26 2 82
0 1 0 26.0 49.0 25 c26 2 82
0 1 0 26.0 49.0 25 c26 2 82
0 1 0 26.0 49.0 25 c26 2 82
0 1 0 26.0 49.0 25 c26 2 82
0 1 1 26.0 49.0 25 c26 2 82
0 1 0 26.0 48.5 25 c26 2 82
0 1 0 26.0 49.0 23 c26 2 82
0 1 0 26.0 48.5 24 c26 2 82
0 1 0 26.0 49.0 22 c26 2 82
0 1 0 25.9 48.5 21 c26 2 82
0 1 0 25.9 49.0 23 c26 2 82
0 1 0 25.9 48.5 28 c26 2 82
0 1 0 25.9 48.5 27 c26 2 82
0 1 0 25.9 48.5 27 c26 2 82
0 1 0 25.9 48.5 27 c26 2 82
0 1 0 25.9 48.5 27 c26 2 82
0 1 0 25.9 48.5 27 c26 2 82
0 1 0 25.9 48.5 27 c26 2 82
0 1 0 25.9 48.5 27 c26 2 82
0 1 0 25.9 48.5 27 c26 2 82
0 1 0 25.9 48.5 25 c26 2 82
0 1 0 25.9 48.5 25 c26 2 82
0 1 0 25.8 48.5 25 c26 2 82
0 1 0 25.8 48.5 25 c26 2 82
0 1 0 25.9 48.5 25 c26 2 82
0 1 0 25.8 48.5 25 c26 2 82
0 1 0 25.8 48.5 25 c26 2 82
0 1 0 25.8 48.5 25 c26 2 82
0 1 0 25.7 48.5 26 c26 2 82
0 1 0 25.7 48.5 25 c26 2 82
0 1 0 25.8 48.5 25 c26 2 82
0 1 0 25.7 48.5 25 c26 2 82
0 1 0 25.7 48.5 22 c26 2 82
0 1 0 25.7 48.5 22 c26 2 82
0 1 0 25.7 48.5 22 c26 2 82
0 1 0 25.6 48.5 22 c26 2 82
0 1 0 25.7 48.5 26 c26 2 82
0 1 0 25.7 48.5 26 c26 2 82
0 1 0 25.7 48.5 26 c26 2 82
0 1 0 25.7 48.0 26 c26 2 82
0 1 0 25.6 48.0 26 c26 2 82
0 1 0 25.6 48.0 26 c26 2 82
0 1 0 25.6 48.0 26 c26 2 82
0 1 2 25.6 48.0 26 c26 2 82
0 1 12 25.6 48.0 12 c26 0 82
0 1 0 25.5 47.5 12 c26 0 82
0 1 0 25.5 48.0 12 c26 0 82
0 1 0 25.5 47.5 12 c26 0 82
0 1 0 25.5 47.5 10 c26 0 82
0 1 0 25.5 47.5 10 c26 0 82
0 1 0 25.5 47.5 10 c26 0 82
0 1 0 25.4 47.5 10 c26 0 82
0 1 0 25.4 47.5 10 c26 0 82
0 1 0 25.4 47.5 10 c26 0 82
0 1 0 25.4 47.0 13 c26 0 82
0 1 0 25.4 47.0 11 c26 0 82
0 1 0 25.4 47.0 11 c26 0 82
0 1 0 25.3 47.0 11 c26 0 82
0 1 0 25.4 47.0 11 c26 0 82
0 1 0 25.3 47.0 11 c26 0 82
0 1 0 25.3 47.0 11 c26 0 82
0 1 0 25.3 47.0 11 c26 0 82
0 1 0 25.2 47.0 11 c26 0 82
0 1 0 25.3 47.0 11 c26 0 82
0 1 0 25.3 47.0 11 c26 0 82
0 1 0 25.3 47.0 9 c26 0 82
0 1 0 25.2 47.0 9 c26 0 82
0 1 0 25.2 47.0 9 c26 0 82
0 1 0 25.2 47.0 9 c26 0 82
0 1 0 25.2 47.0 9 c26 0 82
0 1 0 25.2 47.0 9 c26 0 82
0 1 0 25.3 47.0 9 c26 0 82
0 1 0 25.2 47.0 9 c26 0 82
0 1 0 25.2 47.0 7 c26 0 82
0 1 0 25.1 47.0 7 c26 0 82
0 1 0 25.1 47.0 7 c26 0 82
0 1 0 25.1 47.0 7 c26 0 82
0 1 0 25.1 47.0 11 c26 0 82
0 1 0 25.1 47.0 11 c26 0 82
0 1 0 25.1 47.0 11 c26 0 82
0 1 0 25.1 47.0 11 c26 0 82
0 1 0 25.1 47.0 11 c26 0 82
0 1 0 25.1 47.0 11 c26 0 82
0 1 0 25.1 47.0 9 c26 0 82
0 1 0 25.1 47.0 9 c26 0 82
0 1 0 25.0 47.0 9 c26 0 82
0 1 0 25.0 47.0 9 c26 0 82
0 1 0 25.0 47.0 9 c26 0 82
0 1 0 25.1 47.0 9 c26 0 82
0 1 0 25.0 47.0 9 c26 0 82
0 1 0 25.0 47.0 9 c26 0 82
0 1 0 25.0 47.0 7 c26 0 82
0 1 0 24.9 47.0 7 c26 0 82
0 1 0 24.9 47.0 7 c26 0 82
0 1 0 25.0 47.0 7 c26 0 82
0 1 0 25.0 47.0 7 c26 0 82
0 1 0 24.9 47.0 7 c26 0 82
0 1 0 24.9 47.0 7 c26 0 82
0 1 0 24.9 47.0 7 c26 0 82
0 1 0 24.9 47.0 9 c26 0 82
0 1 0 24.9 47.0 9 c26 0 82
0 1 0 24.9 47.0 9 c26 0 82
0 1 0 24.9 47.0 9 c26 0 82
0 1 0 24.9 47.0 9 c26 0 82
0 1 0 24.9 47.0 7 c26 0 82
0 1 0 25.0 47.0 7 c26 0 82
0 1 0 24.9 47.0 7 c26 0 82
0 1 0 24.9 47.0 7 c26 0 82
0 1 0 24.8 47.0 5 c26 0 82
0 1 0 24.8 47.0 5 c26 0 82
0 1 0 24.8 47.0 5 c26 0 82
0 1 0 24.8 47.0 5 c26 0 82
0 1 0 24.8 47.0 5 c26 0 82
0 1 0 24.8 47.0 5 c26 0 82
0 1 0 24.8 47.0 5 c26 0 82
0 1 0 24.8 47.0 5 c26 0 82
0 1 0 24.7 47.0 6 c26 0 82
0 1 0 24.8 47.0 6 c26 0 82
0 1 1 24.8 47.0 6 c26 0 82
0 1 0 24.8 47.0 6 c26 0 82
0 1 0 24.7 47.0 6 c26 0 82
0 1 0 24.8 47.0 6 c26 0 82
0 1 0 24.8 47.0 4 c26 0 82
0 1 0 24.8 47.0 4 c26 0 82
0 1 0 24.7 47.0 4 c26 0 82
0 1 0 24.8 47.0 2 c26 0 82
0 1 0 24.8 47.0 2 c26 0 82
0 1 1 24.8 47.0 6 c26 0 82
0 1 0 24.7 47.0 4 c26 0 82
0 1 0 24.7 47.0 2 c26 0 82
0 1 0 24.7 47.0 2 c26 0 82
0 1 0 24.6 47.0 2 c26 0 82
0 1 0 24.7 47.0 2 c26 0 82
0 1 12 24.6 47.0 21 c26 3 82
0 1 1 24.7 47.0 21 c26 3 82
0 1 0 24.7 47.0 21 c26 3 82
0 1 0 24.7 47.0 21 c26 3 82
0 1 0 24.7 47.0 21 c26 3 82
0 1 0 24.6 47.0 19 c26 3 82
0 1 0 24.7 47.0 19 c26 3 82
0 1 0 24.7 47.0 19 c26 3 82
0 1 0 24.6 47.0 19 c26 3 82
0 1 0 24.7 47.0 23 c26 3 82
0 1 0 24.7 47.0 23 c26 3 82
0 1 0 24.6 47.0 23 c26 3 82
0 1 0 24.7 47.0 23 c26 3 82
0 1 0 24.5 46.5 23 c26 3 82
0 1 0 24.6 47.0 21 c26 3 82
0 1 0 24.6 46.5 21 c26 3 82
0 1 0 24.5 46.5 21 c26 3 82
0 1 0 24.6 46.5 21 c26 3 82
0 1 0 24.6 46.0 21 c26 3 82
0 1 0 24.5 46.5 21 c26 3 82
0 1 0 24.5 46.5 21 c26 3 82
0 1 0 24.5 46.5 21 c26 3 82
0 1 0 24.5 46.5 19 c26 3 82
0 1 0 24.5 46.5 19 c26 3 82
0 1 0 24.5 46.5 19 c26 3 82
0 1 1 24.6 46.5 19 c26 3 82
0 1 0 24.5 46.5 19 c26 3 82
0 1 0 24.6 46.5 19 c26 3 82
0 1 0 24.5 46.5 19 c26 3 82
0 1 0 24.5 46.5 19 c26 3 82
0 1 0 24.6 46.5 19 c26 3 82
0 1 0 24.5 46.5 19 c26 3 82
0 1 0 24.5 46.5 19 c26 3 82
0 1 0 24.5 46.5 19 c26 3 82
0 1 0 24.5 46.5 17 c26 3 82
0 1 0 24.5 46.5 17 c26 3 82
0 1 0 24.5 46.5 17 c26 3 82
0 1 0 24.4 46.5 17 c26 3 82
0 1 0 24.4 46.5 17 c26 3 82
0 1 0 24.4 46.5 17 c26 3 82
0 1 0 24.4 46.5 17 c26 3 82
0 1 0 24.4 46.5 17 c26 3 82
0 1 0 24.4 46.5 17 c26 3 82
0 1 0 24.4 46.5 17 c26 3 82
0 1 0 24.3 46.5 17 c26 3 82
0 1 0 24.4 46.0 17 c26 3 82
0 1 0 24.3 46.0 17 c26 3 82
0 1 0 24.3 46.0 17 c26 3 82
0 1 0 24.3 46.0 17 c26 3 82
0 1 0 24.4 46.0 17 c26 3 82
0 1 0 24.3 46.0 17 c26 3 82
0 1 5 24.3 46.0 17 c26 3 82
0 1 0 24.3 46.0 17 c26 3 82
0 1 0 24.3 46.0 17 c26 3 82
0 1 0 24.3 46.0 17 c26 3 82
0 1 0 24.3 46.0 17 c26 3 82
0 1 0 24.3 46.0 17 c26 3 82
0 1 0 24.2 46.0 17 c26 3 82
0 1 0 24.3 46.0 17 c26 3 82
0 1 0 24.3 46.0 17 c26 3 82
0 1 0 24.2 46.0 17 c26 3 82
0 1 0 24.3 46.0 17 c26 3 82
0 1 0 24.3 46.0 17 c26 3 82
0 1 0 24.3 46.0 17 c26 3 82
0 1 0 24.2 46.0 17 c26 3 82
0 1 10 24.3 46.0 17 -1 3 82
0 1 19 24.3 46.0 17 -1 3 82
0 1 0 24.3 46.5 17 -1 3 82
0 1 0 24.3 46.5 17 -1 3 82
0 1 0 24.5 46.5 17 -1 3 82
0 1 0 24.6 46.5 17 -1 3 82
0 1 0 24.7 46.5 17 -1 3 82
0 1 0 24.8 46.5 17 -1 3 82
0 1 0 24.9 46.5 17 -1 3 82
0 1 0 25.0 46.5 17 -1 3 82
0 1 0 25.1 46.5 17 -1 3 82
0 1 0 25.1 46.5 17 -1 3 82
0 1 0 25.2 47.0 17 -1 3 82
0 1 0 25.2 47.0 17 -1 3 82
0 1 0 25.3 47.0 17 -1 3 82
0 1 0 25.3 47.0 17 -1 3 82
0 1 0 25.4 47.0 17 -1 3 82
0 1 0 25.5 47.0 17 -1 3 82
0 1 0 25.6 47.5 17 -1 3 82
0 1 0 25.5 47.5 17 -1 3 82
0 1 0 25.6 47.5 17 -1 3 82
0 1 0 25.7 47.5 17 -1 3 82
0 1 0 25.8 47.5 17 -1 3 82
0 1 0 25.9 48.0 17 -1 3 82
0 1 0 25.9 47.5 17 -1 3 82
0 1 0 25.9 48.0 17 -1 3 82
0 1 0 25.9 48.0 17 -1 3 82
0 1 0 26.0 48.0 17 -1 3 82
0 1 0 26.0 48.0 17 -1 3 82
0 1 0 26.0 48.0 17 -1 3 82
0 1 0 26.1 48.0 17 -1 3 82
0 1 0 26.1 48.0 17 -1 3 82
0 1 0 26.1 48.5 17 -1 3 82
0 1 0 26.1 48.5 17 -1 3 82
0 1 0 26.2 48.5 17 -1 3 82
0 1 0 26.3 48.5 17 -1 3 82
0 1 0 26.2 48.5 17 -1 3 82
0 1 0 26.4 48.5 17 -1 3 82
0 1 0 26.4 48.5 17 -1 3 82
0 1 0 26.3 48.5 17 -1 3 82
0 1 0 26.4 48.5 17 -1 3 82
0 1 0 26.4 48.5 17 -1 3 82
0 1 0 26.5 48.5 17 -1 3 82
0 1 0 26.5 48.5 17 -1 3 82
0 1 0 26.6 48.5 17 -1 3 82
0 1 0 26.6 48.5 17 -1 3 82
0 1 0 26.5 48.5 17 -1 3 82
0 1 0 26.6 48.5 17 -1 3 82
0 1 0 26.6 48.5 17 -1 3 82
0 1 0 26.8 48.5 17 -1 3 82
0 1 0 26.7 48.5 17 -1 3 82
0 1 0 26.7 48.5 17 -1 3 82
0 1 0 26.8 48.5 17 -1 3 82
0 1 0 26.8 48.5 17 -1 3 82
0 1 0 26.8 48.5 17 -1 3 82
0 1 0 26.8 48.5 17 -1 3 82
0 1 0 26.8 48.5 17 -1 3 82
0 1 0 26.9 48.0 17 -1 3 82
0 1 0 26.9 48.5 17 -1 3 82
0 1 0 26.9 48.5 17 -1 3 82
0 1 0 26.9 48.5 17 -1 3 82
0 1 0 27.0 48.0 17 -1 3 82
0 1 1 27.0 48.0 17 -1 3 82
0 1 1 27.0 48.0 17 -1 3 82
0 1 0 27.1 48.0 17 -1 3 82
0 1 0 27.0 48.0 17 -1 3 82
0 1 0 27.0 48.5 17 -1 3 82
0 1 0 27.0 48.5 17 -1 3 82
0 1 0 27.0 48.5 17 -1 3 82
0 1 0 27.1 48.0 17 -1 3 82
0 1 0 27.1 48.0 17 -1 3 82
0 1 0 27.1 48.0 17 -1 3 82
0 1 0 27.1 48.0 17 -1 3 82
0 1 0 27.1 48.5 17 -1 3 82
0 1 0 27.2 48.5 17 -1 3 82
0 1 0 27.2 48.5 17 -1 3 82
0 1 0 27.3 48.5 17 -1 3 82
0 1 0 27.3 48.5 17 -1 3 82
0 1 0 27.4 48.5 17 -1 3 82
0 1 0 27.3 48.5 17 -1 3 82
0 1 0 27.3 48.5 17 -1 3 82
0 1 0 27.4 48.5 17 -1 3 82
0 1 0 27.3 48.5 17 -1 3 82
0 1 0 27.4 48.5 17 -1 3 82
0 1 0 27.4 48.5 17 -1 3 82
0 1 0 27.5 48.5 17 -1 3 82
0 1 0 27.4 48.5 17 -1 3 82
0 1 0 27.5 48.5 17 -1 3 82
0 1 0 27.5 48.5 17 -1 3 82
0 1 0 27.6 48.0 17 -1 3 82
0 1 0 27.6 48.0 17 -1 3 82
0 1 0 27.6 48.0 17 -1 3 82
0 1 0 27.5 48.0 17 -1 3 82
0 1 0 27.6 48.0 17 -1 3 82
0 1 0 27.6 48.0 17 -1 3 82
0 1 0 27.6 48.0 17 -1 3 82
0 1 0 27.6 48.0 17 -1 3 82
0 1 0 27.8 48.0 17 -1 3 82
0 1 0 27.7 48.0 17 -1 3 82
0 1 0 27.7 48.5 17 -1 3 82
0 1 0 27.7 48.5 17 -1 3 82
0 1 0 27.8 48.5 17 -1 3 82
0 1 0 27.8 48.5 17 -1 3 82
0 1 0 27.8 49.0 17 -1 3 82
0 1 1 27.8 49.0 17 -1 3 82
0 1 6 27.8 48.5 17 -1 3 82
0 1 0 27.9 48.5 17 -1 3 82
0 1 0 27.9 48.5 17 -1 3 82
0 1 0 27.9 48.5 17 -1 3 82
0 1 0 27.9 48.5 17 -1 3 82
0 1 0 27.9 48.5 17 c26 3 82
0 1 4 27.9 48.5 17 c26 3 82
0 1 15 27.9 48.5 17 c26 3 82
0 1 0 27.9 48.0 17 c26 3 82
0 1 2 27.8 47.5 17 c26 3 82
0 1 3 27.6 46.5 17 c26 3 82
0 1 0 27.5 46.0 17 c26 3 82
0 1 0 27.4 45.5 17 c26 3 82
0 1 0 27.3 45.0 17 c26 3 82
0 1 0 27.1 44.5 17 c26 3 82
0 1 0 27.0 44.5 17 c26 3 82
0 1 0 27.0 44.0 17 c26 3 82
0 1 0 26.8 44.0 17 c26 3 82
0 1 0 26.7 44.0 17 c26 3 82
0 1 0 26.7 43.5 17 c26 3 82
0 1 0 26.6 43.5 17 c26 3 82
0 1 0 26.5 43.5 17 c26 3 82
0 1 0 26.4 43.5 17 c26 3 82
0 1 0 26.4 43.5 17 c26 3 82
0 1 0 26.4 43.5 17 c26 3 82
0 1 0 26.3 43.5 17 c26 3 82
0 1 0 26.2 43.5 17 c26 3 82
0 1 0 26.2 43.5 17 c26 3 82
0 1 0 26.1 43.5 17 c26 3 82
0 1 0 26.1 43.5 17 c26 3 82
0 1 0 26.1 43.5 17 c26 3 82
0 1 0 26.0 43.5 17 c26 3 82
0 1 0 26.0 43.0 17 c26 3 82
0 1 0 25.8 42.5 17 c26 3 82
0 1 0 25.8 43.0 17 c26 3 82
0 1 0 25.8 42.5 17 c26 3 82
0 1 0 25.7 43.0 17 c26 3 82
0 1 0 25.7 43.0 17 c26 3 82
0 1 0 25.7 43.5 17 c26 3 82
0 1 0 25.6 43.5 17 c26 3 82
0 1 0 25.6 43.0 17 c26 3 82
0 1 0 25.6 43.5 17 c26 3 82
0 1 33 25.6 43.5 17 c26 3 82
0 1 0 25.6 43.5 17 c26 3 82
0 1 0 25.6 43.5 17 c26 3 82
0 1 0 25.6 44.0 17 c26 3 82
0 1 0 25.5 44.0 17 c26 3 82
0 1 0 25.5 44.0 17 c26 3 82
0 1 0 25.5 44.0 17 c26 3 82
0 1 0 25.5 44.5 17 c26 3 82
0 1 0 25.5 44.5 17 c26 3 82
0 1 0 25.4 44.5 17 c26 3 82
0 1 0 25.4 44.5 17 c26 3 82
0 1 0 25.4 44.5 17 c26 3 82
0 1 3 25.4 44.5 17 c26 3 82
0 1 15 25.4 44.5 17 c26 3 82
0 1 0 25.4 44.5 17 c26 3 82
0 1 0 25.3 44.5 17 c26 3 82
0 1 0 25.3 45.0 17 c26 3 82
0 1 0 25.3 45.0 17 c26 3 82
0 1 0 25.2 45.0 17 c26 3 82
0 1 0 25.3 45.0 17 -1 3 82
1 1 18 25.2 45.0 10 -1 0 82
1 1 0 25.2 45.5 2 -1 0 82
1 1 0 25.3 46.0 2 -1 0 82
1 1 0 25.5 46.5 2 -1 0 82
1 1 0 25.6 47.5 2 -1 0 82
1 1 0 25.8 47.5 2 -1 0 82
1 1 0 25.9 47.5 2 -1 0 82
1 1 0 26.0 48.0 2 -1 0 82
1 1 0 26.1 48.0 2 -1 0 82
1 1 0 26.2 48.0 2 -1 0 82
1 1 0 26.3 48.5 2 -1 0 82
1 1 0 26.4 48.5 2 -1 0 82
1 1 0 26.4 48.5 2 -1 0 82
1 1 0 26.5 49.0 2 -1 0 82
1 1 0 26.6 49.0 2 -1 0 82
1 1 0 26.7 49.5 2 -1 0 82
1 1 0 26.7 49.5 2 -1 0 82
1 1 0 26.7 49.5 2 -1 0 82
1 1 0 26.8 49.5 2 -1 0 82
1 1 0 26.8 50.0 2 -1 0 82
1 1 0 26.9 50.0 2 -1 0 82
1 1 0 27.0 50.0 2 -1 0 82
1 1 0 26.9 50.0 2 -1 0 82
1 1 0 27.0 50.5 2 -1 0 82
1 1 0 27.0 50.5 2 -1 0 82
1 1 0 27.1 50.5 2 -1 0 82
1 1 0 27.1 51.0 2 -1 0 82
1 1 0 27.2 51.0 2 -1 0 82
1 1 0 27.2 51.0 2 -1 0 82
1 1 0 27.3 51.0 2 -1 0 82
1 1 0 27.4 51.5 2 -1 0 82
1 1 0 27.4 51.5 2 -1 0 82
1 1 0 27.5 51.5 2 -1 0 82
1 1 0 27.4 52.0 2 -1 0 82
1 1 0 27.5 52.0 2 -1 0 82
1 1 0 27.5 52.0 2 -1 0 82
1 1 0 27.5 52.0 2 -1 0 82
1 1 0 27.6 52.0 2 -1 0 82
1 1 0 27.7 52.0 2 -1 0 82
1 1 0 27.7 52.0 2 -1 0 82
1 1 0 27.7 52.0 2 -1 0 82
1 1 0 27.7 52.0 2 -1 0 82
1 1 0 27.8 52.5 2 -1 0 82
1 1 0 27.8 52.5 2 -1 0 82
1 1 0 27.8 52.5 2 -1 0 82
1 1 0 27.9 52.5 2 -1 0 82
1 1 0 28.0 52.5 2 -1 0 82
1 1 0 28.0 52.5 2 -1 0 82
1 1 0 28.0 52.5 2 -1 0 82
1 1 0 28.0 52.5 2 -1 0 82
1 1 0 28.0 52.5 2 -1 0 82
1 1 0 28.1 53.0 2 -1 0 82
1 1 0 28.1 53.0 2 -1 0 82
1 1 0 28.1 53.0 2 -1 0 82
1 1 0 28.2 53.0 2 -1 0 82
1 1 0 28.2 53.0 2 -1 0 82
1 1 0 28.3 53.0 2 -1 0 82
1 1 0 28.3 53.0 2 -1 0 82
1 1 0 28.3 53.0 2 -1 0 82
1 1 0 28.3 53.0 2 -1 0 82
1 1 0 28.4 53.5 2 -1 0 82
1 1 0 28.4 53.0 2 -1 0 82
1 1 0 28.4 53.5 2 -1 0 82
1 1 0 28.4 53.5 2 -1 0 82
1 1 0 28.5 53.5 2 -1 0 82
1 1 0 28.5 53.5 2 -1 0 82
1 1 0 28.6 53.5 2 -1 0 82
1 1 0 28.5 53.5 2 -1 0 82
1 1 0 28.5 53.5 2 -1 0 82
1 1 0 28.5 53.5 2 -1 0 82
1 1 0 28.6 54.0 2 -1 0 82
1 1 0 28.6 54.0 2 -1 0 82
1 1 0 28.6 54.0 2 -1 0 82
1 1 0 28.6 54.0 2 -1 0 82
1 1 0 28.7 54.0 2 -1 0 82
1 1 0 28.7 54.0 2 -1 0 82
1 1 0 28.7 54.0 2 -1 0 82
1 1 0 28.7 54.0 2 -1 0 82
1 1 0 28.8 54.0 2 -1 0 82
1 1 0 28.8 54.0 2 -1 0 82
1 1 0 28.7 54.0 2 -1 0 82
1 1 0 28.9 54.5 2 -1 0 82
1 1 0 28.9 54.5 2 -1 0 82
1 1 0 28.8 54.5 2 -1 0 82
1 1 0 28.8 54.5 2 -1 0 82
1 1 0 28.9 54.5 2 -1 0 82
1 1 0 28.9 54.5 2 -1 0 82
1 1 0 29.0 54.5 2 -1 0 82
1 1 0 28.9 54.5 2 -1 0 82
1 1 0 29.0 54.5 2 -1 0 82
1 1 0 29.0 54.5 2 -1 0 82
1 1 0 29.0 54.5 2 -1 0 82
1 1 0 29.0 54.5 2 -1 0 82
1 1 0 29.0 55.0 2 -1 0 82
1 1 0 29.1 55.0 2 -1 0 82
1 1 0 29.1 54.5 2 -1 0 82
1 1 0 29.1 55.0 2 -1 0 82
1 1 0 29.1 55.0 2 -1 0 82
1 1 0 29.2 55.0 2 -1 0 82
1 1 0 29.1 55.0 2 -1 0 82
1 1 0 29.1 55.0 2 -1 0 82
1 1 0 29.2 55.0 2 -1 0 82
1 1 0 29.2 55.0 2 -1 0 82
1 1 0 29.2 55.0 2 -1 0 82
1 1 0 29.2 55.0 2 -1 0 82
1 1 0 29.2 55.0 2 -1 0 82
1 1 0 29.2 55.0 2 -1 0 82
1 1 0 29.3 55.0 2 -1 0 82
