0 1 0 26.9 65.0 2 -1 0 -1
0 1 0 26.9 65.0 2 -1 0 -1
0 1 0 26.9 65.0 2 -1 0 -1
0 1 0 26.9 65.0 2 -1 0 -1
0 1 0 26.9 65.0 2 -1 0 -1
0 1 0 26.9 65.0 2 -1 0 -1
0 1 0 27.0 65.0 2 -1 0 -1
0 1 0 26.9 65.0 2 -1 0 -1
0 1 0 27.0 65.0 2 -1 0 -1
0 1 0 26.9 65.0 2 -1 0 -1
0 1 0 27.0 65.0 2 -1 0 -1
0 1 0 27.0 65.0 2 -1 0 -1
0 1 0 27.0 65.0 2 -1 0 -1
0 1 0 27.0 65.0 2 -1 0 -1
0 1 0 27.1 65.0 2 -1 0 -1
0 1 0 27.1 65.0 2 -1 0 -1
0 1 0 27.1 65.0 2 -1 0 -1
0 1 0 27.1 65.0 2 -1 0 -1
0 1 0 27.2 65.0 2 -1 0 -1
0 1 0 27.1 65.0 2 -1 0 -1
0 1 0 27.1 65.0 2 -1 0 -1
0 1 0 27.1 65.0 2 -1 0 -1
0 1 0 27.2 65.0 2 -1 0 -1
0 1 0 27.2 65.0 2 -1 0 -1
0 1 0 27.1 65.0 2 -1 0 -1
0 1 0 27.2 65.0 2 -1 0 -1
0 1 0 27.2 65.0 2 -1 0 -1
0 1 0 27.2 65.0 2 -1 0 -1
0 1 0 27.3 65.0 2 -1 0 -1
0 1 0 27.2 65.0 2 -1 0 -1
0 1 0 27.3 65.0 2 -1 0 -1
0 1 0 27.3 65.0 2 -1 0 -1
0 1 0 27.3 65.0 2 -1 0 -1
0 1 0 27.3 65.0 2 -1 0 -1
0 1 0 27.4 65.0 2 -1 0 -1
0 1 0 27.3 65.0 2 -1 0 -1
0 1 0 27.4 65.0 2 -1 0 -1
0 1 0 27.4 65.0 2 -1 0 -1
0 1 0 27.3 65.0 2 -1 0 -1
0 1 0 27.4 65.0 2 -1 0 -1
0 1 0 27.4 65.0 2 -1 0 -1
0 1 0 27.4 65.5 2 -1 0 -1
0 1 0 27.4 65.5 2 -1 0 -1
0 1 0 27.4 65.5 2 -1 0 -1
0 1 0 27.4 65.5 2 -1 0 -1
0 1 0 27.4 65.5 2 -1 0 -1
0 1 0 27.4 65.5 2 -1 0 -1
0 1 0 27.4 65.5 2 -1 0 -1
0 1 0 27.5 65.5 2 -1 0 -1
0 1 0 27.5 65.5 2 -1 0 -1
0 1 0 27.5 65.5 2 -1 0 -1
0 1 0 27.5 65.5 2 -1 0 -1
0 1 0 27.5 65.5 2 -1 0 -1
0 1 0 27.5 65.5 2 -1 0 -1
0 1 0 27.5 65.5 2 -1 0 -1
0 1 0 27.5 65.5 2 -1 0 -1
0 1 0 27.5 65.5 2 -1 0 -1
0 1 0 27.5 65.5 2 -1 0 -1
0 1 0 27.6 65.5 2 -1 0 -1
0 1 0 27.5 65.5 2 -1 0 -1
0 1 0 27.5 65.5 2 -1 0 -1
0 1 0 27.6 65.5 2 -1 0 -1
0 1 0 27.5 65.5 2 -1 0 -1
0 1 0 27.6 65.5 2 -1 0 -1
0 1 0 27.6 65.5 2 -1 0 -1
0 1 0 27.6 65.5 2 -1 0 -1
0 1 0 27.6 65.5 2 -1 0 -1
0 1 0 27.6 65.5 2 -1 0 -1
0 1 0 27.7 65.5 2 -1 0 -1
0 1 0 27.6 65.5 2 -1 0 -1
0 1 0 27.6 65.5 2 -1 0 -1
0 1 0 27.6 65.5 2 -1 0 -1
0 1 0 27.6 65.5 2 -1 0 -1
0 1 0 27.7 65.5 2 -1 0 -1
0 1 0 27.6 65.5 2 -1 0 -1
0 1 0 27.7 65.5 2 -1 0 -1
0 1 0 27.7 65.5 2 -1 0 -1
0 1 0 27.7 65.5 2 -1 0 -1
0 1 0 27.7 65.5 2 -1 0 -1
0 1 0 27.7 65.5 2 -1 0 -1
0 1 0 27.7 65.5 2 -1 0 -1
0 1 0 27.7 65.5 2 -1 0 -1
0 1 0 27.8 65.5 2 -1 0 -1
0 1 0 27.7 65.5 2 -1 0 -1
0 1 0 27.8 65.5 2 -1 0 -1
0 1 0 27.7 65.5 2 -1 0 -1
0 1 0 27.7 65.5 2 -1 0 -1
0 1 0 27.7 65.5 2 -1 0 -1
0 1 0 27.8 65.5 2 -1 0 -1
0 1 0 27.8 65.5 2 -1 0 -1
0 1 0 27.8 65.5 2 -1 0 -1
0 1 0 27.8 65.5 2 -1 0 -1
0 1 0 27.8 65.5 2 -1 0 -1
0 1 0 27.8 65.5 2 -1 0 -1
0 1 0 27.8 65.5 2 -1 0 -1
0 1 0 27.8 65.5 2 -1 0 -1
0 1 0 27.8 65.5 2 -1 0 -1
0 1 0 27.8 65.5 2 -1 0 -1
0 1 0 27.8 65.5 2 -1 0 -1
0 1 0 27.9 65.5 2 -1 0 -1
0 1 0 27.9 65.5 2 -1 0 -1
0 1 0 27.8 65.5 2 -1 0 -1
0 1 0 27.9 65.5 2 -1 0 -1
0 1 0 27.9 65.5 2 -1 0 -1
0 1 0 27.9 65.5 2 -1 0 -1
0 1 0 27.9 65.5 2 -1 0 -1
0 1 0 28.0 65.5 2 -1 0 -1
0 1 0 27.9 65.5 2 -1 0 -1
0 1 0 27.9 65.5 2 -1 0 -1
0 1 0 27.9 65.5 2 -1 0 -1
0 1 0 27.9 65.5 2 -1 0 -1
0 1 0 27.9 65.5 2 -1 0 -1
0 1 0 27.9 65.5 2 -1 0 -1
0 1 0 27.9 65.5 2 -1 0 -1
0 1 0 28.0 65.5 2 -1 0 -1
0 1 0 27.9 65.5 2 -1 0 -1
0 1 0 27.9 65.5 2 -1 0 -1
0 1 0 27.9 65.5 2 -1 0 -1
0 1 0 27.9 65.5 2 -1 0 -1
0 1 0 28.0 65.5 2 -1 0 -1
0 1 0 28.0 65.5 2 -1 0 -1
0 1 0 28.0 65.5 2 -1 0 -1
0 1 0 27.9 65.5 2 -1 0 -1
0 1 0 28.0 65.5 2 -1 0 -1
0 1 0 28.1 65.5 2 -1 0 -1
0 1 0 28.0 65.5 2 -1 0 -1
0 1 0 28.0 65.5 2 -1 0 -1
0 1 0 28.1 65.5 2 -1 0 -1
0 1 0 27.9 65.5 2 -1 0 -1
0 1 0 28.1 66.0 2 -1 0 -1
0 1 0 28.1 66.0 2 -1 0 -1
0 1 0 28.0 65.5 2 -1 0 -1
0 1 0 28.0 66.0 2 -1 0 -1
0 1 0 28.1 65.5 2 -1 0 -1
0 1 0 28.0 65.5 2 -1 0 -1
0 1 0 28.1 66.0 2 -1 0 -1
0 1 0 28.1 65.5 2 -1 0 -1
0 1 0 28.0 65.5 2 -1 0 -1
0 1 0 28.1 65.5 2 -1 0 -1
0 1 0 28.1 65.5 2 -1 0 -1
0 1 0 28.1 65.5 2 -1 0 -1
0 1 0 28.1 65.5 2 -1 0 -1
0 1 0 28.1 65.5 2 -1 0 -1
0 1 0 28.2 66.0 2 -1 0 -1
0 1 0 28.1 66.0 2 -1 0 -1
0 1 0 28.2 66.0 2 -1 0 -1
0 1 0 28.2 65.5 2 -1 0 -1
0 1 0 28.2 65.5 2 -1 0 -1
0 1 0 28.1 66.0 2 -1 0 -1
0 1 0 28.2 65.5 2 -1 0 -1
0 1 0 28.2 66.0 2 -1 0 -1
0 1 0 28.3 66.0 2 -1 0 -1
0 1 0 28.2 65.5 2 -1 0 -1
0 1 0 28.2 65.5 2 -1 0 -1
0 1 0 28.2 66.0 2 -1 0 -1
0 1 0 28.3 66.0 2 -1 0 -1
0 1 0 28.2 66.0 2 -1 0 -1
0 1 0 28.2 66.0 2 -1 0 -1
0 1 0 28.3 66.0 2 -1 0 -1
0 1 0 28.2 66.0 2 -1 0 -1
0 1 0 28.2 66.0 2 -1 0 -1
0 1 0 28.2 66.0 2 -1 0 -1
0 1 0 28.3 66.0 2 -1 0 -1
0 1 0 28.3 66.0 2 -1 0 -1
0 1 0 28.3 66.0 2 -1 0 -1
0 1 0 28.3 66.0 2 -1 0 -1
0 1 0 28.2 66.0 2 -1 0 -1
0 1 0 28.3 66.0 2 -1 0 -1
0 1 0 28.2 66.0 2 -1 0 -1
0 1 0 28.2 66.0 2 -1 0 -1
0 1 0 28.3 66.0 2 -1 0 -1
0 1 0 28.2 66.0 2 -1 0 -1
0 1 0 28.2 66.0 2 -1 0 -1
0 1 0 28.3 66.0 2 -1 0 -1
0 1 0 28.3 66.0 2 -1 0 -1
0 1 0 28.3 66.0 2 -1 0 -1
0 1 0 28.3 66.0 2 -1 0 -1
0 1 0 28.3 66.0 2 -1 0 -1
0 1 0 28.3 66.0 2 -1 0 -1
0 1 0 28.2 66.0 2 -1 0 -1
0 1 0 28.3 66.0 2 -1 0 -1
0 1 0 28.3 66.0 2 -1 0 -1
0 1 0 28.3 66.0 2 -1 0 -1
0 1 0 28.3 66.0 2 -1 0 -1
0 1 0 28.3 66.0 2 -1 0 -1
0 1 0 28.4 66.0 2 -1 0 -1
0 1 0 28.3 66.0 2 -1 0 -1
0 1 0 28.3 66.0 2 -1 0 -1
0 1 0 28.3 66.0 2 -1 0 -1
0 1 0 28.4 66.0 2 -1 0 -1
0 1 0 28.4 66.0 2 -1 0 -1
0 1 0 28.4 66.0 2 -1 0 -1
0 1 0 28.4 66.0 2 -1 0 -1
0 1 0 28.3 66.0 2 -1 0 -1
0 1 0 28.4 66.0 2 -1 0 -1
0 1 0 28.4 66.0 2 -1 0 -1
0 1 0 28.4 66.0 2 -1 0 -1
0 1 0 28.4 66.0 2 -1 0 -1
0 1 0 28.3 66.0 2 -1 0 -1
0 1 0 28.4 66.0 2 -1 0 -1
0 1 0 28.4 66.0 2 -1 0 -1
0 1 0 28.3 66.0 2 -1 0 -1
0 1 0 28.4 66.0 2 -1 0 -1
0 1 0 28.3 66.0 2 -1 0 -1
0 1 0 28.4 66.0 2 -1 0 -1
0 1 0 28.4 66.0 2 -1 0 -1
0 1 0 28.4 66.0 2 -1 0 -1
0 1 0 28.4 66.0 2 -1 0 -1
0 1 0 28.4 66.0 2 -1 0 -1
0 1 0 28.4 66.0 2 -1 0 -1
0 1 0 28.4 66.0 2 -1 0 -1
0 1 0 28.4 66.0 2 -1 0 -1
0 1 0 28.5 66.0 2 -1 0 -1
0 1 0 28.4 66.0 2 -1 0 -1
0 1 0 28.4 66.0 2 -1 0 -1
0 1 0 28.4 66.0 2 -1 0 -1
0 1 0 28.4 66.0 2 -1 0 -1
0 1 0 28.4 66.0 2 -1 0 -1
0 1 0 28.4 66.0 2 -1 0 -1
0 1 0 28.4 66.0 2 -1 0 -1
0 1 0 28.4 66.0 2 -1 0 -1
0 1 0 28.4 66.0 2 -1 0 -1
0 1 0 28.4 66.0 2 -1 0 -1
0 1 0 28.5 66.0 2 -1 0 -1
0 1 0 28.4 66.0 2 -1 0 -1
0 1 0 28.5 66.0 2 -1 0 -1
0 1 0 28.4 66.0 2 -1 0 -1
0 1 0 28.4 66.0 2 -1 0 -1
0 1 0 28.5 66.0 2 -1 0 -1
0 1 0 28.5 66.0 2 -1 0 -1
0 1 0 28.5 66.5 2 -1 0 -1
0 1 0 28.5 66.5 2 -1 0 -1
0 1 0 28.5 66.5 2 -1 0 -1
0 1 0 28.5 66.0 2 -1 0 -1
0 1 0 28.5 66.5 2 -1 0 -1
0 1 0 28.5 66.5 2 -1 0 -1
0 1 0 28.5 66.5 2 -1 0 -1
0 1 0 28.5 66.5 2 -1 0 -1
0 1 0 28.6 66.5 2 -1 0 -1
0 1 0 28.5 66.5 2 -1 0 -1
0 1 0 28.5 66.5 2 -1 0 -1
0 1 0 28.5 66.5 2 -1 0 -1
0 1 0 28.5 66.5 2 -1 0 -1
0 1 0 28.4 66.5 2 -1 0 -1
0 1 0 28.5 66.5 2 -1 0 -1
0 1 0 28.5 66.5 2 -1 0 -1
0 1 0 28.5 66.5 2 -1 0 -1
0 1 0 28.5 66.5 2 -1 0 -1
0 1 0 28.5 66.5 2 -1 0 -1
0 1 0 28.5 66.5 2 -1 0 -1
0 1 0 28.5 66.5 2 -1 0 -1
0 1 0 28.5 66.5 2 -1 0 -1
0 1 0 28.5 66.5 2 -1 0 -1
0 1 0 28.6 66.5 2 -1 0 -1
0 1 0 28.6 66.5 2 -1 0 -1
0 1 0 28.5 66.5 2 -1 0 -1
0 1 0 28.5 66.5 2 -1 0 -1
0 1 0 28.6 66.5 2 -1 0 -1
0 1 0 28.5 66.5 2 -1 0 -1
0 1 0 28.5 66.5 2 -1 0 -1
0 1 0 28.6 66.5 2 -1 0 -1
0 1 0 28.6 66.5 2 -1 0 -1
0 1 0 28.6 66.5 2 -1 0 -1
0 1 0 28.6 66.5 2 -1 0 -1
0 1 0 28.6 66.5 2 -1 0 -1
0 1 0 28.6 66.5 2 -1 0 -1
0 1 0 28.7 66.5 2 -1 0 -1
0 1 0 28.6 66.5 2 -1 0 -1
0 1 0 28.6 66.5 2 -1 0 -1
0 1 0 28.6 66.5 2 -1 0 -1
0 1 0 28.6 66.5 2 -1 0 -1
0 1 0 28.6 66.5 2 -1 0 -1
0 1 0 28.6 66.5 2 -1 0 -1
0 1 0 28.6 66.5 2 -1 0 -1
0 1 0 28.6 66.5 2 -1 0 -1
0 1 0 28.6 66.5 2 -1 0 -1
0 1 0 28.6 66.5 2 -1 0 -1
0 1 0 28.6 66.5 2 -1 0 -1
0 1 0 28.6 66.5 2 -1 0 -1
0 1 0 28.6 66.5 2 -1 0 -1
0 1 0 28.6 66.5 2 -1 0 -1
0 1 0 28.7 66.5 2 -1 0 -1
0 1 0 28.7 66.5 2 -1 0 -1
0 1 0 28.6 66.5 2 -1 0 -1
0 1 0 28.7 66.5 2 -1 0 -1
0 1 0 28.7 66.5 2 -1 0 -1
0 1 0 28.7 66.5 2 -1 0 -1
0 1 0 28.7 66.5 2 -1 0 -1
0 1 0 28.6 66.5 2 -1 0 -1
0 1 0 28.6 66.5 2 -1 0 -1
0 1 0 28.6 66.5 2 -1 0 -1
0 1 0 28.7 66.5 2 -1 0 -1
0 1 0 28.7 67.0 2 -1 0 -1
0 1 0 28.7 67.0 1 -1 0 -1
0 1 0 28.7 67.0 1 -1 0 -1
0 1 0 28.6 67.5 1 -1 0 -1
0 1 0 28.7 67.0 1 -1 0 -1
0 1 0 28.7 67.5 1 -1 0 -1
0 1 0 28.7 67.5 1 -1 0 -1
0 1 0 28.7 67.5 1 -1 0 -1
0 1 0 28.7 67.5 1 -1 0 -1
0 1 0 28.7 67.0 1 -1 0 -1
0 1 0 28.7 67.5 1 -1 0 -1
0 1 0 28.7 67.0 1 -1 0 -1
0 1 0 28.7 67.0 1 -1 0 -1
0 1 0 28.8 67.0 1 -1 0 -1
0 1 0 28.7 67.0 1 -1 0 -1
0 1 0 28.7 67.0 0 -1 0 -1
0 1 0 28.7 67.0 0 -1 0 -1
0 1 0 28.7 67.0 0 -1 0 -1
0 1 0 28.7 67.0 0 -1 0 -1
0 1 0 28.8 67.0 0 -1 0 -1
0 1 0 28.7 67.0 0 -1 0 -1
0 1 0 28.7 67.0 0 -1 0 -1
0 1 0 28.8 67.0 0 -1 0 -1
0 1 0 28.7 67.0 2 -1 0 -1
0 1 0 28.7 67.0 2 -1 0 -1
0 1 0 28.8 67.0 2 -1 0 -1
0 1 0 28.8 67.0 2 -1 0 -1
0 1 0 28.8 67.0 3 -1 0 -1
0 1 0 28.7 67.0 1 -1 0 -1
0 1 0 28.8 67.0 1 -1 0 -1
0 1 0 28.7 67.0 1 -1 0 -1
0 1 0 28.7 67.0 2 -1 0 -1
0 1 0 28.8 67.0 2 -1 0 -1
0 1 0 28.8 67.0 4 -1 0 -1
0 1 0 28.7 67.0 1 -1 0 -1
0 1 0 28.8 67.0 2 -1 0 -1
0 1 0 28.7 67.0 2 -1 0 -1
0 1 0 28.8 67.0 4 -1 0 -1
0 1 0 28.7 67.0 3 -1 0 -1
0 1 0 28.8 67.0 5 -1 0 -1
0 1 0 28.8 67.0 3 -1 0 -1
0 1 0 28.7 67.0 5 -1 0 -1
0 1 0 28.8 67.0 5 -1 0 -1
0 1 0 28.8 67.0 7 -1 0 -1
0 1 0 28.8 67.0 7 -1 0 -1
0 1 0 28.8 67.5 5 -1 0 -1
0 1 0 28.7 67.5 5 -1 0 -1
0 1 0 28.8 67.5 7 -1 0 -1
0 1 0 28.8 67.5 7 -1 0 -1
0 1 0 28.8 68.0 9 -1 0 -1
0 1 0 28.9 68.0 9 -1 0 -1
0 1 0 28.8 67.5 11 -1 0 -1
0 1 0 28.8 67.5 12 -1 0 -1
0 1 0 28.9 67.5 10 -1 0 -1
0 1 0 28.8 67.5 10 -1 0 -1
0 1 0 28.8 67.5 14 -1 0 -1
0 1 0 28.9 67.5 14 -1 0 -1
0 1 0 28.8 67.5 17 -1 0 -1
0 1 0 28.9 67.5 17 -1 0 -1
0 1 0 28.8 67.5 19 -1 0 -1
0 1 0 28.8 67.5 15 -1 0 -1
0 1 0 28.9 67.5 15 -1 0 -1
0 1 0 28.8 67.5 15 -1 0 -1
0 1 0 28.8 67.5 19 -1 0 -1
0 1 0 28.9 67.5 19 -1 0 -1
0 1 0 28.9 67.5 20 -1 0 -1
0 1 0 28.9 67.5 24 -1 0 -1
0 1 0 28.9 67.5 22 -1 0 -1
0 1 0 28.9 67.5 24 -1 0 -1
0 1 0 28.9 67.5 24 -1 0 -1
0 1 0 28.9 67.5 26 -1 0 -1
0 1 0 28.9 67.5 26 -1 0 -1
0 1 0 28.9 67.5 28 -1 0 -1
0 1 0 28.9 67.5 30 -1 0 -1
0 1 0 28.9 67.5 28 -1 0 -1
0 1 0 29.0 67.5 33 -1 0 -1
0 1 0 29.0 67.5 31 -1 0 -1
0 1 0 28.9 67.5 33 -1 0 -1
0 1 0 28.9 67.5 33 -1 0 -1
0 1 0 28.9 67.5 35 -1 0 -1
0 1 0 29.0 67.5 35 -1 0 -1
0 1 0 28.9 67.5 37 -1 0 -1
0 1 0 29.0 67.5 36 -1 0 -1
0 1 0 29.0 67.5 36 -1 0 -1
0 1 0 29.0 67.5 37 -1 0 -1
0 1 0 29.0 67.5 37 -1 0 -1
0 1 0 28.9 67.5 35 -1 0 -1
0 1 0 29.0 67.5 35 -1 0 -1
0 1 0 29.0 67.5 37 -1 0 -1
0 1 0 29.0 67.5 37 -1 0 -1
0 1 0 29.0 67.5 37 -1 0 -1
0 1 0 29.0 67.5 40 -1 0 -1
0 1 0 29.0 67.5 44 -1 0 -1
0 1 0 29.0 67.5 44 -1 0 -1
0 1 0 29.0 68.0 47 -1 0 -1
0 1 0 29.0 67.5 44 -1 0 -1
0 1 0 29.1 67.5 44 -1 0 -1
0 1 0 29.1 67.5 44 -1 0 -1
0 1 0 29.0 67.5 47 -1 0 -1
0 1 0 29.1 67.5 47 -1 0 -1
0 1 0 29.0 67.5 47 -1 0 -1
0 1 0 29.1 68.0 47 -1 0 -1
0 1 0 29.1 67.5 49 -1 0 -1
0 1 0 29.1 67.5 49 -1 0 -1
0 1 0 29.1 67.5 49 -1 0 -1
0 1 0 29.2 67.5 47 -1 0 -1
0 1 0 29.1 67.5 49 -1 0 -1
0 1 0 29.1 67.5 51 -1 0 -1
0 1 0 29.1 68.0 53 -1 0 -1
0 1 0 29.2 67.5 53 -1 0 -1
0 1 0 29.1 67.5 49 -1 0 -1
0 1 0 29.1 67.5 49 -1 0 -1
0 1 0 29.1 68.0 51 -1 0 -1
0 1 0 29.2 68.0 51 -1 0 -1
0 1 0 29.1 67.5 53 -1 0 -1
0 1 0 29.1 68.0 53 -1 0 -1
0 1 0 29.2 68.0 55 -1 0 -1
0 1 0 29.2 68.0 53 -1 0 -1
0 1 0 29.2 68.0 56 -1 0 -1
0 1 0 29.2 68.0 56 -1 0 -1
0 1 0 29.3 68.0 56 -1 0 -1
0 1 0 29.2 68.0 56 -1 0 -1
0 1 0 29.2 68.0 56 -1 0 -1
0 1 0 29.2 68.0 56 -1 0 -1
0 1 0 29.2 68.0 56 -1 0 -1
0 1 0 29.3 68.0 58 -1 0 -1
0 1 0 29.3 68.0 58 -1 0 -1
0 1 0 29.3 68.0 58 -1 0 -1
0 1 0 29.3 68.0 58 -1 0 -1
0 1 0 29.3 68.0 58 -1 0 -1
0 1 0 29.3 68.0 58 -1 0 -1
0 1 0 29.3 68.0 60 -1 0 -1
0 1 0 29.3 68.0 60 -1 0 -1
0 1 0 29.3 68.0 60 -1 0 -1
0 1 0 29.4 68.0 58 -1 0 -1
0 1 0 29.3 68.0 58 -1 0 -1
0 1 0 29.3 68.0 60 -1 0 -1
0 1 0 29.4 68.0 60 -1 0 -1
0 1 0 29.3 68.0 60 -1 0 -1
0 1 0 29.4 68.0 60 -1 0 -1
0 1 0 29.4 68.0 58 -1 0 -1
0 1 0 29.4 68.0 58 -1 0 -1
0 1 0 29.4 68.5 58 -1 0 -1
0 1 0 29.5 68.5 58 -1 0 -1
0 1 0 29.5 68.5 58 -1 0 -1
0 1 0 29.5 68.5 58 -1 0 -1
0 1 0 29.4 68.5 62 -1 0 -1
0 1 0 29.5 68.5 60 -1 0 -1
0 1 0 29.6 69.0 60 -1 0 -1
0 1 0 29.5 69.0 60 -1 0 -1
0 1 0 29.5 69.0 60 -1 0 -1
0 1 0 29.5 69.0 62 -1 0 -1
0 1 0 29.5 69.0 58 -1 0 -1
0 1 0 29.6 69.0 58 -1 0 -1
0 1 0 29.6 69.0 58 -1 0 -1
0 1 0 29.6 69.0 58 -1 0 -1
0 1 0 29.6 69.5 58 -1 0 -1
0 1 0 29.6 69.0 62 -1 0 -1
0 1 0 29.6 69.0 60 -1 0 -1
0 1 0 29.6 69.0 60 -1 0 -1
0 1 0 29.6 69.5 60 -1 0 -1
0 1 0 29.6 69.5 58 -1 0 -1
0 1 0 29.6 69.0 58 -1 0 -1
0 1 0 29.7 69.5 58 -1 0 -1
0 1 0 29.6 69.0 58 -1 0 -1
0 1 0 29.6 69.5 56 -1 0 -1
0 1 0 29.7 69.5 56 -1 0 -1
0 1 0 29.6 69.5 56 -1 0 -1
0 1 0 29.7 69.5 59 -1 0 -1
0 1 0 29.7 69.5 57 -1 0 -1
0 1 0 29.7 69.5 57 -1 0 -1
0 1 0 29.7 69.5 57 -1 0 -1
0 1 0 29.7 69.5 57 -1 0 -1
0 1 0 29.8 69.5 57 -1 0 -1
0 1 0 29.7 69.5 55 -1 0 -1
0 1 0 29.7 69.5 55 -1 0 -1
0 1 0 29.7 69.5 53 -1 0 -1
0 1 0 29.7 69.5 53 -1 0 -1
0 1 0 29.7 69.5 53 -1 0 -1
0 1 0 29.7 69.5 53 -1 0 -1
0 1 0 29.8 69.5 53 -1 0 -1
0 1 0 29.8 70.0 53 -1 0 -1
0 1 0 29.8 70.0 53 -1 0 -1
0 1 0 29.8 70.0 53 -1 0 -1
0 1 0 29.8 70.0 55 -1 0 -1
0 1 0 29.8 70.0 55 -1 0 -1
0 1 0 29.8 70.0 55 -1 0 -1
0 1 0 29.9 70.0 55 -1 0 -1
0 1 0 29.9 70.0 53 -1 0 -1
0 1 0 29.9 70.0 53 -1 0 -1
0 1 0 29.8 70.0 55 -1 0 -1
0 1 0 30.0 70.0 53 -1 0 -1
0 1 0 29.9 70.0 53 -1 0 -1
0 1 0 29.9 70.0 51 -1 0 -1
0 1 0 29.9 70.0 53 -1 0 -1
0 1 0 29.9 70.0 51 -1 0 -1
0 1 0 29.9 70.0 50 -1 0 -1
0 1 0 29.9 70.5 43 -1 0 -1
0 1 0 29.9 70.5 44 -1 0 -1
0 1 0 30.0 70.5 49 -1 0 -1
0 1 0 30.0 70.5 49 -1 0 -1
0 1 0 29.9 70.5 49 -1 0 -1
0 1 0 30.0 70.5 51 -1 0 -1
0 1 0 30.0 71.0 49 -1 0 -1
0 1 0 30.0 71.0 47 -1 0 -1
0 1 0 30.1 71.0 50 -1 0 -1
0 1 0 30.0 71.0 50 -1 0 -1
0 1 0 30.0 71.0 47 -1 0 -1
0 1 0 30.0 71.0 47 -1 0 -1
0 1 0 30.0 71.0 50 -1 0 -1
0 1 0 30.0 71.0 50 -1 0 -1
0 1 0 30.1 71.5 48 -1 0 -1
0 1 0 30.1 71.0 48 -1 0 -1
0 1 0 30.1 71.0 46 -1 0 -1
0 1 0 30.1 71.5 46 -1 0 -1
0 1 0 30.1 71.5 44 -1 0 -1
0 1 0 30.1 71.5 44 -1 0 -1
0 1 0 30.1 71.5 44 -1 0 -1
0 1 0 30.2 71.5 44 -1 0 -1
0 1 0 30.2 71.5 44 -1 0 -1
0 1 0 30.2 72.0 44 -1 0 -1
0 1 0 30.2 71.5 46 -1 0 -1
0 1 0 30.1 71.5 46 -1 0 -1
0 1 0 30.2 71.5 44 -1 0 -1
0 1 0 30.2 71.5 46 -1 0 -1
0 1 0 30.2 71.5 46 c24 0 -1
0 1 9 30.1 71.5 46 c24 0 -1
0 1 0 30.2 70.5 46 c24 0 -1
0 1 0 30.0 69.5 46 c24 0 -1
0 1 0 29.9 69.0 44 c24 0 -1
0 1 0 29.8 68.0 44 c24 0 -1
0 1 0 29.6 67.0 44 c24 0 -1
0 1 0 29.6 66.5 44 c24 0 -1
0 1 0 29.4 65.5 44 c24 0 -1
0 1 0 29.4 64.5 44 c24 0 -1
0 1 0 29.2 64.0 42 c24 0 -1
0 1 0 29.1 63.0 42 c24 0 -1
0 1 0 28.9 62.0 42 c24 0 -1
0 1 0 28.9 61.5 42 c24 0 -1
0 1 0 28.7 61.0 40 c24 0 -1
0 1 0 28.6 60.5 40 c24 0 -1
0 1 0 28.5 59.5 44 c24 0 -1
0 1 0 28.4 59.0 42 c24 0 -1
0 1 0 28.3 58.5 42 c24 0 -1
0 1 0 28.3 58.0 42 c24 0 -1
0 1 0 28.1 57.5 42 c24 0 -1
0 1 0 28.0 57.0 40 c24 0 -1
0 1 0 27.9 57.0 37 c24 0 -1
0 1 0 27.9 56.5 37 c24 0 -1
0 1 19 27.8 56.0 37 c24 0 -1
0 1 6 27.7 55.5 37 c24 0 -1
0 1 4 27.6 55.5 35 -1 0 -1
0 1 14 27.5 55.5 37 -1 0 -1
0 1 13 27.5 55.0 37 -1 0 -1
0 1 0 27.5 55.5 37 -1 0 -1
0 1 0 27.5 55.5 41 -1 0 -1
0 1 6 27.5 55.5 37 -1 0 -1
0 1 6 27.6 56.0 39 -1 0 -1
0 1 0 27.7 56.5 39 -1 0 -1
0 1 6 27.8 56.5 48 -1 4 -1
0 1 0 27.8 57.0 52 -1 5 -1
0 1 13 27.9 57.5 48 -1 5 -1
0 1 0 27.9 58.0 37 -1 0 -1
0 1 0 28.0 58.0 37 -1 0 -1
0 1 0 28.0 58.5 37 -1 0 -1
0 1 0 28.1 58.5 37 -1 0 -1
0 1 0 28.1 58.5 37 -1 0 -1
0 1 0 28.2 59.0 37 -1 0 -1
0 1 0 28.2 59.0 37 -1 0 -1
0 1 0 28.3 59.0 37 -1 0 -1
0 1 0 28.3 59.0 37 -1 0 -1
0 1 0 28.3 59.0 37 -1 0 -1
0 1 0 28.4 59.0 37 -1 0 -1
0 1 0 28.3 59.0 37 -1 0 -1
0 1 0 28.4 59.5 37 -1 0 -1
0 1 0 28.3 59.5 37 -1 0 -1
0 1 0 28.4 59.5 35 -1 0 -1
0 1 0 28.4 59.5 35 -1 0 -1
0 1 0 28.4 59.5 35 -1 0 -1
0 1 0 28.4 59.5 35 -1 0 -1
0 1 0 28.4 59.5 35 -1 0 -1
0 1 0 28.4 59.5 33 -1 0 -1
0 1 0 28.4 59.5 33 -1 0 -1
0 1 0 28.4 60.0 33 -1 0 -1
0 1 0 28.4 60.0 33 -1 0 -1
0 1 0 28.4 60.0 33 -1 0 -1
0 1 0 28.4 60.0 35 -1 0 -1
0 1 0 28.4 60.5 35 -1 0 -1
0 1 0 28.4 60.5 35 -1 0 -1
0 1 0 28.4 60.5 35 -1 0 -1
0 1 0 28.4 60.5 35 -1 0 -1
0 1 0 28.4 60.5 35 -1 0 -1
0 1 0 28.4 61.0 31 -1 0 -1
0 1 0 28.4 61.0 35 -1 0 -1
0 1 0 28.4 61.0 35 -1 0 -1
0 1 0 28.4 61.0 33 -1 0 -1
0 1 0 28.4 61.0 33 -1 0 -1
0 1 0 28.5 61.0 33 -1 0 -1
0 1 0 28.4 61.0 33 -1 0 -1
0 1 0 28.4 61.0 31 -1 0 -1
0 1 0 28.4 61.0 33 -1 0 -1
0 1 0 28.5 61.0 33 -1 0 -1
0 1 0 28.4 61.0 31 -1 0 -1
0 1 0 28.5 61.0 31 -1 0 -1
0 1 0 28.4 61.5 31 -1 0 -1
0 1 0 28.4 61.5 31 -1 0 -1
0 1 0 28.4 61.5 31 -1 0 -1
0 1 0 28.5 61.5 33 -1 0 -1
0 1 0 28.5 61.5 33 -1 0 -1
0 1 0 28.4 61.5 30 -1 0 -1
0 1 0 28.4 61.5 28 -1 0 -1
0 1 0 28.4 61.5 28 -1 0 -1
0 1 0 28.4 61.5 28 -1 0 -1
0 1 0 28.4 61.5 28 -1 0 -1
0 1 0 28.5 61.5 26 -1 0 -1
0 1 0 28.4 61.5 30 -1 0 -1
0 1 0 28.4 61.5 30 -1 0 -1
0 1 1 28.4 62.0 30 -1 0 -1
0 1 0 28.4 62.0 26 -1 0 -1
0 1 0 28.4 62.0 26 -1 0 -1
0 1 0 28.4 62.0 28 -1 0 -1
0 1 0 28.3 62.0 26 -1 0 -1
0 1 0 28.5 62.0 26 -1 0 -1
0 1 0 28.4 62.5 26 -1 0 -1
0 1 0 28.4 62.5 26 -1 0 -1
0 1 0 28.5 62.5 26 -1 0 -1
0 1 0 28.5 62.5 26 -1 0 -1
0 1 0 28.5 62.5 26 -1 0 -1
0 1 0 28.5 62.5 26 -1 0 -1
0 1 0 28.4 62.5 26 -1 0 -1
0 1 3 28.4 62.5 24 -1 0 -1
0 1 0 28.5 62.5 24 -1 0 -1
0 1 0 28.5 62.5 24 -1 0 -1
0 1 0 28.5 62.5 24 -1 0 -1
0 1 0 28.5 62.5 28 -1 0 -1
0 1 0 28.4 62.5 26 -1 0 -1
0 1 0 28.5 62.5 26 -1 0 -1
0 1 0 28.4 62.5 26 -1 0 -1
0 1 0 28.5 62.5 24 -1 0 -1
0 1 0 28.4 62.5 24 -1 0 -1
0 1 0 28.5 62.5 22 -1 0 -1
0 1 0 28.4 62.5 22 -1 0 -1
0 1 0 28.4 62.0 22 -1 0 -1
0 1 0 28.4 62.5 22 -1 0 -1
0 1 0 28.3 62.0 24 -1 0 -1
0 1 0 28.4 62.0 24 -1 0 -1
0 1 0 28.4 62.0 24 -1 0 -1
0 1 0 28.3 62.0 24 -1 0 -1
0 1 0 28.4 62.0 21 -1 0 -1
0 1 0 28.4 62.0 21 -1 0 -1
0 1 0 28.4 62.0 21 -1 0 -1
0 1 0 28.4 62.5 19 -1 0 -1
0 1 0 28.4 62.0 19 -1 0 -1
0 1 0 28.4 62.0 19 -1 0 -1
0 1 0 28.3 62.0 19 -1 0 -1
0 1 0 28.3 62.0 19 -1 0 -1
0 1 0 28.3 62.0 19 -1 0 -1
0 1 0 28.3 62.0 19 -1 0 -1
0 1 0 28.3 62.0 19 -1 0 -1
0 1 0 28.3 62.0 21 -1 0 -1
0 1 0 28.3 62.0 21 -1 0 -1
0 1 0 28.3 62.0 21 -1 0 -1
0 1 0 28.3 62.0 21 -1 0 -1
0 1 0 28.3 62.0 19 -1 0 -1
0 1 0 28.3 62.0 19 -1 0 -1
0 1 0 28.3 62.0 21 -1 0 -1
0 1 0 28.2 62.0 21 -1 0 -1
0 1 0 28.3 62.0 19 -1 0 -1
0 1 0 28.3 62.0 19 -1 0 -1
0 1 0 28.3 62.0 19 -1 0 -1
0 1 0 28.2 62.0 19 -1 0 -1
0 1 0 28.2 62.0 19 -1 0 -1
0 1 0 28.3 62.0 19 -1 0 -1
0 1 0 28.3 62.0 19 -1 0 -1
0 1 0 28.3 62.0 19 -1 0 -1
0 1 0 28.3 62.0 19 -1 0 -1
0 1 0 28.3 62.0 19 -1 0 -1
0 1 0 28.2 62.0 19 -1 0 -1
0 1 0 28.2 62.0 17 -1 0 -1
0 1 0 28.3 62.0 17 -1 0 -1
0 1 0 28.3 62.0 17 -1 0 -1
0 1 0 28.2 62.0 19 -1 0 -1
0 1 0 28.2 62.0 19 -1 0 -1
0 1 0 28.2 62.0 19 -1 0 -1
0 1 0 28.3 61.5 19 -1 0 -1
0 1 0 28.3 61.5 17 -1 0 -1
0 1 0 28.2 61.5 17 -1 0 -1
0 1 0 28.2 61.5 17 -1 0 -1
0 1 0 28.2 61.5 17 -1 0 -1
0 1 0 28.3 61.5 17 -1 0 -1
0 1 0 28.2 62.0 15 -1 0 -1
0 1 0 28.2 62.0 15 -1 0 -1
0 1 0 28.3 62.0 15 -1 0 -1
0 1 0 28.2 62.0 17 -1 0 -1
0 1 0 28.1 62.0 17 -1 0 -1
0 1 0 28.2 61.5 17 -1 0 -1
0 1 0 28.2 61.5 15 -1 0 -1
0 1 0 28.2 61.5 15 -1 0 -1
0 1 0 28.1 61.5 15 -1 0 -1
0 1 0 28.2 61.5 15 -1 0 -1
0 1 0 28.2 61.5 15 -1 0 -1
0 1 0 28.2 61.5 15 -1 0 -1
0 1 0 28.1 62.0 15 -1 0 -1
0 1 0 28.1 61.5 15 -1 0 -1
0 1 0 28.2 61.5 15 -1 0 -1
0 1 0 28.2 61.5 15 -1 0 -1
0 1 0 28.2 61.5 15 -1 0 -1
0 1 0 28.2 61.5 15 -1 0 -1
0 1 0 28.1 61.5 15 -1 0 -1
0 1 0 28.2 61.5 15 -1 0 -1
0 1 0 28.1 61.5 15 -1 0 -1
0 1 0 28.2 61.5 15 -1 0 -1
0 1 0 28.1 61.5 15 -1 0 -1
0 1 0 28.2 61.5 15 -1 0 -1
0 1 0 28.1 61.5 15 -1 0 -1
0 1 0 28.1 61.5 15 -1 0 -1
0 1 0 28.1 61.5 15 -1 0 -1
0 1 0 28.2 61.5 15 -1 0 -1
0 1 0 28.2 61.5 15 -1 0 -1
0 1 0 28.1 61.5 15 -1 0 -1
0 1 0 28.3 61.5 13 -1 0 -1
0 1 0 28.1 61.5 13 -1 0 -1
0 1 0 28.2 61.5 13 -1 0 -1
0 1 0 28.2 61.5 17 -1 0 -1
0 1 0 28.1 61.5 17 -1 0 -1
0 1 0 28.1 61.5 17 -1 0 -1
0 1 0 28.1 61.5 17 -1 0 -1
0 1 0 28.1 61.5 17 -1 0 -1
0 1 0 28.1 61.5 17 -1 0 -1
0 1 0 28.1 61.5 17 -1 0 -1
0 1 0 28.1 61.5 17 -1 0 -1
0 1 0 28.1 61.5 13 -1 0 -1
0 1 0 28.1 61.5 13 -1 0 -1
0 1 0 28.1 61.5 13 -1 0 -1
0 1 0 28.1 61.5 17 -1 0 -1
0 1 0 28.2 61.5 13 -1 0 -1
0 1 0 28.1 61.5 13 -1 0 -1
0 1 0 28.1 61.5 14 -1 0 -1
0 1 0 28.1 61.5 14 -1 0 -1
0 1 0 28.1 61.5 13 -1 0 -1
0 1 0 28.1 61.5 13 -1 0 -1
0 1 0 28.1 61.5 13 -1 0 -1
0 1 0 28.1 61.5 15 -1 0 -1
0 1 0 28.1 61.5 15 -1 0 -1
0 1 0 28.2 61.5 15 -1 0 -1
0 1 0 28.1 61.5 15 -1 0 -1
0 1 0 28.1 61.5 15 -1 0 -1
0 1 0 28.1 61.0 15 -1 0 -1
0 1 0 28.1 61.5 15 -1 0 -1
0 1 0 28.2 61.5 17 -1 0 -1
0 1 0 28.1 61.0 13 -1 0 -1
0 1 0 28.1 61.5 17 -1 0 -1
0 1 0 28.1 61.0 15 -1 0 -1
0 1 0 28.1 61.0 15 -1 0 -1
0 1 0 28.1 61.0 13 -1 0 -1
0 1 0 28.1 61.0 13 -1 0 -1
0 1 0 28.1 61.0 15 -1 0 -1
0 1 0 28.1 61.0 15 -1 0 -1
0 1 0 28.2 61.0 17 -1 0 -1
0 1 0 28.1 61.0 15 -1 0 -1
0 1 0 28.1 61.0 15 -1 0 -1
0 1 0 28.1 61.0 17 -1 0 -1
0 1 0 28.1 61.0 15 -1 0 -1
0 1 0 28.1 61.0 13 -1 0 -1
0 1 0 28.0 61.0 14 -1 0 -1
0 1 0 28.1 61.0 15 -1 0 -1
0 1 0 28.1 61.0 15 -1 0 -1
0 1 0 28.1 61.0 15 -1 0 -1
0 1 0 28.1 61.0 15 -1 0 -1
0 1 0 28.1 61.0 13 -1 0 -1
0 1 0 28.0 61.0 17 -1 0 -1
0 1 0 28.0 61.0 13 -1 0 -1
0 1 0 28.1 61.0 13 -1 0 -1
0 1 0 28.0 60.5 14 -1 0 -1
0 1 0 28.1 61.0 16 -1 0 -1
0 1 0 28.0 60.5 16 -1 0 -1
0 1 0 28.1 60.5 12 -1 0 -1
0 1 0 28.1 60.5 13 -1 0 -1
0 1 0 28.0 60.5 9 -1 0 -1
0 1 0 28.0 60.5 12 -1 0 -1
0 1 0 28.0 60.5 15 -1 0 -1
0 1 0 28.0 60.5 15 -1 0 -1
0 1 0 28.1 60.5 15 -1 0 -1
0 1 0 28.0 60.5 15 -1 0 -1
0 1 0 28.0 60.5 15 -1 0 -1
0 1 0 28.1 60.5 15 -1 0 -1
0 1 0 28.0 60.5 15 -1 0 -1
0 1 0 28.1 60.5 15 -1 0 -1
0 1 0 28.0 60.0 13 -1 0 -1
0 1 0 28.0 60.0 13 -1 0 -1
0 1 0 28.0 60.0 12 -1 0 -1
0 1 0 28.0 60.0 14 -1 0 -1
0 1 1 28.0 60.0 12 c26 0 -1
0 1 10 28.0 60.0 4 c26 0 7
0 1 4 27.9 60.0 0 c26 0 7
0 1 0 27.9 59.0 2 c26 0 7
0 1 0 27.8 59.0 2 c26 0 7
0 1 0 27.7 58.5 2 c26 0 7
0 1 5 27.6 58.0 2 c26 0 7
0 1 0 27.6 58.0 2 c26 0 7
0 1 0 27.4 57.5 2 c26 0 7
0 1 0 27.3 57.0 2 c26 0 7
0 1 1 27.3 57.0 2 c26 0 7
0 1 5 27.1 56.5 2 c26 0 7
0 1 0 27.0 56.0 2 c26 0 7
0 1 0 27.0 56.0 2 c26 0 7
0 1 0 26.9 55.5 2 c26 0 7
0 1 0 26.8 55.5 2 c26 0 7
0 1 0 26.8 55.5 2 c26 0 7
0 1 0 26.7 55.5 2 c26 0 7
0 1 1 26.7 55.0 2 c26 0 7
0 1 0 26.6 55.0 2 c26 0 7
0 1 0 26.6 55.0 2 c26 0 7
0 1 0 26.6 55.0 2 c26 0 7
0 1 0 26.5 55.0 2 c26 0 7
0 1 0 26.4 55.0 2 c26 0 7
0 1 0 26.4 54.5 2 c26 0 7
0 1 0 26.4 54.5 2 c26 0 7
0 1 0 26.3 54.5 2 c26 0 7
0 1 0 26.3 54.5 2 c26 0 7
0 1 0 26.2 54.5 2 c26 0 7
0 1 0 26.2 54.5 2 c26 0 7
0 1 1 26.2 54.5 2 c26 0 7
0 1 0 26.2 54.5 2 c26 0 7
0 1 0 26.1 54.5 2 c26 0 7
0 1 0 26.1 54.5 2 c26 0 7
0 1 0 26.1 54.5 2 c26 0 7
0 1 0 26.1 54.5 2 c26 0 7
0 1 0 26.0 54.5 2 c26 0 7
0 1 0 26.0 54.5 2 c26 0 7
0 1 0 25.9 54.0 2 c26 0 7
0 1 0 25.9 54.0 2 c26 0 7
0 1 0 25.9 54.0 2 c26 0 7
0 1 0 25.8 54.0 2 c26 0 7
0 1 0 25.8 54.0 2 c26 0 7
0 1 0 25.7 54.0 2 c26 0 7
0 1 0 25.7 54.0 2 c26 0 7
0 1 0 25.7 54.0 2 c26 0 7
0 1 0 25.7 54.0 2 c26 0 7
0 1 0 25.6 54.0 2 c26 0 7
0 1 0 25.6 54.0 2 c26 0 7
0 1 0 25.5 54.0 2 c26 0 7
0 1 0 25.6 54.0 2 c26 0 7
0 1 0 25.5 54.0 2 c26 0 7
0 1 0 25.5 54.0 2 c26 0 7
0 1 0 25.5 54.0 2 c26 0 7
0 1 0 25.4 54.0 2 c26 0 7
0 1 0 25.4 54.0 2 c26 0 7
0 1 0 25.4 54.5 4 c26 0 7
0 1 0 25.4 54.5 2 c26 0 7
0 1 0 25.4 54.5 2 c26 0 7
0 1 0 25.4 54.5 2 c26 0 7
0 1 0 25.4 54.5 2 c26 0 7
0 1 0 25.3 54.5 2 c26 0 7
0 1 0 25.3 54.5 2 c26 0 7
0 1 0 25.3 54.5 2 c26 0 7
0 1 0 25.2 54.0 2 c26 0 7
0 1 0 25.2 54.0 2 c26 0 7
0 1 0 25.2 54.0 2 c26 0 7
0 1 0 25.2 54.0 2 c26 0 7
0 1 0 25.2 54.0 2 c26 0 7
0 1 0 25.2 54.0 2 c26 0 7
0 1 0 25.1 54.0 2 c26 0 7
0 1 0 25.1 54.0 2 c26 0 7
0 1 1 25.0 54.0 2 c26 0 7
0 1 2 25.1 54.0 2 -1 0 7
0 1 24 25.1 54.0 2 -1 0 7
0 1 0 25.0 54.0 2 -1 0 7
0 1 0 25.0 54.0 2 -1 0 7
0 1 0 25.1 54.0 2 -1 0 7
0 1 0 25.2 54.0 2 -1 0 7
0 1 0 25.2 54.0 2 -1 0 7
0 1 0 25.3 54.0 2 -1 0 7
0 1 0 25.3 54.0 2 -1 0 7
0 1 0 25.4 54.0 0 -1 0 7
0 1 0 25.4 54.0 2 -1 0 7
0 1 0 25.5 54.0 2 -1 0 7
0 1 0 25.5 54.5 2 -1 0 7
0 1 0 25.7 54.5 0 -1 0 7
0 1 0 25.7 54.5 0 -1 0 7
0 1 0 25.7 54.5 0 -1 0 7
0 1 0 25.8 55.0 0 -1 0 7
0 1 0 25.9 55.0 2 -1 0 7
0 1 0 25.9 55.0 2 -1 0 7
0 1 0 25.9 55.0 0 -1 0 7
0 1 0 26.0 55.0 0 -1 0 7
0 1 0 26.0 55.5 0 -1 0 7
0 1 0 26.1 55.5 0 -1 0 7
0 1 0 26.1 55.5 0 -1 0 7
0 1 0 26.2 56.0 0 -1 0 7
0 1 0 26.2 56.0 0 -1 0 7
0 1 0 26.3 56.0 2 -1 0 7
0 1 0 26.3 56.5 2 -1 0 7
0 1 0 26.3 56.5 2 -1 0 7
0 1 0 26.3 56.5 2 -1 0 7
0 1 0 26.3 56.5 2 -1 0 7
0 1 0 26.4 56.5 2 -1 0 7
0 1 0 26.3 56.5 2 -1 0 7
0 1 0 26.5 56.5 2 -1 0 7
0 1 0 26.4 56.5 2 -1 0 7
0 1 0 26.5 57.0 2 -1 0 7
0 1 0 26.6 57.0 2 -1 0 7
0 1 0 26.6 57.0 2 -1 0 7
0 1 0 26.6 57.0 2 -1 0 7
0 1 0 26.6 57.0 2 -1 0 7
0 1 0 26.7 57.0 2 -1 0 7
0 1 0 26.7 57.0 0 -1 0 7
0 1 0 26.7 57.5 2 -1 0 7
0 1 0 26.7 57.5 0 -1 0 7
0 1 0 26.7 57.5 0 -1 0 7
0 1 2 26.8 57.5 0 -1 0 7
0 1 54 26.8 57.5 30 -1 7 7
0 1 35 26.8 58.0 30 -1 7 7
0 1 22 26.9 58.0 32 -1 7 7
0 1 26 26.9 58.5 30 -1 7 7
0 1 31 26.9 58.5 28 -1 7 7
0 1 31 27.1 58.0 28 -1 7 7
0 1 25 27.0 57.5 30 -1 7 7
0 1 14 26.9 57.0 30 -1 7 7
0 1 11 26.8 57.0 30 -1 7 7
0 1 12 26.8 56.5 30 -1 7 7
0 1 11 26.7 56.5 28 -1 7 7
0 1 26 26.6 56.0 31 -1 7 7
0 1 17 26.6 56.0 31 -1 7 7
0 1 14 26.5 55.5 31 -1 7 7
0 1 14 26.5 55.5 31 -1 7 7
0 1 5 26.4 55.5 30 -1 7 7
0 1 15 26.4 55.0 30 -1 7 7
0 1 19 26.4 55.0 28 -1 7 7
0 1 9 26.3 55.0 28 -1 7 7
0 1 8 26.3 55.0 28 -1 7 7
0 1 1 26.2 54.5 31 -1 7 7
0 1 10 26.2 54.5 28 -1 7 7
0 1 4 26.2 54.5 31 -1 7 7
0 1 10 26.2 54.5 31 -1 7 7
0 1 26 26.1 54.5 28 -1 7 7
0 1 8 26.1 54.5 28 -1 7 7
0 1 3 26.0 54.5 28 -1 7 7
0 1 6 26.1 54.5 30 -1 7 7
0 1 4 26.1 54.5 30 -1 7 7
0 1 4 26.0 54.5 31 -1 7 7
0 1 19 26.0 54.5 31 -1 7 7
0 1 21 25.9 54.5 31 -1 7 7
0 1 6 25.9 54.5 28 -1 7 7
0 1 4 25.9 54.5 28 -1 7 7
0 1 19 25.9 54.5 29 -1 7 7
0 1 7 25.9 54.5 31 -1 7 7
0 1 17 25.9 54.5 31 -1 7 7
0 1 7 25.8 54.5 30 -1 7 7
0 1 12 25.8 54.5 30 -1 7 7
0 1 24 25.8 54.5 28 -1 7 7
0 1 28 25.8 54.0 30 -1 7 7
0 1 23 25.8 54.0 30 -1 7 7
0 1 20 25.8 54.0 30 -1 7 7
0 1 26 25.8 54.0 31 -1 7 7
0 1 26 25.8 54.0 29 -1 7 7
0 1 26 25.7 54.0 29 -1 7 7
0 1 10 25.7 54.0 29 -1 7 7
0 1 14 25.6 54.0 29 -1 7 7
0 1 6 25.6 54.0 31 -1 7 7
0 1 3 25.6 54.0 28 -1 7 7
0 1 3 25.5 54.0 31 -1 7 7
0 1 18 25.5 54.0 29 -1 7 7
0 1 16 25.5 54.0 29 -1 7 7
0 1 11 25.5 53.5 28 -1 7 7
0 1 16 25.5 54.0 30 -1 7 7
0 1 5 25.5 53.5 30 -1 7 7
0 1 10 25.5 53.5 30 -1 7 7
0 1 10 25.4 53.5 30 -1 7 7
0 1 9 25.4 53.5 31 -1 7 7
0 1 10 25.4 53.5 28 -1 7 7
0 1 1 25.4 53.5 28 -1 7 7
0 1 11 25.3 53.5 31 -1 7 7
0 1 6 25.3 53.5 28 -1 7 7
0 1 13 25.4 53.5 28 -1 7 7
0 1 6 25.3 53.5 29 -1 7 7
0 1 8 25.3 53.5 28 -1 7 7
0 1 2 25.2 53.5 29 -1 7 7
0 1 0 25.2 53.5 30 -1 7 7
0 1 0 25.2 53.5 30 -1 7 7
0 1 0 25.1 53.5 29 -1 7 7
0 1 0 25.2 53.5 31 -1 7 7
1 1 15 25.1 53.5 28 -1 7 7
0 1 13 25.1 53.5 28 -1 7 7
0 1 40 25.1 53.5 28 c25 7 7
0 1 47 25.1 53.5 28 c25 7 7
0 1 22 25.1 53.5 28 c25 7 7
0 1 30 25.1 53.5 29 c25 7 7
0 1 13 25.2 53.5 29 c25 7 7
0 1 20 25.3 53.5 29 c25 7 7
0 1 3 25.3 53.5 29 c25 7 7
0 1 21 25.4 54.0 29 c25 7 7
0 1 15 25.6 54.0 31 c25 7 7
0 1 17 25.6 54.0 29 c25 7 7
0 1 24 25.6 54.0 28 c25 7 7
0 1 23 25.8 54.0 30 c25 7 7
0 1 21 25.8 54.0 28 c25 7 7
0 1 14 25.9 54.0 29 c25 7 7
0 1 18 25.9 54.0 29 c25 7 7
0 1 28 25.9 54.0 31 c25 7 7
0 1 25 26.0 54.0 29 c25 7 7
0 1 28 26.0 54.5 28 c25 7 7
0 1 10 26.1 54.5 29 c25 7 7
0 1 9 26.1 54.5 31 c25 7 7
0 1 23 26.1 54.5 28 c25 7 7
0 1 19 26.2 54.5 29 c25 7 7
0 1 12 26.3 54.5 31 c25 7 7
0 1 24 26.3 54.5 29 c25 7 7
0 1 25 26.3 54.5 31 c25 7 7
0 1 31 26.4 54.5 29 c25 7 7
0 1 11 26.4 54.5 31 c25 7 7
0 1 13 26.4 54.5 29 c25 7 7
0 1 18 26.4 54.5 29 c25 7 7
0 1 19 26.5 54.5 30 c25 7 7
0 1 14 26.5 55.0 30 c25 7 7
0 1 10 26.5 55.0 30 c25 7 7
0 1 13 26.6 55.0 30 c25 7 7
0 1 24 26.6 55.0 31 c25 7 7
0 1 36 26.6 55.0 30 c25 7 7
0 1 17 26.6 55.0 30 c25 7 7
0 1 35 26.6 55.0 30 c25 7 7
0 1 19 26.6 55.0 30 c25 7 7
0 1 31 26.8 55.0 30 c25 7 7
0 1 14 26.7 55.0 28 c25 7 7
0 1 24 26.7 55.0 30 c25 7 7
0 1 7 26.8 55.0 30 c25 7 7
0 1 27 26.7 55.0 30 c25 7 7
0 1 37 26.8 55.0 28 c25 7 7
0 1 28 26.8 55.0 31 c25 7 7
0 1 15 26.9 55.0 30 c25 7 7
0 1 18 26.8 55.0 30 c25 7 7
0 1 7 26.9 55.0 30 c25 7 7
0 1 12 26.8 55.0 30 c25 7 7
0 1 16 26.9 55.0 28 c25 7 7
0 1 2 26.9 55.0 30 c25 7 7
0 1 19 26.9 55.5 31 c25 7 7
0 1 24 26.9 55.5 29 c25 7 7
0 1 24 26.9 55.5 29 c25 7 7
0 1 19 27.0 55.5 29 c25 7 7
0 1 24 27.0 55.5 29 c25 7 7
0 1 17 27.0 55.5 29 c25 7 7
0 1 31 27.1 55.5 29 c25 7 7
0 1 8 27.1 55.5 29 c25 7 7
0 1 8 27.1 55.5 29 c25 7 7
0 1 12 27.1 55.5 29 c25 7 7
0 1 20 27.1 55.5 29 c25 7 7
0 1 29 27.2 55.5 29 c25 7 7
0 1 27 27.2 55.5 29 c25 7 7
0 1 27 27.2 55.5 29 c25 7 7
0 1 17 27.2 55.5 29 c25 7 7
0 1 19 27.3 55.5 29 c25 7 7
0 1 19 27.2 55.5 29 c25 7 7
0 1 22 27.3 55.5 29 c25 7 7
0 1 34 27.3 55.5 31 c25 7 7
0 1 12 27.2 55.5 28 c25 7 7
0 1 18 27.4 55.5 28 c25 7 7
0 1 19 27.3 55.5 30 c25 7 7
0 1 28 27.4 55.5 28 c25 7 7
0 1 18 27.3 56.0 30 c25 7 7
0 1 29 27.4 56.0 30 c25 7 7
0 1 29 27.4 55.5 30 c25 7 7
0 1 9 27.5 56.0 30 c25 7 7
0 1 8 27.5 56.0 28 c25 7 7
0 1 10 27.5 56.0 30 c25 7 7
0 1 9 27.5 56.0 30 c25 7 7
0 1 16 27.5 56.0 29 c25 7 7
0 1 24 27.6 56.0 29 c25 7 7
0 1 5 27.5 56.0 29 c25 7 7
0 1 1 27.6 56.0 29 c25 7 7
0 1 25 27.6 56.0 29 c25 7 7
0 1 9 27.6 56.0 29 c25 7 7
0 1 12 27.7 56.0 29 c25 7 7
0 1 2 27.7 56.0 29 c25 7 7
0 1 17 27.7 56.5 29 c25 7 7
0 1 27 27.6 56.5 29 c25 7 7
0 1 18 27.8 56.5 29 c25 7 7
0 1 29 27.8 56.5 29 c25 7 7
0 1 22 27.8 56.5 29 c25 7 7
0 1 15 27.8 56.5 29 c25 7 7
0 1 4 27.9 56.5 29 c25 7 7
0 1 12 27.7 56.5 29 c25 7 7
0 1 15 27.8 56.5 29 c25 7 7
0 1 4 27.8 56.5 29 c25 7 7
0 1 12 27.8 56.5 29 c25 7 7
0 1 5 27.9 56.5 29 c25 7 7
0 1 3 27.9 56.5 29 c25 7 7
0 1 4 27.9 57.0 29 c25 7 7
0 1 11 27.9 57.0 29 c25 7 7
0 1 19 28.0 57.0 29 c25 7 7
0 1 8 28.0 57.0 29 c25 7 7
0 1 6 28.0 57.0 29 c25 7 7
0 1 14 28.0 57.0 29 c25 7 7
0 1 26 28.0 57.0 29 c25 7 7
0 1 18 28.1 57.0 29 c25 7 7
0 1 7 28.0 57.0 29 c25 7 7
0 1 11 28.1 57.0 29 c25 7 7
0 1 10 28.1 57.0 29 c25 7 7
0 1 13 28.1 57.0 29 c25 7 7
0 1 18 28.1 57.0 29 c25 7 7
0 1 29 28.1 57.0 29 c25 7 7
0 1 24 28.1 57.0 27 c25 7 7
0 1 23 28.2 57.0 29 c25 7 7
0 1 27 28.2 57.0 29 c25 7 7
0 1 10 28.1 57.0 29 c25 7 7
0 1 13 28.1 57.0 29 c25 7 7
0 1 23 28.1 57.0 29 c25 7 7
0 1 18 28.1 57.0 29 c25 7 7
0 1 14 28.2 57.0 29 c25 7 7
0 1 6 28.2 57.0 29 c25 7 7
0 1 2 28.1 57.0 29 c25 7 7
0 1 19 28.2 57.0 27 c25 7 7
0 1 16 28.2 56.5 29 c25 7 7
0 1 15 28.2 56.5 29 c25 7 7
0 1 2 28.2 56.5 29 c25 7 7
0 1 3 28.1 57.0 27 c25 7 7
0 1 5 28.2 56.5 29 c25 7 7
0 1 10 28.2 57.0 29 c25 7 7
0 1 6 28.3 56.5 29 c25 7 7
0 1 0 28.3 56.5 29 c25 7 7
0 1 0 28.2 56.5 29 c25 7 7
0 1 2 28.3 56.5 29 c25 7 7
0 1 0 28.3 57.0 29 c25 7 7
0 1 1 28.3 57.0 29 c25 7 7
0 1 2 28.3 57.0 29 c25 7 7
0 1 4 28.3 57.0 29 c25 7 7
0 1 9 28.3 57.0 29 c25 7 7
0 1 8 28.3 57.0 29 c25 7 7
0 1 12 28.3 57.0 29 c25 7 7
0 1 17 28.3 57.0 29 c25 7 7
0 1 4 28.4 56.5 29 c25 7 7
0 1 0 28.3 57.0 29 c25 7 7
0 1 12 28.4 57.0 29 c25 7 7
1 1 20 28.4 57.0 27 c25 7 7
0 1 7 28.4 56.5 27 c25 7 7
0 1 10 28.4 57.0 27 c25 7 7
0 1 18 28.4 57.0 27 c25 7 7
0 1 1 28.5 57.0 29 c25 7 7
0 1 2 28.5 57.0 29 c25 7 7
0 1 9 28.5 57.5 29 c25 7 7
0 1 0 28.5 57.5 29 c25 7 7
0 1 3 28.5 57.5 29 c25 7 7
0 1 24 28.5 57.5 27 c25 7 7
0 1 1 28.5 57.5 27 c25 7 7
0 1 12 28.6 57.0 27 c25 7 7
0 1 16 28.5 57.0 27 c25 7 7
0 1 10 28.4 57.0 1 c25 0 7
0 1 0 28.5 57.5 1 c25 0 7
0 1 0 28.5 57.5 1 c25 0 7
0 1 0 28.4 57.5 1 c25 0 7
0 1 0 28.5 57.5 1 c25 0 7
0 1 0 28.5 57.5 2 c25 0 7
0 1 0 28.5 57.5 1 c25 0 7
0 1 0 28.5 57.5 1 c25 0 7
0 1 0 28.4 57.5 1 c25 0 7
0 1 0 28.4 57.5 1 c25 0 7
0 1 0 28.4 57.5 1 c25 0 7
0 1 0 28.5 57.0 1 c25 0 7
0 1 0 28.5 57.0 2 c25 0 7
0 1 0 28.5 57.5 2 c25 0 7
0 1 0 28.5 57.5 2 c25 0 7
0 1 0 28.5 57.5 2 c25 0 7
0 1 0 28.5 57.5 2 c25 0 7
0 1 0 28.5 57.5 2 c25 0 7
0 1 0 28.4 57.5 2 c25 0 7
0 1 0 28.5 57.5 2 c25 0 7
0 1 0 28.4 57.5 2 c25 0 7
0 1 0 28.4 57.5 2 c25 0 7
0 1 0 28.4 57.5 2 c25 0 7
0 1 0 28.4 57.5 2 c25 0 7
0 1 0 28.4 57.0 2 c25 0 7
0 1 0 28.4 57.5 2 c25 0 7
0 1 0 28.4 57.5 2 c25 0 7
0 1 0 28.4 57.5 2 c25 0 7
0 1 0 28.4 57.5 2 c25 0 7
0 1 0 28.4 57.5 2 c25 0 7
0 1 0 28.4 57.5 2 c25 0 7
0 1 0 28.4 57.5 2 c25 0 7
0 1 0 28.4 57.5 2 c25 0 7
0 1 0 28.4 57.5 2 c26 0 7
0 1 7 28.4 57.5 8 c26 1 7
0 1 4 28.4 57.0 8 c26 1 7
0 1 0 28.3 56.5 8 c26 1 7
0 1 0 28.2 55.5 8 c26 1 7
0 1 2 28.0 54.5 8 -1 1 7
0 1 17 27.9 54.0 2 -1 0 7
0 1 0 27.7 53.5 2 -1 0 7
0 1 0 27.7 53.5 2 -1 0 7
0 1 0 27.7 53.5 1 -1 0 7
0 1 0 27.7 54.0 2 -1 0 7
0 1 0 27.6 53.5 2 -1 0 7
0 1 0 27.8 54.0 1 -1 0 7
0 1 0 27.7 54.0 2 -1 0 7
0 1 0 27.8 54.0 2 -1 0 7
0 1 0 27.8 54.0 2 -1 0 7
0 1 0 27.8 54.0 2 -1 0 7
0 1 0 27.8 54.0 2 -1 0 7
0 1 0 27.9 54.0 2 -1 0 7
0 1 0 27.8 54.0 2 -1 0 7
0 1 0 27.9 54.0 2 -1 0 7
0 1 0 27.9 54.0 2 -1 0 7
0 1 0 27.9 54.0 2 -1 0 7
0 1 0 27.9 54.0 2 -1 0 7
0 1 0 27.9 53.5 2 -1 0 7
0 1 0 27.9 54.0 2 -1 0 7
0 1 0 27.9 53.5 2 -1 0 7
0 1 0 28.0 54.0 2 -1 0 7
0 1 0 28.0 54.0 2 -1 0 7
0 1 0 28.0 54.0 2 -1 0 7
0 1 0 28.0 54.0 2 -1 0 7
0 1 0 27.9 54.0 2 -1 0 7
0 1 0 27.9 54.0 2 -1 0 7
0 1 0 28.0 54.0 2 -1 0 7
0 1 0 28.1 54.0 1 -1 0 7
0 1 0 28.0 54.0 2 -1 0 7
0 1 0 28.0 54.0 2 -1 0 7
0 1 0 28.1 54.0 2 -1 0 7
0 1 0 28.0 54.0 2 -1 0 7
0 1 0 28.0 54.0 2 -1 0 7
0 1 0 28.1 54.0 1 -1 0 7
0 1 0 28.0 54.5 1 -1 0 7
0 1 0 28.1 54.5 1 -1 0 7
0 1 0 28.0 54.5 2 -1 0 7
0 1 0 28.0 54.5 2 -1 0 7
0 1 0 28.0 54.5 2 -1 0 7
0 1 0 28.1 54.5 2 -1 0 7
0 1 0 28.1 54.5 2 -1 0 7
0 1 0 28.1 54.5 2 -1 0 7
0 1 0 28.1 55.0 2 -1 0 7
0 1 0 28.1 55.0 2 -1 0 7
0 1 0 28.1 55.0 2 -1 0 7
0 1 0 28.0 55.0 2 -1 0 7
0 1 0 28.1 55.0 2 -1 0 7
0 1 0 28.1 55.0 2 -1 0 7
0 1 0 28.1 55.0 2 -1 0 7
0 1 0 28.1 55.0 2 -1 0 7
0 1 0 28.1 55.0 2 -1 0 7
0 1 0 28.1 55.0 2 -1 0 7
0 1 0 28.1 55.0 2 -1 0 7
0 1 0 28.1 55.0 2 -1 0 7
0 1 0 28.1 55.5 2 -1 0 7
0 1 0 28.1 55.5 2 -1 0 7
0 1 0 28.1 55.5 2 -1 0 7
0 1 0 28.2 55.5 2 -1 0 7
0 1 0 28.1 55.5 2 -1 0 7
0 1 0 28.1 55.5 2 -1 0 7
0 1 0 28.1 55.5 2 -1 0 7
0 1 0 28.2 56.0 2 -1 0 7
0 1 0 28.2 56.0 2 -1 0 7
0 1 0 28.1 56.0 2 -1 0 7
0 1 0 28.2 56.0 2 -1 0 7
0 1 0 28.1 56.0 2 -1 0 7
0 1 0 28.2 56.0 2 -1 0 7
0 1 0 28.2 56.0 2 -1 0 7
0 1 0 28.1 56.0 2 -1 0 7
0 1 0 28.2 56.0 2 -1 0 7
0 1 0 28.1 56.0 2 -1 0 7
0 1 0 28.2 55.5 2 -1 0 7
0 1 0 28.2 55.5 2 -1 0 7
0 1 0 28.2 55.5 2 -1 0 7
0 1 0 28.1 56.0 2 -1 0 7
0 1 0 28.2 56.0 2 -1 0 7
0 1 0 28.2 56.0 2 -1 0 7
0 1 0 28.2 56.0 2 -1 0 7
0 1 0 28.2 56.0 2 -1 0 7
0 1 0 28.2 56.0 2 -1 0 7
0 1 0 28.2 56.0 2 -1 0 7
0 1 0 28.2 56.0 2 -1 0 7
0 1 0 28.2 56.0 2 -1 0 7
0 1 0 28.2 56.0 2 -1 0 7
0 1 0 28.3 56.5 2 -1 0 7
0 1 0 28.2 56.5 2 -1 0 7
0 1 0 28.3 56.5 2 -1 0 7
0 1 0 28.3 56.5 2 -1 0 7
0 1 0 28.3 56.5 2 -1 0 7
0 1 0 28.3 56.5 2 -1 0 7
0 1 0 28.2 56.5 2 -1 0 7
0 1 0 28.3 56.5 2 -1 0 7
0 1 0 28.2 56.5 2 -1 0 7
0 1 0 28.2 56.5 2 -1 0 7
0 1 0 28.2 56.5 2 -1 0 7
0 1 0 28.3 56.5 2 -1 0 7
0 1 0 28.3 56.5 2 -1 0 7
0 1 1 28.3 56.5 14 -1 0 7
0 1 20 28.3 56.5 31 -1 0 7
0 1 1 28.3 57.0 31 -1 7 7
0 1 5 28.3 56.5 29 -1 7 7
0 1 9 28.3 57.0 29 -1 7 7
0 1 4 28.3 57.0 29 -1 7 7
0 1 11 28.4 57.0 29 -1 7 7
0 1 10 28.4 57.0 29 -1 7 7
0 1 2 28.3 57.0 29 -1 7 7
0 1 6 28.4 57.5 29 -1 7 7
0 1 3 28.4 57.5 29 -1 7 7
0 1 2 28.4 57.0 29 -1 7 7
0 1 8 28.4 57.0 29 -1 7 7
0 1 4 28.4 57.5 29 -1 7 7
0 1 0 28.5 57.5 29 -1 7 7
0 1 4 28.5 57.5 29 -1 7 7
0 1 0 28.5 57.5 29 -1 7 7
0 1 6 28.5 57.5 29 -1 7 7
0 1 4 28.5 57.5 29 -1 7 7
0 1 2 28.5 57.5 29 -1 7 7
0 1 1 28.6 57.5 29 -1 7 7
0 1 2 28.5 57.5 29 -1 7 7
0 1 1 28.6 57.5 29 -1 7 7
0 1 7 28.6 57.5 29 -1 7 7
0 1 3 28.6 57.5 29 -1 7 7
0 1 10 28.5 57.5 29 -1 7 7
0 1 7 28.7 57.5 29 -1 7 7
0 1 16 28.5 57.5 29 -1 7 7
0 1 13 28.6 57.5 29 -1 7 7
0 1 13 28.6 57.5 27 -1 7 7
0 1 13 28.6 57.5 29 -1 7 7
0 1 2 28.6 57.5 29 -1 7 7
0 1 4 28.6 57.5 29 -1 7 7
0 1 17 28.6 57.5 29 c26 7 7
0 1 29 28.7 57.5 29 c26 7 7
0 1 5 28.6 57.5 29 c26 7 7
0 1 8 28.6 56.5 29 c26 7 7
0 1 8 28.5 55.5 29 c26 7 7
0 1 15 28.3 54.5 29 c26 7 7
0 1 8 28.2 53.5 29 c26 7 7
0 1 0 28.0 53.0 29 c26 7 7
0 1 11 27.9 52.5 29 c26 7 7
0 1 3 27.7 51.5 29 c26 7 7
0 1 4 27.6 51.5 29 c26 7 7
0 1 2 27.5 51.0 29 c26 7 7
0 1 5 27.4 50.0 29 c26 7 7
0 1 0 27.3 50.0 29 c26 7 7
0 1 2 27.3 49.5 29 c26 7 7
0 1 0 27.1 49.5 29 c26 7 7
0 1 1 27.1 49.0 27 c26 7 7
0 1 0 27.0 49.0 27 c26 7 7
0 1 7 26.9 48.5 27 c26 7 7
0 1 6 26.8 49.0 27 c26 7 7
0 1 4 26.8 49.0 27 c26 7 7
0 1 0 26.7 48.5 29 c26 7 7
0 1 4 26.7 48.5 29 c26 7 7
0 1 7 26.6 48.5 29 c26 7 7
0 1 2 26.6 48.5 29 c26 7 7
0 1 7 26.4 48.5 27 c26 7 7
0 1 2 26.5 48.5 29 c26 7 7
0 1 1 26.4 48.5 29 c26 7 7
0 1 0 26.4 48.0 29 c26 7 7
0 1 0 26.3 48.0 29 c26 7 7
0 1 0 26.2 48.0 29 c26 7 7
0 1 2 26.2 48.0 29 c26 7 7
0 1 0 26.2 47.5 29 c26 7 7
0 1 9 26.1 47.5 27 c26 7 7
0 1 3 26.1 47.0 27 c26 7 7
0 1 14 26.0 47.0 29 c26 7 7
1 1 30 25.9 47.0 25 c26 7 7
0 1 10 25.8 47.0 29 c26 7 7
0 1 0 25.9 47.5 29 c26 7 7
0 1 3 25.9 47.0 14 c26 7 7
0 1 3 25.8 47.0 2 c26 0 7
0 1 0 25.7 47.5 2 c26 0 7
0 1 0 25.7 48.0 2 c26 0 7
0 1 0 25.7 48.0 2 c26 0 7
0 1 0 25.7 48.0 2 c26 0 7
0 1 0 25.7 48.5 2 c26 0 7
0 1 0 25.6 48.5 2 c26 0 7
0 1 0 25.6 48.5 2 c26 0 7
0 1 0 25.6 48.5 2 c26 0 7
0 1 0 25.5 48.5 2 c26 0 7
0 1 0 25.5 48.5 2 c26 0 7
0 1 0 25.5 49.0 2 c26 0 7
0 1 0 25.5 49.0 2 c26 0 7
0 1 0 25.5 49.0 2 c26 0 7
0 1 0 25.5 49.0 2 c26 0 7
0 1 0 25.4 49.0 2 c26 0 7
0 1 0 25.4 49.0 2 c26 0 7
0 1 0 25.4 49.0 2 c26 0 7
0 1 0 25.4 49.0 2 c26 0 7
0 1 0 25.3 48.5 2 c26 0 7
0 1 0 25.3 49.0 2 c26 0 7
0 1 0 25.2 49.0 2 c26 0 7
0 1 0 25.3 49.0 2 c26 0 7
0 1 0 25.3 49.0 2 c26 0 7
0 1 0 25.2 49.5 2 c26 0 7
0 1 0 25.2 49.5 2 c26 0 7
0 1 0 25.2 49.5 2 c26 0 7
0 1 0 25.2 49.5 2 c26 0 7
0 1 0 25.2 49.5 2 c26 0 7
0 1 0 25.2 49.5 2 c26 0 7
0 1 0 25.2 49.5 2 c26 0 7
0 1 0 25.1 49.5 2 c26 0 7
0 1 0 25.0 49.5 2 c26 0 7
0 1 0 25.1 49.5 2 c26 0 7
0 1 0 25.0 49.0 2 c26 0 7
0 1 0 25.0 49.0 2 c26 0 7
0 1 0 25.0 49.0 2 c26 0 7
0 1 0 24.9 49.0 2 c26 0 7
0 1 0 24.9 49.0 2 c26 0 7
0 1 0 24.9 49.0 2 c26 0 7
0 1 0 24.9 48.5 2 c26 0 7
0 1 0 24.9 48.5 2 c26 0 7
0 1 0 24.8 48.5 2 c26 0 7
0 1 0 24.8 48.5 2 c26 0 7
0 1 0 24.8 48.5 2 c26 0 7
0 1 0 24.8 48.5 2 c26 0 7
0 1 0 24.8 48.5 2 c26 0 7
0 1 0 24.7 48.5 2 c26 0 7
0 1 0 24.6 48.5 2 c26 0 7
0 1 0 24.6 48.5 2 c26 0 7
0 1 0 24.7 48.5 2 c26 0 7
0 1 0 24.6 48.5 2 c26 0 7
0 1 0 24.7 48.5 2 c26 0 7
0 1 0 24.6 48.5 2 c26 0 7
0 1 0 24.6 48.5 2 c26 0 7
0 1 0 24.6 48.5 2 c26 0 7
0 1 0 24.5 48.5 2 c26 0 7
0 1 0 24.5 48.5 2 c26 0 7
0 1 0 24.4 48.0 2 c26 0 7
0 1 0 24.5 48.5 2 c26 0 7
0 1 0 24.4 48.5 2 c26 0 7
0 1 0 24.4 48.5 2 c26 0 7
0 1 0 24.4 48.5 2 c26 0 7
0 1 0 24.4 48.5 2 c26 0 7
0 1 0 24.3 48.5 2 c26 0 7
0 1 0 24.3 48.0 2 c26 0 7
0 1 0 24.3 48.0 2 c26 0 7
0 1 0 24.4 48.0 2 c26 0 7
0 1 0 24.3 48.0 2 c26 0 7
0 1 0 24.3 48.0 2 c26 0 7
0 1 0 24.3 48.0 2 c26 0 7
0 1 0 24.3 48.5 2 c26 0 7
0 1 0 24.3 48.5 2 c26 0 7
0 1 0 24.3 48.5 2 c26 0 7
0 1 0 24.3 48.5 2 c26 0 7
0 1 0 24.3 48.5 2 c26 0 7
0 1 0 24.2 48.5 2 c26 0 7
0 1 0 24.3 48.5 2 c26 0 7
0 1 0 24.2 48.5 2 c26 0 7
0 1 0 24.2 48.5 2 c26 0 7
0 1 0 24.2 48.5 2 c26 0 7
0 1 0 24.2 48.5 2 c26 0 7
0 1 0 24.2 48.5 2 c26 0 7
0 1 0 24.1 49.0 2 c26 0 7
0 1 0 24.1 49.0 2 c26 0 7
0 1 0 24.1 49.0 2 c26 0 7
0 1 0 24.1 49.0 2 c26 0 7
0 1 0 24.1 49.0 2 c26 0 7
0 1 0 24.1 49.0 2 c26 0 7
0 1 0 24.0 49.0 2 c26 0 7
0 1 0 24.1 49.0 2 c26 0 7
0 1 0 24.1 49.0 2 c26 0 7
0 1 0 24.1 49.0 2 c26 0 7
