1 1 0 29.3 60.5 2 -1 0 -1
1 1 0 29.2 60.5 2 -1 0 -1
1 1 0 29.2 60.5 2 -1 0 -1
1 1 0 29.3 60.5 2 -1 0 -1
1 1 0 29.3 61.0 2 -1 0 -1
1 1 0 29.3 61.0 2 -1 0 -1
1 1 0 29.4 61.0 2 -1 0 -1
1 1 0 29.4 61.0 2 -1 0 -1
1 1 0 29.3 61.0 2 -1 0 -1
1 1 0 29.3 61.0 2 -1 0 -1
1 1 0 29.4 61.0 2 -1 0 -1
1 1 0 29.4 61.0 2 -1 0 -1
1 1 0 29.4 61.0 2 -1 0 -1
1 1 0 29.4 60.5 2 -1 0 -1
1 1 0 29.4 61.0 2 -1 0 -1
1 1 0 29.4 61.0 2 -1 0 -1
1 1 0 29.5 61.0 2 -1 0 -1
1 1 0 29.5 61.0 2 -1 0 -1
1 1 0 29.5 61.5 2 -1 0 -1
1 1 0 29.5 61.0 2 -1 0 -1
1 1 0 29.6 61.5 2 -1 0 -1
1 1 0 29.6 61.0 2 -1 0 -1
1 1 0 29.6 61.0 2 -1 0 -1
1 1 0 29.6 61.0 2 -1 0 -1
1 1 0 29.6 61.5 2 -1 0 -1
1 1 0 29.6 61.5 2 -1 0 -1
1 1 0 29.7 61.5 2 -1 0 -1
1 1 0 29.6 61.5 2 -1 0 -1
1 1 0 29.7 61.0 2 -1 0 -1
1 1 0 29.7 61.0 2 -1 0 -1
1 1 0 29.7 61.5 2 -1 0 -1
1 1 0 29.7 62.0 2 -1 0 -1
1 1 0 29.8 62.0 2 -1 0 -1
1 1 0 29.8 62.0 2 -1 0 -1
1 1 0 29.8 62.0 2 -1 0 -1
1 1 0 29.7 62.0 2 -1 0 -1
1 1 0 29.8 62.5 2 -1 0 -1
1 1 0 29.8 62.5 2 -1 0 -1
1 1 0 29.8 62.5 2 -1 0 -1
1 1 0 29.8 62.5 2 -1 0 -1
1 1 0 29.8 62.5 2 -1 0 -1
1 1 0 29.8 62.0 2 -1 0 -1
1 1 0 29.8 62.0 2 -1 0 -1
1 1 0 29.8 62.0 2 -1 0 -1
1 1 0 29.8 62.0 2 -1 0 -1
1 1 0 29.8 62.0 2 -1 0 -1
1 1 0 29.8 61.5 2 -1 0 -1
1 1 0 30.0 61.5 2 -1 0 -1
1 1 0 30.0 61.5 2 -1 0 -1
1 1 0 30.0 61.5 2 -1 0 -1
1 1 0 29.9 61.5 2 -1 0 -1
1 1 0 29.9 61.0 2 -1 0 -1
1 1 0 30.0 61.0 2 -1 0 -1
1 1 0 29.9 61.5 2 -1 0 -1
1 1 0 29.9 61.5 2 -1 0 -1
1 1 0 30.0 61.5 2 -1 0 -1
1 1 0 30.0 61.5 2 -1 0 -1
1 1 0 30.0 61.5 2 -1 0 -1
1 1 0 30.0 61.5 2 -1 0 -1
1 1 0 30.0 61.5 2 -1 0 -1
1 1 0 30.0 61.5 2 -1 0 -1
1 1 0 30.0 61.5 2 -1 0 -1
1 1 0 30.1 61.5 2 -1 0 -1
1 1 0 30.1 61.5 2 -1 0 -1
1 1 0 30.1 61.5 2 -1 0 -1
1 1 0 30.1 61.0 2 -1 0 -1
1 1 0 30.1 61.0 2 -1 0 -1
1 1 0 30.1 61.0 2 -1 0 -1
1 1 0 30.0 60.5 2 -1 0 -1
1 1 0 30.1 60.5 2 -1 0 -1
1 1 0 30.2 60.5 2 -1 0 -1
1 1 0 30.2 60.5 2 -1 0 -1
1 1 0 30.2 60.5 2 -1 0 -1
1 1 0 30.2 60.0 2 -1 0 -1
1 1 0 30.2 60.0 2 -1 0 -1
1 1 0 30.2 60.5 2 -1 0 -1
1 1 0 30.2 60.0 2 -1 0 -1
1 1 0 30.2 60.0 2 -1 0 -1
1 1 0 30.2 60.0 2 -1 0 -1
1 1 0 30.2 60.0 2 -1 0 -1
1 1 0 30.2 60.0 2 -1 0 -1
1 1 0 30.3 60.0 2 -1 0 -1
1 1 0 30.3 60.0 2 -1 0 -1
1 1 0 30.2 60.0 2 -1 0 -1
1 1 0 30.2 60.0 2 -1 0 -1
1 1 0 30.3 60.0 2 -1 0 -1
1 1 0 30.2 60.0 2 -1 0 -1
1 1 0 30.3 60.0 2 -1 0 -1
1 1 0 30.3 60.0 2 -1 0 -1
1 1 0 30.3 60.0 2 -1 0 -1
1 1 0 30.4 60.0 2 -1 0 -1
1 1 0 30.3 60.0 2 -1 0 -1
1 1 0 30.4 60.0 2 -1 0 -1
1 1 0 30.3 60.0 2 -1 0 -1
1 1 0 30.4 60.0 2 -1 0 -1
1 1 0 30.3 60.0 2 -1 0 -1
1 1 0 30.4 60.0 2 -1 0 -1
1 1 0 30.4 60.0 2 -1 0 -1
1 1 0 30.3 60.0 2 -1 0 -1
1 1 0 30.3 60.5 2 -1 0 -1
1 1 0 30.4 60.5 2 -1 0 -1
1 1 0 30.4 60.5 2 -1 0 -1
1 1 0 30.4 60.5 2 -1 0 -1
1 1 0 30.4 60.5 2 -1 0 -1
1 1 0 30.5 60.5 2 -1 0 -1
1 1 0 30.5 60.5 2 -1 0 -1
1 1 0 30.4 60.5 2 -1 0 -1
1 1 0 30.5 60.5 2 -1 0 -1
1 1 0 30.5 60.5 2 -1 0 -1
1 1 0 30.4 61.0 2 -1 0 -1
1 1 0 30.5 61.5 2 -1 0 -1
1 1 0 30.5 61.5 2 -1 0 -1
1 1 0 30.5 61.5 2 -1 0 -1
1 1 0 30.5 61.5 2 -1 0 -1
1 1 0 30.4 61.5 2 -1 0 -1
1 1 0 30.5 61.5 2 -1 0 -1
1 1 0 30.5 61.5 2 -1 0 -1
1 1 0 30.5 61.5 2 -1 0 -1
1 1 0 30.4 62.0 2 -1 0 -1
1 1 0 30.5 61.5 2 -1 0 -1
1 1 0 30.5 61.5 2 -1 0 -1
1 1 0 30.5 62.0 2 -1 0 -1
1 1 0 30.5 62.0 2 -1 0 -1
1 1 0 30.5 62.0 2 -1 0 -1
1 1 0 30.5 62.0 2 -1 0 -1
1 1 0 30.5 62.0 2 -1 0 -1
1 1 0 30.6 62.0 2 -1 0 -1
1 1 0 30.6 62.0 2 -1 0 -1
1 1 0 30.6 62.0 2 -1 0 -1
1 1 0 30.6 62.0 2 -1 0 -1
1 1 0 30.6 62.0 2 -1 0 -1
1 1 0 30.6 62.0 2 -1 0 -1
1 1 0 30.6 62.0 2 -1 0 -1
1 1 0 30.6 62.0 2 -1 0 -1
1 1 0 30.6 61.5 2 -1 0 -1
1 1 0 30.6 61.5 2 -1 0 -1
1 1 0 30.6 61.0 2 -1 0 -1
1 1 0 30.7 60.5 2 -1 0 -1
1 1 0 30.7 60.5 2 -1 0 -1
1 1 0 30.7 60.5 2 -1 0 -1
1 1 0 30.7 60.5 2 -1 0 -1
1 1 0 30.7 60.5 2 -1 0 -1
1 1 0 30.7 60.5 2 -1 0 -1
1 1 0 30.7 60.0 2 -1 0 -1
1 1 0 30.7 60.5 2 -1 0 -1
1 1 0 30.7 60.5 2 -1 0 -1
1 1 0 30.7 60.5 2 -1 0 -1
1 1 0 30.7 60.5 2 -1 0 -1
1 1 0 30.7 61.0 2 -1 0 -1
1 1 0 30.7 61.0 2 -1 0 -1
1 1 0 30.7 61.0 2 -1 0 -1
1 1 0 30.7 61.0 2 -1 0 -1
1 1 0 30.7 61.0 2 -1 0 -1
1 1 0 30.8 61.0 2 -1 0 -1
1 1 0 30.7 61.0 2 -1 0 -1
1 1 0 30.7 61.0 2 -1 0 -1
1 1 0 30.8 61.0 2 -1 0 -1
1 1 0 30.8 61.0 2 -1 0 -1
1 1 0 30.7 61.5 2 -1 0 -1
1 1 0 30.7 61.5 2 -1 0 -1
1 1 0 30.7 61.5 2 -1 0 -1
1 1 0 30.7 61.0 2 -1 0 -1
1 1 0 30.8 61.0 2 -1 0 -1
1 1 0 30.8 61.0 2 -1 0 -1
1 1 0 30.8 61.5 2 -1 0 -1
1 1 0 30.8 61.0 2 -1 0 -1
1 1 0 30.8 61.0 2 -1 0 -1
1 1 0 30.8 61.0 2 -1 0 -1
1 1 0 30.8 61.0 2 -1 0 -1
1 1 0 30.8 61.0 2 -1 0 -1
1 1 0 30.7 61.0 2 -1 0 -1
1 1 0 30.9 61.0 2 -1 0 -1
1 1 0 30.8 61.0 2 -1 0 -1
1 1 0 30.9 61.0 2 -1 0 -1
1 1 0 30.9 61.0 2 -1 0 -1
1 1 0 30.9 61.0 2 -1 0 -1
1 1 0 30.9 61.0 2 -1 0 -1
1 1 0 30.9 61.5 2 -1 0 -1
1 1 0 30.9 61.0 2 -1 0 -1
1 1 0 30.9 61.0 2 -1 0 -1
1 1 0 30.9 60.5 2 -1 0 -1
1 1 0 30.9 60.5 2 -1 0 -1
1 1 0 30.9 60.5 2 -1 0 -1
1 1 0 30.9 60.5 2 -1 0 -1
1 1 0 30.9 60.5 2 -1 0 -1
1 1 0 30.9 60.5 2 -1 0 -1
1 1 0 31.0 60.5 2 -1 0 -1
1 1 0 30.9 60.5 2 -1 0 -1
1 1 0 31.0 60.5 2 -1 0 -1
1 1 0 31.0 60.5 2 -1 0 -1
1 1 0 30.9 60.5 2 -1 0 -1
1 1 0 31.0 60.5 2 -1 0 -1
1 1 0 31.0 60.5 2 -1 0 -1
1 1 0 30.9 60.5 2 -1 0 -1
1 1 0 31.0 60.5 2 -1 0 -1
1 1 0 30.9 60.0 2 -1 0 -1
1 1 0 31.0 60.0 2 -1 0 -1
1 1 0 30.9 60.5 2 -1 0 -1
1 1 0 31.0 60.5 2 -1 0 -1
1 1 0 31.0 60.5 2 -1 0 -1
1 1 0 31.0 60.5 2 -1 0 -1
1 1 0 30.9 60.5 2 -1 0 -1
1 1 0 31.0 60.5 2 -1 0 -1
1 1 0 30.9 60.5 2 -1 0 -1
1 1 0 31.1 60.5 2 -1 0 -1
1 1 0 31.0 60.5 2 -1 0 -1
1 1 0 31.0 60.5 2 -1 0 -1
1 1 0 31.1 60.5 2 -1 0 -1
1 1 0 31.0 60.5 2 -1 0 -1
1 1 0 31.0 60.5 2 -1 0 -1
1 1 0 31.0 60.5 2 -1 0 -1
1 1 0 31.1 60.5 2 -1 0 -1
1 1 0 31.1 60.5 2 -1 0 -1
1 1 0 31.0 60.5 2 -1 0 -1
1 1 0 31.1 60.5 2 -1 0 -1
1 1 0 31.0 60.5 2 -1 0 -1
1 1 0 31.1 60.5 2 -1 0 -1
1 1 0 31.1 60.5 2 -1 0 -1
1 1 0 31.1 60.5 2 -1 0 -1
1 1 0 31.1 60.5 2 -1 0 -1
1 1 0 31.1 60.5 2 -1 0 -1
1 1 0 31.0 60.5 2 -1 0 -1
1 1 0 31.1 60.5 2 -1 0 -1
1 1 0 31.1 60.5 2 -1 0 -1
1 1 0 31.1 60.5 2 -1 0 -1
1 1 0 31.1 60.5 2 -1 0 -1
1 1 0 31.1 60.0 2 -1 0 -1
1 1 0 31.1 60.0 2 -1 0 -1
1 1 0 31.2 60.0 2 -1 0 -1
1 1 0 31.1 60.0 2 -1 0 -1
1 1 0 31.2 60.0 2 -1 0 -1
1 1 0 31.1 60.0 2 -1 0 -1
1 1 0 31.2 60.0 2 -1 0 -1
1 1 0 31.2 60.5 2 -1 0 -1
1 1 0 31.1 60.5 2 -1 0 -1
1 1 0 31.2 60.5 2 -1 0 -1
1 1 0 31.2 60.5 2 -1 0 -1
1 1 0 31.2 60.5 2 -1 0 -1
1 1 0 31.1 60.5 2 -1 0 -1
1 1 0 31.1 60.5 2 -1 0 -1
1 1 0 31.1 60.5 2 -1 0 -1
1 1 0 31.2 60.5 2 -1 0 -1
1 1 0 31.2 61.0 2 -1 0 -1
1 1 0 31.1 60.5 2 -1 0 -1
1 1 0 31.2 60.5 2 -1 0 -1
1 1 0 31.2 61.0 2 -1 0 -1
1 1 0 31.1 60.5 2 -1 0 -1
1 1 0 31.1 61.0 2 -1 0 -1
1 1 0 31.2 61.0 2 -1 0 -1
1 1 0 31.2 60.5 2 -1 0 -1
1 1 0 31.2 61.0 2 -1 0 -1
1 1 0 31.2 61.0 2 -1 0 -1
1 1 0 31.2 60.5 2 -1 0 -1
1 1 0 31.2 61.0 2 -1 0 -1
1 1 0 31.2 61.0 2 -1 0 -1
1 1 0 31.2 61.0 2 -1 0 -1
1 1 0 31.2 60.5 2 -1 0 -1
1 1 0 31.2 60.5 2 -1 0 -1
1 1 0 31.2 60.5 2 -1 0 -1
1 1 0 31.2 60.5 2 -1 0 -1
1 1 0 31.2 60.5 2 -1 0 -1
1 1 0 31.2 60.5 2 -1 0 -1
1 1 0 31.2 60.5 2 -1 0 -1
1 1 0 31.3 60.5 2 -1 0 -1
1 1 0 31.3 60.5 2 -1 0 -1
1 1 0 31.2 60.5 2 -1 0 -1
1 1 0 31.3 60.5 2 -1 0 -1
1 1 0 31.3 60.5 2 -1 0 -1
1 1 0 31.3 60.5 2 -1 0 -1
1 1 0 31.3 60.5 2 -1 0 -1
1 1 0 31.3 60.5 2 -1 0 -1
1 1 0 31.3 60.5 2 -1 0 -1
1 1 0 31.3 60.0 2 -1 0 -1
1 1 0 31.3 60.5 2 -1 0 -1
1 1 0 31.3 60.5 2 -1 0 -1
1 1 0 31.3 60.5 2 -1 0 -1
1 1 0 31.3 60.0 2 -1 0 -1
1 1 0 31.3 60.5 2 -1 0 -1
1 1 0 31.3 60.5 2 -1 0 -1
1 1 0 31.3 60.5 2 -1 0 -1
1 1 0 31.3 60.5 2 -1 0 -1
1 1 0 31.3 60.5 2 -1 0 -1
1 1 0 31.3 60.5 2 -1 0 -1
1 1 0 31.3 60.5 2 -1 0 -1
1 1 0 31.3 60.5 2 -1 0 -1
1 1 0 31.3 60.5 2 -1 0 -1
1 1 0 31.4 60.5 2 -1 0 -1
1 1 0 31.4 60.5 2 -1 0 -1
1 1 0 31.3 60.5 2 -1 0 -1
1 1 0 31.4 60.5 2 -1 0 -1
1 1 0 31.3 60.5 2 -1 0 -1
1 1 0 31.4 60.0 2 -1 0 -1
1 1 0 31.4 60.5 2 -1 0 -1
1 1 0 31.3 60.5 2 -1 0 -1
1 1 0 31.4 60.5 2 -1 0 -1
1 1 0 31.3 60.5 2 -1 0 -1
1 1 0 31.4 60.0 2 -1 0 -1
1 1 0 31.4 60.5 2 -1 0 -1
1 1 0 31.4 60.5 2 -1 0 -1
1 1 0 31.4 60.5 1 -1 0 -1
1 1 0 31.4 60.5 1 -1 0 -1
1 1 0 31.4 60.5 1 -1 0 -1
1 1 0 31.4 60.5 1 -1 0 -1
1 1 0 31.3 60.5 1 -1 0 -1
1 1 0 31.4 61.0 1 -1 0 -1
1 1 0 31.4 61.0 1 -1 0 -1
1 1 0 31.4 60.5 1 -1 0 -1
1 1 0 31.3 61.0 1 -1 0 -1
1 1 0 31.4 61.0 1 -1 0 -1
1 1 0 31.3 61.0 1 -1 0 -1
1 1 0 31.3 61.0 1 -1 0 -1
1 1 0 31.4 61.0 1 -1 0 -1
1 1 0 31.4 61.0 1 -1 0 -1
1 1 0 31.4 61.0 0 -1 0 -1
1 1 0 31.4 61.0 0 -1 0 -1
1 1 0 31.4 61.0 0 -1 0 -1
1 1 0 31.3 61.0 0 -1 0 -1
1 1 0 31.5 61.0 0 -1 0 -1
1 1 0 31.4 61.0 0 -1 0 -1
1 1 0 31.4 61.0 0 -1 0 -1
1 1 0 31.4 61.0 2 -1 0 -1
1 1 0 31.4 61.0 2 -1 0 -1
1 1 0 31.4 61.0 3 -1 0 -1
1 1 0 31.4 61.0 1 -1 0 -1
1 1 0 31.5 60.5 2 -1 0 -1
1 1 0 31.5 60.5 1 -1 0 -1
1 1 0 31.4 60.5 1 -1 0 -1
1 1 0 31.4 60.5 1 -1 0 -1
1 1 0 31.4 60.5 2 -1 0 -1
1 1 0 31.5 60.5 2 -1 0 -1
1 1 0 31.4 60.5 3 -1 0 -1
1 1 0 31.5 60.5 5 -1 0 -1
1 1 0 31.4 60.5 5 -1 0 -1
1 1 0 31.5 60.5 5 -1 0 -1
1 1 0 31.5 60.5 3 -1 0 -1
1 1 0 31.5 60.5 2 -1 0 -1
1 1 0 31.4 60.5 4 -1 0 -1
1 1 0 31.4 60.5 4 -1 0 -1
1 1 0 31.5 60.5 4 -1 0 -1
1 1 0 31.5 60.5 4 -1 0 -1
1 1 0 31.5 60.5 4 -1 0 -1
1 1 0 31.5 60.5 1 -1 0 -1
1 1 0 31.5 60.5 1 -1 0 -1
1 1 0 31.5 60.5 2 -1 0 -1
1 1 0 31.5 61.0 2 -1 0 -1
1 1 0 31.5 61.0 2 -1 0 -1
1 1 0 31.4 61.0 2 -1 0 -1
1 1 0 31.4 61.0 2 -1 0 -1
1 1 0 31.5 61.0 4 -1 0 -1
1 1 0 31.4 61.0 4 -1 0 -1
1 1 0 31.3 61.0 4 -1 0 -1
1 1 0 31.4 61.0 6 -1 0 -1
1 1 0 31.4 61.0 3 -1 0 -1
1 1 0 31.5 61.5 5 -1 0 -1
1 1 0 31.4 61.0 7 -1 0 -1
1 1 0 31.5 61.0 7 -1 0 -1
1 1 0 31.4 61.0 7 -1 0 -1
1 1 0 31.5 61.0 9 -1 0 -1
1 1 0 31.5 61.0 8 -1 0 -1
1 1 0 31.5 61.0 12 -1 0 -1
1 1 0 31.5 61.0 14 -1 0 -1
1 1 0 31.5 61.0 14 -1 0 -1
1 1 0 31.5 61.0 15 -1 0 -1
1 1 0 31.5 61.0 19 -1 0 -1
1 1 0 31.5 61.0 21 -1 0 -1
1 1 0 31.5 61.0 19 -1 0 -1
1 1 0 31.5 61.0 19 -1 0 -1
1 1 0 31.5 61.0 21 -1 0 -1
1 1 0 31.5 61.0 22 -1 0 -1
1 1 0 31.6 61.0 24 -1 0 -1
1 1 0 31.5 61.0 22 -1 0 -1
1 1 0 31.6 61.0 22 -1 0 -1
1 1 0 31.6 61.0 22 -1 0 -1
1 1 0 31.5 61.0 24 -1 0 -1
1 1 0 31.6 61.0 26 -1 0 -1
1 1 0 31.6 61.0 28 -1 0 -1
1 1 0 31.6 61.0 26 -1 0 -1
1 1 0 31.6 61.0 28 -1 0 -1
1 1 0 31.6 61.0 29 -1 0 -1
1 1 0 31.5 61.0 29 -1 0 -1
1 1 0 31.6 61.0 31 -1 0 -1
1 1 0 31.6 61.0 29 -1 0 -1
1 1 0 31.6 61.0 29 -1 0 -1
1 1 0 31.6 61.0 29 -1 0 -1
1 1 0 31.6 61.0 28 -1 0 -1
1 1 0 31.6 61.0 30 -1 0 -1
1 1 0 31.6 61.0 28 -1 0 -1
1 1 0 31.6 61.0 26 -1 0 -1
1 1 0 31.6 61.0 24 -1 0 -1
1 1 0 31.6 61.0 26 -1 0 -1
1 1 0 31.7 61.0 28 -1 0 -1
1 1 0 31.7 61.0 30 -1 0 -1
1 1 0 31.7 61.0 31 -1 0 -1
1 1 0 31.6 61.0 31 -1 0 -1
1 1 0 31.6 61.0 31 -1 0 -1
1 1 0 31.7 61.5 28 -1 0 -1
1 1 0 31.7 61.5 28 -1 0 -1
1 1 0 31.7 61.5 31 -1 0 -1
1 1 0 31.7 61.5 33 -1 0 -1
1 1 0 31.7 61.5 28 -1 0 -1
1 1 0 31.7 61.0 30 -1 0 -1
1 1 0 31.7 61.5 26 -1 0 -1
1 1 0 31.7 61.0 30 -1 0 -1
1 1 0 31.8 61.0 30 -1 0 -1
1 1 0 31.8 61.0 31 -1 0 -1
1 1 0 31.8 61.5 35 -1 0 -1
1 1 0 31.8 61.5 33 -1 0 -1
1 1 0 31.7 61.5 35 -1 0 -1
1 1 0 31.7 61.5 31 -1 0 -1
1 1 0 31.7 61.5 33 -1 0 -1
1 1 0 31.7 61.5 33 -1 0 -1
1 1 0 31.7 61.5 35 -1 0 -1
1 1 0 31.8 61.5 33 -1 0 -1
1 1 0 31.8 61.5 35 -1 0 -1
1 1 0 31.8 61.5 37 -1 0 -1
1 1 0 31.7 61.5 35 -1 0 -1
1 1 0 31.8 61.5 37 -1 0 -1
1 1 0 31.9 61.5 40 -1 0 -1
1 1 0 31.8 61.5 40 -1 0 -1
1 1 0 31.9 61.5 37 -1 0 -1
1 1 0 31.8 61.5 40 -1 0 -1
1 1 0 31.8 61.5 40 -1 0 -1
1 1 0 31.8 61.5 42 -1 0 -1
1 1 0 31.8 61.5 42 -1 0 -1
1 1 0 31.9 61.5 42 -1 0 -1
1 1 0 31.9 61.5 42 -1 0 -1
1 1 0 31.9 61.5 40 -1 0 -1
1 1 0 31.9 61.5 42 -1 0 -1
1 1 0 31.9 61.5 40 -1 0 -1
1 1 0 31.9 61.5 40 -1 0 -1
1 1 0 32.0 61.5 40 -1 0 -1
1 1 0 32.0 61.5 40 -1 0 -1
1 1 0 31.9 61.0 42 -1 0 -1
1 1 0 32.0 61.0 42 -1 0 -1
1 1 0 32.0 61.5 40 -1 0 -1
1 1 0 32.0 61.0 42 -1 0 -1
1 1 0 32.0 61.0 38 -1 0 -1
1 1 0 32.0 61.0 42 -1 0 -1
1 1 0 32.0 61.5 42 -1 0 -1
1 1 0 32.0 61.5 42 -1 0 -1
1 1 0 32.1 61.5 38 -1 0 -1
1 1 0 32.1 61.5 42 -1 0 -1
1 1 0 32.2 61.5 42 -1 0 -1
1 1 0 32.1 61.5 42 -1 0 -1
1 1 0 32.1 61.5 40 -1 0 -1
1 1 0 32.1 61.5 42 -1 0 -1
1 1 0 32.2 61.5 40 -1 0 -1
1 1 0 32.1 61.5 40 -1 0 -1
1 1 0 32.2 61.5 42 -1 0 -1
1 1 0 32.1 61.5 42 -1 0 -1
1 1 0 32.2 61.5 38 -1 0 -1
1 1 0 32.2 61.5 40 -1 0 -1
1 1 0 32.2 61.5 40 -1 0 -1
1 1 0 32.2 61.5 40 -1 0 -1
1 1 0 32.2 61.5 40 -1 0 -1
1 1 0 32.2 61.5 40 -1 0 -1
1 1 0 32.2 61.5 38 -1 0 -1
1 1 0 32.2 61.5 42 -1 0 -1
1 1 0 32.3 61.5 42 -1 0 -1
1 1 0 32.2 61.5 42 -1 0 -1
1 1 0 32.2 61.5 42 -1 0 -1
1 1 0 32.2 61.5 40 -1 0 -1
1 1 0 32.2 61.5 40 -1 0 -1
1 1 0 32.2 61.5 40 -1 0 -1
1 1 0 32.2 61.5 37 -1 0 -1
1 1 0 32.3 61.5 37 -1 0 -1
1 1 0 32.3 61.5 37 -1 0 -1
1 1 0 32.3 61.5 35 -1 0 -1
1 1 0 32.3 61.5 35 -1 0 -1
1 1 0 32.3 61.5 39 -1 0 -1
1 1 0 32.3 61.5 37 -1 0 -1
1 1 0 32.4 61.0 37 -1 0 -1
1 1 0 32.4 61.0 37 -1 0 -1
1 1 0 32.3 61.0 35 -1 0 -1
1 1 0 32.4 61.0 35 -1 0 -1
1 1 0 32.3 60.5 33 -1 0 -1
1 1 0 32.3 60.0 37 -1 0 -1
1 1 0 32.2 60.0 37 -1 0 -1
1 1 0 32.3 59.5 35 -1 0 -1
1 1 0 32.3 59.5 35 -1 0 -1
1 1 0 32.3 59.0 33 -1 0 -1
1 1 0 32.2 58.5 33 -1 0 -1
1 1 0 32.1 58.0 31 -1 0 -1
1 1 0 32.1 57.5 35 -1 0 -1
1 1 0 32.0 57.0 35 -1 0 -1
1 1 0 32.0 57.0 33 -1 0 -1
1 1 0 32.0 56.5 33 -1 0 -1
1 1 0 32.0 57.0 33 -1 0 -1
1 1 0 32.1 58.0 31 -1 0 -1
1 1 0 32.1 58.0 31 -1 0 -1
1 1 0 32.2 58.0 31 -1 0 -1
1 1 0 32.2 58.0 31 -1 0 -1
1 1 0 32.2 58.0 28 -1 0 -1
1 1 0 32.2 58.0 28 -1 0 -1
1 1 0 32.2 58.0 32 -1 0 -1
1 1 0 32.3 58.0 32 -1 0 -1
1 1 0 32.3 58.0 32 -1 0 -1
1 1 0 32.4 58.0 32 -1 0 -1
1 1 0 32.3 57.5 30 -1 0 -1
1 1 0 32.3 58.0 30 -1 0 -1
1 1 0 32.3 57.5 30 -1 0 -1
1 1 0 32.3 57.5 30 -1 0 -1
1 1 0 32.3 57.0 30 -1 0 -1
1 1 0 32.3 57.5 30 -1 0 -1
1 1 0 32.3 57.5 30 -1 0 -1
1 1 0 32.2 57.5 30 -1 0 -1
1 1 0 32.3 58.0 30 -1 0 -1
1 1 0 32.4 57.5 30 -1 0 -1
1 1 0 32.3 56.5 30 -1 0 -1
1 1 0 32.2 56.0 30 -1 0 -1
1 1 0 32.2 55.5 30 -1 0 -1
1 1 0 32.1 55.0 30 -1 0 -1
1 1 0 32.1 55.5 30 -1 0 -1
1 1 0 32.1 55.5 30 -1 0 -1
1 1 0 32.1 55.0 28 -1 0 -1
1 1 0 32.0 56.0 30 -1 0 -1
1 1 0 32.1 56.5 28 -1 0 -1
1 1 0 32.2 56.5 28 -1 0 -1
1 1 0 32.2 56.5 28 -1 0 -1
1 1 0 32.2 56.5 28 -1 0 -1
1 1 0 32.2 57.0 28 -1 0 -1
1 1 0 32.2 55.5 28 -1 0 -1
1 1 0 32.2 56.5 28 -1 0 -1
1 1 0 32.2 56.5 28 -1 0 -1
1 1 0 32.3 57.0 26 -1 0 -1
1 1 0 32.3 57.0 30 -1 0 -1
1 1 0 32.3 57.5 30 -1 0 -1
1 1 0 32.4 57.5 30 -1 0 -1
1 1 0 32.3 56.5 28 -1 0 -1
1 1 0 32.3 55.0 28 -1 0 -1
1 1 0 32.2 54.5 28 -1 0 -1
1 1 0 32.2 54.5 28 -1 0 -1
1 1 0 32.1 54.0 26 -1 0 -1
1 1 0 32.1 54.0 26 -1 0 -1
1 1 0 32.0 54.0 26 -1 0 -1
1 1 0 32.0 53.5 26 -1 0 -1
1 1 0 32.0 55.5 26 -1 0 -1
1 1 0 32.0 56.0 26 -1 0 -1
1 1 0 32.1 56.5 24 -1 0 -1
1 1 0 32.1 56.5 24 -1 0 -1
1 1 0 32.2 56.5 24 -1 0 -1
1 1 0 32.3 57.0 28 -1 0 -1
1 1 0 32.3 56.5 28 -1 0 -1
1 1 0 32.3 56.5 28 -1 0 -1
1 1 0 32.3 56.5 28 -1 0 -1
1 1 0 32.3 56.5 28 -1 0 -1
1 1 0 32.3 56.5 26 -1 0 -1
1 1 0 32.3 57.0 26 -1 0 -1
1 1 0 32.3 57.0 26 -1 0 -1
1 1 0 32.4 57.0 26 -1 0 -1
1 1 0 32.3 56.0 26 -1 0 -1
1 1 0 32.3 56.5 26 -1 0 -1
1 1 0 32.4 55.0 26 -1 0 -1
1 1 0 32.3 55.5 26 -1 0 -1
1 1 0 32.2 54.0 26 -1 0 -1
1 1 0 32.2 54.0 26 -1 0 -1
1 1 0 32.1 54.0 24 -1 0 -1
1 1 0 32.1 53.5 24 -1 0 -1
1 1 0 32.1 53.0 24 -1 0 -1
1 1 0 32.0 54.0 24 -1 0 -1
1 1 0 32.2 55.0 24 -1 0 -1
1 1 0 32.1 54.0 24 -1 0 -1
1 1 0 32.2 55.0 24 -1 0 -1
1 1 0 32.2 55.0 21 -1 0 -1
1 1 0 32.1 55.0 21 -1 0 -1
1 1 0 32.2 54.5 21 -1 0 -1
1 1 0 32.1 53.0 21 -1 0 -1
1 1 0 32.1 52.5 21 -1 0 -1
1 1 0 32.0 52.0 21 -1 0 -1
1 1 0 31.9 52.0 21 -1 0 -1
1 1 0 31.8 52.5 21 -1 0 -1
1 1 0 31.9 53.5 25 -1 0 -1
1 1 0 32.0 54.0 25 -1 0 -1
1 1 0 32.0 54.0 25 -1 0 -1
1 1 0 32.0 54.0 23 -1 0 -1
1 1 0 32.0 54.5 23 -1 0 -1
1 1 0 32.0 54.5 23 -1 0 -1
1 1 0 32.0 54.5 23 -1 0 -1
1 1 0 32.1 54.5 23 -1 0 -1
1 1 0 32.1 55.0 23 -1 0 -1
1 1 0 32.2 55.0 23 -1 0 -1
1 1 0 32.1 54.5 23 -1 0 -1
1 1 0 32.0 54.0 21 -1 0 -1
1 1 0 32.0 54.0 21 -1 0 -1
1 1 0 32.0 54.0 21 -1 0 -1
1 1 0 32.0 52.5 21 -1 0 -1
1 1 0 31.9 52.5 21 -1 0 -1
1 1 0 31.9 53.5 21 -1 0 -1
1 1 0 31.9 53.0 21 -1 0 -1
1 1 0 31.8 52.5 19 -1 0 -1
1 1 0 31.8 53.0 19 -1 0 -1
1 1 0 31.8 52.5 19 -1 0 -1
1 1 0 31.7 51.5 19 -1 0 -1
1 1 0 31.7 51.0 19 -1 0 -1
1 1 0 31.7 51.0 19 -1 0 -1
1 1 0 31.6 50.5 19 -1 0 -1
1 1 0 31.5 52.5 19 -1 0 -1
1 1 0 31.5 53.0 19 -1 0 -1
1 1 0 31.7 53.5 19 -1 0 -1
1 1 0 31.8 53.5 19 -1 0 -1
1 1 0 31.7 54.0 17 -1 0 -1
1 1 0 31.8 54.0 21 -1 0 -1
1 1 0 31.8 54.0 21 -1 0 -1
1 1 0 31.8 53.5 21 -1 0 -1
1 1 0 31.8 52.5 21 -1 0 -1
1 1 0 31.7 53.5 21 -1 0 -1
1 1 0 31.7 53.0 21 -1 0 -1
1 1 0 31.7 52.5 21 -1 0 -1
1 1 0 31.6 53.5 21 -1 0 -1
1 1 0 31.7 53.0 21 -1 0 -1
1 1 0 31.6 51.5 19 -1 0 -1
1 1 0 31.6 51.0 19 -1 0 -1
1 1 0 31.4 51.5 19 -1 0 -1
1 1 0 31.5 53.0 19 -1 0 -1
1 1 0 31.6 53.5 19 -1 0 -1
1 1 0 31.6 53.5 19 -1 0 -1
1 1 0 31.7 54.0 19 -1 0 -1
1 1 0 31.7 54.0 19 -1 0 -1
1 1 0 31.7 54.0 17 -1 0 -1
1 1 0 31.6 53.0 17 -1 0 -1
1 1 0 31.7 53.0 17 -1 0 -1
1 1 0 31.6 54.0 17 -1 0 -1
1 1 0 31.6 54.0 17 -1 0 -1
1 1 0 31.6 54.0 17 -1 0 -1
1 1 0 31.5 52.5 15 -1 0 -1
1 1 0 31.5 52.5 15 -1 0 -1
1 1 0 31.5 52.5 15 -1 0 -1
1 1 0 31.5 52.5 19 -1 0 -1
1 1 0 31.4 53.0 19 -1 0 -1
1 1 0 31.4 53.5 19 -1 0 -1
1 1 0 31.4 52.0 19 -1 0 -1
1 1 0 31.4 51.5 17 -1 0 -1
1 1 0 31.3 51.0 17 -1 0 -1
1 1 0 31.2 51.0 17 -1 0 -1
1 1 0 31.2 53.0 17 -1 0 -1
1 1 0 31.4 53.5 17 -1 0 -1
1 1 0 31.4 53.5 17 -1 0 -1
1 1 0 31.4 53.5 17 -1 0 -1
1 1 0 31.4 54.0 17 -1 0 -1
1 1 0 31.4 54.0 15 -1 0 -1
1 1 0 31.4 52.0 15 -1 0 -1
1 1 0 31.4 53.0 15 -1 0 -1
1 1 0 31.4 54.0 15 -1 0 -1
1 1 0 31.4 54.0 15 -1 0 -1
1 1 0 31.4 54.0 15 -1 0 -1
1 1 0 31.5 54.0 15 -1 0 -1
1 1 0 31.5 54.0 15 -1 0 -1
1 1 0 31.5 54.5 15 -1 0 -1
1 1 0 31.5 54.5 15 -1 0 -1
1 1 0 31.5 54.5 15 -1 0 -1
1 1 0 31.5 54.5 15 -1 0 -1
1 1 0 31.5 53.0 15 -1 0 -1
1 1 0 31.5 53.0 12 -1 0 -1
1 1 0 31.4 52.0 12 -1 0 -1
1 1 0 31.3 52.0 12 -1 0 -1
1 1 0 31.3 53.0 16 -1 0 -1
1 1 0 31.3 51.5 16 -1 0 -1
1 1 0 31.2 51.5 16 -1 0 -1
1 1 0 31.1 51.0 16 -1 0 -1
1 1 0 31.1 51.0 16 -1 0 -1
1 1 0 31.1 50.5 16 -1 0 -1
1 1 0 31.0 50.5 16 -1 0 -1
1 1 0 30.9 50.5 16 -1 0 -1
1 1 0 30.9 50.0 16 -1 0 -1
1 1 0 30.8 50.0 16 -1 0 -1
1 1 0 30.8 49.5 16 -1 0 -1
1 1 0 30.7 50.0 16 -1 0 -1
1 1 0 30.7 49.5 16 -1 0 -1
1 1 0 30.7 49.5 16 -1 0 -1
1 1 0 30.7 49.5 16 -1 0 -1
1 1 0 30.7 49.0 14 -1 0 -1
1 1 0 30.6 49.0 14 -1 0 -1
1 1 0 30.6 50.0 14 -1 0 -1
1 1 0 30.6 49.5 14 -1 0 -1
1 1 0 30.5 49.0 14 -1 0 -1
1 1 19 30.5 49.0 12 -1 0 -1
1 1 12 30.4 49.0 14 -1 0 -1
1 1 21 30.4 49.0 12 -1 0 -1
1 1 0 30.4 49.0 12 -1 0 -1
1 1 0 30.3 49.0 12 -1 0 -1
1 1 0 30.4 49.0 12 -1 0 -1
1 1 0 30.4 49.0 12 -1 0 -1
1 1 0 30.2 49.0 12 -1 0 -1
1 1 0 30.3 49.0 12 -1 0 -1
1 1 0 30.2 49.0 12 -1 0 -1
1 1 0 30.2 49.0 12 -1 0 -1
1 1 0 30.2 49.0 12 -1 0 -1
1 1 0 30.2 49.0 12 -1 0 -1
1 1 0 30.1 49.0 12 -1 0 -1
1 1 0 30.1 49.0 12 -1 0 -1
1 1 0 30.0 48.5 12 -1 0 -1
1 1 0 30.1 48.5 12 -1 0 -1
1 1 0 30.1 48.5 12 -1 0 -1
1 1 0 30.0 48.5 12 -1 0 -1
1 1 0 30.0 48.5 12 -1 0 -1
1 1 0 30.0 48.5 12 -1 0 -1
1 1 0 30.0 48.5 12 -1 0 -1
1 1 0 30.0 48.5 12 -1 0 -1
1 1 0 29.9 48.5 12 -1 0 -1
1 1 0 29.9 48.5 12 -1 0 -1
1 1 0 29.9 48.5 12 -1 0 -1
1 1 0 29.8 48.5 12 -1 0 -1
1 1 0 29.9 49.0 12 -1 0 -1
1 1 0 29.9 49.0 12 -1 0 -1
1 1 0 29.8 49.0 12 -1 0 -1
1 1 0 29.9 49.0 12 -1 0 -1
1 1 0 29.8 49.0 12 -1 0 -1
1 1 0 29.9 49.0 12 -1 0 -1
1 1 0 29.8 49.0 12 -1 0 -1
1 1 0 29.8 49.0 12 -1 0 -1
1 1 0 29.8 49.5 12 -1 0 -1
1 1 0 29.8 49.5 12 -1 0 -1
1 1 0 29.8 49.5 12 -1 0 -1
1 1 0 29.8 49.5 12 -1 0 -1
1 1 0 29.8 49.5 10 -1 0 -1
1 1 0 29.8 50.0 12 -1 0 -1
1 1 0 29.8 50.0 12 -1 0 -1
1 1 0 29.8 50.0 12 -1 0 -1
1 1 0 29.7 50.0 12 -1 0 -1
1 1 0 29.8 50.0 12 -1 0 -1
1 1 0 29.7 50.0 12 -1 0 -1
1 1 0 29.7 50.0 12 -1 0 -1
1 1 0 29.7 50.0 10 -1 0 -1
1 1 0 29.7 50.0 10 -1 0 -1
1 1 0 29.7 50.0 12 -1 0 -1
1 1 0 29.6 50.0 12 -1 0 -1
1 1 0 29.6 50.0 10 -1 0 -1
1 1 0 29.6 49.5 12 -1 0 -1
1 1 0 29.7 49.5 12 -1 0 -1
1 1 0 29.6 49.5 10 -1 0 -1
1 1 0 29.7 49.5 10 -1 0 -1
1 1 0 29.6 49.5 10 -1 0 -1
1 1 0 29.5 49.5 10 -1 0 -1
1 1 0 29.6 49.5 10 -1 0 -1
1 1 0 29.6 49.5 10 -1 0 -1
1 1 0 29.6 49.5 10 -1 0 -1
1 1 0 29.6 49.5 10 -1 0 -1
1 1 0 29.6 49.5 10 -1 0 -1
1 1 0 29.5 49.0 10 -1 0 -1
1 1 0 29.5 49.0 10 -1 0 -1
1 1 0 29.5 49.0 10 -1 0 -1
1 1 0 29.5 49.0 10 -1 0 -1
1 1 0 29.5 49.0 10 -1 0 -1
1 1 0 29.4 49.0 12 -1 0 -1
1 1 0 29.4 49.0 12 -1 0 -1
1 1 0 29.4 49.0 14 -1 0 -1
1 1 0 29.4 49.0 12 -1 0 -1
1 1 0 29.4 49.0 12 -1 0 -1
1 1 0 29.4 49.0 14 -1 0 -1
1 1 0 29.3 49.0 14 -1 0 -1
1 1 1 29.3 49.0 12 -1 0 -1
1 1 0 29.4 49.0 12 -1 0 -1
1 1 0 29.3 49.0 12 -1 0 -1
1 1 0 29.3 49.0 12 -1 0 -1
1 1 0 29.3 49.0 12 -1 0 -1
1 1 0 29.2 49.0 10 c26 0 -1
1 1 0 29.4 49.0 10 c26 0 -1
0 1 17 29.3 49.0 3 c26 0 8
0 1 17 29.3 49.0 3 c26 0 8
0 1 0 29.2 49.0 0 c26 0 8
0 1 0 29.2 49.0 0 c26 0 8
0 1 0 29.0 49.0 0 c26 0 8
0 1 0 29.0 48.5 0 c26 0 8
0 1 0 28.9 48.5 0 c26 0 8
0 1 0 28.9 48.5 0 c26 0 8
0 1 0 28.8 48.5 0 c26 0 8
0 1 0 28.8 48.5 0 c26 0 8
0 1 0 28.7 48.5 0 c26 0 8
0 1 0 28.6 48.5 0 c26 0 8
0 1 0 28.6 48.5 0 c26 0 8
0 1 0 28.5 48.5 0 c26 0 8
0 1 0 28.5 48.5 2 c26 0 8
0 1 0 28.4 48.5 2 c26 0 8
0 1 0 28.4 48.5 0 c26 0 8
0 1 0 28.3 48.5 0 c26 0 8
0 1 0 28.4 48.5 0 c26 0 8
0 1 0 28.3 48.5 0 c26 0 8
0 1 0 28.3 48.5 2 c26 0 8
0 1 0 28.3 48.5 0 c26 0 8
0 1 0 28.2 49.0 0 c26 0 8
0 1 0 28.2 49.0 0 c26 0 8
0 1 0 28.2 49.0 0 c26 0 8
0 1 1 28.1 49.0 0 c26 0 8
0 1 0 28.1 49.0 0 c26 0 8
0 1 0 28.1 49.5 2 c26 0 8
0 1 0 28.0 49.5 0 c26 0 8
0 1 0 28.0 49.5 0 c26 0 8
0 1 0 27.9 49.5 0 c26 0 8
0 1 0 27.9 49.5 0 c26 0 8
0 1 0 27.9 49.5 0 c26 0 8
0 1 0 27.8 49.5 0 c26 0 8
0 1 0 27.8 49.5 0 c26 0 8
0 1 0 27.8 49.5 0 c26 0 8
0 1 0 27.7 49.5 0 c26 0 8
0 1 0 27.7 49.5 0 c26 0 8
0 1 0 27.7 49.5 0 c26 0 8
0 1 0 27.6 49.5 0 c26 0 8
0 1 1 27.7 49.5 0 c26 0 8
0 1 1 27.7 49.5 0 c26 0 8
0 1 0 27.7 50.0 2 c26 0 8
0 1 0 27.6 50.0 2 c26 0 8
0 1 0 27.6 50.0 2 c26 0 8
0 1 0 27.6 50.0 2 c26 0 8
0 1 0 27.6 50.5 2 c26 0 8
0 1 0 27.6 50.5 2 c26 0 8
0 1 0 27.5 50.5 0 c26 0 8
0 1 0 27.5 50.5 0 c26 0 8
0 1 0 27.5 51.0 2 c26 0 8
0 1 0 27.5 51.0 0 c26 0 8
0 1 0 27.5 51.0 0 c26 0 8
0 1 0 27.5 51.0 0 c26 0 8
0 1 0 27.5 51.0 0 c26 0 8
0 1 0 27.4 51.0 0 c26 0 8
0 1 0 27.4 51.0 0 c26 0 8
0 1 0 27.5 51.0 0 c26 0 8
0 1 0 27.4 51.0 0 c26 0 8
0 1 0 27.4 51.0 0 c26 0 8
0 1 0 27.4 51.0 0 c26 0 8
0 1 0 27.3 51.0 0 c26 0 8
0 1 0 27.3 51.0 0 c26 0 8
0 1 0 27.3 51.0 2 c26 0 8
0 1 10 27.3 51.0 0 c26 0 8
0 1 0 27.3 51.0 0 c26 0 8
0 1 0 27.2 51.0 0 c26 0 8
0 1 13 27.3 51.5 0 c26 0 8
0 1 2 27.2 51.5 0 c26 0 8
0 1 0 27.2 51.5 0 c26 0 8
0 1 0 27.2 51.5 0 c26 0 8
0 1 0 27.1 51.5 0 c26 0 8
0 1 0 27.2 51.5 0 c26 0 8
0 1 0 27.2 51.5 0 c26 0 8
0 1 0 27.1 51.5 0 c26 0 8
0 1 0 27.1 51.5 0 c26 0 8
0 1 0 27.1 51.5 0 c26 0 8
0 1 0 27.0 51.5 0 c26 0 8
0 1 0 27.0 52.0 0 c26 0 8
0 1 0 27.1 52.0 0 c26 0 8
0 1 0 27.1 52.0 0 c26 0 8
0 1 0 27.0 52.0 0 c26 0 8
0 1 0 27.0 52.0 0 c26 0 8
0 1 0 27.0 51.5 0 c26 0 8
0 1 0 27.0 51.5 0 c26 0 8
0 1 0 27.0 51.5 0 c26 0 8
0 1 0 26.9 51.5 0 c26 0 8
0 1 0 26.9 51.5 0 c26 0 8
0 1 0 27.0 52.0 0 c26 0 8
0 1 0 26.9 51.5 0 c26 0 8
0 1 0 26.8 51.5 0 c26 0 8
0 1 0 26.9 51.5 0 c26 0 8
0 1 0 26.9 51.5 2 c26 0 8
0 1 0 26.8 51.5 0 c26 0 8
0 1 0 26.8 52.0 0 c26 0 8
0 1 0 26.8 52.0 0 c26 0 8
0 1 0 26.8 52.0 0 c26 0 8
0 1 0 26.8 52.0 0 c26 0 8
0 1 0 26.8 52.0 0 c26 0 8
0 1 0 26.8 52.0 0 c26 0 8
0 1 0 26.8 52.5 2 c26 0 8
0 1 0 26.8 52.5 0 c26 0 8
0 1 0 26.8 52.5 0 c26 0 8
0 1 0 26.7 52.5 0 c26 0 8
0 1 0 26.8 52.5 0 c26 0 8
0 1 0 26.7 52.5 0 c26 0 8
0 1 0 26.7 52.5 0 c26 0 8
0 1 0 26.7 52.5 0 c26 0 8
0 1 0 26.7 52.5 0 c26 0 8
0 1 0 26.8 52.5 0 c26 0 8
0 1 0 26.7 52.5 0 c26 0 8
0 1 0 26.6 52.5 0 c26 0 8
0 1 0 26.6 52.0 0 c26 0 8
0 1 0 26.6 52.0 0 c26 0 8
0 1 0 26.6 52.0 0 c26 0 8
0 1 0 26.6 52.0 0 c26 0 8
0 1 0 26.6 52.0 0 c26 0 8
0 1 0 26.6 52.0 0 c26 0 8
0 1 0 26.6 52.0 0 c26 0 8
0 1 0 26.5 52.0 0 c26 0 8
0 1 0 26.6 52.0 0 c26 0 8
0 1 0 26.5 52.0 0 c26 0 8
0 1 0 26.5 52.0 0 c26 0 8
0 1 0 26.6 52.5 0 c26 0 8
0 1 0 26.5 52.5 0 c26 0 8
0 1 0 26.5 52.5 0 c26 0 8
0 1 0 26.5 52.5 0 c26 0 8
0 1 0 26.5 52.5 0 c26 0 8
0 1 0 26.4 52.5 0 c26 0 8
0 1 0 26.5 52.5 0 c26 0 8
0 1 0 26.4 52.5 0 c26 0 8
0 1 0 26.4 52.5 0 c26 0 8
0 1 0 26.4 52.5 2 c26 0 8
0 1 0 26.4 52.5 0 c26 0 8
0 1 0 26.4 52.5 0 c26 0 8
0 1 0 26.4 52.5 0 c26 0 8
0 1 0 26.4 52.5 0 c26 0 8
0 1 0 26.4 52.5 0 c26 0 8
0 1 0 26.4 52.5 0 c26 0 8
0 1 0 26.4 52.5 0 c26 0 8
0 1 0 26.4 52.5 0 c26 0 8
0 1 0 26.4 52.5 0 c26 0 8
0 1 0 26.3 52.5 0 c26 0 8
0 1 0 26.4 52.5 0 c26 0 8
0 1 0 26.3 52.5 0 c26 0 8
0 1 0 26.3 52.5 2 c26 0 8
0 1 0 26.4 52.5 2 c26 0 8
0 1 0 26.3 52.5 0 c26 0 8
0 1 0 26.3 53.0 0 c26 0 8
0 1 0 26.3 53.0 0 c26 0 8
0 1 0 26.3 53.0 0 c26 0 8
0 1 0 26.3 53.0 0 c26 0 8
0 1 0 26.3 53.0 0 c26 0 8
0 1 0 26.3 53.0 0 c26 0 8
0 1 0 26.3 53.0 0 c26 0 8
0 1 0 26.3 53.0 2 c26 0 8
0 1 0 26.2 53.0 0 c26 0 8
0 1 0 26.2 53.0 0 c26 0 8
0 1 0 26.3 53.0 0 c26 0 8
0 1 0 26.2 53.0 0 c26 0 8
0 1 0 26.2 53.0 2 c26 0 8
0 1 0 26.3 52.5 2 c26 0 8
0 1 0 26.2 52.5 0 c26 0 8
0 1 0 26.2 52.5 0 c26 0 8
0 1 0 26.2 52.5 2 c26 0 8
0 1 0 26.2 52.5 2 c26 0 8
0 1 0 26.2 52.5 2 c26 0 8
0 1 0 26.1 52.5 2 c26 0 8
0 1 0 26.2 53.0 0 c26 0 8
0 1 0 26.2 53.0 0 c26 0 8
0 1 0 26.2 53.0 0 c26 0 8
0 1 0 26.1 53.0 0 c26 0 8
0 1 0 26.1 53.0 0 c26 0 8
0 1 0 26.1 53.0 0 c26 0 8
0 1 0 26.2 53.0 0 c26 0 8
0 1 0 26.1 53.0 0 c26 0 8
0 1 0 26.2 53.0 0 c26 0 8
0 1 0 26.1 53.0 0 c26 0 8
0 1 0 26.1 53.0 0 c26 0 8
0 1 0 26.1 52.5 0 c26 0 8
0 1 0 26.1 52.5 0 c26 0 8
0 1 0 26.1 52.5 0 c26 0 8
0 1 0 26.0 52.5 0 c26 0 8
0 1 0 26.0 52.5 0 c26 0 8
0 1 0 26.0 52.5 0 c26 0 8
0 1 0 26.0 52.5 0 c26 0 8
0 1 0 26.0 52.5 0 c26 0 8
0 1 0 26.0 53.0 0 c26 0 8
0 1 0 26.0 52.5 0 c26 0 8
0 1 0 26.0 53.0 0 c26 0 8
0 1 0 26.0 53.0 0 c26 0 8
0 1 0 26.0 53.0 0 c26 0 8
0 1 0 26.0 53.0 0 c26 0 8
0 1 0 26.0 53.0 0 c26 0 8
0 1 0 26.0 53.0 0 c26 0 8
0 1 0 26.0 53.5 0 c26 0 8
0 1 0 26.0 53.5 0 c26 0 8
0 1 0 26.0 53.5 0 c26 0 8
0 1 0 26.0 53.5 0 c26 0 8
0 1 0 26.0 53.5 0 c26 0 8
0 1 0 26.0 53.5 0 c26 0 8
0 1 0 25.9 53.0 0 c26 0 8
0 1 0 26.0 53.0 0 c26 0 8
0 1 0 25.9 53.0 0 c26 0 8
0 1 0 25.9 53.0 0 c26 0 8
0 1 0 25.9 53.0 0 c26 0 8
0 1 0 25.9 53.0 0 c26 0 8
0 1 0 26.0 53.0 0 c26 0 8
0 1 0 25.9 53.0 0 c26 0 8
0 1 0 25.9 53.0 0 c26 0 8
0 1 0 25.9 53.0 0 c26 0 8
0 1 0 25.9 53.0 0 c26 0 8
0 1 0 25.9 53.0 0 c26 0 8
0 1 0 25.9 53.0 0 c26 0 8
0 1 0 25.9 53.0 0 c26 0 8
0 1 0 25.9 53.0 0 c26 0 8
0 1 0 25.8 53.0 0 c26 0 8
0 1 0 25.8 53.0 0 c26 0 8
0 1 0 25.8 53.0 0 c26 0 8
0 1 0 25.8 53.0 0 c26 0 8
0 1 0 25.7 53.0 0 c26 0 8
0 1 0 25.8 53.0 0 c26 0 8
0 1 0 25.7 53.0 0 c26 0 8
0 1 0 25.8 53.0 0 c26 0 8
0 1 0 25.8 53.5 0 c26 0 8
0 1 0 25.9 53.5 0 c26 0 8
0 1 0 25.7 53.5 0 c26 0 8
0 1 0 25.8 53.5 0 c26 0 8
0 1 0 25.8 53.5 1 c26 0 8
0 1 0 25.8 53.5 1 c26 0 8
0 1 0 25.8 53.5 1 c26 0 8
0 1 0 25.8 53.5 1 c26 0 8
0 1 0 25.7 53.5 1 c26 0 8
0 1 0 25.8 53.5 1 c26 0 8
0 1 0 25.8 54.0 1 c26 0 8
0 1 0 25.7 54.0 1 c26 0 8
0 1 0 25.8 54.0 1 c26 0 8
0 1 0 25.8 54.0 1 c26 0 8
0 1 0 25.8 54.0 1 c26 0 8
0 1 0 25.8 54.0 1 c26 0 8
0 1 0 25.8 54.0 1 c26 0 8
0 1 0 25.9 54.0 1 c26 0 8
0 1 0 25.8 54.0 1 c26 0 8
0 1 0 25.8 54.0 1 c26 0 8
0 1 0 25.8 54.0 1 c26 0 8
0 1 0 25.8 54.0 1 c26 0 8
0 1 0 25.9 54.0 1 c26 0 8
0 1 0 25.9 54.0 1 c26 0 8
0 1 0 25.8 54.0 1 c26 0 8
0 1 0 25.9 54.0 1 c26 0 8
0 1 0 25.8 54.0 1 c26 0 8
0 1 0 25.8 54.0 1 c26 0 8
0 1 0 25.9 54.0 1 c26 0 8
0 1 0 25.9 54.0 1 c26 0 8
0 1 0 25.9 54.0 1 c26 0 8
0 1 0 25.9 54.0 1 c26 0 8
0 1 0 25.8 54.0 1 c26 0 8
0 1 0 25.9 54.0 1 c26 0 8
0 1 0 25.9 54.0 1 c26 0 8
0 1 0 25.8 53.5 1 c26 0 8
0 1 0 25.8 53.5 1 c26 0 8
0 1 0 25.9 53.5 1 c26 0 8
0 1 0 25.9 53.5 1 c26 0 8
0 1 0 25.9 54.0 1 c26 0 8
0 1 0 25.9 53.5 1 c26 0 8
0 1 0 25.8 53.5 1 c26 0 8
0 1 0 25.8 54.0 1 c26 0 8
0 1 0 25.8 54.0 1 c26 0 8
0 1 0 25.9 53.5 1 c26 0 8
0 1 1 25.9 53.5 1 c26 0 8
0 1 20 25.7 53.5 17 c26 6 91
0 1 8 25.8 53.5 30 c26 6 91
0 1 1 25.8 53.5 28 c26 6 91
0 1 1 25.8 53.0 28 c26 6 91
0 1 0 25.8 53.0 28 c26 6 91
0 1 0 25.7 53.0 28 c26 6 91
0 1 0 25.8 53.0 28 c26 6 91
0 1 4 25.7 53.0 26 c26 6 91
0 1 6 25.8 52.5 26 c26 6 91
0 1 1 25.7 52.5 26 c26 6 91
0 1 2 25.7 52.5 26 c26 6 91
0 1 0 25.7 52.5 26 c26 6 91
0 1 0 25.7 52.5 26 c26 6 91
0 1 0 25.6 52.5 26 c26 6 91
0 1 0 25.6 52.5 24 c26 6 91
0 1 0 25.6 52.5 28 c26 6 91
0 1 0 25.6 52.5 28 c26 6 91
0 1 0 25.6 52.0 28 c26 6 91
0 1 0 25.6 52.0 28 c26 6 91
0 1 0 25.5 52.0 28 c26 6 91
0 1 0 25.5 52.0 26 c26 6 91
0 1 2 25.6 52.0 26 c26 6 91
0 1 12 25.5 52.0 26 c26 6 91
0 1 0 25.5 52.0 23 c26 6 91
0 1 0 25.5 52.0 23 c26 6 91
0 1 0 25.5 52.0 25 c26 6 91
0 1 12 25.5 52.0 25 c26 6 91
0 1 2 25.4 51.5 25 c26 6 91
0 1 1 25.4 51.5 25 c26 6 91
0 1 0 25.4 51.5 25 c26 6 91
0 1 0 25.4 51.5 25 c26 6 91
0 1 0 25.4 51.0 25 c26 6 91
0 1 0 25.3 51.0 23 c26 6 91
0 1 0 25.3 51.0 23 c26 6 91
0 1 0 25.4 51.5 23 c26 6 91
0 1 0 25.3 51.5 23 c26 6 91
0 1 0 25.3 51.5 23 c26 6 91
0 1 0 25.3 53.0 23 c26 6 91
0 1 0 25.4 54.0 23 c26 6 91
0 1 0 25.5 53.5 23 c26 6 91
0 1 0 25.5 53.5 23 c26 6 91
0 1 0 25.4 53.5 23 c26 6 91
0 1 0 25.4 53.0 23 c26 6 91
0 1 0 25.4 53.0 23 c26 6 91
0 1 1 25.5 53.0 23 c26 6 91
0 1 0 25.4 53.0 23 c26 6 91
0 1 0 25.4 52.5 23 c26 6 91
0 1 3 25.4 52.5 23 c26 6 91
0 1 4 25.4 52.0 23 c26 6 91
0 1 0 25.4 52.0 23 c26 6 91
0 1 3 25.3 52.0 23 c26 6 91
0 1 0 25.3 51.5 23 c26 6 91
0 1 0 25.3 51.5 23 c26 6 91
0 1 0 25.2 54.0 23 c26 6 91
0 1 0 25.4 53.5 23 c26 6 91
0 1 0 25.3 55.0 23 c26 6 91
0 1 0 25.4 54.0 23 c26 6 91
0 1 0 25.4 54.0 21 c26 6 91
0 1 0 25.5 54.0 21 c26 6 91
0 1 0 25.5 54.0 21 c26 6 91
0 1 0 25.5 54.0 21 c26 6 91
0 1 0 25.5 53.5 21 c26 6 91
0 1 0 25.4 53.5 21 c26 6 91
0 1 0 25.3 53.0 21 c26 6 91
0 1 0 25.3 52.5 21 c26 6 91
0 1 0 25.2 52.0 21 c26 6 91
0 1 0 25.1 51.5 21 c26 6 91
0 1 0 25.1 51.5 21 c26 6 91
0 1 2 25.0 51.0 21 c26 6 91
0 1 0 25.1 50.5 21 c26 6 91
0 1 0 24.9 51.0 21 c26 6 91
0 1 2 25.0 51.0 21 c26 6 91
0 1 13 25.0 51.5 23 c26 6 91
0 1 0 25.0 52.0 21 c26 6 91
0 1 0 25.0 52.0 21 c26 6 91
0 1 0 25.0 52.5 25 c26 6 91
0 1 0 25.0 52.5 25 c26 6 91
0 1 0 25.0 52.5 25 c26 6 91
0 1 0 25.0 52.5 25 c26 6 91
0 1 0 25.0 52.0 25 c26 6 91
0 1 0 24.9 52.0 25 c26 6 91
0 1 0 24.9 51.5 25 c26 6 91
0 1 1 24.9 51.0 23 c26 6 91
0 1 0 24.8 51.0 23 c26 6 91
0 1 0 24.8 50.5 23 c26 6 91
0 1 0 24.8 50.5 23 c26 6 91
0 1 0 24.8 50.5 23 c26 6 91
0 1 0 24.7 50.5 23 c26 6 91
0 1 0 24.7 50.5 23 c26 6 91
0 1 0 24.6 50.5 23 c26 6 91
0 1 0 24.7 50.5 23 c26 6 91
0 1 0 24.7 50.5 23 c26 6 91
0 1 0 24.8 50.5 23 c26 6 91
0 1 0 24.7 50.0 23 c26 6 91
0 1 0 24.6 50.0 23 c26 6 91
0 1 0 24.6 49.5 23 c26 6 91
0 1 0 24.6 50.0 23 c26 6 91
0 1 0 24.6 49.5 23 c26 6 91
0 1 0 24.5 49.5 23 c26 6 91
0 1 0 24.6 49.5 23 c26 6 91
0 1 0 24.6 49.5 23 c26 6 91
0 1 0 24.6 49.5 23 c26 6 91
0 1 0 24.5 49.5 23 c26 6 91
0 1 0 24.5 49.5 23 c26 6 91
0 1 0 24.6 49.0 23 c26 6 91
0 1 0 24.6 49.0 23 c26 6 91
0 1 0 24.5 49.0 23 c26 6 91
0 1 7 24.5 49.0 23 c26 6 91
0 1 0 24.4 49.0 23 c26 6 91
0 1 0 24.5 49.0 23 c26 6 91
0 1 0 24.5 49.0 23 c26 6 91
0 1 0 24.5 49.0 23 c26 6 91
0 1 0 24.5 49.0 23 c26 6 91
0 1 0 24.5 49.0 23 c26 6 91
0 1 0 24.4 49.0 23 c26 6 91
0 1 0 24.5 48.5 23 c26 6 91
0 1 0 24.4 48.5 23 c26 6 91
0 1 0 24.4 48.5 23 c26 6 91
0 1 0 24.4 48.0 23 c26 6 91
0 1 11 24.4 48.0 23 c26 6 91
0 1 0 24.3 48.0 23 c26 6 91
0 1 0 24.4 48.0 23 c26 6 91
0 1 0 24.4 48.0 23 c26 6 91
0 1 0 24.4 48.0 23 c26 6 91
0 1 0 24.4 48.0 23 c26 6 91
0 1 0 24.4 48.0 23 c26 6 91
0 1 0 24.3 48.0 23 c26 6 91
0 1 1 24.3 48.0 23 c26 6 91
0 1 1 24.4 48.0 23 c26 6 91
0 1 0 24.3 48.0 23 c26 6 91
0 1 0 24.3 47.5 23 c26 6 91
0 1 0 24.4 47.5 23 c26 6 91
0 1 1 24.3 48.0 23 c26 6 91
0 1 8 24.3 47.5 23 c26 6 91
0 1 3 24.3 48.0 23 c26 6 91
0 1 3 24.3 48.0 23 c26 6 91
0 1 6 24.3 47.5 23 c26 6 91
0 1 0 24.2 48.0 23 c26 6 91
0 1 0 24.2 48.0 23 c26 6 91
0 1 0 24.2 48.0 23 c26 6 91
0 1 0 24.2 47.5 23 c26 6 91
0 1 0 24.2 47.5 23 c26 6 91
0 1 14 24.2 47.5 23 c26 6 91
0 1 0 24.2 47.5 23 c26 6 91
0 1 0 24.2 47.5 23 c26 6 91
0 1 0 24.2 47.5 23 c26 6 91
0 1 0 24.2 47.5 23 c26 6 91
0 1 0 24.2 48.0 23 c26 6 91
0 1 0 24.2 48.0 23 c26 6 91
0 1 0 24.2 48.0 23 c26 6 91
0 1 8 24.1 48.0 23 c26 6 91
0 1 0 24.1 48.0 23 c26 6 91
0 1 0 24.2 48.0 23 c26 6 91
0 1 2 24.2 48.0 21 c26 6 91
0 1 7 24.3 48.0 23 c26 6 91
0 1 0 24.2 48.0 23 c26 6 91
0 1 2 24.2 48.5 23 c26 6 91
0 1 0 24.2 48.5 23 c26 6 91
0 1 0 24.2 48.5 23 c26 6 91
0 1 0 24.2 48.5 23 c26 6 91
0 1 0 24.2 48.5 23 c26 6 91
0 1 0 24.2 48.5 23 c26 6 91
0 1 0 24.2 48.5 23 c26 6 91
0 1 0 24.3 49.0 23 c26 6 91
0 1 0 24.3 49.0 23 c26 6 91
0 1 0 24.2 49.0 23 c26 6 91
0 1 0 24.3 49.0 23 c26 6 91
0 1 0 24.2 49.0 23 c26 6 91
0 1 0 24.3 49.0 23 c26 6 91
0 1 0 24.3 49.0 23 c26 6 91
0 1 1 24.3 49.0 23 c26 6 91
0 1 0 24.3 49.0 23 c26 6 91
0 1 0 24.3 49.0 23 c26 6 91
0 1 0 24.3 49.0 23 c26 6 91
0 1 1 24.2 49.0 23 c26 6 91
0 1 0 24.3 49.0 23 c26 6 91
0 1 0 24.3 49.0 23 c26 6 91
0 1 0 24.2 49.0 23 c26 6 91
0 1 0 24.2 49.0 23 c26 6 91
0 1 0 24.2 49.0 23 c26 6 91
0 1 0 24.2 49.0 23 c26 6 91
0 1 0 24.3 48.5 23 c26 6 91
0 1 0 24.2 49.0 23 c26 6 91
0 1 5 24.3 49.0 23 c26 6 91
0 1 0 24.2 49.0 23 c26 6 91
0 1 0 24.3 49.0 23 c26 6 91
0 1 0 24.3 48.5 23 c26 6 91
0 1 1 24.3 49.0 23 c26 6 91
0 1 0 24.3 49.0 23 c26 6 91
0 1 5 24.3 49.0 23 c26 6 91
0 1 4 24.3 49.0 23 c26 6 91
0 1 0 24.3 49.0 23 c26 6 91
0 1 0 24.3 49.0 23 c26 6 91
0 1 0 24.3 49.0 23 c26 6 91
0 1 3 24.3 49.0 23 c26 6 91
0 1 0 24.2 49.0 23 c26 6 91
0 1 0 24.2 49.0 23 c26 6 91
0 1 0 24.3 49.0 23 c26 6 91
0 1 19 24.3 49.0 23 c26 6 91
0 1 3 24.3 49.0 23 c26 6 91
0 1 0 24.3 49.0 23 c26 6 91
0 1 0 24.3 49.0 23 c26 6 91
0 1 0 24.2 49.0 23 c26 6 91
0 1 0 24.3 49.0 23 c26 6 91
0 1 0 24.2 49.0 23 c26 6 91
0 1 20 24.2 48.5 23 c26 6 91
0 1 3 24.2 49.0 23 c26 6 91
0 1 3 24.2 49.0 23 c26 6 91
0 1 0 24.2 49.0 23 c26 6 91
0 1 0 24.2 49.0 23 c26 6 91
0 1 0 24.3 49.0 23 c26 6 91
0 1 0 24.1 49.0 23 c26 6 91
0 1 0 24.2 49.0 23 c26 6 91
0 1 0 24.3 49.5 23 c26 6 91
0 1 0 24.3 49.5 23 c26 6 91
0 1 0 24.2 50.0 23 c26 6 91
0 1 1 24.2 50.0 23 c26 6 91
0 1 1 24.3 50.5 23 c26 6 91
0 1 2 24.2 50.5 23 c26 6 91
0 1 0 24.2 50.5 23 c26 6 91
0 1 0 24.3 50.5 23 c26 6 91
0 1 0 24.3 50.5 23 c26 6 91
0 1 0 24.3 50.5 23 c26 6 91
0 1 0 24.2 50.5 23 c26 6 91
0 1 2 24.2 50.5 23 c26 6 91
0 1 0 24.3 50.5 23 c26 6 91
0 1 0 24.3 50.5 23 c26 6 91
0 1 0 24.3 50.5 23 c26 6 91
0 1 0 24.3 50.0 23 c26 6 91
0 1 0 24.2 50.0 23 c26 6 91
0 1 0 24.2 50.0 23 c26 6 91
0 1 0 24.2 50.0 23 c26 6 91
0 1 0 24.2 49.5 23 c26 6 91
0 1 0 24.2 49.5 23 c26 6 91
0 1 2 24.2 49.5 23 c26 6 91
0 1 0 24.1 49.0 23 c26 6 91
0 1 0 24.1 49.0 23 c26 6 91
0 1 0 24.1 49.0 23 c26 6 91
0 1 1 24.1 49.0 23 c26 6 91
0 1 0 24.2 49.0 23 c26 6 91
0 1 0 24.1 49.0 23 c26 6 91
0 1 0 24.1 49.0 23 c26 6 91
0 1 0 24.1 49.0 23 c26 6 91
0 1 0 24.2 49.0 23 c26 6 91
0 1 0 24.0 49.0 23 c26 6 91
0 1 0 24.1 49.0 23 c26 6 91
0 1 0 24.1 49.0 23 c26 6 91
0 1 3 24.1 49.0 23 c26 6 91
0 1 1 24.1 49.0 23 c26 6 91
0 1 0 24.1 49.5 23 c26 6 91
0 1 0 24.1 49.5 23 c26 6 91
0 1 0 24.1 49.5 23 c26 6 91
0 1 0 24.1 49.5 23 c26 6 91
0 1 4 24.1 49.5 23 c26 6 91
0 1 0 24.1 49.5 23 c26 6 91
0 1 0 24.2 50.0 23 c26 6 91
0 1 0 24.1 50.0 23 c26 6 91
0 1 0 24.1 50.0 23 c26 6 91
0 1 0 24.2 50.5 23 c26 6 91
0 1 0 24.2 50.0 23 c26 6 91
0 1 0 24.2 50.0 23 c26 6 91
0 1 3 24.2 50.0 23 c26 6 91
0 1 6 24.2 50.0 23 c26 6 91
0 1 0 24.2 50.0 23 c26 6 91
0 1 0 24.1 50.5 23 c26 6 91
0 1 0 24.1 50.5 23 c26 6 91
0 1 0 24.2 50.5 23 c26 6 91
0 1 3 24.2 50.5 23 c26 6 91
0 1 0 24.1 50.5 23 c26 6 91
0 1 0 24.2 50.0 23 c26 6 91
0 1 0 24.2 50.5 23 c26 6 91
0 1 0 24.2 50.5 23 c26 6 91
0 1 0 24.1 50.0 23 c26 6 91
0 1 0 24.2 50.0 23 c26 6 91
0 1 0 24.1 50.0 23 c26 6 91
0 1 5 24.1 50.0 23 c26 6 91
0 1 0 24.1 49.5 23 c26 6 91
0 1 0 24.1 49.5 23 c26 6 91
0 1 0 24.1 49.5 23 c26 6 91
0 1 0 24.0 49.5 23 c26 6 91
0 1 0 24.1 49.5 23 c26 6 91
0 1 0 24.1 49.5 23 c26 6 91
0 1 0 24.0 49.5 23 c26 6 91
0 1 0 24.1 49.5 23 c26 6 91
0 1 0 24.1 49.5 23 c26 6 91
0 1 2 24.1 50.0 23 c26 6 91
0 1 0 24.1 50.0 23 c26 6 91
0 1 0 24.0 50.0 23 c26 6 91
0 1 0 24.1 50.0 23 c26 6 91
0 1 2 24.1 50.0 23 c26 6 91
0 1 24 24.1 50.0 23 c26 6 91
0 1 0 24.0 50.0 23 c26 6 91
0 1 0 24.1 50.0 23 c26 6 91
0 1 0 24.0 49.5 23 c26 6 91
0 1 0 24.0 50.0 23 -1 6 91
1 1 24 24.0 49.5 2 -1 0 91
1 1 0 24.0 49.5 2 -1 0 91
1 1 0 24.1 50.0 2 -1 0 91
1 1 0 24.1 49.5 2 -1 0 91
1 1 0 24.3 49.5 2 -1 0 91
1 1 0 24.4 50.0 2 -1 0 91
1 1 0 24.4 50.0 2 -1 0 91
1 1 0 24.5 50.0 2 -1 0 91
1 1 0 24.6 50.5 2 -1 0 91
1 1 0 24.6 51.0 2 -1 0 91
1 1 0 24.7 52.0 2 -1 0 91
1 1 0 24.9 52.5 2 -1 0 91
1 1 0 24.9 53.0 2 -1 0 91
1 1 0 25.0 54.0 2 -1 0 91
1 1 0 25.1 55.0 2 -1 0 91
1 1 0 25.2 56.0 2 -1 0 91
1 1 0 25.4 56.5 2 -1 0 91
1 1 0 25.5 57.5 2 -1 0 91
1 1 0 25.5 58.0 2 -1 0 91
1 1 0 25.6 59.0 2 -1 0 91
1 1 0 25.7 60.0 2 -1 0 91
1 1 0 25.8 59.5 2 -1 0 91
1 1 0 25.8 59.5 2 -1 0 91
1 1 0 25.9 59.5 2 -1 0 91
1 1 0 26.0 60.0 2 -1 0 91
1 1 0 26.0 60.0 2 -1 0 91
1 1 0 26.0 60.0 2 -1 0 91
1 1 0 26.1 60.5 2 -1 0 91
1 1 0 26.2 60.5 2 -1 0 91
1 1 0 26.3 60.5 2 -1 0 91
1 1 0 26.3 60.5 2 -1 0 91
1 1 0 26.4 60.5 2 -1 0 91
1 1 0 26.4 60.5 2 -1 0 91
1 1 0 26.5 60.5 2 -1 0 91
1 1 0 26.6 61.0 2 -1 0 91
1 1 0 26.6 60.5 2 -1 0 91
1 1 0 26.7 60.0 2 -1 0 91
1 1 0 26.7 60.5 2 -1 0 91
1 1 0 26.8 61.0 2 -1 0 91
1 1 0 26.8 61.5 2 -1 0 91
1 1 0 26.8 62.0 2 -1 0 91
1 1 0 27.0 63.0 2 -1 0 91
1 1 0 27.0 63.0 2 -1 0 91
1 1 0 27.0 64.0 2 -1 0 91
1 1 0 27.0 64.0 2 -1 0 91
1 1 0 27.1 64.5 2 -1 0 91
1 1 0 27.2 64.5 2 -1 0 91
1 1 0 27.2 65.0 2 -1 0 91
1 1 0 27.3 65.5 2 -1 0 91
1 1 0 27.3 65.5 2 -1 0 91
1 1 0 27.3 65.5 2 -1 0 91
1 1 0 27.3 65.0 2 -1 0 91
1 1 0 27.3 65.5 2 -1 0 91
1 1 0 27.4 66.0 2 -1 0 91
1 1 0 27.5 66.0 2 -1 0 91
1 1 0 27.5 66.0 2 -1 0 91
1 1 0 27.6 66.5 2 -1 0 91
1 1 0 27.5 67.0 2 -1 0 91
1 1 0 27.6 67.5 2 -1 0 91
1 1 0 27.6 67.0 2 -1 0 91
1 1 0 27.7 67.0 2 -1 0 91
1 1 0 27.7 67.0 2 -1 0 91
1 1 0 27.8 66.5 2 -1 0 91
1 1 0 27.7 66.0 2 -1 0 91
1 1 0 27.9 66.0 2 -1 0 91
1 1 0 27.8 65.5 2 -1 0 91
1 1 0 27.9 65.5 2 -1 0 91
1 1 0 27.9 65.5 2 -1 0 91
1 1 0 28.0 65.5 2 -1 0 91
1 1 0 28.0 66.0 2 -1 0 91
1 1 0 28.1 66.0 2 -1 0 91
1 1 0 28.1 66.5 2 -1 0 91
1 1 0 28.0 66.5 2 -1 0 91
1 1 0 28.1 66.5 2 -1 0 91
1 1 0 28.1 66.5 2 -1 0 91
1 1 0 28.2 66.5 2 -1 0 91
1 1 0 28.2 66.5 2 -1 0 91
1 1 0 28.2 66.5 2 -1 0 91
1 1 0 28.2 66.0 2 -1 0 91
1 1 0 28.2 66.5 2 -1 0 91
1 1 0 28.3 66.5 2 -1 0 91
1 1 0 28.3 67.0 2 -1 0 91
1 1 0 28.3 66.5 2 -1 0 91
1 1 0 28.4 67.0 2 -1 0 91
1 1 0 28.4 66.5 2 -1 0 91
1 1 0 28.4 66.5 2 -1 0 91
1 1 0 28.4 66.5 2 -1 0 91
1 1 0 28.5 66.5 2 -1 0 91
1 1 0 28.5 66.5 2 -1 0 91
1 1 0 28.5 67.0 2 -1 0 91
1 1 0 28.5 67.0 2 -1 0 91
1 1 0 28.6 67.0 2 -1 0 91
1 1 0 28.5 67.0 2 -1 0 91
1 1 0 28.6 67.0 2 -1 0 91
1 1 0 28.6 67.0 2 -1 0 91
1 1 0 28.6 67.0 2 -1 0 91
1 1 0 28.6 67.5 2 -1 0 91
1 1 0 28.7 67.5 2 -1 0 91
1 1 0 28.7 67.5 2 -1 0 91
1 1 0 28.8 67.5 2 -1 0 91
1 1 0 28.8 67.5 2 -1 0 91
1 1 0 28.8 67.5 2 -1 0 91
1 1 0 28.8 67.5 2 -1 0 91
1 1 0 28.8 67.5 2 -1 0 91
1 1 0 28.8 67.5 2 -1 0 91
1 1 0 28.8 67.5 2 -1 0 91
1 1 0 28.9 67.5 2 -1 0 91
1 1 0 28.9 67.5 2 -1 0 91
1 1 0 28.9 67.5 2 -1 0 91
1 1 0 28.8 67.5 2 -1 0 91
1 1 0 28.8 67.5 2 -1 0 91
1 1 0 28.8 67.5 2 -1 0 91
1 1 0 28.9 67.5 2 -1 0 91
1 1 0 28.9 67.0 2 -1 0 91
1 1 0 28.9 67.0 2 -1 0 91
1 1 0 28.9 67.0 2 -1 0 91
1 1 0 29.0 67.0 2 -1 0 91
1 1 0 29.0 67.0 2 -1 0 91
