0 1 0 28.9 54.0 2 -1 0 -1
0 1 0 28.9 54.0 2 -1 0 -1
0 1 0 28.9 54.0 2 -1 0 -1
0 1 0 28.9 54.0 2 -1 0 -1
0 1 0 28.9 54.0 2 -1 0 -1
0 1 0 29.0 54.0 2 -1 0 -1
0 1 0 29.0 54.0 2 -1 0 -1
0 1 0 29.0 54.0 2 -1 0 -1
0 1 0 29.1 54.0 2 -1 0 -1
0 1 0 29.1 54.0 2 -1 0 -1
0 1 0 29.0 54.0 2 -1 0 -1
0 1 0 29.0 54.0 2 -1 0 -1
0 1 0 29.0 54.0 2 -1 0 -1
0 1 0 29.0 54.0 2 -1 0 -1
0 1 0 29.1 54.0 2 -1 0 -1
0 1 0 29.0 54.0 2 -1 0 -1
0 1 0 29.1 54.5 2 -1 0 -1
0 1 0 29.1 54.0 2 -1 0 -1
0 1 0 29.1 54.0 2 -1 0 -1
0 1 0 29.2 54.5 2 -1 0 -1
0 1 0 29.2 54.5 2 -1 0 -1
0 1 0 29.1 54.5 2 -1 0 -1
0 1 0 29.1 54.5 2 -1 0 -1
0 1 0 29.2 54.5 2 -1 0 -1
0 1 0 29.1 54.5 2 -1 0 -1
0 1 0 29.2 54.5 2 -1 0 -1
0 1 0 29.2 54.5 2 -1 0 -1
0 1 0 29.2 54.5 2 -1 0 -1
0 1 0 29.2 54.5 2 -1 0 -1
0 1 0 29.2 54.5 2 -1 0 -1
0 1 0 29.2 54.5 2 -1 0 -1
0 1 0 29.2 55.0 2 -1 0 -1
0 1 0 29.3 55.0 2 -1 0 -1
0 1 0 29.2 55.0 2 -1 0 -1
0 1 0 29.3 55.0 2 -1 0 -1
0 1 0 29.3 55.0 2 -1 0 -1
0 1 0 29.3 55.0 2 -1 0 -1
0 1 0 29.3 55.0 2 -1 0 -1
0 1 0 29.3 55.0 2 -1 0 -1
0 1 0 29.4 55.0 2 -1 0 -1
0 1 0 29.3 55.0 2 -1 0 -1
0 1 0 29.4 55.0 2 -1 0 -1
0 1 0 29.4 55.0 2 -1 0 -1
0 1 0 29.4 55.0 2 -1 0 -1
0 1 0 29.3 55.0 2 -1 0 -1
0 1 0 29.3 55.0 2 -1 0 -1
0 1 0 29.4 55.0 2 -1 0 -1
0 1 0 29.5 55.0 2 -1 0 -1
0 1 0 29.4 55.0 2 -1 0 -1
0 1 0 29.4 55.0 2 -1 0 -1
0 1 0 29.4 55.0 2 -1 0 -1
0 1 0 29.4 55.0 2 -1 0 -1
0 1 0 29.4 55.0 2 -1 0 -1
0 1 0 29.4 55.0 2 -1 0 -1
0 1 0 29.5 55.0 2 -1 0 -1
0 1 0 29.4 55.0 2 -1 0 -1
0 1 0 29.5 55.0 2 -1 0 -1
0 1 0 29.5 55.0 2 -1 0 -1
0 1 0 29.5 55.0 2 -1 0 -1
0 1 0 29.5 55.0 2 -1 0 -1
0 1 0 29.5 55.5 2 -1 0 -1
0 1 0 29.5 55.5 2 -1 0 -1
0 1 0 29.5 55.0 2 -1 0 -1
0 1 0 29.5 55.5 2 -1 0 -1
0 1 0 29.6 55.5 2 -1 0 -1
0 1 0 29.6 55.5 2 -1 0 -1
0 1 0 29.5 55.5 2 -1 0 -1
0 1 0 29.5 55.5 2 -1 0 -1
0 1 0 29.5 55.5 2 -1 0 -1
0 1 0 29.5 55.5 2 -1 0 -1
0 1 0 29.6 55.5 2 -1 0 -1
0 1 0 29.6 55.5 2 -1 0 -1
0 1 0 29.6 55.5 2 -1 0 -1
0 1 0 29.6 55.5 2 -1 0 -1
0 1 0 29.7 55.5 2 -1 0 -1
0 1 0 29.6 55.5 2 -1 0 -1
0 1 0 29.6 55.5 2 -1 0 -1
0 1 0 29.6 55.5 2 -1 0 -1
0 1 0 29.6 55.5 2 -1 0 -1
0 1 0 29.6 55.5 2 -1 0 -1
0 1 0 29.7 55.5 2 -1 0 -1
0 1 0 29.6 55.5 2 -1 0 -1
0 1 0 29.7 55.5 2 -1 0 -1
0 1 0 29.7 55.5 2 -1 0 -1
0 1 0 29.7 55.5 2 -1 0 -1
0 1 0 29.7 55.5 2 -1 0 -1
0 1 0 29.7 55.5 2 -1 0 -1
0 1 0 29.7 55.5 2 -1 0 -1
0 1 0 29.7 55.5 2 -1 0 -1
0 1 0 29.7 55.5 2 -1 0 -1
0 1 0 29.7 55.5 2 -1 0 -1
0 1 0 29.7 55.5 2 -1 0 -1
0 1 0 29.7 56.0 2 -1 0 -1
0 1 0 29.7 55.5 2 -1 0 -1
0 1 0 29.7 56.0 2 -1 0 -1
0 1 0 29.8 56.0 2 -1 0 -1
0 1 0 29.7 56.0 2 -1 0 -1
0 1 0 29.7 56.0 2 -1 0 -1
0 1 0 29.8 56.0 2 -1 0 -1
0 1 0 29.8 56.0 2 -1 0 -1
0 1 0 29.7 56.0 2 -1 0 -1
0 1 0 29.8 56.0 2 -1 0 -1
0 1 0 29.7 56.0 2 -1 0 -1
0 1 0 29.7 56.0 2 -1 0 -1
0 1 0 29.8 56.0 2 -1 0 -1
0 1 0 29.8 56.0 2 -1 0 -1
0 1 0 29.8 56.0 2 -1 0 -1
0 1 0 29.8 56.0 2 -1 0 -1
0 1 0 29.8 56.0 2 -1 0 -1
0 1 0 29.8 56.0 2 -1 0 -1
0 1 0 29.9 56.0 2 -1 0 -1
0 1 0 29.8 56.0 2 -1 0 -1
0 1 0 29.9 56.0 2 -1 0 -1
0 1 0 29.8 56.0 2 -1 0 -1
0 1 0 29.9 56.0 2 -1 0 -1
0 1 0 29.8 56.0 2 -1 0 -1
0 1 0 29.9 56.0 2 -1 0 -1
0 1 0 29.9 56.5 2 -1 0 -1
0 1 0 29.9 56.0 2 -1 0 -1
0 1 0 29.9 56.0 2 -1 0 -1
0 1 0 29.8 56.0 2 -1 0 -1
0 1 0 29.9 56.0 2 -1 0 -1
0 1 0 29.9 56.5 2 -1 0 -1
0 1 0 29.9 56.5 2 -1 0 -1
0 1 0 30.0 56.0 2 -1 0 -1
0 1 0 29.9 56.5 2 -1 0 -1
0 1 0 29.9 56.5 2 -1 0 -1
0 1 0 30.0 56.5 2 -1 0 -1
0 1 0 30.0 56.5 2 -1 0 -1
0 1 0 30.0 56.5 2 -1 0 -1
0 1 0 29.9 56.5 2 -1 0 -1
0 1 0 30.0 56.5 2 -1 0 -1
0 1 0 30.0 56.5 2 -1 0 -1
0 1 0 30.0 56.5 2 -1 0 -1
0 1 0 30.0 56.5 2 -1 0 -1
0 1 0 30.0 56.5 2 -1 0 -1
0 1 0 30.0 56.5 2 -1 0 -1
0 1 0 30.0 56.5 2 -1 0 -1
0 1 0 30.0 56.5 2 -1 0 -1
0 1 0 30.0 56.5 2 -1 0 -1
0 1 0 30.0 56.5 2 -1 0 -1
0 1 0 30.1 56.5 2 -1 0 -1
0 1 0 30.0 56.5 2 -1 0 -1
0 1 0 30.0 56.5 2 -1 0 -1
0 1 0 30.1 56.5 2 -1 0 -1
0 1 0 30.0 56.5 2 -1 0 -1
0 1 0 30.0 56.5 2 -1 0 -1
0 1 0 30.0 56.5 2 -1 0 -1
0 1 0 30.0 56.5 2 -1 0 -1
0 1 0 30.0 56.5 2 -1 0 -1
0 1 0 30.0 57.0 2 -1 0 -1
0 1 0 30.1 57.0 2 -1 0 -1
0 1 0 30.1 56.5 2 -1 0 -1
0 1 0 30.0 56.5 2 -1 0 -1
0 1 0 30.1 57.0 2 -1 0 -1
0 1 0 30.0 56.5 2 -1 0 -1
0 1 0 30.1 57.0 2 -1 0 -1
0 1 0 30.1 57.0 2 -1 0 -1
0 1 0 30.0 57.0 2 -1 0 -1
0 1 0 30.1 57.0 2 -1 0 -1
0 1 0 30.1 57.0 2 -1 0 -1
0 1 0 30.1 57.0 2 -1 0 -1
0 1 0 30.1 57.0 2 -1 0 -1
0 1 0 30.1 57.0 2 -1 0 -1
0 1 0 30.1 57.0 2 -1 0 -1
0 1 0 30.1 57.0 2 -1 0 -1
0 1 0 30.1 57.0 2 -1 0 -1
0 1 0 30.1 57.0 2 -1 0 -1
0 1 0 30.1 57.0 2 -1 0 -1
0 1 0 30.1 57.0 2 -1 0 -1
0 1 0 30.2 57.0 2 -1 0 -1
0 1 0 30.2 57.0 2 -1 0 -1
0 1 0 30.2 57.0 2 -1 0 -1
0 1 0 30.2 57.0 2 -1 0 -1
0 1 0 30.2 57.0 2 -1 0 -1
0 1 0 30.2 57.0 2 -1 0 -1
0 1 0 30.1 57.0 2 -1 0 -1
0 1 0 30.2 57.0 2 -1 0 -1
0 1 0 30.2 57.0 2 -1 0 -1
0 1 0 30.1 57.0 2 -1 0 -1
0 1 0 30.2 57.0 2 -1 0 -1
0 1 0 30.2 57.0 2 -1 0 -1
0 1 0 30.2 57.0 2 -1 0 -1
0 1 0 30.2 57.0 2 -1 0 -1
0 1 0 30.2 57.0 2 -1 0 -1
0 1 0 30.2 57.0 2 -1 0 -1
0 1 0 30.3 57.0 2 -1 0 -1
0 1 0 30.2 57.0 2 -1 0 -1
0 1 0 30.2 57.0 2 -1 0 -1
0 1 0 30.2 57.0 2 -1 0 -1
0 1 0 30.2 57.0 2 -1 0 -1
0 1 0 30.2 57.5 2 -1 0 -1
0 1 0 30.3 57.0 2 -1 0 -1
0 1 0 30.2 57.5 2 -1 0 -1
0 1 0 30.3 57.5 2 -1 0 -1
0 1 0 30.2 57.5 2 -1 0 -1
0 1 0 30.2 57.5 2 -1 0 -1
0 1 0 30.2 57.5 2 -1 0 -1
0 1 0 30.3 57.5 2 -1 0 -1
0 1 0 30.3 57.5 2 -1 0 -1
0 1 0 30.3 57.5 2 -1 0 -1
0 1 0 30.3 57.5 2 -1 0 -1
0 1 0 30.3 57.5 2 -1 0 -1
0 1 0 30.3 57.5 2 -1 0 -1
0 1 0 30.3 57.5 2 -1 0 -1
0 1 0 30.3 57.5 2 -1 0 -1
0 1 0 30.3 57.5 2 -1 0 -1
0 1 0 30.3 57.5 2 -1 0 -1
0 1 0 30.3 57.5 2 -1 0 -1
0 1 0 30.3 57.5 2 -1 0 -1
0 1 0 30.3 57.5 2 -1 0 -1
0 1 0 30.3 57.5 2 -1 0 -1
0 1 0 30.3 57.5 2 -1 0 -1
0 1 0 30.3 57.5 2 -1 0 -1
0 1 0 30.3 57.5 2 -1 0 -1
0 1 0 30.3 57.5 2 -1 0 -1
0 1 0 30.4 57.5 2 -1 0 -1
0 1 0 30.3 58.0 2 -1 0 -1
0 1 0 30.3 57.5 2 -1 0 -1
0 1 0 30.3 58.0 2 -1 0 -1
0 1 0 30.3 57.5 2 -1 0 -1
0 1 0 30.3 57.5 2 -1 0 -1
0 1 0 30.3 58.0 2 -1 0 -1
0 1 0 30.3 57.5 2 -1 0 -1
0 1 0 30.3 57.5 2 -1 0 -1
0 1 0 30.4 58.0 2 -1 0 -1
0 1 0 30.3 58.0 2 -1 0 -1
0 1 0 30.4 58.0 2 -1 0 -1
0 1 0 30.4 58.0 2 -1 0 -1
0 1 0 30.4 58.0 2 -1 0 -1
0 1 0 30.4 58.0 2 -1 0 -1
0 1 0 30.4 58.0 2 -1 0 -1
0 1 0 30.4 58.0 2 -1 0 -1
0 1 0 30.4 58.0 2 -1 0 -1
0 1 0 30.4 58.0 2 -1 0 -1
0 1 0 30.4 58.0 2 -1 0 -1
0 1 0 30.4 58.0 2 -1 0 -1
0 1 0 30.4 58.0 2 -1 0 -1
0 1 0 30.4 58.0 2 -1 0 -1
0 1 0 30.4 58.0 2 -1 0 -1
0 1 0 30.4 58.0 2 -1 0 -1
0 1 0 30.4 58.0 2 -1 0 -1
0 1 0 30.4 58.0 2 -1 0 -1
0 1 0 30.3 58.0 2 -1 0 -1
0 1 0 30.4 58.0 2 -1 0 -1
0 1 0 30.4 58.0 2 -1 0 -1
0 1 0 30.4 58.0 2 -1 0 -1
0 1 0 30.4 58.0 2 -1 0 -1
0 1 0 30.5 58.0 2 -1 0 -1
0 1 0 30.4 58.0 2 -1 0 -1
0 1 0 30.5 58.0 2 -1 0 -1
0 1 0 30.4 58.0 2 -1 0 -1
0 1 0 30.5 58.0 2 -1 0 -1
0 1 0 30.4 58.0 2 -1 0 -1
0 1 0 30.5 58.0 2 -1 0 -1
0 1 0 30.5 58.0 2 -1 0 -1
0 1 0 30.5 58.5 2 -1 0 -1
0 1 0 30.5 58.0 2 -1 0 -1
0 1 0 30.4 58.5 2 -1 0 -1
0 1 0 30.5 58.5 2 -1 0 -1
0 1 0 30.5 58.5 2 -1 0 -1
0 1 0 30.5 58.5 2 -1 0 -1
0 1 0 30.5 58.5 2 -1 0 -1
0 1 0 30.5 58.5 2 -1 0 -1
0 1 0 30.5 58.5 2 -1 0 -1
0 1 0 30.5 58.5 2 -1 0 -1
0 1 0 30.5 58.5 2 -1 0 -1
0 1 0 30.5 58.5 2 -1 0 -1
0 1 0 30.5 58.5 2 -1 0 -1
0 1 0 30.5 58.5 2 -1 0 -1
0 1 0 30.5 58.5 2 -1 0 -1
0 1 0 30.4 58.5 2 -1 0 -1
0 1 0 30.4 58.5 2 -1 0 -1
0 1 0 30.5 58.5 2 -1 0 -1
0 1 0 30.5 58.5 2 -1 0 -1
0 1 0 30.5 58.5 2 -1 0 -1
0 1 0 30.5 58.5 2 -1 0 -1
0 1 0 30.5 58.5 2 -1 0 -1
0 1 0 30.4 58.5 2 -1 0 -1
0 1 0 30.5 58.5 2 -1 0 -1
0 1 0 30.6 58.5 2 -1 0 -1
0 1 0 30.5 58.5 2 -1 0 -1
0 1 0 30.5 58.5 2 -1 0 -1
0 1 0 30.5 58.5 2 -1 0 -1
0 1 0 30.6 58.5 2 -1 0 -1
0 1 0 30.5 58.5 2 -1 0 -1
0 1 0 30.5 58.5 2 -1 0 -1
0 1 0 30.6 58.5 2 -1 0 -1
0 1 0 30.6 58.5 2 -1 0 -1
0 1 0 30.5 58.5 2 -1 0 -1
0 1 0 30.5 58.5 2 -1 0 -1
0 1 0 30.6 58.5 2 -1 0 -1
0 1 0 30.5 58.5 2 -1 0 -1
0 1 0 30.5 58.5 2 -1 0 -1
0 1 0 30.5 58.5 2 -1 0 -1
0 1 0 30.5 58.5 2 -1 0 -1
0 1 0 30.6 59.0 2 -1 0 -1
0 1 0 30.6 59.0 2 -1 0 -1
0 1 0 30.6 59.0 2 -1 0 -1
0 1 0 30.6 59.0 2 -1 0 -1
0 1 0 30.5 59.0 2 -1 0 -1
0 1 0 30.6 59.0 2 -1 0 -1
0 1 0 30.6 59.0 2 -1 0 -1
0 1 0 30.6 59.0 2 -1 0 -1
0 1 0 30.6 59.0 2 -1 0 -1
0 1 0 30.6 59.0 2 -1 0 -1
0 1 0 30.5 59.0 2 -1 0 -1
0 1 0 30.5 59.0 2 -1 0 -1
0 1 0 30.5 59.0 2 -1 0 -1
0 1 0 30.6 59.0 2 -1 0 -1
0 1 0 30.6 59.0 2 -1 0 -1
0 1 0 30.6 59.0 2 -1 0 -1
0 1 0 30.6 59.0 2 -1 0 -1
0 1 0 30.6 59.0 2 -1 0 -1
0 1 0 30.6 59.0 2 -1 0 -1
0 1 0 30.6 59.0 2 -1 0 -1
0 1 0 30.6 59.0 2 -1 0 -1
0 1 0 30.6 59.0 2 -1 0 -1
0 1 0 30.6 59.0 2 -1 0 -1
0 1 0 30.6 59.0 2 -1 0 -1
0 1 0 30.6 59.0 1 -1 0 -1
0 1 0 30.7 59.0 1 -1 0 -1
0 1 0 30.6 59.0 1 -1 0 -1
0 1 0 30.7 59.0 1 -1 0 -1
0 1 0 30.6 59.0 1 -1 0 -1
0 1 0 30.6 59.0 1 -1 0 -1
0 1 0 30.7 59.0 1 -1 0 -1
0 1 0 30.6 59.0 1 -1 0 -1
0 1 0 30.7 59.0 1 -1 0 -1
0 1 0 30.6 59.0 1 -1 0 -1
0 1 0 30.6 59.0 1 -1 0 -1
0 1 0 30.7 59.0 1 -1 0 -1
0 1 0 30.6 59.0 1 -1 0 -1
0 1 0 30.7 59.0 1 -1 0 -1
0 1 0 30.6 59.0 1 -1 0 -1
0 1 0 30.6 59.0 1 -1 0 -1
0 1 0 30.6 59.0 1 -1 0 -1
0 1 0 30.6 59.0 1 -1 0 -1
0 1 0 30.6 59.0 1 -1 0 -1
0 1 0 30.7 59.5 1 -1 0 -1
0 1 0 30.8 59.5 1 -1 0 -1
0 1 0 30.7 59.0 1 -1 0 -1
0 1 0 30.6 59.5 1 -1 0 -1
0 1 0 30.7 59.5 1 -1 0 -1
0 1 0 30.7 59.5 1 -1 0 -1
0 1 0 30.6 59.5 1 -1 0 -1
0 1 0 30.7 59.5 0 -1 0 -1
0 1 0 30.6 59.5 0 -1 0 -1
0 1 0 30.6 59.5 0 -1 0 -1
0 1 0 30.7 59.5 0 -1 0 -1
0 1 0 30.6 59.5 0 -1 0 -1
0 1 0 30.7 59.5 0 -1 0 -1
0 1 0 30.7 59.5 0 -1 0 -1
0 1 0 30.7 59.5 0 -1 0 -1
0 1 0 30.7 59.5 0 -1 0 -1
0 1 0 30.7 59.5 0 -1 0 -1
0 1 0 30.7 59.5 0 -1 0 -1
0 1 0 30.7 59.5 0 -1 0 -1
0 1 0 30.7 59.5 0 -1 0 -1
0 1 0 30.7 59.5 0 -1 0 -1
0 1 0 30.7 59.5 0 -1 0 -1
0 1 0 30.7 59.5 0 -1 0 -1
0 1 0 30.7 59.5 0 -1 0 -1
0 1 0 30.7 59.5 0 -1 0 -1
0 1 0 30.7 59.5 0 -1 0 -1
0 1 0 30.7 59.5 0 -1 0 -1
0 1 0 30.8 59.5 2 -1 0 -1
0 1 0 30.7 59.5 2 -1 0 -1
0 1 0 30.8 59.5 2 -1 0 -1
0 1 0 30.8 59.5 2 -1 0 -1
0 1 0 30.8 59.5 2 -1 0 -1
0 1 0 30.7 59.5 2 -1 0 -1
0 1 0 30.8 59.5 2 -1 0 -1
0 1 0 30.7 59.5 2 -1 0 -1
0 1 0 30.7 59.5 2 -1 0 -1
0 1 0 30.8 59.5 2 -1 0 -1
0 1 0 30.8 59.5 2 -1 0 -1
0 1 0 30.8 59.5 2 -1 0 -1
0 1 0 30.7 59.5 2 -1 0 -1
0 1 0 30.8 59.5 2 -1 0 -1
0 1 0 30.8 59.5 2 -1 0 -1
0 1 0 30.8 59.5 2 -1 0 -1
0 1 0 30.8 59.5 2 -1 0 -1
0 1 0 30.8 59.5 2 -1 0 -1
0 1 0 30.8 59.5 4 -1 0 -1
0 1 0 30.8 59.5 1 -1 0 -1
0 1 0 30.8 59.5 1 -1 0 -1
0 1 0 30.8 59.5 1 -1 0 -1
0 1 0 30.8 59.5 1 -1 0 -1
0 1 0 30.8 59.5 1 -1 0 -1
0 1 0 30.9 59.5 1 -1 0 -1
0 1 0 30.8 59.5 1 -1 0 -1
0 1 0 30.8 59.5 1 -1 0 -1
0 1 0 30.8 59.5 1 -1 0 -1
0 1 0 30.8 59.5 1 -1 0 -1
0 1 0 30.8 59.5 1 -1 0 -1
0 1 0 30.9 59.5 1 -1 0 -1
0 1 0 30.8 59.5 1 -1 0 -1
0 1 0 30.8 59.5 1 -1 0 -1
0 1 0 30.9 59.5 1 -1 0 -1
0 1 0 30.9 59.5 1 -1 0 -1
0 1 0 30.9 59.5 1 -1 0 -1
0 1 0 30.8 59.5 1 -1 0 -1
0 1 0 30.9 59.5 1 -1 0 -1
0 1 0 30.9 59.5 1 -1 0 -1
0 1 0 30.8 59.5 2 -1 0 -1
0 1 0 30.8 59.5 2 -1 0 -1
0 1 0 30.9 59.5 2 -1 0 -1
0 1 0 31.0 59.5 2 -1 0 -1
0 1 0 30.9 59.5 1 -1 0 -1
0 1 0 30.9 59.5 2 -1 0 -1
0 1 0 30.9 59.5 1 -1 0 -1
0 1 0 30.9 59.5 1 -1 0 -1
0 1 0 30.9 60.0 1 -1 0 -1
0 1 0 30.9 60.0 1 -1 0 -1
0 1 0 31.0 60.0 2 -1 0 -1
0 1 0 30.9 59.5 2 -1 0 -1
0 1 0 31.0 59.5 2 -1 0 -1
0 1 0 30.9 60.0 2 -1 0 -1
0 1 0 30.9 59.5 2 -1 0 -1
0 1 0 30.9 60.0 2 -1 0 -1
0 1 0 31.0 60.0 2 -1 0 -1
0 1 0 31.0 60.0 2 -1 0 -1
0 1 0 31.0 60.0 2 -1 0 -1
0 1 0 30.9 60.0 2 -1 0 -1
0 1 0 31.0 60.0 2 -1 0 -1
0 1 0 31.0 60.0 2 -1 0 -1
0 1 0 31.0 60.0 2 -1 0 -1
0 1 0 31.0 60.0 2 -1 0 -1
0 1 0 31.0 60.0 2 -1 0 -1
0 1 0 31.0 60.0 2 -1 0 -1
0 1 0 31.0 60.0 2 -1 0 -1
0 1 0 31.0 60.0 2 -1 0 -1
0 1 0 31.1 60.0 2 -1 0 -1
0 1 0 31.1 60.0 2 -1 0 -1
0 1 0 31.0 60.0 2 -1 0 -1
0 1 0 31.0 60.0 2 -1 0 -1
0 1 0 31.0 60.0 2 -1 0 -1
0 1 0 31.0 60.0 2 -1 0 -1
0 1 0 31.1 60.0 2 -1 0 -1
0 1 0 31.1 60.0 2 -1 0 -1
0 1 0 31.1 60.0 2 -1 0 -1
0 1 0 31.1 60.0 2 -1 0 -1
0 1 0 31.1 60.0 2 -1 0 -1
0 1 0 31.1 60.0 2 -1 0 -1
0 1 0 31.1 60.0 2 -1 0 -1
0 1 0 31.1 60.0 2 -1 0 -1
0 1 0 31.1 60.0 2 -1 0 -1
0 1 0 31.1 60.0 2 -1 0 -1
0 1 0 31.1 60.0 2 -1 0 -1
0 1 0 31.1 60.0 2 -1 0 -1
0 1 0 31.1 60.0 2 -1 0 -1
0 1 0 31.1 60.0 2 -1 0 -1
0 1 0 31.1 60.0 2 -1 0 -1
0 1 0 31.1 60.0 2 -1 0 -1
0 1 0 31.2 60.0 2 -1 0 -1
0 1 0 31.2 60.0 4 -1 0 -1
0 1 0 31.1 60.0 4 -1 0 -1
0 1 0 31.2 60.0 2 -1 0 -1
0 1 0 31.2 60.0 4 -1 0 -1
0 1 0 31.2 60.0 4 -1 0 -1
0 1 0 31.1 60.0 4 -1 0 -1
0 1 0 31.2 60.0 4 -1 0 -1
0 1 0 31.2 60.0 4 -1 0 -1
0 1 0 31.2 60.0 4 -1 0 -1
0 1 0 31.2 60.0 4 -1 0 -1
0 1 0 31.2 60.0 4 -1 0 -1
0 1 0 31.2 60.0 4 -1 0 -1
0 1 0 31.2 60.0 2 -1 0 -1
0 1 0 31.2 60.0 2 -1 0 -1
0 1 0 31.2 60.0 2 -1 0 -1
0 1 0 31.3 60.5 2 -1 0 -1
0 1 0 31.3 60.0 2 -1 0 -1
0 1 0 31.2 60.5 4 -1 0 -1
0 1 0 31.3 60.5 4 -1 0 -1
0 1 0 31.3 60.5 4 -1 0 -1
0 1 0 31.3 60.5 4 -1 0 -1
0 1 0 31.3 60.5 4 -1 0 -1
0 1 0 31.3 60.5 4 -1 0 -1
0 1 0 31.3 60.5 4 -1 0 -1
0 1 0 31.3 60.5 4 -1 0 -1
0 1 0 31.3 60.5 4 -1 0 -1
0 1 0 31.3 60.5 4 -1 0 -1
0 1 0 31.3 60.5 4 -1 0 -1
0 1 0 31.4 60.5 4 -1 0 -1
0 1 0 31.3 60.5 4 -1 0 -1
0 1 0 31.3 60.5 4 -1 0 -1
0 1 0 31.3 60.5 4 -1 0 -1
0 1 0 31.4 60.5 4 -1 0 -1
0 1 0 31.4 60.5 4 -1 0 -1
0 1 0 31.4 60.5 4 -1 0 -1
0 1 0 31.4 60.5 4 -1 0 -1
0 1 0 31.4 60.5 2 -1 0 -1
0 1 0 31.4 60.5 2 -1 0 -1
0 1 0 31.4 60.5 4 -1 0 -1
0 1 0 31.4 60.5 2 -1 0 -1
0 1 0 31.4 60.5 2 -1 0 -1
0 1 0 31.4 60.5 2 -1 0 -1
0 1 0 31.4 60.5 2 -1 0 -1
0 1 0 31.4 60.5 2 -1 0 -1
0 1 0 31.5 60.5 2 -1 0 -1
0 1 0 31.5 60.5 2 -1 0 -1
0 1 0 31.5 61.0 2 -1 0 -1
0 1 0 31.5 61.0 2 -1 0 -1
0 1 0 31.5 61.0 4 -1 0 -1
0 1 0 31.5 61.0 4 -1 0 -1
0 1 0 31.5 61.0 6 -1 0 -1
0 1 0 31.5 61.0 4 -1 0 -1
0 1 0 31.5 61.0 4 -1 0 -1
0 1 0 31.6 61.0 4 -1 0 -1
0 1 0 31.6 61.0 2 -1 0 -1
0 1 0 31.5 61.0 4 -1 0 -1
0 1 0 31.6 61.0 2 -1 0 -1
0 1 0 31.6 61.5 4 -1 0 -1
0 1 0 31.6 61.0 4 -1 0 -1
0 1 0 31.5 61.5 2 -1 0 -1
0 1 0 31.6 61.5 2 -1 0 -1
0 1 0 31.7 61.5 4 -1 0 -1
0 1 0 31.6 61.5 2 -1 0 -1
0 1 0 31.6 61.5 4 -1 0 -1
0 1 0 31.6 61.5 2 -1 0 -1
0 1 0 31.7 61.5 4 -1 0 -1
0 1 0 31.6 61.5 4 -1 0 -1
0 1 0 31.6 61.5 4 -1 0 -1
0 1 0 31.7 61.5 4 -1 0 -1
0 1 0 31.6 61.5 2 -1 0 -1
0 1 0 31.7 61.5 2 -1 0 -1
0 1 0 31.6 61.5 2 -1 0 -1
0 1 0 31.7 61.5 2 -1 0 -1
0 1 0 31.6 61.5 2 -1 0 -1
0 1 0 31.7 61.5 2 -1 0 -1
0 1 0 31.7 61.5 4 -1 0 -1
0 1 0 31.7 61.5 2 -1 0 -1
0 1 0 31.7 61.5 2 -1 0 -1
0 1 0 31.7 61.5 2 -1 0 -1
0 1 0 31.7 61.5 2 -1 0 -1
0 1 0 31.7 61.5 4 -1 0 -1
0 1 0 31.7 61.5 2 -1 0 -1
0 1 0 31.7 61.5 2 -1 0 -1
0 1 0 31.7 61.5 2 -1 0 -1
0 1 0 31.7 61.5 4 -1 0 -1
0 1 0 31.7 61.5 4 -1 0 -1
0 1 0 31.7 61.5 4 -1 0 -1
0 1 0 31.8 61.5 4 -1 0 -1
0 1 0 31.8 61.5 4 -1 0 -1
0 1 0 31.7 61.5 4 -1 0 -1
0 1 0 31.7 61.5 2 -1 0 -1
0 1 0 31.7 61.5 8 -1 0 -1
0 1 0 31.7 61.5 4 -1 0 -1
0 1 0 31.8 61.5 4 -1 0 -1
0 1 0 31.8 62.0 2 -1 0 -1
0 1 0 31.7 62.0 2 -1 0 -1
0 1 1 31.8 62.0 2 -1 0 -1
0 1 1 31.7 62.0 2 -1 0 -1
1 1 5 31.8 62.0 4 -1 0 -1
0 1 0 31.8 62.0 2 -1 0 -1
0 1 0 31.7 61.5 2 -1 0 -1
0 1 0 31.7 62.0 2 -1 0 -1
0 1 0 31.8 61.5 2 -1 0 -1
0 1 0 31.8 62.0 2 -1 0 -1
0 1 0 31.7 61.5 2 -1 0 -1
0 1 0 31.8 61.5 2 -1 0 -1
0 1 0 31.7 61.5 4 -1 0 -1
0 1 0 31.7 61.5 4 -1 0 -1
0 1 0 31.7 61.5 2 -1 0 -1
0 1 0 31.7 61.5 6 -1 0 -1
0 1 0 31.7 61.5 4 -1 0 -1
0 1 0 31.7 61.5 4 -1 0 -1
0 1 0 31.7 61.5 6 -1 0 -1
0 1 0 31.6 61.5 4 -1 0 -1
0 1 0 31.7 61.5 4 -1 0 -1
0 1 0 31.7 61.5 6 -1 0 -1
0 1 0 31.7 61.5 6 -1 0 -1
0 1 0 31.6 61.5 4 -1 0 -1
0 1 0 31.7 61.0 4 -1 0 -1
0 1 0 31.7 61.0 2 -1 0 -1
0 1 0 31.7 61.0 4 -1 0 -1
0 1 0 31.7 61.0 2 -1 0 -1
0 1 0 31.6 61.0 4 -1 0 -1
0 1 0 31.6 60.5 2 -1 0 -1
0 1 0 31.6 60.5 2 -1 0 -1
0 1 0 31.6 60.0 2 -1 0 -1
0 1 0 31.6 60.0 2 -1 0 -1
0 1 0 31.6 60.0 2 -1 0 -1
0 1 0 31.5 59.5 4 -1 0 -1
0 1 0 31.6 59.5 4 -1 0 -1
0 1 0 31.5 59.5 4 -1 0 -1
0 1 0 31.6 59.0 4 -1 0 -1
0 1 0 31.5 59.0 4 -1 0 -1
0 1 0 31.4 59.0 4 -1 0 -1
0 1 0 31.4 59.0 4 -1 0 -1
0 1 0 31.5 59.0 4 -1 0 -1
0 1 0 31.5 59.0 2 -1 0 -1
0 1 0 31.5 59.5 4 -1 0 -1
0 1 0 31.5 59.0 2 -1 0 -1
0 1 0 31.4 59.0 2 -1 0 -1
0 1 0 31.5 59.0 4 -1 0 -1
0 1 0 31.5 59.0 4 -1 0 -1
0 1 0 31.4 58.5 4 -1 0 -1
0 1 0 31.4 58.5 2 -1 0 -1
0 1 0 31.4 58.5 2 -1 0 -1
0 1 0 31.3 58.5 6 -1 0 -1
0 1 0 31.4 58.5 4 -1 0 -1
0 1 0 31.3 58.0 2 -1 0 -1
0 1 0 31.4 58.0 2 -1 0 -1
0 1 0 31.3 58.0 2 -1 0 -1
0 1 0 31.3 58.0 3 -1 0 -1
0 1 0 31.3 58.0 6 -1 0 -1
0 1 0 31.3 58.0 7 -1 0 -1
0 1 0 31.4 58.0 5 -1 0 -1
0 1 0 31.3 58.0 7 -1 0 -1
0 1 0 31.3 58.0 5 -1 0 -1
0 1 0 31.3 58.0 5 -1 0 -1
0 1 0 31.3 58.0 7 -1 0 -1
0 1 0 31.3 58.0 7 -1 0 -1
0 1 0 31.3 58.0 6 -1 0 -1
0 1 0 31.3 58.0 6 -1 0 -1
0 1 0 31.3 58.0 5 -1 0 -1
0 1 0 31.3 58.0 6 -1 0 -1
0 1 0 31.3 58.0 4 -1 0 -1
0 1 0 31.2 58.0 9 -1 0 -1
0 1 0 31.2 58.0 7 -1 0 -1
0 1 0 31.2 58.0 7 -1 0 -1
0 1 0 31.2 58.0 5 -1 0 -1
0 1 0 31.3 58.0 7 -1 0 -1
0 1 0 31.2 58.0 7 -1 0 -1
0 1 0 31.2 58.0 5 -1 0 -1
0 1 0 31.2 58.0 5 -1 0 -1
0 1 0 31.3 58.0 5 -1 0 -1
0 1 0 31.3 58.0 5 -1 0 -1
0 1 0 31.2 58.0 5 -1 0 -1
0 1 0 31.2 58.0 5 -1 0 -1
0 1 0 31.2 58.0 5 -1 0 -1
0 1 0 31.2 58.0 5 -1 0 -1
0 1 0 31.2 58.0 3 -1 0 -1
0 1 0 31.2 58.0 6 -1 0 -1
0 1 0 31.2 58.0 6 -1 0 -1
0 1 0 31.2 58.0 6 -1 0 -1
0 1 0 31.2 57.5 6 -1 0 -1
0 1 0 31.2 57.5 6 -1 0 -1
0 1 0 31.1 57.5 6 -1 0 -1
0 1 0 31.1 57.5 5 -1 0 -1
0 1 0 31.1 57.5 3 -1 0 -1
0 1 0 31.1 57.5 3 -1 0 -1
0 1 0 31.0 57.0 3 -1 0 -1
0 1 0 31.0 57.0 5 -1 0 -1
0 1 0 31.1 57.0 5 -1 0 -1
0 1 0 31.1 57.0 5 -1 0 -1
0 1 0 31.0 57.0 7 -1 0 -1
0 1 0 31.0 57.0 7 -1 0 -1
0 1 0 31.1 57.0 5 -1 0 -1
0 1 0 31.0 57.0 2 -1 0 -1
0 1 0 31.1 57.0 5 -1 0 -1
0 1 0 31.1 57.0 5 -1 0 -1
0 1 0 31.1 57.0 4 -1 0 -1
0 1 0 31.0 57.0 6 -1 0 -1
0 1 0 31.0 57.0 5 -1 0 -1
0 1 0 31.1 57.0 5 -1 0 -1
0 1 0 31.0 57.0 5 -1 0 -1
0 1 0 31.0 57.0 5 -1 0 -1
0 1 0 31.0 57.0 3 -1 0 -1
0 1 0 31.0 57.0 5 -1 0 -1
0 1 0 31.0 57.0 5 -1 0 -1
0 1 0 31.0 57.0 5 -1 0 -1
0 1 0 31.0 57.0 5 -1 0 -1
0 1 0 31.0 57.0 5 -1 0 -1
0 1 0 31.0 57.0 3 -1 0 -1
0 1 0 31.0 57.0 5 -1 0 -1
0 1 0 31.1 57.0 7 -1 0 -1
0 1 0 31.1 57.0 7 -1 0 -1
0 1 0 30.9 57.0 7 -1 0 -1
0 1 0 31.0 57.0 7 -1 0 -1
0 1 0 31.0 57.0 4 -1 0 -1
0 1 0 31.0 57.0 4 -1 0 -1
0 1 0 31.0 57.0 6 -1 0 -1
0 1 0 31.0 56.5 6 -1 0 -1
0 1 0 31.0 56.5 6 -1 0 -1
0 1 0 31.0 56.5 6 -1 0 -1
0 1 0 30.9 56.5 5 -1 0 -1
0 1 0 31.0 56.5 5 -1 0 -1
0 1 0 31.0 56.5 5 -1 0 -1
0 1 0 31.0 56.5 6 -1 0 -1
0 1 0 31.0 56.0 6 -1 0 -1
0 1 0 30.9 56.5 6 -1 0 -1
0 1 0 30.9 56.0 5 -1 0 -1
0 1 0 30.9 56.5 5 -1 0 -1
0 1 0 30.9 56.5 7 -1 0 -1
0 1 0 31.0 56.5 5 -1 0 -1
0 1 0 31.0 56.5 7 -1 0 -1
0 1 0 31.0 56.5 6 -1 0 -1
0 1 0 30.9 56.5 6 -1 0 -1
0 1 0 31.0 56.5 5 -1 0 -1
0 1 0 30.9 57.0 6 -1 0 -1
0 1 0 31.0 56.5 6 -1 0 -1
0 1 0 30.9 57.0 6 -1 0 -1
0 1 0 31.0 57.0 6 -1 0 -1
0 1 0 31.0 57.5 3 -1 0 -1
0 1 0 31.0 57.0 5 -1 0 -1
0 1 0 31.0 57.0 5 -1 0 -1
0 1 0 31.0 57.5 5 -1 0 -1
0 1 0 31.0 57.0 5 -1 0 -1
0 1 0 31.0 57.5 5 -1 0 -1
0 1 0 31.0 57.5 5 -1 0 -1
0 1 0 31.0 57.5 6 -1 0 -1
0 1 0 31.0 57.5 6 -1 0 -1
0 1 0 31.0 57.5 6 -1 0 -1
0 1 0 31.0 57.0 6 -1 0 -1
0 1 0 31.0 57.0 6 -1 0 -1
0 1 0 30.9 57.0 6 -1 0 -1
0 1 0 31.0 57.0 4 -1 0 -1
0 1 0 31.0 57.0 4 -1 0 -1
0 1 0 31.0 57.0 4 -1 0 -1
0 1 0 30.9 57.0 4 -1 0 -1
0 1 0 30.9 57.0 6 -1 0 -1
0 1 0 30.9 57.0 4 -1 0 -1
0 1 0 30.9 56.5 4 -1 0 -1
0 1 0 30.9 56.5 2 -1 0 -1
0 1 0 30.9 56.5 6 -1 0 -1
0 1 0 30.9 56.5 5 -1 0 -1
0 1 0 30.9 56.5 5 -1 0 -1
0 1 0 30.9 57.0 5 -1 0 -1
0 1 0 30.9 57.0 5 -1 0 -1
0 1 0 30.9 57.0 3 -1 0 -1
0 1 0 30.9 57.0 4 -1 0 -1
0 1 0 31.0 57.0 4 -1 0 -1
0 1 0 30.9 57.0 6 -1 0 -1
0 1 0 30.8 56.5 6 -1 0 -1
0 1 0 30.9 56.5 6 -1 0 -1
0 1 0 30.9 56.5 6 -1 0 -1
0 1 0 30.9 56.5 4 -1 0 -1
0 1 0 30.9 56.5 6 -1 0 -1
0 1 0 30.8 56.0 6 -1 0 -1
0 1 0 30.8 56.0 6 -1 0 -1
0 1 0 30.8 56.0 4 -1 0 -1
0 1 0 30.8 56.0 6 -1 0 -1
0 1 0 30.8 55.5 6 -1 0 -1
0 1 0 30.8 55.5 6 -1 0 -1
0 1 0 30.7 55.5 3 -1 0 -1
0 1 0 30.8 55.5 4 -1 0 -1
0 1 0 30.7 55.5 2 -1 0 -1
0 1 0 30.7 55.5 2 -1 0 -1
0 1 0 30.7 55.0 2 -1 0 -1
0 1 0 30.7 55.0 6 -1 0 -1
0 1 0 30.8 55.0 6 -1 0 -1
0 1 0 30.7 55.0 4 -1 0 -1
0 1 0 30.6 55.0 4 -1 0 -1
0 1 0 30.6 54.5 4 -1 0 -1
0 1 0 30.6 54.5 4 -1 0 -1
0 1 0 30.6 54.5 4 -1 0 -1
0 1 0 30.6 54.5 6 c26 0 -1
0 1 12 30.6 54.0 6 c26 0 -1
0 1 0 30.6 53.5 4 c26 0 -1
0 1 0 30.5 53.0 4 c26 0 -1
0 1 0 30.3 52.5 2 c26 0 -1
0 1 0 30.3 51.5 4 c26 0 -1
0 1 0 30.0 50.5 2 c26 0 -1
0 1 0 29.9 50.0 6 c26 0 -1
0 1 0 29.7 49.0 6 c26 0 -1
0 1 0 29.6 48.5 3 c26 0 -1
0 1 0 29.5 48.5 3 c26 0 -1
0 1 0 29.3 48.0 5 c26 0 -1
0 1 0 29.3 47.5 5 c26 0 -1
0 1 0 29.2 47.5 3 c26 0 -1
0 1 0 29.1 47.5 5 c26 0 -1
0 1 0 28.9 47.0 5 c26 0 -1
0 1 0 28.9 46.5 2 c26 0 -1
0 1 0 28.8 46.5 2 c26 0 -1
0 1 0 28.7 46.0 4 c26 0 -1
0 1 0 28.7 46.0 5 c26 0 -1
0 1 0 28.6 46.0 5 c26 0 -1
0 1 0 28.4 46.5 3 c26 0 -1
0 1 0 28.5 46.0 6 c26 0 -1
0 1 0 28.5 46.0 6 c26 0 -1
0 1 0 28.3 46.0 4 c26 0 -1
0 1 0 28.3 46.0 4 c26 0 -1
0 1 0 28.2 45.5 4 c26 0 -1
0 1 0 28.2 45.5 2 c26 0 -1
0 1 0 28.2 45.5 4 c26 0 -1
0 1 0 28.0 45.5 2 c26 0 -1
0 1 0 28.0 45.5 4 c26 0 -1
0 1 0 28.0 45.5 2 c26 0 -1
0 1 0 28.0 45.5 2 c26 0 -1
0 1 0 28.0 45.5 2 c26 0 -1
0 1 0 28.0 45.5 4 c26 0 -1
0 1 0 27.9 45.5 4 c26 0 -1
0 1 0 27.8 45.5 4 c26 0 -1
0 1 0 27.8 46.0 2 c26 0 -1
0 1 0 27.7 45.5 2 c26 0 -1
0 1 0 27.8 46.0 2 c26 0 -1
0 1 0 27.7 45.5 4 c26 0 -1
0 1 0 27.7 45.5 4 c26 0 -1
0 1 0 27.7 46.0 4 c26 0 -1
0 1 0 27.6 46.0 4 c26 0 -1
0 1 0 27.7 46.5 4 c26 0 -1
0 1 0 27.6 47.0 2 c26 0 -1
0 1 0 27.7 47.5 2 c26 0 -1
0 1 0 27.7 48.0 2 c26 0 -1
0 1 0 27.7 48.5 2 c26 0 -1
0 1 0 27.8 48.5 2 c26 0 -1
0 1 0 27.8 48.5 4 c26 0 -1
0 1 0 27.8 48.5 4 c26 0 -1
0 1 0 27.7 48.5 2 c26 0 -1
0 1 0 27.7 48.5 6 c26 0 -1
0 1 0 27.6 48.5 6 c26 0 -1
0 1 0 27.6 48.0 2 c26 0 -1
0 1 0 27.6 48.0 2 c26 0 -1
0 1 0 27.6 48.0 2 c26 0 -1
0 1 0 27.5 48.0 4 c26 0 -1
0 1 0 27.5 47.5 4 c26 0 -1
0 1 0 27.4 47.5 4 c26 0 -1
0 1 0 27.4 47.5 4 c26 0 -1
0 1 0 27.3 47.5 4 c26 0 -1
0 1 0 27.2 47.0 4 c26 0 -1
0 1 0 27.3 47.5 4 c26 0 -1
0 1 0 27.2 47.0 4 c26 0 -1
0 1 0 27.2 47.0 4 c26 0 -1
0 1 0 27.2 47.0 4 c26 0 -1
0 1 0 27.2 47.0 4 c26 0 -1
0 1 0 27.1 47.0 4 c26 0 -1
0 1 0 27.1 47.0 2 c26 0 -1
0 1 0 27.1 46.5 4 c26 0 -1
0 1 0 27.1 46.5 2 c26 0 -1
0 1 0 27.1 46.5 2 c26 0 -1
0 1 0 27.0 46.5 4 c26 0 -1
0 1 0 27.0 46.5 4 c26 0 -1
0 1 0 27.0 46.5 4 c26 0 -1
0 1 0 27.0 46.5 4 c26 0 -1
0 1 0 26.9 46.5 4 c26 0 -1
0 1 0 26.9 46.5 4 c26 0 -1
0 1 0 26.9 46.5 4 c26 0 -1
0 1 0 26.8 46.5 6 c26 0 -1
0 1 0 26.8 46.5 2 c26 0 -1
0 1 0 26.8 46.5 6 c26 0 -1
0 1 0 26.7 46.5 6 c26 0 -1
0 1 0 26.7 46.5 6 c26 0 -1
0 1 0 26.7 46.5 6 c26 0 -1
0 1 0 26.7 46.5 4 c26 0 -1
0 1 0 26.7 46.5 6 c26 0 -1
0 1 0 26.7 46.5 6 c26 0 -1
0 1 0 26.6 47.0 6 c26 0 -1
0 1 0 26.6 47.0 4 c26 0 -1
0 1 0 26.6 47.0 4 c26 0 -1
0 1 0 26.6 47.0 2 c26 0 -1
0 1 0 26.6 47.0 4 c26 0 -1
0 1 0 26.6 47.0 4 c26 0 -1
0 1 0 26.6 47.0 4 c26 0 -1
0 1 0 26.5 47.0 2 c26 0 -1
0 1 0 26.5 47.0 4 c26 0 -1
0 1 0 26.5 47.0 4 c26 0 -1
0 1 0 26.4 46.5 4 c26 0 -1
0 1 0 26.4 46.5 4 c26 0 -1
0 1 0 26.4 46.5 4 c26 0 -1
0 1 0 26.4 46.0 4 c26 0 -1
0 1 0 26.3 46.5 4 c26 0 -1
0 1 0 26.3 46.5 4 c26 0 -1
0 1 0 26.3 46.5 4 c26 0 -1
0 1 0 26.3 46.5 4 c26 0 -1
0 1 0 26.3 46.5 2 c26 0 -1
0 1 0 26.2 46.0 2 c26 0 -1
0 1 0 26.2 46.0 2 c26 0 -1
0 1 0 26.2 46.5 2 c26 0 -1
0 1 0 26.2 46.5 2 c26 0 -1
0 1 0 26.3 46.5 2 c26 0 -1
0 1 0 26.2 46.5 2 c26 0 -1
0 1 2 26.2 46.5 4 c26 0 -1
0 1 0 26.2 46.5 4 c26 0 -1
0 1 0 26.2 46.5 4 c26 0 -1
0 1 0 26.2 46.5 2 c26 0 -1
0 1 0 26.1 46.5 2 c26 0 -1
0 1 0 26.1 46.5 2 c26 0 -1
0 1 0 26.1 46.5 4 c26 0 -1
0 1 0 26.1 46.5 4 c26 0 -1
0 1 0 26.1 46.5 2 c26 0 -1
0 1 0 26.0 46.0 2 c26 0 -1
0 1 0 26.0 46.0 4 c26 0 -1
0 1 0 26.0 46.0 4 c26 0 -1
0 1 0 26.0 46.0 2 c26 0 -1
0 1 0 25.9 46.0 4 c26 0 -1
0 1 0 25.9 46.0 4 c26 0 -1
0 1 0 26.0 46.5 2 c26 0 -1
0 1 0 25.9 46.5 4 c26 0 -1
0 1 0 26.0 46.5 4 c26 0 -1
0 1 0 25.9 46.5 4 c26 0 -1
0 1 0 25.9 47.0 4 c26 0 -1
0 1 0 25.9 47.0 4 c26 0 -1
0 1 0 25.9 47.0 4 c26 0 -1
0 1 0 25.8 47.0 2 c26 0 -1
0 1 0 25.8 47.0 4 c26 0 -1
0 1 0 25.8 47.0 4 c26 0 -1
0 1 0 25.9 47.5 2 c26 0 -1
0 1 0 25.8 47.5 4 c26 0 -1
0 1 0 25.9 47.5 4 c26 0 -1
0 1 0 25.9 47.5 4 c26 0 -1
0 1 0 25.8 47.5 4 c26 0 -1
0 1 7 25.9 47.5 11 c26 0 -1
0 1 26 25.9 47.0 29 c26 5 98
0 1 13 25.9 47.0 34 c26 5 98
0 1 4 25.9 47.0 36 c26 5 98
0 1 2 25.8 47.0 36 c26 5 98
0 1 0 25.8 47.0 36 c26 5 98
0 1 0 25.8 47.0 34 c26 5 98
0 1 0 25.9 47.0 36 c26 5 98
0 1 2 25.8 47.0 36 c26 5 98
0 1 0 25.8 47.0 32 c26 5 98
0 1 0 25.8 47.0 36 c26 5 98
0 1 0 25.8 47.0 37 c26 5 98
0 1 0 25.7 47.0 39 c26 5 98
0 1 0 25.7 47.5 34 c26 5 98
0 1 0 25.7 47.5 34 c26 5 98
0 1 0 25.8 47.5 36 c26 5 98
0 1 0 25.8 47.5 32 c26 5 98
0 1 0 25.9 47.5 33 c26 5 98
0 1 0 25.8 48.0 31 c26 5 98
0 1 0 25.8 47.5 31 c26 5 98
0 1 0 25.8 47.5 29 c26 5 98
0 1 0 25.8 47.5 29 c26 5 98
0 1 0 25.8 47.5 31 c26 5 98
0 1 0 25.8 47.5 29 c26 5 98
0 1 0 25.7 47.5 27 c26 5 98
0 1 0 25.8 47.5 25 c26 5 98
0 1 0 25.7 47.0 28 c26 5 98
0 1 0 25.7 47.5 26 c26 5 98
0 1 0 25.7 47.5 26 c26 5 98
0 1 0 25.7 47.5 24 c26 5 98
0 1 0 25.7 47.5 24 c26 5 98
0 1 0 25.7 47.5 26 c26 5 98
0 1 0 25.7 47.5 26 c26 5 98
0 1 0 25.7 47.5 22 c26 5 98
0 1 0 25.7 47.5 22 c26 5 98
0 1 1 25.8 48.0 26 c26 5 98
0 1 1 25.8 48.0 26 c26 5 98
0 1 0 25.8 48.0 26 c26 5 98
0 1 0 25.7 48.0 26 c26 5 98
0 1 0 25.7 48.0 22 c26 5 98
0 1 0 25.8 48.0 24 c26 5 98
0 1 10 25.7 48.0 25 c26 5 98
0 1 0 25.7 48.0 24 c26 5 98
0 1 0 25.7 48.0 24 c26 5 98
0 1 0 25.6 47.5 24 c26 5 98
0 1 0 25.6 47.5 24 c26 5 98
0 1 0 25.5 47.5 26 c26 5 98
0 1 0 25.5 47.5 25 c26 5 98
0 1 15 25.5 47.5 26 c26 5 98
0 1 5 25.6 47.5 24 c26 5 98
0 1 0 25.6 47.5 26 c26 5 98
0 1 0 25.5 47.0 25 c26 5 98
0 1 3 25.5 47.0 27 c26 5 98
0 1 0 25.6 47.5 27 c26 5 98
0 1 0 25.5 47.5 29 c26 5 98
0 1 0 25.5 47.5 29 c26 5 98
0 1 0 25.5 47.5 29 c26 5 98
0 1 0 25.5 47.5 25 c26 5 98
0 1 0 25.6 47.5 25 c26 5 98
0 1 0 25.5 47.0 29 c26 5 98
0 1 0 25.4 47.5 25 c26 5 98
0 1 0 25.4 47.5 25 c26 5 98
0 1 0 25.5 47.5 25 c26 5 98
0 1 0 25.4 47.5 27 c26 5 98
0 1 0 25.4 47.5 27 c26 5 98
0 1 0 25.4 47.5 27 c26 5 98
0 1 0 25.4 47.5 27 c26 5 98
0 1 0 25.4 47.5 27 c26 5 98
0 1 0 25.4 47.5 27 c26 5 98
0 1 0 25.4 47.5 27 c26 5 98
0 1 0 25.4 47.5 27 c26 5 98
0 1 0 25.5 47.5 27 c26 5 98
0 1 0 25.3 47.5 27 c26 5 98
0 1 0 25.3 47.5 29 c26 5 98
0 1 0 25.3 47.5 27 c26 5 98
0 1 0 25.3 47.5 27 c26 5 98
0 1 0 25.3 47.0 29 c26 5 98
0 1 0 25.3 47.0 29 c26 5 98
0 1 0 25.4 47.0 27 c26 5 98
0 1 0 25.3 47.0 27 c26 5 98
0 1 0 25.3 47.0 27 c26 5 98
0 1 0 25.3 47.0 27 c26 5 98
0 1 0 25.2 47.0 27 c26 5 98
0 1 0 25.3 47.0 27 c26 5 98
0 1 0 25.3 47.0 27 c26 5 98
0 1 0 25.3 47.0 27 c26 5 98
0 1 0 25.2 47.0 27 c26 5 98
0 1 0 25.3 47.0 27 c26 5 98
0 1 0 25.2 47.0 27 c26 5 98
0 1 0 25.2 47.5 29 c26 5 98
0 1 0 25.2 47.0 29 c26 5 98
0 1 0 25.1 47.5 29 c26 5 98
0 1 2 25.1 47.5 29 c26 5 98
0 1 0 25.2 47.5 27 c26 5 98
0 1 0 25.2 47.5 29 c26 5 98
0 1 0 25.1 47.0 27 c26 5 98
0 1 0 25.1 47.5 27 c26 5 98
0 1 0 25.1 47.5 29 c26 5 98
0 1 0 25.1 47.5 29 c26 5 98
0 1 0 25.1 47.5 29 c26 5 98
0 1 0 25.2 47.5 29 c26 5 98
0 1 0 25.1 47.5 25 c26 5 98
0 1 0 25.1 47.5 26 c26 5 98
0 1 0 25.1 47.5 26 c26 5 98
0 1 0 25.1 47.5 26 c26 5 98
0 1 0 25.1 47.5 26 c26 5 98
0 1 0 25.1 47.5 26 c26 5 98
0 1 0 25.1 47.5 26 c26 5 98
0 1 0 25.1 47.5 24 c26 5 98
0 1 0 25.1 47.5 24 c26 5 98
0 1 0 25.1 47.5 24 c26 5 98
0 1 0 25.1 47.5 24 c26 5 98
0 1 0 25.1 47.5 24 c26 5 98
0 1 0 25.1 47.5 24 c26 5 98
0 1 0 25.1 47.5 24 c26 5 98
0 1 0 25.0 47.5 24 c26 5 98
0 1 0 25.1 47.5 24 c26 5 98
0 1 0 25.1 47.5 22 c26 5 98
0 1 0 25.1 47.5 24 c26 5 98
0 1 0 25.1 47.5 24 c26 5 98
0 1 0 25.2 47.5 22 c26 5 98
0 1 0 25.1 47.0 22 c26 5 98
0 1 0 25.1 47.5 22 c26 5 98
0 1 0 25.1 47.0 20 c26 5 98
0 1 10 25.0 47.0 15 c26 5 98
0 1 0 25.0 47.0 7 c26 0 98
0 1 0 25.0 47.0 7 c26 0 98
0 1 0 25.0 47.0 7 c26 0 98
0 1 0 25.0 47.0 7 c26 0 98
0 1 0 24.9 47.0 7 c26 0 98
0 1 0 24.9 47.0 7 c26 0 98
0 1 0 24.9 47.0 5 c26 0 98
0 1 0 24.9 47.0 5 c26 0 98
0 1 0 24.9 47.0 5 c26 0 98
0 1 0 24.8 47.0 5 c26 0 98
0 1 0 24.8 47.0 5 c26 0 98
0 1 0 24.8 47.0 5 c26 0 98
0 1 0 24.8 47.0 5 c26 0 98
0 1 0 24.7 47.5 5 c26 0 98
0 1 0 24.7 47.5 5 c26 0 98
0 1 0 24.7 47.5 5 c26 0 98
0 1 0 24.7 47.5 3 c26 0 98
0 1 0 24.8 48.0 6 c26 0 98
0 1 0 24.7 48.0 6 c26 0 98
0 1 0 24.8 48.5 6 c26 0 98
0 1 0 24.9 48.5 6 c26 0 98
0 1 0 24.8 49.0 6 c26 0 98
0 1 0 24.8 49.0 6 c26 0 98
0 1 0 24.9 49.0 6 c26 0 98
0 1 0 24.9 49.5 3 c26 0 98
0 1 0 24.8 49.5 3 c26 0 98
0 1 0 24.9 49.5 3 c26 0 98
0 1 0 24.9 49.5 3 c26 0 98
0 1 0 25.0 50.0 6 c26 0 98
0 1 0 24.9 50.0 6 c26 0 98
0 1 0 25.0 50.0 6 c26 0 98
0 1 0 24.9 50.0 6 c26 0 98
0 1 0 24.9 50.0 6 c26 0 98
0 1 0 25.0 50.0 6 c26 0 98
0 1 0 25.0 50.0 6 c26 0 98
0 1 0 25.0 50.5 6 c26 0 98
0 1 0 25.0 50.0 6 c26 0 98
0 1 0 25.0 50.0 6 c26 0 98
0 1 0 25.0 50.0 6 c26 0 98
0 1 0 25.0 50.0 6 c26 0 98
0 1 0 25.1 50.5 6 c26 0 98
0 1 0 25.1 50.5 6 c26 0 98
0 1 0 25.1 50.5 7 c26 0 98
0 1 0 25.1 51.0 7 c26 0 98
0 1 0 25.2 51.0 5 c26 0 98
0 1 0 25.1 51.0 6 c26 0 98
0 1 0 25.2 51.0 4 c26 0 98
0 1 0 25.1 51.0 4 c26 0 98
0 1 0 25.1 51.0 4 c26 0 98
0 1 0 25.1 51.0 4 c26 0 98
0 1 0 25.2 51.0 4 c26 0 98
0 1 0 25.1 51.0 4 c26 0 98
0 1 0 25.1 51.0 4 c26 0 98
0 1 0 25.1 51.0 4 c26 0 98
0 1 0 25.2 51.0 4 c26 0 98
0 1 0 25.1 51.0 4 c26 0 98
0 1 0 25.1 51.0 4 c26 0 98
0 1 0 25.1 51.0 2 c26 0 98
0 1 0 25.2 51.0 2 c26 0 98
0 1 0 25.1 51.0 2 c26 0 98
0 1 0 25.2 51.0 2 c26 0 98
0 1 0 25.1 51.0 2 c26 0 98
0 1 0 25.2 51.0 2 c26 0 98
0 1 0 25.2 51.0 2 c26 0 98
0 1 0 25.1 51.5 2 c26 0 98
0 1 0 25.2 51.5 2 c26 0 98
0 1 0 25.1 51.5 2 c26 0 98
0 1 0 25.2 51.5 2 c26 0 98
0 1 0 25.1 51.5 1 c26 0 98
0 1 0 25.2 51.5 1 c26 0 98
0 1 0 25.1 51.0 1 c26 0 98
0 1 0 25.1 51.0 2 c26 0 98
0 1 0 25.1 51.0 2 -1 0 98
0 1 31 25.2 51.5 19 -1 5 98
0 1 6 25.2 51.0 19 -1 5 98
0 1 0 25.2 51.5 19 -1 5 98
0 1 0 25.3 51.5 19 -1 5 98
0 1 0 25.4 51.5 19 -1 5 98
0 1 0 25.5 51.5 17 -1 5 98
0 1 0 25.6 51.5 17 -1 5 98
0 1 0 25.7 52.0 17 -1 5 98
0 1 0 25.8 52.0 21 -1 5 98
0 1 0 25.8 52.5 19 -1 5 98
0 1 0 26.0 52.5 19 -1 5 98
0 1 0 26.0 52.5 19 -1 5 98
0 1 0 26.1 52.5 19 -1 5 98
0 1 0 26.1 53.0 19 -1 5 98
0 1 0 26.2 53.0 19 -1 5 98
0 1 0 26.2 53.0 17 -1 5 98
0 1 0 26.3 53.5 17 -1 5 98
0 1 0 26.3 53.5 17 -1 5 98
0 1 0 26.4 53.5 17 -1 5 98
0 1 1 26.4 53.5 17 -1 5 98
0 1 0 26.5 54.0 17 -1 5 98
0 1 0 26.6 54.0 17 -1 5 98
0 1 0 26.5 54.0 15 -1 5 98
0 1 0 26.6 54.0 15 -1 5 98
0 1 0 26.7 54.0 15 -1 5 98
0 1 3 26.7 54.0 15 -1 5 98
0 1 0 26.7 54.5 15 -1 5 98
0 1 3 26.8 54.5 19 -1 5 98
0 1 0 26.8 54.5 17 -1 5 98
0 1 0 26.9 54.5 17 -1 5 98
0 1 0 26.8 54.5 17 -1 5 98
0 1 0 26.9 55.0 17 -1 5 98
0 1 0 26.9 55.0 17 -1 5 98
0 1 2 27.0 55.0 17 c26 5 98
1 1 16 27.1 55.0 17 c26 5 98
0 1 0 27.0 54.5 17 c26 5 98
0 1 0 27.0 54.0 17 c26 5 98
0 1 0 26.9 53.5 15 c26 5 98
0 1 0 26.8 53.0 15 c26 5 98
0 1 0 26.7 52.5 15 c26 5 98
0 1 0 26.7 52.0 15 c26 5 98
0 1 0 26.6 51.5 15 c26 5 98
0 1 0 26.4 51.5 15 c26 5 98
0 1 0 26.3 51.0 15 c26 5 98
0 1 0 26.3 50.5 15 c26 5 98
0 1 0 26.2 50.5 15 c26 5 98
0 1 0 26.1 50.0 15 c26 5 98
0 1 10 26.0 49.5 19 c26 6 98
0 1 9 26.0 49.5 23 c26 6 98
0 1 0 25.9 49.0 23 c26 6 98
0 1 0 25.8 49.0 23 c26 6 98
0 1 0 25.8 48.5 23 c26 6 98
0 1 0 25.8 48.5 23 c26 6 98
0 1 0 25.7 48.5 23 c26 6 98
0 1 0 25.7 48.5 23 c26 6 98
0 1 0 25.6 48.0 23 c26 6 98
0 1 0 25.6 48.0 23 c26 6 98
0 1 0 25.5 47.5 23 c26 6 98
0 1 0 25.5 47.5 23 c26 6 98
0 1 0 25.4 47.5 23 c26 6 98
0 1 0 25.4 47.5 23 c26 6 98
0 1 0 25.4 47.5 23 c26 6 98
0 1 0 25.4 47.5 23 c26 6 98
0 1 0 25.3 47.5 23 c26 6 98
0 1 0 25.2 47.5 23 c26 6 98
0 1 0 25.2 47.5 23 c26 6 98
0 1 0 25.2 47.5 23 c26 6 98
0 1 0 25.2 47.5 23 c26 6 98
0 1 0 25.2 47.5 23 c26 6 98
0 1 0 25.2 47.5 23 c26 6 98
0 1 0 25.0 47.5 23 c26 6 98
0 1 0 25.1 47.5 23 c26 6 98
0 1 0 25.0 47.5 23 c26 6 98
0 1 0 25.1 47.5 23 c26 6 98
0 1 0 25.0 47.0 23 c26 6 98
0 1 0 25.0 47.5 23 c26 6 98
0 1 0 24.9 47.5 23 c26 6 98
0 1 0 25.0 47.5 23 c26 6 98
0 1 0 24.9 47.5 23 c26 6 98
0 1 0 24.9 47.5 23 c26 6 98
0 1 0 24.9 47.5 23 c26 6 98
0 1 0 24.9 47.5 23 c26 6 98
0 1 0 24.8 47.5 23 c26 6 98
0 1 0 24.8 47.5 23 c26 6 98
0 1 0 24.9 47.5 23 c26 6 98
0 1 0 24.8 47.5 23 c26 6 98
0 1 0 24.8 47.5 23 c26 6 98
0 1 0 24.7 47.5 23 c26 6 98
0 1 0 24.7 47.5 23 c26 6 98
0 1 0 24.7 47.5 23 c26 6 98
0 1 0 24.7 47.5 23 c26 6 98
0 1 1 24.7 47.5 23 c26 6 98
0 1 1 24.7 47.5 23 c26 6 98
0 1 0 24.7 47.0 23 c26 6 98
0 1 0 24.6 47.0 23 c26 6 98
0 1 0 24.6 47.0 23 c26 6 98
0 1 0 24.6 47.0 23 c26 6 98
0 1 0 24.5 47.0 23 c26 6 98
0 1 0 24.5 47.0 23 c26 6 98
0 1 0 24.5 46.5 23 c26 6 98
0 1 3 24.5 46.5 23 c26 6 98
0 1 0 24.5 46.5 23 c26 6 98
0 1 0 24.4 46.5 23 c26 6 98
0 1 0 24.4 46.5 23 c26 6 98
0 1 0 24.4 46.5 23 c26 6 98
0 1 0 24.3 46.5 23 c26 6 98
0 1 0 24.3 46.5 23 c26 6 98
0 1 0 24.3 46.0 23 c26 6 98
0 1 0 24.3 46.0 23 c26 6 98
0 1 0 24.3 46.5 23 c26 6 98
0 1 0 24.2 46.0 23 c26 6 98
0 1 0 24.2 46.0 23 c26 6 98
0 1 0 24.2 46.0 23 c26 6 98
0 1 0 24.1 46.0 23 c26 6 98
0 1 0 24.1 46.0 23 c26 6 98
0 1 0 24.2 46.0 23 c26 6 98
0 1 0 24.1 46.0 23 c26 6 98
0 1 0 24.2 46.0 23 c26 6 98
0 1 0 24.2 46.0 23 c26 6 98
0 1 0 24.1 46.0 23 c26 6 98
1 1 11 24.0 46.0 23 c26 6 98
0 1 6 24.0 45.5 23 c26 6 98
0 1 0 24.0 45.5 23 c26 6 98
0 1 0 24.0 45.0 23 c26 6 98
0 1 0 24.0 45.0 23 c26 6 98
0 1 0 23.9 45.0 23 c26 6 98
0 1 0 23.9 45.0 23 c26 6 98
0 1 0 23.9 45.5 23 c26 6 98
0 1 0 23.9 46.0 23 c26 6 98
0 1 0 23.9 46.0 23 c26 6 98
0 1 0 23.9 46.0 21 c26 6 98
0 1 0 23.9 46.5 23 c26 6 98
0 1 0 23.9 46.5 23 c26 6 98
0 1 0 24.0 46.5 23 c26 6 98
0 1 0 24.0 46.5 23 c26 6 98
0 1 0 24.0 47.0 23 c26 6 98
0 1 0 24.0 47.0 23 c26 6 98
0 1 0 24.0 47.0 23 c26 6 98
0 1 0 23.9 47.0 23 c26 6 98
0 1 0 23.9 47.0 23 c26 6 98
0 1 4 23.9 47.0 23 c26 6 98
0 1 0 24.0 47.0 23 c26 6 98
0 1 0 23.9 47.0 23 c26 6 98
0 1 0 24.0 47.0 23 c26 6 98
0 1 0 23.9 47.0 23 c26 6 98
0 1 0 24.0 47.0 23 c26 6 98
0 1 0 23.9 47.0 23 c26 6 98
0 1 0 24.0 47.5 23 c26 6 98
0 1 0 23.9 47.0 23 c26 6 98
0 1 0 23.9 47.0 23 c26 6 98
0 1 0 23.9 47.5 23 c26 6 98
0 1 0 23.9 47.5 23 c26 6 98
0 1 0 23.9 47.5 23 c26 6 98
0 1 0 23.9 47.5 23 c26 6 98
0 1 0 23.9 47.5 23 c26 6 98
0 1 0 23.9 47.5 23 c26 6 98
0 1 0 23.9 47.5 23 c26 6 98
0 1 0 23.9 47.5 23 c26 6 98
0 1 0 23.9 47.5 23 c26 6 98
0 1 0 23.9 47.5 23 c26 6 98
0 1 0 23.9 48.0 23 c26 6 98
0 1 0 24.0 48.0 23 c26 6 98
0 1 0 24.0 48.0 23 c26 6 98
0 1 3 24.0 48.0 23 c26 6 98
0 1 0 24.0 48.0 23 c26 6 98
0 1 0 23.9 48.0 23 c26 6 98
0 1 0 23.9 48.0 23 c26 6 98
0 1 0 23.9 48.0 23 c26 6 98
0 1 0 23.9 48.0 23 c26 6 98
0 1 0 23.9 48.0 23 c26 6 98
0 1 0 23.9 48.0 23 c26 6 98
0 1 0 23.9 48.0 23 c26 6 98
0 1 0 23.9 48.0 23 c26 6 98
0 1 0 23.9 48.0 23 c26 6 98
0 1 0 23.9 48.0 23 c26 6 98
0 1 0 23.9 48.0 23 c26 6 98
0 1 0 23.9 48.0 23 c26 6 98
0 1 0 23.8 48.0 21 c26 6 98
0 1 0 23.9 48.0 23 c26 6 98
0 1 22 23.9 48.0 21 c26 6 98
0 1 9 23.8 48.0 23 c26 6 98
0 1 0 23.9 48.5 23 c26 6 98
0 1 0 24.0 49.0 23 c26 6 98
0 1 0 24.0 49.0 23 c26 6 98
0 1 0 24.0 49.5 23 c26 6 98
0 1 0 24.0 50.0 23 c26 6 98
0 1 0 24.1 49.5 23 c26 6 98
0 1 0 24.1 49.5 23 c26 6 98
0 1 0 24.0 49.0 23 c26 6 98
0 1 0 24.1 48.5 23 c26 6 98
0 1 0 24.0 48.0 23 c26 6 98
0 1 0 23.9 48.0 23 c26 6 98
0 1 0 23.9 47.5 23 c26 6 98
0 1 0 23.8 47.0 23 c26 6 98
0 1 0 23.8 47.0 23 c26 6 98
0 1 0 23.8 46.5 23 c26 6 98
0 1 0 23.7 46.5 23 c26 6 98
0 1 0 23.7 46.5 23 c26 6 98
0 1 0 23.7 46.5 23 c26 6 98
0 1 0 23.7 47.0 23 c26 6 98
0 1 0 23.7 47.0 23 c26 6 98
0 1 0 23.8 47.0 23 c26 6 98
0 1 0 23.8 47.0 23 c26 6 98
0 1 0 23.8 47.0 23 c26 6 98
0 1 0 23.8 47.0 23 c26 6 98
0 1 0 23.8 47.5 23 c26 6 98
0 1 0 23.8 47.5 23 c26 6 98
0 1 0 23.8 47.5 23 c26 6 98
0 1 0 23.8 47.5 23 c26 6 98
0 1 0 23.8 47.5 23 c26 6 98
0 1 0 23.9 47.5 23 c26 6 98
0 1 0 23.8 47.5 23 c26 6 98
0 1 0 23.8 47.5 23 c26 6 98
0 1 0 23.8 47.5 23 c26 6 98
0 1 0 23.8 47.5 23 c26 6 98
0 1 0 23.8 47.5 23 c26 6 98
0 1 0 23.8 47.5 23 c26 6 98
0 1 0 23.8 47.5 23 c26 6 98
0 1 0 23.8 47.5 23 c26 6 98
0 1 0 23.8 47.5 23 c26 6 98
0 1 0 23.8 47.5 23 c26 6 98
0 1 0 23.8 47.5 23 c26 6 98
0 1 0 23.8 47.5 23 c26 6 98
0 1 0 23.8 47.5 23 c26 6 98
0 1 0 23.8 47.5 21 c26 6 98
0 1 0 23.8 47.5 23 c26 6 98
0 1 0 23.8 47.5 23 c26 6 98
0 1 0 23.8 47.5 23 c26 6 98
0 1 0 23.8 47.5 23 c26 6 98
0 1 0 23.7 47.5 23 c26 6 98
0 1 0 23.8 47.5 23 c26 6 98
0 1 0 23.7 47.5 23 c26 6 98
0 1 0 23.8 47.0 23 -1 6 98
0 1 13 23.7 47.0 23 -1 6 98
0 1 7 23.7 47.0 2 -1 0 98
0 1 0 23.8 47.0 2 -1 0 98
0 1 0 23.8 47.0 2 -1 0 98
0 1 0 23.8 47.0 2 -1 0 98
0 1 0 24.0 47.0 2 -1 0 98
0 1 0 24.0 47.0 2 -1 0 98
0 1 0 24.1 47.0 2 -1 0 98
0 1 0 24.3 47.0 2 -1 0 98
0 1 0 24.3 47.0 2 -1 0 98
0 1 0 24.4 47.0 2 -1 0 98
0 1 0 24.4 47.0 2 -1 0 98
0 1 0 24.6 47.0 2 -1 0 98
0 1 0 24.6 47.0 2 -1 0 98
0 1 0 24.6 47.0 2 -1 0 98
0 1 0 24.7 47.0 2 -1 0 98
0 1 0 24.7 47.5 2 -1 0 98
0 1 0 24.8 48.0 2 -1 0 98
0 1 0 24.8 48.0 2 -1 0 98
0 1 0 25.0 48.5 2 -1 0 98
0 1 0 25.0 48.5 2 -1 0 98
0 1 0 25.0 48.5 2 -1 0 98
0 1 0 25.1 49.0 2 -1 0 98
0 1 0 25.2 49.0 2 -1 0 98
0 1 0 25.3 49.5 2 -1 0 98
0 1 0 25.3 49.5 2 -1 0 98
0 1 0 25.4 50.0 2 -1 0 98
0 1 0 25.4 50.0 2 -1 0 98
0 1 0 25.5 50.0 2 -1 0 98
0 1 0 25.6 50.5 2 -1 0 98
0 1 0 25.6 50.5 2 -1 0 98
0 1 0 25.6 51.0 2 -1 0 98
0 1 0 25.7 51.5 2 -1 0 98
0 1 0 25.7 51.5 2 -1 0 98
0 1 0 25.8 52.0 2 -1 0 98
0 1 0 25.8 52.0 2 -1 0 98
0 1 0 25.8 52.0 2 -1 0 98
0 1 0 25.9 52.5 2 -1 0 98
0 1 0 26.0 52.5 2 -1 0 98
0 1 0 26.0 52.5 2 -1 0 98
0 1 0 26.0 52.5 2 -1 0 98
0 1 0 26.2 53.0 2 -1 0 98
0 1 0 26.1 53.0 2 -1 0 98
0 1 0 26.2 53.0 2 -1 0 98
0 1 0 26.3 53.5 2 -1 0 98
0 1 0 26.3 53.5 2 -1 0 98
0 1 0 26.3 53.5 2 -1 0 98
0 1 0 26.4 53.5 2 -1 0 98
0 1 0 26.4 53.5 2 -1 0 98
0 1 0 26.4 53.5 2 -1 0 98
0 1 0 26.5 54.0 2 -1 0 98
0 1 0 26.5 54.0 2 -1 0 98
0 1 0 26.5 54.0 2 -1 0 98
0 1 0 26.6 54.0 2 -1 0 98
0 1 0 26.6 54.0 2 -1 0 98
0 1 0 26.7 54.0 2 -1 0 98
0 1 0 26.7 54.0 2 -1 0 98
0 1 0 26.8 54.0 2 -1 0 98
0 1 0 26.8 54.0 2 -1 0 98
0 1 0 26.9 54.0 2 -1 0 98
0 1 0 26.8 54.0 2 -1 0 98
0 1 0 26.8 54.0 2 -1 0 98
0 1 0 26.9 54.0 2 -1 0 98
0 1 0 26.9 54.0 2 -1 0 98
0 1 0 27.0 54.0 2 -1 0 98
0 1 0 27.0 54.0 2 -1 0 98
0 1 0 27.0 54.0 2 -1 0 98
0 1 0 27.0 54.0 2 -1 0 98
0 1 0 27.1 54.0 2 -1 0 98
0 1 0 27.1 54.0 2 -1 0 98
0 1 0 27.1 54.0 2 -1 0 98
0 1 0 27.2 54.0 2 -1 0 98
0 1 0 27.2 54.0 2 -1 0 98
0 1 0 27.2 54.5 2 -1 0 98
0 1 0 27.2 54.5 2 -1 0 98
0 1 0 27.3 54.5 2 -1 0 98
0 1 0 27.3 54.5 2 -1 0 98
0 1 0 27.4 54.5 2 -1 0 98
0 1 0 27.4 54.5 2 -1 0 98
0 1 0 27.4 54.5 2 -1 0 98
0 1 0 27.4 54.0 2 -1 0 98
0 1 0 27.4 54.5 2 -1 0 98
0 1 0 27.5 54.5 2 -1 0 98
0 1 0 27.5 54.0 2 -1 0 98
0 1 0 27.5 54.0 2 -1 0 98
0 1 0 27.5 54.0 2 -1 0 98
0 1 0 27.6 54.0 2 -1 0 98
0 1 0 27.6 54.0 2 -1 0 98
0 1 0 27.6 54.5 2 -1 0 98
0 1 0 27.7 54.5 2 -1 0 98
0 1 0 27.6 54.0 2 -1 0 98
0 1 0 27.7 54.0 2 -1 0 98
0 1 0 27.7 54.0 2 -1 0 98
0 1 0 27.8 54.5 2 -1 0 98
0 1 0 27.8 54.0 2 -1 0 98
0 1 0 27.8 54.0 2 -1 0 98
0 1 0 27.8 54.5 2 -1 0 98
0 1 0 27.9 54.5 2 -1 0 98
0 1 0 27.8 54.5 2 -1 0 98
0 1 0 27.9 54.5 2 -1 0 98
0 1 0 27.9 54.5 2 -1 0 98
0 1 0 27.9 54.5 2 -1 0 98
0 1 0 28.0 54.5 2 -1 0 98
0 1 0 27.9 54.5 2 -1 0 98
0 1 0 28.0 54.5 2 -1 0 98
0 1 0 28.0 54.5 2 -1 0 98
0 1 0 28.0 54.5 2 -1 0 98
0 1 0 28.0 54.5 2 -1 0 98
0 1 0 28.0 54.5 2 -1 0 98
0 1 0 28.1 54.5 2 -1 0 98
0 1 0 28.1 54.5 2 -1 0 98
0 1 0 28.1 54.5 2 -1 0 98
0 1 0 28.2 54.0 2 -1 0 98
0 1 0 28.2 54.0 2 -1 0 98
0 1 0 28.2 54.0 2 -1 0 98
