0 1 0 28.5 57.5 2 -1 0 -1
0 1 0 28.4 57.5 2 -1 0 -1
0 1 0 28.5 57.5 2 -1 0 -1
0 1 0 28.5 57.5 2 -1 0 -1
0 1 0 28.5 57.5 2 -1 0 -1
0 1 0 28.5 57.5 2 -1 0 -1
0 1 0 28.5 57.5 2 -1 0 -1
0 1 0 28.5 57.5 2 -1 0 -1
0 1 0 28.5 57.5 2 -1 0 -1
0 1 0 28.6 57.5 2 -1 0 -1
0 1 0 28.6 57.5 2 -1 0 -1
0 1 0 28.6 57.5 2 -1 0 -1
0 1 0 28.7 57.5 2 -1 0 -1
0 1 0 28.6 57.5 2 -1 0 -1
0 1 0 28.6 57.5 2 -1 0 -1
0 1 0 28.7 57.0 2 -1 0 -1
0 1 0 28.7 57.0 2 -1 0 -1
0 1 0 28.7 57.0 2 -1 0 -1
0 1 0 28.8 57.0 2 -1 0 -1
0 1 0 28.7 57.0 2 -1 0 -1
0 1 0 28.7 57.0 2 -1 0 -1
0 1 0 28.7 57.0 2 -1 0 -1
0 1 0 28.8 57.0 2 -1 0 -1
0 1 0 28.8 57.0 2 -1 0 -1
0 1 0 28.8 57.0 2 -1 0 -1
0 1 0 28.8 57.0 2 -1 0 -1
0 1 0 28.8 57.0 2 -1 0 -1
0 1 0 28.9 57.0 2 -1 0 -1
0 1 0 28.8 57.0 2 -1 0 -1
0 1 0 28.8 57.0 2 -1 0 -1
0 1 0 28.8 57.0 2 -1 0 -1
0 1 0 28.8 57.0 2 -1 0 -1
0 1 0 28.9 56.5 2 -1 0 -1
0 1 0 28.9 57.0 2 -1 0 -1
0 1 0 28.9 56.5 2 -1 0 -1
0 1 0 28.9 56.5 2 -1 0 -1
0 1 0 28.9 56.5 2 -1 0 -1
0 1 0 28.9 56.5 2 -1 0 -1
0 1 0 28.9 56.5 2 -1 0 -1
0 1 0 28.9 56.5 2 -1 0 -1
0 1 0 28.9 56.5 2 -1 0 -1
0 1 0 29.0 56.5 2 -1 0 -1
0 1 0 28.9 56.5 2 -1 0 -1
0 1 0 28.9 56.5 2 -1 0 -1
0 1 0 28.9 56.5 2 -1 0 -1
0 1 0 29.0 56.5 2 -1 0 -1
0 1 0 28.9 56.5 2 -1 0 -1
0 1 0 29.0 56.5 2 -1 0 -1
0 1 0 29.0 56.5 2 -1 0 -1
0 1 0 28.9 56.5 2 -1 0 -1
0 1 0 29.0 56.5 2 -1 0 -1
0 1 0 29.0 56.5 2 -1 0 -1
0 1 0 29.0 56.5 2 -1 0 -1
0 1 0 29.0 56.5 2 -1 0 -1
0 1 0 29.0 56.5 2 -1 0 -1
0 1 0 29.0 56.0 2 -1 0 -1
0 1 0 29.1 56.5 2 -1 0 -1
0 1 0 29.0 56.5 2 -1 0 -1
0 1 0 29.1 56.5 2 -1 0 -1
0 1 0 29.1 56.5 2 -1 0 -1
0 1 0 29.1 56.0 2 -1 0 -1
0 1 0 29.1 56.0 2 -1 0 -1
0 1 0 29.1 56.0 2 -1 0 -1
0 1 0 29.1 56.0 2 -1 0 -1
0 1 0 29.1 56.0 2 -1 0 -1
0 1 0 29.1 56.0 2 -1 0 -1
0 1 0 29.1 56.0 2 -1 0 -1
0 1 0 29.1 56.0 2 -1 0 -1
0 1 0 29.1 56.0 2 -1 0 -1
0 1 0 29.2 56.0 2 -1 0 -1
0 1 0 29.1 56.0 2 -1 0 -1
0 1 0 29.1 56.0 2 -1 0 -1
0 1 0 29.1 56.0 2 -1 0 -1
0 1 0 29.2 56.0 2 -1 0 -1
0 1 0 29.2 56.0 2 -1 0 -1
0 1 0 29.2 56.0 2 -1 0 -1
0 1 0 29.1 56.0 2 -1 0 -1
0 1 0 29.2 56.0 2 -1 0 -1
0 1 0 29.2 55.5 2 -1 0 -1
0 1 0 29.2 56.0 2 -1 0 -1
0 1 0 29.2 55.5 2 -1 0 -1
0 1 0 29.2 55.5 2 -1 0 -1
0 1 0 29.2 55.5 2 -1 0 -1
0 1 0 29.2 55.5 2 -1 0 -1
0 1 0 29.3 55.5 2 -1 0 -1
0 1 0 29.2 55.5 2 -1 0 -1
0 1 0 29.3 55.5 2 -1 0 -1
0 1 0 29.2 55.5 2 -1 0 -1
0 1 0 29.3 55.5 2 -1 0 -1
0 1 0 29.2 55.5 2 -1 0 -1
0 1 0 29.3 55.5 2 -1 0 -1
0 1 0 29.3 55.5 2 -1 0 -1
0 1 0 29.3 55.5 2 -1 0 -1
0 1 0 29.3 55.5 2 -1 0 -1
0 1 0 29.3 55.5 2 -1 0 -1
0 1 0 29.4 55.5 2 -1 0 -1
0 1 0 29.3 55.5 2 -1 0 -1
0 1 0 29.3 55.5 2 -1 0 -1
0 1 0 29.3 55.5 2 -1 0 -1
0 1 0 29.3 55.5 2 -1 0 -1
0 1 0 29.3 55.5 2 -1 0 -1
0 1 0 29.3 55.5 2 -1 0 -1
0 1 0 29.4 55.5 2 -1 0 -1
0 1 0 29.3 55.5 2 -1 0 -1
0 1 0 29.4 55.0 2 -1 0 -1
0 1 0 29.3 55.5 2 -1 0 -1
0 1 0 29.4 55.5 2 -1 0 -1
0 1 0 29.3 55.5 2 -1 0 -1
0 1 0 29.4 55.5 2 -1 0 -1
0 1 0 29.4 55.5 2 -1 0 -1
0 1 0 29.4 55.5 2 -1 0 -1
0 1 0 29.3 55.0 2 -1 0 -1
0 1 0 29.5 55.5 2 -1 0 -1
0 1 0 29.4 55.0 2 -1 0 -1
0 1 0 29.4 55.0 2 -1 0 -1
0 1 0 29.4 55.0 2 -1 0 -1
0 1 0 29.5 55.0 2 -1 0 -1
0 1 0 29.5 55.0 2 -1 0 -1
0 1 0 29.5 55.0 2 -1 0 -1
0 1 0 29.5 55.0 2 -1 0 -1
0 1 0 29.5 55.0 2 -1 0 -1
0 1 0 29.5 55.0 2 -1 0 -1
0 1 0 29.5 55.0 2 -1 0 -1
0 1 0 29.4 55.0 2 -1 0 -1
0 1 0 29.5 55.0 2 -1 0 -1
0 1 0 29.4 55.0 2 -1 0 -1
0 1 0 29.5 55.0 2 -1 0 -1
0 1 0 29.5 55.0 2 -1 0 -1
0 1 0 29.5 55.0 2 -1 0 -1
0 1 0 29.6 55.0 2 -1 0 -1
0 1 0 29.6 55.0 2 -1 0 -1
0 1 0 29.5 55.0 2 -1 0 -1
0 1 0 29.6 55.0 2 -1 0 -1
0 1 0 29.5 55.0 2 -1 0 -1
0 1 0 29.5 55.0 2 -1 0 -1
0 1 0 29.6 55.0 2 -1 0 -1
0 1 0 29.5 55.0 2 -1 0 -1
0 1 0 29.6 55.0 2 -1 0 -1
0 1 0 29.5 55.0 2 -1 0 -1
0 1 0 29.6 55.0 2 -1 0 -1
0 1 0 29.6 55.0 2 -1 0 -1
0 1 0 29.6 55.0 2 -1 0 -1
0 1 0 29.6 55.0 2 -1 0 -1
0 1 0 29.6 55.0 2 -1 0 -1
0 1 0 29.6 55.0 2 -1 0 -1
0 1 0 29.6 55.0 2 -1 0 -1
0 1 0 29.6 55.0 2 -1 0 -1
0 1 0 29.6 55.0 2 -1 0 -1
0 1 0 29.6 55.0 2 -1 0 -1
0 1 0 29.6 55.0 2 -1 0 -1
0 1 0 29.6 55.0 2 -1 0 -1
0 1 0 29.6 55.0 2 -1 0 -1
0 1 0 29.6 55.0 2 -1 0 -1
0 1 0 29.7 55.0 2 -1 0 -1
0 1 0 29.6 55.0 2 -1 0 -1
0 1 0 29.6 55.0 2 -1 0 -1
0 1 0 29.6 55.0 2 -1 0 -1
0 1 0 29.6 55.0 2 -1 0 -1
0 1 0 29.6 55.0 2 -1 0 -1
0 1 0 29.7 54.5 2 -1 0 -1
0 1 0 29.6 54.5 2 -1 0 -1
0 1 0 29.6 54.5 2 -1 0 -1
0 1 0 29.7 54.5 2 -1 0 -1
0 1 0 29.7 54.5 2 -1 0 -1
0 1 0 29.7 54.5 2 -1 0 -1
0 1 0 29.7 54.5 2 -1 0 -1
0 1 0 29.7 54.5 2 -1 0 -1
0 1 0 29.7 54.5 2 -1 0 -1
0 1 0 29.7 54.5 2 -1 0 -1
0 1 0 29.7 54.5 2 -1 0 -1
0 1 0 29.7 54.5 2 -1 0 -1
0 1 0 29.7 54.5 2 -1 0 -1
0 1 0 29.7 54.5 2 -1 0 -1
0 1 0 29.6 54.5 2 -1 0 -1
0 1 0 29.8 54.5 2 -1 0 -1
0 1 0 29.7 54.5 2 -1 0 -1
0 1 0 29.7 54.5 2 -1 0 -1
0 1 0 29.7 54.5 2 -1 0 -1
0 1 0 29.7 54.5 2 -1 0 -1
0 1 0 29.7 54.5 2 -1 0 -1
0 1 0 29.7 54.5 2 -1 0 -1
0 1 0 29.7 54.5 2 -1 0 -1
0 1 0 29.7 54.5 2 -1 0 -1
0 1 0 29.8 54.5 2 -1 0 -1
0 1 0 29.8 54.5 2 -1 0 -1
0 1 0 29.8 54.5 2 -1 0 -1
0 1 0 29.8 54.5 2 -1 0 -1
0 1 0 29.8 54.5 2 -1 0 -1
0 1 0 29.7 54.5 2 -1 0 -1
0 1 0 29.8 54.5 2 -1 0 -1
0 1 0 29.8 54.5 2 -1 0 -1
0 1 0 29.8 54.5 2 -1 0 -1
0 1 0 29.8 54.5 2 -1 0 -1
0 1 0 29.8 54.5 2 -1 0 -1
0 1 0 29.8 54.5 2 -1 0 -1
0 1 0 29.8 54.5 2 -1 0 -1
0 1 0 29.8 54.5 2 -1 0 -1
0 1 0 29.8 54.5 2 -1 0 -1
0 1 0 29.8 54.5 2 -1 0 -1
0 1 0 29.8 54.5 2 -1 0 -1
0 1 0 29.8 54.5 2 -1 0 -1
0 1 0 29.8 54.5 2 -1 0 -1
0 1 0 29.9 54.5 2 -1 0 -1
0 1 0 29.8 54.5 2 -1 0 -1
0 1 0 29.8 54.5 2 -1 0 -1
0 1 0 29.8 54.5 2 -1 0 -1
0 1 0 29.9 54.5 2 -1 0 -1
0 1 0 29.9 54.5 2 -1 0 -1
0 1 0 29.8 54.5 2 -1 0 -1
0 1 0 29.8 54.5 2 -1 0 -1
0 1 0 29.8 54.5 2 -1 0 -1
0 1 0 29.9 54.5 2 -1 0 -1
0 1 0 29.9 54.5 2 -1 0 -1
0 1 0 29.9 54.5 2 -1 0 -1
0 1 0 29.9 54.5 2 -1 0 -1
0 1 0 29.8 54.0 2 -1 0 -1
0 1 0 29.9 54.0 2 -1 0 -1
0 1 0 29.9 54.5 2 -1 0 -1
0 1 0 29.9 54.0 2 -1 0 -1
0 1 0 29.9 54.0 2 -1 0 -1
0 1 0 29.9 54.5 2 -1 0 -1
0 1 0 29.9 54.0 2 -1 0 -1
0 1 0 29.9 54.0 2 -1 0 -1
0 1 0 29.9 54.5 2 -1 0 -1
0 1 0 29.9 54.5 2 -1 0 -1
0 1 0 29.9 54.0 2 -1 0 -1
0 1 0 30.0 54.5 2 -1 0 -1
0 1 0 30.0 54.5 2 -1 0 -1
0 1 0 29.9 54.0 2 -1 0 -1
0 1 0 29.9 54.5 2 -1 0 -1
0 1 0 30.0 54.5 2 -1 0 -1
0 1 0 29.9 54.0 2 -1 0 -1
0 1 0 30.0 54.5 2 -1 0 -1
0 1 0 29.9 54.0 2 -1 0 -1
0 1 0 29.9 54.5 2 -1 0 -1
0 1 0 29.9 54.5 2 -1 0 -1
0 1 0 29.9 54.5 2 -1 0 -1
0 1 0 29.9 54.0 2 -1 0 -1
0 1 0 29.9 54.0 2 -1 0 -1
0 1 0 29.9 54.0 2 -1 0 -1
0 1 0 30.0 54.0 2 -1 0 -1
0 1 0 30.0 54.0 2 -1 0 -1
0 1 0 29.9 54.0 2 -1 0 -1
0 1 0 30.0 54.0 2 -1 0 -1
0 1 0 29.9 54.0 2 -1 0 -1
0 1 0 30.0 54.0 2 -1 0 -1
0 1 0 29.9 54.0 2 -1 0 -1
0 1 0 30.0 54.0 2 -1 0 -1
0 1 0 30.0 54.0 2 -1 0 -1
0 1 0 30.0 54.0 2 -1 0 -1
0 1 0 30.0 54.0 2 -1 0 -1
0 1 0 30.0 54.0 2 -1 0 -1
0 1 0 30.0 54.0 2 -1 0 -1
0 1 0 30.0 54.0 2 -1 0 -1
0 1 0 30.0 54.0 2 -1 0 -1
0 1 0 30.0 54.0 2 -1 0 -1
0 1 0 30.0 54.0 2 -1 0 -1
0 1 0 30.0 54.0 2 -1 0 -1
0 1 0 30.0 54.0 2 -1 0 -1
0 1 0 30.0 54.0 2 -1 0 -1
0 1 0 29.9 54.0 2 -1 0 -1
0 1 0 30.0 54.0 2 -1 0 -1
0 1 0 30.0 54.0 2 -1 0 -1
0 1 0 30.0 54.0 2 -1 0 -1
0 1 0 30.0 54.0 2 -1 0 -1
0 1 0 30.0 54.0 2 -1 0 -1
0 1 0 30.1 54.0 2 -1 0 -1
0 1 0 30.0 54.0 2 -1 0 -1
0 1 0 30.0 54.0 2 -1 0 -1
0 1 0 30.0 54.0 2 -1 0 -1
0 1 0 30.0 54.0 2 -1 0 -1
0 1 0 30.0 54.0 2 -1 0 -1
0 1 0 30.0 54.0 2 -1 0 -1
0 1 0 30.0 54.0 2 -1 0 -1
0 1 0 30.0 54.0 2 -1 0 -1
0 1 0 30.1 54.0 2 -1 0 -1
0 1 0 30.0 54.0 2 -1 0 -1
0 1 0 30.0 54.0 2 -1 0 -1
0 1 0 30.0 54.0 2 -1 0 -1
0 1 0 30.1 54.0 2 -1 0 -1
0 1 0 30.0 54.0 2 -1 0 -1
0 1 0 30.1 54.0 2 -1 0 -1
0 1 0 30.1 54.0 2 -1 0 -1
0 1 0 30.0 54.0 2 -1 0 -1
0 1 0 30.0 54.0 2 -1 0 -1
0 1 0 30.0 54.0 2 -1 0 -1
0 1 0 30.1 54.0 2 -1 0 -1
0 1 0 30.1 54.0 2 -1 0 -1
0 1 0 30.1 54.0 2 -1 0 -1
0 1 0 30.0 54.0 2 -1 0 -1
0 1 0 30.1 54.0 2 -1 0 -1
0 1 0 30.1 54.0 2 -1 0 -1
0 1 0 30.1 54.0 2 -1 0 -1
0 1 0 30.1 54.0 2 -1 0 -1
0 1 0 30.1 54.0 2 -1 0 -1
0 1 0 30.1 54.0 2 -1 0 -1
0 1 0 30.1 54.0 2 -1 0 -1
0 1 0 30.1 54.0 2 -1 0 -1
0 1 0 30.2 54.0 2 -1 0 -1
0 1 0 30.2 54.0 2 -1 0 -1
0 1 0 30.1 54.0 2 -1 0 -1
0 1 0 30.1 54.0 2 -1 0 -1
0 1 0 30.1 54.0 2 -1 0 -1
0 1 0 30.1 54.0 2 -1 0 -1
0 1 0 30.1 54.0 2 -1 0 -1
0 1 0 30.1 54.0 2 -1 0 -1
0 1 0 30.2 54.0 2 -1 0 -1
0 1 0 30.1 54.0 1 -1 0 -1
0 1 0 30.2 54.0 1 -1 0 -1
0 1 0 30.1 54.0 1 -1 0 -1
0 1 0 30.1 54.0 1 -1 0 -1
0 1 0 30.1 54.0 1 -1 0 -1
0 1 0 30.1 54.0 2 -1 0 -1
0 1 0 30.1 54.0 1 -1 0 -1
0 1 0 30.1 54.0 1 -1 0 -1
0 1 0 30.1 54.0 1 -1 0 -1
0 1 0 30.1 54.0 1 -1 0 -1
0 1 0 30.1 54.0 1 -1 0 -1
0 1 0 30.1 54.0 1 -1 0 -1
0 1 0 30.1 54.0 1 -1 0 -1
0 1 0 30.2 54.0 1 -1 0 -1
0 1 0 30.1 54.0 1 -1 0 -1
0 1 0 30.2 54.0 1 -1 0 -1
0 1 0 30.1 54.0 1 -1 0 -1
0 1 0 30.1 54.0 1 -1 0 -1
0 1 0 30.1 54.0 1 -1 0 -1
0 1 0 30.2 54.0 1 -1 0 -1
0 1 0 30.1 54.0 0 -1 0 -1
0 1 0 30.1 54.0 0 -1 0 -1
0 1 0 30.2 54.0 0 -1 0 -1
0 1 0 30.1 54.0 0 -1 0 -1
0 1 0 30.1 54.0 0 -1 0 -1
0 1 0 30.2 54.0 0 -1 0 -1
0 1 0 30.1 54.0 2 -1 0 -1
0 1 0 30.1 54.0 2 -1 0 -1
0 1 0 30.2 54.0 2 -1 0 -1
0 1 0 30.1 54.0 2 -1 0 -1
0 1 0 30.1 54.0 2 -1 0 -1
0 1 0 30.2 54.0 2 -1 0 -1
0 1 0 30.1 54.0 1 -1 0 -1
0 1 0 30.2 54.0 1 -1 0 -1
0 1 0 30.2 54.0 1 -1 0 -1
0 1 0 30.2 54.0 1 -1 0 -1
0 1 0 30.2 54.0 1 -1 0 -1
0 1 0 30.2 54.0 1 -1 0 -1
0 1 0 30.1 54.0 2 -1 0 -1
0 1 0 30.2 53.5 2 -1 0 -1
0 1 0 30.2 54.0 1 -1 0 -1
0 1 0 30.2 53.5 1 -1 0 -1
0 1 0 30.1 53.5 1 -1 0 -1
0 1 0 30.2 53.5 1 -1 0 -1
0 1 0 30.2 54.0 1 -1 0 -1
0 1 0 30.2 53.5 2 -1 0 -1
0 1 0 30.2 53.5 2 -1 0 -1
0 1 0 30.1 53.5 2 -1 0 -1
0 1 0 30.3 53.5 4 -1 0 -1
0 1 0 30.2 53.5 4 -1 0 -1
0 1 0 30.2 53.5 2 -1 0 -1
0 1 0 30.2 53.5 4 -1 0 -1
0 1 0 30.2 53.5 6 -1 0 -1
0 1 0 30.2 53.5 6 -1 0 -1
0 1 0 30.3 53.5 4 -1 0 -1
0 1 0 30.2 53.5 2 -1 0 -1
0 1 0 30.2 53.5 2 -1 0 -1
0 1 0 30.2 53.5 4 -1 0 -1
0 1 0 30.3 53.5 2 -1 0 -1
0 1 0 30.2 53.5 2 -1 0 -1
0 1 0 30.2 53.5 1 -1 0 -1
0 1 0 30.3 53.5 1 -1 0 -1
0 1 0 30.2 53.5 1 -1 0 -1
0 1 0 30.2 53.5 2 -1 0 -1
0 1 0 30.2 53.5 2 -1 0 -1
0 1 0 30.3 53.5 2 -1 0 -1
0 1 0 30.3 53.5 2 -1 0 -1
0 1 0 30.2 53.5 2 -1 0 -1
0 1 0 30.3 53.5 2 -1 0 -1
0 1 0 30.3 53.5 2 -1 0 -1
0 1 0 30.2 53.5 2 -1 0 -1
0 1 0 30.3 53.5 2 -1 0 -1
0 1 0 30.3 53.5 2 -1 0 -1
0 1 0 30.2 53.5 1 -1 0 -1
0 1 0 30.3 53.5 1 -1 0 -1
0 1 0 30.3 53.5 2 -1 0 -1
0 1 0 30.3 53.5 2 -1 0 -1
0 1 0 30.2 53.5 2 -1 0 -1
0 1 0 30.2 53.5 2 -1 0 -1
0 1 0 30.3 53.5 4 -1 0 -1
0 1 0 30.3 53.5 4 -1 0 -1
0 1 0 30.2 53.5 2 -1 0 -1
0 1 0 30.2 53.5 2 -1 0 -1
0 1 0 30.2 53.0 4 -1 0 -1
0 1 0 30.3 53.5 3 -1 0 -1
0 1 0 30.3 53.0 5 -1 0 -1
0 1 0 30.3 53.0 7 -1 0 -1
0 1 0 30.3 53.0 7 -1 0 -1
0 1 0 30.3 53.5 7 -1 0 -1
0 1 0 30.3 53.0 5 -1 0 -1
0 1 0 30.3 53.0 7 -1 0 -1
0 1 0 30.3 53.0 5 -1 0 -1
0 1 0 30.3 53.0 5 -1 0 -1
0 1 0 30.3 53.0 5 -1 0 -1
0 1 0 30.3 53.0 5 -1 0 -1
0 1 0 30.3 53.0 7 -1 0 -1
0 1 0 30.3 53.0 9 -1 0 -1
0 1 0 30.3 53.0 9 -1 0 -1
0 1 0 30.3 53.0 19 -1 0 -1
0 1 0 30.3 53.0 18 -1 0 -1
0 1 0 30.3 53.0 18 -1 0 -1
0 1 0 30.3 53.0 21 -1 0 -1
0 1 0 30.2 53.0 23 -1 0 -1
0 1 0 30.3 53.0 16 -1 0 -1
0 1 0 30.3 53.0 14 -1 0 -1
0 1 0 30.3 53.0 17 -1 0 -1
0 1 0 30.4 53.0 19 -1 0 -1
0 1 0 30.3 53.0 12 -1 0 -1
0 1 0 30.3 53.0 10 -1 0 -1
0 1 0 30.3 53.0 16 -1 0 -1
0 1 0 30.3 53.0 33 -1 0 -1
0 1 0 30.4 53.0 45 -1 0 -1
0 1 0 30.4 53.0 25 -1 0 -1
0 1 0 30.4 53.0 19 -1 0 -1
0 1 0 30.4 53.0 19 -1 0 -1
0 1 0 30.3 53.0 19 -1 0 -1
0 1 0 30.3 53.0 21 -1 0 -1
0 1 0 30.4 53.0 17 -1 0 -1
0 1 0 30.4 53.0 14 -1 0 -1
0 1 0 30.4 52.5 14 -1 0 -1
0 1 0 30.4 52.5 14 -1 0 -1
0 1 0 30.4 52.5 14 -1 0 -1
0 1 0 30.4 52.5 14 -1 0 -1
0 1 0 30.4 52.5 14 -1 0 -1
0 1 0 30.3 52.5 14 -1 0 -1
0 1 0 30.3 52.5 14 -1 0 -1
0 1 0 30.4 52.5 12 -1 0 -1
0 1 0 30.4 52.5 10 -1 0 -1
0 1 0 30.4 52.5 10 -1 0 -1
0 1 0 30.4 52.5 12 -1 0 -1
0 1 0 30.4 52.5 14 -1 0 -1
0 1 0 30.4 52.5 16 -1 0 -1
0 1 0 30.4 52.5 18 -1 0 -1
0 1 0 30.4 52.5 19 -1 0 -1
0 1 0 30.4 52.5 21 -1 0 -1
0 1 0 30.4 52.5 18 -1 0 -1
0 1 0 30.4 52.5 18 -1 0 -1
0 1 0 30.4 52.5 16 -1 0 -1
0 1 0 30.5 52.5 16 -1 0 -1
0 1 0 30.4 52.5 18 -1 0 -1
0 1 0 30.4 52.5 16 -1 0 -1
0 1 0 30.4 52.5 16 -1 0 -1
0 1 0 30.4 52.5 18 -1 0 -1
0 1 0 30.4 52.5 14 -1 0 -1
0 1 0 30.4 52.5 18 -1 0 -1
0 1 0 30.4 52.5 18 -1 0 -1
0 1 0 30.4 52.5 18 -1 0 -1
0 1 0 30.4 52.5 23 -1 0 -1
0 1 0 30.5 52.5 25 -1 0 -1
0 1 0 30.5 52.5 28 -1 0 -1
0 1 0 30.5 52.5 31 -1 0 -1
0 1 0 30.4 52.5 26 -1 0 -1
0 1 0 30.5 52.5 21 -1 0 -1
0 1 0 30.5 52.5 19 -1 0 -1
0 1 0 30.5 52.5 17 -1 0 -1
0 1 0 30.5 52.5 17 -1 0 -1
0 1 0 30.5 52.5 15 -1 0 -1
0 1 0 30.5 52.5 14 -1 0 -1
0 1 0 30.4 52.5 12 -1 0 -1
0 1 0 30.4 52.5 14 -1 0 -1
0 1 0 30.5 52.5 14 -1 0 -1
0 1 0 30.5 52.5 12 -1 0 -1
0 1 0 30.5 52.5 10 -1 0 -1
0 1 0 30.5 52.5 9 -1 0 -1
0 1 0 30.5 52.5 9 -1 0 -1
0 1 0 30.5 52.5 7 -1 0 -1
0 1 0 30.5 52.5 9 -1 0 -1
0 1 0 30.5 52.5 9 -1 0 -1
0 1 0 30.6 52.5 9 -1 0 -1
0 1 0 30.5 52.5 9 -1 0 -1
0 1 0 30.6 52.5 9 -1 0 -1
0 1 0 30.6 52.5 11 -1 0 -1
0 1 0 30.6 52.5 7 -1 0 -1
0 1 0 30.5 52.5 9 -1 0 -1
0 1 0 30.6 52.5 13 -1 0 -1
0 1 0 30.5 52.5 14 -1 0 -1
0 1 0 30.6 52.5 14 -1 0 -1
0 1 0 30.6 52.5 16 -1 0 -1
0 1 0 30.6 52.5 19 -1 0 -1
0 1 0 30.5 52.5 23 -1 0 -1
0 1 0 30.6 52.5 25 -1 0 -1
0 1 0 30.5 52.5 28 -1 0 -1
0 1 0 30.6 52.5 28 -1 0 -1
0 1 0 30.6 52.5 30 -1 0 -1
0 1 0 30.5 52.5 28 -1 0 -1
0 1 0 30.7 52.5 31 -1 0 -1
0 1 0 30.6 52.5 30 -1 0 -1
0 1 0 30.6 52.5 28 -1 0 -1
0 1 0 30.6 52.5 26 -1 0 -1
0 1 0 30.7 52.5 28 -1 0 -1
0 1 0 30.6 52.5 25 -1 0 -1
0 1 0 30.7 52.5 23 -1 0 -1
0 1 0 30.6 52.5 19 -1 0 -1
0 1 0 30.6 52.5 15 -1 0 -1
0 1 0 30.7 52.5 16 -1 0 -1
0 1 0 30.7 52.5 14 -1 0 -1
0 1 0 30.6 52.5 14 -1 0 -1
0 1 0 30.6 52.5 16 -1 0 -1
0 1 0 30.6 52.5 12 -1 0 -1
0 1 0 30.6 52.5 12 -1 0 -1
0 1 0 30.7 52.5 10 -1 0 -1
0 1 0 30.7 52.5 10 -1 0 -1
0 1 0 30.6 52.5 10 -1 0 -1
0 1 0 30.7 52.5 10 -1 0 -1
0 1 0 30.6 52.5 11 -1 0 -1
0 1 0 30.6 52.5 11 -1 0 -1
0 1 0 30.6 52.5 11 -1 0 -1
0 1 0 30.7 52.5 10 -1 0 -1
0 1 0 30.6 52.5 14 -1 0 -1
0 1 0 30.6 52.5 17 -1 0 -1
0 1 0 30.7 52.5 16 -1 0 -1
0 1 0 30.6 52.5 12 -1 0 -1
0 1 0 30.7 53.0 17 -1 0 -1
0 1 0 30.6 53.0 19 -1 0 -1
0 1 0 30.6 52.5 22 -1 0 -1
0 1 0 30.6 52.5 34 -1 0 -1
0 1 0 30.6 52.5 16 -1 0 -1
0 1 0 30.7 52.5 10 -1 0 -1
0 1 0 30.6 52.5 12 -1 0 -1
0 1 0 30.6 53.0 10 -1 0 -1
0 1 0 30.6 53.0 10 -1 0 -1
0 1 0 30.6 53.0 12 -1 0 -1
0 1 0 30.6 52.5 10 -1 0 -1
0 1 0 30.6 53.0 14 -1 0 -1
0 1 0 30.7 53.0 12 -1 0 -1
0 1 0 30.6 52.5 14 -1 0 -1
0 1 0 30.6 52.5 14 -1 0 -1
0 1 0 30.6 52.5 18 -1 0 -1
0 1 0 30.6 52.5 17 -1 0 -1
0 1 0 30.6 52.5 19 -1 0 -1
0 1 0 30.6 52.5 21 -1 0 -1
0 1 0 30.6 52.5 26 -1 0 -1
0 1 0 30.6 52.5 31 -1 0 -1
0 1 0 30.6 52.5 31 -1 0 -1
0 1 0 30.6 52.5 24 -1 0 -1
0 1 0 30.6 52.5 19 -1 0 -1
0 1 0 30.6 52.5 19 -1 0 -1
0 1 0 30.6 52.5 19 -1 0 -1
0 1 0 30.6 52.5 19 -1 0 -1
0 1 0 30.6 52.5 21 -1 0 -1
0 1 0 30.6 52.5 28 -1 0 -1
0 1 0 30.6 52.5 24 -1 0 -1
0 1 0 30.5 52.5 26 -1 0 -1
0 1 0 30.6 52.0 21 -1 0 -1
0 1 0 30.6 52.0 21 -1 0 -1
0 1 0 30.6 52.5 19 -1 0 -1
0 1 0 30.5 52.0 15 -1 0 -1
0 1 0 30.6 52.5 19 -1 0 -1
0 1 0 30.6 52.0 17 -1 0 -1
0 1 0 30.6 52.0 15 -1 0 -1
0 1 0 30.5 52.0 16 -1 0 -1
0 1 0 30.5 52.0 14 -1 0 -1
0 1 0 30.5 52.0 14 -1 0 -1
0 1 0 30.5 52.0 12 -1 0 -1
0 1 0 30.5 52.0 11 -1 0 -1
0 1 0 30.6 52.0 9 -1 0 -1
0 1 0 30.5 52.0 11 -1 0 -1
0 1 0 30.5 52.0 14 -1 0 -1
0 1 0 30.5 52.0 12 -1 0 -1
0 1 0 30.5 52.0 12 -1 0 -1
0 1 0 30.5 52.0 10 -1 0 -1
0 1 0 30.5 52.0 11 -1 0 -1
0 1 0 30.5 52.0 9 -1 0 -1
0 1 0 30.5 52.0 9 -1 0 -1
0 1 0 30.5 52.0 9 -1 0 -1
0 1 0 30.5 52.0 9 -1 0 -1
0 1 0 30.5 51.5 7 -1 0 -1
0 1 0 30.5 51.5 7 -1 0 -1
0 1 0 30.5 51.5 9 -1 0 -1
0 1 0 30.4 52.0 7 -1 0 -1
0 1 0 30.5 52.0 5 -1 0 -1
0 1 0 30.5 52.0 7 -1 0 -1
0 1 0 30.5 51.5 5 -1 0 -1
0 1 0 30.4 51.5 5 -1 0 -1
0 1 0 30.5 51.5 5 -1 0 -1
0 1 0 30.5 51.5 5 -1 0 -1
0 1 0 30.4 51.5 5 -1 0 -1
0 1 0 30.4 51.5 7 -1 0 -1
0 1 0 30.4 51.5 5 -1 0 -1
0 1 0 30.4 51.5 7 -1 0 -1
0 1 0 30.4 51.5 9 -1 0 -1
0 1 0 30.4 51.5 9 -1 0 -1
0 1 0 30.5 51.5 7 -1 0 -1
0 1 0 30.4 51.5 9 -1 0 -1
0 1 0 30.4 52.0 9 -1 0 -1
0 1 0 30.4 52.0 7 -1 0 -1
0 1 0 30.5 52.0 7 -1 0 -1
0 1 0 30.5 52.0 7 -1 0 -1
0 1 0 30.5 52.0 7 -1 0 -1
0 1 0 30.5 52.0 7 -1 0 -1
0 1 0 30.5 52.0 7 -1 0 -1
0 1 0 30.5 52.5 9 -1 0 -1
0 1 0 30.4 52.0 9 -1 0 -1
0 1 0 30.5 52.0 9 -1 0 -1
0 1 0 30.4 52.0 7 -1 0 -1
0 1 0 30.4 52.0 11 -1 0 -1
0 1 0 30.4 52.0 11 -1 0 -1
0 1 0 30.4 52.0 11 -1 0 -1
0 1 0 30.4 52.0 10 -1 0 -1
0 1 0 30.4 52.0 12 -1 0 -1
0 1 0 30.4 52.0 14 -1 0 -1
0 1 0 30.4 52.0 12 -1 0 -1
0 1 0 30.4 52.0 12 -1 0 -1
0 1 0 30.4 52.0 12 -1 0 -1
0 1 0 30.3 52.0 14 -1 0 -1
0 1 0 30.4 52.0 16 -1 0 -1
0 1 0 30.3 52.0 16 -1 0 -1
0 1 0 30.4 52.0 19 -1 0 -1
0 1 0 30.4 52.0 23 -1 0 -1
0 1 0 30.4 51.5 26 -1 0 -1
0 1 0 30.3 51.5 26 -1 0 -1
0 1 0 30.3 51.5 33 -1 0 -1
0 1 0 30.3 51.5 31 -1 0 -1
0 1 0 30.4 51.5 26 -1 0 -1
0 1 0 30.3 51.5 28 -1 0 -1
0 1 0 30.3 51.5 27 -1 0 -1
0 1 0 30.3 51.5 26 -1 0 -1
0 1 0 30.3 51.5 24 -1 0 -1
0 1 0 30.3 51.0 21 -1 0 -1
0 1 0 30.3 51.0 17 -1 0 -1
0 1 0 30.2 51.0 17 -1 0 -1
0 1 0 30.3 51.0 17 -1 0 -1
0 1 0 30.3 50.5 19 -1 0 -1
0 1 0 30.2 50.5 16 -1 0 -1
0 1 0 30.3 50.5 12 -1 0 -1
0 1 0 30.3 50.5 12 -1 0 -1
0 1 0 30.2 50.5 16 -1 0 -1
0 1 0 30.3 50.5 14 -1 0 -1
0 1 0 30.2 50.0 12 -1 0 -1
0 1 0 30.2 50.5 10 -1 0 -1
0 1 0 30.3 50.0 10 -1 0 -1
0 1 0 30.1 50.0 11 -1 0 -1
0 1 0 30.2 50.0 11 -1 0 -1
0 1 0 30.2 50.0 11 -1 0 -1
0 1 0 30.2 50.0 10 -1 0 -1
0 1 0 30.2 50.0 14 -1 0 -1
0 1 0 30.2 50.0 14 -1 0 -1
0 1 0 30.1 50.0 16 -1 0 -1
0 1 0 30.2 50.0 14 -1 0 -1
0 1 0 30.1 50.0 16 -1 0 -1
0 1 0 30.1 49.5 14 -1 0 -1
0 1 0 30.2 49.5 14 -1 0 -1
0 1 0 30.1 49.5 14 -1 0 -1
0 1 0 30.1 49.5 16 -1 0 -1
0 1 0 30.1 49.5 15 -1 0 -1
0 1 0 30.1 49.5 18 -1 0 -1
0 1 0 30.1 49.5 15 -1 0 -1
0 1 0 30.2 49.5 17 -1 0 -1
0 1 0 30.0 49.5 17 -1 0 -1
0 1 0 30.1 50.0 19 -1 0 -1
0 1 0 30.1 50.0 21 -1 0 -1
0 1 0 30.1 50.0 21 -1 0 -1
0 1 0 30.1 50.0 19 -1 0 -1
0 1 0 30.2 50.0 19 -1 0 -1
0 1 0 30.1 50.5 19 -1 0 -1
0 1 0 30.2 50.5 21 -1 0 -1
0 1 0 30.2 50.5 23 -1 0 -1
0 1 0 30.1 50.5 26 -1 0 -1
0 1 0 30.2 50.0 26 -1 0 -1
0 1 0 30.1 50.0 30 -1 0 -1
0 1 0 30.2 50.0 29 -1 0 -1
0 1 0 30.2 50.0 34 -1 0 -1
0 1 0 30.2 50.5 36 -1 0 -1
0 1 0 30.2 50.5 35 -1 0 -1
0 1 0 30.2 50.5 28 -1 0 -1
0 1 0 30.2 50.5 26 -1 0 -1
0 1 0 30.2 50.5 26 -1 0 -1
0 1 0 30.2 50.5 24 -1 0 -1
0 1 0 30.3 50.5 21 -1 0 -1
0 1 0 30.2 50.5 21 -1 0 -1
0 1 0 30.3 50.5 19 -1 0 -1
0 1 0 30.2 50.5 21 -1 0 -1
0 1 0 30.2 50.5 19 -1 0 -1
0 1 0 30.2 50.5 19 -1 0 -1
0 1 0 30.2 50.5 19 -1 0 -1
0 1 0 30.2 51.0 21 -1 0 -1
0 1 0 30.2 51.0 17 -1 0 -1
0 1 0 30.2 50.5 19 -1 0 -1
0 1 0 30.2 50.5 19 -1 0 -1
0 1 0 30.2 50.5 19 -1 0 -1
0 1 0 30.2 50.5 19 -1 0 -1
0 1 0 30.2 50.5 17 -1 0 -1
0 1 0 30.2 50.5 21 -1 0 -1
0 1 0 30.1 50.5 21 -1 0 -1
0 1 0 30.2 50.5 19 -1 0 -1
0 1 0 30.2 50.5 19 -1 0 -1
0 1 0 30.2 51.0 21 -1 0 -1
0 1 0 30.2 51.0 21 -1 0 -1
0 1 0 30.2 51.0 24 -1 0 -1
0 1 0 30.2 51.0 26 -1 0 -1
0 1 0 30.2 50.5 28 -1 0 -1
0 1 0 30.2 50.5 22 -1 0 -1
0 1 0 30.2 50.5 24 -1 0 -1
0 1 0 30.1 50.5 24 -1 0 -1
0 1 0 30.2 50.5 27 -1 0 -1
0 1 0 30.1 50.5 24 -1 0 -1
0 1 0 30.1 50.5 21 -1 0 -1
0 1 0 30.1 50.5 21 -1 0 -1
0 1 0 30.2 50.5 21 -1 0 -1
0 1 0 30.2 50.5 21 -1 0 -1
0 1 0 30.1 50.5 24 -1 0 -1
0 1 0 30.0 50.0 21 -1 0 -1
0 1 0 30.1 50.0 21 -1 0 -1
0 1 0 30.1 50.0 17 -1 0 -1
0 1 0 30.0 50.0 17 -1 0 -1
0 1 0 30.1 50.0 15 -1 0 -1
0 1 0 30.0 49.5 15 -1 0 -1
0 1 0 30.1 49.5 15 -1 0 -1
0 1 0 30.0 49.5 13 -1 0 -1
0 1 0 30.0 49.5 15 -1 0 -1
0 1 0 30.0 49.5 13 -1 0 -1
0 1 0 30.0 49.5 17 -1 0 -1
0 1 0 30.0 49.0 16 -1 0 -1
0 1 0 30.0 49.0 14 -1 0 -1
0 1 0 30.0 49.0 10 -1 0 -1
0 1 0 30.0 49.0 10 -1 0 -1
0 1 0 30.0 49.0 8 -1 0 -1
0 1 0 30.0 48.5 9 -1 0 -1
0 1 0 30.0 49.0 9 -1 0 -1
0 1 0 30.0 48.5 9 -1 0 -1
0 1 0 29.9 48.5 7 -1 0 -1
0 1 0 30.0 48.5 11 -1 0 -1
0 1 0 30.0 48.5 11 -1 0 -1
0 1 0 30.0 48.5 9 -1 0 -1
0 1 0 29.9 48.5 7 -1 0 -1
0 1 0 30.0 48.5 7 -1 0 -1
0 1 0 30.0 48.0 7 -1 0 -1
0 1 0 30.0 48.5 9 -1 0 -1
0 1 0 29.9 48.5 9 -1 0 -1
0 1 0 29.9 48.5 11 -1 0 -1
0 1 0 30.0 48.5 7 -1 0 -1
0 1 0 29.9 48.0 9 -1 0 -1
0 1 0 29.9 48.0 9 -1 0 -1
0 1 0 29.9 48.0 11 -1 0 -1
0 1 0 30.0 48.0 11 -1 0 -1
0 1 0 30.0 48.0 11 -1 0 -1
0 1 0 29.9 48.0 11 -1 0 -1
0 1 0 29.9 48.0 11 -1 0 -1
0 1 0 29.9 48.0 11 -1 0 -1
0 1 0 30.0 48.0 13 -1 0 -1
0 1 0 29.9 48.0 12 -1 0 -1
0 1 0 29.9 48.0 14 -1 0 -1
0 1 0 29.9 48.0 16 -1 0 -1
0 1 0 29.9 48.0 14 -1 0 -1
0 1 0 29.9 48.0 16 -1 0 -1
0 1 0 30.0 48.0 16 -1 0 -1
0 1 0 30.0 48.0 14 -1 0 -1
0 1 0 30.0 48.0 14 -1 0 -1
0 1 0 30.0 48.0 16 -1 0 -1
0 1 0 29.9 48.0 17 -1 0 -1
0 1 0 29.9 48.0 19 -1 0 -1
0 1 0 29.9 48.5 21 -1 0 -1
0 1 0 29.9 48.5 19 -1 0 -1
0 1 0 30.0 48.5 19 -1 0 -1
0 1 0 30.0 48.5 21 -1 0 -1
0 1 0 29.9 49.0 19 -1 0 -1
0 1 0 30.1 49.0 23 -1 0 -1
0 1 0 30.0 49.0 22 -1 0 -1
0 1 0 30.0 49.0 23 -1 0 -1
0 1 0 30.0 49.0 21 -1 0 -1
0 1 0 30.0 49.0 19 -1 0 -1
0 1 0 30.0 49.5 21 -1 0 -1
0 1 0 30.0 49.5 19 -1 0 -1
0 1 0 30.0 49.5 19 -1 0 -1
0 1 0 30.0 49.5 17 -1 0 -1
0 1 0 30.1 49.5 21 -1 0 -1
0 1 0 30.0 49.5 19 -1 0 -1
0 1 0 30.0 49.5 17 -1 0 -1
0 1 0 30.0 49.5 17 -1 0 -1
0 1 0 30.0 49.5 19 -1 0 -1
0 1 0 30.1 49.5 19 -1 0 -1
0 1 0 30.0 49.5 21 -1 0 -1
0 1 0 30.1 49.5 17 -1 0 -1
0 1 0 30.0 49.5 17 -1 0 -1
0 1 0 30.0 49.5 19 -1 0 -1
0 1 0 30.0 49.5 19 -1 0 -1
0 1 0 30.0 49.5 19 -1 0 -1
0 1 0 30.0 49.5 17 -1 0 -1
0 1 0 30.0 49.5 17 c26 0 -1
0 1 8 30.0 49.5 15 c26 0 -1
0 1 0 30.0 49.0 0 c26 0 8
0 1 8 29.9 49.0 0 c26 0 8
0 1 0 30.0 48.5 0 c26 0 8
0 1 0 29.9 48.0 0 c26 0 8
0 1 0 29.7 47.5 0 c26 0 8
0 1 0 29.6 46.5 0 c26 0 8
0 1 0 29.4 46.0 0 c26 0 8
0 1 0 29.3 45.5 0 c26 0 8
0 1 0 29.1 45.0 0 c26 0 8
0 1 0 28.9 44.5 0 c26 0 8
0 1 0 28.9 44.0 2 c26 0 8
0 1 0 28.7 44.0 0 c26 0 8
0 1 0 28.6 43.5 0 c26 0 8
0 1 0 28.4 43.0 0 c26 0 8
0 1 0 28.3 43.0 0 c26 0 8
0 1 0 28.3 43.0 0 c26 0 8
0 1 0 28.2 42.5 0 c26 0 8
0 1 0 28.1 42.5 0 c26 0 8
0 1 0 28.1 42.5 0 c26 0 8
0 1 0 27.9 42.5 0 c26 0 8
0 1 0 27.9 42.0 0 c26 0 8
0 1 0 27.8 42.0 0 c26 0 8
0 1 0 27.8 42.0 0 c26 0 8
0 1 0 27.7 42.0 0 c26 0 8
0 1 0 27.7 42.5 2 c26 0 8
0 1 0 27.6 42.5 2 c26 0 8
0 1 0 27.5 42.5 2 c26 0 8
0 1 0 27.5 42.5 2 c26 0 8
0 1 0 27.4 42.5 0 c26 0 8
0 1 0 27.4 42.5 0 c26 0 8
0 1 0 27.4 42.5 0 c26 0 8
0 1 0 27.3 42.5 0 c26 0 8
0 1 0 27.3 42.5 0 c26 0 8
0 1 0 27.2 43.0 0 c26 0 8
0 1 0 27.2 42.5 0 c26 0 8
0 1 0 27.1 42.5 0 c26 0 8
0 1 0 27.1 43.0 0 c26 0 8
0 1 0 27.1 43.0 0 c26 0 8
0 1 0 27.0 43.0 0 c26 0 8
0 1 0 27.0 43.0 0 c26 0 8
0 1 0 27.1 43.5 2 c26 0 8
0 1 1 27.0 43.0 0 c26 0 8
0 1 5 27.0 43.5 5 c26 0 77
0 1 0 26.9 43.5 12 c26 0 77
0 1 0 26.9 43.5 12 c26 0 77
0 1 0 26.9 43.5 12 c26 0 77
0 1 0 26.9 43.5 12 c26 0 77
0 1 0 26.8 43.5 14 c26 0 77
0 1 0 26.8 43.5 14 c26 0 77
0 1 0 26.9 44.0 12 c26 0 77
0 1 0 26.8 44.0 14 c26 0 77
0 1 0 26.8 44.0 14 c26 0 77
0 1 0 26.7 44.0 15 c26 0 77
0 1 0 26.7 44.0 16 c26 0 77
0 1 0 26.7 44.0 15 c26 0 77
0 1 0 26.7 44.0 15 c26 0 77
0 1 0 26.6 44.0 14 c26 0 77
0 1 0 26.7 44.0 10 c26 0 77
0 1 0 26.6 44.0 8 c26 0 77
0 1 0 26.6 44.0 12 c26 0 77
0 1 0 26.5 44.0 10 c26 0 77
0 1 0 26.6 44.0 8 c26 0 77
0 1 0 26.6 44.5 11 c26 0 77
0 1 0 26.5 44.5 9 c26 0 77
0 1 0 26.5 44.5 9 c26 0 77
0 1 0 26.5 44.5 9 c26 0 77
0 1 0 26.5 44.5 9 c26 0 77
0 1 0 26.4 44.5 9 c26 0 77
0 1 0 26.4 44.5 7 c26 0 77
0 1 0 26.4 44.5 11 c26 0 77
0 1 0 26.4 44.5 7 c26 0 77
0 1 0 26.3 44.5 9 c26 0 77
0 1 0 26.3 44.5 9 c26 0 77
0 1 0 26.3 44.5 9 c26 0 77
0 1 0 26.3 45.0 9 c26 0 77
0 1 0 26.3 45.0 9 c26 0 77
0 1 0 26.3 45.0 10 c26 0 77
0 1 0 26.3 45.0 14 c26 0 77
0 1 0 26.3 45.0 14 c26 0 77
0 1 0 26.3 45.0 17 c26 0 77
0 1 0 26.3 45.0 12 c26 0 77
0 1 0 26.2 45.5 14 c26 0 77
0 1 0 26.3 45.5 10 c26 0 77
0 1 0 26.2 45.5 10 c26 0 77
0 1 0 26.3 45.5 10 c26 0 77
0 1 0 26.2 45.5 12 c26 0 77
0 1 0 26.2 45.5 10 c26 0 77
0 1 0 26.3 46.0 10 c26 0 77
0 1 0 26.2 46.0 10 c26 0 77
0 1 0 26.2 46.0 12 c26 0 77
0 1 0 26.1 46.0 15 c26 0 77
0 1 0 26.2 46.0 15 c26 0 77
0 1 0 26.2 45.5 15 c26 0 77
0 1 0 26.1 45.5 15 c26 0 77
0 1 0 26.1 46.0 12 c26 0 77
0 1 0 26.1 46.0 14 c26 0 77
0 1 0 26.0 46.0 14 c26 0 77
0 1 0 26.1 46.0 16 c26 0 77
0 1 0 26.0 46.0 13 c26 0 77
0 1 0 26.0 45.5 15 c26 0 77
0 1 0 26.0 46.0 17 c26 0 77
0 1 0 25.9 46.0 13 c26 0 77
0 1 0 26.0 46.0 12 c26 0 77
0 1 0 25.9 46.0 12 c26 0 77
0 1 0 26.0 46.0 11 c26 0 77
0 1 0 25.9 46.0 13 c26 0 77
0 1 0 25.9 46.0 17 c26 0 77
0 1 0 25.9 46.0 14 c26 0 77
0 1 0 25.9 46.0 15 c26 0 77
0 1 0 25.9 46.0 12 c26 0 77
0 1 0 25.9 46.0 12 c26 0 77
0 1 0 25.8 46.0 13 c26 0 77
0 1 0 25.9 46.0 12 c26 0 77
0 1 0 25.8 46.0 12 c26 0 77
0 1 0 25.8 46.0 10 c26 0 77
0 1 0 25.8 46.0 12 c26 0 77
0 1 0 25.8 46.0 14 c26 0 77
0 1 0 25.8 46.0 12 c26 0 77
0 1 0 25.7 46.5 12 c26 0 77
0 1 0 25.8 46.0 10 c26 0 77
0 1 0 25.7 46.0 12 c26 0 77
0 1 0 25.7 46.5 13 c26 0 77
0 1 0 25.7 46.5 17 c26 0 77
0 1 0 25.7 46.0 10 c26 0 77
0 1 0 25.7 46.5 13 c26 0 77
0 1 0 25.6 46.0 12 c26 0 77
0 1 0 25.7 46.5 10 c26 0 77
0 1 0 25.7 46.5 7 c26 0 77
0 1 0 25.7 47.0 11 c26 0 77
0 1 0 25.7 47.0 9 c26 0 77
0 1 0 25.7 47.0 9 c26 0 77
0 1 0 25.8 47.5 7 c26 0 77
0 1 0 25.7 47.5 7 c26 0 77
0 1 0 25.7 47.5 7 c26 0 77
0 1 0 25.7 47.5 7 c26 0 77
0 1 0 25.8 47.5 7 c26 0 77
0 1 0 25.7 48.0 7 c26 0 77
0 1 0 25.7 48.5 9 c26 0 77
0 1 0 25.7 48.5 9 c26 0 77
0 1 0 25.7 48.5 9 c26 0 77
0 1 0 25.8 49.0 7 c26 0 77
0 1 0 25.7 49.0 9 c26 0 77
0 1 0 25.7 49.0 9 c26 0 77
0 1 0 25.7 49.0 7 c26 0 77
0 1 0 25.7 49.0 7 c26 0 77
0 1 0 25.8 49.0 9 c26 0 77
0 1 0 25.7 49.0 9 c26 0 77
0 1 0 25.7 49.0 9 c26 0 77
0 1 0 25.7 49.0 7 c26 0 77
0 1 0 25.7 49.0 7 c26 0 77
0 1 0 25.7 49.0 7 c26 0 77
0 1 0 25.8 49.0 7 c26 0 77
0 1 0 25.7 49.0 9 c26 0 77
0 1 0 25.7 49.0 9 c26 0 77
0 1 0 25.7 49.0 9 c26 0 77
0 1 0 25.7 49.5 11 c26 0 77
0 1 0 25.6 49.5 7 c26 0 77
0 1 0 25.7 49.5 9 c26 0 77
0 1 0 25.7 49.5 9 c26 0 77
0 1 0 25.6 49.5 11 c26 0 77
0 1 0 25.6 49.5 9 c26 0 77
0 1 0 25.6 49.5 9 c26 0 77
0 1 0 25.6 49.5 11 c26 0 77
0 1 0 25.6 49.5 9 c26 0 77
0 1 0 25.6 49.5 7 c26 0 77
0 1 0 25.6 49.5 9 c26 0 77
0 1 0 25.7 49.5 9 c26 0 77
0 1 0 25.6 49.5 9 c26 0 77
0 1 0 25.6 49.5 9 c26 0 77
0 1 0 25.7 49.5 7 c26 0 77
0 1 0 25.6 49.5 9 c26 0 77
0 1 0 25.7 49.5 5 c26 0 77
0 1 0 25.6 49.5 7 c26 0 77
0 1 0 25.6 49.5 5 c26 0 77
0 1 0 25.6 49.5 3 c26 0 77
0 1 0 25.5 50.0 6 c26 0 77
0 1 0 25.5 50.0 6 c26 0 77
0 1 0 25.5 50.0 4 c26 0 77
0 1 0 25.5 50.0 4 c26 0 77
0 1 0 25.5 50.0 4 c26 0 77
0 1 0 25.5 50.0 4 c26 0 77
0 1 0 25.4 50.5 4 c26 0 77
0 1 0 25.5 50.0 4 c26 0 77
0 1 0 25.5 50.0 4 c26 0 77
0 1 0 25.5 50.0 2 c26 0 77
0 1 0 25.5 50.5 2 c26 0 77
0 1 0 25.5 50.5 2 c26 0 77
0 1 0 25.5 50.5 1 c26 0 77
0 1 0 25.5 50.5 4 c26 0 77
0 1 0 25.5 50.5 2 c26 0 77
0 1 0 25.4 50.5 2 c26 0 77
0 1 0 25.4 50.5 2 c26 0 77
0 1 0 25.5 50.5 1 c26 0 77
0 1 0 25.4 50.5 1 c26 0 77
0 1 0 25.4 50.5 1 c26 0 77
0 1 0 25.4 50.5 1 c26 0 77
0 1 0 25.4 50.5 2 c26 0 77
0 1 0 25.4 50.5 2 c26 0 77
0 1 0 25.4 50.5 2 c26 0 77
0 1 0 25.4 51.0 2 c26 0 77
0 1 0 25.5 51.0 2 c26 0 77
0 1 0 25.4 51.0 2 c26 0 77
0 1 0 25.4 51.0 2 c26 0 77
0 1 0 25.4 51.0 2 c26 0 77
0 1 0 25.4 51.5 2 c26 0 77
0 1 0 25.5 51.5 2 c26 0 77
0 1 0 25.4 51.5 2 c26 0 77
0 1 0 25.4 51.5 2 c26 0 77
0 1 0 25.4 51.5 4 c26 0 77
0 1 0 25.4 51.5 4 c26 0 77
0 1 0 25.3 51.0 4 c26 0 77
0 1 0 25.3 51.0 1 c26 0 77
0 1 0 25.3 51.0 1 c26 0 77
0 1 0 25.4 51.0 1 c26 0 77
0 1 0 25.3 50.5 1 c26 0 77
0 1 0 25.3 50.5 1 c26 0 77
0 1 0 25.3 50.5 1 c26 0 77
0 1 0 25.3 50.0 2 c26 0 77
0 1 0 25.1 50.0 2 c26 0 77
0 1 0 25.2 50.0 2 c26 0 77
0 1 0 25.2 49.5 2 c26 0 77
0 1 0 25.1 49.5 2 c26 0 77
0 1 0 25.1 49.5 2 c26 0 77
0 1 0 25.1 49.5 4 c26 0 77
0 1 0 25.1 49.5 4 c26 0 77
0 1 0 25.1 49.0 4 c26 0 77
0 1 0 25.0 49.0 4 c26 0 77
0 1 0 25.0 49.0 2 c26 0 77
0 1 0 24.9 49.0 4 c26 0 77
0 1 0 24.9 49.0 4 c26 0 77
0 1 0 24.9 49.0 4 c26 0 77
0 1 0 24.9 48.5 4 c26 0 77
0 1 0 24.8 49.0 4 c26 0 77
0 1 0 24.9 48.5 4 c26 0 77
0 1 0 24.9 48.5 4 c26 0 77
0 1 0 24.9 48.5 4 c26 0 77
0 1 0 24.8 48.5 4 c26 0 77
0 1 0 24.8 48.5 4 c26 0 77
0 1 0 24.9 48.5 4 c26 0 77
0 1 0 24.8 48.5 4 c26 0 77
0 1 0 24.8 48.5 4 c26 0 77
0 1 0 24.7 48.5 2 c26 0 77
0 1 0 24.7 48.5 4 c26 0 77
0 1 0 24.7 49.0 2 c26 0 77
0 1 0 24.7 48.5 2 c26 0 77
0 1 0 24.7 49.0 2 c26 0 77
0 1 0 24.7 49.0 2 c26 0 77
0 1 0 24.7 49.5 1 c26 0 77
0 1 0 24.7 49.5 1 c26 0 77
0 1 0 24.7 49.5 1 c26 0 77
0 1 0 24.7 49.5 1 c26 0 77
0 1 0 24.7 49.5 3 c26 0 77
0 1 0 24.7 49.5 2 c26 0 77
0 1 0 24.7 49.5 2 c26 0 77
0 1 0 24.7 49.5 2 c26 0 77
0 1 0 24.7 49.5 2 c26 0 77
0 1 0 24.7 49.5 2 c26 0 77
0 1 0 24.7 49.5 2 c26 0 77
0 1 0 24.7 49.5 2 c26 0 77
0 1 0 24.7 49.5 2 c26 0 77
0 1 0 24.6 49.5 2 c26 0 77
0 1 0 24.7 49.5 2 c26 0 77
0 1 0 24.6 49.5 2 c26 0 77
0 1 0 24.6 49.5 2 c26 0 77
0 1 0 24.5 49.5 2 c26 0 77
0 1 0 24.6 49.5 2 c26 0 77
0 1 0 24.6 49.5 2 c26 0 77
0 1 0 24.6 49.5 2 c26 0 77
0 1 0 24.5 49.5 0 c26 0 77
0 1 0 24.5 49.5 2 c26 0 77
0 1 0 24.5 49.5 2 c26 0 77
0 1 0 24.5 49.5 2 c26 0 77
0 1 0 24.5 49.5 2 c26 0 77
0 1 0 24.4 49.0 2 c26 0 77
0 1 0 24.4 49.5 2 c26 0 77
0 1 0 24.5 49.5 2 c26 0 77
0 1 0 24.4 49.5 2 c26 0 77
0 1 0 24.4 49.5 2 c26 0 77
0 1 0 24.4 49.5 2 c26 0 77
0 1 0 24.5 49.5 2 c26 0 77
0 1 0 24.4 49.5 2 c26 0 77
0 1 0 24.4 49.5 2 c26 0 77
0 1 0 24.4 49.5 2 c26 0 77
0 1 0 24.4 49.5 2 c26 0 77
0 1 0 24.3 49.5 2 c26 0 77
0 1 0 24.4 49.5 2 c26 0 77
0 1 0 24.4 49.5 2 c26 0 77
0 1 0 24.3 49.5 2 c26 0 77
0 1 0 24.4 49.5 2 c26 0 77
0 1 0 24.4 49.5 2 c26 0 77
0 1 0 24.4 49.5 2 c26 0 77
0 1 0 24.4 49.5 2 c26 0 77
0 1 0 24.3 49.5 0 c26 0 77
0 1 0 24.3 50.0 0 c26 0 77
0 1 0 24.3 49.5 0 c26 0 77
0 1 0 24.3 49.5 0 c26 0 77
0 1 0 24.3 49.5 0 c26 0 77
0 1 0 24.3 49.5 0 c26 0 77
0 1 0 24.3 49.5 0 c26 0 77
0 1 0 24.3 49.5 0 c26 0 77
0 1 0 24.3 49.5 0 c26 0 77
0 1 0 24.2 49.5 0 c26 0 77
0 1 0 24.2 49.5 0 c26 0 77
0 1 0 24.2 49.5 0 c26 0 77
0 1 0 24.2 49.5 0 c26 0 77
0 1 0 24.2 49.5 0 c26 0 77
0 1 0 24.1 49.5 0 c26 0 77
0 1 0 24.2 49.0 0 c26 0 77
0 1 0 24.1 49.5 0 c26 0 77
0 1 0 24.2 49.0 0 c26 0 77
0 1 0 24.2 49.0 0 c26 0 77
0 1 0 24.1 48.5 1 c26 0 77
0 1 0 24.1 48.5 1 c26 0 77
0 1 0 24.1 48.5 1 c26 0 77
0 1 0 24.0 48.5 1 c26 0 77
0 1 0 24.0 48.5 1 c26 0 77
0 1 0 24.0 48.5 1 c26 0 77
0 1 0 24.0 48.5 1 c26 0 77
0 1 0 24.0 48.5 1 c26 0 77
0 1 0 23.9 48.5 1 c26 0 77
0 1 0 23.9 48.5 1 c26 0 77
0 1 22 23.9 48.5 23 c26 6 77
0 1 15 23.9 49.0 23 c26 6 77
0 1 0 23.9 48.5 21 c26 6 77
0 1 0 23.9 48.5 21 c26 6 77
0 1 0 23.9 48.5 25 c26 6 77
0 1 1 23.9 48.5 25 c26 6 77
0 1 0 24.0 48.0 25 c26 6 77
0 1 0 23.8 48.5 25 c26 6 77
0 1 0 23.9 48.5 25 c26 6 77
0 1 0 23.9 48.5 25 c26 6 77
0 1 0 23.8 48.5 25 c26 6 77
0 1 0 23.9 48.5 25 c26 6 77
0 1 0 23.8 48.5 25 c26 6 77
0 1 0 23.8 48.5 25 c26 6 77
0 1 0 23.8 48.5 25 c26 6 77
0 1 0 23.8 48.5 25 c26 6 77
0 1 0 23.7 48.5 25 c26 6 77
0 1 0 23.8 48.5 25 c26 6 77
0 1 0 23.8 48.5 25 c26 6 77
0 1 0 23.8 48.5 25 c26 6 77
0 1 0 23.8 48.5 25 c26 6 77
0 1 0 23.8 48.5 25 c26 6 77
0 1 0 23.8 48.5 25 c26 6 77
0 1 0 23.8 48.5 23 c26 6 77
0 1 0 23.8 48.5 23 c26 6 77
0 1 1 23.7 48.5 23 c26 6 77
0 1 0 23.7 48.5 23 c26 6 77
0 1 0 23.7 48.5 23 c26 6 77
0 1 0 23.7 48.5 23 c26 6 77
0 1 0 23.7 48.5 23 c26 6 77
0 1 0 23.7 48.5 23 c26 6 77
0 1 0 23.6 48.5 23 c26 6 77
0 1 0 23.7 48.5 23 c26 6 77
0 1 0 23.7 48.5 23 c26 6 77
0 1 0 23.7 48.5 23 c26 6 77
0 1 0 23.6 48.5 23 c26 6 77
0 1 0 23.6 48.0 23 c26 6 77
0 1 0 23.6 48.0 23 c26 6 77
0 1 0 23.6 48.0 23 c26 6 77
0 1 0 23.6 48.0 23 c26 6 77
0 1 0 23.6 48.5 23 c26 6 77
0 1 0 23.6 48.0 23 c26 6 77
0 1 0 23.5 48.5 23 c26 6 77
0 1 0 23.6 48.5 23 c26 6 77
0 1 0 23.6 48.5 23 c26 6 77
0 1 0 23.6 48.5 23 c26 6 77
0 1 0 23.6 48.5 23 c26 6 77
0 1 0 23.5 48.5 23 c26 6 77
0 1 0 23.6 49.0 23 c26 6 77
0 1 0 23.6 49.5 23 c26 6 77
0 1 0 23.6 49.5 23 c26 6 77
0 1 0 23.6 50.0 23 c26 6 77
0 1 0 23.6 50.5 23 c26 6 77
0 1 0 23.7 50.5 23 c26 6 77
0 1 2 23.6 50.5 23 c26 6 77
0 1 0 23.6 50.5 23 c26 6 77
0 1 0 23.7 50.5 23 c26 6 77
0 1 0 23.7 50.5 23 c26 6 77
0 1 39 23.7 50.0 23 c26 6 77
0 1 0 23.7 50.0 23 c26 6 77
0 1 0 23.6 50.0 23 c26 6 77
0 1 0 23.6 49.5 23 c26 6 77
0 1 0 23.7 49.5 23 c26 6 77
0 1 0 23.7 49.0 23 c26 6 77
0 1 0 23.6 49.0 23 c26 6 77
0 1 0 23.6 49.0 23 c26 6 77
0 1 0 23.5 48.5 23 c26 6 77
0 1 0 23.5 48.5 23 c26 6 77
0 1 0 23.5 48.5 23 c26 6 77
0 1 0 23.5 48.0 23 c26 6 77
0 1 0 23.4 48.0 23 c26 6 77
0 1 0 23.4 48.0 23 c26 6 77
0 1 0 23.5 48.5 23 c26 6 77
0 1 0 23.4 48.0 23 c26 6 77
0 1 0 23.5 48.0 23 c26 6 77
0 1 0 23.5 48.0 23 c26 6 77
0 1 0 23.4 48.0 23 c26 6 77
0 1 0 23.4 48.0 23 c26 6 77
0 1 9 23.4 48.5 23 c26 6 77
0 1 0 23.4 48.5 23 c26 6 77
0 1 0 23.4 48.5 23 c26 6 77
0 1 0 23.4 48.5 23 c26 6 77
0 1 0 23.5 49.0 23 c26 6 77
0 1 0 23.4 49.0 23 c26 6 77
0 1 0 23.4 49.0 23 c26 6 77
0 1 0 23.5 49.0 23 c26 6 77
0 1 0 23.4 49.0 23 c26 6 77
0 1 0 23.4 49.0 23 c26 6 77
0 1 0 23.4 49.5 23 c26 6 77
0 1 0 23.5 49.5 23 c26 6 77
0 1 0 23.4 49.0 23 c26 6 77
0 1 0 23.5 49.0 23 c26 6 77
0 1 9 23.4 49.5 23 c26 6 77
0 1 3 23.4 49.5 23 c26 6 77
0 1 0 23.5 49.5 23 c26 6 77
0 1 0 23.4 50.0 23 c26 6 77
0 1 0 23.6 50.5 23 c26 6 77
0 1 0 23.6 50.5 23 c26 6 77
0 1 0 23.6 51.0 23 c26 6 77
0 1 0 23.7 51.5 23 c26 6 77
0 1 0 23.6 52.0 23 c26 6 77
0 1 0 23.7 52.5 23 c26 6 77
0 1 0 23.7 53.0 23 -1 6 77
0 1 14 23.7 53.0 23 -1 6 77
0 1 0 23.7 53.0 23 -1 6 77
0 1 0 23.8 53.0 23 -1 6 77
0 1 0 23.8 53.0 23 -1 6 77
0 1 0 23.9 53.0 23 -1 6 77
0 1 0 24.1 53.0 23 -1 6 77
0 1 0 24.1 53.0 23 -1 6 77
0 1 0 24.2 53.0 23 -1 6 77
0 1 0 24.2 53.0 23 -1 6 77
0 1 0 24.3 53.0 23 -1 6 77
0 1 0 24.3 54.0 23 -1 6 77
0 1 0 24.4 54.5 23 -1 6 77
0 1 0 24.5 55.0 23 -1 6 77
0 1 0 24.5 55.0 23 -1 6 77
0 1 0 24.6 55.0 23 -1 6 77
0 1 0 24.7 55.0 23 -1 6 77
0 1 0 24.7 54.5 23 -1 6 77
0 1 0 24.8 54.5 23 -1 6 77
0 1 0 24.8 54.5 23 -1 6 77
0 1 0 24.9 54.5 23 -1 6 77
0 1 0 24.9 54.5 23 -1 6 77
0 1 0 25.0 54.5 23 -1 6 77
0 1 2 25.0 54.5 23 -1 6 77
0 1 0 25.1 54.5 23 -1 6 77
0 1 0 25.1 54.5 23 -1 6 77
0 1 0 25.2 55.0 23 -1 6 77
0 1 0 25.2 55.0 23 -1 6 77
0 1 0 25.3 55.0 23 -1 6 77
0 1 36 25.3 55.0 23 -1 6 77
0 1 0 25.3 55.0 23 -1 6 77
0 1 0 25.3 55.0 23 -1 6 77
0 1 0 25.4 55.0 23 -1 6 77
0 1 0 25.5 55.0 23 -1 6 77
0 1 0 25.5 55.0 23 -1 6 77
0 1 0 25.6 55.0 23 -1 6 77
0 1 0 25.6 55.0 23 -1 6 77
0 1 0 25.6 55.5 23 -1 6 77
0 1 0 25.6 55.5 23 -1 6 77
0 1 0 25.7 55.5 23 -1 6 77
0 1 0 25.7 55.5 23 -1 6 77
0 1 0 25.7 55.5 23 -1 6 77
0 1 0 25.8 55.5 23 -1 6 77
0 1 0 25.9 55.0 23 -1 6 77
0 1 0 25.9 55.5 23 -1 6 77
0 1 0 25.9 55.5 23 -1 6 77
0 1 0 26.0 55.5 23 -1 6 77
0 1 0 26.0 55.0 23 -1 6 77
0 1 0 26.1 55.5 23 -1 6 77
0 1 0 26.0 55.5 23 -1 6 77
0 1 0 26.1 55.5 23 -1 6 77
0 1 0 26.1 55.5 23 -1 6 77
0 1 0 26.2 55.5 23 -1 6 77
0 1 16 26.2 55.5 23 -1 6 77
0 1 0 26.2 55.5 23 -1 6 77
0 1 0 26.3 56.0 23 -1 6 77
0 1 0 26.3 56.0 23 -1 6 77
0 1 0 26.3 56.0 23 -1 6 77
0 1 0 26.3 56.0 23 -1 6 77
0 1 0 26.3 56.5 23 -1 6 77
0 1 6 26.3 56.5 23 -1 6 77
0 1 0 26.4 56.0 23 -1 6 77
0 1 0 26.4 56.0 23 -1 6 77
0 1 1 26.5 55.5 23 -1 6 77
0 1 0 26.4 56.0 23 -1 6 77
0 1 0 26.5 56.0 23 -1 6 77
0 1 0 26.5 56.0 23 -1 6 77
0 1 0 26.6 55.5 23 -1 6 77
0 1 0 26.6 55.5 23 -1 6 77
0 1 0 26.6 55.5 23 -1 6 77
0 1 0 26.6 55.5 23 -1 6 77
0 1 0 26.7 56.0 23 -1 6 77
0 1 0 26.7 56.0 23 -1 6 77
0 1 0 26.7 56.0 23 -1 6 77
0 1 0 26.7 55.5 23 -1 6 77
0 1 0 26.8 55.5 23 -1 6 77
0 1 0 26.8 55.5 23 -1 6 77
0 1 0 26.8 55.5 23 -1 6 77
0 1 0 26.9 56.0 23 -1 6 77
0 1 0 26.8 56.0 23 -1 6 77
0 1 0 26.9 55.5 23 -1 6 77
0 1 0 26.9 55.5 23 -1 6 77
0 1 0 27.0 55.5 23 -1 6 77
0 1 1 26.9 55.5 23 -1 6 77
0 1 0 27.0 56.0 23 -1 6 77
0 1 0 27.0 56.0 23 -1 6 77
0 1 0 27.0 55.5 23 -1 6 77
0 1 0 27.0 56.0 23 -1 6 77
0 1 0 27.1 55.5 23 -1 6 77
0 1 0 27.0 55.5 23 -1 6 77
0 1 0 27.1 55.5 23 -1 6 77
0 1 0 27.1 55.5 23 -1 6 77
0 1 0 27.1 55.5 23 -1 6 77
0 1 0 27.2 55.5 23 -1 6 77
0 1 0 27.1 55.5 23 -1 6 77
0 1 0 27.2 55.5 23 -1 6 77
0 1 0 27.2 55.0 23 -1 6 77
0 1 0 27.2 55.5 23 -1 6 77
0 1 0 27.2 55.5 23 -1 6 77
0 1 0 27.3 55.5 23 -1 6 77
0 1 0 27.3 55.5 23 -1 6 77
0 1 0 27.3 55.5 23 -1 6 77
0 1 0 27.2 55.5 23 -1 6 77
0 1 0 27.4 55.5 23 -1 6 77
0 1 0 27.4 55.5 23 -1 6 77
0 1 0 27.4 55.5 23 -1 6 77
0 1 0 27.4 55.5 23 -1 6 77
0 1 0 27.4 55.5 23 -1 6 77
0 1 8 27.4 55.5 23 -1 6 77
0 1 12 27.5 55.5 2 -1 0 77
0 1 0 27.5 55.5 2 -1 0 77
0 1 0 27.5 55.5 2 -1 0 77
0 1 0 27.5 55.0 2 -1 0 77
0 1 0 27.5 55.0 2 -1 0 77
0 1 0 27.5 55.0 2 -1 0 77
0 1 0 27.5 55.0 2 -1 0 77
0 1 0 27.5 55.0 2 -1 0 77
0 1 0 27.5 55.0 2 -1 0 77
0 1 0 27.6 55.0 2 -1 0 77
0 1 0 27.5 55.0 2 -1 0 77
0 1 0 27.6 55.0 2 -1 0 77
0 1 0 27.6 55.0 2 -1 0 77
0 1 0 27.6 55.0 2 -1 0 77
0 1 0 27.6 55.0 2 -1 0 77
0 1 0 27.5 55.0 2 -1 0 77
0 1 0 27.6 55.0 2 -1 0 77
0 1 0 27.6 54.5 2 -1 0 77
0 1 0 27.6 54.5 2 -1 0 77
0 1 0 27.6 54.5 2 -1 0 77
0 1 0 27.6 54.5 2 -1 0 77
0 1 0 27.7 54.5 2 -1 0 77
0 1 0 27.7 54.5 2 -1 0 77
0 1 0 27.7 54.5 2 -1 0 77
0 1 0 27.7 54.5 2 -1 0 77
0 1 0 27.6 54.5 2 -1 0 77
0 1 0 27.7 54.5 2 -1 0 77
0 1 0 27.7 54.5 2 -1 0 77
0 1 0 27.7 54.0 2 -1 0 77
0 1 0 27.7 54.0 2 -1 0 77
0 1 0 27.7 54.5 2 -1 0 77
0 1 0 27.7 54.0 2 -1 0 77
0 1 0 27.8 54.0 2 -1 0 77
0 1 0 27.7 54.0 2 -1 0 77
0 1 0 27.8 54.0 2 -1 0 77
0 1 0 27.9 54.5 2 -1 0 77
0 1 0 27.8 54.0 2 -1 0 77
0 1 0 27.8 54.0 2 -1 0 77
0 1 0 27.8 54.0 2 -1 0 77
0 1 0 27.9 54.0 2 -1 0 77
0 1 0 27.8 54.0 2 -1 0 77
0 1 0 27.9 54.0 2 -1 0 77
0 1 0 27.8 54.0 2 -1 0 77
0 1 0 27.9 54.0 2 -1 0 77
0 1 0 27.8 54.0 2 -1 0 77
0 1 0 27.9 54.0 2 -1 0 77
0 1 0 28.0 54.0 2 -1 0 77
0 1 0 27.9 54.0 2 -1 0 77
0 1 0 27.9 54.0 2 -1 0 77
0 1 0 27.9 54.0 2 -1 0 77
0 1 0 27.9 54.0 2 -1 0 77
0 1 0 28.0 54.0 2 -1 0 77
0 1 0 28.0 54.0 2 -1 0 77
0 1 0 28.1 54.0 2 -1 0 77
0 1 0 28.0 54.0 2 -1 0 77
0 1 0 28.1 54.0 2 -1 0 77
0 1 0 28.0 54.0 2 -1 0 77
0 1 0 28.0 54.0 2 -1 0 77
0 1 0 28.1 54.0 2 -1 0 77
0 1 0 28.1 54.0 2 -1 0 77
0 1 0 28.1 54.0 2 -1 0 77
0 1 0 28.1 54.0 2 -1 0 77
0 1 0 28.1 54.0 2 -1 0 77
0 1 0 28.1 54.0 2 -1 0 77
0 1 0 28.2 54.0 2 -1 0 77
0 1 0 28.1 54.0 2 -1 0 77
0 1 0 28.2 54.0 2 -1 0 77
0 1 0 28.1 54.0 2 -1 0 77
0 1 0 28.2 54.0 2 -1 0 77
0 1 0 28.1 54.0 2 -1 0 77
0 1 0 28.2 54.0 2 -1 0 77
0 1 0 28.3 54.0 2 -1 0 77
0 1 0 28.2 54.0 2 -1 0 77
0 1 0 28.2 54.0 2 -1 0 77
0 1 0 28.2 54.0 2 -1 0 77
0 1 0 28.3 54.0 2 -1 0 77
0 1 0 28.2 54.0 2 -1 0 77
0 1 0 28.2 54.0 2 -1 0 77
0 1 0 28.2 54.0 2 -1 0 77
0 1 0 28.3 54.0 2 -1 0 77
0 1 0 28.3 54.0 2 -1 0 77
0 1 0 28.3 53.5 2 -1 0 77
0 1 0 28.3 53.5 2 -1 0 77
0 1 0 28.4 54.0 2 -1 0 77
0 1 0 28.3 54.0 2 -1 0 77
0 1 0 28.3 54.0 2 -1 0 77
0 1 0 28.3 54.0 2 -1 0 77
0 1 0 28.3 54.0 2 -1 0 77
0 1 0 28.2 54.0 2 -1 0 77
0 1 0 28.3 54.0 2 -1 0 77
0 1 0 28.3 54.0 2 -1 0 77
0 1 0 28.4 54.0 2 -1 0 77
0 1 0 28.4 54.0 2 -1 0 77
0 1 0 28.4 54.0 2 -1 0 77
0 1 0 28.4 54.0 2 -1 0 77
0 1 0 28.4 54.0 2 -1 0 77
0 1 0 28.4 54.0 2 -1 0 77
0 1 0 28.5 54.0 2 -1 0 77
0 1 0 28.4 54.0 2 -1 0 77
0 1 0 28.4 54.0 2 -1 0 77
0 1 0 28.5 54.0 2 -1 0 77
0 1 0 28.4 54.0 2 -1 0 77
0 1 0 28.6 54.0 2 -1 0 77
0 1 0 28.4 54.0 2 -1 0 77
0 1 0 28.5 54.0 2 -1 0 77
0 1 0 28.5 54.0 2 -1 0 77
0 1 0 28.5 54.0 2 -1 0 77
0 1 0 28.6 54.0 2 -1 0 77
0 1 0 28.5 54.0 2 -1 0 77
0 1 0 28.6 54.0 2 -1 0 77
0 1 0 28.5 54.0 2 -1 0 77
0 1 0 28.6 54.0 2 -1 0 77
0 1 0 28.6 54.0 2 -1 0 77
0 1 0 28.6 54.0 2 -1 0 77
0 1 0 28.6 54.0 2 -1 0 77
0 1 0 28.6 54.0 2 -1 0 77
0 1 0 28.6 54.0 2 -1 0 77
0 1 0 28.6 54.0 2 -1 0 77
0 1 0 28.6 54.0 2 -1 0 77
0 1 0 28.7 54.0 2 -1 0 77
0 1 0 28.6 54.0 2 -1 0 77
