1 1 0 24.5 78.0 2 -1 0 -1
1 1 0 24.6 78.0 2 -1 0 -1
1 1 0 24.6 78.0 2 -1 0 -1
1 1 0 24.6 78.0 2 -1 0 -1
1 1 0 24.6 78.0 2 -1 0 -1
1 1 0 24.6 78.0 2 -1 0 -1
1 1 0 24.6 78.0 2 -1 0 -1
1 1 0 24.6 78.0 2 -1 0 -1
1 1 0 24.6 78.0 2 -1 0 -1
1 1 0 24.6 78.0 2 -1 0 -1
1 1 0 24.5 78.0 2 -1 0 -1
1 1 0 24.6 78.0 2 -1 0 -1
1 1 0 24.6 78.0 2 -1 0 -1
1 1 0 24.6 78.0 2 -1 0 -1
1 1 0 24.5 78.0 2 -1 0 -1
1 1 0 24.6 78.0 2 -1 0 -1
1 1 0 24.5 78.0 2 -1 0 -1
1 1 0 24.6 78.0 2 -1 0 -1
1 1 0 24.6 77.5 2 -1 0 -1
1 1 0 24.6 78.0 2 -1 0 -1
1 1 0 24.6 78.0 2 -1 0 -1
1 1 0 24.6 78.0 2 -1 0 -1
1 1 0 24.6 78.0 2 -1 0 -1
1 1 0 24.6 78.0 2 -1 0 -1
1 1 0 24.6 77.5 2 -1 0 -1
1 1 0 24.6 78.0 2 -1 0 -1
1 1 0 24.6 78.0 2 -1 0 -1
1 1 0 24.6 78.0 2 -1 0 -1
1 1 0 24.5 77.5 2 -1 0 -1
1 1 0 24.6 77.5 2 -1 0 -1
1 1 0 24.5 77.5 2 -1 0 -1
1 1 0 24.6 77.5 2 -1 0 -1
1 1 0 24.6 77.5 2 -1 0 -1
1 1 0 24.6 77.5 2 -1 0 -1
1 1 0 24.6 77.5 2 -1 0 -1
1 1 0 24.6 77.5 2 -1 0 -1
1 1 0 24.5 77.5 2 -1 0 -1
1 1 0 24.6 77.5 2 -1 0 -1
1 1 0 24.5 77.5 2 -1 0 -1
1 1 0 24.5 77.5 2 -1 0 -1
1 1 0 24.5 77.5 2 -1 0 -1
1 1 0 24.6 77.5 2 -1 0 -1
1 1 0 24.5 77.5 2 -1 0 -1
1 1 0 24.6 77.5 2 -1 0 -1
1 1 0 24.5 77.5 2 -1 0 -1
1 1 0 24.6 77.5 2 -1 0 -1
1 1 0 24.6 77.5 2 -1 0 -1
1 1 0 24.6 77.5 2 -1 0 -1
1 1 0 24.6 77.5 2 -1 0 -1
1 1 0 24.6 77.5 2 -1 0 -1
1 1 0 24.6 77.5 2 -1 0 -1
1 1 0 24.6 77.5 2 -1 0 -1
1 1 0 24.6 77.5 2 -1 0 -1
1 1 0 24.5 77.5 2 -1 0 -1
1 1 0 24.6 77.5 2 -1 0 -1
1 1 0 24.6 77.5 2 -1 0 -1
1 1 0 24.5 77.5 2 -1 0 -1
1 1 0 24.6 77.5 2 -1 0 -1
1 1 0 24.6 77.5 2 -1 0 -1
1 1 0 24.6 77.5 2 -1 0 -1
1 1 0 24.6 77.5 2 -1 0 -1
1 1 0 24.5 77.5 2 -1 0 -1
1 1 0 24.6 77.5 2 -1 0 -1
1 1 0 24.6 77.5 2 -1 0 -1
1 1 0 24.6 77.5 2 -1 0 -1
1 1 0 24.6 77.5 2 -1 0 -1
1 1 0 24.6 77.5 2 -1 0 -1
1 1 0 24.6 77.5 2 -1 0 -1
1 1 0 24.5 77.5 2 -1 0 -1
1 1 0 24.6 77.5 2 -1 0 -1
1 1 0 24.6 77.5 2 -1 0 -1
1 1 0 24.6 77.5 2 -1 0 -1
1 1 0 24.6 77.5 2 -1 0 -1
1 1 0 24.6 77.5 2 -1 0 -1
1 1 0 24.6 77.5 2 -1 0 -1
1 1 0 24.6 77.5 2 -1 0 -1
1 1 0 24.5 77.5 2 -1 0 -1
1 1 0 24.6 77.5 2 -1 0 -1
1 1 0 24.6 77.5 2 -1 0 -1
1 1 0 24.5 77.5 2 -1 0 -1
1 1 0 24.6 77.5 2 -1 0 -1
1 1 0 24.5 77.5 2 -1 0 -1
1 1 0 24.6 77.5 2 -1 0 -1
1 1 0 24.6 77.5 2 -1 0 -1
1 1 0 24.6 77.5 2 -1 0 -1
1 1 0 24.6 77.5 2 -1 0 -1
1 1 0 24.6 77.5 2 -1 0 -1
1 1 0 24.5 77.5 2 -1 0 -1
1 1 0 24.5 77.5 2 -1 0 -1
1 1 0 24.6 77.5 2 -1 0 -1
1 1 0 24.5 77.5 2 -1 0 -1
1 1 0 24.5 77.5 2 -1 0 -1
1 1 0 24.6 77.5 2 -1 0 -1
1 1 0 24.6 77.5 2 -1 0 -1
1 1 0 24.6 77.5 2 -1 0 -1
1 1 0 24.5 77.5 2 -1 0 -1
1 1 0 24.5 77.5 2 -1 0 -1
1 1 0 24.6 77.5 2 -1 0 -1
1 1 0 24.6 77.5 2 -1 0 -1
1 1 0 24.6 77.5 2 -1 0 -1
1 1 0 24.6 77.5 2 -1 0 -1
1 1 0 24.6 77.5 2 -1 0 -1
1 1 0 24.6 77.5 2 -1 0 -1
1 1 0 24.6 77.5 2 -1 0 -1
1 1 0 24.5 77.5 2 -1 0 -1
1 1 0 24.5 77.5 2 -1 0 -1
1 1 0 24.6 77.5 2 -1 0 -1
1 1 0 24.6 77.5 2 -1 0 -1
1 1 0 24.5 77.5 2 -1 0 -1
1 1 0 24.6 77.5 2 -1 0 -1
1 1 0 24.6 77.5 2 -1 0 -1
1 1 0 24.6 77.5 2 -1 0 -1
1 1 0 24.5 77.5 2 -1 0 -1
1 1 0 24.6 77.5 2 -1 0 -1
1 1 0 24.6 77.5 2 -1 0 -1
1 1 0 24.6 77.5 2 -1 0 -1
1 1 0 24.6 77.5 2 -1 0 -1
1 1 0 24.5 77.5 2 -1 0 -1
1 1 0 24.6 77.5 2 -1 0 -1
1 1 0 24.6 77.5 2 -1 0 -1
1 1 0 24.6 77.5 2 -1 0 -1
1 1 0 24.6 77.5 2 -1 0 -1
1 1 0 24.6 77.5 2 -1 0 -1
1 1 0 24.6 77.5 2 -1 0 -1
1 1 0 24.6 77.5 2 -1 0 -1
1 1 0 24.6 77.5 2 -1 0 -1
1 1 0 24.6 77.5 2 -1 0 -1
1 1 0 24.5 77.5 2 -1 0 -1
1 1 0 24.6 77.5 2 -1 0 -1
1 1 0 24.6 77.5 2 -1 0 -1
1 1 0 24.6 77.5 2 -1 0 -1
1 1 0 24.6 77.5 2 -1 0 -1
1 1 0 24.6 77.5 2 -1 0 -1
1 1 0 24.6 77.5 2 -1 0 -1
1 1 0 24.6 77.5 2 -1 0 -1
1 1 0 24.6 77.5 2 -1 0 -1
1 1 0 24.6 77.5 2 -1 0 -1
1 1 0 24.6 77.5 2 -1 0 -1
1 1 0 24.6 77.5 2 -1 0 -1
1 1 0 24.6 77.5 2 -1 0 -1
1 1 0 24.6 77.5 2 -1 0 -1
1 1 0 24.5 77.5 2 -1 0 -1
1 1 0 24.6 77.5 2 -1 0 -1
1 1 0 24.5 77.5 2 -1 0 -1
1 1 0 24.6 77.5 2 -1 0 -1
1 1 0 24.6 77.5 2 -1 0 -1
1 1 0 24.6 77.5 2 -1 0 -1
1 1 0 24.5 77.5 2 -1 0 -1
1 1 0 24.5 77.5 2 -1 0 -1
1 1 0 24.6 77.5 2 -1 0 -1
1 1 0 24.5 77.5 2 -1 0 -1
1 1 0 24.5 77.5 2 -1 0 -1
1 1 0 24.5 77.5 2 -1 0 -1
1 1 0 24.5 77.5 2 -1 0 -1
1 1 0 24.6 77.5 2 -1 0 -1
1 1 0 24.6 77.5 2 -1 0 -1
1 1 0 24.6 77.5 2 -1 0 -1
1 1 0 24.6 77.5 2 -1 0 -1
1 1 0 24.6 77.5 2 -1 0 -1
1 1 0 24.5 77.5 2 -1 0 -1
1 1 0 24.6 77.5 2 -1 0 -1
1 1 0 24.6 77.5 2 -1 0 -1
1 1 0 24.6 77.5 2 -1 0 -1
1 1 0 24.5 77.5 2 -1 0 -1
1 1 0 24.6 77.5 2 -1 0 -1
1 1 0 24.6 77.5 2 -1 0 -1
1 1 0 24.6 77.5 2 -1 0 -1
1 1 0 24.5 77.5 2 -1 0 -1
1 1 0 24.6 77.5 2 -1 0 -1
1 1 0 24.6 77.5 2 -1 0 -1
1 1 0 24.6 77.5 2 -1 0 -1
1 1 0 24.6 77.5 2 -1 0 -1
1 1 0 24.6 77.5 2 -1 0 -1
1 1 0 24.5 77.5 2 -1 0 -1
1 1 0 24.5 77.5 2 -1 0 -1
1 1 0 24.5 77.5 2 -1 0 -1
1 1 0 24.6 77.5 2 -1 0 -1
1 1 0 24.6 77.5 2 -1 0 -1
1 1 0 24.6 77.5 2 -1 0 -1
1 1 0 24.6 77.5 2 -1 0 -1
1 1 0 24.6 77.5 2 -1 0 -1
1 1 0 24.5 77.5 2 -1 0 -1
1 1 0 24.6 77.5 2 -1 0 -1
1 1 0 24.6 77.5 2 -1 0 -1
1 1 0 24.5 77.5 2 -1 0 -1
1 1 0 24.5 77.5 2 -1 0 -1
1 1 0 24.6 77.5 2 -1 0 -1
1 1 0 24.6 77.5 2 -1 0 -1
1 1 0 24.6 77.5 2 -1 0 -1
1 1 0 24.5 77.5 2 -1 0 -1
1 1 0 24.5 77.5 2 -1 0 -1
1 1 0 24.6 77.5 2 -1 0 -1
1 1 0 24.6 77.5 2 -1 0 -1
1 1 0 24.6 77.5 2 -1 0 -1
1 1 0 24.6 77.5 2 -1 0 -1
1 1 0 24.6 77.5 2 -1 0 -1
1 1 0 24.6 77.5 2 -1 0 -1
1 1 0 24.5 77.5 2 -1 0 -1
1 1 0 24.6 77.5 2 -1 0 -1
1 1 0 24.5 77.5 2 -1 0 -1
1 1 0 24.6 77.5 2 -1 0 -1
1 1 0 24.6 77.5 2 -1 0 -1
1 1 0 24.5 77.5 2 -1 0 -1
1 1 0 24.5 77.5 2 -1 0 -1
1 1 0 24.6 77.5 2 -1 0 -1
1 1 0 24.6 77.5 2 -1 0 -1
1 1 0 24.6 77.5 2 -1 0 -1
1 1 0 24.6 77.5 2 -1 0 -1
1 1 0 24.5 77.5 2 -1 0 -1
1 1 0 24.5 77.5 2 -1 0 -1
1 1 0 24.6 77.5 2 -1 0 -1
1 1 0 24.6 77.5 2 -1 0 -1
1 1 0 24.6 77.5 2 -1 0 -1
1 1 0 24.6 77.5 2 -1 0 -1
1 1 0 24.6 77.5 2 -1 0 -1
1 1 0 24.6 77.5 2 -1 0 -1
1 1 0 24.5 77.5 2 -1 0 -1
1 1 0 24.6 77.5 2 -1 0 -1
1 1 0 24.6 77.5 2 -1 0 -1
1 1 0 24.6 77.5 2 -1 0 -1
1 1 0 24.6 77.5 2 -1 0 -1
1 1 0 24.6 77.5 2 -1 0 -1
1 1 0 24.6 77.5 2 -1 0 -1
1 1 0 24.6 77.5 2 -1 0 -1
1 1 0 24.6 77.5 2 -1 0 -1
1 1 0 24.7 77.5 2 -1 0 -1
1 1 0 24.6 77.5 2 -1 0 -1
1 1 0 24.6 77.5 2 -1 0 -1
1 1 0 24.6 77.5 2 -1 0 -1
1 1 0 24.6 77.5 2 -1 0 -1
1 1 0 24.6 77.5 2 -1 0 -1
1 1 0 24.5 77.5 2 -1 0 -1
1 1 0 24.6 77.5 2 -1 0 -1
1 1 0 24.6 77.5 2 -1 0 -1
1 1 0 24.6 77.5 2 -1 0 -1
1 1 0 24.5 77.5 2 -1 0 -1
1 1 0 24.6 77.5 2 -1 0 -1
1 1 0 24.5 77.5 2 -1 0 -1
1 1 0 24.6 77.5 2 -1 0 -1
1 1 0 24.6 77.5 2 -1 0 -1
1 1 0 24.6 77.5 2 -1 0 -1
1 1 0 24.5 77.5 2 -1 0 -1
1 1 0 24.6 77.5 2 -1 0 -1
1 1 0 24.6 77.5 2 -1 0 -1
1 1 0 24.6 77.5 2 -1 0 -1
1 1 0 24.6 77.5 2 -1 0 -1
1 1 0 24.6 77.5 2 -1 0 -1
1 1 0 24.6 77.5 2 -1 0 -1
1 1 0 24.5 77.5 2 -1 0 -1
1 1 0 24.6 77.5 2 -1 0 -1
1 1 0 24.6 77.5 2 -1 0 -1
1 1 0 24.6 77.5 2 -1 0 -1
1 1 0 24.6 77.5 2 -1 0 -1
1 1 0 24.6 77.5 2 -1 0 -1
1 1 0 24.5 77.5 2 -1 0 -1
1 1 0 24.5 77.5 2 -1 0 -1
1 1 0 24.6 77.5 2 -1 0 -1
1 1 0 24.6 77.5 2 -1 0 -1
1 1 0 24.6 77.5 2 -1 0 -1
1 1 0 24.6 77.5 2 -1 0 -1
1 1 0 24.5 77.5 2 -1 0 -1
1 1 0 24.5 77.5 2 -1 0 -1
1 1 0 24.5 77.5 2 -1 0 -1
1 1 0 24.5 77.5 2 -1 0 -1
1 1 0 24.6 77.5 2 -1 0 -1
1 1 0 24.5 77.5 2 -1 0 -1
1 1 0 24.6 77.5 2 -1 0 -1
1 1 0 24.5 77.5 2 -1 0 -1
1 1 0 24.5 77.5 2 -1 0 -1
1 1 0 24.5 77.5 2 -1 0 -1
1 1 0 24.5 77.5 2 -1 0 -1
1 1 0 24.6 77.5 2 -1 0 -1
1 1 0 24.5 77.5 2 -1 0 -1
1 1 0 24.6 77.5 2 -1 0 -1
1 1 0 24.6 77.5 2 -1 0 -1
1 1 0 24.6 77.5 2 -1 0 -1
1 1 0 24.6 77.5 2 -1 0 -1
1 1 0 24.5 77.5 2 -1 0 -1
1 1 0 24.6 77.5 2 -1 0 -1
1 1 0 24.6 77.5 2 -1 0 -1
1 1 0 24.5 77.5 2 -1 0 -1
1 1 0 24.6 77.5 2 -1 0 -1
1 1 0 24.6 77.5 2 -1 0 -1
1 1 0 24.6 77.5 2 -1 0 -1
1 1 0 24.6 77.5 2 -1 0 -1
1 1 0 24.6 77.5 2 -1 0 -1
1 1 0 24.6 77.5 2 -1 0 -1
1 1 0 24.6 77.5 2 -1 0 -1
1 1 0 24.5 77.5 2 -1 0 -1
1 1 0 24.5 77.5 2 -1 0 -1
1 1 0 24.5 77.5 2 -1 0 -1
1 1 0 24.6 77.5 2 -1 0 -1
1 1 0 24.6 77.5 2 -1 0 -1
1 1 0 24.5 77.5 2 -1 0 -1
1 1 0 24.6 77.5 2 -1 0 -1
1 1 0 24.6 77.5 2 -1 0 -1
1 1 0 24.5 77.5 2 -1 0 -1
1 1 0 24.5 77.5 2 -1 0 -1
1 1 0 24.6 77.5 2 -1 0 -1
1 1 0 24.5 77.5 2 -1 0 -1
1 1 0 24.6 77.5 2 -1 0 -1
1 1 0 24.5 77.5 2 -1 0 -1
1 1 0 24.6 77.5 2 -1 0 -1
1 1 0 24.5 77.5 2 -1 0 -1
1 1 0 24.6 77.5 2 -1 0 -1
1 1 0 24.5 77.5 2 -1 0 -1
1 1 0 24.5 77.5 2 -1 0 -1
1 1 0 24.5 77.5 2 -1 0 -1
1 1 0 24.5 77.5 2 -1 0 -1
1 1 0 24.6 77.5 2 -1 0 -1
1 1 0 24.6 77.5 2 -1 0 -1
1 1 0 24.5 77.5 2 -1 0 -1
1 1 0 24.5 77.5 2 -1 0 -1
1 1 0 24.5 77.5 1 -1 0 -1
1 1 0 24.6 77.5 1 -1 0 -1
1 1 0 24.6 77.5 1 -1 0 -1
1 1 0 24.6 77.5 1 -1 0 -1
1 1 0 24.6 77.5 1 -1 0 -1
1 1 0 24.6 77.5 1 -1 0 -1
1 1 0 24.5 77.5 1 -1 0 -1
1 1 0 24.6 77.5 1 -1 0 -1
1 1 0 24.6 77.5 1 -1 0 -1
1 1 0 24.6 77.5 1 -1 0 -1
1 1 0 24.5 77.5 1 -1 0 -1
1 1 0 24.5 77.5 1 -1 0 -1
1 1 0 24.5 77.5 1 -1 0 -1
1 1 0 24.6 77.5 1 -1 0 -1
1 1 0 24.6 77.5 1 -1 0 -1
1 1 0 24.6 77.5 1 -1 0 -1
1 1 0 24.5 77.5 1 -1 0 -1
1 1 0 24.5 77.5 1 -1 0 -1
1 1 0 24.5 77.5 1 -1 0 -1
1 1 0 24.6 77.5 1 -1 0 -1
1 1 0 24.6 77.5 1 -1 0 -1
1 1 0 24.5 77.5 1 -1 0 -1
1 1 0 24.5 77.5 1 -1 0 -1
1 1 0 24.5 77.5 1 -1 0 -1
1 1 0 24.6 77.5 1 -1 0 -1
1 1 0 24.6 77.5 1 -1 0 -1
1 1 0 24.6 77.5 1 -1 0 -1
1 1 0 24.6 77.5 1 -1 0 -1
1 1 0 24.6 77.5 1 -1 0 -1
1 1 0 24.6 77.5 1 -1 0 -1
1 1 0 24.5 77.5 1 -1 0 -1
1 1 0 24.6 77.5 1 -1 0 -1
1 1 0 24.6 77.5 1 -1 0 -1
1 1 0 24.6 77.5 1 -1 0 -1
1 1 0 24.6 77.5 1 -1 0 -1
1 1 0 24.5 77.5 1 -1 0 -1
1 1 0 24.6 77.5 1 -1 0 -1
1 1 0 24.6 77.5 1 -1 0 -1
1 1 0 24.5 77.5 1 -1 0 -1
1 1 0 24.5 77.5 1 -1 0 -1
1 1 0 24.6 77.5 1 -1 0 -1
1 1 0 24.5 77.5 1 -1 0 -1
1 1 0 24.5 77.5 1 -1 0 -1
1 1 0 24.5 77.5 1 -1 0 -1
1 1 0 24.6 77.5 0 -1 0 -1
1 1 0 24.5 77.5 0 -1 0 -1
1 1 0 24.5 77.5 0 -1 0 -1
1 1 0 24.6 77.5 0 -1 0 -1
1 1 0 24.6 77.5 0 -1 0 -1
1 1 0 24.5 77.5 0 -1 0 -1
1 1 0 24.6 77.5 0 -1 0 -1
1 1 0 24.6 77.5 0 -1 0 -1
1 1 0 24.6 77.5 0 -1 0 -1
1 1 0 24.5 77.5 0 -1 0 -1
1 1 0 24.5 77.5 0 -1 0 -1
1 1 0 24.6 77.5 0 -1 0 -1
1 1 0 24.5 77.5 0 -1 0 -1
1 1 0 24.5 77.5 0 -1 0 -1
1 1 0 24.6 77.5 0 -1 0 -1
1 1 0 24.5 77.5 0 -1 0 -1
1 1 0 24.6 77.5 0 -1 0 -1
1 1 0 24.5 77.5 0 -1 0 -1
1 1 0 24.6 77.5 2 -1 0 -1
1 1 0 24.6 77.5 2 -1 0 -1
1 1 0 24.6 77.5 2 -1 0 -1
1 1 0 24.5 77.5 2 -1 0 -1
1 1 0 24.6 77.5 2 -1 0 -1
1 1 0 24.6 77.5 2 -1 0 -1
1 1 0 24.5 77.5 2 -1 0 -1
1 1 0 24.5 77.5 2 -1 0 -1
1 1 0 24.5 77.5 2 -1 0 -1
1 1 0 24.6 77.5 2 -1 0 -1
1 1 0 24.5 77.5 2 -1 0 -1
1 1 0 24.6 77.5 2 -1 0 -1
1 1 0 24.5 77.5 2 -1 0 -1
1 1 0 24.5 77.5 2 -1 0 -1
1 1 0 24.5 77.5 2 -1 0 -1
1 1 0 24.5 77.5 2 -1 0 -1
1 1 0 24.5 77.5 2 -1 0 -1
1 1 0 24.6 77.5 2 -1 0 -1
1 1 0 24.5 77.5 3 -1 0 -1
1 1 0 24.5 77.5 3 -1 0 -1
1 1 0 24.6 77.5 1 -1 0 -1
1 1 0 24.5 77.5 3 -1 0 -1
1 1 0 24.6 77.5 2 -1 0 -1
1 1 0 24.5 77.5 2 -1 0 -1
1 1 0 24.5 77.5 2 -1 0 -1
1 1 0 24.6 77.5 2 -1 0 -1
1 1 0 24.6 77.5 2 -1 0 -1
1 1 0 24.5 77.5 2 -1 0 -1
1 1 0 24.6 77.5 2 -1 0 -1
1 1 0 24.6 77.5 1 -1 0 -1
1 1 0 24.6 77.5 1 -1 0 -1
1 1 0 24.6 77.5 1 -1 0 -1
1 1 0 24.5 77.5 1 -1 0 -1
1 1 0 24.5 77.5 1 -1 0 -1
1 1 0 24.6 77.5 1 -1 0 -1
1 1 0 24.6 77.5 1 -1 0 -1
1 1 0 24.6 77.5 1 -1 0 -1
1 1 0 24.5 77.5 1 -1 0 -1
1 1 0 24.6 77.5 1 -1 0 -1
1 1 0 24.6 77.5 1 -1 0 -1
1 1 0 24.6 77.5 1 -1 0 -1
1 1 0 24.6 77.5 2 -1 0 -1
1 1 0 24.5 77.5 2 -1 0 -1
1 1 0 24.5 77.5 2 -1 0 -1
1 1 0 24.5 77.5 2 -1 0 -1
1 1 0 24.5 77.5 2 -1 0 -1
1 1 0 24.5 77.5 2 -1 0 -1
1 1 0 24.5 77.5 2 -1 0 -1
1 1 0 24.6 77.5 2 -1 0 -1
1 1 0 24.5 77.5 2 -1 0 -1
1 1 0 24.6 77.5 2 -1 0 -1
1 1 0 24.5 77.5 2 -1 0 -1
1 1 0 24.6 77.5 2 -1 0 -1
1 1 0 24.6 77.5 2 -1 0 -1
1 1 0 24.6 77.5 2 -1 0 -1
1 1 0 24.5 77.5 2 -1 0 -1
1 1 0 24.5 77.5 2 -1 0 -1
1 1 0 24.6 77.5 2 -1 0 -1
1 1 0 24.5 77.5 4 -1 0 -1
1 1 0 24.5 77.5 4 -1 0 -1
1 1 0 24.5 77.5 4 -1 0 -1
1 1 0 24.6 77.5 4 -1 0 -1
1 1 0 24.6 77.5 2 -1 0 -1
1 1 0 24.6 77.5 2 -1 0 -1
1 1 0 24.6 77.5 2 -1 0 -1
1 1 0 24.5 77.5 2 -1 0 -1
1 1 0 24.6 77.5 2 -1 0 -1
1 1 0 24.5 77.5 2 -1 0 -1
1 1 0 24.5 77.5 2 -1 0 -1
1 1 0 24.6 77.5 2 -1 0 -1
1 1 0 24.5 77.5 2 -1 0 -1
1 1 0 24.6 77.5 2 -1 0 -1
1 1 0 24.5 77.5 2 -1 0 -1
1 1 0 24.6 77.5 2 -1 0 -1
1 1 0 24.5 77.5 2 -1 0 -1
1 1 0 24.6 77.5 2 -1 0 -1
1 1 0 24.6 77.5 4 -1 0 -1
1 1 0 24.6 77.5 4 -1 0 -1
1 1 0 24.5 77.5 4 -1 0 -1
1 1 0 24.5 77.5 4 -1 0 -1
1 1 0 24.6 77.5 4 -1 0 -1
1 1 0 24.5 77.5 4 -1 0 -1
1 1 0 24.5 77.5 1 -1 0 -1
1 1 0 24.6 77.5 1 -1 0 -1
1 1 0 24.6 77.5 4 -1 0 -1
1 1 0 24.5 77.5 4 -1 0 -1
1 1 0 24.5 77.5 4 -1 0 -1
1 1 0 24.5 77.5 2 -1 0 -1
1 1 0 24.6 77.5 2 -1 0 -1
1 1 0 24.6 77.5 2 -1 0 -1
1 1 0 24.6 77.5 2 -1 0 -1
1 1 0 24.6 77.5 2 -1 0 -1
1 1 0 24.6 77.5 2 -1 0 -1
1 1 0 24.6 77.5 1 -1 0 -1
1 1 0 24.6 77.5 1 -1 0 -1
1 1 0 24.6 77.5 1 -1 0 -1
1 1 0 24.6 77.5 2 -1 0 -1
1 1 0 24.6 77.5 2 -1 0 -1
1 1 0 24.6 77.5 2 -1 0 -1
1 1 0 24.5 77.5 2 -1 0 -1
1 1 0 24.6 77.5 2 -1 0 -1
1 1 0 24.5 77.5 2 -1 0 -1
1 1 0 24.6 77.5 2 -1 0 -1
1 1 0 24.6 77.5 2 -1 0 -1
1 1 0 24.5 77.5 2 -1 0 -1
1 1 0 24.6 77.5 2 -1 0 -1
1 1 0 24.6 77.5 2 -1 0 -1
1 1 0 24.5 78.0 2 -1 0 -1
1 1 0 24.6 77.5 2 -1 0 -1
1 1 0 24.6 78.0 1 -1 0 -1
1 1 0 24.5 78.0 1 -1 0 -1
1 1 0 24.5 78.0 1 -1 0 -1
1 1 0 24.6 77.5 1 -1 0 -1
1 1 0 24.5 78.0 2 -1 0 -1
1 1 0 24.6 78.0 2 -1 0 -1
1 1 0 24.5 78.0 2 -1 0 -1
1 1 0 24.6 78.0 2 -1 0 -1
1 1 0 24.6 78.0 2 -1 0 -1
1 1 0 24.6 78.0 2 -1 0 -1
1 1 0 24.6 78.0 2 -1 0 -1
1 1 0 24.6 78.0 2 -1 0 -1
1 1 0 24.6 78.0 2 -1 0 -1
1 1 0 24.6 78.0 2 -1 0 -1
1 1 0 24.6 78.0 4 -1 0 -1
1 1 0 24.5 78.0 4 -1 0 -1
1 1 0 24.6 78.0 1 -1 0 -1
1 1 0 24.6 78.0 2 -1 0 -1
1 1 0 24.6 78.0 2 -1 0 -1
1 1 0 24.6 78.0 2 -1 0 -1
1 1 0 24.6 78.0 2 -1 0 -1
1 1 0 24.7 78.0 4 -1 0 -1
1 1 0 24.6 78.0 6 -1 0 -1
1 1 0 24.5 78.0 3 -1 0 -1
1 1 0 24.6 78.0 5 -1 0 -1
1 1 0 24.7 78.0 5 -1 0 -1
1 1 0 24.6 78.0 6 -1 0 -1
1 1 0 24.6 78.0 4 -1 0 -1
1 1 0 24.6 78.0 2 -1 0 -1
1 1 0 24.6 78.0 2 -1 0 -1
1 1 0 24.6 78.0 4 -1 0 -1
1 1 0 24.6 78.0 4 -1 0 -1
1 1 0 24.6 78.0 4 -1 0 -1
1 1 0 24.6 78.0 2 -1 0 -1
1 1 0 24.6 78.0 2 -1 0 -1
1 1 0 24.6 78.0 4 -1 0 -1
1 1 0 24.6 78.0 4 -1 0 -1
1 1 0 24.7 78.0 4 -1 0 -1
1 1 0 24.6 78.0 2 -1 0 -1
1 1 0 24.6 78.0 2 -1 0 -1
1 1 0 24.6 78.0 2 -1 0 -1
1 1 0 24.6 78.0 2 -1 0 -1
1 1 0 24.6 78.0 2 -1 0 -1
1 1 0 24.6 78.0 2 -1 0 -1
1 1 0 24.6 78.0 2 -1 0 -1
1 1 0 24.6 78.0 2 -1 0 -1
1 1 0 24.5 78.0 2 -1 0 -1
1 1 0 24.6 78.0 1 -1 0 -1
1 1 0 24.7 78.0 4 -1 0 -1
1 1 0 24.6 78.0 4 -1 0 -1
1 1 0 24.5 78.0 2 -1 0 -1
1 1 0 24.6 78.0 2 -1 0 -1
1 1 0 24.6 78.0 2 -1 0 -1
1 1 0 24.6 78.0 2 -1 0 -1
1 1 0 24.6 78.0 2 -1 0 -1
1 1 0 24.6 78.0 2 -1 0 -1
1 1 0 24.7 78.0 1 -1 0 -1
1 1 0 24.6 78.0 1 -1 0 -1
1 1 0 24.7 78.0 1 -1 0 -1
1 1 0 24.6 78.0 1 -1 0 -1
1 1 0 24.6 78.0 1 -1 0 -1
1 1 0 24.6 78.0 1 -1 0 -1
1 1 0 24.6 78.0 1 -1 0 -1
1 1 0 24.6 78.0 1 -1 0 -1
1 1 0 24.6 78.0 1 -1 0 -1
1 1 0 24.6 78.0 2 -1 0 -1
1 1 1 24.6 78.0 2 -1 0 -1
1 1 1 24.7 78.0 4 -1 0 -1
1 1 1 24.6 78.0 6 -1 0 -1
1 1 0 24.7 78.0 6 -1 0 -1
1 1 0 24.6 78.0 6 -1 0 -1
1 1 0 24.6 78.0 6 -1 0 -1
1 1 0 24.6 78.0 4 -1 0 -1
1 1 0 24.6 78.0 4 -1 0 -1
1 1 0 24.7 78.0 4 -1 0 -1
1 1 0 24.7 78.0 4 -1 0 -1
1 1 0 24.6 78.0 4 -1 0 -1
1 1 0 24.7 78.0 4 -1 0 -1
1 1 0 24.7 78.0 4 -1 0 -1
1 1 0 24.6 78.0 4 -1 0 -1
1 1 0 24.6 78.0 4 -1 0 -1
1 1 0 24.6 78.0 4 -1 0 -1
1 1 0 24.6 78.0 4 -1 0 -1
1 1 0 24.6 78.0 4 -1 0 -1
1 1 0 24.6 78.0 4 -1 0 -1
1 1 0 24.6 78.5 6 -1 0 -1
1 1 0 24.7 78.0 6 -1 0 -1
1 1 0 24.6 78.5 6 -1 0 -1
1 1 0 24.6 78.0 6 -1 0 -1
1 1 0 24.6 78.0 6 -1 0 -1
0 1 17 24.6 78.0 21 -1 5 -1
0 1 30 24.6 78.0 21 -1 5 -1
0 1 17 24.7 78.5 21 -1 5 -1
0 1 12 24.7 78.5 21 -1 5 -1
0 1 12 24.7 78.5 21 -1 5 -1
0 1 0 24.6 78.5 21 -1 5 -1
0 1 0 24.6 78.5 21 -1 5 -1
0 1 0 24.7 78.5 21 -1 5 -1
0 1 0 24.6 78.5 21 -1 5 -1
0 1 0 24.6 79.0 21 -1 5 -1
0 1 0 24.6 79.0 21 -1 5 -1
0 1 0 24.7 79.0 21 -1 5 -1
0 1 0 24.7 79.0 21 -1 5 -1
0 1 0 24.7 79.0 23 -1 5 -1
0 1 0 24.7 79.0 23 -1 5 -1
0 1 0 24.6 79.0 21 -1 5 -1
0 1 3 24.7 79.0 21 -1 5 -1
0 1 0 24.6 79.0 21 -1 5 -1
0 1 2 24.7 79.0 21 -1 5 -1
0 1 0 24.7 79.0 21 -1 5 -1
0 1 3 24.6 79.0 23 -1 5 -1
0 1 0 24.7 79.0 23 -1 5 -1
0 1 0 24.7 79.0 23 -1 5 -1
0 1 2 24.7 79.5 23 -1 5 -1
0 1 10 24.7 79.5 23 -1 5 -1
0 1 0 24.7 79.5 22 -1 5 -1
0 1 0 24.7 79.5 22 -1 5 -1
0 1 0 24.7 79.5 22 -1 5 -1
0 1 2 24.7 79.5 22 -1 5 -1
0 1 0 24.7 79.5 26 -1 5 -1
0 1 0 24.7 79.5 26 -1 5 -1
0 1 0 24.8 79.5 22 -1 5 -1
0 1 0 24.7 79.5 22 -1 5 -1
0 1 0 24.7 79.5 22 -1 5 -1
0 1 0 24.7 80.0 22 -1 5 -1
0 1 0 24.7 80.5 22 -1 5 -1
0 1 0 24.8 80.0 22 -1 5 -1
0 1 0 24.7 80.0 26 -1 5 -1
0 1 0 24.7 80.0 23 -1 5 -1
0 1 2 24.8 80.0 23 -1 5 -1
0 1 1 24.8 80.0 21 -1 5 -1
0 1 2 24.8 80.0 21 -1 5 -1
0 1 0 24.8 80.0 19 -1 5 -1
0 1 0 24.8 80.0 19 -1 5 -1
0 1 3 24.8 80.0 19 -1 5 -1
0 1 0 24.8 80.0 21 -1 5 -1
0 1 0 24.8 80.5 21 -1 5 -1
0 1 0 24.8 80.5 21 -1 5 -1
0 1 0 24.8 81.0 21 -1 5 -1
0 1 0 24.8 81.0 21 -1 5 -1
0 1 3 24.8 81.0 21 -1 5 -1
0 1 4 24.8 81.0 21 -1 5 -1
0 1 2 24.8 81.5 21 -1 5 -1
0 1 1 24.8 81.5 21 -1 5 -1
0 1 1 24.8 81.0 19 -1 5 -1
0 1 4 24.8 81.0 23 -1 5 -1
0 1 0 24.8 81.0 23 -1 5 -1
0 1 0 24.8 81.0 21 -1 5 -1
0 1 0 24.9 81.0 21 -1 5 -1
0 1 0 24.8 81.0 21 -1 5 -1
0 1 0 24.8 80.5 23 -1 5 -1
0 1 7 24.9 81.0 19 -1 5 -1
0 1 9 25.0 81.0 21 -1 5 -1
0 1 2 24.9 81.0 21 -1 5 -1
0 1 0 25.0 81.0 23 -1 5 -1
0 1 2 24.9 81.0 23 -1 5 -1
0 1 2 25.0 81.0 21 -1 5 -1
0 1 0 24.9 81.0 21 -1 5 -1
0 1 0 25.0 81.0 23 -1 5 -1
0 1 0 25.0 81.0 23 -1 5 -1
0 1 2 25.0 81.0 23 -1 5 -1
0 1 2 24.9 81.0 23 -1 5 -1
0 1 0 24.9 81.0 23 -1 5 -1
0 1 0 24.9 81.0 23 -1 5 -1
0 1 0 24.9 81.5 23 -1 5 -1
0 1 6 24.9 82.0 23 -1 5 -1
0 1 3 25.0 82.0 23 -1 5 -1
0 1 0 24.9 81.5 26 -1 5 -1
0 1 2 25.0 82.0 22 -1 5 -1
0 1 0 25.0 81.5 22 -1 5 -1
0 1 1 24.9 81.5 22 -1 5 -1
0 1 2 25.0 81.5 22 -1 5 -1
0 1 2 24.9 81.5 24 -1 5 -1
0 1 0 24.9 81.5 24 -1 5 -1
0 1 0 25.0 81.5 24 -1 5 -1
1 1 14 25.0 81.5 26 -1 5 -1
0 1 0 25.0 81.5 26 -1 5 -1
0 1 0 25.0 81.5 24 -1 5 -1
0 1 0 25.0 81.5 22 -1 5 -1
0 1 7 25.0 81.5 22 -1 5 -1
0 1 0 25.1 81.5 22 -1 5 -1
0 1 0 25.1 81.5 22 -1 5 -1
0 1 0 25.1 81.5 22 -1 5 -1
0 1 0 25.1 82.0 22 -1 5 -1
0 1 0 25.0 82.0 22 -1 5 -1
0 1 0 25.0 81.5 22 -1 5 -1
0 1 0 25.0 81.5 24 -1 5 -1
0 1 0 25.0 81.5 24 -1 5 -1
0 1 0 25.0 81.5 26 -1 5 -1
0 1 0 25.0 81.5 24 -1 5 -1
0 1 3 25.1 82.0 24 -1 5 -1
0 1 3 25.1 82.0 24 -1 5 -1
0 1 18 25.1 81.5 16 -1 0 -1
0 1 0 25.1 81.5 7 -1 0 -1
0 1 0 25.0 81.5 7 -1 0 -1
0 1 0 25.0 82.0 7 -1 0 -1
0 1 0 25.0 82.0 7 -1 0 -1
0 1 0 25.1 82.0 9 -1 0 -1
0 1 0 25.1 82.0 9 -1 0 -1
0 1 0 25.1 82.0 7 -1 0 -1
0 1 0 25.0 81.5 7 -1 0 -1
0 1 0 25.1 81.5 7 -1 0 -1
0 1 0 25.1 81.5 7 -1 0 -1
0 1 0 25.1 81.5 6 -1 0 -1
0 1 0 25.1 81.5 6 -1 0 -1
0 1 0 25.1 81.5 4 -1 0 -1
0 1 0 25.1 81.5 4 -1 0 -1
0 1 0 25.1 81.5 4 -1 0 -1
0 1 5 25.1 82.0 13 -1 2 -1
0 1 7 25.1 82.0 17 -1 2 -1
0 1 17 25.1 82.0 17 -1 2 -1
0 1 8 25.1 82.0 17 -1 2 -1
0 1 3 25.1 82.5 17 -1 2 -1
0 1 0 25.1 82.0 17 -1 2 -1
0 1 26 25.1 82.5 19 -1 2 -1
0 1 22 25.1 82.5 15 -1 2 10
0 1 11 25.1 82.0 15 -1 2 10
0 1 0 25.1 82.0 15 -1 2 10
0 1 0 25.1 82.0 15 -1 2 10
0 1 0 25.1 82.0 15 -1 2 10
0 1 2 25.2 82.0 15 -1 2 10
0 1 0 25.1 82.0 15 -1 2 10
0 1 0 25.1 82.0 15 -1 2 10
0 1 0 25.2 82.0 15 -1 2 10
0 1 0 25.2 82.0 15 -1 2 10
0 1 0 25.1 82.0 15 -1 2 10
0 1 0 25.2 82.0 15 -1 2 10
0 1 0 25.2 82.0 15 -1 2 10
0 1 0 25.2 82.0 15 -1 2 10
0 1 4 25.3 82.0 15 -1 2 10
0 1 0 25.2 82.0 15 -1 2 10
0 1 3 25.2 82.0 19 -1 2 10
0 1 3 25.2 81.5 19 -1 2 10
0 1 3 25.2 82.0 16 -1 2 10
0 1 0 25.2 81.5 16 -1 2 10
0 1 0 25.2 81.5 16 -1 2 10
0 1 0 25.2 81.5 16 -1 2 10
0 1 0 25.2 82.0 16 -1 2 10
0 1 0 25.2 81.5 16 -1 2 10
0 1 0 25.3 81.5 16 -1 2 10
0 1 0 25.3 81.5 16 -1 2 10
0 1 1 25.2 81.5 16 -1 2 10
0 1 2 25.2 81.5 16 -1 2 10
0 1 1 25.2 81.5 19 -1 2 10
0 1 1 25.3 81.5 16 -1 2 10
0 1 0 25.2 81.5 16 -1 2 10
0 1 0 25.3 81.5 16 -1 2 10
0 1 0 25.2 81.5 16 -1 2 10
0 1 2 25.2 81.5 16 -1 2 10
0 1 0 25.2 81.5 16 -1 2 10
0 1 2 25.3 81.5 16 -1 2 10
0 1 1 25.3 81.5 16 -1 2 10
0 1 0 25.3 81.5 16 -1 2 10
0 1 0 25.3 81.5 16 -1 2 10
0 1 0 25.3 81.5 16 -1 2 10
0 1 0 25.3 81.5 16 -1 2 10
0 1 0 25.4 81.5 16 -1 2 10
0 1 9 25.3 81.5 16 -1 2 10
0 1 8 25.3 81.5 16 -1 2 10
0 1 12 25.3 81.5 4 -1 0 10
0 1 0 25.3 81.5 4 -1 0 10
0 1 0 25.3 81.5 4 -1 0 10
0 1 0 25.3 81.5 4 -1 0 10
0 1 0 25.3 82.0 4 -1 0 10
0 1 0 25.3 81.5 4 -1 0 10
0 1 0 25.3 82.0 4 -1 0 10
0 1 0 25.3 82.0 4 -1 0 10
0 1 0 25.3 81.5 4 -1 0 10
0 1 0 25.3 81.5 4 -1 0 10
0 1 0 25.2 81.5 4 -1 0 10
0 1 0 25.3 82.0 4 -1 0 10
0 1 0 25.2 82.0 4 -1 0 10
0 1 0 25.3 81.5 4 -1 0 10
0 1 0 25.3 82.0 4 -1 0 10
0 1 0 25.3 82.0 4 -1 0 10
0 1 0 25.2 82.0 4 -1 0 10
0 1 0 25.3 82.0 4 -1 0 10
0 1 0 25.2 82.0 4 -1 0 10
0 1 0 25.2 82.0 4 -1 0 10
0 1 0 25.2 82.0 4 -1 0 10
0 1 0 25.2 82.0 4 -1 0 10
0 1 0 25.2 82.0 4 -1 0 10
0 1 0 25.2 82.0 4 -1 0 10
0 1 0 25.2 82.0 4 -1 0 10
0 1 0 25.3 82.0 4 -1 0 10
0 1 0 25.3 81.5 4 -1 0 10
0 1 0 25.2 82.0 4 -1 0 10
0 1 0 25.3 82.0 4 -1 0 10
0 1 0 25.2 82.0 4 -1 0 10
0 1 0 25.2 82.0 4 -1 0 10
0 1 0 25.2 82.0 4 -1 0 10
0 1 0 25.2 82.0 4 -1 0 10
0 1 0 25.2 82.0 4 -1 0 10
0 1 0 25.2 82.0 4 -1 0 10
0 1 0 25.2 82.0 4 -1 0 10
0 1 0 25.2 82.0 4 -1 0 10
0 1 0 25.2 82.0 4 -1 0 10
0 1 0 25.2 82.0 4 -1 0 10
0 1 0 25.2 82.0 4 -1 0 10
0 1 0 25.2 82.0 4 -1 0 10
0 1 0 25.2 82.0 4 -1 0 10
0 1 0 25.2 82.0 4 -1 0 10
0 1 0 25.2 82.0 4 -1 0 10
0 1 0 25.2 82.0 4 -1 0 10
0 1 0 25.3 82.0 4 -1 0 10
0 1 0 25.2 81.5 2 -1 0 10
0 1 0 25.2 82.0 2 -1 0 10
0 1 0 25.2 82.0 4 -1 0 10
0 1 0 25.2 82.0 4 -1 0 10
0 1 0 25.2 82.0 4 -1 0 10
0 1 0 25.2 82.0 4 -1 0 10
0 1 0 25.2 82.0 4 -1 0 10
0 1 0 25.2 82.0 4 -1 0 10
0 1 0 25.1 82.0 4 -1 0 10
0 1 0 25.1 82.0 4 -1 0 10
0 1 0 25.1 82.0 4 -1 0 10
0 1 0 25.2 82.0 4 -1 0 10
0 1 0 25.2 82.0 4 -1 0 10
0 1 0 25.2 82.0 4 -1 0 10
0 1 0 25.2 82.0 4 -1 0 10
0 1 0 25.2 82.0 4 -1 0 10
0 1 0 25.2 82.0 4 -1 0 10
0 1 0 25.2 82.0 4 -1 0 10
0 1 0 25.2 82.0 4 -1 0 10
0 1 0 25.2 82.0 4 -1 0 10
0 1 0 25.2 82.0 4 -1 0 10
0 1 0 25.2 82.0 4 -1 0 10
0 1 0 25.2 82.0 4 -1 0 10
0 1 0 25.2 82.0 4 -1 0 10
0 1 0 25.2 82.0 4 -1 0 10
0 1 0 25.2 82.0 4 -1 0 10
0 1 0 25.2 82.0 4 -1 0 10
0 1 0 25.2 82.0 4 -1 0 10
0 1 0 25.2 82.0 4 -1 0 10
0 1 0 25.2 82.0 4 -1 0 10
0 1 0 25.2 82.0 4 -1 0 10
0 1 0 25.2 82.0 4 -1 0 10
0 1 0 25.2 82.0 4 -1 0 10
0 1 0 25.2 82.0 4 -1 0 10
0 1 0 25.2 82.0 4 -1 0 10
0 1 0 25.2 82.0 4 -1 0 10
0 1 0 25.2 82.0 4 -1 0 10
0 1 0 25.2 82.0 4 -1 0 10
0 1 0 25.2 82.0 4 -1 0 10
0 1 0 25.3 82.0 4 -1 0 10
0 1 0 25.2 82.0 4 -1 0 10
0 1 0 25.2 82.0 4 -1 0 10
0 1 0 25.2 82.0 4 -1 0 10
0 1 0 25.2 82.0 4 -1 0 10
0 1 0 25.2 82.0 4 -1 0 10
0 1 0 25.2 82.0 4 -1 0 10
0 1 0 25.2 82.0 4 -1 0 10
0 1 0 25.2 82.0 4 -1 0 10
0 1 0 25.2 82.0 4 -1 0 10
0 1 0 25.2 82.0 4 -1 0 10
0 1 0 25.1 82.0 4 -1 0 10
0 1 0 25.2 82.0 4 -1 0 10
0 1 0 25.2 82.0 4 -1 0 10
0 1 0 25.2 82.0 4 -1 0 10
0 1 0 25.2 82.0 4 -1 0 10
0 1 0 25.2 82.0 4 -1 0 10
0 1 0 25.2 82.0 4 -1 0 10
0 1 0 25.1 82.0 4 -1 0 10
0 1 0 25.2 82.0 4 -1 0 10
0 1 0 25.1 82.0 4 -1 0 10
0 1 0 25.2 82.0 2 -1 0 10
0 1 0 25.2 82.0 2 -1 0 10
0 1 0 25.2 82.0 2 -1 0 10
0 1 0 25.2 82.0 2 -1 0 10
0 1 0 25.2 82.0 2 -1 0 10
0 1 0 25.2 82.0 2 -1 0 10
0 1 0 25.2 82.0 2 -1 0 10
0 1 0 25.2 82.0 2 -1 0 10
0 1 0 25.3 82.0 2 -1 0 10
0 1 0 25.2 82.0 2 -1 0 10
0 1 0 25.2 82.0 4 -1 0 10
0 1 0 25.2 82.0 4 -1 0 10
0 1 0 25.2 82.0 4 -1 0 10
0 1 0 25.2 82.0 4 -1 0 10
0 1 0 25.2 82.0 4 -1 0 10
0 1 0 25.2 82.0 4 -1 0 10
0 1 0 25.2 82.0 4 -1 0 10
0 1 0 25.2 82.0 4 -1 0 10
0 1 0 25.2 82.0 4 -1 0 10
0 1 0 25.2 82.0 4 -1 0 10
0 1 0 25.3 82.0 4 -1 0 10
0 1 0 25.2 82.0 4 -1 0 10
0 1 0 25.2 82.0 4 -1 0 10
0 1 0 25.1 82.0 6 -1 0 10
0 1 0 25.2 82.0 6 -1 0 10
0 1 0 25.2 82.0 2 -1 0 10
0 1 0 25.2 82.0 2 -1 0 10
0 1 0 25.2 82.0 2 -1 0 10
0 1 0 25.1 82.0 2 -1 0 10
0 1 0 25.2 82.0 2 -1 0 10
0 1 0 25.2 82.0 2 -1 0 10
0 1 0 25.2 82.0 2 -1 0 10
0 1 0 25.2 82.0 2 -1 0 10
0 1 0 25.2 82.0 2 -1 0 10
0 1 0 25.3 82.0 2 -1 0 10
0 1 0 25.1 82.0 6 -1 0 10
0 1 0 25.2 82.0 4 -1 0 10
0 1 0 25.2 82.0 4 -1 0 10
0 1 0 25.1 82.0 4 -1 0 10
0 1 0 25.2 82.0 4 -1 0 10
0 1 0 25.2 82.0 4 -1 0 10
0 1 0 25.2 82.0 4 -1 0 10
0 1 0 25.2 82.0 4 -1 0 10
0 1 0 25.2 82.0 4 -1 0 10
0 1 0 25.3 82.0 4 -1 0 10
0 1 0 25.2 82.0 4 -1 0 10
0 1 0 25.2 82.0 4 -1 0 10
0 1 0 25.2 82.0 4 -1 0 10
0 1 0 25.3 82.0 2 -1 0 10
0 1 0 25.2 82.0 2 -1 0 10
0 1 0 25.2 82.0 2 -1 0 10
0 1 0 25.2 82.0 2 -1 0 10
0 1 0 25.3 82.0 2 -1 0 10
0 1 0 25.2 82.0 2 -1 0 10
0 1 0 25.3 82.0 2 -1 0 10
0 1 0 25.2 82.0 2 -1 0 10
0 1 0 25.2 82.0 2 -1 0 10
0 1 0 25.3 82.0 2 -1 0 10
0 1 0 25.2 82.0 2 -1 0 10
0 1 0 25.2 82.0 2 -1 0 10
0 1 0 25.3 82.0 2 -1 0 10
0 1 0 25.3 82.5 2 -1 0 10
0 1 0 25.3 82.0 2 -1 0 10
0 1 0 25.3 82.0 2 -1 0 10
0 1 0 25.2 82.0 2 -1 0 10
0 1 0 25.3 82.5 2 -1 0 10
0 1 0 25.3 82.5 2 -1 0 10
0 1 0 25.3 82.5 2 -1 0 10
0 1 0 25.3 82.5 2 -1 0 10
0 1 0 25.3 82.5 4 -1 0 10
0 1 0 25.3 82.5 4 -1 0 10
0 1 0 25.3 82.5 4 -1 0 10
0 1 0 25.3 82.5 4 -1 0 10
0 1 0 25.3 82.5 4 -1 0 10
0 1 0 25.3 82.5 4 -1 0 10
0 1 0 25.4 82.5 4 -1 0 10
0 1 0 25.3 82.5 4 -1 0 10
0 1 0 25.3 82.5 4 -1 0 10
0 1 0 25.4 82.5 4 -1 0 10
0 1 0 25.3 82.5 4 -1 0 10
0 1 0 25.3 82.5 4 -1 0 10
0 1 0 25.4 82.5 4 -1 0 10
0 1 0 25.3 82.5 4 -1 0 10
0 1 0 25.4 82.5 4 -1 0 10
0 1 0 25.3 82.5 4 -1 0 10
0 1 0 25.4 82.5 4 -1 0 10
0 1 0 25.3 82.0 4 -1 0 10
0 1 0 25.3 82.0 4 -1 0 10
0 1 0 25.3 82.0 2 -1 0 10
0 1 0 25.3 82.0 2 -1 0 10
0 1 0 25.3 82.0 2 -1 0 10
0 1 0 25.3 82.0 2 -1 0 10
0 1 0 25.3 82.0 2 -1 0 10
0 1 0 25.3 82.0 2 -1 0 10
0 1 0 25.4 82.0 2 -1 0 10
0 1 0 25.4 82.0 2 -1 0 10
0 1 0 25.4 82.0 2 -1 0 10
0 1 0 25.3 82.0 4 -1 0 10
0 1 0 25.3 82.0 4 -1 0 10
0 1 0 25.4 82.0 4 -1 0 10
0 1 0 25.3 82.0 4 -1 0 10
0 1 0 25.3 82.0 4 -1 0 10
0 1 0 25.4 82.0 2 -1 0 10
0 1 0 25.4 82.5 2 -1 0 10
0 1 0 25.3 82.5 2 -1 0 10
0 1 0 25.3 82.5 2 -1 0 10
0 1 0 25.4 82.0 2 -1 0 10
0 1 0 25.3 82.0 2 -1 0 10
0 1 0 25.3 82.0 2 -1 0 10
0 1 0 25.4 82.0 2 -1 0 10
0 1 0 25.4 82.0 2 -1 0 10
0 1 0 25.3 82.0 2 -1 0 10
0 1 0 25.4 82.0 2 -1 0 10
0 1 0 25.3 82.0 2 -1 0 10
0 1 0 25.3 82.0 2 -1 0 10
0 1 0 25.4 82.0 2 -1 0 10
0 1 0 25.4 82.0 2 -1 0 10
0 1 0 25.4 82.0 2 -1 0 10
0 1 0 25.3 82.0 2 -1 0 10
0 1 0 25.4 82.0 2 -1 0 10
0 1 0 25.4 82.0 2 -1 0 10
0 1 0 25.3 82.0 2 -1 0 10
0 1 0 25.4 82.0 2 -1 0 10
0 1 0 25.3 82.0 2 -1 0 10
0 1 0 25.4 82.0 2 -1 0 10
0 1 0 25.3 82.0 2 -1 0 10
0 1 0 25.3 82.0 2 -1 0 10
0 1 0 25.3 82.0 2 -1 0 10
0 1 0 25.3 82.0 2 -1 0 10
0 1 0 25.3 82.0 2 -1 0 10
0 1 0 25.4 82.0 2 -1 0 10
0 1 0 25.3 82.0 2 -1 0 10
0 1 0 25.4 82.0 2 -1 0 10
0 1 0 25.3 82.0 2 -1 0 10
0 1 0 25.4 82.0 2 -1 0 10
0 1 0 25.3 82.0 2 -1 0 10
0 1 0 25.4 82.0 2 -1 0 10
0 1 0 25.3 81.5 2 -1 0 10
0 1 0 25.3 81.5 2 -1 0 10
0 1 0 25.3 81.5 2 -1 0 10
0 1 0 25.3 81.5 2 -1 0 10
0 1 0 25.3 82.0 2 -1 0 10
0 1 0 25.4 82.0 2 -1 0 10
0 1 0 25.4 81.5 2 -1 0 10
0 1 0 25.3 82.0 2 -1 0 10
0 1 0 25.3 81.5 2 -1 0 10
0 1 0 25.3 81.5 2 -1 0 10
0 1 0 25.3 81.5 2 -1 0 10
0 1 0 25.3 82.0 2 -1 0 10
0 1 0 25.3 81.5 2 -1 0 10
0 1 0 25.3 81.5 2 -1 0 10
0 1 0 25.3 81.5 2 -1 0 10
0 1 0 25.3 82.0 2 -1 0 10
0 1 0 25.3 82.0 2 -1 0 10
0 1 0 25.3 82.0 2 -1 0 10
0 1 0 25.3 82.0 2 -1 0 10
0 1 0 25.4 82.0 2 -1 0 10
0 1 0 25.3 82.0 2 -1 0 10
0 1 0 25.4 82.0 2 -1 0 10
0 1 0 25.3 82.0 2 -1 0 10
0 1 0 25.3 82.0 2 -1 0 10
0 1 0 25.4 82.0 2 -1 0 10
0 1 0 25.4 82.0 2 -1 0 10
0 1 2 25.3 82.0 2 -1 0 10
0 1 0 25.3 82.0 2 -1 0 10
0 1 0 25.3 82.0 2 -1 0 10
0 1 0 25.3 82.0 2 -1 0 10
0 1 0 25.4 82.0 2 -1 0 10
0 1 0 25.3 82.0 2 -1 0 10
0 1 0 25.4 82.0 2 -1 0 10
0 1 0 25.3 82.0 2 -1 0 10
0 1 0 25.4 82.0 2 -1 0 10
0 1 0 25.3 82.0 2 -1 0 10
0 1 0 25.3 82.0 2 -1 0 10
0 1 0 25.4 82.0 2 -1 0 10
0 1 0 25.4 82.0 2 -1 0 10
0 1 0 25.4 82.0 2 -1 0 10
0 1 0 25.4 82.0 2 -1 0 10
0 1 0 25.4 82.0 2 -1 0 10
0 1 0 25.4 82.0 2 -1 0 10
0 1 0 25.4 82.0 2 -1 0 10
0 1 0 25.3 82.0 2 -1 0 10
0 1 0 25.3 82.0 2 -1 0 10
0 1 0 25.3 82.0 2 -1 0 10
0 1 0 25.4 82.0 2 -1 0 10
0 1 0 25.4 82.0 2 -1 0 10
0 1 0 25.3 82.0 2 -1 0 10
0 1 0 25.5 82.0 2 -1 0 10
0 1 0 25.4 82.0 2 -1 0 10
0 1 0 25.4 82.0 2 -1 0 10
0 1 0 25.4 82.0 2 -1 0 10
0 1 0 25.4 82.0 2 -1 0 10
0 1 0 25.5 82.0 2 -1 0 10
0 1 0 25.4 82.0 2 -1 0 10
0 1 0 25.4 82.0 2 -1 0 10
0 1 0 25.4 82.0 2 -1 0 10
0 1 0 25.4 82.0 2 -1 0 10
0 1 0 25.4 82.0 2 -1 0 10
0 1 0 25.5 82.0 2 -1 0 10
0 1 0 25.4 82.0 2 -1 0 10
0 1 0 25.5 82.0 2 -1 0 10
0 1 0 25.4 82.0 2 -1 0 10
0 1 0 25.5 82.0 2 -1 0 10
0 1 0 25.4 82.0 2 -1 0 10
0 1 0 25.5 82.0 2 -1 0 10
0 1 0 25.4 82.0 2 -1 0 10
0 1 0 25.5 82.0 2 -1 0 10
0 1 0 25.4 82.0 2 -1 0 10
0 1 0 25.5 82.0 2 -1 0 10
0 1 0 25.5 82.0 2 -1 0 10
0 1 0 25.5 82.0 2 -1 0 10
0 1 0 25.5 82.0 2 -1 0 10
0 1 17 25.4 82.0 25 -1 6 10
0 1 0 25.4 82.0 25 -1 6 10
0 1 5 25.4 82.0 23 -1 6 10
0 1 35 25.4 81.5 25 -1 6 10
0 1 0 25.3 80.5 25 -1 6 10
0 1 0 25.2 79.5 25 -1 6 10
0 1 2 25.1 79.0 25 -1 6 10
0 1 0 25.0 78.5 25 -1 6 10
0 1 4 24.9 78.0 23 -1 6 10
0 1 0 24.9 77.5 23 -1 6 10
0 1 0 24.8 77.0 23 -1 6 10
0 1 0 24.7 76.5 23 -1 6 10
0 1 6 24.6 76.0 23 -1 6 10
0 1 0 24.5 75.5 23 -1 6 10
0 1 0 24.4 76.0 23 -1 6 10
0 1 0 24.5 76.5 23 -1 6 10
0 1 3 24.5 76.5 23 -1 6 10
0 1 21 24.5 77.0 23 -1 6 10
0 1 7 24.5 77.5 23 -1 6 10
0 1 0 24.7 77.5 23 -1 6 10
0 1 0 24.6 78.0 25 -1 6 10
0 1 0 24.6 78.0 23 -1 6 10
0 1 0 24.6 78.5 25 -1 6 10
0 1 7 24.6 78.5 23 -1 6 10
0 1 0 24.7 79.0 23 -1 6 10
0 1 0 24.7 79.0 23 -1 6 10
0 1 0 24.7 79.0 23 -1 6 10
0 1 5 24.7 79.5 23 -1 6 10
0 1 6 24.7 79.5 23 -1 6 10
0 1 3 24.7 79.5 23 -1 6 10
0 1 0 24.7 79.5 23 -1 6 10
0 1 2 24.8 80.0 23 -1 6 10
0 1 18 24.8 80.0 23 -1 6 10
0 1 6 24.8 80.0 23 -1 6 10
0 1 0 24.8 80.5 23 -1 6 10
0 1 0 24.8 80.5 23 -1 6 10
0 1 2 24.9 80.5 23 -1 6 10
0 1 0 24.9 80.5 23 -1 6 10
0 1 0 24.9 81.0 23 -1 6 10
0 1 0 24.9 81.0 23 -1 6 10
0 1 0 24.9 81.0 23 -1 6 10
0 1 0 24.8 81.0 23 -1 6 10
0 1 3 24.9 81.0 23 -1 6 10
0 1 0 24.9 81.0 23 -1 6 10
0 1 1 25.0 81.0 23 -1 6 10
0 1 0 24.9 81.5 23 -1 6 10
0 1 0 24.9 81.5 23 -1 6 10
0 1 2 25.0 81.5 23 -1 6 10
0 1 0 24.9 81.5 23 -1 6 10
0 1 18 25.0 81.5 23 -1 6 10
0 1 0 25.0 81.5 23 -1 6 10
0 1 0 25.0 81.5 23 -1 6 10
0 1 0 25.0 81.5 23 -1 6 10
0 1 0 25.1 81.5 23 -1 6 10
0 1 0 25.0 81.5 23 -1 6 10
0 1 0 25.0 81.5 23 -1 6 10
0 1 0 25.1 81.5 23 -1 6 10
0 1 0 25.1 82.0 23 -1 6 10
0 1 5 25.1 82.0 23 -1 6 10
0 1 0 25.0 82.0 23 -1 6 10
0 1 4 25.1 81.5 23 -1 6 10
0 1 2 25.1 82.0 23 -1 6 10
0 1 1 25.0 82.0 23 -1 6 10
0 1 6 25.1 82.0 23 -1 6 10
0 1 0 25.2 81.5 23 -1 6 10
0 1 0 25.0 81.0 23 -1 6 10
0 1 0 25.0 80.0 23 -1 6 10
0 1 0 24.9 79.5 23 -1 6 10
0 1 4 24.8 79.0 23 -1 6 10
0 1 2 24.8 78.0 23 -1 6 10
0 1 0 24.7 78.0 23 -1 6 10
0 1 0 24.6 77.0 23 -1 6 10
0 1 0 24.5 76.5 23 -1 6 10
0 1 0 24.5 76.0 23 -1 6 10
0 1 0 24.4 75.5 23 -1 6 10
0 1 0 24.3 75.5 23 -1 6 10
0 1 0 24.3 76.0 23 -1 6 10
0 1 16 24.3 76.0 23 -1 6 10
0 1 21 24.4 76.5 23 -1 6 10
0 1 6 24.3 77.0 23 -1 6 10
0 1 0 24.4 77.5 23 -1 6 10
0 1 0 24.4 77.5 23 -1 6 10
0 1 0 24.4 78.0 23 -1 6 10
0 1 0 24.4 78.0 23 -1 6 10
0 1 7 24.4 78.5 23 -1 6 10
0 1 3 24.5 78.5 23 -1 6 10
0 1 3 24.5 79.0 23 -1 6 10
0 1 2 24.5 79.0 23 -1 6 10
0 1 2 24.5 79.0 23 -1 6 10
0 1 3 24.5 79.5 23 -1 6 10
0 1 3 24.6 79.5 23 -1 6 10
0 1 0 24.6 79.5 23 -1 6 10
0 1 0 24.6 80.0 23 -1 6 10
0 1 1 24.6 80.0 23 -1 6 10
0 1 0 24.6 80.0 23 -1 6 10
0 1 0 24.6 80.5 23 -1 6 10
0 1 0 24.7 80.5 23 -1 6 10
0 1 0 24.6 80.5 23 -1 6 10
0 1 0 24.6 80.5 23 -1 6 10
0 1 3 24.7 80.5 23 -1 6 10
0 1 0 24.7 81.0 23 -1 6 10
0 1 0 24.7 81.0 23 -1 6 10
0 1 0 24.8 81.0 23 -1 6 10
0 1 9 24.7 81.0 23 -1 6 10
0 1 0 24.8 81.0 23 -1 6 10
0 1 0 24.8 81.5 23 -1 6 10
0 1 0 24.8 81.5 23 -1 6 10
0 1 0 24.8 81.5 23 -1 6 10
0 1 0 24.7 81.5 23 -1 6 10
0 1 2 24.9 81.5 23 -1 6 10
0 1 3 24.8 81.5 23 -1 6 10
0 1 0 24.9 81.5 23 -1 6 10
0 1 0 24.9 81.5 23 -1 6 10
0 1 4 24.8 81.5 23 -1 6 10
0 1 2 25.0 81.5 23 -1 6 10
0 1 0 24.9 81.5 23 -1 6 10
0 1 1 24.9 81.5 23 -1 6 10
0 1 3 24.9 81.0 23 -1 6 10
0 1 1 24.8 80.5 23 -1 6 10
0 1 2 24.7 79.5 23 -1 6 10
0 1 0 24.6 78.5 23 -1 6 10
0 1 5 24.6 78.0 23 -1 6 10
0 1 2 24.5 77.5 23 -1 6 10
0 1 7 24.6 77.0 23 -1 6 10
0 1 3 24.4 76.5 23 -1 6 10
0 1 6 24.3 75.5 23 -1 6 10
0 1 3 24.3 75.5 23 -1 6 10
0 1 4 24.2 74.5 23 -1 6 10
0 1 2 24.1 74.5 23 -1 6 10
0 1 1 24.1 73.5 23 -1 6 10
0 1 3 24.0 73.5 23 -1 6 10
0 1 0 24.0 74.0 23 -1 6 10
0 1 2 24.0 74.5 23 -1 6 10
0 1 7 24.0 75.0 23 -1 6 10
0 1 2 24.1 75.5 23 -1 6 10
0 1 2 24.0 76.0 23 -1 6 10
0 1 5 24.2 76.0 23 -1 6 10
0 1 8 24.1 76.5 23 -1 6 10
0 1 0 24.1 76.5 23 -1 6 10
0 1 3 24.1 77.0 23 -1 6 10
0 1 1 24.1 77.5 23 -1 6 10
0 1 16 24.2 77.5 23 -1 6 10
0 1 3 24.2 78.0 23 -1 6 10
0 1 2 24.2 78.0 23 -1 6 10
0 1 0 24.2 78.0 23 -1 6 10
0 1 3 24.3 78.5 23 -1 6 10
0 1 5 24.3 78.5 23 -1 6 10
0 1 8 24.3 79.0 23 -1 6 10
0 1 2 24.3 79.0 23 -1 6 10
0 1 8 24.3 79.0 23 -1 6 10
0 1 7 24.4 79.5 23 -1 6 10
0 1 16 24.3 79.5 23 -1 6 10
0 1 0 24.4 79.5 23 -1 6 10
0 1 0 24.4 79.5 23 -1 6 10
0 1 3 24.4 80.0 23 -1 6 10
0 1 0 24.5 80.0 23 -1 6 10
0 1 1 24.5 80.0 23 -1 6 10
0 1 3 24.5 80.0 23 -1 6 10
0 1 0 24.4 80.0 23 -1 6 10
0 1 3 24.5 80.0 23 -1 6 10
0 1 3 24.6 80.5 23 -1 6 10
0 1 1 24.5 80.5 23 -1 6 10
0 1 0 24.5 80.5 23 -1 6 10
0 1 1 24.6 80.5 23 -1 6 10
0 1 0 24.5 80.5 23 -1 6 10
0 1 2 24.6 80.5 23 -1 6 10
0 1 1 24.6 80.5 23 -1 6 10
0 1 0 24.6 81.0 23 -1 6 10
0 1 0 24.6 81.0 23 -1 6 10
0 1 0 24.6 81.0 23 -1 6 10
0 1 18 24.7 81.0 23 -1 6 10
0 1 4 24.7 81.0 23 -1 6 10
0 1 4 24.7 81.0 23 -1 6 10
0 1 1 24.7 81.0 23 -1 6 10
0 1 0 24.7 81.0 23 -1 6 10
0 1 4 24.7 81.0 23 -1 6 10
0 1 0 24.7 81.0 23 -1 6 10
0 1 4 24.7 81.0 23 -1 6 10
0 1 0 24.7 81.0 23 -1 6 10
0 1 0 24.8 81.0 23 -1 6 10
0 1 0 24.9 81.0 23 -1 6 10
0 1 0 24.8 80.5 23 -1 6 10
0 1 0 24.7 80.0 23 -1 6 10
0 1 0 24.6 79.0 23 -1 6 10
0 1 0 24.6 78.5 23 -1 6 10
0 1 0 24.5 78.0 23 -1 6 10
0 1 4 24.4 77.5 23 -1 6 10
0 1 0 24.3 77.0 23 -1 6 10
0 1 3 24.3 76.0 23 -1 6 10
0 1 7 24.2 75.5 23 -1 6 10
0 1 0 24.2 75.0 23 -1 6 10
0 1 0 24.1 75.0 23 -1 6 10
0 1 0 24.0 74.5 23 -1 6 10
0 1 0 24.0 75.0 23 -1 6 10
0 1 0 24.1 75.5 23 -1 6 10
0 1 2 24.0 76.0 23 -1 6 10
0 1 3 24.1 76.5 23 -1 6 10
0 1 3 24.1 76.5 23 -1 6 10
0 1 0 24.1 77.0 23 -1 6 10
0 1 2 24.1 77.0 23 -1 6 10
0 1 0 24.2 77.5 23 -1 6 10
0 1 0 24.1 78.0 23 -1 6 10
0 1 0 24.2 78.0 23 -1 6 10
0 1 1 24.3 78.0 23 -1 6 10
0 1 1 24.2 78.5 23 -1 6 10
0 1 3 24.2 78.5 23 -1 6 10
0 1 2 24.2 79.0 23 -1 6 10
0 1 0 24.3 79.0 23 -1 6 10
0 1 0 24.3 79.0 23 -1 6 10
0 1 0 24.3 79.5 23 -1 6 10
0 1 1 24.4 79.5 23 -1 6 10
0 1 3 24.4 79.5 23 -1 6 10
0 1 0 24.4 79.5 23 -1 6 10
0 1 1 24.4 80.0 23 -1 6 10
0 1 1 24.5 80.0 23 -1 6 10
0 1 0 24.5 80.0 27 -1 6 10
0 1 0 24.5 80.0 23 -1 6 10
0 1 4 24.5 80.0 23 -1 6 10
0 1 2 24.5 80.5 23 -1 6 10
0 1 5 24.5 80.5 23 -1 6 10
0 1 1 24.5 80.5 23 -1 6 10
0 1 5 24.5 80.5 23 -1 6 10
0 1 13 24.5 80.5 23 -1 6 10
0 1 7 24.5 80.5 23 -1 6 10
0 1 4 24.5 81.0 23 -1 6 10
0 1 0 24.6 81.0 23 -1 6 10
0 1 0 24.6 81.0 23 -1 6 10
0 1 0 24.6 81.0 23 -1 6 10
0 1 0 24.7 81.0 23 -1 6 10
0 1 1 24.6 81.0 23 -1 6 10
0 1 3 24.7 81.0 23 -1 6 10
1 1 4 24.6 81.0 25 -1 6 10
0 1 10 24.7 81.0 23 -1 6 10
0 1 5 24.7 81.0 23 -1 6 10
0 1 0 24.7 81.0 23 -1 6 10
0 1 5 24.7 81.0 23 -1 6 10
0 1 0 24.7 81.0 23 -1 6 10
0 1 0 24.8 81.0 23 -1 6 10
0 1 0 24.7 81.0 23 -1 6 10
0 1 1 24.8 81.0 23 -1 6 10
0 1 0 24.8 81.0 23 -1 6 10
0 1 0 24.8 80.5 23 -1 6 10
0 1 0 24.7 79.5 23 -1 6 10
0 1 0 24.7 78.5 23 -1 6 10
0 1 0 24.5 78.0 23 -1 6 10
0 1 0 24.4 78.0 23 -1 6 10
0 1 0 24.4 77.5 23 -1 6 10
0 1 0 24.3 76.5 23 -1 6 10
0 1 0 24.3 76.0 23 -1 6 10
0 1 0 24.2 75.5 23 -1 6 10
0 1 4 24.1 75.0 23 -1 6 10
0 1 1 24.1 75.0 23 -1 6 10
0 1 3 24.0 75.5 23 -1 6 10
0 1 5 24.0 76.0 23 -1 6 10
0 1 1 24.1 76.0 23 -1 6 10
0 1 2 24.1 76.5 23 -1 6 10
0 1 2 24.1 76.5 23 -1 6 10
0 1 0 24.2 77.0 23 -1 6 10
0 1 0 24.2 77.5 23 -1 6 10
0 1 0 24.1 77.5 23 -1 6 10
0 1 0 24.1 78.0 23 -1 6 10
0 1 10 24.2 78.0 23 -1 6 10
0 1 18 24.2 78.5 23 -1 6 10
0 1 26 24.2 78.5 25 -1 6 10
0 1 28 24.3 78.5 2 -1 0 10
0 1 0 24.2 79.0 2 -1 0 10
0 1 0 24.2 79.0 2 -1 0 10
0 1 0 24.3 79.0 2 -1 0 10
0 1 0 24.3 79.0 2 -1 0 10
0 1 0 24.3 79.0 2 -1 0 10
0 1 0 24.3 79.0 2 -1 0 10
0 1 0 24.4 79.0 2 -1 0 10
0 1 0 24.4 79.0 2 -1 0 10
0 1 0 24.4 79.0 2 -1 0 10
0 1 0 24.4 79.0 2 -1 0 10
0 1 0 24.5 79.0 2 -1 0 10
0 1 0 24.4 79.0 2 -1 0 10
0 1 0 24.4 79.0 2 -1 0 10
0 1 0 24.5 79.0 2 -1 0 10
0 1 0 24.5 79.0 2 -1 0 10
0 1 0 24.5 79.0 2 -1 0 10
0 1 0 24.5 79.0 2 -1 0 10
0 1 0 24.5 79.0 2 -1 0 10
0 1 0 24.5 79.0 2 -1 0 10
0 1 0 24.5 79.0 2 -1 0 10
0 1 0 24.6 79.0 2 -1 0 10
0 1 0 24.5 79.0 2 -1 0 10
0 1 0 24.5 79.0 2 -1 0 10
0 1 0 24.5 79.0 2 -1 0 10
0 1 0 24.5 79.0 2 -1 0 10
0 1 0 24.6 79.0 2 -1 0 10
0 1 0 24.6 79.0 2 -1 0 10
0 1 0 24.6 79.0 2 -1 0 10
0 1 0 24.6 79.0 2 -1 0 10
0 1 0 24.6 79.0 2 -1 0 10
0 1 0 24.6 79.0 2 -1 0 10
0 1 0 24.6 79.0 2 -1 0 10
0 1 0 24.6 79.0 2 -1 0 10
0 1 0 24.7 79.0 2 -1 0 10
0 1 0 24.6 79.0 2 -1 0 10
0 1 0 24.6 79.0 2 -1 0 10
0 1 0 24.6 79.0 2 -1 0 10
0 1 0 24.7 79.5 2 -1 0 10
0 1 0 24.6 79.0 2 -1 0 10
0 1 0 24.7 79.0 2 -1 0 10
0 1 0 24.6 79.0 2 -1 0 10
0 1 0 24.6 79.5 2 -1 0 10
0 1 0 24.6 79.0 2 -1 0 10
0 1 0 24.7 79.5 2 -1 0 10
0 1 0 24.7 79.5 2 -1 0 10
0 1 0 24.7 79.5 2 -1 0 10
0 1 0 24.7 79.5 2 -1 0 10
0 1 0 24.7 79.5 2 -1 0 10
0 1 0 24.7 79.5 2 -1 0 10
0 1 0 24.7 79.5 2 -1 0 10
0 1 0 24.6 79.5 2 -1 0 10
0 1 0 24.7 79.5 2 -1 0 10
0 1 0 24.7 79.5 2 -1 0 10
0 1 0 24.7 79.5 2 -1 0 10
0 1 0 24.7 79.5 2 -1 0 10
0 1 0 24.7 79.5 2 -1 0 10
0 1 0 24.7 79.5 2 -1 0 10
0 1 0 24.7 79.5 2 -1 0 10
0 1 0 24.7 79.5 2 -1 0 10
0 1 0 24.8 79.5 2 -1 0 10
0 1 0 24.8 79.5 2 -1 0 10
0 1 0 24.8 79.5 2 -1 0 10
0 1 0 24.7 79.5 2 -1 0 10
0 1 0 24.8 79.5 2 -1 0 10
0 1 0 24.8 79.5 2 -1 0 10
0 1 0 24.7 79.5 2 -1 0 10
0 1 0 24.8 79.5 2 -1 0 10
0 1 0 24.7 79.5 2 -1 0 10
0 1 0 24.7 79.5 2 -1 0 10
0 1 0 24.8 80.0 2 -1 0 10
0 1 0 24.8 80.0 2 -1 0 10
0 1 0 24.8 80.0 2 -1 0 10
0 1 0 24.7 80.0 2 -1 0 10
0 1 0 24.8 80.0 2 -1 0 10
0 1 0 24.8 80.0 2 -1 0 10
0 1 0 24.8 80.0 2 -1 0 10
0 1 0 24.8 80.0 2 -1 0 10
0 1 0 24.8 80.0 2 -1 0 10
0 1 0 24.8 80.0 2 -1 0 10
0 1 0 24.8 80.0 2 -1 0 10
0 1 0 24.8 80.0 2 -1 0 10
0 1 0 24.8 80.0 2 -1 0 10
0 1 0 24.8 80.0 2 -1 0 10
0 1 0 24.8 80.5 2 -1 0 10
0 1 0 24.8 80.0 2 -1 0 10
0 1 0 24.8 80.5 2 -1 0 10
0 1 0 24.8 80.0 2 -1 0 10
0 1 0 24.8 80.5 2 -1 0 10
0 1 0 24.8 80.5 2 -1 0 10
0 1 0 24.8 80.5 2 -1 0 10
0 1 0 24.8 80.5 2 -1 0 10
0 1 0 24.8 80.5 2 -1 0 10
0 1 0 24.8 80.5 2 -1 0 10
0 1 0 24.9 80.5 2 -1 0 10
0 1 0 24.8 80.5 2 -1 0 10
0 1 0 24.8 80.5 2 -1 0 10
0 1 0 24.8 80.5 2 -1 0 10
0 1 0 24.8 80.5 2 -1 0 10
0 1 0 24.8 80.5 2 -1 0 10
0 1 0 24.8 80.5 2 -1 0 10
0 1 0 24.8 80.5 2 -1 0 10
0 1 0 24.8 80.5 2 -1 0 10
0 1 0 24.9 80.5 2 -1 0 10
0 1 0 24.8 80.5 2 -1 0 10
0 1 0 24.9 80.0 2 -1 0 10
0 1 0 24.9 80.5 2 -1 0 10
0 1 0 24.9 80.5 2 -1 0 10
0 1 0 24.8 80.5 2 -1 0 10
0 1 0 24.8 80.5 2 -1 0 10
0 1 0 24.8 80.5 2 -1 0 10
0 1 0 24.8 80.5 2 -1 0 10
0 1 0 24.8 80.5 2 -1 0 10
0 1 0 24.9 80.5 2 -1 0 10
0 1 0 24.8 80.5 2 -1 0 10
