0 1 0 26.4 66.5 2 -1 0 -1
0 1 0 26.4 66.5 2 -1 0 -1
0 1 0 26.4 66.5 2 -1 0 -1
0 1 0 26.4 66.5 2 -1 0 -1
0 1 0 26.3 66.5 2 -1 0 -1
0 1 0 26.3 66.5 2 -1 0 -1
0 1 0 26.4 66.5 2 -1 0 -1
0 1 0 26.4 66.5 2 -1 0 -1
0 1 0 26.5 66.5 2 -1 0 -1
0 1 0 26.5 66.5 2 -1 0 -1
0 1 0 26.5 66.5 2 -1 0 -1
0 1 0 26.5 66.5 2 -1 0 -1
0 1 0 26.5 66.5 2 -1 0 -1
0 1 0 26.5 66.5 2 -1 0 -1
0 1 0 26.6 66.5 2 -1 0 -1
0 1 0 26.5 66.5 2 -1 0 -1
0 1 0 26.5 66.5 2 -1 0 -1
0 1 0 26.6 66.5 2 -1 0 -1
0 1 0 26.6 66.5 2 -1 0 -1
0 1 0 26.6 66.5 2 -1 0 -1
0 1 0 26.5 66.5 2 -1 0 -1
0 1 0 26.6 66.5 2 -1 0 -1
0 1 0 26.6 66.5 2 -1 0 -1
0 1 0 26.6 66.5 2 -1 0 -1
0 1 0 26.6 66.5 2 -1 0 -1
0 1 0 26.6 66.5 2 -1 0 -1
0 1 0 26.7 66.5 2 -1 0 -1
0 1 0 26.6 66.5 2 -1 0 -1
0 1 0 26.6 66.5 2 -1 0 -1
0 1 0 26.7 66.5 2 -1 0 -1
0 1 0 26.7 66.5 2 -1 0 -1
0 1 0 26.6 66.5 2 -1 0 -1
0 1 0 26.6 66.5 2 -1 0 -1
0 1 0 26.7 67.0 2 -1 0 -1
0 1 0 26.7 67.0 2 -1 0 -1
0 1 0 26.7 66.5 2 -1 0 -1
0 1 0 26.7 67.0 2 -1 0 -1
0 1 0 26.7 67.0 2 -1 0 -1
0 1 0 26.7 67.0 2 -1 0 -1
0 1 0 26.7 66.5 2 -1 0 -1
0 1 0 26.7 67.0 2 -1 0 -1
0 1 0 26.8 66.5 2 -1 0 -1
0 1 0 26.8 66.5 2 -1 0 -1
0 1 0 26.7 67.0 2 -1 0 -1
0 1 0 26.7 66.5 2 -1 0 -1
0 1 0 26.8 67.0 2 -1 0 -1
0 1 0 26.8 67.0 2 -1 0 -1
0 1 0 26.8 67.0 2 -1 0 -1
0 1 0 26.8 67.0 2 -1 0 -1
0 1 0 26.8 66.5 2 -1 0 -1
0 1 0 26.8 66.5 2 -1 0 -1
0 1 0 26.8 67.0 2 -1 0 -1
0 1 0 26.8 67.0 2 -1 0 -1
0 1 0 26.7 67.0 2 -1 0 -1
0 1 0 26.8 67.0 2 -1 0 -1
0 1 0 26.8 67.0 2 -1 0 -1
0 1 0 26.8 67.0 2 -1 0 -1
0 1 0 26.8 67.0 2 -1 0 -1
0 1 0 26.8 67.0 2 -1 0 -1
0 1 0 26.8 67.0 2 -1 0 -1
0 1 0 26.8 67.0 2 -1 0 -1
0 1 0 26.8 67.0 2 -1 0 -1
0 1 0 26.8 67.0 2 -1 0 -1
0 1 0 26.8 67.0 2 -1 0 -1
0 1 0 26.9 67.0 2 -1 0 -1
0 1 0 26.9 67.0 2 -1 0 -1
0 1 0 26.8 67.0 2 -1 0 -1
0 1 0 26.9 67.0 2 -1 0 -1
0 1 0 26.8 67.0 2 -1 0 -1
0 1 0 26.9 67.0 2 -1 0 -1
0 1 0 26.9 67.0 2 -1 0 -1
0 1 0 26.9 67.0 2 -1 0 -1
0 1 0 26.9 67.0 2 -1 0 -1
0 1 0 26.9 67.0 2 -1 0 -1
0 1 0 27.0 67.0 2 -1 0 -1
0 1 0 26.9 67.0 2 -1 0 -1
0 1 0 26.9 67.0 2 -1 0 -1
0 1 0 26.9 67.0 2 -1 0 -1
0 1 0 26.9 67.0 2 -1 0 -1
0 1 0 26.9 67.0 2 -1 0 -1
0 1 0 26.9 67.0 2 -1 0 -1
0 1 0 26.9 67.0 2 -1 0 -1
0 1 0 26.9 67.0 2 -1 0 -1
0 1 0 26.9 67.0 2 -1 0 -1
0 1 0 26.9 67.0 2 -1 0 -1
0 1 0 26.9 67.0 2 -1 0 -1
0 1 0 27.0 67.0 2 -1 0 -1
0 1 0 27.0 67.0 2 -1 0 -1
0 1 0 27.0 67.0 2 -1 0 -1
0 1 0 27.0 67.0 2 -1 0 -1
0 1 0 27.0 67.0 2 -1 0 -1
0 1 0 27.0 67.0 2 -1 0 -1
0 1 0 27.0 67.0 2 -1 0 -1
0 1 0 27.0 67.0 2 -1 0 -1
0 1 0 27.0 67.0 2 -1 0 -1
0 1 0 27.0 67.0 2 -1 0 -1
0 1 0 27.0 67.0 2 -1 0 -1
0 1 0 27.0 67.0 2 -1 0 -1
0 1 0 27.0 67.0 2 -1 0 -1
0 1 0 27.1 67.0 2 -1 0 -1
0 1 0 27.1 67.5 2 -1 0 -1
0 1 0 27.1 67.5 2 -1 0 -1
0 1 0 27.1 67.0 2 -1 0 -1
0 1 0 27.0 67.0 2 -1 0 -1
0 1 0 27.1 67.0 2 -1 0 -1
0 1 0 27.1 67.0 2 -1 0 -1
0 1 0 27.1 67.0 2 -1 0 -1
0 1 0 27.1 67.5 2 -1 0 -1
0 1 0 27.1 67.5 2 -1 0 -1
0 1 0 27.1 67.5 2 -1 0 -1
0 1 0 27.1 67.5 2 -1 0 -1
0 1 0 27.0 67.5 2 -1 0 -1
0 1 0 27.1 67.5 2 -1 0 -1
0 1 0 27.1 67.5 2 -1 0 -1
0 1 0 27.1 67.5 2 -1 0 -1
0 1 0 27.2 67.5 2 -1 0 -1
0 1 0 27.1 67.5 2 -1 0 -1
0 1 0 27.1 67.5 2 -1 0 -1
0 1 0 27.1 67.5 2 -1 0 -1
0 1 0 27.1 67.5 2 -1 0 -1
0 1 0 27.2 67.5 2 -1 0 -1
0 1 0 27.1 67.5 2 -1 0 -1
0 1 0 27.1 67.5 2 -1 0 -1
0 1 0 27.2 67.5 2 -1 0 -1
0 1 0 27.2 67.5 2 -1 0 -1
0 1 0 27.2 67.5 2 -1 0 -1
0 1 0 27.1 67.5 2 -1 0 -1
0 1 0 27.1 67.5 2 -1 0 -1
0 1 0 27.2 67.5 2 -1 0 -1
0 1 0 27.1 67.5 2 -1 0 -1
0 1 0 27.2 67.5 2 -1 0 -1
0 1 0 27.2 67.5 2 -1 0 -1
0 1 0 27.2 67.5 2 -1 0 -1
0 1 0 27.2 67.5 2 -1 0 -1
0 1 0 27.2 67.5 2 -1 0 -1
0 1 0 27.2 67.5 2 -1 0 -1
0 1 0 27.2 67.5 2 -1 0 -1
0 1 0 27.2 67.5 2 -1 0 -1
0 1 0 27.2 67.5 2 -1 0 -1
0 1 0 27.2 67.5 2 -1 0 -1
0 1 0 27.2 67.5 2 -1 0 -1
0 1 0 27.2 67.5 2 -1 0 -1
0 1 0 27.2 67.5 2 -1 0 -1
0 1 0 27.2 67.5 2 -1 0 -1
0 1 0 27.2 67.5 2 -1 0 -1
0 1 0 27.2 67.5 2 -1 0 -1
0 1 0 27.2 67.5 2 -1 0 -1
0 1 0 27.2 67.5 2 -1 0 -1
0 1 0 27.2 67.5 2 -1 0 -1
0 1 0 27.3 67.5 2 -1 0 -1
0 1 0 27.3 67.5 2 -1 0 -1
0 1 0 27.2 67.5 2 -1 0 -1
0 1 0 27.2 67.5 2 -1 0 -1
0 1 0 27.3 67.5 2 -1 0 -1
0 1 0 27.3 67.5 2 -1 0 -1
0 1 0 27.3 67.5 2 -1 0 -1
0 1 0 27.3 67.5 2 -1 0 -1
0 1 0 27.3 67.5 2 -1 0 -1
0 1 0 27.2 67.5 2 -1 0 -1
0 1 0 27.3 67.5 2 -1 0 -1
0 1 0 27.3 67.5 2 -1 0 -1
0 1 0 27.3 67.5 2 -1 0 -1
0 1 0 27.3 67.5 2 -1 0 -1
0 1 0 27.3 67.5 2 -1 0 -1
0 1 0 27.3 67.5 2 -1 0 -1
0 1 0 27.3 67.5 2 -1 0 -1
0 1 0 27.3 67.5 2 -1 0 -1
0 1 0 27.2 67.5 2 -1 0 -1
0 1 0 27.2 67.5 2 -1 0 -1
0 1 0 27.3 67.5 2 -1 0 -1
0 1 0 27.3 67.5 2 -1 0 -1
0 1 0 27.3 67.5 2 -1 0 -1
0 1 0 27.3 67.5 2 -1 0 -1
0 1 0 27.3 67.5 2 -1 0 -1
0 1 0 27.3 67.5 2 -1 0 -1
0 1 0 27.3 68.0 2 -1 0 -1
0 1 0 27.3 68.0 2 -1 0 -1
0 1 0 27.3 68.0 2 -1 0 -1
0 1 0 27.3 68.0 2 -1 0 -1
0 1 0 27.3 68.0 2 -1 0 -1
0 1 0 27.3 68.0 2 -1 0 -1
0 1 0 27.3 68.0 2 -1 0 -1
0 1 0 27.4 68.0 2 -1 0 -1
0 1 0 27.4 68.0 2 -1 0 -1
0 1 0 27.3 68.0 2 -1 0 -1
0 1 0 27.3 68.0 2 -1 0 -1
0 1 0 27.3 68.0 2 -1 0 -1
0 1 0 27.3 68.0 2 -1 0 -1
0 1 0 27.3 68.0 2 -1 0 -1
0 1 0 27.4 68.0 2 -1 0 -1
0 1 0 27.3 68.0 2 -1 0 -1
0 1 0 27.4 68.0 2 -1 0 -1
0 1 0 27.4 68.0 2 -1 0 -1
0 1 0 27.4 68.0 2 -1 0 -1
0 1 0 27.4 68.0 2 -1 0 -1
0 1 0 27.4 68.0 2 -1 0 -1
0 1 0 27.4 68.0 2 -1 0 -1
0 1 0 27.4 68.0 2 -1 0 -1
0 1 0 27.4 68.0 2 -1 0 -1
0 1 0 27.4 68.0 2 -1 0 -1
0 1 0 27.4 68.0 2 -1 0 -1
0 1 0 27.4 68.0 2 -1 0 -1
0 1 0 27.3 68.0 2 -1 0 -1
0 1 0 27.4 68.0 2 -1 0 -1
0 1 0 27.4 68.0 2 -1 0 -1
0 1 0 27.4 68.0 2 -1 0 -1
0 1 0 27.3 68.0 2 -1 0 -1
0 1 0 27.4 68.0 2 -1 0 -1
0 1 0 27.4 68.0 2 -1 0 -1
0 1 0 27.4 68.0 2 -1 0 -1
0 1 0 27.4 68.0 2 -1 0 -1
0 1 0 27.4 68.0 2 -1 0 -1
0 1 0 27.4 68.0 2 -1 0 -1
0 1 0 27.4 68.0 2 -1 0 -1
0 1 0 27.4 68.0 2 -1 0 -1
0 1 0 27.4 68.0 2 -1 0 -1
0 1 0 27.3 68.0 2 -1 0 -1
0 1 0 27.4 68.0 2 -1 0 -1
0 1 0 27.4 68.0 2 -1 0 -1
0 1 0 27.4 68.0 2 -1 0 -1
0 1 0 27.5 68.0 2 -1 0 -1
0 1 0 27.5 68.0 2 -1 0 -1
0 1 0 27.5 68.0 2 -1 0 -1
0 1 0 27.4 68.0 2 -1 0 -1
0 1 0 27.5 68.0 2 -1 0 -1
0 1 0 27.5 68.0 2 -1 0 -1
0 1 0 27.4 68.0 2 -1 0 -1
0 1 0 27.4 68.0 2 -1 0 -1
0 1 0 27.4 68.0 2 -1 0 -1
0 1 0 27.4 68.0 2 -1 0 -1
0 1 0 27.4 68.0 2 -1 0 -1
0 1 0 27.5 68.0 2 -1 0 -1
0 1 0 27.5 68.0 2 -1 0 -1
0 1 0 27.5 68.0 2 -1 0 -1
0 1 0 27.4 68.0 2 -1 0 -1
0 1 0 27.4 68.0 2 -1 0 -1
0 1 0 27.5 68.0 2 -1 0 -1
0 1 0 27.5 68.0 2 -1 0 -1
0 1 0 27.4 68.0 2 -1 0 -1
0 1 0 27.4 68.0 2 -1 0 -1
0 1 0 27.5 68.5 2 -1 0 -1
0 1 0 27.5 68.5 2 -1 0 -1
0 1 0 27.5 68.5 2 -1 0 -1
0 1 0 27.5 68.5 2 -1 0 -1
0 1 0 27.5 68.5 2 -1 0 -1
0 1 0 27.5 68.5 2 -1 0 -1
0 1 0 27.5 69.0 2 -1 0 -1
0 1 0 27.4 69.0 2 -1 0 -1
0 1 0 27.5 69.0 2 -1 0 -1
0 1 0 27.5 68.5 2 -1 0 -1
0 1 0 27.5 68.5 2 -1 0 -1
0 1 0 27.5 68.5 2 -1 0 -1
0 1 0 27.5 68.5 2 -1 0 -1
0 1 0 27.6 68.5 2 -1 0 -1
0 1 0 27.5 68.5 2 -1 0 -1
0 1 0 27.6 68.5 2 -1 0 -1
0 1 0 27.6 68.5 2 -1 0 -1
0 1 0 27.5 68.5 2 -1 0 -1
0 1 0 27.6 68.5 2 -1 0 -1
0 1 0 27.5 68.5 2 -1 0 -1
0 1 0 27.5 68.5 2 -1 0 -1
0 1 0 27.6 68.5 2 -1 0 -1
0 1 0 27.6 68.5 2 -1 0 -1
0 1 0 27.6 68.5 2 -1 0 -1
0 1 0 27.6 68.5 2 -1 0 -1
0 1 0 27.5 68.5 2 -1 0 -1
0 1 0 27.6 68.5 2 -1 0 -1
0 1 0 27.6 68.5 2 -1 0 -1
0 1 0 27.5 68.5 2 -1 0 -1
0 1 0 27.6 68.5 2 -1 0 -1
0 1 0 27.6 68.5 2 -1 0 -1
0 1 0 27.6 68.5 2 -1 0 -1
0 1 0 27.6 68.5 2 -1 0 -1
0 1 0 27.6 68.5 2 -1 0 -1
0 1 0 27.6 68.5 2 -1 0 -1
0 1 0 27.6 68.5 2 -1 0 -1
0 1 0 27.6 68.5 2 -1 0 -1
0 1 0 27.6 68.5 2 -1 0 -1
0 1 0 27.5 68.5 2 -1 0 -1
0 1 0 27.6 68.5 2 -1 0 -1
0 1 0 27.6 68.5 2 -1 0 -1
0 1 0 27.5 68.5 2 -1 0 -1
0 1 0 27.6 68.5 2 -1 0 -1
0 1 0 27.6 68.5 2 -1 0 -1
0 1 0 27.7 68.5 2 -1 0 -1
0 1 0 27.5 68.5 2 -1 0 -1
0 1 0 27.6 68.5 2 -1 0 -1
0 1 0 27.6 68.5 2 -1 0 -1
0 1 0 27.6 68.5 2 -1 0 -1
0 1 0 27.6 68.5 2 -1 0 -1
0 1 0 27.5 68.5 2 -1 0 -1
0 1 0 27.6 68.5 2 -1 0 -1
0 1 0 27.7 68.5 2 -1 0 -1
0 1 0 27.6 68.5 2 -1 0 -1
0 1 0 27.6 68.5 2 -1 0 -1
0 1 0 27.6 68.5 2 -1 0 -1
0 1 0 27.6 68.5 1 -1 0 -1
0 1 0 27.6 68.5 1 -1 0 -1
0 1 0 27.5 68.5 1 -1 0 -1
0 1 0 27.6 68.5 1 -1 0 -1
0 1 0 27.6 69.0 1 -1 0 -1
0 1 0 27.6 69.0 1 -1 0 -1
0 1 0 27.7 68.5 1 -1 0 -1
0 1 0 27.6 68.5 1 -1 0 -1
0 1 0 27.6 68.5 1 -1 0 -1
0 1 0 27.6 69.0 1 -1 0 -1
0 1 0 27.6 68.5 1 -1 0 -1
0 1 0 27.6 68.5 1 -1 0 -1
0 1 0 27.6 69.0 1 -1 0 -1
0 1 0 27.6 69.0 1 -1 0 -1
0 1 0 27.6 69.0 0 -1 0 -1
0 1 0 27.6 69.0 0 -1 0 -1
0 1 0 27.6 68.5 0 -1 0 -1
0 1 0 27.6 69.0 0 -1 0 -1
0 1 0 27.6 69.0 0 -1 0 -1
0 1 0 27.6 69.0 0 -1 0 -1
0 1 0 27.7 69.0 0 -1 0 -1
0 1 0 27.7 69.0 2 -1 0 -1
0 1 0 27.6 68.5 2 -1 0 -1
0 1 0 27.6 69.0 0 -1 0 -1
0 1 0 27.6 69.0 0 -1 0 -1
0 1 0 27.7 69.0 2 -1 0 -1
0 1 0 27.7 69.0 1 -1 0 -1
0 1 0 27.7 69.0 2 -1 0 -1
0 1 0 27.7 69.0 0 -1 0 -1
0 1 0 27.6 69.0 1 -1 0 -1
0 1 0 27.7 69.0 2 -1 0 -1
0 1 0 27.7 69.0 2 -1 0 -1
0 1 0 27.6 69.0 1 -1 0 -1
0 1 0 27.7 69.0 2 -1 0 -1
0 1 0 27.7 69.0 2 -1 0 -1
0 1 0 27.7 69.0 2 -1 0 -1
0 1 0 27.6 69.0 2 -1 0 -1
0 1 0 27.6 69.0 5 -1 0 -1
0 1 0 27.7 69.0 3 -1 0 -1
0 1 0 27.7 69.0 7 -1 0 -1
0 1 0 27.7 69.0 5 -1 0 -1
0 1 0 27.7 69.0 8 -1 0 -1
0 1 0 27.6 69.0 8 -1 0 -1
0 1 0 27.6 69.0 6 -1 0 -1
0 1 0 27.7 69.0 8 -1 0 -1
0 1 0 27.7 69.0 10 -1 0 -1
0 1 0 27.7 69.0 8 -1 0 -1
0 1 0 27.7 69.0 8 -1 0 -1
0 1 0 27.7 69.0 8 -1 0 -1
0 1 0 27.7 69.0 10 -1 0 -1
0 1 0 27.7 69.0 8 -1 0 -1
0 1 0 27.8 69.0 7 -1 0 -1
0 1 0 27.7 69.0 5 -1 0 -1
0 1 0 27.7 69.0 3 -1 0 -1
0 1 0 27.7 69.0 3 -1 0 -1
0 1 0 27.7 69.0 6 -1 0 -1
0 1 0 27.7 69.0 6 -1 0 -1
0 1 0 27.7 69.0 3 -1 0 -1
0 1 0 27.7 69.0 3 -1 0 -1
0 1 0 27.7 69.0 5 -1 0 -1
0 1 0 27.7 69.0 5 -1 0 -1
0 1 0 27.7 69.0 7 -1 0 -1
0 1 0 27.8 69.0 5 -1 0 -1
0 1 0 27.8 69.0 7 -1 0 -1
0 1 0 27.7 69.0 5 -1 0 -1
0 1 0 27.7 69.0 7 -1 0 -1
0 1 0 27.7 69.0 7 -1 0 -1
0 1 0 27.7 69.0 7 -1 0 -1
0 1 0 27.8 69.0 7 -1 0 -1
0 1 0 27.7 69.0 7 -1 0 -1
0 1 0 27.7 69.0 7 -1 0 -1
0 1 0 27.8 69.0 7 -1 0 -1
0 1 0 27.8 69.0 7 -1 0 -1
0 1 0 27.7 69.0 7 -1 0 -1
0 1 0 27.7 69.0 7 -1 0 -1
0 1 0 27.8 69.0 7 -1 0 -1
0 1 0 27.7 69.0 5 -1 0 -1
0 1 0 27.8 69.0 5 -1 0 -1
0 1 0 27.8 69.0 5 -1 0 -1
0 1 0 27.8 69.0 7 -1 0 -1
0 1 0 27.7 69.0 7 -1 0 -1
0 1 0 27.8 69.0 7 -1 0 -1
0 1 0 27.8 69.0 9 -1 0 -1
0 1 0 27.8 69.0 9 -1 0 -1
0 1 0 27.8 69.0 7 -1 0 -1
0 1 0 27.7 69.0 7 -1 0 -1
0 1 0 27.8 69.0 9 -1 0 -1
0 1 0 27.7 69.0 11 -1 0 -1
0 1 0 27.8 69.0 8 -1 0 -1
0 1 0 27.8 69.0 10 -1 0 -1
0 1 0 27.8 69.0 12 -1 0 -1
0 1 0 27.8 69.0 14 -1 0 -1
0 1 0 27.8 69.0 10 -1 0 -1
0 1 0 27.8 69.0 10 -1 0 -1
0 1 0 27.8 69.0 12 -1 0 -1
0 1 0 27.8 69.0 12 -1 0 -1
0 1 0 27.7 69.0 12 -1 0 -1
0 1 0 27.8 69.0 14 -1 0 -1
0 1 0 27.8 69.0 16 -1 0 -1
0 1 0 27.8 69.0 12 -1 0 -1
0 1 0 27.8 69.0 12 -1 0 -1
0 1 0 27.8 69.0 14 -1 0 -1
0 1 0 27.9 69.0 14 -1 0 -1
0 1 0 27.8 69.0 14 -1 0 -1
0 1 0 27.8 69.0 14 -1 0 -1
0 1 0 27.8 69.0 16 -1 0 -1
0 1 0 27.8 69.0 16 -1 0 -1
0 1 0 27.9 69.0 16 -1 0 -1
0 1 0 27.8 69.5 16 -1 0 -1
0 1 0 27.9 69.5 16 -1 0 -1
0 1 0 27.9 69.5 16 -1 0 -1
0 1 0 27.9 69.5 16 -1 0 -1
0 1 0 27.9 69.5 16 -1 0 -1
0 1 0 27.9 69.5 14 -1 0 -1
0 1 0 27.8 69.5 14 -1 0 -1
0 1 0 27.9 69.5 14 -1 0 -1
0 1 0 27.9 69.5 12 -1 0 -1
0 1 0 27.9 69.5 12 -1 0 -1
0 1 0 27.9 69.5 16 -1 0 -1
0 1 0 27.9 69.5 14 -1 0 -1
0 1 0 27.9 70.0 14 -1 0 -1
0 1 0 28.0 70.0 12 -1 0 -1
0 1 0 28.0 70.0 12 -1 0 -1
0 1 0 28.0 70.0 10 -1 0 -1
0 1 0 28.0 70.0 14 -1 0 -1
0 1 0 27.9 70.0 12 -1 0 -1
0 1 0 27.9 70.0 12 -1 0 -1
0 1 0 28.0 70.0 12 -1 0 -1
0 1 0 28.0 70.0 14 -1 0 -1
0 1 0 28.0 70.0 14 -1 0 -1
0 1 0 28.0 70.5 14 -1 0 -1
0 1 0 28.0 70.0 10 -1 0 -1
0 1 0 28.0 70.0 10 -1 0 -1
0 1 0 28.0 70.0 12 -1 0 -1
0 1 0 28.0 70.0 12 -1 0 -1
0 1 0 28.0 70.0 12 -1 0 -1
0 1 0 28.0 70.0 14 -1 0 -1
0 1 0 28.1 70.0 12 -1 0 -1
0 1 0 28.0 70.0 14 -1 0 -1
0 1 0 28.1 70.0 12 -1 0 -1
0 1 0 28.1 70.0 15 -1 0 -1
0 1 0 28.1 70.0 17 -1 0 -1
0 1 0 28.1 70.0 17 -1 0 -1
0 1 0 28.1 70.0 19 -1 0 -1
0 1 0 28.0 70.0 15 -1 0 -1
0 1 0 28.1 70.0 15 -1 0 -1
0 1 0 28.1 70.0 17 -1 0 -1
0 1 0 28.1 70.0 17 -1 0 -1
0 1 0 28.0 70.0 19 -1 0 -1
0 1 0 28.1 70.0 19 -1 0 -1
0 1 0 28.0 70.0 19 -1 0 -1
0 1 0 28.1 70.0 21 -1 0 -1
0 1 0 28.1 70.0 17 -1 0 -1
0 1 0 28.0 70.0 17 -1 0 -1
0 1 0 28.1 70.0 19 -1 0 -1
0 1 0 28.1 70.0 19 -1 0 -1
0 1 0 28.1 70.0 19 -1 0 -1
0 1 0 28.1 70.0 19 -1 0 -1
0 1 0 28.1 70.0 21 -1 0 -1
0 1 0 28.2 70.5 21 -1 0 -1
0 1 0 28.1 70.0 21 -1 0 -1
0 1 0 28.1 70.5 21 -1 0 -1
0 1 0 28.1 70.5 23 -1 0 -1
0 1 0 28.1 70.5 23 -1 0 -1
0 1 0 28.1 70.5 23 -1 0 -1
0 1 0 28.1 70.5 19 -1 0 -1
0 1 0 28.1 70.5 19 -1 0 -1
0 1 0 28.1 70.5 21 -1 0 -1
0 1 0 28.1 70.5 24 -1 0 -1
0 1 0 28.2 70.5 24 -1 0 -1
0 1 0 28.2 70.5 28 -1 0 -1
0 1 0 28.2 70.5 26 -1 0 -1
0 1 0 28.1 70.5 26 -1 0 -1
0 1 0 28.2 70.5 30 -1 0 -1
0 1 0 28.2 70.5 31 -1 0 -1
0 1 0 28.1 70.5 30 -1 0 -1
0 1 0 28.2 70.5 30 -1 0 -1
0 1 0 28.1 70.5 38 -1 0 -1
0 1 0 28.2 70.5 52 -1 0 -1
0 1 0 28.1 70.5 56 -1 0 -1
0 1 0 28.2 70.5 59 -1 0 -1
0 1 0 28.2 70.5 64 c26 0 -1
0 1 10 28.2 70.5 71 c26 0 -1
0 1 4 28.2 70.5 80 c26 5 -1
0 1 0 28.1 71.0 75 c26 5 -1
0 1 0 28.2 71.0 73 c26 5 -1
0 1 0 28.1 70.0 68 c26 5 -1
0 1 0 28.0 69.0 73 c26 5 -1
0 1 0 27.9 68.0 71 c26 5 -1
0 1 0 27.8 67.0 73 c26 5 -1
0 1 0 27.7 66.0 73 c26 5 -1
0 1 0 27.6 65.0 75 c26 5 -1
0 1 0 27.5 64.5 75 c26 5 -1
0 1 0 27.4 63.5 71 c26 5 -1
0 1 0 27.2 63.0 71 c26 5 -1
0 1 0 27.1 63.0 71 c26 5 -1
0 1 2 27.1 62.5 71 c26 5 -1
0 1 0 27.0 62.0 75 c26 5 -1
0 1 0 26.9 61.0 74 c26 5 -1
0 1 0 26.7 60.5 74 c26 5 -1
0 1 2 26.8 60.0 76 c26 5 -1
0 1 0 26.6 59.0 75 c26 5 -1
0 1 0 26.6 59.0 68 c26 5 -1
0 1 0 26.4 58.5 71 c26 5 -1
0 1 0 26.4 58.0 73 c26 5 -1
0 1 7 26.3 58.0 71 c26 5 -1
0 1 0 26.2 57.5 73 c26 5 -1
0 1 10 26.2 57.5 73 c26 5 -1
0 1 0 26.2 57.5 70 c26 5 -1
0 1 0 26.1 57.0 70 c26 5 -1
0 1 0 26.1 57.0 70 c26 5 -1
0 1 0 26.0 56.5 71 c26 5 -1
0 1 0 26.0 57.0 69 c26 5 -1
0 1 0 25.9 56.5 69 c26 5 -1
0 1 0 25.9 56.5 61 c26 5 -1
0 1 0 25.8 55.5 58 c26 5 -1
0 1 0 25.8 55.5 52 c26 5 -1
0 1 0 25.7 55.5 52 c26 5 -1
0 1 0 25.7 55.0 54 c26 5 -1
0 1 0 25.7 55.0 50 c26 5 -1
0 1 0 25.5 54.5 56 c26 5 -1
0 1 0 25.5 54.5 69 c26 5 -1
0 1 0 25.5 54.0 69 c26 5 -1
0 1 8 25.4 54.0 69 c26 5 -1
0 1 0 25.3 54.0 67 c26 5 -1
0 1 0 25.3 54.0 69 c26 5 -1
0 1 0 25.3 54.0 66 c26 5 -1
0 1 0 25.2 53.5 62 c26 5 -1
0 1 0 25.2 54.0 67 c26 5 -1
0 1 3 25.3 53.5 64 c26 5 -1
0 1 16 25.3 54.0 60 c26 5 -1
0 1 0 25.2 54.0 59 -1 5 -1
0 1 16 25.1 54.0 61 -1 5 -1
0 1 5 25.1 54.0 42 -1 0 -1
0 1 0 25.2 54.0 40 -1 0 -1
0 1 0 25.2 54.5 35 -1 0 -1
0 1 0 25.3 54.5 35 -1 0 -1
0 1 0 25.4 54.5 35 -1 0 -1
0 1 0 25.5 55.0 37 -1 0 -1
0 1 0 25.6 55.0 31 -1 0 -1
0 1 0 25.7 55.5 35 -1 0 -1
0 1 0 25.7 55.5 37 -1 0 -1
0 1 0 25.9 56.5 35 -1 0 -1
0 1 0 25.9 57.0 37 -1 0 -1
0 1 0 25.9 57.5 33 -1 0 -1
0 1 0 26.1 58.0 33 -1 0 -1
0 1 0 26.0 58.5 31 -1 0 -1
0 1 0 26.2 59.0 35 -1 0 -1
0 1 0 26.2 59.5 38 -1 0 -1
0 1 0 26.3 60.5 35 -1 0 -1
0 1 0 26.3 61.0 43 -1 0 -1
0 1 0 26.4 61.0 41 -1 0 -1
0 1 0 26.4 61.0 45 -1 0 -1
0 1 0 26.5 61.5 48 -1 0 -1
0 1 0 26.5 62.0 50 -1 0 -1
0 1 0 26.5 62.0 43 -1 0 -1
0 1 0 26.6 62.0 45 -1 0 -1
0 1 0 26.7 62.5 42 -1 0 -1
0 1 0 26.6 63.0 42 -1 0 -1
0 1 0 26.7 63.0 45 -1 0 -1
0 1 0 26.8 63.5 43 -1 0 -1
0 1 0 26.7 63.5 45 -1 0 -1
0 1 0 26.8 64.0 38 -1 0 -1
0 1 0 26.8 64.0 40 -1 0 -1
0 1 0 26.9 64.0 38 -1 0 -1
0 1 0 26.9 64.0 40 -1 0 -1
0 1 0 26.8 65.0 40 -1 0 -1
0 1 0 26.9 64.5 38 -1 0 -1
0 1 0 27.0 64.5 42 -1 0 -1
0 1 0 27.0 64.5 40 -1 0 -1
0 1 0 27.0 64.0 37 -1 0 -1
0 1 0 27.0 64.0 38 -1 0 -1
0 1 0 27.0 64.0 38 -1 0 -1
0 1 0 27.1 64.0 36 -1 0 -1
0 1 0 27.1 64.0 36 -1 0 -1
0 1 0 27.1 64.0 38 -1 0 -1
0 1 0 27.1 64.0 36 -1 0 -1
0 1 0 27.1 64.0 40 -1 0 -1
0 1 0 27.1 64.0 40 -1 0 -1
0 1 0 27.1 63.5 36 -1 0 -1
0 1 0 27.1 63.5 35 -1 0 -1
0 1 0 27.2 63.5 34 -1 0 -1
0 1 0 27.2 63.5 37 -1 0 -1
0 1 0 27.1 63.5 34 -1 0 -1
0 1 0 27.2 63.5 34 -1 0 -1
0 1 0 27.2 63.5 37 -1 0 -1
0 1 0 27.2 63.5 38 -1 0 -1
0 1 0 27.1 63.5 38 -1 0 -1
0 1 0 27.1 63.5 38 -1 0 -1
0 1 0 27.2 63.5 38 -1 0 -1
0 1 0 27.1 63.5 33 -1 0 -1
0 1 0 27.1 64.0 38 -1 0 -1
0 1 0 27.1 64.0 38 -1 0 -1
0 1 0 27.1 63.5 38 -1 0 -1
0 1 0 27.1 63.5 36 -1 0 -1
0 1 0 27.0 64.0 36 -1 0 -1
0 1 0 27.1 64.0 36 -1 0 -1
0 1 0 27.1 64.0 38 -1 0 -1
0 1 0 27.1 64.0 35 -1 0 -1
0 1 0 27.1 64.0 33 -1 0 -1
0 1 0 27.1 64.0 31 -1 0 -1
0 1 0 27.1 64.0 32 -1 0 -1
0 1 0 27.2 64.0 34 -1 0 -1
0 1 0 27.1 64.0 36 -1 0 -1
0 1 0 27.1 63.5 36 -1 0 -1
0 1 0 27.1 63.5 36 -1 0 -1
0 1 0 27.0 63.5 34 -1 0 -1
0 1 0 27.1 63.5 34 -1 0 -1
0 1 0 27.1 63.5 33 -1 0 -1
0 1 0 27.1 63.5 32 -1 0 -1
0 1 0 27.1 63.5 34 -1 0 -1
0 1 0 27.0 63.5 34 -1 0 -1
0 1 0 27.0 63.5 38 -1 0 -1
0 1 0 27.0 64.0 32 -1 0 -1
0 1 0 27.0 63.5 33 -1 0 -1
0 1 0 27.1 64.0 31 -1 0 -1
0 1 0 27.1 64.0 29 -1 0 -1
0 1 0 27.1 64.0 31 -1 0 -1
0 1 0 27.1 64.0 28 -1 0 -1
0 1 0 27.1 64.0 27 -1 0 -1
0 1 0 27.0 63.5 29 -1 0 -1
0 1 0 27.1 63.5 29 -1 0 -1
0 1 0 27.1 63.5 29 -1 0 -1
0 1 0 27.0 63.5 27 -1 0 -1
0 1 0 27.1 63.5 29 -1 0 -1
0 1 0 27.0 63.5 29 -1 0 -1
0 1 0 27.0 63.0 32 -1 0 -1
0 1 0 27.0 63.0 31 -1 0 -1
0 1 0 27.1 63.0 31 -1 0 -1
0 1 0 27.1 63.0 34 -1 0 -1
0 1 0 27.0 63.0 34 -1 0 -1
0 1 0 27.0 63.0 32 -1 0 -1
0 1 0 27.0 63.0 32 -1 0 -1
0 1 0 27.0 63.0 36 -1 0 -1
0 1 0 27.1 63.0 36 -1 0 -1
0 1 0 26.9 63.0 32 -1 0 -1
0 1 0 26.9 63.5 34 -1 0 -1
0 1 0 27.0 63.5 32 -1 0 -1
0 1 0 27.0 63.5 32 -1 0 -1
0 1 0 27.1 63.0 32 -1 0 -1
0 1 0 27.0 63.0 32 -1 0 -1
0 1 0 27.0 63.0 32 -1 0 -1
0 1 0 27.0 63.0 32 -1 0 -1
0 1 0 26.9 63.0 30 -1 0 -1
0 1 0 27.0 63.5 32 -1 0 -1
0 1 0 27.0 63.5 31 -1 0 -1
0 1 0 27.0 63.5 29 -1 0 -1
0 1 0 27.0 63.5 29 -1 0 -1
0 1 0 27.0 63.5 27 -1 0 -1
0 1 0 27.0 63.5 27 -1 0 -1
0 1 0 27.0 63.5 29 -1 0 -1
0 1 0 27.0 63.5 29 -1 0 -1
0 1 0 27.0 63.5 28 -1 0 -1
0 1 0 27.0 63.0 28 -1 0 -1
0 1 0 27.0 63.5 29 -1 0 -1
0 1 0 27.0 63.5 26 -1 0 -1
0 1 0 27.0 63.5 26 -1 0 -1
0 1 0 27.0 63.5 24 -1 0 -1
0 1 0 27.0 63.5 26 -1 0 -1
0 1 0 27.0 63.5 26 -1 0 -1
0 1 0 27.0 63.5 24 -1 0 -1
0 1 0 27.0 63.5 26 -1 0 -1
0 1 0 27.0 63.5 26 -1 0 -1
0 1 0 27.0 63.5 24 -1 0 -1
0 1 0 27.0 63.5 26 -1 0 -1
0 1 0 27.0 63.5 24 -1 0 -1
0 1 0 27.0 63.5 29 -1 0 -1
0 1 0 27.0 63.5 29 -1 0 -1
0 1 0 27.1 63.5 29 -1 0 -1
0 1 0 27.0 63.5 28 -1 0 -1
0 1 0 27.1 63.5 25 -1 0 -1
0 1 0 27.1 63.5 28 -1 0 -1
0 1 0 27.0 63.5 28 -1 0 -1
0 1 0 27.1 63.5 29 -1 0 -1
0 1 0 27.0 63.5 29 -1 0 -1
0 1 0 27.0 63.5 27 -1 0 -1
0 1 0 27.1 63.5 29 -1 0 -1
0 1 0 27.0 63.0 29 -1 0 -1
0 1 0 27.1 63.0 29 -1 0 -1
0 1 0 27.1 63.0 25 -1 0 -1
0 1 0 27.0 63.0 28 -1 0 -1
0 1 0 27.1 63.0 26 -1 0 -1
0 1 0 27.1 63.0 25 -1 0 -1
0 1 0 27.0 63.0 25 -1 0 -1
0 1 0 27.1 63.0 25 -1 0 -1
0 1 0 27.0 63.0 25 -1 0 -1
0 1 0 27.1 63.0 25 -1 0 -1
0 1 0 27.0 63.0 27 -1 0 -1
0 1 0 27.0 63.0 27 -1 0 -1
0 1 0 27.0 63.0 29 -1 0 -1
0 1 0 27.1 63.0 27 -1 0 -1
0 1 0 27.0 62.5 27 -1 0 -1
0 1 0 27.0 62.5 28 -1 0 -1
0 1 0 27.0 62.5 26 -1 0 -1
0 1 0 27.0 62.5 26 -1 0 -1
0 1 0 27.0 62.5 26 -1 0 -1
0 1 0 27.0 62.5 27 -1 0 -1
0 1 0 27.1 62.5 27 -1 0 -1
0 1 0 27.0 62.5 27 -1 0 -1
0 1 0 27.0 62.5 27 -1 0 -1
0 1 0 27.0 62.5 25 -1 0 -1
0 1 0 27.0 63.0 28 -1 0 -1
0 1 0 27.0 62.5 26 -1 0 -1
0 1 0 27.0 63.0 26 -1 0 -1
0 1 0 27.1 63.0 26 -1 0 -1
0 1 0 27.1 63.0 28 -1 0 -1
0 1 0 27.0 63.5 25 -1 0 -1
0 1 0 27.1 63.5 27 -1 0 -1
0 1 0 27.1 63.5 29 -1 0 -1
0 1 0 27.1 63.5 29 -1 0 -1
0 1 0 27.1 63.5 27 -1 0 -1
0 1 0 27.1 63.5 25 -1 0 -1
0 1 0 27.2 63.5 28 -1 0 -1
0 1 0 27.2 63.5 28 -1 0 -1
0 1 0 27.2 63.5 26 -1 0 -1
0 1 0 27.2 63.5 26 -1 0 -1
0 1 0 27.2 63.0 24 -1 0 -1
0 1 0 27.2 63.0 26 -1 0 -1
0 1 0 27.2 63.0 26 -1 0 -1
0 1 0 27.3 63.0 26 -1 0 -1
0 1 0 27.2 63.0 24 -1 0 -1
0 1 0 27.3 63.0 24 -1 0 -1
0 1 0 27.3 63.0 24 -1 0 -1
0 1 0 27.3 63.0 24 -1 0 -1
0 1 0 27.3 62.5 26 -1 0 -1
0 1 0 27.3 62.5 24 -1 0 -1
0 1 0 27.3 62.5 24 -1 0 -1
0 1 0 27.3 62.5 24 -1 0 -1
0 1 0 27.4 62.5 24 -1 0 -1
0 1 0 27.4 62.0 24 -1 0 -1
0 1 0 27.3 62.0 24 -1 0 -1
0 1 0 27.4 62.0 24 -1 0 -1
0 1 0 27.3 62.0 24 -1 0 -1
0 1 0 27.4 62.0 26 -1 0 -1
0 1 0 27.4 62.0 24 -1 0 -1
0 1 0 27.4 62.0 27 -1 0 -1
0 1 0 27.5 62.0 27 -1 0 -1
0 1 0 27.4 62.0 29 -1 0 -1
0 1 0 27.5 62.0 27 -1 0 -1
0 1 0 27.4 62.0 27 -1 0 -1
0 1 0 27.4 62.0 29 -1 0 -1
0 1 0 27.4 62.0 27 -1 0 -1
0 1 0 27.4 62.0 25 -1 0 -1
0 1 0 27.4 62.0 27 -1 0 -1
0 1 0 27.4 62.0 27 -1 0 -1
0 1 0 27.4 62.0 30 -1 0 -1
0 1 0 27.4 62.0 28 -1 0 -1
0 1 0 27.4 62.0 28 -1 0 -1
0 1 0 27.5 62.5 28 -1 0 -1
0 1 0 27.5 62.0 30 -1 0 -1
0 1 0 27.5 62.0 30 -1 0 -1
0 1 0 27.5 62.5 28 -1 0 -1
0 1 0 27.5 62.5 28 -1 0 -1
0 1 0 27.5 62.5 28 -1 0 -1
0 1 0 27.5 62.0 28 -1 0 -1
0 1 0 27.5 62.5 26 -1 0 -1
0 1 0 27.5 62.0 26 -1 0 -1
0 1 0 27.4 62.0 27 -1 0 -1
0 1 0 27.5 62.0 27 -1 0 -1
0 1 0 27.5 62.0 25 -1 0 -1
0 1 0 27.5 62.5 27 -1 0 -1
0 1 0 27.5 62.0 25 -1 0 -1
0 1 0 27.5 62.0 23 -1 0 -1
0 1 0 27.5 62.5 25 -1 0 -1
0 1 0 27.6 62.5 25 -1 0 -1
0 1 0 27.5 62.5 24 -1 0 -1
0 1 0 27.5 62.5 24 -1 0 -1
0 1 0 27.5 62.5 24 -1 0 -1
0 1 0 27.6 62.5 22 -1 0 -1
0 1 0 27.6 62.5 24 -1 0 -1
0 1 0 27.5 62.5 22 -1 0 -1
0 1 0 27.6 62.0 22 -1 0 -1
0 1 0 27.6 62.0 22 -1 0 -1
0 1 0 27.6 62.0 22 -1 0 -1
0 1 0 27.7 62.0 24 -1 0 -1
0 1 0 27.6 62.0 20 -1 0 -1
0 1 0 27.6 62.0 24 -1 0 -1
0 1 0 27.6 62.0 22 -1 0 -1
0 1 0 27.7 62.0 22 -1 0 -1
0 1 0 27.7 62.0 24 -1 0 -1
0 1 0 27.7 62.0 24 -1 0 -1
0 1 0 27.6 62.0 24 -1 0 -1
0 1 0 27.6 62.0 22 -1 0 -1
0 1 0 27.7 62.5 20 -1 0 -1
0 1 0 27.7 62.5 22 -1 0 -1
0 1 0 27.7 62.5 22 -1 0 -1
0 1 0 27.7 62.5 20 -1 0 -1
0 1 0 27.7 62.5 21 -1 0 -1
0 1 5 27.7 62.5 5 -1 0 7
0 1 14 27.8 62.5 2 -1 0 7
0 1 2 27.7 63.0 2 -1 0 7
0 1 0 27.8 63.0 2 -1 0 7
0 1 0 27.8 63.0 2 -1 0 7
0 1 0 27.8 63.0 2 -1 0 7
0 1 0 27.8 63.0 2 -1 0 7
0 1 0 27.8 63.0 2 -1 0 7
0 1 0 27.9 63.5 2 -1 0 7
0 1 1 27.9 63.0 2 -1 0 7
0 1 1 27.9 63.5 4 -1 0 7
0 1 0 27.9 63.5 2 -1 0 7
0 1 0 27.9 63.5 2 -1 0 7
0 1 0 27.9 64.0 2 -1 0 7
0 1 0 27.9 64.0 2 -1 0 7
0 1 0 28.0 64.0 2 -1 0 7
0 1 0 28.0 64.0 2 -1 0 7
0 1 0 28.0 64.5 2 -1 0 7
0 1 0 28.0 64.5 1 -1 0 7
0 1 0 28.0 64.0 2 -1 0 7
0 1 0 28.1 64.0 2 -1 0 7
0 1 0 28.1 64.0 2 -1 0 7
0 1 0 28.1 64.0 2 -1 0 7
0 1 0 28.0 64.0 2 -1 0 7
0 1 0 28.1 64.0 2 -1 0 7
0 1 0 28.1 64.0 2 -1 0 7
0 1 0 28.1 64.0 2 -1 0 7
0 1 0 28.1 64.5 2 -1 0 7
0 1 0 28.2 64.5 2 -1 0 7
0 1 0 28.1 64.5 2 -1 0 7
0 1 0 28.2 64.5 4 -1 0 7
0 1 0 28.1 64.5 4 -1 0 7
0 1 0 28.2 64.5 2 -1 0 7
0 1 0 28.1 64.5 2 -1 0 7
0 1 0 28.2 64.5 2 -1 0 7
0 1 0 28.2 64.5 4 -1 0 7
0 1 0 28.2 64.5 4 -1 0 7
0 1 0 28.2 64.5 2 -1 0 7
0 1 0 28.2 64.5 4 -1 0 7
0 1 0 28.2 64.5 2 -1 0 7
0 1 0 28.2 64.5 2 -1 0 7
0 1 0 28.2 64.5 4 -1 0 7
0 1 0 28.2 64.5 4 -1 0 7
0 1 0 28.2 64.5 4 -1 0 7
0 1 0 28.2 64.5 2 -1 0 7
0 1 0 28.2 64.5 1 -1 0 7
0 1 0 28.2 64.5 1 -1 0 7
0 1 0 28.2 64.5 1 -1 0 7
0 1 0 28.2 64.5 2 -1 0 7
0 1 0 28.2 64.5 1 -1 0 7
0 1 0 28.1 64.5 1 -1 0 7
0 1 0 28.2 64.5 2 -1 0 7
0 1 0 28.1 64.5 2 -1 0 7
0 1 0 28.1 64.5 2 -1 0 7
0 1 0 28.1 64.0 2 -1 0 7
0 1 0 28.0 64.0 2 -1 0 7
0 1 0 28.1 64.0 2 -1 0 7
0 1 0 28.0 64.0 2 -1 0 7
0 1 0 28.0 64.0 2 -1 0 7
0 1 0 28.0 64.0 2 -1 0 7
0 1 0 28.0 64.0 4 -1 0 7
0 1 0 28.0 63.5 4 -1 0 7
0 1 0 28.0 63.5 4 -1 0 7
0 1 0 27.9 63.5 2 -1 0 7
0 1 1 27.9 63.5 4 -1 0 7
0 1 3 28.0 63.0 4 -1 0 7
0 1 7 27.9 63.0 2 -1 0 7
0 1 0 27.9 63.0 2 -1 0 7
0 1 0 27.8 63.0 2 -1 0 7
0 1 0 27.8 63.0 2 -1 0 7
0 1 0 27.8 63.0 2 -1 0 7
0 1 0 27.8 62.5 2 -1 0 7
0 1 0 27.8 62.5 2 -1 0 7
0 1 0 27.8 62.5 2 -1 0 7
0 1 0 27.7 62.5 2 -1 0 7
0 1 0 27.8 62.5 2 -1 0 7
0 1 0 27.7 62.5 2 -1 0 7
0 1 0 27.7 62.5 2 -1 0 7
0 1 0 27.7 62.5 2 -1 0 7
0 1 0 27.6 62.5 2 -1 0 7
0 1 0 27.7 62.5 2 -1 0 7
0 1 0 27.6 62.5 2 -1 0 7
0 1 0 27.7 62.5 2 -1 0 7
0 1 0 27.7 62.5 2 -1 0 7
0 1 0 27.6 62.5 2 -1 0 7
0 1 0 27.7 62.5 2 -1 0 7
0 1 0 27.6 62.5 1 -1 0 7
0 1 0 27.7 62.5 1 -1 0 7
0 1 0 27.6 62.5 1 -1 0 7
0 1 0 27.6 62.5 1 -1 0 7
0 1 0 27.6 62.5 1 -1 0 7
0 1 0 27.6 62.5 1 c26 0 7
0 1 25 27.6 62.5 19 c26 5 7
0 1 10 27.6 61.5 33 c26 5 7
0 1 0 27.5 61.0 32 c26 5 7
0 1 0 27.4 60.0 32 c26 5 7
0 1 0 27.3 59.5 32 c26 5 7
0 1 0 27.2 59.0 32 c26 5 7
0 1 0 27.0 58.0 32 c26 5 7
0 1 0 27.0 57.0 32 c26 5 7
0 1 0 26.8 56.5 32 c26 5 7
0 1 0 26.7 56.0 34 c26 5 7
0 1 0 26.7 55.5 34 c26 5 7
0 1 0 26.5 55.5 34 c26 5 7
0 1 0 26.4 55.0 34 c26 5 7
0 1 2 26.3 54.5 34 c26 5 7
0 1 0 26.3 54.5 32 c26 5 7
0 1 0 26.2 54.0 32 c26 5 7
0 1 0 26.1 53.5 36 c26 5 7
0 1 0 26.0 53.5 34 c26 5 7
0 1 1 25.9 53.0 34 c26 5 7
0 1 0 25.8 52.5 34 c26 5 7
0 1 0 25.8 52.5 34 c26 5 7
0 1 0 25.8 52.5 34 c26 5 7
0 1 0 25.6 52.0 34 c26 5 7
0 1 0 25.6 52.0 34 c26 5 7
0 1 0 25.5 52.0 34 c26 5 7
0 1 0 25.5 52.0 34 c26 5 7
0 1 0 25.4 51.5 32 c26 5 7
0 1 0 25.3 51.5 32 c26 5 7
0 1 1 25.3 51.5 32 c26 5 7
0 1 1 25.2 51.5 32 c26 5 7
0 1 0 25.2 51.5 32 c26 5 7
0 1 1 25.2 51.5 32 c26 5 7
0 1 2 25.1 51.5 34 c26 5 7
0 1 3 25.0 51.0 34 c26 5 7
0 1 4 25.0 51.5 34 c26 5 7
0 1 2 25.0 51.0 32 c26 5 7
0 1 0 25.0 51.0 32 c26 5 7
0 1 0 24.9 51.0 34 c26 5 7
0 1 0 24.9 51.0 34 c26 5 7
0 1 0 24.8 51.0 34 c26 5 7
0 1 0 24.8 51.0 34 c26 5 7
0 1 2 24.8 51.0 34 c26 5 7
0 1 0 24.7 51.0 34 c26 5 7
0 1 0 24.7 51.0 34 c26 5 7
0 1 0 24.7 51.0 32 c26 5 7
0 1 1 24.6 51.0 32 c26 5 7
0 1 0 24.7 51.0 32 c26 5 7
0 1 12 24.6 51.0 30 c26 5 7
0 1 20 24.6 51.0 32 c26 5 7
0 1 2 24.5 51.0 30 c26 5 7
0 1 0 24.5 51.0 32 c26 5 7
0 1 0 24.5 51.0 32 c26 5 7
0 1 0 24.4 51.0 32 c26 5 7
0 1 12 24.5 51.0 32 c26 5 7
0 1 1 24.4 51.0 34 c26 5 7
0 1 1 24.4 51.0 34 c26 5 7
0 1 0 24.4 51.0 32 c26 5 7
0 1 3 24.4 50.5 34 c26 5 7
0 1 5 24.3 51.0 32 c26 5 7
0 1 0 24.3 51.0 32 c26 5 7
0 1 0 24.3 51.0 32 c26 5 7
0 1 6 24.2 50.5 34 c26 5 7
0 1 0 24.2 51.0 32 c26 5 7
0 1 0 24.2 52.0 38 c26 5 7
0 1 0 24.3 52.5 34 c26 5 7
0 1 2 24.3 53.0 34 c26 5 7
0 1 0 24.3 53.0 34 c26 5 7
0 1 0 24.4 53.5 36 c26 5 7
0 1 2 24.4 54.0 34 c26 5 7
0 1 0 24.4 54.0 34 c26 5 7
0 1 1 24.4 54.0 36 c26 5 7
0 1 0 24.4 54.0 32 c26 5 7
0 1 0 24.4 54.0 32 c26 5 7
0 1 0 24.4 54.0 29 c26 5 7
0 1 1 24.4 54.0 33 c26 5 7
0 1 0 24.3 54.0 29 c26 5 7
0 1 0 24.3 54.0 31 c26 5 7
0 1 0 24.4 53.5 29 c26 5 7
0 1 0 24.4 53.5 29 c26 5 7
0 1 0 24.3 53.5 29 c26 5 7
0 1 0 24.3 53.5 27 c26 5 7
0 1 0 24.3 53.5 29 c26 5 7
0 1 0 24.3 53.5 29 c26 5 7
0 1 0 24.2 53.0 27 c26 5 7
0 1 0 24.3 53.0 27 c26 5 7
0 1 0 24.3 53.0 27 c26 5 7
0 1 2 24.2 53.0 27 c26 5 7
0 1 0 24.2 53.0 27 c26 5 7
0 1 0 24.3 53.0 27 c26 5 7
0 1 0 24.3 53.0 27 c26 5 7
0 1 0 24.2 52.5 27 c26 5 7
0 1 0 24.2 52.5 27 c26 5 7
0 1 0 24.2 52.5 27 c26 5 7
0 1 2 24.2 52.5 27 c26 5 7
0 1 2 24.1 52.5 29 c26 5 7
0 1 6 24.2 52.5 29 c26 5 7
0 1 10 24.2 52.5 29 c26 5 7
0 1 0 24.1 52.5 29 c26 5 7
0 1 3 24.1 52.0 27 c26 5 7
0 1 0 24.1 52.0 29 c26 5 7
0 1 0 24.1 52.0 31 c26 5 7
0 1 2 24.0 52.0 29 c26 5 7
0 1 4 24.0 52.0 32 c26 5 7
0 1 4 24.0 52.0 34 c26 5 7
0 1 0 24.0 52.0 33 c26 5 7
0 1 4 24.0 51.5 29 c26 5 7
0 1 1 24.0 51.5 29 c26 5 7
0 1 4 23.9 51.5 29 c26 5 7
0 1 1 24.0 51.5 31 c26 5 7
0 1 0 23.8 51.5 31 c26 5 7
0 1 2 23.9 51.5 29 c26 5 7
0 1 6 23.8 51.5 29 c26 5 7
0 1 0 23.9 51.5 27 c26 5 7
0 1 1 23.8 51.5 27 c26 5 7
0 1 0 23.8 51.5 31 c26 5 7
0 1 7 23.8 51.5 31 c26 5 7
0 1 4 23.8 51.5 31 c26 5 7
0 1 0 23.8 51.5 31 c26 5 7
0 1 1 23.7 51.5 31 c26 5 7
0 1 2 23.7 51.5 31 c26 5 7
0 1 5 23.7 51.5 31 c26 5 7
0 1 1 23.7 51.5 31 c26 5 7
0 1 0 23.6 51.5 31 c26 5 7
0 1 1 23.7 51.5 27 c26 5 7
0 1 0 23.7 51.5 29 c26 5 7
0 1 0 23.7 51.5 31 c26 5 7
0 1 0 23.7 51.5 33 c26 5 7
0 1 14 23.7 51.5 34 c26 5 7
0 1 0 23.6 51.5 34 c26 5 7
0 1 2 23.6 51.5 36 c26 5 7
0 1 2 23.6 51.5 34 c26 5 7
0 1 2 23.7 52.0 34 c26 5 7
0 1 0 23.7 52.0 34 c26 5 7
0 1 1 23.6 52.0 36 c26 5 7
0 1 3 23.6 52.0 31 c26 5 7
0 1 4 23.6 52.0 29 c26 5 7
0 1 11 23.6 52.0 29 c26 5 7
0 1 3 23.7 52.0 31 c26 5 7
0 1 5 23.6 52.0 34 c26 5 7
0 1 6 23.7 52.0 32 c26 5 7
0 1 13 23.7 52.0 31 c26 5 7
0 1 5 23.7 52.0 31 c26 5 7
0 1 0 23.6 52.0 31 c26 5 7
0 1 14 23.6 52.5 34 c26 5 7
0 1 22 23.6 52.5 32 c26 5 7
0 1 2 23.7 52.5 32 c26 5 7
0 1 2 23.7 52.5 32 c26 5 7
0 1 1 23.7 52.5 32 c26 5 7
0 1 15 23.7 53.0 30 c26 5 7
0 1 4 23.7 53.0 30 c26 5 7
0 1 8 23.7 53.0 32 c26 5 7
0 1 2 23.7 53.0 32 c26 5 7
0 1 0 23.7 53.0 32 c26 5 7
0 1 1 23.6 53.0 30 c26 5 7
0 1 0 23.7 53.0 30 c26 5 7
0 1 5 23.7 53.0 34 c26 5 7
0 1 0 23.6 53.0 34 c26 5 7
0 1 2 23.6 53.0 32 c26 5 7
0 1 2 23.7 53.0 29 c26 5 7
0 1 2 23.6 53.5 29 c26 5 7
0 1 1 23.6 53.5 31 c26 5 7
0 1 0 23.6 53.5 27 c26 5 7
0 1 1 23.6 53.5 27 c26 5 7
0 1 0 23.5 53.0 25 c26 5 7
0 1 1 23.6 53.0 26 c26 5 7
0 1 0 23.6 53.5 26 c26 5 7
0 1 4 23.5 53.5 26 c26 5 7
0 1 2 23.6 53.0 24 c26 5 7
0 1 2 23.6 53.0 24 c26 5 7
0 1 0 23.5 53.0 22 c26 5 7
0 1 0 23.6 53.0 22 c26 5 7
0 1 1 23.6 53.0 24 c26 5 7
0 1 0 23.5 53.0 27 c26 5 7
0 1 0 23.5 53.0 27 c26 5 7
0 1 0 23.5 53.0 25 c26 5 7
0 1 0 23.6 53.0 25 c26 5 7
0 1 2 23.5 53.0 27 c26 5 7
0 1 0 23.5 53.0 25 c26 5 7
0 1 1 23.5 53.0 27 c26 5 7
0 1 0 23.5 53.0 27 c26 5 7
0 1 0 23.5 53.0 25 c26 5 7
0 1 0 23.4 53.0 26 c26 5 7
0 1 0 23.4 53.0 22 c26 5 7
0 1 0 23.4 53.0 22 c26 5 7
0 1 2 23.4 53.0 24 -1 5 7
0 1 3 23.4 53.0 22 -1 5 7
0 1 8 23.4 53.0 22 -1 5 7
0 1 6 23.4 53.0 20 -1 5 7
0 1 3 23.5 53.5 22 -1 5 7
0 1 8 23.5 54.0 11 -1 5 7
0 1 0 23.7 54.5 3 -1 0 7
0 1 0 23.7 55.5 6 -1 0 7
0 1 0 23.8 56.5 6 -1 0 7
0 1 0 24.0 57.5 4 -1 0 7
0 1 0 24.1 58.0 4 -1 0 7
0 1 0 24.1 58.5 4 -1 0 7
0 1 0 24.2 58.5 4 -1 0 7
0 1 0 24.3 59.0 7 -1 0 7
0 1 0 24.4 59.5 7 -1 0 7
0 1 0 24.4 59.5 7 -1 0 7
0 1 0 24.5 60.0 7 -1 0 7
0 1 0 24.5 61.5 7 -1 0 7
0 1 0 24.7 63.0 7 -1 0 7
0 1 0 24.8 65.0 5 -1 0 7
0 1 0 24.9 66.0 5 -1 0 7
0 1 0 25.1 68.0 5 -1 0 7
0 1 0 25.2 68.0 5 -1 0 7
0 1 0 25.4 68.0 2 -1 0 7
0 1 0 25.5 69.5 2 -1 0 7
0 1 0 25.7 69.5 4 -1 0 7
0 1 0 25.7 69.5 4 -1 0 7
0 1 0 25.7 69.5 4 -1 0 7
0 1 0 25.8 69.5 2 -1 0 7
0 1 0 25.8 70.5 2 -1 0 7
0 1 0 26.0 71.0 2 -1 0 7
0 1 0 26.0 71.0 2 -1 0 7
0 1 0 25.9 71.0 2 c26 0 7
0 1 22 26.1 70.5 15 c26 0 7
0 1 3 26.0 67.0 26 c26 6 7
0 1 4 25.9 65.5 23 c26 6 7
0 1 0 25.8 64.5 23 c26 6 7
0 1 3 25.7 63.5 23 c26 6 7
0 1 8 25.6 62.5 25 c26 6 7
0 1 17 25.4 62.0 25 c26 6 7
0 1 0 25.3 61.0 25 c26 6 7
0 1 0 25.1 60.5 25 c26 6 7
0 1 0 25.0 60.0 25 c26 6 7
0 1 0 25.0 60.0 25 c26 6 7
0 1 0 24.9 60.0 25 c26 6 7
0 1 0 24.8 59.5 25 c26 6 7
0 1 0 24.7 59.0 23 c26 6 7
0 1 26 24.7 59.0 23 c26 6 7
0 1 0 24.6 59.0 23 c26 6 7
0 1 1 24.7 58.5 23 c26 6 7
0 1 0 24.6 58.5 23 c26 6 7
0 1 2 24.6 58.0 23 c26 6 7
0 1 0 24.5 57.5 23 c26 6 7
0 1 0 24.5 57.5 23 c26 6 7
0 1 16 24.4 57.0 23 c26 6 7
0 1 7 24.4 56.5 23 c26 6 7
0 1 1 24.3 56.0 23 c26 6 7
0 1 9 24.3 56.0 21 c26 6 7
0 1 0 24.2 55.5 21 c26 6 7
0 1 0 24.2 55.0 21 c26 6 7
0 1 0 24.1 54.5 21 c26 6 7
0 1 0 24.1 54.5 25 c26 6 7
0 1 0 24.1 54.5 25 c26 6 7
0 1 0 24.0 54.0 25 c26 6 7
0 1 0 23.9 54.0 25 c26 6 7
0 1 0 23.9 54.0 23 c26 6 7
0 1 8 23.9 53.5 23 c26 6 7
0 1 18 23.9 53.5 23 c26 6 7
0 1 14 23.8 53.5 23 c26 6 7
0 1 6 23.8 53.5 23 c26 6 7
0 1 5 23.8 53.5 23 c26 6 7
0 1 16 23.7 53.5 23 c26 6 7
0 1 20 23.7 53.5 23 c26 6 7
0 1 5 23.7 53.5 23 c26 6 7
0 1 7 23.7 53.5 23 c26 6 7
0 1 2 23.7 53.0 23 c26 6 7
0 1 5 23.7 52.5 23 c26 6 7
1 1 16 23.6 52.5 23 c26 6 7
0 1 27 23.6 52.5 21 c26 6 7
0 1 34 23.6 52.5 23 c26 6 7
0 1 38 23.6 52.5 23 c26 6 7
0 1 38 23.6 52.5 23 c26 6 7
0 1 35 23.7 52.5 23 c26 6 7
0 1 45 23.6 52.5 23 c26 6 7
0 1 38 23.6 52.5 23 c26 6 7
0 1 46 23.7 53.0 23 c26 6 7
0 1 43 23.6 53.0 23 c26 6 7
0 1 40 23.7 53.0 23 c26 6 7
0 1 34 23.7 53.0 23 c26 6 7
0 1 39 23.7 53.5 23 c26 6 7
0 1 36 23.7 53.5 23 c26 6 7
0 1 44 23.7 53.5 23 c26 6 7
0 1 39 23.7 53.5 23 c26 6 7
0 1 44 23.8 53.5 23 c26 6 7
0 1 36 23.7 53.5 23 c26 6 7
0 1 26 23.7 54.0 23 c26 6 7
0 1 29 23.8 53.5 23 c26 6 7
0 1 37 23.8 53.5 23 c26 6 7
0 1 24 23.7 53.5 23 c26 6 7
0 1 29 23.7 54.0 23 c26 6 7
0 1 26 23.7 54.0 23 c26 6 7
0 1 32 23.8 54.0 23 c26 6 7
0 1 36 23.8 54.0 23 c26 6 7
0 1 22 23.8 54.0 23 c26 6 7
0 1 37 23.8 54.0 23 c26 6 7
1 1 37 23.7 54.0 21 c26 6 7
0 1 13 23.7 53.5 23 c26 6 7
0 1 15 23.8 54.0 23 c26 6 7
0 1 6 23.7 53.5 23 c26 6 7
0 1 0 23.8 54.0 23 c26 6 7
0 1 2 23.7 53.5 23 c26 6 7
0 1 14 23.7 53.5 23 c26 6 7
0 1 5 23.7 53.5 23 c26 6 7
0 1 7 23.7 53.5 23 c26 6 7
0 1 5 23.6 53.5 23 c26 6 7
0 1 20 23.7 53.5 23 c26 6 7
0 1 6 23.6 53.5 23 c26 6 7
0 1 11 23.6 53.5 23 c26 6 7
0 1 24 23.6 53.5 23 c26 6 7
0 1 0 23.6 53.0 23 c26 6 7
0 1 2 23.5 53.0 23 c26 6 7
0 1 11 23.5 53.5 23 c26 6 7
0 1 0 23.5 53.0 23 c26 6 7
0 1 0 23.5 53.0 23 c26 6 7
0 1 0 23.5 53.0 23 c26 6 7
0 1 0 23.4 53.0 23 c26 6 7
0 1 0 23.4 53.0 23 c26 6 7
0 1 0 23.4 53.0 23 c26 6 7
0 1 12 23.4 53.0 23 c26 6 7
0 1 3 23.5 53.0 23 c26 6 7
0 1 0 23.4 53.0 23 c26 6 7
0 1 3 23.4 53.0 23 c26 6 7
0 1 0 23.4 53.0 23 c26 6 7
0 1 0 23.4 53.0 23 c26 6 7
0 1 0 23.4 53.0 23 c26 6 7
0 1 2 23.3 52.5 23 c26 6 7
0 1 0 23.3 52.5 23 c26 6 7
0 1 0 23.4 52.5 23 c26 6 7
0 1 0 23.3 53.0 23 c26 6 7
0 1 0 23.3 53.0 23 c26 6 7
0 1 0 23.3 53.0 23 c26 6 7
0 1 6 23.3 53.0 23 c26 6 7
0 1 2 23.3 53.0 23 c26 6 7
0 1 0 23.3 52.5 23 c26 6 7
0 1 1 23.2 53.0 23 c26 6 7
0 1 6 23.2 52.5 23 c26 6 7
0 1 1 23.2 53.0 23 c26 6 7
0 1 2 23.3 52.5 23 c26 6 7
0 1 0 23.3 53.0 23 c26 6 7
0 1 0 23.2 52.5 23 c26 6 7
0 1 0 23.2 52.5 23 c26 6 7
0 1 2 23.2 53.0 23 c26 6 7
0 1 3 23.2 53.0 23 c26 6 7
0 1 2 23.2 53.0 23 c26 6 7
0 1 2 23.2 53.0 23 c26 6 7
0 1 1 23.2 53.0 23 c26 6 7
0 1 1 23.2 53.0 23 c26 6 7
0 1 14 23.1 53.0 23 c26 6 7
0 1 0 23.2 53.0 23 c26 6 7
0 1 12 23.1 53.0 23 c26 6 7
0 1 4 23.1 53.0 23 c26 6 7
0 1 0 23.1 53.0 23 c26 6 7
0 1 0 23.2 53.0 23 c26 6 7
0 1 0 23.1 53.0 23 c26 6 7
0 1 0 23.2 53.0 23 c26 6 7
0 1 0 23.1 53.0 23 c26 6 7
0 1 3 23.1 53.0 23 c26 6 7
0 1 4 23.1 53.0 23 c26 6 7
0 1 0 23.2 53.0 23 c26 6 7
0 1 2 23.1 53.0 23 c26 6 7
0 1 1 23.1 53.0 23 c26 6 7
0 1 2 23.1 53.0 23 c26 6 7
0 1 0 23.1 53.0 23 c26 6 7
0 1 0 23.0 53.0 23 c26 6 7
0 1 2 23.1 53.0 23 c26 6 7
0 1 0 23.1 53.0 23 c26 6 7
0 1 3 23.1 53.0 23 c26 6 7
0 1 5 23.0 53.0 23 c26 6 7
0 1 4 23.0 53.0 23 c26 6 7
0 1 0 23.0 53.0 23 c26 6 7
0 1 0 23.0 53.0 23 c26 6 7
0 1 0 23.0 53.0 23 c26 6 7
0 1 8 23.0 53.0 23 c26 6 7
0 1 3 23.0 53.0 23 c26 6 7
0 1 2 23.0 53.0 23 c26 6 7
0 1 3 23.0 53.0 23 c26 6 7
0 1 0 23.0 53.0 23 c26 6 7
0 1 2 23.0 53.0 23 c26 6 7
0 1 0 23.0 53.0 23 c26 6 7
0 1 0 23.0 53.0 23 c26 6 7
0 1 5 23.0 53.0 23 c26 6 7
0 1 0 23.0 53.0 23 c26 6 7
0 1 0 23.0 53.0 23 c26 6 7
0 1 0 23.0 53.0 23 c26 6 7
0 1 0 22.9 53.0 23 c26 6 7
0 1 1 22.9 53.0 23 c26 6 7
0 1 2 23.0 53.0 23 c26 6 7
0 1 2 22.9 53.0 23 c26 6 7
0 1 0 23.0 53.0 23 c26 6 7
0 1 5 23.0 53.0 23 c26 6 7
0 1 0 22.9 53.0 23 c26 6 7
0 1 9 22.9 53.0 23 c26 6 7
0 1 0 23.0 53.0 23 c26 6 7
0 1 0 23.0 53.0 23 c26 6 7
0 1 3 22.9 53.0 23 c26 6 7
0 1 4 22.9 53.0 23 c26 6 7
0 1 4 22.9 53.0 23 c26 6 7
0 1 6 22.9 53.0 23 c26 6 7
0 1 0 22.9 53.0 23 c26 6 7
0 1 1 22.9 53.0 23 c26 6 7
0 1 8 22.8 53.0 23 c26 6 7
0 1 1 22.8 53.0 23 c26 6 7
0 1 2 22.8 53.0 23 c26 6 7
0 1 1 22.8 53.0 23 c26 6 7
0 1 4 22.8 53.0 23 c26 6 7
0 1 3 22.8 53.0 23 c26 6 7
0 1 6 22.9 53.0 23 c26 6 7
0 1 4 22.8 53.0 23 c26 6 7
0 1 2 22.8 53.0 23 c26 6 7
0 1 0 22.9 53.0 23 c26 6 7
1 1 19 22.9 53.0 23 c26 6 7
0 1 0 22.8 53.0 23 c26 6 7
0 1 0 22.8 53.0 23 c26 6 7
0 1 5 22.8 53.0 23 c26 6 7
0 1 9 22.9 53.5 23 c26 6 7
0 1 0 22.9 55.0 23 c26 6 7
0 1 0 23.0 56.0 23 c26 6 7
0 1 8 23.1 56.5 23 c26 6 7
0 1 0 23.1 57.5 23 c26 6 7
0 1 0 23.2 58.0 23 c26 6 7
0 1 3 23.2 59.0 23 c26 6 7
0 1 6 23.4 59.5 23 c26 6 7
0 1 0 23.4 60.0 23 c26 6 7
0 1 6 23.5 60.5 23 c26 6 7
0 1 3 23.5 61.0 23 c26 6 7
0 1 2 23.6 61.0 23 c26 6 7
0 1 2 23.6 61.5 23 c26 6 7
0 1 4 23.7 62.0 23 c26 6 7
0 1 2 23.8 62.0 23 c26 6 7
0 1 7 23.8 62.5 23 c26 6 7
0 1 0 23.9 62.5 23 c26 6 7
0 1 0 23.8 62.0 23 c26 6 7
0 1 0 23.9 61.5 23 c26 6 7
0 1 0 23.8 61.0 23 c26 6 7
0 1 3 23.7 60.5 23 c26 6 7
0 1 0 23.7 59.5 23 c26 6 7
0 1 1 23.7 59.0 23 c26 6 7
0 1 3 23.6 58.5 23 c26 6 7
0 1 16 23.6 58.5 23 c26 6 7
0 1 1 23.6 58.0 23 c26 6 7
0 1 0 23.5 57.5 23 c26 6 7
0 1 0 23.4 57.0 23 c26 6 7
0 1 3 23.5 57.0 23 c26 6 7
0 1 0 23.4 56.5 23 c26 6 7
0 1 0 23.4 56.0 23 c26 6 7
0 1 1 23.4 56.0 23 c26 6 7
0 1 0 23.4 56.0 23 c26 6 7
0 1 1 23.3 55.5 23 c26 6 7
0 1 0 23.3 55.5 23 c26 6 7
0 1 0 23.3 55.5 23 c26 6 7
0 1 0 23.2 55.0 23 c26 6 7
0 1 16 23.2 55.0 23 -1 6 7
0 1 28 23.2 54.5 14 -1 6 7
0 1 0 23.3 55.0 2 -1 0 7
0 1 0 23.2 55.0 2 -1 0 7
0 1 0 23.3 55.0 2 -1 0 7
0 1 0 23.4 55.0 2 -1 0 7
0 1 0 23.5 55.0 2 -1 0 7
0 1 0 23.5 55.0 2 -1 0 7
0 1 0 23.6 55.0 2 -1 0 7
0 1 0 23.6 55.0 2 -1 0 7
0 1 0 23.7 55.0 2 -1 0 7
0 1 0 23.7 55.0 2 -1 0 7
0 1 0 23.8 55.0 2 -1 0 7
0 1 0 23.8 55.0 2 -1 0 7
0 1 0 23.9 55.5 2 -1 0 7
0 1 0 24.0 55.5 2 -1 0 7
0 1 0 24.1 55.5 2 -1 0 7
0 1 0 24.1 56.0 2 -1 0 7
0 1 0 24.1 56.0 2 -1 0 7
0 1 0 24.2 56.5 2 -1 0 7
0 1 0 24.2 56.5 2 -1 0 7
0 1 0 24.3 57.0 2 -1 0 7
0 1 0 24.3 57.5 2 -1 0 7
0 1 0 24.4 57.5 2 -1 0 7
0 1 0 24.4 58.0 2 -1 0 7
0 1 0 24.4 58.5 2 -1 0 7
0 1 0 24.5 58.5 2 -1 0 7
0 1 0 24.6 59.0 2 -1 0 7
0 1 0 24.6 59.0 2 -1 0 7
0 1 0 24.5 59.5 2 -1 0 7
0 1 0 24.7 59.5 2 -1 0 7
0 1 0 24.7 59.5 2 -1 0 7
0 1 0 24.8 60.0 2 -1 0 7
0 1 0 24.8 60.0 2 -1 0 7
0 1 0 24.8 60.0 2 -1 0 7
0 1 0 24.9 60.0 2 -1 0 7
0 1 0 24.9 60.5 2 -1 0 7
0 1 0 25.0 60.5 2 -1 0 7
0 1 0 25.0 60.5 2 -1 0 7
0 1 0 25.0 60.5 2 -1 0 7
0 1 0 25.0 60.5 2 -1 0 7
0 1 0 25.1 61.0 2 -1 0 7
0 1 0 25.1 61.0 2 -1 0 7
0 1 0 25.1 61.0 2 -1 0 7
0 1 0 25.2 61.0 2 -1 0 7
0 1 0 25.2 61.0 2 -1 0 7
0 1 0 25.3 61.0 2 -1 0 7
0 1 0 25.3 61.5 2 -1 0 7
0 1 0 25.3 61.5 2 -1 0 7
0 1 0 25.3 61.5 2 -1 0 7
0 1 0 25.4 61.5 2 -1 0 7
0 1 0 25.4 61.5 2 -1 0 7
0 1 0 25.4 62.0 2 -1 0 7
0 1 0 25.5 62.0 2 -1 0 7
0 1 0 25.5 62.0 2 -1 0 7
0 1 0 25.5 62.0 2 -1 0 7
0 1 0 25.6 62.0 2 -1 0 7
0 1 0 25.6 62.0 2 -1 0 7
0 1 0 25.7 62.0 2 -1 0 7
0 1 0 25.7 62.0 2 -1 0 7
0 1 0 25.7 62.5 2 -1 0 7
0 1 0 25.7 62.5 2 -1 0 7
0 1 0 25.7 62.5 2 -1 0 7
0 1 0 25.7 62.5 2 -1 0 7
0 1 0 25.8 62.5 2 -1 0 7
0 1 0 25.8 62.5 2 -1 0 7
0 1 0 25.9 62.5 2 -1 0 7
0 1 0 25.9 63.0 2 -1 0 7
0 1 0 25.9 63.0 2 -1 0 7
0 1 0 26.0 63.0 2 -1 0 7
0 1 0 25.9 63.0 2 -1 0 7
0 1 0 26.0 63.0 2 -1 0 7
0 1 0 26.0 63.0 2 -1 0 7
0 1 0 26.1 63.0 2 -1 0 7
0 1 0 26.0 63.0 2 -1 0 7
0 1 0 26.1 63.0 2 -1 0 7
0 1 0 26.1 63.5 2 -1 0 7
0 1 0 26.1 63.5 2 -1 0 7
0 1 0 26.2 63.5 2 -1 0 7
0 1 0 26.2 63.5 2 -1 0 7
0 1 0 26.2 63.5 2 -1 0 7
0 1 0 26.2 63.5 2 -1 0 7
0 1 0 26.2 63.5 2 -1 0 7
0 1 0 26.2 63.5 2 -1 0 7
0 1 0 26.3 63.5 2 -1 0 7
0 1 0 26.3 63.5 2 -1 0 7
0 1 0 26.3 63.5 2 -1 0 7
0 1 0 26.3 63.5 2 -1 0 7
0 1 0 26.3 63.5 2 -1 0 7
0 1 0 26.4 63.5 2 -1 0 7
0 1 0 26.4 63.5 2 -1 0 7
0 1 0 26.4 63.5 2 -1 0 7
0 1 0 26.4 64.0 2 -1 0 7
0 1 0 26.4 64.0 2 -1 0 7
0 1 0 26.5 64.0 2 -1 0 7
0 1 0 26.5 64.0 2 -1 0 7
0 1 0 26.5 64.0 2 -1 0 7
0 1 0 26.5 64.0 2 -1 0 7
0 1 0 26.5 64.0 2 -1 0 7
0 1 0 26.5 64.0 2 -1 0 7
0 1 0 26.6 64.0 2 -1 0 7
0 1 0 26.7 64.0 2 -1 0 7
0 1 0 26.6 64.0 2 -1 0 7
0 1 0 26.7 64.0 2 -1 0 7
0 1 0 26.6 64.0 2 -1 0 7
0 1 0 26.6 64.5 2 -1 0 7
0 1 0 26.7 64.5 2 -1 0 7
0 1 0 26.7 64.5 2 -1 0 7
0 1 0 26.7 64.5 2 -1 0 7
0 1 0 26.8 64.5 2 -1 0 7
0 1 0 26.7 64.5 2 -1 0 7
0 1 0 26.7 64.5 2 -1 0 7
0 1 0 26.8 64.5 2 -1 0 7
0 1 0 26.8 64.5 2 -1 0 7
0 1 0 26.8 64.5 2 -1 0 7
0 1 0 26.7 64.5 2 -1 0 7
0 1 0 26.8 64.5 2 -1 0 7
0 1 0 26.8 65.0 2 -1 0 7
0 1 0 26.9 65.0 2 -1 0 7
