0 1 0 28.6 54.0 2 -1 0 -1
0 1 0 28.6 54.0 2 -1 0 -1
0 1 0 28.7 54.0 2 -1 0 -1
0 1 0 28.7 54.0 2 -1 0 -1
0 1 0 28.7 54.0 2 -1 0 -1
0 1 0 28.7 54.0 2 -1 0 -1
0 1 0 28.7 54.0 2 -1 0 -1
0 1 0 28.7 54.0 2 -1 0 -1
0 1 0 28.7 54.0 2 -1 0 -1
0 1 0 28.7 54.0 2 -1 0 -1
0 1 0 28.7 54.0 2 -1 0 -1
0 1 0 28.7 54.0 2 -1 0 -1
0 1 0 28.7 54.0 2 -1 0 -1
0 1 0 28.7 54.0 2 -1 0 -1
0 1 0 28.8 54.0 2 -1 0 -1
0 1 0 28.8 54.0 2 -1 0 -1
0 1 0 28.7 54.0 2 -1 0 -1
0 1 0 28.7 54.0 2 -1 0 -1
0 1 0 28.8 54.0 2 -1 0 -1
0 1 0 28.8 54.0 2 -1 0 -1
0 1 0 28.8 54.5 2 -1 0 -1
0 1 0 28.8 54.0 2 -1 0 -1
0 1 0 28.8 54.0 2 -1 0 -1
0 1 0 28.8 54.0 2 -1 0 -1
0 1 0 28.8 54.0 2 -1 0 -1
0 1 0 28.9 54.0 2 -1 0 -1
0 1 0 28.9 54.5 2 -1 0 -1
0 1 0 28.9 54.5 2 -1 0 -1
0 1 0 28.9 54.0 2 -1 0 -1
0 1 0 28.8 54.5 2 -1 0 -1
0 1 0 28.9 54.0 2 -1 0 -1
0 1 0 28.9 54.0 2 -1 0 -1
0 1 0 28.9 54.0 2 -1 0 -1
0 1 0 28.9 54.5 2 -1 0 -1
0 1 0 28.9 54.5 2 -1 0 -1
0 1 0 28.9 54.0 2 -1 0 -1
0 1 0 28.9 54.0 2 -1 0 -1
0 1 0 28.9 54.5 2 -1 0 -1
0 1 0 29.0 54.5 2 -1 0 -1
0 1 0 28.9 54.5 2 -1 0 -1
0 1 0 29.0 54.5 2 -1 0 -1
0 1 0 28.9 54.5 2 -1 0 -1
0 1 0 29.0 54.5 2 -1 0 -1
0 1 0 28.9 54.0 2 -1 0 -1
0 1 0 29.0 54.0 2 -1 0 -1
0 1 0 29.0 54.5 2 -1 0 -1
0 1 0 28.9 54.5 2 -1 0 -1
0 1 0 29.0 54.5 2 -1 0 -1
0 1 0 28.9 54.5 2 -1 0 -1
0 1 0 29.0 54.5 2 -1 0 -1
0 1 0 29.0 54.5 2 -1 0 -1
0 1 0 29.0 54.5 2 -1 0 -1
0 1 0 29.0 54.5 2 -1 0 -1
0 1 0 29.0 54.5 2 -1 0 -1
0 1 0 29.0 54.5 2 -1 0 -1
0 1 0 29.0 54.5 2 -1 0 -1
0 1 0 29.1 54.5 2 -1 0 -1
0 1 0 29.0 54.5 2 -1 0 -1
0 1 0 29.0 54.5 2 -1 0 -1
0 1 0 29.1 54.5 2 -1 0 -1
0 1 0 29.1 54.5 2 -1 0 -1
0 1 0 29.1 54.5 2 -1 0 -1
0 1 0 29.0 54.5 2 -1 0 -1
0 1 0 29.1 54.5 2 -1 0 -1
0 1 0 29.1 54.5 2 -1 0 -1
0 1 0 29.1 54.5 2 -1 0 -1
0 1 0 29.1 54.5 2 -1 0 -1
0 1 0 29.1 54.5 2 -1 0 -1
0 1 0 29.1 54.5 2 -1 0 -1
0 1 0 29.1 54.5 2 -1 0 -1
0 1 0 29.1 54.5 2 -1 0 -1
0 1 0 29.1 54.5 2 -1 0 -1
0 1 0 29.1 54.5 2 -1 0 -1
0 1 0 29.1 54.5 2 -1 0 -1
0 1 0 29.1 54.5 2 -1 0 -1
0 1 0 29.1 54.5 2 -1 0 -1
0 1 0 29.1 54.5 2 -1 0 -1
0 1 0 29.1 54.5 2 -1 0 -1
0 1 0 29.1 54.5 2 -1 0 -1
0 1 0 29.2 54.5 2 -1 0 -1
0 1 0 29.2 54.5 2 -1 0 -1
0 1 0 29.2 54.5 2 -1 0 -1
0 1 0 29.2 54.5 2 -1 0 -1
0 1 0 29.1 54.5 2 -1 0 -1
0 1 0 29.2 54.5 2 -1 0 -1
0 1 0 29.2 54.5 2 -1 0 -1
0 1 0 29.2 54.5 2 -1 0 -1
0 1 0 29.2 54.5 2 -1 0 -1
0 1 0 29.2 54.5 2 -1 0 -1
0 1 0 29.2 54.5 2 -1 0 -1
0 1 0 29.2 54.5 2 -1 0 -1
0 1 0 29.2 54.5 2 -1 0 -1
0 1 0 29.2 54.5 2 -1 0 -1
0 1 0 29.2 54.5 2 -1 0 -1
0 1 0 29.2 54.5 2 -1 0 -1
0 1 0 29.3 54.5 2 -1 0 -1
0 1 0 29.2 54.5 2 -1 0 -1
0 1 0 29.2 54.5 2 -1 0 -1
0 1 0 29.2 54.5 2 -1 0 -1
0 1 0 29.2 54.5 2 -1 0 -1
0 1 0 29.3 54.5 2 -1 0 -1
0 1 0 29.3 54.5 2 -1 0 -1
0 1 0 29.3 54.5 2 -1 0 -1
0 1 0 29.2 54.5 2 -1 0 -1
0 1 0 29.3 54.5 2 -1 0 -1
0 1 0 29.3 54.5 2 -1 0 -1
0 1 0 29.3 54.5 2 -1 0 -1
0 1 0 29.3 54.5 2 -1 0 -1
0 1 0 29.3 54.5 2 -1 0 -1
0 1 0 29.3 54.5 2 -1 0 -1
0 1 0 29.2 54.5 2 -1 0 -1
0 1 0 29.3 54.5 2 -1 0 -1
0 1 0 29.3 54.5 2 -1 0 -1
0 1 0 29.3 54.5 2 -1 0 -1
0 1 0 29.3 54.5 2 -1 0 -1
0 1 0 29.3 54.5 2 -1 0 -1
0 1 0 29.3 54.5 2 -1 0 -1
0 1 0 29.4 54.5 2 -1 0 -1
0 1 0 29.3 54.5 2 -1 0 -1
0 1 0 29.4 54.5 2 -1 0 -1
0 1 0 29.3 54.5 2 -1 0 -1
0 1 0 29.3 54.5 2 -1 0 -1
0 1 0 29.3 54.5 2 -1 0 -1
0 1 0 29.3 54.5 2 -1 0 -1
0 1 0 29.4 54.5 2 -1 0 -1
0 1 0 29.4 54.5 2 -1 0 -1
0 1 0 29.4 54.5 2 -1 0 -1
0 1 0 29.3 54.5 2 -1 0 -1
0 1 0 29.4 54.5 2 -1 0 -1
0 1 0 29.4 54.5 2 -1 0 -1
0 1 0 29.4 54.5 2 -1 0 -1
0 1 0 29.4 54.5 2 -1 0 -1
0 1 0 29.4 54.5 2 -1 0 -1
0 1 0 29.5 54.5 2 -1 0 -1
0 1 0 29.4 54.5 2 -1 0 -1
0 1 0 29.4 54.5 2 -1 0 -1
0 1 0 29.4 54.5 2 -1 0 -1
0 1 0 29.4 54.5 2 -1 0 -1
0 1 0 29.4 54.5 2 -1 0 -1
0 1 0 29.4 54.5 2 -1 0 -1
0 1 0 29.4 54.5 2 -1 0 -1
0 1 0 29.4 54.5 2 -1 0 -1
0 1 0 29.5 54.5 2 -1 0 -1
0 1 0 29.5 55.0 2 -1 0 -1
0 1 0 29.5 55.0 2 -1 0 -1
0 1 0 29.4 54.5 2 -1 0 -1
0 1 0 29.4 55.0 2 -1 0 -1
0 1 0 29.4 54.5 2 -1 0 -1
0 1 0 29.4 54.5 2 -1 0 -1
0 1 0 29.5 54.5 2 -1 0 -1
0 1 0 29.5 54.5 2 -1 0 -1
0 1 0 29.5 55.0 2 -1 0 -1
0 1 0 29.4 54.5 2 -1 0 -1
0 1 0 29.5 55.0 2 -1 0 -1
0 1 0 29.5 55.0 2 -1 0 -1
0 1 0 29.5 55.0 2 -1 0 -1
0 1 0 29.5 55.0 2 -1 0 -1
0 1 0 29.5 55.0 2 -1 0 -1
0 1 0 29.4 55.0 2 -1 0 -1
0 1 0 29.5 55.0 2 -1 0 -1
0 1 0 29.5 55.0 2 -1 0 -1
0 1 0 29.4 54.5 2 -1 0 -1
0 1 0 29.6 55.0 2 -1 0 -1
0 1 0 29.5 55.0 2 -1 0 -1
0 1 0 29.5 55.0 2 -1 0 -1
0 1 0 29.5 55.0 2 -1 0 -1
0 1 0 29.5 55.0 2 -1 0 -1
0 1 0 29.5 55.0 2 -1 0 -1
0 1 0 29.5 55.0 2 -1 0 -1
0 1 0 29.5 55.0 2 -1 0 -1
0 1 0 29.5 55.0 2 -1 0 -1
0 1 0 29.5 55.0 2 -1 0 -1
0 1 0 29.6 55.0 2 -1 0 -1
0 1 0 29.5 55.0 2 -1 0 -1
0 1 0 29.5 55.0 2 -1 0 -1
0 1 0 29.6 55.0 2 -1 0 -1
0 1 0 29.5 55.0 2 -1 0 -1
0 1 0 29.6 55.0 2 -1 0 -1
0 1 0 29.5 55.0 2 -1 0 -1
0 1 0 29.6 55.0 2 -1 0 -1
0 1 0 29.5 55.0 2 -1 0 -1
0 1 0 29.6 55.0 2 -1 0 -1
0 1 0 29.5 55.0 2 -1 0 -1
0 1 0 29.6 55.0 2 -1 0 -1
0 1 0 29.6 55.0 2 -1 0 -1
0 1 0 29.5 55.0 2 -1 0 -1
0 1 0 29.6 55.0 2 -1 0 -1
0 1 0 29.6 55.0 2 -1 0 -1
0 1 0 29.5 55.0 2 -1 0 -1
0 1 0 29.7 55.0 2 -1 0 -1
0 1 0 29.6 55.0 2 -1 0 -1
0 1 0 29.6 55.0 2 -1 0 -1
0 1 0 29.6 55.0 2 -1 0 -1
0 1 0 29.6 55.0 2 -1 0 -1
0 1 0 29.6 55.0 2 -1 0 -1
0 1 0 29.7 55.0 2 -1 0 -1
0 1 0 29.6 55.0 2 -1 0 -1
0 1 0 29.6 55.0 2 -1 0 -1
0 1 0 29.7 55.0 2 -1 0 -1
0 1 0 29.6 55.0 2 -1 0 -1
0 1 0 29.6 55.0 2 -1 0 -1
0 1 0 29.6 55.0 2 -1 0 -1
0 1 0 29.6 55.0 2 -1 0 -1
0 1 0 29.6 55.0 2 -1 0 -1
0 1 0 29.7 55.0 2 -1 0 -1
0 1 0 29.6 55.0 2 -1 0 -1
0 1 0 29.6 55.0 2 -1 0 -1
0 1 0 29.7 55.0 2 -1 0 -1
0 1 0 29.7 55.5 2 -1 0 -1
0 1 0 29.6 55.0 2 -1 0 -1
0 1 0 29.7 55.5 2 -1 0 -1
0 1 0 29.7 55.5 2 -1 0 -1
0 1 0 29.7 55.5 2 -1 0 -1
0 1 0 29.7 55.5 2 -1 0 -1
0 1 0 29.6 55.5 2 -1 0 -1
0 1 0 29.7 55.5 2 -1 0 -1
0 1 0 29.7 55.5 2 -1 0 -1
0 1 0 29.7 55.5 2 -1 0 -1
0 1 0 29.6 55.5 2 -1 0 -1
0 1 0 29.6 55.5 2 -1 0 -1
0 1 0 29.7 55.5 2 -1 0 -1
0 1 0 29.7 55.5 2 -1 0 -1
0 1 0 29.7 55.5 2 -1 0 -1
0 1 0 29.7 55.5 2 -1 0 -1
0 1 0 29.7 55.5 2 -1 0 -1
0 1 0 29.6 55.5 2 -1 0 -1
0 1 0 29.7 55.5 2 -1 0 -1
0 1 0 29.7 55.5 2 -1 0 -1
0 1 0 29.7 55.5 2 -1 0 -1
0 1 0 29.7 55.5 2 -1 0 -1
0 1 0 29.7 55.5 2 -1 0 -1
0 1 0 29.7 55.5 2 -1 0 -1
0 1 0 29.7 55.5 2 -1 0 -1
0 1 0 29.7 55.5 2 -1 0 -1
0 1 0 29.7 55.5 2 -1 0 -1
0 1 0 29.7 55.5 2 -1 0 -1
0 1 0 29.7 55.5 2 -1 0 -1
0 1 0 29.8 55.5 2 -1 0 -1
0 1 0 29.7 55.5 2 -1 0 -1
0 1 0 29.7 55.5 2 -1 0 -1
0 1 0 29.7 55.5 2 -1 0 -1
0 1 0 29.8 55.5 2 -1 0 -1
0 1 0 29.8 55.5 2 -1 0 -1
0 1 0 29.7 55.5 2 -1 0 -1
0 1 0 29.7 55.5 2 -1 0 -1
0 1 0 29.8 55.5 2 -1 0 -1
0 1 0 29.8 55.5 2 -1 0 -1
0 1 0 29.8 55.5 2 -1 0 -1
0 1 0 29.7 55.5 2 -1 0 -1
0 1 0 29.7 55.5 2 -1 0 -1
0 1 0 29.7 55.5 2 -1 0 -1
0 1 0 29.7 55.5 2 -1 0 -1
0 1 0 29.7 55.5 2 -1 0 -1
0 1 0 29.7 55.5 2 -1 0 -1
0 1 0 29.7 55.5 2 -1 0 -1
0 1 0 29.7 55.5 2 -1 0 -1
0 1 0 29.7 55.5 2 -1 0 -1
0 1 0 29.8 55.5 2 -1 0 -1
0 1 0 29.8 55.5 2 -1 0 -1
0 1 0 29.8 55.5 2 -1 0 -1
0 1 0 29.8 55.5 2 -1 0 -1
0 1 0 29.7 55.5 2 -1 0 -1
0 1 0 29.8 55.5 2 -1 0 -1
0 1 0 29.8 55.5 2 -1 0 -1
0 1 0 29.8 55.5 2 -1 0 -1
0 1 0 29.8 56.0 2 -1 0 -1
0 1 0 29.8 56.0 2 -1 0 -1
0 1 0 29.8 56.0 2 -1 0 -1
0 1 0 29.8 56.0 2 -1 0 -1
0 1 0 29.7 56.0 2 -1 0 -1
0 1 0 29.9 56.0 2 -1 0 -1
0 1 0 29.8 56.0 2 -1 0 -1
0 1 0 29.7 56.0 2 -1 0 -1
0 1 0 29.8 56.0 2 -1 0 -1
0 1 0 29.8 56.0 2 -1 0 -1
0 1 0 29.9 56.0 2 -1 0 -1
0 1 0 29.8 56.5 2 -1 0 -1
0 1 0 29.8 56.0 2 -1 0 -1
0 1 0 29.8 56.0 2 -1 0 -1
0 1 0 29.8 56.0 2 -1 0 -1
0 1 0 29.8 56.0 2 -1 0 -1
0 1 0 29.8 56.0 2 -1 0 -1
0 1 0 29.8 56.0 2 -1 0 -1
0 1 0 29.8 56.0 2 -1 0 -1
0 1 0 29.9 56.0 2 -1 0 -1
0 1 0 29.8 56.0 2 -1 0 -1
0 1 0 29.8 56.0 2 -1 0 -1
0 1 0 29.8 56.0 2 -1 0 -1
0 1 0 29.9 56.0 2 -1 0 -1
0 1 0 29.8 56.0 2 -1 0 -1
0 1 0 29.8 56.0 2 -1 0 -1
0 1 0 29.9 56.0 2 -1 0 -1
0 1 0 29.8 56.0 2 -1 0 -1
0 1 0 29.8 56.0 2 -1 0 -1
0 1 0 29.9 56.0 2 -1 0 -1
0 1 0 29.9 56.0 2 -1 0 -1
0 1 0 29.9 56.5 2 -1 0 -1
0 1 0 29.9 56.5 2 -1 0 -1
0 1 0 29.9 56.0 2 -1 0 -1
0 1 0 29.9 56.5 2 -1 0 -1
0 1 0 29.9 56.5 2 -1 0 -1
0 1 0 29.9 56.5 2 -1 0 -1
0 1 0 29.9 56.5 2 -1 0 -1
0 1 0 29.9 56.5 2 -1 0 -1
0 1 0 29.9 56.5 2 -1 0 -1
0 1 0 30.0 56.5 2 -1 0 -1
0 1 0 29.9 56.5 2 -1 0 -1
0 1 0 29.8 56.5 2 -1 0 -1
0 1 0 29.9 56.5 2 -1 0 -1
0 1 0 29.9 56.5 2 -1 0 -1
0 1 0 29.9 56.5 2 -1 0 -1
0 1 0 29.9 56.5 2 -1 0 -1
0 1 0 29.9 56.5 2 -1 0 -1
0 1 0 29.9 57.0 2 -1 0 -1
0 1 0 29.9 57.0 2 -1 0 -1
0 1 0 29.9 57.0 2 -1 0 -1
0 1 0 29.9 57.0 2 -1 0 -1
0 1 0 29.9 57.0 2 -1 0 -1
0 1 0 29.9 57.0 2 -1 0 -1
0 1 0 29.9 57.0 2 -1 0 -1
0 1 0 29.9 57.0 2 -1 0 -1
0 1 0 29.9 57.0 2 -1 0 -1
0 1 0 29.9 57.0 2 -1 0 -1
0 1 0 29.9 57.0 2 -1 0 -1
0 1 0 29.9 57.0 2 -1 0 -1
0 1 0 30.0 57.0 2 -1 0 -1
0 1 0 29.9 57.0 2 -1 0 -1
0 1 0 29.9 57.0 2 -1 0 -1
0 1 0 30.0 57.0 1 -1 0 -1
0 1 0 29.9 57.0 1 -1 0 -1
0 1 0 29.9 57.0 1 -1 0 -1
0 1 0 29.9 57.0 1 -1 0 -1
0 1 0 30.0 57.0 1 -1 0 -1
0 1 0 30.0 57.0 1 -1 0 -1
0 1 0 30.0 57.0 1 -1 0 -1
0 1 0 29.9 57.0 1 -1 0 -1
0 1 0 29.9 57.0 1 -1 0 -1
0 1 0 29.9 57.0 1 -1 0 -1
0 1 0 29.9 57.0 1 -1 0 -1
0 1 0 29.9 57.0 1 -1 0 -1
0 1 0 29.9 57.0 1 -1 0 -1
0 1 0 29.9 57.0 1 -1 0 -1
0 1 0 30.0 57.0 1 -1 0 -1
0 1 0 30.0 57.0 1 -1 0 -1
0 1 0 30.0 57.0 1 -1 0 -1
0 1 0 30.0 57.0 1 -1 0 -1
0 1 0 29.9 57.0 1 -1 0 -1
0 1 0 30.0 57.0 1 -1 0 -1
0 1 0 30.0 57.0 1 -1 0 -1
0 1 0 29.9 57.0 1 -1 0 -1
0 1 0 29.9 57.0 1 -1 0 -1
0 1 0 30.0 57.0 1 -1 0 -1
0 1 0 29.9 57.0 1 -1 0 -1
0 1 0 29.9 57.0 1 -1 0 -1
0 1 0 29.9 57.0 1 -1 0 -1
0 1 0 30.0 57.0 1 -1 0 -1
0 1 0 30.0 57.0 1 -1 0 -1
0 1 0 30.0 57.0 1 -1 0 -1
0 1 0 30.0 57.0 1 -1 0 -1
0 1 0 30.0 57.0 1 -1 0 -1
0 1 0 30.0 57.0 1 -1 0 -1
0 1 0 30.0 57.5 1 -1 0 -1
0 1 0 30.0 57.0 1 -1 0 -1
0 1 0 30.0 57.0 1 -1 0 -1
0 1 0 30.0 57.0 1 -1 0 -1
0 1 0 29.9 57.5 1 -1 0 -1
0 1 0 30.0 57.0 1 -1 0 -1
0 1 0 29.9 57.0 1 -1 0 -1
0 1 0 30.0 57.0 1 -1 0 -1
0 1 0 30.0 57.5 1 -1 0 -1
0 1 0 30.0 57.5 1 -1 0 -1
0 1 0 30.0 57.5 1 -1 0 -1
0 1 0 30.0 57.5 1 -1 0 -1
0 1 0 30.0 57.0 1 -1 0 -1
0 1 0 30.0 57.0 1 -1 0 -1
0 1 0 30.0 57.0 1 -1 0 -1
0 1 0 29.9 57.5 1 -1 0 -1
0 1 0 30.0 57.0 1 -1 0 -1
0 1 0 30.0 57.5 0 -1 0 -1
0 1 0 30.0 57.5 0 -1 0 -1
0 1 0 30.0 57.5 0 -1 0 -1
0 1 0 30.0 57.5 0 -1 0 -1
0 1 0 30.0 57.5 0 -1 0 -1
0 1 0 30.0 57.5 0 -1 0 -1
0 1 0 30.0 57.5 0 -1 0 -1
0 1 0 30.0 57.5 0 -1 0 -1
0 1 0 30.0 57.5 0 -1 0 -1
0 1 0 30.0 57.5 0 -1 0 -1
0 1 0 30.0 57.5 0 -1 0 -1
0 1 0 30.1 57.5 0 -1 0 -1
0 1 0 30.0 57.5 2 -1 0 -1
0 1 0 30.0 57.5 2 -1 0 -1
0 1 0 30.0 57.5 2 -1 0 -1
0 1 0 30.0 57.5 2 -1 0 -1
0 1 0 30.1 57.5 2 -1 0 -1
0 1 0 30.1 57.5 2 -1 0 -1
0 1 0 30.0 57.5 2 -1 0 -1
0 1 0 30.0 57.5 3 -1 0 -1
0 1 0 30.0 57.5 1 -1 0 -1
0 1 0 30.0 57.5 1 -1 0 -1
0 1 0 30.0 57.5 1 -1 0 -1
0 1 0 30.0 57.5 1 -1 0 -1
0 1 0 30.0 57.5 1 -1 0 -1
0 1 0 30.0 57.5 1 -1 0 -1
0 1 0 30.0 57.5 1 -1 0 -1
0 1 0 30.1 57.5 1 -1 0 -1
0 1 0 30.0 57.5 3 -1 0 -1
0 1 0 30.0 57.5 3 -1 0 -1
0 1 0 30.0 57.5 2 -1 0 -1
0 1 0 30.0 57.5 2 -1 0 -1
0 1 0 30.1 57.5 2 -1 0 -1
0 1 0 30.0 57.5 2 -1 0 -1
0 1 0 30.0 57.5 2 -1 0 -1
0 1 0 30.0 57.5 2 -1 0 -1
0 1 0 30.1 57.5 2 -1 0 -1
0 1 0 30.1 57.5 2 -1 0 -1
0 1 0 30.1 57.5 2 -1 0 -1
0 1 0 30.0 57.5 2 -1 0 -1
0 1 0 30.0 57.5 2 -1 0 -1
0 1 0 30.0 57.5 2 -1 0 -1
0 1 0 30.1 57.5 2 -1 0 -1
0 1 0 30.0 57.5 2 -1 0 -1
0 1 0 30.0 57.5 2 -1 0 -1
0 1 0 30.0 57.5 2 -1 0 -1
0 1 0 30.0 57.5 2 -1 0 -1
0 1 0 30.0 57.5 1 -1 0 -1
0 1 0 30.0 57.5 1 -1 0 -1
0 1 0 30.1 57.5 1 -1 0 -1
0 1 0 30.1 57.5 1 -1 0 -1
0 1 0 30.0 57.5 1 -1 0 -1
0 1 0 30.1 57.5 1 -1 0 -1
0 1 0 30.1 57.5 1 -1 0 -1
0 1 0 30.1 57.5 2 -1 0 -1
0 1 0 30.1 57.5 2 -1 0 -1
0 1 0 30.0 57.5 2 -1 0 -1
0 1 0 30.0 57.5 2 -1 0 -1
0 1 0 30.0 57.5 2 -1 0 -1
0 1 0 30.1 57.5 2 -1 0 -1
0 1 0 30.1 57.5 2 -1 0 -1
0 1 0 30.0 57.5 2 -1 0 -1
0 1 0 30.1 57.5 2 -1 0 -1
0 1 0 30.1 57.5 2 -1 0 -1
0 1 0 30.0 57.5 2 -1 0 -1
0 1 0 30.0 57.5 4 -1 0 -1
0 1 0 30.0 57.5 4 -1 0 -1
0 1 0 30.0 57.5 4 -1 0 -1
0 1 0 30.0 57.0 4 -1 0 -1
0 1 0 30.0 57.0 4 -1 0 -1
0 1 0 30.0 57.0 4 -1 0 -1
0 1 0 30.0 57.0 2 -1 0 -1
0 1 0 30.0 57.0 2 -1 0 -1
0 1 0 30.0 57.0 2 -1 0 -1
0 1 0 30.0 57.0 2 -1 0 -1
0 1 0 30.0 57.0 2 -1 0 -1
0 1 0 30.0 56.5 4 -1 0 -1
0 1 0 30.0 56.5 4 -1 0 -1
0 1 0 29.9 56.5 2 -1 0 -1
0 1 0 30.0 56.5 2 -1 0 -1
0 1 0 29.9 56.5 2 -1 0 -1
0 1 0 29.9 56.0 2 -1 0 -1
0 1 0 29.9 56.0 2 -1 0 -1
0 1 0 29.9 56.0 4 -1 0 -1
0 1 0 30.0 56.0 1 -1 0 -1
0 1 0 29.8 56.0 1 -1 0 -1
0 1 0 29.9 55.5 1 -1 0 -1
0 1 0 29.9 55.5 1 -1 0 -1
0 1 0 29.8 55.5 1 -1 0 -1
0 1 0 29.8 55.5 1 -1 0 -1
0 1 0 29.9 55.5 2 -1 0 -1
0 1 0 29.8 55.0 2 -1 0 -1
0 1 0 29.8 55.0 2 -1 0 -1
0 1 0 29.8 55.0 2 -1 0 -1
0 1 0 29.8 55.0 2 -1 0 -1
0 1 0 29.8 55.0 2 -1 0 -1
0 1 0 29.8 54.5 2 -1 0 -1
0 1 0 29.8 54.5 2 -1 0 -1
0 1 0 29.7 54.5 2 -1 0 -1
0 1 0 29.8 54.5 2 -1 0 -1
0 1 0 29.7 54.5 2 -1 0 -1
0 1 0 29.8 54.5 2 -1 0 -1
0 1 0 29.7 54.5 2 -1 0 -1
0 1 0 29.7 54.5 2 -1 0 -1
0 1 0 29.7 54.0 2 -1 0 -1
0 1 0 29.7 54.0 2 -1 0 -1
0 1 0 29.6 54.0 2 -1 0 -1
0 1 0 29.7 54.0 4 -1 0 -1
0 1 0 29.7 54.0 4 -1 0 -1
0 1 0 29.6 54.0 1 -1 0 -1
0 1 0 29.7 54.0 2 -1 0 -1
0 1 0 29.7 54.0 2 -1 0 -1
0 1 0 29.7 53.5 4 -1 0 -1
0 1 0 29.7 53.5 4 -1 0 -1
0 1 0 29.5 53.5 4 -1 0 -1
0 1 0 29.6 53.5 4 -1 0 -1
0 1 0 29.7 53.5 6 -1 0 -1
0 1 0 29.6 53.5 3 -1 0 -1
0 1 0 29.6 53.5 3 -1 0 -1
0 1 0 29.6 53.5 3 -1 0 -1
0 1 0 29.7 53.0 3 -1 0 -1
0 1 0 29.6 53.0 4 -1 0 -1
0 1 0 29.6 53.0 4 -1 0 -1
0 1 0 29.6 53.0 4 -1 0 -1
0 1 0 29.6 53.0 3 -1 0 -1
0 1 0 29.6 53.0 5 -1 0 -1
0 1 0 29.6 53.0 9 -1 0 -1
0 1 0 29.5 53.0 9 -1 0 -1
0 1 0 29.6 53.0 11 -1 0 -1
0 1 0 29.6 53.0 12 -1 0 -1
0 1 0 29.5 53.0 12 -1 0 -1
0 1 0 29.6 53.0 14 -1 0 -1
0 1 0 29.5 53.0 12 -1 0 -1
0 1 0 29.5 52.5 12 -1 0 -1
0 1 0 29.5 52.5 14 -1 0 -1
0 1 0 29.6 52.5 16 -1 0 -1
0 1 0 29.5 52.5 15 -1 0 -1
0 1 0 29.6 52.5 19 -1 0 -1
0 1 0 29.5 52.5 21 -1 0 -1
0 1 0 29.5 52.5 21 -1 0 -1
0 1 0 29.6 52.5 19 -1 0 -1
0 1 0 29.5 52.5 21 -1 0 -1
0 1 0 29.5 52.5 24 -1 0 -1
0 1 0 29.5 52.5 26 -1 0 -1
0 1 0 29.5 52.5 24 -1 0 -1
0 1 0 29.5 52.5 24 -1 0 -1
0 1 0 29.5 52.5 28 -1 0 -1
0 1 0 29.5 52.5 28 -1 0 -1
0 1 0 29.5 52.0 31 -1 0 -1
0 1 0 29.6 52.5 30 -1 0 -1
0 1 0 29.5 52.0 28 -1 0 -1
0 1 0 29.6 52.0 28 -1 0 -1
0 1 0 29.5 52.0 24 -1 0 -1
0 1 0 29.5 52.0 21 -1 0 -1
0 1 0 29.4 52.0 21 -1 0 -1
0 1 0 29.5 52.0 19 -1 0 -1
0 1 0 29.4 52.0 21 -1 0 -1
0 1 0 29.5 52.0 19 -1 0 -1
0 1 0 29.5 52.0 17 -1 0 -1
0 1 0 29.4 52.0 17 -1 0 -1
0 1 0 29.5 52.0 19 -1 0 -1
0 1 0 29.5 52.0 19 -1 0 -1
0 1 0 29.5 52.0 17 -1 0 -1
0 1 0 29.4 52.0 17 -1 0 -1
0 1 0 29.5 52.0 15 -1 0 -1
0 1 0 29.5 52.0 15 -1 0 -1
0 1 0 29.5 51.5 15 -1 0 -1
0 1 0 29.4 52.0 15 -1 0 -1
0 1 0 29.5 51.5 15 -1 0 -1
0 1 0 29.4 51.5 16 -1 0 -1
0 1 0 29.4 51.5 16 -1 0 -1
0 1 0 29.5 51.5 16 -1 0 -1
0 1 0 29.5 51.5 14 -1 0 -1
0 1 0 29.4 51.5 14 -1 0 -1
0 1 0 29.4 51.5 14 -1 0 -1
0 1 0 29.5 51.5 14 -1 0 -1
0 1 0 29.4 51.5 14 -1 0 -1
0 1 0 29.4 51.5 14 -1 0 -1
0 1 0 29.5 51.5 14 -1 0 -1
0 1 0 29.5 51.5 14 -1 0 -1
0 1 0 29.5 51.5 16 -1 0 -1
0 1 0 29.5 51.5 16 -1 0 -1
0 1 0 29.5 51.0 16 -1 0 -1
0 1 0 29.4 51.0 12 -1 0 -1
0 1 0 29.5 51.5 15 -1 0 -1
0 1 0 29.4 51.0 15 -1 0 -1
0 1 0 29.4 51.0 15 -1 0 -1
0 1 0 29.4 51.0 15 -1 0 -1
0 1 0 29.4 51.0 15 -1 0 -1
0 1 0 29.5 51.0 17 -1 0 -1
0 1 0 29.4 51.0 17 -1 0 -1
0 1 0 29.5 51.0 17 -1 0 -1
0 1 0 29.4 51.0 19 -1 0 -1
0 1 0 29.4 51.0 19 -1 0 -1
0 1 0 29.4 51.0 17 -1 0 -1
0 1 0 29.4 51.0 19 -1 0 -1
0 1 0 29.4 51.0 19 -1 0 -1
0 1 0 29.4 51.0 21 -1 0 -1
0 1 0 29.4 51.0 19 -1 0 -1
0 1 0 29.5 51.0 21 -1 0 -1
0 1 0 29.5 50.5 23 -1 0 -1
0 1 0 29.4 50.5 21 -1 0 -1
0 1 0 29.4 51.0 21 -1 0 -1
0 1 0 29.4 50.5 24 -1 0 -1
0 1 0 29.4 50.5 24 -1 0 -1
0 1 0 29.4 50.5 21 -1 0 -1
0 1 0 29.4 50.5 19 -1 0 -1
0 1 0 29.4 50.5 23 -1 0 -1
0 1 0 29.4 50.5 21 -1 0 -1
0 1 0 29.4 50.5 17 c26 0 -1
0 1 23 29.4 50.0 32 c26 6 -1
0 1 23 29.3 50.0 42 c26 6 -1
0 1 5 29.3 49.0 38 c26 6 -1
0 1 0 29.2 48.5 40 c26 6 -1
0 1 1 29.0 47.5 40 c26 6 -1
0 1 0 28.8 47.0 40 c26 6 -1
0 1 0 28.7 47.0 42 c26 6 -1
0 1 0 28.6 46.0 40 c26 6 -1
0 1 4 28.4 45.5 40 c26 6 -1
0 1 0 28.3 45.0 44 c26 6 -1
0 1 0 28.1 44.5 45 c26 6 -1
0 1 0 28.1 44.5 45 c26 6 -1
0 1 0 28.0 44.0 45 c26 6 -1
0 1 0 27.9 44.0 49 c26 6 -1
0 1 0 27.8 43.5 52 c26 6 -1
0 1 0 27.7 43.5 52 c26 6 -1
0 1 0 27.6 43.0 54 c26 6 -1
0 1 0 27.6 43.0 57 c26 6 -1
0 1 0 27.5 43.0 55 c26 6 -1
0 1 0 27.4 42.5 55 c26 6 -1
0 1 4 27.3 42.5 55 c26 6 -1
0 1 0 27.3 42.5 53 c26 6 -1
0 1 0 27.3 42.5 54 c26 6 -1
0 1 0 27.2 43.0 54 c26 6 -1
0 1 0 27.1 42.5 54 c26 6 -1
0 1 0 27.0 42.5 57 c26 6 -1
0 1 0 27.0 42.5 57 c26 6 -1
0 1 0 27.0 42.5 57 c26 6 -1
0 1 5 26.9 43.0 57 c26 6 -1
0 1 2 26.9 43.0 57 c26 6 -1
0 1 0 26.9 43.0 54 c26 6 -1
0 1 0 26.8 42.5 57 c26 6 -1
0 1 0 26.8 43.0 54 c26 6 -1
0 1 6 26.7 43.0 52 c26 6 -1
0 1 0 26.7 43.0 50 c26 6 -1
0 1 2 26.7 43.0 49 c26 6 -1
0 1 0 26.6 43.0 48 c26 6 -1
0 1 0 26.6 43.0 52 c26 6 -1
0 1 0 26.5 43.0 49 c26 6 -1
0 1 2 26.5 43.0 47 c26 6 -1
0 1 0 26.4 43.0 47 c26 6 -1
0 1 0 26.5 43.0 48 c26 6 -1
0 1 0 26.4 43.0 50 c26 6 -1
0 1 3 26.4 43.0 48 c26 6 -1
0 1 0 26.3 43.0 48 c26 6 -1
0 1 0 26.2 43.0 49 c26 6 -1
0 1 3 26.3 43.5 48 c26 6 -1
0 1 0 26.2 43.5 48 c26 6 -1
0 1 0 26.2 43.5 47 c26 6 -1
0 1 0 26.2 43.5 45 c26 6 -1
0 1 0 26.1 43.5 47 c26 6 -1
0 1 0 26.1 44.0 44 c26 6 -1
0 1 0 26.1 44.0 44 c26 6 -1
0 1 0 26.1 44.0 43 c26 6 -1
0 1 1 26.1 44.0 45 c26 6 -1
0 1 6 26.1 44.0 45 c26 6 -1
0 1 5 26.0 44.0 43 c26 6 -1
0 1 0 26.0 44.0 43 c26 6 -1
0 1 0 25.9 44.5 43 c26 6 -1
0 1 0 25.9 44.5 45 c26 6 -1
0 1 0 25.9 44.5 47 c26 6 -1
0 1 0 25.9 44.5 47 c26 6 -1
0 1 0 25.9 45.0 47 c26 6 -1
0 1 0 26.0 45.0 47 c26 6 -1
0 1 1 25.9 45.0 45 c26 6 -1
0 1 2 25.9 45.0 45 c26 6 -1
0 1 6 25.9 45.5 45 c26 6 -1
0 1 7 25.8 45.5 45 c26 6 -1
0 1 1 25.9 45.5 45 c26 6 -1
0 1 0 25.9 45.5 41 c26 6 -1
0 1 0 25.8 45.5 42 c26 6 -1
0 1 0 25.7 45.0 42 c26 6 -1
0 1 0 25.8 45.0 42 c26 6 -1
0 1 0 25.7 44.5 42 c26 6 -1
0 1 1 25.7 44.5 46 c26 6 -1
0 1 0 25.6 44.5 46 c26 6 -1
0 1 0 25.6 44.5 44 c26 6 -1
0 1 0 25.6 45.0 40 c26 6 -1
0 1 0 25.7 45.0 42 c26 6 -1
0 1 0 25.7 45.0 38 c26 6 -1
0 1 10 25.6 45.0 38 c26 6 -1
0 1 0 25.6 45.0 38 c26 6 -1
0 1 0 25.6 45.5 40 c26 6 -1
0 1 0 25.6 45.0 38 c26 6 -1
0 1 4 25.6 45.5 38 c26 6 -1
0 1 1 25.6 45.5 36 c26 6 -1
0 1 0 25.6 45.5 39 c26 6 -1
0 1 0 25.5 45.5 39 c26 6 -1
0 1 20 25.6 45.5 37 c26 6 -1
0 1 0 25.5 45.5 37 c26 6 -1
0 1 0 25.5 45.5 35 c26 6 -1
0 1 0 25.6 46.0 35 c26 6 -1
0 1 0 25.4 46.0 35 c26 6 -1
0 1 0 25.4 46.0 35 c26 6 -1
0 1 6 25.4 46.0 35 c26 6 -1
0 1 5 25.4 46.0 35 -1 6 -1
0 1 4 25.4 46.0 37 -1 6 -1
0 1 11 25.4 46.0 37 -1 6 -1
0 1 0 25.3 46.0 37 -1 6 -1
0 1 0 25.4 46.0 37 -1 6 -1
0 1 0 25.5 46.0 37 -1 6 -1
0 1 0 25.7 46.0 39 -1 6 -1
0 1 7 25.7 46.0 39 -1 6 -1
0 1 0 25.8 46.0 37 -1 6 -1
0 1 0 25.9 46.0 37 -1 6 -1
0 1 0 26.0 46.5 35 -1 6 -1
0 1 0 26.0 46.5 35 -1 6 -1
0 1 0 26.1 47.0 35 -1 6 -1
0 1 2 26.1 47.5 39 -1 6 -1
0 1 0 26.2 48.0 37 -1 6 -1
0 1 0 26.3 48.0 37 -1 6 -1
0 1 0 26.3 48.5 33 -1 6 -1
0 1 0 26.4 48.5 35 -1 6 -1
0 1 0 26.5 48.5 35 -1 6 -1
0 1 0 26.6 48.5 37 -1 6 -1
0 1 1 26.7 48.5 36 -1 6 -1
0 1 0 26.6 48.5 38 -1 6 -1
0 1 0 26.7 49.0 38 -1 6 -1
0 1 15 26.8 49.0 36 -1 6 -1
0 1 15 26.9 49.0 17 -1 0 -1
0 1 0 26.9 49.0 15 -1 0 -1
0 1 0 26.9 49.0 15 -1 0 -1
0 1 0 26.9 49.0 17 -1 0 -1
0 1 0 26.9 49.5 17 -1 0 -1
0 1 0 27.0 49.5 17 -1 0 -1
0 1 0 27.0 49.5 15 -1 0 -1
0 1 0 27.1 49.5 15 -1 0 -1
0 1 0 27.1 49.5 15 -1 0 -1
0 1 0 27.1 49.5 19 -1 0 -1
0 1 0 27.2 50.0 17 -1 0 -1
0 1 0 27.2 50.0 21 -1 0 -1
0 1 0 27.2 50.0 19 -1 0 -1
0 1 0 27.2 50.0 17 -1 0 -1
0 1 0 27.2 50.0 17 -1 0 -1
0 1 0 27.3 50.5 17 -1 0 -1
0 1 0 27.3 50.5 19 -1 0 -1
0 1 0 27.4 50.5 19 -1 0 -1
0 1 0 27.4 50.5 18 -1 0 -1
0 1 0 27.4 50.5 21 -1 0 -1
0 1 0 27.4 50.5 21 -1 0 -1
0 1 0 27.5 50.5 15 -1 0 -1
0 1 0 27.5 51.0 17 -1 0 -1
0 1 0 27.5 51.0 17 -1 0 -1
0 1 0 27.6 51.0 17 -1 0 -1
0 1 0 27.6 51.0 17 -1 0 -1
0 1 0 27.6 51.0 17 -1 0 -1
0 1 0 27.7 51.0 17 -1 0 -1
0 1 0 27.6 51.0 17 -1 0 -1
0 1 0 27.6 51.0 17 -1 0 -1
0 1 0 27.7 51.5 19 -1 0 -1
0 1 0 27.7 51.5 17 -1 0 -1
0 1 0 27.8 51.5 19 -1 0 -1
0 1 0 27.8 51.5 17 -1 0 -1
0 1 0 27.8 51.5 15 -1 0 -1
0 1 0 27.8 51.5 15 -1 0 -1
0 1 0 27.8 52.0 16 -1 0 -1
0 1 0 27.9 52.0 16 -1 0 -1
0 1 0 27.9 52.0 16 -1 0 -1
0 1 0 27.9 52.0 16 -1 0 -1
0 1 0 27.9 52.0 16 -1 0 -1
0 1 0 28.0 52.0 16 -1 0 -1
0 1 0 27.9 52.0 16 -1 0 -1
0 1 0 28.0 52.0 15 -1 0 -1
0 1 0 28.0 52.5 17 -1 0 -1
0 1 0 28.0 52.5 17 -1 0 -1
0 1 0 28.0 52.5 15 -1 0 -1
0 1 0 28.0 52.5 15 -1 0 -1
0 1 0 28.1 52.5 16 -1 0 -1
0 1 0 28.1 52.5 14 -1 0 -1
0 1 0 28.1 52.5 12 -1 0 -1
0 1 0 28.1 52.5 10 -1 0 -1
0 1 0 28.2 53.0 12 -1 0 -1
0 1 0 28.1 52.5 8 -1 0 -1
0 1 0 28.2 52.5 9 -1 0 -1
0 1 0 28.2 53.0 7 -1 0 -1
0 1 0 28.2 53.0 9 -1 0 -1
0 1 0 28.2 53.0 9 -1 0 -1
0 1 1 28.3 53.0 7 -1 0 -1
0 1 0 28.3 53.0 5 -1 0 -1
0 1 0 28.2 53.0 9 -1 0 -1
0 1 0 28.3 53.0 9 -1 0 -1
0 1 0 28.3 53.0 5 -1 0 -1
0 1 0 28.3 53.0 5 -1 0 -1
0 1 0 28.2 53.0 7 -1 0 -1
0 1 25 28.3 53.0 7 -1 0 -1
0 1 1 28.3 53.5 7 -1 0 -1
0 1 4 28.3 53.5 7 c26 0 -1
0 1 11 28.3 54.0 7 c26 0 -1
0 1 4 28.4 54.0 5 c26 0 -1
0 1 3 28.3 52.5 7 c26 0 -1
0 1 0 28.2 51.5 7 c26 0 -1
0 1 2 28.0 50.5 5 c26 0 -1
0 1 0 27.9 49.5 3 c26 0 -1
0 1 0 27.7 48.5 6 c26 0 -1
0 1 0 27.5 48.0 6 c26 0 -1
0 1 3 27.5 47.5 4 c26 0 -1
0 1 0 27.3 47.5 4 c26 0 -1
0 1 0 27.2 47.0 2 c26 0 -1
0 1 0 27.1 47.0 4 c26 0 -1
0 1 0 27.0 46.5 4 c26 0 -1
0 1 0 26.9 46.0 4 c26 0 -1
0 1 0 26.9 46.0 2 c26 0 -1
0 1 0 26.8 46.0 2 c26 0 -1
0 1 0 26.8 46.0 2 c26 0 -1
0 1 1 26.7 46.5 2 c26 0 -1
0 1 0 26.7 46.5 2 c26 0 -1
0 1 0 26.7 46.5 2 c26 0 -1
0 1 7 26.6 46.0 2 c26 0 -1
0 1 0 26.6 46.0 1 c26 0 -1
0 1 0 26.5 46.5 1 c26 0 -1
0 1 0 26.4 46.0 4 c26 0 -1
0 1 0 26.5 46.0 2 c26 0 -1
0 1 0 26.4 46.5 2 c26 0 -1
0 1 0 26.4 46.5 2 c26 0 -1
0 1 0 26.3 46.5 2 c26 0 -1
0 1 0 26.3 46.5 2 c26 0 -1
0 1 0 26.3 46.0 2 c26 0 -1
0 1 0 26.2 46.0 2 c26 0 -1
0 1 0 26.2 46.0 2 c26 0 -1
0 1 0 26.1 45.5 2 c26 0 -1
0 1 0 26.1 46.0 4 c26 0 -1
0 1 0 26.1 46.0 4 c26 0 -1
0 1 0 26.0 46.0 4 c26 0 -1
0 1 0 26.0 46.0 4 c26 0 -1
0 1 0 26.0 46.0 4 c26 0 -1
0 1 0 25.9 46.0 4 c26 0 -1
0 1 0 25.9 46.0 4 c26 0 -1
0 1 0 25.8 45.5 4 -1 0 -1
0 1 31 25.9 46.0 4 -1 0 -1
0 1 4 25.7 46.0 1 -1 0 -1
0 1 0 25.8 46.0 1 -1 0 -1
0 1 0 25.9 46.0 1 -1 0 -1
0 1 0 25.9 46.5 1 -1 0 -1
0 1 0 26.0 46.5 1 -1 0 -1
0 1 0 26.1 46.5 1 -1 0 -1
0 1 0 26.2 46.5 1 -1 0 -1
0 1 0 26.2 46.5 1 -1 0 -1
0 1 0 26.3 47.0 1 -1 0 -1
0 1 0 26.3 47.0 1 -1 0 -1
0 1 0 26.4 47.0 1 -1 0 -1
0 1 0 26.5 47.0 1 -1 0 -1
0 1 0 26.5 47.5 1 -1 0 -1
0 1 0 26.5 47.5 1 -1 0 -1
0 1 0 26.6 48.0 2 -1 0 -1
0 1 0 26.7 48.0 2 -1 0 -1
0 1 0 26.6 48.0 2 -1 0 -1
0 1 0 26.7 48.5 2 -1 0 -1
0 1 0 26.7 48.5 2 -1 0 -1
0 1 0 26.8 48.5 2 -1 0 -1
0 1 0 26.8 49.0 4 -1 0 -1
0 1 0 26.8 49.0 4 -1 0 -1
0 1 0 26.8 49.0 4 -1 0 -1
0 1 0 26.9 49.5 4 -1 0 -1
0 1 0 27.0 49.5 4 -1 0 -1
0 1 0 27.0 49.5 4 -1 0 -1
0 1 0 26.9 49.5 4 -1 0 -1
0 1 0 27.1 50.0 4 -1 0 -1
0 1 0 27.0 50.0 4 -1 0 -1
0 1 0 27.1 50.0 4 -1 0 -1
0 1 0 27.1 50.0 4 -1 0 -1
0 1 0 27.1 50.0 4 -1 0 -1
0 1 0 27.1 50.0 4 -1 0 -1
0 1 0 27.1 50.0 4 -1 0 -1
0 1 0 27.2 50.5 4 -1 0 -1
0 1 0 27.2 50.5 4 -1 0 -1
0 1 0 27.1 50.5 2 -1 0 -1
0 1 0 27.2 50.5 2 -1 0 -1
0 1 0 27.3 50.5 2 -1 0 -1
0 1 0 27.3 50.5 2 -1 0 -1
0 1 0 27.3 50.5 2 -1 0 -1
0 1 0 27.3 50.5 2 -1 0 -1
0 1 0 27.4 50.5 2 -1 0 -1
0 1 0 27.3 50.5 2 -1 0 -1
0 1 0 27.4 50.5 6 -1 0 -1
0 1 0 27.4 51.0 2 -1 0 -1
0 1 0 27.4 51.0 2 -1 0 -1
0 1 0 27.5 51.0 2 -1 0 -1
0 1 0 27.5 50.5 2 -1 0 -1
0 1 0 27.4 50.5 2 -1 0 -1
0 1 0 27.5 50.5 2 -1 0 -1
0 1 0 27.5 50.5 2 -1 0 -1
0 1 0 27.5 50.5 2 -1 0 -1
0 1 3 27.5 50.5 2 -1 0 -1
0 1 26 27.5 50.5 4 -1 0 -1
0 1 0 27.5 50.5 4 -1 0 -1
0 1 0 27.5 50.5 4 -1 0 -1
0 1 0 27.6 51.0 4 -1 0 -1
0 1 15 27.6 51.0 20 -1 5 -1
0 1 0 27.6 51.0 20 -1 5 -1
0 1 0 27.7 51.0 20 -1 5 -1
0 1 1 27.6 51.0 20 -1 5 -1
0 1 0 27.7 51.5 20 c26 5 -1
0 1 24 27.6 51.5 20 c26 5 -1
0 1 1 27.7 51.0 20 c26 5 -1
0 1 2 27.7 50.5 20 c26 5 -1
0 1 0 27.5 50.5 22 c26 5 -1
0 1 1 27.4 49.5 22 c26 5 -1
0 1 2 27.2 49.0 22 c26 5 -1
0 1 0 27.1 48.5 22 c26 5 -1
0 1 0 27.1 48.0 22 c26 5 -1
0 1 0 26.9 47.5 22 c26 5 -1
0 1 0 26.8 47.0 22 c26 5 -1
0 1 4 26.7 47.0 22 c26 5 -1
0 1 1 26.6 46.5 24 c26 5 -1
0 1 7 26.5 46.5 24 c26 5 -1
0 1 2 26.5 46.0 24 c26 5 -1
0 1 0 26.4 45.5 24 c26 5 -1
0 1 1 26.3 46.0 20 c26 5 -1
0 1 4 26.3 45.5 20 c26 5 -1
0 1 0 26.2 45.5 22 c26 5 -1
0 1 0 26.1 45.5 20 c26 5 -1
0 1 2 26.1 45.5 20 c26 5 -1
0 1 1 26.0 45.5 20 c26 5 -1
0 1 1 26.0 45.5 20 c26 5 -1
0 1 2 26.0 45.5 24 c26 5 -1
0 1 2 25.9 45.5 24 c26 5 -1
0 1 0 25.9 45.5 24 c26 5 -1
0 1 0 25.8 45.5 22 c26 5 -1
0 1 0 25.9 45.5 22 c26 5 -1
0 1 0 25.8 45.0 22 c26 5 -1
0 1 0 25.8 45.0 24 c26 5 -1
0 1 0 25.7 45.0 20 c26 5 -1
0 1 0 25.7 45.0 20 c26 5 -1
0 1 2 25.6 45.0 22 c26 5 -1
0 1 0 25.6 45.0 22 c26 5 -1
0 1 0 25.5 45.0 22 c26 5 -1
0 1 0 25.5 45.0 22 c26 5 -1
0 1 5 25.5 45.0 22 c26 5 -1
0 1 0 25.5 45.0 20 c26 5 -1
0 1 0 25.4 45.0 20 c26 5 -1
0 1 0 25.5 45.5 20 c26 5 -1
0 1 0 25.4 45.5 24 c26 5 -1
0 1 1 25.3 45.5 22 c26 5 -1
0 1 4 25.3 45.5 22 c26 5 -1
0 1 0 25.3 45.5 22 c26 5 -1
0 1 18 25.3 45.5 20 c26 5 -1
0 1 5 25.2 45.5 20 c26 5 -1
0 1 5 25.2 46.0 20 c26 5 -1
0 1 1 25.2 46.0 20 c26 5 -1
0 1 10 25.2 45.5 20 c26 5 -1
0 1 2 25.2 46.0 20 c26 5 -1
0 1 18 25.1 46.0 20 c26 5 -1
0 1 8 25.1 46.0 20 c26 5 -1
0 1 1 25.1 46.0 20 c26 5 -1
0 1 5 25.2 46.0 22 c26 5 -1
0 1 2 25.1 46.0 20 c26 5 -1
0 1 0 25.2 46.0 22 c26 5 -1
0 1 37 25.1 46.0 22 c26 5 -1
0 1 12 25.1 46.0 22 c26 5 -1
0 1 0 25.0 46.0 22 c26 5 -1
0 1 2 25.0 46.0 22 c26 5 -1
0 1 0 25.0 46.0 22 c26 5 -1
0 1 0 25.0 46.0 22 c26 5 -1
0 1 0 25.0 46.0 22 c26 5 -1
0 1 11 25.0 46.0 22 c26 5 -1
0 1 6 24.9 46.5 22 c26 5 -1
0 1 0 24.9 46.5 22 c26 5 -1
0 1 3 24.9 46.5 22 c26 5 -1
0 1 4 24.9 46.5 22 c26 5 -1
0 1 0 24.9 46.5 22 c26 5 -1
0 1 9 24.8 46.5 22 c26 5 -1
0 1 25 24.9 46.5 22 c26 5 -1
0 1 1 24.9 46.5 20 c26 5 -1
0 1 0 24.8 46.5 20 c26 5 -1
0 1 0 24.8 46.5 20 c26 5 -1
0 1 0 24.8 46.5 20 c26 5 -1
0 1 0 24.8 46.5 20 c26 5 -1
0 1 0 24.7 47.0 20 c26 5 -1
0 1 0 24.8 46.5 22 c26 5 -1
0 1 0 24.7 47.0 22 c26 5 -1
0 1 0 24.7 47.0 22 c26 5 -1
0 1 0 24.8 47.0 22 c26 5 -1
0 1 0 24.7 47.0 20 -1 5 -1
0 1 20 24.7 47.0 22 -1 5 -1
0 1 1 24.6 47.0 22 -1 5 -1
0 1 1 24.7 47.0 22 -1 5 -1
0 1 0 24.8 47.5 24 -1 5 -1
0 1 0 24.9 47.5 24 -1 5 -1
0 1 0 24.9 47.5 20 -1 5 -1
0 1 0 25.0 47.5 24 -1 5 -1
0 1 0 25.1 47.5 24 -1 5 -1
0 1 0 25.2 47.5 24 -1 5 -1
0 1 0 25.3 47.5 22 -1 5 -1
0 1 0 25.3 47.5 22 -1 5 -1
0 1 0 25.4 47.5 22 -1 5 -1
0 1 0 25.5 48.0 22 -1 5 -1
0 1 0 25.5 48.0 24 -1 5 -1
0 1 0 25.6 48.5 24 -1 5 -1
0 1 3 25.7 48.5 20 -1 5 -1
0 1 0 25.7 48.5 22 -1 5 -1
0 1 0 25.8 49.0 22 -1 5 -1
0 1 0 25.8 49.0 24 -1 5 -1
0 1 0 25.8 49.0 24 -1 5 -1
0 1 0 25.9 49.0 24 -1 5 -1
0 1 2 25.9 49.0 22 -1 5 -1
0 1 4 26.0 49.5 22 -1 5 -1
0 1 0 26.0 49.5 22 -1 5 -1
0 1 0 26.1 49.5 22 -1 5 -1
0 1 0 26.1 49.5 22 -1 5 -1
0 1 0 26.2 49.5 22 -1 5 -1
0 1 0 26.2 49.5 22 -1 5 -1
0 1 1 26.3 50.0 22 -1 5 -1
0 1 0 26.3 50.0 22 -1 5 -1
0 1 3 26.3 50.0 22 -1 5 -1
0 1 0 26.4 50.0 22 -1 5 -1
0 1 2 26.4 50.0 22 -1 5 -1
0 1 1 26.5 50.0 22 -1 5 -1
0 1 2 26.5 50.0 22 -1 5 -1
0 1 3 26.5 50.0 26 -1 5 -1
0 1 1 26.5 50.0 26 -1 5 -1
0 1 0 26.5 50.0 24 -1 5 -1
0 1 0 26.6 50.0 24 -1 5 -1
0 1 5 26.6 50.5 22 -1 5 -1
0 1 2 26.6 50.5 22 -1 5 -1
0 1 0 26.7 50.5 22 -1 5 -1
0 1 0 26.7 50.5 22 -1 5 -1
0 1 3 26.7 50.5 20 -1 5 -1
0 1 6 26.7 50.5 20 -1 5 -1
0 1 0 26.8 50.0 20 -1 5 -1
0 1 0 26.7 50.0 24 -1 5 -1
0 1 6 26.8 50.0 24 -1 5 -1
0 1 0 26.8 50.0 24 -1 5 -1
0 1 0 26.8 50.5 24 -1 5 -1
0 1 1 26.9 50.5 24 -1 5 -1
0 1 0 26.9 50.5 24 -1 5 -1
0 1 0 26.9 50.5 22 -1 5 -1
0 1 0 26.9 50.5 22 -1 5 -1
0 1 0 26.9 50.5 22 -1 5 -1
0 1 0 26.9 50.5 22 -1 5 -1
0 1 0 27.0 50.5 22 -1 5 -1
0 1 0 27.1 50.5 22 -1 5 -1
0 1 0 27.0 50.5 22 -1 5 -1
0 1 0 27.0 50.5 22 -1 5 -1
0 1 0 27.1 50.5 22 -1 5 -1
0 1 0 27.2 50.5 22 -1 5 -1
0 1 0 27.1 50.0 20 -1 5 -1
0 1 0 27.1 50.5 20 -1 5 -1
0 1 0 27.2 50.5 20 -1 5 -1
0 1 4 27.2 50.5 20 -1 5 -1
0 1 26 27.2 50.5 15 -1 0 -1
0 1 0 27.3 50.5 6 -1 0 -1
0 1 0 27.2 50.5 4 -1 0 -1
0 1 0 27.3 50.5 4 -1 0 -1
0 1 0 27.3 50.5 4 -1 0 -1
0 1 0 27.3 50.5 4 -1 0 -1
0 1 0 27.3 50.5 4 -1 0 -1
0 1 0 27.3 50.5 2 -1 0 -1
0 1 0 27.3 50.5 2 -1 0 -1
0 1 0 27.3 50.5 2 -1 0 -1
0 1 0 27.4 50.5 2 -1 0 -1
0 1 0 27.3 50.5 2 -1 0 -1
0 1 0 27.3 50.5 2 -1 0 -1
0 1 0 27.4 50.5 2 -1 0 -1
0 1 0 27.4 50.5 2 -1 0 -1
0 1 0 27.4 50.5 2 -1 0 -1
0 1 0 27.3 50.5 2 -1 0 -1
0 1 0 27.4 50.5 2 -1 0 -1
0 1 0 27.4 50.5 2 -1 0 -1
0 1 0 27.4 50.0 2 -1 0 -1
0 1 0 27.4 50.0 2 -1 0 -1
0 1 0 27.4 50.0 2 -1 0 -1
0 1 0 27.4 50.0 2 -1 0 -1
0 1 0 27.4 50.0 2 -1 0 -1
0 1 0 27.4 50.0 2 -1 0 -1
0 1 0 27.4 50.0 2 -1 0 -1
0 1 0 27.4 50.0 2 -1 0 -1
0 1 0 27.4 50.0 2 -1 0 -1
0 1 0 27.5 50.0 2 -1 0 -1
0 1 0 27.5 50.0 2 -1 0 -1
0 1 0 27.5 50.0 2 -1 0 -1
0 1 0 27.5 50.0 2 -1 0 -1
0 1 0 27.5 50.0 2 -1 0 -1
0 1 0 27.5 50.0 2 -1 0 -1
0 1 0 27.5 50.0 2 -1 0 -1
0 1 0 27.5 50.0 1 -1 0 -1
0 1 0 27.6 50.0 4 -1 0 -1
0 1 0 27.5 49.5 4 -1 0 -1
0 1 0 27.6 49.5 4 -1 0 -1
0 1 0 27.6 50.0 4 -1 0 -1
0 1 0 27.5 49.5 4 -1 0 -1
0 1 0 27.6 49.5 4 -1 0 -1
0 1 0 27.6 49.5 4 -1 0 -1
0 1 0 27.6 49.5 4 -1 0 -1
0 1 0 27.6 49.5 4 -1 0 -1
0 1 0 27.6 49.5 4 -1 0 -1
0 1 0 27.6 49.5 4 -1 0 -1
0 1 0 27.5 49.5 4 -1 0 -1
0 1 0 27.6 49.5 4 -1 0 -1
0 1 0 27.7 49.5 2 -1 0 -1
0 1 0 27.7 49.5 2 -1 0 -1
0 1 0 27.7 49.5 2 -1 0 -1
0 1 0 27.6 49.5 2 -1 0 -1
0 1 0 27.6 49.5 2 -1 0 -1
0 1 0 27.7 49.5 2 -1 0 -1
0 1 0 27.7 49.5 1 -1 0 -1
0 1 0 27.7 49.5 1 -1 0 -1
0 1 0 27.7 49.5 1 -1 0 -1
0 1 0 27.7 49.5 1 -1 0 -1
0 1 0 27.7 49.5 2 -1 0 -1
0 1 0 27.7 49.5 2 -1 0 -1
0 1 0 27.7 49.0 2 -1 0 -1
0 1 0 27.7 49.5 2 -1 0 -1
0 1 0 27.8 49.0 0 -1 0 -1
0 1 0 27.7 49.0 0 -1 0 -1
0 1 0 27.8 49.5 0 -1 0 -1
0 1 0 27.7 49.0 0 -1 0 -1
0 1 0 27.7 49.0 0 -1 0 -1
0 1 0 27.7 49.0 0 -1 0 -1
0 1 0 27.7 49.0 0 c26 0 -1
0 1 3 27.7 49.0 0 c26 0 -1
0 1 0 27.7 49.0 0 c26 0 -1
0 1 0 27.7 48.0 0 c26 0 -1
0 1 0 27.5 47.5 0 c26 0 -1
0 1 0 27.4 47.0 0 c26 0 -1
0 1 0 27.2 46.5 0 c26 0 -1
0 1 0 27.0 46.5 0 c26 0 -1
0 1 1 27.0 46.0 10 c26 6 -1
0 1 15 26.9 45.5 23 c26 6 -1
0 1 1 26.8 45.5 23 c26 6 -1
0 1 0 26.7 45.0 23 c26 6 -1
0 1 0 26.6 45.0 23 c26 6 -1
0 1 0 26.4 44.5 23 c26 6 -1
0 1 9 26.4 44.5 23 c26 6 -1
0 1 0 26.3 44.5 21 c26 6 -1
0 1 0 26.3 44.5 21 c26 6 -1
0 1 0 26.3 44.5 21 c26 6 -1
0 1 0 26.2 44.5 21 c26 6 -1
0 1 0 26.2 44.5 21 c26 6 -1
0 1 0 26.2 44.0 21 c26 6 -1
0 1 0 26.1 44.5 21 c26 6 -1
0 1 0 26.0 44.5 21 c26 6 -1
0 1 0 26.0 44.0 21 c26 6 -1
0 1 0 25.9 44.5 21 c26 6 -1
0 1 0 25.9 44.0 25 c26 6 -1
0 1 0 25.8 44.5 25 c26 6 -1
0 1 0 25.7 44.5 25 c26 6 -1
0 1 0 25.7 44.0 25 c26 6 -1
0 1 3 25.7 44.5 25 c26 6 -1
0 1 0 25.7 44.0 25 c26 6 -1
0 1 0 25.7 44.0 25 c26 6 -1
0 1 0 25.5 44.0 23 c26 6 -1
0 1 0 25.4 44.0 23 c26 6 -1
0 1 0 25.5 44.0 23 c26 6 -1
0 1 0 25.5 44.5 23 c26 6 -1
0 1 0 25.4 44.5 23 c26 6 -1
0 1 0 25.3 44.5 23 c26 6 -1
0 1 2 25.3 44.0 23 c26 6 -1
0 1 0 25.3 44.5 23 c26 6 -1
0 1 2 25.3 44.0 23 c26 6 -1
0 1 0 25.2 44.5 23 c26 6 -1
0 1 0 25.3 44.5 23 c26 6 -1
0 1 2 25.2 44.5 23 c26 6 -1
0 1 1 25.2 44.5 23 c26 6 -1
0 1 3 25.1 44.5 23 c26 6 -1
0 1 4 25.1 44.5 23 c26 6 -1
0 1 0 25.1 44.5 23 c26 6 -1
0 1 0 25.1 45.0 23 c26 6 -1
0 1 0 25.1 45.0 23 c26 6 -1
0 1 0 25.1 45.0 23 c26 6 -1
0 1 1 25.0 45.0 23 c26 6 -1
0 1 0 25.1 45.0 23 c26 6 -1
0 1 0 25.0 45.0 23 c26 6 -1
0 1 0 25.0 45.0 23 c26 6 -1
0 1 0 24.9 45.0 23 c26 6 -1
0 1 0 24.9 45.0 23 c26 6 -1
0 1 0 24.9 45.0 23 c26 6 -1
0 1 0 24.9 45.0 23 c26 6 -1
0 1 0 24.8 45.0 23 c26 6 -1
0 1 0 24.8 45.0 23 c26 6 -1
0 1 0 24.7 45.0 23 c26 6 -1
0 1 4 24.8 45.0 23 c26 6 -1
0 1 0 24.9 45.0 23 c26 6 -1
0 1 0 24.8 45.0 23 c26 6 -1
0 1 1 24.8 45.0 23 c26 6 -1
0 1 0 24.7 45.0 23 c26 6 -1
0 1 0 24.7 45.0 23 c26 6 -1
0 1 0 24.7 45.0 23 c26 6 -1
0 1 0 24.7 45.0 23 c26 6 -1
0 1 4 24.7 45.5 23 c26 6 -1
0 1 0 24.6 45.5 23 c26 6 -1
0 1 2 24.6 45.5 23 c26 6 -1
0 1 0 24.6 45.5 23 c26 6 -1
0 1 11 24.6 45.5 23 c26 6 -1
0 1 4 24.6 45.5 23 c26 6 -1
0 1 0 24.5 45.0 23 c26 6 -1
0 1 0 24.5 45.0 23 c26 6 -1
0 1 0 24.5 45.5 23 c26 6 -1
0 1 0 24.4 45.5 23 c26 6 -1
0 1 15 24.5 45.5 23 c26 6 -1
0 1 15 24.5 45.5 23 c26 6 -1
0 1 2 24.5 45.5 23 c26 6 -1
0 1 0 24.5 45.5 23 c26 6 -1
0 1 0 24.4 45.5 23 c26 6 -1
0 1 2 24.4 45.5 23 c26 6 -1
0 1 0 24.4 45.5 23 c26 6 -1
0 1 0 24.4 45.5 23 c26 6 -1
0 1 0 24.3 45.5 23 c26 6 -1
0 1 0 24.3 45.5 23 c26 6 -1
0 1 0 24.3 46.0 23 c26 6 -1
0 1 0 24.4 46.0 23 c26 6 -1
0 1 0 24.3 46.0 23 c26 6 -1
0 1 5 24.3 46.0 23 c26 6 -1
0 1 0 24.3 46.0 23 c26 6 -1
0 1 0 24.3 46.0 23 c26 6 -1
0 1 0 24.3 46.0 23 c26 6 -1
0 1 0 24.2 46.0 23 c26 6 -1
0 1 0 24.2 46.0 23 c26 6 -1
0 1 1 24.2 46.0 23 c26 6 -1
0 1 0 24.2 46.0 23 c26 6 -1
0 1 0 24.2 46.0 23 c26 6 -1
0 1 0 24.2 46.0 23 c26 6 -1
0 1 4 24.2 46.0 23 c26 6 -1
0 1 9 24.2 46.0 23 c26 6 -1
0 1 0 24.1 46.0 23 c26 6 -1
0 1 0 24.2 46.0 23 c26 6 -1
0 1 23 24.1 46.0 23 c26 6 -1
0 1 0 24.1 46.0 23 c26 6 -1
0 1 0 24.2 46.0 23 c26 6 -1
0 1 0 24.1 46.0 23 c26 6 -1
0 1 0 24.1 46.0 23 c26 6 -1
0 1 0 24.0 46.0 23 c26 6 -1
0 1 0 24.1 46.5 23 c26 6 -1
0 1 0 24.0 46.0 23 c26 6 -1
0 1 0 24.0 46.0 23 c26 6 -1
0 1 0 24.0 46.5 23 c26 6 -1
0 1 0 24.0 46.5 23 c26 6 -1
0 1 0 23.9 46.5 23 c26 6 -1
0 1 0 23.8 46.5 23 -1 6 -1
0 1 31 23.9 46.5 23 -1 6 -1
0 1 2 23.9 46.5 23 -1 6 -1
0 1 4 23.9 46.5 23 -1 6 -1
0 1 0 24.0 46.5 23 -1 6 -1
0 1 0 24.1 46.5 23 -1 6 -1
0 1 0 24.2 46.5 23 -1 6 -1
0 1 0 24.3 46.5 23 -1 6 -1
0 1 0 24.3 46.5 23 -1 6 -1
0 1 0 24.5 46.5 23 -1 6 -1
0 1 0 24.5 46.5 23 -1 6 -1
0 1 0 24.6 46.5 23 -1 6 -1
0 1 3 24.7 46.5 23 -1 6 -1
0 1 0 24.7 47.0 23 -1 6 -1
0 1 0 24.8 47.0 23 -1 6 -1
0 1 2 24.9 47.5 23 -1 6 -1
0 1 0 24.9 47.5 23 -1 6 -1
0 1 0 24.9 47.5 23 -1 6 -1
0 1 0 25.1 47.5 23 -1 6 -1
0 1 2 25.1 47.5 23 -1 6 -1
0 1 6 25.1 47.5 23 -1 6 -1
0 1 0 25.2 48.0 23 -1 6 -1
0 1 0 25.2 48.0 23 -1 6 -1
0 1 2 25.3 48.0 23 -1 6 -1
0 1 0 25.3 48.0 23 -1 6 -1
0 1 0 25.4 48.0 23 -1 6 -1
0 1 0 25.4 48.0 23 -1 6 -1
0 1 0 25.4 48.0 23 -1 6 -1
0 1 0 25.5 48.0 23 -1 6 -1
0 1 0 25.6 48.5 23 -1 6 -1
0 1 0 25.6 48.5 23 -1 6 -1
0 1 0 25.6 48.5 23 -1 6 -1
0 1 0 25.7 48.5 23 -1 6 -1
0 1 0 25.7 48.5 23 -1 6 -1
0 1 1 25.7 48.5 23 -1 6 -1
0 1 0 25.8 48.5 23 -1 6 -1
0 1 1 25.8 48.5 23 -1 6 -1
0 1 1 25.8 48.5 23 -1 6 -1
0 1 0 25.8 48.5 23 -1 6 -1
0 1 0 25.9 48.5 23 -1 6 -1
0 1 2 25.9 48.5 23 -1 6 -1
0 1 0 26.0 48.5 23 -1 6 -1
0 1 3 25.9 48.5 23 -1 6 -1
0 1 0 26.0 48.5 23 -1 6 -1
0 1 0 26.1 48.5 23 -1 6 -1
0 1 1 26.1 48.5 23 -1 6 -1
0 1 1 26.1 48.5 23 -1 6 -1
0 1 1 26.2 48.5 23 -1 6 -1
0 1 0 26.2 49.0 23 -1 6 -1
0 1 1 26.1 49.0 23 -1 6 -1
0 1 0 26.2 49.0 23 -1 6 -1
0 1 2 26.2 49.0 23 -1 6 -1
0 1 0 26.2 49.0 23 -1 6 -1
0 1 0 26.3 49.0 23 -1 6 -1
0 1 0 26.3 49.0 23 -1 6 -1
0 1 1 26.3 49.0 23 -1 6 -1
0 1 0 26.4 49.0 23 -1 6 -1
0 1 1 26.4 49.0 23 -1 6 -1
0 1 4 26.4 49.0 23 -1 6 -1
0 1 11 26.3 49.0 23 -1 6 -1
0 1 0 26.4 49.0 23 -1 6 -1
0 1 3 26.5 49.0 23 -1 6 -1
0 1 0 26.4 49.0 23 -1 6 -1
0 1 0 26.5 49.0 23 -1 6 -1
0 1 0 26.5 49.5 23 -1 6 -1
0 1 0 26.6 49.0 23 -1 6 -1
0 1 0 26.6 49.0 23 -1 6 -1
0 1 0 26.6 49.5 23 -1 6 -1
0 1 0 26.6 49.5 23 -1 6 -1
0 1 7 26.7 49.5 23 -1 6 -1
0 1 0 26.6 49.5 23 -1 6 -1
0 1 0 26.7 49.5 23 -1 6 -1
0 1 0 26.7 49.5 23 -1 6 -1
0 1 3 26.7 49.5 23 -1 6 -1
0 1 0 26.7 49.5 23 -1 6 -1
0 1 0 26.7 49.5 23 -1 6 -1
0 1 0 26.7 49.5 23 -1 6 -1
0 1 0 26.7 49.5 23 -1 6 -1
0 1 0 26.8 49.0 23 -1 6 -1
0 1 0 26.8 49.5 23 -1 6 -1
0 1 1 26.8 49.0 23 -1 6 -1
0 1 0 26.8 49.5 23 -1 6 -1
0 1 0 26.8 49.5 23 -1 6 -1
0 1 0 26.9 49.0 23 -1 6 -1
0 1 0 26.8 49.0 23 -1 6 -1
0 1 0 26.9 49.0 23 -1 6 -1
0 1 0 26.8 49.0 23 -1 6 -1
0 1 0 26.9 49.0 23 -1 6 -1
0 1 0 26.9 49.0 23 -1 6 -1
0 1 0 27.0 49.0 23 -1 6 -1
0 1 0 26.9 49.0 23 -1 6 -1
0 1 0 27.0 49.5 23 -1 6 -1
0 1 7 26.9 49.0 23 -1 6 -1
0 1 0 27.0 49.0 23 -1 6 -1
0 1 0 27.0 49.5 23 -1 6 -1
0 1 0 27.0 49.5 23 -1 6 -1
0 1 6 26.9 49.5 23 -1 6 -1
0 1 10 27.1 49.5 23 -1 6 -1
0 1 2 27.0 49.0 23 -1 6 -1
0 1 0 27.1 49.0 23 -1 6 -1
0 1 22 27.1 49.0 12 -1 0 -1
0 1 0 27.1 49.5 2 -1 0 -1
0 1 0 27.1 49.0 2 -1 0 -1
0 1 0 27.1 49.0 2 -1 0 -1
0 1 0 27.1 49.0 2 -1 0 -1
0 1 0 27.1 49.0 2 -1 0 -1
0 1 0 27.2 49.0 2 -1 0 -1
0 1 0 27.2 49.0 2 -1 0 -1
0 1 0 27.1 49.0 2 -1 0 -1
0 1 0 27.2 49.0 2 -1 0 -1
0 1 0 27.1 49.0 2 -1 0 -1
0 1 0 27.1 49.0 2 -1 0 -1
0 1 0 27.1 49.0 2 -1 0 -1
0 1 0 27.1 49.0 2 -1 0 -1
0 1 0 27.1 49.0 2 -1 0 -1
0 1 0 27.1 49.0 2 -1 0 -1
0 1 0 27.1 48.5 2 -1 0 -1
0 1 0 27.2 49.0 2 -1 0 -1
0 1 0 27.1 48.5 2 -1 0 -1
0 1 0 27.2 48.5 2 -1 0 -1
0 1 0 27.2 48.5 2 -1 0 -1
0 1 0 27.1 48.5 2 -1 0 -1
0 1 0 27.1 48.5 2 -1 0 -1
0 1 0 27.2 48.5 2 -1 0 -1
0 1 0 27.2 48.5 2 -1 0 -1
0 1 0 27.2 48.5 2 -1 0 -1
0 1 0 27.2 48.5 2 -1 0 -1
0 1 0 27.3 48.5 2 -1 0 -1
0 1 0 27.2 48.5 2 -1 0 -1
0 1 0 27.3 48.5 2 -1 0 -1
0 1 0 27.2 48.5 2 -1 0 -1
0 1 0 27.2 48.5 2 -1 0 -1
0 1 0 27.3 48.5 2 -1 0 -1
0 1 0 27.2 48.5 2 -1 0 -1
0 1 0 27.2 48.5 2 -1 0 -1
0 1 0 27.2 48.5 2 -1 0 -1
0 1 0 27.2 48.5 2 -1 0 -1
0 1 0 27.3 48.5 2 -1 0 -1
0 1 0 27.2 48.5 2 -1 0 -1
0 1 0 27.2 48.5 2 -1 0 -1
0 1 0 27.3 48.5 2 -1 0 -1
0 1 0 27.2 48.5 2 -1 0 -1
0 1 0 27.2 48.5 2 -1 0 -1
0 1 0 27.2 48.5 2 -1 0 -1
0 1 0 27.3 48.5 2 -1 0 -1
0 1 0 27.3 48.5 2 -1 0 -1
0 1 0 27.3 48.5 2 -1 0 -1
0 1 0 27.3 48.5 2 -1 0 -1
0 1 0 27.3 48.5 2 -1 0 -1
0 1 0 27.3 48.5 2 -1 0 -1
0 1 0 27.3 48.5 2 -1 0 -1
0 1 0 27.3 48.5 2 -1 0 -1
0 1 0 27.4 48.5 2 -1 0 -1
0 1 0 27.3 48.5 2 -1 0 -1
0 1 0 27.2 48.5 2 -1 0 -1
0 1 0 27.3 48.5 2 -1 0 -1
0 1 0 27.3 48.5 2 -1 0 -1
0 1 0 27.3 48.5 2 -1 0 -1
0 1 0 27.3 48.5 2 -1 0 -1
0 1 0 27.3 48.5 2 -1 0 -1
0 1 0 27.3 48.5 2 -1 0 -1
0 1 0 27.4 48.5 2 -1 0 -1
0 1 0 27.4 48.5 2 -1 0 -1
0 1 0 27.3 48.5 2 -1 0 -1
0 1 0 27.3 48.5 2 -1 0 -1
0 1 0 27.4 48.5 2 -1 0 -1
0 1 0 27.4 48.5 2 -1 0 -1
0 1 0 27.4 48.5 2 -1 0 -1
0 1 0 27.4 48.5 2 -1 0 -1
0 1 0 27.3 48.5 2 -1 0 -1
0 1 0 27.4 48.5 2 -1 0 -1
0 1 0 27.4 48.5 2 -1 0 -1
0 1 0 27.4 48.5 2 -1 0 -1
0 1 0 27.3 48.5 2 -1 0 -1
0 1 0 27.4 48.5 2 -1 0 -1
0 1 0 27.4 48.5 2 -1 0 -1
0 1 0 27.4 48.5 2 -1 0 -1
0 1 0 27.4 48.5 2 -1 0 -1
0 1 0 27.4 48.5 2 -1 0 -1
0 1 0 27.4 48.5 2 -1 0 -1
0 1 0 27.4 48.5 2 -1 0 -1
0 1 0 27.5 48.5 2 -1 0 -1
0 1 0 27.4 48.5 2 -1 0 -1
0 1 0 27.4 48.5 2 -1 0 -1
0 1 0 27.5 48.5 2 -1 0 -1
0 1 0 27.4 48.5 2 -1 0 -1
0 1 0 27.4 48.5 2 -1 0 -1
0 1 0 27.5 48.5 2 -1 0 -1
0 1 0 27.5 48.5 2 -1 0 -1
0 1 0 27.5 48.5 2 -1 0 -1
0 1 0 27.3 48.5 2 -1 0 -1
0 1 0 27.4 48.5 2 -1 0 -1
0 1 0 27.4 48.5 2 -1 0 -1
0 1 0 27.5 48.5 2 -1 0 -1
0 1 0 27.5 48.5 2 -1 0 -1
0 1 0 27.5 48.5 2 -1 0 -1
0 1 0 27.5 48.5 2 -1 0 -1
0 1 0 27.4 48.5 2 -1 0 -1
0 1 0 27.5 48.5 2 -1 0 -1
0 1 0 27.5 48.5 2 -1 0 -1
0 1 0 27.5 48.5 2 -1 0 -1
0 1 0 27.5 48.5 2 -1 0 -1
0 1 0 27.5 48.5 2 -1 0 -1
0 1 0 27.5 48.5 2 -1 0 -1
0 1 0 27.4 48.5 2 -1 0 -1
0 1 0 27.5 48.5 2 -1 0 -1
0 1 0 27.5 48.5 2 -1 0 -1
0 1 0 27.5 48.5 2 -1 0 -1
0 1 0 27.5 48.5 2 -1 0 -1
0 1 0 27.4 48.5 2 -1 0 -1
0 1 0 27.5 48.5 2 -1 0 -1
0 1 0 27.5 48.5 2 -1 0 -1
0 1 0 27.5 48.5 2 -1 0 -1
0 1 0 27.5 48.5 2 -1 0 -1
0 1 0 27.5 48.5 2 -1 0 -1
0 1 0 27.5 48.5 2 -1 0 -1
0 1 0 27.5 48.5 2 -1 0 -1
0 1 0 27.5 48.5 2 -1 0 -1
0 1 0 27.5 48.0 2 -1 0 -1
0 1 0 27.5 48.5 2 -1 0 -1
0 1 0 27.6 48.0 2 -1 0 -1
0 1 0 27.5 48.5 2 -1 0 -1
0 1 0 27.5 48.5 2 -1 0 -1
0 1 0 27.5 48.5 2 -1 0 -1
0 1 0 27.6 48.5 2 -1 0 -1
