0 1 0 28.0 57.5 2 -1 0 -1
0 1 0 27.9 57.5 2 -1 0 -1
0 1 0 28.0 57.5 2 -1 0 -1
0 1 0 28.0 57.5 2 -1 0 -1
0 1 0 28.0 57.5 2 -1 0 -1
0 1 0 28.1 57.5 2 -1 0 -1
0 1 0 28.0 57.5 2 -1 0 -1
0 1 0 28.0 57.5 2 -1 0 -1
0 1 0 28.0 57.5 2 -1 0 -1
0 1 0 28.0 57.5 2 -1 0 -1
0 1 0 28.0 57.5 2 -1 0 -1
0 1 0 28.0 57.5 2 -1 0 -1
0 1 0 28.0 57.5 2 -1 0 -1
0 1 0 28.1 57.5 2 -1 0 -1
0 1 0 27.9 57.5 2 -1 0 -1
0 1 0 28.0 57.5 2 -1 0 -1
0 1 0 28.0 57.5 2 -1 0 -1
0 1 0 28.1 58.0 2 -1 0 -1
0 1 0 28.1 57.5 2 -1 0 -1
0 1 0 28.1 58.0 2 -1 0 -1
0 1 0 28.1 57.5 2 -1 0 -1
0 1 0 28.0 58.0 2 -1 0 -1
0 1 0 28.1 57.5 2 -1 0 -1
0 1 0 28.0 58.0 2 -1 0 -1
0 1 0 28.0 58.0 2 -1 0 -1
0 1 0 28.0 58.0 2 -1 0 -1
0 1 0 28.1 58.0 2 -1 0 -1
0 1 0 28.1 58.0 2 -1 0 -1
0 1 0 28.0 58.0 2 -1 0 -1
0 1 0 28.1 58.0 2 -1 0 -1
0 1 0 28.1 58.0 2 -1 0 -1
0 1 0 28.1 58.0 2 -1 0 -1
0 1 0 28.1 58.0 2 -1 0 -1
0 1 0 28.1 58.0 2 -1 0 -1
0 1 0 28.1 58.0 2 -1 0 -1
0 1 0 28.1 58.0 2 -1 0 -1
0 1 0 28.1 58.0 2 -1 0 -1
0 1 0 28.2 58.0 2 -1 0 -1
0 1 0 28.1 58.0 2 -1 0 -1
0 1 0 28.1 58.0 2 -1 0 -1
0 1 0 28.1 58.0 2 -1 0 -1
0 1 0 28.1 58.0 2 -1 0 -1
0 1 0 28.2 58.0 2 -1 0 -1
0 1 0 28.1 58.0 2 -1 0 -1
0 1 0 28.1 58.0 2 -1 0 -1
0 1 0 28.2 58.0 2 -1 0 -1
0 1 0 28.1 58.0 2 -1 0 -1
0 1 0 28.1 58.0 2 -1 0 -1
0 1 0 28.1 58.0 2 -1 0 -1
0 1 0 28.1 58.0 2 -1 0 -1
0 1 0 28.2 58.0 2 -1 0 -1
0 1 0 28.1 58.0 2 -1 0 -1
0 1 0 28.1 58.0 2 -1 0 -1
0 1 0 28.2 58.0 2 -1 0 -1
0 1 0 28.1 58.0 2 -1 0 -1
0 1 0 28.2 58.0 2 -1 0 -1
0 1 0 28.2 58.0 2 -1 0 -1
0 1 0 28.2 58.0 2 -1 0 -1
0 1 0 28.2 58.0 2 -1 0 -1
0 1 0 28.2 58.0 2 -1 0 -1
0 1 0 28.2 58.0 2 -1 0 -1
0 1 0 28.2 58.0 2 -1 0 -1
0 1 0 28.2 58.0 2 -1 0 -1
0 1 0 28.2 58.0 2 -1 0 -1
0 1 0 28.2 58.0 2 -1 0 -1
0 1 0 28.3 58.0 2 -1 0 -1
0 1 0 28.2 58.0 2 -1 0 -1
0 1 0 28.3 58.0 2 -1 0 -1
0 1 0 28.2 58.0 2 -1 0 -1
0 1 0 28.2 58.0 2 -1 0 -1
0 1 0 28.2 58.0 2 -1 0 -1
0 1 0 28.2 58.0 2 -1 0 -1
0 1 0 28.2 58.0 2 -1 0 -1
0 1 0 28.2 58.0 2 -1 0 -1
0 1 0 28.2 58.0 2 -1 0 -1
0 1 0 28.2 58.0 2 -1 0 -1
0 1 0 28.3 58.0 2 -1 0 -1
0 1 0 28.3 58.0 2 -1 0 -1
0 1 0 28.2 58.0 2 -1 0 -1
0 1 0 28.2 58.0 2 -1 0 -1
0 1 0 28.2 58.0 2 -1 0 -1
0 1 0 28.2 58.0 2 -1 0 -1
0 1 0 28.2 58.0 2 -1 0 -1
0 1 0 28.3 58.0 2 -1 0 -1
0 1 0 28.3 58.0 2 -1 0 -1
0 1 0 28.3 58.5 2 -1 0 -1
0 1 0 28.3 58.5 2 -1 0 -1
0 1 0 28.2 58.5 2 -1 0 -1
0 1 0 28.3 58.0 2 -1 0 -1
0 1 0 28.2 58.5 2 -1 0 -1
0 1 0 28.3 58.5 2 -1 0 -1
0 1 0 28.3 58.5 2 -1 0 -1
0 1 0 28.2 58.5 2 -1 0 -1
0 1 0 28.4 58.5 2 -1 0 -1
0 1 0 28.3 58.5 2 -1 0 -1
0 1 0 28.3 58.5 2 -1 0 -1
0 1 0 28.4 58.5 2 -1 0 -1
0 1 0 28.3 58.5 2 -1 0 -1
0 1 0 28.4 58.5 2 -1 0 -1
0 1 0 28.3 58.5 2 -1 0 -1
0 1 0 28.3 58.5 2 -1 0 -1
0 1 0 28.4 58.5 2 -1 0 -1
0 1 0 28.3 58.5 2 -1 0 -1
0 1 0 28.3 58.5 2 -1 0 -1
0 1 0 28.4 58.5 2 -1 0 -1
0 1 0 28.3 58.5 2 -1 0 -1
0 1 0 28.4 58.5 2 -1 0 -1
0 1 0 28.3 58.5 2 -1 0 -1
0 1 0 28.3 58.5 2 -1 0 -1
0 1 0 28.3 58.5 2 -1 0 -1
0 1 0 28.3 58.5 2 -1 0 -1
0 1 0 28.4 58.5 2 -1 0 -1
0 1 0 28.4 58.5 2 -1 0 -1
0 1 0 28.3 58.5 2 -1 0 -1
0 1 0 28.3 58.5 2 -1 0 -1
0 1 0 28.3 58.5 2 -1 0 -1
0 1 0 28.3 58.5 2 -1 0 -1
0 1 0 28.4 58.5 2 -1 0 -1
0 1 0 28.3 58.5 2 -1 0 -1
0 1 0 28.4 58.5 2 -1 0 -1
0 1 0 28.3 58.5 2 -1 0 -1
0 1 0 28.3 58.5 2 -1 0 -1
0 1 0 28.4 58.5 2 -1 0 -1
0 1 0 28.3 58.5 2 -1 0 -1
0 1 0 28.4 58.5 2 -1 0 -1
0 1 0 28.4 58.5 2 -1 0 -1
0 1 0 28.4 58.5 2 -1 0 -1
0 1 0 28.4 58.5 2 -1 0 -1
0 1 0 28.4 58.5 2 -1 0 -1
0 1 0 28.4 58.5 2 -1 0 -1
0 1 0 28.4 58.5 2 -1 0 -1
0 1 0 28.4 58.5 2 -1 0 -1
0 1 0 28.4 58.5 2 -1 0 -1
0 1 0 28.5 58.5 2 -1 0 -1
0 1 0 28.4 59.0 2 -1 0 -1
0 1 0 28.4 58.5 2 -1 0 -1
0 1 0 28.5 59.0 2 -1 0 -1
0 1 0 28.5 59.0 2 -1 0 -1
0 1 0 28.4 59.0 2 -1 0 -1
0 1 0 28.5 59.0 2 -1 0 -1
0 1 0 28.4 59.0 2 -1 0 -1
0 1 0 28.4 59.0 2 -1 0 -1
0 1 0 28.4 59.0 2 -1 0 -1
0 1 0 28.4 59.0 2 -1 0 -1
0 1 0 28.5 59.0 2 -1 0 -1
0 1 0 28.5 59.0 2 -1 0 -1
0 1 0 28.5 59.0 2 -1 0 -1
0 1 0 28.4 59.0 2 -1 0 -1
0 1 0 28.5 59.0 2 -1 0 -1
0 1 0 28.5 59.0 2 -1 0 -1
0 1 0 28.5 59.0 2 -1 0 -1
0 1 0 28.4 59.0 2 -1 0 -1
0 1 0 28.4 59.0 2 -1 0 -1
0 1 0 28.5 59.0 2 -1 0 -1
0 1 0 28.4 59.0 2 -1 0 -1
0 1 0 28.4 59.0 2 -1 0 -1
0 1 0 28.5 59.0 2 -1 0 -1
0 1 0 28.5 59.0 2 -1 0 -1
0 1 0 28.5 59.0 2 -1 0 -1
0 1 0 28.5 59.0 2 -1 0 -1
0 1 0 28.5 59.0 2 -1 0 -1
0 1 0 28.5 59.0 2 -1 0 -1
0 1 0 28.5 59.0 2 -1 0 -1
0 1 0 28.5 59.0 2 -1 0 -1
0 1 0 28.4 59.0 2 -1 0 -1
0 1 0 28.5 59.0 2 -1 0 -1
0 1 0 28.5 59.0 2 -1 0 -1
0 1 0 28.5 59.0 2 -1 0 -1
0 1 0 28.5 59.0 2 -1 0 -1
0 1 0 28.5 59.0 2 -1 0 -1
0 1 0 28.5 59.0 2 -1 0 -1
0 1 0 28.5 59.0 2 -1 0 -1
0 1 0 28.5 59.0 2 -1 0 -1
0 1 0 28.5 59.0 2 -1 0 -1
0 1 0 28.4 59.0 2 -1 0 -1
0 1 0 28.6 59.5 2 -1 0 -1
0 1 0 28.5 59.0 2 -1 0 -1
0 1 0 28.5 59.5 2 -1 0 -1
0 1 0 28.5 59.0 2 -1 0 -1
0 1 0 28.5 59.5 2 -1 0 -1
0 1 0 28.4 59.0 2 -1 0 -1
0 1 0 28.5 59.5 2 -1 0 -1
0 1 0 28.6 59.5 2 -1 0 -1
0 1 0 28.5 59.5 2 -1 0 -1
0 1 0 28.6 59.5 2 -1 0 -1
0 1 0 28.5 59.5 2 -1 0 -1
0 1 0 28.5 59.5 2 -1 0 -1
0 1 0 28.5 59.5 2 -1 0 -1
0 1 0 28.5 59.5 2 -1 0 -1
0 1 0 28.5 59.5 2 -1 0 -1
0 1 0 28.5 59.5 2 -1 0 -1
0 1 0 28.5 59.5 2 -1 0 -1
0 1 0 28.5 59.5 2 -1 0 -1
0 1 0 28.5 59.5 2 -1 0 -1
0 1 0 28.5 59.5 2 -1 0 -1
0 1 0 28.5 59.5 2 -1 0 -1
0 1 0 28.5 59.5 2 -1 0 -1
0 1 0 28.5 59.5 2 -1 0 -1
0 1 0 28.5 59.5 2 -1 0 -1
0 1 0 28.5 59.5 2 -1 0 -1
0 1 0 28.5 59.5 2 -1 0 -1
0 1 0 28.5 59.5 2 -1 0 -1
0 1 0 28.5 59.5 2 -1 0 -1
0 1 0 28.5 59.5 2 -1 0 -1
0 1 0 28.5 59.5 2 -1 0 -1
0 1 0 28.5 59.5 2 -1 0 -1
0 1 0 28.6 59.5 2 -1 0 -1
0 1 0 28.6 60.0 2 -1 0 -1
0 1 0 28.5 59.5 2 -1 0 -1
0 1 0 28.6 60.0 2 -1 0 -1
0 1 0 28.6 60.0 2 -1 0 -1
0 1 0 28.5 60.0 2 -1 0 -1
0 1 0 28.5 60.0 2 -1 0 -1
0 1 0 28.6 60.0 2 -1 0 -1
0 1 0 28.5 60.0 2 -1 0 -1
0 1 0 28.5 60.0 2 -1 0 -1
0 1 0 28.6 60.0 2 -1 0 -1
0 1 0 28.6 60.0 2 -1 0 -1
0 1 0 28.6 60.0 2 -1 0 -1
0 1 0 28.5 60.0 2 -1 0 -1
0 1 0 28.6 60.0 2 -1 0 -1
0 1 0 28.6 60.0 2 -1 0 -1
0 1 0 28.6 60.0 2 -1 0 -1
0 1 0 28.6 60.0 2 -1 0 -1
0 1 0 28.6 60.0 2 -1 0 -1
0 1 0 28.5 60.0 2 -1 0 -1
0 1 0 28.6 60.0 2 -1 0 -1
0 1 0 28.6 60.0 2 -1 0 -1
0 1 0 28.6 60.0 2 -1 0 -1
0 1 0 28.6 60.0 2 -1 0 -1
0 1 0 28.5 60.0 2 -1 0 -1
0 1 0 28.5 60.0 2 -1 0 -1
0 1 0 28.5 60.0 2 -1 0 -1
0 1 0 28.5 60.0 2 -1 0 -1
0 1 0 28.7 60.0 2 -1 0 -1
0 1 0 28.6 60.0 2 -1 0 -1
0 1 0 28.6 60.0 2 -1 0 -1
0 1 0 28.6 60.0 2 -1 0 -1
0 1 0 28.6 60.0 2 -1 0 -1
0 1 0 28.6 60.0 2 -1 0 -1
0 1 0 28.6 60.0 2 -1 0 -1
0 1 0 28.6 60.0 2 -1 0 -1
0 1 0 28.6 60.0 2 -1 0 -1
0 1 0 28.6 60.0 2 -1 0 -1
0 1 0 28.6 60.0 2 -1 0 -1
0 1 0 28.5 60.0 2 -1 0 -1
0 1 0 28.6 60.0 2 -1 0 -1
0 1 0 28.6 60.0 2 -1 0 -1
0 1 0 28.7 60.0 2 -1 0 -1
0 1 0 28.6 60.0 2 -1 0 -1
0 1 0 28.5 60.0 2 -1 0 -1
0 1 0 28.6 60.0 2 -1 0 -1
0 1 0 28.6 60.0 2 -1 0 -1
0 1 0 28.6 60.0 2 -1 0 -1
0 1 0 28.6 60.0 2 -1 0 -1
0 1 0 28.6 60.0 2 -1 0 -1
0 1 0 28.7 60.0 2 -1 0 -1
0 1 0 28.6 60.0 2 -1 0 -1
0 1 0 28.6 60.0 2 -1 0 -1
0 1 0 28.6 60.0 2 -1 0 -1
0 1 0 28.6 60.0 2 -1 0 -1
0 1 0 28.6 60.0 2 -1 0 -1
0 1 0 28.7 60.0 2 -1 0 -1
0 1 0 28.6 60.0 2 -1 0 -1
0 1 0 28.7 60.0 2 -1 0 -1
0 1 0 28.6 60.0 2 -1 0 -1
0 1 0 28.6 60.0 2 -1 0 -1
0 1 0 28.5 60.0 2 -1 0 -1
0 1 0 28.6 60.0 2 -1 0 -1
0 1 0 28.6 60.0 2 -1 0 -1
0 1 0 28.7 60.0 2 -1 0 -1
0 1 0 28.6 60.0 2 -1 0 -1
0 1 0 28.6 60.0 2 -1 0 -1
0 1 0 28.6 60.0 2 -1 0 -1
0 1 0 28.6 60.0 2 -1 0 -1
0 1 0 28.6 60.0 2 -1 0 -1
0 1 0 28.6 60.0 2 -1 0 -1
0 1 0 28.7 60.0 2 -1 0 -1
0 1 0 28.7 60.0 2 -1 0 -1
0 1 0 28.7 60.0 2 -1 0 -1
0 1 0 28.7 60.0 2 -1 0 -1
0 1 0 28.6 60.0 2 -1 0 -1
0 1 0 28.6 60.0 2 -1 0 -1
0 1 0 28.7 60.0 2 -1 0 -1
0 1 0 28.7 60.0 2 -1 0 -1
0 1 0 28.5 60.0 2 -1 0 -1
0 1 0 28.6 60.0 2 -1 0 -1
0 1 0 28.6 60.0 2 -1 0 -1
0 1 0 28.7 60.0 2 -1 0 -1
0 1 0 28.6 60.0 2 -1 0 -1
0 1 0 28.6 60.0 2 -1 0 -1
0 1 0 28.6 60.0 2 -1 0 -1
0 1 0 28.6 60.0 2 -1 0 -1
0 1 0 28.6 60.0 2 -1 0 -1
0 1 0 28.6 60.0 2 -1 0 -1
0 1 0 28.7 60.0 2 -1 0 -1
0 1 0 28.7 60.0 2 -1 0 -1
0 1 0 28.7 60.0 2 -1 0 -1
0 1 0 28.7 60.0 2 -1 0 -1
0 1 0 28.6 60.0 2 -1 0 -1
0 1 0 28.7 60.0 2 -1 0 -1
0 1 0 28.7 60.0 2 -1 0 -1
0 1 0 28.7 60.0 2 -1 0 -1
0 1 0 28.7 60.0 2 -1 0 -1
0 1 0 28.6 60.0 2 -1 0 -1
0 1 0 28.7 60.0 2 -1 0 -1
0 1 0 28.6 60.0 2 -1 0 -1
0 1 0 28.7 60.0 2 -1 0 -1
0 1 0 28.7 60.0 2 -1 0 -1
0 1 0 28.7 60.0 1 -1 0 -1
0 1 0 28.6 60.0 1 -1 0 -1
0 1 0 28.7 60.0 1 -1 0 -1
0 1 0 28.6 60.0 1 -1 0 -1
0 1 0 28.6 60.0 1 -1 0 -1
0 1 0 28.6 60.0 1 -1 0 -1
0 1 0 28.7 60.0 1 -1 0 -1
0 1 0 28.7 60.0 1 -1 0 -1
0 1 0 28.6 60.0 1 -1 0 -1
0 1 0 28.7 60.0 1 -1 0 -1
0 1 0 28.7 60.0 1 -1 0 -1
0 1 0 28.7 60.0 1 -1 0 -1
0 1 0 28.7 60.0 1 -1 0 -1
0 1 0 28.7 60.0 1 -1 0 -1
0 1 0 28.6 60.0 1 -1 0 -1
0 1 0 28.6 60.0 1 -1 0 -1
0 1 0 28.7 60.0 1 -1 0 -1
0 1 0 28.7 60.0 1 -1 0 -1
0 1 0 28.6 60.0 1 -1 0 -1
0 1 0 28.7 60.0 1 -1 0 -1
0 1 0 28.7 60.0 1 -1 0 -1
0 1 0 28.7 60.0 1 -1 0 -1
0 1 0 28.7 60.0 1 -1 0 -1
0 1 0 28.7 60.0 1 -1 0 -1
0 1 0 28.7 60.0 0 -1 0 -1
0 1 0 28.6 60.0 0 -1 0 -1
0 1 0 28.7 60.0 0 -1 0 -1
0 1 0 28.7 60.0 0 -1 0 -1
0 1 0 28.7 60.0 0 -1 0 -1
0 1 0 28.8 60.0 0 -1 0 -1
0 1 0 28.7 60.0 0 -1 0 -1
0 1 0 28.7 60.0 2 -1 0 -1
0 1 0 28.7 60.0 2 -1 0 -1
0 1 0 28.7 60.0 2 -1 0 -1
0 1 0 28.7 60.0 2 -1 0 -1
0 1 0 28.7 60.0 3 -1 0 -1
0 1 0 28.7 60.0 3 -1 0 -1
0 1 0 28.7 60.0 2 -1 0 -1
0 1 0 28.7 60.0 2 -1 0 -1
0 1 0 28.7 60.0 2 -1 0 -1
0 1 0 28.8 60.0 2 -1 0 -1
0 1 0 28.6 60.0 2 -1 0 -1
0 1 0 28.7 60.5 2 -1 0 -1
0 1 0 28.7 60.5 0 -1 0 -1
0 1 0 28.7 60.5 0 -1 0 -1
0 1 0 28.7 60.5 0 -1 0 -1
0 1 0 28.7 60.5 0 -1 0 -1
0 1 0 28.7 60.5 2 -1 0 -1
0 1 0 28.7 60.5 2 -1 0 -1
0 1 0 28.7 60.5 0 -1 0 -1
0 1 0 28.7 60.5 2 -1 0 -1
0 1 0 28.7 60.5 2 -1 0 -1
0 1 0 28.7 60.5 2 -1 0 -1
0 1 0 28.7 60.5 2 -1 0 -1
0 1 0 28.7 60.5 2 -1 0 -1
0 1 0 28.7 60.5 2 -1 0 -1
0 1 0 28.7 60.5 2 -1 0 -1
0 1 0 28.8 60.5 2 -1 0 -1
0 1 0 28.8 60.5 2 -1 0 -1
0 1 0 28.8 60.5 2 -1 0 -1
0 1 0 28.7 60.5 2 -1 0 -1
0 1 0 28.8 60.5 2 -1 0 -1
0 1 0 28.8 60.5 2 -1 0 -1
0 1 0 28.7 60.5 2 -1 0 -1
0 1 0 28.8 60.5 2 -1 0 -1
0 1 0 28.7 60.5 2 -1 0 -1
0 1 0 28.7 60.5 2 -1 0 -1
0 1 0 28.7 60.5 1 -1 0 -1
0 1 0 28.8 60.5 1 -1 0 -1
0 1 0 28.8 60.5 2 -1 0 -1
0 1 0 28.8 60.5 4 -1 0 -1
0 1 0 28.7 60.5 2 -1 0 -1
0 1 0 28.7 60.5 4 -1 0 -1
0 1 0 28.7 60.5 3 -1 0 -1
0 1 0 28.8 60.5 5 -1 0 -1
0 1 0 28.7 60.5 7 -1 0 -1
0 1 0 28.8 60.5 5 -1 0 -1
0 1 0 28.8 60.5 9 -1 0 -1
0 1 0 28.7 60.5 7 -1 0 -1
0 1 0 28.8 60.5 11 -1 0 -1
0 1 0 28.7 60.5 12 -1 0 -1
0 1 0 28.8 60.5 12 -1 0 -1
0 1 0 28.7 60.5 14 -1 0 -1
0 1 0 28.7 60.5 16 -1 0 -1
0 1 0 28.7 60.5 20 -1 0 -1
0 1 0 28.8 60.5 17 -1 0 -1
0 1 0 28.7 60.5 19 -1 0 -1
0 1 0 28.7 60.5 19 -1 0 -1
0 1 0 28.7 60.5 24 -1 0 -1
0 1 0 28.8 60.5 36 -1 0 -1
0 1 0 28.8 60.5 33 -1 0 -1
0 1 0 28.7 60.5 28 -1 0 -1
0 1 0 28.8 60.5 28 -1 0 -1
0 1 0 28.8 60.5 26 -1 0 -1
0 1 0 28.9 60.5 28 -1 0 -1
0 1 0 28.8 60.5 23 -1 0 -1
0 1 0 28.8 60.5 21 -1 0 -1
0 1 0 28.8 60.5 16 -1 0 -1
0 1 0 28.9 60.5 12 -1 0 -1
0 1 0 28.8 60.5 11 -1 0 -1
0 1 0 28.8 60.5 11 -1 0 -1
0 1 0 28.8 60.5 11 -1 0 -1
0 1 0 28.8 60.5 11 -1 0 -1
0 1 0 28.8 60.5 10 -1 0 -1
0 1 0 28.9 60.5 12 -1 0 -1
0 1 0 28.8 60.5 12 -1 0 -1
0 1 0 28.9 60.5 12 -1 0 -1
0 1 0 28.8 60.5 10 -1 0 -1
0 1 0 28.8 60.5 10 -1 0 -1
0 1 0 28.9 60.5 13 -1 0 -1
0 1 0 28.9 60.5 10 -1 0 -1
0 1 0 28.9 60.5 8 -1 0 -1
0 1 0 28.8 60.5 8 -1 0 -1
0 1 0 28.9 60.5 8 -1 0 -1
0 1 0 28.9 60.5 10 -1 0 -1
0 1 0 28.8 60.5 10 -1 0 -1
0 1 0 28.9 60.5 12 -1 0 -1
0 1 0 28.8 60.5 12 -1 0 -1
0 1 0 28.9 60.5 10 -1 0 -1
0 1 0 28.9 60.5 14 -1 0 -1
0 1 0 28.9 60.5 12 -1 0 -1
0 1 0 28.9 60.5 10 -1 0 -1
0 1 0 28.9 60.5 7 -1 0 -1
0 1 0 28.9 60.5 9 -1 0 -1
0 1 0 28.9 60.5 9 -1 0 -1
0 1 0 28.9 60.5 9 -1 0 -1
0 1 0 28.9 60.5 7 -1 0 -1
0 1 0 28.9 60.5 7 -1 0 -1
0 1 0 28.9 60.5 7 -1 0 -1
0 1 0 28.9 60.5 7 -1 0 -1
0 1 0 28.9 60.5 7 -1 0 -1
0 1 0 28.9 60.5 9 -1 0 -1
0 1 0 28.9 60.5 5 -1 0 -1
0 1 0 28.9 60.5 9 -1 0 -1
0 1 0 28.9 60.5 7 -1 0 -1
0 1 0 29.0 60.5 7 -1 0 -1
0 1 0 28.8 60.5 9 -1 0 -1
0 1 0 28.9 60.5 9 -1 0 -1
0 1 0 28.9 60.5 7 -1 0 -1
0 1 0 29.0 60.5 9 -1 0 -1
0 1 0 29.0 60.5 9 -1 0 -1
0 1 0 29.0 61.0 7 -1 0 -1
0 1 0 29.0 60.5 9 -1 0 -1
0 1 0 29.0 61.0 9 -1 0 -1
0 1 0 29.0 61.0 11 -1 0 -1
0 1 0 29.0 61.0 11 -1 0 -1
0 1 0 29.0 61.0 10 -1 0 -1
0 1 0 29.0 61.0 12 -1 0 -1
0 1 0 29.0 61.0 12 -1 0 -1
0 1 0 29.0 61.0 14 -1 0 -1
0 1 0 29.0 61.0 12 -1 0 -1
0 1 0 29.0 61.0 14 -1 0 -1
0 1 0 29.1 61.0 16 -1 0 -1
0 1 0 29.0 61.0 18 -1 0 -1
0 1 0 29.0 61.0 15 -1 0 -1
0 1 0 29.1 61.0 17 -1 0 -1
0 1 0 29.1 61.0 19 -1 0 -1
0 1 0 29.0 61.0 17 -1 0 -1
0 1 0 29.0 61.0 21 -1 0 -1
0 1 0 29.1 61.0 21 -1 0 -1
0 1 0 29.2 61.0 23 -1 0 -1
0 1 0 29.0 61.5 21 -1 0 -1
0 1 0 29.1 61.0 24 -1 0 -1
0 1 0 29.1 61.5 28 -1 0 -1
0 1 0 29.1 61.0 28 -1 0 -1
0 1 0 29.0 61.5 26 -1 0 -1
0 1 0 29.1 61.5 28 -1 0 -1
0 1 0 29.1 61.5 30 -1 0 -1
0 1 0 29.1 61.5 35 -1 0 -1
0 1 0 29.1 61.5 37 -1 0 -1
0 1 0 29.1 61.5 40 -1 0 -1
0 1 0 29.1 61.5 40 -1 0 -1
0 1 0 29.1 62.0 47 -1 0 -1
0 1 0 29.1 62.5 43 -1 0 -1
0 1 0 29.2 63.0 42 -1 0 -1
0 1 0 29.1 63.0 35 -1 0 -1
0 1 0 29.1 63.0 33 -1 0 -1
0 1 0 29.2 63.5 35 -1 0 -1
0 1 0 29.2 63.5 35 -1 0 -1
0 1 0 29.2 63.5 33 -1 0 -1
0 1 0 29.2 63.5 32 -1 0 -1
0 1 0 29.2 63.5 30 -1 0 -1
0 1 0 29.1 63.5 28 -1 0 -1
0 1 0 29.2 63.5 21 -1 0 -1
0 1 0 29.2 63.5 23 -1 0 -1
0 1 0 29.2 63.5 23 -1 0 -1
0 1 0 29.2 63.5 21 -1 0 -1
0 1 0 29.3 63.5 21 -1 0 -1
0 1 0 29.2 63.0 21 -1 0 -1
0 1 0 29.3 63.0 19 -1 0 -1
0 1 0 29.2 63.0 19 -1 0 -1
0 1 0 29.2 63.0 19 -1 0 -1
0 1 0 29.3 63.0 17 -1 0 -1
0 1 0 29.2 63.0 17 -1 0 -1
0 1 0 29.3 63.0 17 -1 0 -1
0 1 0 29.3 63.0 17 -1 0 -1
0 1 0 29.3 63.0 19 -1 0 -1
0 1 0 29.3 63.0 19 -1 0 -1
0 1 0 29.3 63.5 21 -1 0 -1
0 1 0 29.3 63.5 23 -1 0 -1
0 1 0 29.3 63.0 24 c26 0 -1
0 1 3 29.3 63.5 19 c26 0 -1
0 1 0 29.3 63.0 21 c26 0 -1
0 1 0 29.2 62.0 21 c26 0 -1
0 1 0 29.1 60.5 21 c26 0 -1
0 1 0 28.9 59.5 19 c26 0 -1
0 1 0 28.7 58.0 19 c26 0 -1
0 1 4 28.7 57.0 21 c26 0 -1
0 1 3 28.5 56.0 19 c26 0 -1
0 1 3 28.3 55.0 19 c26 0 -1
0 1 0 28.2 54.0 21 c26 0 -1
0 1 0 28.0 53.0 19 c26 0 -1
0 1 0 27.9 52.5 23 c26 0 -1
0 1 1 27.7 51.5 21 c26 0 -1
0 1 0 27.7 51.5 21 c26 0 -1
0 1 0 27.5 50.5 21 c26 0 -1
0 1 0 27.4 50.0 26 c26 0 -1
0 1 0 27.3 49.5 26 c26 0 -1
0 1 0 27.2 49.0 26 c26 0 -1
0 1 5 27.1 49.0 26 c26 0 -1
0 1 0 27.0 48.5 26 c26 0 -1
0 1 0 26.9 48.0 24 c26 0 -1
0 1 0 26.8 47.5 26 c26 0 -1
0 1 0 26.7 47.0 26 c26 0 -1
0 1 0 26.7 47.5 26 c26 0 -1
0 1 0 26.6 47.5 29 c26 0 -1
0 1 0 26.6 47.5 29 c26 0 -1
0 1 0 26.5 47.0 29 c26 0 -1
0 1 0 26.4 47.0 29 c26 0 -1
0 1 0 26.4 47.0 33 c26 0 -1
0 1 0 26.4 47.0 42 c26 0 -1
0 1 0 26.3 47.0 38 c26 0 -1
0 1 0 26.3 47.0 31 c26 0 -1
0 1 0 26.2 47.0 26 c26 0 -1
0 1 0 26.2 47.0 24 c26 0 -1
0 1 0 26.2 47.0 21 c26 0 -1
0 1 0 26.1 47.5 21 c26 0 -1
0 1 11 26.1 48.0 17 c26 0 -1
0 1 0 26.1 48.0 17 c26 0 -1
0 1 0 26.1 48.0 16 c26 0 -1
0 1 0 26.1 48.0 14 c26 0 -1
0 1 0 26.0 48.0 14 c26 0 -1
0 1 0 25.9 48.0 10 c26 0 -1
0 1 0 25.9 48.0 11 c26 0 -1
0 1 0 25.9 48.0 9 c26 0 -1
0 1 0 25.9 48.5 7 c26 0 -1
0 1 0 25.9 48.5 11 c26 0 -1
0 1 0 25.8 48.5 9 c26 0 -1
0 1 0 25.8 48.5 9 c26 0 -1
0 1 0 25.8 48.5 7 c26 0 -1
0 1 0 25.8 48.5 7 c26 0 -1
0 1 0 25.7 48.5 9 c26 0 -1
0 1 0 25.7 48.5 9 c26 0 -1
0 1 13 25.6 48.0 28 c26 3 -1
0 1 0 25.5 48.0 28 c26 3 -1
0 1 0 25.6 48.5 24 c26 3 -1
0 1 2 25.5 48.0 24 c26 3 -1
0 1 0 25.5 48.0 26 c26 3 -1
0 1 0 25.5 48.0 26 c26 3 -1
0 1 0 25.4 48.0 26 c26 3 -1
0 1 3 25.3 48.0 28 c26 3 -1
0 1 0 25.4 47.5 28 c26 3 -1
0 1 0 25.3 47.5 26 c26 3 -1
0 1 0 25.3 48.0 26 c26 3 -1
0 1 3 25.2 48.0 28 c26 3 -1
0 1 0 25.2 48.0 30 c26 3 -1
0 1 0 25.2 48.0 29 c26 3 -1
0 1 0 25.2 48.0 33 c26 3 -1
0 1 0 25.1 48.0 31 c26 3 -1
0 1 0 25.2 48.0 35 c26 3 -1
0 1 2 25.1 48.5 33 c26 3 -1
0 1 0 25.2 48.5 33 c26 3 -1
0 1 3 25.1 48.0 33 c26 3 -1
0 1 0 25.1 48.5 31 c26 3 -1
0 1 0 25.1 48.5 35 c26 3 -1
0 1 0 25.1 48.5 31 c26 3 -1
0 1 0 25.1 48.5 33 c26 3 -1
0 1 0 25.1 48.5 35 c26 3 -1
0 1 0 25.0 48.5 34 c26 3 -1
0 1 0 25.0 48.5 36 c26 3 -1
0 1 0 24.9 48.5 38 c26 3 -1
0 1 0 24.9 49.0 38 c26 3 -1
0 1 0 24.9 49.0 38 c26 3 -1
0 1 0 24.9 49.0 36 c26 3 -1
0 1 0 24.9 49.0 40 c26 3 -1
0 1 0 24.9 49.0 40 c26 3 -1
0 1 0 24.8 49.0 41 c26 3 -1
0 1 0 24.8 49.0 41 c26 3 -1
0 1 0 24.8 49.5 41 c26 3 -1
0 1 0 24.8 49.5 45 c26 3 -1
0 1 0 24.8 49.5 47 c26 3 -1
0 1 0 24.8 49.5 50 c26 3 -1
0 1 0 24.7 49.5 52 c26 3 -1
0 1 3 24.8 49.5 50 c26 3 -1
0 1 0 24.7 49.5 55 c26 3 -1
0 1 0 24.7 49.5 61 c26 3 -1
0 1 0 24.7 49.5 62 c26 3 -1
0 1 0 24.7 49.5 62 c26 3 -1
0 1 0 24.7 50.0 57 c26 3 -1
0 1 0 24.7 49.5 55 c26 3 -1
0 1 0 24.7 50.0 57 c26 3 -1
0 1 0 24.7 50.0 57 c26 3 -1
0 1 0 24.7 49.5 53 c26 3 -1
0 1 0 24.7 49.5 50 c26 3 -1
0 1 0 24.7 49.5 52 c26 3 -1
0 1 0 24.6 49.5 52 c26 3 -1
0 1 0 24.7 50.0 48 c26 3 -1
0 1 0 24.6 50.0 50 c26 3 -1
0 1 0 24.7 50.0 48 c26 3 -1
0 1 20 24.6 50.0 45 c26 3 -1
0 1 2 24.6 50.0 47 c26 3 -1
0 1 0 24.6 50.5 45 c26 3 -1
0 1 0 24.8 50.5 47 c26 3 -1
0 1 1 24.8 50.5 47 c26 3 -1
0 1 0 24.9 50.5 47 c26 3 -1
0 1 0 25.0 50.5 47 c26 3 -1
0 1 0 25.1 51.0 47 c26 3 -1
0 1 0 25.2 51.0 45 c26 3 -1
0 1 0 25.3 51.0 47 c26 3 -1
0 1 0 25.3 52.0 49 c26 3 -1
0 1 0 25.4 52.5 48 c26 3 -1
0 1 0 25.5 53.0 50 c26 3 -1
0 1 0 25.6 53.0 48 c26 3 -1
0 1 5 25.6 53.0 52 c26 3 -1
0 1 0 25.6 54.0 52 c26 3 -1
0 1 0 25.7 54.0 54 c26 3 -1
0 1 0 25.8 54.0 54 c26 3 -1
0 1 0 25.8 53.5 50 c26 3 -1
0 1 0 25.9 53.5 52 c26 3 -1
0 1 0 25.9 53.5 52 c26 3 -1
0 1 0 26.0 54.0 54 c26 3 -1
0 1 0 26.1 54.0 50 c26 3 -1
0 1 0 26.1 54.0 52 c26 3 -1
0 1 0 26.2 54.0 50 c26 3 -1
0 1 0 26.2 54.0 45 c26 3 -1
0 1 0 26.2 54.5 49 c26 3 -1
0 1 0 26.3 54.5 49 c26 3 -1
0 1 0 26.3 54.5 45 c26 3 -1
0 1 0 26.3 54.5 45 c26 3 -1
0 1 0 26.4 54.5 48 c26 3 -1
0 1 0 26.3 54.5 50 c26 3 -1
0 1 0 26.4 55.0 50 c26 3 -1
0 1 0 26.5 55.0 50 c26 3 -1
0 1 0 26.5 55.0 52 c26 3 -1
0 1 0 26.5 55.0 52 c26 3 -1
0 1 0 26.6 55.0 52 c26 3 -1
0 1 0 26.6 55.5 52 c26 3 -1
0 1 0 26.6 55.5 52 c26 3 -1
0 1 1 26.7 55.5 48 c26 3 -1
0 1 0 26.7 55.5 50 c26 3 -1
0 1 0 26.8 55.5 50 c26 3 -1
0 1 0 26.8 55.5 50 c26 3 -1
0 1 1 26.8 55.5 54 c26 3 -1
0 1 0 26.8 56.0 52 c26 3 -1
0 1 0 26.9 56.0 52 c26 3 -1
0 1 0 26.9 56.0 52 c26 3 -1
0 1 0 26.9 56.0 52 c26 3 -1
0 1 31 26.9 56.0 50 c26 3 -1
0 1 1 26.9 56.0 54 c26 3 -1
0 1 0 27.0 56.0 52 c26 3 -1
0 1 0 27.0 56.0 52 c26 3 -1
0 1 0 27.0 56.0 52 c26 3 -1
0 1 0 27.0 56.0 50 c26 3 -1
0 1 0 27.1 56.0 54 c26 3 -1
0 1 0 27.1 56.5 52 c26 3 -1
0 1 0 27.1 56.5 52 c26 3 -1
0 1 0 27.1 56.5 50 c26 3 -1
0 1 0 27.1 56.5 52 c26 3 -1
0 1 0 27.1 56.5 54 c26 3 -1
0 1 0 27.1 56.5 53 c26 3 -1
0 1 0 27.2 56.5 53 c26 3 -1
0 1 0 27.1 56.5 53 c26 3 -1
0 1 0 27.1 56.5 53 c26 3 -1
0 1 0 27.2 56.5 54 c26 3 -1
0 1 0 27.2 56.5 54 c26 3 -1
0 1 0 27.2 56.5 52 c26 3 -1
0 1 0 27.2 56.5 54 c26 3 -1
0 1 0 27.2 56.5 54 c26 3 -1
0 1 0 27.3 56.5 52 c26 3 -1
0 1 0 27.3 57.0 50 c26 3 -1
0 1 0 27.2 56.5 48 c26 3 -1
0 1 0 27.4 56.5 50 c26 3 -1
0 1 0 27.3 56.5 50 c26 3 -1
0 1 0 27.3 56.5 52 c26 3 -1
0 1 0 27.3 57.0 50 c26 3 -1
0 1 4 27.4 56.5 48 c26 3 -1
0 1 0 27.3 56.5 45 c26 3 -1
0 1 0 27.4 56.5 45 c26 3 -1
0 1 0 27.4 56.5 48 c26 3 -1
0 1 0 27.4 56.5 48 c26 3 -1
0 1 0 27.4 57.0 45 c26 3 -1
0 1 0 27.4 56.5 48 c26 3 -1
0 1 0 27.4 56.5 48 c26 3 -1
0 1 0 27.4 56.5 48 c26 3 -1
0 1 0 27.4 56.5 50 c26 3 -1
0 1 0 27.5 56.5 50 c26 3 -1
0 1 0 27.5 56.5 48 c26 3 -1
0 1 0 27.4 56.5 47 c26 3 -1
0 1 0 27.5 56.5 43 c26 3 -1
0 1 0 27.5 56.0 43 c26 3 -1
0 1 0 27.5 56.5 45 c26 3 -1
0 1 0 27.5 56.0 43 c26 3 -1
0 1 0 27.4 56.0 45 c26 3 -1
0 1 0 27.5 56.0 47 c26 3 -1
0 1 0 27.5 56.0 47 c26 3 -1
0 1 0 27.5 56.0 45 c26 3 -1
0 1 4 27.5 56.0 45 c26 3 -1
0 1 5 27.5 55.5 45 c26 3 -1
0 1 0 27.5 55.0 46 c26 3 -1
0 1 0 27.4 54.0 48 c26 3 -1
0 1 0 27.2 53.5 50 c26 3 -1
0 1 10 27.1 52.5 48 c26 3 -1
0 1 0 27.0 52.0 48 c26 3 -1
0 1 0 26.8 51.5 50 c26 3 -1
0 1 0 26.7 51.0 48 c26 3 -1
0 1 0 26.7 50.0 47 c26 3 -1
0 1 0 26.5 50.0 45 c26 3 -1
0 1 0 26.4 49.5 45 c26 3 -1
0 1 0 26.4 49.0 47 c26 3 -1
0 1 0 26.3 48.5 43 c26 3 -1
0 1 0 26.2 48.5 46 c26 3 -1
0 1 0 26.2 48.0 46 c26 3 -1
0 1 0 26.1 48.0 43 c26 3 -1
0 1 0 26.0 48.5 45 c26 3 -1
0 1 0 26.0 48.5 43 c26 3 -1
0 1 0 26.0 48.5 47 c26 3 -1
0 1 0 25.9 48.5 47 c26 3 -1
0 1 0 25.9 49.0 45 c26 3 -1
0 1 0 25.8 49.0 45 c26 3 -1
0 1 0 25.9 49.0 45 c26 3 -1
0 1 0 25.8 49.0 45 c26 3 -1
0 1 0 25.8 49.0 45 c26 3 -1
0 1 1 25.7 49.0 45 c26 3 -1
0 1 1 25.7 49.5 45 c26 3 -1
0 1 0 25.7 50.0 45 c26 3 -1
0 1 0 25.7 50.5 45 c26 3 -1
0 1 0 25.8 51.0 45 c26 3 -1
0 1 0 25.8 51.5 43 c26 3 -1
0 1 0 25.8 52.0 45 c26 3 -1
0 1 0 25.7 52.0 45 c26 3 -1
0 1 0 25.7 52.0 41 c26 3 -1
0 1 0 25.7 51.5 45 c26 3 -1
0 1 0 25.6 52.0 43 c26 3 -1
0 1 0 25.6 52.0 46 c26 3 -1
0 1 0 25.7 51.5 46 c26 3 -1
0 1 0 25.6 51.5 48 c26 3 -1
0 1 0 25.5 51.5 45 c26 3 -1
0 1 0 25.6 51.5 43 c26 3 -1
0 1 0 25.6 51.5 41 c26 3 -1
0 1 5 25.5 51.5 41 c26 3 -1
0 1 0 25.5 52.0 41 c26 3 -1
0 1 7 25.5 52.5 27 -1 3 -1
0 1 19 25.5 52.5 2 -1 0 8
0 1 0 25.5 53.0 2 -1 0 8
0 1 0 25.5 53.0 2 -1 0 8
0 1 0 25.6 53.0 4 -1 0 8
0 1 0 25.6 53.0 4 -1 0 8
0 1 0 25.8 53.0 4 -1 0 8
0 1 0 25.8 53.0 4 -1 0 8
0 1 0 25.9 53.0 4 -1 0 8
0 1 0 26.0 53.0 4 -1 0 8
0 1 0 26.0 53.0 4 -1 0 8
0 1 0 26.1 53.5 4 -1 0 8
0 1 0 26.1 53.5 4 -1 0 8
0 1 0 26.2 53.5 4 -1 0 8
0 1 0 26.2 54.0 4 -1 0 8
0 1 0 26.3 54.0 2 -1 0 8
0 1 0 26.3 54.0 2 -1 0 8
0 1 0 26.4 54.0 2 -1 0 8
0 1 0 26.5 54.0 2 -1 0 8
0 1 0 26.4 54.5 2 -1 0 8
0 1 0 26.5 54.5 4 -1 0 8
0 1 0 26.5 54.5 4 -1 0 8
0 1 0 26.5 54.5 4 -1 0 8
0 1 0 26.6 54.5 4 -1 0 8
0 1 0 26.6 54.5 4 -1 0 8
0 1 0 26.6 54.5 4 -1 0 8
0 1 0 26.7 54.5 4 -1 0 8
0 1 0 26.7 54.5 4 -1 0 8
0 1 0 26.8 54.5 4 -1 0 8
0 1 0 26.8 54.5 4 -1 0 8
0 1 0 26.8 54.5 4 -1 0 8
0 1 0 26.9 55.0 4 -1 0 8
0 1 0 26.8 55.0 2 -1 0 8
0 1 0 26.9 55.0 2 -1 0 8
0 1 0 26.9 55.0 2 -1 0 8
0 1 0 26.9 55.0 6 -1 0 8
0 1 0 27.0 55.0 11 -1 0 8
0 1 34 27.0 55.0 21 c26 0 8
0 1 17 27.0 55.0 19 c26 0 8
0 1 0 27.0 55.0 19 c26 0 8
0 1 0 27.0 54.5 23 c26 0 8
0 1 0 26.9 53.5 21 c26 0 8
0 1 0 26.7 53.0 19 c26 0 8
0 1 0 26.6 52.5 19 c26 0 8
0 1 0 26.5 51.5 19 c26 0 8
0 1 0 26.4 51.0 19 c26 0 8
0 1 0 26.3 50.5 19 c26 0 8
0 1 0 26.2 50.5 21 c26 0 8
0 1 0 26.0 50.0 19 c26 0 8
0 1 0 26.0 49.5 23 c26 0 8
0 1 0 25.9 49.5 24 c26 0 8
0 1 0 25.9 49.0 24 c26 0 8
0 1 8 25.8 49.0 21 c26 0 8
0 1 1 25.7 49.0 21 c26 0 8
0 1 0 25.7 49.0 19 c26 0 8
0 1 0 25.6 49.0 21 c26 0 8
0 1 0 25.6 49.0 19 c26 0 8
0 1 0 25.5 48.5 20 c26 0 8
0 1 0 25.5 48.5 20 c26 0 8
0 1 0 25.5 48.5 20 c26 0 8
0 1 0 25.4 48.5 17 -1 0 8
0 1 24 25.3 48.5 17 -1 0 8
0 1 13 25.2 48.0 19 -1 0 8
0 1 0 25.3 48.5 19 -1 0 8
0 1 0 25.3 48.5 19 -1 0 8
0 1 0 25.4 48.5 19 -1 0 8
0 1 0 25.4 48.5 21 -1 0 8
0 1 0 25.5 48.5 21 -1 0 8
0 1 0 25.6 48.5 22 -1 0 8
0 1 0 25.6 48.5 27 -1 0 8
0 1 0 25.7 48.5 25 -1 0 8
0 1 0 25.7 48.5 26 -1 0 8
0 1 0 25.8 48.5 24 -1 0 8
0 1 0 25.8 48.5 26 -1 0 8
0 1 0 25.8 49.0 22 -1 0 8
0 1 0 25.9 49.0 26 -1 0 8
0 1 0 25.9 49.5 26 -1 0 8
0 1 0 26.0 49.5 26 -1 0 8
0 1 0 26.0 49.5 29 -1 0 8
0 1 0 26.0 49.5 30 -1 0 8
0 1 0 26.1 49.5 26 -1 0 8
0 1 0 26.2 49.5 24 -1 0 8
0 1 0 26.2 49.5 24 -1 0 8
0 1 0 26.2 49.5 22 -1 0 8
0 1 0 26.3 49.5 22 -1 0 8
0 1 0 26.2 50.0 25 -1 0 8
0 1 0 26.3 49.5 27 -1 0 8
0 1 0 26.3 50.0 28 -1 0 8
0 1 0 26.4 50.0 21 -1 0 8
0 1 0 26.3 50.0 25 -1 0 8
0 1 0 26.4 50.0 23 -1 0 8
0 1 0 26.4 50.5 22 -1 0 8
0 1 0 26.5 50.5 19 -1 0 8
0 1 0 26.5 50.5 17 -1 0 8
0 1 0 26.5 50.5 20 -1 0 8
0 1 0 26.6 50.5 19 -1 0 8
0 1 0 26.6 51.0 21 -1 0 8
0 1 0 26.7 51.0 19 -1 0 8
0 1 0 26.6 51.0 19 -1 0 8
0 1 0 26.7 51.0 17 -1 0 8
0 1 0 26.7 51.0 17 -1 0 8
0 1 0 26.7 51.0 20 -1 0 8
0 1 0 26.8 51.0 18 -1 0 8
0 1 0 26.8 51.0 18 -1 0 8
0 1 0 26.8 51.0 16 -1 0 8
0 1 0 26.8 51.0 16 -1 0 8
0 1 0 26.9 51.0 14 -1 0 8
0 1 0 26.8 51.0 16 -1 0 8
0 1 0 26.9 51.5 16 -1 0 8
0 1 0 26.9 51.5 17 -1 0 8
0 1 0 26.9 51.0 22 -1 0 8
0 1 0 26.9 51.5 24 -1 0 8
0 1 0 26.9 51.5 22 -1 0 8
0 1 0 26.9 51.5 20 -1 0 8
0 1 0 27.0 51.5 24 -1 0 8
0 1 0 27.0 51.5 22 -1 0 8
0 1 0 27.0 51.5 22 -1 0 8
0 1 0 26.9 51.5 24 -1 0 8
0 1 0 26.9 51.5 22 -1 0 8
0 1 0 27.0 52.0 22 -1 0 8
0 1 0 27.0 51.5 20 -1 0 8
0 1 0 27.0 52.0 19 -1 0 8
0 1 0 27.1 52.0 19 -1 0 8
0 1 0 27.1 52.0 21 -1 0 8
0 1 0 27.1 51.5 19 -1 0 8
0 1 0 27.1 52.0 21 -1 0 8
0 1 0 27.1 52.0 21 -1 0 8
0 1 0 27.1 52.0 21 -1 0 8
0 1 0 27.1 52.0 19 -1 0 8
0 1 0 27.1 52.0 17 -1 0 8
0 1 0 27.2 52.0 17 -1 0 8
0 1 0 27.1 52.0 17 -1 0 8
0 1 0 27.2 52.0 17 -1 0 8
0 1 0 27.2 52.0 17 -1 0 8
0 1 0 27.2 52.0 17 -1 0 8
0 1 0 27.2 52.0 17 -1 0 8
0 1 0 27.2 52.0 19 -1 0 8
0 1 0 27.3 52.0 19 -1 0 8
0 1 0 27.2 52.0 21 -1 0 8
0 1 0 27.2 52.0 24 -1 0 8
0 1 0 27.3 52.0 24 -1 0 8
0 1 0 27.2 52.0 19 -1 0 8
0 1 0 27.4 52.0 21 -1 0 8
0 1 0 27.3 52.0 19 -1 0 8
0 1 0 27.3 52.0 17 -1 0 8
0 1 0 27.3 52.0 19 -1 0 8
0 1 0 27.3 52.0 17 -1 0 8
0 1 0 27.4 52.0 18 -1 0 8
0 1 0 27.4 52.0 16 -1 0 8
0 1 0 27.3 52.0 16 -1 0 8
0 1 0 27.4 52.0 16 -1 0 8
0 1 0 27.4 52.0 17 -1 0 8
0 1 0 27.3 52.0 19 -1 0 8
0 1 0 27.3 52.0 19 -1 0 8
0 1 0 27.4 52.0 19 -1 0 8
0 1 0 27.4 52.5 19 -1 0 8
0 1 0 27.4 52.0 19 -1 0 8
0 1 0 27.4 52.0 21 -1 0 8
0 1 0 27.4 52.0 22 -1 0 8
0 1 0 27.4 52.0 22 -1 0 8
0 1 0 27.5 52.0 17 -1 0 8
0 1 0 27.5 52.5 19 -1 0 8
0 1 0 27.5 52.5 16 -1 0 8
0 1 0 27.5 52.5 18 -1 0 8
0 1 0 27.5 52.5 20 -1 0 8
0 1 0 27.5 52.5 18 -1 0 8
0 1 0 27.5 52.5 19 -1 0 8
0 1 0 27.6 52.5 26 -1 0 8
0 1 0 27.5 52.5 23 -1 0 8
0 1 0 27.6 52.5 16 -1 0 8
0 1 0 27.5 52.5 16 -1 0 8
0 1 0 27.6 52.5 18 -1 0 8
0 1 0 27.4 52.5 16 -1 0 8
0 1 0 27.5 52.5 16 -1 0 8
0 1 0 27.6 52.5 16 -1 0 8
0 1 0 27.6 52.5 16 -1 0 8
0 1 0 27.6 52.5 16 -1 0 8
0 1 0 27.6 52.5 16 -1 0 8
0 1 0 27.7 52.5 18 -1 0 8
0 1 0 27.6 52.5 18 -1 0 8
0 1 0 27.7 52.5 16 -1 0 8
0 1 0 27.7 52.5 19 -1 0 8
0 1 0 27.6 52.5 22 -1 0 8
0 1 0 27.6 52.5 21 -1 0 8
0 1 0 27.7 52.5 17 -1 0 8
0 1 0 27.7 52.5 18 -1 0 8
0 1 0 27.6 52.5 14 -1 0 8
0 1 0 27.7 52.5 14 -1 0 8
0 1 0 27.7 52.5 16 -1 0 8
0 1 0 27.7 53.0 16 -1 0 8
0 1 0 27.7 53.0 16 -1 0 8
0 1 0 27.7 52.5 14 -1 0 8
0 1 0 27.7 53.0 12 -1 0 8
0 1 0 27.8 53.0 16 -1 0 8
0 1 0 27.7 53.0 17 -1 0 8
0 1 0 27.7 53.0 16 -1 0 8
0 1 0 27.7 53.0 16 -1 0 8
0 1 0 27.7 53.0 14 -1 0 8
0 1 0 27.7 53.0 14 -1 0 8
0 1 0 27.7 53.0 16 -1 0 8
0 1 0 27.7 53.0 19 -1 0 8
0 1 0 27.7 53.0 23 -1 0 8
0 1 0 27.7 53.0 24 -1 0 8
0 1 0 27.7 53.0 22 -1 0 8
0 1 0 27.7 53.0 24 -1 0 8
0 1 0 27.8 53.0 24 -1 0 8
0 1 0 27.7 53.0 17 -1 0 8
0 1 0 27.8 53.0 19 -1 0 8
0 1 0 27.7 53.0 17 -1 0 8
0 1 0 27.8 53.0 17 -1 0 8
0 1 0 27.8 53.0 21 -1 0 8
0 1 0 27.8 53.0 22 -1 0 8
0 1 0 27.8 53.0 21 -1 0 8
0 1 0 27.8 53.0 16 -1 0 8
0 1 0 27.8 53.0 14 -1 0 8
0 1 0 27.9 53.0 16 -1 0 8
0 1 0 27.8 53.0 14 -1 0 8
0 1 0 27.8 53.0 14 -1 0 8
0 1 0 27.8 53.0 13 -1 0 8
0 1 1 27.9 53.0 11 -1 0 8
0 1 31 27.8 53.5 9 -1 0 8
0 1 23 27.9 53.5 13 -1 0 8
0 0 0 27.8 53.5 13 -1 0 8
0 0 0 27.9 53.5 9 -1 0 8
0 0 0 27.8 53.5 11 -1 0 8
0 0 0 27.9 54.0 11 -1 0 8
0 0 0 27.9 54.0 11 -1 0 8
0 0 0 27.9 54.0 11 -1 0 8
0 0 0 27.9 54.0 13 -1 0 8
0 0 0 27.9 54.0 12 -1 0 8
0 0 0 27.9 54.0 13 -1 0 8
0 0 0 27.9 54.0 10 -1 0 8
0 0 0 27.9 54.0 13 -1 0 8
0 0 0 27.9 54.0 13 -1 0 8
0 0 0 27.9 54.0 11 -1 0 8
0 0 0 27.9 54.0 9 -1 0 8
0 0 0 27.9 54.0 9 -1 0 8
0 0 0 28.0 54.0 9 -1 0 8
0 0 0 28.0 54.0 11 -1 0 8
0 0 0 27.9 54.0 11 -1 0 8
0 0 0 27.9 54.0 11 -1 0 8
0 0 0 27.9 54.0 11 -1 0 8
0 0 0 27.9 53.5 11 -1 0 8
0 0 0 27.9 53.5 13 -1 0 8
0 0 0 27.9 53.5 14 -1 0 8
0 0 0 27.9 54.0 14 -1 0 8
0 0 0 28.0 53.5 14 -1 0 8
0 0 0 27.9 53.5 12 -1 0 8
0 0 0 27.9 53.5 12 -1 0 8
0 0 0 27.9 53.5 12 -1 0 8
0 0 0 27.9 53.5 12 -1 0 8
0 0 0 27.9 53.5 14 -1 0 8
0 0 0 28.0 53.5 14 -1 0 8
0 0 0 27.9 53.5 12 -1 0 8
0 0 0 27.9 53.5 13 -1 0 8
0 0 0 27.9 54.0 11 -1 0 8
0 0 0 27.9 53.5 9 -1 0 8
0 0 0 27.9 53.5 9 -1 0 8
0 0 0 28.0 53.5 11 -1 0 8
0 0 0 27.9 53.5 9 -1 0 8
0 0 0 27.9 53.5 9 -1 0 8
0 0 0 28.0 53.5 9 -1 0 8
0 0 0 27.9 53.5 7 -1 0 8
0 0 0 27.9 53.5 7 -1 0 8
0 0 0 28.0 53.5 11 -1 0 8
0 0 0 28.0 53.5 11 -1 0 8
0 0 0 27.9 53.5 9 -1 0 8
0 0 0 27.9 53.5 9 -1 0 8
0 0 0 28.0 53.5 9 -1 0 8
0 0 0 28.0 53.5 7 -1 0 8
0 0 0 27.9 53.5 7 -1 0 8
0 0 0 28.0 53.5 7 -1 0 8
0 0 0 28.0 53.5 5 -1 0 8
0 0 0 28.0 53.5 9 -1 0 8
0 0 0 27.9 53.5 9 -1 0 8
0 0 0 27.9 53.5 9 -1 0 8
0 0 0 28.0 53.5 9 -1 0 8
0 0 0 28.0 53.5 6 -1 0 8
0 0 0 28.0 53.5 6 -1 0 8
0 0 0 27.9 53.5 6 -1 0 8
0 0 0 28.0 53.5 6 -1 0 8
0 0 0 28.0 53.5 6 -1 0 8
0 0 0 28.0 53.5 6 -1 0 8
0 0 0 28.0 53.5 6 -1 0 8
0 0 0 28.0 53.5 6 -1 0 8
0 0 0 28.1 53.5 9 -1 0 8
0 0 0 28.0 53.5 9 -1 0 8
0 0 0 28.0 53.5 9 -1 0 8
0 0 0 28.0 53.5 5 -1 0 8
0 0 0 28.0 53.5 5 -1 0 8
0 0 0 28.0 53.5 7 -1 0 8
0 0 0 28.0 53.5 14 -1 0 8
0 0 0 28.0 53.5 10 -1 0 8
0 0 0 27.9 53.5 7 -1 0 8
0 0 0 28.0 53.5 9 -1 0 8
0 0 0 28.0 54.0 9 -1 0 8
0 0 0 28.0 53.5 9 -1 0 8
0 0 0 28.0 53.5 11 -1 0 8
0 0 0 28.0 54.0 9 -1 0 8
0 0 0 28.0 54.0 11 -1 0 8
0 0 0 28.0 54.0 11 -1 0 8
0 0 0 28.0 54.0 5 -1 0 8
0 0 0 28.0 54.0 4 -1 0 8
0 0 0 28.0 54.0 4 -1 0 8
0 0 0 28.0 54.0 2 -1 0 8
0 0 0 28.1 54.0 6 -1 0 8
0 0 0 28.0 54.0 6 -1 0 8
0 0 0 28.0 54.0 6 -1 0 8
0 0 0 28.1 54.0 6 -1 0 8
0 0 0 28.1 54.0 2 -1 0 8
0 0 0 28.1 54.0 2 -1 0 8
0 0 0 28.0 54.0 4 -1 0 8
0 0 0 28.1 54.0 2 -1 0 8
0 0 0 28.1 54.0 2 -1 0 8
0 0 0 28.0 54.0 2 -1 0 8
0 0 0 28.1 54.0 2 -1 0 8
0 0 0 28.1 54.0 6 -1 0 8
0 0 0 28.0 54.0 6 -1 0 8
0 0 0 28.0 54.0 6 -1 0 8
0 0 0 28.1 54.0 6 -1 0 8
0 0 0 28.1 54.0 6 -1 0 8
0 0 0 28.0 54.0 6 -1 0 8
0 0 0 28.1 54.5 4 -1 0 8
0 0 0 28.0 54.5 4 -1 0 8
0 0 0 28.1 54.5 4 -1 0 8
0 0 0 28.1 54.0 4 -1 0 8
0 0 0 28.1 54.5 4 -1 0 8
0 0 0 28.1 54.5 4 -1 0 8
0 0 0 28.1 54.5 4 -1 0 8
0 0 0 28.1 54.5 4 -1 0 8
0 0 0 28.1 54.5 4 -1 0 8
0 0 0 28.0 54.5 2 -1 0 8
0 0 0 28.1 54.5 2 -1 0 8
0 0 0 28.1 54.5 2 -1 0 8
0 0 0 28.1 54.5 2 -1 0 8
0 0 0 28.1 54.5 2 -1 0 8
0 0 0 28.1 54.5 2 -1 0 8
0 0 0 28.0 54.5 2 -1 0 8
0 0 0 28.1 54.5 2 -1 0 8
0 0 0 28.1 54.5 1 -1 0 8
0 0 0 28.1 54.5 1 -1 0 8
0 0 0 28.1 54.5 1 -1 0 8
0 0 0 28.1 54.5 4 -1 0 8
0 0 0 28.1 54.5 4 -1 0 8
0 0 0 28.1 54.5 4 -1 0 8
0 0 0 28.1 54.5 4 -1 0 8
0 0 0 28.1 54.5 4 -1 0 8
0 0 0 28.1 54.5 4 -1 0 8
0 0 0 28.1 54.5 4 -1 0 8
0 0 0 28.1 54.5 2 -1 0 8
0 0 0 28.1 54.5 2 -1 0 8
0 0 0 28.1 54.5 2 -1 0 8
0 0 0 28.0 54.5 2 -1 0 8
0 0 0 28.0 54.5 2 -1 0 8
0 0 0 28.1 54.5 2 -1 0 8
0 0 0 28.1 54.5 2 -1 0 8
0 0 0 28.1 54.5 2 -1 0 8
0 0 0 28.1 54.5 2 -1 0 8
0 0 0 28.0 55.0 2 -1 0 8
0 0 0 28.1 55.0 2 -1 0 8
0 0 0 28.1 55.0 0 -1 0 8
0 0 0 28.1 55.0 0 -1 0 8
0 0 0 28.1 55.0 0 -1 0 8
0 0 0 28.1 55.0 0 -1 0 8
0 0 0 28.1 55.0 0 -1 0 8
0 0 0 28.1 55.0 0 -1 0 8
0 0 0 28.1 55.0 0 -1 0 8
0 0 0 28.1 55.0 0 -1 0 8
0 0 0 28.1 55.0 0 -1 0 8
0 0 0 28.2 55.0 0 -1 0 8
0 0 0 28.1 55.0 0 -1 0 8
0 0 0 28.2 55.5 1 -1 0 8
0 0 0 28.1 55.5 1 -1 0 8
0 0 0 28.1 55.5 1 -1 0 8
0 0 0 28.1 55.5 1 -1 0 8
0 0 0 28.2 55.5 1 -1 0 8
0 0 0 28.1 55.5 1 -1 0 8
0 0 0 28.1 55.5 1 -1 0 8
0 0 0 28.1 55.5 1 -1 0 8
0 0 0 28.1 55.5 1 -1 0 8
0 0 0 28.1 55.5 1 -1 0 8
0 0 0 28.1 55.5 1 -1 0 8
0 0 0 28.1 55.5 1 -1 0 8
0 0 0 28.1 55.5 1 -1 0 8
0 0 0 28.1 55.5 1 -1 0 8
0 0 0 28.1 55.5 1 -1 0 8
0 0 0 28.2 55.5 1 -1 0 8
0 0 0 28.1 55.5 2 -1 0 8
0 0 0 28.1 55.5 2 -1 0 8
0 0 0 28.1 55.5 2 -1 0 8
0 0 0 28.1 55.5 2 -1 0 8
0 0 0 28.1 55.5 2 -1 0 8
0 0 0 28.1 55.5 2 -1 0 8
0 0 0 28.1 55.5 2 -1 0 8
0 0 0 28.1 55.5 2 -1 0 8
0 0 0 28.0 55.5 2 -1 0 8
0 0 0 28.1 55.0 2 -1 0 8
0 0 0 28.0 55.0 2 -1 0 8
0 0 0 28.1 55.0 2 -1 0 8
0 0 0 28.1 55.0 2 -1 0 8
0 0 0 28.1 55.5 2 -1 0 8
0 0 0 28.1 55.0 2 -1 0 8
0 0 0 28.1 55.5 2 -1 0 8
0 0 0 28.2 55.5 2 -1 0 8
0 0 0 28.1 55.5 2 -1 0 8
0 0 0 28.1 55.5 2 -1 0 8
0 0 0 28.1 55.5 2 -1 0 8
0 0 0 28.1 55.5 2 -1 0 8
0 0 0 28.1 55.5 2 -1 0 8
0 0 0 28.1 55.5 2 -1 0 8
0 0 0 28.1 55.5 2 -1 0 8
0 0 0 28.1 55.5 2 -1 0 8
0 0 0 28.1 55.5 2 -1 0 8
0 0 0 28.2 55.5 2 -1 0 8
0 0 0 28.2 55.5 2 -1 0 8
0 0 0 28.1 55.5 2 -1 0 8
0 0 0 28.2 55.5 2 -1 0 8
0 0 0 28.2 55.5 2 -1 0 8
0 0 0 28.2 55.5 2 -1 0 8
0 0 0 28.2 55.5 2 -1 0 8
0 0 0 28.2 55.5 2 -1 0 8
0 0 0 28.1 55.5 2 -1 0 8
0 0 0 28.2 55.5 2 -1 0 8
0 0 0 28.1 55.5 2 -1 0 8
0 0 0 28.2 55.5 2 -1 0 8
0 0 0 28.2 55.5 2 -1 0 8
0 0 0 28.2 55.5 2 -1 0 8
0 0 0 28.2 55.5 2 -1 0 8
0 0 0 28.2 55.5 2 -1 0 8
0 0 0 28.2 55.5 2 -1 0 8
0 0 0 28.2 55.5 2 -1 0 8
0 0 0 28.2 55.5 2 -1 0 8
0 0 0 28.2 55.5 2 -1 0 8
0 0 0 28.2 55.5 2 -1 0 8
0 0 0 28.2 55.5 2 -1 0 8
0 0 0 28.3 55.5 2 -1 0 8
0 0 0 28.2 55.5 2 -1 0 8
0 0 0 28.3 55.5 2 -1 0 8
0 0 0 28.3 55.5 2 -1 0 8
0 0 0 28.2 55.5 2 -1 0 8
0 0 0 28.2 55.5 2 -1 0 8
0 0 0 28.2 55.5 2 -1 0 8
0 0 0 28.2 55.5 2 -1 0 8
0 0 0 28.3 55.5 2 -1 0 8
0 0 0 28.3 55.5 2 -1 0 8
0 0 0 28.2 55.5 2 -1 0 8
0 0 0 28.2 55.5 2 -1 0 8
0 0 0 28.3 55.5 2 -1 0 8
0 0 0 28.2 55.5 2 -1 0 8
0 0 0 28.2 55.5 2 -1 0 8
0 0 0 28.3 55.5 2 -1 0 8
0 0 0 28.3 55.5 2 -1 0 8
0 0 0 28.3 55.5 2 -1 0 8
0 0 0 28.3 55.5 2 -1 0 8
0 0 0 28.3 55.5 2 -1 0 8
0 0 0 28.3 55.5 2 -1 0 8
0 0 0 28.3 55.5 2 -1 0 8
0 0 0 28.3 55.5 2 -1 0 8
0 0 0 28.3 55.5 2 -1 0 8
0 0 0 28.3 55.5 2 -1 0 8
0 0 0 28.4 55.5 2 -1 0 8
0 0 0 28.3 55.5 2 -1 0 8
0 0 0 28.3 55.5 2 -1 0 8
0 0 0 28.4 55.5 2 -1 0 8
0 0 0 28.3 55.5 2 -1 0 8
0 0 0 28.3 55.5 2 -1 0 8
0 0 0 28.4 55.5 2 -1 0 8
0 0 0 28.4 56.0 2 -1 0 8
0 0 0 28.4 56.0 2 -1 0 8
0 0 0 28.4 56.0 2 -1 0 8
0 0 0 28.4 55.5 2 -1 0 8
0 0 0 28.3 56.0 2 -1 0 8
0 0 0 28.4 55.5 2 -1 0 8
0 0 0 28.4 56.0 2 -1 0 8
0 0 0 28.4 56.0 2 -1 0 8
0 0 0 28.3 56.0 2 -1 0 8
0 0 0 28.4 56.0 2 -1 0 8
0 0 0 28.4 56.0 2 -1 0 8
0 0 0 28.4 56.0 2 -1 0 8
0 0 0 28.4 56.0 2 -1 0 8
0 0 0 28.4 56.0 2 -1 0 8
0 0 0 28.4 56.0 2 -1 0 8
0 0 0 28.4 56.0 2 -1 0 8
0 0 0 28.4 56.0 2 -1 0 8
0 0 0 28.4 56.0 2 -1 0 8
0 0 0 28.4 56.0 2 -1 0 8
0 0 0 28.4 56.0 2 -1 0 8
0 0 0 28.4 56.0 2 -1 0 8
0 0 0 28.4 56.0 2 -1 0 8
0 0 0 28.4 56.0 2 -1 0 8
0 0 0 28.5 56.0 2 -1 0 8
0 0 0 28.4 56.0 2 -1 0 8
0 0 0 28.5 56.0 2 -1 0 8
0 0 0 28.5 56.0 2 -1 0 8
0 0 0 28.5 56.0 2 -1 0 8
0 0 0 28.4 56.0 2 -1 0 8
0 0 0 28.5 56.0 2 -1 0 8
0 0 0 28.5 56.0 2 -1 0 8
0 0 0 28.5 56.0 2 -1 0 8
0 0 0 28.5 56.0 2 -1 0 8
0 0 0 28.5 56.0 2 -1 0 8
0 0 0 28.5 56.0 2 -1 0 8
0 0 0 28.5 56.0 2 -1 0 8
0 0 0 28.5 56.0 2 -1 0 8
0 0 0 28.5 56.0 2 -1 0 8
0 0 0 28.5 56.0 2 -1 0 8
0 0 0 28.5 56.0 2 -1 0 8
0 0 0 28.5 56.0 2 -1 0 8
0 0 0 28.5 56.0 2 -1 0 8
0 0 0 28.5 56.5 2 -1 0 8
0 0 0 28.5 56.5 2 -1 0 8
0 0 0 28.6 56.5 2 -1 0 8
0 0 0 28.5 56.0 2 -1 0 8
0 0 0 28.5 56.5 2 -1 0 8
0 0 0 28.5 56.5 2 -1 0 8
0 0 0 28.5 56.5 2 -1 0 8
0 0 0 28.6 56.5 2 -1 0 8
0 0 0 28.6 56.5 2 -1 0 8
0 0 0 28.6 56.5 2 -1 0 8
0 0 0 28.5 56.5 2 -1 0 8
0 0 0 28.6 56.5 2 -1 0 8
0 0 0 28.5 56.5 2 -1 0 8
0 0 0 28.6 56.5 2 -1 0 8
0 0 0 28.6 56.5 2 -1 0 8
0 0 0 28.6 56.5 2 -1 0 8
0 0 0 28.6 56.5 2 -1 0 8
0 0 0 28.5 56.5 2 -1 0 8
0 0 0 28.6 56.5 2 -1 0 8
0 0 0 28.6 56.5 2 -1 0 8
0 0 0 28.6 56.5 2 -1 0 8
0 0 0 28.6 56.5 2 -1 0 8
0 0 0 28.6 56.5 2 -1 0 8
0 0 0 28.6 56.5 2 -1 0 8
0 0 0 28.6 56.5 2 -1 0 8
0 0 0 28.7 56.5 2 -1 0 8
0 0 0 28.6 56.5 2 -1 0 8
0 0 0 28.6 56.5 2 -1 0 8
0 0 0 28.6 56.5 2 -1 0 8
0 0 0 28.6 56.5 2 -1 0 8
0 0 0 28.6 56.5 2 -1 0 8
0 0 0 28.6 56.5 2 -1 0 8
0 0 0 28.5 56.5 2 -1 0 8
0 0 0 28.6 56.5 2 -1 0 8
0 0 0 28.6 56.5 2 -1 0 8
0 0 0 28.6 56.5 2 -1 0 8
0 0 0 28.6 56.5 2 -1 0 8
0 0 0 28.7 56.5 2 -1 0 8
0 0 0 28.6 56.5 2 -1 0 8
0 0 0 28.6 56.5 2 -1 0 8
0 0 0 28.6 56.5 2 -1 0 8
0 0 0 28.6 56.5 2 -1 0 8
0 0 0 28.7 57.0 2 -1 0 8
0 0 0 28.7 56.5 2 -1 0 8
0 0 0 28.7 57.0 2 -1 0 8
0 0 0 28.7 57.0 2 -1 0 8
0 0 0 28.6 56.5 2 -1 0 8
0 0 0 28.6 56.5 2 -1 0 8
0 0 0 28.7 57.0 2 -1 0 8
0 0 0 28.7 57.0 2 -1 0 8
0 0 0 28.7 57.0 2 -1 0 8
0 0 0 28.7 57.0 2 -1 0 8
0 0 0 28.7 57.0 2 -1 0 8
0 0 0 28.7 57.0 2 -1 0 8
0 0 0 28.7 56.5 2 -1 0 8
0 0 0 28.7 57.0 2 -1 0 8
0 0 0 28.7 57.0 2 -1 0 8
0 0 0 28.7 57.0 2 -1 0 8
0 0 0 28.7 56.5 2 -1 0 8
0 0 0 28.7 57.0 2 -1 0 8
0 0 0 28.7 57.0 2 -1 0 8
0 0 0 28.7 57.0 2 -1 0 8
0 0 0 28.7 57.0 2 -1 0 8
0 0 0 28.7 57.0 2 -1 0 8
0 0 0 28.7 57.0 2 -1 0 8
0 0 0 28.7 57.0 2 -1 0 8
0 0 0 28.7 57.0 2 -1 0 8
0 0 0 28.8 57.0 2 -1 0 8
0 0 0 28.8 57.0 2 -1 0 8
0 0 0 28.7 57.0 2 -1 0 8
0 0 0 28.7 57.0 2 -1 0 8
0 0 0 28.7 57.0 2 -1 0 8
0 0 0 28.7 57.0 2 -1 0 8
0 0 0 28.7 57.0 2 -1 0 8
0 0 0 28.7 57.0 2 -1 0 8
0 0 0 28.7 57.0 2 -1 0 8
0 0 0 28.8 57.0 2 -1 0 8
0 0 0 28.7 57.0 2 -1 0 8
0 0 0 28.7 57.0 2 -1 0 8
0 0 0 28.8 57.0 2 -1 0 8
0 0 0 28.7 57.0 2 -1 0 8
0 0 0 28.8 57.0 2 -1 0 8
0 0 0 28.7 57.0 2 -1 0 8
0 0 0 28.8 57.0 2 -1 0 8
0 0 0 28.8 57.0 2 -1 0 8
0 0 0 28.8 57.0 2 -1 0 8
0 0 0 28.8 57.0 2 -1 0 8
0 0 0 28.8 57.0 2 -1 0 8
0 0 0 28.8 57.0 2 -1 0 8
0 0 0 28.8 57.0 2 -1 0 8
0 0 0 28.8 57.0 2 -1 0 8
0 0 0 28.8 57.0 2 -1 0 8
0 0 0 28.8 57.0 2 -1 0 8
0 0 0 28.8 57.0 2 -1 0 8
0 0 0 28.8 57.0 2 -1 0 8
0 0 0 28.8 57.0 2 -1 0 8
0 0 0 28.8 57.0 2 -1 0 8
0 0 0 28.8 57.0 2 -1 0 8
0 0 0 28.8 57.0 2 -1 0 8
0 0 0 28.8 57.0 2 -1 0 8
0 0 0 28.8 57.0 2 -1 0 8
0 0 0 28.9 57.0 2 -1 0 8
0 0 0 28.8 57.0 2 -1 0 8
0 0 0 28.7 57.0 2 -1 0 8
0 0 0 28.8 57.0 2 -1 0 8
0 0 0 28.8 57.0 2 -1 0 8
0 0 0 28.8 57.0 2 -1 0 8
0 0 0 28.9 57.0 2 -1 0 8
0 0 0 28.8 57.0 2 -1 0 8
0 0 0 28.8 57.0 2 -1 0 8
0 0 0 28.8 57.0 2 -1 0 8
0 0 0 28.8 57.0 2 -1 0 8
0 0 0 28.8 57.0 2 -1 0 8
0 0 0 28.8 57.0 2 -1 0 8
0 0 0 28.9 57.0 2 -1 0 8
0 0 0 28.8 57.0 2 -1 0 8
0 0 0 28.9 57.0 2 -1 0 8
0 0 0 28.8 57.0 2 -1 0 8
0 0 0 28.8 57.0 2 -1 0 8
0 0 0 28.8 57.0 2 -1 0 8
0 0 0 28.8 57.0 2 -1 0 8
0 0 0 28.9 57.0 2 -1 0 8
0 0 0 28.8 57.0 2 -1 0 8
0 0 0 28.9 57.0 2 -1 0 8
0 0 0 28.9 57.0 2 -1 0 8
0 0 0 28.9 57.0 2 -1 0 8
0 0 0 28.9 57.0 2 -1 0 8
0 0 0 28.9 57.0 2 -1 0 8
0 0 0 28.9 57.0 2 -1 0 8
0 0 0 28.9 57.0 2 -1 0 8
0 0 0 28.9 57.0 2 -1 0 8
0 0 0 28.9 57.0 2 -1 0 8
0 0 0 28.9 57.0 2 -1 0 8
0 0 0 28.8 57.0 2 -1 0 8
0 0 0 28.9 57.5 2 -1 0 8
0 0 0 28.9 57.5 2 -1 0 8
0 0 0 29.0 57.5 2 -1 0 8
0 0 0 28.9 57.5 2 -1 0 8
0 0 0 28.8 57.5 2 -1 0 8
0 0 0 28.9 57.5 2 -1 0 8
0 0 0 28.8 57.0 2 -1 0 8
0 0 0 28.9 57.0 2 -1 0 8
0 0 0 28.9 57.5 2 -1 0 8
0 0 0 28.9 57.5 2 -1 0 8
0 0 0 28.9 57.5 2 -1 0 8
0 0 0 28.9 57.5 2 -1 0 8
0 0 0 28.9 57.5 2 -1 0 8
0 0 0 28.9 57.5 2 -1 0 8
0 0 0 28.9 57.5 2 -1 0 8
0 0 0 28.9 57.5 2 -1 0 8
0 0 0 28.9 57.5 2 -1 0 8
0 0 0 28.9 57.5 2 -1 0 8
0 0 0 28.9 57.5 2 -1 0 8
0 0 0 28.9 57.5 2 -1 0 8
0 0 0 28.9 57.5 2 -1 0 8
0 0 0 29.0 57.5 2 -1 0 8
0 0 0 29.0 57.5 2 -1 0 8
0 0 0 29.0 57.5 2 -1 0 8
0 0 0 29.0 57.5 2 -1 0 8
0 0 0 28.9 57.5 2 -1 0 8
0 0 0 28.9 57.5 2 -1 0 8
0 0 0 29.0 57.5 2 -1 0 8
0 0 0 29.0 57.5 2 -1 0 8
0 0 0 29.0 57.5 2 -1 0 8
0 0 0 29.0 57.5 2 -1 0 8
0 0 0 29.0 57.5 2 -1 0 8
0 0 0 29.0 57.5 2 -1 0 8
0 0 0 28.9 57.5 2 -1 0 8
0 0 0 28.9 57.5 2 -1 0 8
0 0 0 29.0 57.5 2 -1 0 8
0 0 0 29.0 57.5 2 -1 0 8
