0 0 0 31.1 55.5 2 -1 0 -1
0 0 0 31.1 55.5 2 -1 0 -1
0 0 0 31.1 55.5 2 -1 0 -1
0 0 0 31.0 55.5 2 -1 0 -1
0 0 0 31.1 55.5 2 -1 0 -1
0 0 0 31.1 55.5 2 -1 0 -1
0 0 0 31.1 55.5 2 -1 0 -1
0 0 0 31.1 55.5 2 -1 0 -1
0 0 0 31.2 55.5 2 -1 0 -1
0 0 0 31.1 55.5 2 -1 0 -1
0 0 0 31.1 55.5 2 -1 0 -1
0 0 0 31.1 55.5 2 -1 0 -1
0 0 0 31.1 55.5 2 -1 0 -1
0 0 0 31.1 55.5 2 -1 0 -1
0 0 0 31.1 55.5 2 -1 0 -1
0 0 0 31.1 55.5 2 -1 0 -1
0 0 0 31.1 56.0 2 -1 0 -1
0 0 0 31.1 56.0 2 -1 0 -1
0 0 0 31.1 56.0 2 -1 0 -1
0 0 0 31.1 56.0 2 -1 0 -1
0 0 0 31.1 56.0 2 -1 0 -1
0 0 0 31.1 56.0 2 -1 0 -1
0 0 0 31.1 56.0 2 -1 0 -1
0 0 0 31.1 56.0 2 -1 0 -1
0 0 0 31.1 56.0 2 -1 0 -1
0 0 0 31.2 56.0 2 -1 0 -1
0 0 0 31.2 56.0 2 -1 0 -1
0 0 0 31.2 56.0 2 -1 0 -1
0 0 0 31.1 56.0 2 -1 0 -1
0 0 0 31.2 56.0 2 -1 0 -1
0 0 0 31.2 56.0 2 -1 0 -1
0 0 0 31.2 56.0 2 -1 0 -1
0 0 0 31.2 56.5 2 -1 0 -1
0 0 0 31.2 56.5 2 -1 0 -1
0 0 0 31.1 56.5 2 -1 0 -1
0 0 0 31.2 56.5 2 -1 0 -1
0 0 0 31.2 56.5 2 -1 0 -1
0 0 0 31.2 56.5 2 -1 0 -1
0 0 0 31.2 56.5 2 -1 0 -1
0 0 0 31.1 56.5 2 -1 0 -1
0 0 0 31.2 56.5 2 -1 0 -1
0 0 0 31.1 56.5 2 -1 0 -1
0 0 0 31.2 56.5 2 -1 0 -1
0 0 0 31.2 56.5 2 -1 0 -1
0 0 0 31.2 56.5 2 -1 0 -1
0 0 0 31.2 56.5 2 -1 0 -1
0 0 0 31.2 56.5 2 -1 0 -1
0 0 0 31.2 56.5 2 -1 0 -1
0 0 0 31.2 56.5 2 -1 0 -1
0 0 0 31.2 56.5 2 -1 0 -1
0 0 0 31.2 56.5 2 -1 0 -1
0 0 0 31.2 56.5 2 -1 0 -1
0 0 0 31.3 56.5 2 -1 0 -1
0 0 0 31.3 56.5 2 -1 0 -1
0 0 0 31.2 56.5 2 -1 0 -1
0 0 0 31.2 56.5 2 -1 0 -1
0 0 0 31.3 56.5 2 -1 0 -1
0 0 0 31.2 56.5 2 -1 0 -1
0 0 0 31.3 56.5 2 -1 0 -1
0 0 0 31.2 56.5 2 -1 0 -1
0 0 0 31.2 56.5 2 -1 0 -1
0 0 0 31.2 56.5 2 -1 0 -1
0 0 0 31.2 56.5 2 -1 0 -1
0 0 0 31.3 56.5 2 -1 0 -1
0 0 0 31.2 56.5 2 -1 0 -1
0 0 0 31.3 56.5 2 -1 0 -1
0 0 0 31.3 56.5 2 -1 0 -1
0 0 0 31.2 56.5 2 -1 0 -1
0 0 0 31.2 56.5 2 -1 0 -1
0 0 0 31.2 56.5 2 -1 0 -1
0 0 0 31.3 56.5 2 -1 0 -1
0 0 0 31.2 56.5 2 -1 0 -1
0 0 0 31.2 56.5 2 -1 0 -1
0 0 0 31.2 56.5 2 -1 0 -1
0 0 0 31.2 56.5 2 -1 0 -1
0 0 0 31.2 56.5 2 -1 0 -1
0 0 0 31.2 56.5 2 -1 0 -1
0 0 0 31.3 57.0 2 -1 0 -1
0 0 0 31.2 56.5 2 -1 0 -1
0 0 0 31.3 56.5 2 -1 0 -1
0 0 0 31.3 56.5 2 -1 0 -1
0 0 0 31.3 56.5 2 -1 0 -1
0 0 0 31.3 56.5 2 -1 0 -1
0 0 0 31.3 56.5 2 -1 0 -1
0 0 0 31.3 56.5 2 -1 0 -1
0 0 0 31.3 56.5 2 -1 0 -1
0 0 0 31.2 56.5 2 -1 0 -1
0 0 0 31.2 56.5 2 -1 0 -1
0 0 0 31.3 56.5 2 -1 0 -1
0 0 0 31.2 56.5 2 -1 0 -1
0 0 0 31.3 56.5 2 -1 0 -1
0 0 0 31.3 56.5 2 -1 0 -1
0 0 0 31.3 56.5 2 -1 0 -1
0 0 0 31.2 56.5 2 -1 0 -1
0 0 0 31.2 56.5 2 -1 0 -1
0 0 0 31.3 56.5 2 -1 0 -1
0 0 0 31.3 56.5 2 -1 0 -1
0 0 0 31.2 56.5 2 -1 0 -1
0 0 0 31.2 56.5 2 -1 0 -1
0 0 0 31.3 57.0 2 -1 0 -1
0 0 0 31.3 57.0 2 -1 0 -1
0 0 0 31.2 57.0 2 -1 0 -1
0 0 0 31.2 57.0 2 -1 0 -1
0 0 0 31.3 57.0 2 -1 0 -1
0 0 0 31.2 57.0 2 -1 0 -1
0 0 0 31.2 57.0 2 -1 0 -1
0 0 0 31.3 57.0 2 -1 0 -1
0 0 0 31.3 57.0 2 -1 0 -1
0 0 0 31.3 57.0 2 -1 0 -1
0 0 0 31.3 57.0 2 -1 0 -1
0 0 0 31.3 57.0 2 -1 0 -1
0 0 0 31.3 57.0 2 -1 0 -1
0 0 0 31.3 57.0 2 -1 0 -1
0 0 0 31.2 57.0 2 -1 0 -1
0 0 0 31.3 57.0 2 -1 0 -1
0 0 0 31.3 57.0 2 -1 0 -1
0 0 0 31.3 57.0 2 -1 0 -1
0 0 0 31.2 57.0 2 -1 0 -1
0 0 0 31.3 57.0 2 -1 0 -1
0 0 0 31.3 57.0 2 -1 0 -1
0 0 0 31.4 57.0 2 -1 0 -1
0 0 0 31.3 57.0 2 -1 0 -1
0 0 0 31.3 57.0 2 -1 0 -1
0 0 0 31.3 57.0 2 -1 0 -1
0 0 0 31.4 57.0 2 -1 0 -1
0 0 0 31.3 57.0 2 -1 0 -1
0 0 0 31.3 57.0 2 -1 0 -1
0 0 0 31.4 57.0 2 -1 0 -1
0 0 0 31.3 57.5 2 -1 0 -1
0 0 0 31.4 57.0 2 -1 0 -1
0 0 0 31.4 57.0 2 -1 0 -1
0 0 0 31.3 57.0 2 -1 0 -1
0 0 0 31.3 57.0 2 -1 0 -1
0 0 0 31.3 57.0 2 -1 0 -1
0 0 0 31.3 57.0 2 -1 0 -1
0 0 0 31.3 57.0 2 -1 0 -1
0 0 0 31.3 57.0 2 -1 0 -1
0 0 0 31.4 57.0 2 -1 0 -1
0 0 0 31.3 57.0 2 -1 0 -1
0 0 0 31.3 57.0 2 -1 0 -1
0 0 0 31.4 57.0 2 -1 0 -1
0 0 0 31.3 57.0 2 -1 0 -1
0 0 0 31.4 57.0 2 -1 0 -1
0 0 0 31.4 57.0 2 -1 0 -1
0 0 0 31.3 57.0 2 -1 0 -1
0 0 0 31.3 57.0 2 -1 0 -1
0 0 0 31.3 57.0 2 -1 0 -1
0 0 0 31.3 57.0 2 -1 0 -1
0 0 0 31.4 57.0 2 -1 0 -1
0 0 0 31.3 57.0 2 -1 0 -1
0 0 0 31.4 57.0 2 -1 0 -1
0 0 0 31.3 57.0 2 -1 0 -1
0 0 0 31.4 57.0 2 -1 0 -1
0 0 0 31.3 57.0 2 -1 0 -1
0 0 0 31.4 57.0 2 -1 0 -1
0 0 0 31.3 57.0 2 -1 0 -1
0 0 0 31.3 57.0 2 -1 0 -1
0 0 0 31.3 57.0 2 -1 0 -1
0 0 0 31.3 57.0 2 -1 0 -1
0 0 0 31.3 57.0 2 -1 0 -1
0 0 0 31.4 57.0 2 -1 0 -1
0 0 0 31.3 57.0 2 -1 0 -1
0 0 0 31.3 57.0 2 -1 0 -1
0 0 0 31.3 57.0 2 -1 0 -1
0 0 0 31.3 57.0 2 -1 0 -1
0 0 0 31.3 57.0 2 -1 0 -1
0 0 0 31.3 57.0 2 -1 0 -1
0 0 0 31.4 57.0 2 -1 0 -1
0 0 0 31.3 57.0 2 -1 0 -1
0 0 0 31.3 57.0 2 -1 0 -1
0 0 0 31.3 57.0 2 -1 0 -1
0 0 0 31.3 57.0 2 -1 0 -1
0 0 0 31.4 57.0 2 -1 0 -1
0 0 0 31.4 57.0 2 -1 0 -1
0 0 0 31.3 57.0 2 -1 0 -1
0 0 0 31.3 57.0 2 -1 0 -1
0 0 0 31.4 57.0 2 -1 0 -1
0 0 0 31.4 57.0 2 -1 0 -1
0 0 0 31.4 57.0 2 -1 0 -1
0 0 0 31.4 57.0 2 -1 0 -1
0 0 0 31.3 57.0 2 -1 0 -1
0 0 0 31.4 57.0 2 -1 0 -1
0 0 0 31.4 57.0 2 -1 0 -1
0 0 0 31.3 57.0 2 -1 0 -1
0 0 0 31.4 57.0 2 -1 0 -1
0 0 0 31.3 57.0 2 -1 0 -1
0 0 0 31.3 57.0 2 -1 0 -1
0 0 0 31.3 57.0 2 -1 0 -1
0 0 0 31.3 57.0 2 -1 0 -1
0 0 0 31.4 57.0 2 -1 0 -1
0 0 0 31.4 57.0 2 -1 0 -1
0 0 0 31.4 57.0 2 -1 0 -1
0 0 0 31.3 57.0 2 -1 0 -1
0 0 0 31.4 57.0 2 -1 0 -1
0 0 0 31.4 57.0 2 -1 0 -1
0 0 0 31.4 57.0 2 -1 0 -1
0 0 0 31.3 57.0 2 -1 0 -1
0 0 0 31.4 57.0 2 -1 0 -1
0 0 0 31.5 57.0 2 -1 0 -1
0 0 0 31.4 57.0 2 -1 0 -1
0 0 0 31.4 57.0 2 -1 0 -1
0 0 0 31.4 57.0 2 -1 0 -1
0 0 0 31.3 57.0 2 -1 0 -1
0 0 0 31.4 57.0 2 -1 0 -1
0 0 0 31.4 57.0 2 -1 0 -1
0 0 0 31.4 57.0 2 -1 0 -1
0 0 0 31.4 57.0 2 -1 0 -1
0 0 0 31.4 57.0 2 -1 0 -1
0 0 0 31.4 57.0 2 -1 0 -1
0 0 0 31.5 57.0 2 -1 0 -1
0 0 0 31.4 57.0 2 -1 0 -1
0 0 0 31.4 57.0 2 -1 0 -1
0 0 0 31.4 57.0 2 -1 0 -1
0 0 0 31.3 57.0 2 -1 0 -1
0 0 0 31.4 57.0 2 -1 0 -1
0 0 0 31.4 57.0 2 -1 0 -1
0 0 0 31.4 57.0 2 -1 0 -1
0 0 0 31.4 57.0 2 -1 0 -1
0 0 0 31.4 57.0 2 -1 0 -1
0 0 0 31.4 57.0 2 -1 0 -1
0 0 0 31.4 57.0 2 -1 0 -1
0 0 0 31.4 57.0 2 -1 0 -1
0 0 0 31.4 57.0 2 -1 0 -1
0 0 0 31.4 57.0 2 -1 0 -1
0 0 0 31.4 57.0 2 -1 0 -1
0 0 0 31.3 57.0 2 -1 0 -1
0 0 0 31.4 57.0 2 -1 0 -1
0 0 0 31.4 57.0 2 -1 0 -1
0 0 0 31.4 57.0 2 -1 0 -1
0 0 0 31.4 57.0 2 -1 0 -1
0 0 0 31.4 57.0 2 -1 0 -1
0 0 0 31.4 57.0 2 -1 0 -1
0 0 0 31.4 57.0 2 -1 0 -1
0 0 0 31.4 57.0 2 -1 0 -1
0 0 0 31.3 57.0 2 -1 0 -1
0 0 0 31.5 57.5 2 -1 0 -1
0 0 0 31.4 57.0 2 -1 0 -1
0 0 0 31.4 57.0 2 -1 0 -1
0 0 0 31.4 57.0 2 -1 0 -1
0 0 0 31.4 57.0 2 -1 0 -1
0 0 0 31.5 57.0 2 -1 0 -1
0 0 0 31.4 57.0 2 -1 0 -1
0 0 0 31.5 57.0 2 -1 0 -1
0 0 0 31.4 57.0 2 -1 0 -1
0 0 0 31.4 57.0 2 -1 0 -1
0 0 0 31.4 57.0 2 -1 0 -1
0 0 0 31.4 57.0 2 -1 0 -1
0 0 0 31.5 57.0 2 -1 0 -1
0 0 0 31.5 57.0 2 -1 0 -1
0 0 0 31.4 57.0 2 -1 0 -1
0 0 0 31.4 57.0 2 -1 0 -1
0 0 0 31.4 57.0 2 -1 0 -1
0 0 0 31.4 57.0 2 -1 0 -1
0 0 0 31.4 57.0 2 -1 0 -1
0 0 0 31.5 57.0 2 -1 0 -1
0 0 0 31.5 57.0 2 -1 0 -1
0 0 0 31.4 57.0 2 -1 0 -1
0 0 0 31.4 57.0 2 -1 0 -1
0 0 0 31.4 57.0 2 -1 0 -1
0 0 0 31.4 57.0 2 -1 0 -1
0 0 0 31.4 57.0 2 -1 0 -1
0 0 0 31.4 57.0 2 -1 0 -1
0 0 0 31.5 57.0 2 -1 0 -1
0 0 0 31.4 57.0 2 -1 0 -1
0 0 0 31.5 57.0 2 -1 0 -1
0 0 0 31.4 57.0 2 -1 0 -1
0 0 0 31.4 57.0 2 -1 0 -1
0 0 0 31.4 57.0 2 -1 0 -1
0 0 0 31.4 57.0 2 -1 0 -1
0 0 0 31.4 57.0 2 -1 0 -1
0 0 0 31.4 57.0 2 -1 0 -1
0 0 0 31.4 57.0 2 -1 0 -1
0 0 0 31.5 57.0 2 -1 0 -1
0 0 0 31.4 57.0 2 -1 0 -1
0 0 0 31.5 57.0 2 -1 0 -1
0 0 0 31.4 56.5 2 -1 0 -1
0 0 0 31.4 57.0 2 -1 0 -1
0 0 0 31.4 56.5 2 -1 0 -1
0 0 0 31.5 57.0 2 -1 0 -1
0 0 0 31.4 56.5 2 -1 0 -1
0 0 0 31.4 57.0 2 -1 0 -1
0 0 0 31.4 57.0 2 -1 0 -1
0 0 0 31.4 57.0 2 -1 0 -1
0 0 0 31.4 57.0 2 -1 0 -1
0 0 0 31.5 57.0 2 -1 0 -1
0 0 0 31.5 57.0 2 -1 0 -1
0 0 0 31.4 57.0 2 -1 0 -1
0 0 0 31.4 57.0 2 -1 0 -1
0 0 0 31.5 57.0 2 -1 0 -1
0 0 0 31.5 57.0 2 -1 0 -1
0 0 0 31.4 57.0 2 -1 0 -1
0 0 0 31.4 57.0 2 -1 0 -1
0 0 0 31.4 57.0 1 -1 0 -1
0 0 0 31.4 57.0 1 -1 0 -1
0 0 0 31.4 57.0 1 -1 0 -1
0 0 0 31.4 57.0 1 -1 0 -1
0 0 0 31.4 57.0 1 -1 0 -1
0 0 0 31.5 57.0 1 -1 0 -1
0 0 0 31.4 57.0 1 -1 0 -1
0 0 0 31.5 57.0 1 -1 0 -1
0 0 0 31.5 57.0 1 -1 0 -1
0 0 0 31.5 57.0 1 -1 0 -1
0 0 0 31.4 57.0 1 -1 0 -1
0 0 0 31.5 57.0 1 -1 0 -1
0 0 0 31.4 57.0 1 -1 0 -1
0 0 0 31.5 57.0 1 -1 0 -1
0 0 0 31.5 57.0 1 -1 0 -1
0 0 0 31.4 57.0 1 -1 0 -1
0 0 0 31.5 57.0 1 -1 0 -1
0 0 0 31.6 57.0 1 -1 0 -1
0 0 0 31.4 57.0 1 -1 0 -1
0 0 0 31.5 57.0 1 -1 0 -1
0 0 0 31.5 57.0 1 -1 0 -1
0 0 0 31.4 57.0 0 -1 0 -1
0 0 0 31.5 57.0 0 -1 0 -1
0 0 0 31.5 57.0 0 -1 0 -1
0 0 0 31.5 57.0 0 -1 0 -1
0 0 0 31.5 57.0 0 -1 0 -1
0 0 0 31.5 57.0 0 -1 0 -1
0 0 0 31.5 57.0 0 -1 0 -1
0 0 0 31.5 57.0 2 -1 0 -1
0 0 0 31.5 57.0 2 -1 0 -1
0 0 0 31.4 57.0 2 -1 0 -1
0 0 0 31.5 57.0 2 -1 0 -1
0 0 0 31.5 57.0 1 -1 0 -1
0 0 0 31.5 57.0 1 -1 0 -1
0 0 0 31.5 57.0 1 -1 0 -1
0 0 0 31.5 57.0 2 -1 0 -1
0 0 0 31.5 57.0 4 -1 0 -1
0 0 0 31.5 57.0 2 -1 0 -1
0 0 0 31.5 57.0 2 -1 0 -1
0 0 0 31.4 57.0 4 -1 0 -1
0 0 0 31.5 57.0 5 -1 0 -1
0 0 0 31.4 57.0 7 -1 0 -1
0 0 0 31.5 57.0 5 -1 0 -1
0 0 0 31.5 57.0 5 -1 0 -1
0 0 0 31.6 57.0 7 -1 0 -1
0 0 0 31.5 57.0 7 -1 0 -1
0 0 0 31.5 56.5 9 -1 0 -1
0 0 0 31.4 57.0 9 -1 0 -1
0 0 0 31.5 57.0 8 -1 0 -1
0 0 0 31.5 56.5 10 -1 0 -1
0 0 0 31.5 56.5 10 -1 0 -1
0 0 0 31.5 57.0 14 -1 0 -1
0 0 0 31.5 56.5 12 -1 0 -1
0 0 0 31.5 56.5 17 -1 0 -1
0 0 0 31.5 56.5 19 -1 0 -1
0 0 0 31.5 56.5 17 -1 0 -1
0 0 0 31.5 56.5 15 -1 0 -1
0 0 0 31.5 56.5 19 -1 0 -1
0 0 0 31.5 56.5 21 -1 0 -1
0 0 0 31.5 56.5 19 -1 0 -1
0 0 0 31.5 56.5 19 -1 0 -1
0 0 0 31.6 57.0 21 -1 0 -1
0 0 0 31.5 57.0 20 -1 0 -1
0 0 0 31.6 57.0 22 -1 0 -1
0 0 0 31.5 57.0 24 -1 0 -1
0 0 0 31.6 57.0 22 -1 0 -1
0 0 0 31.5 57.0 24 -1 0 -1
0 0 0 31.5 57.0 26 -1 0 -1
0 0 0 31.5 57.0 28 -1 0 -1
0 0 0 31.6 57.0 26 -1 0 -1
0 0 0 31.5 56.5 28 -1 0 -1
0 0 0 31.6 57.0 28 -1 0 -1
0 0 0 31.6 57.0 31 -1 0 -1
0 0 0 31.6 57.0 29 -1 0 -1
0 0 0 31.6 57.0 31 -1 0 -1
0 0 0 31.6 56.5 33 -1 0 -1
0 0 0 31.6 56.5 33 -1 0 -1
0 0 0 31.6 56.5 31 -1 0 -1
0 0 0 31.6 56.5 33 -1 0 -1
0 0 0 31.6 57.0 35 -1 0 -1
0 0 0 31.6 56.5 37 -1 0 -1
0 0 0 31.6 56.5 33 -1 0 -1
0 0 0 31.6 56.5 35 -1 0 -1
0 0 0 31.6 56.5 37 -1 0 -1
0 0 0 31.6 56.5 40 -1 0 -1
0 0 0 31.6 56.5 36 -1 0 -1
0 0 0 31.7 56.5 38 -1 0 -1
0 0 0 31.6 56.5 40 -1 0 -1
0 0 0 31.6 56.5 42 -1 0 -1
0 0 0 31.7 56.5 40 -1 0 -1
0 0 0 31.7 56.5 40 -1 0 -1
0 0 0 31.7 56.5 42 -1 0 -1
0 0 0 31.7 57.0 42 -1 0 -1
0 0 0 31.7 56.5 44 -1 0 -1
0 0 0 31.7 56.5 44 -1 0 -1
0 0 0 31.6 57.0 46 -1 0 -1
0 0 0 31.7 56.5 42 -1 0 -1
0 0 0 31.7 56.5 44 -1 0 -1
0 0 0 31.7 57.0 44 -1 0 -1
0 0 0 31.6 56.5 47 -1 0 -1
0 0 0 31.7 57.0 47 -1 0 -1
0 0 0 31.7 56.5 49 -1 0 -1
0 0 0 31.7 57.0 49 -1 0 -1
0 0 0 31.7 57.0 45 -1 0 -1
0 0 0 31.7 57.0 47 -1 0 -1
0 0 0 31.8 57.0 47 -1 0 -1
0 0 0 31.7 57.0 49 -1 0 -1
0 0 0 31.7 57.0 49 -1 0 -1
0 0 0 31.7 57.0 49 -1 0 -1
0 0 0 31.8 57.0 49 -1 0 -1
0 0 0 31.8 57.0 49 -1 0 -1
0 0 0 31.7 57.0 51 -1 0 -1
0 0 0 31.8 57.0 51 -1 0 -1
0 0 0 31.7 57.0 51 -1 0 -1
0 0 0 31.8 57.0 51 -1 0 -1
0 0 0 31.8 57.0 51 -1 0 -1
0 0 0 31.8 57.0 49 -1 0 -1
0 0 0 31.8 57.0 49 -1 0 -1
0 0 0 31.8 57.0 49 -1 0 -1
0 0 0 31.8 57.0 51 -1 0 -1
0 0 0 31.9 57.0 51 -1 0 -1
0 0 0 31.9 57.0 51 -1 0 -1
0 0 0 31.8 57.0 53 -1 0 -1
0 0 0 31.8 57.0 53 -1 0 -1
0 0 0 31.8 57.0 53 -1 0 -1
0 0 0 31.9 56.5 53 -1 0 -1
0 0 0 31.9 57.0 53 -1 0 -1
0 0 0 31.8 56.5 55 -1 0 -1
0 0 0 31.9 56.5 51 -1 0 -1
0 0 0 31.9 56.5 51 -1 0 -1
0 0 0 31.9 56.5 51 -1 0 -1
0 0 0 31.9 56.5 51 -1 0 -1
0 0 0 31.9 56.5 51 -1 0 -1
0 0 0 31.9 56.5 51 -1 0 -1
0 0 0 31.9 56.5 53 -1 0 -1
0 0 0 31.9 56.5 53 -1 0 -1
0 0 0 31.9 56.5 53 -1 0 -1
0 0 0 31.9 57.0 53 -1 0 -1
0 0 0 32.0 57.0 53 -1 0 -1
0 0 0 31.9 57.0 56 -1 0 -1
0 0 0 32.0 57.0 56 -1 0 -1
0 0 0 32.0 57.0 56 -1 0 -1
0 0 0 32.0 57.0 56 -1 0 -1
0 0 0 32.0 57.0 56 -1 0 -1
0 0 0 32.0 57.0 56 -1 0 -1
0 0 0 32.0 57.0 56 -1 0 -1
0 0 0 32.0 57.0 56 -1 0 -1
0 0 0 32.0 57.0 56 -1 0 -1
0 0 0 32.0 57.5 56 -1 0 -1
0 0 0 32.0 57.5 56 -1 0 -1
0 0 0 32.0 57.5 56 -1 0 -1
0 0 0 32.0 57.5 56 -1 0 -1
0 0 0 32.0 57.5 56 -1 0 -1
0 0 0 32.1 57.5 56 -1 0 -1
0 0 0 32.0 57.5 56 -1 0 -1
0 0 0 32.0 57.5 56 -1 0 -1
0 0 0 32.1 57.5 56 -1 0 -1
0 0 0 32.0 57.5 56 -1 0 -1
0 0 0 32.1 57.5 56 -1 0 -1
0 0 0 32.1 57.5 56 -1 0 -1
0 0 0 32.0 57.5 56 -1 0 -1
0 0 0 32.1 57.5 56 -1 0 -1
0 0 0 32.1 57.5 53 -1 0 -1
0 0 0 32.1 57.5 53 -1 0 -1
0 0 0 32.1 57.5 53 -1 0 -1
0 0 0 32.1 58.0 53 -1 0 -1
0 0 0 32.1 58.0 53 -1 0 -1
0 0 0 32.1 57.5 51 -1 0 -1
0 0 0 32.0 57.5 51 -1 0 -1
0 0 0 32.1 57.5 51 -1 0 -1
0 0 0 32.1 57.5 51 -1 0 -1
0 0 0 32.1 58.0 55 -1 0 -1
0 0 0 32.1 57.5 53 -1 0 -1
0 0 0 32.1 58.0 53 -1 0 -1
0 0 0 32.1 58.0 53 -1 0 -1
0 0 0 32.0 58.0 53 -1 0 -1
0 0 0 32.1 58.0 53 -1 0 -1
0 0 0 32.1 57.5 51 -1 0 -1
0 0 0 32.0 57.5 51 -1 0 -1
0 0 0 32.1 58.0 51 -1 0 -1
0 0 0 32.1 58.0 51 -1 0 -1
0 0 0 32.0 57.5 49 -1 0 -1
0 0 0 32.1 58.0 49 -1 0 -1
0 0 0 32.1 57.5 53 -1 0 -1
0 0 0 32.1 58.0 51 -1 0 -1
0 0 0 32.1 58.0 51 -1 0 -1
0 0 0 32.1 58.0 49 -1 0 -1
0 0 0 32.1 58.0 49 -1 0 -1
0 0 0 32.1 57.5 49 -1 0 -1
0 0 0 32.1 57.5 47 -1 0 -1
0 0 0 32.1 58.0 47 -1 0 -1
0 0 0 32.1 57.5 47 -1 0 -1
0 0 0 32.1 57.5 47 -1 0 -1
0 0 0 32.0 58.0 49 -1 0 -1
0 0 0 32.1 57.5 49 -1 0 -1
0 0 0 32.1 57.5 49 -1 0 -1
0 0 0 32.1 57.5 47 -1 0 -1
0 0 0 32.1 57.5 44 -1 0 -1
0 0 0 32.1 58.0 44 -1 0 -1
0 0 0 32.1 58.0 44 -1 0 -1
0 0 0 32.1 58.0 46 -1 0 -1
0 0 0 32.1 58.0 46 -1 0 -1
0 0 0 32.1 58.0 46 -1 0 -1
0 0 0 32.1 58.0 46 -1 0 -1
0 0 0 32.1 58.0 44 -1 0 -1
0 0 0 32.1 58.0 44 -1 0 -1
0 0 0 32.1 58.0 42 -1 0 -1
0 0 0 32.1 57.5 42 -1 0 -1
0 0 0 32.1 58.0 42 -1 0 -1
0 0 0 32.1 58.0 42 -1 0 -1
0 0 0 32.0 58.0 44 -1 0 -1
0 0 0 32.1 58.0 44 -1 0 -1
0 0 0 32.1 58.0 44 -1 0 -1
0 0 0 32.1 58.0 44 -1 0 -1
0 0 0 32.2 58.0 42 -1 0 -1
0 0 0 32.1 58.0 42 -1 0 -1
0 0 0 32.0 57.5 42 -1 0 -1
0 0 0 32.1 58.0 42 -1 0 -1
0 0 0 32.1 58.0 42 -1 0 -1
0 0 0 32.0 58.0 42 -1 0 -1
0 0 0 32.1 57.5 40 -1 0 -1
0 0 0 32.1 57.5 40 -1 0 -1
0 0 0 32.0 57.5 40 -1 0 -1
0 0 0 32.0 57.5 40 -1 0 -1
0 0 0 32.1 57.5 40 -1 0 -1
0 0 0 32.1 57.5 40 -1 0 -1
0 0 0 32.1 57.5 40 -1 0 -1
0 0 0 32.0 57.5 38 -1 0 -1
0 0 0 32.1 57.5 38 -1 0 -1
0 0 0 32.0 57.5 38 -1 0 -1
0 0 0 32.0 57.5 38 -1 0 -1
0 0 0 32.1 57.5 38 -1 0 -1
0 0 0 32.1 57.5 42 -1 0 -1
0 0 0 32.0 58.0 42 -1 0 -1
0 0 0 32.1 57.5 40 -1 0 -1
0 0 0 32.1 57.5 40 -1 0 -1
0 0 0 32.0 57.5 40 -1 0 -1
0 0 0 32.0 58.0 40 -1 0 -1
0 0 0 32.0 57.5 40 -1 0 -1
0 0 0 32.1 58.0 40 -1 0 -1
0 0 0 32.0 58.0 37 -1 0 -1
0 0 0 32.1 57.5 37 -1 0 -1
0 0 0 32.1 58.0 37 -1 0 -1
0 0 0 32.0 58.0 37 -1 0 -1
0 0 0 32.0 58.0 35 -1 0 -1
0 0 0 32.1 58.0 35 -1 0 -1
0 0 0 32.1 58.0 35 -1 0 -1
0 0 0 32.1 58.5 35 -1 0 -1
0 0 0 32.1 58.5 35 -1 0 -1
0 0 0 32.1 58.5 35 -1 0 -1
0 0 0 32.0 58.5 35 -1 0 -1
0 0 0 32.1 58.0 35 -1 0 -1
0 0 0 32.1 58.0 37 -1 0 -1
0 0 0 32.1 58.0 37 -1 0 -1
0 0 0 32.1 58.0 37 -1 0 -1
0 0 0 32.1 58.0 37 -1 0 -1
0 0 0 32.1 58.0 37 -1 0 -1
0 0 0 32.1 58.5 35 -1 0 -1
0 0 0 32.1 58.0 35 -1 0 -1
0 0 0 32.0 58.0 35 -1 0 -1
0 0 0 32.1 58.5 33 -1 0 -1
0 0 0 32.1 58.5 33 -1 0 -1
0 0 0 32.1 58.5 33 -1 0 -1
0 0 0 32.1 58.5 33 -1 0 -1
0 0 0 32.1 58.5 33 -1 0 -1
0 0 0 32.0 58.5 33 -1 0 -1
0 0 0 32.1 58.5 35 -1 0 -1
0 0 0 32.2 59.0 35 -1 0 -1
0 0 0 32.1 59.0 35 -1 0 -1
0 0 0 32.1 58.5 35 -1 0 -1
0 0 0 32.1 59.0 35 -1 0 -1
0 0 0 32.1 59.0 35 -1 0 -1
0 0 0 32.1 59.0 33 -1 0 -1
0 0 0 32.2 59.0 33 -1 0 -1
0 0 0 32.1 59.0 33 -1 0 -1
0 0 0 32.1 59.0 33 -1 0 -1
0 0 0 32.2 59.0 33 -1 0 -1
0 0 0 32.1 59.0 33 -1 0 -1
0 0 0 32.1 59.0 33 -1 0 -1
0 0 0 32.2 59.0 31 -1 0 -1
0 0 0 32.1 59.0 31 -1 0 -1
0 0 0 32.1 59.5 31 -1 0 -1
0 0 0 32.2 59.0 31 -1 0 -1
0 0 0 32.2 59.0 31 -1 0 -1
0 0 0 32.2 59.0 31 -1 0 -1
0 0 0 32.2 59.0 31 -1 0 -1
0 0 0 32.1 59.0 29 -1 0 -1
0 0 0 32.1 59.0 29 -1 0 -1
0 0 0 32.1 59.0 29 -1 0 -1
0 0 0 32.1 59.0 29 -1 0 -1
0 0 0 32.1 59.0 29 -1 0 -1
0 0 0 32.1 59.0 29 -1 0 -1
0 0 0 32.1 59.0 29 -1 0 -1
0 0 0 32.1 59.0 29 -1 0 -1
0 0 0 32.1 59.0 33 -1 0 -1
0 0 0 32.1 59.0 33 -1 0 -1
0 0 0 32.1 59.0 33 c26 0 -1
0 0 5 32.1 59.0 24 c26 0 -1
1 0 14 32.1 58.5 31 c26 0 -1
0 0 0 32.0 57.0 31 c26 0 -1
0 0 0 31.9 56.0 31 c26 0 -1
0 0 0 31.8 54.5 31 c26 0 -1
0 0 0 31.5 53.5 28 c26 0 -1
1 0 34 31.4 52.0 52 c26 7 -1
0 0 36 31.2 52.0 58 c26 7 -1
0 0 30 31.1 51.5 56 c26 7 -1
0 0 4 31.0 50.5 58 c26 7 -1
0 0 3 30.9 50.0 58 c26 7 -1
0 0 6 30.8 50.0 60 c26 7 -1
0 0 2 30.6 49.5 60 c26 7 -1
0 0 0 30.7 49.0 58 c26 7 -1
0 0 0 30.5 48.5 56 c26 7 -1
0 0 12 30.4 48.0 56 c26 7 -1
0 0 1 30.3 48.0 56 c26 7 -1
0 0 12 30.3 47.5 56 c26 7 -1
0 0 36 30.2 47.5 50 c26 7 -1
0 0 48 30.0 47.0 49 c26 7 -1
0 0 31 30.1 47.0 32 c26 7 -1
0 0 34 30.0 46.5 32 c26 7 -1
0 0 35 29.8 46.5 30 c26 7 -1
0 0 50 29.8 46.0 32 c26 7 -1
0 0 23 29.7 46.0 32 c26 7 -1
0 0 28 29.6 46.0 32 c26 7 -1
0 0 2 29.5 46.0 32 c26 7 -1
0 0 12 29.4 45.5 32 c26 7 -1
0 0 4 29.4 45.5 32 c26 7 -1
0 0 31 29.3 45.5 32 c26 7 -1
0 0 34 29.2 45.5 32 c26 7 -1
0 0 18 29.3 45.0 32 c26 7 -1
0 0 21 29.2 45.0 32 c26 7 -1
0 0 20 29.2 45.0 32 c26 7 -1
0 0 17 29.2 45.0 32 c26 7 -1
0 0 19 29.1 45.0 32 c26 7 -1
0 0 31 29.1 45.0 32 c26 7 -1
0 0 31 29.0 45.0 30 c26 7 -1
0 0 15 29.0 45.0 30 c26 7 -1
0 0 25 29.0 45.0 32 c26 7 -1
0 0 7 28.9 45.0 32 c26 7 -1
0 0 8 29.0 45.0 32 c26 7 -1
0 0 17 28.8 44.5 32 c26 7 -1
0 0 12 28.8 44.5 32 c26 7 -1
0 0 35 28.8 44.5 32 c26 7 -1
0 0 17 28.7 44.5 32 c26 7 -1
0 0 37 28.7 44.5 30 c26 7 -1
0 0 13 28.6 44.5 32 c26 7 -1
0 0 21 28.6 44.5 32 c26 7 -1
0 0 27 28.6 44.5 32 c26 7 -1
0 0 27 28.5 44.0 32 c26 7 -1
0 0 28 28.6 44.5 32 c26 7 -1
0 0 4 28.4 44.5 32 c26 7 -1
0 0 18 28.5 44.5 32 c26 7 -1
0 0 21 28.5 44.5 32 c26 7 -1
0 0 32 28.4 44.5 32 c26 7 -1
0 0 27 28.4 44.5 32 c26 7 -1
0 0 25 28.4 44.0 32 c26 7 -1
0 0 18 28.3 44.0 32 c26 7 -1
0 0 15 28.3 44.5 32 c26 7 -1
0 0 14 28.3 44.5 30 c26 7 -1
0 0 13 28.3 44.5 32 c26 7 -1
0 0 2 28.1 45.0 32 c26 7 -1
0 0 4 28.2 45.0 32 c26 7 -1
0 0 31 28.2 45.0 30 c26 7 -1
0 0 24 28.1 45.0 30 c26 7 -1
0 0 27 28.1 45.0 30 c26 7 -1
0 0 38 28.1 45.0 30 c26 7 -1
0 0 15 28.1 44.5 30 c26 7 -1
0 0 22 28.0 45.0 30 c26 7 -1
0 0 23 28.1 44.5 32 c26 7 -1
0 0 17 28.0 45.0 32 c26 7 -1
0 0 17 28.0 45.0 32 c26 7 -1
0 0 21 28.0 45.0 32 c26 7 -1
0 0 23 28.0 45.0 32 c26 7 -1
0 0 28 28.0 45.0 32 c26 7 -1
0 1 38 27.9 45.0 32 c26 7 -1
0 1 52 27.9 45.0 32 c26 7 -1
0 1 45 27.8 45.0 32 c26 7 -1
0 1 35 27.8 45.0 32 c26 7 -1
0 1 14 27.9 45.0 32 c26 7 -1
0 1 19 27.8 45.0 32 c26 7 -1
0 1 11 27.8 45.0 32 c26 7 -1
0 1 24 27.8 45.0 32 c26 7 -1
0 1 7 27.8 45.0 32 c26 7 -1
0 1 10 27.8 45.0 32 c26 7 -1
0 1 13 27.7 45.5 32 c26 7 -1
0 1 5 27.8 45.5 32 c26 7 -1
0 1 18 27.8 45.5 30 c26 7 -1
0 1 4 27.8 46.0 30 c26 7 -1
0 1 22 27.8 46.0 32 c26 7 -1
0 1 26 27.8 46.0 32 c26 7 -1
0 1 15 27.8 46.0 32 c26 7 -1
0 1 34 27.8 46.0 32 c26 7 -1
0 1 40 27.7 46.0 32 c26 7 -1
0 1 11 27.8 46.0 32 c26 7 -1
0 1 27 27.8 46.0 32 c26 7 -1
0 1 29 27.8 46.0 32 c26 7 -1
0 1 15 27.8 46.5 32 c26 7 -1
0 1 11 27.7 46.5 32 c26 7 -1
0 1 13 27.8 46.5 32 c26 7 -1
0 1 26 27.7 46.5 32 c26 7 -1
0 1 29 27.6 46.5 32 c26 7 -1
0 1 13 27.7 47.0 32 c26 7 -1
0 1 14 27.7 47.0 32 c26 7 -1
0 1 29 27.7 47.0 32 c26 7 -1
0 1 20 27.7 47.0 32 c26 7 -1
0 1 5 27.7 47.0 32 c26 7 -1
0 1 27 27.7 47.0 32 c26 7 -1
0 1 21 27.6 46.5 32 c26 7 -1
0 1 27 27.6 47.0 30 c26 7 -1
0 1 40 27.6 47.0 32 c26 7 -1
0 1 25 27.6 47.0 32 c26 7 -1
0 1 12 27.6 47.0 32 c26 7 -1
0 1 12 27.7 47.0 32 c26 7 -1
0 1 17 27.6 46.5 32 c26 7 -1
0 1 21 27.5 47.0 32 c26 7 -1
0 1 0 27.6 47.0 32 c26 7 -1
0 1 1 27.6 47.0 32 c26 7 -1
0 1 2 27.5 47.0 32 c26 7 -1
1 1 11 27.5 47.5 30 c26 7 -1
0 1 28 27.5 47.5 32 c26 7 -1
0 1 25 27.5 47.5 32 c26 7 -1
0 1 15 27.6 47.5 30 c26 7 -1
0 1 28 27.5 47.5 30 c26 7 -1
0 1 1 27.6 47.5 32 c26 7 -1
0 1 20 27.6 47.5 32 c26 7 -1
0 1 25 27.6 47.5 32 c26 7 -1
0 1 26 27.5 47.5 32 c26 7 -1
0 1 37 27.5 47.5 32 c26 7 -1
0 1 31 27.4 47.0 32 c26 7 -1
0 1 19 27.5 47.0 32 c26 7 -1
0 1 0 27.5 47.0 32 c26 7 -1
0 1 0 27.4 47.0 32 c26 7 -1
0 1 7 27.5 47.0 32 c26 7 -1
0 1 2 27.4 47.0 32 c26 7 -1
0 1 0 27.4 47.0 32 c26 7 -1
0 1 0 27.5 47.5 32 c26 7 -1
0 1 2 27.4 47.5 32 c26 7 -1
0 1 2 27.4 47.5 32 c26 7 -1
0 1 5 27.4 47.5 32 c26 7 -1
0 1 5 27.3 47.5 32 c26 7 -1
0 1 30 27.4 47.5 30 c26 7 -1
0 1 36 27.4 47.5 32 c26 7 -1
0 1 38 27.3 47.5 32 c26 7 -1
0 1 21 27.4 47.5 32 c26 7 -1
0 1 1 27.3 47.5 32 c26 7 -1
0 1 6 27.4 47.5 32 c26 7 -1
0 1 5 27.3 47.5 34 c26 7 -1
0 1 3 27.3 47.5 32 c26 7 -1
0 1 0 27.3 47.5 32 c26 7 -1
0 1 10 27.3 47.5 32 c26 7 -1
0 1 7 27.3 47.5 30 c26 7 -1
0 1 19 27.3 47.5 32 c26 7 -1
0 1 26 27.3 48.0 30 c26 7 -1
0 1 21 27.3 47.5 32 c26 7 -1
0 1 11 27.2 47.5 32 c26 7 -1
0 1 3 27.2 47.5 34 c26 7 -1
0 1 23 27.3 47.5 32 c26 7 -1
0 1 39 27.3 47.5 32 c26 7 -1
0 1 17 27.2 48.0 32 c26 7 -1
0 1 14 27.3 47.5 32 c26 7 -1
0 1 12 27.3 48.0 32 c26 7 -1
0 1 30 27.3 48.0 32 c26 7 -1
0 1 27 27.2 48.0 32 c26 7 -1
0 1 27 27.2 48.0 32 c26 7 -1
0 1 36 27.3 48.0 30 c26 7 -1
0 1 13 27.2 48.0 32 c26 7 -1
0 1 4 27.3 48.0 32 c26 7 -1
0 1 4 27.3 48.0 32 c26 7 -1
0 1 11 27.3 48.0 32 c26 7 -1
0 1 10 27.3 48.0 32 c26 7 -1
0 1 0 27.3 48.0 32 c26 7 -1
0 1 6 27.3 48.0 32 c26 7 -1
0 1 18 27.2 48.0 32 c26 7 -1
0 1 7 27.2 48.0 32 c26 7 -1
0 1 1 27.2 48.0 32 c26 7 -1
0 1 6 27.2 48.0 34 c26 7 -1
0 1 6 27.2 48.0 32 c26 7 -1
0 1 7 27.2 48.0 32 c26 7 -1
0 1 10 27.3 47.5 32 c26 7 -1
0 1 16 27.2 47.5 32 c26 7 -1
0 1 27 27.2 47.5 32 c26 7 -1
0 1 22 27.2 47.5 32 c26 7 -1
0 1 17 27.1 47.5 32 c26 7 -1
0 1 25 27.2 47.5 32 c26 7 -1
0 1 16 27.1 47.5 32 c26 7 -1
0 1 10 27.2 47.5 32 c26 7 -1
0 1 27 27.2 47.5 32 c26 7 -1
0 1 15 27.2 48.0 32 c26 7 -1
0 1 5 27.1 48.0 32 c26 7 -1
0 1 15 27.1 47.5 32 c26 7 -1
0 1 9 27.1 47.5 32 c26 7 -1
0 1 5 27.1 47.5 32 c26 7 -1
0 1 26 27.1 47.5 30 c26 7 -1
0 1 15 27.0 47.5 32 c26 7 -1
0 1 14 27.1 47.5 32 c26 7 -1
0 1 1 27.1 47.5 32 c26 7 -1
0 1 6 27.1 47.5 32 c26 7 -1
0 1 1 27.1 48.0 32 c26 7 -1
0 1 10 27.1 47.5 32 c26 7 -1
0 1 2 27.0 47.5 32 c26 7 -1
0 1 12 27.0 47.5 32 c26 7 -1
0 1 0 27.1 47.5 32 c26 7 -1
0 1 2 27.1 47.5 32 c26 7 -1
0 1 10 27.1 48.0 32 c26 7 -1
0 1 0 27.0 47.5 32 c26 7 -1
0 1 10 27.0 47.5 32 c26 7 -1
0 1 6 27.1 47.5 32 c26 7 -1
0 1 1 27.0 48.0 32 c26 7 -1
0 1 0 27.1 48.0 32 c26 7 -1
0 1 4 27.0 48.0 32 c26 7 -1
0 1 8 27.0 48.0 32 c26 7 -1
0 1 0 27.1 48.0 32 c26 7 -1
0 1 0 27.0 48.0 32 c26 7 -1
0 1 0 27.0 47.5 32 c26 7 -1
0 1 0 27.0 47.5 32 c26 7 -1
0 1 0 27.1 47.5 32 c26 7 -1
0 1 0 27.0 47.5 32 c26 7 -1
0 1 6 27.0 47.5 32 c26 7 -1
0 1 11 27.0 47.5 32 c26 7 -1
0 1 10 26.9 47.5 32 c26 7 -1
0 1 6 26.9 47.5 32 c26 7 -1
0 1 2 27.0 47.5 32 c26 7 -1
0 1 9 27.0 47.5 32 c26 7 -1
0 1 0 27.0 47.5 32 c26 7 -1
0 1 2 27.0 47.5 32 c26 7 -1
0 1 2 27.0 47.5 32 c26 7 -1
0 1 2 27.0 47.0 32 c26 7 -1
0 1 0 26.9 47.5 32 c26 7 -1
0 1 0 26.9 47.0 32 c26 7 -1
0 1 0 26.9 47.5 32 c26 7 -1
0 1 9 26.9 47.0 32 c26 7 -1
0 1 5 26.9 47.0 32 c26 7 -1
0 1 4 26.9 47.5 32 c26 7 -1
0 1 9 26.9 47.0 32 c26 7 -1
0 1 12 26.8 47.0 32 c26 7 -1
0 1 22 26.9 47.5 32 c26 7 -1
0 1 16 26.9 47.5 32 c26 7 -1
0 1 0 26.8 47.5 34 c26 7 -1
0 1 1 26.9 47.5 32 c26 7 -1
0 1 0 26.9 47.0 32 c26 7 -1
0 1 0 26.8 47.5 34 c26 7 -1
0 1 0 26.8 47.0 32 c26 7 -1
0 1 1 26.9 47.5 32 c26 7 -1
0 1 4 26.8 47.5 32 c26 7 -1
0 1 12 26.8 47.5 32 c26 7 -1
0 1 3 26.9 47.5 30 c26 7 -1
0 1 0 26.8 47.5 32 c26 7 -1
0 1 3 26.8 47.0 32 c26 7 -1
0 1 5 26.8 47.0 32 c26 7 -1
0 1 4 26.8 47.0 32 c26 7 -1
0 1 7 26.8 47.0 32 c26 7 -1
0 1 0 26.8 48.0 32 c26 7 -1
0 1 0 26.9 48.5 32 c26 7 -1
0 1 5 26.9 49.0 32 c26 7 -1
0 1 7 26.9 49.5 32 c26 7 -1
0 1 10 27.0 50.0 32 c26 7 -1
0 1 25 27.1 50.5 32 c26 7 -1
0 1 12 27.1 50.5 32 c26 7 -1
0 1 20 27.0 50.5 32 c26 7 -1
0 1 42 27.1 50.5 32 c26 7 -1
0 1 40 27.0 50.5 32 c26 7 -1
0 1 46 27.0 50.0 32 c26 7 -1
0 1 23 27.0 50.0 32 c26 7 -1
0 1 27 27.1 49.5 32 c26 7 -1
0 1 32 27.0 50.0 32 c26 7 -1
0 1 35 27.0 50.0 32 c26 7 -1
0 1 36 27.0 50.0 32 c26 7 -1
0 1 37 27.0 50.0 32 c26 7 -1
0 1 31 27.1 50.0 32 c26 7 -1
0 1 28 27.1 50.0 34 c26 7 -1
0 1 39 27.1 50.0 32 c26 7 -1
0 1 33 27.1 50.0 32 c26 7 -1
0 1 19 27.0 49.5 34 c26 7 -1
0 1 12 27.0 49.5 32 c26 7 -1
0 1 14 27.0 49.5 34 c26 7 -1
0 1 30 26.9 49.0 34 c26 7 -1
0 1 27 26.9 49.0 34 c26 7 -1
0 1 31 27.0 49.0 34 c26 7 -1
0 1 25 26.9 49.0 34 c26 7 -1
0 1 25 26.9 48.5 34 c26 7 -1
0 1 32 26.9 48.5 34 c26 7 -1
0 1 31 26.9 48.0 34 c26 7 -1
0 1 27 26.8 48.0 34 c26 7 -1
0 1 25 26.8 48.0 34 c26 7 -1
0 1 21 26.8 48.0 34 c26 7 -1
0 1 36 26.7 48.0 34 c26 7 -1
0 1 25 26.8 48.0 32 c26 7 -1
0 1 8 26.7 48.0 32 c26 7 -1
0 1 34 26.8 48.0 32 c26 7 -1
0 1 30 26.7 48.0 32 c26 7 -1
0 1 28 26.7 48.0 30 c26 7 -1
0 1 19 26.8 48.0 30 c26 7 -1
0 1 24 26.7 48.0 30 c26 7 -1
0 1 39 26.7 48.0 30 c26 7 -1
0 1 36 26.7 48.0 30 c26 7 -1
0 1 28 26.7 48.0 30 c26 7 -1
0 1 23 26.7 48.5 30 c26 7 -1
0 1 23 26.7 48.5 28 c26 7 -1
0 1 37 26.7 48.5 32 c26 7 -1
0 1 37 26.7 48.5 30 c26 7 -1
0 1 20 26.7 48.5 32 c26 7 -1
0 1 29 26.7 48.5 32 c26 7 -1
0 1 20 26.7 48.5 34 c26 7 -1
0 1 26 26.7 48.5 32 c26 7 -1
0 1 26 26.8 49.0 34 c26 7 -1
0 1 29 26.8 49.0 34 c26 7 -1
0 1 18 26.8 49.0 34 c26 7 -1
0 1 24 26.7 49.0 32 c26 7 -1
0 1 27 26.8 49.0 32 c26 7 -1
0 1 30 26.8 49.5 32 c26 7 -1
0 1 24 26.8 49.5 34 c26 7 -1
0 1 18 26.9 50.0 34 c26 7 -1
0 1 15 26.9 50.0 34 c26 7 -1
0 1 19 26.9 50.0 34 c26 7 -1
0 1 31 26.9 50.5 34 c26 7 -1
0 1 26 26.9 50.5 32 c26 7 -1
0 1 36 27.0 50.5 34 c26 7 -1
0 1 32 27.0 51.0 34 c26 7 -1
0 1 26 27.0 51.0 34 c26 7 -1
0 1 21 27.0 51.0 34 c26 7 -1
0 1 24 27.0 51.0 34 c26 7 -1
0 1 33 27.0 51.0 34 c26 7 -1
0 1 36 27.0 51.0 34 c26 7 -1
0 1 29 27.0 51.5 34 c26 7 -1
0 1 24 27.0 51.5 34 c26 7 -1
0 1 38 27.1 51.5 34 c26 7 -1
0 1 28 27.1 51.5 34 c26 7 -1
0 1 28 27.0 51.5 34 c26 7 -1
0 1 37 27.0 52.0 34 c26 7 -1
0 1 7 27.1 52.0 34 c26 7 -1
0 1 30 27.1 52.0 34 c26 7 -1
0 1 15 27.1 52.0 36 c26 7 -1
0 1 25 27.1 51.5 34 c26 7 -1
0 1 28 27.1 51.5 34 c26 7 -1
0 1 36 27.1 52.0 36 c26 7 -1
0 1 40 27.1 51.5 32 c26 7 -1
0 1 28 27.1 51.5 34 c26 7 -1
0 1 34 27.1 51.5 32 c26 7 -1
0 1 34 27.0 51.5 34 c26 7 -1
0 1 36 27.1 51.5 32 c26 7 -1
0 1 28 27.1 51.5 36 c26 7 -1
0 1 35 27.1 51.5 34 c26 7 -1
0 1 47 27.1 51.5 36 c26 7 37
0 1 40 27.0 51.5 34 c26 7 37
0 1 35 27.1 51.5 36 c26 7 37
0 1 34 27.0 51.5 36 c26 7 37
0 1 34 27.1 51.0 34 c26 7 37
0 1 48 27.1 51.0 34 c26 7 37
0 1 29 27.0 51.0 34 c26 7 37
0 1 29 27.0 51.0 32 c26 7 37
0 1 37 27.0 50.5 32 c26 7 37
0 1 43 27.0 51.0 34 c26 7 37
0 1 40 26.9 51.0 36 c26 7 37
0 1 16 27.0 51.0 36 c26 7 37
0 1 27 27.0 51.0 32 c26 7 37
0 1 23 27.0 51.0 36 c26 7 37
0 1 29 27.0 51.5 36 c26 7 37
0 1 37 27.0 51.5 36 c26 7 37
0 1 29 27.0 51.5 36 c26 7 37
0 1 30 27.0 51.5 32 c26 7 37
0 1 19 27.0 51.5 34 c26 7 37
0 1 10 27.0 51.5 36 c26 7 37
0 1 23 27.0 51.5 34 c26 7 37
0 1 26 27.0 51.5 34 c26 7 37
0 1 25 27.0 51.0 34 c26 7 37
0 1 19 27.0 51.5 34 c26 7 37
0 1 22 27.0 51.5 34 c26 7 37
0 1 25 27.0 51.5 34 c26 7 37
0 1 31 27.0 51.5 36 c26 7 37
0 1 12 27.0 51.5 32 c26 7 37
0 1 27 27.0 51.5 34 c26 7 37
0 1 29 27.0 51.5 36 c26 7 37
0 1 17 27.0 51.5 38 c26 7 37
0 1 17 27.0 51.5 34 c26 7 37
0 1 19 26.9 51.5 36 c26 7 37
0 1 19 27.0 51.5 34 c26 7 37
0 1 15 27.0 52.0 36 c26 7 37
0 1 18 27.0 52.0 36 c26 7 37
0 1 28 27.0 52.0 32 c26 7 37
0 1 12 27.0 52.0 36 c26 7 37
0 1 18 27.0 52.0 32 c26 7 37
0 1 25 27.0 52.0 34 c26 7 37
0 1 14 27.0 52.0 32 c26 7 37
0 1 23 27.0 52.0 34 c26 7 37
0 1 32 27.0 52.5 34 c26 7 37
0 1 21 27.0 52.5 34 c26 7 37
0 1 18 27.0 52.5 36 c26 7 37
0 1 32 27.1 52.5 36 c26 7 37
0 1 15 27.1 52.5 34 c26 7 37
0 1 17 27.0 52.5 34 c26 7 37
0 1 13 27.0 52.5 34 c26 7 37
0 1 18 27.0 52.0 34 c26 7 37
0 1 36 27.0 52.0 36 c26 7 37
0 1 6 27.0 52.0 34 c26 7 37
0 1 18 27.0 52.0 34 c26 7 37
0 1 36 27.0 52.0 32 c26 7 37
0 1 26 27.0 51.5 32 c26 7 37
0 1 21 27.0 51.5 32 c26 7 37
0 1 12 27.0 51.5 34 c26 7 37
0 1 24 27.0 51.5 34 c26 7 37
0 1 32 27.0 52.0 36 c26 7 37
0 1 16 27.0 51.5 34 c26 7 37
0 1 27 26.9 51.5 34 c26 7 37
0 1 12 27.0 51.5 32 c26 7 37
0 1 18 27.0 51.5 34 c26 7 37
0 1 36 26.9 51.5 34 c26 7 37
0 1 25 26.9 51.0 32 c26 7 37
0 1 33 26.9 51.5 34 c26 7 37
0 1 46 26.8 51.5 32 c26 7 37
0 1 44 26.9 51.0 34 c26 7 37
0 1 35 26.8 51.0 32 c26 7 37
0 1 27 26.9 51.0 32 c26 7 37
0 1 44 26.8 51.0 32 c26 7 37
0 1 54 26.8 51.0 32 c26 7 37
0 1 46 26.9 51.0 32 c26 7 37
0 1 28 26.9 51.0 34 c26 7 37
1 1 19 26.8 51.0 34 c26 7 37
0 1 1 26.9 51.0 36 c26 7 37
0 1 0 26.8 51.0 36 c26 7 37
0 1 0 26.8 51.0 36 c26 7 37
0 1 0 26.8 51.0 34 c26 7 37
0 1 0 26.8 51.0 34 c26 7 37
0 1 1 26.7 51.0 34 c26 7 37
0 1 0 26.7 51.0 34 c26 7 37
0 1 0 26.7 51.0 32 c26 7 37
0 1 0 26.7 51.0 32 c26 7 37
0 1 0 26.7 51.0 32 c26 7 37
0 1 0 26.6 50.5 32 c26 7 37
0 1 0 26.6 50.5 32 c26 7 37
0 1 0 26.6 50.5 32 c26 7 37
0 1 3 26.6 50.5 36 c26 7 37
0 1 0 26.5 50.5 34 c26 7 37
0 1 1 26.5 50.5 36 c26 7 37
0 1 3 26.6 50.5 34 c26 7 37
0 1 2 26.5 50.5 34 c26 7 37
0 1 0 26.5 50.5 36 c26 7 37
0 1 0 26.5 50.5 34 c26 7 37
0 1 0 26.5 50.5 32 c26 7 37
0 1 0 26.4 50.5 32 c26 7 37
0 1 0 26.4 50.5 32 c26 7 37
0 1 0 26.5 50.5 32 c26 7 37
0 1 0 26.5 50.0 32 c26 7 37
0 1 0 26.4 50.0 32 c26 7 37
0 1 2 26.4 50.0 32 c26 7 37
0 1 0 26.3 50.0 32 c26 7 37
0 1 3 26.4 50.0 32 c26 7 37
0 1 4 26.3 50.0 32 c26 7 37
0 1 4 26.3 50.0 32 c26 7 37
0 1 2 26.3 50.0 32 c26 7 37
0 1 0 26.3 50.0 32 c26 7 37
0 1 2 26.4 50.0 32 c26 7 37
0 1 0 26.3 50.0 32 c26 7 37
0 1 2 26.3 50.0 32 c26 7 37
0 1 1 26.2 50.0 34 c26 7 37
0 1 1 26.2 50.0 36 c26 7 37
0 1 0 26.3 50.0 34 c26 7 37
0 1 0 26.2 50.0 34 c26 7 37
0 1 0 26.2 50.0 34 c26 7 37
0 1 4 26.1 50.0 34 c26 7 37
0 1 6 26.1 50.0 32 c26 7 37
0 1 5 26.1 50.0 32 c26 7 37
0 1 1 26.1 50.0 32 c26 7 37
0 1 3 26.1 50.0 32 c26 7 37
0 1 1 26.1 50.0 32 c26 7 37
0 1 13 26.1 50.0 32 c26 7 37
0 1 10 26.1 50.0 30 c26 7 37
0 1 5 26.0 50.0 32 c26 7 37
0 1 10 26.0 50.0 32 c26 7 37
0 1 15 26.0 49.5 32 c26 7 37
0 1 21 26.0 50.0 30 c26 7 37
0 1 0 26.0 49.5 32 c26 7 2
0 1 0 26.0 49.5 32 c26 7 2
0 1 0 26.0 49.5 34 c26 7 7
0 1 0 26.0 49.5 34 c26 7 7
0 1 0 25.9 49.5 34 c26 7 9
0 1 0 25.9 49.5 34 c26 7 9
0 1 0 25.9 49.5 32 c26 7 9
0 1 5 25.9 49.5 32 c26 7 9
0 1 0 25.8 49.5 34 c26 7 9
0 1 4 25.8 49.5 30 c26 7 9
0 1 5 25.8 49.5 32 c26 7 9
0 1 4 25.8 49.5 32 c26 7 9
0 1 10 25.8 49.5 30 c26 7 9
0 1 7 25.8 49.5 32 c26 7 9
0 1 2 25.7 49.5 32 c26 7 9
0 1 0 25.7 49.5 32 c26 7 9
0 1 0 25.7 49.0 32 c26 7 9
0 1 4 25.8 49.0 30 c26 7 9
0 1 1 25.7 49.0 30 c26 7 9
0 1 2 25.7 49.0 30 c26 7 9
0 1 0 25.6 49.0 30 c26 7 9
0 1 0 25.6 49.0 30 c26 7 9
0 1 0 25.6 49.0 30 c26 7 9
0 1 2 25.6 49.0 30 c26 7 9
0 1 0 25.6 49.0 30 c26 7 9
0 1 0 25.5 49.0 30 c26 7 9
0 1 0 25.6 49.0 30 c26 7 9
0 1 0 25.5 49.0 30 c26 7 9
0 1 0 25.5 48.5 30 c26 7 9
0 1 0 25.5 48.5 30 c26 7 9
0 1 0 25.4 48.5 30 c26 7 9
0 1 0 25.4 48.5 30 c26 7 9
0 1 0 25.4 48.0 30 c26 7 9
0 1 0 25.4 48.5 30 c26 7 9
0 1 0 25.3 48.5 33 c26 7 9
0 1 3 25.4 48.5 33 c26 7 9
0 1 0 25.4 48.5 30 c26 7 9
0 1 0 25.3 48.0 33 c26 7 9
0 1 1 25.3 48.5 30 c26 7 9
0 1 0 25.3 48.5 31 c26 7 9
0 1 0 25.2 48.5 31 c26 7 9
0 1 0 25.3 48.5 31 c26 7 9
0 1 3 25.3 48.5 33 c26 7 9
0 1 6 25.3 48.5 31 c26 7 9
0 1 3 25.2 48.5 33 c26 7 9
0 1 0 25.3 48.5 33 c26 7 9
0 1 0 25.2 48.5 33 c26 7 9
0 1 8 25.2 48.0 31 c26 7 9
0 1 3 25.2 48.0 33 c26 7 9
0 1 0 25.1 48.0 33 c26 7 9
0 1 0 25.1 48.0 33 c26 7 9
0 1 0 25.1 47.5 31 c26 7 9
0 1 0 25.1 47.5 31 c26 7 9
0 1 0 25.1 47.5 31 c26 7 9
0 1 0 25.1 47.5 31 c26 7 9
0 1 14 25.0 47.5 31 c26 7 9
0 1 23 25.0 47.5 31 c26 7 9
0 1 0 25.1 47.5 31 c26 7 9
0 1 1 25.0 47.5 31 c26 7 9
0 1 0 25.0 47.5 31 c26 7 9
0 1 0 24.9 47.5 31 c26 7 9
0 1 1 25.0 47.5 31 c26 7 9
0 1 0 25.0 47.5 31 c26 7 9
0 1 0 25.0 47.5 31 c26 7 9
0 1 0 25.0 47.5 31 c26 7 9
0 1 0 24.8 47.5 31 c26 7 9
0 1 0 24.9 47.5 31 c26 7 9
0 1 0 24.8 47.0 31 c26 7 9
0 1 0 24.9 47.0 31 c26 7 9
0 1 0 24.9 47.0 31 c26 7 9
0 1 0 24.8 47.0 31 c26 7 9
0 1 0 24.8 47.0 31 c26 7 9
0 1 0 24.8 47.0 31 c26 7 9
0 1 0 24.8 47.0 31 c26 7 9
0 1 4 24.8 47.0 31 c26 7 9
0 1 1 24.8 47.0 31 c26 7 9
0 1 0 24.8 47.0 31 c26 7 9
0 1 0 24.7 47.0 31 c26 7 9
0 1 0 24.7 47.0 31 c26 7 9
0 1 0 24.7 47.0 31 c26 7 9
0 1 0 24.7 47.0 31 c26 7 9
0 1 9 24.6 47.0 31 c26 7 9
0 1 31 24.7 47.0 29 c26 7 9
0 1 16 24.7 47.0 31 c26 7 9
0 1 0 24.7 47.0 31 c26 7 9
0 1 0 24.7 47.0 31 c26 7 9
0 1 0 24.7 47.0 31 c26 7 9
0 1 0 24.7 47.0 31 c26 7 9
0 1 12 24.6 47.0 31 c26 7 9
0 1 5 24.5 47.0 31 c26 7 9
0 1 2 24.6 47.0 31 c26 7 9
0 1 5 24.6 47.0 31 c26 7 9
0 1 0 24.6 47.0 31 c26 7 9
0 1 2 24.6 47.0 31 c26 7 9
0 1 0 24.6 47.0 31 c26 7 9
0 1 3 24.5 47.0 31 c26 7 9
0 1 2 24.5 47.0 31 c26 7 9
0 1 0 24.6 47.0 31 c26 7 9
0 1 0 24.6 47.0 31 c26 7 9
0 1 2 24.6 47.0 31 c26 7 9
0 1 2 24.5 47.0 31 c26 7 9
0 1 2 24.5 47.0 31 c26 7 9
0 1 1 24.5 47.0 31 c26 7 9
0 1 0 24.5 47.0 31 c26 7 9
0 1 11 24.6 47.0 31 c26 7 9
0 1 1 24.5 47.0 31 c26 7 9
0 1 4 24.5 47.0 31 c26 7 9
0 1 0 24.4 47.0 31 c26 7 9
0 1 0 24.4 47.0 31 c26 7 9
0 1 5 24.5 47.0 31 c26 7 9
0 1 8 24.4 47.0 31 c26 7 9
0 1 5 24.4 47.0 31 c26 7 9
0 1 0 24.4 47.0 31 c26 7 9
0 1 0 24.4 47.0 31 c26 7 9
0 1 0 24.4 47.0 31 c26 7 9
0 1 7 24.4 47.0 31 c26 7 9
0 1 3 24.4 47.0 31 c26 7 9
0 1 1 24.4 47.0 31 c26 7 9
0 1 0 24.4 47.0 31 c26 7 9
0 1 4 24.4 47.0 31 c26 7 9
0 1 0 24.4 47.0 31 c26 7 9
0 1 22 24.3 47.0 31 c26 7 9
0 1 9 24.4 47.0 31 c26 7 9
0 1 31 24.4 47.0 29 c26 7 9
0 1 55 24.4 47.5 27 c26 7 9
0 1 54 24.4 47.5 29 c26 7 9
0 1 48 24.4 47.5 29 c26 7 9
0 1 38 24.5 47.5 29 c26 7 9
0 1 33 24.5 47.5 29 c26 7 9
0 1 40 24.6 47.5 29 c26 7 9
0 1 49 24.5 47.5 27 c26 7 9
0 1 48 24.5 47.5 25 c26 7 9
0 1 54 24.6 48.0 27 c26 7 9
0 1 31 24.6 48.0 29 c26 7 9
0 1 40 24.5 48.0 29 c26 7 9
0 1 49 24.7 48.0 31 c26 7 9
0 1 41 24.6 48.0 29 c26 7 9
0 1 49 24.6 47.5 29 c26 7 9
0 1 39 24.6 47.5 29 c26 7 9
0 1 33 24.6 48.0 29 c26 7 9
0 1 41 24.6 48.5 29 c26 7 9
0 1 32 24.7 48.5 29 c26 7 9
0 1 36 24.7 48.5 31 c26 7 9
0 1 31 24.7 49.0 29 c26 7 9
0 1 25 24.7 49.0 29 c26 7 9
0 1 46 24.7 48.5 29 c26 7 9
0 1 28 24.7 48.5 29 c26 7 9
0 1 38 24.7 48.0 31 c26 7 9
0 1 24 24.8 48.0 31 c26 7 9
0 1 27 24.7 48.0 31 c26 7 9
0 1 33 24.8 47.5 29 c26 7 9
0 1 32 24.7 47.5 31 c26 7 9
0 1 36 24.7 47.5 29 c26 7 9
0 1 31 24.7 47.5 31 c26 7 9
0 1 43 24.8 47.5 29 c26 7 9
0 1 41 24.7 47.5 31 c26 7 9
0 1 41 24.7 47.5 29 c26 7 9
0 1 41 24.7 48.0 31 c26 7 9
0 1 27 24.8 48.0 31 c26 7 9
0 1 51 24.8 48.0 29 c26 7 9
0 1 29 24.8 48.0 31 c26 7 9
0 1 40 24.8 48.0 31 c26 7 9
0 1 43 25.0 48.0 29 c26 7 9
0 1 45 25.0 48.0 29 c26 7 9
0 1 35 24.9 48.0 29 c26 7 9
0 1 40 25.0 48.5 31 c26 7 9
0 1 41 25.0 48.0 31 c26 7 9
0 1 51 24.9 48.0 29 c26 7 9
0 1 40 25.0 48.0 31 c26 7 9
0 1 34 25.0 48.0 31 c26 7 9
0 1 25 25.1 48.0 31 c26 7 9
0 1 43 25.1 48.0 29 c26 7 9
0 1 50 25.0 48.0 29 c26 7 9
0 1 43 25.0 48.0 29 c26 7 9
0 1 37 25.0 48.0 29 c26 7 9
0 1 34 25.1 48.0 31 c26 7 9
0 1 32 25.1 48.0 29 c26 7 9
0 1 44 25.0 48.0 31 c26 7 9
0 1 18 25.2 48.0 29 c26 7 9
0 1 26 25.2 48.0 29 c26 7 9
0 1 32 25.2 48.0 29 c26 7 9
0 1 24 25.2 48.0 29 c26 7 9
0 1 32 25.1 48.0 29 c26 7 9
0 1 35 25.2 48.0 31 c26 7 9
0 1 24 25.2 48.0 29 c26 7 9
0 1 36 25.2 48.0 31 c26 7 9
0 1 28 25.2 48.0 31 c26 7 9
0 1 41 25.2 47.5 31 c26 7 9
0 1 29 25.2 47.5 31 c26 7 9
0 1 23 25.2 47.5 31 c26 7 9
0 1 22 25.2 47.5 31 c26 7 9
0 1 28 25.2 47.5 31 c26 7 9
0 1 16 25.3 47.5 31 c26 7 9
0 1 41 25.3 47.5 31 c26 7 9
0 1 31 25.3 47.5 31 c26 7 9
0 1 15 25.2 47.5 31 c26 7 9
0 1 26 25.2 47.5 29 c26 7 9
0 1 26 25.2 47.5 31 c26 7 9
0 1 18 25.2 47.5 29 c26 7 9
0 1 22 25.3 47.5 31 c26 7 9
0 1 32 25.3 47.5 29 c26 7 9
0 1 38 25.2 47.5 29 c26 7 9
0 1 27 25.3 47.5 29 c26 7 9
0 1 37 25.3 47.5 29 c26 7 9
0 1 32 25.4 47.5 29 c26 7 9
0 1 33 25.4 47.5 29 c26 7 9
0 1 28 25.3 47.5 31 c26 7 9
0 1 36 25.3 47.5 29 c26 7 9
0 1 33 25.3 47.5 29 c26 7 9
0 1 30 25.4 47.5 29 c26 7 9
0 1 30 25.4 47.5 31 c26 7 9
0 1 38 25.4 47.5 31 c26 7 9
0 1 43 25.4 47.5 31 c26 7 9
0 1 29 25.4 47.5 31 c26 7 9
0 1 49 25.4 47.5 31 c26 7 9
0 1 61 25.4 47.5 27 c26 7 9
0 1 51 25.4 47.5 29 c26 7 9
0 1 52 25.4 47.5 31 c26 7 9
0 1 46 25.4 47.5 31 -1 7 9
0 1 44 25.4 47.5 31 -1 7 9
0 1 36 25.5 47.5 31 -1 7 9
0 1 45 25.5 47.5 31 -1 7 9
0 1 35 25.6 47.5 31 -1 7 9
0 1 50 25.7 48.0 31 -1 7 9
0 1 27 25.8 48.0 29 -1 7 9
0 1 41 25.9 48.5 29 -1 7 9
0 1 44 26.1 48.5 29 -1 7 9
0 1 22 26.1 48.5 31 -1 7 9
0 1 35 26.3 48.5 31 -1 7 9
0 1 33 26.3 49.0 31 -1 7 9
0 1 37 26.4 49.0 31 -1 7 9
0 1 23 26.6 49.5 31 -1 7 9
0 1 35 26.6 49.5 31 -1 7 9
0 1 33 26.7 50.0 31 -1 7 9
0 1 17 26.8 50.0 31 -1 7 9
0 1 32 26.8 50.0 31 -1 7 9
0 1 37 26.9 50.5 31 -1 7 9
0 1 37 27.0 51.0 31 -1 7 9
0 1 40 27.1 51.5 31 -1 7 9
0 1 44 27.2 51.5 31 -1 7 9
0 1 39 27.2 51.5 29 -1 7 9
0 1 43 27.3 52.0 31 -1 7 9
0 1 41 27.4 52.0 31 -1 7 9
0 1 35 27.4 52.0 31 -1 7 9
0 1 38 27.5 52.0 29 -1 7 9
0 1 47 27.6 52.0 29 -1 7 9
0 1 44 27.7 52.5 31 -1 7 9
0 1 31 27.7 52.5 29 -1 7 9
0 1 40 27.7 53.0 31 -1 7 9
0 1 46 27.8 53.0 31 -1 7 9
0 1 39 27.9 53.0 29 -1 7 9
0 1 37 27.9 53.0 31 -1 7 9
0 1 28 27.9 53.5 31 -1 7 9
0 1 42 28.0 53.5 31 -1 7 9
0 1 44 28.1 53.5 31 -1 7 9
0 1 43 28.1 53.5 31 -1 7 9
0 1 48 28.2 54.0 31 -1 7 9
0 1 39 28.1 54.0 31 -1 7 9
0 1 34 28.3 54.0 31 -1 7 9
0 1 41 28.3 54.0 31 -1 7 9
0 1 48 28.4 54.5 31 -1 7 9
0 1 37 28.4 54.5 31 -1 7 9
0 1 43 28.4 54.5 31 -1 7 9
0 1 36 28.5 54.5 31 -1 7 9
0 1 39 28.5 54.5 31 -1 7 9
0 1 33 28.6 55.0 31 -1 7 9
0 1 47 28.6 55.0 31 -1 7 9
0 1 47 28.7 55.0 31 -1 7 9
0 1 34 28.7 55.0 31 -1 7 9
0 1 42 28.7 55.0 29 -1 7 9
0 1 42 28.8 55.0 29 -1 7 9
0 1 44 28.9 55.5 31 -1 7 9
0 1 45 28.9 55.5 31 -1 7 9
0 1 47 29.0 55.5 31 -1 7 9
0 1 39 29.0 55.5 31 c26 7 9
0 1 40 29.0 55.5 31 c26 7 9
0 1 43 29.0 56.0 31 c26 7 9
0 1 45 29.0 56.0 29 c26 7 9
0 1 42 29.0 56.5 29 c26 7 9
0 1 51 28.9 56.0 27 c26 7 9
0 1 50 28.9 55.5 27 c26 7 9
0 1 43 28.7 55.0 27 c26 7 9
0 1 45 28.7 54.5 27 c26 7 9
0 1 52 28.6 53.5 25 c26 7 9
0 1 55 28.5 53.0 25 c26 7 9
0 1 38 28.4 52.5 25 c26 7 9
0 1 43 28.3 51.5 27 c26 7 9
0 1 42 28.1 51.0 25 c26 7 9
0 1 41 28.1 51.5 27 c26 7 9
1 1 16 28.0 51.0 29 c26 7 9
1 1 33 28.0 51.0 25 c26 7 9
1 1 31 27.9 51.0 27 c26 7 9
1 1 40 27.9 51.0 27 c26 7 9
1 1 15 27.8 51.5 27 c26 7 9
1 1 32 27.9 52.0 27 c26 7 9
1 1 35 27.8 51.5 27 c26 7 9
1 1 9 27.9 51.5 27 c26 7 9
1 1 31 27.7 51.5 25 -1 7 9
1 1 18 27.8 51.5 25 -1 7 9
0 1 6 27.7 51.5 2 -1 0 9
0 1 0 27.7 51.5 2 -1 0 9
0 1 0 27.8 52.0 2 -1 0 9
0 1 0 27.9 51.5 2 -1 0 9
0 1 0 28.0 51.5 2 -1 0 9
0 1 0 28.0 52.0 2 -1 0 9
0 1 0 28.1 52.0 2 -1 0 9
0 1 0 28.2 52.0 2 -1 0 9
0 1 0 28.2 52.0 2 -1 0 9
0 1 0 28.2 52.0 2 -1 0 9
0 1 0 28.3 52.0 2 -1 0 9
0 1 0 28.4 52.5 2 -1 0 9
0 1 0 28.4 52.5 2 -1 0 9
0 1 0 28.5 52.5 2 -1 0 9
0 1 0 28.4 52.5 2 -1 0 9
0 1 0 28.5 52.5 2 -1 0 9
0 1 0 28.5 53.0 2 -1 0 9
0 1 0 28.6 53.0 2 -1 0 9
0 1 0 28.7 53.0 2 -1 0 9
0 1 0 28.6 53.0 2 -1 0 9
0 1 0 28.7 53.0 2 -1 0 9
0 1 0 28.7 53.0 2 -1 0 9
0 1 0 28.8 53.5 2 -1 0 9
0 1 0 28.8 53.5 2 -1 0 9
0 1 0 28.8 53.5 2 -1 0 9
0 1 0 28.9 54.0 2 -1 0 9
0 1 0 28.9 54.0 2 -1 0 9
0 1 0 28.8 54.5 2 -1 0 9
0 1 0 28.9 54.5 2 -1 0 9
0 1 0 28.9 54.5 2 -1 0 9
0 1 0 29.0 54.5 2 -1 0 9
0 1 0 29.0 54.5 2 -1 0 9
0 1 0 29.0 54.5 2 -1 0 9
0 1 0 29.1 54.5 2 -1 0 9
0 1 0 29.1 54.5 2 -1 0 9
0 1 0 29.1 54.5 2 -1 0 9
0 1 0 29.2 55.0 2 -1 0 9
0 1 0 29.2 55.0 2 -1 0 9
0 1 0 29.2 55.0 2 -1 0 9
0 1 0 29.2 55.0 2 -1 0 9
0 1 0 29.2 55.0 2 -1 0 9
0 1 0 29.3 55.0 2 -1 0 9
0 1 0 29.3 55.0 2 -1 0 9
0 1 0 29.3 55.0 2 -1 0 9
0 1 0 29.3 55.0 2 -1 0 9
0 1 0 29.3 55.0 2 -1 0 9
0 1 0 29.3 55.0 2 -1 0 9
0 1 0 29.4 55.0 2 -1 0 9
0 1 0 29.4 55.0 2 -1 0 9
0 1 0 29.4 55.0 2 -1 0 9
0 1 0 29.5 55.0 2 -1 0 9
0 1 0 29.4 55.0 2 -1 0 9
0 1 0 29.5 55.5 2 -1 0 9
0 1 0 29.5 55.0 2 -1 0 9
0 1 0 29.4 55.5 2 -1 0 9
0 1 0 29.5 55.5 2 -1 0 9
0 1 0 29.5 55.5 2 -1 0 9
0 1 0 29.5 55.5 2 -1 0 9
0 1 0 29.6 55.5 2 -1 0 9
0 1 0 29.6 55.5 2 -1 0 9
0 1 0 29.6 55.5 2 -1 0 9
0 1 0 29.7 55.5 2 -1 0 9
0 1 0 29.7 55.5 2 -1 0 9
0 1 0 29.7 55.5 2 -1 0 9
0 1 0 29.7 55.5 2 -1 0 9
0 1 0 29.6 55.5 2 -1 0 9
0 1 0 29.7 55.5 2 -1 0 9
0 1 0 29.7 55.5 2 -1 0 9
0 1 0 29.7 55.5 2 -1 0 9
0 1 0 29.8 55.5 2 -1 0 9
0 1 0 29.8 55.5 2 -1 0 9
0 1 0 29.8 55.5 2 -1 0 9
0 1 0 29.8 55.5 2 -1 0 9
0 1 0 29.8 55.5 2 -1 0 9
0 1 0 29.8 55.5 2 -1 0 9
0 1 0 29.8 55.5 2 -1 0 9
0 1 0 29.9 55.5 2 -1 0 9
0 1 0 29.8 55.5 2 -1 0 9
0 1 0 29.9 55.5 2 -1 0 9
0 1 0 29.9 55.5 2 -1 0 9
