0 1 0 27.5 48.5 2 -1 0 -1
0 1 0 27.5 48.5 2 -1 0 -1
0 1 0 27.6 48.5 2 -1 0 -1
0 1 0 27.5 48.5 2 -1 0 -1
0 1 0 27.5 48.0 2 -1 0 -1
0 1 0 27.5 48.0 2 -1 0 -1
0 1 0 27.5 48.0 2 -1 0 -1
0 1 0 27.6 48.5 2 -1 0 -1
0 1 0 27.5 48.0 2 -1 0 -1
0 1 0 27.5 48.0 2 -1 0 -1
0 1 0 27.6 48.5 2 -1 0 -1
0 1 0 27.5 48.0 2 -1 0 -1
0 1 0 27.6 48.0 2 -1 0 -1
0 1 0 27.5 48.0 2 -1 0 -1
0 1 0 27.6 48.5 2 -1 0 -1
0 1 0 27.5 48.0 2 -1 0 -1
0 1 0 27.6 48.0 2 -1 0 -1
0 1 0 27.6 48.0 2 -1 0 -1
0 1 0 27.5 48.5 2 -1 0 -1
0 1 0 27.6 48.0 2 -1 0 -1
0 1 0 27.6 48.0 2 -1 0 -1
0 1 0 27.6 48.0 2 -1 0 -1
0 1 0 27.6 48.5 2 -1 0 -1
0 1 0 27.6 48.5 2 -1 0 -1
0 1 0 27.6 48.0 2 -1 0 -1
0 1 0 27.6 48.0 2 -1 0 -1
0 1 0 27.6 48.0 2 -1 0 -1
0 1 0 27.6 48.0 2 -1 0 -1
0 1 0 27.6 48.5 2 -1 0 -1
0 1 0 27.6 48.0 2 -1 0 -1
0 1 0 27.6 48.0 2 -1 0 -1
0 1 0 27.6 48.0 2 -1 0 -1
0 1 0 27.6 48.0 2 -1 0 -1
0 1 0 27.6 48.0 2 -1 0 -1
0 1 0 27.6 48.0 2 -1 0 -1
0 1 0 27.6 48.0 2 -1 0 -1
0 1 0 27.6 48.0 2 -1 0 -1
0 1 0 27.6 48.0 2 -1 0 -1
0 1 0 27.6 48.0 2 -1 0 -1
0 1 0 27.6 48.0 2 -1 0 -1
0 1 0 27.6 48.0 2 -1 0 -1
0 1 0 27.6 48.0 2 -1 0 -1
0 1 0 27.6 48.0 2 -1 0 -1
0 1 0 27.6 48.0 2 -1 0 -1
0 1 0 27.6 48.0 2 -1 0 -1
0 1 0 27.6 48.0 2 -1 0 -1
0 1 0 27.6 48.0 2 -1 0 -1
0 1 0 27.6 48.0 2 -1 0 -1
0 1 0 27.7 48.5 2 -1 0 -1
0 1 0 27.6 48.0 2 -1 0 -1
0 1 0 27.6 48.0 2 -1 0 -1
0 1 0 27.6 48.5 2 -1 0 -1
0 1 0 27.7 48.0 2 -1 0 -1
0 1 0 27.6 48.0 2 -1 0 -1
0 1 0 27.6 48.0 2 -1 0 -1
0 1 0 27.6 48.0 2 -1 0 -1
0 1 0 27.7 48.0 2 -1 0 -1
0 1 0 27.7 48.0 2 -1 0 -1
0 1 0 27.6 48.0 2 -1 0 -1
0 1 0 27.6 48.0 2 -1 0 -1
0 1 0 27.7 48.0 2 -1 0 -1
0 1 0 27.6 48.0 2 -1 0 -1
0 1 0 27.7 48.0 2 -1 0 -1
0 1 0 27.7 48.0 2 -1 0 -1
0 1 0 27.7 48.0 2 -1 0 -1
0 1 0 27.7 48.0 2 -1 0 -1
0 1 0 27.6 48.0 2 -1 0 -1
0 1 0 27.6 48.0 2 -1 0 -1
0 1 0 27.7 48.0 2 -1 0 -1
0 1 0 27.7 48.0 2 -1 0 -1
0 1 0 27.6 48.0 2 -1 0 -1
0 1 0 27.6 48.5 2 -1 0 -1
0 1 0 27.6 48.0 2 -1 0 -1
0 1 0 27.7 48.0 2 -1 0 -1
0 1 0 27.6 48.0 2 -1 0 -1
0 1 0 27.7 48.0 2 -1 0 -1
0 1 0 27.6 48.0 2 -1 0 -1
0 1 0 27.7 48.0 2 -1 0 -1
0 1 0 27.6 48.0 2 -1 0 -1
0 1 0 27.7 48.0 2 -1 0 -1
0 1 0 27.6 48.0 2 -1 0 -1
0 1 0 27.7 48.0 2 -1 0 -1
0 1 0 27.7 48.0 2 -1 0 -1
0 1 0 27.7 48.0 2 -1 0 -1
0 1 0 27.7 48.0 2 -1 0 -1
0 1 0 27.7 48.0 2 -1 0 -1
0 1 0 27.6 48.0 2 -1 0 -1
0 1 0 27.6 48.0 2 -1 0 -1
0 1 0 27.7 48.0 2 -1 0 -1
0 1 0 27.7 48.0 2 -1 0 -1
0 1 0 27.7 48.0 2 -1 0 -1
0 1 0 27.6 48.0 2 -1 0 -1
0 1 0 27.7 48.0 2 -1 0 -1
0 1 0 27.7 48.0 2 -1 0 -1
0 1 0 27.7 48.0 2 -1 0 -1
0 1 0 27.7 48.0 2 -1 0 -1
0 1 0 27.7 48.0 2 -1 0 -1
0 1 0 27.6 48.0 2 -1 0 -1
0 1 0 27.7 48.5 2 -1 0 -1
0 1 0 27.7 48.0 2 -1 0 -1
0 1 0 27.7 48.0 2 -1 0 -1
0 1 0 27.6 48.0 2 -1 0 -1
0 1 0 27.7 48.0 2 -1 0 -1
0 1 0 27.6 48.0 2 -1 0 -1
0 1 0 27.7 48.0 2 -1 0 -1
0 1 0 27.7 48.5 2 -1 0 -1
0 1 0 27.6 48.0 2 -1 0 -1
0 1 0 27.7 48.0 2 -1 0 -1
0 1 0 27.7 48.5 2 -1 0 -1
0 1 0 27.8 48.5 2 -1 0 -1
0 1 0 27.7 48.0 2 -1 0 -1
0 1 0 27.7 48.5 2 -1 0 -1
0 1 0 27.7 48.5 2 -1 0 -1
0 1 0 27.7 48.5 2 -1 0 -1
0 1 0 27.8 48.0 2 -1 0 -1
0 1 0 27.7 48.5 2 -1 0 -1
0 1 0 27.7 48.5 2 -1 0 -1
0 1 0 27.7 48.5 2 -1 0 -1
0 1 0 27.7 48.5 2 -1 0 -1
0 1 0 27.7 48.0 2 -1 0 -1
0 1 0 27.7 48.0 2 -1 0 -1
0 1 0 27.7 48.5 2 -1 0 -1
0 1 0 27.7 48.5 2 -1 0 -1
0 1 0 27.7 48.5 2 -1 0 -1
0 1 0 27.7 48.5 2 -1 0 -1
0 1 0 27.8 48.5 2 -1 0 -1
0 1 0 27.7 48.5 2 -1 0 -1
0 1 0 27.7 48.5 2 -1 0 -1
0 1 0 27.7 48.5 2 -1 0 -1
0 1 0 27.7 48.5 2 -1 0 -1
0 1 0 27.7 48.5 2 -1 0 -1
0 1 0 27.7 48.5 2 -1 0 -1
0 1 0 27.7 48.5 2 -1 0 -1
0 1 0 27.8 48.5 2 -1 0 -1
0 1 0 27.7 48.5 2 -1 0 -1
0 1 0 27.8 48.0 2 -1 0 -1
0 1 0 27.8 48.5 2 -1 0 -1
0 1 0 27.7 48.5 2 -1 0 -1
0 1 0 27.8 48.5 2 -1 0 -1
0 1 0 27.7 48.5 2 -1 0 -1
0 1 0 27.8 48.5 2 -1 0 -1
0 1 0 27.7 48.5 2 -1 0 -1
0 1 0 27.7 48.0 2 -1 0 -1
0 1 0 27.7 48.5 2 -1 0 -1
0 1 0 27.7 48.5 2 -1 0 -1
0 1 0 27.7 48.5 2 -1 0 -1
0 1 0 27.7 48.5 2 -1 0 -1
0 1 0 27.7 48.5 2 -1 0 -1
0 1 0 27.7 48.5 2 -1 0 -1
0 1 0 27.7 48.5 2 -1 0 -1
0 1 0 27.7 48.5 2 -1 0 -1
0 1 0 27.7 48.5 2 -1 0 -1
0 1 0 27.8 48.5 2 -1 0 -1
0 1 0 27.7 48.5 2 -1 0 -1
0 1 0 27.7 48.5 2 -1 0 -1
0 1 0 27.8 48.5 2 -1 0 -1
0 1 0 27.7 48.5 2 -1 0 -1
0 1 0 27.8 48.5 2 -1 0 -1
0 1 0 27.7 48.5 2 -1 0 -1
0 1 0 27.8 48.5 2 -1 0 -1
0 1 0 27.7 48.5 2 -1 0 -1
0 1 0 27.8 48.5 2 -1 0 -1
0 1 0 27.7 48.5 2 -1 0 -1
0 1 0 27.8 48.5 2 -1 0 -1
0 1 0 27.7 48.5 2 -1 0 -1
0 1 0 27.8 48.5 2 -1 0 -1
0 1 0 27.7 48.5 2 -1 0 -1
0 1 0 27.8 48.5 2 -1 0 -1
0 1 0 27.8 48.5 2 -1 0 -1
0 1 0 27.7 48.5 2 -1 0 -1
0 1 0 27.7 48.5 2 -1 0 -1
0 1 0 27.7 48.5 2 -1 0 -1
0 1 0 27.7 48.5 2 -1 0 -1
0 1 0 27.7 48.5 2 -1 0 -1
0 1 0 27.8 48.5 2 -1 0 -1
0 1 0 27.7 48.5 2 -1 0 -1
0 1 0 27.8 48.5 2 -1 0 -1
0 1 0 27.7 48.5 2 -1 0 -1
0 1 0 27.8 48.5 2 -1 0 -1
0 1 0 27.8 48.5 2 -1 0 -1
0 1 0 27.8 48.5 2 -1 0 -1
0 1 0 27.8 48.5 2 -1 0 -1
0 1 0 27.8 48.5 2 -1 0 -1
0 1 0 27.8 48.5 2 -1 0 -1
0 1 0 27.7 48.5 2 -1 0 -1
0 1 0 27.7 48.5 2 -1 0 -1
0 1 0 27.8 48.5 2 -1 0 -1
0 1 0 27.8 48.5 2 -1 0 -1
0 1 0 27.8 48.5 2 -1 0 -1
0 1 0 27.8 48.5 2 -1 0 -1
0 1 0 27.8 48.5 2 -1 0 -1
0 1 0 27.8 48.5 2 -1 0 -1
0 1 0 27.7 48.5 2 -1 0 -1
0 1 0 27.9 48.5 2 -1 0 -1
0 1 0 27.8 48.5 2 -1 0 -1
0 1 0 27.9 48.5 2 -1 0 -1
0 1 0 27.8 48.5 2 -1 0 -1
0 1 0 27.8 48.5 2 -1 0 -1
0 1 0 27.8 48.5 2 -1 0 -1
0 1 0 27.8 48.5 2 -1 0 -1
0 1 0 27.8 48.5 2 -1 0 -1
0 1 0 27.8 48.5 2 -1 0 -1
0 1 0 27.8 48.5 2 -1 0 -1
0 1 0 27.7 48.5 2 -1 0 -1
0 1 0 27.8 48.5 2 -1 0 -1
0 1 0 27.8 48.5 2 -1 0 -1
0 1 0 27.8 49.0 2 -1 0 -1
0 1 0 27.8 48.5 2 -1 0 -1
0 1 0 27.8 48.5 2 -1 0 -1
0 1 0 27.8 48.5 2 -1 0 -1
0 1 0 27.8 49.0 2 -1 0 -1
0 1 0 27.8 48.5 2 -1 0 -1
0 1 0 27.8 48.5 2 -1 0 -1
0 1 0 27.8 48.5 2 -1 0 -1
0 1 0 27.8 48.5 2 -1 0 -1
0 1 0 27.8 49.0 2 -1 0 -1
0 1 0 27.8 48.5 2 -1 0 -1
0 1 0 27.7 48.5 2 -1 0 -1
0 1 0 27.8 48.5 2 -1 0 -1
0 1 0 27.8 48.5 2 -1 0 -1
0 1 0 27.8 48.5 2 -1 0 -1
0 1 0 27.8 48.5 2 -1 0 -1
0 1 0 27.8 48.5 2 -1 0 -1
0 1 0 27.7 48.5 2 -1 0 -1
0 1 0 27.8 48.5 2 -1 0 -1
0 1 0 27.8 48.5 2 -1 0 -1
0 1 0 27.8 48.5 2 -1 0 -1
0 1 0 27.8 48.5 2 -1 0 -1
0 1 0 27.8 48.5 2 -1 0 -1
0 1 0 27.8 48.5 2 -1 0 -1
0 1 0 27.7 48.5 2 -1 0 -1
0 1 0 27.8 48.5 2 -1 0 -1
0 1 0 27.7 48.5 2 -1 0 -1
0 1 0 27.8 48.5 2 -1 0 -1
0 1 0 27.8 48.5 2 -1 0 -1
0 1 0 27.8 48.5 2 -1 0 -1
0 1 0 27.8 48.5 2 -1 0 -1
0 1 0 27.8 49.0 2 -1 0 -1
0 1 0 27.8 49.0 2 -1 0 -1
0 1 0 27.8 48.5 2 -1 0 -1
0 1 0 27.8 48.5 2 -1 0 -1
0 1 0 27.8 49.0 2 -1 0 -1
0 1 0 27.8 48.5 2 -1 0 -1
0 1 0 27.8 48.5 2 -1 0 -1
0 1 0 27.9 48.5 2 -1 0 -1
0 1 0 27.8 48.5 2 -1 0 -1
0 1 0 27.8 48.5 2 -1 0 -1
0 1 0 27.8 48.5 2 -1 0 -1
0 1 0 27.8 48.5 2 -1 0 -1
0 1 0 27.8 48.5 2 -1 0 -1
0 1 0 27.8 48.5 2 -1 0 -1
0 1 0 27.8 48.5 2 -1 0 -1
0 1 0 27.8 49.0 2 -1 0 -1
0 1 0 27.8 49.0 2 -1 0 -1
0 1 0 27.7 48.5 2 -1 0 -1
0 1 0 27.8 49.0 2 -1 0 -1
0 1 0 27.8 49.0 2 -1 0 -1
0 1 0 27.8 49.0 2 -1 0 -1
0 1 0 27.8 49.0 2 -1 0 -1
0 1 0 27.8 48.5 2 -1 0 -1
0 1 0 27.8 49.0 2 -1 0 -1
0 1 0 27.8 49.0 2 -1 0 -1
0 1 0 27.8 48.5 2 -1 0 -1
0 1 0 27.8 49.0 2 -1 0 -1
0 1 0 27.8 49.0 2 -1 0 -1
0 1 0 27.8 49.0 2 -1 0 -1
0 1 0 27.8 49.0 2 -1 0 -1
0 1 0 27.8 48.5 2 -1 0 -1
0 1 0 27.8 48.5 2 -1 0 -1
0 1 0 27.8 49.0 2 -1 0 -1
0 1 0 27.8 49.0 2 -1 0 -1
0 1 0 27.8 49.0 2 -1 0 -1
0 1 0 27.8 49.0 2 -1 0 -1
0 1 0 27.8 49.0 2 -1 0 -1
0 1 0 27.8 48.5 2 -1 0 -1
0 1 0 27.8 49.0 2 -1 0 -1
0 1 0 27.8 49.0 2 -1 0 -1
0 1 0 27.7 49.0 2 -1 0 -1
0 1 0 27.7 48.5 2 -1 0 -1
0 1 0 27.7 49.0 2 -1 0 -1
0 1 0 27.8 48.5 2 -1 0 -1
0 1 0 27.8 48.5 2 -1 0 -1
0 1 0 27.8 48.5 2 -1 0 -1
0 1 0 27.8 49.0 2 -1 0 -1
0 1 0 27.8 49.0 2 -1 0 -1
0 1 0 27.8 48.5 2 -1 0 -1
0 1 0 27.8 49.0 2 -1 0 -1
0 1 0 27.8 49.0 2 -1 0 -1
0 1 0 27.8 49.0 2 -1 0 -1
0 1 0 27.7 48.5 2 -1 0 -1
0 1 0 27.8 49.0 2 -1 0 -1
0 1 0 27.8 49.0 2 -1 0 -1
0 1 0 27.8 49.0 2 -1 0 -1
0 1 0 27.8 49.0 2 -1 0 -1
0 1 0 27.7 48.5 2 -1 0 -1
0 1 0 27.7 48.5 2 -1 0 -1
0 1 0 27.8 48.5 2 -1 0 -1
0 1 0 27.8 49.0 2 -1 0 -1
0 1 0 27.7 48.5 2 -1 0 -1
0 1 0 27.8 49.0 2 -1 0 -1
0 1 0 27.7 48.5 2 -1 0 -1
0 1 0 27.8 49.0 2 -1 0 -1
0 1 0 27.8 48.5 2 -1 0 -1
0 1 0 27.8 48.5 1 -1 0 -1
0 1 0 27.8 49.0 1 -1 0 -1
0 1 0 27.9 48.5 2 -1 0 -1
0 1 0 27.8 49.0 2 -1 0 -1
0 1 0 27.8 49.0 2 -1 0 -1
0 1 0 27.8 49.0 1 -1 0 -1
0 1 0 27.8 49.0 1 -1 0 -1
0 1 0 27.8 49.0 2 -1 0 -1
0 1 0 27.8 49.0 2 -1 0 -1
0 1 0 27.7 49.0 2 -1 0 -1
0 1 0 27.8 49.0 2 -1 0 -1
0 1 0 27.8 49.0 2 -1 0 -1
0 1 0 27.8 49.0 1 -1 0 -1
0 1 0 27.8 49.0 1 -1 0 -1
0 1 0 27.8 49.0 1 -1 0 -1
0 1 0 27.8 49.0 1 -1 0 -1
0 1 0 27.8 49.0 1 -1 0 -1
0 1 0 27.9 49.0 1 -1 0 -1
0 1 0 27.7 49.0 1 -1 0 -1
0 1 0 27.8 49.0 1 -1 0 -1
0 1 0 27.8 49.0 1 -1 0 -1
0 1 0 27.8 49.0 1 -1 0 -1
0 1 0 27.8 49.0 1 -1 0 -1
0 1 0 27.8 49.0 1 -1 0 -1
0 1 0 27.8 49.0 1 -1 0 -1
0 1 0 27.8 49.0 1 -1 0 -1
0 1 0 27.9 49.0 1 -1 0 -1
0 1 0 27.8 49.0 1 -1 0 -1
0 1 0 27.8 49.0 1 -1 0 -1
0 1 0 27.8 49.0 1 -1 0 -1
0 1 0 27.8 49.0 1 -1 0 -1
0 1 0 27.8 49.0 1 -1 0 -1
0 1 0 27.8 49.0 1 -1 0 -1
0 1 0 27.8 49.0 1 -1 0 -1
0 1 0 27.8 49.0 1 -1 0 -1
0 1 0 27.8 49.0 1 -1 0 -1
0 1 0 27.8 49.0 1 -1 0 -1
0 1 0 27.8 49.0 1 -1 0 -1
0 1 0 27.7 49.0 1 -1 0 -1
0 1 0 27.8 49.0 1 -1 0 -1
0 1 0 27.8 49.0 1 -1 0 -1
0 1 0 27.8 49.0 1 -1 0 -1
0 1 0 27.8 49.0 1 -1 0 -1
0 1 0 27.8 49.0 1 -1 0 -1
0 1 0 27.8 49.0 1 -1 0 -1
0 1 0 27.8 49.0 1 -1 0 -1
0 1 0 27.8 49.0 1 -1 0 -1
0 1 0 27.8 49.0 1 -1 0 -1
0 1 0 27.8 49.0 0 -1 0 -1
0 1 0 27.8 49.0 0 -1 0 -1
0 1 0 27.8 49.0 0 -1 0 -1
0 1 0 27.8 49.0 0 -1 0 -1
0 1 0 27.8 49.0 0 -1 0 -1
0 1 0 27.8 49.0 0 -1 0 -1
0 1 0 27.8 49.0 0 -1 0 -1
0 1 0 27.7 49.0 0 -1 0 -1
0 1 0 27.7 49.0 0 -1 0 -1
0 1 0 27.8 49.0 0 -1 0 -1
0 1 0 27.8 49.0 0 -1 0 -1
0 1 0 27.8 49.0 0 -1 0 -1
0 1 0 27.8 49.0 0 -1 0 -1
0 1 0 27.8 49.0 0 -1 0 -1
0 1 0 27.8 49.0 2 -1 0 -1
0 1 0 27.8 49.0 2 -1 0 -1
0 1 0 27.8 49.0 2 -1 0 -1
0 1 0 27.8 49.0 2 -1 0 -1
0 1 0 27.8 49.0 3 -1 0 -1
0 1 0 27.8 48.5 1 -1 0 -1
0 1 0 27.7 48.5 1 -1 0 -1
0 1 0 27.8 49.0 1 -1 0 -1
0 1 0 27.8 49.0 1 -1 0 -1
0 1 0 27.8 49.0 1 -1 0 -1
0 1 0 27.8 49.0 1 -1 0 -1
0 1 0 27.8 49.0 1 -1 0 -1
0 1 0 27.8 49.0 1 -1 0 -1
0 1 0 27.8 49.0 1 -1 0 -1
0 1 0 27.8 49.0 1 -1 0 -1
0 1 0 27.8 49.0 1 -1 0 -1
0 1 0 27.8 49.0 1 -1 0 -1
0 1 0 27.7 49.0 1 -1 0 -1
0 1 0 27.8 49.0 1 -1 0 -1
0 1 0 27.8 49.0 1 -1 0 -1
0 1 0 27.8 49.0 1 -1 0 -1
0 1 0 27.7 49.0 1 -1 0 -1
0 1 0 27.8 49.0 1 -1 0 -1
0 1 0 27.7 49.0 1 -1 0 -1
0 1 0 27.8 49.0 1 -1 0 -1
0 1 0 27.7 49.0 1 -1 0 -1
0 1 0 27.8 49.0 1 -1 0 -1
0 1 0 27.8 49.0 1 -1 0 -1
0 1 0 27.8 49.0 1 -1 0 -1
0 1 0 27.8 49.0 1 -1 0 -1
0 1 0 27.8 49.0 1 -1 0 -1
0 1 0 27.8 49.0 1 -1 0 -1
0 1 0 27.8 49.0 1 -1 0 -1
0 1 0 27.8 49.0 1 -1 0 -1
0 1 0 27.8 49.0 1 -1 0 -1
0 1 0 27.8 49.0 3 -1 0 -1
0 1 0 27.8 49.0 2 -1 0 -1
0 1 0 27.8 49.0 2 -1 0 -1
0 1 0 27.8 49.0 2 -1 0 -1
0 1 0 27.8 49.0 2 -1 0 -1
0 1 0 27.8 49.0 3 -1 0 -1
0 1 0 27.8 49.0 1 -1 0 -1
0 1 0 27.8 49.0 1 -1 0 -1
0 1 0 27.8 49.0 1 -1 0 -1
0 1 0 27.8 49.0 1 -1 0 -1
0 1 0 27.8 49.0 1 -1 0 -1
0 1 0 27.8 49.0 1 -1 0 -1
0 1 0 27.8 49.0 1 -1 0 -1
0 1 0 27.8 49.0 1 -1 0 -1
0 1 0 27.8 49.0 2 -1 0 -1
0 1 0 27.8 49.0 2 -1 0 -1
0 1 0 27.8 49.0 2 -1 0 -1
0 1 0 27.8 49.0 4 -1 0 -1
0 1 0 27.8 49.0 2 -1 0 -1
0 1 0 27.8 49.0 2 -1 0 -1
0 1 0 27.8 49.0 4 -1 0 -1
0 1 0 27.8 49.0 4 -1 0 -1
0 1 0 27.8 49.0 4 -1 0 -1
0 1 0 27.8 49.0 4 -1 0 -1
0 1 0 27.9 49.0 4 -1 0 -1
0 1 0 27.8 49.0 1 -1 0 -1
0 1 0 27.9 49.0 2 -1 0 -1
0 1 0 27.8 49.0 2 -1 0 -1
0 1 0 27.9 49.0 4 -1 0 -1
0 1 0 27.8 49.0 3 -1 0 -1
0 1 0 27.8 49.0 5 -1 0 -1
0 1 0 27.8 49.0 5 -1 0 -1
0 1 0 27.8 49.0 3 -1 0 -1
0 1 0 27.8 49.0 3 -1 0 -1
0 1 0 27.8 49.0 9 -1 0 -1
0 1 0 27.8 49.0 5 -1 0 -1
0 1 0 27.8 49.0 7 -1 0 -1
0 1 0 27.8 49.0 5 -1 0 -1
0 1 0 27.8 49.0 7 -1 0 -1
0 1 0 27.8 49.0 7 -1 0 -1
0 1 0 27.8 49.0 5 -1 0 -1
0 1 0 27.8 49.0 7 -1 0 -1
0 1 0 27.8 49.0 7 -1 0 -1
0 1 0 27.8 49.0 9 -1 0 -1
0 1 0 27.8 49.0 5 -1 0 -1
0 1 0 27.8 49.0 7 -1 0 -1
0 1 0 27.8 49.0 9 -1 0 -1
0 1 0 27.8 49.0 9 -1 0 -1
0 1 0 27.8 49.0 9 -1 0 -1
0 1 0 27.8 49.0 9 -1 0 -1
0 1 0 27.8 49.0 7 -1 0 -1
0 1 0 27.8 49.0 5 -1 0 -1
0 1 0 27.9 49.0 7 -1 0 -1
0 1 0 27.8 49.0 9 -1 0 -1
0 1 0 27.8 49.0 7 -1 0 -1
0 1 0 27.8 49.0 5 -1 0 -1
0 1 0 27.8 49.0 3 -1 0 -1
0 1 0 27.9 49.0 6 -1 0 -1
0 1 0 27.9 49.0 4 -1 0 -1
0 1 0 27.8 49.0 4 -1 0 -1
0 1 0 27.8 49.0 4 -1 0 -1
0 1 0 27.9 49.0 4 -1 0 -1
0 1 0 27.8 49.0 4 -1 0 -1
0 1 0 27.9 49.0 4 -1 0 -1
0 1 0 27.8 49.0 4 -1 0 -1
0 1 0 27.9 49.0 4 -1 0 -1
0 1 0 27.9 49.0 4 -1 0 -1
0 1 0 27.9 49.0 4 -1 0 -1
0 1 0 27.9 48.5 6 -1 0 -1
0 1 0 27.8 49.0 6 -1 0 -1
0 1 0 27.8 49.0 3 -1 0 -1
0 1 0 27.8 48.5 3 -1 0 -1
0 1 0 27.8 49.0 3 -1 0 -1
0 1 0 27.8 49.0 3 -1 0 -1
0 1 0 27.8 49.0 5 -1 0 -1
0 1 0 27.9 48.5 5 -1 0 -1
0 1 0 27.8 49.0 7 -1 0 -1
0 1 0 27.9 48.5 5 -1 0 -1
0 1 0 27.9 48.5 5 -1 0 -1
0 1 0 27.8 48.5 7 -1 0 -1
0 1 0 27.8 48.5 9 -1 0 -1
0 1 0 27.8 48.5 5 -1 0 -1
0 1 0 27.8 48.5 7 -1 0 -1
0 1 0 27.8 48.5 5 -1 0 -1
0 1 0 27.9 48.5 7 -1 0 -1
0 1 0 27.9 48.5 7 -1 0 -1
0 1 0 27.9 49.0 7 -1 0 -1
0 1 0 27.8 48.5 7 -1 0 -1
0 1 0 27.8 48.5 9 -1 0 -1
0 1 0 27.8 48.5 9 -1 0 -1
0 1 0 27.8 48.5 9 -1 0 -1
0 1 0 27.8 48.5 9 -1 0 -1
0 1 0 27.9 48.5 9 -1 0 -1
0 1 0 27.8 48.5 7 -1 0 -1
0 1 0 27.9 48.5 7 -1 0 -1
0 1 0 27.9 48.5 7 -1 0 -1
0 1 0 27.9 48.5 9 -1 0 -1
0 1 0 27.9 48.5 9 -1 0 -1
0 1 0 27.8 48.5 8 -1 0 -1
0 1 0 28.0 48.5 12 -1 0 -1
0 1 0 27.9 48.5 14 -1 0 -1
0 1 0 27.9 48.5 12 -1 0 -1
0 1 0 28.0 48.5 14 -1 0 -1
0 1 0 27.9 48.5 14 -1 0 -1
0 1 0 27.9 48.5 14 -1 0 -1
0 1 0 27.9 48.5 12 -1 0 -1
0 1 0 27.9 48.5 12 -1 0 -1
0 1 0 27.8 48.5 12 -1 0 -1
0 1 0 28.0 48.5 12 -1 0 -1
0 1 0 27.9 48.5 12 -1 0 -1
0 1 0 27.9 48.5 12 -1 0 -1
0 1 0 28.0 49.0 14 -1 0 -1
0 1 0 27.9 48.5 14 -1 0 -1
0 1 0 28.0 48.5 14 -1 0 -1
0 1 0 28.0 49.0 14 -1 0 -1
0 1 0 28.0 49.0 14 -1 0 -1
0 1 0 28.0 49.0 14 -1 0 -1
0 1 0 28.0 49.0 14 -1 0 -1
0 1 0 28.0 49.0 14 -1 0 -1
0 1 0 28.0 49.0 14 -1 0 -1
0 1 0 28.0 49.0 14 -1 0 -1
0 1 0 28.0 49.0 14 -1 0 -1
0 1 0 28.0 49.0 16 -1 0 -1
0 1 0 28.0 49.0 16 -1 0 -1
0 1 0 28.1 49.0 15 -1 0 -1
0 1 0 28.1 49.0 17 -1 0 -1
0 1 0 28.1 49.0 21 -1 0 -1
0 1 0 28.1 49.5 23 -1 0 -1
0 1 0 28.1 49.5 24 -1 0 -1
0 1 0 28.1 49.5 26 -1 0 -1
0 1 0 28.1 49.5 24 -1 0 -1
0 1 0 28.1 49.5 24 -1 0 -1
0 1 0 28.1 49.5 26 -1 0 -1
0 1 0 28.2 49.5 28 -1 0 -1
0 1 0 28.1 49.5 34 -1 0 -1
0 1 0 28.1 49.5 41 -1 0 -1
0 1 0 28.1 49.5 43 -1 0 -1
0 1 0 28.2 49.5 43 -1 0 -1
0 1 0 28.2 49.5 38 -1 0 -1
0 1 0 28.2 49.5 36 -1 0 -1
0 1 0 28.2 50.0 42 -1 0 -1
0 1 0 28.2 50.0 41 -1 0 -1
0 1 0 28.2 50.0 38 -1 0 -1
0 1 0 28.1 50.0 36 -1 0 -1
0 1 0 28.3 50.0 36 -1 0 -1
0 1 0 28.3 50.0 38 -1 0 -1
0 1 0 28.2 50.0 34 -1 0 -1
0 1 0 28.2 50.5 34 -1 0 -1
0 1 0 28.3 50.5 33 c26 0 -1
0 1 7 28.3 50.5 31 c26 0 -1
0 1 0 28.3 50.5 26 c26 0 -1
0 1 0 28.2 49.5 26 c26 0 -1
0 1 0 28.0 48.5 21 c26 0 -1
0 1 0 27.9 48.0 19 c26 0 -1
0 1 0 27.7 47.5 19 c26 0 -1
0 1 0 27.5 46.5 15 c26 0 -1
0 1 13 27.4 46.0 25 c26 0 -1
0 1 20 27.3 45.5 29 c26 5 -1
0 1 1 27.2 45.0 29 c26 5 -1
0 1 3 27.0 45.0 29 c26 5 -1
0 1 0 26.9 44.5 31 c26 5 -1
0 1 0 26.9 44.5 31 c26 5 -1
0 1 0 26.8 44.0 31 c26 5 -1
0 1 0 26.7 44.0 27 c26 5 -1
0 1 0 26.6 44.0 29 c26 5 -1
0 1 0 26.6 44.0 31 c26 5 -1
0 1 0 26.6 43.5 33 c26 5 -1
0 1 0 26.5 44.0 29 c26 5 -1
0 1 0 26.5 44.5 31 c26 5 -1
0 1 0 26.4 44.5 31 c26 5 -1
0 1 0 26.4 45.0 31 c26 5 -1
0 1 0 26.4 44.5 29 c26 5 -1
0 1 0 26.3 45.0 29 c26 5 -1
0 1 0 26.3 45.0 29 c26 5 -1
0 1 0 26.2 45.0 29 c26 5 -1
0 1 0 26.2 45.0 31 c26 5 -1
0 1 0 26.1 45.0 31 c26 5 -1
0 1 0 26.1 45.0 29 c26 5 -1
0 1 2 26.0 45.0 32 c26 5 -1
0 1 2 26.0 45.0 30 c26 5 -1
0 1 0 26.0 45.0 34 c26 5 -1
0 1 0 26.0 45.0 34 c26 5 -1
0 1 3 25.9 45.0 36 c26 5 -1
0 1 9 26.0 45.0 34 c26 5 -1
0 1 0 25.8 45.0 36 c26 5 -1
0 1 0 25.9 45.0 38 c26 5 -1
0 1 0 25.9 45.0 36 c26 5 -1
0 1 0 25.8 45.0 36 c26 5 -1
0 1 0 25.8 45.5 38 c26 5 -1
0 1 5 25.7 45.5 38 c26 5 -1
0 1 8 25.6 45.5 35 c26 5 -1
0 1 2 25.7 45.5 37 c26 5 -1
0 1 2 25.7 45.5 41 c26 5 -1
0 1 0 25.7 46.0 39 c26 5 -1
0 1 0 25.7 45.5 39 c26 5 -1
0 1 0 25.6 45.5 45 c26 5 -1
0 1 1 25.6 45.5 42 c26 5 -1
0 1 0 25.5 46.0 48 c26 5 -1
0 1 8 25.5 46.0 46 c26 5 -1
0 1 5 25.5 46.0 48 c26 5 -1
0 1 0 25.5 46.0 51 c26 5 -1
0 1 7 25.4 46.0 49 c26 5 -1
0 1 2 25.4 46.0 48 c26 5 -1
0 1 0 25.4 46.0 49 c26 5 -1
0 1 0 25.4 46.0 51 c26 5 -1
0 1 0 25.4 46.0 46 c26 5 -1
0 1 0 25.4 46.0 49 c26 5 -1
0 1 0 25.3 46.0 48 c26 5 -1
0 1 6 25.3 46.0 46 c26 5 -1
0 1 3 25.3 46.5 49 c26 5 -1
0 1 0 25.3 46.0 47 c26 5 -1
0 1 16 25.3 46.0 46 c26 5 -1
0 1 0 25.2 46.0 48 c26 5 -1
0 1 0 25.2 46.0 46 c26 5 -1
0 1 0 25.2 46.0 45 c26 5 -1
0 1 0 25.2 46.5 41 c26 5 -1
0 1 0 25.1 46.5 41 c26 5 -1
0 1 0 25.2 46.5 39 c26 5 -1
0 1 0 25.1 46.5 39 c26 5 -1
0 1 0 25.2 46.5 38 c26 5 -1
0 1 0 25.1 46.5 38 c26 5 -1
0 1 0 25.1 46.5 36 c26 5 -1
0 1 0 25.1 46.5 36 -1 5 -1
0 1 15 25.0 46.5 36 -1 5 -1
0 1 2 25.0 47.0 36 -1 5 -1
0 1 10 25.2 47.0 36 -1 5 -1
0 1 4 25.2 47.0 34 -1 5 -1
0 1 0 25.2 47.0 32 -1 5 -1
0 1 11 25.4 47.0 34 -1 5 -1
0 1 0 25.4 47.5 32 -1 5 -1
0 1 0 25.6 47.5 29 -1 5 -1
0 1 2 25.6 47.5 29 -1 5 -1
0 1 0 25.7 47.5 34 -1 5 -1
0 1 0 25.7 48.0 34 -1 5 -1
0 1 0 25.8 48.5 34 -1 5 -1
0 1 0 25.9 48.5 34 -1 5 -1
0 1 0 25.9 48.5 34 -1 5 -1
0 1 0 26.0 49.0 36 -1 5 -1
0 1 0 26.1 49.0 36 -1 5 -1
0 1 0 26.1 49.0 37 -1 5 -1
0 1 0 26.2 49.0 37 -1 5 -1
0 1 8 26.2 49.5 37 -1 5 -1
0 1 0 26.3 50.0 41 -1 5 -1
0 1 0 26.3 49.5 41 -1 5 -1
0 1 0 26.3 50.0 39 -1 5 -1
0 1 0 26.4 50.0 37 -1 5 -1
0 1 0 26.5 50.0 38 -1 5 -1
0 1 0 26.5 50.5 36 -1 5 -1
0 1 3 26.5 50.5 34 -1 5 -1
0 1 0 26.5 50.5 36 -1 5 -1
0 1 0 26.6 50.5 36 -1 5 -1
0 1 13 26.6 51.0 32 -1 5 -1
0 1 0 26.7 51.0 32 -1 5 -1
0 1 0 26.7 51.0 29 -1 5 -1
0 1 3 26.8 51.0 29 -1 5 -1
0 1 0 26.8 51.0 29 -1 5 -1
0 1 0 26.9 51.0 27 -1 5 -1
0 1 0 26.8 51.5 28 -1 5 -1
0 1 0 26.9 51.5 26 -1 5 -1
0 1 5 26.9 51.5 24 -1 5 -1
0 1 1 26.9 51.5 26 -1 5 -1
0 1 0 26.9 51.5 26 -1 5 -1
0 1 0 27.0 51.5 24 -1 5 -1
0 1 0 27.0 52.0 24 -1 5 -1
0 1 0 27.0 51.5 22 -1 5 -1
0 1 0 27.1 51.5 24 -1 5 -1
0 1 0 27.1 51.5 24 -1 5 -1
0 1 0 27.1 52.0 22 -1 5 -1
0 1 0 27.1 52.0 22 -1 5 -1
0 1 0 27.2 52.0 22 -1 5 -1
0 1 0 27.2 52.0 22 -1 5 -1
0 1 0 27.2 52.0 22 -1 5 -1
0 1 1 27.2 52.0 22 -1 5 -1
0 1 1 27.2 52.0 20 -1 5 -1
0 1 0 27.2 52.5 22 -1 5 -1
0 1 0 27.3 52.5 24 -1 5 -1
0 1 4 27.3 52.5 22 -1 5 -1
0 1 1 27.3 52.5 24 -1 5 -1
0 1 1 27.4 52.5 26 -1 5 -1
0 1 6 27.4 52.5 27 -1 5 -1
0 1 0 27.4 52.5 29 -1 5 -1
0 1 0 27.4 52.5 29 -1 5 -1
0 1 0 27.4 52.5 27 -1 5 -1
0 1 0 27.5 52.5 31 -1 5 -1
0 1 0 27.5 52.5 33 -1 5 -1
0 1 4 27.5 52.5 32 -1 5 -1
0 1 0 27.5 53.0 32 -1 5 -1
0 1 8 27.5 53.0 34 -1 5 -1
0 1 0 27.5 53.0 34 -1 5 -1
0 1 2 27.6 53.0 34 -1 5 -1
0 1 20 27.5 53.0 34 -1 5 -1
1 1 15 27.6 53.0 19 -1 5 -1
0 1 0 27.6 53.0 19 -1 0 -1
0 1 0 27.5 53.5 17 -1 0 -1
0 1 0 27.6 53.5 17 -1 0 -1
0 1 0 27.5 53.5 17 -1 0 -1
0 1 0 27.6 53.5 19 -1 0 -1
0 1 0 27.6 53.5 19 -1 0 -1
0 1 0 27.6 53.0 21 -1 0 -1
0 1 0 27.6 53.5 17 -1 0 -1
0 1 0 27.6 53.0 19 -1 0 -1
0 1 0 27.6 53.0 19 -1 0 -1
0 1 0 27.6 53.0 21 -1 0 -1
0 1 0 27.6 53.0 21 -1 0 -1
0 1 0 27.6 53.0 21 -1 0 -1
0 1 0 27.6 53.0 19 -1 0 -1
0 1 0 27.6 53.0 19 -1 0 -1
0 1 0 27.6 53.0 21 -1 0 -1
0 1 0 27.6 53.0 21 -1 0 -1
0 1 0 27.6 53.0 19 -1 0 -1
0 1 0 27.7 53.0 17 -1 0 -1
0 1 0 27.7 53.0 19 -1 0 -1
0 1 0 27.7 53.0 17 -1 0 -1
0 1 0 27.7 53.0 15 -1 0 -1
0 1 0 27.7 53.0 16 -1 0 -1
0 1 0 27.8 53.0 16 -1 0 -1
0 1 0 27.8 52.5 14 -1 0 -1
0 1 0 27.7 52.5 14 -1 0 -1
0 1 0 27.8 52.5 14 -1 0 -1
0 1 0 27.7 52.5 12 -1 0 -1
0 1 0 27.7 52.5 14 -1 0 -1
0 1 0 27.7 52.5 12 -1 0 -1
0 1 0 27.7 52.5 10 -1 0 -1
0 1 0 27.7 52.5 10 -1 0 -1
0 1 0 27.8 52.5 11 -1 0 -1
0 1 0 27.7 52.5 9 -1 0 -1
0 1 0 27.7 52.5 9 -1 0 -1
0 1 0 27.8 52.5 9 -1 0 -1
0 1 0 27.7 52.5 9 -1 0 -1
0 1 0 27.8 52.5 9 -1 0 -1
0 1 0 27.8 52.5 7 -1 0 -1
0 1 0 27.8 52.5 7 -1 0 -1
0 1 0 27.7 52.5 7 -1 0 -1
0 1 0 27.7 52.5 7 -1 0 -1
0 1 0 27.8 52.5 7 -1 0 -1
0 1 0 27.8 52.5 9 -1 0 -1
0 1 0 27.8 52.5 9 -1 0 -1
0 1 0 27.7 52.5 9 -1 0 -1
0 1 0 27.8 52.5 7 -1 0 -1
0 1 0 27.8 52.5 7 -1 0 -1
0 1 0 27.8 52.5 7 -1 0 -1
0 1 0 27.8 52.5 5 -1 0 -1
0 1 0 27.8 52.5 5 -1 0 -1
0 1 0 27.8 52.5 9 -1 0 -1
0 1 0 27.8 52.5 7 -1 0 -1
0 1 0 27.8 52.5 7 -1 0 -1
0 1 0 27.8 52.5 5 -1 0 -1
0 1 0 27.8 52.5 3 -1 0 -1
0 1 0 27.8 52.5 6 -1 0 -1
0 1 0 27.8 52.5 4 -1 0 -1
0 1 0 27.9 52.5 2 -1 0 -1
0 1 0 27.8 52.0 4 -1 0 -1
0 1 0 27.8 52.0 2 -1 0 -1
0 1 0 27.9 52.0 4 -1 0 -1
0 1 0 27.9 52.0 2 -1 0 -1
0 1 0 27.8 52.0 2 -1 0 -1
0 1 0 27.8 52.0 2 -1 0 -1
0 1 0 27.8 52.0 4 -1 0 -1
0 1 0 27.8 52.0 1 -1 0 -1
0 1 0 27.9 52.0 2 -1 0 -1
0 1 0 27.8 52.0 2 -1 0 -1
0 1 0 27.8 52.0 4 -1 0 -1
0 1 0 27.9 52.0 4 -1 0 -1
0 1 0 27.9 52.0 2 -1 0 -1
0 1 0 27.8 52.0 2 -1 0 -1
0 1 0 27.8 52.0 4 -1 0 -1
0 1 0 27.9 52.0 4 -1 0 -1
0 1 0 27.8 52.0 4 c26 0 -1
0 1 6 27.9 52.0 6 c26 0 -1
0 1 0 27.8 51.5 6 c26 0 -1
0 1 0 27.8 51.0 6 c26 0 -1
0 1 16 27.8 51.0 2 c26 0 7
0 1 0 27.6 51.5 1 c26 0 7
0 1 0 27.6 51.0 1 c26 0 7
0 1 0 27.5 50.5 1 c26 0 7
0 1 0 27.3 49.5 1 c26 0 7
0 1 0 27.2 49.0 1 c26 0 7
0 1 0 27.1 48.5 1 c26 0 7
0 1 9 26.9 48.0 1 c26 0 7
0 1 0 26.8 47.0 1 c26 0 7
0 1 0 26.7 46.5 1 c26 0 7
0 1 0 26.6 46.0 1 c26 0 7
0 1 0 26.5 46.0 1 c26 0 7
0 1 0 26.4 45.5 1 c26 0 7
0 1 0 26.3 45.0 1 c26 0 7
0 1 0 26.2 45.0 1 c26 0 7
0 1 0 26.2 45.0 1 c26 0 7
0 1 0 26.1 45.0 1 c26 0 7
0 1 0 26.1 45.0 1 c26 0 7
0 1 0 26.0 45.5 1 c26 0 7
0 1 0 26.0 45.0 1 c26 0 7
0 1 1 25.9 45.0 1 c26 0 7
0 1 0 25.9 45.0 1 c26 0 7
0 1 0 25.9 45.0 1 c26 0 7
0 1 0 25.7 45.0 1 c26 0 7
0 1 10 25.7 45.0 2 c26 0 7
0 1 2 25.7 45.0 2 c26 0 7
0 1 2 25.7 45.0 2 c26 0 7
0 1 0 25.6 45.0 2 c26 0 7
0 1 0 25.5 45.0 2 c26 0 7
0 1 0 25.5 45.0 2 c26 0 7
0 1 0 25.5 45.0 2 c26 0 7
0 1 0 25.5 45.0 2 c26 0 7
0 1 0 25.5 45.0 2 c26 0 7
0 1 0 25.4 45.0 2 -1 0 7
0 1 0 25.3 45.5 2 -1 0 7
0 1 15 25.3 45.0 2 -1 0 7
0 1 0 25.3 45.5 2 -1 0 7
0 1 0 25.3 45.5 2 -1 0 7
0 1 0 25.4 45.5 2 -1 0 7
0 1 0 25.4 45.5 2 -1 0 7
0 1 0 25.5 45.5 2 -1 0 7
0 1 0 25.6 45.5 2 -1 0 7
0 1 0 25.7 45.5 2 -1 0 7
0 1 0 25.8 46.0 2 -1 0 7
0 1 0 25.8 46.0 2 -1 0 7
0 1 0 25.9 46.0 2 -1 0 7
0 1 0 25.9 46.0 2 -1 0 7
0 1 0 25.9 46.5 2 -1 0 7
0 1 0 26.0 46.5 2 -1 0 7
0 1 0 26.0 47.0 4 -1 0 7
0 1 0 26.1 47.0 4 -1 0 7
0 1 0 26.2 47.0 4 -1 0 7
0 1 0 26.2 47.0 4 -1 0 7
0 1 0 26.3 47.5 4 -1 0 7
0 1 0 26.3 47.5 4 -1 0 7
0 1 0 26.3 47.5 4 -1 0 7
0 1 0 26.4 47.5 4 -1 0 7
0 1 0 26.4 48.0 4 -1 0 7
0 1 0 26.4 48.0 4 -1 0 7
0 1 0 26.5 48.0 4 -1 0 7
0 1 0 26.5 48.0 4 -1 0 7
0 1 0 26.5 48.0 4 -1 0 7
0 1 0 26.5 48.5 4 -1 0 7
0 1 0 26.6 48.5 4 -1 0 7
0 1 0 26.6 48.5 4 -1 0 7
0 1 0 26.6 48.5 4 -1 0 7
0 1 0 26.7 48.5 4 -1 0 7
0 1 0 26.7 48.5 4 -1 0 7
0 1 0 26.7 49.0 4 -1 0 7
0 1 0 26.8 49.0 6 -1 0 7
0 1 0 26.8 49.0 6 -1 0 7
0 1 0 26.8 49.0 6 -1 0 7
0 1 0 26.9 49.0 6 -1 0 7
0 1 0 26.8 49.5 6 -1 0 7
0 1 0 26.8 49.5 6 -1 0 7
0 1 0 26.9 49.5 6 -1 0 7
0 1 0 26.9 49.5 6 -1 0 7
0 1 0 26.9 49.5 6 -1 0 7
0 1 0 26.9 50.0 6 -1 0 7
0 1 0 27.0 50.0 6 -1 0 7
0 1 0 27.0 50.0 6 -1 0 7
0 1 0 27.0 50.0 6 -1 0 7
0 1 0 27.1 50.0 6 -1 0 7
0 1 0 27.1 50.0 6 -1 0 7
0 1 0 27.1 50.5 6 -1 0 7
0 1 0 27.1 50.5 6 -1 0 7
0 1 0 27.2 50.5 4 -1 0 7
0 1 0 27.2 50.5 4 -1 0 7
0 1 18 27.2 50.5 4 -1 0 7
0 1 0 27.3 51.0 4 -1 0 7
0 1 0 27.3 51.0 4 -1 0 7
0 1 6 27.3 51.0 7 -1 0 7
0 1 16 27.2 51.5 17 -1 0 7
0 1 0 27.3 51.5 19 -1 0 7
0 1 9 27.3 52.0 19 -1 0 7
0 1 7 27.3 52.0 21 -1 0 7
0 1 1 27.3 52.0 17 -1 0 7
0 1 2 27.4 52.5 19 -1 0 7
0 1 0 27.4 52.5 19 -1 0 7
0 1 0 27.4 53.0 21 -1 0 7
0 1 0 27.4 53.0 21 -1 0 7
0 1 0 27.4 53.0 21 -1 0 7
0 1 0 27.5 53.5 23 -1 0 7
0 1 0 27.5 53.5 19 -1 0 7
0 1 0 27.5 53.5 19 -1 0 7
0 1 0 27.5 53.5 19 -1 0 7
0 1 0 27.5 53.5 21 -1 0 7
0 1 0 27.6 54.0 21 -1 0 7
0 1 0 27.6 54.0 23 -1 0 7
0 1 0 27.5 54.0 23 -1 0 7
0 1 0 27.7 54.5 23 -1 0 7
0 1 3 27.6 54.5 23 -1 0 7
0 1 0 27.6 54.5 23 -1 0 7
0 1 0 27.6 54.5 23 -1 0 7
0 1 0 27.7 54.5 25 -1 0 7
0 1 0 27.7 54.5 25 -1 0 7
0 1 0 27.7 54.5 25 -1 0 7
0 1 0 27.7 54.5 25 -1 0 7
0 1 0 27.8 54.5 25 -1 0 7
0 1 0 27.8 54.5 21 -1 0 7
0 1 0 27.7 54.5 21 -1 0 7
0 1 0 27.7 54.5 21 -1 0 7
0 1 0 27.8 54.5 24 -1 0 7
0 1 0 27.8 54.5 24 -1 0 7
0 1 0 27.8 54.5 24 -1 0 7
0 1 0 27.8 54.5 26 -1 0 7
0 1 4 27.8 54.5 26 -1 0 7
0 1 0 27.8 54.5 24 -1 0 7
0 1 0 27.8 54.5 26 -1 0 7
0 1 0 27.7 54.5 26 -1 0 7
0 1 0 27.8 54.5 26 -1 0 7
0 1 2 27.8 54.5 26 -1 0 7
0 1 0 27.8 54.5 26 -1 0 7
0 1 0 27.8 54.5 26 -1 0 7
0 1 29 27.8 54.5 24 -1 0 7
0 1 0 27.8 54.5 24 -1 0 7
0 1 0 27.8 54.5 26 -1 0 7
0 1 0 27.9 54.5 26 -1 0 7
0 1 0 27.8 54.5 24 -1 0 7
0 1 0 27.8 54.5 22 -1 0 7
0 1 0 27.8 54.5 24 -1 0 7
0 1 0 27.8 54.5 22 -1 0 7
0 1 0 27.8 54.5 26 -1 0 7
0 1 0 27.7 54.5 22 -1 0 7
0 1 0 27.8 54.5 26 -1 0 7
0 1 0 27.8 54.5 26 -1 0 7
0 1 0 27.8 54.5 26 -1 0 7
0 1 0 27.8 54.5 22 -1 0 7
0 1 0 27.8 54.5 26 c26 0 7
0 1 30 27.7 54.0 39 c26 0 7
0 1 0 27.8 53.5 43 c26 5 7
0 1 0 27.6 52.5 41 c26 5 7
0 1 0 27.5 52.0 38 c26 5 7
0 1 0 27.3 51.5 40 c26 5 7
0 1 0 27.2 51.0 38 c26 5 7
0 1 0 27.1 50.0 38 c26 5 7
0 1 0 27.0 49.5 36 c26 5 7
0 1 0 26.9 49.0 36 c26 5 7
0 1 0 26.8 49.0 34 c26 5 7
0 1 2 26.7 48.5 38 c26 5 7
0 1 0 26.6 48.5 36 c26 5 7
0 1 0 26.5 48.0 36 c26 5 7
0 1 0 26.4 47.5 34 c26 5 7
0 1 0 26.3 47.5 33 c26 5 7
0 1 0 26.3 47.0 29 c26 5 7
0 1 0 26.2 47.0 31 c26 5 7
0 1 0 26.1 47.0 29 c26 5 7
0 1 0 26.0 47.0 31 c26 5 7
0 1 0 26.0 46.5 29 c26 5 7
0 1 0 26.0 46.5 27 c26 5 7
0 1 0 25.9 46.5 28 c26 5 7
0 1 0 25.9 46.5 26 c26 5 7
0 1 0 25.8 46.5 26 c26 5 7
0 1 0 25.7 46.5 26 c26 5 7
0 1 0 25.7 46.5 26 c26 5 7
0 1 0 25.7 46.5 24 c26 5 7
0 1 0 25.6 46.5 24 c26 5 7
0 1 0 25.5 46.5 24 c26 5 7
0 1 1 25.5 46.5 24 c26 5 7
0 1 0 25.5 46.5 24 c26 5 7
0 1 0 25.4 46.5 22 c26 5 7
0 1 0 25.4 46.5 22 c26 5 7
0 1 0 25.4 46.5 26 c26 5 7
0 1 0 25.3 46.5 26 c26 5 7
0 1 0 25.3 46.5 26 c26 5 7
0 1 0 25.2 47.0 26 c26 5 7
0 1 0 25.2 47.0 26 c26 5 7
0 1 0 25.2 47.0 26 c26 5 7
0 1 0 25.2 47.0 24 c26 5 7
0 1 0 25.2 47.0 24 c26 5 7
0 1 5 25.2 47.0 24 c26 5 7
0 1 4 25.1 46.5 24 c26 5 7
0 1 0 25.0 46.5 24 c26 5 7
0 1 0 25.0 46.5 24 c26 5 7
0 1 0 25.0 46.5 24 c26 5 7
0 1 0 24.9 46.5 24 c26 5 7
0 1 0 24.9 46.5 24 c26 5 7
0 1 3 24.8 46.5 24 c26 5 7
0 1 3 24.8 46.5 22 c26 5 7
0 1 0 24.8 46.5 22 c26 5 7
0 1 0 24.8 46.5 22 c26 5 7
0 1 0 24.8 46.5 22 c26 5 7
0 1 0 24.8 46.5 22 c26 5 7
0 1 0 24.7 46.5 22 c26 5 7
0 1 0 24.7 46.5 22 c26 5 7
0 1 1 24.7 46.5 22 c26 5 7
0 1 0 24.7 47.0 22 c26 5 7
0 1 0 24.7 47.0 22 c26 5 7
0 1 0 24.6 47.0 24 c26 5 7
0 1 0 24.6 47.0 24 c26 5 7
0 1 0 24.6 47.0 24 c26 5 7
0 1 0 24.6 47.0 24 c26 5 7
0 1 0 24.5 47.0 24 c26 5 7
0 1 4 24.5 47.0 26 c26 5 7
0 1 0 24.5 47.0 22 c26 5 7
0 1 17 24.5 47.0 22 c26 5 7
0 1 12 24.4 47.0 24 c26 5 7
0 1 4 24.5 47.0 24 c26 5 7
0 1 0 24.4 47.0 22 c26 5 7
0 1 1 24.4 47.0 24 c26 5 7
0 1 0 24.4 47.0 24 c26 5 7
0 1 3 24.4 47.0 24 c26 5 7
0 1 2 24.3 47.0 24 c26 5 7
0 1 12 24.3 47.0 22 c26 5 7
0 1 16 24.3 47.0 22 c26 5 7
0 1 18 24.3 47.5 22 c26 5 7
0 1 2 24.3 47.5 26 c26 5 7
0 1 0 24.3 47.5 26 c26 5 7
0 1 9 24.2 47.0 24 c26 5 7
0 1 3 24.2 47.0 24 c26 5 7
0 1 6 24.2 47.0 24 c26 5 7
0 1 1 24.2 47.0 24 c26 5 7
0 1 2 24.2 47.0 24 c26 5 7
0 1 0 24.1 47.0 24 c26 5 7
0 1 17 24.2 47.0 24 c26 5 7
0 1 5 24.2 47.5 22 c26 5 7
0 1 15 24.1 47.5 24 c26 5 7
0 1 19 24.1 47.5 24 c26 5 7
0 1 10 24.1 48.0 24 c26 5 7
0 1 2 24.1 47.5 24 c26 5 7
0 1 7 24.1 48.0 24 c26 5 7
0 1 13 24.1 48.0 22 c26 5 7
1 1 19 24.0 48.0 5 c26 5 7
0 1 0 24.0 48.0 5 c26 0 7
0 1 0 24.0 48.0 5 c26 0 7
0 1 0 24.0 48.0 9 c26 0 7
0 1 0 24.0 48.0 9 c26 0 7
0 1 0 24.0 48.0 9 c26 0 7
0 1 0 23.9 48.0 9 c26 0 7
0 1 0 23.9 48.0 9 c26 0 7
0 1 0 23.8 48.0 6 c26 0 7
0 1 0 23.9 48.0 6 c26 0 7
0 1 0 23.9 48.0 6 c26 0 7
0 1 0 23.9 48.0 6 c26 0 7
0 1 0 23.8 48.0 6 c26 0 7
0 1 0 23.7 48.0 6 c26 0 7
0 1 0 23.7 48.0 6 c26 0 7
0 1 0 23.7 48.0 6 c26 0 7
0 1 0 23.8 48.0 6 c26 0 7
0 1 0 23.7 48.0 6 c26 0 7
0 1 0 23.7 48.0 6 c26 0 7
0 1 0 23.6 48.0 9 c26 0 7
0 1 0 23.7 48.0 9 c26 0 7
0 1 0 23.7 48.0 5 c26 0 7
0 1 0 23.7 48.0 5 c26 0 7
0 1 0 23.7 48.0 5 c26 0 7
0 1 0 23.7 48.0 5 c26 0 7
0 1 0 23.7 48.0 5 c26 0 7
0 1 0 23.6 48.0 5 c26 0 7
0 1 0 23.6 48.0 5 c26 0 7
0 1 0 23.6 48.0 5 c26 0 7
0 1 0 23.6 48.5 5 c26 0 7
0 1 0 23.6 49.0 9 c26 0 7
0 1 0 23.7 50.0 9 c26 0 7
0 1 0 23.7 51.0 9 c26 0 7
0 1 0 23.9 52.0 9 c26 0 7
0 1 0 23.8 52.5 6 c26 0 7
0 1 0 24.0 53.5 6 c26 0 7
0 1 0 24.0 54.0 6 c26 0 7
0 1 0 24.1 54.5 6 c26 0 7
0 1 0 24.2 55.0 6 c26 0 7
0 1 0 24.2 55.5 6 c26 0 7
0 1 0 24.3 56.5 6 c26 0 7
0 1 0 24.4 56.5 6 c26 0 7
0 1 0 24.4 57.0 6 c26 0 7
0 1 0 24.5 57.5 6 c26 0 7
0 1 0 24.5 57.5 6 c26 0 7
0 1 0 24.5 57.0 6 c26 0 7
0 1 0 24.5 56.5 6 c26 0 7
0 1 0 24.4 56.0 6 c26 0 7
0 1 0 24.3 55.0 6 c26 0 7
0 1 0 24.3 54.5 6 c26 0 7
0 1 0 24.2 54.0 6 c26 0 7
0 1 0 24.2 53.5 6 c26 0 7
0 1 0 24.1 53.0 6 c26 0 7
0 1 0 24.1 53.0 4 c26 0 7
0 1 0 24.1 52.5 4 c26 0 7
0 1 0 24.0 52.0 4 c26 0 7
0 1 0 23.9 51.5 4 c26 0 7
0 1 0 23.9 51.0 4 c26 0 7
0 1 0 23.9 51.0 4 c26 0 7
0 1 0 23.8 51.0 4 c26 0 7
0 1 0 23.8 50.5 4 c26 0 7
0 1 0 23.7 50.5 4 c26 0 7
0 1 0 23.7 50.0 2 c26 0 7
0 1 0 23.7 50.0 2 c26 0 7
0 1 0 23.7 50.5 2 c26 0 7
0 1 0 23.7 51.5 2 c26 0 7
0 1 0 23.8 52.5 6 c26 0 7
0 1 0 23.8 53.5 6 c26 0 7
0 1 0 23.9 54.0 6 c26 0 7
0 1 0 24.0 54.5 4 c26 0 7
0 1 0 24.1 55.0 4 c26 0 7
0 1 0 24.1 56.0 4 c26 0 7
0 1 0 24.2 56.5 4 c26 0 7
0 1 0 24.3 57.0 4 c26 0 7
0 1 0 24.3 57.5 4 c26 0 7
0 1 0 24.3 58.0 4 c26 0 7
0 1 0 24.4 58.5 2 c26 0 7
0 1 2 24.4 59.0 2 c26 0 7
0 1 11 24.6 59.5 2 c26 0 7
0 1 0 24.5 59.0 2 c26 0 7
0 1 0 24.5 58.5 2 c26 0 7
0 1 1 24.5 57.5 2 c26 0 7
0 1 12 24.4 57.0 2 c26 0 7
1 1 11 24.4 56.0 2 c26 0 7
0 1 0 24.3 55.5 2 c26 0 7
0 1 0 24.2 55.0 2 c26 0 7
0 1 0 24.2 54.5 2 c26 0 7
0 1 0 24.1 54.0 2 c26 0 7
0 1 0 24.1 53.5 2 c26 0 7
0 1 0 24.0 53.0 2 c26 0 7
0 1 1 24.0 52.5 9 c26 0 7
0 1 3 24.0 52.5 19 c26 5 7
0 1 13 23.9 52.0 19 c26 5 7
0 1 2 23.9 52.0 19 c26 5 7
0 1 2 23.8 51.5 19 c26 5 7
0 1 3 23.8 51.5 19 c26 5 7
0 1 2 23.8 51.0 19 c26 5 7
0 1 2 23.8 51.0 19 c26 5 7
0 1 0 23.7 51.0 17 c26 5 7
0 1 0 23.8 51.0 17 c26 5 7
0 1 0 23.8 51.0 17 c26 5 7
0 1 0 23.7 50.5 17 c26 5 7
0 1 0 23.6 50.5 17 c26 5 7
0 1 0 23.6 50.5 17 c26 5 7
0 1 0 23.6 50.5 21 c26 5 7
0 1 0 23.5 50.5 21 c26 5 7
0 1 0 23.6 50.5 19 c26 5 7
0 1 0 23.6 50.0 19 c26 5 7
0 1 0 23.5 50.0 19 c26 5 7
0 1 0 23.6 50.0 19 c26 5 7
0 1 4 23.5 50.0 19 c26 5 7
0 1 4 23.5 50.0 19 c26 5 7
0 1 5 23.5 50.0 19 c26 5 7
0 1 0 23.4 50.0 19 c26 5 7
0 1 16 23.4 50.0 19 c26 5 7
0 1 0 23.5 50.0 19 c26 5 7
0 1 0 23.4 50.0 19 c26 5 7
0 1 0 23.5 50.0 19 c26 5 7
0 1 0 23.4 50.0 19 c26 5 7
0 1 0 23.4 50.0 19 c26 5 7
0 1 8 23.4 50.0 19 c26 5 7
0 1 7 23.4 49.5 19 c26 5 7
0 1 2 23.3 49.5 19 c26 5 7
0 1 0 23.4 49.5 19 c26 5 7
0 1 0 23.3 49.5 19 c26 5 7
0 1 0 23.3 49.5 19 c26 5 7
0 1 32 23.3 49.5 19 c26 5 7
0 1 1 23.3 49.5 19 c26 5 7
0 1 0 23.3 50.5 19 c26 5 7
0 1 0 23.3 51.0 19 c26 5 7
0 1 3 23.4 52.0 19 c26 5 7
0 1 0 23.5 53.0 19 c26 5 7
0 1 0 23.5 53.5 19 c26 5 7
0 1 0 23.6 54.5 19 c26 5 7
0 1 0 23.6 55.0 19 c26 5 7
0 1 0 23.7 55.5 19 c26 5 7
0 1 0 23.7 56.0 19 c26 5 7
0 1 2 23.8 56.5 19 c26 5 7
0 1 0 24.0 57.0 19 c26 5 7
0 1 0 24.0 57.5 19 c26 5 7
0 1 0 24.0 57.5 19 c26 5 7
0 1 9 24.1 58.0 19 c26 5 7
0 1 16 24.2 58.5 19 c26 5 7
0 1 11 24.2 58.5 19 c26 5 7
0 1 0 24.2 58.5 19 c26 5 7
0 1 0 24.2 58.5 19 c26 5 7
0 1 0 24.2 57.5 19 c26 5 7
0 1 0 24.2 57.5 19 c26 5 7
0 1 0 24.1 56.5 19 c26 5 7
0 1 0 24.1 55.5 19 c26 5 7
0 1 0 24.0 55.0 19 c26 5 7
0 1 0 24.0 54.5 19 c26 5 7
0 1 0 23.9 54.0 19 c26 5 7
0 1 0 23.8 53.5 19 c26 5 7
0 1 0 23.7 53.0 19 c26 5 7
0 1 0 23.7 52.5 19 c26 5 7
0 1 0 23.6 52.0 19 c26 5 7
0 1 0 23.7 52.0 19 c26 5 7
0 1 0 23.6 52.0 19 c26 5 7
0 1 0 23.5 51.5 19 c26 5 7
0 1 0 23.5 51.5 19 -1 5 7
0 1 7 23.5 52.0 19 -1 5 7
0 1 22 23.5 52.5 19 -1 5 7
0 1 2 23.6 53.0 19 -1 5 7
0 1 0 23.7 53.0 19 -1 5 7
0 1 0 23.7 53.0 19 -1 5 7
0 1 0 23.9 53.0 19 -1 5 7
0 1 0 24.0 53.0 19 -1 5 7
0 1 0 24.0 53.0 19 -1 5 7
0 1 1 24.0 52.5 19 -1 5 7
0 1 0 24.1 52.5 19 -1 5 7
0 1 2 24.2 53.0 19 -1 5 7
0 1 0 24.3 53.0 19 -1 5 7
0 1 2 24.4 53.0 19 -1 5 7
0 1 2 24.3 53.5 19 -1 5 7
0 1 4 24.4 53.5 19 -1 5 7
0 1 0 24.4 53.5 19 -1 5 7
0 1 2 24.5 53.5 19 -1 5 7
0 1 0 24.6 53.5 19 -1 5 7
0 1 2 24.6 53.5 19 -1 5 7
0 1 1 24.7 53.5 19 -1 5 7
0 1 0 24.7 53.5 19 -1 5 7
0 1 0 24.7 53.5 19 -1 5 7
0 1 4 24.8 53.5 19 -1 5 7
0 1 0 24.9 54.0 19 -1 5 7
0 1 0 24.9 53.5 19 -1 5 7
0 1 3 24.9 54.0 19 -1 5 7
0 1 1 24.9 53.5 19 -1 5 7
0 1 3 25.0 54.0 19 -1 5 7
0 1 4 25.0 54.0 19 -1 5 7
0 1 0 25.1 54.0 19 -1 5 7
0 1 0 25.1 54.0 19 -1 5 7
0 1 0 25.1 54.0 19 -1 5 7
0 1 0 25.2 54.0 19 -1 5 7
0 1 2 25.2 54.0 19 -1 5 7
0 1 1 25.3 54.0 19 -1 5 7
0 1 3 25.2 54.0 19 -1 5 7
0 1 0 25.3 54.0 19 -1 5 7
0 1 0 25.4 54.0 19 -1 5 7
0 1 3 25.3 54.0 19 -1 5 7
0 1 3 25.4 54.0 19 -1 5 7
0 1 0 25.4 54.0 19 -1 5 7
0 1 9 25.4 54.0 19 -1 5 7
0 1 0 25.5 54.0 19 -1 5 7
0 1 2 25.6 54.0 19 -1 5 7
0 1 13 25.6 54.0 19 -1 5 7
0 1 6 25.6 54.0 19 -1 5 7
0 1 0 25.6 54.0 19 -1 5 7
0 1 0 25.6 54.0 19 -1 5 7
0 1 0 25.7 54.0 19 -1 5 7
0 1 0 25.6 54.0 19 -1 5 7
0 1 0 25.7 54.0 19 -1 5 7
0 1 0 25.7 54.0 19 -1 5 7
0 1 0 25.8 54.0 19 -1 5 7
0 1 0 25.7 53.5 19 -1 5 7
0 1 0 25.8 53.5 17 -1 5 7
0 1 0 25.8 53.5 19 -1 5 7
0 1 0 25.8 53.5 19 -1 5 7
0 1 0 25.8 53.5 19 -1 5 7
0 1 21 25.8 53.5 19 -1 5 7
0 1 4 25.9 53.5 19 -1 5 7
0 1 0 25.9 53.5 19 -1 5 7
0 1 4 26.0 53.5 19 -1 5 7
0 1 1 26.0 53.5 19 -1 5 7
0 1 0 25.9 53.5 19 -1 5 7
0 1 0 26.0 53.5 19 -1 5 7
0 1 0 26.0 53.5 19 -1 5 7
0 1 0 26.0 53.5 19 -1 5 7
0 1 5 26.0 53.5 19 -1 5 7
0 1 10 26.1 53.5 19 -1 5 7
0 1 0 26.0 53.5 19 -1 5 7
0 1 0 26.1 53.5 19 -1 5 7
0 1 0 26.1 53.5 19 -1 5 7
0 1 0 26.2 53.5 19 -1 5 7
0 1 0 26.2 53.5 19 -1 5 7
0 1 0 26.2 53.0 19 -1 5 7
0 1 4 26.2 53.0 19 -1 5 7
0 1 15 26.2 53.0 19 -1 5 7
0 1 7 26.2 53.0 19 -1 5 7
0 1 4 26.2 53.0 19 -1 5 7
0 1 0 26.3 53.0 19 -1 5 7
0 1 0 26.3 53.0 19 -1 5 7
0 1 0 26.3 53.0 19 -1 5 7
0 1 0 26.3 53.0 17 -1 5 7
0 1 0 26.3 53.0 17 -1 5 7
0 1 0 26.3 53.0 17 -1 5 7
0 1 0 26.4 53.0 19 -1 5 7
0 1 0 26.4 53.0 19 -1 5 7
0 1 1 26.4 53.0 19 -1 5 7
0 1 0 26.4 53.0 17 -1 5 7
0 1 0 26.4 53.0 17 -1 5 7
0 1 7 26.3 53.0 17 -1 5 7
0 1 3 26.4 53.0 17 -1 5 7
0 1 0 26.4 53.0 19 -1 5 7
0 1 0 26.5 53.0 19 -1 5 7
0 1 0 26.5 53.0 17 -1 5 7
0 1 0 26.5 53.0 19 -1 5 7
0 1 0 26.5 53.0 17 -1 5 7
0 1 0 26.5 53.0 19 -1 5 7
0 1 0 26.5 53.0 17 -1 5 7
0 1 0 26.5 53.0 19 -1 5 7
0 1 0 26.5 53.0 17 -1 5 7
0 1 0 26.5 53.0 17 -1 5 7
0 1 2 26.5 53.0 19 -1 5 7
0 1 2 26.5 53.0 19 -1 5 7
0 1 0 26.6 53.0 19 -1 5 7
0 1 14 26.6 52.5 17 -1 5 7
0 1 12 26.7 52.5 17 -1 5 7
0 1 0 26.6 52.5 17 -1 5 7
0 1 0 26.6 52.5 17 -1 5 7
0 1 0 26.6 52.5 17 -1 5 7
0 1 0 26.6 52.5 17 -1 5 7
0 1 0 26.6 52.5 17 -1 5 7
0 1 6 26.6 52.5 17 -1 5 7
0 1 0 26.6 52.0 19 -1 5 7
0 1 5 26.6 52.0 19 -1 5 7
0 1 1 26.6 52.5 17 -1 5 7
0 1 0 26.7 52.5 19 -1 5 7
0 1 0 26.6 52.5 19 -1 5 7
0 1 0 26.7 52.5 19 -1 5 7
0 1 0 26.7 52.5 17 -1 5 7
0 1 0 26.7 52.5 17 -1 5 7
0 1 3 26.8 52.5 17 -1 5 7
0 1 0 26.8 52.5 17 -1 5 7
0 1 0 26.7 52.5 19 -1 5 7
0 1 0 26.8 52.5 17 -1 5 7
0 1 0 26.7 52.5 19 -1 5 7
0 1 0 26.7 52.0 17 -1 5 7
0 1 2 26.8 52.0 19 -1 5 7
0 1 0 26.8 52.5 19 -1 5 7
0 1 0 26.8 52.0 19 -1 5 7
0 1 0 26.8 52.5 19 -1 5 7
0 1 0 26.8 52.5 17 -1 5 7
0 1 0 26.8 52.5 19 -1 5 7
0 1 0 26.8 52.5 17 -1 5 7
0 1 0 26.9 52.5 19 -1 5 7
0 1 0 26.9 52.5 17 -1 5 7
0 1 0 26.9 52.5 17 -1 5 7
0 1 0 26.9 52.0 17 -1 5 7
0 1 0 26.9 52.5 17 -1 5 7
0 1 0 26.9 52.5 19 -1 5 7
0 1 28 26.9 52.0 19 -1 5 7
0 1 34 26.9 52.0 8 -1 5 7
0 1 0 27.0 52.0 0 -1 0 7
0 1 0 26.9 52.0 0 -1 0 7
0 1 0 26.9 52.0 0 -1 0 7
0 1 0 26.9 52.0 0 -1 0 7
0 1 0 27.0 52.0 0 -1 0 7
0 1 0 26.9 52.0 0 -1 0 7
0 1 0 27.0 52.0 0 -1 0 7
0 1 0 26.8 52.0 0 -1 0 7
0 1 0 26.9 51.5 0 -1 0 7
0 1 0 26.8 51.5 0 -1 0 7
0 1 0 26.9 51.5 0 -1 0 7
0 1 0 26.9 51.5 0 -1 0 7
0 1 0 26.9 51.5 0 -1 0 7
0 1 0 26.9 51.5 0 -1 0 7
0 1 0 26.9 51.0 2 -1 0 7
0 1 0 26.9 51.0 2 -1 0 7
0 1 0 26.9 51.0 2 -1 0 7
0 1 0 26.9 51.0 2 -1 0 7
0 1 0 26.8 51.0 2 -1 0 7
0 1 0 26.9 51.0 2 -1 0 7
0 1 0 26.9 51.0 2 -1 0 7
0 1 0 26.9 51.0 2 -1 0 7
0 1 0 26.9 51.0 2 -1 0 7
0 1 0 26.9 51.0 2 -1 0 7
0 1 0 26.9 51.0 2 -1 0 7
0 1 0 27.0 51.0 2 -1 0 7
0 1 0 26.8 51.0 2 -1 0 7
0 1 0 26.9 51.0 2 -1 0 7
0 1 0 26.9 50.5 2 -1 0 7
0 1 0 26.9 50.5 2 -1 0 7
0 1 0 26.9 50.5 2 -1 0 7
0 1 0 26.9 50.5 2 -1 0 7
0 1 0 26.9 50.5 2 -1 0 7
0 1 0 26.9 50.5 2 -1 0 7
0 1 0 26.8 50.5 2 -1 0 7
0 1 0 26.9 50.5 2 -1 0 7
0 1 0 26.9 50.5 2 -1 0 7
0 1 0 26.9 50.5 2 -1 0 7
0 1 0 26.9 50.5 2 -1 0 7
0 1 0 26.9 50.5 2 -1 0 7
0 1 0 26.9 50.5 2 -1 0 7
0 1 0 26.9 50.5 2 -1 0 7
0 1 0 27.0 50.5 2 -1 0 7
0 1 0 26.9 50.5 2 -1 0 7
0 1 0 26.9 50.5 2 -1 0 7
0 1 0 26.9 50.0 2 -1 0 7
0 1 0 26.9 50.0 2 -1 0 7
0 1 0 26.9 50.0 2 -1 0 7
0 1 0 26.8 50.0 2 -1 0 7
0 1 0 26.9 50.0 2 -1 0 7
0 1 0 26.9 50.0 2 -1 0 7
0 1 0 26.9 50.0 2 -1 0 7
0 1 0 26.9 50.0 2 -1 0 7
0 1 0 26.9 50.0 2 -1 0 7
0 1 0 26.9 50.0 2 -1 0 7
0 1 0 26.8 50.0 2 -1 0 7
0 1 0 26.9 50.0 2 -1 0 7
0 1 0 26.9 50.0 2 -1 0 7
0 1 0 26.9 50.0 2 -1 0 7
0 1 0 26.9 50.0 2 -1 0 7
0 1 0 26.9 50.0 2 -1 0 7
0 1 0 26.9 50.0 2 -1 0 7
0 1 0 26.9 50.0 2 -1 0 7
0 1 0 26.9 50.0 2 -1 0 7
0 1 0 27.0 50.0 2 -1 0 7
0 1 0 26.9 50.0 2 -1 0 7
0 1 0 26.9 50.0 2 -1 0 7
0 1 0 26.9 50.0 2 -1 0 7
0 1 0 27.0 50.0 2 -1 0 7
0 1 0 27.0 50.0 2 -1 0 7
0 1 0 26.9 50.0 2 -1 0 7
0 1 0 26.9 50.0 2 -1 0 7
0 1 0 26.9 50.0 2 -1 0 7
0 1 0 26.9 50.0 2 -1 0 7
0 1 0 27.0 50.0 2 -1 0 7
0 1 0 26.9 50.0 2 -1 0 7
0 1 0 27.0 50.0 2 -1 0 7
0 1 0 27.0 50.0 2 -1 0 7
0 1 0 27.0 50.0 2 -1 0 7
0 1 0 26.9 50.0 2 -1 0 7
0 1 0 26.9 50.0 2 -1 0 7
0 1 0 26.9 50.0 2 -1 0 7
0 1 0 26.9 50.0 2 -1 0 7
0 1 0 27.0 50.0 2 -1 0 7
0 1 0 27.0 50.0 2 -1 0 7
0 1 0 26.9 50.0 2 -1 0 7
0 1 0 26.9 50.0 2 -1 0 7
0 1 0 27.0 50.0 2 -1 0 7
0 1 0 27.0 50.0 2 -1 0 7
0 1 0 26.9 50.0 2 -1 0 7
0 1 0 27.0 50.0 2 -1 0 7
0 1 0 27.0 50.0 2 -1 0 7
0 1 0 27.0 50.0 2 -1 0 7
0 1 0 27.0 50.0 2 -1 0 7
0 1 0 27.0 50.0 2 -1 0 7
0 1 0 27.0 50.0 2 -1 0 7
0 1 0 27.0 50.0 2 -1 0 7
0 1 0 27.0 50.0 2 -1 0 7
0 1 0 27.0 50.0 2 -1 0 7
0 1 0 27.0 50.0 2 -1 0 7
0 1 0 27.0 50.0 2 -1 0 7
0 1 0 27.0 50.0 2 -1 0 7
0 1 0 27.0 50.0 2 -1 0 7
0 1 0 27.0 50.0 2 -1 0 7
0 1 0 27.0 50.0 2 -1 0 7
0 1 0 27.0 50.0 2 -1 0 7
0 1 0 27.1 50.0 2 -1 0 7
0 1 0 27.0 50.0 2 -1 0 7
0 1 0 27.1 50.0 2 -1 0 7
0 1 0 27.1 50.0 2 -1 0 7
0 1 0 27.1 50.0 2 -1 0 7
0 1 0 27.1 50.0 2 -1 0 7
0 1 0 27.1 50.0 2 -1 0 7
0 1 0 27.1 50.0 2 -1 0 7
0 1 0 27.0 50.0 2 -1 0 7
0 1 0 27.1 50.0 2 -1 0 7
0 1 0 27.0 50.0 2 -1 0 7
0 1 0 27.1 50.5 2 -1 0 7
0 1 0 27.0 50.5 2 -1 0 7
0 1 0 27.0 50.5 2 -1 0 7
0 1 0 27.0 50.5 2 -1 0 7
0 1 0 27.1 50.5 2 -1 0 7
0 1 0 27.0 50.5 2 -1 0 7
0 1 0 27.1 50.5 2 -1 0 7
