0 1 0 26.9 58.0 2 -1 0 -1
0 1 0 26.9 58.0 2 -1 0 -1
0 1 0 26.9 58.0 2 -1 0 -1
0 1 0 26.9 58.0 2 -1 0 -1
0 1 0 26.9 58.0 2 -1 0 -1
0 1 0 26.9 58.0 2 -1 0 -1
0 1 0 27.0 58.0 2 -1 0 -1
0 1 0 27.0 58.0 2 -1 0 -1
0 1 0 27.0 58.0 2 -1 0 -1
0 1 0 27.0 58.0 2 -1 0 -1
0 1 0 27.0 58.0 2 -1 0 -1
0 1 0 27.0 58.0 2 -1 0 -1
0 1 0 27.0 58.0 2 -1 0 -1
0 1 0 27.0 58.0 2 -1 0 -1
0 1 0 27.0 58.0 2 -1 0 -1
0 1 0 27.1 58.0 2 -1 0 -1
0 1 0 27.0 58.0 2 -1 0 -1
0 1 0 27.1 58.0 2 -1 0 -1
0 1 0 27.1 58.0 2 -1 0 -1
0 1 0 27.0 58.0 2 -1 0 -1
0 1 0 27.1 58.0 2 -1 0 -1
0 1 0 27.2 58.0 2 -1 0 -1
0 1 0 27.1 58.0 2 -1 0 -1
0 1 0 27.2 58.5 2 -1 0 -1
0 1 0 27.1 58.5 2 -1 0 -1
0 1 0 27.2 58.5 2 -1 0 -1
0 1 0 27.1 58.5 2 -1 0 -1
0 1 0 27.1 58.5 2 -1 0 -1
0 1 0 27.1 58.5 2 -1 0 -1
0 1 0 27.1 58.5 2 -1 0 -1
0 1 0 27.1 58.5 2 -1 0 -1
0 1 0 27.2 58.5 2 -1 0 -1
0 1 0 27.2 58.5 2 -1 0 -1
0 1 0 27.1 58.5 2 -1 0 -1
0 1 0 27.2 58.5 2 -1 0 -1
0 1 0 27.2 58.5 2 -1 0 -1
0 1 0 27.2 58.5 2 -1 0 -1
0 1 0 27.2 58.5 2 -1 0 -1
0 1 0 27.2 58.5 2 -1 0 -1
0 1 0 27.2 58.5 2 -1 0 -1
0 1 0 27.2 59.0 2 -1 0 -1
0 1 0 27.3 59.0 2 -1 0 -1
0 1 0 27.3 59.0 2 -1 0 -1
0 1 0 27.3 59.0 2 -1 0 -1
0 1 0 27.3 59.0 2 -1 0 -1
0 1 0 27.3 59.0 2 -1 0 -1
0 1 0 27.2 59.0 2 -1 0 -1
0 1 0 27.3 59.0 2 -1 0 -1
0 1 0 27.3 59.0 2 -1 0 -1
0 1 0 27.3 59.0 2 -1 0 -1
0 1 0 27.3 59.0 2 -1 0 -1
0 1 0 27.3 59.0 2 -1 0 -1
0 1 0 27.3 59.0 2 -1 0 -1
0 1 0 27.3 59.0 2 -1 0 -1
0 1 0 27.4 59.0 2 -1 0 -1
0 1 0 27.3 59.0 2 -1 0 -1
0 1 0 27.3 59.0 2 -1 0 -1
0 1 0 27.3 59.0 2 -1 0 -1
0 1 0 27.3 59.0 2 -1 0 -1
0 1 0 27.3 59.0 2 -1 0 -1
0 1 0 27.4 59.0 2 -1 0 -1
0 1 0 27.4 59.5 2 -1 0 -1
0 1 0 27.3 59.5 2 -1 0 -1
0 1 0 27.4 59.5 2 -1 0 -1
0 1 0 27.4 59.5 2 -1 0 -1
0 1 0 27.4 59.5 2 -1 0 -1
0 1 0 27.4 59.5 2 -1 0 -1
0 1 0 27.4 59.5 2 -1 0 -1
0 1 0 27.4 59.5 2 -1 0 -1
0 1 0 27.3 59.5 2 -1 0 -1
0 1 0 27.4 59.5 2 -1 0 -1
0 1 0 27.4 59.5 2 -1 0 -1
0 1 0 27.4 59.5 2 -1 0 -1
0 1 0 27.4 59.5 2 -1 0 -1
0 1 0 27.4 59.5 2 -1 0 -1
0 1 0 27.5 59.5 2 -1 0 -1
0 1 0 27.5 59.5 2 -1 0 -1
0 1 0 27.4 59.5 2 -1 0 -1
0 1 0 27.5 59.5 2 -1 0 -1
0 1 0 27.5 60.0 2 -1 0 -1
0 1 0 27.5 60.0 2 -1 0 -1
0 1 0 27.4 60.0 2 -1 0 -1
0 1 0 27.5 60.0 2 -1 0 -1
0 1 0 27.5 60.0 2 -1 0 -1
0 1 0 27.5 60.0 2 -1 0 -1
0 1 0 27.5 60.0 2 -1 0 -1
0 1 0 27.5 60.0 2 -1 0 -1
0 1 0 27.4 60.0 2 -1 0 -1
0 1 0 27.5 60.0 2 -1 0 -1
0 1 0 27.5 60.0 2 -1 0 -1
0 1 0 27.5 60.0 2 -1 0 -1
0 1 0 27.5 60.0 2 -1 0 -1
0 1 0 27.6 60.0 2 -1 0 -1
0 1 0 27.5 60.0 2 -1 0 -1
0 1 0 27.6 60.0 2 -1 0 -1
0 1 0 27.6 60.0 2 -1 0 -1
0 1 0 27.5 60.0 2 -1 0 -1
0 1 0 27.5 60.0 2 -1 0 -1
0 1 0 27.6 60.0 2 -1 0 -1
0 1 0 27.5 60.0 2 -1 0 -1
0 1 0 27.5 60.0 2 -1 0 -1
0 1 0 27.6 60.0 2 -1 0 -1
0 1 0 27.5 60.0 2 -1 0 -1
0 1 0 27.6 60.0 2 -1 0 -1
0 1 0 27.6 60.0 2 -1 0 -1
0 1 0 27.5 60.5 2 -1 0 -1
0 1 0 27.6 60.0 2 -1 0 -1
0 1 0 27.5 60.0 2 -1 0 -1
0 1 0 27.6 60.0 2 -1 0 -1
0 1 0 27.6 60.0 2 -1 0 -1
0 1 0 27.6 60.5 2 -1 0 -1
0 1 0 27.7 60.5 2 -1 0 -1
0 1 0 27.6 60.5 2 -1 0 -1
0 1 0 27.6 60.0 2 -1 0 -1
0 1 0 27.6 60.5 2 -1 0 -1
0 1 0 27.6 60.5 2 -1 0 -1
0 1 0 27.6 60.5 2 -1 0 -1
0 1 0 27.6 60.5 2 -1 0 -1
0 1 0 27.7 60.5 2 -1 0 -1
0 1 0 27.6 60.5 2 -1 0 -1
0 1 0 27.6 60.5 2 -1 0 -1
0 1 0 27.7 60.5 2 -1 0 -1
0 1 0 27.6 60.5 2 -1 0 -1
0 1 0 27.7 60.5 2 -1 0 -1
0 1 0 27.7 60.5 2 -1 0 -1
0 1 0 27.7 60.5 2 -1 0 -1
1 1 2 27.7 60.5 2 -1 0 -1
0 1 0 27.7 60.5 2 -1 0 -1
0 1 0 27.7 60.5 2 -1 0 -1
0 1 0 27.6 60.5 2 -1 0 -1
0 1 0 27.6 60.5 2 -1 0 -1
0 1 0 27.6 60.5 2 -1 0 -1
0 1 9 27.6 60.5 2 -1 0 -1
0 1 19 27.7 60.5 2 -1 0 -1
0 1 15 27.7 60.5 2 -1 0 -1
0 1 14 27.7 60.5 1 -1 0 -1
0 1 6 27.7 60.5 1 -1 0 -1
0 1 3 27.7 60.5 1 -1 0 -1
0 1 5 27.6 60.5 1 -1 0 -1
0 1 1 27.7 60.5 1 -1 0 -1
0 1 6 27.7 60.5 1 -1 0 -1
0 1 14 27.7 60.5 1 -1 0 -1
0 1 4 27.8 60.5 2 -1 0 -1
0 1 1 27.8 60.5 2 -1 0 -1
0 1 4 27.8 60.5 2 -1 0 -1
0 1 4 27.7 60.5 1 -1 0 -1
0 1 6 27.8 60.5 1 -1 0 -1
0 1 3 27.8 60.5 1 -1 0 -1
0 1 1 27.8 61.0 1 -1 0 -1
0 1 7 27.8 60.5 1 -1 0 -1
0 1 9 27.8 60.5 1 -1 0 -1
0 1 0 27.8 60.5 1 -1 0 -1
0 1 0 27.8 61.0 1 -1 0 -1
0 1 2 27.8 61.0 1 -1 0 -1
0 1 133 27.8 61.0 1 -1 0 -1
0 1 1 27.8 61.0 1 -1 0 -1
0 1 3 27.8 61.0 2 -1 0 -1
0 1 2 27.8 61.0 2 -1 0 -1
0 1 0 27.8 61.0 2 -1 0 -1
0 1 0 27.8 61.0 2 -1 0 -1
0 1 1 27.8 61.0 1 -1 0 -1
0 1 0 27.8 61.0 1 -1 0 -1
0 1 1 27.9 61.0 1 -1 0 -1
0 1 0 27.9 61.0 1 -1 0 -1
0 1 0 27.8 61.0 1 -1 0 -1
0 1 0 27.8 61.0 1 -1 0 -1
0 1 0 27.9 61.0 1 -1 0 -1
0 1 0 27.9 61.0 1 -1 0 -1
0 1 1 27.9 61.0 1 -1 0 -1
0 1 0 27.9 61.0 1 -1 0 -1
0 1 0 27.8 61.0 1 -1 0 -1
0 1 1 27.9 61.0 1 -1 0 -1
0 1 4 27.9 61.0 1 -1 0 -1
0 1 1 27.9 61.0 1 -1 0 -1
0 1 0 27.9 61.0 1 -1 0 -1
0 1 8 27.9 61.0 1 -1 0 -1
0 1 1 27.9 61.0 1 -1 0 -1
0 1 2 27.9 61.0 1 -1 0 -1
0 1 13 27.9 61.0 1 -1 0 -1
0 1 25 27.9 61.0 1 -1 0 -1
0 1 40 27.9 61.0 1 -1 0 -1
0 1 4 27.9 61.0 1 -1 0 -1
0 1 0 27.9 61.0 1 -1 0 -1
0 1 0 27.9 61.0 1 -1 0 -1
0 1 0 27.8 61.0 1 -1 0 -1
0 1 0 27.9 61.0 1 -1 0 -1
0 1 0 27.9 61.0 1 -1 0 -1
0 1 0 27.9 61.0 1 -1 0 -1
0 1 0 27.9 61.0 1 -1 0 -1
0 1 86 27.9 61.0 1 -1 0 -1
0 1 5 27.9 61.0 1 -1 0 -1
0 1 0 27.9 61.0 1 -1 0 -1
0 1 0 28.0 61.0 1 -1 0 -1
0 1 0 27.9 61.0 2 -1 0 -1
0 1 0 27.9 61.0 2 -1 0 -1
0 1 0 27.9 61.0 2 -1 0 -1
0 1 0 28.0 61.0 2 -1 0 -1
0 1 1 28.0 61.0 2 -1 0 -1
0 1 0 28.0 61.0 2 -1 0 -1
0 1 0 28.0 61.0 2 -1 0 -1
0 1 1 27.9 61.0 2 -1 0 -1
0 1 3 28.0 61.0 2 -1 0 -1
0 1 1 27.9 61.0 2 -1 0 -1
0 1 0 28.0 61.0 2 -1 0 -1
0 1 1 28.0 61.0 2 -1 0 -1
0 1 0 28.0 61.0 2 -1 0 -1
0 1 3 28.0 61.0 2 -1 0 -1
0 1 0 28.0 61.0 2 -1 0 -1
0 1 17 28.0 61.0 6 -1 0 -1
0 1 10 28.0 61.0 8 -1 1 -1
0 1 14 28.0 61.0 8 -1 1 -1
0 1 0 28.0 61.0 8 -1 1 -1
0 1 4 27.9 61.0 8 -1 1 -1
0 1 13 28.0 61.0 8 -1 1 -1
0 1 16 28.0 61.0 8 -1 1 -1
0 1 4 28.0 61.0 8 -1 1 -1
0 1 8 28.0 61.0 8 -1 1 -1
0 1 1 28.0 61.0 8 -1 1 -1
0 1 0 28.0 61.0 8 -1 1 -1
0 1 0 28.0 61.0 8 -1 1 -1
0 1 4 28.0 61.5 8 -1 1 -1
0 1 0 28.0 61.0 8 -1 1 -1
0 1 3 28.0 61.0 8 -1 1 -1
0 1 10 28.0 61.0 8 -1 1 -1
0 1 8 28.0 61.0 8 -1 1 -1
0 1 6 28.0 61.0 8 -1 1 -1
0 1 0 28.0 61.5 8 -1 1 -1
0 1 0 28.0 61.0 8 -1 1 -1
0 1 0 28.0 61.0 8 -1 1 -1
0 1 1 28.0 61.0 8 -1 1 -1
0 1 1 28.0 61.0 8 -1 1 -1
0 1 0 28.0 61.5 8 -1 1 -1
0 1 0 28.0 61.0 8 -1 1 -1
0 1 3 28.0 61.0 8 -1 1 -1
0 1 0 28.0 61.5 8 -1 1 -1
0 1 0 28.0 61.0 8 -1 1 -1
0 1 5 28.0 61.0 8 -1 1 -1
0 1 1 28.0 61.5 8 -1 1 -1
0 1 0 28.0 61.5 8 -1 1 -1
0 1 3 28.0 61.0 8 -1 1 -1
0 1 10 28.1 61.5 8 -1 1 -1
0 1 7 28.0 61.0 8 -1 1 -1
0 1 0 28.0 61.5 8 -1 1 -1
0 1 4 28.0 61.0 8 -1 1 -1
0 1 0 28.0 61.5 8 -1 1 -1
0 1 0 28.1 61.0 8 -1 1 -1
0 1 0 28.1 61.5 8 -1 1 -1
0 1 0 28.1 61.5 8 -1 1 -1
0 1 0 28.0 61.5 8 -1 1 -1
0 1 3 28.0 61.5 8 -1 1 -1
0 1 6 28.1 61.5 8 -1 1 -1
0 1 0 28.1 61.5 8 -1 1 -1
0 1 0 28.1 61.5 8 -1 1 -1
0 1 0 28.0 61.5 8 -1 1 -1
0 1 0 28.1 61.5 8 -1 1 -1
0 1 0 28.1 61.5 8 -1 1 -1
0 1 0 28.1 61.5 8 -1 1 -1
0 1 0 28.1 61.5 8 -1 1 -1
0 1 0 28.0 61.5 8 -1 1 -1
0 1 0 28.1 61.5 8 -1 1 -1
0 1 0 28.1 61.5 8 -1 1 -1
0 1 0 28.1 61.5 8 -1 1 -1
0 1 0 28.1 61.5 8 -1 1 -1
0 1 0 28.1 61.5 8 -1 1 -1
0 1 0 28.1 61.5 6 -1 1 -1
0 1 0 28.1 61.5 8 -1 1 -1
0 1 0 28.1 61.5 8 -1 1 -1
0 1 0 28.1 61.5 8 -1 1 -1
0 1 0 28.1 61.5 8 -1 1 -1
0 1 15 28.1 61.5 8 -1 1 -1
0 1 8 28.2 61.5 8 -1 1 -1
0 1 1 28.1 61.5 8 -1 1 -1
0 1 3 28.2 62.0 8 -1 1 -1
0 1 0 28.2 61.5 8 -1 1 -1
0 1 0 28.2 62.0 8 -1 1 -1
0 1 6 28.2 62.0 8 -1 1 -1
0 1 6 28.1 61.5 8 -1 1 -1
0 1 9 28.2 61.5 8 -1 1 -1
0 1 9 28.2 61.5 8 -1 1 -1
0 1 0 28.2 62.0 8 -1 1 -1
0 1 0 28.2 61.5 8 -1 1 -1
0 1 2 28.1 62.0 8 -1 1 -1
0 1 6 28.1 61.5 8 -1 1 -1
0 1 4 28.2 62.0 8 -1 1 -1
0 1 3 28.2 62.0 8 -1 1 -1
0 1 4 28.2 62.0 8 -1 1 -1
0 1 0 28.2 62.0 8 -1 1 -1
0 1 0 28.1 61.5 8 -1 1 -1
0 1 0 28.1 61.5 8 -1 1 -1
0 1 0 28.2 61.5 8 -1 1 -1
0 1 2 28.2 61.5 8 -1 1 -1
0 1 1 28.2 61.5 8 -1 1 -1
0 1 0 28.1 61.5 8 -1 1 -1
0 1 12 28.2 61.5 8 -1 1 -1
0 1 21 28.2 61.5 8 -1 1 -1
0 1 0 28.2 61.5 8 -1 1 -1
0 1 1 28.1 62.0 8 -1 1 -1
0 1 11 28.2 61.5 8 -1 1 -1
0 1 0 28.2 62.0 8 -1 1 -1
0 1 0 28.2 62.0 8 -1 1 -1
0 1 2 28.2 62.0 8 -1 1 -1
0 1 3 28.2 61.5 8 -1 1 -1
0 1 5 28.2 62.0 8 -1 1 -1
0 1 3 28.2 61.5 8 -1 1 -1
0 1 2 28.2 61.5 8 -1 1 -1
0 1 2 28.2 62.0 8 -1 1 -1
0 1 1 28.3 62.0 8 -1 1 -1
0 1 4 28.2 61.5 8 -1 1 -1
0 1 0 28.2 61.5 4 -1 1 -1
0 1 1 28.2 62.0 4 -1 1 -1
0 1 3 28.3 62.0 4 -1 1 -1
0 1 0 28.2 61.5 4 -1 1 -1
0 1 0 28.2 62.0 4 -1 1 -1
0 1 2 28.2 62.0 4 -1 1 -1
0 1 4 28.2 62.0 8 -1 1 -1
0 1 0 28.1 61.5 8 -1 1 -1
0 1 2 28.2 62.0 8 -1 1 -1
0 1 1 28.2 62.0 8 -1 1 -1
0 1 8 28.3 62.0 8 -1 1 -1
0 1 0 28.3 62.0 8 -1 1 -1
0 1 2 28.2 62.0 4 -1 1 -1
0 1 0 28.2 62.0 4 -1 1 -1
0 1 1 28.3 62.0 4 -1 1 -1
0 1 2 28.3 62.0 4 -1 1 -1
0 1 9 28.3 62.0 4 -1 1 -1
0 1 7 28.2 62.0 4 -1 1 -1
0 1 9 28.3 62.0 4 -1 1 -1
0 1 2 28.1 62.0 4 -1 1 -1
0 1 10 28.2 62.0 4 -1 1 -1
0 1 0 28.3 62.0 4 -1 1 -1
0 1 1 28.2 62.0 4 -1 1 -1
0 1 0 28.3 62.0 4 -1 1 -1
0 1 5 28.2 62.0 6 -1 1 -1
0 1 1 28.3 62.0 6 -1 1 -1
0 1 0 28.4 62.0 6 -1 1 -1
0 1 3 28.2 62.0 6 -1 1 -1
0 1 0 28.3 62.0 6 -1 1 -1
0 1 0 28.3 62.0 6 -1 1 -1
0 1 1 28.3 62.0 6 -1 1 -1
0 1 4 28.3 62.0 4 -1 1 -1
0 1 10 28.4 62.0 4 -1 1 -1
0 1 2 28.3 62.5 4 -1 1 -1
0 1 3 28.3 62.5 4 -1 1 -1
0 1 4 28.3 62.5 4 -1 1 -1
0 1 0 28.3 62.5 6 -1 1 -1
0 1 0 28.4 62.5 4 -1 1 -1
0 1 1 28.3 62.5 6 -1 1 -1
0 1 4 28.4 62.5 6 -1 1 -1
0 1 0 28.4 62.0 6 -1 1 -1
0 1 0 28.3 62.5 6 -1 1 -1
0 1 0 28.4 62.5 6 -1 1 -1
0 1 0 28.4 62.0 6 -1 1 -1
0 1 0 28.4 62.5 6 -1 1 -1
0 1 0 28.4 62.0 6 -1 1 -1
0 1 0 28.4 62.0 6 -1 1 -1
0 1 0 28.4 62.5 6 -1 1 -1
0 1 0 28.4 62.0 6 -1 1 -1
0 1 0 28.5 62.5 6 -1 1 -1
0 1 0 28.4 62.5 8 -1 1 -1
0 1 2 28.4 62.5 8 -1 1 -1
0 1 21 28.4 62.5 8 -1 1 -1
0 1 10 28.5 62.5 8 -1 1 -1
0 1 1 28.4 62.5 6 -1 1 -1
0 1 2 28.4 62.5 6 -1 1 -1
0 1 0 28.4 62.5 9 -1 1 -1
0 1 8 28.5 62.5 9 -1 1 -1
0 1 4 28.5 62.5 11 -1 1 -1
0 1 7 28.5 62.5 7 -1 1 -1
0 1 7 28.5 62.5 9 -1 1 -1
0 1 5 28.5 62.5 9 -1 1 -1
0 1 10 28.5 62.5 9 -1 1 -1
0 1 3 28.5 62.5 9 -1 1 -1
0 1 10 28.5 62.5 11 -1 1 -1
0 1 2 28.6 62.5 9 -1 1 -1
0 1 0 28.5 62.5 6 -1 1 -1
0 1 2 28.6 62.5 8 -1 1 -1
0 1 2 28.6 63.0 8 -1 1 -1
0 1 2 28.5 63.0 8 -1 1 -1
0 1 15 28.5 63.0 8 -1 1 -1
0 1 0 28.6 63.0 8 -1 1 -1
0 1 0 28.6 63.0 8 -1 1 -1
0 1 0 28.6 63.0 8 -1 1 -1
0 1 0 28.6 63.0 8 -1 1 -1
0 1 0 28.6 63.0 8 -1 1 -1
0 1 0 28.6 63.0 8 -1 1 -1
0 1 6 28.6 63.0 10 -1 1 -1
0 1 9 28.6 63.0 6 -1 1 -1
0 1 4 28.7 63.0 6 -1 1 -1
0 1 7 28.6 63.0 9 -1 1 -1
0 1 16 28.6 63.0 10 -1 1 -1
0 1 28 28.6 63.0 8 -1 1 7
0 1 3 28.7 63.0 8 -1 1 7
0 1 0 28.7 63.0 8 -1 1 7
0 1 0 28.7 63.0 8 -1 1 7
0 1 0 28.7 63.0 8 -1 1 7
0 1 1 28.7 63.0 8 -1 1 7
0 1 4 28.8 63.0 8 -1 1 7
0 1 3 28.7 63.0 8 -1 1 7
0 1 0 28.7 63.0 4 -1 1 7
0 1 0 28.7 63.0 8 -1 1 7
0 1 2 28.7 63.0 8 -1 1 7
0 1 199 28.8 63.0 8 -1 1 7
0 1 1 28.7 63.0 8 -1 1 7
0 1 0 28.7 63.0 4 -1 1 7
0 1 0 28.7 63.5 4 -1 1 7
0 1 0 28.7 63.0 4 -1 1 7
0 1 0 28.8 63.5 8 -1 1 7
0 1 0 28.8 63.5 8 -1 1 7
0 1 0 28.8 63.5 8 -1 1 7
0 1 0 28.8 63.0 8 -1 1 7
0 1 0 28.7 63.5 8 -1 1 7
0 1 0 28.8 63.5 8 -1 1 7
0 1 0 28.7 63.5 8 -1 1 7
0 1 0 28.8 63.5 8 -1 1 7
0 1 1 28.8 63.5 8 -1 1 7
0 1 0 28.8 63.5 8 -1 1 7
0 1 0 28.8 63.5 8 -1 1 7
0 1 0 28.8 63.5 8 -1 1 7
0 1 0 28.7 63.5 8 -1 1 7
0 1 0 28.8 63.5 8 -1 1 7
0 1 0 28.8 63.5 8 -1 1 7
0 1 0 28.8 63.5 8 -1 1 7
0 1 0 28.8 63.5 8 -1 1 7
0 1 12 28.8 63.5 8 -1 1 7
0 1 0 28.9 63.5 8 -1 1 7
0 1 0 28.8 63.5 8 -1 1 7
0 1 0 28.9 63.5 8 -1 1 7
0 1 3 28.8 63.5 8 -1 1 7
0 1 1 28.9 63.5 8 -1 1 7
0 1 4 28.8 63.5 8 -1 1 7
0 1 21 28.8 63.5 8 -1 1 7
0 1 1 28.8 63.5 4 -1 1 7
0 1 8 28.8 63.5 4 -1 1 7
0 1 1 28.8 63.5 4 -1 1 7
0 1 0 28.8 63.5 4 -1 1 7
0 1 0 28.8 63.5 4 -1 1 7
0 1 0 28.8 63.5 4 -1 1 7
0 1 0 28.9 63.5 4 -1 1 7
0 1 0 28.9 63.5 4 -1 1 7
0 1 0 28.9 63.5 4 -1 1 7
0 1 0 28.9 63.5 4 -1 1 7
0 1 0 28.9 63.5 4 -1 1 7
0 1 0 28.9 63.5 4 -1 1 7
0 1 0 28.9 63.5 8 -1 1 7
0 1 0 28.9 63.5 8 -1 1 7
0 1 0 28.9 63.5 8 -1 1 7
0 1 0 28.9 63.5 8 -1 1 7
0 1 0 28.9 63.5 8 -1 1 7
0 1 0 28.9 63.5 8 -1 1 7
0 1 0 28.9 63.5 8 -1 1 7
0 1 0 29.0 63.5 8 -1 1 7
0 1 0 28.9 63.5 8 -1 1 7
0 1 0 28.9 63.5 8 -1 1 7
0 1 0 28.9 63.5 8 -1 1 7
0 1 0 28.9 63.5 8 -1 1 7
0 1 0 29.0 63.5 8 -1 1 7
0 1 0 28.9 63.5 8 -1 1 7
0 1 0 29.0 63.5 8 -1 1 7
0 1 0 29.0 63.5 8 -1 1 7
0 1 0 29.0 63.5 8 -1 1 7
0 1 0 29.0 63.5 8 -1 1 7
0 1 0 29.0 63.5 8 -1 1 7
0 1 0 29.0 63.5 8 -1 1 7
0 1 0 29.0 63.5 4 -1 1 7
0 1 0 29.1 63.5 8 -1 1 7
0 1 0 29.0 63.5 4 -1 1 7
0 1 0 29.0 63.5 4 -1 1 7
0 1 0 29.0 63.5 4 -1 1 7
0 1 0 29.0 63.5 4 -1 1 7
0 1 0 29.0 63.5 4 -1 1 7
0 1 9 29.0 63.5 4 -1 1 7
0 1 8 29.0 63.5 4 -1 1 7
0 1 13 29.0 63.5 4 -1 1 7
0 1 11 29.0 63.5 4 -1 1 7
0 1 10 29.0 63.5 4 -1 1 7
0 1 11 29.0 63.5 4 -1 1 7
0 1 25 29.1 63.5 4 -1 1 7
0 1 6 29.0 63.5 4 -1 1 7
0 1 9 29.0 63.5 4 -1 1 7
0 1 7 29.0 63.5 4 -1 1 7
0 1 1 29.0 63.5 4 -1 1 7
0 1 0 29.0 63.5 4 -1 1 7
0 1 2 29.0 63.5 4 -1 1 7
0 1 0 29.1 63.5 4 -1 1 7
0 1 0 29.0 63.5 4 -1 1 7
0 1 0 29.0 63.5 4 -1 1 7
0 1 0 29.1 63.5 4 -1 1 7
0 1 0 29.0 63.5 4 -1 1 7
0 1 0 29.1 63.5 4 -1 1 7
0 1 0 29.0 63.5 4 -1 1 7
0 1 0 29.0 63.5 4 -1 1 7
0 1 1 29.0 63.5 4 -1 1 7
0 1 1 29.0 63.5 4 -1 1 7
0 1 1 29.1 63.5 4 -1 1 7
0 1 5 29.0 63.5 4 -1 1 7
0 1 8 29.0 63.5 4 -1 1 7
0 1 10 29.0 63.5 4 -1 1 7
0 1 10 29.0 63.5 4 -1 1 7
0 1 1 29.1 63.5 4 -1 1 7
0 1 0 29.0 63.5 4 -1 1 7
0 1 0 29.1 63.5 4 -1 1 7
0 1 0 29.0 63.5 4 -1 1 7
0 1 37 29.1 63.5 4 -1 1 7
0 1 3 29.0 63.5 4 -1 1 7
0 1 0 29.0 63.5 4 -1 1 7
0 1 0 29.0 63.0 4 -1 1 7
0 1 24 29.0 63.5 4 -1 1 7
0 1 10 29.0 63.0 4 -1 1 7
0 1 0 29.0 63.0 4 -1 1 7
0 1 0 29.0 63.0 4 -1 1 7
0 1 0 29.0 63.0 4 -1 1 7
0 1 0 29.0 63.0 4 -1 1 7
0 1 0 29.0 62.5 4 -1 1 7
0 1 2 29.0 62.5 4 -1 1 7
0 1 6 29.0 62.5 4 -1 1 7
0 1 5 29.0 62.5 4 -1 1 7
0 1 0 29.0 62.0 4 -1 1 7
0 1 0 29.0 62.0 4 -1 1 7
0 1 5 29.0 62.5 4 -1 1 7
0 1 28 29.0 62.5 4 -1 1 7
0 1 0 29.0 62.0 4 -1 1 7
0 1 0 29.0 62.0 4 -1 1 7
0 1 0 29.0 62.5 4 -1 1 7
0 1 0 29.0 62.5 4 -1 1 7
0 1 0 29.0 62.5 4 -1 1 7
0 1 0 28.9 62.0 4 -1 1 7
0 1 0 28.9 62.0 4 -1 1 7
0 1 1 28.9 62.5 4 -1 1 7
0 1 6 28.9 61.5 4 -1 1 7
0 1 9 29.0 62.0 6 -1 1 7
0 1 7 28.9 62.0 4 -1 1 7
0 1 10 29.0 62.0 4 -1 1 7
0 1 3 29.0 62.0 6 -1 1 7
0 1 0 28.9 62.0 6 -1 1 7
0 1 0 29.0 62.0 6 -1 1 7
0 1 3 29.0 62.0 6 -1 1 7
0 1 1 29.0 62.0 6 -1 1 7
0 1 4 29.0 62.0 6 -1 1 7
0 1 2 29.0 62.0 8 -1 1 7
0 1 6 28.9 62.0 6 -1 1 7
0 1 4 28.9 62.0 6 -1 1 7
0 1 4 28.9 61.5 6 -1 1 7
0 1 0 29.0 61.5 6 -1 1 7
0 1 0 28.9 61.5 6 -1 1 7
0 1 0 29.0 61.5 6 -1 1 7
0 1 7 28.9 61.5 6 -1 1 7
0 1 9 28.9 61.5 6 -1 1 7
0 1 3 28.9 61.5 6 -1 1 7
0 1 0 28.9 61.5 6 -1 1 7
0 1 0 29.0 61.5 6 -1 1 7
0 1 7 28.9 61.5 8 -1 1 7
0 1 7 28.9 61.5 8 -1 1 7
0 1 7 28.9 61.0 8 -1 1 7
0 1 0 28.9 61.0 8 -1 1 7
0 1 15 28.9 61.0 6 -1 1 7
0 1 6 29.0 61.0 8 -1 1 7
0 1 4 29.0 61.0 8 -1 1 7
0 1 7 29.0 61.0 8 -1 1 7
0 1 13 29.0 61.0 6 -1 1 7
0 1 12 29.0 61.0 8 -1 1 7
0 1 5 29.0 60.5 8 -1 1 7
0 1 22 29.0 61.0 6 -1 1 7
0 1 19 29.0 60.5 6 -1 1 7
0 1 17 29.0 61.0 8 -1 1 7
0 1 16 29.0 61.0 8 -1 1 7
0 1 16 29.0 61.0 8 -1 1 7
0 1 0 29.0 60.5 8 -1 1 7
0 1 21 29.0 60.5 8 -1 1 7
0 1 26 29.0 60.5 8 -1 1 7
0 1 8 29.0 61.0 8 -1 1 7
0 1 23 29.0 61.0 8 -1 1 7
0 1 10 29.0 61.0 8 -1 1 7
0 1 26 29.0 60.5 8 -1 1 7
0 1 24 29.0 60.5 8 -1 1 7
0 1 16 29.0 60.5 8 -1 1 7
0 1 10 28.9 60.5 8 -1 1 7
0 1 10 28.9 60.5 8 -1 1 7
0 1 12 28.9 60.5 8 -1 1 7
0 1 25 28.9 60.5 8 -1 1 7
0 1 4 28.9 60.5 8 -1 1 7
0 1 8 28.9 60.5 8 -1 1 7
0 1 10 28.8 60.0 8 -1 1 7
0 1 13 28.8 60.5 8 -1 1 7
0 1 0 28.8 60.0 8 -1 1 7
0 1 0 28.7 60.0 6 -1 1 7
0 1 0 28.7 59.5 6 -1 1 7
0 1 1 28.7 59.5 8 -1 1 7
0 1 29 28.7 59.0 8 -1 1 7
0 1 10 28.7 59.0 6 -1 1 7
0 1 4 28.7 59.5 8 -1 1 7
0 1 1 28.7 59.5 8 -1 1 7
0 1 16 28.6 59.0 6 -1 1 7
1 1 18 28.7 59.0 8 -1 1 7
0 1 0 28.7 59.0 8 -1 1 7
0 1 4 28.6 59.0 8 -1 1 7
0 1 18 28.5 59.0 28 -1 1 65
0 1 56 28.6 58.5 28 -1 1 65
0 1 13 28.6 58.5 28 -1 1 65
0 1 4 28.6 58.5 26 -1 1 65
0 1 13 28.5 58.0 30 -1 1 65
0 1 3 28.5 58.0 33 -1 1 65
0 1 14 28.5 58.0 35 -1 1 65
0 1 12 28.5 58.0 28 -1 1 65
0 1 4 28.4 58.0 27 -1 1 65
0 1 24 28.5 58.0 25 -1 1 65
0 1 24 28.4 57.5 27 -1 1 65
0 1 18 28.5 57.5 28 -1 1 65
0 1 23 28.4 57.5 26 -1 1 65
0 1 9 28.4 57.5 28 -1 1 65
0 1 18 28.4 57.5 26 -1 1 65
0 1 4 28.4 57.0 26 -1 1 65
0 1 12 28.4 57.0 30 -1 1 65
0 1 4 28.4 57.0 26 -1 1 65
0 1 7 28.3 57.0 23 -1 1 65
0 1 1 28.3 57.0 25 -1 1 65
0 1 2 28.3 57.0 23 -1 1 65
0 1 13 28.3 56.5 23 -1 1 65
0 1 18 28.3 56.5 23 -1 1 65
0 1 27 28.3 56.5 23 -1 1 65
0 1 13 28.3 56.5 19 -1 1 65
0 1 12 28.3 56.5 19 -1 1 65
0 1 17 28.3 56.5 19 -1 1 65
0 1 4 28.3 56.5 20 -1 1 65
0 1 24 28.2 56.5 20 -1 1 65
0 1 13 28.3 56.5 20 -1 1 65
0 1 9 28.3 56.5 18 -1 1 65
0 1 15 28.3 56.5 20 -1 1 65
0 1 5 28.2 56.5 20 -1 1 65
0 1 0 28.3 56.0 16 -1 1 65
0 1 2 28.2 56.0 14 -1 1 65
0 1 15 28.3 56.0 16 -1 1 65
0 1 12 28.2 56.0 16 -1 1 65
0 1 16 28.2 56.0 13 -1 1 65
0 1 11 28.2 56.0 15 -1 1 65
0 1 38 28.2 56.0 13 -1 1 65
0 1 15 28.2 56.0 13 -1 1 65
0 1 19 28.2 56.0 13 -1 1 65
0 1 21 28.2 56.0 15 -1 1 65
0 1 30 28.1 56.0 13 -1 1 65
0 1 26 28.1 55.5 11 -1 1 65
0 1 19 28.2 55.5 11 -1 1 65
0 1 22 28.2 55.5 11 -1 1 65
0 1 33 28.1 55.5 9 -1 1 65
0 1 13 28.1 55.5 11 -1 1 65
0 1 10 28.1 55.5 11 -1 1 65
0 1 20 28.1 55.5 13 -1 1 65
0 1 15 28.1 55.5 11 -1 1 65
0 1 35 28.1 55.0 16 -1 1 65
0 1 19 28.1 55.0 16 -1 1 65
0 1 10 28.1 55.0 16 -1 1 65
0 1 1 28.1 55.0 18 -1 1 65
0 1 11 28.0 55.0 18 -1 1 65
0 1 19 28.0 55.0 19 -1 1 65
0 1 7 28.1 54.5 23 -1 1 65
0 1 8 28.0 55.0 21 -1 1 65
0 1 7 28.0 55.0 23 -1 1 65
0 1 11 28.0 54.5 23 -1 1 65
0 1 23 27.9 54.5 21 -1 1 65
0 1 21 27.9 54.5 20 -1 1 65
0 1 9 27.9 54.5 20 -1 1 65
0 1 4 28.0 54.5 20 -1 1 65
0 1 12 27.9 54.0 18 -1 1 65
0 1 4 27.9 54.0 18 -1 1 65
0 1 7 28.0 54.0 16 -1 1 65
0 1 9 27.9 54.0 19 -1 1 65
0 1 9 27.9 54.0 18 -1 1 65
0 1 10 27.9 54.0 18 -1 1 65
0 1 5 27.9 54.0 14 -1 1 65
0 1 1 27.8 54.0 14 -1 1 65
0 1 1 27.9 54.0 18 -1 1 65
0 1 11 27.8 53.5 18 -1 1 65
0 1 31 27.8 53.5 18 -1 1 65
0 1 20 27.8 53.5 16 -1 1 65
0 1 28 27.8 53.5 16 -1 1 65
0 1 0 27.9 53.5 18 -1 1 65
0 1 0 27.8 53.5 14 -1 1 65
0 1 0 27.9 53.5 16 -1 1 65
0 1 0 27.8 53.5 16 -1 1 65
0 1 0 27.8 53.5 20 -1 1 65
0 1 0 27.7 53.5 21 -1 1 65
0 1 0 27.7 53.5 19 -1 1 65
0 1 0 27.7 53.5 26 -1 1 65
0 1 9 27.7 53.0 24 -1 1 65
0 1 5 27.8 53.0 23 -1 1 65
0 1 7 27.7 53.0 24 -1 1 65
0 1 2 27.7 53.0 24 -1 1 65
0 1 3 27.7 53.0 26 -1 1 65
0 1 7 27.7 53.0 26 -1 1 65
0 1 7 27.7 53.0 26 -1 1 65
0 1 5 27.7 53.0 25 -1 1 65
0 1 10 27.8 53.0 23 -1 1 65
0 1 3 27.8 53.0 25 -1 1 65
0 1 10 27.8 53.0 23 -1 1 65
0 1 2 27.8 53.0 23 -1 1 65
0 1 9 27.8 53.0 19 -1 1 65
0 1 9 27.8 53.0 20 -1 1 65
0 1 10 27.7 53.0 16 -1 1 65
0 1 5 27.8 53.0 18 -1 1 65
0 1 11 27.8 53.0 16 -1 1 65
0 1 6 27.8 53.0 16 -1 1 65
0 1 7 27.8 53.0 14 -1 1 65
0 1 4 27.8 53.0 18 -1 1 65
0 1 4 27.8 53.0 16 -1 1 65
0 1 6 27.8 53.0 16 -1 1 65
0 1 8 27.8 53.0 16 -1 1 65
0 1 4 27.9 53.0 16 -1 1 65
0 1 10 27.8 53.0 16 -1 1 65
0 1 10 27.8 53.0 18 -1 1 65
0 1 9 27.8 53.0 14 -1 1 65
0 1 30 27.9 53.0 12 -1 1 65
0 1 13 27.9 53.5 13 -1 1 65
0 1 2 27.9 53.5 13 -1 1 65
0 1 11 27.9 53.5 13 -1 1 65
0 1 19 27.9 53.5 13 -1 1 65
0 1 18 28.0 53.5 13 -1 1 65
0 1 13 27.9 53.5 16 -1 1 65
0 1 9 28.0 53.5 14 -1 1 65
0 1 0 28.0 53.5 16 -1 1 65
0 1 0 28.0 53.5 14 -1 1 65
0 1 9 28.0 53.5 16 -1 1 65
0 1 0 27.9 53.5 16 -1 1 65
0 1 0 28.0 53.5 16 -1 1 65
0 1 0 28.0 53.5 16 -1 1 65
0 1 0 28.0 53.5 16 -1 1 65
0 1 0 28.0 53.5 14 -1 1 65
0 1 0 27.9 53.5 16 -1 1 65
0 1 0 28.1 53.5 16 -1 1 65
0 1 8 28.1 54.0 13 -1 1 65
0 1 3 28.0 53.5 11 -1 1 65
0 1 3 28.0 53.5 11 -1 1 65
0 1 0 28.1 53.5 13 -1 1 65
0 1 10 28.1 54.0 13 -1 1 65
0 1 14 28.1 54.0 11 -1 1 65
0 1 21 28.0 54.0 9 -1 1 65
0 1 0 28.0 53.5 9 -1 1 65
0 1 5 28.1 53.5 7 -1 1 65
0 1 4 28.1 53.5 4 -1 0 65
0 1 0 28.1 53.5 4 -1 0 65
0 1 0 28.0 53.5 2 -1 0 65
1 1 4 28.0 53.5 4 c26 0 65
0 1 24 28.0 54.0 2 c26 0 65
0 1 3 28.1 53.0 2 c26 0 65
0 1 0 28.0 52.5 2 c26 0 65
0 1 0 27.9 52.0 2 c26 0 65
0 1 0 27.7 51.0 4 c26 0 65
0 1 0 27.6 50.5 4 c26 0 65
0 1 0 27.4 50.0 2 c26 0 65
0 1 0 27.4 49.5 4 c26 0 65
0 1 0 27.2 49.5 6 c26 0 65
0 1 0 27.1 49.0 5 c26 0 65
0 1 0 27.0 49.0 7 c26 0 65
0 1 0 27.0 49.0 9 c26 0 65
0 1 0 26.9 49.0 9 c26 0 65
0 1 0 26.8 49.0 7 c26 0 65
0 1 0 26.7 49.0 7 c26 0 65
0 1 0 26.7 49.5 7 c26 0 65
0 1 0 26.7 49.5 7 c26 0 65
0 1 0 26.6 49.5 7 c26 0 65
0 1 0 26.5 50.0 9 c26 0 65
0 1 0 26.5 50.0 9 c26 0 65
0 1 0 26.4 50.0 9 c26 0 65
0 1 0 26.4 50.5 9 c26 0 65
0 1 0 26.4 50.5 9 c26 0 65
0 1 0 26.3 50.5 9 c26 0 65
0 1 0 26.3 50.5 5 c26 0 65
0 1 0 26.3 50.5 5 c26 0 65
0 1 0 26.2 50.5 5 c26 0 65
0 1 0 26.2 50.0 5 c26 0 65
0 1 0 26.2 50.0 5 c26 0 65
0 1 0 26.1 49.5 7 c26 0 65
0 1 0 26.1 49.5 7 c26 0 65
0 1 0 26.0 49.5 7 c26 0 65
0 1 0 26.0 49.5 7 c26 0 65
0 1 0 25.9 49.5 7 c26 0 65
0 1 0 25.9 50.0 7 c26 0 65
0 1 0 25.9 50.0 7 c26 0 65
0 1 15 25.8 50.0 5 c26 0 65
0 1 6 25.8 50.0 5 c26 0 65
0 1 0 25.8 50.0 5 c26 0 65
0 1 0 25.8 50.0 5 c26 0 65
0 1 0 25.7 50.5 5 c26 0 65
0 1 0 25.8 50.5 5 -1 0 65
0 1 10 25.7 50.5 5 -1 0 65
0 1 12 25.7 50.5 0 -1 0 8
0 1 1 25.7 50.5 0 -1 0 8
0 1 0 25.7 50.5 0 -1 0 8
0 1 0 25.8 50.5 0 -1 0 8
0 1 0 25.8 50.5 0 -1 0 8
0 1 0 25.9 50.5 0 -1 0 8
0 1 0 26.0 50.5 0 -1 0 8
0 1 0 26.1 51.0 0 -1 0 8
0 1 0 26.1 51.0 0 -1 0 8
0 1 0 26.2 51.0 0 -1 0 8
0 1 0 26.2 51.5 0 -1 0 8
0 1 0 26.3 51.5 0 -1 0 8
0 1 0 26.3 51.5 0 -1 0 8
0 1 0 26.4 52.0 0 -1 0 8
0 1 0 26.4 52.0 0 -1 0 8
0 1 0 26.5 52.0 0 -1 0 8
0 1 0 26.5 52.0 0 -1 0 8
0 1 0 26.5 52.0 0 -1 0 8
0 1 0 26.6 52.5 0 -1 0 8
0 1 0 26.6 52.5 0 -1 0 8
0 1 0 26.7 52.5 0 -1 0 8
0 1 0 26.7 52.5 0 -1 0 8
0 1 0 26.8 52.5 0 -1 0 8
0 1 0 26.7 52.5 0 -1 0 8
0 1 0 26.8 53.0 0 -1 0 8
0 1 0 26.8 53.0 0 -1 0 8
0 1 0 26.8 53.0 0 -1 0 8
0 1 0 26.9 53.5 0 -1 0 8
0 1 0 26.8 53.5 0 -1 0 8
0 1 0 26.9 53.5 0 -1 0 8
0 1 0 26.9 53.5 0 -1 0 8
0 1 0 26.9 53.5 0 -1 0 8
0 1 0 27.0 54.0 0 -1 0 8
0 1 0 27.0 54.0 0 -1 0 8
0 1 0 27.1 54.0 0 -1 0 8
0 1 0 27.0 54.0 0 -1 0 8
0 1 0 27.1 54.5 0 -1 0 8
0 1 0 27.1 54.5 0 -1 0 8
0 1 0 27.1 54.5 0 -1 0 8
0 1 0 27.2 55.0 2 -1 0 8
0 1 0 27.2 54.5 2 -1 0 8
0 1 0 27.3 55.0 2 -1 0 8
0 1 0 27.2 55.0 2 -1 0 8
0 1 0 27.2 55.0 2 -1 0 8
0 1 0 27.3 55.5 2 -1 0 8
0 1 0 27.3 55.0 2 -1 0 8
0 1 0 27.3 55.0 2 -1 0 8
0 1 0 27.3 55.0 2 -1 0 8
0 1 0 27.4 55.5 2 -1 0 8
0 1 0 27.4 56.0 2 -1 0 8
0 1 0 27.5 56.0 2 -1 0 8
0 1 0 27.5 56.0 2 -1 0 8
0 1 0 27.5 56.0 2 -1 0 8
0 1 0 27.5 56.0 2 -1 0 8
0 1 0 27.5 56.0 2 -1 0 8
0 1 0 27.6 56.0 2 -1 0 8
0 1 0 27.5 56.0 2 -1 0 8
0 1 0 27.6 56.5 2 -1 0 8
0 1 0 27.6 56.5 2 -1 0 8
0 1 0 27.6 57.0 2 -1 0 8
0 1 1 27.7 57.0 4 -1 0 8
0 1 1 27.7 57.5 16 -1 0 8
0 1 2 27.7 57.5 16 -1 0 8
0 1 0 27.8 58.0 15 -1 0 8
0 1 0 27.8 58.5 15 -1 0 8
0 1 0 27.9 59.0 16 -1 0 8
0 1 0 27.8 59.0 14 -1 0 8
0 1 0 27.9 59.5 14 -1 0 8
0 1 0 28.0 59.5 14 -1 0 8
0 1 0 28.0 59.5 14 -1 0 8
0 1 0 27.9 60.0 14 -1 0 8
0 1 11 28.0 60.0 16 -1 0 8
0 1 0 28.0 60.0 16 -1 0 8
0 1 0 28.0 60.0 16 -1 0 8
0 1 0 27.9 60.0 16 -1 0 8
0 1 0 28.0 60.5 16 -1 0 8
0 1 0 28.1 60.0 16 -1 0 8
0 1 0 28.1 60.0 14 -1 0 8
0 1 0 28.0 60.0 14 -1 0 8
0 1 0 28.1 60.0 14 -1 0 8
0 1 0 28.0 60.0 14 -1 0 8
0 1 0 28.0 60.0 14 c26 0 8
0 1 19 28.2 60.0 14 c26 0 8
0 1 3 28.1 59.5 14 c26 0 8
0 1 0 28.0 58.5 14 c26 0 8
0 1 1 27.9 57.5 12 c26 0 8
0 1 0 27.8 56.5 12 c26 0 8
0 1 0 27.6 55.5 14 c26 0 8
0 1 0 27.6 55.5 14 c26 0 8
0 1 0 27.2 53.5 12 c26 0 8
0 1 2 27.2 53.0 12 c26 0 8
0 1 0 27.0 52.5 10 c26 0 8
0 1 3 26.9 52.0 11 c26 0 8
0 1 0 26.9 51.5 11 c26 0 8
0 1 0 26.8 51.0 11 c26 0 8
0 1 0 26.7 50.5 11 c26 0 8
0 1 7 26.5 50.0 11 c26 0 8
0 1 4 26.4 49.5 11 c26 0 8
0 1 0 26.4 49.0 11 c26 0 8
0 1 2 26.3 49.5 11 c26 0 8
0 1 0 26.2 49.5 11 c26 0 8
0 1 0 26.2 49.5 11 c26 0 8
0 1 3 26.2 49.5 11 c26 0 8
0 1 0 26.1 49.0 11 c26 0 8
0 1 0 26.0 49.0 11 c26 0 8
0 1 0 26.0 49.0 13 c26 0 8
0 1 0 25.9 48.5 13 c26 0 8
0 1 0 25.9 49.0 10 c26 0 8
0 1 0 25.9 48.5 10 c26 0 8
0 1 0 25.8 48.5 10 c26 0 8
0 1 0 25.7 48.0 10 c26 0 8
0 1 0 25.6 48.0 10 c26 0 8
0 1 0 25.6 48.0 10 c26 0 8
0 1 3 25.5 47.5 10 c26 0 8
0 1 1 25.5 48.0 10 c26 0 8
0 1 0 25.5 47.5 10 c26 0 8
0 1 0 25.4 48.0 10 c26 0 8
0 1 0 25.4 48.0 10 c26 0 8
0 1 0 25.3 47.5 10 c26 0 8
0 1 2 25.3 47.5 10 c26 0 8
0 1 0 25.3 47.5 12 c26 0 8
0 1 0 25.2 47.5 10 c26 0 8
0 1 0 25.2 47.5 10 c26 0 8
0 1 0 25.2 47.5 10 c26 0 8
0 1 0 25.1 47.5 13 c26 0 8
0 1 0 25.1 47.5 11 c26 0 8
0 1 0 25.1 47.5 11 c26 0 8
0 1 0 25.1 47.5 9 c26 0 8
0 1 8 25.0 47.5 9 c26 0 8
0 1 0 24.9 47.5 9 c26 0 8
0 1 0 24.9 47.5 7 c26 0 8
0 1 0 24.9 47.5 11 c26 0 8
0 1 0 24.9 47.5 11 c26 0 8
0 1 0 24.9 47.5 9 c26 0 8
0 1 0 24.8 47.5 9 c26 0 8
0 1 0 24.8 47.5 9 c26 0 8
0 1 0 24.8 47.5 9 c26 0 8
0 1 0 24.8 47.5 9 c26 0 8
0 1 0 24.8 47.5 9 c26 0 8
0 1 0 24.7 48.0 7 c26 0 8
0 1 0 24.7 48.0 9 c26 0 8
0 1 0 24.7 48.0 9 c26 0 8
0 1 0 24.7 48.0 9 c26 0 8
0 1 9 24.7 48.0 9 c26 0 8
0 1 5 24.7 48.0 9 c26 0 8
0 1 0 24.7 48.0 9 c26 0 8
0 1 0 24.6 48.5 11 c26 0 8
0 1 0 24.6 48.5 7 c26 0 8
0 1 0 24.6 48.5 7 c26 0 8
0 1 0 24.6 48.5 7 c26 0 8
0 1 0 24.6 48.0 7 c26 0 8
0 1 0 24.6 48.0 7 c26 0 8
0 1 3 24.5 48.5 16 -1 0 8
0 1 13 24.5 48.5 28 -1 3 8
0 1 0 24.5 48.5 28 -1 3 8
0 1 0 24.5 48.5 28 -1 3 8
0 1 0 24.7 49.0 28 -1 3 8
0 1 0 24.8 49.0 28 -1 3 8
0 1 0 24.9 49.0 28 -1 3 8
0 1 0 24.9 49.0 28 -1 3 8
0 1 0 25.0 50.0 28 -1 3 8
0 1 0 25.1 50.5 28 -1 3 8
0 1 0 25.2 51.5 28 -1 3 8
0 1 0 25.3 52.5 28 -1 3 8
0 1 0 25.3 53.0 28 -1 3 8
0 1 0 25.4 53.5 28 -1 3 8
0 1 0 25.4 53.0 28 -1 3 8
0 1 0 25.6 53.5 28 -1 3 8
0 1 0 25.6 53.5 28 -1 3 8
0 1 0 25.7 54.0 28 -1 3 8
0 1 0 25.8 54.0 28 -1 3 8
0 1 2 25.8 54.0 28 -1 3 8
0 1 0 25.9 54.0 28 -1 3 8
0 1 0 25.9 54.5 28 -1 3 8
0 1 0 26.0 55.0 28 -1 3 8
0 1 0 26.0 55.5 28 -1 3 8
0 1 0 26.1 55.5 28 -1 3 8
0 1 0 26.1 55.5 28 -1 3 8
0 1 0 26.2 56.0 28 -1 3 8
0 1 0 26.3 56.0 28 -1 3 8
0 1 0 26.3 56.5 28 -1 3 8
0 1 0 26.4 56.5 28 -1 3 8
0 1 0 26.5 57.0 26 -1 3 8
0 1 1 26.5 57.0 28 -1 3 8
0 1 1 26.5 57.5 30 -1 3 8
0 1 0 26.5 57.5 30 -1 3 8
0 1 0 26.7 57.5 30 -1 3 8
0 1 0 26.6 59.0 30 -1 3 8
0 1 0 26.7 60.5 30 -1 3 8
0 1 0 26.7 61.5 30 -1 3 8
0 1 0 26.9 62.5 30 -1 3 8
0 1 0 26.8 63.0 30 -1 3 8
0 1 0 26.9 63.5 30 -1 3 8
0 1 2 27.0 63.5 30 -1 3 8
0 1 0 27.0 64.0 30 -1 3 8
0 1 1 27.1 64.0 30 -1 3 8
0 1 0 27.1 64.0 30 -1 3 8
0 1 3 27.1 64.0 30 -1 3 8
0 1 0 27.1 64.0 30 -1 3 8
0 1 2 27.2 64.0 30 -1 3 8
0 1 0 27.2 63.5 30 -1 3 8
0 1 0 27.2 63.5 30 -1 3 8
0 1 0 27.2 63.5 30 -1 3 8
0 1 1 27.2 63.5 30 -1 3 8
0 1 0 27.3 64.5 28 -1 3 8
0 1 0 27.3 64.0 32 -1 3 8
0 1 0 27.3 64.0 32 -1 3 8
0 1 1 27.3 64.0 32 -1 3 8
0 1 0 27.4 64.0 32 -1 3 8
0 1 0 27.4 64.0 32 -1 3 8
0 1 0 27.4 64.0 32 -1 3 8
0 1 0 27.4 64.0 32 -1 3 8
0 1 0 27.4 63.5 32 -1 3 8
0 1 0 27.4 64.0 32 -1 3 8
0 1 0 27.5 64.0 32 -1 3 8
0 1 0 27.4 64.5 32 -1 3 8
0 1 0 27.5 65.5 30 -1 3 8
0 1 0 27.5 65.5 30 -1 3 8
0 1 0 27.5 65.5 30 -1 3 8
0 1 0 27.5 66.0 30 -1 3 8
0 1 4 27.6 66.0 30 -1 3 8
0 1 2 27.6 66.0 30 -1 3 8
0 1 0 27.6 65.5 28 -1 3 8
0 1 0 27.6 65.5 28 -1 3 8
0 1 0 27.6 65.0 28 -1 3 8
0 1 0 27.7 65.0 28 -1 3 8
0 1 4 27.7 64.5 28 -1 3 8
0 1 0 27.7 64.5 28 -1 3 8
0 1 0 27.6 64.5 28 -1 3 8
0 1 0 27.7 64.5 28 -1 3 8
0 1 0 27.6 64.5 28 -1 3 8
0 1 0 27.7 64.0 28 -1 3 8
0 1 0 27.7 64.0 28 -1 3 8
0 1 0 27.7 65.5 28 -1 3 8
0 1 0 27.7 65.0 28 -1 3 8
0 1 0 27.8 65.0 28 -1 3 8
0 1 0 27.8 65.0 28 -1 3 8
0 1 17 27.8 64.5 28 -1 3 8
0 1 0 27.7 64.5 28 -1 3 8
0 1 0 27.7 65.0 28 -1 3 8
0 1 0 27.8 65.0 28 -1 3 8
0 1 0 27.8 65.0 28 -1 3 8
0 1 0 27.8 65.0 28 -1 3 8
0 1 0 27.8 65.5 32 -1 3 8
0 1 0 27.7 65.0 28 -1 3 8
0 1 0 27.8 65.5 28 -1 3 8
0 1 0 27.8 66.5 28 c26 3 8
0 1 11 27.8 65.5 30 c26 3 8
0 1 5 27.8 65.0 28 c26 3 8
0 1 0 27.8 64.0 32 c26 3 8
0 1 0 27.6 63.5 32 c26 3 8
0 1 2 27.6 62.0 30 c26 3 8
0 1 9 27.4 61.0 30 c26 3 8
0 1 0 27.3 60.0 30 c26 3 8
0 1 2 27.2 59.0 32 c26 3 8
0 1 0 27.0 58.0 30 c26 3 8
0 1 0 26.9 57.0 30 c26 3 8
0 1 0 26.8 56.5 30 c26 3 8
0 1 0 26.7 56.0 30 c26 3 8
0 1 0 26.6 55.5 28 c26 3 8
0 1 3 26.5 55.0 32 c26 3 8
0 1 0 26.5 54.5 30 c26 3 8
0 1 0 26.4 54.0 30 c26 3 8
0 1 0 26.2 54.0 30 c26 3 8
0 1 0 26.2 54.0 30 c26 3 8
0 1 4 26.2 54.0 30 c26 3 8
0 1 0 26.1 53.5 28 c26 3 8
0 1 0 26.0 53.5 28 c26 3 8
0 1 7 26.0 53.0 28 c26 3 8
0 1 0 25.9 53.0 28 c26 3 8
0 1 2 25.8 52.5 28 c26 3 8
0 1 0 25.8 52.5 28 c26 3 8
0 1 9 25.8 52.5 30 c26 3 8
0 1 0 25.8 52.5 28 c26 3 8
0 1 0 25.7 52.5 28 c26 3 8
0 1 2 25.6 52.0 28 c26 3 8
0 1 0 25.5 52.0 28 c26 3 8
0 1 2 25.5 52.0 26 c26 3 8
0 1 0 25.5 52.5 26 c26 3 8
0 1 0 25.4 52.0 26 c26 3 8
0 1 0 25.4 52.5 30 c26 3 8
0 1 0 25.4 52.0 28 c26 3 8
0 1 0 25.4 52.5 28 c26 3 8
0 1 0 25.3 52.5 28 c26 3 8
0 1 0 25.3 52.5 28 c26 3 8
0 1 0 25.3 52.5 28 c26 3 8
0 1 0 25.2 52.0 28 c26 3 8
0 1 0 25.2 52.0 26 c26 3 8
0 1 0 25.1 52.0 26 c26 3 8
0 1 3 25.1 52.0 26 c26 3 8
0 1 7 25.1 51.5 23 c26 3 8
0 1 16 25.1 51.5 26 c26 3 8
0 1 0 25.1 51.5 23 c26 3 8
0 1 0 25.0 51.5 26 c26 3 8
0 1 0 25.0 51.5 23 c26 3 8
0 1 0 25.0 51.5 23 c26 3 8
0 1 16 25.0 51.5 25 c26 3 8
0 1 0 25.0 51.5 23 c26 3 8
0 1 0 24.9 51.5 27 c26 3 8
0 1 0 24.9 51.0 27 c26 3 8
0 1 0 24.9 51.0 27 c26 3 8
0 1 0 24.8 51.0 27 c26 3 8
0 1 0 24.7 51.0 25 c26 3 8
0 1 0 24.7 51.0 25 c26 3 8
0 1 0 24.7 50.5 25 c26 3 8
0 1 0 24.7 50.5 25 c26 3 8
0 1 0 24.7 50.5 25 c26 3 8
0 1 0 24.6 50.5 25 c26 3 8
0 1 0 24.7 50.5 25 c26 3 8
0 1 14 24.7 50.5 25 c26 3 8
0 1 13 24.5 50.5 25 c26 3 8
0 1 4 24.5 50.5 25 c26 3 8
0 1 0 24.5 50.5 23 c26 3 8
0 1 0 24.4 50.5 23 c26 3 8
0 1 0 24.5 50.5 23 c26 3 8
0 1 0 24.4 50.5 23 c26 3 8
0 1 2 24.4 50.5 23 c26 3 8
0 1 0 24.4 50.5 23 c26 3 8
0 1 0 24.4 50.5 23 c26 3 8
0 1 0 24.4 51.0 23 c26 3 8
0 1 0 24.3 51.5 23 c26 3 8
0 1 0 24.3 51.5 23 c26 3 8
0 1 3 24.4 52.0 23 c26 3 8
0 1 0 24.4 52.0 23 c26 3 8
0 1 0 24.4 52.0 23 c26 3 8
0 1 0 24.4 51.5 21 c26 3 8
0 1 0 24.4 51.5 21 c26 3 8
0 1 0 24.3 51.5 21 c26 3 8
0 1 5 24.3 51.5 21 c26 3 8
0 1 0 24.2 51.0 21 c26 3 8
0 1 0 24.2 50.5 21 c26 3 8
0 1 0 24.2 50.5 21 c26 3 8
0 1 0 24.1 50.0 21 c26 3 8
0 1 0 24.1 50.0 21 c26 3 8
0 1 0 24.0 49.5 21 c26 3 8
0 1 0 24.0 49.5 21 c26 3 8
0 1 0 24.0 49.5 25 c26 3 8
0 1 0 24.1 50.0 23 c26 3 8
0 1 0 24.0 50.0 23 c26 3 8
0 1 0 23.9 50.0 23 c26 3 8
0 1 3 24.0 50.0 23 c26 3 8
0 1 3 24.0 50.0 23 c26 3 8
0 1 14 23.9 50.0 23 c26 3 8
0 1 0 23.9 50.0 23 c26 3 8
0 1 0 23.9 50.0 23 c26 3 8
0 1 0 23.9 50.0 23 c26 3 8
0 1 0 23.9 50.0 23 c26 3 8
0 1 0 23.9 50.0 23 -1 3 8
1 1 17 23.8 50.0 23 -1 3 8
0 1 0 23.8 50.0 23 -1 3 8
0 1 0 23.9 50.0 23 -1 3 8
0 1 0 23.9 50.0 21 -1 3 8
0 1 0 24.0 50.5 21 -1 3 8
0 1 0 24.1 50.5 21 -1 3 8
0 1 0 24.2 50.5 21 -1 3 8
0 1 0 24.3 50.5 21 -1 3 8
0 1 0 24.4 51.5 21 -1 3 8
0 1 0 24.4 52.0 21 -1 3 8
0 1 0 24.5 52.5 21 -1 3 8
0 1 0 24.6 52.5 21 -1 3 8
0 1 1 24.6 52.5 21 -1 3 8
0 1 0 24.7 52.5 21 -1 3 8
0 1 0 24.9 53.0 21 -1 3 8
0 1 3 24.8 53.0 21 -1 3 8
0 1 0 24.9 53.5 21 -1 3 8
0 1 0 24.9 53.5 21 -1 3 8
0 1 0 25.0 53.5 21 -1 3 8
0 1 3 25.2 54.0 21 -1 3 8
0 1 0 25.2 54.0 21 -1 3 8
0 1 0 25.2 54.0 21 -1 3 8
0 1 0 25.2 54.5 21 -1 3 8
0 1 0 25.3 54.5 21 -1 3 8
0 1 0 25.3 54.5 21 -1 3 8
0 1 0 25.4 54.5 21 -1 3 8
0 1 0 25.4 54.5 21 -1 3 8
0 1 0 25.4 54.5 21 -1 3 8
0 1 1 25.5 55.0 21 -1 3 8
0 1 0 25.5 55.0 21 -1 3 8
0 1 0 25.5 55.0 21 -1 3 8
0 1 0 25.5 55.0 21 -1 3 8
0 1 0 25.6 55.5 21 -1 3 8
0 1 0 25.7 55.5 21 -1 3 8
0 1 0 25.7 55.5 21 -1 3 8
0 1 0 25.7 55.5 21 -1 3 8
0 1 0 25.7 55.5 21 -1 3 8
0 1 0 25.9 55.5 21 -1 3 8
0 1 0 25.9 55.5 21 -1 3 8
0 1 0 25.8 55.5 21 -1 3 8
0 1 0 25.9 56.0 21 -1 3 8
0 1 0 25.9 56.0 21 -1 3 8
0 1 0 26.0 56.0 21 -1 3 8
0 1 0 26.0 56.0 21 -1 3 8
0 1 0 26.0 56.0 21 -1 3 8
0 1 0 26.0 56.0 21 -1 3 8
0 1 0 26.1 56.0 21 -1 3 8
0 1 0 26.1 56.0 21 -1 3 8
0 1 0 26.1 56.0 21 -1 3 8
0 1 1 26.2 56.5 21 -1 3 8
0 1 0 26.2 56.5 21 -1 3 8
0 1 0 26.2 56.5 21 -1 3 8
0 1 0 26.2 56.5 21 -1 3 8
0 1 0 26.2 56.5 21 -1 3 8
0 1 0 26.2 56.5 21 -1 3 8
0 1 0 26.3 56.5 21 -1 3 8
0 1 0 26.3 56.5 21 -1 3 8
0 1 0 26.3 56.5 21 -1 3 8
0 1 0 26.3 56.5 21 -1 3 8
0 1 0 26.3 56.5 21 -1 3 8
0 1 0 26.3 56.5 21 -1 3 8
0 1 0 26.4 56.5 21 -1 3 8
0 1 0 26.4 56.5 21 -1 3 8
0 1 1 26.4 56.5 21 -1 3 8
0 1 73 26.4 56.5 21 -1 3 8
0 1 0 26.4 56.5 21 -1 3 8
0 1 0 26.5 56.5 21 -1 3 8
0 1 0 26.5 56.5 21 -1 3 8
0 1 0 26.5 56.5 21 -1 3 8
0 1 0 26.5 57.0 21 -1 3 8
0 1 0 26.5 56.5 21 -1 3 8
0 1 0 26.5 56.5 21 -1 3 8
0 1 0 26.6 56.5 21 -1 3 8
0 1 0 26.6 56.5 21 -1 3 8
0 1 0 26.6 56.5 21 -1 3 8
0 1 0 26.6 56.5 21 -1 3 8
0 1 0 26.6 57.0 21 -1 3 8
0 1 2 26.6 56.5 21 -1 3 8
0 1 0 26.7 58.0 21 -1 3 8
0 1 0 26.7 59.5 21 -1 3 8
0 1 3 26.8 59.5 21 -1 3 8
0 1 0 26.8 59.5 21 -1 3 8
0 1 0 26.8 59.0 21 -1 3 8
0 1 4 26.7 58.5 21 -1 3 8
0 1 9 26.8 58.5 21 -1 3 8
0 1 9 26.8 58.0 21 -1 3 8
0 1 0 26.8 58.0 21 -1 3 8
0 1 0 26.8 58.0 21 -1 3 8
0 1 0 26.8 58.0 21 -1 3 8
0 1 0 26.8 58.0 21 -1 3 8
0 1 0 26.8 58.0 21 -1 3 8
0 1 7 26.9 58.0 21 -1 3 8
0 1 0 26.9 58.0 21 -1 3 8
0 1 0 26.9 58.0 21 -1 3 8
0 1 0 26.9 58.5 21 -1 3 8
0 1 0 26.9 58.5 21 -1 3 8
0 1 0 26.9 59.0 21 -1 3 8
0 1 0 27.0 59.0 21 -1 3 8
0 1 0 27.0 59.0 21 -1 3 8
0 1 0 27.0 59.0 21 -1 3 8
0 1 0 27.0 59.0 21 -1 3 8
0 1 3 27.0 59.0 21 -1 3 8
0 1 0 27.1 59.0 21 -1 3 8
0 1 2 27.0 59.0 21 -1 3 8
0 1 0 27.0 59.0 21 -1 3 8
0 1 0 27.0 59.0 21 -1 3 8
0 1 0 27.1 59.0 21 -1 3 8
0 1 3 27.0 59.0 21 -1 3 8
0 1 0 27.1 59.0 21 -1 3 8
0 1 0 27.1 59.0 21 -1 3 8
0 1 0 27.1 59.0 21 -1 3 8
0 1 0 27.1 59.0 21 -1 3 8
0 1 0 27.1 58.5 21 -1 3 8
0 1 0 27.1 58.5 21 -1 3 8
0 1 0 27.2 58.5 21 -1 3 8
0 1 0 27.2 58.5 21 -1 3 8
0 1 0 27.2 58.5 21 -1 3 8
0 1 0 27.2 58.5 21 -1 3 8
0 1 0 27.2 58.5 21 -1 3 8
0 1 0 27.2 58.5 21 -1 3 8
0 1 0 27.1 58.5 21 -1 3 8
0 1 0 27.2 58.5 21 -1 3 8
0 1 0 27.2 58.0 21 -1 3 8
0 1 0 27.2 58.0 21 -1 3 8
0 1 0 27.2 58.0 21 -1 3 8
0 1 0 27.2 58.0 21 -1 3 8
0 1 0 27.2 58.0 21 -1 3 8
0 1 0 27.2 58.0 21 -1 3 8
0 1 0 27.2 58.0 21 -1 3 8
0 1 0 27.2 58.0 21 -1 3 8
0 1 0 27.2 58.0 21 -1 3 8
0 1 2 27.2 58.0 21 -1 3 8
0 1 0 27.3 58.0 21 -1 3 8
0 1 0 27.2 58.0 21 -1 3 8
0 1 0 27.3 58.0 21 -1 3 8
0 1 48 27.3 58.0 21 -1 3 8
0 1 0 27.3 57.5 21 -1 3 8
0 1 0 27.2 57.5 21 -1 3 8
0 1 0 27.3 58.0 21 -1 3 8
0 1 0 27.3 57.5 21 -1 3 8
0 1 0 27.3 57.5 21 -1 3 8
0 1 0 27.3 58.0 21 -1 3 8
0 1 10 27.3 58.0 21 -1 3 8
0 1 0 27.3 57.5 21 -1 3 8
0 1 0 27.3 58.0 21 -1 3 8
0 1 2 27.3 57.5 21 -1 3 8
0 1 0 27.3 58.0 21 -1 3 8
0 1 0 27.3 58.0 21 -1 3 8
0 1 0 27.3 58.0 21 -1 3 8
0 1 0 27.3 58.0 21 -1 3 8
0 1 0 27.3 58.0 21 -1 3 8
0 1 0 27.3 58.0 21 -1 3 8
0 1 0 27.3 58.0 21 -1 3 8
0 1 0 27.3 58.0 21 -1 3 8
0 1 0 27.4 58.0 21 -1 3 8
0 1 0 27.4 58.5 21 -1 3 8
0 1 0 27.4 58.5 21 -1 3 8
0 1 0 27.4 58.5 21 -1 3 8
0 1 0 27.4 59.0 21 -1 3 8
0 1 0 27.4 59.5 21 -1 3 8
0 1 0 27.4 59.5 21 -1 3 8
0 1 8 27.5 59.5 21 -1 3 8
0 1 1 27.4 59.5 21 -1 3 8
0 1 0 27.5 59.5 21 -1 3 8
0 1 0 27.4 59.5 21 -1 3 8
0 1 0 27.4 60.0 21 -1 3 8
0 1 0 27.4 60.5 21 -1 3 8
0 1 1 27.5 60.5 21 -1 3 8
0 1 0 27.4 60.5 21 -1 3 8
0 1 0 27.4 61.0 21 -1 3 8
0 1 0 27.5 60.5 21 -1 3 8
0 1 0 27.5 60.0 21 -1 3 8
0 1 0 27.5 60.0 21 -1 3 8
0 1 0 27.5 60.5 21 -1 3 8
0 1 0 27.5 60.5 21 -1 3 8
0 1 0 27.5 60.0 21 -1 3 8
0 1 0 27.5 60.0 21 -1 3 8
0 1 0 27.5 60.0 21 -1 3 8
0 1 0 27.5 60.0 21 -1 3 8
0 1 1 27.6 60.0 21 -1 3 8
0 1 0 27.6 59.5 21 -1 3 8
0 1 0 27.5 59.5 21 -1 3 8
0 1 0 27.6 59.5 21 -1 3 8
0 1 0 27.6 60.0 21 -1 3 8
0 1 0 27.6 59.5 21 -1 3 8
0 1 0 27.6 59.5 21 -1 3 8
0 1 0 27.5 59.5 21 -1 3 8
0 1 0 27.5 59.5 21 -1 3 8
0 1 0 27.6 59.5 21 -1 3 8
0 1 0 27.6 59.5 21 -1 3 8
0 1 0 27.6 59.0 21 -1 3 8
0 1 0 27.6 59.0 21 -1 3 8
0 1 0 27.6 61.5 21 -1 3 8
0 1 0 27.7 62.5 21 -1 3 8
0 1 0 27.6 62.5 21 -1 3 8
0 1 0 27.6 62.0 21 -1 3 8
0 1 0 27.6 61.5 21 -1 3 8
0 1 0 27.6 61.0 21 -1 3 8
0 1 0 27.6 60.5 21 -1 3 8
0 1 9 27.7 60.5 21 -1 3 8
1 1 15 27.6 60.0 21 -1 3 8
0 1 0 27.6 60.0 21 -1 3 8
0 1 0 27.6 60.0 21 -1 3 8
0 1 0 27.5 59.5 21 -1 3 8
0 1 0 27.6 59.5 21 -1 3 8
0 1 0 27.6 59.5 21 -1 3 8
0 1 18 27.6 59.5 10 -1 3 8
0 1 0 27.6 59.5 0 -1 0 8
0 1 0 27.6 59.5 0 -1 0 8
0 1 0 27.6 59.5 0 -1 0 8
0 1 0 27.6 59.5 0 -1 0 8
0 1 0 27.5 59.0 0 -1 0 8
0 1 0 27.6 59.0 2 -1 0 8
0 1 0 27.5 59.0 2 -1 0 8
0 1 0 27.6 59.0 2 -1 0 8
0 1 0 27.6 59.0 2 -1 0 8
0 1 0 27.6 58.5 2 -1 0 8
0 1 0 27.5 58.5 2 -1 0 8
0 1 0 27.6 58.5 2 -1 0 8
0 1 0 27.6 58.5 2 -1 0 8
0 1 0 27.6 58.5 2 -1 0 8
0 1 0 27.6 58.5 2 -1 0 8
0 1 0 27.6 58.5 2 -1 0 8
0 1 0 27.6 58.0 2 -1 0 8
0 1 0 27.6 58.0 2 -1 0 8
0 1 0 27.6 58.0 2 -1 0 8
0 1 0 27.6 58.0 2 -1 0 8
0 1 0 27.6 58.0 2 -1 0 8
0 1 0 27.6 58.0 2 -1 0 8
0 1 0 27.6 58.0 2 -1 0 8
0 1 0 27.6 57.5 2 -1 0 8
0 1 0 27.6 57.5 2 -1 0 8
0 1 0 27.6 57.5 2 -1 0 8
0 1 0 27.6 58.0 2 -1 0 8
0 1 0 27.6 58.0 2 -1 0 8
0 1 0 27.6 58.0 2 -1 0 8
0 1 0 27.6 58.0 2 -1 0 8
0 1 0 27.7 58.0 2 -1 0 8
0 1 0 27.7 57.5 2 -1 0 8
0 1 0 27.6 57.5 2 -1 0 8
0 1 0 27.6 57.5 2 -1 0 8
0 1 0 27.7 58.0 2 -1 0 8
0 1 0 27.7 57.5 2 -1 0 8
0 1 0 27.7 58.0 2 -1 0 8
0 1 0 27.7 58.0 2 -1 0 8
0 1 0 27.7 58.0 2 -1 0 8
0 1 0 27.6 57.5 2 -1 0 8
0 1 0 27.7 57.5 2 -1 0 8
0 1 0 27.7 57.5 2 -1 0 8
0 1 0 27.7 57.5 2 -1 0 8
0 1 0 27.7 57.5 2 -1 0 8
0 1 0 27.7 57.5 2 -1 0 8
0 1 0 27.7 57.5 2 -1 0 8
0 1 0 27.8 57.5 2 -1 0 8
0 1 0 27.7 57.5 2 -1 0 8
0 1 0 27.7 57.5 2 -1 0 8
0 1 0 27.7 57.5 2 -1 0 8
0 1 0 27.8 57.5 2 -1 0 8
0 1 0 27.7 57.5 2 -1 0 8
0 1 0 27.7 57.5 2 -1 0 8
0 1 0 27.8 57.5 2 -1 0 8
0 1 0 27.8 57.5 2 -1 0 8
0 1 0 27.8 57.5 2 -1 0 8
0 1 0 27.8 57.5 2 -1 0 8
0 1 0 27.7 57.5 2 -1 0 8
0 1 0 27.8 57.5 2 -1 0 8
0 1 0 27.8 57.5 2 -1 0 8
0 1 0 27.8 57.5 2 -1 0 8
0 1 0 27.7 57.5 2 -1 0 8
0 1 0 27.8 57.5 2 -1 0 8
0 1 0 27.8 57.5 2 -1 0 8
0 1 0 27.7 57.5 2 -1 0 8
0 1 0 27.8 57.5 2 -1 0 8
0 1 0 27.8 57.5 2 -1 0 8
0 1 0 27.8 57.5 2 -1 0 8
0 1 0 27.8 57.5 2 -1 0 8
0 1 0 27.8 57.5 2 -1 0 8
0 1 0 27.8 57.5 2 -1 0 8
0 1 0 27.8 57.5 2 -1 0 8
0 1 0 27.8 57.5 2 -1 0 8
0 1 0 27.8 57.5 2 -1 0 8
0 1 0 27.8 57.5 2 -1 0 8
0 1 0 27.9 57.5 2 -1 0 8
0 1 0 27.8 57.5 2 -1 0 8
0 1 0 27.9 57.5 2 -1 0 8
0 1 0 27.9 57.5 2 -1 0 8
0 1 0 27.9 57.5 2 -1 0 8
0 1 0 27.9 57.5 2 -1 0 8
0 1 0 27.9 57.5 2 -1 0 8
0 1 0 27.9 57.5 2 -1 0 8
0 1 0 27.9 57.5 2 -1 0 8
0 1 0 27.9 57.5 2 -1 0 8
0 1 0 27.9 57.5 2 -1 0 8
0 1 0 27.9 57.5 2 -1 0 8
0 1 0 27.8 57.5 2 -1 0 8
0 1 0 27.9 57.5 2 -1 0 8
0 1 0 27.9 57.5 2 -1 0 8
0 1 0 27.9 57.5 2 -1 0 8
0 1 0 28.0 57.5 2 -1 0 8
0 1 0 27.9 57.5 2 -1 0 8
0 1 0 28.0 57.5 2 -1 0 8
0 1 0 27.9 57.5 2 -1 0 8
0 1 0 27.9 57.5 2 -1 0 8
0 1 0 28.0 57.5 2 -1 0 8
0 1 0 27.9 57.5 2 -1 0 8
0 1 0 27.9 57.5 2 -1 0 8
0 1 0 27.9 57.5 2 -1 0 8
0 1 0 28.0 57.5 2 -1 0 8
0 1 0 28.0 57.5 2 -1 0 8
