0 0 0 29.1 57.5 2 -1 0 -1
0 0 0 29.0 57.5 2 -1 0 -1
0 0 0 29.0 57.5 2 -1 0 -1
0 0 0 29.0 57.5 2 -1 0 -1
0 0 0 28.9 57.5 2 -1 0 -1
0 0 0 29.0 57.5 2 -1 0 -1
0 0 0 29.0 57.5 2 -1 0 -1
0 0 0 29.0 57.5 2 -1 0 -1
0 0 0 29.0 57.5 2 -1 0 -1
0 0 0 29.0 57.5 2 -1 0 -1
0 0 0 28.9 57.5 2 -1 0 -1
0 0 0 29.0 57.5 2 -1 0 -1
0 0 0 29.0 57.5 2 -1 0 -1
0 0 0 28.9 57.5 2 -1 0 -1
0 0 0 29.0 57.5 2 -1 0 -1
0 0 0 29.0 57.5 2 -1 0 -1
0 0 0 29.0 57.5 2 -1 0 -1
0 0 0 29.0 57.5 2 -1 0 -1
0 0 0 29.0 57.5 2 -1 0 -1
0 0 0 29.0 57.5 2 -1 0 -1
0 0 0 29.0 58.0 2 -1 0 -1
0 0 0 29.1 57.5 2 -1 0 -1
0 0 0 29.1 58.0 2 -1 0 -1
0 0 0 29.0 57.5 2 -1 0 -1
0 0 0 29.0 58.0 2 -1 0 -1
0 0 0 29.0 58.0 2 -1 0 -1
0 0 0 29.0 58.0 2 -1 0 -1
0 0 0 29.0 58.0 2 -1 0 -1
0 0 0 29.0 58.0 2 -1 0 -1
0 0 0 29.0 58.0 2 -1 0 -1
0 0 0 29.0 58.0 2 -1 0 -1
0 0 0 29.0 58.0 2 -1 0 -1
0 0 0 29.0 58.0 2 -1 0 -1
0 0 0 29.0 58.0 2 -1 0 -1
0 0 0 29.1 58.0 2 -1 0 -1
0 0 0 29.1 58.0 2 -1 0 -1
0 0 0 29.0 58.0 2 -1 0 -1
0 0 0 29.1 58.0 2 -1 0 -1
0 0 0 29.0 58.0 2 -1 0 -1
0 0 0 29.1 58.0 2 -1 0 -1
0 0 0 29.0 58.0 2 -1 0 -1
0 0 0 29.1 58.0 2 -1 0 -1
0 0 0 29.0 58.0 2 -1 0 -1
0 0 0 29.1 58.0 2 -1 0 -1
0 0 0 29.0 58.0 2 -1 0 -1
0 0 0 29.0 58.0 2 -1 0 -1
0 0 0 29.1 58.0 2 -1 0 -1
0 0 0 29.0 58.0 2 -1 0 -1
0 0 0 29.0 58.0 2 -1 0 -1
0 0 0 29.1 58.0 2 -1 0 -1
0 0 0 29.0 58.0 2 -1 0 -1
0 0 0 29.1 58.0 2 -1 0 -1
0 0 0 29.0 58.0 2 -1 0 -1
0 0 0 29.1 58.0 2 -1 0 -1
0 0 0 29.0 58.0 2 -1 0 -1
0 0 0 29.1 58.0 2 -1 0 -1
0 0 0 29.0 58.0 2 -1 0 -1
0 0 0 29.1 58.0 2 -1 0 -1
0 0 0 29.0 58.0 2 -1 0 -1
0 0 0 29.0 58.0 2 -1 0 -1
0 0 0 29.1 58.0 2 -1 0 -1
0 0 0 29.1 58.0 2 -1 0 -1
0 0 0 29.0 58.0 2 -1 0 -1
0 0 0 29.0 58.5 2 -1 0 -1
0 0 0 29.0 58.5 2 -1 0 -1
0 0 0 29.1 58.5 2 -1 0 -1
0 0 0 29.1 58.5 2 -1 0 -1
0 0 0 29.1 58.5 2 -1 0 -1
0 0 0 29.1 58.5 2 -1 0 -1
0 0 0 29.1 58.5 2 -1 0 -1
0 0 0 29.1 58.5 2 -1 0 -1
0 0 0 29.1 58.5 2 -1 0 -1
0 0 0 29.1 58.5 2 -1 0 -1
0 0 0 29.1 58.5 2 -1 0 -1
0 0 0 29.1 58.5 2 -1 0 -1
0 0 0 29.2 58.5 2 -1 0 -1
0 0 0 29.1 58.5 2 -1 0 -1
0 0 0 29.1 58.5 2 -1 0 -1
0 0 0 29.1 58.5 2 -1 0 -1
0 0 0 29.1 58.5 2 -1 0 -1
0 0 0 29.1 58.5 2 -1 0 -1
0 0 0 29.0 58.5 2 -1 0 -1
0 0 0 29.1 58.5 2 -1 0 -1
0 0 0 29.1 58.5 2 -1 0 -1
0 0 0 29.1 58.5 2 -1 0 -1
0 0 0 29.1 58.5 2 -1 0 -1
0 0 0 29.1 58.5 2 -1 0 -1
0 0 0 29.1 58.5 2 -1 0 -1
0 0 0 29.1 58.5 2 -1 0 -1
0 0 0 29.1 58.5 2 -1 0 -1
0 0 0 29.1 58.5 2 -1 0 -1
0 0 0 29.1 58.5 2 -1 0 -1
0 0 0 29.1 58.5 2 -1 0 -1
0 0 0 29.1 58.5 2 -1 0 -1
0 0 0 29.1 58.5 2 -1 0 -1
0 0 0 29.1 58.5 2 -1 0 -1
0 0 0 29.1 58.5 2 -1 0 -1
0 0 0 29.1 58.5 2 -1 0 -1
0 0 0 29.1 59.0 2 -1 0 -1
0 0 0 29.1 59.0 2 -1 0 -1
0 0 0 29.1 59.0 2 -1 0 -1
0 0 0 29.1 59.0 2 -1 0 -1
0 0 0 29.1 59.0 2 -1 0 -1
0 0 0 29.0 59.0 2 -1 0 -1
0 0 0 29.1 59.0 2 -1 0 -1
0 0 0 29.1 59.0 2 -1 0 -1
0 0 0 29.1 59.0 2 -1 0 -1
0 0 0 29.2 59.0 2 -1 0 -1
0 0 0 29.2 59.0 2 -1 0 -1
0 0 0 29.1 59.0 2 -1 0 -1
0 0 0 29.1 59.0 2 -1 0 -1
0 0 0 29.2 59.0 2 -1 0 -1
0 0 0 29.1 59.0 2 -1 0 -1
0 0 0 29.1 59.0 2 -1 0 -1
0 0 0 29.2 59.0 2 -1 0 -1
0 0 0 29.1 59.0 2 -1 0 -1
0 0 0 29.1 59.0 2 -1 0 -1
0 0 0 29.1 59.0 2 -1 0 -1
0 0 0 29.1 59.0 2 -1 0 -1
0 0 0 29.1 59.0 2 -1 0 -1
0 0 0 29.2 59.0 2 -1 0 -1
0 0 0 29.1 59.0 2 -1 0 -1
0 0 0 29.2 59.0 2 -1 0 -1
0 0 0 29.2 59.0 2 -1 0 -1
0 0 0 29.1 59.0 2 -1 0 -1
0 0 0 29.2 59.0 2 -1 0 -1
0 0 0 29.2 59.0 2 -1 0 -1
0 0 0 29.2 59.0 2 -1 0 -1
0 0 0 29.2 59.0 2 -1 0 -1
0 0 0 29.2 59.0 2 -1 0 -1
0 0 0 29.1 59.0 2 -1 0 -1
0 0 0 29.2 59.0 2 -1 0 -1
0 0 0 29.2 59.0 2 -1 0 -1
0 0 0 29.2 59.0 2 -1 0 -1
0 0 0 29.1 59.0 2 -1 0 -1
0 0 0 29.2 59.0 2 -1 0 -1
0 0 0 29.2 59.0 2 -1 0 -1
0 0 0 29.2 59.0 2 -1 0 -1
0 0 0 29.2 59.0 2 -1 0 -1
0 0 0 29.2 59.5 2 -1 0 -1
0 0 0 29.1 59.0 2 -1 0 -1
0 0 0 29.1 59.0 2 -1 0 -1
0 0 0 29.1 59.5 2 -1 0 -1
0 0 0 29.2 59.0 2 -1 0 -1
0 0 0 29.2 59.0 2 -1 0 -1
0 0 0 29.2 59.0 2 -1 0 -1
0 0 0 29.3 59.5 2 -1 0 -1
0 0 0 29.2 59.0 2 -1 0 -1
0 0 0 29.2 59.5 2 -1 0 -1
0 0 0 29.2 59.5 2 -1 0 -1
0 0 0 29.2 59.5 2 -1 0 -1
0 0 0 29.2 59.5 2 -1 0 -1
0 0 0 29.2 59.5 2 -1 0 -1
0 0 0 29.2 59.5 2 -1 0 -1
0 0 0 29.2 59.5 2 -1 0 -1
0 0 0 29.2 59.5 2 -1 0 -1
0 0 0 29.2 59.5 2 -1 0 -1
0 0 0 29.2 59.5 2 -1 0 -1
0 0 0 29.2 59.5 2 -1 0 -1
0 0 0 29.2 59.5 2 -1 0 -1
0 0 0 29.2 59.5 2 -1 0 -1
0 0 0 29.2 59.5 2 -1 0 -1
0 0 0 29.2 59.5 2 -1 0 -1
0 0 0 29.2 59.5 2 -1 0 -1
0 0 0 29.2 59.5 2 -1 0 -1
0 0 0 29.2 59.5 2 -1 0 -1
0 0 0 29.1 59.5 2 -1 0 -1
0 0 0 29.1 59.5 2 -1 0 -1
0 0 0 29.3 59.5 2 -1 0 -1
0 0 0 29.2 59.5 2 -1 0 -1
0 0 0 29.2 59.5 2 -1 0 -1
0 0 0 29.2 59.5 2 -1 0 -1
0 0 0 29.2 59.5 2 -1 0 -1
0 0 0 29.2 59.5 2 -1 0 -1
0 0 0 29.2 60.0 2 -1 0 -1
0 0 0 29.2 60.0 2 -1 0 -1
0 0 0 29.2 60.0 2 -1 0 -1
0 0 0 29.2 60.0 2 -1 0 -1
0 0 0 29.2 60.0 2 -1 0 -1
0 0 0 29.2 60.0 2 -1 0 -1
0 0 0 29.2 60.0 2 -1 0 -1
0 0 0 29.2 60.0 2 -1 0 -1
0 0 0 29.2 60.0 2 -1 0 -1
0 0 0 29.2 60.0 2 -1 0 -1
0 0 0 29.3 60.0 2 -1 0 -1
0 0 0 29.2 60.0 2 -1 0 -1
0 0 0 29.2 60.0 2 -1 0 -1
0 0 0 29.2 60.0 2 -1 0 -1
0 0 0 29.2 60.0 2 -1 0 -1
0 0 0 29.2 60.0 2 -1 0 -1
0 0 0 29.2 60.0 2 -1 0 -1
0 0 0 29.2 60.0 2 -1 0 -1
0 0 0 29.3 60.0 2 -1 0 -1
0 0 0 29.2 60.0 2 -1 0 -1
0 0 0 29.2 60.0 2 -1 0 -1
0 0 0 29.3 60.0 2 -1 0 -1
0 0 0 29.2 60.0 2 -1 0 -1
0 0 0 29.2 60.0 2 -1 0 -1
0 0 0 29.2 60.0 2 -1 0 -1
0 0 0 29.3 60.0 2 -1 0 -1
0 0 0 29.2 60.0 2 -1 0 -1
0 0 0 29.2 60.0 2 -1 0 -1
0 0 0 29.3 60.0 2 -1 0 -1
0 0 0 29.2 60.0 2 -1 0 -1
0 0 0 29.2 60.0 2 -1 0 -1
0 0 0 29.3 60.0 2 -1 0 -1
0 0 0 29.2 60.0 2 -1 0 -1
0 0 0 29.2 60.0 2 -1 0 -1
0 0 0 29.2 60.0 2 -1 0 -1
0 0 0 29.2 60.0 2 -1 0 -1
0 0 0 29.2 60.5 2 -1 0 -1
0 0 0 29.3 60.5 2 -1 0 -1
0 0 0 29.3 60.5 2 -1 0 -1
0 0 0 29.2 60.5 2 -1 0 -1
0 0 0 29.2 60.5 2 -1 0 -1
0 0 0 29.2 60.5 2 -1 0 -1
0 0 0 29.2 60.5 2 -1 0 -1
0 0 0 29.2 60.5 2 -1 0 -1
0 0 0 29.2 60.5 2 -1 0 -1
0 0 0 29.3 60.5 2 -1 0 -1
0 0 0 29.2 60.5 2 -1 0 -1
0 0 0 29.3 60.5 2 -1 0 -1
0 0 0 29.3 60.5 2 -1 0 -1
0 0 0 29.2 60.5 2 -1 0 -1
0 0 0 29.3 60.5 2 -1 0 -1
0 0 0 29.3 60.5 2 -1 0 -1
0 0 0 29.2 60.5 2 -1 0 -1
0 0 0 29.2 60.5 2 -1 0 -1
0 0 0 29.3 60.5 2 -1 0 -1
0 0 0 29.3 60.5 2 -1 0 -1
0 0 0 29.3 60.5 2 -1 0 -1
0 0 0 29.2 60.5 2 -1 0 -1
0 0 0 29.3 60.5 2 -1 0 -1
0 0 0 29.2 60.5 2 -1 0 -1
0 0 0 29.2 60.5 2 -1 0 -1
0 0 0 29.3 60.5 2 -1 0 -1
0 0 0 29.2 60.5 2 -1 0 -1
0 0 0 29.3 60.5 2 -1 0 -1
0 0 0 29.2 60.5 2 -1 0 -1
0 0 0 29.3 60.5 2 -1 0 -1
0 0 0 29.3 60.5 2 -1 0 -1
0 0 0 29.3 60.5 2 -1 0 -1
0 0 0 29.3 60.5 2 -1 0 -1
0 0 0 29.2 60.5 2 -1 0 -1
0 0 0 29.3 60.5 2 -1 0 -1
0 0 0 29.2 60.5 2 -1 0 -1
0 0 0 29.2 60.5 2 -1 0 -1
0 0 0 29.3 60.5 2 -1 0 -1
0 0 0 29.2 60.5 2 -1 0 -1
0 0 0 29.3 61.0 2 -1 0 -1
0 0 0 29.3 61.0 2 -1 0 -1
0 0 0 29.2 61.0 2 -1 0 -1
0 0 0 29.3 61.0 2 -1 0 -1
0 0 0 29.2 61.0 2 -1 0 -1
0 0 0 29.3 61.0 2 -1 0 -1
0 0 0 29.3 61.0 2 -1 0 -1
0 0 0 29.2 61.0 2 -1 0 -1
0 0 0 29.3 61.0 2 -1 0 -1
0 0 0 29.2 61.0 2 -1 0 -1
0 0 0 29.3 61.0 2 -1 0 -1
0 0 0 29.3 61.0 2 -1 0 -1
0 0 0 29.3 61.0 2 -1 0 -1
0 0 0 29.2 61.0 2 -1 0 -1
0 0 0 29.2 61.0 2 -1 0 -1
0 0 0 29.3 61.0 2 -1 0 -1
0 0 0 29.3 61.0 2 -1 0 -1
0 0 0 29.3 61.0 2 -1 0 -1
0 0 0 29.3 61.0 2 -1 0 -1
0 0 0 29.3 61.0 2 -1 0 -1
0 0 0 29.3 61.0 2 -1 0 -1
0 0 0 29.3 61.0 2 -1 0 -1
0 0 0 29.3 61.0 2 -1 0 -1
0 0 0 29.3 61.0 2 -1 0 -1
0 0 0 29.3 61.0 2 -1 0 -1
0 0 0 29.3 61.0 2 -1 0 -1
0 0 0 29.3 61.0 2 -1 0 -1
0 0 0 29.3 61.0 2 -1 0 -1
0 0 0 29.3 61.0 2 -1 0 -1
0 0 0 29.3 61.5 2 -1 0 -1
0 0 0 29.3 61.0 2 -1 0 -1
0 0 0 29.4 61.0 2 -1 0 -1
0 0 0 29.3 61.0 2 -1 0 -1
0 0 0 29.3 61.0 2 -1 0 -1
0 0 0 29.3 61.0 2 -1 0 -1
0 0 0 29.3 61.0 2 -1 0 -1
0 0 0 29.2 61.0 2 -1 0 -1
0 0 0 29.3 61.0 2 -1 0 -1
0 0 0 29.2 61.0 2 -1 0 -1
0 0 0 29.2 61.5 2 -1 0 -1
0 0 0 29.3 61.0 2 -1 0 -1
0 0 0 29.3 61.0 2 -1 0 -1
0 0 0 29.3 61.5 2 -1 0 -1
0 0 0 29.3 61.0 2 -1 0 -1
0 0 0 29.2 61.5 2 -1 0 -1
0 0 0 29.3 61.5 2 -1 0 -1
0 0 0 29.3 61.5 2 -1 0 -1
0 0 0 29.3 61.5 2 -1 0 -1
0 0 0 29.3 61.5 2 -1 0 -1
0 0 0 29.3 61.0 1 -1 0 -1
0 0 0 29.2 61.5 1 -1 0 -1
0 0 0 29.3 61.5 1 -1 0 -1
0 0 0 29.2 61.5 1 -1 0 -1
0 0 0 29.3 61.5 1 -1 0 -1
0 0 0 29.3 61.5 1 -1 0 -1
0 0 0 29.3 61.5 1 -1 0 -1
0 0 0 29.3 61.5 1 -1 0 -1
0 0 0 29.3 61.5 1 -1 0 -1
0 0 0 29.3 61.5 1 -1 0 -1
0 0 0 29.3 61.5 1 -1 0 -1
0 0 0 29.3 61.5 1 -1 0 -1
0 0 0 29.3 61.5 1 -1 0 -1
0 0 0 29.3 61.5 1 -1 0 -1
0 0 0 29.2 61.5 0 -1 0 -1
0 0 0 29.3 61.5 0 -1 0 -1
0 0 0 29.3 61.5 0 -1 0 -1
0 0 0 29.3 61.5 0 -1 0 -1
0 0 0 29.3 61.5 0 -1 0 -1
0 0 0 29.3 61.5 0 -1 0 -1
0 0 0 29.3 61.5 0 -1 0 -1
0 0 0 29.3 61.5 2 -1 0 -1
0 0 0 29.3 61.5 2 -1 0 -1
0 0 0 29.3 61.5 2 -1 0 -1
0 0 0 29.3 61.5 2 -1 0 -1
0 0 0 29.3 61.5 1 -1 0 -1
0 0 0 29.2 61.5 1 -1 0 -1
0 0 0 29.3 61.5 1 -1 0 -1
0 0 0 29.4 61.5 2 -1 0 -1
0 0 0 29.3 61.5 2 -1 0 -1
0 0 0 29.3 61.5 1 -1 0 -1
0 0 0 29.3 61.5 4 -1 0 -1
0 0 0 29.3 61.5 5 -1 0 -1
0 0 0 29.3 61.5 3 -1 0 -1
0 0 0 29.3 61.5 5 -1 0 -1
0 0 0 29.3 61.5 5 -1 0 -1
0 0 0 29.4 61.5 7 -1 0 -1
0 0 0 29.3 61.5 8 -1 0 -1
0 0 0 29.2 61.5 10 -1 0 -1
0 0 0 29.4 61.5 8 -1 0 -1
0 0 0 29.3 61.5 12 -1 0 -1
0 0 0 29.3 61.5 10 -1 0 -1
0 0 0 29.3 61.5 12 -1 0 -1
0 0 0 29.3 61.5 12 -1 0 -1
0 0 0 29.3 61.5 15 -1 0 -1
0 0 0 29.3 61.5 13 -1 0 -1
0 0 0 29.3 61.5 15 -1 0 -1
0 0 0 29.3 61.5 15 -1 0 -1
0 0 0 29.4 61.5 12 -1 0 -1
0 0 0 29.3 61.5 11 -1 0 -1
0 0 0 29.3 61.5 7 -1 0 -1
0 0 0 29.3 61.5 7 -1 0 -1
0 0 0 29.3 61.5 7 -1 0 -1
0 0 0 29.3 61.5 7 -1 0 -1
0 0 0 29.3 61.5 7 -1 0 -1
0 0 0 29.2 61.5 7 -1 0 -1
0 0 0 29.3 61.5 9 -1 0 -1
0 0 0 29.4 61.5 9 -1 0 -1
0 0 0 29.3 61.5 9 -1 0 -1
0 0 0 29.3 61.5 11 -1 0 -1
0 0 0 29.3 61.5 7 -1 0 -1
0 0 0 29.3 61.5 7 -1 0 -1
0 0 0 29.3 61.5 9 -1 0 -1
0 0 0 29.3 61.5 9 -1 0 -1
0 0 0 29.3 61.5 11 -1 0 -1
0 0 0 29.4 61.5 9 -1 0 -1
0 0 0 29.4 61.5 9 -1 0 -1
0 0 0 29.3 61.5 13 -1 0 -1
0 0 0 29.3 61.5 13 -1 0 -1
0 0 0 29.4 61.5 13 -1 0 -1
0 0 0 29.3 61.5 16 -1 0 -1
0 0 0 29.4 61.5 12 -1 0 -1
0 0 0 29.3 61.5 16 -1 0 -1
0 0 0 29.3 61.5 16 -1 0 -1
0 0 0 29.3 61.5 16 -1 0 -1
0 0 0 29.3 61.5 16 -1 0 -1
0 0 0 29.3 61.5 14 -1 0 -1
0 0 0 29.3 61.5 14 -1 0 -1
0 0 0 29.4 61.5 16 -1 0 -1
0 0 0 29.4 61.5 18 -1 0 -1
0 0 0 29.4 61.5 18 -1 0 -1
0 0 0 29.3 61.5 23 -1 0 -1
0 0 0 29.4 61.5 37 -1 0 -1
0 0 0 29.3 61.5 44 -1 0 -1
0 0 0 29.4 61.5 39 -1 0 -1
0 0 0 29.4 61.5 25 -1 0 -1
0 0 0 29.4 61.5 37 -1 0 -1
0 0 0 29.4 61.5 42 -1 0 -1
0 0 0 29.4 61.5 47 -1 0 -1
0 0 0 29.4 61.5 45 -1 0 -1
0 0 0 29.4 61.5 47 -1 0 -1
0 0 0 29.3 61.5 47 -1 0 -1
0 0 0 29.4 61.5 47 -1 0 -1
0 0 0 29.3 61.5 45 -1 0 -1
0 0 0 29.4 61.5 45 -1 0 -1
0 0 0 29.4 61.5 47 -1 0 -1
0 0 0 29.4 61.5 47 -1 0 -1
0 0 0 29.5 61.5 47 -1 0 -1
0 0 0 29.4 61.5 47 -1 0 -1
0 0 0 29.4 61.5 49 -1 0 -1
0 0 0 29.4 61.5 49 -1 0 -1
0 0 0 29.4 61.5 49 -1 0 -1
0 0 0 29.4 61.5 51 -1 0 -1
0 0 0 29.4 61.5 51 -1 0 -1
0 0 0 29.4 61.5 47 -1 0 -1
0 0 0 29.5 61.5 47 -1 0 -1
0 0 0 29.5 61.5 49 -1 0 -1
0 0 0 29.5 61.5 49 -1 0 -1
0 0 0 29.4 61.5 49 -1 0 -1
0 0 0 29.5 61.5 49 -1 0 -1
0 0 0 29.4 61.5 51 -1 0 -1
0 0 0 29.4 61.5 51 -1 0 -1
0 0 0 29.5 61.0 51 -1 0 -1
0 0 0 29.5 61.0 51 -1 0 -1
0 0 0 29.5 61.5 51 -1 0 -1
0 0 0 29.5 61.5 53 -1 0 -1
0 0 0 29.5 61.5 53 -1 0 -1
0 0 0 29.5 61.0 53 -1 0 -1
0 0 0 29.5 61.5 53 -1 0 -1
0 0 0 29.5 61.5 53 -1 0 -1
0 0 0 29.5 61.5 49 -1 0 -1
0 0 0 29.6 61.5 51 -1 0 -1
0 0 0 29.6 61.0 51 -1 0 -1
0 0 0 29.6 61.5 51 -1 0 -1
0 0 0 29.5 61.5 51 -1 0 -1
0 0 0 29.5 61.5 51 -1 0 -1
0 0 0 29.6 61.5 51 -1 0 -1
0 0 0 29.6 61.5 51 -1 0 -1
0 0 0 29.6 61.5 51 -1 0 -1
0 0 0 29.6 61.5 53 -1 0 -1
0 0 0 29.6 61.5 53 -1 0 -1
0 0 0 29.6 61.5 53 -1 0 -1
0 0 0 29.6 61.5 53 -1 0 -1
0 0 0 29.6 61.0 53 -1 0 -1
0 0 0 29.6 61.5 53 -1 0 -1
0 0 0 29.6 61.5 56 -1 0 -1
0 0 0 29.6 61.5 53 -1 0 -1
0 0 0 29.7 61.5 53 -1 0 -1
0 0 0 29.7 61.5 53 -1 0 -1
0 0 0 29.7 61.5 53 -1 0 -1
0 0 0 29.6 61.5 53 -1 0 -1
0 0 0 29.7 61.5 53 -1 0 -1
0 0 0 29.7 61.5 51 -1 0 -1
0 0 0 29.6 61.5 51 -1 0 -1
0 0 0 29.7 61.5 51 -1 0 -1
0 0 0 29.7 61.5 51 -1 0 -1
0 0 0 29.7 61.5 51 -1 0 -1
0 0 0 29.7 61.5 51 -1 0 -1
0 0 0 29.7 61.5 51 -1 0 -1
0 0 0 29.8 61.5 51 -1 0 -1
0 0 0 29.7 61.5 51 -1 0 -1
0 0 0 29.8 61.5 51 -1 0 -1
0 0 0 29.7 61.5 51 -1 0 -1
0 0 0 29.7 61.5 51 -1 0 -1
0 0 0 29.7 61.5 55 -1 0 -1
0 0 0 29.8 61.5 53 -1 0 -1
0 0 0 29.8 61.5 53 -1 0 -1
0 0 0 29.8 61.5 53 -1 0 -1
0 0 0 29.8 61.5 53 -1 0 -1
0 0 0 29.8 61.5 55 -1 0 -1
0 0 0 29.8 61.5 53 -1 0 -1
0 0 0 29.7 61.5 53 -1 0 -1
0 0 0 29.7 61.5 53 -1 0 -1
0 0 0 29.8 61.5 53 -1 0 -1
0 0 0 29.9 61.5 53 -1 0 -1
0 0 0 29.8 61.5 51 -1 0 -1
0 0 0 29.9 61.5 53 -1 0 -1
0 0 0 29.9 61.5 49 -1 0 -1
0 0 0 29.9 61.5 51 -1 0 -1
0 0 0 29.8 61.5 51 -1 0 -1
0 0 0 29.9 62.0 51 -1 0 -1
0 0 0 29.9 62.0 51 -1 0 -1
0 0 0 29.9 62.0 51 -1 0 -1
0 0 0 29.9 62.0 51 -1 0 -1
0 0 0 30.0 62.0 53 -1 0 -1
0 0 0 29.9 62.0 53 -1 0 -1
0 0 0 29.9 62.0 51 -1 0 -1
0 0 0 29.9 62.0 51 -1 0 -1
0 0 0 30.0 62.0 51 -1 0 -1
0 0 0 29.9 62.0 51 -1 0 -1
0 0 0 29.9 62.0 49 -1 0 -1
0 0 0 30.0 62.0 49 -1 0 -1
0 0 0 30.0 62.0 49 -1 0 -1
0 0 0 30.0 62.0 51 -1 0 -1
0 0 0 29.9 62.0 51 -1 0 -1
0 0 0 29.9 62.0 49 -1 0 -1
0 0 0 30.0 62.0 49 -1 0 -1
0 0 0 30.0 62.0 49 -1 0 -1
0 0 0 30.0 62.0 47 -1 0 -1
0 0 0 30.0 62.0 47 -1 0 -1
0 0 0 29.9 62.0 44 -1 0 -1
0 0 0 30.0 62.0 48 -1 0 -1
0 0 0 30.0 62.0 46 -1 0 -1
0 0 0 30.0 62.0 46 -1 0 -1
0 0 0 30.0 62.0 46 -1 0 -1
0 0 0 30.1 62.0 44 -1 0 -1
0 0 0 30.0 62.0 44 -1 0 -1
0 0 0 30.1 62.0 44 -1 0 -1
0 0 0 30.1 62.0 42 -1 0 -1
0 0 0 30.0 62.0 42 -1 0 -1
0 0 0 30.1 62.5 42 -1 0 -1
0 0 0 30.0 62.5 46 -1 0 -1
0 0 0 30.0 62.5 44 -1 0 -1
0 0 0 30.1 62.0 44 -1 0 -1
0 0 0 30.0 62.0 44 -1 0 -1
0 0 0 30.1 62.5 44 -1 0 -1
0 0 0 30.0 62.0 44 -1 0 -1
0 0 0 30.0 62.0 44 -1 0 -1
0 0 0 30.1 62.0 44 -1 0 -1
0 0 0 30.1 62.0 44 -1 0 -1
0 0 0 30.0 62.0 42 -1 0 -1
0 0 0 30.0 62.0 42 -1 0 -1
0 0 0 30.1 62.0 42 -1 0 -1
0 0 0 30.1 62.0 44 -1 0 -1
0 0 0 30.1 62.0 42 -1 0 -1
0 0 0 30.0 62.0 47 -1 0 -1
0 0 0 30.0 62.0 46 -1 0 -1
0 0 0 30.0 62.0 39 -1 0 -1
0 0 0 30.0 62.0 42 -1 0 -1
0 0 0 30.0 62.0 49 -1 0 -1
0 0 0 30.0 62.0 43 -1 0 -1
0 0 0 30.0 62.0 49 -1 0 -1
0 0 0 30.0 62.0 53 -1 0 -1
0 0 0 30.0 62.0 47 -1 0 -1
0 0 0 30.0 62.0 53 -1 0 -1
0 0 0 30.0 62.0 52 -1 0 -1
0 0 0 30.0 62.0 49 -1 0 -1
0 0 0 30.0 62.0 49 -1 0 -1
0 0 0 30.0 61.5 54 -1 0 -1
0 0 0 30.0 61.5 52 -1 0 -1
0 0 0 30.0 61.5 52 -1 0 -1
0 0 0 30.0 61.5 52 -1 0 -1
0 0 0 30.0 61.5 47 -1 0 -1
0 0 0 30.0 61.5 51 -1 0 -1
0 0 0 30.0 61.5 51 -1 0 -1
0 0 0 29.9 61.5 51 -1 0 -1
0 0 0 30.1 61.5 51 -1 0 -1
0 0 0 30.0 61.5 49 -1 0 -1
0 0 0 30.0 61.5 49 -1 0 -1
0 0 0 30.0 61.5 49 -1 0 -1
0 0 0 30.0 61.5 49 -1 0 -1
0 0 0 29.9 61.5 47 -1 0 -1
0 0 0 30.0 61.5 52 -1 0 -1
0 0 0 30.0 61.5 48 -1 0 -1
0 0 0 30.0 61.5 48 -1 0 -1
0 0 0 30.0 61.0 49 -1 0 -1
0 0 0 30.0 61.5 40 -1 0 -1
0 0 0 29.9 61.0 37 -1 0 -1
0 0 0 30.0 61.5 37 -1 0 -1
0 0 0 30.0 61.5 35 -1 0 -1
0 0 0 30.0 61.5 37 -1 0 -1
0 0 0 30.0 61.5 35 -1 0 -1
0 0 0 29.9 61.0 37 -1 0 -1
0 0 0 29.9 61.0 39 -1 0 -1
0 0 0 30.0 61.5 40 -1 0 -1
0 0 0 30.0 61.0 37 -1 0 -1
0 0 0 30.1 61.0 33 -1 0 -1
0 0 0 30.0 61.0 33 -1 0 -1
0 0 0 30.0 61.0 34 -1 0 -1
0 0 0 29.9 61.0 28 -1 0 -1
0 0 0 29.9 61.0 37 -1 0 -1
0 0 0 30.0 61.0 39 -1 0 -1
0 0 0 30.0 61.0 35 -1 0 -1
0 0 0 30.0 61.0 34 -1 0 -1
0 0 0 29.9 61.0 30 -1 0 -1
0 0 0 30.0 61.0 37 -1 0 -1
0 0 0 30.0 61.0 42 -1 0 -1
0 0 0 29.9 61.0 45 -1 0 -1
0 0 0 29.9 61.0 47 -1 0 -1
0 0 0 29.9 61.0 38 -1 0 -1
0 0 0 29.9 61.0 33 -1 0 -1
0 0 0 29.9 61.0 42 -1 0 -1
0 0 0 30.0 61.0 40 -1 0 -1
0 0 0 29.9 61.0 35 -1 0 -1
0 0 0 29.9 61.0 35 -1 0 -1
0 0 0 29.9 61.0 33 -1 0 -1
0 0 0 30.0 61.0 33 -1 0 -1
0 0 0 30.0 61.0 33 -1 0 -1
0 0 0 29.9 61.0 35 -1 0 -1
0 0 0 29.9 61.0 37 -1 0 -1
0 0 0 29.9 61.0 33 -1 0 -1
0 0 0 29.9 60.5 28 -1 0 -1
0 0 0 30.0 60.5 28 -1 0 -1
0 0 0 29.9 60.5 33 -1 0 -1
0 0 0 29.9 60.5 31 -1 0 -1
0 0 0 30.0 60.5 35 -1 0 -1
0 0 0 29.9 60.5 35 -1 0 -1
0 0 0 29.9 61.0 35 -1 0 -1
0 0 0 29.9 60.5 33 -1 0 -1
0 0 0 29.9 60.5 35 -1 0 -1
0 0 0 29.9 60.5 37 -1 0 -1
0 0 0 29.9 60.5 33 -1 0 -1
0 0 0 29.8 60.5 33 -1 0 -1
0 0 0 29.9 60.5 31 -1 0 -1
0 0 0 29.9 60.5 31 -1 0 -1
0 0 0 30.0 60.5 29 -1 0 -1
0 0 0 29.9 60.5 31 -1 0 -1
0 0 0 29.8 60.5 35 -1 0 -1
0 0 0 29.9 60.5 33 -1 0 -1
0 0 0 29.9 60.5 33 -1 0 -1
0 0 0 29.9 60.5 31 -1 0 -1
0 0 0 29.9 60.5 33 -1 0 -1
0 0 0 29.9 60.5 36 -1 0 -1
0 0 0 29.9 60.5 35 -1 0 -1
0 0 0 29.9 60.5 36 -1 0 -1
0 0 0 29.8 60.0 36 -1 0 -1
0 0 0 29.9 60.0 37 -1 0 -1
0 0 0 29.9 60.0 31 -1 0 -1
0 0 0 29.8 60.0 30 -1 0 -1
0 0 0 29.9 60.0 28 -1 0 -1
0 0 0 29.9 60.0 31 -1 0 -1
0 0 0 29.9 60.0 36 -1 0 -1
0 0 0 29.8 60.0 28 -1 0 -1
0 0 0 29.8 59.5 31 -1 0 -1
0 0 0 29.8 59.5 33 -1 0 -1
0 0 0 29.8 59.5 33 -1 0 -1
0 0 0 29.8 59.5 31 -1 0 -1
0 0 0 29.7 59.5 29 -1 0 -1
0 0 0 29.8 59.5 31 -1 0 -1
0 0 0 29.8 59.5 31 -1 0 -1
0 0 0 29.8 59.5 33 -1 0 -1
0 0 0 29.8 59.0 29 -1 0 -1
0 0 0 29.8 59.0 28 -1 0 -1
0 0 0 29.8 59.0 30 -1 0 -1
0 0 0 29.8 59.0 31 -1 0 -1
0 0 0 29.8 59.0 32 -1 0 -1
0 0 0 29.8 59.0 34 -1 0 -1
0 0 0 29.8 59.0 33 -1 0 -1
0 0 0 29.7 59.0 28 -1 0 -1
0 0 0 29.8 59.0 31 -1 0 -1
0 0 0 29.8 59.0 34 -1 0 -1
0 0 0 29.8 59.0 32 -1 0 -1
0 0 0 29.8 59.0 24 -1 0 -1
0 0 0 29.8 59.0 24 -1 0 -1
0 0 0 29.7 59.0 24 -1 0 -1
0 0 0 29.8 59.0 28 -1 0 -1
0 0 0 29.8 59.0 34 -1 0 -1
0 0 0 29.8 59.0 34 -1 0 -1
0 0 0 29.8 59.0 26 -1 0 -1
0 0 0 29.8 59.0 26 -1 0 -1
0 0 0 29.8 59.0 30 -1 0 -1
0 0 0 29.8 59.0 34 -1 0 -1
0 0 0 29.8 59.0 31 -1 0 -1
0 0 0 29.8 59.0 34 -1 0 -1
0 0 0 29.8 59.0 32 -1 0 -1
0 0 0 29.8 59.0 27 -1 0 -1
0 0 0 29.9 59.0 23 -1 0 -1
0 0 0 29.7 58.5 29 -1 0 -1
0 0 0 29.8 58.5 32 -1 0 -1
0 0 0 29.8 58.5 29 -1 0 -1
0 0 0 29.8 58.5 28 -1 0 -1
0 0 0 29.8 58.5 25 -1 0 -1
0 0 0 29.8 58.5 25 -1 0 -1
0 0 0 29.7 58.5 23 -1 0 -1
0 0 0 29.8 58.5 23 -1 0 -1
0 0 0 29.8 58.5 19 -1 0 -1
0 0 0 29.8 58.5 25 -1 0 -1
0 0 0 29.8 58.5 22 -1 0 -1
0 0 0 29.8 58.5 25 -1 0 -1
0 0 0 29.8 58.5 23 -1 0 -1
0 0 0 29.8 58.5 21 -1 0 -1
0 0 0 29.8 58.5 28 -1 0 -1
0 0 0 29.7 58.5 28 -1 0 -1
0 0 0 29.8 58.5 24 -1 0 -1
0 0 0 29.7 58.5 21 -1 0 -1
0 0 0 29.8 58.5 19 -1 0 -1
0 0 0 29.7 58.5 19 -1 0 -1
0 0 0 29.7 58.5 19 -1 0 -1
0 0 0 29.8 58.5 19 -1 0 -1
0 0 0 29.8 58.5 21 -1 0 -1
0 0 0 29.8 58.5 21 -1 0 -1
0 0 0 29.8 58.5 24 -1 0 -1
0 0 0 29.8 58.5 24 -1 0 -1
0 0 0 29.8 58.5 24 -1 0 -1
0 0 0 29.8 58.5 26 -1 0 -1
0 0 0 29.8 58.0 22 -1 0 -1
0 0 0 29.8 58.0 26 -1 0 -1
0 0 0 29.8 58.0 24 -1 0 -1
0 0 0 29.7 57.5 24 -1 0 -1
0 0 0 29.7 58.0 21 -1 0 -1
0 0 0 29.8 57.5 21 -1 0 -1
0 0 0 29.7 57.5 26 -1 0 -1
0 0 0 29.7 57.5 29 -1 0 -1
0 0 0 29.7 57.5 30 -1 0 -1
0 0 0 29.7 57.5 28 -1 0 -1
0 0 0 29.7 57.5 25 -1 0 -1
0 0 0 29.7 57.5 28 -1 0 -1
0 0 0 29.8 57.5 23 -1 0 -1
0 0 0 29.7 57.0 25 -1 0 -1
0 0 0 29.7 57.0 26 -1 0 -1
0 0 0 29.7 57.0 24 -1 0 -1
0 0 0 29.7 57.0 23 -1 0 -1
0 0 0 29.6 57.0 23 -1 0 -1
0 0 0 29.7 57.0 21 -1 0 -1
0 0 0 29.7 57.0 25 -1 0 -1
0 0 0 29.7 57.0 29 -1 0 -1
0 0 0 29.7 57.0 27 -1 0 -1
0 0 0 29.8 57.5 24 -1 0 -1
0 0 0 29.7 57.5 26 -1 0 -1
0 0 0 29.7 57.5 27 -1 0 -1
0 0 0 29.7 57.5 24 -1 0 -1
0 0 0 29.8 58.0 24 -1 0 -1
0 0 0 29.7 58.0 24 -1 0 -1
0 0 0 29.8 58.5 26 -1 0 -1
0 0 0 29.8 58.0 28 -1 0 -1
0 0 0 29.8 58.0 28 -1 0 -1
0 0 0 29.7 58.0 31 -1 0 -1
0 0 0 29.7 58.0 32 -1 0 -1
0 0 0 29.7 58.0 31 -1 0 -1
0 0 0 29.8 57.5 28 -1 0 -1
0 0 0 29.7 57.5 26 -1 0 -1
0 0 0 29.8 57.5 29 -1 0 -1
0 0 0 29.8 57.5 26 -1 0 -1
0 0 0 29.7 57.5 26 -1 0 -1
0 0 0 29.7 57.5 26 -1 0 -1
0 0 0 29.8 57.5 24 -1 0 -1
0 0 0 29.8 58.0 29 -1 0 -1
0 0 0 29.7 58.0 29 -1 0 -1
0 0 0 29.8 58.0 26 -1 0 -1
0 0 0 29.8 58.5 24 -1 0 -1
0 0 0 29.8 58.0 24 -1 0 -1
0 0 0 29.8 58.5 21 -1 0 -1
0 0 0 29.8 58.5 21 -1 0 -1
0 0 0 29.8 58.5 21 -1 0 -1
0 0 0 29.8 58.5 26 -1 0 -1
0 0 0 29.8 58.5 25 -1 0 -1
0 0 0 29.8 58.5 23 -1 0 -1
0 0 0 29.8 58.5 23 -1 0 -1
0 0 0 29.8 58.5 23 -1 0 -1
0 0 0 29.8 58.5 23 -1 0 -1
0 0 0 29.9 58.5 21 -1 0 -1
0 0 0 29.9 58.5 23 -1 0 -1
0 0 0 29.8 58.5 23 -1 0 -1
0 0 0 29.8 58.5 25 -1 0 -1
0 0 0 29.9 58.5 23 -1 0 -1
0 0 0 29.9 58.5 23 -1 0 -1
0 0 0 29.9 58.5 23 -1 0 -1
0 0 0 29.9 58.5 23 -1 0 -1
0 0 0 29.9 58.5 21 -1 0 -1
0 0 0 29.8 58.5 23 -1 0 -1
0 0 0 29.8 58.5 23 -1 0 -1
0 0 0 29.8 58.5 23 -1 0 -1
0 0 0 29.9 58.5 21 -1 0 -1
0 0 0 29.8 58.5 23 -1 0 -1
0 0 0 29.8 58.5 23 -1 0 -1
0 0 0 29.8 58.5 23 -1 0 -1
0 0 0 29.9 58.5 24 -1 0 -1
0 0 0 29.9 58.5 23 -1 0 -1
0 0 0 29.8 58.5 23 -1 0 -1
0 0 0 29.8 58.5 23 -1 0 -1
0 0 0 29.8 58.5 24 -1 0 -1
0 0 0 29.9 58.5 27 -1 0 -1
0 0 0 29.8 58.5 25 -1 0 -1
0 0 0 29.8 58.5 25 -1 0 -1
0 0 0 29.8 58.0 25 -1 0 -1
0 0 0 29.9 58.5 25 -1 0 -1
0 0 0 29.9 58.0 25 -1 0 -1
0 0 0 29.8 58.5 27 -1 0 -1
0 0 0 29.9 58.0 24 -1 0 -1
0 0 0 29.9 58.0 26 -1 0 -1
0 0 0 29.8 58.0 26 -1 0 -1
0 0 0 29.8 58.0 24 -1 0 -1
0 0 0 29.8 58.0 26 -1 0 -1
0 0 0 29.9 58.0 24 -1 0 -1
0 0 0 29.8 58.0 24 -1 0 -1
0 0 0 29.8 58.5 24 -1 0 -1
0 0 0 29.9 58.0 25 -1 0 -1
0 0 0 29.9 58.5 27 -1 0 -1
0 0 0 29.8 58.5 25 -1 0 -1
0 0 0 30.0 58.5 25 -1 0 -1
0 0 0 30.0 58.5 25 -1 0 -1
0 0 0 29.8 58.5 27 -1 0 -1
0 0 0 29.9 58.5 28 -1 0 -1
0 0 0 29.9 58.5 25 -1 0 -1
0 0 0 29.9 58.5 27 -1 0 -1
0 0 0 29.9 59.0 27 -1 0 -1
0 0 0 29.9 59.0 27 -1 0 -1
0 0 0 29.9 59.0 25 -1 0 -1
0 0 0 29.9 59.5 26 -1 0 -1
0 0 0 29.9 59.5 24 -1 0 -1
0 0 0 30.0 59.0 27 -1 0 -1
0 0 0 29.9 59.0 26 -1 0 -1
0 0 0 30.0 59.0 28 -1 0 -1
0 0 0 30.0 59.0 26 -1 0 -1
0 0 0 30.0 59.0 24 -1 0 -1
0 0 0 30.0 59.0 27 -1 0 -1
0 0 0 30.0 59.0 28 -1 0 -1
0 0 0 30.0 59.0 26 -1 0 -1
0 0 0 30.0 59.0 24 -1 0 -1
0 0 0 29.9 59.0 24 -1 0 -1
0 0 0 30.0 59.0 23 -1 0 -1
0 0 0 30.0 59.5 23 -1 0 -1
0 0 0 30.0 59.0 26 -1 0 -1
0 0 0 30.0 59.0 26 -1 0 -1
0 0 0 30.0 59.0 23 -1 0 -1
0 0 0 30.0 59.0 25 -1 0 -1
0 0 0 30.1 59.0 25 -1 0 -1
0 0 0 30.0 59.5 23 -1 0 -1
0 0 0 30.0 59.5 26 -1 0 -1
0 0 0 30.1 59.5 24 -1 0 -1
0 0 0 30.1 59.0 24 -1 0 -1
0 0 0 30.1 59.0 24 -1 0 -1
0 0 0 30.0 59.0 24 -1 0 -1
0 0 0 30.0 59.0 24 -1 0 -1
0 0 0 30.0 59.5 24 -1 0 -1
0 0 0 30.1 59.5 24 -1 0 -1
0 0 0 30.1 59.5 22 -1 0 -1
0 0 0 30.0 60.0 23 -1 0 -1
0 0 0 30.1 60.0 21 -1 0 -1
0 0 0 30.1 60.0 24 -1 0 -1
0 0 0 30.2 60.5 23 -1 0 -1
0 0 0 30.2 60.5 21 -1 0 -1
0 0 0 30.2 60.5 19 -1 0 -1
0 0 0 30.0 60.5 19 -1 0 -1
0 0 0 30.2 60.5 19 -1 0 -1
0 0 0 30.2 60.5 17 -1 0 -1
0 0 0 30.1 61.0 19 -1 0 -1
0 0 0 30.2 61.0 19 -1 0 -1
0 0 0 30.2 61.0 19 -1 0 -1
0 0 0 30.2 61.0 19 -1 0 -1
0 0 0 30.2 61.0 19 -1 0 -1
0 0 0 30.2 61.0 19 -1 0 -1
0 0 0 30.2 61.0 21 -1 0 -1
0 0 0 30.2 61.0 19 -1 0 -1
0 0 0 30.3 61.0 21 -1 0 -1
0 0 0 30.2 61.0 19 -1 0 -1
0 0 0 30.3 61.0 19 -1 0 -1
0 0 0 30.2 61.0 23 -1 0 -1
0 0 0 30.2 61.0 21 -1 0 -1
0 0 0 30.3 61.0 23 -1 0 -1
0 0 0 30.3 60.5 21 -1 0 -1
0 0 0 30.2 60.5 24 -1 0 -1
0 0 0 30.2 60.5 24 -1 0 -1
0 0 0 30.2 60.5 21 -1 0 -1
0 0 0 30.2 60.5 26 -1 0 -1
0 0 0 30.2 60.5 26 -1 0 -1
0 0 0 30.3 60.5 21 -1 0 -1
0 0 0 30.2 60.0 19 -1 0 -1
0 0 0 30.2 60.5 21 -1 0 -1
0 0 0 30.2 60.5 21 -1 0 -1
0 0 0 30.2 60.0 21 -1 0 -1
0 0 0 30.2 60.5 19 -1 0 -1
0 0 0 30.2 60.5 19 -1 0 -1
0 0 0 30.2 60.0 19 -1 0 -1
0 0 0 30.2 60.0 21 -1 0 -1
0 0 0 30.2 60.0 21 -1 0 -1
0 0 0 30.2 60.0 19 -1 0 -1
0 0 0 30.2 60.0 24 -1 0 -1
0 0 0 30.2 60.0 20 -1 0 -1
0 0 0 30.3 60.0 18 -1 0 -1
0 0 0 30.3 60.0 16 -1 0 -1
0 0 0 30.2 60.5 16 -1 0 -1
0 0 0 30.2 60.0 16 -1 0 -1
0 0 0 30.3 60.5 16 -1 0 -1
0 0 0 30.3 60.0 16 -1 0 -1
0 0 0 30.2 60.0 16 -1 0 -1
0 0 0 30.3 60.0 16 -1 0 -1
0 0 0 30.2 60.0 15 -1 0 -1
0 0 0 30.2 60.0 19 -1 0 -1
0 0 0 30.2 60.0 22 -1 0 -1
0 0 0 30.2 60.0 21 -1 0 -1
0 0 0 30.3 60.0 19 -1 0 -1
0 0 0 30.2 60.0 23 -1 0 -1
0 0 0 30.2 60.0 23 -1 0 -1
0 0 0 30.2 59.5 19 -1 0 -1
0 0 0 30.3 59.5 21 -1 0 -1
0 0 0 30.2 59.5 19 -1 0 -1
0 0 0 30.1 59.5 20 -1 0 -1
0 0 0 30.2 59.5 20 -1 0 -1
0 0 0 30.2 59.5 18 -1 0 -1
0 0 0 30.1 59.5 21 -1 0 -1
0 0 0 30.2 59.5 22 -1 0 -1
0 0 0 30.2 59.5 22 -1 0 -1
0 0 0 30.2 59.5 26 -1 0 -1
0 0 0 30.3 59.5 24 -1 0 -1
0 0 0 30.2 59.5 24 -1 0 -1
0 0 0 30.1 59.5 22 -1 0 -1
0 0 0 30.2 59.5 24 -1 0 -1
0 0 0 30.1 59.0 20 -1 0 -1
0 0 0 30.1 59.0 22 -1 0 -1
0 0 0 30.2 59.0 22 -1 0 -1
0 0 0 30.1 59.0 21 -1 0 -1
0 0 0 30.2 59.0 19 -1 0 -1
0 0 0 30.2 59.0 16 -1 0 -1
0 0 0 30.1 59.0 17 -1 0 -1
0 0 0 30.2 59.0 18 -1 0 -1
0 0 0 30.2 59.0 21 -1 0 -1
0 0 0 30.2 59.0 20 -1 0 -1
0 0 0 30.2 59.0 18 -1 0 -1
0 0 0 30.2 59.0 19 -1 0 -1
0 0 0 30.2 59.0 19 -1 0 -1
0 0 0 30.2 59.0 21 -1 0 -1
0 0 0 30.2 59.0 19 -1 0 -1
0 0 0 30.1 59.0 22 -1 0 -1
0 0 0 30.2 59.0 24 -1 0 -1
0 0 0 30.1 59.0 21 -1 0 -1
0 0 0 30.2 59.0 19 -1 0 -1
0 0 0 30.1 59.0 17 -1 0 -1
0 0 0 30.2 59.5 21 -1 0 -1
0 0 0 30.2 59.0 17 -1 0 -1
0 0 0 30.2 59.5 19 -1 0 -1
0 0 0 30.1 59.0 21 -1 0 -1
0 0 0 30.2 59.0 24 -1 0 -1
0 0 0 30.2 59.0 21 -1 0 -1
0 0 0 30.2 59.0 13 -1 0 -1
0 0 0 30.2 59.0 13 -1 0 -1
0 0 0 30.2 59.0 11 -1 0 -1
0 0 0 30.2 59.0 16 -1 0 -1
0 0 0 30.2 59.0 16 -1 0 -1
0 0 0 30.2 59.0 21 -1 0 -1
0 0 0 30.2 59.0 19 -1 0 -1
0 0 0 30.2 59.0 17 -1 0 -1
0 0 0 30.2 59.0 19 -1 0 -1
0 0 0 30.2 59.0 21 -1 0 -1
0 0 0 30.2 59.0 19 -1 0 -1
0 0 0 30.2 59.0 19 -1 0 -1
0 0 0 30.3 59.0 19 -1 0 -1
0 0 0 30.2 59.0 15 -1 0 -1
0 0 0 30.2 59.0 15 -1 0 -1
0 0 0 30.3 59.0 15 -1 0 -1
0 0 0 30.2 59.0 15 -1 0 -1
0 0 0 30.2 59.0 11 -1 0 -1
0 0 0 30.2 59.0 11 -1 0 -1
0 0 0 30.2 59.0 13 -1 0 -1
0 0 0 30.1 59.0 13 -1 0 -1
0 0 0 30.2 58.5 13 -1 0 -1
0 0 0 30.1 58.5 13 -1 0 -1
0 0 0 30.2 58.5 13 -1 0 -1
0 0 0 30.1 58.5 20 -1 0 -1
0 0 0 30.1 58.5 21 -1 0 -1
0 0 0 30.1 58.5 20 -1 0 -1
0 0 0 30.2 58.5 21 -1 0 -1
0 0 0 30.1 58.5 19 -1 0 -1
0 0 0 30.1 58.5 15 -1 0 -1
0 0 0 30.2 58.5 15 -1 0 -1
0 0 0 30.1 58.5 18 -1 0 -1
0 0 0 30.1 58.5 18 -1 0 -1
0 0 0 30.1 58.0 13 -1 0 -1
0 0 0 30.1 58.0 15 -1 0 -1
0 0 0 30.1 58.0 21 -1 0 -1
0 0 0 30.1 58.0 19 -1 0 -1
0 0 0 30.1 58.0 16 -1 0 -1
0 0 0 30.1 58.0 13 -1 0 -1
0 0 0 30.1 58.0 13 -1 0 -1
0 0 0 30.1 58.0 15 -1 0 -1
0 0 0 30.2 58.0 13 -1 0 -1
0 0 0 30.1 58.0 13 -1 0 -1
0 0 0 30.1 58.0 15 -1 0 -1
0 0 0 30.1 57.5 11 -1 0 -1
0 0 0 30.1 57.5 18 -1 0 -1
0 0 0 30.0 57.5 11 -1 0 -1
0 0 0 30.0 57.5 13 -1 0 -1
0 0 0 30.0 57.5 21 -1 0 -1
0 0 0 30.1 57.5 21 -1 0 -1
0 0 0 30.1 57.5 16 -1 0 -1
0 0 0 30.1 57.5 16 -1 0 -1
0 0 0 30.1 57.5 21 -1 0 -1
0 0 0 30.0 57.5 16 -1 0 -1
0 0 0 30.1 57.5 16 -1 0 -1
0 0 0 30.1 57.0 13 -1 0 -1
0 0 0 30.0 57.5 17 -1 0 -1
0 0 0 30.1 57.0 18 -1 0 -1
0 0 0 30.0 57.0 21 -1 0 -1
0 0 0 30.0 57.0 24 -1 0 -1
0 0 0 30.0 57.0 24 -1 0 -1
0 0 0 30.0 57.0 24 -1 0 -1
0 0 0 30.0 56.5 21 -1 0 -1
0 0 0 30.0 56.5 25 -1 0 -1
0 0 0 30.0 56.5 21 -1 0 -1
0 0 0 30.0 56.5 21 -1 0 -1
0 0 0 30.0 56.5 21 -1 0 -1
0 0 0 30.0 56.5 21 -1 0 -1
0 0 0 30.0 56.5 21 -1 0 -1
0 0 0 30.0 56.5 21 -1 0 -1
0 0 0 30.0 56.5 21 -1 0 -1
0 0 0 29.9 56.5 21 -1 0 -1
0 0 0 29.9 56.0 21 -1 0 -1
0 0 0 30.0 56.0 21 -1 0 -1
0 0 0 29.9 56.0 21 -1 0 -1
0 0 0 29.9 56.0 21 -1 0 -1
0 0 0 29.9 56.0 21 -1 0 -1
0 0 0 29.9 56.0 23 -1 0 -1
0 0 0 30.0 56.0 21 -1 0 -1
0 0 0 29.9 56.0 20 -1 0 -1
0 0 0 30.0 56.0 21 -1 0 -1
0 0 0 30.0 56.0 21 -1 0 -1
0 0 0 30.0 56.0 21 -1 0 -1
0 0 0 30.0 56.0 21 -1 0 -1
0 0 0 29.9 56.0 21 -1 0 -1
0 0 0 29.9 56.0 21 -1 0 -1
0 0 0 30.0 56.0 21 -1 0 -1
0 0 0 30.0 56.0 21 -1 0 -1
0 0 0 29.9 56.0 21 -1 0 -1
0 0 0 30.0 56.0 21 -1 0 -1
0 0 0 29.9 56.0 21 -1 0 -1
0 0 0 30.0 56.0 21 -1 0 -1
0 0 0 29.9 56.0 21 -1 0 -1
0 0 0 29.9 56.0 21 -1 0 -1
0 0 0 30.0 56.0 17 -1 0 -1
0 0 0 30.0 56.0 19 -1 0 -1
0 0 0 30.0 56.0 19 -1 0 -1
0 0 0 30.0 56.0 19 -1 0 -1
0 0 0 29.9 56.0 19 -1 0 -1
0 0 0 30.0 56.0 19 -1 0 -1
0 0 0 30.0 56.0 21 -1 0 -1
0 0 0 30.0 56.0 21 -1 0 -1
0 0 0 30.0 56.5 19 -1 0 -1
0 0 0 30.0 56.5 19 -1 0 -1
0 0 0 30.0 56.0 19 -1 0 -1
0 0 0 30.1 56.5 19 -1 0 -1
0 0 0 30.0 56.5 19 -1 0 -1
0 0 0 30.0 56.5 19 -1 0 -1
0 0 0 30.1 56.5 19 -1 0 -1
0 0 0 30.1 56.5 19 -1 0 -1
0 0 0 30.1 56.5 19 -1 0 -1
0 0 0 30.1 56.5 19 -1 0 -1
0 0 0 30.1 56.5 19 -1 0 -1
0 0 0 30.1 56.5 19 -1 0 -1
0 0 0 30.1 56.5 19 -1 0 -1
0 0 0 30.1 56.5 17 -1 0 -1
0 0 0 30.1 56.5 17 -1 0 -1
0 0 0 30.1 56.5 21 -1 0 -1
0 0 0 30.1 56.5 21 -1 0 -1
0 0 0 30.1 56.5 21 -1 0 -1
0 0 0 30.1 56.5 21 -1 0 -1
0 0 0 30.1 56.5 21 -1 0 -1
0 0 0 30.1 56.5 21 -1 0 -1
0 0 0 30.1 56.5 21 -1 0 -1
0 0 0 30.1 56.5 21 -1 0 -1
0 0 0 30.1 56.5 21 -1 0 -1
0 0 0 30.1 56.5 21 -1 0 -1
0 0 0 30.2 56.5 19 -1 0 -1
0 0 0 30.1 56.5 19 -1 0 -1
0 0 0 30.2 56.5 19 -1 0 -1
0 0 0 30.2 57.0 19 -1 0 -1
0 0 0 30.2 57.0 19 -1 0 -1
0 0 0 30.1 57.0 19 -1 0 -1
0 0 0 30.2 57.0 17 -1 0 -1
0 0 0 30.2 57.0 17 -1 0 -1
0 0 0 30.2 57.5 17 -1 0 -1
0 0 0 30.2 57.5 17 -1 0 -1
0 0 0 30.2 57.5 17 -1 0 -1
0 0 0 30.2 57.5 17 -1 0 -1
0 0 0 30.2 57.5 17 -1 0 -1
0 0 0 30.2 57.5 17 -1 0 -1
0 0 0 30.2 57.5 17 -1 0 -1
0 0 0 30.2 57.5 18 -1 0 -1
0 0 0 30.2 57.5 18 -1 0 -1
0 0 0 30.2 57.0 18 -1 0 -1
0 0 0 30.2 57.5 18 -1 0 -1
0 0 0 30.2 57.5 18 -1 0 -1
0 0 0 30.3 57.5 18 -1 0 -1
0 0 0 30.2 57.5 11 -1 0 -1
0 0 0 30.3 57.5 13 -1 0 -1
0 0 0 30.3 57.5 14 -1 0 -1
0 0 0 30.2 57.5 16 -1 0 -1
0 0 0 30.2 57.5 16 -1 0 -1
0 0 0 30.2 57.5 16 -1 0 -1
0 0 0 30.3 57.5 12 -1 0 -1
0 0 0 30.3 57.5 9 -1 0 -1
0 0 0 30.2 57.5 14 -1 0 -1
0 0 0 30.3 57.5 16 -1 0 -1
0 0 0 30.3 57.5 11 -1 0 -1
0 0 0 30.3 57.5 16 -1 0 -1
0 0 0 30.3 57.5 14 -1 0 -1
0 0 0 30.2 57.5 16 -1 0 -1
0 0 0 30.3 57.5 9 -1 0 -1
0 0 0 30.3 57.0 12 -1 0 -1
0 0 0 30.2 57.0 12 -1 0 -1
0 0 0 30.3 57.0 14 -1 0 -1
0 0 0 30.2 57.0 14 -1 0 -1
0 0 0 30.3 57.0 14 -1 0 -1
0 0 0 30.3 57.0 12 -1 0 -1
0 0 0 30.3 57.0 12 -1 0 -1
0 0 0 30.2 57.0 16 -1 0 -1
0 0 0 30.2 57.0 16 -1 0 -1
0 0 0 30.3 57.0 13 -1 0 -1
0 0 0 30.3 57.0 16 -1 0 -1
0 0 0 30.3 57.0 12 -1 0 -1
0 0 0 30.2 57.0 10 -1 0 -1
0 0 0 30.3 57.0 12 -1 0 -1
0 0 0 30.1 57.0 12 -1 0 -1
0 0 0 30.3 57.0 13 -1 0 -1
0 0 0 30.2 57.0 7 -1 0 -1
0 0 0 30.2 57.0 9 -1 0 -1
0 0 0 30.2 57.0 13 -1 0 -1
0 0 0 30.3 57.0 9 -1 0 -1
0 0 0 30.2 57.0 9 -1 0 -1
0 0 0 30.3 57.0 9 -1 0 -1
0 0 0 30.3 57.0 7 -1 0 -1
0 0 0 30.2 57.0 9 -1 0 -1
0 0 0 30.2 57.0 11 -1 0 -1
0 0 0 30.3 57.0 7 -1 0 -1
0 0 0 30.2 57.0 4 -1 0 -1
0 0 0 30.2 57.0 8 -1 0 -1
0 0 0 30.2 57.0 6 -1 0 -1
0 0 0 30.3 57.0 6 -1 0 -1
0 0 0 30.2 57.0 6 -1 0 -1
0 0 0 30.3 57.0 6 -1 0 -1
0 0 0 30.3 57.0 2 -1 0 -1
0 0 0 30.2 57.0 6 -1 0 -1
0 0 0 30.2 57.0 6 -1 0 -1
0 0 0 30.3 57.0 6 -1 0 -1
0 0 0 30.2 57.0 6 -1 0 -1
0 0 0 30.2 57.0 4 -1 0 -1
0 0 0 30.2 57.0 4 -1 0 -1
0 0 0 30.2 57.0 4 -1 0 -1
0 0 0 30.2 56.5 4 -1 0 -1
0 0 0 30.2 56.5 4 -1 0 -1
0 0 0 30.2 56.5 2 -1 0 -1
0 0 0 30.3 57.0 2 -1 0 -1
0 0 0 30.2 57.0 2 -1 0 -1
0 0 0 30.3 57.0 2 -1 0 -1
0 0 0 30.2 57.0 1 -1 0 -1
0 0 0 30.3 57.0 1 -1 0 -1
0 0 0 30.2 57.0 4 -1 0 -1
0 0 0 30.3 56.5 4 -1 0 -1
0 0 0 30.3 57.0 4 -1 0 -1
0 0 0 30.2 56.5 4 -1 0 -1
0 0 0 30.2 56.5 2 -1 0 -1
0 0 0 30.2 57.0 2 -1 0 -1
0 0 0 30.2 57.0 2 -1 0 -1
0 0 0 30.2 56.5 2 -1 0 -1
0 0 0 30.2 56.5 2 -1 0 -1
0 0 0 30.2 56.5 2 -1 0 -1
0 0 0 30.3 56.5 2 -1 0 -1
0 0 0 30.2 56.5 2 -1 0 -1
0 0 0 30.2 56.5 0 -1 0 -1
0 0 0 30.3 56.5 0 -1 0 -1
0 0 0 30.2 56.5 0 -1 0 -1
0 0 0 30.2 56.5 0 -1 0 -1
0 0 0 30.2 56.5 0 -1 0 -1
0 0 0 30.2 56.5 0 -1 0 -1
0 0 0 30.2 56.0 0 -1 0 -1
0 0 0 30.2 56.0 0 -1 0 -1
0 0 0 30.1 56.0 0 -1 0 -1
0 0 0 30.2 56.0 0 -1 0 -1
0 0 0 30.2 56.0 1 -1 0 -1
0 0 0 30.2 56.0 1 -1 0 -1
0 0 0 30.2 56.0 1 -1 0 -1
0 0 0 30.2 56.0 1 -1 0 -1
0 0 0 30.2 56.0 1 -1 0 -1
0 0 0 30.2 56.0 1 -1 0 -1
0 0 0 30.2 56.0 1 -1 0 -1
0 0 0 30.1 56.0 1 -1 0 -1
0 0 0 30.2 56.0 1 -1 0 -1
0 0 0 30.1 55.5 1 -1 0 -1
0 0 0 30.1 56.0 1 -1 0 -1
0 0 0 30.1 55.5 1 -1 0 -1
0 0 0 30.2 55.5 1 -1 0 -1
0 0 0 30.1 55.5 1 -1 0 -1
0 0 0 30.1 55.5 1 -1 0 -1
0 0 0 30.2 55.5 1 -1 0 -1
0 0 0 30.1 55.5 1 -1 0 -1
0 0 0 30.1 55.5 2 -1 0 -1
0 0 0 30.1 55.5 2 -1 0 -1
0 0 0 30.1 55.5 2 -1 0 -1
0 0 0 30.1 55.5 2 -1 0 -1
0 0 0 30.1 55.5 2 -1 0 -1
0 0 0 30.1 55.5 2 -1 0 -1
0 0 0 30.1 55.5 2 -1 0 -1
0 0 0 30.1 55.5 2 -1 0 -1
0 0 0 30.1 55.5 2 -1 0 -1
0 0 0 30.1 55.5 2 -1 0 -1
0 0 0 30.1 55.5 2 -1 0 -1
0 0 0 30.1 55.5 2 -1 0 -1
0 0 0 30.1 55.0 2 -1 0 -1
0 0 0 30.1 55.0 2 -1 0 -1
0 0 0 30.1 55.0 2 -1 0 -1
0 0 0 30.1 55.5 2 -1 0 -1
0 0 0 30.1 55.5 2 -1 0 -1
0 0 0 30.1 55.0 2 -1 0 -1
0 0 0 30.1 55.0 2 -1 0 -1
0 0 0 30.2 55.0 2 -1 0 -1
0 0 0 30.1 55.0 2 -1 0 -1
0 0 0 30.1 55.0 2 -1 0 -1
0 0 0 30.1 55.0 2 -1 0 -1
0 0 0 30.1 55.0 2 -1 0 -1
0 0 0 30.1 55.0 2 -1 0 -1
0 0 0 30.1 55.0 2 -1 0 -1
0 0 0 30.1 55.0 2 -1 0 -1
0 0 0 30.1 54.5 2 -1 0 -1
0 0 0 30.1 55.0 2 -1 0 -1
0 0 0 30.2 55.0 2 -1 0 -1
0 0 0 30.1 54.5 2 -1 0 -1
0 0 0 30.1 54.5 2 -1 0 -1
0 0 0 30.1 54.5 2 -1 0 -1
0 0 0 30.1 54.5 2 -1 0 -1
0 0 0 30.1 54.5 2 -1 0 -1
0 0 0 30.1 54.5 2 -1 0 -1
0 0 0 30.1 54.5 2 -1 0 -1
0 0 0 30.1 54.5 2 -1 0 -1
0 0 0 30.1 54.5 2 -1 0 -1
0 0 0 30.0 54.5 2 -1 0 -1
0 0 0 30.1 54.5 2 -1 0 -1
0 0 0 30.1 54.5 2 -1 0 -1
0 0 0 30.2 54.5 2 -1 0 -1
0 0 0 30.1 54.5 2 -1 0 -1
0 0 0 30.1 54.5 2 -1 0 -1
0 0 0 30.0 54.5 2 -1 0 -1
0 0 0 30.2 54.5 2 -1 0 -1
0 0 0 30.1 54.5 2 -1 0 -1
0 0 0 30.1 54.5 2 -1 0 -1
0 0 0 30.1 54.0 2 -1 0 -1
0 0 0 30.1 54.0 2 -1 0 -1
0 0 0 30.1 54.0 2 -1 0 -1
0 0 0 30.1 54.0 2 -1 0 -1
0 0 0 30.1 54.0 2 -1 0 -1
0 0 0 30.1 54.0 2 -1 0 -1
0 0 0 30.1 54.0 2 -1 0 -1
0 0 0 30.1 54.0 2 -1 0 -1
0 0 0 30.0 54.0 2 -1 0 -1
0 0 0 30.0 54.0 2 -1 0 -1
0 0 0 30.1 54.0 2 -1 0 -1
0 0 0 30.1 54.0 2 -1 0 -1
0 0 0 30.1 54.0 2 -1 0 -1
0 0 0 30.1 54.0 2 -1 0 -1
0 0 0 30.1 54.5 2 -1 0 -1
0 0 0 30.0 54.5 2 -1 0 -1
0 0 0 30.1 54.5 2 -1 0 -1
0 0 0 30.1 54.5 2 -1 0 -1
0 0 0 30.1 54.5 2 -1 0 -1
0 0 0 30.2 54.5 2 -1 0 -1
0 0 0 30.0 54.5 2 -1 0 -1
0 0 0 30.1 54.5 2 -1 0 -1
0 0 0 30.1 54.5 2 -1 0 -1
0 0 0 30.0 54.5 2 -1 0 -1
0 0 0 30.1 54.5 2 -1 0 -1
0 0 0 30.1 54.5 2 -1 0 -1
0 0 0 30.1 54.5 2 -1 0 -1
0 0 0 30.1 54.5 2 -1 0 -1
0 0 0 30.1 54.5 2 -1 0 -1
0 0 0 30.1 54.5 2 -1 0 -1
0 0 0 30.1 54.5 2 -1 0 -1
0 0 0 30.1 54.5 2 -1 0 -1
0 0 0 30.1 54.5 2 -1 0 -1
0 0 0 30.1 54.5 2 -1 0 -1
0 0 0 30.1 54.5 2 -1 0 -1
0 0 0 30.1 54.0 2 -1 0 -1
0 0 0 30.1 54.5 2 -1 0 -1
0 0 0 30.1 54.0 2 -1 0 -1
0 0 0 30.1 54.0 2 -1 0 -1
0 0 0 30.1 54.0 2 -1 0 -1
0 0 0 30.1 54.0 2 -1 0 -1
0 0 0 30.1 54.0 2 -1 0 -1
0 0 0 30.1 54.0 2 -1 0 -1
0 0 0 30.1 54.0 2 -1 0 -1
0 0 0 30.1 54.0 2 -1 0 -1
0 0 0 30.1 54.0 2 -1 0 -1
0 0 0 30.2 54.0 2 -1 0 -1
0 0 0 30.1 54.0 2 -1 0 -1
0 0 0 30.1 54.0 2 -1 0 -1
0 0 0 30.1 54.0 2 -1 0 -1
0 0 0 30.1 54.0 2 -1 0 -1
0 0 0 30.1 54.0 2 -1 0 -1
0 0 0 30.2 54.0 2 -1 0 -1
0 0 0 30.1 53.5 2 -1 0 -1
0 0 0 30.1 54.0 2 -1 0 -1
0 0 0 30.1 54.0 2 -1 0 -1
0 0 0 30.1 54.0 2 -1 0 -1
0 0 0 30.1 53.5 2 -1 0 -1
0 0 0 30.0 53.5 2 -1 0 -1
0 0 0 30.0 53.5 2 -1 0 -1
0 0 0 30.1 53.5 2 -1 0 -1
0 0 0 30.1 53.5 2 -1 0 -1
0 0 0 30.1 53.5 2 -1 0 -1
0 0 0 30.1 53.5 2 -1 0 -1
0 0 0 30.1 53.5 2 -1 0 -1
0 0 0 30.1 53.5 2 -1 0 -1
0 0 0 30.0 53.5 2 -1 0 -1
0 0 0 30.1 53.5 2 -1 0 -1
0 0 0 30.1 53.5 2 -1 0 -1
0 0 0 30.0 53.0 2 -1 0 -1
0 0 0 30.1 53.0 2 -1 0 -1
0 0 0 30.1 53.0 2 -1 0 -1
0 0 0 30.1 53.0 2 -1 0 -1
0 0 0 30.1 53.0 2 -1 0 -1
0 0 0 30.1 53.0 2 -1 0 -1
0 0 0 30.1 53.0 2 -1 0 -1
0 0 0 30.1 53.0 2 -1 0 -1
0 0 0 30.1 53.0 2 -1 0 -1
0 0 0 30.1 53.0 2 -1 0 -1
0 0 0 30.0 53.0 2 -1 0 -1
0 0 0 30.1 53.0 2 -1 0 -1
0 0 0 30.1 53.0 2 -1 0 -1
0 0 0 30.1 53.0 2 -1 0 -1
0 0 0 30.1 53.0 2 -1 0 -1
0 0 0 30.0 53.0 2 -1 0 -1
0 0 0 30.1 53.0 2 -1 0 -1
0 0 0 30.1 53.0 2 -1 0 -1
0 0 0 30.1 53.0 2 -1 0 -1
0 0 0 30.0 53.0 2 -1 0 -1
0 0 0 30.1 53.5 2 -1 0 -1
0 0 0 30.1 53.5 2 -1 0 -1
0 0 0 30.1 53.5 2 -1 0 -1
0 0 0 30.1 53.5 2 -1 0 -1
0 0 0 30.1 53.5 2 -1 0 -1
0 0 0 30.1 53.5 2 -1 0 -1
0 0 0 30.1 53.5 2 -1 0 -1
0 0 0 30.1 53.5 2 -1 0 -1
0 0 0 30.1 53.5 2 -1 0 -1
0 0 0 30.1 53.5 2 -1 0 -1
0 0 0 30.1 53.5 2 -1 0 -1
0 0 0 30.0 53.5 2 -1 0 -1
0 0 0 30.1 53.5 2 -1 0 -1
0 0 0 30.1 53.5 2 -1 0 -1
0 0 0 30.1 53.5 2 -1 0 -1
0 0 0 30.1 53.5 2 -1 0 -1
0 0 0 30.1 53.5 2 -1 0 -1
0 0 0 30.1 53.5 2 -1 0 -1
0 0 0 30.1 53.5 2 -1 0 -1
0 0 0 30.1 53.5 2 -1 0 -1
0 0 0 30.1 53.5 2 -1 0 -1
0 0 0 30.1 53.0 2 -1 0 -1
0 0 0 30.1 53.0 2 -1 0 -1
0 0 0 30.1 53.0 2 -1 0 -1
0 0 0 30.1 53.0 2 -1 0 -1
0 0 0 30.1 53.0 2 -1 0 -1
0 0 0 30.1 53.5 2 -1 0 -1
0 0 0 30.1 53.0 2 -1 0 -1
0 0 0 30.2 53.5 2 -1 0 -1
0 0 0 30.1 53.5 2 -1 0 -1
0 0 0 30.1 53.5 2 -1 0 -1
0 0 0 30.2 53.5 2 -1 0 -1
0 0 0 30.1 53.5 2 -1 0 -1
0 0 0 30.2 53.5 2 -1 0 -1
0 0 0 30.1 53.5 2 -1 0 -1
0 0 0 30.1 53.5 2 -1 0 -1
0 0 0 30.2 53.5 2 -1 0 -1
0 0 0 30.1 53.5 2 -1 0 -1
0 0 0 30.1 53.5 2 -1 0 -1
0 0 0 30.2 53.5 2 -1 0 -1
0 0 0 30.1 53.5 2 -1 0 -1
0 0 0 30.1 53.5 2 -1 0 -1
0 0 0 30.1 53.5 2 -1 0 -1
0 0 0 30.1 54.0 2 -1 0 -1
0 0 0 30.1 53.5 2 -1 0 -1
0 0 0 30.2 53.5 2 -1 0 -1
0 0 0 30.2 53.5 2 -1 0 -1
0 0 0 30.1 53.5 2 -1 0 -1
0 0 0 30.1 53.5 2 -1 0 -1
0 0 0 30.1 53.5 2 -1 0 -1
0 0 0 30.1 53.5 2 -1 0 -1
0 0 0 30.1 53.5 2 -1 0 -1
0 0 0 30.2 53.5 2 -1 0 -1
0 0 0 30.1 53.5 2 -1 0 -1
0 0 0 30.2 53.5 2 -1 0 -1
0 0 0 30.2 53.5 2 -1 0 -1
0 0 0 30.1 53.5 2 -1 0 -1
0 0 0 30.1 53.5 2 -1 0 -1
0 0 0 30.2 53.5 2 -1 0 -1
0 0 0 30.1 53.5 2 -1 0 -1
0 0 0 30.2 53.5 2 -1 0 -1
0 0 0 30.2 53.5 2 -1 0 -1
0 0 0 30.2 53.5 2 -1 0 -1
0 0 0 30.2 53.5 2 -1 0 -1
0 0 0 30.2 53.5 2 -1 0 -1
0 0 0 30.2 53.5 2 -1 0 -1
0 0 0 30.2 54.0 2 -1 0 -1
0 0 0 30.2 54.0 2 -1 0 -1
0 0 0 30.2 54.0 2 -1 0 -1
0 0 0 30.2 54.0 2 -1 0 -1
0 0 0 30.2 54.0 2 -1 0 -1
0 0 0 30.2 54.0 2 -1 0 -1
0 0 0 30.2 54.0 2 -1 0 -1
0 0 0 30.2 54.0 2 -1 0 -1
0 0 0 30.2 54.0 2 -1 0 -1
0 0 0 30.2 54.0 2 -1 0 -1
0 0 0 30.2 54.0 2 -1 0 -1
0 0 0 30.2 54.0 2 -1 0 -1
0 0 0 30.2 54.0 2 -1 0 -1
0 0 0 30.2 54.0 2 -1 0 -1
0 0 0 30.3 54.0 2 -1 0 -1
0 0 0 30.2 54.0 2 -1 0 -1
0 0 0 30.2 54.0 2 -1 0 -1
0 0 0 30.2 54.0 2 -1 0 -1
0 0 0 30.2 54.0 2 -1 0 -1
0 0 0 30.2 54.0 2 -1 0 -1
0 0 0 30.2 54.0 2 -1 0 -1
0 0 0 30.2 54.0 2 -1 0 -1
0 0 0 30.2 54.0 2 -1 0 -1
0 0 0 30.2 54.0 2 -1 0 -1
0 0 0 30.1 54.0 2 -1 0 -1
0 0 0 30.2 54.0 2 -1 0 -1
0 0 0 30.2 54.0 2 -1 0 -1
0 0 0 30.2 54.0 2 -1 0 -1
0 0 0 30.2 54.0 2 -1 0 -1
0 0 0 30.3 54.0 2 -1 0 -1
0 0 0 30.2 54.0 2 -1 0 -1
0 0 0 30.2 54.0 2 -1 0 -1
0 0 0 30.2 54.0 2 -1 0 -1
0 0 0 30.3 54.0 2 -1 0 -1
0 0 0 30.1 54.0 2 -1 0 -1
0 0 0 30.2 54.0 2 -1 0 -1
0 0 0 30.1 54.0 2 -1 0 -1
0 0 0 30.2 54.0 2 -1 0 -1
0 0 0 30.3 54.0 2 -1 0 -1
0 0 0 30.1 54.0 2 -1 0 -1
0 0 0 30.2 54.0 2 -1 0 -1
0 0 0 30.2 54.0 2 -1 0 -1
0 0 0 30.3 54.0 2 -1 0 -1
0 0 0 30.2 54.0 2 -1 0 -1
0 0 0 30.2 54.0 2 -1 0 -1
0 0 0 30.3 54.0 2 -1 0 -1
0 0 0 30.2 54.0 2 -1 0 -1
0 0 0 30.3 54.0 2 -1 0 -1
0 0 0 30.2 54.0 2 -1 0 -1
0 0 0 30.3 54.0 2 -1 0 -1
0 0 0 30.3 54.0 2 -1 0 -1
0 0 0 30.2 54.0 2 -1 0 -1
0 0 0 30.3 54.0 2 -1 0 -1
0 0 0 30.2 54.0 2 -1 0 -1
0 0 0 30.3 54.0 2 -1 0 -1
0 0 0 30.3 54.0 2 -1 0 -1
0 0 0 30.3 54.0 2 -1 0 -1
0 0 0 30.2 54.0 2 -1 0 -1
0 0 0 30.2 54.0 2 -1 0 -1
0 0 0 30.2 54.0 2 -1 0 -1
0 0 0 30.2 54.0 2 -1 0 -1
0 0 0 30.2 54.0 2 -1 0 -1
0 0 0 30.3 54.0 2 -1 0 -1
0 0 0 30.3 54.0 2 -1 0 -1
0 0 0 30.2 54.0 2 -1 0 -1
0 0 0 30.2 54.0 2 -1 0 -1
0 0 0 30.3 54.0 2 -1 0 -1
0 0 0 30.2 54.0 2 -1 0 -1
0 0 0 30.2 54.0 2 -1 0 -1
0 0 0 30.2 54.0 2 -1 0 -1
0 0 0 30.3 54.0 2 -1 0 -1
0 0 0 30.3 54.0 2 -1 0 -1
0 0 0 30.3 54.0 2 -1 0 -1
0 0 0 30.3 54.0 2 -1 0 -1
0 0 0 30.3 54.0 2 -1 0 -1
0 0 0 30.3 54.0 2 -1 0 -1
0 0 0 30.3 54.0 2 -1 0 -1
0 0 0 30.2 54.0 2 -1 0 -1
0 0 0 30.3 54.0 2 -1 0 -1
0 0 0 30.3 54.0 2 -1 0 -1
0 0 0 30.2 54.0 2 -1 0 -1
0 0 0 30.3 54.0 2 -1 0 -1
0 0 0 30.3 54.0 2 -1 0 -1
0 0 0 30.3 54.0 2 -1 0 -1
