0 1 0 29.9 55.5 2 -1 0 -1
0 1 0 29.9 55.5 2 -1 0 -1
0 1 0 29.9 55.5 2 -1 0 -1
0 1 0 30.0 55.5 2 -1 0 -1
0 1 0 29.9 55.5 2 -1 0 -1
0 1 0 29.9 55.5 2 -1 0 -1
0 1 0 29.9 55.5 2 -1 0 -1
0 1 0 30.0 55.5 2 -1 0 -1
0 1 0 30.0 55.5 2 -1 0 -1
0 1 0 30.0 55.5 2 -1 0 -1
0 1 0 30.0 55.5 2 -1 0 -1
0 1 0 30.1 55.5 2 -1 0 -1
0 1 0 30.0 55.5 2 -1 0 -1
0 1 0 30.0 55.5 2 -1 0 -1
0 1 0 30.1 55.5 2 -1 0 -1
0 1 0 30.1 55.5 2 -1 0 -1
0 1 0 30.1 55.5 2 -1 0 -1
0 1 0 30.1 55.5 2 -1 0 -1
0 1 0 30.2 55.5 2 -1 0 -1
0 1 0 30.1 55.5 2 -1 0 -1
0 1 0 30.2 55.5 2 -1 0 -1
0 1 0 30.2 55.5 2 -1 0 -1
0 1 0 30.1 55.5 2 -1 0 -1
0 1 0 30.2 55.5 2 -1 0 -1
0 1 0 30.2 55.5 2 -1 0 -1
0 1 0 30.2 55.5 2 -1 0 -1
0 1 0 30.2 55.5 2 -1 0 -1
0 1 0 30.2 55.5 2 -1 0 -1
0 1 0 30.3 55.5 2 -1 0 -1
0 1 0 30.3 55.5 2 -1 0 -1
0 1 0 30.3 55.5 2 -1 0 -1
0 1 0 30.3 55.5 2 -1 0 -1
0 1 0 30.3 55.5 2 -1 0 -1
0 1 0 30.3 55.5 2 -1 0 -1
0 1 0 30.3 55.5 2 -1 0 -1
0 1 0 30.3 55.5 2 -1 0 -1
0 1 0 30.3 55.5 2 -1 0 -1
0 1 0 30.4 55.5 2 -1 0 -1
0 1 0 30.4 55.5 2 -1 0 -1
0 1 0 30.4 55.5 2 -1 0 -1
0 1 0 30.4 55.5 2 -1 0 -1
0 1 0 30.4 55.5 2 -1 0 -1
0 1 0 30.4 55.5 2 -1 0 -1
0 1 0 30.4 55.5 2 -1 0 -1
0 1 0 30.5 55.5 2 -1 0 -1
0 1 0 30.4 55.5 2 -1 0 -1
0 1 0 30.5 55.5 2 -1 0 -1
0 1 0 30.4 55.5 2 -1 0 -1
0 1 0 30.4 55.5 2 -1 0 -1
0 1 0 30.5 55.5 2 -1 0 -1
0 1 0 30.5 55.5 2 -1 0 -1
0 1 0 30.5 55.5 2 -1 0 -1
0 1 0 30.5 55.5 2 -1 0 -1
0 1 0 30.5 55.5 2 -1 0 -1
0 1 0 30.5 55.5 2 -1 0 -1
0 1 0 30.6 55.5 2 -1 0 -1
0 1 0 30.5 55.5 2 -1 0 -1
0 1 0 30.5 55.5 2 -1 0 -1
0 1 0 30.6 55.5 2 -1 0 -1
0 1 0 30.6 55.5 2 -1 0 -1
0 1 0 30.6 55.5 2 -1 0 -1
0 1 0 30.5 55.5 2 -1 0 -1
0 1 0 30.6 55.5 2 -1 0 -1
0 1 0 30.6 55.5 2 -1 0 -1
0 1 0 30.6 55.5 2 -1 0 -1
0 1 0 30.6 55.5 2 -1 0 -1
0 1 0 30.6 55.5 2 -1 0 -1
0 1 0 30.6 55.5 2 -1 0 -1
0 1 0 30.6 56.0 2 -1 0 -1
0 1 0 30.6 56.0 2 -1 0 -1
0 1 0 30.6 56.0 2 -1 0 -1
0 1 0 30.6 55.5 2 -1 0 -1
0 1 0 30.6 56.0 2 -1 0 -1
0 1 0 30.7 56.0 2 -1 0 -1
0 1 0 30.7 56.0 2 -1 0 -1
0 1 0 30.7 56.0 2 -1 0 -1
0 1 0 30.7 56.0 2 -1 0 -1
0 1 0 30.7 56.0 2 -1 0 -1
0 1 0 30.7 56.0 2 -1 0 -1
0 1 0 30.7 56.0 2 -1 0 -1
0 1 0 30.7 56.0 2 -1 0 -1
0 1 0 30.7 56.0 2 -1 0 -1
0 1 0 30.8 56.0 2 -1 0 -1
0 1 0 30.7 56.0 2 -1 0 -1
0 1 0 30.7 56.0 2 -1 0 -1
0 1 0 30.8 56.0 2 -1 0 -1
0 1 0 30.7 56.0 2 -1 0 -1
0 1 0 30.8 56.0 2 -1 0 -1
0 1 0 30.8 56.0 2 -1 0 -1
0 1 0 30.8 56.0 2 -1 0 -1
0 1 0 30.8 56.0 2 -1 0 -1
0 1 0 30.8 56.0 2 -1 0 -1
0 1 0 30.8 56.0 2 -1 0 -1
0 1 0 30.9 56.0 2 -1 0 -1
0 1 0 30.8 56.0 2 -1 0 -1
0 1 0 30.8 56.0 2 -1 0 -1
0 1 0 30.8 56.0 2 -1 0 -1
0 1 0 30.8 56.0 2 -1 0 -1
0 1 0 30.8 56.0 2 -1 0 -1
0 1 0 30.8 56.0 2 -1 0 -1
0 1 0 30.9 56.0 2 -1 0 -1
0 1 0 30.9 56.0 2 -1 0 -1
0 1 0 30.9 56.0 2 -1 0 -1
0 1 0 30.8 56.0 2 -1 0 -1
0 1 0 30.9 56.0 2 -1 0 -1
0 1 0 30.9 56.0 2 -1 0 -1
0 1 0 30.9 56.0 2 -1 0 -1
0 1 0 30.9 56.0 2 -1 0 -1
0 1 0 30.9 56.0 2 -1 0 -1
0 1 0 30.9 56.0 2 -1 0 -1
0 1 0 31.0 56.0 2 -1 0 -1
0 1 0 30.9 56.5 2 -1 0 -1
0 1 0 31.0 56.0 2 -1 0 -1
0 1 0 30.9 56.0 2 -1 0 -1
0 1 0 31.0 56.5 2 -1 0 -1
0 1 0 30.9 56.5 2 -1 0 -1
0 1 0 31.0 56.0 2 -1 0 -1
0 1 0 30.9 56.5 2 -1 0 -1
0 1 0 31.0 56.5 2 -1 0 -1
0 1 0 31.0 56.5 2 -1 0 -1
0 1 0 31.0 56.5 2 -1 0 -1
0 1 0 31.0 56.5 2 -1 0 -1
0 1 0 31.0 56.5 2 -1 0 -1
0 1 0 31.0 56.5 2 -1 0 -1
0 1 0 31.0 56.5 2 -1 0 -1
0 1 0 31.0 56.5 2 -1 0 -1
0 1 0 31.0 56.5 2 -1 0 -1
0 1 0 30.9 56.5 2 -1 0 -1
0 1 0 31.0 56.5 2 -1 0 -1
0 1 0 31.0 56.5 2 -1 0 -1
0 1 0 31.0 56.5 2 -1 0 -1
0 1 0 31.0 56.5 2 -1 0 -1
0 1 0 31.0 56.5 2 -1 0 -1
0 1 0 31.0 56.5 2 -1 0 -1
0 1 0 31.0 56.5 2 -1 0 -1
0 1 0 31.1 56.5 2 -1 0 -1
0 1 0 31.1 56.5 2 -1 0 -1
0 1 0 31.1 56.5 2 -1 0 -1
0 1 0 31.1 56.5 2 -1 0 -1
0 1 0 31.1 56.5 2 -1 0 -1
0 1 0 31.1 56.5 2 -1 0 -1
0 1 0 31.1 56.5 2 -1 0 -1
0 1 0 31.1 56.5 2 -1 0 -1
0 1 0 31.1 56.5 2 -1 0 -1
0 1 0 31.1 56.5 2 -1 0 -1
0 1 0 31.1 56.5 2 -1 0 -1
0 1 0 31.1 56.5 2 -1 0 -1
0 1 0 31.2 56.5 2 -1 0 -1
0 1 0 31.1 56.5 2 -1 0 -1
0 1 0 31.2 56.5 2 -1 0 -1
0 1 0 31.1 56.5 2 -1 0 -1
0 1 0 31.1 56.5 2 -1 0 -1
0 1 0 31.2 56.5 2 -1 0 -1
0 1 0 31.1 56.5 2 -1 0 -1
0 1 0 31.2 56.5 2 -1 0 -1
0 1 0 31.1 56.5 2 -1 0 -1
0 1 0 31.2 56.5 2 -1 0 -1
0 1 0 31.2 56.5 2 -1 0 -1
0 1 0 31.2 57.0 2 -1 0 -1
0 1 0 31.2 57.0 2 -1 0 -1
0 1 0 31.2 57.0 2 -1 0 -1
0 1 0 31.2 56.5 2 -1 0 -1
0 1 0 31.2 57.0 2 -1 0 -1
0 1 0 31.2 57.0 2 -1 0 -1
0 1 0 31.2 57.0 2 -1 0 -1
0 1 0 31.2 57.0 2 -1 0 -1
0 1 0 31.2 57.0 2 -1 0 -1
0 1 0 31.2 57.0 2 -1 0 -1
0 1 0 31.2 57.0 2 -1 0 -1
0 1 0 31.3 57.0 2 -1 0 -1
0 1 0 31.3 57.0 2 -1 0 -1
0 1 0 31.2 57.0 2 -1 0 -1
0 1 0 31.2 57.0 2 -1 0 -1
0 1 0 31.2 57.0 2 -1 0 -1
0 1 0 31.3 57.0 2 -1 0 -1
0 1 0 31.2 57.0 2 -1 0 -1
0 1 0 31.3 57.0 2 -1 0 -1
0 1 0 31.3 57.0 2 -1 0 -1
0 1 0 31.3 57.0 2 -1 0 -1
0 1 0 31.3 57.0 2 -1 0 -1
0 1 0 31.3 57.0 2 -1 0 -1
0 1 0 31.3 57.0 2 -1 0 -1
0 1 0 31.3 57.0 2 -1 0 -1
0 1 0 31.3 57.0 2 -1 0 -1
0 1 0 31.3 57.0 2 -1 0 -1
0 1 0 31.3 57.0 2 -1 0 -1
0 1 0 31.3 57.0 2 -1 0 -1
0 1 0 31.3 57.0 2 -1 0 -1
0 1 0 31.3 57.0 2 -1 0 -1
0 1 0 31.3 57.0 2 -1 0 -1
0 1 0 31.3 57.0 2 -1 0 -1
0 1 0 31.3 57.0 2 -1 0 -1
0 1 0 31.3 57.0 2 -1 0 -1
0 1 0 31.3 57.0 2 -1 0 -1
0 1 0 31.4 57.0 2 -1 0 -1
0 1 0 31.3 57.0 2 -1 0 -1
0 1 0 31.4 57.0 2 -1 0 -1
0 1 0 31.3 57.0 2 -1 0 -1
0 1 0 31.3 57.0 2 -1 0 -1
0 1 0 31.4 57.0 2 -1 0 -1
0 1 0 31.3 57.0 2 -1 0 -1
0 1 0 31.3 57.0 2 -1 0 -1
0 1 0 31.4 57.0 2 -1 0 -1
0 1 0 31.3 57.0 2 -1 0 -1
0 1 0 31.4 57.0 2 -1 0 -1
0 1 0 31.3 57.0 2 -1 0 -1
0 1 0 31.4 57.0 2 -1 0 -1
0 1 0 31.4 57.0 2 -1 0 -1
0 1 0 31.4 57.0 2 -1 0 -1
0 1 0 31.4 57.0 2 -1 0 -1
0 1 0 31.4 57.0 2 -1 0 -1
0 1 0 31.4 57.0 2 -1 0 -1
0 1 0 31.3 57.0 2 -1 0 -1
0 1 0 31.5 57.0 2 -1 0 -1
0 1 0 31.4 57.5 2 -1 0 -1
0 1 0 31.4 57.5 2 -1 0 -1
0 1 0 31.4 57.0 2 -1 0 -1
0 1 0 31.4 57.5 2 -1 0 -1
0 1 0 31.4 57.5 2 -1 0 -1
0 1 0 31.4 57.5 2 -1 0 -1
0 1 0 31.4 57.5 2 -1 0 -1
0 1 0 31.5 57.5 2 -1 0 -1
0 1 0 31.5 57.5 2 -1 0 -1
0 1 0 31.3 57.5 2 -1 0 -1
0 1 0 31.4 57.5 2 -1 0 -1
0 1 0 31.4 57.5 2 -1 0 -1
0 1 0 31.5 57.5 2 -1 0 -1
0 1 0 31.5 57.5 2 -1 0 -1
0 1 0 31.4 57.5 2 -1 0 -1
0 1 0 31.5 57.5 2 -1 0 -1
0 1 0 31.5 57.5 2 -1 0 -1
0 1 0 31.5 57.5 2 -1 0 -1
0 1 0 31.5 57.5 2 -1 0 -1
0 1 0 31.5 57.5 2 -1 0 -1
0 1 0 31.5 57.5 2 -1 0 -1
0 1 0 31.5 57.5 2 -1 0 -1
0 1 0 31.5 57.5 2 -1 0 -1
0 1 0 31.5 57.5 2 -1 0 -1
0 1 0 31.5 57.5 2 -1 0 -1
0 1 0 31.5 57.5 2 -1 0 -1
0 1 0 31.4 57.5 2 -1 0 -1
0 1 0 31.5 57.5 2 -1 0 -1
0 1 0 31.5 57.5 2 -1 0 -1
0 1 0 31.5 57.5 2 -1 0 -1
0 1 0 31.6 57.5 2 -1 0 -1
0 1 0 31.5 57.5 2 -1 0 -1
0 1 0 31.5 57.5 2 -1 0 -1
0 1 0 31.5 57.5 2 -1 0 -1
0 1 0 31.5 57.5 2 -1 0 -1
0 1 0 31.5 57.5 2 -1 0 -1
0 1 0 31.5 57.5 2 -1 0 -1
0 1 0 31.5 57.5 2 -1 0 -1
0 1 0 31.5 57.5 2 -1 0 -1
0 1 0 31.5 57.5 2 -1 0 -1
0 1 0 31.5 57.5 2 -1 0 -1
0 1 0 31.5 57.5 2 -1 0 -1
0 1 0 31.6 57.5 2 -1 0 -1
0 1 0 31.5 58.0 2 -1 0 -1
0 1 0 31.5 57.5 2 -1 0 -1
0 1 0 31.5 57.5 2 -1 0 -1
0 1 0 31.5 58.0 2 -1 0 -1
0 1 0 31.5 58.0 2 -1 0 -1
0 1 0 31.5 58.0 2 -1 0 -1
0 1 0 31.5 58.0 2 -1 0 -1
0 1 0 31.6 58.0 2 -1 0 -1
0 1 0 31.5 58.0 2 -1 0 -1
0 1 0 31.5 58.0 2 -1 0 -1
0 1 0 31.6 58.0 2 -1 0 -1
0 1 0 31.6 58.0 2 -1 0 -1
0 1 0 31.6 58.0 2 -1 0 -1
0 1 0 31.6 58.0 2 -1 0 -1
0 1 0 31.6 58.0 2 -1 0 -1
0 1 0 31.6 58.0 2 -1 0 -1
0 1 0 31.6 58.0 2 -1 0 -1
0 1 0 31.6 58.0 2 -1 0 -1
0 1 0 31.6 58.0 2 -1 0 -1
0 1 0 31.6 58.0 2 -1 0 -1
0 1 0 31.6 58.0 2 -1 0 -1
0 1 0 31.6 58.0 2 -1 0 -1
0 1 0 31.7 58.0 2 -1 0 -1
0 1 0 31.6 58.0 2 -1 0 -1
0 1 0 31.6 58.0 2 -1 0 -1
0 1 0 31.6 58.0 2 -1 0 -1
0 1 0 31.6 58.0 2 -1 0 -1
0 1 0 31.6 58.0 2 -1 0 -1
0 1 0 31.6 58.0 2 -1 0 -1
0 1 0 31.6 58.0 2 -1 0 -1
0 1 0 31.6 58.0 2 -1 0 -1
0 1 0 31.6 58.0 2 -1 0 -1
0 1 0 31.7 58.0 2 -1 0 -1
0 1 0 31.7 58.0 2 -1 0 -1
0 1 0 31.6 58.0 2 -1 0 -1
0 1 0 31.6 58.0 2 -1 0 -1
0 1 0 31.6 58.0 2 -1 0 -1
0 1 0 31.7 58.0 2 -1 0 -1
0 1 0 31.6 58.0 2 -1 0 -1
0 1 0 31.6 58.0 2 -1 0 -1
0 1 0 31.6 58.0 2 -1 0 -1
0 1 0 31.6 58.0 2 -1 0 -1
0 1 0 31.6 58.0 2 -1 0 -1
0 1 0 31.6 58.0 2 -1 0 -1
0 1 0 31.6 58.0 2 -1 0 -1
0 1 0 31.7 58.0 2 -1 0 -1
0 1 0 31.7 58.0 2 -1 0 -1
0 1 0 31.6 58.0 2 -1 0 -1
0 1 0 31.7 58.0 2 -1 0 -1
0 1 0 31.6 58.0 2 -1 0 -1
0 1 0 31.6 58.0 2 -1 0 -1
0 1 0 31.7 58.0 2 -1 0 -1
0 1 0 31.7 58.0 2 -1 0 -1
0 1 0 31.7 58.0 2 -1 0 -1
0 1 0 31.6 58.0 1 -1 0 -1
0 1 0 31.6 58.0 1 -1 0 -1
0 1 0 31.6 58.0 1 -1 0 -1
0 1 0 31.6 58.5 1 -1 0 -1
0 1 0 31.6 58.5 1 -1 0 -1
0 1 0 31.7 58.5 1 -1 0 -1
0 1 0 31.7 58.5 1 -1 0 -1
0 1 0 31.7 58.5 1 -1 0 -1
0 1 0 31.7 58.5 1 -1 0 -1
0 1 0 31.7 58.5 1 -1 0 -1
0 1 0 31.8 58.5 1 -1 0 -1
0 1 0 31.6 58.5 1 -1 0 -1
0 1 0 31.7 58.5 1 -1 0 -1
0 1 0 31.7 58.5 1 -1 0 -1
0 1 0 31.7 58.5 1 -1 0 -1
0 1 0 31.7 58.5 1 -1 0 -1
0 1 0 31.6 58.5 1 -1 0 -1
0 1 0 31.7 58.5 1 -1 0 -1
0 1 0 31.7 58.5 1 -1 0 -1
0 1 0 31.7 58.5 1 -1 0 -1
0 1 0 31.7 58.5 1 -1 0 -1
0 1 0 31.7 58.5 0 -1 0 -1
0 1 0 31.7 58.5 0 -1 0 -1
0 1 0 31.8 58.5 0 -1 0 -1
0 1 0 31.7 58.5 0 -1 0 -1
0 1 0 31.7 58.5 0 -1 0 -1
0 1 0 31.7 58.5 0 -1 0 -1
0 1 0 31.8 58.5 0 -1 0 -1
0 1 0 31.7 58.5 0 -1 0 -1
0 1 0 31.7 58.5 0 -1 0 -1
0 1 0 31.7 58.5 2 -1 0 -1
0 1 0 31.8 58.5 2 -1 0 -1
0 1 0 31.7 58.5 2 -1 0 -1
0 1 0 31.8 58.5 2 -1 0 -1
0 1 0 31.7 58.5 2 -1 0 -1
0 1 0 31.8 58.5 2 -1 0 -1
0 1 0 31.8 58.5 2 -1 0 -1
0 1 0 31.8 58.5 2 -1 0 -1
0 1 0 31.8 58.5 2 -1 0 -1
0 1 0 31.8 58.5 0 -1 0 -1
0 1 0 31.7 58.5 0 -1 0 -1
0 1 0 31.8 58.5 0 -1 0 -1
0 1 0 31.8 58.5 0 -1 0 -1
0 1 0 31.8 58.5 2 -1 0 -1
0 1 0 31.8 58.5 2 -1 0 -1
0 1 0 31.8 58.5 2 -1 0 -1
0 1 0 31.8 58.5 2 -1 0 -1
0 1 0 31.8 58.5 2 -1 0 -1
0 1 0 31.8 58.5 2 -1 0 -1
0 1 0 31.8 58.5 2 -1 0 -1
0 1 0 31.8 58.5 2 -1 0 -1
0 1 0 31.8 58.5 2 -1 0 -1
0 1 0 31.8 58.5 1 -1 0 -1
0 1 0 31.8 58.5 1 -1 0 -1
0 1 0 31.8 58.5 1 -1 0 -1
0 1 0 31.8 58.5 1 -1 0 -1
0 1 0 31.8 58.5 1 -1 0 -1
0 1 0 31.8 58.5 1 -1 0 -1
0 1 0 31.8 58.5 1 -1 0 -1
0 1 0 31.9 58.5 1 -1 0 -1
0 1 0 31.8 58.5 1 -1 0 -1
0 1 0 31.9 58.5 1 -1 0 -1
0 1 0 31.9 58.5 1 -1 0 -1
0 1 0 31.8 58.5 1 -1 0 -1
0 1 0 31.9 58.5 2 -1 0 -1
0 1 0 31.9 58.5 2 -1 0 -1
0 1 0 31.8 58.5 2 -1 0 -1
0 1 0 31.9 58.5 2 -1 0 -1
0 1 0 31.9 58.5 2 -1 0 -1
0 1 0 32.0 58.5 2 -1 0 -1
0 1 0 31.9 58.5 2 -1 0 -1
0 1 0 31.9 58.5 2 -1 0 -1
0 1 0 31.9 58.5 2 -1 0 -1
0 1 0 31.9 58.5 2 -1 0 -1
0 1 0 31.9 58.5 2 -1 0 -1
0 1 0 31.9 58.5 2 -1 0 -1
0 1 0 32.0 58.5 2 -1 0 -1
0 1 0 31.9 58.5 2 -1 0 -1
0 1 0 32.0 58.5 2 -1 0 -1
0 1 0 32.0 58.5 2 -1 0 -1
0 1 0 31.9 58.5 2 -1 0 -1
0 1 0 32.0 58.5 2 -1 0 -1
0 1 0 32.0 58.5 2 -1 0 -1
0 1 0 32.0 58.5 2 -1 0 -1
0 1 0 31.9 58.5 4 -1 0 -1
0 1 0 31.9 58.5 4 -1 0 -1
0 1 0 32.0 58.5 4 -1 0 -1
0 1 0 32.0 58.5 4 -1 0 -1
0 1 0 32.0 58.5 4 -1 0 -1
0 1 0 32.0 58.5 6 -1 0 -1
0 1 0 32.0 58.5 6 -1 0 -1
0 1 0 32.0 58.5 6 -1 0 -1
0 1 0 32.0 58.5 2 -1 0 -1
0 1 0 32.0 58.5 2 -1 0 -1
0 1 0 32.0 58.5 2 -1 0 -1
0 1 0 32.0 58.5 2 -1 0 -1
0 1 0 32.0 58.5 2 -1 0 -1
0 1 0 32.0 58.5 2 -1 0 -1
0 1 0 32.0 58.5 2 -1 0 -1
0 1 0 32.1 58.5 4 -1 0 -1
0 1 0 32.0 58.5 2 -1 0 -1
0 1 0 32.1 59.0 4 -1 0 -1
0 1 0 32.0 59.0 2 -1 0 -1
0 1 0 32.1 58.5 2 -1 0 -1
0 1 0 32.1 59.0 2 -1 0 -1
0 1 0 32.1 59.0 2 -1 0 -1
0 1 0 32.1 58.5 4 -1 0 -1
0 1 0 32.1 59.0 4 -1 0 -1
0 1 0 32.1 59.0 4 -1 0 -1
0 1 0 32.1 59.0 4 -1 0 -1
0 1 0 32.2 59.0 2 -1 0 -1
0 1 0 32.2 59.0 2 -1 0 -1
0 1 0 32.1 59.0 4 -1 0 -1
0 1 0 32.1 59.0 4 -1 0 -1
0 1 0 32.2 59.0 4 -1 0 -1
0 1 0 32.2 59.0 4 -1 0 -1
0 1 0 32.2 59.0 4 -1 0 -1
0 1 0 32.2 59.0 4 -1 0 -1
0 1 0 32.2 59.0 4 -1 0 -1
0 1 0 32.2 59.0 4 -1 0 -1
0 1 0 32.2 59.0 4 -1 0 -1
0 1 0 32.2 59.0 4 -1 0 -1
0 1 0 32.2 59.0 6 -1 0 -1
0 1 0 32.2 59.0 6 -1 0 -1
0 1 0 32.2 59.0 4 -1 0 -1
0 1 0 32.2 59.0 4 -1 0 -1
0 1 0 32.2 59.0 4 -1 0 -1
0 1 0 32.3 59.0 6 -1 0 -1
0 1 0 32.3 59.0 4 -1 0 -1
0 1 0 32.3 59.0 4 -1 0 -1
0 1 0 32.3 59.0 4 -1 0 -1
0 1 0 32.3 59.0 6 -1 0 -1
0 1 0 32.3 59.0 4 -1 0 -1
0 1 0 32.3 59.0 4 -1 0 -1
0 1 0 32.3 59.0 4 -1 0 -1
0 1 0 32.3 59.0 4 -1 0 -1
0 1 0 32.3 59.0 4 -1 0 -1
0 1 0 32.4 59.0 4 -1 0 -1
0 1 0 32.4 59.0 4 -1 0 -1
0 1 0 32.4 59.0 4 -1 0 -1
0 1 0 32.3 59.0 6 -1 0 -1
0 1 0 32.3 59.0 6 -1 0 -1
0 1 0 32.3 59.0 6 -1 0 -1
0 1 0 32.3 59.0 6 -1 0 -1
0 1 0 32.4 59.0 6 -1 0 -1
0 1 0 32.3 59.0 6 -1 0 -1
0 1 0 32.3 59.0 6 -1 0 -1
0 1 0 32.4 59.0 6 -1 0 -1
0 1 0 32.4 59.0 6 -1 0 -1
0 1 0 32.3 59.0 6 -1 0 -1
0 1 0 32.4 59.0 6 -1 0 -1
0 1 0 32.4 59.0 6 -1 0 -1
0 1 0 32.4 59.0 6 -1 0 -1
0 1 0 32.4 59.0 6 -1 0 -1
0 1 0 32.4 59.0 6 -1 0 -1
0 1 0 32.4 59.0 6 -1 0 -1
0 1 0 32.4 59.0 4 -1 0 -1
0 1 0 32.4 59.0 4 -1 0 -1
0 1 0 32.4 59.0 4 -1 0 -1
0 1 0 32.4 59.0 4 -1 0 -1
0 1 0 32.3 59.0 4 -1 0 -1
0 1 0 32.4 59.0 4 -1 0 -1
0 1 0 32.4 59.0 6 -1 0 -1
0 1 0 32.4 59.0 4 -1 0 -1
0 1 0 32.4 59.0 4 -1 0 -1
0 1 0 32.3 58.5 4 -1 0 -1
0 1 0 32.3 58.5 4 -1 0 -1
0 1 0 32.4 58.5 6 -1 0 -1
0 1 0 32.5 58.5 6 -1 0 -1
0 1 0 32.4 58.5 6 -1 0 -1
0 1 0 32.4 58.5 6 -1 0 -1
0 1 0 32.4 58.5 6 -1 0 -1
0 1 0 32.3 58.5 6 -1 0 -1
0 1 0 32.4 58.5 4 -1 0 -1
0 1 0 32.3 58.5 6 -1 0 -1
0 1 0 32.4 58.5 6 -1 0 -1
0 1 0 32.4 58.5 4 -1 0 -1
0 1 0 32.4 58.5 4 -1 0 -1
0 1 0 32.3 58.5 4 -1 0 -1
0 1 0 32.4 58.5 4 -1 0 -1
0 1 0 32.4 58.5 4 -1 0 -1
0 1 0 32.4 58.5 4 -1 0 -1
0 1 0 32.4 58.5 4 -1 0 -1
0 1 0 32.4 58.5 4 -1 0 -1
0 1 0 32.4 58.5 2 -1 0 -1
0 1 0 32.3 58.5 4 -1 0 -1
0 1 0 32.3 58.5 4 -1 0 -1
0 1 0 32.4 58.5 4 -1 0 -1
0 1 0 32.4 58.5 4 -1 0 -1
0 1 0 32.4 58.5 2 -1 0 -1
0 1 0 32.4 58.5 4 -1 0 -1
0 1 0 32.4 58.5 4 -1 0 -1
0 1 0 32.4 58.5 4 -1 0 -1
0 1 0 32.4 59.0 4 -1 0 -1
0 1 0 32.4 59.0 2 -1 0 -1
0 1 0 32.4 59.0 2 -1 0 -1
0 1 0 32.5 59.0 2 -1 0 -1
0 1 0 32.4 59.0 4 -1 0 -1
0 1 0 32.4 58.5 4 -1 0 -1
0 1 0 32.4 58.5 4 -1 0 -1
0 1 0 32.4 58.5 4 -1 0 -1
0 1 0 32.4 58.5 4 -1 0 -1
0 1 0 32.4 58.5 4 -1 0 -1
0 1 0 32.5 59.0 4 -1 0 -1
0 1 0 32.5 59.0 2 -1 0 -1
0 1 0 32.4 59.0 4 -1 0 -1
0 1 0 32.5 59.0 4 -1 0 -1
0 1 0 32.5 59.0 2 -1 0 -1
0 1 0 32.5 59.0 2 -1 0 -1
0 1 0 32.4 59.0 2 -1 0 -1
0 1 0 32.5 59.0 2 -1 0 -1
0 1 0 32.4 59.0 4 -1 0 -1
0 1 0 32.4 59.0 2 -1 0 -1
0 1 0 32.4 59.0 2 -1 0 -1
0 1 0 32.5 59.0 2 -1 0 -1
0 1 0 32.4 58.5 2 -1 0 -1
0 1 0 32.4 58.5 2 -1 0 -1
0 1 0 32.5 58.5 2 -1 0 -1
0 1 0 32.4 58.5 2 -1 0 -1
0 1 0 32.4 58.5 4 -1 0 -1
0 1 0 32.4 58.5 4 -1 0 -1
0 1 0 32.4 58.5 4 -1 0 -1
0 1 0 32.4 59.0 4 -1 0 -1
0 1 0 32.3 58.5 2 -1 0 -1
0 1 0 32.4 58.5 2 -1 0 -1
0 1 0 32.4 58.5 2 -1 0 -1
0 1 0 32.4 58.5 4 -1 0 -1
0 1 0 32.4 58.5 4 -1 0 -1
0 1 0 32.3 58.5 4 -1 0 -1
0 1 0 32.4 58.5 4 -1 0 -1
0 1 0 32.4 58.5 4 -1 0 -1
0 1 0 32.4 58.5 4 -1 0 -1
0 1 0 32.4 58.5 2 -1 0 -1
0 1 0 32.4 58.5 2 -1 0 -1
0 1 0 32.4 58.5 2 -1 0 -1
0 1 0 32.4 58.5 2 -1 0 -1
0 1 0 32.4 58.5 2 -1 0 -1
0 1 0 32.4 58.5 2 -1 0 -1
0 1 0 32.4 58.5 4 -1 0 -1
0 1 0 32.4 58.5 2 -1 0 -1
0 1 0 32.4 58.5 2 -1 0 -1
0 1 0 32.4 58.5 2 -1 0 -1
0 1 0 32.4 58.5 2 -1 0 -1
0 1 0 32.4 58.5 2 -1 0 -1
0 1 0 32.3 58.5 2 -1 0 -1
0 1 0 32.3 58.5 2 -1 0 -1
0 1 0 32.3 58.0 2 -1 0 -1
0 1 0 32.3 58.0 2 -1 0 -1
0 1 0 32.3 58.0 2 -1 0 -1
0 1 0 32.3 58.0 2 -1 0 -1
0 1 0 32.3 58.0 2 -1 0 -1
0 1 0 32.4 58.0 2 -1 0 -1
0 1 0 32.3 58.0 2 -1 0 -1
0 1 0 32.3 58.0 2 -1 0 -1
0 1 0 32.4 58.0 2 -1 0 -1
0 1 0 32.3 58.0 2 -1 0 -1
0 1 0 32.3 58.0 2 -1 0 -1
0 1 0 32.3 57.5 2 -1 0 -1
0 1 0 32.3 58.0 2 -1 0 -1
0 1 0 32.3 57.5 2 -1 0 -1
0 1 0 32.3 57.5 2 -1 0 -1
0 1 0 32.3 57.5 2 -1 0 -1
0 1 0 32.3 57.5 2 -1 0 -1
0 1 0 32.3 57.5 2 -1 0 -1
0 1 0 32.3 57.5 2 -1 0 -1
0 1 0 32.2 57.5 2 -1 0 -1
0 1 0 32.2 57.5 2 -1 0 -1
0 1 0 32.3 57.5 2 -1 0 -1
0 1 0 32.3 57.5 2 -1 0 -1
0 1 0 32.3 57.0 2 -1 0 -1
0 1 0 32.3 57.0 2 -1 0 -1
0 1 0 32.3 57.0 2 -1 0 -1
0 1 0 32.3 57.0 2 -1 0 -1
0 1 0 32.3 57.0 2 -1 0 -1
0 1 0 32.3 57.0 2 -1 0 -1
0 1 0 32.3 57.0 2 -1 0 -1
0 1 0 32.3 57.0 2 -1 0 -1
0 1 0 32.3 57.0 2 -1 0 -1
0 1 0 32.3 57.0 2 -1 0 -1
0 1 0 32.3 57.0 2 -1 0 -1
0 1 0 32.3 57.0 2 -1 0 -1
0 1 0 32.3 57.0 2 -1 0 -1
0 1 0 32.3 57.0 2 -1 0 -1
0 1 0 32.2 57.0 2 -1 0 -1
0 1 0 32.3 57.0 2 -1 0 -1
0 1 0 32.3 57.0 2 -1 0 -1
0 1 0 32.2 57.0 2 -1 0 -1
0 1 0 32.3 57.0 2 -1 0 -1
0 1 0 32.3 57.0 2 -1 0 -1
0 1 0 32.2 57.0 2 -1 0 -1
0 1 0 32.3 57.0 4 -1 0 -1
0 1 0 32.3 57.0 4 -1 0 -1
0 1 0 32.3 57.0 2 -1 0 -1
0 1 0 32.3 57.5 2 -1 0 -1
0 1 0 32.3 57.5 2 -1 0 -1
0 1 0 32.3 57.5 4 -1 0 -1
0 1 0 32.3 57.5 2 -1 0 -1
0 1 0 32.3 57.5 2 -1 0 -1
0 1 0 32.3 57.5 2 -1 0 -1
0 1 0 32.3 57.5 2 -1 0 -1
0 1 0 32.3 57.5 2 -1 0 -1
0 1 0 32.3 57.5 2 -1 0 -1
0 1 0 32.4 57.5 2 -1 0 -1
0 1 0 32.4 57.5 2 -1 0 -1
0 1 0 32.4 57.5 2 -1 0 -1
0 1 0 32.3 57.5 2 -1 0 -1
0 1 0 32.3 57.5 6 -1 0 -1
0 1 0 32.4 57.5 6 -1 0 -1
0 1 0 32.3 57.5 2 -1 0 -1
0 1 0 32.4 57.5 2 c25 0 -1
0 1 9 32.4 57.5 19 c25 7 -1
1 1 25 32.4 57.0 30 c25 7 -1
1 1 13 32.3 56.5 32 c24 7 -1
1 1 33 32.2 55.5 32 c24 7 -1
1 1 5 32.2 55.0 32 c24 7 -1
1 1 0 32.1 54.5 32 c24 7 -1
1 1 0 32.0 54.0 32 c24 7 -1
1 1 1 31.9 53.5 30 c24 7 -1
1 1 0 31.8 53.0 30 c24 7 -1
1 1 0 31.6 52.0 30 c24 7 -1
1 1 0 31.6 51.5 32 c24 7 -1
1 1 0 31.4 51.5 30 c24 7 -1
1 1 0 31.3 50.5 30 c24 7 -1
1 1 4 31.2 50.5 30 c24 7 -1
1 1 10 31.0 50.0 30 c24 7 -1
1 1 13 31.0 50.0 30 c24 7 -1
1 1 3 30.9 49.0 30 c24 7 -1
1 1 1 30.8 49.5 32 c24 7 -1
1 1 5 30.8 49.0 32 c24 7 -1
1 1 3 30.7 49.0 30 c24 7 -1
1 1 3 30.6 49.0 30 c24 7 -1
1 1 3 30.6 49.0 30 c24 7 -1
1 1 5 30.6 48.5 30 c24 7 -1
1 1 3 30.6 48.5 30 c24 7 -1
1 1 9 30.5 48.5 30 c24 7 -1
1 1 10 30.5 48.5 32 c24 7 -1
1 1 1 30.4 48.5 30 c24 7 -1
1 1 0 30.3 48.5 30 c24 7 -1
1 1 2 30.3 48.0 30 c24 7 -1
1 1 2 30.3 48.0 32 c24 7 -1
1 1 2 30.3 48.0 32 c24 7 -1
1 1 3 30.2 48.5 32 c24 7 -1
1 1 6 30.2 48.5 30 c24 7 -1
1 1 0 30.2 48.5 32 c24 7 -1
1 1 3 30.1 48.5 30 c24 7 -1
1 1 1 30.1 48.5 30 c24 7 -1
1 1 8 30.1 48.5 30 c24 7 -1
1 1 8 30.0 48.0 30 c24 7 -1
1 1 3 30.0 48.0 28 c24 7 -1
1 1 2 30.0 48.5 30 c24 7 -1
1 1 1 30.0 48.0 30 c24 7 -1
1 1 8 29.9 48.0 30 c24 7 -1
1 1 10 29.8 48.0 30 c24 7 -1
1 1 0 29.8 48.0 30 c24 7 -1
1 1 2 29.8 48.0 30 c24 7 -1
1 1 4 29.8 48.0 30 c24 7 -1
1 1 17 29.8 48.0 30 c24 7 -1
1 1 0 29.7 48.0 30 c24 7 -1
1 1 0 29.8 48.0 30 c24 7 -1
1 1 3 29.7 48.0 30 c24 7 -1
1 1 1 29.7 48.0 32 c24 7 -1
1 1 11 29.7 48.0 32 c24 7 -1
1 1 5 29.7 48.0 32 c24 7 -1
1 1 11 29.6 48.5 32 c24 7 -1
1 1 12 29.7 48.5 32 c24 7 -1
1 1 0 29.7 49.0 30 c24 7 -1
1 1 0 29.7 49.0 30 c24 7 -1
1 1 0 29.6 49.0 32 c24 7 -1
1 1 0 29.7 49.5 32 c24 7 -1
1 1 0 29.7 49.5 32 c24 7 -1
1 1 0 29.7 50.0 32 c24 7 -1
1 1 0 29.8 50.0 32 c24 7 -1
1 1 3 29.8 50.5 32 c24 7 -1
1 1 0 29.7 50.5 32 c24 7 -1
1 1 0 29.8 51.0 32 c24 7 -1
1 1 0 29.8 51.0 30 c24 7 -1
1 1 0 29.7 51.0 30 c24 7 -1
1 1 0 29.8 51.5 30 c24 7 -1
1 1 3 29.7 51.5 30 c24 7 -1
1 1 0 29.7 51.5 32 c24 7 -1
1 1 0 29.8 51.5 32 c24 7 -1
1 1 0 29.8 51.5 32 c24 7 -1
1 1 0 29.7 52.0 30 c24 7 -1
1 1 0 29.7 52.0 30 c24 7 -1
1 1 0 29.7 52.0 30 c24 7 -1
1 1 0 29.7 52.0 30 c24 7 -1
1 1 2 29.7 52.0 30 c24 7 -1
1 1 0 29.7 52.0 30 c24 7 -1
1 1 9 29.7 52.0 30 c24 7 -1
1 1 0 29.7 52.0 30 c24 7 -1
1 1 0 29.7 52.0 30 c24 7 -1
1 1 1 29.6 52.0 30 c24 7 -1
1 1 2 29.6 52.0 30 c24 7 -1
1 1 0 29.6 52.0 30 c24 7 -1
1 1 9 29.6 52.0 28 -1 7 -1
1 1 20 29.6 51.5 4 -1 0 -1
0 1 0 29.6 52.5 4 -1 0 -1
0 1 0 29.7 52.0 4 -1 0 -1
0 1 0 29.7 52.5 4 -1 0 -1
0 1 0 29.9 52.0 4 -1 0 -1
0 1 0 29.9 52.5 4 -1 0 -1
0 1 0 30.0 52.5 2 -1 0 -1
0 1 0 30.0 52.5 2 -1 0 -1
0 1 0 30.1 53.0 2 -1 0 -1
0 1 0 30.1 53.0 2 -1 0 -1
0 1 0 30.2 53.0 2 -1 0 -1
0 1 0 30.3 53.5 2 -1 0 -1
0 1 0 30.4 54.0 2 -1 0 -1
0 1 0 30.4 54.0 2 -1 0 -1
0 1 0 30.5 54.5 4 -1 0 -1
0 1 0 30.6 54.5 2 -1 0 -1
0 1 0 30.6 55.0 4 -1 0 -1
0 1 0 30.6 56.0 4 -1 0 -1
0 1 0 30.7 56.5 4 -1 0 -1
0 1 0 30.7 56.5 4 -1 0 -1
0 1 0 30.7 57.0 4 -1 0 -1
0 1 0 30.8 57.0 4 -1 0 -1
0 1 0 30.8 57.5 4 -1 0 -1
0 1 0 30.9 57.5 4 -1 0 -1
0 1 0 31.0 58.0 4 -1 0 -1
0 1 0 31.0 58.0 4 -1 0 -1
0 1 0 31.0 58.5 4 -1 0 -1
0 1 0 31.0 58.5 4 -1 0 -1
0 1 0 31.1 58.5 4 -1 0 -1
0 1 0 31.1 59.0 4 -1 0 -1
0 1 0 31.1 59.0 4 -1 0 -1
0 1 0 31.3 59.0 4 -1 0 -1
0 1 0 31.2 59.0 4 -1 0 -1
0 1 0 31.3 59.0 4 -1 0 -1
0 1 0 31.3 59.5 4 -1 0 -1
0 1 0 31.3 60.0 4 -1 0 -1
0 1 0 31.3 59.5 4 -1 0 -1
0 1 0 31.4 60.0 4 -1 0 -1
0 1 0 31.4 60.0 4 -1 0 -1
0 1 0 31.4 60.0 4 -1 0 -1
0 1 0 31.4 60.0 4 -1 0 -1
0 1 0 31.5 60.0 2 -1 0 -1
0 1 0 31.5 60.0 2 -1 0 -1
0 1 0 31.5 60.5 2 -1 0 -1
0 1 0 31.5 60.5 2 -1 0 -1
0 1 0 31.5 60.5 2 -1 0 -1
0 1 0 31.6 60.5 2 -1 0 -1
0 1 0 31.7 60.5 4 -1 0 -1
0 1 0 31.6 61.0 2 -1 0 -1
0 1 0 31.7 61.0 2 -1 0 -1
0 1 0 31.7 61.0 2 -1 0 -1
0 1 0 31.7 61.0 2 -1 0 -1
0 1 0 31.8 61.0 2 -1 0 -1
0 1 0 31.8 61.0 4 -1 0 -1
0 1 0 31.8 61.5 4 -1 0 -1
0 1 0 31.8 61.0 4 -1 0 -1
0 1 0 31.8 61.5 2 -1 0 -1
0 1 0 31.9 61.5 2 -1 0 -1
0 1 0 31.9 61.5 1 -1 0 -1
0 1 0 31.9 61.5 1 -1 0 -1
0 1 0 31.9 61.5 2 -1 0 -1
0 1 0 31.9 61.5 4 -1 0 -1
0 1 0 32.0 61.5 4 -1 0 -1
0 1 0 32.1 61.5 4 -1 0 -1
0 1 0 32.0 61.5 4 -1 0 -1
0 1 0 32.0 62.0 4 -1 0 -1
0 1 0 32.0 61.5 4 -1 0 -1
0 1 0 32.0 61.5 4 -1 0 -1
0 1 0 32.1 62.0 4 -1 0 -1
0 1 0 32.1 62.0 4 -1 0 -1
0 1 0 32.1 61.5 4 -1 0 -1
0 1 0 32.1 62.0 4 -1 0 -1
0 1 0 32.2 61.5 4 -1 0 -1
0 1 0 32.2 62.0 4 -1 0 -1
0 1 0 32.2 61.5 4 -1 0 -1
0 1 0 32.2 61.5 4 -1 0 -1
0 1 0 32.2 61.5 4 -1 0 -1
0 1 0 32.2 61.5 4 -1 0 -1
0 1 0 32.2 61.5 4 -1 0 -1
0 1 0 32.3 61.5 4 -1 0 -1
0 1 0 32.3 61.5 4 -1 0 -1
0 1 0 32.3 61.5 4 -1 0 -1
0 1 0 32.3 61.5 4 -1 0 -1
0 1 0 32.3 61.5 4 -1 0 -1
0 1 0 32.4 61.5 4 -1 0 -1
0 1 0 32.4 61.5 4 -1 0 -1
0 1 0 32.3 61.5 4 -1 0 -1
0 1 0 32.4 61.5 4 -1 0 -1
0 1 0 32.3 61.5 4 -1 0 -1
0 1 0 32.4 61.5 4 -1 0 -1
0 1 0 32.3 61.5 4 -1 0 -1
0 1 0 32.4 61.5 4 -1 0 -1
0 1 0 32.4 61.5 4 -1 0 -1
0 1 0 32.5 61.5 4 -1 0 -1
0 1 0 32.4 61.5 4 -1 0 -1
0 1 0 32.5 61.5 4 -1 0 -1
0 1 0 32.5 61.5 4 -1 0 -1
0 1 0 32.5 61.5 4 -1 0 -1
0 1 0 32.5 61.5 4 -1 0 -1
0 1 0 32.4 61.5 4 -1 0 -1
0 1 0 32.6 61.5 4 -1 0 -1
0 1 0 32.6 61.5 4 -1 0 -1
0 1 0 32.6 61.5 4 -1 0 -1
0 1 0 32.5 61.5 2 -1 0 -1
0 1 0 32.6 62.0 4 -1 0 -1
0 1 0 32.6 62.0 4 -1 0 -1
0 1 0 32.6 62.0 4 -1 0 -1
0 1 0 32.6 62.0 4 -1 0 -1
0 1 0 32.6 62.0 4 -1 0 -1
0 1 0 32.6 62.0 4 -1 0 -1
0 1 0 32.7 62.0 4 -1 0 -1
0 1 0 32.7 62.0 4 -1 0 -1
0 1 0 32.7 62.0 4 -1 0 -1
0 1 0 32.7 62.0 4 -1 0 -1
0 1 0 32.7 62.0 4 -1 0 -1
0 1 0 32.7 62.0 4 -1 0 -1
0 1 0 32.8 62.0 4 -1 0 -1
0 1 0 32.8 62.0 1 -1 0 -1
0 1 0 32.8 62.0 1 -1 0 -1
0 1 0 32.8 62.0 1 -1 0 -1
0 1 0 32.8 62.0 1 -1 0 -1
0 1 0 32.8 62.0 2 -1 0 -1
0 1 0 32.8 62.0 1 -1 0 -1
0 1 0 32.8 62.0 4 -1 0 -1
0 1 0 32.9 62.0 4 -1 0 -1
0 1 0 32.9 62.0 4 -1 0 -1
0 1 0 32.8 62.0 4 -1 0 -1
0 1 0 32.9 62.0 4 -1 0 -1
0 1 0 32.9 62.0 4 -1 0 -1
0 1 0 32.9 61.5 4 -1 0 -1
0 1 0 32.8 62.0 4 -1 0 -1
0 1 0 33.0 61.5 4 -1 0 -1
0 1 0 32.9 62.0 4 -1 0 -1
0 1 0 32.9 62.0 4 -1 0 -1
0 1 0 32.9 62.0 4 -1 0 -1
0 1 0 32.9 62.0 4 -1 0 -1
0 1 0 32.9 62.0 4 -1 0 -1
0 1 0 33.0 62.0 4 -1 0 -1
0 1 0 33.0 62.0 4 -1 0 -1
0 1 0 33.0 62.0 4 -1 0 -1
0 1 0 32.9 62.0 4 -1 0 -1
0 1 0 33.0 62.0 4 -1 0 -1
0 1 0 32.9 62.0 4 -1 0 -1
0 1 0 33.0 62.0 4 -1 0 -1
0 1 0 32.9 62.0 4 -1 0 -1
0 1 0 33.0 62.0 4 -1 0 -1
0 1 0 33.1 62.0 4 -1 0 -1
0 1 0 33.0 62.0 4 -1 0 -1
0 1 0 33.0 62.0 4 -1 0 -1
0 1 0 33.0 62.0 4 -1 0 -1
0 1 0 33.0 62.0 4 -1 0 -1
0 1 0 33.1 62.0 4 -1 0 -1
0 1 0 33.1 62.0 4 -1 0 -1
0 1 0 33.1 62.0 4 -1 0 -1
0 1 0 33.1 62.0 4 -1 0 -1
0 1 0 33.1 62.0 4 -1 0 -1
0 1 0 33.1 62.0 4 -1 0 -1
0 1 0 33.1 62.0 4 -1 0 -1
0 1 0 33.1 62.0 4 -1 0 -1
0 1 0 33.1 62.0 4 -1 0 -1
0 1 0 33.1 62.0 4 -1 0 -1
0 1 0 33.1 62.5 4 -1 0 -1
0 1 0 33.2 62.0 4 -1 0 -1
0 1 0 33.2 62.0 4 -1 0 -1
0 1 0 33.1 62.0 4 -1 0 -1
0 1 0 33.2 62.0 4 -1 0 -1
0 1 0 33.2 62.0 4 -1 0 -1
0 1 0 33.2 62.0 4 -1 0 -1
0 1 0 33.2 62.0 4 -1 0 -1
0 1 0 33.2 62.0 4 -1 0 -1
0 1 0 33.2 62.0 4 -1 0 -1
0 1 0 33.3 61.5 4 -1 0 -1
0 1 0 33.2 61.5 4 -1 0 -1
0 1 0 33.2 61.5 4 -1 0 -1
0 1 0 33.2 61.5 4 -1 0 -1
0 1 0 33.2 61.5 4 -1 0 -1
0 1 0 33.2 61.5 4 -1 0 -1
0 1 0 33.2 61.5 4 -1 0 -1
0 1 0 33.3 61.5 4 -1 0 -1
0 1 0 33.2 61.5 4 -1 0 -1
0 1 0 33.3 61.5 4 -1 0 -1
0 1 0 33.3 61.5 4 -1 0 -1
0 1 0 33.2 61.5 4 -1 0 -1
0 1 0 33.2 61.5 4 -1 0 -1
0 1 0 33.3 61.5 4 -1 0 -1
0 1 0 33.3 61.5 4 -1 0 -1
0 1 0 33.2 61.5 4 -1 0 -1
0 1 0 33.2 61.0 4 -1 0 -1
0 1 0 33.3 61.0 4 -1 0 -1
0 1 0 33.3 61.0 4 -1 0 -1
0 1 0 33.3 61.0 4 -1 0 -1
0 1 0 33.3 61.0 4 -1 0 -1
0 1 0 33.3 61.0 4 -1 0 -1
0 1 0 33.3 61.0 4 -1 0 -1
0 1 0 33.3 61.0 4 -1 0 -1
0 1 0 33.3 61.0 4 -1 0 -1
0 1 0 33.3 61.0 4 -1 0 -1
0 1 0 33.3 61.0 4 -1 0 -1
0 1 0 33.3 61.0 4 -1 0 -1
0 1 0 33.3 61.0 4 -1 0 -1
0 1 0 33.3 61.0 4 -1 0 -1
0 1 0 33.3 61.0 6 -1 0 -1
0 1 0 33.4 61.0 6 -1 0 -1
0 1 0 33.3 61.0 6 -1 0 -1
0 1 0 33.4 61.0 4 -1 0 -1
0 1 0 33.4 61.0 4 -1 0 -1
0 1 0 33.4 61.0 4 -1 0 -1
0 1 0 33.4 61.0 4 -1 0 -1
0 1 0 33.4 61.0 4 -1 0 -1
0 1 0 33.4 61.0 4 -1 0 -1
0 1 0 33.4 61.0 4 -1 0 -1
0 1 0 33.4 61.0 4 -1 0 -1
0 1 0 33.4 61.0 4 -1 0 -1
0 1 0 33.4 61.0 4 -1 0 -1
0 1 0 33.4 61.0 4 -1 0 -1
0 1 0 33.4 61.0 4 -1 0 -1
0 1 0 33.4 61.0 6 -1 0 -1
0 1 0 33.4 61.0 2 -1 0 -1
0 1 0 33.4 61.0 2 -1 0 -1
0 1 0 33.4 61.0 2 -1 0 -1
0 1 0 33.4 61.0 2 -1 0 -1
0 1 0 33.4 61.0 2 -1 0 -1
0 1 0 33.4 61.0 6 -1 0 -1
0 1 0 33.4 60.5 2 -1 0 -1
0 1 0 33.5 61.0 2 -1 0 -1
0 1 0 33.4 60.5 2 -1 0 -1
0 1 0 33.4 61.0 2 -1 0 -1
0 1 0 33.4 61.0 2 -1 0 -1
0 1 0 33.4 60.5 2 -1 0 -1
0 1 0 33.5 60.5 2 -1 0 -1
0 1 0 33.4 60.5 2 -1 0 -1
0 1 0 33.5 61.0 2 -1 0 -1
0 1 0 33.4 60.5 2 -1 0 -1
0 1 0 33.4 60.5 2 -1 0 -1
0 1 0 33.5 60.5 2 -1 0 -1
0 1 0 33.4 60.5 2 -1 0 -1
0 1 0 33.5 60.5 2 -1 0 -1
0 1 0 33.5 60.5 2 -1 0 -1
0 1 0 33.5 60.5 2 -1 0 -1
0 1 0 33.5 60.5 2 -1 0 -1
0 1 0 33.5 60.5 2 -1 0 -1
0 1 0 33.5 60.5 2 -1 0 -1
0 1 0 33.5 60.5 2 -1 0 -1
0 1 0 33.6 60.5 2 -1 0 -1
0 1 0 33.5 60.5 2 -1 0 -1
0 1 0 33.5 60.5 2 -1 0 -1
0 1 0 33.6 60.5 2 -1 0 -1
0 1 0 33.5 60.5 2 -1 0 -1
0 1 0 33.6 60.5 2 -1 0 -1
0 1 0 33.5 60.5 2 -1 0 -1
0 1 0 33.6 60.5 2 -1 0 -1
0 1 0 33.6 60.5 2 -1 0 -1
0 1 0 33.6 60.5 4 -1 0 -1
0 1 0 33.6 60.5 4 -1 0 -1
0 1 0 33.6 60.5 4 -1 0 -1
0 1 0 33.6 60.5 4 -1 0 -1
0 1 0 33.6 60.5 4 -1 0 -1
0 1 0 33.6 60.5 4 -1 0 -1
0 1 0 33.6 60.5 4 -1 0 -1
0 1 0 33.7 60.5 2 -1 0 -1
0 1 0 33.6 60.5 2 -1 0 -1
0 1 0 33.7 60.5 4 -1 0 -1
0 1 0 33.6 60.5 4 -1 0 -1
0 1 0 33.7 60.5 4 -1 0 -1
0 1 0 33.7 60.5 4 -1 0 -1
0 1 0 33.7 60.5 2 -1 0 -1
0 1 0 33.7 60.5 2 -1 0 -1
0 1 0 33.7 60.5 2 -1 0 -1
0 1 0 33.8 60.5 2 -1 0 -1
0 1 0 33.7 60.5 2 -1 0 -1
0 1 0 33.7 60.5 2 -1 0 -1
0 1 0 33.7 60.5 4 -1 0 -1
0 1 0 33.7 60.5 4 -1 0 -1
0 1 0 33.7 60.5 2 -1 0 -1
0 1 0 33.8 60.5 4 -1 0 -1
0 1 0 33.8 60.5 4 -1 0 -1
0 1 0 33.8 60.5 4 -1 0 -1
0 1 0 33.7 60.5 4 -1 0 -1
0 1 0 33.7 60.5 4 -1 0 -1
0 1 0 33.8 60.5 4 -1 0 -1
0 1 0 33.8 60.5 4 -1 0 -1
0 1 0 33.8 60.5 4 -1 0 -1
0 1 0 33.8 60.5 4 -1 0 -1
0 1 0 33.8 60.5 4 -1 0 -1
0 1 0 33.8 60.5 4 -1 0 -1
0 1 0 33.9 60.5 4 -1 0 -1
0 1 0 33.9 60.5 2 -1 0 -1
0 1 0 33.9 60.5 2 -1 0 -1
0 1 0 33.9 60.5 2 -1 0 -1
0 1 0 33.9 60.5 2 -1 0 -1
0 1 0 33.8 60.5 2 -1 0 -1
0 1 0 33.9 60.5 2 -1 0 -1
0 1 0 33.9 60.5 2 -1 0 -1
0 1 0 33.9 60.5 2 -1 0 -1
0 1 0 33.9 60.5 2 -1 0 -1
0 1 0 33.9 60.5 2 -1 0 -1
0 1 0 33.9 60.5 2 -1 0 -1
0 1 0 33.9 60.5 2 -1 0 -1
0 1 0 33.9 60.5 2 -1 0 -1
0 1 0 33.9 60.5 1 -1 0 -1
0 1 0 33.9 60.5 4 -1 0 -1
0 1 0 34.0 60.5 4 -1 0 -1
0 1 0 33.9 60.5 2 -1 0 -1
0 1 0 34.0 60.5 2 -1 0 -1
0 1 0 33.9 60.5 2 -1 0 -1
0 1 0 34.0 60.5 0 -1 0 -1
0 1 0 34.0 60.5 0 -1 0 -1
0 1 0 34.0 60.5 0 -1 0 -1
0 1 0 33.9 60.0 0 -1 0 -1
0 1 0 34.0 60.5 0 -1 0 -1
0 1 0 34.0 60.5 0 -1 0 -1
0 1 0 34.0 60.0 0 -1 0 -1
0 1 0 34.0 60.5 0 -1 0 -1
0 1 0 34.0 60.0 0 -1 0 -1
0 1 0 34.0 60.0 0 -1 0 -1
0 1 0 34.0 60.0 0 -1 0 -1
0 1 0 34.0 60.0 0 -1 0 -1
0 1 0 34.0 60.0 0 -1 0 -1
0 1 0 34.0 60.0 0 -1 0 -1
0 1 0 34.0 60.0 0 -1 0 -1
0 1 0 34.1 60.0 0 -1 0 -1
0 1 0 34.1 60.0 0 -1 0 -1
0 1 0 34.1 60.0 0 -1 0 -1
0 1 0 34.1 60.0 0 -1 0 -1
0 1 0 34.1 60.0 0 -1 0 -1
0 1 0 34.0 60.0 0 -1 0 -1
0 1 0 34.0 60.0 0 -1 0 -1
0 1 0 34.1 60.0 0 -1 0 -1
0 1 0 34.0 60.0 0 -1 0 -1
0 1 0 34.1 60.0 0 -1 0 -1
0 1 0 34.1 60.0 0 -1 0 -1
0 1 0 34.1 60.0 0 -1 0 -1
0 1 0 34.1 60.0 0 -1 0 -1
0 1 0 34.0 60.0 0 -1 0 -1
0 1 0 34.0 60.0 0 -1 0 -1
0 1 0 34.1 60.0 0 -1 0 -1
0 1 0 34.1 60.0 0 -1 0 -1
0 1 0 34.1 60.0 0 -1 0 -1
0 1 0 34.1 60.0 0 -1 0 -1
0 1 0 34.0 60.0 0 -1 0 -1
0 1 0 34.0 60.0 0 -1 0 -1
0 1 0 34.0 60.0 0 -1 0 -1
0 1 0 34.0 60.0 0 -1 0 -1
0 1 0 34.0 60.0 0 -1 0 -1
0 1 0 34.0 60.0 0 -1 0 -1
0 1 0 34.1 60.0 0 -1 0 -1
0 1 0 34.0 60.0 0 -1 0 -1
0 1 0 34.0 60.0 0 -1 0 -1
0 1 0 34.0 60.0 0 -1 0 -1
0 1 0 34.0 60.0 0 -1 0 -1
0 1 0 34.1 60.0 0 -1 0 -1
0 1 0 34.0 60.0 0 -1 0 -1
0 1 0 34.1 60.0 0 -1 0 -1
0 1 0 34.0 60.0 0 -1 0 -1
0 1 0 34.0 60.0 0 -1 0 -1
0 1 0 34.1 60.5 0 -1 0 -1
0 1 0 34.1 60.0 0 -1 0 -1
0 1 0 34.1 60.0 0 -1 0 -1
0 1 0 34.1 60.5 0 -1 0 -1
0 1 0 34.0 60.0 0 -1 0 -1
0 1 0 34.0 60.5 0 -1 0 -1
0 1 0 34.0 60.0 0 -1 0 -1
0 1 0 34.0 60.0 0 -1 0 -1
0 1 0 34.0 60.5 0 -1 0 -1
0 1 0 34.1 60.0 0 -1 0 -1
0 1 0 34.0 60.0 0 -1 0 -1
0 1 0 34.0 60.5 0 -1 0 -1
0 1 0 34.0 60.5 0 -1 0 -1
0 1 0 34.1 60.5 0 -1 0 -1
0 1 0 34.0 60.5 0 -1 0 -1
0 1 0 34.0 60.5 0 -1 0 -1
0 1 0 34.1 60.5 0 -1 0 -1
0 1 0 34.0 60.5 0 -1 0 -1
0 1 0 34.0 60.5 0 -1 0 -1
0 1 0 34.0 60.5 0 -1 0 -1
0 1 0 34.0 60.5 0 -1 0 -1
0 1 0 34.0 60.5 0 -1 0 -1
0 1 0 34.0 60.0 0 -1 0 -1
0 1 0 34.0 60.5 0 -1 0 -1
0 1 0 34.1 60.5 0 -1 0 -1
0 1 0 34.1 60.5 0 -1 0 -1
0 1 0 34.0 60.5 0 -1 0 -1
0 1 0 34.0 60.5 0 -1 0 -1
0 1 0 34.0 60.5 0 -1 0 -1
0 1 0 33.9 60.5 0 -1 0 -1
0 1 0 34.0 60.5 0 -1 0 -1
0 1 0 34.0 60.5 0 -1 0 -1
0 1 0 34.0 60.5 0 -1 0 -1
0 1 0 34.0 60.5 2 -1 0 -1
0 1 0 34.0 60.5 3 -1 0 -1
0 1 0 34.0 60.5 2 -1 0 -1
0 1 0 34.0 60.5 0 -1 0 -1
0 1 0 34.0 60.5 0 -1 0 -1
0 1 0 34.0 60.5 0 -1 0 -1
0 1 0 34.0 60.5 0 -1 0 -1
0 1 0 34.0 60.5 0 -1 0 -1
0 1 0 34.1 60.5 0 -1 0 -1
0 1 0 34.0 60.5 0 -1 0 -1
0 1 0 34.0 60.5 0 -1 0 -1
0 1 0 34.0 60.5 0 -1 0 -1
0 1 0 34.0 60.5 0 -1 0 -1
0 1 0 34.0 60.5 0 -1 0 -1
0 1 0 34.0 60.5 0 -1 0 -1
0 1 0 34.1 60.5 0 -1 0 -1
0 1 0 34.0 60.5 0 -1 0 -1
0 1 0 34.0 60.5 0 -1 0 -1
0 1 0 34.0 60.5 0 -1 0 -1
0 1 0 34.0 60.5 0 -1 0 -1
0 1 0 34.0 60.5 0 -1 0 -1
0 1 0 34.0 60.5 0 -1 0 -1
0 1 0 34.0 60.5 0 -1 0 -1
0 1 0 34.0 60.5 0 -1 0 -1
0 1 0 34.0 60.5 0 -1 0 -1
0 1 0 34.0 60.5 0 -1 0 -1
0 1 0 34.0 60.5 0 -1 0 -1
0 1 0 34.0 60.5 1 -1 0 -1
0 1 0 34.0 60.5 1 -1 0 -1
0 1 0 34.0 60.5 1 -1 0 -1
0 1 0 34.0 60.5 1 -1 0 -1
0 1 0 34.0 60.5 1 -1 0 -1
0 1 0 34.0 60.5 1 -1 0 -1
0 1 0 34.0 60.5 1 -1 0 -1
0 1 0 34.0 60.5 1 -1 0 -1
0 1 0 34.0 60.5 1 -1 0 -1
0 1 0 34.0 60.5 1 -1 0 -1
0 1 0 33.9 60.5 1 -1 0 -1
0 1 0 34.0 60.5 1 -1 0 -1
0 1 0 33.9 60.5 1 -1 0 -1
0 1 0 33.9 60.5 1 -1 0 -1
0 1 0 33.9 60.5 1 -1 0 -1
0 1 0 33.9 60.5 1 -1 0 -1
0 1 0 33.9 60.5 1 -1 0 -1
0 1 0 34.0 60.5 1 -1 0 -1
0 1 0 34.0 60.5 1 -1 0 -1
0 1 0 34.0 60.5 1 -1 0 -1
0 1 0 33.9 60.5 1 -1 0 -1
0 1 0 34.0 60.5 1 -1 0 -1
0 1 0 34.0 60.5 1 -1 0 -1
0 1 0 33.9 60.5 1 -1 0 -1
0 1 0 34.0 60.5 1 -1 0 -1
0 1 0 34.0 60.5 1 -1 0 -1
0 1 0 34.0 60.5 1 -1 0 -1
0 1 0 33.9 60.5 1 -1 0 -1
0 1 0 34.0 60.5 1 -1 0 -1
0 1 0 33.9 60.5 1 -1 0 -1
0 1 0 33.9 60.5 1 -1 0 -1
0 1 0 33.9 60.5 2 -1 0 -1
0 1 0 33.9 60.5 2 -1 0 -1
0 1 0 34.0 60.5 2 -1 0 -1
0 1 0 34.0 60.5 2 -1 0 -1
0 1 0 33.9 60.5 2 -1 0 -1
0 1 0 34.0 60.5 2 -1 0 -1
0 1 0 33.9 60.5 2 -1 0 -1
0 1 0 34.0 60.5 2 -1 0 -1
0 1 0 33.9 60.5 2 -1 0 -1
0 1 0 33.9 60.5 2 -1 0 -1
0 1 0 34.0 60.5 2 -1 0 -1
0 1 0 34.0 60.5 2 -1 0 -1
0 1 0 34.0 60.5 2 -1 0 -1
0 1 0 34.0 60.5 2 -1 0 -1
0 1 0 34.0 60.5 2 -1 0 -1
0 1 0 33.9 60.5 2 -1 0 -1
0 1 0 33.9 60.5 2 -1 0 -1
0 1 0 34.0 60.5 2 -1 0 -1
0 1 0 34.0 60.5 2 -1 0 -1
0 1 0 33.9 60.5 2 -1 0 -1
0 1 0 33.9 60.5 2 -1 0 -1
0 1 0 33.9 60.5 2 -1 0 -1
0 1 0 33.9 60.5 2 -1 0 -1
0 1 0 33.9 60.5 2 -1 0 -1
0 1 0 33.9 60.5 2 -1 0 -1
0 1 0 33.9 60.5 2 -1 0 -1
0 1 0 33.9 60.5 2 -1 0 -1
0 1 0 33.9 60.5 2 -1 0 -1
0 1 0 33.9 60.5 2 -1 0 -1
0 1 0 33.9 60.5 2 -1 0 -1
0 1 0 33.9 60.5 2 -1 0 -1
0 1 0 33.9 60.0 2 -1 0 -1
0 1 0 33.9 60.5 2 -1 0 -1
0 1 0 33.9 60.0 2 -1 0 -1
0 1 0 33.9 60.5 2 -1 0 -1
0 1 0 34.0 60.5 2 -1 0 -1
0 1 0 33.9 60.5 2 -1 0 -1
0 1 0 33.9 60.5 2 -1 0 -1
0 1 0 33.9 60.5 2 -1 0 -1
0 1 0 34.0 60.5 2 -1 0 -1
0 1 0 33.9 60.5 2 -1 0 -1
0 1 0 33.9 60.0 2 -1 0 -1
0 1 0 33.9 60.5 2 -1 0 -1
0 1 0 33.9 60.0 2 -1 0 -1
0 1 0 33.9 60.0 2 -1 0 -1
0 1 0 33.9 60.0 2 -1 0 -1
0 1 0 33.9 60.5 2 -1 0 -1
0 1 0 33.9 60.0 2 -1 0 -1
0 1 0 33.9 60.0 2 -1 0 -1
0 1 0 33.9 60.0 2 -1 0 -1
0 1 0 33.9 60.0 2 -1 0 -1
0 1 0 34.0 60.0 2 -1 0 -1
0 1 0 33.9 60.0 2 -1 0 -1
0 1 0 33.9 60.5 2 -1 0 -1
0 1 0 33.8 60.0 2 -1 0 -1
0 1 0 33.9 60.0 2 -1 0 -1
0 1 0 33.9 60.0 2 -1 0 -1
0 1 0 33.9 60.0 2 -1 0 -1
0 1 0 33.9 60.0 2 -1 0 -1
0 1 0 33.9 60.0 2 -1 0 -1
0 1 0 33.9 60.0 2 -1 0 -1
0 1 0 33.9 60.0 2 -1 0 -1
0 1 0 33.9 60.0 2 -1 0 -1
0 1 0 33.9 60.0 2 -1 0 -1
0 1 0 33.9 60.0 2 -1 0 -1
0 1 0 33.9 60.0 2 -1 0 -1
0 1 0 33.9 60.0 2 -1 0 -1
0 1 0 33.9 60.0 2 -1 0 -1
0 1 0 33.9 60.0 2 -1 0 -1
0 1 0 33.9 60.0 2 -1 0 -1
0 1 0 33.9 60.0 2 -1 0 -1
0 1 0 33.9 60.0 2 -1 0 -1
0 1 0 33.9 60.0 2 -1 0 -1
0 1 0 33.9 60.0 2 -1 0 -1
0 1 0 33.9 60.0 2 -1 0 -1
0 1 0 33.9 60.0 2 -1 0 -1
0 1 0 33.9 60.0 2 -1 0 -1
0 1 0 34.0 60.0 2 -1 0 -1
0 1 0 33.9 60.0 2 -1 0 -1
0 1 0 33.9 60.0 2 -1 0 -1
0 1 0 34.0 60.0 2 -1 0 -1
0 1 0 33.9 60.0 2 -1 0 -1
0 1 0 33.9 60.0 2 -1 0 -1
0 1 0 33.9 60.0 2 -1 0 -1
0 1 0 33.9 60.0 2 -1 0 -1
0 1 0 33.9 60.0 2 -1 0 -1
0 1 0 33.9 60.0 2 -1 0 -1
0 1 0 33.9 60.0 2 -1 0 -1
0 1 0 33.9 60.0 2 -1 0 -1
0 1 0 33.9 60.0 2 -1 0 -1
0 1 0 33.9 60.0 2 -1 0 -1
0 1 0 33.9 60.0 2 -1 0 -1
0 1 0 34.0 60.0 2 -1 0 -1
0 1 0 33.9 60.0 2 -1 0 -1
0 1 0 33.9 60.0 2 -1 0 -1
0 1 0 33.9 60.0 2 -1 0 -1
0 1 0 33.8 60.0 2 -1 0 -1
0 1 0 33.9 60.0 2 -1 0 -1
0 1 0 33.9 60.0 2 -1 0 -1
0 1 0 33.9 60.0 2 -1 0 -1
0 1 0 33.9 60.0 2 -1 0 -1
0 1 0 33.9 60.0 2 -1 0 -1
0 1 0 33.9 60.0 2 -1 0 -1
0 1 0 33.9 60.0 2 -1 0 -1
0 1 0 33.9 60.0 2 -1 0 -1
0 1 0 33.9 60.0 2 -1 0 -1
0 1 0 33.9 60.0 2 -1 0 -1
0 1 0 33.9 60.0 2 -1 0 -1
0 1 0 33.8 60.0 2 -1 0 -1
0 1 0 33.9 60.0 2 -1 0 -1
0 1 0 33.9 60.0 2 -1 0 -1
0 1 0 33.9 60.0 2 -1 0 -1
0 1 0 33.9 60.0 2 -1 0 -1
0 1 0 33.9 60.0 2 -1 0 -1
0 1 0 33.9 60.0 2 -1 0 -1
0 1 0 33.9 60.0 2 -1 0 -1
0 1 0 34.0 60.0 2 -1 0 -1
0 1 0 33.9 60.0 2 -1 0 -1
0 1 0 33.9 60.0 2 -1 0 -1
0 1 0 34.0 60.0 2 -1 0 -1
0 1 0 33.9 60.0 2 -1 0 -1
0 1 0 33.9 60.0 2 -1 0 -1
0 1 0 33.9 60.0 2 -1 0 -1
0 1 0 33.9 60.0 2 -1 0 -1
0 1 0 33.9 60.0 2 -1 0 -1
0 1 0 33.9 60.0 2 -1 0 -1
0 1 0 33.9 60.0 2 -1 0 -1
0 1 0 33.9 60.0 2 -1 0 -1
0 1 0 34.0 60.0 2 -1 0 -1
0 1 0 34.0 60.0 2 -1 0 -1
0 1 0 33.9 60.0 2 -1 0 -1
0 1 0 33.9 60.0 2 -1 0 -1
0 1 0 33.9 60.0 2 -1 0 -1
0 1 0 33.9 60.0 2 -1 0 -1
0 1 0 33.9 60.0 2 -1 0 -1
0 1 0 33.9 60.0 2 -1 0 -1
0 1 0 33.9 60.0 2 -1 0 -1
0 1 0 33.9 60.0 2 -1 0 -1
0 1 0 34.0 60.0 2 -1 0 -1
0 1 0 33.9 60.0 2 -1 0 -1
0 1 0 33.9 60.0 2 -1 0 -1
0 1 0 33.9 60.0 2 -1 0 -1
0 1 0 33.9 60.0 2 -1 0 -1
0 1 0 33.9 60.0 2 -1 0 -1
0 1 0 33.9 60.0 2 -1 0 -1
0 1 0 33.9 60.0 2 -1 0 -1
0 1 0 33.9 60.0 2 -1 0 -1
0 1 0 33.9 60.0 2 -1 0 -1
0 1 0 33.9 60.0 2 -1 0 -1
0 1 0 33.9 60.0 2 -1 0 -1
0 1 0 34.0 60.0 2 -1 0 -1
0 1 0 33.8 60.0 2 -1 0 -1
0 1 0 33.9 60.0 2 -1 0 -1
0 1 0 33.8 60.0 2 -1 0 -1
0 1 0 33.9 60.0 2 -1 0 -1
0 1 0 33.9 60.0 2 -1 0 -1
0 1 0 33.8 60.0 2 -1 0 -1
0 1 0 33.9 59.5 2 -1 0 -1
0 1 0 33.9 60.0 2 -1 0 -1
0 1 0 33.9 60.0 2 -1 0 -1
0 1 0 33.9 60.0 2 -1 0 -1
0 1 0 33.8 60.0 2 -1 0 -1
0 1 0 34.0 59.5 2 -1 0 -1
0 1 0 33.9 60.0 2 -1 0 -1
0 1 0 33.9 60.0 2 -1 0 -1
0 1 0 33.8 59.5 2 -1 0 -1
0 1 0 34.0 60.0 2 -1 0 -1
0 1 0 33.9 59.5 2 -1 0 -1
0 1 0 33.9 59.5 2 -1 0 -1
0 1 0 33.9 59.5 2 -1 0 -1
0 1 0 33.9 59.5 2 -1 0 -1
0 1 0 33.9 59.5 2 -1 0 -1
0 1 0 33.9 59.5 2 -1 0 -1
0 1 0 33.9 59.5 2 -1 0 -1
0 1 0 33.9 59.5 2 -1 0 -1
0 1 0 33.9 59.5 2 -1 0 -1
0 1 0 33.9 59.5 2 -1 0 -1
0 1 0 33.9 59.5 2 -1 0 -1
0 1 0 33.9 59.5 2 -1 0 -1
0 1 0 33.9 59.5 2 -1 0 -1
0 1 0 33.9 59.5 2 -1 0 -1
0 1 0 33.9 59.5 2 -1 0 -1
0 1 0 33.8 59.5 2 -1 0 -1
0 1 0 33.9 59.5 2 -1 0 -1
0 1 0 33.8 59.5 2 -1 0 -1
0 1 0 33.9 59.5 2 -1 0 -1
0 1 0 33.8 59.5 2 -1 0 -1
0 1 0 33.9 59.5 2 -1 0 -1
0 1 0 33.8 59.5 2 -1 0 -1
0 1 0 33.9 59.5 2 -1 0 -1
0 1 0 33.9 59.5 2 -1 0 -1
0 1 0 33.9 59.5 2 -1 0 -1
0 1 0 33.9 59.5 2 -1 0 -1
0 1 0 33.8 59.5 2 -1 0 -1
0 1 0 33.9 59.5 2 -1 0 -1
0 1 0 33.9 59.5 2 -1 0 -1
0 1 0 34.0 59.5 2 -1 0 -1
0 1 0 33.9 59.5 2 -1 0 -1
0 1 0 33.9 59.5 2 -1 0 -1
0 1 0 33.9 59.5 2 -1 0 -1
0 1 0 33.9 59.5 2 -1 0 -1
0 1 0 33.9 59.5 2 -1 0 -1
0 1 0 33.9 59.5 2 -1 0 -1
0 1 0 33.9 59.0 2 -1 0 -1
0 1 0 33.9 59.0 2 -1 0 -1
0 1 0 33.9 59.0 2 -1 0 -1
0 1 0 33.9 59.5 2 -1 0 -1
0 1 0 33.9 59.0 2 -1 0 -1
0 1 0 33.9 59.5 2 -1 0 -1
0 1 0 33.9 59.5 2 -1 0 -1
0 1 0 33.9 59.0 2 -1 0 -1
0 1 0 33.9 59.5 2 -1 0 -1
0 1 0 33.8 59.5 2 -1 0 -1
0 1 0 33.9 59.5 2 -1 0 -1
0 1 0 33.9 59.0 2 -1 0 -1
0 1 0 33.8 59.0 2 -1 0 -1
0 1 0 33.9 59.5 2 -1 0 -1
0 1 0 33.9 59.0 2 -1 0 -1
0 1 0 33.8 59.0 2 -1 0 -1
0 1 0 33.9 59.0 2 -1 0 -1
0 1 0 33.8 59.0 2 -1 0 -1
0 1 0 33.9 59.0 2 -1 0 -1
0 1 0 33.8 59.0 2 -1 0 -1
0 1 0 33.9 59.0 2 -1 0 -1
0 1 0 33.8 59.0 2 -1 0 -1
0 1 0 33.9 59.0 2 -1 0 -1
0 1 0 33.9 59.0 2 -1 0 -1
0 1 0 33.9 59.0 2 -1 0 -1
0 1 0 33.9 59.0 2 -1 0 -1
0 1 0 33.9 59.0 2 -1 0 -1
0 1 0 33.9 59.0 2 -1 0 -1
0 1 0 33.8 59.0 2 -1 0 -1
0 1 0 34.0 59.0 2 -1 0 -1
0 1 0 33.9 59.0 2 -1 0 -1
0 1 0 33.9 59.0 2 -1 0 -1
0 1 0 33.9 59.0 2 -1 0 -1
0 1 0 33.9 59.0 2 -1 0 -1
0 1 0 33.8 59.0 2 -1 0 -1
0 1 0 33.9 59.0 2 -1 0 -1
0 1 0 33.9 59.0 2 -1 0 -1
0 1 0 33.9 59.0 2 -1 0 -1
0 1 0 33.9 59.0 2 -1 0 -1
0 1 0 33.9 59.0 2 -1 0 -1
0 1 0 33.9 59.0 2 -1 0 -1
0 1 0 33.9 59.0 2 -1 0 -1
0 1 0 33.9 59.0 2 -1 0 -1
0 1 0 33.9 59.0 2 -1 0 -1
0 1 0 33.9 59.0 2 -1 0 -1
0 1 0 33.9 59.0 2 -1 0 -1
0 1 0 33.8 59.0 2 -1 0 -1
0 1 0 33.9 59.0 2 -1 0 -1
0 1 0 33.8 59.0 2 -1 0 -1
0 1 0 33.9 59.0 2 -1 0 -1
0 1 0 33.9 59.0 2 -1 0 -1
0 1 0 33.9 58.5 2 -1 0 -1
0 1 0 33.8 59.0 2 -1 0 -1
0 1 0 33.8 58.5 2 -1 0 -1
0 1 0 33.8 58.5 2 -1 0 -1
0 1 0 33.8 58.5 2 -1 0 -1
0 1 0 33.9 58.5 2 -1 0 -1
0 1 0 33.8 58.5 2 -1 0 -1
0 1 0 33.8 58.5 2 -1 0 -1
0 1 0 33.8 58.5 2 -1 0 -1
0 1 0 33.8 58.5 2 -1 0 -1
0 1 0 33.8 58.5 2 -1 0 -1
0 1 0 33.8 58.5 2 -1 0 -1
0 1 0 33.8 58.5 2 -1 0 -1
0 1 0 33.9 58.5 2 -1 0 -1
0 1 0 33.9 58.0 2 -1 0 -1
0 1 0 33.8 58.0 2 -1 0 -1
0 1 0 33.8 58.0 2 -1 0 -1
0 1 0 33.9 58.0 2 -1 0 -1
0 1 0 33.9 58.0 2 -1 0 -1
0 1 0 33.8 58.0 2 -1 0 -1
0 1 0 33.9 58.0 2 -1 0 -1
0 1 0 33.9 58.0 2 -1 0 -1
0 1 0 33.8 58.0 2 -1 0 -1
0 1 0 33.9 58.0 2 -1 0 -1
0 1 0 33.8 58.0 2 -1 0 -1
0 1 0 33.9 58.0 2 -1 0 -1
0 1 0 33.9 58.0 2 -1 0 -1
0 1 0 33.9 58.0 2 -1 0 -1
0 1 0 33.9 58.0 2 -1 0 -1
0 1 0 33.8 58.0 2 -1 0 -1
0 1 0 34.0 58.0 2 -1 0 -1
0 1 0 33.9 58.0 2 -1 0 -1
0 1 0 33.9 58.0 2 -1 0 -1
0 1 0 33.9 58.0 2 -1 0 -1
