0 1 0 24.9 80.5 2 -1 0 -1
0 1 0 24.9 80.5 2 -1 0 -1
0 1 0 24.8 80.5 2 -1 0 -1
0 1 0 24.9 80.5 2 -1 0 -1
0 1 0 24.9 80.5 2 -1 0 -1
0 1 0 24.8 80.5 2 -1 0 -1
0 1 0 24.8 80.5 2 -1 0 -1
0 1 0 24.8 80.5 2 -1 0 -1
0 1 0 24.9 80.5 2 -1 0 -1
0 1 0 24.9 80.5 2 -1 0 -1
0 1 0 24.9 80.5 2 -1 0 -1
0 1 0 24.9 80.5 2 -1 0 -1
0 1 0 24.9 80.5 2 -1 0 -1
0 1 0 24.8 80.5 2 -1 0 -1
0 1 0 24.9 80.5 2 -1 0 -1
0 1 0 24.9 80.5 2 -1 0 -1
0 1 0 24.8 80.5 2 -1 0 -1
0 1 0 24.9 80.5 2 -1 0 -1
0 1 0 24.9 80.5 2 -1 0 -1
0 1 0 24.9 80.5 2 -1 0 -1
0 1 0 24.9 80.5 2 -1 0 -1
0 1 0 24.9 80.5 2 -1 0 -1
0 1 0 24.9 80.5 2 -1 0 -1
0 1 0 24.9 80.5 2 -1 0 -1
0 1 0 24.9 80.5 2 -1 0 -1
0 1 0 24.9 80.5 2 -1 0 -1
0 1 0 24.9 80.5 2 -1 0 -1
0 1 0 24.9 80.5 2 -1 0 -1
0 1 0 24.9 81.0 2 -1 0 -1
0 1 0 24.9 81.0 2 -1 0 -1
0 1 0 24.8 81.0 2 -1 0 -1
0 1 0 24.9 81.0 2 -1 0 -1
0 1 0 24.8 81.0 2 -1 0 -1
0 1 0 24.9 81.0 2 -1 0 -1
0 1 0 24.8 81.0 2 -1 0 -1
0 1 0 24.9 81.0 2 -1 0 -1
0 1 0 24.9 81.0 2 -1 0 -1
0 1 0 24.9 81.0 2 -1 0 -1
0 1 0 24.9 81.0 2 -1 0 -1
0 1 0 24.8 81.0 2 -1 0 -1
0 1 0 24.8 81.0 2 -1 0 -1
0 1 0 24.9 81.0 2 -1 0 -1
0 1 0 24.8 81.0 2 -1 0 -1
0 1 0 24.8 81.0 2 -1 0 -1
0 1 0 24.9 81.0 2 -1 0 -1
0 1 0 24.9 81.0 2 -1 0 -1
0 1 0 24.9 81.0 2 -1 0 -1
0 1 0 24.9 81.0 2 -1 0 -1
0 1 0 24.9 81.0 2 -1 0 -1
0 1 0 24.9 81.0 2 -1 0 -1
0 1 0 24.9 81.0 2 -1 0 -1
0 1 0 24.9 81.0 2 -1 0 -1
0 1 0 24.9 81.0 2 -1 0 -1
0 1 0 24.8 81.0 2 -1 0 -1
0 1 0 24.8 81.0 2 -1 0 -1
0 1 0 24.8 81.0 2 -1 0 -1
0 1 0 24.9 81.0 2 -1 0 -1
0 1 0 24.9 81.0 2 -1 0 -1
0 1 0 24.9 81.0 2 -1 0 -1
0 1 0 24.9 81.0 2 -1 0 -1
0 1 0 24.9 81.0 2 -1 0 -1
0 1 0 24.9 81.0 2 -1 0 -1
0 1 0 24.8 81.0 2 -1 0 -1
0 1 0 24.8 81.0 2 -1 0 -1
0 1 0 24.9 81.0 2 -1 0 -1
0 1 0 25.0 81.0 2 -1 0 -1
0 1 0 24.9 81.0 2 -1 0 -1
0 1 0 24.9 81.0 2 -1 0 -1
0 1 0 24.9 81.0 2 -1 0 -1
0 1 0 24.9 81.0 2 -1 0 -1
0 1 0 24.9 81.0 2 -1 0 -1
0 1 0 24.9 81.0 2 -1 0 -1
0 1 0 24.9 81.0 2 -1 0 -1
0 1 0 24.9 81.0 2 -1 0 -1
0 1 0 24.8 81.0 2 -1 0 -1
0 1 0 24.9 81.0 2 -1 0 -1
0 1 0 24.9 81.0 2 -1 0 -1
0 1 0 24.9 81.5 2 -1 0 -1
0 1 0 24.8 81.0 2 -1 0 -1
0 1 0 24.8 81.0 2 -1 0 -1
0 1 0 24.9 81.0 2 -1 0 -1
0 1 0 24.9 81.0 2 -1 0 -1
0 1 0 24.9 81.0 2 -1 0 -1
0 1 0 24.9 81.0 2 -1 0 -1
0 1 0 24.9 81.5 2 -1 0 -1
0 1 0 24.9 81.5 2 -1 0 -1
0 1 0 24.9 81.5 2 -1 0 -1
0 1 0 24.9 81.5 2 -1 0 -1
0 1 0 24.9 81.5 2 -1 0 -1
0 1 0 24.9 81.5 2 -1 0 -1
0 1 0 24.9 81.5 2 -1 0 -1
0 1 0 24.9 81.5 2 -1 0 -1
0 1 0 24.9 81.5 2 -1 0 -1
0 1 0 24.9 81.5 2 -1 0 -1
0 1 0 24.8 81.5 2 -1 0 -1
0 1 0 24.9 81.5 2 -1 0 -1
0 1 0 24.9 81.5 2 -1 0 -1
0 1 0 24.8 81.5 2 -1 0 -1
0 1 0 24.9 81.5 2 -1 0 -1
0 1 0 24.9 81.5 2 -1 0 -1
0 1 0 24.9 81.5 2 -1 0 -1
0 1 0 24.9 81.5 2 -1 0 -1
0 1 0 24.9 81.0 2 -1 0 -1
0 1 0 24.9 81.5 2 -1 0 -1
0 1 0 24.9 81.5 2 -1 0 -1
0 1 0 24.9 81.5 2 -1 0 -1
0 1 0 24.9 81.5 2 -1 0 -1
0 1 0 24.9 81.0 2 -1 0 -1
0 1 0 24.9 81.0 2 -1 0 -1
0 1 0 24.9 81.0 2 -1 0 -1
0 1 0 24.9 81.0 2 -1 0 -1
0 1 0 24.9 81.0 2 -1 0 -1
0 1 0 24.9 81.0 2 -1 0 -1
0 1 0 24.9 81.0 2 -1 0 -1
0 1 0 24.9 81.0 2 -1 0 -1
0 1 0 24.9 81.0 2 -1 0 -1
0 1 0 24.9 81.0 2 -1 0 -1
0 1 0 24.9 81.0 2 -1 0 -1
0 1 0 24.8 81.0 2 -1 0 -1
0 1 0 24.8 81.0 2 -1 0 -1
0 1 0 24.9 81.0 2 -1 0 -1
0 1 0 24.9 81.0 2 -1 0 -1
0 1 0 24.9 81.5 2 -1 0 -1
0 1 0 24.9 81.5 2 -1 0 -1
0 1 0 24.9 81.5 2 -1 0 -1
0 1 0 24.9 81.5 2 -1 0 -1
0 1 0 24.9 81.5 2 -1 0 -1
0 1 0 24.9 81.5 2 -1 0 -1
0 1 0 24.8 81.5 2 -1 0 -1
0 1 0 24.9 81.5 2 -1 0 -1
0 1 0 24.9 81.5 2 -1 0 -1
0 1 0 24.8 81.5 2 -1 0 -1
0 1 0 24.9 82.0 2 -1 0 -1
0 1 0 24.9 81.5 2 -1 0 -1
0 1 0 24.8 81.5 2 -1 0 -1
0 1 0 24.9 81.5 2 -1 0 -1
0 1 0 24.9 81.5 2 -1 0 -1
0 1 0 24.9 81.5 2 -1 0 -1
0 1 0 24.9 81.5 2 -1 0 -1
0 1 0 24.9 81.5 2 -1 0 -1
0 1 0 24.9 81.5 2 -1 0 -1
0 1 0 24.9 82.0 2 -1 0 -1
0 1 0 24.9 82.0 2 -1 0 -1
0 1 0 24.8 82.0 2 -1 0 -1
0 1 0 24.9 82.0 2 -1 0 -1
0 1 0 24.9 82.0 2 -1 0 -1
0 1 0 24.9 82.0 2 -1 0 -1
0 1 0 24.9 82.0 2 -1 0 -1
0 1 0 24.9 82.0 2 -1 0 -1
0 1 0 24.9 82.0 2 -1 0 -1
0 1 0 24.9 82.0 2 -1 0 -1
0 1 0 24.9 82.0 2 -1 0 -1
0 1 0 24.9 82.0 2 -1 0 -1
0 1 0 24.9 82.0 2 -1 0 -1
0 1 0 24.9 82.0 2 -1 0 -1
0 1 0 24.8 82.0 2 -1 0 -1
0 1 0 24.9 82.0 2 -1 0 -1
0 1 0 24.9 82.0 2 -1 0 -1
0 1 0 24.9 82.0 2 -1 0 -1
0 1 0 24.9 82.0 2 -1 0 -1
0 1 0 24.9 82.0 2 -1 0 -1
0 1 0 24.9 82.0 2 -1 0 -1
0 1 0 24.9 82.0 2 -1 0 -1
0 1 0 24.9 82.0 2 -1 0 -1
0 1 0 24.9 82.0 2 -1 0 -1
0 1 0 25.0 82.0 2 -1 0 -1
0 1 0 24.9 82.0 2 -1 0 -1
0 1 0 24.9 82.0 2 -1 0 -1
0 1 0 24.9 82.0 2 -1 0 -1
0 1 0 24.9 82.0 2 -1 0 -1
0 1 0 25.0 82.0 2 -1 0 -1
0 1 0 24.9 82.0 2 -1 0 -1
0 1 0 24.9 82.0 2 -1 0 -1
0 1 0 24.9 82.0 2 -1 0 -1
0 1 0 24.9 82.0 2 -1 0 -1
0 1 0 24.9 82.0 2 -1 0 -1
0 1 0 24.9 82.0 2 -1 0 -1
0 1 0 24.9 82.0 2 -1 0 -1
0 1 0 24.9 82.0 2 -1 0 -1
0 1 0 24.9 82.0 2 -1 0 -1
0 1 0 24.9 82.0 2 -1 0 -1
0 1 0 24.9 82.0 2 -1 0 -1
0 1 0 25.0 82.0 2 -1 0 -1
0 1 0 25.0 82.0 2 -1 0 -1
0 1 0 24.9 82.0 2 -1 0 -1
0 1 0 24.9 82.0 2 -1 0 -1
0 1 0 24.9 82.0 2 -1 0 -1
0 1 0 24.9 82.0 2 -1 0 -1
0 1 0 24.9 82.0 2 -1 0 -1
0 1 0 24.9 82.0 2 -1 0 -1
0 1 0 24.9 82.0 2 -1 0 -1
0 1 0 24.9 82.0 2 -1 0 -1
0 1 0 25.0 82.0 2 -1 0 -1
0 1 0 24.9 82.0 2 -1 0 -1
0 1 0 24.9 82.0 2 -1 0 -1
0 1 0 25.0 82.0 2 -1 0 -1
0 1 0 24.9 82.0 2 -1 0 -1
0 1 0 24.9 82.0 2 -1 0 -1
0 1 0 24.9 82.0 2 -1 0 -1
0 1 0 24.9 82.0 2 -1 0 -1
0 1 0 24.9 82.0 2 -1 0 -1
0 1 0 24.9 82.0 2 -1 0 -1
0 1 0 24.9 82.0 2 -1 0 -1
0 1 0 24.9 82.0 2 -1 0 -1
0 1 0 24.9 82.0 2 -1 0 -1
0 1 0 25.0 82.0 2 -1 0 -1
0 1 0 25.0 82.0 2 -1 0 -1
0 1 0 24.9 82.0 2 -1 0 -1
0 1 0 24.9 82.0 2 -1 0 -1
0 1 0 24.9 82.0 2 -1 0 -1
0 1 0 24.9 82.0 2 -1 0 -1
0 1 0 24.9 82.0 2 -1 0 -1
0 1 0 24.9 82.0 2 -1 0 -1
0 1 0 24.9 82.0 2 -1 0 -1
0 1 0 24.9 82.0 2 -1 0 -1
0 1 0 24.9 82.0 2 -1 0 -1
0 1 0 24.9 82.0 2 -1 0 -1
0 1 0 25.0 82.0 2 -1 0 -1
0 1 0 24.9 82.0 2 -1 0 -1
0 1 0 25.0 82.0 2 -1 0 -1
0 1 0 24.9 82.0 2 -1 0 -1
0 1 0 24.9 82.5 2 -1 0 -1
0 1 0 24.9 82.5 2 -1 0 -1
0 1 0 24.9 82.5 2 -1 0 -1
0 1 0 24.9 82.5 2 -1 0 -1
0 1 0 24.9 82.5 2 -1 0 -1
0 1 0 24.9 82.5 2 -1 0 -1
0 1 0 24.9 82.5 2 -1 0 -1
0 1 0 24.9 82.5 2 -1 0 -1
0 1 0 24.9 82.5 2 -1 0 -1
0 1 0 24.9 82.5 2 -1 0 -1
0 1 0 24.9 82.5 2 -1 0 -1
0 1 0 24.9 82.5 2 -1 0 -1
0 1 0 24.9 82.5 2 -1 0 -1
0 1 0 24.9 82.5 2 -1 0 -1
0 1 0 24.9 82.5 2 -1 0 -1
0 1 0 25.0 82.5 2 -1 0 -1
0 1 0 24.9 82.5 2 -1 0 -1
0 1 0 24.9 82.0 2 -1 0 -1
0 1 0 24.9 82.5 2 -1 0 -1
0 1 0 24.9 82.0 2 -1 0 -1
0 1 0 25.0 82.5 2 -1 0 -1
0 1 0 24.9 82.0 2 -1 0 -1
0 1 0 24.9 82.5 2 -1 0 -1
0 1 0 24.9 82.0 2 -1 0 -1
0 1 0 24.9 82.5 2 -1 0 -1
0 1 0 24.9 82.0 2 -1 0 -1
0 1 0 25.0 82.0 2 -1 0 -1
0 1 0 25.0 82.0 2 -1 0 -1
0 1 0 25.0 82.5 2 -1 0 -1
0 1 0 24.9 82.5 2 -1 0 -1
0 1 0 24.9 82.5 2 -1 0 -1
0 1 0 24.9 82.5 2 -1 0 -1
0 1 0 24.9 82.5 2 -1 0 -1
0 1 0 24.9 82.0 2 -1 0 -1
0 1 0 24.9 82.5 2 -1 0 -1
0 1 0 24.9 82.5 2 -1 0 -1
0 1 0 24.9 82.0 2 -1 0 -1
0 1 0 24.9 82.5 2 -1 0 -1
0 1 0 24.9 82.5 2 -1 0 -1
0 1 0 24.9 82.5 2 -1 0 -1
0 1 0 24.9 82.5 2 -1 0 -1
0 1 0 24.9 82.5 2 -1 0 -1
0 1 0 24.9 82.5 2 -1 0 -1
0 1 0 25.0 82.5 2 -1 0 -1
0 1 0 24.9 82.5 2 -1 0 -1
0 1 0 24.9 82.5 2 -1 0 -1
0 1 0 24.9 82.5 2 -1 0 -1
0 1 0 24.9 82.5 2 -1 0 -1
0 1 0 25.0 82.5 2 -1 0 -1
0 1 0 25.0 82.5 2 -1 0 -1
0 1 0 24.9 82.5 2 -1 0 -1
0 1 0 25.0 82.5 2 -1 0 -1
0 1 0 24.9 82.5 2 -1 0 -1
0 1 0 24.9 82.5 2 -1 0 -1
0 1 0 24.9 82.5 2 -1 0 -1
0 1 0 24.9 82.5 2 -1 0 -1
0 1 0 24.9 82.5 2 -1 0 -1
0 1 0 25.0 82.5 2 -1 0 -1
0 1 0 24.8 82.5 2 -1 0 -1
0 1 0 24.9 82.5 2 -1 0 -1
0 1 0 24.9 82.5 2 -1 0 -1
0 1 0 24.9 82.5 2 -1 0 -1
0 1 0 25.0 82.5 2 -1 0 -1
0 1 0 25.0 82.5 2 -1 0 -1
0 1 0 24.9 82.5 2 -1 0 -1
0 1 0 25.0 82.5 2 -1 0 -1
0 1 0 24.9 82.5 2 -1 0 -1
0 1 0 24.9 82.5 2 -1 0 -1
0 1 0 25.0 82.5 2 -1 0 -1
0 1 0 24.9 82.5 2 -1 0 -1
0 1 0 24.9 82.5 2 -1 0 -1
0 1 0 24.9 82.5 2 -1 0 -1
0 1 0 24.9 82.5 2 -1 0 -1
0 1 0 24.9 82.5 2 -1 0 -1
0 1 0 24.9 82.5 2 -1 0 -1
0 1 0 24.9 82.5 2 -1 0 -1
0 1 0 24.9 82.5 2 -1 0 -1
0 1 0 24.9 82.5 2 -1 0 -1
0 1 0 24.9 82.5 2 -1 0 -1
0 1 0 24.9 82.5 2 -1 0 -1
0 1 0 25.0 82.0 2 -1 0 -1
0 1 0 24.9 82.5 2 -1 0 -1
0 1 0 24.9 82.5 2 -1 0 -1
0 1 0 24.9 82.5 2 -1 0 -1
0 1 0 25.0 82.5 2 -1 0 -1
0 1 0 24.9 82.5 2 -1 0 -1
0 1 0 24.9 82.5 2 -1 0 -1
0 1 0 24.9 82.5 2 -1 0 -1
0 1 0 24.9 82.5 2 -1 0 -1
0 1 0 24.9 82.5 2 -1 0 -1
0 1 0 24.9 82.5 2 -1 0 -1
0 1 0 24.9 82.5 2 -1 0 -1
0 1 0 24.9 82.5 2 -1 0 -1
0 1 0 24.8 82.5 2 -1 0 -1
0 1 0 24.9 82.5 2 -1 0 -1
0 1 0 24.9 82.5 2 -1 0 -1
0 1 0 24.9 82.5 2 -1 0 -1
0 1 0 24.9 82.5 2 -1 0 -1
0 1 0 24.9 82.5 2 -1 0 -1
0 1 0 25.0 82.5 2 -1 0 -1
0 1 0 24.8 82.5 2 -1 0 -1
0 1 0 24.9 82.5 2 -1 0 -1
0 1 0 24.9 82.5 2 -1 0 -1
0 1 0 24.9 82.5 2 -1 0 -1
0 1 0 24.9 82.5 2 -1 0 -1
0 1 0 25.0 82.5 2 -1 0 -1
0 1 0 24.9 82.5 2 -1 0 -1
0 1 0 24.9 82.5 2 -1 0 -1
0 1 0 24.9 82.5 2 -1 0 -1
0 1 0 24.9 82.5 2 -1 0 -1
0 1 0 24.9 82.5 2 -1 0 -1
0 1 0 24.9 82.5 2 -1 0 -1
0 1 0 24.9 82.5 2 -1 0 -1
0 1 0 24.9 82.5 1 -1 0 -1
0 1 0 24.9 82.5 1 -1 0 -1
0 1 0 24.9 82.5 1 -1 0 -1
0 1 0 24.9 82.5 1 -1 0 -1
0 1 0 24.9 82.5 1 -1 0 -1
0 1 0 25.0 82.5 1 -1 0 -1
0 1 0 24.9 82.5 1 -1 0 -1
0 1 0 24.9 82.5 1 -1 0 -1
0 1 0 24.9 82.5 1 -1 0 -1
0 1 0 24.9 82.5 1 -1 0 -1
0 1 0 24.9 82.5 1 -1 0 -1
0 1 0 24.9 82.5 1 -1 0 -1
0 1 0 24.9 82.5 1 -1 0 -1
0 1 0 24.9 82.5 1 -1 0 -1
0 1 0 24.9 82.5 1 -1 0 -1
0 1 0 24.9 82.5 1 -1 0 -1
0 1 0 24.9 82.5 1 -1 0 -1
0 1 0 24.9 82.5 1 -1 0 -1
0 1 0 24.9 82.5 1 -1 0 -1
0 1 0 24.9 82.5 1 -1 0 -1
0 1 0 24.9 82.5 1 -1 0 -1
0 1 0 24.9 82.5 1 -1 0 -1
0 1 0 24.9 82.5 1 -1 0 -1
0 1 0 24.9 82.5 1 -1 0 -1
0 1 0 24.9 82.5 1 -1 0 -1
0 1 0 24.9 82.5 1 -1 0 -1
0 1 0 24.9 82.5 1 -1 0 -1
0 1 0 25.0 82.5 1 -1 0 -1
0 1 0 24.9 82.5 1 -1 0 -1
0 1 0 24.9 82.5 1 -1 0 -1
0 1 0 24.8 82.5 2 -1 0 -1
0 1 0 24.9 82.5 2 -1 0 -1
0 1 0 24.9 82.5 2 -1 0 -1
0 1 0 24.9 82.5 2 -1 0 -1
0 1 0 24.9 82.5 2 -1 0 -1
0 1 0 24.9 82.5 2 -1 0 -1
0 1 0 25.0 82.5 2 -1 0 -1
0 1 0 24.9 82.5 2 -1 0 -1
0 1 0 24.9 82.5 2 -1 0 -1
0 1 0 24.9 82.5 2 -1 0 -1
0 1 0 24.9 82.5 2 -1 0 -1
0 1 0 24.9 82.5 2 -1 0 -1
0 1 0 24.9 82.5 2 -1 0 -1
0 1 0 24.9 82.5 2 -1 0 -1
0 1 0 24.9 82.5 2 -1 0 -1
0 1 0 24.9 82.5 2 -1 0 -1
0 1 0 24.9 82.5 2 -1 0 -1
0 1 0 24.9 82.5 2 -1 0 -1
0 1 0 24.9 82.5 2 -1 0 -1
0 1 0 25.0 82.5 2 -1 0 -1
0 1 0 24.9 82.5 2 -1 0 -1
0 1 0 24.9 82.5 2 -1 0 -1
0 1 0 24.8 82.5 2 -1 0 -1
0 1 0 24.9 82.5 2 -1 0 -1
0 1 0 24.9 82.5 2 -1 0 -1
0 1 0 24.9 82.5 2 -1 0 -1
0 1 0 24.9 82.5 2 -1 0 -1
0 1 0 24.9 82.5 2 -1 0 -1
0 1 0 24.9 82.5 2 -1 0 -1
0 1 0 24.9 82.5 2 -1 0 -1
0 1 0 24.9 82.5 1 -1 0 -1
0 1 0 24.9 82.5 1 -1 0 -1
0 1 0 24.9 82.5 1 -1 0 -1
0 1 0 24.9 82.5 1 -1 0 -1
0 1 0 24.9 82.5 1 -1 0 -1
0 1 0 24.9 82.5 1 -1 0 -1
0 1 0 24.9 82.5 1 -1 0 -1
0 1 0 24.9 82.5 1 -1 0 -1
0 1 0 24.9 82.5 1 -1 0 -1
0 1 0 24.9 82.5 1 -1 0 -1
0 1 0 24.9 82.5 1 -1 0 -1
0 1 0 24.9 82.5 1 -1 0 -1
0 1 0 24.9 82.5 1 -1 0 -1
0 1 0 24.9 82.5 1 -1 0 -1
0 1 0 24.9 82.5 1 -1 0 -1
0 1 0 24.9 82.5 1 -1 0 -1
0 1 0 24.9 82.5 1 -1 0 -1
0 1 0 24.9 82.5 1 -1 0 -1
0 1 0 24.9 83.0 1 -1 0 -1
0 1 0 24.9 82.5 0 -1 0 -1
0 1 0 24.9 82.5 0 -1 0 -1
0 1 0 25.0 82.5 0 -1 0 -1
0 1 0 24.9 82.5 0 -1 0 -1
0 1 0 24.9 82.5 0 -1 0 -1
0 1 0 24.9 82.5 0 -1 0 -1
0 1 0 24.9 82.5 0 -1 0 -1
0 1 0 24.8 82.5 0 -1 0 -1
0 1 0 24.9 82.5 0 -1 0 -1
0 1 0 24.9 82.5 0 -1 0 -1
0 1 0 25.0 83.0 0 -1 0 -1
0 1 0 24.9 82.5 0 -1 0 -1
0 1 0 24.9 82.5 0 -1 0 -1
0 1 0 24.9 82.5 0 -1 0 -1
0 1 0 24.9 82.5 0 -1 0 -1
0 1 0 24.9 82.5 0 -1 0 -1
0 1 0 25.0 82.5 0 -1 0 -1
0 1 0 24.9 82.5 0 -1 0 -1
0 1 0 24.9 82.5 0 -1 0 -1
0 1 0 24.9 82.5 0 -1 0 -1
0 1 0 24.9 82.5 0 -1 0 -1
0 1 0 24.9 82.5 0 -1 0 -1
0 1 0 24.9 82.5 0 -1 0 -1
0 1 0 24.9 82.5 0 -1 0 -1
0 1 0 24.9 82.5 0 -1 0 -1
0 1 0 24.9 82.5 0 -1 0 -1
0 1 0 24.9 82.5 0 -1 0 -1
0 1 0 24.9 82.5 2 -1 0 -1
0 1 0 25.0 82.5 2 -1 0 -1
0 1 0 24.9 82.5 2 -1 0 -1
0 1 0 24.9 82.5 2 -1 0 -1
0 1 0 24.9 82.5 2 -1 0 -1
0 1 0 25.0 83.0 2 -1 0 -1
0 1 0 25.0 83.0 2 -1 0 -1
0 1 0 24.9 82.5 2 -1 0 -1
0 1 0 24.9 82.5 2 -1 0 -1
0 1 0 24.9 82.5 2 -1 0 -1
0 1 0 25.0 82.5 2 -1 0 -1
0 1 0 24.9 83.0 2 -1 0 -1
0 1 0 24.9 82.5 2 -1 0 -1
0 1 0 25.0 83.0 2 -1 0 -1
0 1 0 25.0 83.0 2 -1 0 -1
0 1 0 24.9 82.5 0 -1 0 -1
0 1 0 24.9 83.0 0 -1 0 -1
0 1 0 24.9 82.5 0 -1 0 -1
0 1 0 24.9 82.5 0 -1 0 -1
0 1 0 24.9 83.0 0 -1 0 -1
0 1 0 25.0 82.5 0 -1 0 -1
0 1 0 24.9 83.0 0 -1 0 -1
0 1 0 24.9 83.0 0 -1 0 -1
0 1 0 24.9 83.0 0 -1 0 -1
0 1 0 25.0 83.0 0 -1 0 -1
0 1 0 25.0 83.0 0 -1 0 -1
0 1 0 25.0 83.0 0 -1 0 -1
0 1 0 24.9 83.0 0 -1 0 -1
0 1 0 25.0 83.0 0 -1 0 -1
0 1 0 24.9 83.0 0 -1 0 -1
0 1 0 25.0 83.0 0 -1 0 -1
0 1 0 25.0 83.0 0 -1 0 -1
0 1 0 25.0 83.0 0 -1 0 -1
0 1 0 24.9 83.0 0 -1 0 -1
0 1 0 25.0 83.0 0 -1 0 -1
0 1 0 25.0 83.0 0 -1 0 -1
0 1 0 25.0 83.0 0 -1 0 -1
0 1 0 24.9 83.0 0 -1 0 -1
0 1 0 24.9 83.0 0 -1 0 -1
0 1 0 24.9 83.0 0 -1 0 -1
0 1 0 25.0 83.0 0 -1 0 -1
0 1 0 25.0 83.0 0 -1 0 -1
0 1 0 25.0 83.0 0 -1 0 -1
0 1 0 25.0 83.0 0 -1 0 -1
0 1 0 25.0 83.0 0 -1 0 -1
0 1 0 25.0 83.0 0 -1 0 -1
0 1 0 25.1 83.0 0 -1 0 -1
0 1 0 25.0 83.0 0 -1 0 -1
0 1 0 25.0 83.0 0 -1 0 -1
0 1 0 24.9 83.0 0 -1 0 -1
0 1 0 25.0 83.0 0 -1 0 -1
0 1 0 25.1 83.0 0 -1 0 -1
0 1 0 25.0 83.0 0 -1 0 -1
0 1 0 25.0 83.0 0 c24 0 -1
0 1 25 25.0 83.0 23 c24 6 -1
0 1 17 25.0 83.0 25 c24 6 -1
0 1 9 25.0 83.0 25 c24 6 -1
0 1 1 25.0 82.5 25 c24 6 -1
0 1 4 24.9 81.5 25 c24 6 -1
0 1 7 24.7 80.5 25 c24 6 -1
0 1 1 24.7 79.5 25 c24 6 -1
0 1 20 24.6 79.0 23 c24 6 -1
0 1 0 24.5 78.5 23 c24 6 -1
0 1 0 24.3 77.5 23 c24 6 -1
0 1 0 24.2 77.5 25 c24 6 -1
0 1 0 24.2 77.0 25 c24 6 -1
0 1 0 24.2 77.0 25 c24 6 -1
0 1 9 24.0 76.0 25 -1 6 -1
0 1 52 24.0 75.5 14 -1 0 -1
0 1 4 23.9 75.0 2 -1 0 -1
0 1 0 23.8 75.5 2 -1 0 -1
0 1 0 23.9 75.5 2 -1 0 -1
0 1 0 23.9 76.0 2 -1 0 -1
0 1 0 24.0 76.0 2 -1 0 -1
0 1 0 24.0 76.0 2 -1 0 -1
0 1 0 24.0 76.5 2 -1 0 -1
0 1 0 24.1 76.5 2 -1 0 -1
0 1 0 24.1 76.5 2 -1 0 -1
0 1 0 24.1 76.5 2 -1 0 -1
0 1 0 24.1 76.5 2 -1 0 -1
0 1 0 24.1 76.5 2 -1 0 -1
0 1 0 24.2 76.5 2 -1 0 -1
0 1 0 24.2 76.5 2 -1 0 -1
0 1 0 24.2 76.5 1 -1 0 -1
0 1 0 24.3 76.5 1 -1 0 -1
0 1 0 24.2 76.5 1 -1 0 -1
0 1 0 24.2 76.5 1 -1 0 -1
0 1 0 24.2 77.0 2 -1 0 -1
0 1 0 24.2 76.5 2 -1 0 -1
0 1 0 24.3 76.5 1 -1 0 -1
0 1 0 24.3 76.5 1 -1 0 -1
0 1 0 24.3 76.5 1 -1 0 -1
0 1 0 24.3 77.0 1 -1 0 -1
0 1 0 24.4 77.0 1 -1 0 -1
0 1 0 24.3 77.0 1 -1 0 -1
0 1 0 24.3 77.5 2 -1 0 -1
0 1 0 24.4 77.5 2 -1 0 -1
0 1 0 24.3 77.5 4 -1 0 -1
0 1 0 24.4 77.5 4 -1 0 -1
0 1 0 24.4 77.5 4 -1 0 -1
0 1 0 24.3 78.0 2 -1 0 -1
0 1 0 24.5 78.0 4 -1 0 -1
0 1 0 24.4 78.0 4 -1 0 -1
0 1 0 24.5 78.5 4 -1 0 -1
0 1 0 24.4 79.0 4 -1 0 -1
0 1 0 24.5 79.5 4 -1 0 -1
0 1 0 24.5 79.5 2 -1 0 -1
0 1 0 24.5 79.5 2 -1 0 -1
0 1 0 24.5 79.5 1 -1 0 -1
0 1 0 24.5 79.5 1 -1 0 -1
0 1 0 24.5 79.5 1 -1 0 -1
0 1 0 24.6 80.0 1 -1 0 -1
0 1 0 24.5 80.0 1 -1 0 -1
0 1 0 24.6 80.0 1 -1 0 -1
0 1 0 24.6 80.0 1 -1 0 -1
0 1 0 24.6 80.0 1 -1 0 -1
0 1 0 24.6 80.5 1 -1 0 -1
0 1 0 24.6 80.5 1 -1 0 -1
0 1 0 24.6 80.5 1 -1 0 -1
0 1 0 24.7 80.0 1 -1 0 -1
0 1 0 24.6 80.5 1 -1 0 -1
0 1 0 24.6 80.0 1 -1 0 -1
0 1 0 24.6 80.5 1 -1 0 -1
0 1 0 24.7 80.5 1 -1 0 -1
0 1 0 24.7 80.5 1 -1 0 -1
0 1 0 24.7 80.0 1 -1 0 -1
0 1 0 24.7 80.5 1 -1 0 -1
0 1 0 24.7 80.5 1 -1 0 -1
0 1 0 24.7 80.5 1 -1 0 -1
0 1 0 24.7 80.5 1 -1 0 -1
0 1 0 24.7 80.5 2 -1 0 -1
0 1 0 24.7 80.5 2 -1 0 -1
0 1 0 24.7 80.5 2 -1 0 -1
0 1 0 24.7 80.5 2 -1 0 -1
0 1 0 24.8 80.5 2 -1 0 -1
0 1 0 24.7 81.0 2 -1 0 -1
0 1 0 24.8 81.0 2 -1 0 -1
0 1 0 24.7 81.0 2 -1 0 -1
0 1 0 24.7 81.0 2 -1 0 -1
0 1 0 24.8 81.5 2 -1 0 -1
0 1 0 24.8 81.5 2 -1 0 -1
0 1 0 24.8 81.5 2 -1 0 -1
0 1 0 24.8 81.5 2 -1 0 -1
0 1 0 24.8 81.5 2 -1 0 -1
0 1 0 24.8 81.5 2 -1 0 -1
0 1 0 24.9 81.5 2 -1 0 -1
0 1 0 24.9 81.5 4 -1 0 -1
0 1 0 24.9 81.5 4 -1 0 -1
0 1 0 24.8 81.5 4 -1 0 -1
0 1 0 24.8 81.0 2 -1 0 -1
0 1 0 24.9 81.0 2 -1 0 -1
0 1 0 25.0 81.5 2 -1 0 -1
0 1 0 24.9 81.0 2 -1 0 -1
0 1 0 24.9 81.0 2 -1 0 -1
0 1 0 24.9 81.0 1 -1 0 -1
0 1 0 24.8 81.0 1 -1 0 -1
0 1 0 24.9 81.0 1 -1 0 -1
0 1 0 24.9 81.0 1 -1 0 -1
0 1 0 25.0 81.0 4 -1 0 -1
0 1 0 24.9 81.0 2 -1 0 -1
0 1 0 25.0 81.0 2 -1 0 -1
0 1 0 24.9 81.0 2 -1 0 -1
0 1 0 24.9 81.0 2 -1 0 -1
0 1 0 25.0 81.0 2 -1 0 -1
0 1 0 24.9 81.0 2 -1 0 -1
0 1 0 24.9 81.0 2 -1 0 -1
0 1 0 24.9 81.0 2 -1 0 -1
0 1 0 25.0 81.5 2 -1 0 -1
0 1 0 25.0 81.0 2 -1 0 -1
0 1 0 24.9 81.0 2 -1 0 -1
0 1 0 25.0 81.0 2 -1 0 -1
0 1 0 25.0 81.5 2 -1 0 -1
0 1 0 25.0 81.5 2 -1 0 -1
0 1 0 25.0 81.5 2 -1 0 -1
0 1 0 25.0 81.0 2 -1 0 -1
0 1 0 25.0 81.0 4 -1 0 -1
0 1 0 25.0 81.0 4 -1 0 -1
0 1 0 24.9 81.0 4 -1 0 -1
0 1 0 25.0 81.0 4 -1 0 -1
0 1 0 25.0 81.0 2 -1 0 -1
0 1 0 25.0 81.0 2 -1 0 -1
0 1 0 25.0 81.0 2 -1 0 -1
0 1 0 25.0 81.0 2 -1 0 -1
0 1 0 25.0 81.0 2 -1 0 -1
0 1 0 25.0 81.5 2 -1 0 -1
0 1 0 25.1 81.5 2 -1 0 -1
0 1 0 25.1 81.5 2 -1 0 -1
0 1 0 25.0 81.0 2 -1 0 -1
0 1 0 25.0 81.0 2 -1 0 -1
0 1 0 25.0 81.0 2 -1 0 -1
0 1 0 25.0 81.0 2 -1 0 -1
0 1 0 25.0 81.0 2 -1 0 -1
0 1 0 25.1 81.0 4 -1 0 -1
0 1 0 25.0 81.0 4 -1 0 -1
0 1 0 25.0 81.0 4 -1 0 -1
0 1 0 25.1 81.0 4 -1 0 -1
0 1 0 25.1 81.0 2 -1 0 -1
0 1 0 25.1 81.0 2 -1 0 -1
0 1 0 25.1 81.0 2 -1 0 -1
0 1 0 25.1 81.0 2 -1 0 -1
0 1 0 25.1 81.0 2 -1 0 -1
0 1 0 25.1 81.0 1 -1 0 -1
0 1 0 25.2 81.0 1 -1 0 -1
0 1 0 25.1 81.0 1 -1 0 -1
0 1 0 25.1 81.0 1 -1 0 -1
0 1 0 25.1 81.0 1 -1 0 -1
0 1 0 25.1 81.0 1 -1 0 -1
0 1 0 25.1 81.0 1 -1 0 -1
0 1 0 25.1 81.0 1 -1 0 -1
0 1 0 25.1 81.0 1 -1 0 -1
0 1 0 25.1 81.0 1 -1 0 -1
0 1 0 25.1 81.0 1 -1 0 -1
0 1 0 25.1 81.0 2 -1 0 -1
0 1 0 25.2 81.0 2 -1 0 -1
0 1 0 25.2 81.0 2 -1 0 -1
0 1 0 25.1 81.0 2 -1 0 -1
0 1 0 25.2 81.5 2 -1 0 -1
0 1 0 25.2 81.5 2 -1 0 -1
0 1 0 25.3 82.0 2 -1 0 -1
0 1 0 25.2 81.5 4 -1 0 -1
0 1 0 25.2 81.5 4 -1 0 -1
0 1 0 25.2 81.5 4 -1 0 -1
0 1 0 25.2 81.5 4 -1 0 -1
0 1 0 25.2 81.5 4 -1 0 -1
0 1 0 25.3 81.5 4 -1 0 -1
0 1 0 25.2 81.5 4 -1 0 -1
0 1 0 25.3 81.5 4 -1 0 -1
0 1 0 25.3 81.5 4 -1 0 -1
0 1 0 25.3 81.5 6 -1 0 -1
0 1 0 25.2 81.5 4 -1 0 -1
0 1 0 25.2 81.5 4 -1 0 -1
0 1 0 25.3 81.5 4 -1 0 -1
0 1 0 25.2 81.5 4 -1 0 -1
0 1 0 25.3 81.5 4 -1 0 -1
0 1 0 25.3 81.5 4 -1 0 -1
0 1 0 25.4 81.5 4 -1 0 -1
0 1 0 25.3 81.5 2 -1 0 -1
0 1 0 25.3 81.5 2 -1 0 -1
0 1 0 25.3 81.5 2 -1 0 -1
0 1 0 25.3 81.5 2 -1 0 -1
0 1 0 25.3 82.0 2 -1 0 -1
0 1 0 25.3 81.5 2 -1 0 -1
0 1 0 25.4 82.0 2 -1 0 -1
0 1 0 25.3 82.0 2 -1 0 -1
0 1 0 25.4 82.0 2 -1 0 -1
0 1 0 25.3 82.0 4 -1 0 -1
0 1 0 25.4 82.5 4 -1 0 -1
0 1 0 25.4 82.5 4 -1 0 -1
0 1 0 25.3 82.5 4 -1 0 -1
0 1 0 25.4 82.5 4 -1 0 -1
0 1 0 25.4 82.5 4 -1 0 -1
0 1 0 25.4 82.5 2 -1 0 -1
0 1 0 25.5 82.5 2 -1 0 -1
0 1 0 25.4 82.5 4 -1 0 -1
0 1 0 25.5 82.0 4 -1 0 -1
0 1 0 25.4 82.0 4 -1 0 -1
0 1 0 25.4 82.0 4 -1 0 -1
0 1 0 25.4 82.0 4 -1 0 -1
0 1 0 25.5 82.0 4 -1 0 -1
0 1 0 25.4 82.0 4 -1 0 -1
0 1 0 25.5 82.0 4 -1 0 -1
0 1 0 25.5 82.0 4 -1 0 -1
0 1 0 25.5 82.0 4 -1 0 -1
0 1 0 25.5 82.0 4 -1 0 -1
0 1 0 25.4 82.0 4 -1 0 -1
0 1 0 25.4 82.0 4 -1 0 -1
0 1 0 25.5 82.0 4 -1 0 -1
0 1 0 25.5 81.5 4 -1 0 -1
0 1 0 25.5 81.5 2 -1 0 -1
0 1 0 25.5 81.5 2 -1 0 -1
0 1 0 25.5 81.5 4 -1 0 -1
0 1 0 25.5 81.5 2 -1 0 -1
0 1 0 25.6 81.5 4 -1 0 -1
0 1 0 25.5 81.5 4 -1 0 -1
0 1 0 25.5 81.5 4 -1 0 -1
0 1 0 25.6 81.5 4 -1 0 -1
0 1 0 25.5 81.5 4 -1 0 -1
0 1 0 25.5 81.5 4 -1 0 -1
0 1 0 25.5 81.5 6 -1 0 -1
0 1 0 25.6 82.0 2 -1 0 -1
0 1 0 25.6 81.5 2 -1 0 -1
0 1 0 25.6 81.5 2 -1 0 -1
0 1 0 25.6 82.0 4 -1 0 -1
0 1 0 25.5 82.0 4 -1 0 -1
0 1 0 25.6 82.0 4 -1 0 -1
0 1 0 25.6 82.0 4 -1 0 -1
0 1 0 25.6 82.0 4 -1 0 -1
0 1 0 25.6 82.0 4 -1 0 -1
0 1 0 25.6 82.5 2 -1 0 -1
0 1 0 25.7 82.5 2 -1 0 -1
0 1 0 25.7 83.0 2 -1 0 -1
0 1 0 25.6 83.0 2 -1 0 -1
0 1 0 25.7 83.0 4 -1 0 -1
0 1 0 25.7 82.5 4 -1 0 -1
0 1 0 25.6 82.5 2 -1 0 -1
0 1 0 25.6 82.5 2 -1 0 -1
0 1 0 25.7 82.5 2 -1 0 -1
0 1 0 25.6 82.5 2 -1 0 -1
0 1 0 25.7 82.5 2 -1 0 -1
0 1 0 25.7 82.5 2 -1 0 -1
0 1 0 25.7 82.5 1 -1 0 -1
0 1 0 25.6 82.5 1 -1 0 -1
0 1 0 25.7 82.0 2 -1 0 -1
0 1 0 25.7 82.0 2 -1 0 -1
0 1 0 25.7 82.0 2 -1 0 -1
0 1 0 25.8 82.0 2 -1 0 -1
0 1 0 25.7 82.0 2 -1 0 -1
0 1 0 25.7 82.0 2 -1 0 -1
0 1 0 25.7 82.0 2 -1 0 -1
0 1 0 25.7 82.0 2 -1 0 -1
0 1 0 25.6 82.0 2 -1 0 -1
0 1 0 25.7 82.0 4 -1 0 -1
0 1 0 25.6 82.0 4 -1 0 -1
0 1 0 25.7 82.0 4 -1 0 -1
0 1 0 25.6 82.0 4 -1 0 -1
0 1 0 25.7 82.0 2 -1 0 -1
0 1 0 25.7 82.0 2 -1 0 -1
0 1 0 25.7 82.0 2 -1 0 -1
0 1 0 25.7 82.0 2 -1 0 -1
0 1 0 25.7 82.0 2 -1 0 -1
0 1 0 25.7 82.0 2 -1 0 -1
0 1 0 25.7 82.0 4 -1 0 -1
0 1 0 25.7 82.0 4 -1 0 -1
0 1 0 25.7 82.0 4 -1 0 -1
0 1 0 25.7 82.0 4 -1 0 -1
0 1 0 25.7 82.0 4 -1 0 -1
0 1 0 25.7 82.0 4 -1 0 -1
0 1 0 25.7 82.0 2 -1 0 -1
0 1 0 25.7 82.0 2 -1 0 -1
0 1 0 25.7 82.0 2 -1 0 -1
0 1 0 25.7 82.0 4 -1 0 -1
0 1 0 25.7 82.0 4 -1 0 -1
0 1 0 25.7 82.0 2 -1 0 -1
0 1 0 25.8 82.0 2 -1 0 -1
0 1 0 25.8 82.0 4 -1 0 -1
0 1 0 25.8 82.5 2 -1 0 -1
0 1 0 25.8 82.5 4 -1 0 -1
0 1 0 25.8 82.0 4 -1 0 -1
0 1 0 25.7 82.0 2 -1 0 -1
0 1 0 25.7 82.0 4 -1 0 -1
0 1 0 25.8 82.0 4 -1 0 -1
0 1 0 25.7 82.0 4 -1 0 -1
0 1 0 25.8 82.0 4 -1 0 -1
0 1 0 25.7 82.0 4 -1 0 -1
0 1 0 25.8 82.0 4 -1 0 -1
0 1 0 25.7 82.0 4 -1 0 -1
0 1 0 25.7 82.0 4 -1 0 -1
0 1 0 25.8 82.0 2 -1 0 -1
0 1 0 25.8 82.0 2 -1 0 -1
0 1 0 25.8 82.0 2 -1 0 -1
0 1 0 25.8 82.0 2 -1 0 -1
0 1 0 25.7 82.0 2 -1 0 -1
0 1 0 25.7 82.0 2 -1 0 -1
0 1 0 25.8 82.0 1 -1 0 -1
0 1 0 25.8 82.0 1 -1 0 -1
0 1 0 25.8 82.0 1 -1 0 -1
0 1 0 25.8 82.0 1 -1 0 -1
0 1 0 25.8 82.0 1 -1 0 -1
0 1 0 25.8 82.0 1 -1 0 -1
0 1 0 25.8 82.0 1 -1 0 -1
0 1 0 25.8 82.0 1 -1 0 -1
0 1 0 25.7 81.5 1 -1 0 -1
0 1 0 25.7 82.0 1 -1 0 -1
0 1 0 25.7 82.0 1 -1 0 -1
0 1 0 25.8 82.0 1 -1 0 -1
0 1 0 25.7 82.0 1 -1 0 -1
0 1 0 25.8 82.5 1 -1 0 -1
0 1 0 25.7 82.5 1 -1 0 -1
0 1 0 25.8 82.5 2 -1 0 -1
0 1 0 25.8 82.0 2 -1 0 -1
0 1 0 25.8 82.5 2 -1 0 -1
0 1 0 25.8 82.0 2 -1 0 -1
0 1 0 25.7 82.0 2 -1 0 -1
0 1 0 25.8 82.0 2 -1 0 -1
0 1 0 25.7 82.0 2 -1 0 -1
0 1 0 25.8 82.0 2 -1 0 -1
0 1 0 25.7 82.0 2 -1 0 -1
0 1 0 25.8 82.0 2 -1 0 -1
0 1 0 25.7 82.0 2 -1 0 -1
0 1 0 25.8 82.0 2 -1 0 -1
0 1 0 25.8 82.0 2 -1 0 -1
0 1 0 25.7 82.0 2 -1 0 -1
0 1 0 25.7 82.0 2 -1 0 -1
0 1 0 25.8 82.0 2 -1 0 -1
0 1 0 25.7 82.0 2 -1 0 -1
0 1 0 25.7 82.0 2 -1 0 -1
0 1 0 25.7 82.0 2 -1 0 -1
0 1 0 25.7 82.0 2 -1 0 -1
0 1 0 25.7 82.0 1 -1 0 -1
0 1 0 25.7 82.0 1 -1 0 -1
0 1 0 25.8 82.0 1 -1 0 -1
0 1 0 25.7 82.0 1 -1 0 -1
0 1 0 25.7 82.0 1 -1 0 -1
0 1 0 25.7 82.0 1 -1 0 -1
0 1 0 25.7 82.0 1 -1 0 -1
0 1 0 25.8 82.0 1 -1 0 -1
0 1 0 25.7 82.0 4 -1 0 -1
0 1 0 25.7 82.0 4 -1 0 -1
0 1 0 25.7 82.0 2 -1 0 -1
0 1 0 25.8 82.0 4 -1 0 -1
0 1 0 25.7 82.0 2 -1 0 -1
0 1 0 25.7 82.0 2 -1 0 -1
0 1 0 25.7 82.0 2 -1 0 -1
0 1 0 25.7 82.0 2 -1 0 -1
0 1 0 25.7 82.0 2 -1 0 -1
0 1 0 25.7 82.0 4 -1 0 -1
0 1 0 25.7 82.0 4 -1 0 -1
0 1 0 25.7 82.0 2 -1 0 -1
0 1 0 25.7 82.0 2 -1 0 -1
0 1 0 25.7 82.0 2 -1 0 -1
0 1 0 25.7 82.0 0 -1 0 -1
0 1 0 25.7 82.0 0 -1 0 -1
0 1 0 25.7 82.0 0 -1 0 -1
0 1 0 25.7 82.0 0 -1 0 -1
0 1 0 25.7 82.0 0 -1 0 -1
0 1 0 25.7 82.0 0 -1 0 -1
0 1 0 25.7 82.0 0 -1 0 -1
0 1 0 25.7 82.0 0 -1 0 -1
0 1 0 25.6 82.0 2 -1 0 -1
0 1 0 25.7 82.0 2 -1 0 -1
0 1 0 25.7 82.0 0 -1 0 -1
0 1 0 25.7 82.0 0 -1 0 -1
0 1 0 25.7 82.0 0 -1 0 -1
0 1 0 25.7 82.0 2 -1 0 -1
0 1 0 25.7 82.0 2 -1 0 -1
0 1 0 25.7 82.0 2 -1 0 -1
0 1 0 25.7 82.5 2 -1 0 -1
0 1 0 25.7 82.5 4 -1 0 -1
0 1 0 25.7 82.5 4 -1 0 -1
0 1 0 25.7 83.0 2 -1 0 -1
0 1 0 25.7 82.5 2 -1 0 -1
0 1 0 25.7 82.5 2 -1 0 -1
0 1 0 25.7 82.5 2 -1 0 -1
0 1 0 25.7 82.5 2 -1 0 -1
0 1 0 25.7 82.5 2 -1 0 -1
0 1 0 25.7 82.5 0 -1 0 -1
0 1 0 25.7 82.5 0 -1 0 -1
0 1 0 25.7 82.5 0 -1 0 -1
0 1 0 25.7 82.5 0 -1 0 -1
0 1 0 25.8 83.0 0 -1 0 -1
0 1 0 25.7 83.0 0 -1 0 -1
0 1 0 25.7 83.0 0 -1 0 -1
0 1 0 25.7 83.0 0 -1 0 -1
0 1 8 25.7 83.0 21 -1 5 -1
0 1 0 25.7 83.0 23 -1 5 -1
0 1 0 25.7 83.5 23 -1 5 -1
0 1 0 25.8 83.5 21 -1 5 -1
0 1 0 25.7 84.0 21 -1 5 -1
0 1 13 25.7 84.0 23 -1 5 -1
0 1 0 25.7 84.0 23 -1 5 -1
0 1 0 25.7 84.0 23 -1 5 -1
0 1 0 25.7 84.0 23 -1 5 -1
0 1 1 25.7 84.0 23 -1 5 -1
0 1 0 25.6 84.0 23 -1 5 -1
0 1 0 25.7 84.0 23 -1 5 -1
0 1 0 25.7 84.0 22 -1 5 -1
0 1 0 25.7 84.5 24 -1 5 -1
0 1 0 25.7 84.5 26 -1 5 -1
0 1 0 25.6 84.5 22 -1 5 -1
0 1 0 25.7 84.5 24 -1 5 -1
0 1 0 25.6 84.5 22 -1 5 -1
0 1 0 25.7 84.5 22 -1 5 -1
0 1 0 25.6 84.5 20 -1 5 -1
0 1 0 25.7 84.5 23 -1 5 -1
0 1 1 25.6 84.5 21 -1 5 -1
0 1 0 25.7 84.5 21 -1 5 -1
0 1 2 25.6 84.5 21 -1 5 -1
0 1 0 25.6 84.5 19 -1 5 -1
0 1 0 25.7 85.0 19 -1 5 -1
0 1 0 25.6 85.0 21 -1 5 -1
0 1 0 25.6 84.5 21 -1 5 -1
0 1 0 25.7 84.5 21 -1 5 -1
0 1 4 25.7 84.5 17 -1 5 -1
0 1 0 25.7 84.5 19 -1 5 -1
0 1 0 25.6 85.0 19 -1 5 -1
0 1 3 25.6 85.0 17 -1 5 -1
0 1 0 25.7 85.0 21 -1 5 -1
0 1 1 25.6 85.0 21 -1 5 -1
0 1 3 25.6 84.5 21 -1 5 -1
0 1 4 25.6 85.0 17 -1 5 -1
0 1 4 25.6 85.0 19 -1 5 -1
0 1 0 25.6 85.0 19 -1 5 -1
0 1 2 25.6 85.0 19 -1 5 -1
0 1 0 25.6 85.0 19 -1 5 -1
0 1 0 25.6 85.0 19 -1 5 -1
0 1 0 25.6 85.0 19 -1 5 -1
0 1 4 25.6 85.0 21 -1 5 -1
0 1 2 25.6 85.0 19 -1 5 -1
0 1 0 25.6 85.0 17 -1 5 -1
0 1 1 25.6 85.0 17 -1 5 -1
0 1 2 25.6 85.0 17 -1 5 -1
0 1 3 25.6 85.0 15 -1 5 -1
0 1 0 25.6 84.5 15 -1 5 -1
0 1 2 25.6 84.5 17 -1 5 -1
0 1 0 25.6 84.5 17 -1 5 -1
0 1 2 25.6 84.5 17 -1 5 -1
0 1 1 25.7 84.5 17 -1 5 -1
0 1 1 25.6 85.0 17 -1 5 -1
0 1 0 25.6 85.0 19 -1 5 -1
0 1 3 25.6 85.0 19 -1 5 -1
0 1 0 25.6 85.0 19 -1 5 -1
0 1 3 25.6 85.0 19 -1 5 -1
0 1 0 25.5 85.0 17 -1 5 -1
0 1 0 25.6 85.0 17 -1 5 -1
0 1 4 25.6 85.0 17 -1 5 -1
0 1 7 25.5 85.0 17 -1 5 -1
0 1 3 25.5 85.0 17 -1 5 -1
0 1 6 25.5 85.0 17 -1 5 -1
0 1 2 25.5 85.0 15 -1 5 -1
0 1 5 25.5 85.0 15 -1 5 -1
0 1 0 25.5 85.0 15 -1 5 -1
0 1 0 25.5 85.0 19 -1 5 -1
0 1 0 25.5 85.0 19 -1 5 -1
0 1 0 25.4 85.0 19 -1 5 -1
0 1 0 25.5 85.0 19 -1 5 -1
0 1 0 25.5 85.0 15 -1 5 -1
0 1 0 25.5 85.0 15 -1 5 -1
0 1 0 25.5 85.0 17 -1 5 -1
0 1 1 25.5 85.0 17 -1 5 -1
0 1 0 25.5 85.0 17 -1 5 -1
0 1 0 25.4 85.0 17 -1 5 -1
0 1 0 25.4 85.0 17 -1 5 -1
0 1 0 25.3 85.0 17 -1 5 -1
0 1 0 25.3 85.0 17 -1 5 -1
0 1 0 25.4 85.0 19 -1 5 -1
0 1 0 25.4 85.0 19 -1 5 -1
0 1 1 25.3 85.0 19 -1 5 -1
0 1 0 25.4 85.0 19 -1 5 -1
0 1 0 25.3 85.0 19 -1 5 -1
0 1 0 25.3 85.0 19 -1 5 -1
0 1 18 25.3 85.0 19 -1 5 -1
0 1 0 25.3 85.0 21 -1 5 -1
0 1 5 25.3 85.0 17 -1 5 -1
0 1 0 25.3 85.0 17 -1 5 -1
0 1 1 25.3 84.5 19 -1 5 -1
0 1 0 25.3 84.5 19 -1 5 -1
0 1 0 25.2 84.5 19 -1 5 -1
0 1 2 25.3 85.0 21 -1 5 -1
0 1 0 25.2 84.5 21 -1 5 -1
0 1 0 25.2 84.5 21 -1 5 -1
0 1 0 25.2 84.5 20 -1 5 -1
0 1 0 25.2 84.5 20 -1 5 -1
0 1 0 25.2 85.0 20 -1 5 -1
0 1 0 25.2 84.5 20 -1 5 -1
0 1 0 25.2 84.5 23 -1 5 -1
0 1 0 25.1 84.5 21 -1 5 -1
0 1 1 25.2 84.5 21 -1 5 -1
0 1 0 25.2 84.5 21 -1 5 -1
0 1 0 25.1 84.5 21 -1 5 -1
0 1 0 25.1 84.5 21 -1 5 -1
0 1 0 25.1 84.5 21 -1 5 -1
0 1 1 25.1 84.5 21 -1 5 -1
0 1 4 25.1 84.5 21 -1 5 -1
0 1 0 25.1 84.5 21 -1 5 -1
0 1 1 25.1 84.5 21 -1 5 -1
0 1 0 25.2 84.5 21 -1 5 -1
0 1 0 25.1 84.5 21 -1 5 -1
0 1 0 25.1 84.5 21 -1 5 -1
0 1 0 25.1 84.5 21 -1 5 -1
0 1 0 25.1 84.5 21 -1 5 -1
0 1 0 25.1 84.5 21 -1 5 -1
0 1 4 25.1 84.5 21 -1 5 -1
0 1 3 25.1 84.5 21 -1 5 -1
0 1 0 25.1 84.5 23 -1 5 -1
0 1 0 25.1 84.5 23 -1 5 -1
0 1 0 25.1 84.5 20 -1 5 -1
0 1 0 25.1 84.5 20 -1 5 -1
0 1 0 25.1 84.5 20 -1 5 -1
0 1 1 25.0 84.5 20 -1 5 -1
0 1 0 25.0 84.5 20 -1 5 -1
0 1 2 25.0 84.5 23 -1 5 -1
0 1 0 25.0 84.5 21 -1 5 -1
0 1 0 25.0 84.5 21 -1 5 -1
0 1 0 24.9 84.5 21 -1 5 -1
0 1 1 24.9 84.5 21 -1 5 -1
0 1 0 25.0 84.5 21 -1 5 -1
0 1 0 25.0 84.5 21 -1 5 -1
0 1 0 24.9 84.5 21 -1 5 -1
0 1 1 25.0 84.5 21 -1 5 -1
0 1 0 24.9 84.5 21 -1 5 -1
0 1 0 24.9 84.5 21 -1 5 -1
0 1 0 24.9 84.5 21 -1 5 -1
0 1 0 24.9 84.5 21 -1 5 -1
0 1 0 24.9 84.5 21 -1 5 -1
0 1 3 24.9 84.5 21 -1 5 -1
0 1 1 24.9 85.0 21 -1 5 -1
0 1 0 24.9 85.0 21 -1 5 -1
0 1 0 24.9 84.5 21 -1 5 -1
0 1 0 24.8 85.0 21 -1 5 -1
0 1 28 24.8 84.5 21 -1 5 -1
0 1 7 24.8 85.0 21 -1 5 -1
0 1 8 24.8 84.5 21 -1 5 -1
0 1 3 24.8 84.5 21 -1 5 -1
0 1 4 24.8 84.5 21 -1 5 -1
0 1 23 24.8 84.5 21 -1 5 -1
0 1 0 24.8 84.5 21 -1 5 -1
0 1 0 24.8 84.5 21 -1 5 -1
0 1 0 24.8 84.5 21 -1 5 -1
0 1 10 24.7 84.5 21 -1 5 -1
0 1 5 24.7 84.5 21 -1 5 -1
0 1 4 24.7 84.5 21 -1 5 -1
0 1 0 24.7 84.5 21 -1 5 -1
0 1 0 24.7 84.5 21 -1 5 -1
0 1 0 24.7 84.5 21 -1 5 -1
0 1 0 24.6 84.5 21 -1 5 -1
0 1 0 24.6 84.5 21 -1 5 -1
0 1 0 24.7 84.5 21 -1 5 -1
0 1 1 24.7 84.5 21 -1 5 -1
0 1 5 24.7 84.5 19 -1 5 -1
0 1 3 24.7 84.5 19 -1 5 -1
0 1 0 24.7 84.5 19 -1 5 -1
0 1 0 24.7 84.5 19 -1 5 -1
0 1 0 24.6 84.5 19 -1 5 -1
0 1 0 24.6 84.5 19 -1 5 -1
0 1 11 24.6 84.5 17 -1 5 -1
0 1 1 24.6 84.5 17 -1 5 -1
0 1 7 24.6 84.5 17 -1 5 -1
0 1 0 24.6 84.5 21 -1 5 -1
0 1 0 24.6 85.0 21 -1 5 -1
0 1 0 24.6 85.0 21 -1 5 -1
0 1 0 24.6 85.0 19 -1 5 -1
0 1 0 24.5 84.5 19 -1 5 -1
0 1 2 24.6 84.5 19 -1 5 -1
0 1 2 24.6 84.5 19 -1 5 -1
0 1 6 24.6 85.0 19 -1 5 -1
0 1 3 24.6 84.5 19 -1 5 -1
0 1 2 24.6 84.5 19 -1 5 -1
0 1 0 24.6 85.0 19 -1 5 -1
0 1 0 24.6 84.5 19 -1 5 -1
0 1 4 24.6 84.5 19 -1 5 -1
0 1 4 24.6 84.5 19 -1 5 -1
0 1 2 24.6 84.5 19 -1 5 -1
0 1 1 24.7 84.5 19 -1 5 -1
0 1 2 24.6 84.5 17 -1 5 -1
0 1 2 24.6 84.5 17 -1 5 -1
0 1 0 24.5 84.5 17 -1 5 -1
0 1 1 24.6 84.5 17 -1 5 -1
0 1 2 24.6 84.5 17 -1 5 -1
0 1 0 24.6 84.5 17 -1 5 -1
0 1 0 24.6 84.5 17 -1 5 -1
0 1 0 24.6 84.5 17 -1 5 -1
0 1 0 24.5 84.5 17 -1 5 -1
0 1 0 24.6 84.5 15 -1 5 -1
0 1 2 24.5 84.5 15 -1 5 -1
0 1 10 24.6 84.0 15 -1 5 -1
0 1 34 24.5 84.5 19 -1 5 -1
0 1 16 24.5 84.0 15 -1 5 -1
0 1 16 24.5 84.0 15 -1 5 -1
0 1 8 24.5 84.0 15 -1 5 -1
0 1 15 24.5 84.0 19 -1 5 -1
0 1 4 24.4 84.0 19 -1 5 -1
0 1 15 24.4 84.0 15 -1 5 -1
0 1 0 24.5 84.0 15 -1 5 -1
0 1 0 24.4 84.0 15 -1 5 -1
0 1 2 24.5 84.0 15 -1 5 -1
0 1 0 24.5 84.0 15 -1 5 -1
0 1 4 24.5 84.0 15 -1 5 -1
0 1 4 24.5 84.0 19 -1 5 -1
0 1 0 24.5 84.0 19 -1 5 -1
0 1 6 24.5 84.0 19 -1 5 -1
0 1 7 24.4 84.0 19 -1 5 -1
0 1 5 24.6 84.0 17 -1 5 -1
0 1 2 24.5 84.0 17 -1 5 -1
0 1 14 24.5 84.0 17 -1 5 -1
0 1 6 24.6 84.0 17 -1 5 -1
0 1 3 24.7 84.0 17 -1 5 -1
0 1 6 24.6 84.0 17 -1 5 -1
0 1 0 24.7 84.0 17 -1 5 -1
0 1 6 24.7 84.0 17 -1 5 -1
0 1 3 24.7 84.0 17 -1 5 -1
0 1 3 24.7 84.0 17 -1 5 -1
0 1 3 24.7 84.0 17 -1 5 -1
0 1 12 24.7 83.5 17 -1 5 -1
0 1 24 24.6 83.5 17 -1 5 -1
0 1 34 24.6 84.0 15 -1 5 -1
0 1 39 24.6 83.5 15 -1 5 -1
0 1 17 24.5 83.5 17 -1 5 -1
0 1 2 24.6 83.5 17 -1 5 -1
0 1 2 24.6 83.5 17 -1 5 -1
0 1 2 24.6 83.5 17 -1 5 -1
0 1 2 24.5 83.5 17 -1 5 -1
0 1 0 24.5 83.5 15 -1 5 -1
0 1 0 24.5 83.5 15 -1 5 -1
0 1 0 24.4 83.5 15 -1 5 -1
0 1 0 24.5 83.5 15 -1 5 -1
0 1 1 24.5 83.5 15 -1 5 -1
0 1 0 24.4 83.5 15 -1 5 -1
0 1 2 24.4 83.5 15 -1 5 -1
0 1 0 24.5 83.5 15 -1 5 -1
0 1 0 24.4 83.5 15 -1 5 -1
0 1 0 24.5 83.5 15 -1 5 -1
0 1 0 24.4 83.5 15 -1 5 -1
0 1 0 24.4 83.5 15 -1 5 -1
0 1 0 24.5 83.5 15 -1 5 -1
0 1 0 24.5 83.5 15 -1 5 -1
0 1 0 24.4 83.5 15 -1 5 -1
0 1 0 24.4 83.5 15 -1 5 -1
0 1 0 24.4 83.5 15 -1 5 -1
0 1 0 24.4 83.5 15 -1 5 -1
0 1 0 24.4 83.5 15 -1 5 -1
0 1 0 24.4 83.5 15 -1 5 -1
0 1 0 24.4 83.5 15 -1 5 -1
0 1 0 24.4 83.5 15 -1 5 -1
0 1 0 24.4 83.5 15 -1 5 -1
0 1 0 24.5 83.5 15 -1 5 -1
0 1 2 24.4 83.5 15 -1 5 -1
0 1 1 24.4 83.5 15 -1 5 -1
0 1 0 24.4 83.5 15 -1 5 -1
0 1 0 24.5 83.5 15 -1 5 -1
0 1 0 24.4 83.5 15 -1 5 -1
0 1 0 24.4 83.5 15 -1 5 -1
0 1 0 24.4 83.5 15 -1 5 -1
0 1 0 24.4 83.5 15 -1 5 -1
0 1 0 24.4 83.5 15 -1 5 -1
0 1 0 24.4 83.5 15 -1 5 -1
0 1 0 24.4 83.5 15 -1 5 -1
0 1 0 24.4 83.5 15 -1 5 -1
0 1 0 24.3 83.5 15 -1 5 -1
0 1 0 24.4 83.5 15 -1 5 -1
0 1 0 24.4 83.5 15 -1 5 -1
0 1 0 24.3 83.5 15 -1 5 -1
0 1 0 24.3 83.5 15 -1 5 -1
0 1 0 24.3 83.5 15 -1 5 -1
0 1 9 24.4 83.5 15 -1 5 -1
0 1 15 24.3 83.5 23 -1 6 -1
1 1 9 24.3 83.5 23 -1 6 -1
0 1 0 24.3 83.5 23 -1 6 -1
0 1 0 24.3 83.5 23 -1 6 -1
0 1 0 24.4 83.5 23 -1 6 -1
0 1 0 24.3 83.5 23 -1 6 -1
0 1 0 24.3 83.5 23 -1 6 -1
0 1 0 24.4 83.5 23 -1 6 -1
0 1 10 24.4 83.5 23 -1 6 -1
0 1 0 24.4 83.5 23 -1 6 -1
0 1 0 24.4 83.5 23 -1 6 -1
0 1 19 24.3 83.5 23 -1 6 -1
0 1 8 24.3 83.5 23 -1 6 -1
0 1 2 24.3 83.5 23 -1 6 -1
0 1 5 24.4 83.5 23 -1 6 -1
0 1 0 24.4 83.5 23 -1 6 -1
0 1 0 24.3 83.5 23 -1 6 -1
0 1 1 24.4 83.5 23 -1 6 -1
0 1 0 24.3 83.5 23 -1 6 -1
0 1 0 24.3 83.5 23 -1 6 -1
0 1 0 24.4 83.5 23 -1 6 -1
0 1 0 24.3 83.5 23 -1 6 -1
0 1 2 24.4 83.5 23 -1 6 -1
0 1 0 24.4 83.5 23 -1 6 -1
0 1 0 24.4 83.5 23 -1 6 -1
0 1 6 24.4 83.5 23 -1 6 -1
0 1 0 24.3 83.5 23 -1 6 -1
0 1 4 24.3 83.5 23 -1 6 -1
0 1 0 24.2 83.5 23 -1 6 -1
0 1 0 24.2 83.5 23 -1 6 -1
0 1 0 24.3 83.5 23 -1 6 -1
0 1 0 24.3 83.5 23 -1 6 -1
0 1 0 24.3 83.5 23 -1 6 -1
0 1 0 24.2 83.5 23 -1 6 -1
0 1 0 24.3 83.5 23 -1 6 -1
0 1 0 24.3 83.5 23 -1 6 -1
0 1 0 24.3 83.5 23 -1 6 -1
0 1 0 24.3 83.5 23 -1 6 -1
0 1 2 24.3 83.5 23 -1 6 -1
0 1 1 24.3 83.5 23 -1 6 -1
0 1 1 24.3 83.5 23 -1 6 -1
0 1 0 24.3 83.5 23 -1 6 -1
0 1 0 24.4 83.5 23 -1 6 -1
0 1 0 24.3 83.0 23 -1 6 -1
0 1 0 24.4 83.0 23 -1 6 -1
0 1 7 24.4 83.0 23 -1 6 -1
0 1 8 24.4 83.0 23 -1 6 -1
0 1 0 24.4 83.0 23 -1 6 -1
0 1 0 24.4 83.0 23 -1 6 -1
0 1 4 24.4 83.0 23 -1 6 -1
0 1 0 24.5 83.0 23 -1 6 -1
0 1 0 24.5 83.0 23 -1 6 -1
0 1 4 24.6 83.0 23 -1 6 -1
0 1 0 24.5 83.0 23 -1 6 -1
0 1 0 24.5 83.0 23 -1 6 -1
0 1 5 24.6 83.0 23 -1 6 -1
0 1 4 24.6 83.0 23 -1 6 -1
0 1 0 24.6 83.0 23 -1 6 -1
0 1 0 24.6 83.0 23 -1 6 -1
0 1 0 24.5 82.5 23 -1 6 -1
0 1 0 24.6 83.0 23 -1 6 -1
0 1 3 24.6 82.5 23 -1 6 -1
0 1 0 24.6 82.5 23 -1 6 -1
0 1 0 24.7 82.5 23 -1 6 -1
0 1 2 24.6 82.5 23 -1 6 -1
0 1 13 24.7 82.5 23 -1 6 -1
0 1 7 24.7 82.5 23 -1 6 -1
0 1 0 24.7 82.5 23 -1 6 -1
0 1 0 24.7 82.5 23 -1 6 -1
0 1 4 24.7 83.0 23 -1 6 -1
0 1 0 24.6 82.5 23 -1 6 -1
0 1 0 24.8 82.5 23 -1 6 -1
0 1 0 24.7 82.5 23 -1 6 -1
0 1 8 24.7 82.5 23 -1 6 -1
0 1 1 24.8 82.5 23 -1 6 -1
0 1 0 24.7 82.5 23 -1 6 -1
0 1 0 24.8 82.5 23 -1 6 -1
0 1 0 24.8 82.5 23 -1 6 -1
0 1 0 24.8 82.5 23 -1 6 -1
0 1 2 24.8 82.5 23 -1 6 -1
0 1 3 24.8 82.5 23 -1 6 -1
0 1 9 24.8 82.5 23 -1 6 -1
0 1 21 24.9 82.5 23 -1 6 -1
0 1 0 24.8 82.5 23 -1 6 -1
0 1 0 24.8 82.5 23 -1 6 -1
0 1 0 24.8 82.5 23 -1 6 -1
0 1 0 24.8 82.5 23 -1 6 -1
0 1 0 24.8 82.5 23 -1 6 -1
0 1 0 24.8 82.5 23 -1 6 -1
0 1 0 24.8 82.5 23 -1 6 -1
0 1 0 24.8 82.5 23 -1 6 -1
0 1 0 24.8 82.5 23 -1 6 -1
0 1 0 24.9 82.5 23 -1 6 -1
0 1 0 24.8 82.5 23 -1 6 -1
0 1 0 24.8 82.5 23 -1 6 -1
0 1 0 24.8 82.5 23 -1 6 -1
0 1 0 24.8 82.5 23 -1 6 -1
0 1 0 24.8 82.5 23 -1 6 -1
0 1 0 24.8 82.5 23 -1 6 -1
0 1 0 24.9 82.5 23 -1 6 -1
0 1 0 24.9 82.5 23 -1 6 -1
0 1 0 24.8 82.5 23 -1 6 -1
0 1 0 24.8 82.5 23 -1 6 -1
0 1 0 24.8 82.5 23 -1 6 -1
0 1 68 24.9 82.5 23 c26 6 -1
0 1 13 24.9 82.5 23 c26 6 -1
0 1 3 24.9 82.5 23 c26 6 -1
0 1 0 24.9 82.0 23 c26 6 -1
0 1 0 24.8 81.5 23 c26 6 -1
0 1 0 24.6 80.5 23 c26 6 -1
0 1 0 24.6 79.5 23 c26 6 -1
0 1 0 24.5 79.5 23 c26 6 -1
0 1 0 24.3 78.5 23 c26 6 -1
0 1 8 24.3 78.0 23 c26 6 -1
0 1 0 24.2 77.0 23 c26 6 -1
0 1 0 24.2 76.5 23 c26 6 -1
0 1 0 24.1 76.5 23 c26 6 -1
0 1 5 24.0 77.0 23 c26 6 -1
0 1 0 24.0 77.0 23 c26 6 -1
0 1 0 24.1 77.5 23 c26 6 -1
0 1 0 24.1 78.0 23 c26 6 -1
0 1 0 24.0 78.0 23 c26 6 -1
0 1 0 24.1 78.5 23 c26 6 -1
0 1 9 24.1 79.0 23 c26 6 -1
0 1 0 24.2 79.0 23 c26 6 -1
0 1 6 24.2 79.5 23 c26 6 -1
0 1 5 24.2 79.5 23 c26 6 -1
0 1 2 24.2 79.5 23 c26 6 -1
0 1 0 24.2 80.0 23 c26 6 -1
0 1 0 24.2 80.0 23 c26 6 -1
0 1 0 24.2 80.5 23 c26 6 -1
0 1 4 24.2 80.5 23 c26 6 -1
0 1 0 24.3 80.5 23 c26 6 -1
0 1 0 24.2 80.5 23 c26 6 -1
0 1 0 24.2 81.0 23 c26 6 -1
0 1 0 24.3 81.0 23 c26 6 -1
0 1 0 24.3 81.0 23 c26 6 -1
0 1 0 24.3 81.0 23 c26 6 -1
0 1 0 24.4 81.0 23 c26 6 -1
0 1 0 24.4 81.5 23 c26 6 -1
0 1 6 24.4 81.5 23 c26 6 -1
0 1 3 24.3 81.5 23 c26 6 -1
0 1 0 24.4 81.5 23 c26 6 -1
0 1 2 24.4 81.5 23 c26 6 -1
0 1 0 24.4 82.0 23 c26 6 -1
0 1 3 24.5 82.0 23 c26 6 -1
0 1 9 24.4 82.0 23 c26 6 -1
0 1 1 24.4 82.0 23 c26 6 -1
0 1 4 24.5 82.0 23 c26 6 -1
0 1 2 24.5 82.0 23 c26 6 -1
0 1 3 24.6 82.0 23 c26 6 -1
0 1 3 24.5 82.0 23 c26 6 -1
0 1 0 24.6 82.0 23 c26 6 -1
0 1 1 24.6 82.0 23 c26 6 -1
0 1 0 24.5 82.0 23 c26 6 -1
0 1 3 24.6 82.5 23 c26 6 -1
0 1 0 24.6 82.5 23 c26 6 -1
0 1 3 24.6 82.5 23 c26 6 -1
0 1 0 24.6 82.5 23 c26 6 -1
0 1 0 24.6 82.5 23 c26 6 -1
0 1 4 24.6 82.5 23 c26 6 -1
0 1 0 24.6 81.5 23 c26 6 -1
0 1 0 24.5 80.5 23 c26 6 -1
0 1 0 24.4 80.0 23 c26 6 -1
0 1 0 24.3 79.0 23 c26 6 -1
0 1 1 24.2 79.0 23 c26 6 -1
0 1 0 24.1 78.0 23 c26 6 -1
0 1 0 24.1 77.5 23 c26 6 -1
0 1 8 24.0 77.0 23 c26 6 -1
0 1 11 24.0 77.0 23 c26 6 -1
0 1 2 24.0 77.5 23 c26 6 -1
0 1 5 23.9 78.0 23 c26 6 -1
0 1 0 24.0 78.5 23 c26 6 -1
0 1 0 24.0 78.5 23 c26 6 -1
0 1 0 24.1 79.0 23 c26 6 -1
0 1 0 24.0 79.0 23 c26 6 -1
0 1 4 24.1 79.0 23 c26 6 -1
0 1 1 24.1 79.5 23 c26 6 -1
0 1 0 24.1 79.5 23 c26 6 -1
0 1 3 24.1 80.0 23 c26 6 -1
0 1 31 24.1 80.0 14 c26 0 -1
0 1 0 24.1 80.0 2 c26 0 -1
0 1 0 24.1 80.0 2 c26 0 -1
0 1 0 24.2 80.0 2 c26 0 -1
0 1 0 24.2 80.0 2 c26 0 -1
0 1 0 24.2 80.0 2 c26 0 -1
0 1 0 24.2 80.0 2 c26 0 -1
0 1 0 24.3 80.0 2 c26 0 -1
0 1 0 24.3 80.0 2 c26 0 -1
0 1 0 24.2 80.0 2 c26 0 -1
0 1 0 24.3 80.0 2 c26 0 -1
0 1 0 24.3 80.0 2 c26 0 -1
0 1 0 24.4 80.5 2 c26 0 -1
0 1 0 24.4 80.0 2 c26 0 -1
0 1 0 24.4 80.0 2 c26 0 -1
0 1 0 24.3 80.0 2 c26 0 -1
0 1 0 24.4 80.0 2 c26 0 -1
0 1 0 24.4 80.0 2 c26 0 -1
0 1 0 24.4 80.5 2 c26 0 -1
0 1 0 24.4 80.5 2 c26 0 -1
0 1 0 24.4 80.5 2 c26 0 -1
0 1 0 24.4 80.5 2 c26 0 -1
0 1 0 24.5 80.5 2 c26 0 -1
0 1 0 24.5 80.5 2 c26 0 -1
0 1 0 24.6 80.5 2 c26 0 -1
0 1 0 24.5 80.5 2 c26 0 -1
0 1 0 24.5 80.5 2 c26 0 -1
0 1 0 24.5 80.5 2 c26 0 -1
0 1 0 24.5 80.5 2 c26 0 -1
0 1 0 24.5 80.5 2 c26 0 -1
0 1 0 24.5 80.5 2 c26 0 -1
0 1 0 24.5 80.5 2 c26 0 -1
0 1 0 24.6 80.5 2 c26 0 -1
0 1 0 24.6 80.5 2 c26 0 -1
0 1 0 24.5 80.5 2 c26 0 -1
0 1 0 24.5 80.5 2 c26 0 -1
0 1 0 24.5 80.5 2 c26 0 -1
0 1 0 24.6 80.5 2 c26 0 -1
0 1 0 24.6 80.5 2 c26 0 -1
0 1 0 24.6 80.5 2 c26 0 -1
0 1 0 24.6 80.5 2 c26 0 -1
0 1 0 24.6 80.5 2 c26 0 -1
0 1 0 24.6 80.5 2 c26 0 -1
0 1 0 24.5 80.5 2 c26 0 -1
0 1 0 24.6 80.5 2 c26 0 -1
0 1 0 24.6 80.5 2 c26 0 -1
0 1 0 24.6 80.5 2 c26 0 -1
0 1 0 24.6 80.5 2 c26 0 -1
0 1 0 24.6 80.5 2 c26 0 -1
0 1 0 24.6 80.5 2 c26 0 -1
0 1 0 24.6 80.5 2 c26 0 -1
0 1 0 24.6 80.5 2 c26 0 -1
0 1 0 24.6 80.5 2 c26 0 -1
0 1 0 24.6 80.5 2 c26 0 -1
0 1 0 24.6 80.5 2 c26 0 -1
0 1 0 24.6 80.5 2 c26 0 -1
0 1 0 24.6 80.5 2 c26 0 -1
0 1 0 24.7 80.5 2 c26 0 -1
0 1 0 24.7 80.5 2 c26 0 -1
0 1 0 24.7 80.5 2 c26 0 -1
0 1 0 24.6 80.5 2 c26 0 -1
0 1 0 24.7 80.5 2 c26 0 -1
0 1 0 24.7 80.5 2 c26 0 -1
0 1 0 24.7 80.5 2 c26 0 -1
0 1 0 24.7 81.0 2 c26 0 -1
0 1 0 24.7 80.5 2 c26 0 -1
0 1 0 24.7 80.5 2 c26 0 -1
0 1 0 24.7 80.5 2 c26 0 -1
0 1 0 24.6 80.5 2 c26 0 -1
0 1 0 24.7 80.5 2 c26 0 -1
0 1 0 24.7 80.5 2 c26 0 -1
0 1 0 24.7 80.5 2 c26 0 -1
0 1 0 24.7 80.5 2 c26 0 -1
0 1 0 24.7 80.5 2 c26 0 -1
0 1 0 24.7 80.5 2 c26 0 -1
0 1 0 24.6 80.5 2 c26 0 -1
0 1 0 24.7 80.5 2 c26 0 -1
0 1 0 24.7 80.5 2 c26 0 -1
0 1 0 24.7 80.5 2 c26 0 -1
0 1 0 24.7 80.5 2 c26 0 -1
0 1 0 24.7 80.5 2 c26 0 -1
0 1 0 24.7 80.5 2 c26 0 -1
0 1 0 24.7 80.5 2 c26 0 -1
0 1 0 24.7 80.5 2 c26 0 -1
0 1 0 24.7 80.5 2 c26 0 -1
0 1 0 24.7 80.5 2 c26 0 -1
0 1 0 24.7 80.5 2 c26 0 -1
0 1 0 24.7 80.5 2 c26 0 -1
0 1 0 24.7 80.5 2 c26 0 -1
0 1 0 24.8 80.5 2 c26 0 -1
0 1 0 24.7 80.5 2 c26 0 -1
0 1 0 24.8 80.5 2 c26 0 -1
0 1 0 24.7 80.5 2 c26 0 -1
0 1 0 24.7 80.5 2 c26 0 -1
0 1 0 24.8 80.5 2 c26 0 -1
0 1 0 24.8 80.5 2 c26 0 -1
