0 1 0 24.8 80.5 2 -1 0 -1
0 1 0 24.8 80.5 2 -1 0 -1
0 1 0 24.8 80.5 2 -1 0 -1
0 1 0 24.7 80.5 2 -1 0 -1
0 1 0 24.8 80.5 2 -1 0 -1
0 1 0 24.8 80.5 2 -1 0 -1
0 1 0 24.7 80.5 2 -1 0 -1
0 1 0 24.8 80.5 2 -1 0 -1
0 1 0 24.8 80.5 2 -1 0 -1
0 1 0 24.8 80.5 2 -1 0 -1
0 1 0 24.8 80.5 2 -1 0 -1
0 1 0 24.8 80.5 2 -1 0 -1
0 1 0 24.8 80.5 2 -1 0 -1
0 1 0 24.7 80.5 2 -1 0 -1
0 1 0 24.8 80.5 2 -1 0 -1
0 1 0 24.8 80.5 2 -1 0 -1
0 1 0 24.8 80.5 2 -1 0 -1
0 1 0 24.8 80.5 2 -1 0 -1
0 1 0 24.8 80.5 2 -1 0 -1
0 1 0 24.8 80.5 2 -1 0 -1
0 1 0 24.8 80.5 2 -1 0 -1
0 1 0 24.8 80.5 2 -1 0 -1
0 1 0 24.8 80.5 2 -1 0 -1
0 1 0 24.9 80.5 2 -1 0 -1
0 1 0 24.8 80.5 2 -1 0 -1
0 1 0 24.8 80.5 2 -1 0 -1
0 1 0 24.9 80.5 2 -1 0 -1
0 1 0 24.8 80.5 2 -1 0 -1
0 1 0 24.8 80.5 2 -1 0 -1
0 1 0 24.8 80.5 2 -1 0 -1
0 1 0 24.8 80.5 2 -1 0 -1
0 1 0 24.8 80.5 2 -1 0 -1
0 1 0 24.8 80.5 2 -1 0 -1
0 1 0 24.8 80.5 2 -1 0 -1
0 1 0 24.8 80.5 2 -1 0 -1
0 1 0 24.8 80.5 2 -1 0 -1
0 1 0 24.8 80.5 2 -1 0 -1
0 1 0 24.8 80.5 2 -1 0 -1
0 1 0 24.8 80.5 2 -1 0 -1
0 1 0 24.8 80.5 2 -1 0 -1
0 1 0 24.9 80.5 2 -1 0 -1
0 1 0 24.9 80.5 2 -1 0 -1
0 1 0 24.8 80.5 2 -1 0 -1
0 1 0 24.9 80.5 2 -1 0 -1
0 1 0 24.8 80.5 2 -1 0 -1
0 1 0 24.9 80.5 2 -1 0 -1
0 1 0 24.8 80.5 2 -1 0 -1
0 1 0 24.9 80.5 2 -1 0 -1
0 1 0 24.9 80.5 2 -1 0 -1
0 1 0 24.8 80.5 2 -1 0 -1
0 1 0 24.9 80.5 2 -1 0 -1
0 1 0 24.8 80.5 2 -1 0 -1
0 1 0 24.9 80.5 2 -1 0 -1
0 1 0 24.9 80.5 2 -1 0 -1
0 1 0 24.9 80.5 2 -1 0 -1
0 1 0 24.9 80.5 2 -1 0 -1
0 1 0 24.9 80.5 2 -1 0 -1
0 1 0 24.9 80.5 2 -1 0 -1
0 1 0 24.9 80.5 2 -1 0 -1
0 1 0 25.0 80.5 2 -1 0 -1
0 1 0 24.9 80.5 2 -1 0 -1
0 1 0 24.9 80.5 2 -1 0 -1
0 1 0 24.8 80.5 2 -1 0 -1
0 1 0 24.9 80.5 2 -1 0 -1
0 1 0 24.9 80.5 2 -1 0 -1
0 1 0 24.9 80.5 2 -1 0 -1
0 1 0 24.9 80.5 2 -1 0 -1
0 1 0 24.9 80.5 2 -1 0 -1
0 1 0 24.9 80.5 2 -1 0 -1
0 1 0 24.8 80.5 2 -1 0 -1
0 1 0 24.9 80.5 2 -1 0 -1
0 1 0 24.9 80.5 2 -1 0 -1
0 1 0 24.9 80.5 2 -1 0 -1
0 1 0 24.8 80.5 2 -1 0 -1
0 1 0 24.9 80.5 2 -1 0 -1
0 1 0 24.9 80.5 2 -1 0 -1
0 1 0 24.9 80.5 2 -1 0 -1
0 1 0 24.9 80.5 2 -1 0 -1
0 1 0 24.9 80.5 2 -1 0 -1
0 1 0 24.9 80.5 2 -1 0 -1
0 1 0 24.9 80.5 2 -1 0 -1
0 1 0 24.9 80.5 2 -1 0 -1
0 1 0 24.9 80.5 2 -1 0 -1
0 1 0 24.9 80.5 2 -1 0 -1
0 1 0 24.9 80.5 2 -1 0 -1
0 1 0 24.8 80.5 2 -1 0 -1
0 1 0 24.9 80.5 2 -1 0 -1
0 1 0 24.9 80.5 2 -1 0 -1
0 1 0 24.9 80.5 2 -1 0 -1
0 1 0 24.9 80.5 2 -1 0 -1
0 1 0 24.9 80.5 2 -1 0 -1
0 1 0 25.0 80.5 2 -1 0 -1
0 1 0 24.9 80.5 2 -1 0 -1
0 1 0 25.0 80.5 2 -1 0 -1
0 1 0 25.0 80.5 2 -1 0 -1
0 1 0 24.9 80.5 2 -1 0 -1
0 1 0 24.9 80.5 2 -1 0 -1
0 1 0 24.9 80.5 2 -1 0 -1
0 1 0 25.0 80.5 2 -1 0 -1
0 1 0 25.0 80.5 2 -1 0 -1
0 1 0 24.9 80.5 2 -1 0 -1
0 1 0 24.9 80.5 2 -1 0 -1
0 1 0 24.9 80.5 2 -1 0 -1
0 1 0 24.9 80.5 2 -1 0 -1
0 1 0 24.9 80.5 2 -1 0 -1
0 1 0 25.0 80.5 2 -1 0 -1
0 1 0 24.9 80.5 2 -1 0 -1
0 1 0 24.9 80.5 2 -1 0 -1
0 1 0 25.0 80.5 2 -1 0 -1
0 1 0 24.9 80.5 2 -1 0 -1
0 1 0 24.9 80.5 2 -1 0 -1
0 1 0 24.9 80.5 2 -1 0 -1
0 1 0 25.0 80.5 2 -1 0 -1
0 1 0 25.0 80.5 2 -1 0 -1
0 1 0 25.0 80.5 2 -1 0 -1
0 1 0 24.9 80.5 2 -1 0 -1
0 1 0 25.0 80.5 2 -1 0 -1
0 1 0 24.9 80.5 2 -1 0 -1
0 1 0 24.9 80.5 2 -1 0 -1
0 1 0 24.9 80.5 2 -1 0 -1
0 1 0 24.9 80.5 2 -1 0 -1
0 1 0 25.0 80.5 2 -1 0 -1
0 1 0 24.9 80.5 2 -1 0 -1
0 1 0 24.9 80.5 2 -1 0 -1
0 1 0 24.9 80.5 2 -1 0 -1
0 1 0 24.9 80.5 2 -1 0 -1
0 1 0 25.0 80.5 2 -1 0 -1
0 1 0 25.0 80.5 2 -1 0 -1
0 1 0 25.0 80.5 2 -1 0 -1
0 1 0 25.0 80.5 2 -1 0 -1
0 1 0 24.9 80.5 2 -1 0 -1
0 1 0 24.9 80.5 2 -1 0 -1
0 1 0 25.0 80.5 2 -1 0 -1
0 1 0 24.9 80.5 2 -1 0 -1
0 1 0 25.0 80.5 2 -1 0 -1
0 1 0 25.0 80.5 2 -1 0 -1
0 1 0 25.0 80.5 2 -1 0 -1
0 1 0 24.9 80.5 2 -1 0 -1
0 1 0 24.9 80.5 2 -1 0 -1
0 1 0 25.0 80.5 2 -1 0 -1
0 1 0 25.0 80.5 2 -1 0 -1
0 1 0 25.0 80.5 2 -1 0 -1
0 1 0 25.0 80.5 2 -1 0 -1
0 1 0 25.0 80.5 2 -1 0 -1
0 1 0 25.0 80.5 2 -1 0 -1
0 1 0 25.0 80.5 2 -1 0 -1
0 1 0 25.0 80.5 2 -1 0 -1
0 1 0 24.9 80.5 2 -1 0 -1
0 1 0 24.9 80.5 2 -1 0 -1
0 1 0 25.0 80.5 2 -1 0 -1
0 1 0 25.0 80.5 2 -1 0 -1
0 1 0 25.0 80.5 2 -1 0 -1
0 1 0 24.9 80.5 2 -1 0 -1
0 1 0 25.0 80.5 2 -1 0 -1
0 1 0 25.0 80.5 2 -1 0 -1
0 1 0 25.0 80.5 2 -1 0 -1
0 1 0 25.0 80.5 2 -1 0 -1
0 1 0 25.0 80.5 2 -1 0 -1
0 1 0 24.9 80.5 2 -1 0 -1
0 1 0 24.9 80.5 2 -1 0 -1
0 1 0 25.0 80.5 2 -1 0 -1
0 1 0 25.0 80.5 2 -1 0 -1
0 1 0 25.0 80.5 2 -1 0 -1
0 1 0 25.0 80.5 2 -1 0 -1
0 1 0 25.0 80.5 2 -1 0 -1
0 1 0 24.9 80.5 2 -1 0 -1
0 1 0 25.0 80.5 2 -1 0 -1
0 1 0 25.0 80.5 2 -1 0 -1
0 1 0 25.0 80.5 2 -1 0 -1
0 1 0 25.0 80.5 2 -1 0 -1
0 1 0 24.9 80.5 2 -1 0 -1
0 1 0 25.0 80.5 2 -1 0 -1
0 1 0 24.9 80.5 2 -1 0 -1
0 1 0 25.0 80.5 2 -1 0 -1
0 1 0 25.0 80.5 2 -1 0 -1
0 1 0 25.0 80.5 2 -1 0 -1
0 1 0 24.9 80.5 2 -1 0 -1
0 1 0 25.0 80.5 2 -1 0 -1
0 1 0 25.0 80.5 2 -1 0 -1
0 1 0 24.9 80.5 2 -1 0 -1
0 1 0 25.0 80.5 2 -1 0 -1
0 1 0 25.0 80.5 2 -1 0 -1
0 1 0 25.0 80.5 2 -1 0 -1
0 1 0 25.0 80.5 2 -1 0 -1
0 1 0 25.0 80.5 2 -1 0 -1
0 1 0 25.0 80.5 2 -1 0 -1
0 1 0 25.0 80.5 2 -1 0 -1
0 1 0 25.0 80.5 2 -1 0 -1
0 1 0 24.9 80.5 2 -1 0 -1
0 1 0 25.0 80.5 2 -1 0 -1
0 1 0 25.0 80.5 2 -1 0 -1
0 1 0 25.0 80.5 2 -1 0 -1
0 1 0 25.0 80.5 2 -1 0 -1
0 1 0 25.0 80.5 2 -1 0 -1
0 1 0 24.9 80.5 2 -1 0 -1
0 1 0 24.9 80.5 2 -1 0 -1
0 1 0 24.9 80.5 2 -1 0 -1
0 1 0 24.9 80.5 2 -1 0 -1
0 1 0 25.0 80.5 2 -1 0 -1
0 1 0 25.0 80.5 2 -1 0 -1
0 1 0 25.1 80.5 2 -1 0 -1
0 1 0 25.0 80.5 2 -1 0 -1
0 1 0 25.0 80.5 2 -1 0 -1
0 1 0 25.0 80.5 2 -1 0 -1
0 1 0 25.0 80.5 2 -1 0 -1
0 1 0 25.0 80.5 2 -1 0 -1
0 1 0 25.0 80.5 2 -1 0 -1
0 1 0 25.1 80.5 2 -1 0 -1
0 1 0 25.0 80.5 2 -1 0 -1
0 1 0 25.0 80.5 2 -1 0 -1
0 1 0 25.0 80.5 2 -1 0 -1
0 1 0 25.0 80.5 2 -1 0 -1
0 1 0 25.0 80.5 2 -1 0 -1
0 1 0 25.0 80.5 2 -1 0 -1
0 1 0 25.0 80.5 2 -1 0 -1
0 1 0 25.0 80.5 2 -1 0 -1
0 1 0 25.0 80.5 2 -1 0 -1
0 1 0 25.0 80.5 2 -1 0 -1
0 1 0 25.0 80.5 2 -1 0 -1
0 1 0 25.0 80.5 2 -1 0 -1
0 1 0 25.0 80.5 2 -1 0 -1
0 1 0 25.0 80.5 2 -1 0 -1
0 1 0 25.0 80.5 2 -1 0 -1
0 1 0 25.0 80.5 2 -1 0 -1
0 1 0 25.0 80.5 2 -1 0 -1
0 1 0 25.0 80.5 2 -1 0 -1
0 1 0 24.9 80.5 2 -1 0 -1
0 1 0 25.0 80.5 2 -1 0 -1
0 1 0 25.0 80.5 2 -1 0 -1
0 1 0 25.0 80.5 2 -1 0 -1
0 1 0 25.0 80.5 2 -1 0 -1
0 1 0 25.0 80.5 2 -1 0 -1
0 1 0 25.0 80.5 2 -1 0 -1
0 1 0 25.0 80.5 2 -1 0 -1
0 1 0 25.0 80.5 2 -1 0 -1
0 1 0 25.0 80.5 2 -1 0 -1
0 1 0 24.9 80.5 2 -1 0 -1
0 1 0 25.0 80.5 2 -1 0 -1
0 1 0 25.0 80.5 2 -1 0 -1
0 1 0 25.0 80.5 2 -1 0 -1
0 1 0 25.0 80.5 2 -1 0 -1
0 1 0 25.0 80.5 2 -1 0 -1
0 1 0 25.0 80.5 2 -1 0 -1
0 1 0 25.0 80.5 2 -1 0 -1
0 1 0 25.0 80.5 2 -1 0 -1
0 1 0 25.0 80.5 2 -1 0 -1
0 1 0 25.1 80.5 2 -1 0 -1
0 1 0 25.0 80.5 2 -1 0 -1
0 1 0 25.0 80.5 2 -1 0 -1
0 1 0 25.0 80.5 2 -1 0 -1
0 1 0 25.0 80.5 2 -1 0 -1
0 1 0 25.1 80.5 2 -1 0 -1
0 1 0 25.0 80.5 2 -1 0 -1
0 1 0 25.0 80.5 2 -1 0 -1
0 1 0 25.0 80.5 2 -1 0 -1
0 1 0 25.0 80.5 2 -1 0 -1
0 1 0 25.0 80.5 2 -1 0 -1
0 1 0 25.0 80.5 2 -1 0 -1
0 1 0 25.0 80.5 2 -1 0 -1
0 1 0 25.0 80.5 2 -1 0 -1
0 1 0 25.0 80.5 2 -1 0 -1
0 1 0 25.0 80.5 2 -1 0 -1
0 1 0 25.0 80.5 2 -1 0 -1
0 1 0 25.0 80.5 2 -1 0 -1
0 1 0 25.0 80.5 2 -1 0 -1
0 1 0 25.0 80.5 2 -1 0 -1
0 1 0 25.0 80.5 2 -1 0 -1
0 1 0 25.0 80.5 2 -1 0 -1
0 1 0 24.9 80.5 2 -1 0 -1
0 1 0 25.0 80.5 2 -1 0 -1
0 1 0 25.1 80.5 2 -1 0 -1
0 1 0 25.0 80.5 2 -1 0 -1
0 1 0 25.0 80.5 2 -1 0 -1
0 1 0 25.0 80.5 2 -1 0 -1
0 1 0 25.0 80.5 2 -1 0 -1
0 1 0 25.0 80.5 2 -1 0 -1
0 1 0 25.0 80.5 2 -1 0 -1
0 1 0 25.0 80.5 2 -1 0 -1
0 1 0 25.0 80.5 2 -1 0 -1
0 1 0 25.0 80.5 2 -1 0 -1
0 1 0 25.0 80.5 2 -1 0 -1
0 1 0 25.0 80.5 2 -1 0 -1
0 1 0 25.0 80.5 2 -1 0 -1
0 1 0 25.0 80.5 2 -1 0 -1
0 1 0 25.0 80.5 2 -1 0 -1
0 1 0 25.0 80.5 2 -1 0 -1
0 1 0 25.1 80.5 2 -1 0 -1
0 1 0 25.0 80.5 2 -1 0 -1
0 1 0 25.0 80.5 2 -1 0 -1
0 1 0 25.0 80.5 2 -1 0 -1
0 1 0 25.0 80.5 2 -1 0 -1
0 1 0 25.0 80.5 2 -1 0 -1
0 1 0 25.0 80.5 2 -1 0 -1
0 1 0 25.1 80.5 2 -1 0 -1
0 1 0 25.0 80.5 2 -1 0 -1
0 1 0 25.1 80.5 2 -1 0 -1
0 1 0 25.0 80.5 2 -1 0 -1
0 1 0 25.0 80.5 2 -1 0 -1
0 1 0 25.1 80.5 2 -1 0 -1
0 1 0 24.9 80.5 2 -1 0 -1
0 1 0 25.0 80.5 2 -1 0 -1
0 1 0 25.0 80.5 2 -1 0 -1
0 1 0 25.0 80.5 2 -1 0 -1
0 1 0 25.0 80.5 2 -1 0 -1
0 1 0 25.0 80.5 2 -1 0 -1
0 1 0 25.1 80.5 2 -1 0 -1
0 1 0 25.0 80.5 2 -1 0 -1
0 1 0 25.0 80.5 2 -1 0 -1
0 1 0 25.0 80.5 2 -1 0 -1
0 1 0 25.0 80.5 2 -1 0 -1
0 1 0 25.0 80.5 2 -1 0 -1
0 1 0 25.1 80.5 2 -1 0 -1
0 1 0 25.0 80.5 1 -1 0 -1
0 1 0 25.0 80.5 1 -1 0 -1
0 1 0 25.0 80.5 1 -1 0 -1
0 1 0 25.0 80.5 1 -1 0 -1
0 1 0 25.1 80.5 1 -1 0 -1
0 1 0 25.1 80.5 1 -1 0 -1
0 1 0 25.0 80.5 1 -1 0 -1
0 1 0 25.0 80.5 1 -1 0 -1
0 1 0 25.0 80.5 1 -1 0 -1
0 1 0 25.0 80.5 1 -1 0 -1
0 1 0 25.0 80.0 1 -1 0 -1
0 1 0 25.0 80.5 1 -1 0 -1
0 1 0 25.0 80.5 1 -1 0 -1
0 1 0 25.0 80.0 1 -1 0 -1
0 1 0 25.0 80.5 1 -1 0 -1
0 1 0 25.0 80.5 1 -1 0 -1
0 1 0 25.0 80.5 1 -1 0 -1
0 1 0 25.0 80.5 1 -1 0 -1
0 1 0 25.0 80.5 1 -1 0 -1
0 1 0 25.0 80.0 1 -1 0 -1
0 1 0 25.0 80.0 1 -1 0 -1
0 1 0 25.0 80.5 1 -1 0 -1
0 1 0 25.1 80.5 1 -1 0 -1
0 1 0 25.0 80.5 0 -1 0 -1
0 1 0 25.0 80.5 0 -1 0 -1
0 1 0 25.0 80.5 0 -1 0 -1
0 1 0 25.0 80.5 0 -1 0 -1
0 1 0 25.0 80.0 0 -1 0 -1
0 1 0 25.0 80.5 0 -1 0 -1
0 1 0 25.0 80.5 0 -1 0 -1
0 1 0 25.0 80.5 0 -1 0 -1
0 1 0 25.0 80.5 0 -1 0 -1
0 1 0 25.0 80.0 0 -1 0 -1
0 1 0 25.0 80.5 2 -1 0 -1
0 1 0 25.0 80.5 2 -1 0 -1
0 1 0 25.0 80.5 2 -1 0 -1
0 1 0 24.9 80.0 2 -1 0 -1
0 1 0 25.0 80.5 3 -1 0 -1
0 1 0 25.0 80.0 3 -1 0 -1
0 1 0 25.0 80.0 1 -1 0 -1
0 1 0 25.0 80.0 1 -1 0 -1
0 1 0 25.0 80.0 1 -1 0 -1
0 1 0 25.0 80.0 1 -1 0 -1
0 1 0 25.0 80.5 1 -1 0 -1
0 1 0 25.0 80.0 2 -1 0 -1
0 1 0 25.1 80.0 2 -1 0 -1
0 1 0 25.0 80.0 2 -1 0 -1
0 1 0 25.0 80.0 2 -1 0 -1
0 1 0 25.0 80.0 2 -1 0 -1
0 1 0 25.0 80.0 2 -1 0 -1
0 1 0 25.0 80.0 2 -1 0 -1
0 1 0 25.0 80.5 2 -1 0 -1
0 1 0 25.0 80.5 2 -1 0 -1
0 1 0 25.0 80.0 2 -1 0 -1
0 1 0 25.0 80.0 2 -1 0 -1
0 1 0 25.1 80.0 2 -1 0 -1
0 1 0 25.0 80.0 2 -1 0 -1
0 1 0 25.0 80.5 2 -1 0 -1
0 1 0 25.0 80.0 2 -1 0 -1
0 1 0 25.0 80.0 4 -1 0 -1
0 1 0 25.0 80.0 4 -1 0 -1
0 1 0 25.0 80.0 1 -1 0 -1
0 1 0 25.1 80.0 2 -1 0 -1
0 1 0 25.0 80.0 2 -1 0 -1
0 1 0 25.0 80.0 4 -1 0 -1
0 1 0 25.0 80.0 4 -1 0 -1
0 1 0 24.9 80.0 6 -1 0 -1
0 1 0 25.0 80.0 5 -1 0 -1
0 1 0 25.0 80.0 5 -1 0 -1
0 1 0 25.1 80.0 7 -1 0 -1
0 1 0 25.0 80.0 7 -1 0 -1
0 1 0 25.0 80.0 7 -1 0 -1
0 1 0 25.0 80.0 5 -1 0 -1
0 1 0 25.0 80.0 5 -1 0 -1
0 1 0 25.0 80.0 5 -1 0 -1
0 1 0 25.0 80.0 5 -1 0 -1
0 1 0 25.0 80.0 7 -1 0 -1
0 1 0 25.0 80.0 7 -1 0 -1
0 1 0 25.0 80.0 7 -1 0 -1
0 1 0 25.0 80.0 7 -1 0 -1
0 1 0 25.0 80.0 5 -1 0 -1
0 1 0 25.0 80.0 5 -1 0 -1
0 1 0 25.0 80.0 5 -1 0 -1
0 1 0 25.0 80.0 5 -1 0 -1
0 1 0 25.0 80.0 7 -1 0 -1
0 1 0 25.1 80.0 7 -1 0 -1
0 1 0 25.1 80.0 9 -1 0 -1
0 1 0 25.0 80.0 5 -1 0 -1
0 1 0 24.9 80.0 7 -1 0 -1
0 1 0 25.1 80.0 7 -1 0 -1
0 1 0 25.0 80.0 7 -1 0 -1
0 1 0 25.0 80.0 7 -1 0 -1
0 1 0 25.1 80.0 7 -1 0 -1
0 1 0 25.0 80.0 7 -1 0 -1
0 1 0 25.0 80.0 5 -1 0 -1
0 1 0 25.0 80.0 5 -1 0 -1
0 1 0 25.1 80.0 5 -1 0 -1
0 1 0 25.0 80.0 3 -1 0 -1
0 1 0 25.0 80.0 3 -1 0 -1
0 1 0 25.0 80.0 5 -1 0 -1
0 1 0 25.0 80.0 5 -1 0 -1
0 1 0 25.0 80.0 5 -1 0 -1
0 1 0 25.0 80.0 7 -1 0 -1
0 1 0 25.1 80.0 9 -1 0 -1
0 1 0 25.0 80.0 7 -1 0 -1
0 1 0 25.0 80.0 7 -1 0 -1
0 1 0 25.0 80.0 9 -1 0 -1
0 1 0 25.0 80.0 7 -1 0 -1
0 1 0 25.0 80.0 11 -1 0 -1
0 1 0 25.0 80.0 12 -1 0 -1
0 1 0 25.0 80.0 14 -1 0 -1
0 1 0 25.1 80.0 14 -1 0 -1
0 1 0 25.0 80.0 16 -1 0 -1
0 1 0 25.1 80.0 10 -1 0 -1
0 1 0 25.0 80.0 11 -1 0 -1
0 1 0 25.1 80.0 11 -1 0 -1
0 1 0 25.0 80.0 12 -1 0 -1
0 1 0 25.0 80.0 14 -1 0 -1
0 1 0 25.0 80.0 12 -1 0 -1
0 1 0 25.1 80.0 12 -1 0 -1
0 1 0 25.0 80.0 18 -1 0 -1
0 1 0 25.0 80.0 21 -1 0 -1
0 1 0 25.0 80.0 21 -1 0 -1
0 1 0 25.0 80.0 24 -1 0 -1
0 1 0 25.0 80.0 33 -1 0 -1
0 1 0 25.0 80.0 35 -1 0 -1
0 1 0 25.0 80.0 33 -1 0 -1
0 1 0 25.0 80.0 30 -1 0 -1
0 1 0 25.1 80.5 30 -1 0 -1
0 1 0 25.1 80.0 24 -1 0 -1
0 1 0 25.1 80.0 23 -1 0 -1
0 1 0 25.0 80.0 21 -1 0 -1
0 1 0 25.1 80.0 19 -1 0 -1
0 1 0 25.1 80.0 19 -1 0 -1
0 1 0 25.0 80.0 19 -1 0 -1
0 1 0 25.0 80.0 23 -1 0 -1
0 1 0 25.1 80.0 24 -1 0 -1
0 1 0 25.1 80.0 21 -1 0 -1
0 1 0 25.1 80.0 21 -1 0 -1
0 1 0 25.1 80.0 21 -1 0 -1
0 1 0 25.0 80.0 21 -1 0 -1
0 1 0 25.1 80.0 21 -1 0 -1
0 1 0 25.1 80.5 21 -1 0 -1
0 1 0 25.1 80.0 21 -1 0 -1
0 1 0 25.0 80.5 21 -1 0 -1
0 1 0 25.1 80.0 21 -1 0 -1
0 1 0 25.1 80.0 24 -1 0 -1
0 1 0 25.1 80.0 28 -1 0 -1
0 1 0 25.1 80.0 28 -1 0 -1
0 1 0 25.1 80.0 31 -1 0 -1
0 1 0 25.1 80.0 33 -1 0 -1
0 1 0 25.1 80.0 47 -1 0 -1
0 1 0 25.0 80.0 52 -1 0 -1
0 1 0 25.1 80.0 50 -1 0 -1
0 1 0 25.1 80.0 47 -1 0 -1
0 1 0 25.1 80.0 51 -1 0 -1
0 1 0 25.0 80.0 47 -1 0 -1
0 1 0 25.1 80.0 47 -1 0 -1
0 1 0 25.1 80.0 51 -1 0 -1
0 1 0 25.1 80.0 49 -1 0 -1
0 1 0 25.1 80.0 49 -1 0 -1
0 1 0 25.2 80.0 45 -1 0 -1
0 1 0 25.1 80.0 42 -1 0 -1
0 1 0 25.1 80.0 43 -1 0 -1
0 1 0 25.2 80.0 54 -1 0 -1
0 1 0 25.2 80.0 52 -1 0 -1
0 1 0 25.1 80.0 53 -1 0 -1
0 1 0 25.1 80.0 49 -1 0 -1
0 1 0 25.1 80.0 49 -1 0 -1
0 1 0 25.2 80.0 44 -1 0 -1
0 1 0 25.2 80.0 42 -1 0 -1
0 1 0 25.2 80.0 42 -1 0 -1
0 1 0 25.2 80.0 37 -1 0 -1
0 1 0 25.2 80.0 35 -1 0 -1
0 1 0 25.2 80.0 33 -1 0 -1
0 1 0 25.2 80.0 33 -1 0 -1
0 1 0 25.2 80.0 35 -1 0 -1
0 1 0 25.2 80.0 38 -1 0 -1
0 1 0 25.2 80.0 35 -1 0 -1
0 1 0 25.2 80.0 33 -1 0 -1
0 1 0 25.2 80.0 35 -1 0 -1
0 1 0 25.2 80.0 35 -1 0 -1
0 1 0 25.3 80.0 35 -1 0 -1
0 1 0 25.3 80.0 41 -1 0 -1
0 1 0 25.3 80.0 38 -1 0 -1
0 1 0 25.2 80.0 38 -1 0 -1
0 1 0 25.3 80.0 40 -1 0 -1
0 1 0 25.3 80.0 48 -1 0 -1
0 1 0 25.3 80.0 49 -1 0 -1
0 1 0 25.3 80.0 59 -1 0 -1
0 1 0 25.3 80.0 57 -1 0 -1
0 1 38 25.3 80.0 62 -1 0 -1
0 1 39 25.3 80.0 67 -1 0 -1
0 1 0 25.3 80.0 57 -1 0 -1
0 1 0 25.3 80.0 52 -1 0 -1
0 1 0 25.3 80.0 45 -1 0 -1
0 1 0 25.4 80.0 40 -1 0 -1
0 1 0 25.3 80.0 40 -1 0 -1
0 1 0 25.3 80.0 35 -1 0 -1
0 1 0 25.3 80.0 35 -1 0 -1
0 1 0 25.4 80.0 33 -1 0 -1
0 1 0 25.4 80.0 31 -1 0 -1
0 1 0 25.3 80.0 28 -1 0 -1
0 1 0 25.5 80.0 26 -1 0 -1
0 1 0 25.4 80.0 24 -1 0 -1
0 1 0 25.4 80.0 21 -1 0 -1
0 1 0 25.3 80.0 21 -1 0 -1
0 1 0 25.4 80.0 23 -1 0 -1
0 1 0 25.4 80.0 21 -1 0 -1
0 1 0 25.4 80.0 19 -1 0 -1
0 1 0 25.4 80.0 21 -1 0 -1
0 1 0 25.4 80.0 21 -1 0 -1
0 1 0 25.4 80.0 19 -1 0 -1
0 1 0 25.4 80.0 21 -1 0 -1
0 1 0 25.4 80.0 17 -1 0 -1
0 1 0 25.4 80.0 19 -1 0 -1
0 1 0 25.4 80.0 19 -1 0 -1
0 1 0 25.4 80.0 19 -1 0 -1
0 1 0 25.4 80.0 21 -1 0 -1
0 1 0 25.4 80.0 19 -1 0 -1
0 1 0 25.4 80.0 21 -1 0 -1
0 1 0 25.4 80.0 24 -1 0 -1
0 1 0 25.5 80.0 24 -1 0 -1
0 1 0 25.4 80.0 21 -1 0 -1
0 1 0 25.4 80.0 21 -1 0 -1
0 1 0 25.4 80.0 23 -1 0 -1
0 1 0 25.4 80.0 21 -1 0 -1
0 1 0 25.4 80.0 19 -1 0 -1
0 1 0 25.4 80.0 21 -1 0 -1
0 1 0 25.4 80.0 17 -1 0 -1
0 1 0 25.3 80.0 17 -1 0 -1
0 1 0 25.4 80.0 17 -1 0 -1
0 1 0 25.4 80.0 17 -1 0 -1
0 1 0 25.4 80.0 17 -1 0 -1
0 1 0 25.4 80.0 17 -1 0 -1
0 1 0 25.4 80.0 19 -1 0 -1
0 1 0 25.4 80.0 19 -1 0 -1
0 1 0 25.4 80.0 19 -1 0 -1
0 1 0 25.4 80.0 19 -1 0 -1
0 1 0 25.4 80.0 17 -1 0 -1
0 1 0 25.4 80.0 21 -1 0 -1
0 1 0 25.4 80.0 24 -1 0 -1
0 1 0 25.4 80.0 24 -1 0 -1
0 1 0 25.5 80.0 24 -1 0 -1
0 1 0 25.4 80.0 22 -1 0 -1
0 1 0 25.4 80.0 21 -1 0 -1
0 1 0 25.4 80.0 21 -1 0 -1
0 1 0 25.4 80.0 21 -1 0 -1
0 1 0 25.5 80.0 21 -1 0 -1
0 1 0 25.4 80.0 21 -1 0 -1
0 1 0 25.5 80.0 21 -1 0 -1
0 1 0 25.5 80.0 19 -1 0 -1
0 1 0 25.4 80.0 19 -1 0 -1
0 1 0 25.4 80.0 19 -1 0 -1
0 1 0 25.4 80.0 19 -1 0 -1
0 1 0 25.4 80.0 19 -1 0 -1
0 1 0 25.4 80.0 19 -1 0 -1
0 1 0 25.5 80.0 19 -1 0 -1
0 1 0 25.5 80.0 19 -1 0 -1
0 1 0 25.4 80.0 21 -1 0 -1
0 1 0 25.4 80.0 21 -1 0 -1
0 1 0 25.4 80.0 21 -1 0 -1
0 1 0 25.4 80.0 21 -1 0 -1
0 1 0 25.4 80.0 21 -1 0 -1
0 1 0 25.4 80.0 19 -1 0 -1
0 1 0 25.4 80.0 23 c26 0 -1
0 1 1 25.4 80.0 21 c26 5 -1
0 1 13 25.4 80.0 43 c26 5 -1
0 1 0 25.4 79.5 39 c26 5 -1
0 1 0 25.4 79.0 41 c26 5 -1
0 1 0 25.2 78.0 41 c26 5 -1
0 1 0 25.2 77.0 41 c26 5 -1
0 1 0 25.0 76.5 41 c26 5 -1
0 1 0 24.9 75.5 39 c26 5 -1
0 1 0 24.8 75.0 37 c26 5 -1
0 1 0 24.7 74.5 41 c26 5 -1
0 1 0 24.6 73.5 38 c26 5 -1
0 1 0 24.5 73.0 36 c26 5 -1
0 1 24 24.4 72.5 38 c26 5 -1
0 1 27 24.4 71.5 36 c26 5 -1
0 1 12 24.3 72.0 38 c26 5 -1
0 1 2 24.2 72.0 36 c26 5 -1
0 1 0 24.2 71.5 36 c26 5 -1
0 1 1 24.1 71.5 36 c26 5 -1
0 1 0 24.1 71.0 36 c26 5 -1
0 1 5 24.0 71.0 34 c26 5 -1
0 1 1 24.0 71.0 36 c26 5 -1
0 1 1 24.0 70.5 38 c26 5 -1
0 1 3 23.9 70.0 38 c26 5 -1
0 1 2 23.8 69.5 38 c26 5 -1
0 1 0 23.8 69.5 38 c26 5 -1
0 1 0 23.8 69.5 36 c26 5 -1
0 1 1 23.7 70.0 36 c26 5 -1
0 1 3 23.7 69.5 36 c26 5 -1
0 1 7 23.7 69.5 38 c26 5 -1
0 1 4 23.6 69.5 38 c26 5 -1
0 1 0 23.6 69.0 38 c26 5 -1
0 1 1 23.5 69.0 38 c26 5 -1
0 1 3 23.5 69.0 38 c26 5 -1
0 1 0 23.5 68.5 38 c26 5 -1
0 1 2 23.5 68.0 41 c26 5 -1
0 1 1 23.4 68.0 38 c26 5 -1
0 1 0 23.3 68.0 41 c26 5 -1
0 1 1 23.3 68.0 41 c26 5 -1
1 1 12 23.3 68.5 38 c26 7 -1
1 1 48 23.3 69.0 38 c26 7 -1
1 1 53 23.4 72.0 44 c26 7 -1
1 1 31 23.6 73.5 41 c26 7 -1
1 1 39 23.7 73.5 44 c26 7 -1
1 1 34 23.8 74.0 46 c26 7 -1
1 1 31 23.9 73.5 51 c26 7 -1
1 1 14 23.9 73.0 53 c26 7 -1
1 1 37 23.8 73.0 53 c26 7 -1
1 1 25 23.9 73.5 51 c26 7 -1
1 1 24 23.9 73.0 46 c26 7 -1
1 1 26 23.9 72.5 49 c26 7 -1
1 1 2 23.9 72.5 49 c26 7 -1
1 1 9 23.9 72.5 50 c26 7 -1
1 1 12 23.8 72.0 49 c26 7 -1
1 1 20 23.7 72.0 51 c26 7 -1
1 1 6 23.8 72.0 51 c26 7 -1
1 1 0 23.8 72.0 53 c26 7 -1
1 1 9 23.9 72.5 53 c26 7 -1
1 1 6 23.8 73.5 53 c26 7 -1
1 1 9 24.0 75.0 55 c26 7 -1
1 1 15 24.1 76.0 55 c26 7 -1
1 1 20 24.2 76.0 53 c26 7 -1
1 1 11 24.1 75.0 55 c26 7 -1
1 1 20 24.2 75.5 55 c26 7 -1
1 1 12 24.3 76.0 55 c26 7 -1
1 1 20 24.3 74.5 55 c26 7 -1
1 1 9 24.2 74.0 55 c26 7 -1
1 1 3 24.2 73.5 55 c26 7 -1
1 1 16 24.1 73.0 55 c26 7 -1
1 1 17 24.0 73.0 51 c26 7 -1
1 1 31 24.0 72.5 51 c26 7 -1
1 1 25 24.0 72.5 53 c26 7 -1
1 1 22 24.0 72.5 55 c26 7 -1
1 1 16 24.0 72.0 55 c26 7 -1
1 1 27 23.9 72.0 55 c26 7 -1
1 1 27 23.9 71.5 51 c26 7 -1
1 1 12 23.8 71.5 51 c26 7 -1
1 1 15 23.9 72.0 51 c26 7 -1
1 1 22 23.8 71.5 51 c26 7 -1
1 1 20 23.9 71.5 51 c26 7 -1
1 1 34 23.9 72.0 49 c26 7 -1
1 1 31 23.9 71.5 47 c26 7 -1
1 1 17 24.0 71.0 51 c26 7 -1
1 1 16 23.9 71.0 49 c26 7 -1
1 1 15 23.8 70.0 51 c26 7 -1
1 1 19 23.8 70.0 47 c26 7 -1
1 1 18 23.8 70.0 49 c26 7 -1
1 1 23 23.7 70.0 47 c26 7 -1
1 1 13 23.7 69.5 49 c26 7 -1
1 1 21 23.7 70.0 49 c26 7 -1
1 1 24 23.7 70.0 47 c26 7 -1
1 1 27 23.7 69.5 47 c26 7 -1
1 1 21 23.7 71.0 47 c26 7 -1
1 1 16 23.9 73.0 45 c26 7 -1
1 1 32 24.0 74.0 47 c26 7 -1
1 1 31 24.1 72.5 47 c26 7 -1
1 1 37 24.2 73.0 49 c26 7 -1
1 1 41 24.3 75.0 44 c26 7 -1
1 1 0 24.4 75.5 49 c26 7 -1
1 1 0 24.5 75.5 49 c26 7 -1
1 1 0 24.5 75.5 49 c26 7 -1
1 1 0 24.5 76.0 49 c26 7 -1
1 1 11 24.5 75.0 49 c26 7 -1
1 1 0 24.5 74.0 49 c26 7 -1
1 1 0 24.4 73.0 49 c26 7 -1
1 1 0 24.3 72.5 51 c26 7 -1
1 1 0 24.2 72.5 51 c26 7 -1
1 1 0 24.1 72.0 47 c26 7 -1
1 1 0 24.1 74.0 49 c26 7 -1
1 1 0 24.2 75.5 51 c26 7 -1
1 1 0 24.3 75.5 51 c26 7 -1
1 1 0 24.3 75.0 50 c26 7 -1
1 1 0 24.4 75.5 50 c26 7 -1
1 1 0 24.5 76.0 52 c26 7 -1
1 1 0 24.5 75.5 52 c26 7 -1
1 1 0 24.5 74.0 52 c26 7 -1
1 1 0 24.4 73.5 52 c26 7 -1
1 1 0 24.3 73.5 52 c26 7 -1
1 1 0 24.3 73.0 54 c26 7 -1
1 1 0 24.2 72.5 54 c26 7 -1
1 1 0 24.2 72.0 52 c26 7 -1
1 1 0 24.1 72.0 54 c26 7 -1
1 1 0 24.1 71.5 56 c26 7 -1
1 1 0 24.0 71.5 54 c26 7 -1
1 1 0 24.0 72.5 54 c26 7 -1
1 1 0 24.1 73.0 54 c26 7 -1
1 1 0 24.2 75.5 56 c26 7 -1
1 1 0 24.4 75.0 58 c26 7 -1
1 1 0 24.4 76.0 56 c26 7 -1
1 1 0 24.5 76.0 56 c26 7 -1
1 1 0 24.6 76.0 56 c26 7 -1
1 1 0 24.6 75.0 56 c26 7 -1
1 1 0 24.6 76.0 56 c26 7 -1
1 1 0 24.6 75.0 54 c26 7 -1
1 1 0 24.5 75.0 56 c26 7 -1
1 1 0 24.6 76.5 56 c26 7 -1
1 1 0 24.7 76.5 56 c26 7 -1
1 1 0 24.7 77.0 56 c26 7 -1
1 1 0 24.9 77.0 54 c26 7 -1
1 1 0 24.9 77.0 54 c26 7 -1
1 1 0 24.9 77.0 54 c26 7 -1
1 1 0 24.9 76.5 54 c26 7 -1
1 1 0 24.9 77.0 54 c26 7 -1
1 1 0 24.9 77.0 56 c26 7 -1
1 1 0 24.9 75.5 56 c26 7 -1
1 1 0 24.9 75.5 56 c26 7 -1
1 1 0 24.8 75.5 56 c26 7 -1
1 1 0 24.8 74.5 56 c26 7 -1
1 1 0 24.6 73.5 56 c26 7 -1
1 1 0 24.5 73.0 54 c26 7 -1
1 1 0 24.4 72.5 56 c26 7 -1
1 1 0 24.4 73.0 54 c26 7 -1
1 1 0 24.4 74.0 56 c26 7 -1
1 1 0 24.4 73.0 57 c26 7 -1
1 1 0 24.3 72.5 56 c26 7 -1
1 1 0 24.3 73.0 56 c26 7 -1
1 1 0 24.3 72.5 56 c26 7 -1
1 1 0 24.3 73.0 58 c26 7 -1
1 1 0 24.2 72.0 57 c26 7 -1
1 1 0 24.1 72.0 59 c26 7 -1
1 1 0 24.1 71.5 61 c26 7 -1
1 1 0 24.0 71.5 57 c26 7 -1
1 1 0 24.0 72.0 57 c26 7 -1
1 1 0 24.0 71.5 59 c26 7 -1
1 1 0 24.0 71.5 61 c26 7 -1
1 1 0 24.1 75.0 61 c26 7 -1
1 1 0 24.3 74.5 57 c26 7 -1
1 1 0 24.4 74.5 59 c26 7 -1
1 1 0 24.4 73.0 59 c26 7 -1
1 1 0 24.4 74.5 57 c26 7 -1
1 1 0 24.5 74.5 59 c26 7 -1
1 1 0 24.4 73.0 59 c26 7 -1
1 1 0 24.3 73.5 59 c26 7 -1
1 1 0 24.4 74.5 59 c26 7 -1
1 1 0 24.4 73.5 57 c26 7 -1
1 1 0 24.4 73.5 57 c26 7 -1
1 1 0 24.3 75.0 59 c26 7 -1
1 1 0 24.5 76.0 59 c26 7 -1
1 1 0 24.6 76.0 57 c26 7 -1
1 1 0 24.7 75.5 59 c26 7 -1
1 1 0 24.7 75.0 59 c26 7 -1
1 1 0 24.6 74.0 59 c26 7 -1
1 1 0 24.6 73.5 59 c26 7 -1
1 1 0 24.5 74.0 57 c26 7 -1
1 1 0 24.5 75.5 59 c26 7 -1
1 1 0 24.6 76.0 57 c26 7 -1
1 1 0 24.7 76.0 59 c26 7 -1
1 1 0 24.8 76.5 59 c26 7 -1
1 1 0 24.8 75.0 59 c26 7 -1
1 1 0 24.7 74.5 59 c26 7 -1
1 1 0 24.7 74.0 61 c26 7 -1
1 1 0 24.5 73.5 59 c26 7 -1
1 1 0 24.5 74.5 57 c26 7 -1
1 1 0 24.5 73.5 58 c26 7 -1
1 1 0 24.5 73.0 56 c26 7 -1
1 1 0 24.4 72.5 57 c26 7 -1
1 1 0 24.3 72.0 57 c26 7 -1
1 1 0 24.2 71.5 54 c26 7 -1
1 1 0 24.3 74.0 58 c26 7 -1
1 1 0 24.4 75.5 56 c26 7 -1
1 1 0 24.5 76.0 56 c26 7 -1
1 1 0 24.6 76.5 54 c26 7 -1
1 1 0 24.7 76.5 56 c26 7 -1
1 1 0 24.7 76.0 56 c26 7 -1
1 1 0 24.7 76.0 56 c26 7 -1
1 1 0 24.7 74.5 54 c26 7 -1
1 1 0 24.7 75.5 54 c26 7 -1
1 1 0 24.7 76.5 54 c26 7 -1
1 1 0 24.7 76.5 54 c26 7 -1
1 1 0 24.9 77.0 56 c26 7 -1
1 1 0 25.0 77.0 56 c26 7 -1
1 1 0 25.0 77.0 56 c26 7 -1
1 1 0 25.0 77.0 54 c26 7 -1
1 1 0 25.1 77.0 54 c26 7 -1
1 1 0 25.1 77.0 54 c26 7 -1
1 1 0 25.1 77.0 58 c26 7 -1
1 1 0 25.1 77.0 56 c26 7 -1
1 1 0 25.1 77.0 56 c26 7 -1
1 1 0 25.1 77.5 56 c26 7 -1
1 1 0 25.2 77.5 56 c26 7 -1
1 1 0 25.2 77.0 54 c26 7 -1
1 1 0 25.3 77.0 54 c26 7 -1
1 1 0 25.2 76.5 56 c26 7 -1
1 1 0 25.2 76.5 54 c26 7 -1
1 1 0 25.2 76.0 54 c26 7 -1
1 1 0 25.1 76.5 52 c26 7 -1
1 1 0 25.2 75.5 52 c26 7 -1
1 1 0 25.1 76.0 54 c26 7 -1
1 1 0 25.2 76.0 54 c26 7 -1
1 1 0 25.1 77.0 52 c26 7 -1
1 1 0 25.2 76.5 56 c26 7 -1
1 1 0 25.1 75.5 52 c26 7 -1
1 1 0 25.2 76.0 56 c26 7 -1
1 1 0 25.1 76.0 52 c26 7 -1
1 1 0 25.1 74.5 53 c26 7 -1
1 1 0 25.0 74.5 51 c26 7 -1
1 1 0 24.9 73.5 51 c26 7 -1
1 1 0 24.8 73.5 51 c26 7 -1
1 1 0 24.7 73.5 51 c26 7 -1
1 1 0 24.7 73.0 51 c26 7 -1
1 1 0 24.6 72.5 51 c26 7 -1
1 1 0 24.5 72.0 50 c26 7 -1
1 1 0 24.5 73.5 50 c26 7 -1
1 1 0 24.6 76.0 50 c26 7 -1
1 1 0 24.7 77.0 50 c26 7 -1
1 1 0 24.9 77.0 50 c26 7 -1
1 1 0 25.0 77.0 52 c26 7 -1
1 1 0 25.1 77.0 52 c26 7 -1
1 1 0 25.1 77.0 52 c26 7 -1
1 1 0 25.1 77.0 52 c26 7 -1
1 1 0 25.1 77.0 52 c26 7 -1
1 1 0 25.2 77.0 52 c26 7 -1
1 1 0 25.2 77.0 52 c26 7 -1
1 1 0 25.2 76.0 50 c26 7 -1
1 1 0 25.0 74.5 53 c26 7 -1
1 1 0 25.0 74.0 53 c26 7 -1
1 1 0 25.0 76.0 53 c26 7 -1
1 1 0 25.1 76.5 51 c26 7 -1
1 1 0 25.1 77.0 53 c26 7 -1
1 1 0 25.2 77.5 51 c26 7 -1
1 1 0 25.2 77.5 49 c26 7 -1
1 1 0 25.2 77.0 49 c26 7 -1
1 1 0 25.2 77.0 49 c26 7 -1
1 1 0 25.2 77.0 49 c26 7 -1
1 1 0 25.2 77.0 49 c26 7 -1
1 1 0 25.2 77.0 50 c26 7 -1
1 1 0 25.2 77.0 52 c26 7 -1
1 1 0 25.3 76.0 54 c26 7 -1
1 1 0 25.2 76.0 51 c26 7 -1
1 1 0 25.1 76.0 51 c26 7 -1
1 1 0 25.0 75.0 49 c26 7 -1
1 1 0 25.0 74.5 49 c26 7 -1
1 1 0 24.9 74.0 49 c26 7 -1
1 1 0 24.8 74.5 49 c26 7 -1
1 1 0 24.8 76.0 49 c26 7 -1
1 1 0 24.9 74.0 47 c26 7 -1
1 1 0 24.8 73.5 47 c26 7 -1
1 1 0 24.7 74.5 49 c26 7 -1
1 1 0 24.8 76.5 47 c26 7 -1
1 1 0 24.9 76.0 47 c26 7 -1
1 1 0 24.9 74.0 47 c26 7 -1
1 1 0 24.8 73.0 49 c26 7 -1
1 1 0 24.7 72.5 47 c26 7 -1
1 1 0 24.6 72.0 47 c26 7 -1
1 1 0 24.5 72.0 47 c26 7 -1
1 1 0 24.4 71.0 49 c26 7 -1
1 1 0 24.4 71.5 49 c26 7 -1
1 1 0 24.3 71.0 49 c26 7 -1
1 1 0 24.2 71.0 51 c26 7 -1
1 1 0 24.3 71.5 51 c26 7 -1
1 1 0 24.2 71.5 47 c26 7 -1
1 1 0 24.2 72.0 51 c26 7 -1
1 1 0 24.3 72.0 51 c26 7 -1
1 1 0 24.2 72.0 49 c26 7 -1
1 1 0 24.2 71.5 49 c26 7 -1
1 1 0 24.2 74.0 49 c26 7 -1
1 1 0 24.4 75.5 49 c26 7 -1
1 1 0 24.6 76.0 49 c26 7 -1
1 1 0 24.7 76.0 49 c26 7 -1
1 1 0 24.8 75.0 49 c26 7 -1
1 1 0 24.8 75.5 49 c26 7 -1
1 1 0 24.9 76.0 49 c26 7 -1
1 1 0 24.9 76.0 49 c26 7 -1
1 1 0 24.9 76.0 49 c26 7 -1
1 1 0 24.9 74.5 49 c26 7 -1
1 1 0 24.8 74.0 49 c26 7 -1
1 1 0 24.8 73.5 49 c26 7 -1
1 1 0 24.8 73.5 47 c26 7 -1
1 1 0 24.6 73.0 47 c26 7 -1
1 1 0 24.5 73.0 47 c26 7 -1
1 1 0 24.5 74.0 49 c26 7 -1
1 1 0 24.6 75.5 49 c26 7 -1
1 1 0 24.7 74.0 47 c26 7 -1
1 1 0 24.7 73.0 47 c26 7 -1
1 1 0 24.7 74.5 45 c26 7 -1
1 1 0 24.7 74.5 49 c26 7 -1
1 1 0 24.7 73.0 46 c26 7 -1
1 1 0 24.7 72.5 46 c26 7 -1
1 1 0 24.7 74.0 46 c26 7 -1
1 1 0 24.6 73.0 46 c26 7 -1
1 1 0 24.6 73.0 44 c26 7 -1
1 1 4 24.6 72.0 40 c26 5 -1
1 1 14 24.5 72.0 34 c26 5 -1
0 1 18 24.4 72.0 34 c26 5 -1
0 1 4 24.4 72.0 34 c26 5 -1
0 1 4 24.4 71.5 32 c26 5 -1
0 1 0 24.3 71.0 32 c26 5 -1
0 1 5 24.2 70.5 32 c26 5 -1
0 1 5 24.2 70.0 32 c26 5 -1
0 1 0 24.2 70.0 34 c26 5 -1
0 1 6 24.1 69.5 34 c26 5 -1
0 1 1 24.0 69.0 32 c26 5 -1
0 1 6 24.0 68.5 32 c26 5 -1
0 1 0 23.9 68.5 32 c26 5 -1
0 1 5 23.8 68.0 29 c26 5 -1
0 1 4 23.8 68.0 29 c26 5 -1
0 1 6 23.8 68.0 29 c26 5 -1
0 1 0 23.8 68.0 29 c26 5 -1
0 1 0 23.8 68.0 31 c26 5 -1
0 1 1 23.7 67.5 31 c26 5 -1
0 1 5 23.6 67.5 31 c26 5 -1
0 1 2 23.7 67.5 31 c26 5 -1
0 1 6 23.6 67.0 31 c26 5 -1
0 1 5 23.6 67.0 31 c26 5 -1
0 1 1 23.5 67.0 29 c26 5 -1
0 1 5 23.5 66.5 29 c26 5 -1
0 1 1 23.5 66.5 29 c26 5 -1
0 1 0 23.4 66.5 29 c26 5 -1
0 1 0 23.5 66.5 29 c26 5 -1
0 1 0 23.4 66.5 29 c26 5 -1
0 1 6 23.3 66.0 29 c26 5 -1
0 1 0 23.2 66.0 29 c26 5 -1
0 1 3 23.3 66.0 29 c26 5 -1
0 1 3 23.3 66.5 29 c26 5 -1
0 1 5 23.3 66.5 29 c26 5 -1
0 1 2 23.3 66.5 29 c26 5 -1
0 1 0 23.3 66.5 29 c26 5 -1
0 1 3 23.2 66.5 29 c26 5 -1
0 1 0 23.2 66.0 29 c26 5 -1
0 1 0 23.2 66.0 29 c26 5 -1
0 1 0 23.1 66.0 29 c26 5 -1
0 1 0 23.1 66.0 29 c26 5 -1
0 1 0 23.2 66.0 29 c26 5 -1
0 1 0 23.2 66.0 29 c26 5 -1
0 1 0 23.2 65.5 31 c26 5 -1
0 1 0 23.0 66.0 31 c26 5 -1
0 1 2 23.1 66.0 31 c26 5 -1
0 1 0 23.1 65.5 31 c26 5 -1
0 1 6 23.0 66.0 31 c26 5 -1
0 1 2 23.1 66.5 31 c26 5 -1
0 1 0 23.1 67.0 31 c26 5 -1
0 1 4 23.1 67.5 31 c26 5 -1
0 1 9 23.1 67.5 31 c26 5 -1
0 1 0 23.2 67.5 31 c26 5 -1
0 1 0 23.2 67.5 31 c26 5 -1
0 1 2 23.2 67.5 31 c26 5 -1
0 1 8 23.2 67.5 29 c26 5 -1
0 1 0 23.2 67.5 29 c26 5 -1
0 1 6 23.2 67.5 29 c26 5 -1
0 1 0 23.1 67.5 29 c26 5 -1
0 1 3 23.1 67.5 27 c26 5 -1
0 1 0 23.1 67.5 31 c26 5 -1
0 1 4 23.2 67.5 31 c26 5 -1
0 1 3 23.2 67.5 29 c26 5 -1
0 1 0 23.2 67.5 29 c26 5 -1
0 1 7 23.1 67.0 29 c26 5 -1
0 1 1 23.1 67.0 27 c26 5 -1
0 1 2 23.1 67.0 27 c26 5 -1
0 1 0 23.1 66.5 27 c26 5 -1
0 1 0 23.0 66.5 27 c26 5 -1
0 1 0 23.0 66.0 29 c26 5 -1
0 1 0 23.0 66.5 29 c26 5 -1
0 1 1 23.0 66.5 29 c26 5 -1
0 1 0 23.0 67.0 29 c26 5 -1
0 1 2 23.0 66.5 29 c26 5 -1
0 1 2 23.0 66.5 29 c26 5 -1
0 1 4 23.0 66.5 31 c26 5 -1
0 1 0 23.0 66.0 27 c26 5 -1
0 1 0 23.0 66.0 29 c26 5 -1
0 1 3 22.9 66.0 32 c26 5 -1
0 1 6 23.0 66.0 30 c26 5 -1
0 1 1 23.0 66.0 30 c26 5 -1
0 1 0 22.9 66.0 32 c26 5 -1
0 1 4 22.9 66.0 29 c26 5 -1
0 1 1 22.9 66.0 29 c26 5 -1
0 1 0 22.9 66.0 27 c26 5 -1
0 1 2 22.9 66.0 31 c26 5 -1
0 1 2 22.9 66.5 31 c26 5 -1
0 1 2 22.9 66.5 29 c26 5 -1
0 1 2 22.9 66.5 31 c26 5 -1
0 1 0 23.0 66.5 31 c26 5 -1
0 1 0 23.0 66.5 29 c26 5 -1
0 1 1 23.0 66.5 29 c26 5 -1
0 1 0 22.9 67.0 29 c26 5 -1
0 1 0 23.0 67.0 31 c26 5 -1
0 1 3 23.1 67.0 29 c26 5 -1
0 1 3 23.0 67.0 29 c26 5 -1
0 1 5 23.0 67.0 29 c26 5 -1
0 1 2 23.1 66.5 27 c26 5 -1
0 1 0 23.0 66.5 27 c26 5 -1
0 1 1 22.9 66.0 27 c26 5 -1
0 1 0 22.9 66.0 27 c26 5 -1
0 1 0 22.9 65.5 27 c26 5 -1
0 1 0 22.9 65.5 25 c26 5 -1
0 1 0 22.8 66.0 29 c26 5 -1
0 1 4 22.9 66.5 27 c26 5 -1
0 1 0 22.9 66.5 29 c26 5 -1
0 1 0 22.9 66.5 27 c26 5 -1
0 1 0 22.9 66.0 29 c26 5 -1
0 1 0 22.9 66.0 29 c26 5 -1
0 1 0 22.9 66.0 27 c26 5 -1
0 1 6 22.8 66.0 27 c26 5 -1
0 1 2 22.9 66.0 25 c26 5 -1
0 1 0 22.8 65.5 26 c26 5 -1
0 1 0 22.9 66.0 26 c26 5 -1
0 1 3 22.8 65.5 24 c26 5 -1
0 1 2 22.8 65.5 24 c26 5 -1
0 1 4 22.8 65.5 22 c26 5 -1
0 1 0 22.8 65.5 26 c26 5 -1
0 1 0 22.8 65.5 24 c26 5 -1
0 1 0 22.7 65.0 24 c26 5 -1
0 1 3 22.7 65.0 24 c26 5 -1
0 1 1 22.7 65.0 24 c26 5 -1
0 1 1 22.7 65.0 22 c26 5 -1
0 1 0 22.6 64.5 22 c26 5 -1
0 1 0 22.6 64.5 22 c26 5 -1
0 1 0 22.6 64.5 22 c26 5 -1
0 1 9 22.6 64.5 20 c26 5 -1
0 1 6 22.7 64.0 24 c26 5 -1
0 1 1 22.6 64.5 24 c26 5 -1
0 1 9 22.6 64.5 24 c26 5 -1
0 1 8 22.6 64.0 22 c26 5 -1
0 1 0 22.6 64.0 22 c26 5 -1
0 1 3 22.6 64.0 22 c26 5 -1
0 1 6 22.6 64.0 22 c26 5 -1
0 1 5 22.5 63.5 20 c26 5 -1
0 1 2 22.5 64.0 20 c26 5 -1
0 1 7 22.4 64.0 20 c26 5 -1
0 1 2 22.5 64.0 20 c26 5 -1
0 1 2 22.5 65.5 20 c26 5 -1
0 1 2 22.6 66.0 18 c26 5 -1
0 1 2 22.6 67.0 21 c26 5 -1
0 1 2 22.8 68.0 21 c26 5 -1
0 1 0 22.8 68.5 21 c26 5 -1
0 1 0 22.8 69.5 21 c26 5 -1
0 1 0 22.9 70.0 21 c26 5 -1
0 1 0 23.0 70.5 21 c26 5 -1
0 1 0 23.1 71.0 21 c26 5 -1
0 1 0 23.1 71.5 21 c26 5 -1
0 1 3 23.1 71.5 21 c26 5 -1
0 1 2 23.1 72.5 21 c26 5 -1
0 1 4 23.2 72.5 21 c26 5 -1
0 1 0 23.3 73.0 21 c26 5 -1
0 1 4 23.4 73.5 21 c26 5 -1
0 1 2 23.4 73.5 21 c26 5 -1
0 1 0 23.5 74.0 21 c26 5 -1
0 1 0 23.5 74.5 21 c26 5 -1
0 1 0 23.5 75.0 21 c26 5 -1
0 1 0 23.6 75.0 19 c26 5 -1
0 1 2 23.6 75.0 19 c26 5 -1
0 1 2 23.7 75.0 19 c26 5 -1
0 1 0 23.7 75.5 19 c26 5 -1
0 1 0 23.7 76.0 19 c26 5 -1
0 1 0 23.8 76.0 17 c26 5 -1
0 1 0 23.7 76.0 17 c26 5 -1
0 1 0 23.8 76.0 17 c26 5 -1
0 1 0 23.9 76.5 17 c26 5 -1
0 1 0 23.8 76.5 17 c26 5 -1
0 1 0 23.9 76.5 17 c26 5 -1
0 1 0 23.9 76.5 17 c26 5 -1
0 1 0 24.0 77.0 19 c26 5 -1
0 1 0 24.0 77.0 19 c26 5 -1
0 1 0 24.0 77.0 19 c26 5 -1
0 1 0 24.1 77.0 19 c26 5 -1
0 1 1 24.1 77.5 19 c26 5 -1
0 1 0 24.2 77.5 19 c26 5 -1
0 1 4 24.2 77.5 19 c26 5 -1
0 1 31 24.1 77.5 17 c26 5 -1
0 1 47 24.2 77.5 19 c26 5 -1
0 1 30 24.2 78.0 19 c26 5 -1
0 1 37 24.3 78.0 17 c26 5 -1
0 1 13 24.3 78.0 17 c26 5 -1
0 1 8 24.3 78.0 17 c26 5 -1
0 1 3 24.3 77.0 17 c26 5 -1
0 1 7 24.3 76.5 17 c26 5 -1
0 1 9 24.2 76.0 17 c26 5 -1
0 1 1 24.2 75.5 17 c26 5 -1
0 1 1 24.1 75.5 15 c26 5 -1
0 1 2 24.1 75.0 15 c26 5 -1
0 1 7 24.1 75.0 15 c26 5 -1
0 1 0 24.0 74.5 15 c26 5 -1
0 1 0 24.0 74.0 15 c26 5 -1
0 1 3 24.0 73.0 15 c26 5 -1
0 1 0 24.0 72.5 15 c26 5 -1
0 1 0 23.9 72.0 15 c26 5 -1
0 1 2 23.8 71.5 19 c26 5 -1
0 1 0 23.7 71.0 19 c26 5 -1
0 1 2 23.7 71.0 19 c26 5 -1
0 1 10 23.7 70.5 19 c26 5 -1
0 1 7 23.6 70.0 17 c26 5 -1
0 1 1 23.6 70.0 17 c26 5 -1
0 1 1 23.5 69.0 17 c26 5 -1
0 1 0 23.4 69.0 17 c26 5 -1
0 1 10 23.4 68.5 17 c26 5 -1
0 1 11 23.3 68.5 17 c26 5 -1
0 1 34 23.3 68.5 17 c26 5 -1
0 1 1 23.3 68.0 17 c26 5 -1
0 1 0 23.2 67.5 17 c26 5 -1
0 1 0 23.2 67.5 17 c26 5 -1
0 1 7 23.2 67.0 17 c26 5 -1
0 1 2 23.1 67.5 17 c26 5 -1
0 1 2 23.1 67.0 17 c26 5 -1
0 1 21 23.1 67.0 17 c26 5 -1
0 1 3 23.1 67.0 17 c26 5 -1
0 1 0 23.0 66.5 17 c26 5 -1
0 1 0 22.9 66.5 17 c26 5 -1
0 1 0 23.0 66.5 17 c26 5 -1
0 1 0 23.0 66.5 17 c26 5 -1
0 1 0 23.0 66.5 17 c26 5 -1
0 1 0 22.9 66.0 17 -1 5 -1
0 1 25 22.9 67.0 17 -1 5 -1
0 1 5 22.9 67.5 15 -1 5 -1
0 1 0 23.0 67.5 15 -1 5 -1
0 1 0 23.1 68.0 15 -1 5 -1
0 1 0 23.1 68.0 17 -1 5 -1
0 1 0 23.1 68.5 15 -1 5 -1
0 1 4 23.3 69.0 15 -1 5 -1
0 1 0 23.3 69.5 15 -1 5 -1
0 1 0 23.3 70.0 15 -1 5 -1
0 1 0 23.4 70.0 17 -1 5 -1
0 1 0 23.4 70.5 15 -1 5 -1
0 1 3 23.5 71.0 15 -1 5 -1
0 1 6 23.5 71.0 15 -1 5 -1
0 1 8 23.6 71.0 15 -1 5 -1
0 1 2 23.6 71.5 15 -1 5 -1
0 1 0 23.7 71.5 15 -1 5 -1
0 1 4 23.7 71.5 15 -1 5 -1
0 1 2 23.8 71.5 15 -1 5 -1
0 1 0 23.8 71.5 15 -1 5 -1
0 1 2 23.8 71.5 15 -1 5 -1
0 1 3 23.8 72.0 15 -1 5 -1
0 1 0 23.9 72.5 15 -1 5 -1
0 1 0 23.9 72.5 15 -1 5 -1
0 1 1 24.0 73.5 15 -1 5 -1
0 1 0 24.0 73.5 15 -1 5 -1
0 1 1 24.1 74.0 15 -1 5 -1
0 1 1 24.1 74.0 15 -1 5 -1
0 1 0 24.1 74.0 15 -1 5 -1
0 1 1 24.1 74.0 15 -1 5 -1
0 1 0 24.2 74.5 15 -1 5 -1
0 1 0 24.2 74.5 15 -1 5 -1
0 1 3 24.2 75.0 15 -1 5 -1
0 1 5 24.3 76.0 15 -1 5 -1
0 1 4 24.4 76.0 15 -1 5 -1
0 1 0 24.3 76.0 15 -1 5 -1
0 1 3 24.4 75.5 15 -1 5 -1
0 1 0 24.4 76.0 15 -1 5 -1
0 1 2 24.4 75.5 15 -1 5 -1
0 1 3 24.5 75.5 15 -1 5 -1
0 1 0 24.5 75.5 15 -1 5 -1
0 1 0 24.5 76.0 15 -1 5 -1
0 1 2 24.5 76.0 15 -1 5 -1
0 1 0 24.5 76.0 15 -1 5 -1
0 1 0 24.5 76.0 15 -1 5 -1
0 1 0 24.5 75.5 15 -1 5 -1
0 1 0 24.6 75.5 15 -1 5 -1
0 1 0 24.6 75.5 15 -1 5 -1
0 1 5 24.6 75.5 15 -1 5 -1
0 1 0 24.6 75.5 15 c26 5 -1
0 1 41 24.6 75.5 15 c26 5 -1
0 1 10 24.6 75.0 15 c26 5 -1
0 1 6 24.6 74.0 15 c26 5 -1
0 1 15 24.5 73.0 15 c26 5 -1
0 1 14 24.4 72.0 15 c26 5 -1
0 1 7 24.3 71.5 15 c26 5 -1
0 1 4 24.2 71.0 15 c26 5 -1
0 1 15 24.1 70.5 15 c26 5 -1
0 1 22 24.0 70.0 15 c26 5 -1
0 1 10 23.9 69.0 15 c26 5 -1
0 1 4 23.8 68.5 15 c26 5 -1
0 1 0 23.8 68.0 15 c26 5 -1
0 1 0 23.6 67.5 15 c26 5 -1
0 1 0 23.6 67.5 15 c26 5 -1
0 1 0 23.6 67.0 15 c26 5 -1
0 1 0 23.5 67.0 15 c26 5 -1
0 1 0 23.5 66.5 15 c26 5 -1
0 1 2 23.4 67.5 15 c26 5 -1
0 1 0 23.4 68.0 15 c26 5 -1
0 1 0 23.4 69.0 15 c26 5 -1
0 1 0 23.5 69.5 15 c26 5 -1
0 1 0 23.5 70.0 15 c26 5 -1
0 1 15 23.6 71.0 15 c26 5 -1
0 1 4 23.6 71.5 15 c26 5 -1
0 1 0 23.6 72.0 15 c26 5 -1
0 1 0 23.7 73.0 15 c26 5 -1
0 1 0 23.7 73.5 15 c26 5 -1
0 1 0 23.8 74.5 15 c26 5 -1
0 1 8 23.8 75.0 15 c26 5 -1
0 1 2 23.8 75.5 15 c26 5 -1
0 1 1 23.9 75.5 15 c26 5 -1
0 1 2 23.9 76.0 15 c26 5 -1
0 1 5 24.0 77.0 15 c26 5 -1
0 1 5 24.0 77.5 15 c26 5 -1
0 1 0 24.1 77.0 15 c26 5 -1
0 1 0 24.1 77.5 15 c26 5 -1
0 1 2 24.2 77.5 15 c26 5 -1
0 1 8 24.2 78.0 15 c26 5 -1
0 1 8 24.2 78.0 15 c26 5 -1
0 1 16 24.2 78.5 15 c26 5 -1
0 1 3 24.3 77.5 15 c26 5 -1
0 1 2 24.2 76.5 15 c26 5 -1
0 1 0 24.2 75.5 15 c26 5 -1
0 1 2 24.0 75.0 15 c26 5 -1
0 1 8 24.1 74.0 15 c26 5 -1
0 1 0 23.9 73.0 15 c26 5 -1
0 1 4 23.8 72.5 15 c26 5 -1
0 1 3 23.8 71.5 15 c26 5 -1
0 1 0 23.7 71.0 15 c26 5 -1
0 1 0 23.7 71.0 15 c26 5 -1
0 1 0 23.6 70.5 15 c26 5 -1
0 1 1 23.5 70.0 15 c26 5 -1
0 1 2 23.5 69.5 15 c26 5 -1
0 1 0 23.4 69.0 15 c26 5 -1
0 1 2 23.3 68.5 15 c26 5 -1
0 1 0 23.3 68.5 15 c26 5 -1
0 1 2 23.2 68.0 15 c26 5 -1
0 1 0 23.3 68.0 15 c26 5 -1
0 1 0 23.2 67.5 15 c26 5 -1
0 1 0 23.2 67.5 15 c26 5 -1
0 1 2 23.1 67.0 15 c26 5 -1
0 1 5 23.1 67.0 15 c26 5 -1
0 1 0 23.0 66.5 15 c26 5 -1
0 1 7 22.9 66.0 15 c26 5 -1
0 1 2 22.9 66.0 15 c26 5 -1
0 1 2 22.9 66.0 15 c26 5 -1
0 1 0 22.9 67.5 15 c26 5 -1
0 1 3 23.0 68.0 15 c26 5 -1
0 1 0 23.0 68.5 15 c26 5 -1
0 1 0 23.0 69.5 15 c26 5 -1
0 1 0 23.2 70.0 15 c26 5 -1
0 1 3 23.2 70.5 15 c26 5 -1
0 1 0 23.2 71.0 15 c26 5 -1
0 1 7 23.2 71.5 15 c26 5 -1
0 1 3 23.2 72.0 15 c26 5 -1
0 1 11 23.4 72.5 15 c26 5 -1
0 1 0 23.3 73.0 15 c26 5 -1
0 1 0 23.5 73.5 15 c26 5 -1
0 1 2 23.4 74.0 15 c26 5 -1
0 1 1 23.5 74.0 15 c26 5 -1
0 1 4 23.5 74.5 15 c26 5 -1
0 1 0 23.6 75.0 15 c26 5 -1
0 1 0 23.6 75.0 15 c26 5 -1
0 1 4 23.7 75.5 15 c26 5 -1
0 1 1 23.7 76.0 15 c26 5 -1
0 1 3 23.7 76.0 15 c26 5 -1
0 1 1 23.7 76.0 15 c26 5 -1
0 1 2 23.8 76.5 15 c26 5 -1
0 1 10 23.7 76.5 15 c26 5 -1
0 1 2 23.8 77.0 15 c26 5 -1
0 1 4 23.8 77.0 15 c26 5 -1
0 1 13 23.9 77.5 17 c26 5 -1
0 1 8 23.9 77.0 17 c26 5 -1
0 1 0 24.0 77.0 17 c26 5 -1
0 1 0 24.0 77.5 15 c26 5 -1
0 1 0 24.0 78.0 17 c26 5 -1
0 1 5 24.0 78.0 15 c26 5 -1
0 1 0 24.1 78.0 17 c26 5 -1
0 1 0 24.1 78.5 15 c26 5 -1
0 1 1 24.1 78.5 15 c26 5 -1
0 1 4 24.1 79.0 15 c26 5 -1
0 1 3 24.2 79.0 17 c26 5 -1
0 1 5 24.2 79.0 17 c26 5 -1
0 1 0 24.2 79.0 17 c26 5 -1
0 1 6 24.2 79.0 17 c26 5 -1
0 1 6 24.3 79.0 15 c26 5 -1
0 1 0 24.3 78.5 15 c26 5 -1
0 1 0 24.3 78.5 15 c26 5 -1
0 1 3 24.3 78.5 17 c26 5 -1
0 1 12 24.3 78.5 17 c26 5 -1
0 1 10 24.3 78.5 15 c26 5 -1
1 1 20 24.3 78.5 15 c26 5 -1
0 1 20 24.3 78.5 15 c26 5 -1
0 1 0 24.4 78.0 15 c26 5 -1
0 1 1 24.3 76.0 15 c26 5 -1
0 1 0 24.2 75.5 15 c26 5 -1
0 1 0 24.1 74.5 15 c26 5 -1
0 1 12 24.0 74.0 15 c26 5 -1
0 1 11 23.9 73.0 15 c26 5 -1
0 1 4 23.8 72.5 15 c26 5 -1
0 1 5 23.7 72.0 15 c26 5 -1
0 1 0 23.7 71.5 15 c26 5 -1
0 1 0 23.6 71.0 15 c26 5 -1
0 1 0 23.5 70.5 15 c26 5 -1
0 1 0 23.4 70.0 15 c26 5 -1
0 1 0 23.5 71.0 15 c26 5 -1
0 1 0 23.4 71.5 15 c26 5 -1
0 1 0 23.5 72.0 15 c26 5 -1
0 1 2 23.5 72.5 15 c26 5 -1
0 1 2 23.5 73.0 15 c26 5 -1
0 1 2 23.6 73.5 15 c26 5 -1
0 1 16 23.6 74.0 17 c26 5 -1
0 1 0 23.6 74.5 15 c26 5 -1
0 1 4 23.7 74.5 15 c26 5 -1
0 1 11 23.7 75.0 15 c26 5 -1
0 1 0 23.7 75.0 17 c26 5 -1
0 1 3 23.8 75.5 17 c26 5 -1
0 1 4 23.8 76.0 15 c26 5 -1
0 1 3 23.8 76.0 15 c26 5 -1
0 1 4 23.9 76.0 15 c26 5 -1
0 1 21 23.8 76.5 15 c26 5 -1
0 1 5 23.8 76.5 15 c26 5 -1
0 1 19 23.9 77.0 15 c26 5 -1
0 1 6 24.0 77.5 15 c26 5 -1
0 1 23 23.9 77.5 15 c26 5 -1
0 1 11 23.9 77.5 15 c26 5 -1
0 1 19 24.0 77.5 15 c26 5 -1
0 1 14 24.1 78.0 15 c26 5 -1
0 1 5 24.0 78.0 15 c26 5 -1
0 1 0 24.1 78.0 15 c26 5 -1
0 1 0 24.2 78.5 15 c26 5 -1
0 1 9 24.1 78.5 15 c26 5 -1
0 1 8 24.1 78.5 15 c26 5 -1
0 1 3 24.2 78.5 15 c26 5 -1
0 1 2 24.2 78.5 15 c26 5 -1
0 1 17 24.3 78.5 15 c26 5 -1
0 1 0 24.2 78.5 15 c26 5 -1
0 1 2 24.3 78.5 15 c26 5 -1
0 1 2 24.3 78.5 15 c26 5 -1
0 1 4 24.3 78.5 15 c26 5 -1
0 1 3 24.3 78.5 15 c26 5 -1
0 1 12 24.3 78.5 15 c26 5 -1
0 1 31 24.4 78.5 15 c26 5 -1
0 1 34 24.3 78.0 15 -1 5 -1
0 1 38 24.3 77.0 10 -1 0 -1
0 1 0 24.3 76.5 2 -1 0 -1
0 1 0 24.3 76.5 2 -1 0 -1
0 1 0 24.3 76.5 2 -1 0 -1
0 1 0 24.3 76.5 2 -1 0 -1
0 1 0 24.2 76.5 2 -1 0 -1
0 1 0 24.2 76.5 2 -1 0 -1
0 1 0 24.2 76.5 2 -1 0 -1
0 1 0 24.2 76.5 2 -1 0 -1
0 1 0 24.3 76.5 2 -1 0 -1
0 1 0 24.3 76.5 2 -1 0 -1
0 1 0 24.3 76.5 2 -1 0 -1
0 1 0 24.3 76.5 2 -1 0 -1
0 1 0 24.4 76.5 2 -1 0 -1
0 1 0 24.3 76.5 2 -1 0 -1
0 1 0 24.3 76.5 2 -1 0 -1
0 1 0 24.4 76.5 2 -1 0 -1
0 1 0 24.3 76.5 2 -1 0 -1
0 1 0 24.4 76.5 2 -1 0 -1
0 1 0 24.5 76.5 2 -1 0 -1
0 1 0 24.5 76.5 2 -1 0 -1
0 1 0 24.4 76.5 2 -1 0 -1
0 1 0 24.4 76.5 2 -1 0 -1
0 1 0 24.5 76.5 2 -1 0 -1
0 1 0 24.5 76.5 2 -1 0 -1
0 1 0 24.5 76.5 2 -1 0 -1
0 1 0 24.5 76.5 2 -1 0 -1
0 1 0 24.5 77.0 2 -1 0 -1
0 1 0 24.6 77.0 2 -1 0 -1
0 1 0 24.5 77.0 2 -1 0 -1
0 1 0 24.6 77.0 2 -1 0 -1
0 1 0 24.6 77.5 2 -1 0 -1
0 1 0 24.6 77.5 2 -1 0 -1
0 1 0 24.6 77.5 2 -1 0 -1
0 1 0 24.6 77.5 2 -1 0 -1
0 1 0 24.6 77.5 2 -1 0 -1
0 1 0 24.6 77.5 2 -1 0 -1
0 1 0 24.7 77.5 2 -1 0 -1
0 1 0 24.7 77.5 2 -1 0 -1
0 1 0 24.7 77.5 2 -1 0 -1
0 1 0 24.7 77.5 2 -1 0 -1
0 1 0 24.7 77.0 2 -1 0 -1
0 1 0 24.7 77.0 2 -1 0 -1
0 1 0 24.7 77.0 2 -1 0 -1
0 1 0 24.7 77.0 2 -1 0 -1
0 1 0 24.7 77.0 2 -1 0 -1
0 1 0 24.8 77.0 2 -1 0 -1
0 1 0 24.8 77.0 2 -1 0 -1
0 1 0 24.7 77.0 2 -1 0 -1
0 1 0 24.8 77.0 2 -1 0 -1
0 1 0 24.8 77.0 2 -1 0 -1
0 1 0 24.8 77.0 2 -1 0 -1
0 1 0 24.8 77.0 2 -1 0 -1
0 1 0 24.8 77.0 2 -1 0 -1
0 1 0 24.9 77.0 2 -1 0 -1
0 1 0 24.8 77.0 2 -1 0 -1
0 1 0 24.8 77.0 2 -1 0 -1
0 1 0 24.8 77.0 2 -1 0 -1
0 1 0 24.8 77.0 2 -1 0 -1
0 1 0 24.9 77.0 2 -1 0 -1
0 1 0 24.9 77.0 2 -1 0 -1
0 1 0 24.9 77.0 2 -1 0 -1
0 1 0 24.8 77.0 2 -1 0 -1
0 1 0 24.9 77.0 2 -1 0 -1
0 1 0 24.9 77.0 2 -1 0 -1
0 1 0 24.9 77.0 2 -1 0 -1
0 1 0 24.8 77.5 2 -1 0 -1
0 1 0 24.9 77.0 2 -1 0 -1
0 1 0 24.9 77.5 2 -1 0 -1
0 1 0 24.9 77.5 2 -1 0 -1
0 1 0 24.9 77.5 2 -1 0 -1
0 1 0 25.0 77.5 2 -1 0 -1
0 1 0 25.0 77.5 2 -1 0 -1
0 1 0 25.0 77.5 2 -1 0 -1
0 1 0 25.0 77.5 2 -1 0 -1
0 1 0 25.0 77.5 2 -1 0 -1
0 1 0 25.0 77.5 2 -1 0 -1
0 1 0 25.0 77.5 2 -1 0 -1
0 1 0 25.0 77.5 2 -1 0 -1
0 1 0 25.0 77.5 2 -1 0 -1
0 1 0 25.0 77.5 2 -1 0 -1
0 1 0 25.0 77.0 2 -1 0 -1
0 1 0 25.0 77.5 2 -1 0 -1
0 1 0 25.0 77.5 2 -1 0 -1
0 1 0 25.0 77.5 2 -1 0 -1
0 1 0 25.1 77.5 2 -1 0 -1
0 1 0 25.0 77.5 2 -1 0 -1
0 1 0 25.1 77.5 2 -1 0 -1
0 1 0 25.0 77.5 2 -1 0 -1
0 1 0 25.1 77.5 2 -1 0 -1
0 1 0 25.1 77.5 2 -1 0 -1
0 1 0 25.1 77.5 2 -1 0 -1
0 1 0 25.1 77.5 2 -1 0 -1
0 1 0 25.1 77.5 2 -1 0 -1
0 1 0 25.1 78.0 2 -1 0 -1
0 1 0 25.1 77.5 2 -1 0 -1
0 1 0 25.1 77.5 2 -1 0 -1
0 1 0 25.1 77.5 2 -1 0 -1
0 1 0 25.1 77.5 2 -1 0 -1
0 1 0 25.1 77.5 2 -1 0 -1
0 1 0 25.1 77.5 2 -1 0 -1
0 1 0 25.1 77.5 2 -1 0 -1
0 1 0 25.1 77.5 2 -1 0 -1
0 1 0 25.2 77.5 2 -1 0 -1
0 1 0 25.2 77.5 2 -1 0 -1
0 1 0 25.2 77.5 2 -1 0 -1
0 1 0 25.1 77.5 2 -1 0 -1
0 1 0 25.1 77.5 2 -1 0 -1
0 1 0 25.2 77.5 2 -1 0 -1
0 1 0 25.1 77.5 2 -1 0 -1
