0 1 0 25.6 75.0 2 -1 0 -1
0 1 0 25.7 75.0 2 -1 0 -1
0 1 0 25.7 75.0 2 -1 0 -1
0 1 0 25.6 75.0 2 -1 0 -1
0 1 0 25.7 75.0 2 -1 0 -1
0 1 0 25.6 75.0 2 -1 0 -1
0 1 0 25.6 75.0 2 -1 0 -1
0 1 0 25.7 75.0 2 -1 0 -1
0 1 0 25.7 75.0 2 -1 0 -1
0 1 0 25.7 75.0 2 -1 0 -1
0 1 0 25.6 75.0 2 -1 0 -1
0 1 0 25.7 75.0 2 -1 0 -1
0 1 0 25.7 75.0 2 -1 0 -1
0 1 0 25.6 75.0 2 -1 0 -1
0 1 0 25.7 75.0 2 -1 0 -1
0 1 0 25.6 75.0 2 -1 0 -1
0 1 0 25.7 75.0 2 -1 0 -1
0 1 0 25.7 75.0 2 -1 0 -1
0 1 0 25.7 75.0 2 -1 0 -1
0 1 0 25.7 75.0 2 -1 0 -1
0 1 0 25.7 75.0 2 -1 0 -1
0 1 0 25.7 75.0 2 -1 0 -1
0 1 0 25.7 75.0 2 -1 0 -1
0 1 0 25.7 75.0 2 -1 0 -1
0 1 0 25.7 75.0 2 -1 0 -1
0 1 0 25.7 75.0 2 -1 0 -1
0 1 0 25.7 75.0 2 -1 0 -1
0 1 0 25.7 75.0 2 -1 0 -1
0 1 0 25.7 75.0 2 -1 0 -1
0 1 0 25.7 75.0 2 -1 0 -1
0 1 0 25.7 75.0 2 -1 0 -1
0 1 0 25.7 75.0 2 -1 0 -1
0 1 0 25.6 75.0 2 -1 0 -1
0 1 0 25.7 75.0 2 -1 0 -1
0 1 0 25.8 75.0 2 -1 0 -1
0 1 0 25.7 75.0 2 -1 0 -1
0 1 0 25.7 75.0 2 -1 0 -1
0 1 0 25.7 75.0 2 -1 0 -1
0 1 0 25.8 75.0 2 -1 0 -1
0 1 0 25.8 75.0 2 -1 0 -1
0 1 0 25.7 75.0 2 -1 0 -1
0 1 0 25.7 75.0 2 -1 0 -1
0 1 0 25.7 75.0 2 -1 0 -1
0 1 0 25.8 75.0 2 -1 0 -1
0 1 0 25.8 75.0 2 -1 0 -1
0 1 0 25.7 75.0 2 -1 0 -1
0 1 0 25.7 75.0 2 -1 0 -1
0 1 0 25.8 75.0 2 -1 0 -1
0 1 0 25.7 75.0 2 -1 0 -1
0 1 0 25.7 75.0 2 -1 0 -1
0 1 0 25.8 75.0 2 -1 0 -1
0 1 0 25.8 75.0 2 -1 0 -1
0 1 0 25.8 75.0 2 -1 0 -1
0 1 0 25.7 75.0 2 -1 0 -1
0 1 0 25.7 75.0 2 -1 0 -1
0 1 0 25.8 75.0 2 -1 0 -1
0 1 0 25.7 75.0 2 -1 0 -1
0 1 0 25.7 75.0 2 -1 0 -1
0 1 0 25.8 75.0 2 -1 0 -1
0 1 0 25.7 75.0 2 -1 0 -1
0 1 0 25.8 75.0 2 -1 0 -1
0 1 0 25.7 75.0 2 -1 0 -1
0 1 0 25.8 75.0 2 -1 0 -1
0 1 0 25.8 75.0 2 -1 0 -1
0 1 0 25.8 75.0 2 -1 0 -1
0 1 0 25.8 75.0 2 -1 0 -1
0 1 0 25.7 75.0 2 -1 0 -1
0 1 0 25.7 75.0 2 -1 0 -1
0 1 0 25.7 75.0 2 -1 0 -1
0 1 0 25.8 75.0 2 -1 0 -1
0 1 0 25.8 75.0 2 -1 0 -1
0 1 0 25.8 75.0 2 -1 0 -1
0 1 0 25.8 75.0 2 -1 0 -1
0 1 0 25.8 75.0 2 -1 0 -1
0 1 0 25.8 75.0 2 -1 0 -1
0 1 0 25.7 75.0 2 -1 0 -1
0 1 0 25.8 75.0 2 -1 0 -1
0 1 0 25.7 75.0 2 -1 0 -1
0 1 0 25.8 75.0 2 -1 0 -1
0 1 0 25.8 75.0 2 -1 0 -1
0 1 0 25.8 75.0 2 -1 0 -1
0 1 0 25.8 75.0 2 -1 0 -1
0 1 0 25.8 75.0 2 -1 0 -1
0 1 0 25.8 75.0 2 -1 0 -1
0 1 0 25.8 75.0 2 -1 0 -1
0 1 0 25.8 75.0 2 -1 0 -1
0 1 0 25.9 75.0 2 -1 0 -1
0 1 0 25.8 75.0 2 -1 0 -1
0 1 0 25.8 75.0 2 -1 0 -1
0 1 0 25.8 75.0 2 -1 0 -1
0 1 0 25.8 75.0 2 -1 0 -1
0 1 0 25.8 75.0 2 -1 0 -1
0 1 0 25.8 75.0 2 -1 0 -1
0 1 0 25.8 75.0 2 -1 0 -1
0 1 0 25.7 75.0 2 -1 0 -1
0 1 0 25.8 75.0 2 -1 0 -1
0 1 0 25.8 75.0 2 -1 0 -1
0 1 0 25.8 75.0 2 -1 0 -1
0 1 0 25.8 75.0 2 -1 0 -1
0 1 0 25.8 75.0 2 -1 0 -1
0 1 0 25.8 75.0 2 -1 0 -1
0 1 0 25.9 75.0 2 -1 0 -1
0 1 0 25.8 75.0 2 -1 0 -1
0 1 0 25.8 75.0 2 -1 0 -1
0 1 0 25.8 75.0 2 -1 0 -1
0 1 0 25.9 75.0 2 -1 0 -1
0 1 0 25.9 75.0 2 -1 0 -1
0 1 0 25.8 75.0 2 -1 0 -1
0 1 0 25.8 75.0 2 -1 0 -1
0 1 0 25.8 75.0 2 -1 0 -1
0 1 0 25.8 75.0 2 -1 0 -1
0 1 0 25.8 75.0 2 -1 0 -1
0 1 0 25.8 75.0 2 -1 0 -1
0 1 0 25.8 75.0 2 -1 0 -1
0 1 0 25.8 75.0 2 -1 0 -1
0 1 0 25.8 75.0 2 -1 0 -1
0 1 0 25.8 75.0 2 -1 0 -1
0 1 0 25.8 75.0 2 -1 0 -1
0 1 0 25.9 75.0 2 -1 0 -1
0 1 0 25.8 75.0 2 -1 0 -1
0 1 0 25.8 75.0 2 -1 0 -1
0 1 0 25.8 75.0 2 -1 0 -1
0 1 0 25.8 75.0 2 -1 0 -1
0 1 0 25.9 75.0 2 -1 0 -1
0 1 0 25.8 75.0 2 -1 0 -1
0 1 0 25.8 75.0 2 -1 0 -1
0 1 0 25.9 75.0 2 -1 0 -1
0 1 0 25.9 75.0 2 -1 0 -1
0 1 0 25.8 75.0 2 -1 0 -1
0 1 0 25.9 75.0 2 -1 0 -1
0 1 0 25.9 75.0 2 -1 0 -1
0 1 0 25.9 75.0 2 -1 0 -1
0 1 0 25.8 75.0 2 -1 0 -1
0 1 0 25.9 75.0 2 -1 0 -1
0 1 0 25.8 75.0 2 -1 0 -1
0 1 0 25.9 75.0 2 -1 0 -1
0 1 0 25.9 75.0 2 -1 0 -1
0 1 0 25.8 75.0 2 -1 0 -1
0 1 0 25.9 75.0 2 -1 0 -1
0 1 0 25.8 75.0 2 -1 0 -1
0 1 0 25.8 75.0 2 -1 0 -1
0 1 0 25.9 75.0 2 -1 0 -1
0 1 0 25.8 75.0 2 -1 0 -1
0 1 0 25.9 75.0 2 -1 0 -1
0 1 0 25.9 75.0 2 -1 0 -1
0 1 0 25.9 75.0 2 -1 0 -1
0 1 0 25.8 75.0 2 -1 0 -1
0 1 0 25.9 75.0 2 -1 0 -1
0 1 0 25.9 75.0 2 -1 0 -1
0 1 0 25.9 75.0 2 -1 0 -1
0 1 0 25.8 75.0 2 -1 0 -1
0 1 0 25.9 75.0 2 -1 0 -1
0 1 0 25.9 75.0 2 -1 0 -1
0 1 0 25.9 75.0 2 -1 0 -1
0 1 0 25.9 75.0 2 -1 0 -1
0 1 0 25.8 75.0 2 -1 0 -1
0 1 0 25.9 75.0 2 -1 0 -1
0 1 0 26.0 75.0 2 -1 0 -1
0 1 0 25.9 75.0 2 -1 0 -1
0 1 0 25.9 75.0 2 -1 0 -1
0 1 0 25.9 75.0 2 -1 0 -1
0 1 0 25.9 75.0 2 -1 0 -1
0 1 0 25.9 75.0 2 -1 0 -1
0 1 0 25.8 75.0 2 -1 0 -1
0 1 0 25.9 75.0 2 -1 0 -1
0 1 0 25.9 75.0 2 -1 0 -1
0 1 0 25.9 75.0 2 -1 0 -1
0 1 0 25.9 75.0 2 -1 0 -1
0 1 0 25.9 75.0 2 -1 0 -1
0 1 0 25.9 75.0 2 -1 0 -1
0 1 0 25.9 75.0 2 -1 0 -1
0 1 0 25.9 75.0 2 -1 0 -1
0 1 0 25.9 75.0 2 -1 0 -1
0 1 0 25.9 75.0 2 -1 0 -1
0 1 0 25.9 75.0 2 -1 0 -1
0 1 0 25.9 75.0 2 -1 0 -1
0 1 0 25.9 75.0 2 -1 0 -1
0 1 0 25.9 75.0 2 -1 0 -1
0 1 0 25.9 75.0 2 -1 0 -1
0 1 0 26.0 75.0 2 -1 0 -1
0 1 0 25.9 75.0 2 -1 0 -1
0 1 0 25.9 75.0 2 -1 0 -1
0 1 0 25.9 75.0 2 -1 0 -1
0 1 0 25.9 75.0 2 -1 0 -1
0 1 0 25.9 75.0 2 -1 0 -1
0 1 0 26.0 75.0 2 -1 0 -1
0 1 0 25.9 75.0 2 -1 0 -1
0 1 0 25.9 75.0 2 -1 0 -1
0 1 0 25.9 75.0 2 -1 0 -1
0 1 0 25.9 75.0 2 -1 0 -1
0 1 0 26.0 75.0 2 -1 0 -1
0 1 0 25.9 75.0 2 -1 0 -1
0 1 0 25.9 75.0 2 -1 0 -1
0 1 0 25.9 75.5 2 -1 0 -1
0 1 0 25.9 75.0 2 -1 0 -1
0 1 0 25.9 75.0 2 -1 0 -1
0 1 0 26.0 75.0 2 -1 0 -1
0 1 0 25.9 75.0 2 -1 0 -1
0 1 0 25.9 75.0 2 -1 0 -1
0 1 0 25.9 75.0 2 -1 0 -1
0 1 0 25.9 75.0 2 -1 0 -1
0 1 0 25.9 75.0 2 -1 0 -1
0 1 0 25.9 75.0 2 -1 0 -1
0 1 0 25.9 75.0 2 -1 0 -1
0 1 0 25.9 75.0 2 -1 0 -1
0 1 0 25.9 75.0 2 -1 0 -1
0 1 0 25.9 75.0 2 -1 0 -1
0 1 0 25.9 75.0 2 -1 0 -1
0 1 0 26.0 75.0 2 -1 0 -1
0 1 0 25.9 75.0 2 -1 0 -1
0 1 0 25.9 75.0 2 -1 0 -1
0 1 0 25.9 75.0 2 -1 0 -1
0 1 0 25.9 75.5 2 -1 0 -1
0 1 0 26.0 75.0 2 -1 0 -1
0 1 0 25.9 75.0 2 -1 0 -1
0 1 0 25.9 75.0 2 -1 0 -1
0 1 0 25.9 75.0 2 -1 0 -1
0 1 0 25.9 75.0 2 -1 0 -1
0 1 0 25.9 75.0 2 -1 0 -1
0 1 0 26.0 75.0 2 -1 0 -1
0 1 0 25.9 75.0 2 -1 0 -1
0 1 0 25.9 75.0 2 -1 0 -1
0 1 0 25.9 75.0 2 -1 0 -1
0 1 0 26.0 75.0 2 -1 0 -1
0 1 0 26.0 75.5 2 -1 0 -1
0 1 0 26.0 75.0 2 -1 0 -1
0 1 0 26.0 75.0 2 -1 0 -1
0 1 0 26.0 75.0 2 -1 0 -1
0 1 0 26.0 75.0 2 -1 0 -1
0 1 0 26.0 75.0 2 -1 0 -1
0 1 0 25.9 75.0 2 -1 0 -1
0 1 0 26.0 75.0 2 -1 0 -1
0 1 0 25.9 75.0 2 -1 0 -1
0 1 0 26.0 75.5 2 -1 0 -1
0 1 0 25.9 75.5 2 -1 0 -1
0 1 0 25.9 75.5 2 -1 0 -1
0 1 0 25.9 75.5 2 -1 0 -1
0 1 0 26.0 75.5 2 -1 0 -1
0 1 0 26.0 75.5 2 -1 0 -1
0 1 0 25.9 75.5 2 -1 0 -1
0 1 0 26.0 75.5 2 -1 0 -1
0 1 0 25.9 75.5 2 -1 0 -1
0 1 0 25.9 75.5 2 -1 0 -1
0 1 0 26.0 75.5 2 -1 0 -1
0 1 0 26.0 75.5 2 -1 0 -1
0 1 0 26.0 75.0 2 -1 0 -1
0 1 0 26.0 75.5 2 -1 0 -1
0 1 0 25.9 75.0 2 -1 0 -1
0 1 0 26.0 75.5 2 -1 0 -1
0 1 0 26.0 75.5 2 -1 0 -1
0 1 0 26.0 75.5 2 -1 0 -1
0 1 0 26.0 75.0 2 -1 0 -1
0 1 0 25.9 75.0 2 -1 0 -1
0 1 0 26.0 75.5 2 -1 0 -1
0 1 0 26.0 75.5 2 -1 0 -1
0 1 0 26.0 75.5 2 -1 0 -1
0 1 0 26.0 75.5 2 -1 0 -1
0 1 0 25.9 75.5 2 -1 0 -1
0 1 0 26.0 75.0 2 -1 0 -1
0 1 0 26.0 75.5 2 -1 0 -1
0 1 0 25.9 75.5 2 -1 0 -1
0 1 0 26.0 75.5 2 -1 0 -1
0 1 0 26.0 75.5 2 -1 0 -1
0 1 0 26.0 75.5 2 -1 0 -1
0 1 0 26.0 75.5 2 -1 0 -1
0 1 0 25.9 75.5 2 -1 0 -1
0 1 0 26.0 75.5 2 -1 0 -1
0 1 0 26.0 75.5 2 -1 0 -1
0 1 0 25.9 75.5 2 -1 0 -1
0 1 0 25.9 75.5 2 -1 0 -1
0 1 0 26.0 75.5 2 -1 0 -1
0 1 0 26.0 75.5 2 -1 0 -1
0 1 0 25.9 75.5 2 -1 0 -1
0 1 0 26.0 75.5 2 -1 0 -1
0 1 0 26.0 75.5 2 -1 0 -1
0 1 0 26.0 75.5 2 -1 0 -1
0 1 0 26.0 75.5 2 -1 0 -1
0 1 0 26.0 75.5 2 -1 0 -1
0 1 0 26.0 75.5 2 -1 0 -1
0 1 0 26.0 75.5 2 -1 0 -1
0 1 0 26.0 75.5 2 -1 0 -1
0 1 0 26.0 75.5 2 -1 0 -1
0 1 0 26.1 75.5 2 -1 0 -1
0 1 0 26.0 75.5 2 -1 0 -1
0 1 0 26.0 75.5 2 -1 0 -1
0 1 0 26.0 75.5 2 -1 0 -1
0 1 0 26.0 75.5 2 -1 0 -1
0 1 0 26.0 75.5 2 -1 0 -1
0 1 0 26.0 75.5 2 -1 0 -1
0 1 0 25.9 75.5 2 -1 0 -1
0 1 0 26.0 75.5 2 -1 0 -1
0 1 0 26.1 75.5 2 -1 0 -1
0 1 0 25.9 75.5 2 -1 0 -1
0 1 0 26.0 75.5 2 -1 0 -1
0 1 0 26.0 75.5 2 -1 0 -1
0 1 0 26.0 75.5 2 -1 0 -1
0 1 0 26.0 75.5 2 -1 0 -1
0 1 0 25.9 75.5 2 -1 0 -1
0 1 0 26.0 75.5 2 -1 0 -1
0 1 0 26.0 75.5 2 -1 0 -1
0 1 0 26.0 75.5 2 -1 0 -1
0 1 0 26.0 75.5 2 -1 0 -1
0 1 0 26.0 75.5 2 -1 0 -1
0 1 0 26.0 75.5 2 -1 0 -1
0 1 0 26.0 75.5 2 -1 0 -1
0 1 0 26.0 75.5 2 -1 0 -1
0 1 0 26.0 75.5 2 -1 0 -1
0 1 0 26.0 75.5 2 -1 0 -1
0 1 0 26.0 75.5 2 -1 0 -1
0 1 0 26.0 75.5 2 -1 0 -1
0 1 0 26.0 75.5 2 -1 0 -1
0 1 0 26.0 75.5 2 -1 0 -1
0 1 0 26.0 75.5 2 -1 0 -1
0 1 0 26.0 75.5 2 -1 0 -1
0 1 0 26.0 75.5 1 -1 0 -1
0 1 0 26.0 75.5 1 -1 0 -1
0 1 0 26.0 75.5 1 -1 0 -1
0 1 0 26.0 75.5 1 -1 0 -1
0 1 0 26.0 75.5 1 -1 0 -1
0 1 0 26.0 75.5 1 -1 0 -1
0 1 0 26.0 75.5 1 -1 0 -1
0 1 0 26.0 75.5 1 -1 0 -1
0 1 0 26.0 75.5 1 -1 0 -1
0 1 0 26.0 75.5 1 -1 0 -1
0 1 0 26.1 75.5 1 -1 0 -1
0 1 0 26.0 75.5 1 -1 0 -1
0 1 0 26.0 75.5 1 -1 0 -1
0 1 0 26.0 75.5 1 -1 0 -1
0 1 0 26.0 75.5 1 -1 0 -1
0 1 0 26.1 75.5 1 -1 0 -1
0 1 0 26.0 75.5 1 -1 0 -1
0 1 0 26.1 75.5 1 -1 0 -1
0 1 0 26.0 75.5 1 -1 0 -1
0 1 0 26.0 75.5 1 -1 0 -1
0 1 0 25.9 75.5 1 -1 0 -1
0 1 0 26.0 75.5 1 -1 0 -1
0 1 0 25.9 75.5 1 -1 0 -1
0 1 0 26.0 75.5 0 -1 0 -1
0 1 0 26.0 75.5 0 -1 0 -1
0 1 0 26.0 75.5 0 -1 0 -1
0 1 0 26.0 75.5 0 -1 0 -1
0 1 0 26.0 75.5 0 -1 0 -1
0 1 0 26.0 75.5 0 -1 0 -1
0 1 0 26.0 75.5 0 -1 0 -1
0 1 0 26.0 75.5 0 -1 0 -1
0 1 0 25.9 75.5 0 -1 0 -1
0 1 0 26.0 75.5 0 -1 0 -1
0 1 0 26.0 75.5 0 -1 0 -1
0 1 0 26.0 75.5 0 -1 0 -1
0 1 0 26.0 75.5 0 -1 0 -1
0 1 0 26.0 75.5 2 -1 0 -1
0 1 0 26.0 75.5 2 -1 0 -1
0 1 0 26.1 75.5 2 -1 0 -1
0 1 0 26.0 75.5 2 -1 0 -1
0 1 0 26.0 75.5 2 -1 0 -1
0 1 0 26.0 75.5 1 -1 0 -1
0 1 0 26.0 75.5 1 -1 0 -1
0 1 0 26.0 75.5 1 -1 0 -1
0 1 0 26.0 75.5 1 -1 0 -1
0 1 0 26.0 75.5 1 -1 0 -1
0 1 0 26.0 75.5 1 -1 0 -1
0 1 0 26.0 75.5 1 -1 0 -1
0 1 0 26.0 75.5 2 -1 0 -1
0 1 0 26.0 75.5 2 -1 0 -1
0 1 0 26.0 75.5 2 -1 0 -1
0 1 0 26.0 75.5 2 -1 0 -1
0 1 0 26.0 75.5 4 -1 0 -1
0 1 0 26.0 75.5 4 -1 0 -1
0 1 0 26.0 75.5 4 -1 0 -1
0 1 0 26.0 75.5 1 -1 0 -1
0 1 0 26.0 75.5 2 -1 0 -1
0 1 0 26.0 75.5 2 -1 0 -1
0 1 0 26.0 75.5 2 -1 0 -1
0 1 0 26.0 75.5 2 -1 0 -1
0 1 0 26.0 75.5 2 -1 0 -1
0 1 0 26.0 75.5 2 -1 0 -1
0 1 0 26.1 75.5 2 -1 0 -1
0 1 0 26.1 75.5 2 -1 0 -1
0 1 0 26.0 75.5 2 -1 0 -1
0 1 0 26.1 75.5 4 -1 0 -1
0 1 0 26.0 75.5 4 -1 0 -1
0 1 0 26.0 75.5 4 -1 0 -1
0 1 0 26.0 75.5 4 -1 0 -1
0 1 0 26.0 75.5 6 -1 0 -1
0 1 0 26.1 75.5 3 -1 0 -1
0 1 0 26.0 75.5 3 -1 0 -1
0 1 0 26.0 75.5 5 -1 0 -1
0 1 0 26.1 75.5 5 -1 0 -1
0 1 0 26.0 75.5 5 -1 0 -1
0 1 0 26.0 75.5 5 -1 0 -1
0 1 0 26.1 75.5 5 -1 0 -1
0 1 0 26.0 75.5 5 -1 0 -1
0 1 0 26.1 75.5 5 -1 0 -1
0 1 0 26.0 75.5 7 -1 0 -1
0 1 0 26.1 76.0 7 -1 0 -1
0 1 0 26.1 76.0 7 -1 0 -1
0 1 0 26.0 76.0 7 -1 0 -1
0 1 0 26.0 76.0 9 -1 0 -1
0 1 0 26.0 76.0 5 -1 0 -1
0 1 0 26.0 76.0 5 -1 0 -1
0 1 0 26.1 76.0 7 -1 0 -1
0 1 0 26.1 76.0 7 -1 0 -1
0 1 0 26.1 76.0 7 -1 0 -1
0 1 0 26.1 76.0 9 -1 0 -1
0 1 0 26.0 76.0 9 -1 0 -1
0 1 0 26.0 76.0 7 -1 0 -1
0 1 0 26.1 76.0 7 -1 0 -1
0 1 0 26.0 76.0 9 -1 0 -1
0 1 0 26.0 76.0 11 -1 0 -1
0 1 0 26.1 76.0 11 -1 0 -1
0 1 0 26.1 76.0 8 -1 0 -1
0 1 0 26.1 76.0 10 -1 0 -1
0 1 0 26.1 76.0 10 -1 0 -1
0 1 0 26.1 76.0 10 -1 0 -1
0 1 0 26.1 76.0 11 -1 0 -1
0 1 0 26.1 76.0 11 -1 0 -1
0 1 0 26.1 76.0 9 -1 0 -1
0 1 0 26.1 76.0 9 -1 0 -1
0 1 0 26.1 76.0 7 -1 0 -1
0 1 0 26.1 76.0 7 -1 0 -1
0 1 0 26.1 76.0 5 -1 0 -1
0 1 0 26.1 76.0 5 -1 0 -1
0 1 0 26.1 76.5 5 -1 0 -1
0 1 0 26.2 76.5 3 -1 0 -1
0 1 0 26.2 76.5 3 -1 0 -1
0 1 0 26.1 76.5 3 -1 0 -1
0 1 0 26.1 76.5 3 -1 0 -1
0 1 0 26.1 76.5 5 -1 0 -1
0 1 0 26.1 76.5 5 -1 0 -1
0 1 0 26.1 76.5 5 -1 0 -1
0 1 0 26.1 76.5 5 -1 0 -1
0 1 0 26.2 76.5 5 -1 0 -1
0 1 0 26.1 76.5 5 -1 0 -1
0 1 0 26.2 76.5 7 -1 0 -1
0 1 0 26.1 76.5 7 -1 0 -1
0 1 0 26.2 76.5 7 -1 0 -1
0 1 0 26.2 76.5 7 -1 0 -1
0 1 0 26.1 76.5 7 -1 0 -1
0 1 0 26.1 76.5 5 -1 0 -1
0 1 0 26.2 76.5 5 -1 0 -1
0 1 0 26.1 76.5 3 -1 0 -1
0 1 0 26.1 76.5 3 -1 0 -1
0 1 0 26.2 76.5 6 -1 0 -1
0 1 0 26.2 76.5 6 -1 0 -1
0 1 0 26.1 76.5 6 -1 0 -1
0 1 0 26.2 76.5 6 -1 0 -1
0 1 0 26.2 76.5 6 -1 0 -1
0 1 0 26.2 77.0 6 -1 0 -1
0 1 0 26.2 77.0 6 -1 0 -1
0 1 0 26.2 77.0 6 -1 0 -1
0 1 0 26.2 77.0 6 -1 0 -1
0 1 0 26.1 77.0 6 -1 0 -1
0 1 0 26.2 77.0 3 -1 0 -1
0 1 0 26.2 77.0 3 -1 0 -1
0 1 0 26.2 77.0 3 -1 0 -1
0 1 0 26.2 77.0 5 -1 0 -1
0 1 0 26.2 77.0 5 -1 0 -1
0 1 0 26.1 77.0 5 -1 0 -1
0 1 0 26.2 77.0 5 -1 0 -1
0 1 0 26.2 77.0 5 -1 0 -1
0 1 0 26.2 77.0 5 -1 0 -1
0 1 0 26.2 77.0 5 -1 0 -1
0 1 0 26.2 77.0 5 -1 0 -1
0 1 0 26.2 77.0 5 -1 0 -1
0 1 0 26.2 77.0 5 -1 0 -1
0 1 0 26.2 77.0 3 -1 0 -1
0 1 0 26.2 77.0 5 -1 0 -1
0 1 0 26.2 77.0 5 -1 0 -1
0 1 0 26.3 77.0 5 -1 0 -1
0 1 0 26.3 77.0 5 -1 0 -1
0 1 0 26.3 77.0 5 -1 0 -1
0 1 0 26.2 77.0 7 -1 0 -1
0 1 0 26.2 77.0 7 -1 0 -1
0 1 0 26.2 77.0 5 -1 0 -1
0 1 0 26.2 77.0 5 -1 0 -1
0 1 0 26.2 77.0 7 -1 0 -1
0 1 0 26.3 77.0 7 -1 0 -1
0 1 0 26.2 77.0 9 -1 0 -1
0 1 0 26.2 77.0 7 -1 0 -1
0 1 0 26.3 77.0 9 -1 0 -1
0 1 0 26.3 77.0 11 -1 0 -1
0 1 0 26.3 77.0 8 -1 0 -1
0 1 0 26.3 77.0 8 -1 0 -1
0 1 0 26.3 77.0 11 -1 0 -1
0 1 0 26.2 77.0 9 -1 0 -1
0 1 0 26.3 77.0 7 -1 0 -1
0 1 0 26.2 77.0 9 -1 0 -1
0 1 0 26.2 77.0 9 -1 0 -1
0 1 0 26.3 77.0 7 -1 0 -1
0 1 0 26.3 77.0 7 -1 0 -1
0 1 0 26.2 77.0 7 -1 0 -1
0 1 0 26.3 77.0 9 c24 0 -1
0 1 9 26.2 77.0 5 c24 0 -1
0 1 6 26.2 77.0 7 c24 0 -1
0 1 0 26.2 76.0 9 c24 0 -1
0 1 1 26.1 75.0 11 c24 0 -1
0 1 1 26.0 74.5 10 c24 0 -1
0 1 0 25.9 73.5 12 c24 0 -1
0 1 0 25.7 72.0 10 c24 0 -1
0 1 0 25.5 71.5 12 c24 0 -1
0 1 0 25.5 70.5 12 c24 0 -1
0 1 6 25.3 70.0 12 c24 0 -1
0 1 0 25.2 69.0 14 c24 0 -1
0 1 0 25.1 68.5 12 c24 0 -1
0 1 16 25.0 68.0 12 c24 0 -1
0 1 23 25.0 67.5 10 c24 0 -1
0 1 40 24.8 66.0 9 c24 0 -1
1 1 0 24.7 65.5 7 c24 0 -1
0 1 0 24.6 65.0 9 c24 0 -1
0 1 0 24.5 65.0 7 c24 0 -1
0 1 0 24.4 64.5 9 c24 0 -1
0 1 0 24.4 64.0 7 c24 0 -1
0 1 0 24.2 63.5 5 c24 0 -1
0 1 0 24.2 63.5 5 c24 0 -1
0 1 0 24.2 63.5 3 c24 0 -1
0 1 0 24.1 63.5 6 c24 0 -1
0 1 0 24.1 63.5 6 c24 0 -1
0 1 0 24.0 63.0 4 c24 0 -1
0 1 0 23.9 62.5 6 c24 0 -1
0 1 0 23.9 62.5 6 c24 0 -1
0 1 0 23.8 62.0 6 c24 0 -1
0 1 0 23.7 61.5 6 c24 0 -1
0 1 0 23.7 61.5 4 c24 0 -1
0 1 0 23.6 61.5 4 c24 0 -1
0 1 0 23.6 61.5 4 c24 0 -1
0 1 0 23.5 60.5 4 c24 0 -1
0 1 0 23.5 60.5 4 c24 0 -1
0 1 0 23.5 60.5 2 c24 0 -1
0 1 0 23.5 60.5 2 c24 0 -1
0 1 0 23.3 60.5 4 c24 0 -1
0 1 0 23.3 60.0 4 c24 0 -1
0 1 0 23.3 60.0 6 c24 0 -1
0 1 0 23.2 60.5 5 c24 0 -1
0 1 0 23.2 60.0 7 c24 0 -1
0 1 0 23.2 60.0 5 c24 0 -1
0 1 0 23.2 60.0 7 c24 0 -1
0 1 0 23.1 60.0 7 c24 0 -1
0 1 0 23.1 60.0 7 c24 0 -1
0 1 0 23.1 60.0 7 c24 0 -1
0 1 0 23.1 60.0 7 c24 0 -1
0 1 0 23.0 60.0 9 c24 0 -1
0 1 0 23.0 60.0 7 c24 0 -1
0 1 0 22.9 60.0 9 c24 0 -1
0 1 0 22.9 60.0 11 c24 0 -1
0 1 0 22.9 60.0 10 c24 0 -1
0 1 0 22.9 60.0 12 c24 0 -1
0 1 0 22.9 59.5 12 c24 0 -1
0 1 0 22.8 59.5 14 c24 0 -1
0 1 0 22.7 60.0 10 c24 0 -1
0 1 0 22.8 60.5 10 c24 0 -1
0 1 0 22.7 60.5 10 c24 0 -1
0 1 0 22.8 60.5 10 c24 0 -1
0 1 0 22.7 61.0 10 c24 0 -1
0 1 0 22.7 61.0 12 c24 0 -1
0 1 0 22.8 61.0 12 c24 0 -1
0 1 0 22.7 60.5 14 c24 0 -1
0 1 0 22.7 60.5 12 c24 0 -1
0 1 0 22.7 60.5 12 c24 0 -1
0 1 0 22.7 60.5 14 c24 0 -1
0 1 0 22.6 61.0 12 c24 0 -1
0 1 0 22.7 61.0 12 c24 0 -1
0 1 0 22.7 61.0 12 c24 0 -1
0 1 0 22.7 60.5 12 c24 0 -1
0 1 0 22.6 60.5 10 c24 0 -1
0 1 0 22.6 60.0 14 c24 0 -1
0 1 0 22.6 60.0 12 c24 0 -1
0 1 0 22.5 59.5 10 c24 0 -1
0 1 0 22.5 59.5 8 c24 0 -1
0 1 0 22.4 59.5 11 c24 0 -1
0 1 0 22.4 59.5 11 c24 0 -1
0 1 0 22.3 59.5 9 c24 0 -1
0 1 0 22.4 59.5 11 c24 0 -1
0 1 0 22.3 59.0 8 c24 0 -1
0 1 0 22.4 59.5 10 c24 0 -1
0 1 0 22.3 59.0 10 c24 0 -1
0 1 0 22.3 59.0 12 c24 0 -1
0 1 0 22.3 58.5 12 c24 0 -1
0 1 0 22.2 59.0 12 c24 0 -1
0 1 0 22.2 59.0 14 c24 0 -1
0 1 0 22.2 59.0 12 c24 0 -1
0 1 0 22.2 59.0 16 c24 0 -1
0 1 0 22.2 59.0 14 c24 0 -1
0 1 0 22.1 59.0 10 c24 0 -1
0 1 0 22.1 59.0 12 c24 0 -1
0 1 0 22.1 59.0 11 c24 0 -1
0 1 0 22.1 58.5 9 c24 0 -1
0 1 0 22.0 59.0 9 c24 0 -1
0 1 0 22.1 59.0 9 c24 0 -1
0 1 0 22.1 59.0 9 c24 0 -1
0 1 0 22.1 58.5 9 c24 0 -1
0 1 0 22.1 58.5 9 c24 0 -1
0 1 0 22.0 58.5 9 c24 0 -1
0 1 0 22.0 58.5 7 c24 0 -1
0 1 0 22.0 58.5 11 c24 0 -1
0 1 0 22.0 58.5 10 c24 0 -1
0 1 0 21.9 59.0 14 c24 0 -1
0 1 0 21.9 59.0 12 c24 0 -1
0 1 0 21.9 58.5 14 c24 0 -1
0 1 0 21.9 58.5 15 c24 0 -1
0 1 0 21.9 58.5 17 c24 0 -1
0 1 0 21.9 58.5 17 c24 0 -1
0 1 0 21.9 58.5 21 c24 0 -1
0 1 0 21.8 58.5 26 c24 0 -1
0 1 0 21.8 58.5 26 c26 0 -1
0 1 24 21.8 58.5 43 c26 5 -1
0 1 12 21.8 59.0 41 c26 5 -1
0 1 28 21.9 60.5 43 c26 5 -1
0 1 25 22.0 61.5 38 c26 5 -1
0 1 0 22.0 62.0 36 c26 5 -1
0 1 2 22.1 63.0 33 c26 5 -1
0 1 0 22.2 63.5 31 c26 5 -1
0 1 1 22.2 64.0 28 c26 5 -1
0 1 0 22.3 65.0 24 c26 5 -1
0 1 2 22.3 65.5 24 c26 5 -1
0 1 0 22.3 66.0 22 c26 5 -1
0 1 8 22.4 66.5 20 c26 5 -1
0 1 0 22.5 67.0 24 c26 5 -1
0 1 2 22.6 67.5 24 c26 5 -1
0 1 1 22.6 68.0 24 c26 5 -1
0 1 6 22.7 68.5 24 c26 5 -1
0 1 5 22.7 68.5 22 c26 5 -1
0 1 4 22.8 69.0 22 c26 5 -1
0 1 3 22.8 69.5 22 c26 5 -1
0 1 8 22.9 69.5 22 c26 5 -1
0 1 0 23.0 69.5 22 c26 5 -1
0 1 2 23.0 70.0 22 c26 5 -1
0 1 2 23.0 70.0 22 c26 5 -1
0 1 2 23.0 70.5 22 c26 5 -1
0 1 1 23.1 70.5 24 c26 5 -1
0 1 1 23.2 70.5 24 c26 5 -1
0 1 4 23.2 71.0 24 c26 5 -1
0 1 7 23.3 71.0 22 c26 5 -1
0 1 0 23.3 71.5 22 c26 5 -1
0 1 5 23.4 71.5 24 c26 5 -1
0 1 1 23.4 71.5 24 c26 5 -1
0 1 4 23.4 72.0 22 c26 5 -1
0 1 0 23.5 72.0 22 c26 5 -1
0 1 6 23.5 72.5 24 c26 5 -1
0 1 9 23.6 72.5 24 c26 5 -1
0 1 0 23.6 72.5 22 c26 5 -1
0 1 1 23.7 72.5 24 c26 5 -1
0 1 2 23.7 73.0 26 c26 5 -1
0 1 1 23.7 73.0 24 c26 5 -1
0 1 0 23.7 73.0 22 c26 5 -1
0 1 2 23.7 73.0 24 c26 5 -1
0 1 0 23.8 73.0 22 c26 5 -1
0 1 0 23.8 73.0 22 c26 5 -1
0 1 2 23.9 73.0 22 c26 5 -1
0 1 0 23.9 73.0 20 c26 5 -1
0 1 0 23.9 73.5 20 c26 5 -1
0 1 5 23.9 73.5 20 c26 5 -1
0 1 0 24.0 73.5 20 c26 5 -1
0 1 0 24.0 73.5 20 c26 5 -1
0 1 1 24.1 73.5 22 c26 5 -1
0 1 3 24.1 73.5 22 c26 5 -1
0 1 1 24.0 73.5 22 c26 5 -1
0 1 0 24.2 74.0 22 c26 5 -1
0 1 2 24.1 74.0 22 c26 5 -1
0 1 0 24.2 74.0 20 c26 5 -1
0 1 0 24.2 74.0 20 c26 5 -1
0 1 11 24.2 74.0 20 c26 5 -1
0 1 0 24.3 74.0 20 c26 5 -1
0 1 4 24.3 73.5 20 c26 5 -1
0 1 3 24.2 72.5 20 c26 5 -1
0 1 0 24.2 72.0 23 c26 5 -1
0 1 0 24.2 71.0 21 c26 5 -1
0 1 3 24.0 70.0 21 c26 5 -1
0 1 0 23.9 69.5 19 c26 5 -1
0 1 2 23.8 68.5 21 c26 5 -1
0 1 1 23.7 68.0 23 c26 5 -1
0 1 0 23.7 67.5 26 c26 5 -1
0 1 0 23.7 68.5 22 c26 5 -1
0 1 0 23.7 69.0 24 c26 5 -1
0 1 1 23.6 69.5 26 c26 5 -1
0 1 7 23.7 70.0 26 c26 5 -1
0 1 4 23.7 70.5 26 c26 5 -1
0 1 1 23.7 71.0 24 c26 5 -1
0 1 3 23.8 71.0 24 c26 5 -1
0 1 2 23.8 71.5 22 c26 5 -1
0 1 0 23.8 72.0 26 c26 5 -1
0 1 0 23.8 72.0 23 c26 5 -1
0 1 0 23.9 72.5 23 c26 5 -1
0 1 0 23.9 72.5 21 c26 5 -1
0 1 0 23.9 73.0 21 c26 5 -1
0 1 1 24.0 73.0 21 c26 5 -1
0 1 0 23.9 73.5 21 c26 5 -1
0 1 0 24.1 73.5 21 c26 5 -1
0 1 0 24.0 74.0 21 c26 5 -1
0 1 0 24.0 74.0 21 c26 5 -1
0 1 6 24.1 74.0 21 c26 5 -1
0 1 9 24.1 74.0 23 c26 5 -1
0 1 12 24.1 74.0 23 -1 5 -1
0 1 15 24.1 74.5 15 -1 0 -1
0 1 3 24.1 74.5 6 -1 0 -1
0 1 0 24.2 74.5 6 -1 0 -1
0 1 0 24.2 74.5 9 -1 0 -1
0 1 0 24.2 74.5 9 -1 0 -1
0 1 0 24.2 74.5 9 -1 0 -1
0 1 0 24.3 74.5 7 -1 0 -1
0 1 0 24.2 74.5 7 -1 0 -1
0 1 0 24.3 74.5 7 -1 0 -1
0 1 0 24.4 74.5 7 -1 0 -1
0 1 0 24.3 74.5 7 -1 0 -1
0 1 0 24.4 74.5 7 -1 0 -1
0 1 0 24.4 74.5 7 -1 0 -1
0 1 0 24.4 74.5 9 -1 0 -1
0 1 0 24.4 74.5 9 -1 0 -1
0 1 0 24.4 74.5 9 -1 0 -1
0 1 0 24.4 74.5 9 -1 0 -1
0 1 0 24.4 74.5 7 -1 0 -1
0 1 0 24.5 74.5 7 -1 0 -1
0 1 0 24.5 74.5 7 -1 0 -1
0 1 0 24.5 74.5 9 -1 0 -1
0 1 0 24.5 74.5 9 -1 0 -1
0 1 0 24.5 74.5 9 -1 0 -1
0 1 0 24.5 74.5 9 -1 0 -1
0 1 0 24.5 74.5 9 -1 0 -1
0 1 0 24.5 74.5 9 -1 0 -1
0 1 0 24.5 74.5 9 -1 0 -1
0 1 0 24.5 74.5 11 -1 0 -1
0 1 0 24.6 74.5 11 -1 0 -1
0 1 0 24.6 74.5 9 -1 0 -1
0 1 0 24.6 74.5 9 -1 0 -1
0 1 0 24.6 74.5 9 -1 0 -1
0 1 0 24.6 74.5 11 -1 0 -1
0 1 0 24.6 74.5 9 -1 0 -1
0 1 0 24.7 74.5 9 -1 0 -1
0 1 0 24.6 74.5 9 -1 0 -1
0 1 0 24.7 74.5 9 -1 0 -1
0 1 0 24.7 74.0 9 -1 0 -1
0 1 0 24.7 74.5 9 -1 0 -1
0 1 0 24.7 74.5 11 -1 0 -1
0 1 0 24.7 74.0 7 -1 0 -1
0 1 0 24.7 74.0 9 -1 0 -1
0 1 0 24.7 74.5 9 -1 0 -1
0 1 0 24.7 74.5 9 -1 0 -1
0 1 0 24.7 74.0 9 -1 0 -1
0 1 0 24.8 74.5 9 -1 0 -1
0 1 0 24.7 74.5 9 -1 0 -1
0 1 0 24.7 74.5 9 -1 0 -1
0 1 0 24.7 74.0 11 -1 0 -1
0 1 0 24.7 74.0 9 -1 0 -1
0 1 0 24.8 74.0 9 -1 0 -1
0 1 0 24.7 74.0 7 -1 0 -1
0 1 0 24.8 74.0 9 -1 0 -1
0 1 0 24.8 74.0 9 -1 0 -1
0 1 0 24.8 74.0 9 -1 0 -1
0 1 0 24.7 74.0 9 -1 0 -1
0 1 0 24.8 74.0 7 -1 0 -1
0 1 0 24.8 74.0 7 -1 0 -1
0 1 0 24.8 74.0 7 -1 0 -1
0 1 0 24.8 74.0 7 -1 0 -1
0 1 0 24.8 74.0 7 -1 0 -1
0 1 0 24.8 74.0 7 -1 0 -1
0 1 0 24.8 74.0 7 -1 0 -1
0 1 0 24.8 74.0 7 -1 0 -1
0 1 0 24.9 74.0 9 -1 0 -1
0 1 0 24.9 74.0 6 -1 0 -1
0 1 0 24.8 74.0 4 -1 0 -1
0 1 0 24.8 74.0 4 -1 0 -1
0 1 0 24.8 74.0 4 -1 0 -1
0 1 0 24.8 74.0 4 -1 0 -1
0 1 0 24.8 74.0 4 -1 0 -1
0 1 0 24.9 74.0 6 -1 0 -1
0 1 0 24.8 74.0 9 -1 0 -1
0 1 0 24.8 74.0 9 -1 0 -1
0 1 0 24.8 74.0 9 -1 0 -1
0 1 0 24.8 74.0 6 -1 0 -1
0 1 0 24.8 74.0 6 -1 0 -1
0 1 0 24.9 74.0 6 -1 0 -1
0 1 0 24.8 74.0 6 -1 0 -1
0 1 0 24.9 74.0 6 -1 0 -1
0 1 0 24.9 74.0 6 -1 0 -1
0 1 0 24.9 74.0 6 -1 0 -1
0 1 0 24.9 74.0 6 -1 0 -1
0 1 0 24.9 74.0 4 -1 0 -1
0 1 0 24.9 74.0 4 -1 0 -1
0 1 0 24.9 74.0 4 -1 0 -1
0 1 0 24.9 74.0 8 -1 0 -1
0 1 0 24.9 74.0 6 -1 0 -1
0 1 0 24.9 74.0 6 -1 0 -1
0 1 0 25.0 74.0 6 -1 0 -1
0 1 0 24.9 74.0 4 -1 0 -1
0 1 0 24.9 74.0 4 -1 0 -1
0 1 0 24.9 74.0 4 -1 0 -1
0 1 0 24.9 74.0 4 -1 0 -1
0 1 0 24.9 74.0 6 -1 0 -1
0 1 0 25.0 74.0 6 -1 0 -1
0 1 0 25.0 74.0 6 -1 0 -1
0 1 0 24.9 73.5 6 -1 0 -1
0 1 0 24.9 73.5 6 -1 0 -1
0 1 0 24.9 73.5 6 -1 0 -1
0 1 0 25.0 73.5 6 -1 0 -1
0 1 0 24.9 73.5 6 -1 0 -1
0 1 0 25.0 73.5 6 -1 0 -1
0 1 0 24.9 73.5 6 -1 0 -1
0 1 0 24.9 73.5 6 -1 0 -1
0 1 0 24.9 73.5 6 -1 0 -1
0 1 0 24.9 73.5 6 -1 0 -1
0 1 0 24.9 73.5 4 -1 0 -1
0 1 0 24.8 73.5 4 -1 0 -1
0 1 0 24.9 73.5 4 -1 0 -1
0 1 0 25.0 73.5 2 -1 0 -1
0 1 0 24.9 73.5 6 -1 0 -1
0 1 0 24.8 73.5 6 -1 0 -1
0 1 0 24.8 73.5 4 -1 0 -1
0 1 0 24.9 73.0 4 -1 0 -1
0 1 0 24.9 73.5 6 -1 0 -1
0 1 0 24.9 73.5 6 -1 0 -1
0 1 0 24.9 73.0 4 -1 0 -1
0 1 0 24.9 73.0 4 -1 0 -1
0 1 0 24.9 73.0 4 -1 0 -1
0 1 0 24.8 73.0 4 -1 0 -1
0 1 0 24.8 73.0 4 -1 0 -1
0 1 0 24.9 73.0 4 -1 0 -1
0 1 0 24.9 73.0 6 -1 0 -1
0 1 0 24.9 73.0 6 -1 0 -1
0 1 0 25.0 73.0 6 -1 0 -1
0 1 0 24.9 73.0 6 -1 0 -1
0 1 0 24.9 73.0 6 -1 0 -1
0 1 0 24.9 73.0 2 -1 0 -1
0 1 0 24.9 73.0 4 -1 0 -1
0 1 0 24.9 73.0 4 -1 0 -1
0 1 0 24.9 73.0 4 -1 0 -1
0 1 0 24.9 73.0 6 -1 0 -1
0 1 0 24.9 73.0 6 -1 0 -1
0 1 0 24.9 73.0 4 -1 0 -1
0 1 0 24.9 73.0 4 -1 0 -1
0 1 0 24.9 73.0 6 -1 0 -1
0 1 0 24.9 73.0 6 -1 0 -1
0 1 0 24.9 73.0 6 -1 0 -1
0 1 0 25.0 73.0 6 -1 0 -1
0 1 0 25.0 73.0 6 -1 0 -1
0 1 0 25.0 73.0 6 -1 0 -1
0 1 0 24.9 73.0 6 -1 0 -1
0 1 0 25.0 73.0 6 -1 0 -1
0 1 0 25.0 73.5 6 -1 0 -1
0 1 0 25.0 73.5 6 -1 0 -1
0 1 0 25.0 73.5 9 -1 0 -1
0 1 0 25.0 73.5 9 -1 0 -1
0 1 0 25.0 73.5 9 -1 0 -1
0 1 0 25.0 73.5 6 -1 0 -1
0 1 0 24.9 73.5 6 -1 0 -1
0 1 0 25.0 73.5 6 -1 0 -1
0 1 0 25.1 73.5 6 -1 0 -1
0 1 0 25.0 73.5 4 -1 0 -1
0 1 0 25.0 73.5 4 -1 0 -1
0 1 0 25.1 73.5 4 -1 0 -1
0 1 0 25.0 73.5 6 -1 0 -1
0 1 0 25.1 73.5 6 -1 0 -1
0 1 0 25.1 73.5 9 -1 0 -1
0 1 0 25.1 73.5 5 -1 0 -1
0 1 0 25.1 73.5 7 -1 0 -1
0 1 0 25.2 73.5 7 -1 0 -1
0 1 0 25.1 73.5 7 -1 0 -1
0 1 0 25.1 73.5 5 -1 0 -1
0 1 0 25.1 73.5 5 -1 0 -1
0 1 0 25.1 73.5 7 -1 0 -1
0 1 0 25.1 73.5 7 -1 0 -1
0 1 0 25.0 73.5 7 -1 0 -1
0 1 0 25.0 73.5 7 -1 0 -1
0 1 0 25.1 73.5 9 -1 0 -1
0 1 0 25.1 73.5 6 -1 0 -1
0 1 0 25.1 73.5 4 -1 0 -1
0 1 0 25.1 73.5 4 -1 0 -1
0 1 0 25.1 74.0 6 -1 0 -1
0 1 0 25.1 74.0 6 -1 0 -1
0 1 0 25.1 73.5 6 -1 0 -1
0 1 0 25.1 74.0 6 -1 0 -1
0 1 0 25.1 73.5 6 -1 0 -1
0 1 0 25.1 74.0 6 -1 0 -1
0 1 0 25.1 74.0 4 -1 0 -1
0 1 0 25.1 73.5 4 -1 0 -1
0 1 0 25.1 73.5 4 -1 0 -1
0 1 0 25.1 73.5 4 -1 0 -1
0 1 0 25.1 73.5 4 -1 0 -1
0 1 0 25.1 73.5 4 -1 0 -1
0 1 0 25.1 73.5 4 -1 0 -1
0 1 0 25.1 73.5 4 -1 0 -1
0 1 0 25.1 74.0 4 -1 0 -1
0 1 0 25.1 73.5 8 -1 0 -1
0 1 0 25.1 73.5 6 -1 0 -1
0 1 0 25.1 74.0 6 -1 0 -1
0 1 0 25.1 74.0 6 -1 0 -1
0 1 0 25.2 74.0 6 -1 0 -1
0 1 0 25.1 74.0 6 -1 0 -1
0 1 0 25.1 74.0 6 -1 0 -1
0 1 0 25.2 74.0 6 -1 0 -1
0 1 0 25.1 74.0 6 -1 0 -1
0 1 0 25.1 74.0 6 -1 0 -1
0 1 0 25.1 74.0 6 -1 0 -1
0 1 0 25.1 74.0 6 -1 0 -1
0 1 0 25.1 74.0 6 -1 0 -1
0 1 0 25.1 74.0 4 -1 0 -1
0 1 0 25.1 74.0 2 -1 0 -1
0 1 0 25.1 74.0 4 -1 0 -1
0 1 0 25.2 74.0 4 -1 0 -1
0 1 0 25.1 74.0 4 -1 0 -1
0 1 0 25.1 74.0 4 -1 0 -1
0 1 0 25.1 73.5 2 -1 0 -1
0 1 0 25.1 73.5 2 -1 0 -1
0 1 0 25.1 73.5 4 -1 0 -1
0 1 0 25.1 74.0 4 -1 0 -1
0 1 0 25.1 73.5 6 -1 0 -1
0 1 0 25.2 74.0 7 -1 0 -1
0 1 0 25.1 73.5 9 -1 0 -1
0 1 0 25.1 74.0 7 -1 0 -1
0 1 0 25.1 73.5 7 -1 0 -1
0 1 0 25.2 73.5 9 -1 0 -1
0 1 0 25.1 73.5 9 -1 0 -1
0 1 0 25.1 73.5 11 -1 0 -1
0 1 0 25.1 74.0 11 -1 0 -1
0 1 0 25.1 74.0 11 -1 0 -1
0 1 0 25.1 74.0 11 -1 0 -1
0 1 0 25.1 73.5 9 -1 0 -1
0 1 0 25.2 74.0 9 -1 0 -1
0 1 0 25.2 74.0 7 -1 0 -1
0 1 0 25.1 74.0 9 -1 0 -1
0 1 0 25.1 74.0 7 -1 0 -1
0 1 0 25.1 74.0 7 -1 0 -1
0 1 0 25.1 74.0 7 -1 0 -1
0 1 0 25.2 74.0 7 -1 0 -1
0 1 0 25.1 74.0 7 -1 0 -1
0 1 0 25.2 74.0 5 -1 0 -1
0 1 0 25.2 74.0 5 -1 0 -1
0 1 0 25.2 74.0 5 -1 0 -1
0 1 0 25.2 74.0 5 -1 0 -1
0 1 0 25.1 74.0 5 -1 0 -1
0 1 0 25.2 74.0 5 -1 0 -1
0 1 0 25.2 74.0 7 -1 0 -1
0 1 0 25.2 74.0 7 -1 0 -1
0 1 0 25.1 74.0 7 -1 0 -1
0 1 0 25.2 74.0 7 -1 0 -1
0 1 0 25.2 74.0 7 -1 0 -1
0 1 0 25.2 74.0 7 -1 0 -1
0 1 0 25.2 74.0 7 -1 0 -1
0 1 0 25.2 74.0 7 -1 0 -1
0 1 0 25.2 74.0 7 -1 0 -1
0 1 0 25.2 74.0 7 -1 0 -1
0 1 0 25.3 74.5 7 -1 0 -1
0 1 0 25.2 74.5 7 -1 0 -1
0 1 0 25.2 74.5 7 -1 0 -1
0 1 0 25.2 74.5 7 -1 0 -1
0 1 0 25.3 74.5 7 -1 0 -1
0 1 0 25.2 74.5 7 -1 0 -1
0 1 0 25.3 74.5 7 -1 0 -1
0 1 0 25.2 74.5 7 -1 0 -1
0 1 0 25.2 74.5 7 -1 0 -1
0 1 0 25.3 74.5 7 -1 0 -1
0 1 0 25.3 74.5 7 -1 0 -1
0 1 3 25.2 74.5 9 -1 0 -1
0 1 0 25.3 74.5 9 -1 0 -1
0 1 0 25.2 74.5 9 -1 0 -1
0 1 0 25.3 74.5 9 -1 0 -1
0 1 0 25.3 74.5 9 -1 0 -1
0 1 0 25.3 74.5 9 -1 0 -1
0 1 0 25.3 74.5 9 -1 0 -1
0 1 0 25.3 74.5 9 -1 0 -1
0 1 0 25.3 74.5 9 -1 0 -1
0 1 0 25.3 74.5 9 -1 0 -1
0 1 0 25.3 74.5 9 -1 0 -1
0 1 0 25.3 74.5 9 -1 0 -1
0 1 0 25.3 74.5 9 -1 0 -1
0 1 0 25.4 74.5 9 -1 0 -1
0 1 0 25.4 74.5 7 -1 0 -1
0 1 0 25.3 75.0 7 -1 0 -1
0 1 0 25.4 75.0 7 -1 0 -1
0 1 0 25.4 75.0 7 -1 0 -1
0 1 0 25.4 75.0 5 -1 0 -1
0 1 0 25.4 75.0 5 -1 0 -1
0 1 0 25.4 75.0 5 -1 0 -1
0 1 0 25.3 75.0 5 -1 0 -1
0 1 0 25.4 75.0 9 -1 0 -1
0 1 0 25.4 75.0 5 -1 0 -1
0 1 0 25.4 75.0 5 -1 0 -1
0 1 0 25.4 75.0 7 -1 0 -1
0 1 0 25.4 75.0 7 -1 0 -1
0 1 0 25.5 75.0 7 -1 0 -1
0 1 0 25.4 75.0 7 -1 0 -1
0 1 0 25.4 75.0 7 -1 0 -1
0 1 0 25.4 75.0 7 -1 0 -1
0 1 0 25.4 75.0 9 -1 0 -1
0 1 0 25.4 75.0 9 -1 0 -1
0 1 0 25.4 75.0 7 -1 0 -1
0 1 0 25.5 75.0 9 -1 0 -1
0 1 0 25.5 75.0 9 -1 0 -1
0 1 0 25.5 75.0 7 -1 0 -1
0 1 0 25.5 75.0 7 -1 0 -1
0 1 0 25.4 75.0 7 -1 0 -1
0 1 0 25.4 75.0 7 -1 0 -1
0 1 0 25.5 75.0 5 -1 0 -1
0 1 0 25.4 75.0 5 -1 0 -1
0 1 0 25.4 75.0 5 -1 0 -1
0 1 0 25.4 75.0 9 -1 0 -1
0 1 0 25.5 75.0 9 -1 0 -1
0 1 0 25.4 75.0 9 -1 0 -1
0 1 0 25.4 75.0 5 -1 0 -1
0 1 0 25.5 75.0 5 -1 0 -1
0 1 0 25.5 75.0 5 -1 0 -1
0 1 0 25.4 75.0 5 -1 0 -1
0 1 0 25.5 75.0 5 -1 0 -1
0 1 0 25.4 75.0 7 -1 0 -1
0 1 0 25.4 75.0 7 -1 0 -1
0 1 0 25.5 75.0 5 -1 0 -1
0 1 0 25.5 75.0 5 -1 0 -1
0 1 0 25.5 75.0 5 -1 0 -1
0 1 0 25.4 75.0 9 -1 0 -1
0 1 0 25.4 75.0 6 -1 0 -1
0 1 0 25.4 75.0 6 -1 0 -1
0 1 0 25.5 75.0 6 -1 0 -1
0 1 0 25.4 75.0 6 -1 0 -1
0 1 0 25.5 75.0 6 -1 0 -1
0 1 0 25.5 75.0 6 -1 0 -1
0 1 0 25.4 75.0 4 -1 0 -1
0 1 0 25.5 75.0 4 -1 0 -1
0 1 0 25.5 75.0 4 -1 0 -1
0 1 0 25.4 75.0 4 -1 0 -1
0 1 0 25.4 75.0 4 -1 0 -1
0 1 0 25.4 75.0 4 -1 0 -1
0 1 0 25.4 75.0 4 -1 0 -1
0 1 0 25.4 75.0 2 -1 0 -1
0 1 0 25.4 75.0 2 -1 0 -1
0 1 0 25.5 75.0 6 -1 0 -1
0 1 0 25.4 75.0 6 -1 0 -1
0 1 0 25.5 75.0 6 -1 0 -1
0 1 0 25.5 75.0 6 -1 0 -1
0 1 0 25.5 75.0 4 -1 0 -1
0 1 0 25.4 75.0 4 -1 0 -1
0 1 0 25.4 75.0 4 -1 0 -1
0 1 0 25.4 75.0 4 -1 0 -1
0 1 0 25.5 75.0 4 -1 0 -1
0 1 0 25.4 75.0 4 -1 0 -1
0 1 0 25.4 75.0 4 -1 0 -1
0 1 0 25.4 75.0 4 -1 0 -1
0 1 0 25.5 75.0 4 -1 0 -1
0 1 0 25.4 75.0 4 -1 0 -1
0 1 0 25.4 75.0 4 -1 0 -1
0 1 0 25.4 75.0 4 -1 0 -1
0 1 0 25.5 75.0 4 -1 0 -1
0 1 0 25.5 75.0 4 -1 0 -1
0 1 0 25.4 75.0 4 -1 0 -1
0 1 0 25.5 75.0 4 -1 0 -1
0 1 0 25.4 75.0 4 -1 0 -1
0 1 0 25.4 75.0 4 -1 0 -1
0 1 0 25.4 75.0 4 -1 0 -1
0 1 0 25.4 75.0 4 -1 0 -1
0 1 0 25.4 75.0 4 -1 0 -1
0 1 0 25.5 75.0 2 -1 0 -1
0 1 0 25.4 75.0 2 -1 0 -1
0 1 0 25.4 75.0 2 -1 0 -1
0 1 0 25.4 75.0 2 -1 0 -1
0 1 0 25.4 75.0 2 -1 0 -1
0 1 0 25.4 74.5 2 -1 0 -1
0 1 0 25.4 74.5 2 -1 0 -1
0 1 0 25.5 75.0 2 -1 0 -1
0 1 0 25.4 74.5 2 -1 0 -1
0 1 0 25.5 74.5 2 -1 0 -1
0 1 0 25.4 74.5 2 -1 0 -1
0 1 0 25.4 74.5 2 -1 0 -1
0 1 0 25.4 74.5 2 -1 0 -1
0 1 0 25.5 74.5 2 -1 0 -1
0 1 0 25.4 74.5 2 -1 0 -1
0 1 0 25.5 74.5 2 c26 0 -1
0 1 13 25.4 74.5 15 c26 6 -1
0 1 28 25.4 74.0 26 c26 6 -1
0 1 24 25.4 73.0 26 c26 6 -1
0 1 20 25.3 72.0 29 c26 6 -1
0 1 20 25.2 71.5 29 c26 6 -1
0 1 0 25.1 70.5 29 c26 6 -1
0 1 0 25.0 69.5 27 c26 6 -1
0 1 0 24.8 69.0 27 c26 6 -1
0 1 0 24.8 69.0 27 c26 6 -1
0 1 0 24.7 68.5 27 c26 6 -1
0 1 6 24.6 68.0 27 c26 6 -1
0 1 7 24.6 67.5 25 c26 6 -1
0 1 4 24.5 67.0 25 c26 6 -1
0 1 0 24.4 67.0 25 c26 6 -1
0 1 0 24.3 66.5 25 c26 6 -1
0 1 0 24.3 66.5 25 c26 6 -1
0 1 20 24.2 67.5 25 c26 6 -1
0 1 21 24.2 68.0 25 c26 6 -1
0 1 21 24.3 68.5 25 c26 6 -1
0 1 16 24.3 69.0 25 c26 6 -1
0 1 16 24.4 69.5 25 c26 6 -1
0 1 23 24.4 70.0 25 c26 6 -1
0 1 0 24.4 70.5 25 c26 6 -1
0 1 9 24.5 71.0 25 c26 6 -1
0 1 0 24.4 71.0 25 c26 6 -1
0 1 1 24.5 71.5 25 c26 6 -1
0 1 0 24.5 72.0 25 c26 6 -1
0 1 0 24.5 72.0 25 c26 6 -1
0 1 2 24.6 72.5 25 c26 6 -1
0 1 2 24.5 72.5 25 c26 6 -1
1 1 22 24.6 73.0 23 c26 6 -1
0 1 3 24.5 73.0 25 c26 6 -1
0 1 0 24.6 73.5 25 c26 6 -1
0 1 0 24.7 73.5 25 c26 6 -1
0 1 0 24.6 74.0 25 c26 6 -1
0 1 0 24.6 74.0 25 c26 6 -1
0 1 0 24.7 74.5 23 c26 6 -1
0 1 0 24.7 74.5 23 c26 6 -1
0 1 0 24.7 74.5 23 c26 6 -1
0 1 0 24.7 75.0 23 c26 6 -1
0 1 0 24.7 75.0 23 c26 6 -1
0 1 0 24.7 75.0 23 c26 6 -1
0 1 0 24.8 75.0 23 c26 6 -1
0 1 0 24.7 75.5 23 c26 6 -1
0 1 0 24.8 75.5 23 c26 6 -1
0 1 0 24.8 75.5 23 c26 6 -1
0 1 0 24.8 75.5 23 c26 6 -1
0 1 0 24.7 74.5 23 c26 6 -1
0 1 0 24.7 74.0 23 c26 6 -1
0 1 0 24.6 73.0 23 c26 6 -1
0 1 0 24.7 72.5 23 c26 6 -1
0 1 0 24.5 72.0 23 c26 6 -1
0 1 6 24.4 71.5 23 c26 6 -1
0 1 0 24.4 71.0 23 c26 6 -1
0 1 0 24.3 70.5 23 c26 6 -1
0 1 0 24.3 70.0 23 c26 6 -1
0 1 0 24.2 69.5 23 c26 6 -1
0 1 13 24.2 68.5 23 c26 6 -1
0 1 13 24.1 68.0 23 c26 6 -1
0 1 7 24.0 68.5 23 c26 6 -1
0 1 6 24.1 69.5 23 c26 6 -1
0 1 10 24.0 70.0 23 c26 6 -1
0 1 14 24.1 70.5 23 c26 6 -1
0 1 4 24.1 71.0 23 c26 6 -1
0 1 5 24.1 71.0 23 c26 6 -1
0 1 6 24.2 71.5 23 c26 6 -1
0 1 10 24.2 72.0 23 c26 6 -1
0 1 9 24.2 72.0 23 c26 6 -1
0 1 6 24.3 72.5 23 c26 6 -1
0 1 0 24.2 73.0 23 c26 6 -1
0 1 2 24.3 73.0 23 c26 6 -1
0 1 3 24.3 73.5 23 c26 6 -1
0 1 4 24.4 73.5 23 c26 6 -1
0 1 7 24.3 74.0 23 c26 6 -1
0 1 6 24.4 74.0 23 c26 6 -1
0 1 4 24.5 74.5 23 c26 6 -1
0 1 3 24.4 74.5 23 c26 6 -1
0 1 8 24.4 75.0 23 c26 6 -1
0 1 4 24.4 75.0 23 c26 6 -1
0 1 5 24.5 75.0 23 c26 6 -1
0 1 0 24.5 75.5 23 c26 6 -1
0 1 2 24.5 75.5 23 c26 6 -1
0 1 7 24.6 75.5 23 c26 6 -1
0 1 11 24.5 76.0 23 c26 6 -1
0 1 0 24.6 76.0 23 c26 6 -1
0 1 25 24.6 76.0 23 c26 6 -1
0 1 3 24.5 76.0 23 c26 6 -1
0 1 5 24.6 75.5 23 c26 6 -1
0 1 2 24.6 75.0 23 c26 6 -1
0 1 0 24.5 74.5 23 c26 6 -1
0 1 6 24.5 74.0 23 c26 6 -1
0 1 3 24.4 73.0 23 c26 6 -1
0 1 0 24.3 72.0 23 c26 6 -1
0 1 3 24.3 71.5 23 c26 6 -1
0 1 1 24.2 71.0 23 c26 6 -1
0 1 4 24.2 70.5 23 c26 6 -1
0 1 1 24.0 70.0 23 c26 6 -1
0 1 3 24.0 69.5 23 c26 6 -1
0 1 2 24.0 69.0 23 c26 6 -1
0 1 3 23.9 68.5 23 c26 6 -1
0 1 6 23.9 68.0 23 c26 6 -1
0 1 6 23.7 68.0 23 c26 6 -1
0 1 5 23.7 68.0 23 c26 6 -1
0 1 3 23.8 69.0 23 c26 6 -1
0 1 0 23.7 69.5 23 c26 6 -1
0 1 0 23.8 70.0 23 c26 6 -1
0 1 9 23.8 70.5 23 c26 6 -1
0 1 2 23.8 71.0 23 c26 6 -1
0 1 2 23.9 71.5 23 c26 6 -1
0 1 6 23.9 71.5 23 c26 6 -1
0 1 1 23.9 72.0 23 c26 6 -1
0 1 15 24.0 72.5 23 c26 6 -1
0 1 28 24.0 72.5 23 c26 6 -1
0 1 5 24.0 73.0 23 c26 6 -1
0 1 2 24.0 73.0 23 c26 6 -1
0 1 1 24.1 73.5 23 c26 6 -1
0 1 2 24.1 74.0 23 c26 6 -1
0 1 5 24.1 74.0 23 c26 6 -1
0 1 5 24.1 74.0 23 c26 6 -1
0 1 18 24.2 74.5 23 c26 6 -1
0 1 7 24.2 74.5 23 c26 6 -1
0 1 2 24.2 75.0 23 c26 6 -1
0 1 4 24.2 75.0 23 c26 6 -1
0 1 0 24.2 75.5 23 c26 6 -1
0 1 5 24.3 75.5 23 c26 6 -1
0 1 2 24.3 75.5 23 c26 6 -1
0 1 0 24.3 75.5 23 c26 6 -1
0 1 4 24.3 76.0 23 c26 6 -1
0 1 2 24.4 76.0 23 c26 6 -1
0 1 0 24.4 76.0 23 c26 6 -1
0 1 2 24.4 76.0 23 c26 6 -1
0 1 0 24.4 76.5 23 c26 6 -1
0 1 0 24.4 76.5 23 c26 6 -1
0 1 17 24.5 76.0 23 c26 6 -1
0 1 0 24.4 76.0 23 c26 6 -1
0 1 1 24.5 75.5 23 c26 6 -1
0 1 6 24.4 74.5 23 c26 6 -1
0 1 8 24.4 74.0 23 c26 6 -1
0 1 0 24.4 73.5 23 c26 6 -1
0 1 6 24.2 73.0 23 c26 6 -1
0 1 11 24.2 72.5 23 c26 6 -1
0 1 4 24.1 72.0 23 c26 6 -1
0 1 3 24.1 71.5 23 c26 6 -1
0 1 8 24.1 71.0 23 c26 6 -1
0 1 9 23.9 70.5 23 c26 6 -1
0 1 3 23.9 70.0 23 c26 6 -1
0 1 5 23.9 69.5 23 c26 6 -1
0 1 5 23.7 69.0 23 c26 6 -1
0 1 4 23.7 69.0 23 c26 6 -1
0 1 3 23.8 69.5 23 c26 6 -1
0 1 7 23.8 70.0 23 c26 6 -1
0 1 4 23.8 70.5 23 c26 6 -1
0 1 1 23.8 71.0 23 c26 6 -1
0 1 0 23.8 71.5 23 c26 6 -1
0 1 6 23.9 71.5 23 c26 6 -1
0 1 1 23.8 72.0 23 c26 6 -1
0 1 6 23.9 72.5 23 c26 6 -1
0 1 6 23.9 72.5 23 c26 6 -1
0 1 2 24.0 73.0 23 c26 6 -1
0 1 3 24.0 73.5 23 c26 6 -1
0 1 1 24.0 73.5 23 c26 6 -1
0 1 0 24.1 74.0 23 c26 6 -1
0 1 0 24.0 74.0 23 c26 6 -1
0 1 3 24.1 74.5 23 c26 6 -1
0 1 0 24.1 74.5 23 c26 6 -1
0 1 0 24.1 74.5 23 c26 6 -1
0 1 1 24.2 75.0 23 c26 6 -1
0 1 3 24.2 75.5 23 c26 6 -1
0 1 0 24.2 75.5 23 c26 6 -1
0 1 0 24.2 75.5 23 c26 6 -1
0 1 4 24.2 76.0 23 c26 6 -1
0 1 1 24.2 76.0 23 c26 6 -1
0 1 1 24.3 76.0 23 c26 6 -1
0 1 0 24.3 76.0 23 c26 6 -1
0 1 0 24.3 76.5 23 c26 6 -1
0 1 13 24.4 76.5 23 c26 6 -1
0 1 6 24.3 76.5 23 c26 6 -1
0 1 1 24.4 76.5 23 c26 6 -1
0 1 0 24.4 76.5 23 c26 6 -1
0 1 3 24.5 76.5 23 c26 6 -1
0 1 0 24.4 76.5 23 c26 6 -1
0 1 0 24.4 76.0 23 c26 6 -1
0 1 0 24.4 75.5 23 c26 6 -1
1 1 19 24.3 74.5 21 c26 6 -1
0 1 0 24.3 74.0 23 c26 6 -1
0 1 0 24.2 73.5 23 c26 6 -1
0 1 1 24.1 72.5 23 c26 6 -1
0 1 2 24.1 72.0 23 c26 6 -1
0 1 2 24.1 71.5 23 c26 6 -1
0 1 2 23.9 70.5 23 c26 6 -1
0 1 10 23.8 70.0 23 c26 6 -1
0 1 0 23.8 70.0 23 c26 6 -1
0 1 0 23.7 70.5 23 c26 6 -1
0 1 0 23.8 71.0 23 c26 6 -1
0 1 0 23.8 71.5 23 c26 6 -1
0 1 12 23.8 72.0 23 c26 6 -1
0 1 0 23.9 72.0 23 c26 6 -1
0 1 0 23.9 72.5 23 c26 6 -1
0 1 1 23.9 73.0 23 c26 6 -1
0 1 2 23.9 73.0 23 c26 6 -1
0 1 2 24.0 73.5 23 c26 6 -1
0 1 3 24.0 73.5 23 c26 6 -1
0 1 3 24.0 74.0 23 c26 6 -1
0 1 0 24.0 74.0 23 c26 6 -1
0 1 3 24.0 74.5 23 c26 6 -1
0 1 0 24.1 74.5 23 c26 6 -1
0 1 0 24.1 74.5 23 c26 6 -1
0 1 4 24.1 75.0 23 c26 6 -1
0 1 5 24.0 75.0 23 c26 6 -1
0 1 2 24.1 75.5 23 c26 6 -1
0 1 2 24.1 75.5 23 c26 6 -1
0 1 4 24.2 76.0 23 c26 6 -1
0 1 7 24.2 76.0 23 c26 6 -1
0 1 0 24.2 76.0 23 c26 6 -1
0 1 0 24.2 76.0 23 c26 6 -1
0 1 9 24.3 76.5 23 c26 6 -1
0 1 1 24.3 76.5 23 c26 6 -1
0 1 0 24.3 76.5 23 c26 6 -1
0 1 0 24.4 76.5 23 c26 6 -1
0 1 1 24.3 76.5 23 c26 6 -1
0 1 2 24.4 77.0 23 c26 6 -1
0 1 0 24.4 77.0 23 c26 6 -1
0 1 1 24.4 77.0 23 c26 6 -1
0 1 1 24.5 77.0 23 c26 6 -1
0 1 1 24.4 76.5 23 c26 6 -1
0 1 1 24.4 76.0 23 c26 6 -1
0 1 0 24.4 75.5 23 c26 6 -1
0 1 1 24.3 74.5 23 c26 6 -1
0 1 3 24.2 74.0 23 c26 6 -1
0 1 2 24.2 73.0 23 c26 6 -1
0 1 3 24.0 72.5 23 c26 6 -1
0 1 7 24.0 72.0 23 c26 6 -1
0 1 3 24.0 71.5 23 c26 6 -1
0 1 16 23.9 71.0 23 c26 6 -1
0 1 2 23.8 70.0 23 c26 6 -1
0 1 2 23.7 70.5 23 c26 6 -1
0 1 7 23.8 71.0 23 c26 6 -1
0 1 19 23.7 71.5 23 c26 6 -1
0 1 0 23.8 71.5 23 c26 6 -1
0 1 0 23.9 72.0 23 c26 6 -1
0 1 0 23.8 72.5 23 c26 6 -1
0 1 0 23.8 73.0 23 c26 6 -1
0 1 0 23.9 73.0 23 c26 6 -1
0 1 0 23.9 73.5 23 c26 6 -1
0 1 0 23.9 73.5 23 c26 6 -1
0 1 0 23.9 74.0 23 c26 6 -1
0 1 0 24.0 74.0 23 c26 6 -1
0 1 0 23.9 74.5 23 c26 6 -1
0 1 0 24.0 74.5 23 c26 6 -1
0 1 0 24.0 75.0 23 c26 6 -1
0 1 0 24.1 75.0 23 c26 6 -1
0 1 0 24.0 75.0 23 c26 6 -1
0 1 0 24.1 75.5 23 c26 6 -1
0 1 0 24.1 75.5 23 c26 6 -1
0 1 0 24.1 75.5 23 c26 6 -1
0 1 2 24.1 76.0 23 c26 6 -1
0 1 0 24.1 76.0 23 c26 6 -1
0 1 0 24.1 76.0 23 c26 6 -1
0 1 0 24.2 76.0 23 c26 6 -1
0 1 0 24.2 76.0 23 c26 6 -1
0 1 0 24.2 76.0 23 c26 6 -1
0 1 21 24.2 76.0 23 -1 6 -1
1 1 30 24.2 76.5 23 -1 6 -1
0 1 7 24.3 76.5 2 -1 2 -1
0 1 0 24.3 76.5 2 -1 0 -1
0 1 0 24.3 76.5 2 -1 0 -1
0 1 0 24.3 76.0 2 -1 0 -1
0 1 0 24.3 76.0 2 -1 0 -1
0 1 0 24.3 76.0 2 -1 0 -1
0 1 0 24.3 76.0 2 -1 0 -1
0 1 0 24.3 76.0 2 -1 0 -1
0 1 0 24.4 76.0 2 -1 0 -1
0 1 0 24.4 76.0 2 -1 0 -1
0 1 0 24.4 76.0 2 -1 0 -1
0 1 0 24.5 76.0 2 -1 0 -1
0 1 0 24.5 76.0 2 -1 0 -1
0 1 0 24.5 76.0 2 -1 0 -1
0 1 0 24.4 76.0 2 -1 0 -1
0 1 0 24.4 76.0 2 -1 0 -1
0 1 0 24.4 76.0 2 -1 0 -1
0 1 0 24.5 76.0 2 -1 0 -1
0 1 0 24.4 76.0 2 -1 0 -1
0 1 0 24.4 76.0 2 -1 0 -1
0 1 0 24.5 76.0 2 -1 0 -1
0 1 0 24.5 76.0 2 -1 0 -1
0 1 0 24.5 76.0 2 -1 0 -1
0 1 0 24.5 76.0 2 -1 0 -1
0 1 0 24.6 76.0 2 -1 0 -1
0 1 0 24.6 76.0 2 -1 0 -1
0 1 0 24.6 76.0 2 -1 0 -1
0 1 0 24.6 76.0 2 -1 0 -1
0 1 0 24.6 76.0 2 -1 0 -1
0 1 0 24.6 76.0 2 -1 0 -1
0 1 0 24.6 76.0 2 -1 0 -1
0 1 0 24.6 76.0 2 -1 0 -1
0 1 0 24.6 76.0 2 -1 0 -1
0 1 0 24.5 76.0 2 -1 0 -1
0 1 0 24.6 76.0 2 -1 0 -1
0 1 0 24.7 76.0 2 -1 0 -1
0 1 0 24.6 76.0 2 -1 0 -1
0 1 0 24.7 76.0 2 -1 0 -1
0 1 0 24.6 76.0 2 -1 0 -1
0 1 0 24.6 76.0 2 -1 0 -1
0 1 0 24.7 76.0 2 -1 0 -1
0 1 0 24.7 76.0 2 -1 0 -1
0 1 0 24.7 76.0 2 -1 0 -1
0 1 0 24.7 76.0 2 -1 0 -1
0 1 0 24.7 76.0 2 -1 0 -1
0 1 0 24.6 76.0 2 -1 0 -1
0 1 0 24.7 76.0 2 -1 0 -1
0 1 0 24.7 76.0 2 -1 0 -1
0 1 0 24.7 76.0 2 -1 0 -1
0 1 0 24.7 76.0 2 -1 0 -1
0 1 0 24.7 76.0 2 -1 0 -1
0 1 0 24.7 76.0 2 -1 0 -1
0 1 0 24.7 76.0 2 -1 0 -1
0 1 0 24.7 76.0 2 -1 0 -1
0 1 0 24.7 76.0 2 -1 0 -1
0 1 0 24.8 76.0 2 -1 0 -1
0 1 0 24.7 76.0 2 -1 0 -1
0 1 0 24.7 76.0 2 -1 0 -1
0 1 0 24.8 76.0 2 -1 0 -1
0 1 0 24.8 76.0 2 -1 0 -1
0 1 0 24.7 76.0 2 -1 0 -1
0 1 0 24.8 76.0 2 -1 0 -1
0 1 0 24.8 76.0 2 -1 0 -1
0 1 0 24.8 76.0 2 -1 0 -1
0 1 0 24.8 76.0 2 -1 0 -1
0 1 0 24.8 76.0 2 -1 0 -1
0 1 0 24.8 76.0 2 -1 0 -1
0 1 0 24.8 76.0 2 -1 0 -1
0 1 0 24.9 76.0 2 -1 0 -1
0 1 0 24.8 76.0 2 -1 0 -1
0 1 0 24.8 76.0 2 -1 0 -1
0 1 0 24.9 76.0 2 -1 0 -1
0 1 0 24.9 76.0 2 -1 0 -1
0 1 0 24.9 76.0 2 -1 0 -1
0 1 0 24.9 76.0 2 -1 0 -1
0 1 0 24.9 76.0 2 -1 0 -1
0 1 0 24.9 76.0 2 -1 0 -1
0 1 0 24.8 76.0 2 -1 0 -1
0 1 0 24.8 76.0 2 -1 0 -1
0 1 0 24.9 76.0 2 -1 0 -1
0 1 0 24.8 76.0 2 -1 0 -1
0 1 0 24.9 76.0 2 -1 0 -1
0 1 0 24.9 76.0 2 -1 0 -1
0 1 0 24.9 76.0 2 -1 0 -1
0 1 0 24.9 76.0 2 -1 0 -1
0 1 0 24.9 76.0 2 -1 0 -1
0 1 0 24.9 76.0 2 -1 0 -1
0 1 0 24.9 76.0 2 -1 0 -1
0 1 0 24.9 76.0 2 -1 0 -1
0 1 0 24.9 76.0 2 -1 0 -1
0 1 0 25.0 76.0 2 -1 0 -1
0 1 0 25.0 76.0 2 -1 0 -1
0 1 0 25.0 76.0 2 -1 0 -1
0 1 0 25.0 76.0 2 -1 0 -1
0 1 0 24.9 76.0 2 -1 0 -1
0 1 0 25.0 76.0 2 -1 0 -1
0 1 0 25.0 76.0 2 -1 0 -1
0 1 0 25.0 76.0 2 -1 0 -1
0 1 0 25.0 76.0 2 -1 0 -1
0 1 0 24.9 76.0 2 -1 0 -1
0 1 0 25.0 76.0 2 -1 0 -1
0 1 0 25.0 76.0 2 -1 0 -1
0 1 0 25.0 76.0 2 -1 0 -1
0 1 0 25.0 76.0 2 -1 0 -1
0 1 0 25.0 76.0 2 -1 0 -1
0 1 0 25.0 76.0 2 -1 0 -1
0 1 0 25.1 76.0 2 -1 0 -1
0 1 0 25.0 76.0 2 -1 0 -1
0 1 0 25.1 76.0 2 -1 0 -1
0 1 0 25.1 76.0 2 -1 0 -1
0 1 0 25.0 76.0 2 -1 0 -1
0 1 0 25.0 76.0 2 -1 0 -1
0 1 0 25.1 76.0 2 -1 0 -1
0 1 0 25.0 76.0 2 -1 0 -1
