0 1 0 25.1 76.0 2 -1 0 -1
0 1 0 25.0 76.0 2 -1 0 -1
0 1 0 25.0 76.0 2 -1 0 -1
0 1 0 25.1 76.0 2 -1 0 -1
0 1 0 25.2 76.0 2 -1 0 -1
0 1 0 25.1 76.0 2 -1 0 -1
0 1 0 25.1 76.0 2 -1 0 -1
0 1 0 25.1 76.0 2 -1 0 -1
0 1 0 25.0 76.0 2 -1 0 -1
0 1 0 25.1 76.0 2 -1 0 -1
0 1 0 25.2 76.0 2 -1 0 -1
0 1 0 25.1 76.0 2 -1 0 -1
0 1 0 25.1 76.0 2 -1 0 -1
0 1 0 25.2 76.0 2 -1 0 -1
0 1 0 25.1 76.0 2 -1 0 -1
0 1 0 25.2 76.0 2 -1 0 -1
0 1 0 25.1 76.0 2 -1 0 -1
0 1 0 25.1 76.0 2 -1 0 -1
0 1 0 25.1 76.0 2 -1 0 -1
0 1 0 25.1 76.0 2 -1 0 -1
0 1 0 25.2 76.0 2 -1 0 -1
0 1 0 25.1 76.0 2 -1 0 -1
0 1 0 25.1 76.0 2 -1 0 -1
0 1 0 25.1 76.0 2 -1 0 -1
0 1 0 25.1 76.0 2 -1 0 -1
0 1 0 25.2 76.0 2 -1 0 -1
0 1 0 25.2 76.0 2 -1 0 -1
0 1 0 25.2 76.0 2 -1 0 -1
0 1 0 25.1 76.0 2 -1 0 -1
0 1 0 25.1 76.0 2 -1 0 -1
0 1 0 25.2 76.0 2 -1 0 -1
0 1 0 25.1 76.0 2 -1 0 -1
0 1 0 25.2 76.0 2 -1 0 -1
0 1 0 25.2 76.0 2 -1 0 -1
0 1 0 25.2 76.0 2 -1 0 -1
0 1 0 25.2 76.0 2 -1 0 -1
0 1 0 25.2 76.0 2 -1 0 -1
0 1 0 25.2 76.0 2 -1 0 -1
0 1 0 25.2 76.0 2 -1 0 -1
0 1 0 25.2 76.0 2 -1 0 -1
0 1 0 25.2 76.0 2 -1 0 -1
0 1 0 25.2 76.0 2 -1 0 -1
0 1 0 25.2 76.0 2 -1 0 -1
0 1 0 25.2 76.0 2 -1 0 -1
0 1 0 25.2 76.0 2 -1 0 -1
0 1 0 25.3 76.0 2 -1 0 -1
0 1 0 25.2 76.0 2 -1 0 -1
0 1 0 25.2 76.0 2 -1 0 -1
0 1 0 25.3 76.0 2 -1 0 -1
0 1 0 25.2 76.0 2 -1 0 -1
0 1 0 25.3 76.0 2 -1 0 -1
0 1 0 25.3 76.0 2 -1 0 -1
0 1 0 25.2 76.0 2 -1 0 -1
0 1 0 25.3 76.0 2 -1 0 -1
0 1 0 25.2 76.0 2 -1 0 -1
0 1 0 25.3 76.0 2 -1 0 -1
0 1 0 25.3 76.0 2 -1 0 -1
0 1 0 25.3 76.0 2 -1 0 -1
0 1 0 25.2 76.0 2 -1 0 -1
0 1 0 25.4 76.0 2 -1 0 -1
0 1 0 25.3 76.0 2 -1 0 -1
0 1 0 25.3 76.0 2 -1 0 -1
0 1 0 25.3 76.0 2 -1 0 -1
0 1 0 25.2 76.0 2 -1 0 -1
0 1 0 25.3 76.0 2 -1 0 -1
0 1 0 25.4 76.0 2 -1 0 -1
0 1 0 25.3 76.0 2 -1 0 -1
0 1 0 25.3 76.0 2 -1 0 -1
0 1 0 25.3 76.0 2 -1 0 -1
0 1 0 25.2 76.0 2 -1 0 -1
0 1 0 25.3 76.0 2 -1 0 -1
0 1 0 25.3 76.0 2 -1 0 -1
0 1 0 25.3 76.0 2 -1 0 -1
0 1 0 25.3 76.0 2 -1 0 -1
0 1 0 25.3 76.0 2 -1 0 -1
0 1 0 25.3 76.0 2 -1 0 -1
0 1 0 25.3 76.0 2 -1 0 -1
0 1 0 25.3 76.0 2 -1 0 -1
0 1 0 25.3 76.0 2 -1 0 -1
0 1 0 25.3 76.0 2 -1 0 -1
0 1 0 25.3 76.0 2 -1 0 -1
0 1 0 25.3 76.0 2 -1 0 -1
0 1 0 25.3 76.0 2 -1 0 -1
0 1 0 25.3 76.0 2 -1 0 -1
0 1 0 25.4 76.0 2 -1 0 -1
0 1 0 25.4 76.0 2 -1 0 -1
0 1 0 25.4 76.0 2 -1 0 -1
0 1 0 25.3 76.0 2 -1 0 -1
0 1 0 25.3 76.0 2 -1 0 -1
0 1 0 25.4 76.0 2 -1 0 -1
0 1 0 25.4 76.0 2 -1 0 -1
0 1 0 25.4 76.0 2 -1 0 -1
0 1 0 25.4 76.0 2 -1 0 -1
0 1 0 25.4 76.0 2 -1 0 -1
0 1 0 25.4 76.0 2 -1 0 -1
0 1 0 25.4 76.0 2 -1 0 -1
0 1 0 25.4 76.0 2 -1 0 -1
0 1 0 25.3 76.0 2 -1 0 -1
0 1 0 25.4 76.0 2 -1 0 -1
0 1 0 25.3 76.0 2 -1 0 -1
0 1 0 25.3 76.0 2 -1 0 -1
0 1 0 25.3 76.0 2 -1 0 -1
0 1 0 25.4 76.0 2 -1 0 -1
0 1 0 25.3 76.0 2 -1 0 -1
0 1 0 25.4 76.0 2 -1 0 -1
0 1 0 25.4 76.0 2 -1 0 -1
0 1 0 25.4 76.0 2 -1 0 -1
0 1 0 25.4 76.0 2 -1 0 -1
0 1 0 25.4 76.0 2 -1 0 -1
0 1 0 25.4 76.0 2 -1 0 -1
0 1 0 25.4 76.0 2 -1 0 -1
0 1 0 25.4 76.0 2 -1 0 -1
0 1 0 25.4 76.0 2 -1 0 -1
0 1 0 25.5 76.0 2 -1 0 -1
0 1 0 25.5 76.0 2 -1 0 -1
0 1 0 25.4 76.5 2 -1 0 -1
0 1 0 25.4 76.0 2 -1 0 -1
0 1 0 25.4 76.0 2 -1 0 -1
0 1 0 25.4 76.0 2 -1 0 -1
0 1 0 25.4 76.5 2 -1 0 -1
0 1 0 25.4 76.5 2 -1 0 -1
0 1 0 25.4 76.5 2 -1 0 -1
0 1 0 25.4 76.0 2 -1 0 -1
0 1 0 25.4 76.0 2 -1 0 -1
0 1 0 25.4 76.0 2 -1 0 -1
0 1 0 25.4 76.0 2 -1 0 -1
0 1 0 25.4 76.0 2 -1 0 -1
0 1 0 25.4 76.0 2 -1 0 -1
0 1 0 25.5 76.0 2 -1 0 -1
0 1 0 25.4 76.0 2 -1 0 -1
0 1 0 25.5 76.0 2 -1 0 -1
0 1 0 25.4 76.0 2 -1 0 -1
0 1 0 25.4 76.0 2 -1 0 -1
0 1 0 25.5 76.0 2 -1 0 -1
0 1 0 25.5 76.0 2 -1 0 -1
0 1 0 25.4 76.0 2 -1 0 -1
0 1 0 25.4 76.0 2 -1 0 -1
0 1 0 25.5 76.0 2 -1 0 -1
0 1 0 25.4 76.0 2 -1 0 -1
0 1 0 25.5 76.0 2 -1 0 -1
0 1 0 25.5 76.0 2 -1 0 -1
0 1 0 25.4 76.0 2 -1 0 -1
0 1 0 25.5 76.0 2 -1 0 -1
0 1 0 25.4 76.0 2 -1 0 -1
0 1 0 25.5 76.0 2 -1 0 -1
0 1 0 25.4 76.0 2 -1 0 -1
0 1 0 25.5 76.0 2 -1 0 -1
0 1 0 25.5 76.0 2 -1 0 -1
0 1 0 25.5 76.0 2 -1 0 -1
0 1 0 25.4 76.0 2 -1 0 -1
0 1 0 25.4 76.0 2 -1 0 -1
0 1 0 25.4 76.0 2 -1 0 -1
0 1 0 25.5 76.0 2 -1 0 -1
0 1 0 25.4 76.0 2 -1 0 -1
0 1 0 25.5 76.0 2 -1 0 -1
0 1 0 25.5 76.0 2 -1 0 -1
0 1 0 25.5 76.0 2 -1 0 -1
0 1 0 25.5 76.0 2 -1 0 -1
0 1 0 25.5 76.0 2 -1 0 -1
0 1 0 25.5 76.0 2 -1 0 -1
0 1 0 25.5 76.0 2 -1 0 -1
0 1 0 25.5 76.0 2 -1 0 -1
0 1 0 25.5 76.0 2 -1 0 -1
0 1 0 25.5 76.0 2 -1 0 -1
0 1 0 25.5 76.0 2 -1 0 -1
0 1 0 25.5 76.0 2 -1 0 -1
0 1 0 25.4 76.0 2 -1 0 -1
0 1 0 25.5 76.0 2 -1 0 -1
0 1 0 25.5 76.0 2 -1 0 -1
0 1 0 25.5 76.0 2 -1 0 -1
0 1 0 25.5 76.0 2 -1 0 -1
0 1 0 25.5 76.0 2 -1 0 -1
0 1 0 25.5 76.0 2 -1 0 -1
0 1 0 25.5 76.0 2 -1 0 -1
0 1 0 25.5 76.0 2 -1 0 -1
0 1 0 25.5 76.5 2 -1 0 -1
0 1 0 25.6 76.5 2 -1 0 -1
0 1 0 25.5 76.5 2 -1 0 -1
0 1 0 25.6 76.5 2 -1 0 -1
0 1 0 25.4 76.5 2 -1 0 -1
0 1 0 25.5 76.5 2 -1 0 -1
0 1 0 25.5 76.5 2 -1 0 -1
0 1 0 25.5 76.5 2 -1 0 -1
0 1 0 25.6 76.5 2 -1 0 -1
0 1 0 25.5 76.5 2 -1 0 -1
0 1 0 25.6 76.5 2 -1 0 -1
0 1 0 25.5 76.5 2 -1 0 -1
0 1 0 25.5 76.5 2 -1 0 -1
0 1 0 25.5 76.5 2 -1 0 -1
0 1 0 25.5 76.5 2 -1 0 -1
0 1 0 25.6 76.5 2 -1 0 -1
0 1 0 25.5 76.5 2 -1 0 -1
0 1 0 25.6 76.5 2 -1 0 -1
0 1 0 25.5 76.5 2 -1 0 -1
0 1 0 25.6 76.5 2 -1 0 -1
0 1 0 25.6 76.5 2 -1 0 -1
0 1 0 25.6 76.5 2 -1 0 -1
0 1 0 25.6 76.5 2 -1 0 -1
0 1 0 25.6 76.5 2 -1 0 -1
0 1 0 25.5 76.5 2 -1 0 -1
0 1 0 25.6 76.5 2 -1 0 -1
0 1 0 25.6 76.5 2 -1 0 -1
0 1 0 25.5 76.5 2 -1 0 -1
0 1 0 25.5 76.5 2 -1 0 -1
0 1 0 25.6 76.5 2 -1 0 -1
0 1 0 25.6 76.5 2 -1 0 -1
0 1 0 25.6 76.5 2 -1 0 -1
0 1 0 25.6 76.5 2 -1 0 -1
0 1 0 25.6 76.5 2 -1 0 -1
0 1 0 25.6 76.5 2 -1 0 -1
0 1 0 25.6 76.5 2 -1 0 -1
0 1 0 25.6 76.5 2 -1 0 -1
0 1 0 25.5 76.5 2 -1 0 -1
0 1 0 25.6 76.5 2 -1 0 -1
0 1 0 25.7 76.5 2 -1 0 -1
0 1 0 25.6 76.5 2 -1 0 -1
0 1 0 25.6 76.5 2 -1 0 -1
0 1 0 25.6 76.5 2 -1 0 -1
0 1 0 25.6 76.5 2 -1 0 -1
0 1 0 25.6 76.5 2 -1 0 -1
0 1 0 25.6 76.5 2 -1 0 -1
0 1 0 25.5 76.5 2 -1 0 -1
0 1 0 25.6 76.5 2 -1 0 -1
0 1 0 25.6 76.5 2 -1 0 -1
0 1 0 25.6 76.5 2 -1 0 -1
0 1 0 25.7 76.5 2 -1 0 -1
0 1 0 25.6 76.5 2 -1 0 -1
0 1 0 25.6 76.5 2 -1 0 -1
0 1 0 25.5 76.5 2 -1 0 -1
0 1 0 25.6 76.5 2 -1 0 -1
0 1 0 25.6 76.5 2 -1 0 -1
0 1 0 25.6 76.5 2 -1 0 -1
0 1 0 25.6 76.5 2 -1 0 -1
0 1 0 25.6 76.5 2 -1 0 -1
0 1 0 25.6 76.5 2 -1 0 -1
0 1 0 25.6 76.5 2 -1 0 -1
0 1 0 25.6 76.5 2 -1 0 -1
0 1 0 25.6 76.5 2 -1 0 -1
0 1 0 25.7 76.5 2 -1 0 -1
0 1 0 25.6 76.5 2 -1 0 -1
0 1 0 25.5 76.5 2 -1 0 -1
0 1 0 25.6 76.5 2 -1 0 -1
0 1 0 25.6 76.5 2 -1 0 -1
0 1 0 25.6 76.5 2 -1 0 -1
0 1 0 25.6 76.5 2 -1 0 -1
0 1 0 25.6 76.5 2 -1 0 -1
0 1 0 25.6 76.5 2 -1 0 -1
0 1 0 25.6 76.5 2 -1 0 -1
0 1 0 25.6 76.5 2 -1 0 -1
0 1 0 25.6 76.5 2 -1 0 -1
0 1 0 25.6 76.5 2 -1 0 -1
0 1 0 25.6 76.5 2 -1 0 -1
0 1 0 25.7 76.5 2 -1 0 -1
0 1 0 25.7 76.5 2 -1 0 -1
0 1 0 25.7 76.5 2 -1 0 -1
0 1 0 25.6 76.5 2 -1 0 -1
0 1 0 25.7 76.5 2 -1 0 -1
0 1 0 25.6 76.5 2 -1 0 -1
0 1 0 25.6 76.5 2 -1 0 -1
0 1 0 25.6 76.5 2 -1 0 -1
0 1 0 25.7 76.5 2 -1 0 -1
0 1 0 25.6 76.5 2 -1 0 -1
0 1 0 25.6 76.5 2 -1 0 -1
0 1 0 25.6 76.5 2 -1 0 -1
0 1 0 25.6 76.5 2 -1 0 -1
0 1 0 25.6 76.5 2 -1 0 -1
0 1 0 25.6 76.5 2 -1 0 -1
0 1 0 25.7 76.5 2 -1 0 -1
0 1 0 25.7 76.5 2 -1 0 -1
0 1 0 25.6 76.5 2 -1 0 -1
0 1 0 25.6 76.5 2 -1 0 -1
0 1 0 25.6 76.5 2 -1 0 -1
0 1 0 25.6 76.5 2 -1 0 -1
0 1 0 25.7 76.5 2 -1 0 -1
0 1 0 25.6 76.5 2 -1 0 -1
0 1 0 25.6 76.5 2 -1 0 -1
0 1 0 25.6 76.5 2 -1 0 -1
0 1 0 25.6 76.5 2 -1 0 -1
0 1 0 25.7 76.5 2 -1 0 -1
0 1 0 25.7 76.5 2 -1 0 -1
0 1 0 25.6 76.5 2 -1 0 -1
0 1 0 25.7 76.5 2 -1 0 -1
0 1 0 25.7 76.5 2 -1 0 -1
0 1 0 25.7 76.5 2 -1 0 -1
0 1 0 25.6 76.5 2 -1 0 -1
0 1 0 25.7 76.5 2 -1 0 -1
0 1 0 25.6 76.5 2 -1 0 -1
0 1 0 25.7 76.5 2 -1 0 -1
0 1 0 25.6 76.5 2 -1 0 -1
0 1 0 25.6 76.5 2 -1 0 -1
0 1 0 25.7 76.5 2 -1 0 -1
0 1 0 25.7 76.5 2 -1 0 -1
0 1 0 25.7 76.5 2 -1 0 -1
0 1 0 25.6 76.5 2 -1 0 -1
0 1 0 25.7 76.5 2 -1 0 -1
0 1 0 25.7 76.5 2 -1 0 -1
0 1 0 25.6 76.5 2 -1 0 -1
0 1 0 25.7 76.5 2 -1 0 -1
0 1 0 25.6 76.5 2 -1 0 -1
0 1 0 25.7 76.5 2 -1 0 -1
0 1 0 25.6 76.5 2 -1 0 -1
0 1 0 25.7 76.5 2 -1 0 -1
0 1 0 25.7 76.5 2 -1 0 -1
0 1 0 25.7 76.5 2 -1 0 -1
0 1 0 25.7 76.5 2 -1 0 -1
0 1 0 25.7 76.5 2 -1 0 -1
0 1 0 25.7 76.5 2 -1 0 -1
0 1 0 25.6 76.5 2 -1 0 -1
0 1 0 25.7 76.5 2 -1 0 -1
0 1 0 25.6 76.5 2 -1 0 -1
0 1 0 25.6 76.5 2 -1 0 -1
0 1 0 25.7 76.5 2 -1 0 -1
0 1 0 25.6 76.5 2 -1 0 -1
0 1 0 25.7 76.5 2 -1 0 -1
0 1 0 25.6 76.5 1 -1 0 -1
0 1 0 25.7 76.5 1 -1 0 -1
0 1 0 25.7 76.5 1 -1 0 -1
0 1 0 25.7 76.5 1 -1 0 -1
0 1 0 25.7 76.5 1 -1 0 -1
0 1 0 25.7 76.5 1 -1 0 -1
0 1 0 25.7 76.5 1 -1 0 -1
0 1 0 25.7 76.5 1 -1 0 -1
0 1 0 25.7 76.5 1 -1 0 -1
0 1 0 25.7 76.5 1 -1 0 -1
0 1 0 25.7 76.5 1 -1 0 -1
0 1 0 25.7 76.5 1 -1 0 -1
0 1 0 25.7 76.5 1 -1 0 -1
0 1 0 25.7 76.5 1 -1 0 -1
0 1 0 25.7 76.5 1 -1 0 -1
0 1 0 25.7 76.5 1 -1 0 -1
0 1 0 25.7 76.5 1 -1 0 -1
0 1 0 25.7 76.5 1 -1 0 -1
0 1 0 25.7 76.5 1 -1 0 -1
0 1 0 25.8 76.5 1 -1 0 -1
0 1 0 25.7 76.5 1 -1 0 -1
0 1 0 25.7 76.5 1 -1 0 -1
0 1 0 25.7 76.5 1 -1 0 -1
0 1 0 25.7 76.5 1 -1 0 -1
0 1 0 25.7 76.5 1 -1 0 -1
0 1 0 25.7 76.5 1 -1 0 -1
0 1 0 25.7 76.5 1 -1 0 -1
0 1 0 25.7 76.5 1 -1 0 -1
0 1 0 25.7 76.5 1 -1 0 -1
0 1 0 25.7 76.5 1 -1 0 -1
0 1 0 25.7 76.5 1 -1 0 -1
0 1 0 25.7 76.5 1 -1 0 -1
0 1 0 25.7 76.5 0 -1 0 -1
0 1 0 25.7 76.5 0 -1 0 -1
0 1 0 25.7 76.5 0 -1 0 -1
0 1 0 25.7 76.5 0 -1 0 -1
0 1 0 25.7 76.5 0 -1 0 -1
0 1 0 25.8 76.5 0 -1 0 -1
0 1 0 25.7 76.5 0 -1 0 -1
0 1 0 25.7 76.5 0 -1 0 -1
0 1 0 25.8 76.5 0 -1 0 -1
0 1 0 25.6 76.5 0 -1 0 -1
0 1 0 25.8 76.5 0 -1 0 -1
0 1 0 25.8 76.5 0 -1 0 -1
0 1 0 25.7 76.5 0 -1 0 -1
0 1 0 25.7 76.5 0 -1 0 -1
0 1 0 25.8 76.5 0 -1 0 -1
0 1 0 25.7 76.5 0 -1 0 -1
0 1 0 25.7 76.5 0 -1 0 -1
0 1 0 25.8 76.5 0 -1 0 -1
0 1 0 25.7 76.5 0 -1 0 -1
0 1 0 25.7 76.5 0 -1 0 -1
0 1 0 25.7 76.5 0 -1 0 -1
0 1 0 25.8 76.5 0 -1 0 -1
0 1 0 25.7 76.5 0 -1 0 -1
0 1 0 25.7 76.5 0 -1 0 -1
0 1 0 25.7 76.5 2 -1 0 -1
0 1 0 25.7 76.5 2 -1 0 -1
0 1 0 25.7 76.5 2 -1 0 -1
0 1 0 25.7 76.5 2 -1 0 -1
0 1 0 25.7 76.5 2 -1 0 -1
0 1 0 25.7 76.5 2 -1 0 -1
0 1 0 25.8 76.5 2 -1 0 -1
0 1 0 25.6 76.5 2 -1 0 -1
0 1 0 25.8 76.5 2 -1 0 -1
0 1 0 25.7 76.5 2 -1 0 -1
0 1 0 25.7 76.5 2 -1 0 -1
0 1 0 25.7 76.5 2 -1 0 -1
0 1 0 25.8 76.5 3 -1 0 -1
0 1 0 25.8 76.5 1 -1 0 -1
0 1 0 25.7 76.5 1 -1 0 -1
0 1 0 25.7 76.5 1 -1 0 -1
0 1 0 25.8 76.5 1 -1 0 -1
0 1 0 25.7 76.5 1 -1 0 -1
0 1 0 25.8 76.5 1 -1 0 -1
0 1 0 25.8 76.5 1 -1 0 -1
0 1 0 25.8 76.5 1 -1 0 -1
0 1 0 25.8 76.5 1 -1 0 -1
0 1 0 25.7 76.5 1 -1 0 -1
0 1 0 25.8 76.5 1 -1 0 -1
0 1 0 25.8 76.5 1 -1 0 -1
0 1 0 25.8 76.5 1 -1 0 -1
0 1 0 25.8 76.5 1 -1 0 -1
0 1 0 25.8 76.5 1 -1 0 -1
0 1 0 25.8 76.5 1 -1 0 -1
0 1 0 25.8 76.5 1 -1 0 -1
0 1 0 25.8 76.5 1 -1 0 -1
0 1 0 25.8 76.5 1 -1 0 -1
0 1 0 25.8 77.0 1 -1 0 -1
0 1 0 25.8 77.0 1 -1 0 -1
0 1 0 25.7 77.0 1 -1 0 -1
0 1 0 25.7 76.5 1 -1 0 -1
0 1 0 25.8 76.5 1 -1 0 -1
0 1 0 25.8 77.0 1 -1 0 -1
0 1 0 25.7 77.0 2 -1 0 -1
0 1 0 25.8 77.0 2 -1 0 -1
0 1 0 25.8 77.0 2 -1 0 -1
0 1 0 25.8 77.0 2 -1 0 -1
0 1 0 25.7 77.0 2 -1 0 -1
0 1 0 25.8 76.5 2 -1 0 -1
0 1 0 25.7 77.0 2 -1 0 -1
0 1 0 25.8 77.0 2 -1 0 -1
0 1 0 25.8 77.0 2 -1 0 -1
0 1 0 25.7 77.0 2 -1 0 -1
0 1 0 25.8 77.0 2 -1 0 -1
0 1 0 25.7 76.5 2 -1 0 -1
0 1 0 25.8 77.0 3 -1 0 -1
0 1 0 25.8 77.0 1 -1 0 -1
0 1 0 25.8 77.0 1 -1 0 -1
0 1 0 25.8 77.0 1 -1 0 -1
0 1 0 25.8 77.0 1 -1 0 -1
0 1 0 25.8 77.0 1 -1 0 -1
0 1 0 25.8 77.0 1 -1 0 -1
0 1 0 25.8 77.0 1 -1 0 -1
0 1 0 25.8 77.0 1 -1 0 -1
0 1 0 25.8 77.0 2 -1 0 -1
0 1 0 25.8 77.0 2 -1 0 -1
0 1 0 25.8 77.0 2 -1 0 -1
0 1 0 25.8 77.0 2 -1 0 -1
0 1 0 25.8 76.5 2 -1 0 -1
0 1 0 25.8 77.0 2 -1 0 -1
0 1 0 25.7 77.0 4 -1 0 -1
0 1 0 25.8 77.0 4 -1 0 -1
0 1 0 25.8 77.0 4 -1 0 -1
0 1 0 25.8 77.0 1 -1 0 -1
0 1 0 25.8 77.0 1 -1 0 -1
0 1 0 25.7 77.0 1 -1 0 -1
0 1 0 25.8 77.0 1 -1 0 -1
0 1 0 25.7 77.0 1 -1 0 -1
0 1 0 25.8 77.0 1 -1 0 -1
0 1 0 25.8 77.0 1 -1 0 -1
0 1 0 25.8 77.0 1 -1 0 -1
0 1 0 25.8 77.0 2 -1 0 -1
0 1 0 25.8 77.0 2 -1 0 -1
0 1 0 25.8 77.0 2 -1 0 -1
0 1 0 25.8 77.0 2 -1 0 -1
0 1 0 25.8 77.0 2 -1 0 -1
0 1 0 25.8 77.0 2 -1 0 -1
0 1 0 25.8 77.0 2 -1 0 -1
0 1 0 25.8 77.0 4 -1 0 -1
0 1 0 25.8 77.0 4 -1 0 -1
0 1 0 25.8 77.0 4 -1 0 -1
0 1 0 25.8 77.0 4 -1 0 -1
0 1 0 25.8 77.0 6 -1 0 -1
0 1 0 25.8 77.0 6 -1 0 -1
0 1 0 25.8 77.0 6 -1 0 -1
0 1 0 25.8 77.0 3 -1 0 -1
0 1 0 25.9 77.0 3 -1 0 -1
0 1 0 25.8 77.0 3 -1 0 -1
0 1 0 25.8 77.0 3 -1 0 -1
0 1 0 25.8 77.0 3 -1 0 -1
0 1 0 25.8 77.0 3 -1 0 -1
0 1 0 25.8 77.0 3 -1 0 -1
0 1 0 25.8 77.0 5 -1 0 -1
0 1 0 25.8 77.0 5 -1 0 -1
0 1 0 25.9 77.0 5 -1 0 -1
0 1 0 25.8 77.0 7 -1 0 -1
0 1 0 25.8 77.0 7 -1 0 -1
0 1 0 25.8 77.0 7 -1 0 -1
0 1 0 25.9 77.0 5 -1 0 -1
0 1 0 25.8 77.0 5 -1 0 -1
0 1 0 25.8 77.0 5 -1 0 -1
0 1 0 25.8 77.0 5 -1 0 -1
0 1 0 25.8 77.0 5 -1 0 -1
0 1 0 25.9 77.0 5 -1 0 -1
0 1 0 25.9 77.0 5 -1 0 -1
0 1 0 25.9 77.0 5 -1 0 -1
0 1 0 25.8 77.0 5 -1 0 -1
0 1 0 25.9 77.0 5 -1 0 -1
0 1 0 25.9 77.0 5 -1 0 -1
0 1 0 25.8 77.0 5 -1 0 -1
0 1 0 25.9 77.0 5 -1 0 -1
0 1 0 25.9 77.0 7 -1 0 -1
0 1 0 25.9 77.0 7 -1 0 -1
0 1 0 25.9 77.0 7 -1 0 -1
0 1 0 25.9 77.0 7 -1 0 -1
0 1 0 25.9 77.0 7 -1 0 -1
0 1 0 25.8 77.0 7 -1 0 -1
0 1 0 25.9 77.0 7 -1 0 -1
0 1 0 25.9 77.0 7 -1 0 -1
0 1 0 25.9 77.0 7 -1 0 -1
0 1 0 25.9 77.0 7 -1 0 -1
0 1 0 25.8 77.0 7 -1 0 -1
0 1 0 25.9 77.0 7 -1 0 -1
0 1 0 25.8 77.0 7 -1 0 -1
0 1 0 25.8 77.0 7 -1 0 -1
0 1 0 25.9 77.0 7 -1 0 -1
0 1 0 25.9 77.0 7 -1 0 -1
0 1 0 25.9 77.0 7 -1 0 -1
0 1 0 25.9 77.0 7 -1 0 -1
0 1 0 25.9 77.0 7 -1 0 -1
0 1 0 25.9 77.0 7 -1 0 -1
0 1 0 25.8 77.0 7 -1 0 -1
0 1 0 25.9 77.0 7 -1 0 -1
0 1 0 25.9 77.0 7 -1 0 -1
0 1 0 25.9 77.0 7 -1 0 -1
0 1 0 25.9 77.0 9 -1 0 -1
0 1 0 25.9 77.0 5 -1 0 -1
0 1 0 25.9 77.0 5 -1 0 -1
0 1 0 25.9 77.0 5 -1 0 -1
0 1 0 25.9 77.0 7 -1 0 -1
0 1 0 25.9 77.0 7 -1 0 -1
0 1 0 26.0 77.0 7 -1 0 -1
0 1 0 25.9 77.0 9 -1 0 -1
0 1 0 25.9 77.0 9 -1 0 -1
0 1 0 25.9 77.0 9 -1 0 -1
0 1 0 26.0 77.0 7 -1 0 -1
0 1 0 26.0 77.0 7 -1 0 -1
0 1 0 25.9 77.0 7 -1 0 -1
0 1 0 26.0 77.0 9 -1 0 -1
0 1 0 25.9 77.0 9 -1 0 -1
0 1 0 25.9 77.0 9 -1 0 -1
0 1 0 25.9 77.0 9 -1 0 -1
0 1 0 25.9 77.0 9 -1 0 -1
0 1 0 26.0 77.0 7 -1 0 -1
0 1 0 25.9 77.0 9 -1 0 -1
0 1 0 26.0 77.0 9 -1 0 -1
0 1 0 26.0 77.0 9 -1 0 -1
0 1 0 26.0 77.0 11 -1 0 -1
0 1 0 25.9 77.0 11 -1 0 -1
0 1 0 26.0 77.0 11 -1 0 -1
0 1 0 26.0 77.0 11 -1 0 -1
0 1 0 26.0 77.0 11 -1 0 -1
0 1 0 26.0 77.0 11 -1 0 -1
0 1 0 26.0 77.0 11 -1 0 -1
0 1 0 26.0 77.0 9 -1 0 -1
0 1 0 26.0 77.0 9 -1 0 -1
0 1 0 26.0 77.0 9 -1 0 -1
0 1 0 25.9 77.0 9 -1 0 -1
0 1 0 26.0 77.0 9 -1 0 -1
0 1 0 26.0 77.0 9 -1 0 -1
0 1 0 26.0 77.0 11 -1 0 -1
0 1 0 26.0 77.0 11 -1 0 -1
0 1 0 25.9 77.0 11 -1 0 -1
0 1 0 26.0 77.0 9 -1 0 -1
0 1 0 26.0 77.0 9 -1 0 -1
0 1 0 26.0 77.0 9 -1 0 -1
0 1 0 26.0 77.0 7 c26 0 -1
1 1 0 26.0 77.0 7 c26 6 -1
1 1 0 26.0 77.0 33 c26 6 -1
1 1 0 26.0 76.5 33 c26 6 -1
1 1 0 25.9 76.0 33 c26 6 -1
1 1 0 25.9 75.0 31 c26 6 -1
1 1 0 25.8 74.5 31 c26 6 -1
1 1 0 25.7 74.5 31 c26 6 -1
1 1 0 25.6 74.0 29 c26 6 -1
1 1 0 25.6 73.5 32 c26 6 -1
1 1 0 25.5 73.5 32 c26 6 -1
1 1 0 25.4 73.5 32 c26 6 -1
1 1 0 25.4 73.0 30 c26 6 -1
1 1 0 25.3 73.0 32 c26 6 -1
1 1 0 25.2 73.0 32 c26 6 -1
1 1 0 25.2 72.5 31 c26 6 -1
1 1 0 25.1 72.0 31 c26 6 -1
0 1 15 25.1 72.0 35 c26 6 -1
0 1 22 25.1 72.0 35 c26 6 -1
0 1 2 25.0 71.5 37 c26 6 -1
0 1 0 25.0 70.5 35 c26 6 -1
0 1 2 24.9 70.5 35 c26 6 -1
0 1 0 24.8 69.5 35 c26 6 -1
0 1 9 24.7 69.0 35 c26 6 -1
0 1 0 24.7 68.5 35 c26 6 -1
0 1 0 24.6 68.0 33 c26 6 -1
0 1 0 24.6 67.5 35 c26 6 -1
0 1 3 24.5 67.0 33 c26 6 -1
0 1 2 24.4 67.0 35 c26 6 -1
0 1 0 24.3 66.5 33 c26 6 -1
0 1 2 24.3 66.0 33 c26 6 -1
0 1 0 24.3 66.0 33 c26 6 -1
0 1 0 24.2 66.5 33 c26 6 -1
0 1 0 24.2 67.5 31 c26 6 -1
0 1 0 24.3 68.0 33 c26 6 -1
0 1 4 24.3 68.5 35 c26 6 -1
0 1 1 24.3 69.0 33 c26 6 -1
0 1 0 24.4 69.5 33 c26 6 -1
0 1 4 24.4 70.0 35 c26 6 -1
0 1 0 24.5 70.5 37 c26 6 -1
0 1 0 24.5 71.0 36 c26 6 -1
0 1 0 24.6 71.5 38 c26 6 -1
0 1 0 24.6 72.0 38 c26 6 -1
0 1 0 24.6 72.0 40 c26 6 -1
0 1 0 24.7 72.5 40 c26 6 -1
0 1 1 24.6 73.0 40 c26 6 -1
0 1 0 24.7 73.0 38 c26 6 -1
0 1 3 24.7 73.5 38 c26 6 -1
0 1 2 24.7 73.5 40 c26 6 -1
0 1 0 24.8 74.0 40 c26 6 -1
0 1 0 24.8 74.0 38 c26 6 -1
0 1 7 24.8 74.5 37 c26 6 -1
0 1 0 24.8 74.5 35 c26 6 -1
0 1 0 24.9 74.5 33 c26 6 -1
0 1 0 24.9 75.0 35 c26 6 -1
0 1 0 24.9 75.0 35 c26 6 -1
0 1 1 24.9 75.0 35 c26 6 -1
0 1 6 25.0 75.0 35 c26 6 -1
0 1 3 25.0 74.5 35 c26 6 -1
0 1 0 25.0 74.0 37 c26 6 -1
0 1 0 24.8 73.0 33 c26 6 -1
0 1 0 24.7 72.0 33 c26 6 -1
0 1 0 24.7 72.0 35 c26 6 -1
0 1 0 24.7 71.5 35 c26 6 -1
0 1 0 24.6 71.0 37 c26 6 -1
0 1 0 24.6 70.0 37 c26 6 -1
0 1 0 24.5 70.0 36 c26 6 -1
0 1 0 24.4 69.5 36 c26 6 -1
0 1 0 24.4 69.0 36 c26 6 -1
0 1 0 24.4 68.5 36 c26 6 -1
0 1 0 24.3 68.0 36 c26 6 -1
0 1 0 24.2 67.5 37 c26 6 -1
0 1 0 24.1 66.5 35 c26 6 -1
0 1 0 24.1 66.5 37 c26 6 -1
0 1 0 24.1 67.0 35 c26 6 -1
0 1 0 24.1 68.0 33 c26 6 -1
0 1 0 24.1 68.5 31 c26 6 -1
0 1 0 24.1 69.0 35 c26 6 -1
0 1 0 24.2 69.5 35 c26 6 -1
0 1 0 24.2 70.0 33 c26 6 -1
0 1 0 24.3 70.5 31 c26 6 -1
0 1 0 24.3 71.0 31 c26 6 -1
0 1 2 24.4 71.5 31 c26 6 -1
0 1 0 24.4 72.0 33 c26 6 -1
0 1 0 24.4 72.0 33 c26 6 -1
0 1 0 24.4 72.5 33 c26 6 -1
0 1 98 24.4 73.0 33 c26 6 -1
0 1 0 24.5 73.0 33 c26 6 -1
0 1 0 24.5 73.5 35 c26 6 -1
0 1 0 24.6 73.5 35 c26 6 -1
0 1 0 24.6 74.0 35 c26 6 -1
0 1 0 24.6 74.0 35 c26 6 -1
0 1 0 24.7 74.0 35 c26 6 -1
0 1 0 24.7 74.5 35 c26 6 -1
0 1 0 24.7 74.5 33 c26 6 -1
0 1 0 24.7 74.5 33 c26 6 -1
0 1 2 24.7 75.0 33 c26 6 -1
0 1 0 24.7 75.0 33 c26 6 -1
0 1 1 24.8 75.0 31 c26 6 -1
0 1 0 24.8 75.5 31 c26 6 -1
0 1 0 24.8 75.5 31 c26 6 -1
0 1 0 24.8 75.5 31 c26 6 -1
0 1 0 24.8 75.5 31 c26 6 -1
0 1 0 24.8 74.5 31 c26 6 -1
0 1 10 24.8 74.0 33 c26 6 -1
0 1 0 24.7 73.0 33 c26 6 -1
0 1 0 24.7 72.5 33 c26 6 -1
0 1 0 24.6 72.0 33 c26 6 -1
0 1 0 24.6 71.5 35 c26 6 -1
0 1 0 24.5 71.0 35 c26 6 -1
0 1 0 24.5 70.5 35 c26 6 -1
0 1 0 24.3 70.0 35 c26 6 -1
0 1 5 24.3 69.5 33 c26 6 -1
0 1 3 24.1 69.0 35 c26 6 -1
0 1 27 24.2 68.5 31 c26 6 -1
0 1 3 24.1 68.0 31 c26 6 -1
0 1 0 24.0 67.5 31 c26 6 -1
0 1 0 24.1 67.5 31 c26 6 -1
0 1 0 24.0 68.0 31 c26 6 -1
0 1 0 24.0 68.5 31 c26 6 -1
0 1 0 24.0 69.5 31 c26 6 -1
0 1 11 24.0 69.5 32 c26 6 -1
0 1 1 24.1 70.5 31 c26 6 -1
0 1 6 24.1 71.0 31 c26 6 -1
0 1 5 24.2 71.0 31 c26 6 -1
0 1 0 24.2 71.5 31 c26 6 -1
0 1 0 24.2 72.0 33 c26 6 -1
0 1 0 24.3 72.5 33 c26 6 -1
0 1 0 24.3 72.5 33 c26 6 -1
0 1 3 24.4 73.0 33 c26 6 -1
0 1 0 24.3 73.5 33 c26 6 -1
0 1 0 24.4 73.5 33 c26 6 -1
0 1 0 24.5 73.5 33 c26 6 -1
0 1 0 24.4 74.0 35 c26 6 -1
0 1 0 24.5 74.0 31 c26 6 -1
0 1 0 24.5 74.5 33 c26 6 -1
0 1 0 24.5 74.5 35 c26 6 -1
0 1 2 24.5 75.0 35 c26 6 -1
0 1 2 24.6 75.0 33 c26 6 -1
0 1 0 24.6 75.0 35 c26 6 -1
0 1 0 24.6 75.0 35 c26 6 -1
0 1 0 24.7 75.5 37 c26 6 -1
0 1 30 24.7 75.5 25 c26 6 -1
0 1 0 24.7 75.5 14 c26 0 -1
0 1 0 24.8 75.5 16 c26 0 -1
0 1 0 24.8 76.0 16 c26 0 -1
0 1 0 24.8 76.0 15 c26 0 -1
0 1 0 24.9 76.0 15 c26 0 -1
0 1 0 24.8 76.0 17 c26 0 -1
0 1 0 24.9 75.5 19 c26 0 -1
0 1 0 24.8 74.5 15 c26 0 -1
0 1 0 24.7 74.0 15 c26 0 -1
0 1 0 24.7 73.5 17 c26 0 -1
0 1 0 24.6 73.0 17 c26 0 -1
0 1 0 24.5 72.5 17 c26 0 -1
0 1 0 24.5 71.5 19 c26 0 -1
0 1 0 24.4 71.5 19 c26 0 -1
0 1 0 24.4 71.0 19 c26 0 -1
0 1 0 24.3 70.5 19 c26 0 -1
0 1 0 24.2 69.5 19 c26 0 -1
0 1 0 24.2 69.5 19 c26 0 -1
0 1 0 24.2 68.5 21 c26 0 -1
0 1 0 24.1 69.0 17 c26 0 -1
0 1 0 24.1 69.0 17 c26 0 -1
0 1 0 24.1 69.5 21 c26 0 -1
0 1 0 24.1 70.0 17 c26 0 -1
0 1 0 24.1 70.5 19 c26 0 -1
0 1 0 24.2 71.0 19 c26 0 -1
0 1 0 24.2 71.5 19 c26 0 -1
0 1 0 24.2 72.0 19 c26 0 -1
0 1 0 24.2 72.0 17 c26 0 -1
0 1 0 24.3 72.5 17 c26 0 -1
0 1 0 24.3 73.0 17 c26 0 -1
0 1 0 24.3 73.5 17 c26 0 -1
0 1 0 24.4 73.5 19 c26 0 -1
0 1 0 24.3 74.0 19 c26 0 -1
0 1 0 24.4 74.0 19 c26 0 -1
0 1 0 24.4 74.5 21 c26 0 -1
0 1 0 24.4 74.5 21 c26 0 -1
0 1 0 24.5 75.0 21 c26 0 -1
0 1 0 24.5 75.0 19 c26 0 -1
0 1 0 24.6 75.5 19 c26 0 -1
0 1 0 24.6 75.5 17 c26 0 -1
0 1 0 24.6 75.5 21 c26 0 -1
0 1 0 24.6 75.5 19 c26 0 -1
0 1 0 24.6 76.0 19 c26 0 -1
0 1 0 24.6 76.0 19 c26 0 -1
0 1 0 24.7 76.0 21 c26 0 -1
0 1 0 24.7 76.0 21 c26 0 -1
0 1 0 24.7 76.5 19 c26 0 -1
0 1 0 24.8 76.5 17 c26 0 -1
0 1 0 24.7 76.5 19 c26 0 -1
0 1 0 24.8 76.5 19 c26 0 -1
0 1 0 24.8 76.5 19 c26 0 -1
0 1 0 24.8 77.0 17 c26 0 -1
0 1 0 24.9 77.0 19 c26 0 -1
0 1 0 24.9 77.0 19 c26 0 -1
0 1 0 24.9 76.5 19 c26 0 -1
0 1 0 24.8 75.5 21 c26 0 -1
0 1 0 24.8 75.0 17 c26 0 -1
0 1 0 24.7 74.5 19 c26 0 -1
0 1 0 24.6 73.5 21 c26 0 -1
0 1 0 24.6 73.0 20 c26 0 -1
0 1 0 24.5 72.0 22 c26 0 -1
0 1 0 24.4 71.5 22 c26 0 -1
0 1 0 24.3 70.5 24 c26 0 -1
0 1 0 24.2 70.5 24 c26 0 -1
0 1 0 24.2 71.0 26 c26 0 -1
0 1 0 24.2 71.5 24 c26 0 -1
0 1 0 24.3 72.0 24 c26 0 -1
0 1 0 24.3 72.5 24 c26 0 -1
0 1 0 24.3 72.5 26 c26 0 -1
0 1 0 24.3 73.0 26 c26 0 -1
0 1 0 24.3 73.5 26 c26 0 -1
0 1 0 24.4 73.5 24 c26 0 -1
0 1 0 24.4 74.0 24 c26 0 -1
0 1 0 24.4 74.5 24 c26 0 -1
0 1 0 24.5 74.5 24 c26 0 -1
0 1 0 24.5 75.0 24 c26 0 -1
0 1 0 24.4 75.0 22 c26 0 -1
0 1 0 24.4 75.0 22 c26 0 -1
0 1 0 24.5 74.5 22 c26 0 -1
0 1 0 24.4 74.0 22 c26 0 -1
0 1 0 24.4 74.0 22 c26 0 -1
0 1 0 24.4 74.5 22 c26 0 -1
0 1 0 24.5 74.5 24 c26 0 -1
0 1 0 24.4 75.0 24 c26 0 -1
0 1 0 24.5 75.0 24 c26 0 -1
0 1 0 24.5 75.5 24 c26 0 -1
0 1 0 24.5 75.5 22 c26 0 -1
0 1 0 24.6 76.0 22 c26 0 -1
0 1 0 24.6 76.5 22 c26 0 -1
0 1 0 24.6 76.5 24 c26 0 -1
0 1 0 24.5 76.5 24 c26 0 -1
0 1 0 24.6 77.0 24 c26 0 -1
0 1 0 24.6 77.0 26 c26 0 -1
0 1 0 24.7 77.5 22 c26 0 -1
0 1 0 24.7 77.5 24 c26 0 -1
0 1 0 24.7 77.5 22 c26 0 -1
0 1 0 24.7 77.5 22 c26 0 -1
0 1 0 24.7 78.0 26 c26 0 -1
0 1 0 24.7 78.0 24 c26 0 -1
0 1 0 24.7 78.0 24 c26 0 -1
0 1 0 24.8 78.0 22 c26 0 -1
0 1 0 24.9 78.0 24 c26 0 -1
0 1 0 24.8 78.5 21 c24 0 -1
0 1 16 24.9 78.5 21 c24 0 -1
0 1 11 24.8 78.5 21 c24 0 -1
0 1 0 24.9 77.5 19 c24 0 -1
0 1 0 24.8 76.5 19 c24 0 -1
0 1 0 24.7 75.5 17 c24 0 -1
0 1 0 24.7 75.0 17 c24 0 -1
0 1 0 24.5 74.0 17 c24 0 -1
0 1 0 24.5 73.0 15 c26 0 -1
0 1 5 24.4 72.5 17 c26 0 -1
0 1 31 24.3 71.0 2 c26 0 8
0 1 7 24.2 71.0 2 c26 0 8
0 1 0 24.1 71.5 2 c26 0 8
0 1 0 24.1 72.0 2 c26 0 8
0 1 0 24.2 72.5 2 c26 0 8
0 1 0 24.1 73.0 2 c26 0 8
0 1 0 24.3 73.5 2 c26 0 8
0 1 72 24.2 73.5 2 c26 0 8
0 1 0 24.3 74.0 2 c26 0 8
0 1 0 24.3 74.5 2 c26 0 8
0 1 0 24.4 74.5 2 c26 0 8
0 1 0 24.4 75.0 1 c26 0 8
0 1 0 24.4 75.0 1 c26 0 8
0 1 0 24.3 75.5 1 c26 0 8
0 1 0 24.4 75.5 1 c26 0 8
0 1 0 24.4 76.0 1 c26 0 8
0 1 0 24.5 76.0 1 c26 0 8
0 1 0 24.5 76.5 1 c26 0 8
0 1 0 24.5 76.5 1 c26 0 8
0 1 0 24.6 76.5 1 c26 0 8
0 1 0 24.6 77.0 1 c26 0 8
0 1 0 24.6 77.0 2 c26 0 8
0 1 0 24.6 77.0 2 c26 0 8
0 1 0 24.6 77.5 2 c26 0 8
0 1 0 24.7 77.5 2 c26 0 8
0 1 0 24.7 77.5 2 c26 0 8
0 1 0 24.6 77.5 2 c26 0 8
0 1 0 24.7 77.5 1 c26 0 8
0 1 0 24.8 78.0 1 c26 0 8
0 1 0 24.8 78.0 1 c26 0 8
0 1 0 24.7 78.0 1 c26 0 8
0 1 0 24.8 78.0 1 c26 0 8
0 1 0 24.8 78.5 1 c26 0 8
0 1 0 24.8 78.0 1 c26 0 8
0 1 0 24.7 77.5 1 c26 0 8
0 1 0 24.7 77.0 1 c26 0 8
0 1 0 24.7 76.0 1 c26 0 8
0 1 0 24.6 75.0 1 c26 0 8
0 1 0 24.5 74.5 1 c26 0 8
0 1 0 24.4 73.5 4 c26 0 8
0 1 0 24.3 72.5 4 c26 0 8
0 1 0 24.2 72.0 4 c26 0 8
0 1 0 24.2 73.0 1 c26 0 8
0 1 0 24.2 73.0 1 c26 0 8
0 1 0 24.2 73.5 1 c26 0 8
0 1 0 24.2 74.0 1 c26 0 8
0 1 0 24.3 74.5 4 c26 0 8
0 1 0 24.3 74.5 4 c26 0 8
0 1 0 24.3 75.0 2 c26 0 8
0 1 0 24.4 75.5 2 c26 0 8
0 1 0 24.4 75.5 2 c26 0 8
0 1 0 24.4 76.0 2 c26 0 8
0 1 0 24.4 76.0 2 c26 0 8
0 1 0 24.5 76.0 2 c26 0 8
0 1 0 24.4 76.5 4 c26 0 8
0 1 0 24.4 76.5 1 c26 0 8
0 1 0 24.5 77.0 1 c26 0 8
0 1 0 24.5 77.0 1 c26 0 8
0 1 0 24.6 77.5 1 c26 0 8
0 1 0 24.6 77.5 1 c26 0 8
0 1 0 24.6 77.5 1 c26 0 8
0 1 0 24.6 78.0 1 c26 0 8
0 1 0 24.7 78.0 1 c26 0 8
0 1 0 24.6 78.0 1 c26 0 8
0 1 0 24.6 78.0 1 c26 0 8
0 1 0 24.7 78.5 1 c26 0 8
0 1 0 24.7 78.5 1 c26 0 8
0 1 0 24.7 78.5 1 c26 0 8
0 1 0 24.7 79.0 1 c26 0 8
0 1 0 24.8 79.0 2 c26 0 8
0 1 0 24.8 79.0 2 c26 0 8
0 1 0 24.8 79.0 2 c26 0 8
0 1 0 24.8 79.0 1 c26 0 8
0 1 0 24.9 79.0 1 c26 0 8
0 1 0 24.8 78.5 2 c26 0 8
0 1 4 24.8 77.5 1 c26 0 8
0 1 24 24.7 77.0 8 c26 0 73
0 1 0 24.7 76.5 10 c26 0 73
0 1 14 24.6 76.0 10 c26 0 73
0 1 2 24.5 75.5 12 c26 0 73
0 1 23 24.5 74.5 20 c26 0 73
0 1 13 24.4 73.5 27 c26 5 73
0 1 1 24.3 73.0 27 c26 5 73
0 1 4 24.3 72.5 27 c26 5 73
0 1 9 24.2 72.0 27 c26 5 73
0 1 0 24.2 71.5 27 c26 5 73
0 1 3 24.1 71.5 27 c26 5 73
0 1 0 24.1 71.5 27 c26 5 73
0 1 0 24.1 72.0 27 c26 5 73
0 1 0 24.1 72.5 27 c26 5 73
0 1 3 24.2 73.0 27 c26 5 73
1 1 32 24.2 73.5 27 c26 5 73
1 1 42 24.2 74.0 25 c26 5 73
1 1 49 24.3 74.5 25 c26 5 73
1 1 48 24.3 75.0 27 c26 5 73
0 1 39 24.4 75.5 24 c26 5 73
0 1 32 24.5 75.5 23 c26 5 73
0 1 22 24.5 75.5 23 c26 5 73
0 1 34 24.6 75.0 23 c26 5 73
0 1 53 24.5 74.5 21 c26 5 73
0 1 38 24.6 74.0 25 c26 5 73
0 1 24 24.5 73.5 23 c26 5 73
0 1 31 24.5 73.0 23 c26 5 73
0 1 30 24.5 72.5 23 c26 5 73
0 1 33 24.4 72.0 23 c26 5 73
0 1 28 24.4 71.5 23 c26 5 73
0 1 41 24.3 71.0 23 c26 5 73
0 1 22 24.4 70.5 23 c26 5 73
0 1 23 24.3 70.0 23 c26 5 73
0 1 28 24.2 69.5 23 c26 5 73
0 1 30 24.2 69.0 23 c26 5 73
0 1 29 24.2 69.0 23 c26 5 73
0 1 36 24.2 68.5 17 c26 5 73
0 1 49 24.2 68.0 19 c26 5 73
0 1 38 24.2 67.5 19 c26 5 73
0 1 29 24.2 68.0 19 c26 5 73
0 1 38 24.2 67.5 19 c26 5 73
0 1 40 24.1 67.0 21 c26 5 73
0 1 36 24.1 66.5 21 c26 5 73
0 1 19 24.1 66.5 21 c26 5 73
0 1 29 24.0 65.5 21 c26 5 73
0 1 28 23.9 66.0 21 c26 5 73
0 1 44 24.0 65.0 21 c26 5 73
0 1 30 23.9 65.0 21 c26 5 73
0 1 26 23.9 64.5 23 c26 5 73
0 1 26 23.8 64.5 23 c26 5 73
0 1 24 23.8 64.5 23 c26 5 73
0 1 30 23.8 64.0 23 c26 5 73
0 1 33 23.8 64.0 23 c26 5 73
0 1 40 23.8 64.0 21 c26 5 73
0 1 21 23.8 63.5 21 c26 5 73
0 1 39 23.8 63.5 21 c26 5 73
0 1 26 23.8 63.5 23 c26 5 73
0 1 34 23.8 63.5 21 c26 5 73
0 1 27 23.8 64.0 21 c26 5 73
0 1 32 23.8 64.0 21 c26 5 73
0 1 26 23.8 64.0 21 c26 5 73
0 1 39 23.8 64.0 21 c26 5 73
0 1 15 23.8 64.0 21 c26 5 73
0 1 35 23.8 64.0 21 c26 5 73
0 1 35 23.9 63.5 23 c26 5 73
0 1 21 23.9 63.5 21 c26 5 73
0 1 43 23.8 63.0 23 c26 5 73
0 1 47 23.8 63.0 23 c26 5 73
0 1 30 23.7 62.5 23 c26 5 73
0 1 36 23.7 62.5 23 c26 5 73
0 1 26 23.8 63.0 23 c26 5 73
0 1 37 23.8 62.5 23 c26 5 73
0 1 20 23.7 62.5 23 c26 5 73
0 1 19 23.8 62.5 23 c26 5 73
0 1 44 23.8 62.5 23 c26 5 73
0 1 40 23.7 62.5 23 c26 5 73
0 1 40 23.8 62.5 23 c26 5 73
0 1 26 23.8 62.5 23 c26 5 73
0 1 36 23.8 62.0 23 c26 5 73
0 1 38 23.7 62.0 19 c26 5 73
0 1 40 23.7 62.0 19 c26 5 73
0 1 20 23.7 62.0 21 c26 5 73
0 1 22 23.7 61.5 21 c26 5 73
0 1 38 23.7 61.5 21 c26 5 73
0 1 37 23.7 61.5 21 c26 5 73
0 1 38 23.7 61.5 21 c26 5 73
0 1 24 23.7 62.0 21 c26 5 73
0 1 13 23.7 62.0 21 c26 5 73
0 1 23 23.7 62.0 23 c26 5 73
0 1 29 23.7 62.0 23 c26 5 73
0 1 29 23.7 61.5 23 c26 5 73
0 1 36 23.7 61.5 23 c26 5 73
0 1 36 23.7 61.5 25 c26 5 73
0 1 36 23.7 61.5 25 c26 5 73
0 1 51 23.7 61.5 25 c26 5 73
0 1 44 23.7 61.0 25 c26 5 73
0 1 45 23.6 61.5 25 c26 5 73
0 1 45 23.7 61.0 21 c26 5 73
0 1 42 23.6 61.0 23 -1 5 73
0 1 52 23.6 60.5 23 -1 5 73
0 1 47 23.6 61.0 25 -1 5 73
0 1 38 23.7 62.0 25 -1 5 73
0 1 30 23.8 62.0 25 -1 5 73
0 1 11 23.8 62.0 25 -1 5 73
0 1 22 23.9 62.5 23 -1 5 73
0 1 30 24.0 62.5 23 -1 5 73
0 1 26 24.1 63.0 23 -1 5 73
0 1 15 24.2 62.5 23 -1 5 73
0 1 29 24.3 62.5 21 -1 5 73
0 1 27 24.4 63.5 23 -1 5 73
0 1 16 24.5 63.5 23 -1 5 73
1 1 39 24.5 64.0 21 -1 5 73
0 1 35 24.6 64.0 21 -1 5 73
0 1 30 24.6 64.5 21 -1 5 73
0 1 27 24.6 64.5 21 -1 5 73
0 1 36 24.8 64.5 21 -1 5 73
0 1 41 24.8 65.0 21 -1 5 73
0 1 40 24.8 65.0 21 -1 5 73
0 1 28 25.0 65.0 21 -1 5 73
0 1 22 25.0 65.5 23 -1 5 73
0 1 36 25.0 65.5 19 -1 5 73
0 1 31 25.1 66.0 21 -1 5 73
0 1 14 25.1 66.0 21 -1 5 73
0 1 31 25.2 66.5 21 -1 5 73
0 1 24 25.2 66.5 21 -1 5 73
0 1 23 25.2 66.5 21 -1 5 73
0 1 22 25.4 67.0 21 -1 5 73
0 1 21 25.5 67.0 21 -1 5 73
0 1 20 25.4 67.0 21 -1 5 73
0 1 20 25.5 67.0 21 -1 5 73
0 1 18 25.5 67.5 21 -1 5 73
0 1 31 25.5 67.5 21 -1 5 73
0 1 19 25.6 67.5 21 -1 5 73
0 1 52 25.7 67.5 21 -1 5 73
0 1 24 25.7 67.5 21 -1 5 73
0 1 26 25.7 67.5 19 -1 5 73
0 1 36 25.8 68.0 23 -1 5 73
0 1 36 25.8 68.0 23 -1 5 73
0 1 31 25.9 68.0 25 -1 5 73
0 1 27 25.8 68.0 23 -1 5 73
0 1 37 25.9 68.0 18 -1 5 73
1 1 45 26.0 68.5 20 -1 5 73
1 1 22 25.9 68.0 20 -1 5 73
1 1 28 25.8 67.5 20 -1 5 73
1 1 10 25.8 67.5 24 -1 5 73
1 1 0 25.7 67.0 22 -1 5 73
1 1 5 25.6 67.0 22 -1 5 73
1 1 4 25.6 67.0 20 -1 5 73
1 1 3 25.6 67.0 22 -1 5 73
1 1 22 25.6 66.5 20 -1 5 73
1 1 6 25.5 66.5 20 -1 5 73
1 1 3 25.4 66.5 20 -1 5 73
1 1 0 25.5 66.5 20 -1 5 73
1 1 3 25.4 66.5 20 -1 5 73
1 1 27 25.4 66.5 9 -1 5 73
1 1 0 25.4 66.5 3 -1 0 73
1 1 0 25.4 66.5 3 -1 0 73
1 1 0 25.4 66.5 3 -1 0 73
1 1 0 25.4 66.5 5 -1 0 73
1 1 0 25.3 66.5 5 -1 0 73
1 1 0 25.3 66.5 5 -1 0 73
1 1 0 25.3 66.5 5 -1 0 73
1 1 0 25.3 66.5 5 -1 0 73
1 1 0 25.3 66.5 7 -1 0 73
1 1 0 25.2 66.5 7 -1 0 73
1 1 0 25.2 66.5 7 -1 0 73
1 1 0 25.3 66.5 7 -1 0 73
1 1 0 25.2 67.0 3 -1 0 73
1 1 0 25.3 67.0 5 -1 0 73
1 1 0 25.3 67.0 5 -1 0 73
1 1 0 25.2 67.0 5 -1 0 73
1 1 0 25.2 67.0 5 -1 0 73
1 1 0 25.2 67.0 7 -1 0 73
1 1 0 25.2 67.0 5 -1 0 73
1 1 0 25.2 67.0 7 -1 0 73
1 1 0 25.2 67.0 5 -1 0 73
1 1 0 25.2 67.0 5 -1 0 73
1 1 0 25.2 67.0 5 -1 0 73
1 1 0 25.2 67.0 7 -1 0 73
1 1 0 25.2 67.0 7 -1 0 73
1 1 0 25.2 67.0 5 -1 0 73
1 1 0 25.2 67.0 5 -1 0 73
1 1 0 25.2 67.0 3 -1 0 73
1 1 0 25.2 67.0 3 -1 0 73
1 1 0 25.2 67.0 6 -1 0 73
1 1 0 25.2 67.0 6 -1 0 73
1 1 0 25.2 67.0 4 -1 0 73
1 1 0 25.1 67.0 4 -1 0 73
1 1 0 25.1 67.0 4 -1 0 73
1 1 0 25.2 67.0 4 -1 0 73
1 1 0 25.1 67.0 4 -1 0 73
1 1 0 25.1 67.0 4 -1 0 73
1 1 0 25.1 67.0 4 -1 0 73
1 1 0 25.1 67.0 4 -1 0 73
1 1 0 25.0 67.0 4 -1 0 73
1 1 0 25.1 67.0 2 -1 0 73
1 1 0 25.1 67.0 2 -1 0 73
1 1 0 25.1 67.5 2 -1 0 73
1 1 0 25.1 67.0 2 -1 0 73
1 1 0 25.1 67.5 2 -1 0 73
1 1 0 25.1 67.5 2 -1 0 73
1 1 0 25.1 67.0 1 -1 0 73
1 1 0 25.1 67.5 4 -1 0 73
1 1 0 25.1 67.5 4 -1 0 73
1 1 0 25.1 67.5 4 -1 0 73
1 1 0 25.1 67.5 4 -1 0 73
1 1 0 25.1 67.5 4 -1 0 73
1 1 0 25.1 67.5 2 -1 0 73
1 1 0 25.1 67.5 2 -1 0 73
1 1 0 25.1 67.5 2 -1 0 73
1 1 0 25.1 67.5 2 -1 0 73
1 1 0 25.1 67.5 2 -1 0 73
1 1 0 25.1 67.5 2 -1 0 73
1 1 0 25.1 67.5 2 -1 0 73
1 1 0 25.1 67.5 1 -1 0 73
1 1 0 25.1 67.5 1 -1 0 73
1 1 0 25.2 67.5 1 -1 0 73
1 1 0 25.1 67.5 1 -1 0 73
1 1 0 25.1 67.5 1 -1 0 73
1 1 0 25.1 67.5 1 -1 0 73
1 1 0 25.1 67.5 1 -1 0 73
1 1 0 25.1 67.5 2 -1 0 73
1 1 0 25.1 67.5 2 -1 0 73
1 1 0 25.1 67.5 2 -1 0 73
1 1 0 25.1 67.5 2 -1 0 73
1 1 0 25.1 68.0 2 -1 0 73
1 1 0 25.1 67.5 2 -1 0 73
1 1 0 25.1 67.5 2 -1 0 73
1 1 0 25.1 67.5 2 -1 0 73
1 1 0 25.1 67.5 2 -1 0 73
1 1 0 25.1 67.5 2 -1 0 73
1 1 0 25.1 68.0 0 -1 0 73
1 1 0 25.1 68.0 0 -1 0 73
1 1 0 25.1 68.0 0 -1 0 73
1 1 0 25.1 68.0 0 -1 0 73
1 1 0 25.1 68.0 0 -1 0 73
1 1 0 25.1 68.0 0 -1 0 73
1 1 0 25.0 68.0 0 -1 0 73
1 1 0 25.1 68.0 0 -1 0 73
1 1 0 25.1 68.0 0 -1 0 73
1 1 0 25.0 68.0 0 -1 0 73
1 1 0 25.1 68.0 1 -1 0 73
1 1 0 25.0 68.0 1 -1 0 73
1 1 0 25.0 68.0 1 -1 0 73
1 1 0 25.0 68.0 1 -1 0 73
1 1 0 25.0 68.0 1 -1 0 73
1 1 0 25.0 68.0 1 -1 0 73
1 1 0 25.0 68.0 1 -1 0 73
1 1 0 25.0 68.0 1 -1 0 73
1 1 1 25.0 68.0 10 c26 0 73
0 1 28 25.0 68.0 25 c26 6 73
0 1 0 25.0 68.0 25 c26 6 73
0 1 0 25.0 67.5 25 c26 6 73
0 1 7 24.9 66.5 25 c26 6 73
0 1 0 24.9 66.0 23 c26 6 73
0 1 0 24.7 65.0 23 c26 6 73
0 1 0 24.7 64.5 23 c26 6 73
0 1 0 24.6 64.0 23 c26 6 73
0 1 0 24.4 63.0 23 c26 6 73
0 1 9 24.3 62.5 23 c26 6 73
0 1 3 24.3 62.5 23 c26 6 73
0 1 0 24.2 62.0 23 c26 6 73
0 1 0 24.1 62.0 23 c26 6 73
0 1 0 24.1 63.0 23 c26 6 73
0 1 0 24.1 64.0 23 c26 6 73
0 1 0 24.1 64.5 23 c26 6 73
0 1 0 24.2 65.5 23 c26 6 73
0 1 0 24.2 66.0 23 c26 6 73
0 1 0 24.2 66.5 23 c26 6 73
0 1 0 24.2 67.0 23 c26 6 73
0 1 0 24.3 67.5 23 c26 6 73
0 1 0 24.3 68.0 23 c26 6 73
0 1 0 24.3 68.5 23 c26 6 73
0 1 5 24.3 68.5 23 c26 6 73
0 1 4 24.4 69.0 23 c26 6 73
0 1 0 24.4 69.5 23 c26 6 73
0 1 0 24.4 69.5 23 c26 6 73
0 1 0 24.5 70.0 23 c26 6 73
0 1 3 24.5 70.5 23 c26 6 73
0 1 0 24.5 71.0 23 c26 6 73
0 1 0 24.5 71.0 23 c26 6 73
0 1 0 24.5 71.5 23 c26 6 73
0 1 0 24.6 71.5 23 c26 6 73
0 1 2 24.6 72.0 23 c26 6 73
0 1 0 24.6 72.0 23 c26 6 73
0 1 9 24.7 72.5 23 c26 6 73
0 1 0 24.6 72.5 23 c26 6 73
0 1 1 24.6 73.0 23 c26 6 73
0 1 6 24.7 73.0 23 c26 6 73
0 1 8 24.7 73.0 23 c26 6 73
0 1 7 24.7 72.5 23 c26 6 73
0 1 0 24.7 71.5 23 c26 6 73
0 1 2 24.6 71.0 23 c26 6 73
0 1 1 24.5 70.0 23 c26 6 73
0 1 0 24.4 69.0 23 c26 6 73
0 1 0 24.4 68.5 23 c26 6 73
0 1 1 24.2 67.5 23 c26 6 73
0 1 0 24.2 67.0 23 c26 6 73
0 1 0 24.1 66.5 23 c26 6 73
0 1 3 24.0 66.5 23 c26 6 73
0 1 0 24.1 67.0 23 c26 6 73
0 1 5 24.0 67.5 23 c26 6 73
0 1 0 24.0 68.0 23 c26 6 73
0 1 0 24.1 68.5 23 c26 6 73
0 1 0 24.2 69.0 23 c26 6 73
0 1 0 24.1 69.5 23 c26 6 73
0 1 0 24.1 70.0 23 c26 6 73
0 1 0 24.2 70.0 23 c26 6 73
0 1 1 24.2 70.5 23 c26 6 73
0 1 2 24.2 71.0 23 c26 6 73
0 1 0 24.3 71.0 23 c26 6 73
0 1 0 24.2 71.5 23 c26 6 73
0 1 1 24.3 71.5 23 c26 6 73
0 1 0 24.3 72.0 23 c26 6 73
0 1 0 24.3 72.0 23 c26 6 73
0 1 0 24.3 72.5 23 c26 6 73
0 1 0 24.4 73.0 23 c26 6 73
0 1 0 24.3 73.0 23 c26 6 73
0 1 3 24.4 73.0 23 c26 6 73
0 1 0 24.4 73.5 23 c26 6 73
0 1 12 24.5 73.5 23 c26 6 73
0 1 8 24.5 73.5 23 c26 6 73
0 1 11 24.5 74.0 23 c26 6 73
0 1 0 24.5 73.5 23 c26 6 73
0 1 0 24.5 74.0 23 c26 6 73
0 1 0 24.5 74.0 23 c26 6 73
0 1 0 24.5 74.5 23 c26 6 73
0 1 0 24.5 74.5 23 c26 6 73
0 1 0 24.6 74.5 23 c26 6 73
0 1 0 24.5 74.0 23 c26 6 73
0 1 0 24.5 73.0 23 c26 6 73
0 1 0 24.4 72.0 23 c26 6 73
0 1 7 24.4 71.5 23 c26 6 73
0 1 3 24.2 70.0 23 c26 6 73
0 1 0 24.2 69.5 23 c26 6 73
0 1 0 24.1 68.5 23 c26 6 73
0 1 3 24.0 68.5 23 c26 6 73
0 1 0 23.9 67.5 23 c26 6 73
0 1 0 23.8 68.0 23 c26 6 73
0 1 3 23.8 68.5 23 c26 6 73
0 1 0 24.0 69.0 23 c26 6 73
0 1 0 23.9 69.5 23 c26 6 73
0 1 1 23.9 70.0 23 c26 6 73
0 1 0 23.9 70.5 23 c26 6 73
0 1 4 24.0 70.5 23 c26 6 73
0 1 0 23.9 71.0 23 c26 6 73
0 1 2 24.1 71.5 23 c26 6 73
0 1 0 24.1 71.5 23 c26 6 73
0 1 0 24.1 72.0 23 c26 6 73
0 1 0 24.1 72.0 23 c26 6 73
0 1 0 24.1 72.5 23 c26 6 73
0 1 0 24.2 72.5 23 c26 6 73
0 1 3 24.2 73.0 23 c26 6 73
0 1 0 24.2 73.0 23 c26 6 73
0 1 0 24.2 73.5 23 c26 6 73
0 1 0 24.2 73.5 23 c26 6 73
0 1 0 24.2 74.0 23 c26 6 73
0 1 0 24.3 74.0 23 c26 6 73
0 1 0 24.3 74.0 23 c26 6 73
0 1 0 24.4 74.5 23 c26 6 73
0 1 0 24.4 74.5 23 c26 6 73
0 1 0 24.3 74.5 23 c26 6 73
0 1 1 24.3 74.5 23 c26 6 73
0 1 3 24.4 75.0 23 c26 6 73
0 1 0 24.4 75.0 23 c26 6 73
0 1 0 24.5 75.0 23 c26 6 73
0 1 0 24.4 75.0 23 c26 6 73
0 1 0 24.5 75.0 23 c26 6 73
0 1 3 24.5 75.0 23 c26 6 73
0 1 0 24.5 75.0 23 c26 6 73
0 1 0 24.5 74.5 23 c26 6 73
0 1 0 24.5 73.5 23 c26 6 73
0 1 0 24.4 73.0 23 c26 6 73
0 1 0 24.3 72.0 23 c26 6 73
0 1 0 24.2 71.0 23 c26 6 73
0 1 3 24.1 70.5 23 c26 6 73
0 1 0 24.1 70.5 23 c26 6 73
0 1 0 24.0 70.0 23 c26 6 73
0 1 0 24.0 69.5 23 c26 6 73
0 1 0 23.9 69.5 23 c26 6 73
0 1 0 23.9 69.5 23 c26 6 73
0 1 0 23.9 70.0 23 c26 6 73
0 1 0 23.8 70.5 23 c26 6 73
0 1 0 23.9 70.5 23 c26 6 73
0 1 0 23.9 71.0 23 c26 6 73
0 1 0 24.0 71.5 23 c26 6 73
0 1 2 24.0 72.0 23 c26 6 73
0 1 5 24.0 72.0 23 c26 6 73
0 1 0 24.0 72.5 23 c26 6 73
0 1 2 24.0 72.5 23 c26 6 73
0 1 1 24.1 73.0 23 c26 6 73
0 1 0 24.1 73.5 23 c26 6 73
0 1 0 24.1 73.5 23 c26 6 73
0 1 0 24.1 73.5 23 c26 6 73
0 1 2 24.1 73.5 23 c26 6 73
0 1 2 24.1 74.0 23 c26 6 73
0 1 2 24.1 74.5 23 c26 6 73
0 1 0 24.2 74.5 23 c26 6 73
0 1 0 24.2 74.5 23 c26 6 73
0 1 0 24.3 75.0 23 c26 6 73
0 1 0 24.3 75.0 23 c26 6 73
0 1 2 24.3 75.0 23 c26 6 73
0 1 0 24.3 75.0 23 c26 6 73
0 1 0 24.4 75.0 23 c26 6 73
0 1 0 24.3 75.5 23 c26 6 73
0 1 7 24.4 75.5 23 c26 6 73
0 1 0 24.4 75.5 23 c26 6 73
0 1 0 24.4 75.5 23 c26 6 73
0 1 0 24.4 75.5 23 c26 6 73
0 1 1 24.4 76.0 23 c26 6 73
0 1 0 24.5 76.0 23 c26 6 73
0 1 3 24.4 76.0 23 c26 6 73
0 1 5 24.5 76.0 23 c26 6 73
0 1 3 24.5 76.0 23 c26 6 73
0 1 1 24.5 75.5 23 c26 6 73
0 1 0 24.5 74.5 23 c26 6 73
0 1 0 24.4 73.5 23 c26 6 73
0 1 0 24.4 73.0 23 c26 6 73
0 1 4 24.3 72.5 23 c26 6 73
0 1 0 24.2 72.0 23 c26 6 73
0 1 0 24.1 71.5 23 c26 6 73
0 1 0 24.0 71.0 23 c26 6 73
0 1 2 24.0 70.5 23 c26 6 73
0 1 0 23.9 70.0 23 c26 6 73
0 1 0 23.9 69.5 23 c26 6 73
0 1 9 23.9 69.5 23 c26 6 73
0 1 3 23.8 69.0 23 c26 6 73
0 1 0 23.8 69.0 23 c26 6 73
0 1 1 23.7 69.5 23 c26 6 73
0 1 0 23.8 70.5 23 c26 6 73
0 1 0 23.9 71.0 23 c26 6 73
0 1 0 23.9 71.0 23 c26 6 73
0 1 2 24.0 71.5 23 c26 6 73
0 1 3 23.9 72.0 23 c26 6 73
0 1 0 24.0 72.0 23 c26 6 73
0 1 0 23.9 72.5 23 c26 6 73
0 1 0 24.0 73.0 23 c26 6 73
0 1 0 24.0 73.0 23 c26 6 73
0 1 0 24.0 73.5 23 c26 6 73
0 1 0 24.1 73.5 23 c26 6 73
0 1 2 24.1 74.0 23 c26 6 73
0 1 0 24.1 74.0 23 c26 6 73
0 1 32 24.2 74.5 21 c26 6 73
0 1 30 24.2 74.5 2 c26 6 73
0 1 0 24.2 74.5 2 c26 0 73
0 1 0 24.2 74.5 2 c26 0 73
0 1 0 24.2 74.5 2 c26 0 73
0 1 0 24.3 74.5 2 c26 0 73
0 1 0 24.4 74.5 2 c26 0 73
0 1 0 24.4 74.5 2 c26 0 73
0 1 0 24.4 74.5 2 c26 0 73
0 1 0 24.4 74.5 2 c26 0 73
0 1 0 24.4 74.5 2 c26 0 73
0 1 0 24.5 74.5 2 c26 0 73
0 1 0 24.5 74.5 2 c26 0 73
0 1 0 24.5 74.5 2 c26 0 73
0 1 0 24.5 74.5 2 c26 0 73
0 1 0 24.5 74.5 2 c26 0 73
0 1 0 24.5 74.5 2 c26 0 73
0 1 0 24.5 74.5 2 c26 0 73
0 1 0 24.6 74.5 2 c26 0 73
0 1 0 24.6 74.5 2 c26 0 73
0 1 0 24.6 74.5 2 c26 0 73
0 1 0 24.6 75.0 2 c26 0 73
0 1 0 24.7 75.0 2 c26 0 73
0 1 0 24.7 75.0 2 c26 0 73
0 1 0 24.7 75.0 2 c26 0 73
0 1 0 24.7 75.0 2 c26 0 73
0 1 0 24.7 75.0 2 c26 0 73
0 1 0 24.7 75.0 2 c26 0 73
0 1 0 24.7 75.0 2 c26 0 73
0 1 0 24.8 75.0 2 c26 0 73
0 1 0 24.7 75.0 2 c26 0 73
0 1 0 24.8 75.0 2 c26 0 73
0 1 0 24.7 75.0 2 c26 0 73
0 1 0 24.9 75.0 2 c26 0 73
0 1 0 24.9 75.0 2 c26 0 73
0 1 0 24.9 75.0 2 c26 0 73
0 1 0 24.8 75.0 2 c26 0 73
0 1 0 24.9 75.0 2 c26 0 73
0 1 0 24.9 75.0 2 c26 0 73
0 1 0 24.9 75.0 2 c26 0 73
0 1 0 24.9 75.0 2 c26 0 73
0 1 0 24.9 75.0 2 c26 0 73
0 1 0 24.9 75.0 2 c26 0 73
0 1 0 24.9 75.0 2 c26 0 73
0 1 0 24.9 75.0 2 c26 0 73
0 1 0 25.0 75.0 2 c26 0 73
0 1 0 25.0 75.0 2 c26 0 73
0 1 0 25.0 75.0 2 c26 0 73
0 1 0 25.0 75.0 2 c26 0 73
0 1 0 25.0 75.0 2 c26 0 73
0 1 0 25.1 75.0 2 c26 0 73
0 1 0 25.1 75.0 2 c26 0 73
0 1 0 25.1 75.0 2 c26 0 73
0 1 0 25.1 75.0 2 c26 0 73
0 1 0 25.0 75.0 2 c26 0 73
0 1 0 25.1 75.0 2 c26 0 73
0 1 0 25.0 75.0 2 c26 0 73
0 1 0 25.1 75.0 2 c26 0 73
0 1 0 25.1 75.0 2 c26 0 73
0 1 0 25.1 75.0 2 c26 0 73
0 1 0 25.1 75.0 2 c26 0 73
0 1 0 25.1 75.0 2 c26 0 73
0 1 0 25.1 75.0 2 c26 0 73
0 1 0 25.2 75.0 2 c26 0 73
0 1 0 25.2 75.0 2 c26 0 73
0 1 0 25.1 75.0 2 c26 0 73
0 1 0 25.2 75.0 2 c26 0 73
0 1 0 25.2 75.0 2 c26 0 73
0 1 0 25.2 75.0 2 c26 0 73
0 1 0 25.2 75.0 2 c26 0 73
0 1 0 25.2 75.0 2 c26 0 73
0 1 0 25.3 75.0 2 c26 0 73
0 1 0 25.2 75.0 2 c26 0 73
0 1 0 25.3 75.0 2 c26 0 73
0 1 0 25.2 75.0 2 c26 0 73
0 1 0 25.3 75.0 2 c26 0 73
0 1 0 25.3 75.0 2 c26 0 73
0 1 0 25.3 75.0 2 c26 0 73
0 1 0 25.3 75.0 2 c26 0 73
0 1 0 25.3 75.0 2 c26 0 73
0 1 0 25.3 75.5 2 c26 0 73
0 1 0 25.3 75.5 2 c26 0 73
0 1 0 25.3 75.5 2 c26 0 73
0 1 0 25.3 75.5 2 c26 0 73
0 1 0 25.3 75.5 2 c26 0 73
0 1 0 25.4 75.5 2 c26 0 73
0 1 0 25.3 75.5 2 c26 0 73
0 1 0 25.4 75.0 2 c26 0 73
0 1 0 25.4 75.5 2 c26 0 73
0 1 0 25.3 75.5 2 c26 0 73
0 1 0 25.3 75.5 2 c26 0 73
0 1 0 25.4 75.5 2 c26 0 73
0 1 0 25.3 75.5 2 c26 0 73
0 1 0 25.4 75.5 2 c26 0 73
0 1 0 25.4 75.5 2 c26 0 73
0 1 0 25.4 75.5 2 c26 0 73
0 1 0 25.4 75.5 2 c26 0 73
0 1 0 25.5 75.5 2 c26 0 73
0 1 0 25.4 75.5 2 c26 0 73
0 1 0 25.4 75.5 2 c26 0 73
0 1 0 25.5 75.5 2 c26 0 73
0 1 0 25.5 75.5 2 c26 0 73
0 1 0 25.4 75.5 2 c26 0 73
0 1 0 25.5 75.5 2 c26 0 73
0 1 0 25.5 75.5 2 c26 0 73
0 1 0 25.5 75.5 2 c26 0 73
0 1 0 25.5 75.5 2 c26 0 73
0 1 0 25.5 75.5 2 c26 0 73
0 1 0 25.6 75.5 2 c26 0 73
0 1 0 25.5 75.5 2 c26 0 73
0 1 0 25.5 75.5 2 c26 0 73
0 1 0 25.6 75.5 2 c26 0 73
0 1 0 25.5 75.5 2 c26 0 73
0 1 0 25.5 75.5 2 c26 0 73
0 1 0 25.5 75.5 2 c26 0 73
0 1 0 25.5 75.5 2 c26 0 73
