0 1 0 27.3 74.0 2 -1 0 -1
0 1 0 27.2 74.0 2 -1 0 -1
0 1 0 27.2 74.0 2 -1 0 -1
0 1 0 27.2 74.0 2 -1 0 -1
0 1 0 27.2 74.0 2 -1 0 -1
0 1 0 27.2 74.0 2 -1 0 -1
0 1 0 27.2 74.0 2 -1 0 -1
0 1 0 27.2 74.0 2 -1 0 -1
0 1 0 27.2 74.0 2 -1 0 -1
0 1 0 27.2 74.0 2 -1 0 -1
0 1 0 27.3 74.0 2 -1 0 -1
0 1 0 27.2 74.0 2 -1 0 -1
0 1 0 27.3 74.0 2 -1 0 -1
0 1 0 27.3 74.0 2 -1 0 -1
0 1 0 27.3 74.0 2 -1 0 -1
0 1 0 27.3 74.0 2 -1 0 -1
0 1 0 27.2 73.5 2 -1 0 -1
0 1 0 27.3 74.0 2 -1 0 -1
0 1 0 27.2 74.0 2 -1 0 -1
0 1 0 27.3 74.0 2 -1 0 -1
0 1 0 27.2 74.0 2 -1 0 -1
0 1 0 27.3 74.0 2 -1 0 -1
0 1 0 27.2 74.0 2 -1 0 -1
0 1 0 27.3 74.0 2 -1 0 -1
0 1 0 27.3 74.0 2 -1 0 -1
0 1 0 27.3 74.0 2 -1 0 -1
0 1 0 27.3 74.0 2 -1 0 -1
0 1 0 27.3 74.0 2 -1 0 -1
0 1 0 27.3 74.0 2 -1 0 -1
0 1 0 27.3 74.0 2 -1 0 -1
0 1 0 27.3 74.0 2 -1 0 -1
0 1 0 27.3 74.0 2 -1 0 -1
0 1 0 27.3 74.0 2 -1 0 -1
0 1 0 27.3 74.0 2 -1 0 -1
0 1 0 27.3 74.0 2 -1 0 -1
0 1 0 27.3 74.0 2 -1 0 -1
0 1 0 27.3 74.0 2 -1 0 -1
0 1 0 27.2 74.0 2 -1 0 -1
0 1 0 27.3 74.0 2 -1 0 -1
0 1 0 27.3 74.0 2 -1 0 -1
0 1 0 27.4 74.0 2 -1 0 -1
0 1 0 27.3 74.0 2 -1 0 -1
0 1 0 27.3 74.0 2 -1 0 -1
0 1 0 27.3 74.0 2 -1 0 -1
0 1 0 27.3 74.0 2 -1 0 -1
0 1 0 27.3 74.0 2 -1 0 -1
0 1 0 27.4 74.0 2 -1 0 -1
0 1 0 27.3 74.0 2 -1 0 -1
0 1 0 27.3 74.0 2 -1 0 -1
0 1 0 27.4 74.0 2 -1 0 -1
0 1 0 27.3 74.0 2 -1 0 -1
0 1 0 27.3 74.0 2 -1 0 -1
0 1 0 27.3 74.0 2 -1 0 -1
0 1 0 27.3 74.0 2 -1 0 -1
0 1 0 27.3 74.0 2 -1 0 -1
0 1 0 27.3 74.0 2 -1 0 -1
0 1 0 27.3 74.0 2 -1 0 -1
0 1 0 27.3 74.0 2 -1 0 -1
0 1 0 27.3 74.0 2 -1 0 -1
0 1 0 27.3 74.0 2 -1 0 -1
0 1 0 27.3 74.0 2 -1 0 -1
0 1 0 27.4 74.0 2 -1 0 -1
0 1 0 27.3 74.0 2 -1 0 -1
0 1 0 27.3 74.0 2 -1 0 -1
0 1 0 27.3 74.0 2 -1 0 -1
0 1 0 27.4 74.0 2 -1 0 -1
0 1 0 27.3 74.0 2 -1 0 -1
0 1 0 27.3 74.0 2 -1 0 -1
0 1 0 27.3 74.0 2 -1 0 -1
0 1 0 27.4 74.0 2 -1 0 -1
0 1 0 27.3 74.0 2 -1 0 -1
0 1 0 27.4 74.0 2 -1 0 -1
0 1 0 27.3 74.0 2 -1 0 -1
0 1 0 27.4 74.0 2 -1 0 -1
0 1 0 27.4 74.0 2 -1 0 -1
0 1 0 27.4 74.0 2 -1 0 -1
0 1 0 27.4 74.0 2 -1 0 -1
0 1 0 27.3 74.0 2 -1 0 -1
0 1 0 27.3 74.0 2 -1 0 -1
0 1 0 27.3 74.0 2 -1 0 -1
0 1 0 27.4 74.0 2 -1 0 -1
0 1 0 27.4 74.0 2 -1 0 -1
0 1 0 27.4 74.0 2 -1 0 -1
0 1 0 27.3 74.0 2 -1 0 -1
0 1 0 27.3 74.0 2 -1 0 -1
0 1 0 27.4 74.0 2 -1 0 -1
0 1 0 27.4 74.0 2 -1 0 -1
0 1 0 27.4 74.0 2 -1 0 -1
0 1 0 27.3 74.0 2 -1 0 -1
0 1 0 27.4 74.0 2 -1 0 -1
0 1 0 27.4 74.0 2 -1 0 -1
0 1 0 27.4 74.0 2 -1 0 -1
0 1 0 27.4 74.0 2 -1 0 -1
0 1 0 27.3 74.0 2 -1 0 -1
0 1 0 27.4 74.0 2 -1 0 -1
0 1 0 27.3 74.0 2 -1 0 -1
0 1 0 27.4 74.0 2 -1 0 -1
0 1 0 27.4 74.0 2 -1 0 -1
0 1 0 27.3 74.0 2 -1 0 -1
0 1 0 27.4 74.0 2 -1 0 -1
0 1 0 27.4 74.0 2 -1 0 -1
0 1 0 27.4 74.0 2 -1 0 -1
0 1 0 27.4 74.0 2 -1 0 -1
0 1 0 27.4 74.0 2 -1 0 -1
0 1 0 27.3 74.0 2 -1 0 -1
0 1 0 27.3 74.0 2 -1 0 -1
0 1 0 27.4 74.0 2 -1 0 -1
0 1 0 27.3 74.0 2 -1 0 -1
0 1 0 27.4 74.0 2 -1 0 -1
0 1 0 27.5 74.0 2 -1 0 -1
0 1 0 27.3 74.0 2 -1 0 -1
0 1 0 27.4 74.0 2 -1 0 -1
0 1 0 27.4 74.0 2 -1 0 -1
0 1 0 27.3 74.0 2 -1 0 -1
0 1 0 27.4 74.0 2 -1 0 -1
0 1 0 27.4 74.0 2 -1 0 -1
0 1 0 27.4 74.0 2 -1 0 -1
0 1 0 27.4 74.0 2 -1 0 -1
0 1 0 27.4 74.0 2 -1 0 -1
0 1 0 27.4 74.0 2 -1 0 -1
0 1 0 27.4 74.0 2 -1 0 -1
0 1 0 27.5 74.0 2 -1 0 -1
0 1 0 27.4 74.0 2 -1 0 -1
0 1 0 27.4 74.0 2 -1 0 -1
0 1 0 27.4 74.5 2 -1 0 -1
0 1 0 27.4 74.0 2 -1 0 -1
0 1 0 27.4 74.0 2 -1 0 -1
0 1 0 27.4 74.0 2 -1 0 -1
0 1 0 27.4 74.0 2 -1 0 -1
0 1 0 27.4 74.0 2 -1 0 -1
0 1 0 27.4 74.0 2 -1 0 -1
0 1 0 27.4 74.0 2 -1 0 -1
0 1 0 27.4 74.0 2 -1 0 -1
0 1 0 27.4 74.0 2 -1 0 -1
0 1 0 27.5 74.5 2 -1 0 -1
0 1 0 27.4 74.0 2 -1 0 -1
0 1 0 27.4 74.0 2 -1 0 -1
0 1 0 27.4 74.5 2 -1 0 -1
0 1 0 27.5 74.5 2 -1 0 -1
0 1 0 27.4 74.0 2 -1 0 -1
0 1 0 27.4 74.5 2 -1 0 -1
0 1 0 27.4 74.0 2 -1 0 -1
0 1 0 27.5 74.0 2 -1 0 -1
0 1 0 27.4 74.5 2 -1 0 -1
0 1 0 27.4 74.0 2 -1 0 -1
0 1 0 27.4 74.5 2 -1 0 -1
0 1 0 27.4 74.5 2 -1 0 -1
0 1 0 27.4 74.5 2 -1 0 -1
0 1 0 27.4 74.5 2 -1 0 -1
0 1 0 27.5 74.0 2 -1 0 -1
0 1 0 27.4 74.0 2 -1 0 -1
0 1 0 27.4 74.5 2 -1 0 -1
0 1 0 27.5 74.0 2 -1 0 -1
0 1 0 27.5 74.5 2 -1 0 -1
0 1 0 27.4 74.0 2 -1 0 -1
0 1 0 27.4 74.0 2 -1 0 -1
0 1 0 27.5 74.5 2 -1 0 -1
0 1 0 27.4 74.5 2 -1 0 -1
0 1 0 27.4 74.0 2 -1 0 -1
0 1 0 27.4 74.5 2 -1 0 -1
0 1 0 27.4 74.0 2 -1 0 -1
0 1 0 27.4 74.5 2 -1 0 -1
0 1 0 27.4 74.0 2 -1 0 -1
0 1 0 27.4 74.0 2 -1 0 -1
0 1 0 27.4 74.5 2 -1 0 -1
0 1 0 27.5 74.5 2 -1 0 -1
0 1 0 27.5 74.5 2 -1 0 -1
0 1 0 27.5 74.5 2 -1 0 -1
0 1 0 27.5 74.0 2 -1 0 -1
0 1 0 27.4 74.5 2 -1 0 -1
0 1 0 27.4 74.5 2 -1 0 -1
0 1 0 27.4 74.5 2 -1 0 -1
0 1 0 27.5 74.5 2 -1 0 -1
0 1 0 27.4 74.0 2 -1 0 -1
0 1 0 27.5 74.0 2 -1 0 -1
0 1 0 27.4 74.5 2 -1 0 -1
0 1 0 27.5 74.5 2 -1 0 -1
0 1 0 27.4 74.5 2 -1 0 -1
0 1 0 27.5 74.5 2 -1 0 -1
0 1 0 27.4 74.5 2 -1 0 -1
0 1 0 27.5 74.5 2 -1 0 -1
0 1 0 27.5 74.5 2 -1 0 -1
0 1 0 27.4 74.0 2 -1 0 -1
0 1 0 27.5 74.5 2 -1 0 -1
0 1 0 27.4 74.0 2 -1 0 -1
0 1 0 27.4 74.0 2 -1 0 -1
0 1 0 27.5 74.0 2 -1 0 -1
0 1 0 27.4 74.0 2 -1 0 -1
0 1 0 27.5 74.5 2 -1 0 -1
0 1 0 27.4 74.0 2 -1 0 -1
0 1 0 27.5 74.0 2 -1 0 -1
0 1 0 27.5 74.0 2 -1 0 -1
0 1 0 27.5 74.0 2 -1 0 -1
0 1 0 27.5 74.5 2 -1 0 -1
0 1 0 27.4 74.5 2 -1 0 -1
0 1 0 27.4 74.0 2 -1 0 -1
0 1 0 27.4 74.5 2 -1 0 -1
0 1 0 27.5 74.5 2 -1 0 -1
0 1 0 27.5 74.5 2 -1 0 -1
0 1 0 27.4 74.5 2 -1 0 -1
0 1 0 27.5 74.5 2 -1 0 -1
0 1 0 27.4 74.5 2 -1 0 -1
0 1 0 27.5 74.0 2 -1 0 -1
0 1 0 27.5 74.5 2 -1 0 -1
0 1 0 27.5 74.5 2 -1 0 -1
0 1 0 27.4 74.5 2 -1 0 -1
0 1 0 27.5 74.5 2 -1 0 -1
0 1 0 27.5 74.5 2 -1 0 -1
0 1 0 27.5 74.0 2 -1 0 -1
0 1 0 27.5 74.5 2 -1 0 -1
0 1 0 27.5 74.0 2 -1 0 -1
0 1 0 27.5 74.5 2 -1 0 -1
0 1 0 27.5 74.0 2 -1 0 -1
0 1 0 27.4 74.5 2 -1 0 -1
0 1 0 27.5 74.5 2 -1 0 -1
0 1 0 27.5 74.0 2 -1 0 -1
0 1 0 27.5 74.0 2 -1 0 -1
0 1 0 27.5 74.5 2 -1 0 -1
0 1 0 27.4 74.0 2 -1 0 -1
0 1 0 27.5 74.5 2 -1 0 -1
0 1 0 27.5 74.5 2 -1 0 -1
0 1 0 27.5 74.0 2 -1 0 -1
0 1 0 27.4 74.0 2 -1 0 -1
0 1 0 27.5 74.5 2 -1 0 -1
0 1 0 27.4 74.0 2 -1 0 -1
0 1 0 27.5 74.0 2 -1 0 -1
0 1 0 27.5 74.5 2 -1 0 -1
0 1 0 27.5 74.0 2 -1 0 -1
0 1 0 27.5 74.5 2 -1 0 -1
0 1 0 27.5 74.5 2 -1 0 -1
0 1 0 27.5 74.0 2 -1 0 -1
0 1 0 27.6 74.5 2 -1 0 -1
0 1 0 27.5 74.5 2 -1 0 -1
0 1 0 27.5 74.5 2 -1 0 -1
0 1 0 27.5 74.5 2 -1 0 -1
0 1 0 27.5 74.5 2 -1 0 -1
0 1 0 27.5 74.5 2 -1 0 -1
0 1 0 27.5 74.5 2 -1 0 -1
0 1 0 27.5 74.0 2 -1 0 -1
0 1 0 27.5 74.5 2 -1 0 -1
0 1 0 27.5 74.0 2 -1 0 -1
0 1 0 27.5 74.5 2 -1 0 -1
0 1 0 27.5 74.5 2 -1 0 -1
0 1 0 27.5 74.5 2 -1 0 -1
0 1 0 27.5 74.0 2 -1 0 -1
0 1 0 27.5 74.0 2 -1 0 -1
0 1 0 27.5 74.5 2 -1 0 -1
0 1 0 27.4 74.0 2 -1 0 -1
0 1 0 27.5 74.0 2 -1 0 -1
0 1 0 27.5 74.0 2 -1 0 -1
0 1 0 27.5 74.5 2 -1 0 -1
0 1 0 27.5 74.5 2 -1 0 -1
0 1 0 27.5 74.5 2 -1 0 -1
0 1 0 27.5 74.0 2 -1 0 -1
0 1 0 27.5 74.0 2 -1 0 -1
0 1 0 27.5 74.0 2 -1 0 -1
0 1 0 27.6 74.5 2 -1 0 -1
0 1 0 27.4 74.0 2 -1 0 -1
0 1 0 27.4 74.0 2 -1 0 -1
0 1 0 27.4 74.5 2 -1 0 -1
0 1 0 27.5 74.5 2 -1 0 -1
0 1 0 27.5 74.0 2 -1 0 -1
0 1 0 27.5 74.0 2 -1 0 -1
0 1 0 27.5 74.0 2 -1 0 -1
0 1 0 27.5 74.5 2 -1 0 -1
0 1 0 27.5 74.0 2 -1 0 -1
0 1 0 27.5 74.5 2 -1 0 -1
0 1 0 27.5 74.0 2 -1 0 -1
0 1 0 27.4 74.0 2 -1 0 -1
0 1 0 27.4 74.0 2 -1 0 -1
0 1 0 27.5 74.0 2 -1 0 -1
0 1 0 27.5 74.5 2 -1 0 -1
0 1 0 27.5 74.5 2 -1 0 -1
0 1 0 27.5 74.0 2 -1 0 -1
0 1 0 27.5 74.0 2 -1 0 -1
0 1 0 27.5 74.5 2 -1 0 -1
0 1 0 27.5 74.0 2 -1 0 -1
0 1 0 27.5 74.0 2 -1 0 -1
0 1 0 27.5 74.0 2 -1 0 -1
0 1 0 27.5 74.0 2 -1 0 -1
0 1 0 27.5 74.5 2 -1 0 -1
0 1 0 27.5 74.5 2 -1 0 -1
0 1 0 27.5 74.0 2 -1 0 -1
0 1 0 27.5 74.5 2 -1 0 -1
0 1 0 27.5 74.5 2 -1 0 -1
0 1 0 27.5 74.0 2 -1 0 -1
0 1 0 27.5 74.5 2 -1 0 -1
0 1 0 27.5 74.0 2 -1 0 -1
0 1 0 27.4 74.5 2 -1 0 -1
0 1 0 27.4 74.5 2 -1 0 -1
0 1 0 27.5 74.5 2 -1 0 -1
0 1 0 27.5 74.5 2 -1 0 -1
0 1 0 27.6 74.5 2 -1 0 -1
0 1 0 27.5 74.5 2 -1 0 -1
0 1 0 27.5 74.5 2 -1 0 -1
0 1 0 27.5 74.5 2 -1 0 -1
0 1 0 27.6 74.5 2 -1 0 -1
0 1 0 27.6 74.5 2 -1 0 -1
0 1 0 27.6 74.5 2 -1 0 -1
0 1 0 27.5 74.5 2 -1 0 -1
0 1 0 27.5 74.5 2 -1 0 -1
0 1 0 27.6 74.5 1 -1 0 -1
0 1 0 27.5 74.5 1 -1 0 -1
0 1 0 27.5 74.5 1 -1 0 -1
0 1 0 27.5 74.5 1 -1 0 -1
0 1 0 27.5 74.5 1 -1 0 -1
0 1 0 27.5 74.5 1 -1 0 -1
0 1 0 27.6 74.5 1 -1 0 -1
0 1 0 27.5 74.5 1 -1 0 -1
0 1 0 27.4 74.0 1 -1 0 -1
0 1 0 27.5 74.0 1 -1 0 -1
0 1 0 27.5 74.5 1 -1 0 -1
0 1 0 27.5 74.5 1 -1 0 -1
0 1 0 27.5 74.5 1 -1 0 -1
0 1 0 27.5 74.0 1 -1 0 -1
0 1 0 27.5 74.5 1 -1 0 -1
0 1 0 27.5 74.5 1 -1 0 -1
0 1 0 27.5 74.5 1 -1 0 -1
0 1 0 27.5 74.5 1 -1 0 -1
0 1 0 27.5 74.5 1 -1 0 -1
0 1 0 27.5 74.0 1 -1 0 -1
0 1 0 27.5 74.5 0 -1 0 -1
0 1 0 27.5 74.5 0 -1 0 -1
0 1 0 27.5 74.0 0 -1 0 -1
0 1 0 27.5 74.5 0 -1 0 -1
0 1 0 27.5 74.5 0 -1 0 -1
0 1 0 27.5 74.5 0 -1 0 -1
0 1 0 27.5 74.5 0 -1 0 -1
0 1 0 27.5 74.5 2 -1 0 -1
0 1 0 27.5 74.5 2 -1 0 -1
0 1 0 27.5 74.5 2 -1 0 -1
0 1 0 27.6 74.5 2 -1 0 -1
0 1 0 27.5 74.5 2 -1 0 -1
0 1 0 27.5 74.5 3 -1 0 -1
0 1 0 27.5 74.5 1 -1 0 -1
0 1 0 27.6 74.5 1 -1 0 -1
0 1 0 27.5 74.5 1 -1 0 -1
0 1 0 27.5 74.5 1 -1 0 -1
0 1 0 27.5 74.5 2 -1 0 -1
0 1 0 27.5 74.5 2 -1 0 -1
0 1 0 27.5 74.5 2 -1 0 -1
0 1 0 27.5 74.5 2 -1 0 -1
0 1 0 27.5 74.5 4 -1 0 -1
0 1 0 27.5 74.5 4 -1 0 -1
0 1 0 27.5 74.5 1 -1 0 -1
0 1 0 27.5 74.5 2 -1 0 -1
0 1 0 27.5 74.5 2 -1 0 -1
0 1 0 27.6 74.5 2 -1 0 -1
0 1 0 27.5 74.5 2 -1 0 -1
0 1 0 27.6 74.5 4 -1 0 -1
0 1 0 27.6 74.5 4 -1 0 -1
0 1 0 27.5 74.5 4 -1 0 -1
0 1 0 27.5 74.5 4 -1 0 -1
0 1 0 27.6 74.5 4 -1 0 -1
0 1 0 27.6 74.5 4 -1 0 -1
0 1 0 27.6 74.5 4 -1 0 -1
0 1 0 27.5 74.5 4 -1 0 -1
0 1 0 27.5 74.5 4 -1 0 -1
0 1 0 27.6 74.5 4 -1 0 -1
0 1 0 27.6 74.5 6 -1 0 -1
0 1 0 27.5 74.5 6 -1 0 -1
0 1 0 27.5 74.5 3 -1 0 -1
0 1 0 27.6 74.5 3 -1 0 -1
0 1 0 27.5 74.5 5 -1 0 -1
0 1 0 27.6 74.5 5 -1 0 -1
0 1 0 27.6 74.5 5 -1 0 -1
0 1 0 27.6 74.5 5 -1 0 -1
0 1 0 27.6 74.5 7 -1 0 -1
0 1 0 27.5 74.5 7 -1 0 -1
0 1 0 27.5 74.5 7 -1 0 -1
0 1 0 27.5 74.5 7 -1 0 -1
0 1 0 27.5 74.5 7 -1 0 -1
0 1 0 27.6 74.5 7 -1 0 -1
0 1 0 27.6 74.5 7 -1 0 -1
0 1 0 27.6 74.5 9 -1 0 -1
0 1 0 27.6 74.5 9 -1 0 -1
0 1 0 27.6 74.5 9 -1 0 -1
0 1 0 27.6 74.5 5 -1 0 -1
0 1 0 27.6 74.5 5 -1 0 -1
0 1 0 27.6 74.5 7 -1 0 -1
0 1 0 27.6 74.5 7 -1 0 -1
0 1 0 27.6 74.5 7 -1 0 -1
0 1 0 27.6 74.5 7 -1 0 -1
0 1 0 27.5 74.5 7 -1 0 -1
0 1 0 27.6 74.5 9 -1 0 -1
0 1 0 27.5 74.5 9 -1 0 -1
0 1 0 27.6 74.5 9 -1 0 -1
0 1 0 27.6 74.5 16 -1 0 -1
0 1 0 27.5 74.5 19 -1 0 -1
0 1 0 27.6 74.5 14 -1 0 -1
0 1 0 27.6 74.5 11 -1 0 -1
0 1 0 27.7 74.5 9 -1 0 -1
0 1 0 27.6 74.5 9 -1 0 -1
0 1 0 27.6 74.5 11 -1 0 -1
0 1 0 27.6 74.5 14 -1 0 -1
0 1 0 27.6 74.5 18 -1 0 -1
0 1 0 27.6 74.5 19 -1 0 -1
0 1 0 27.6 74.5 25 -1 0 -1
0 1 0 27.6 74.5 35 -1 0 -1
0 1 0 27.6 74.5 30 -1 0 -1
0 1 0 27.6 74.5 28 -1 0 -1
0 1 0 27.6 74.5 35 -1 0 -1
0 1 0 27.6 74.5 38 -1 0 -1
0 1 0 27.7 74.5 40 -1 0 -1
0 1 0 27.7 74.5 44 -1 0 -1
0 1 0 27.6 74.5 45 -1 0 -1
0 1 0 27.6 74.5 45 -1 0 -1
0 1 0 27.6 74.5 45 -1 0 -1
0 1 0 27.6 74.5 42 -1 0 -1
0 1 0 27.7 74.5 30 -1 0 -1
0 1 0 27.6 74.5 28 -1 0 -1
0 1 0 27.7 74.5 34 -1 0 -1
0 1 0 27.6 74.5 44 -1 0 -1
0 1 0 27.7 74.5 49 -1 0 -1
0 1 0 27.6 74.5 49 -1 0 -1
0 1 0 27.7 74.5 44 -1 0 -1
0 1 0 27.7 74.5 37 -1 0 -1
0 1 0 27.7 74.5 41 -1 0 -1
0 1 0 27.6 74.5 39 -1 0 -1
0 1 0 27.7 74.5 40 -1 0 -1
0 1 0 27.7 74.5 49 -1 0 -1
0 1 0 27.7 74.5 40 -1 0 -1
0 1 0 27.7 74.5 42 -1 0 -1
0 1 0 27.7 74.5 35 -1 0 -1
0 1 0 27.7 74.5 32 -1 0 -1
0 1 0 27.7 74.5 30 -1 0 -1
0 1 0 27.7 74.5 34 -1 0 -1
0 1 0 27.8 74.5 30 -1 0 -1
0 1 0 27.7 74.5 33 -1 0 -1
0 1 0 27.7 74.5 46 -1 0 -1
0 1 0 27.7 74.5 33 -1 0 -1
0 1 0 27.8 74.5 32 -1 0 -1
0 1 0 27.8 74.5 32 -1 0 -1
0 1 0 27.8 74.5 35 -1 0 -1
0 1 0 27.8 74.5 35 -1 0 -1
0 1 0 27.8 74.5 33 -1 0 -1
0 1 0 27.8 74.5 32 -1 0 -1
0 1 0 27.8 74.5 35 -1 0 -1
0 1 0 27.7 74.5 32 -1 0 -1
0 1 0 27.8 74.5 33 -1 0 -1
0 1 0 27.8 74.5 32 -1 0 -1
0 1 0 27.8 74.5 28 -1 0 -1
0 1 0 27.8 74.5 26 -1 0 -1
0 1 0 27.8 74.5 23 -1 0 -1
0 1 0 27.8 74.5 21 -1 0 -1
0 1 0 27.8 74.5 21 -1 0 -1
0 1 0 27.8 74.5 23 -1 0 -1
0 1 0 27.8 74.5 25 -1 0 -1
0 1 0 27.8 74.5 35 -1 0 -1
0 1 0 27.8 74.5 38 -1 0 -1
0 1 0 27.8 74.5 37 -1 0 -1
0 1 0 27.9 74.5 28 -1 0 -1
0 1 0 27.9 74.5 26 -1 0 -1
0 1 0 27.8 74.5 26 -1 0 -1
0 1 0 27.9 74.5 30 -1 0 -1
0 1 0 27.8 74.5 37 -1 0 -1
0 1 0 27.9 74.5 38 -1 0 -1
0 1 0 27.8 74.5 47 -1 0 -1
0 1 0 27.9 74.5 47 -1 0 -1
0 1 0 27.9 74.5 47 -1 0 -1
0 1 0 27.9 74.5 44 -1 0 -1
0 1 0 27.9 74.5 42 -1 0 -1
0 1 0 27.9 74.5 34 -1 0 -1
0 1 0 28.0 74.5 32 -1 0 -1
0 1 0 27.9 74.5 30 -1 0 -1
0 1 0 28.0 74.5 30 -1 0 -1
0 1 0 28.0 74.5 32 -1 0 -1
0 1 0 27.9 74.5 39 -1 0 -1
0 1 0 27.9 74.5 50 -1 0 -1
0 1 0 27.9 74.5 51 -1 0 -1
0 1 0 27.9 74.5 47 -1 0 -1
0 1 0 28.0 74.5 49 -1 0 -1
0 1 0 28.0 75.0 56 -1 0 -1
0 1 0 27.9 75.0 54 -1 0 -1
0 1 0 28.0 75.0 52 -1 0 -1
0 1 0 28.0 75.0 53 -1 0 -1
0 1 0 28.0 75.0 32 -1 0 -1
0 1 0 28.0 75.0 30 -1 0 -1
0 1 0 28.0 75.0 30 -1 0 -1
0 1 0 28.0 75.0 28 -1 0 -1
0 1 0 28.0 75.0 28 -1 0 -1
0 1 0 28.0 75.0 30 -1 0 -1
0 1 0 28.0 75.0 35 -1 0 -1
0 1 0 28.0 75.0 45 -1 0 -1
0 1 0 28.1 75.0 45 -1 0 -1
0 1 0 28.1 75.0 39 -1 0 -1
0 1 0 28.1 75.0 33 -1 0 -1
0 1 0 28.1 75.0 30 -1 0 -1
0 1 0 28.1 75.0 28 -1 0 -1
0 1 0 28.1 75.0 28 -1 0 -1
0 1 0 28.1 75.0 30 -1 0 -1
0 1 0 28.1 75.0 33 -1 0 -1
0 1 0 28.1 75.0 35 -1 0 -1
0 1 0 28.1 75.0 45 -1 0 -1
0 1 0 28.1 75.0 39 -1 0 -1
0 1 0 28.1 75.0 33 -1 0 -1
0 1 0 28.1 75.0 35 -1 0 -1
0 1 0 28.2 75.0 37 -1 0 -1
0 1 0 28.2 75.0 37 -1 0 -1
0 1 0 28.2 75.0 40 -1 0 -1
0 1 0 28.1 75.0 40 -1 0 -1
0 1 0 28.2 75.5 43 -1 0 -1
0 1 0 28.2 75.5 42 -1 0 -1
0 1 0 28.2 75.5 45 -1 0 -1
0 1 0 28.2 75.5 42 -1 0 -1
0 1 0 28.2 75.5 40 -1 0 -1
0 1 0 28.2 75.5 40 -1 0 -1
0 1 0 28.2 75.5 40 -1 0 -1
0 1 0 28.1 75.5 37 -1 0 -1
0 1 0 28.2 75.5 37 -1 0 -1
0 1 0 28.2 75.5 33 -1 0 -1
0 1 0 28.2 75.5 37 -1 0 -1
0 1 0 28.2 75.5 37 -1 0 -1
0 1 0 28.2 75.5 42 -1 0 -1
0 1 0 28.3 75.5 40 -1 0 -1
0 1 0 28.2 75.5 35 -1 0 -1
0 1 0 28.3 75.5 37 -1 0 -1
0 1 0 28.2 75.5 35 -1 0 -1
0 1 0 28.3 75.5 35 -1 0 -1
0 1 0 28.3 75.5 31 -1 0 -1
0 1 0 28.3 75.5 31 -1 0 -1
0 1 0 28.2 75.5 32 -1 0 -1
0 1 0 28.3 75.5 30 -1 0 -1
0 1 0 28.3 75.5 28 -1 0 -1
0 1 0 28.3 75.5 30 -1 0 -1
0 1 0 28.3 75.5 28 -1 0 -1
0 1 0 28.4 75.5 26 -1 0 -1
0 1 0 28.3 75.5 26 -1 0 -1
0 1 0 28.3 75.5 28 -1 0 -1
0 1 0 28.3 75.5 26 -1 0 -1
0 1 0 28.3 75.5 26 -1 0 -1
0 1 0 28.4 75.5 26 -1 0 -1
0 1 0 28.3 75.5 24 -1 0 -1
0 1 0 28.3 75.5 24 -1 0 -1
0 1 0 28.3 75.5 24 -1 0 -1
0 1 0 28.4 75.5 24 -1 0 -1
0 1 0 28.3 75.5 24 -1 0 -1
0 1 0 28.4 75.5 24 -1 0 -1
0 1 0 28.4 75.5 24 -1 0 -1
0 1 0 28.4 75.5 24 -1 0 -1
0 1 0 28.4 75.5 24 c26 0 -1
0 1 10 28.3 75.0 24 c26 0 -1
0 1 0 28.3 74.0 26 c26 0 -1
0 1 0 28.2 73.0 26 c26 0 -1
0 1 0 28.0 71.5 24 c26 0 -1
0 1 0 28.0 71.5 24 c26 0 -1
0 1 0 27.7 69.5 24 c26 0 -1
0 1 0 27.6 68.5 24 c26 0 -1
0 1 0 27.5 68.0 24 c26 0 -1
0 1 0 27.3 67.5 21 c26 0 -1
0 1 0 27.3 66.5 21 c26 0 -1
0 1 0 27.1 66.5 21 c26 0 -1
0 1 0 27.0 65.5 24 c26 0 -1
0 1 0 26.9 65.0 24 c26 0 -1
0 1 0 26.8 64.5 26 c26 0 -1
0 1 0 26.7 63.5 22 c26 0 -1
0 1 0 26.7 63.5 24 c26 0 -1
0 1 0 26.6 63.0 24 c26 0 -1
0 1 0 26.6 62.5 24 c26 0 -1
0 1 0 26.5 62.0 24 c26 0 -1
0 1 0 26.3 61.5 24 c26 0 -1
0 1 0 26.2 61.5 28 c26 0 -1
0 1 0 26.1 61.0 26 c26 0 -1
0 1 0 26.2 61.0 26 c26 0 -1
0 1 0 26.0 60.5 28 c26 0 -1
0 1 0 25.9 60.5 28 c26 0 -1
0 1 0 25.9 60.5 28 c26 0 -1
0 1 0 25.8 60.0 24 c26 0 -1
0 1 0 25.8 60.0 26 c26 0 -1
0 1 0 25.7 60.0 26 c26 0 -1
0 1 0 25.7 59.5 26 c26 0 -1
0 1 0 25.7 59.5 28 c26 0 -1
0 1 0 25.6 59.5 28 c26 0 -1
0 1 0 25.6 59.5 28 c26 0 -1
0 1 0 25.5 59.0 28 c26 0 -1
0 1 0 25.4 59.0 28 c26 0 -1
0 1 0 25.4 59.0 26 c26 0 -1
0 1 0 25.4 59.0 26 c26 0 -1
0 1 0 25.3 59.0 28 c26 0 -1
0 1 0 25.3 59.0 31 c26 0 -1
0 1 0 25.3 59.0 31 c26 0 -1
0 1 0 25.3 59.0 31 c26 0 -1
0 1 0 25.2 59.0 31 c26 0 -1
0 1 0 25.2 58.5 31 c26 0 -1
0 1 0 25.2 58.5 28 c26 0 -1
0 1 0 25.1 58.5 26 c26 0 -1
0 1 0 25.1 58.5 26 c26 0 -1
0 1 0 25.0 58.5 28 c26 0 -1
0 1 0 25.0 58.5 24 c26 0 -1
0 1 0 25.0 58.5 26 c26 0 -1
0 1 0 25.0 58.5 26 c26 0 -1
0 1 0 24.9 58.5 26 c26 0 -1
0 1 0 24.9 58.5 24 c26 0 -1
0 1 0 24.9 58.5 24 c26 0 -1
0 1 0 24.8 58.5 24 c26 0 -1
0 1 0 24.8 58.5 24 c26 0 -1
0 1 0 24.8 58.5 24 c26 0 -1
0 1 0 24.7 58.0 22 c26 0 -1
0 1 0 24.7 58.5 22 c26 0 -1
0 1 0 24.6 58.5 22 c26 0 -1
0 1 0 24.7 58.5 26 c26 0 -1
0 1 0 24.6 58.5 26 c26 0 -1
0 1 0 24.6 58.0 26 c26 0 -1
0 1 0 24.6 58.0 24 c26 0 -1
0 1 0 24.6 58.0 24 c26 0 -1
0 1 0 24.5 58.0 24 c26 0 -1
0 1 0 24.5 58.0 21 c26 0 -1
0 1 0 24.5 58.0 21 c26 0 -1
0 1 0 24.4 58.0 21 c26 0 -1
0 1 0 24.3 57.5 21 c26 0 -1
0 1 0 24.4 58.0 19 c26 0 -1
0 1 0 24.4 57.5 23 c26 0 -1
0 1 0 24.3 57.5 21 c26 0 -1
0 1 0 24.3 58.0 21 c26 0 -1
0 1 0 24.3 57.5 21 c26 0 -1
0 1 0 24.3 57.5 21 c26 0 -1
0 1 0 24.3 57.5 21 c26 0 -1
0 1 0 24.3 58.0 21 c26 0 -1
0 1 0 24.3 58.0 23 c26 0 -1
0 1 0 24.3 58.0 23 c26 0 -1
0 1 0 24.2 58.0 19 c26 0 -1
0 1 0 24.2 58.0 21 c26 0 -1
0 1 0 24.2 58.0 21 c26 0 -1
0 1 0 24.2 58.0 24 c26 0 -1
0 1 0 24.1 57.5 22 c26 0 -1
0 1 0 24.0 57.5 22 c26 0 -1
0 1 0 24.1 57.0 24 c26 0 -1
0 1 0 24.0 57.0 24 c26 0 -1
0 1 0 24.0 57.0 26 c26 0 -1
0 1 0 23.9 57.0 26 c26 0 -1
0 1 0 23.9 56.5 26 c26 0 -1
0 1 0 23.8 56.5 24 c26 0 -1
0 1 0 23.9 56.5 24 c26 0 -1
0 1 0 23.8 56.5 24 c26 0 -1
0 1 1 23.8 56.5 24 c26 0 -1
0 1 0 23.7 56.5 24 c26 0 -1
0 1 17 23.8 56.5 49 c26 6 -1
0 1 0 23.8 56.5 47 c26 6 -1
0 1 0 23.8 56.5 47 c26 6 -1
0 1 0 23.8 57.0 45 c26 6 -1
0 1 0 23.7 57.0 45 c26 6 -1
0 1 6 23.8 57.0 43 c26 6 -1
0 1 0 23.7 57.5 47 c26 6 -1
0 1 0 23.8 57.5 45 c26 6 -1
0 1 0 23.8 57.0 43 c26 6 -1
0 1 0 23.7 57.5 43 c26 6 -1
0 1 0 23.8 57.0 46 c26 6 -1
0 1 0 23.8 57.5 44 c26 6 -1
0 1 0 23.8 57.5 44 c26 6 -1
0 1 0 23.8 57.5 42 c26 6 -1
0 1 0 23.7 57.5 40 c26 6 -1
0 1 0 23.7 57.5 40 c26 6 -1
0 1 0 23.7 57.5 44 c26 6 -1
0 1 0 23.7 57.5 42 c26 6 -1
0 1 0 23.7 57.5 42 c26 6 -1
0 1 0 23.7 57.5 40 c26 6 -1
0 1 0 23.7 57.5 40 c26 6 -1
0 1 0 23.7 57.5 38 c26 6 -1
0 1 0 23.7 57.5 42 c26 6 -1
0 1 5 23.6 57.5 42 c26 6 -1
0 1 0 23.6 57.0 42 -1 6 -1
1 1 44 23.6 57.0 33 -1 6 -1
0 1 25 23.6 57.5 36 -1 6 -1
0 1 3 23.6 58.0 36 -1 6 -1
0 1 3 23.7 58.0 36 -1 6 -1
0 1 1 23.9 58.5 36 -1 6 -1
0 1 3 23.9 59.0 36 -1 6 -1
0 1 6 24.1 60.0 36 -1 6 -1
0 1 0 24.1 60.0 36 -1 6 -1
0 1 2 24.2 60.5 38 -1 6 -1
0 1 5 24.3 60.5 38 -1 6 -1
0 1 4 24.4 61.5 38 -1 6 -1
0 1 2 24.4 62.0 40 -1 6 -1
0 1 0 24.5 62.5 40 -1 6 -1
0 1 1 24.6 62.5 36 -1 6 -1
0 1 0 24.6 63.0 36 -1 6 -1
0 1 1 24.7 63.0 38 -1 6 -1
0 1 0 24.7 63.5 38 -1 6 -1
0 1 0 24.8 63.5 38 -1 6 -1
0 1 0 24.9 63.5 38 -1 6 -1
0 1 1 24.9 64.0 38 -1 6 -1
0 1 0 25.0 64.0 38 -1 6 -1
0 1 2 25.0 64.0 38 -1 6 -1
0 1 3 25.1 64.5 38 -1 6 -1
0 1 0 25.1 64.5 40 -1 6 -1
0 1 0 25.1 65.0 40 -1 6 -1
0 1 0 25.2 65.0 40 -1 6 -1
0 1 0 25.2 65.0 40 -1 6 -1
0 1 0 25.3 65.5 40 -1 6 -1
0 1 8 25.3 65.5 40 -1 6 -1
0 1 0 25.4 65.5 40 -1 6 -1
0 1 0 25.4 65.5 38 -1 6 -1
0 1 0 25.5 65.5 38 -1 6 -1
0 1 2 25.5 66.0 40 -1 6 -1
0 1 0 25.6 66.0 40 -1 6 -1
0 1 1 25.6 66.0 40 -1 6 -1
0 1 2 25.6 66.0 42 -1 6 -1
0 1 0 25.7 66.5 42 -1 6 -1
0 1 4 25.7 66.5 38 -1 6 -1
0 1 2 25.8 66.5 41 -1 6 -1
0 1 0 25.7 66.5 43 -1 6 -1
0 1 1 25.8 66.5 43 -1 6 -1
0 1 6 25.8 66.5 43 -1 6 -1
0 1 14 25.9 66.5 43 -1 6 -1
0 1 3 26.0 67.0 43 -1 6 -1
0 1 0 25.9 67.0 43 -1 6 -1
0 1 8 26.0 67.0 43 -1 6 -1
0 1 4 26.0 67.5 45 -1 6 -1
0 1 0 26.0 67.5 45 -1 6 -1
0 1 4 26.0 67.5 41 -1 6 -1
0 1 13 26.2 68.0 43 -1 6 -1
0 1 6 26.1 68.0 43 -1 6 -1
0 1 20 26.2 68.0 41 -1 6 -1
0 1 7 26.2 68.0 43 -1 6 -1
0 1 5 26.2 68.0 43 -1 6 -1
0 1 0 26.3 68.0 45 -1 6 -1
0 1 0 26.3 68.0 45 -1 6 -1
0 1 0 26.3 68.0 45 -1 6 -1
0 1 0 26.3 68.0 45 -1 6 -1
0 1 0 26.4 68.0 45 -1 6 -1
0 1 0 26.4 68.0 47 -1 6 -1
0 1 0 26.4 68.0 47 -1 6 -1
0 1 0 26.5 68.0 47 -1 6 -1
0 1 6 26.4 68.0 21 -1 6 -1
0 1 0 26.5 68.5 22 -1 0 -1
0 1 0 26.5 69.0 22 -1 0 -1
0 1 0 26.5 69.0 22 -1 0 -1
0 1 0 26.5 69.5 22 -1 0 -1
0 1 0 26.5 69.5 22 -1 0 -1
0 1 0 26.6 69.5 22 -1 0 -1
0 1 0 26.6 69.0 24 -1 0 -1
0 1 0 26.6 69.0 24 -1 0 -1
0 1 0 26.6 69.0 24 -1 0 -1
0 1 0 26.6 68.5 24 -1 0 -1
0 1 0 26.7 68.5 26 -1 0 -1
0 1 0 26.6 68.5 26 -1 0 -1
0 1 0 26.6 68.5 22 -1 0 -1
0 1 0 26.7 68.5 24 -1 0 -1
0 1 0 26.6 68.5 24 -1 0 -1
0 1 0 26.6 68.5 24 -1 0 -1
0 1 0 26.7 68.5 24 -1 0 -1
0 1 0 26.7 68.5 24 -1 0 -1
0 1 0 26.7 68.5 24 -1 0 -1
0 1 0 26.7 69.0 24 -1 0 -1
0 1 0 26.7 68.5 22 -1 0 -1
0 1 0 26.8 68.5 26 -1 0 -1
0 1 0 26.8 69.0 24 -1 0 -1
0 1 0 26.7 69.0 24 -1 0 -1
0 1 0 26.8 69.5 24 -1 0 -1
0 1 0 26.8 69.5 22 -1 0 -1
0 1 0 26.8 69.5 22 -1 0 -1
0 1 0 26.8 70.0 22 -1 0 -1
0 1 0 26.8 70.5 24 -1 0 -1
0 1 0 26.9 70.5 24 c26 0 -1
0 1 8 26.9 70.5 19 c26 0 -1
0 1 6 26.9 70.0 4 c26 0 8
0 1 0 26.9 69.0 2 c26 0 8
0 1 0 26.8 68.0 2 c26 0 8
0 1 0 26.7 67.0 2 c26 0 8
0 1 0 26.6 66.0 2 c26 0 8
0 1 0 26.5 65.5 1 c26 0 8
0 1 0 26.3 64.5 1 c26 0 8
0 1 0 26.2 63.5 1 c26 0 8
0 1 4 26.1 63.5 1 c26 0 8
0 1 3 26.1 62.5 2 c26 0 8
0 1 0 26.0 62.0 2 c26 0 8
0 1 0 25.9 62.0 2 c26 0 8
0 1 0 25.9 61.0 2 c26 0 8
0 1 0 25.7 60.5 2 c26 0 8
0 1 0 25.8 60.5 2 c26 0 8
0 1 0 25.6 60.0 2 c26 0 8
0 1 0 25.6 60.0 2 c26 0 8
0 1 0 25.5 59.5 2 c26 0 8
0 1 0 25.4 59.0 2 c26 0 8
0 1 0 25.4 59.0 2 c26 0 8
0 1 0 25.4 59.0 2 c26 0 8
0 1 0 25.3 58.5 2 c26 0 8
0 1 0 25.3 58.5 2 c26 0 8
0 1 0 25.2 58.5 2 c26 0 8
0 1 0 25.1 58.0 2 c26 0 8
0 1 0 25.1 58.0 2 c26 0 8
0 1 0 25.1 58.0 2 c26 0 8
0 1 0 25.0 57.5 2 c26 0 8
0 1 0 25.1 57.5 2 c26 0 8
0 1 0 25.0 57.5 2 c26 0 8
0 1 0 25.0 57.5 2 c26 0 8
0 1 0 24.8 57.5 2 c26 0 8
0 1 0 24.9 57.5 2 c26 0 8
0 1 0 24.8 57.5 2 c26 0 8
0 1 0 24.9 57.5 2 c26 0 8
0 1 2 24.8 57.5 2 c26 0 8
0 1 0 24.7 57.5 2 c26 0 8
0 1 0 24.7 57.5 2 c26 0 8
0 1 0 24.7 57.0 2 c26 0 8
0 1 0 24.7 57.0 2 c26 0 8
0 1 0 24.6 57.0 2 c26 0 8
0 1 0 24.6 57.0 2 c26 0 8
0 1 0 24.6 56.5 2 c26 0 8
0 1 0 24.6 56.5 2 c26 0 8
0 1 0 24.5 56.5 2 c26 0 8
0 1 1 24.5 56.5 2 c26 0 8
0 1 1 24.5 56.5 2 c26 0 8
0 1 0 24.5 56.5 2 c26 0 8
0 1 0 24.5 56.0 2 c26 0 8
0 1 0 24.3 56.0 2 c26 0 8
0 1 0 24.3 56.0 2 c26 0 8
0 1 0 24.3 56.0 2 c26 0 8
0 1 0 24.3 56.0 2 c26 0 8
0 1 0 24.3 55.5 2 c26 0 8
0 1 0 24.3 56.0 4 c26 0 8
0 1 0 24.2 56.0 4 c26 0 8
0 1 0 24.3 56.0 4 c26 0 8
0 1 0 24.2 56.0 4 c26 0 8
0 1 0 24.2 56.0 2 c26 0 8
0 1 0 24.2 56.0 2 c26 0 8
0 1 0 24.2 56.0 2 c26 0 8
0 1 0 24.2 56.0 2 c26 0 8
0 1 0 24.2 56.0 2 c26 0 8
0 1 0 24.1 56.0 4 c26 0 8
0 1 0 24.2 56.0 4 c26 0 8
0 1 0 24.1 56.0 4 c26 0 8
0 1 1 24.1 56.0 4 c26 0 8
0 1 0 24.1 56.0 4 c26 0 8
0 1 0 24.2 56.0 4 c26 0 8
0 1 0 24.1 56.0 2 c26 0 8
0 1 0 24.0 56.0 2 c26 0 8
0 1 1 24.1 56.0 2 c26 0 8
0 1 0 24.1 56.0 2 c26 0 8
0 1 1 24.1 56.0 2 c26 0 8
0 1 1 24.0 56.0 2 c26 0 8
0 1 0 24.0 56.0 2 c26 0 8
0 1 0 24.0 56.0 2 c26 0 8
0 1 0 24.0 56.0 2 c26 0 8
0 1 0 24.0 56.0 2 c26 0 8
0 1 0 24.0 56.0 2 c26 0 8
0 1 0 24.1 56.0 2 c26 0 8
0 1 0 24.0 56.0 2 c26 0 8
0 1 0 23.9 56.0 2 c26 0 8
0 1 0 24.0 55.5 2 c26 0 8
0 1 0 23.9 55.5 2 c26 0 8
0 1 4 23.9 55.5 9 -1 0 8
0 1 15 23.9 55.0 22 -1 0 77
0 1 0 23.9 55.5 20 -1 0 77
0 1 0 23.9 56.0 19 -1 0 77
0 1 0 24.0 56.0 17 -1 0 77
0 1 0 24.0 56.0 15 -1 0 77
0 1 0 24.1 56.0 17 -1 0 77
0 1 0 24.2 56.0 15 -1 0 77
0 1 0 24.3 56.5 15 -1 0 77
0 1 0 24.4 57.0 12 -1 0 77
0 1 7 24.5 57.5 16 -1 0 77
0 1 2 24.5 58.0 14 -1 0 77
0 1 17 24.6 58.0 14 -1 0 77
0 1 0 24.6 59.0 14 -1 0 77
0 1 0 24.7 59.5 14 -1 0 77
0 1 0 24.8 59.5 14 -1 0 77
0 1 0 24.8 59.5 14 -1 0 77
0 1 0 24.9 60.0 14 -1 0 77
0 1 0 24.9 60.0 14 -1 0 77
0 1 0 25.0 60.5 16 -1 0 77
0 1 0 24.9 60.5 16 c26 0 77
0 1 0 25.0 60.5 16 c26 0 77
0 1 44 25.1 61.0 38 c26 6 77
0 1 14 25.1 60.0 36 c26 6 77
0 1 0 25.1 59.5 36 c26 6 77
0 1 0 25.0 59.5 36 c26 6 77
0 1 0 25.0 59.0 36 c26 6 77
0 1 0 24.8 58.5 38 c26 6 77
0 1 0 24.8 58.0 38 c26 6 77
0 1 3 24.7 57.5 38 c26 6 77
0 1 0 24.7 57.0 38 c26 6 77
0 1 0 24.6 57.0 38 c26 6 77
0 1 0 24.5 56.5 38 c26 6 77
0 1 0 24.5 56.5 38 c26 6 77
0 1 0 24.5 56.0 36 c26 6 77
0 1 0 24.4 56.0 36 c26 6 77
0 1 0 24.3 55.5 36 c26 6 77
0 1 0 24.3 55.0 36 c26 6 77
0 1 0 24.3 55.0 37 c26 6 77
0 1 0 24.2 55.0 37 c26 6 77
0 1 0 24.1 55.0 37 c26 6 77
0 1 0 24.2 55.0 35 c26 6 77
0 1 0 24.1 54.5 35 c26 6 77
0 1 0 24.1 54.5 35 c26 6 77
0 1 0 24.1 54.0 33 c26 6 77
0 1 1 24.0 54.5 35 c26 6 77
0 1 0 24.0 54.5 35 c26 6 77
0 1 5 23.9 54.5 37 c26 6 77
0 1 0 24.0 54.0 37 c26 6 77
0 1 0 24.0 54.0 37 c26 6 77
0 1 0 23.9 54.0 37 c26 6 77
0 1 0 23.9 54.0 37 c26 6 77
0 1 6 23.8 53.5 37 c26 6 77
0 1 2 23.8 54.0 37 c26 6 77
0 1 4 23.8 53.5 37 c26 6 77
0 1 2 23.7 53.5 37 c26 6 77
0 1 4 23.7 53.5 34 c26 6 77
0 1 1 23.7 53.5 36 c26 6 77
0 1 0 23.7 53.5 36 c26 6 77
0 1 0 23.7 53.5 36 c26 6 77
0 1 0 23.7 53.0 36 c26 6 77
0 1 0 23.6 53.5 36 c26 6 77
0 1 0 23.6 53.0 36 c26 6 77
0 1 0 23.6 53.5 36 c26 6 77
0 1 0 23.5 53.5 36 c26 6 77
0 1 0 23.5 53.0 38 c26 6 77
0 1 0 23.6 53.5 36 c26 6 77
0 1 0 23.5 54.0 36 c26 6 77
0 1 0 23.5 55.0 36 c26 6 77
0 1 0 23.6 56.0 36 c26 6 77
0 1 2 23.6 57.0 37 c26 6 77
0 1 0 23.7 57.5 37 c26 6 77
0 1 0 23.8 58.0 35 c26 6 77
0 1 2 23.8 59.0 35 c26 6 77
0 1 0 23.9 59.5 37 c26 6 77
0 1 0 23.9 60.0 37 c26 6 77
0 1 0 24.0 60.5 37 c26 6 77
0 1 0 24.1 61.0 35 c26 6 77
0 1 0 24.1 61.5 35 c26 6 77
0 1 0 24.2 61.5 35 c26 6 77
0 1 10 24.3 62.0 37 c26 6 77
0 1 6 24.3 62.5 37 c26 6 77
0 1 9 24.4 62.5 35 c26 6 77
0 1 8 24.4 63.0 33 c26 6 77
0 1 3 24.4 62.5 33 c26 6 77
0 1 6 24.4 62.0 33 c26 6 77
0 1 8 24.3 61.0 35 c26 6 77
0 1 15 24.3 60.5 35 c26 6 77
0 1 10 24.2 60.0 35 c26 6 77
0 1 6 24.2 59.0 33 c26 6 77
0 1 0 24.1 59.0 33 c26 6 77
0 1 5 24.1 58.5 31 c26 6 77
0 1 3 24.0 58.0 35 c26 6 77
0 1 1 24.0 57.5 33 c26 6 77
0 1 4 24.0 57.0 33 c26 6 77
0 1 2 23.9 56.5 33 c26 6 77
0 1 0 23.9 56.0 31 c26 6 77
0 1 0 23.8 56.0 31 c26 6 77
0 1 0 23.9 55.5 31 c26 6 77
0 1 0 23.8 55.5 32 c26 6 77
0 1 0 23.7 55.5 32 c26 6 77
0 1 7 23.8 55.0 32 c26 6 77
0 1 2 23.8 55.0 30 c26 6 77
0 1 3 23.8 55.0 30 c26 6 77
0 1 8 23.7 55.0 30 c26 6 77
0 1 0 23.7 55.0 30 c26 6 77
0 1 2 23.7 55.0 30 c26 6 77
0 1 3 23.7 55.0 30 c26 6 77
0 1 2 23.7 55.0 30 c26 6 77
0 1 0 23.7 55.0 30 c26 6 77
0 1 1 23.6 55.0 30 c26 6 77
0 1 1 23.7 54.5 32 c26 6 77
0 1 4 23.7 55.0 32 c26 6 77
0 1 2 23.7 55.0 32 c26 6 77
0 1 5 23.7 55.0 30 c26 6 77
0 1 1 23.7 55.0 30 c26 6 77
0 1 0 23.7 55.0 30 c26 6 77
0 1 0 23.7 55.0 30 c26 6 77
0 1 1 23.8 55.0 30 c26 6 77
0 1 4 23.7 54.5 30 c26 6 77
0 1 1 23.7 54.5 30 c26 6 77
0 1 0 23.7 54.0 32 c26 6 77
0 1 11 23.7 54.0 30 c26 6 77
0 1 0 23.6 54.0 30 c26 6 77
0 1 0 23.6 54.0 29 c26 6 77
0 1 0 23.6 54.0 31 c26 6 77
0 1 0 23.6 54.0 29 c26 6 77
0 1 51 23.5 54.0 26 c26 6 77
0 1 24 23.6 54.5 28 c26 6 77
0 1 14 23.7 55.0 28 c26 6 77
0 1 13 23.8 55.0 30 c26 6 77
0 1 8 23.8 55.0 29 c26 6 77
0 1 4 23.9 55.0 29 c26 6 77
0 1 5 23.9 55.0 31 c26 6 77
0 1 32 23.9 55.0 30 c26 6 77
0 1 25 24.0 55.5 28 c26 6 77
0 1 4 24.0 55.5 28 c26 6 77
0 1 21 24.0 55.5 26 c26 6 77
0 1 4 24.1 55.0 26 c26 6 77
0 1 18 24.1 55.0 26 c26 6 77
0 1 21 24.0 55.0 26 c26 6 77
0 1 26 24.1 55.5 26 c26 6 77
0 1 40 24.2 55.0 30 c26 6 77
0 1 25 24.2 55.5 28 c26 6 77
0 1 22 24.2 55.5 28 c26 6 77
0 1 34 24.2 55.0 28 c26 6 77
0 1 26 24.2 55.0 28 c26 6 77
0 1 44 24.1 55.0 26 c26 6 77
0 1 25 24.2 55.0 26 c26 6 77
0 1 35 24.2 55.0 26 c26 6 77
0 1 36 24.3 55.0 26 c26 6 77
0 1 24 24.3 55.0 26 c26 6 77
0 1 44 24.3 55.0 26 c26 6 77
0 1 28 24.3 54.5 26 c26 6 77
0 1 25 24.2 55.0 26 c26 6 77
0 1 34 24.2 54.5 26 c26 6 77
0 1 21 24.3 54.5 26 c26 6 77
0 1 33 24.3 54.5 26 c26 6 77
0 1 25 24.3 55.0 24 c26 6 77
1 1 22 24.3 55.0 7 c26 0 77
1 1 0 24.3 55.5 7 c26 0 77
1 1 0 24.3 56.0 7 c26 0 77
1 1 0 24.3 56.5 7 c26 0 77
1 1 0 24.3 56.5 7 c26 0 77
1 1 0 24.3 57.0 7 c26 0 77
1 1 0 24.2 57.0 5 c26 0 77
1 1 0 24.2 57.0 5 c26 0 77
1 1 0 24.3 57.0 5 c26 0 77
1 1 0 24.2 57.0 5 c26 0 77
1 1 0 24.2 57.0 5 c26 0 77
1 1 0 24.2 57.5 5 c26 0 77
1 1 0 24.2 57.5 3 c26 0 77
1 1 0 24.3 57.5 3 c26 0 77
1 1 0 24.2 57.5 3 c26 0 77
1 1 0 24.2 57.5 3 c26 0 77
1 1 0 24.2 57.5 3 c26 0 77
1 1 0 24.2 57.5 3 c26 0 77
1 1 0 24.1 57.5 6 c26 0 77
1 1 0 24.1 57.5 4 c26 0 77
1 1 0 24.1 57.5 4 c26 0 77
1 1 0 24.1 57.5 4 c26 0 77
1 1 0 24.1 57.5 4 c26 0 77
1 1 0 24.1 57.5 4 c26 0 77
1 1 0 24.1 57.5 4 c26 0 77
1 1 0 24.1 57.5 4 c26 0 77
1 1 0 24.1 57.5 4 c26 0 77
1 1 0 24.0 57.5 4 c26 0 77
1 1 0 24.0 57.5 4 c26 0 77
1 1 0 24.1 57.5 4 c26 0 77
1 1 0 24.1 57.5 4 c26 0 77
1 1 0 24.0 57.5 4 c26 0 77
1 1 0 24.0 58.0 4 c26 0 77
1 1 0 24.0 57.5 4 c26 0 77
1 1 0 23.9 57.5 2 c26 0 77
1 1 0 23.9 57.5 2 c26 0 77
1 1 0 23.9 57.5 2 c26 0 77
1 1 0 23.9 57.5 2 c26 0 77
1 1 0 23.9 57.5 2 c26 0 77
1 1 0 23.9 57.5 2 c26 0 77
1 1 0 23.9 57.5 2 c26 0 77
1 1 0 23.9 57.5 2 c26 0 77
1 1 0 23.9 57.5 2 c26 0 77
1 1 0 23.8 57.5 2 c26 0 77
1 1 0 23.9 57.5 2 c26 0 77
1 1 0 23.8 57.5 1 c26 0 77
1 1 0 23.9 57.5 1 c26 0 77
1 1 0 23.9 57.5 1 c26 0 77
1 1 0 23.9 57.5 4 c26 0 77
1 1 0 23.8 57.5 4 c26 0 77
1 1 0 23.8 57.5 4 c26 0 77
1 1 0 23.8 57.5 4 c26 0 77
1 1 0 23.8 57.0 4 c26 0 77
1 1 0 23.8 57.0 4 c26 0 77
1 1 0 23.7 57.5 4 c26 0 77
1 1 0 23.7 57.5 2 c26 0 77
1 1 0 23.7 57.0 2 c26 0 77
1 1 0 23.7 57.0 2 c26 0 77
1 1 0 23.8 57.5 2 c26 0 77
1 1 0 23.8 57.0 2 c26 0 77
1 1 0 23.7 57.0 2 c26 0 77
1 1 0 23.7 57.0 2 c26 0 77
1 1 0 23.8 57.0 2 c26 0 77
1 1 0 23.8 57.0 2 c26 0 77
1 1 0 23.7 57.0 2 c26 0 77
1 1 0 23.8 57.0 1 c26 0 77
1 1 0 23.7 57.0 1 c26 0 77
1 1 0 23.7 57.0 1 c26 0 77
1 1 0 23.7 57.0 1 c26 0 77
1 1 0 23.8 57.0 1 c26 0 77
1 1 0 23.7 57.0 1 c26 0 77
1 1 0 23.8 57.0 1 c26 0 77
1 1 0 23.7 57.0 1 c26 0 77
1 1 0 23.7 57.0 1 c26 0 77
1 1 0 23.7 57.0 1 c26 0 77
0 1 0 23.7 57.0 1 c26 0 77
0 1 0 23.7 57.0 1 c26 0 77
0 1 0 23.7 56.5 1 c26 0 77
0 1 0 23.7 56.0 2 c26 0 77
0 1 0 23.6 56.0 2 c26 0 77
0 1 0 23.5 56.0 2 c26 0 77
0 1 0 23.5 56.5 2 c26 0 77
0 1 0 23.6 57.5 2 c26 0 77
0 1 0 23.6 58.0 2 c26 0 77
0 1 0 23.7 59.0 2 c26 0 77
0 1 0 23.7 59.5 2 c26 0 77
0 1 0 23.8 60.0 2 c26 0 77
0 1 0 23.8 60.5 2 c26 0 77
0 1 0 23.9 61.0 2 c26 0 77
0 1 0 23.9 61.5 2 c26 0 77
0 1 0 23.9 62.0 2 c26 0 77
0 1 0 24.0 62.5 2 c26 0 77
0 1 0 24.0 63.0 0 c26 0 77
0 1 0 24.1 63.5 0 c26 0 77
0 1 0 24.1 63.5 0 c26 0 77
0 1 0 24.2 64.0 0 c26 0 77
0 1 0 24.2 64.5 0 c26 0 77
0 1 0 24.2 64.5 0 c26 0 77
0 1 0 24.3 65.0 0 c26 0 77
0 1 0 24.3 65.0 0 c26 0 77
0 1 0 24.3 65.5 0 c26 0 77
0 1 0 24.4 65.5 0 c26 0 77
0 1 0 24.4 65.5 0 c26 0 77
0 1 0 24.4 64.5 0 c26 0 77
0 1 0 24.3 64.0 0 c26 0 77
0 1 0 24.2 63.0 0 c26 0 77
0 1 0 24.2 62.0 0 c26 0 77
0 1 0 24.1 61.5 0 c26 0 77
0 1 0 24.0 60.5 0 c26 0 77
0 1 0 23.9 60.5 0 c26 0 77
0 1 0 23.8 60.0 0 c26 0 77
0 1 0 23.8 60.0 0 c26 0 77
0 1 0 23.8 60.5 0 c26 0 77
0 1 0 23.9 61.5 0 c26 0 77
0 1 0 23.9 62.0 0 c26 0 77
0 1 0 23.9 62.5 0 c26 0 77
0 1 0 23.9 63.0 1 c26 0 77
0 1 0 24.0 63.5 1 c26 0 77
0 1 24 24.0 64.0 12 c26 0 77
0 1 15 24.0 64.5 23 c26 6 77
0 1 0 24.1 64.5 23 c26 6 77
0 1 5 24.2 65.0 23 c26 6 77
0 1 8 24.2 65.5 21 c26 6 77
0 1 8 24.2 65.5 21 c26 6 77
0 1 0 24.3 66.0 21 c26 6 77
0 1 0 24.3 66.0 25 c26 6 77
0 1 2 24.4 66.5 25 c26 6 77
0 1 0 24.5 66.5 25 c26 6 77
0 1 0 24.4 66.0 25 c26 6 77
0 1 0 24.5 65.5 25 c26 6 77
0 1 0 24.4 65.0 25 c26 6 77
0 1 0 24.3 64.0 25 c26 6 77
0 1 4 24.2 63.0 25 c26 6 77
0 1 0 24.2 62.5 25 c26 6 77
0 1 0 24.1 62.0 25 c26 6 77
0 1 0 24.0 61.5 25 -1 6 77
0 1 0 24.0 60.5 25 -1 6 77
0 1 15 23.9 60.0 25 -1 6 77
0 1 0 23.9 60.0 25 -1 6 77
0 1 4 23.9 60.0 23 -1 6 77
0 1 0 24.0 60.0 25 -1 6 77
0 1 3 24.0 60.0 23 -1 6 77
0 1 5 24.0 60.0 23 -1 6 77
0 1 2 24.1 60.0 23 -1 6 77
0 1 0 24.1 60.0 23 -1 6 77
0 1 8 24.3 60.0 23 -1 6 77
0 1 0 24.3 60.0 23 -1 6 77
0 1 0 24.3 60.5 23 -1 6 77
0 1 0 24.4 60.5 23 -1 6 77
0 1 0 24.5 60.5 23 -1 6 77
0 1 6 24.5 61.0 23 -1 6 77
0 1 4 24.6 61.0 23 -1 6 77
0 1 1 24.6 61.0 23 -1 6 77
0 1 0 24.6 61.0 23 -1 6 77
0 1 2 24.7 61.5 23 -1 6 77
0 1 3 24.7 61.5 23 -1 6 77
0 1 2 24.7 61.5 23 -1 6 77
0 1 0 24.7 62.0 23 -1 6 77
0 1 0 24.8 62.0 23 -1 6 77
0 1 8 24.8 62.0 23 -1 6 77
0 1 2 24.9 62.0 23 -1 6 77
0 1 10 24.9 62.0 23 -1 6 77
0 1 3 24.9 62.0 23 -1 6 77
0 1 4 25.1 62.5 23 -1 6 77
0 1 0 25.1 62.5 23 -1 6 77
0 1 4 25.0 62.0 23 -1 6 77
0 1 0 25.1 62.0 23 -1 6 77
0 1 0 25.0 62.5 23 -1 6 77
0 1 1 25.1 62.5 23 -1 6 77
0 1 3 25.1 62.5 23 -1 6 77
0 1 0 25.2 62.5 23 -1 6 77
0 1 7 25.2 62.5 23 -1 6 77
0 1 19 25.2 62.5 23 -1 6 77
0 1 23 25.2 62.5 23 -1 6 77
0 1 0 25.2 63.0 23 -1 6 77
0 1 7 25.3 62.5 23 -1 6 77
0 1 17 25.3 63.0 23 -1 6 77
0 1 0 25.3 63.0 23 -1 6 77
0 1 6 25.4 63.0 23 -1 6 77
0 1 0 25.3 63.0 23 -1 6 77
0 1 0 25.4 63.5 23 -1 6 77
0 1 0 25.4 63.5 23 -1 6 77
0 1 1 25.5 63.5 23 -1 6 77
0 1 3 25.4 63.5 23 -1 6 77
0 1 0 25.5 63.5 23 -1 6 77
0 1 11 25.5 63.5 23 -1 6 77
0 1 26 25.5 63.5 23 -1 6 77
0 1 10 25.6 63.5 23 -1 6 77
0 1 1 25.5 63.5 23 -1 6 77
0 1 2 25.6 63.5 23 -1 6 77
0 1 11 25.6 63.5 23 -1 6 77
0 1 4 25.6 64.0 23 -1 6 77
0 1 4 25.6 63.5 23 -1 6 77
0 1 0 25.6 64.0 23 -1 6 77
0 1 9 25.7 64.0 23 -1 6 77
0 1 3 25.7 64.0 23 -1 6 77
0 1 1 25.7 64.0 23 -1 6 77
0 1 5 25.8 64.0 23 -1 6 77
0 1 1 25.8 64.0 23 -1 6 77
0 1 5 25.8 64.0 23 -1 6 77
0 1 12 25.8 64.0 23 -1 6 77
0 1 2 25.8 64.0 23 -1 6 77
0 1 0 25.9 64.0 23 -1 6 77
0 1 3 25.9 64.0 23 -1 6 77
0 1 0 25.8 64.0 23 -1 6 77
0 1 2 25.8 64.0 23 -1 6 77
0 1 0 25.9 64.0 23 -1 6 77
0 1 0 25.9 64.5 23 -1 6 77
0 1 0 25.9 64.5 23 -1 6 77
0 1 4 25.9 64.5 23 -1 6 77
0 1 5 25.9 64.5 23 -1 6 77
0 1 8 25.9 64.5 23 -1 6 77
0 1 9 26.0 64.5 23 -1 6 77
0 1 0 25.9 64.5 23 -1 6 77
0 1 4 26.0 64.5 23 -1 6 77
0 1 5 26.0 65.0 23 -1 6 77
0 1 2 26.0 65.0 23 -1 6 77
0 1 0 26.0 65.0 23 -1 6 77
0 1 0 26.1 65.0 23 -1 6 77
0 1 0 26.1 65.0 23 -1 6 77
0 1 10 26.1 65.0 23 -1 6 77
0 1 0 26.1 65.0 23 -1 6 77
0 1 0 26.1 65.5 23 -1 6 77
0 1 12 26.1 65.5 23 -1 6 77
0 1 7 26.2 65.5 23 -1 6 77
0 1 10 26.2 65.0 23 -1 6 77
0 1 0 26.2 65.5 23 -1 6 77
0 1 7 26.1 65.0 23 -1 6 77
0 1 1 26.2 65.0 23 -1 6 77
0 1 0 26.2 65.0 23 -1 6 77
0 1 0 26.3 65.0 23 -1 6 77
0 1 0 26.2 65.0 23 -1 6 77
0 1 0 26.2 65.0 23 -1 6 77
0 1 12 26.2 65.0 23 -1 6 77
0 1 8 26.2 65.0 23 -1 6 77
0 1 10 26.2 65.0 23 -1 6 77
0 1 0 26.2 65.0 23 -1 6 77
0 1 5 26.3 65.0 23 -1 6 77
0 1 10 26.3 65.0 23 -1 6 77
0 1 5 26.3 65.0 23 -1 6 77
0 1 8 26.2 65.0 23 -1 6 77
0 1 4 26.3 65.0 23 -1 6 77
0 1 4 26.3 65.0 23 -1 6 77
0 1 2 26.3 65.0 23 -1 6 77
0 1 7 26.3 65.0 23 -1 6 77
0 1 15 26.3 64.5 23 -1 6 77
0 1 7 26.3 64.5 23 -1 6 77
0 1 11 26.3 64.5 23 -1 6 77
0 1 2 26.3 64.5 23 -1 6 77
0 1 0 26.3 64.5 23 -1 6 77
0 1 0 26.3 64.5 23 -1 6 77
0 1 11 26.3 64.5 23 -1 6 77
0 1 11 26.4 64.5 23 -1 6 77
0 1 8 26.3 64.5 23 -1 6 77
0 1 3 26.3 64.5 23 -1 6 77
0 1 18 26.3 64.5 23 -1 6 77
0 1 0 26.3 64.5 23 -1 6 77
0 1 0 26.3 64.5 23 -1 6 77
0 1 0 26.3 64.5 23 -1 6 77
0 1 0 26.3 64.5 23 -1 6 77
0 1 0 26.3 64.0 23 -1 6 77
0 1 0 26.3 64.0 23 c26 6 77
0 1 43 26.3 63.5 23 c26 6 77
0 1 4 26.2 63.5 23 c26 6 77
0 1 11 26.2 62.5 23 c26 6 77
0 1 8 26.1 62.0 23 c26 6 77
0 1 9 26.0 61.0 23 c26 6 77
0 1 0 25.8 60.5 23 c26 6 77
0 1 0 25.7 59.5 23 c26 6 77
0 1 0 25.6 59.5 23 c26 6 77
0 1 11 25.5 59.0 23 c26 6 77
0 1 0 25.4 58.5 23 c26 6 77
0 1 0 25.3 57.5 23 c26 6 77
0 1 5 25.2 57.0 23 c26 6 77
0 1 0 25.1 56.5 23 c26 6 77
0 1 0 25.0 56.5 23 c26 6 77
0 1 3 24.9 56.0 23 c26 6 77
0 1 2 24.8 56.0 23 c26 6 77
0 1 8 24.8 55.5 23 c26 6 77
0 1 0 24.7 55.5 23 c26 6 77
0 1 1 24.6 55.0 23 c26 6 77
0 1 2 24.6 55.0 23 c26 6 77
0 1 2 24.5 55.0 23 c26 6 77
0 1 1 24.4 54.5 23 c26 6 77
0 1 0 24.4 54.5 23 c26 6 77
0 1 0 24.3 54.5 23 c26 6 77
0 1 4 24.3 54.0 23 c26 6 77
0 1 12 24.3 54.0 23 c26 6 77
0 1 6 24.2 54.0 23 c26 6 77
0 1 8 24.1 54.0 23 c26 6 77
0 1 0 24.1 53.5 23 c26 6 77
0 1 17 24.1 53.5 23 c26 6 77
0 1 3 24.0 53.5 23 c26 6 77
0 1 0 24.0 53.5 23 c26 6 77
0 1 11 23.9 53.5 23 c26 6 77
0 1 0 24.0 53.5 23 c26 6 77
0 1 0 23.8 53.5 23 c26 6 77
0 1 0 23.8 53.5 23 c26 6 77
0 1 0 23.8 53.0 23 c26 6 77
0 1 9 23.7 53.5 23 c26 6 77
0 1 5 23.8 53.0 23 c26 6 77
0 1 5 23.7 53.0 23 c26 6 77
0 1 5 23.6 53.0 23 c26 6 77
0 1 3 23.5 53.0 23 c26 6 77
0 1 4 23.6 53.0 23 c26 6 77
0 1 15 23.6 53.0 23 c26 6 77
0 1 5 23.6 53.5 23 c26 6 77
0 1 3 23.6 54.5 23 c26 6 77
0 1 40 23.6 55.5 23 c26 6 77
0 1 43 23.7 56.5 23 c26 6 77
0 1 24 23.7 57.5 23 c26 6 77
0 1 15 23.8 58.0 23 c26 6 77
0 1 3 23.8 58.5 23 c26 6 77
0 1 6 23.9 59.0 23 c26 6 77
0 1 2 23.9 60.0 23 c26 6 77
0 1 0 24.0 60.5 23 c26 6 77
0 1 8 24.1 61.0 23 c26 6 77
0 1 3 24.1 61.0 23 c26 6 77
0 1 3 24.2 61.5 23 c26 6 77
0 1 3 24.3 62.0 23 c26 6 77
0 1 2 24.3 62.0 23 c26 6 77
0 1 1 24.4 62.5 23 c26 6 77
0 1 2 24.4 63.0 23 c26 6 77
0 1 2 24.4 63.0 23 c26 6 77
0 1 4 24.4 62.0 23 c26 6 77
0 1 0 24.3 61.5 23 c26 6 77
0 1 3 24.3 61.0 23 c26 6 77
0 1 5 24.2 61.0 23 c26 6 77
0 1 20 24.2 60.5 23 -1 6 77
0 1 18 24.2 60.0 1 -1 0 77
0 1 0 24.1 60.0 1 -1 0 77
0 1 0 24.1 60.0 1 -1 0 77
0 1 0 24.2 60.0 1 -1 0 77
0 1 0 24.2 60.0 1 -1 0 77
0 1 0 24.3 60.0 1 -1 0 77
0 1 0 24.3 60.0 1 -1 0 77
0 1 0 24.4 60.0 1 -1 0 77
0 1 0 24.4 60.0 1 -1 0 77
0 1 0 24.5 60.0 1 -1 0 77
0 1 0 24.6 60.0 1 -1 0 77
0 1 0 24.6 60.0 1 -1 0 77
0 1 0 24.6 60.0 1 -1 0 77
0 1 0 24.6 60.5 1 -1 0 77
0 1 0 24.7 60.5 1 -1 0 77
0 1 0 24.8 61.0 1 -1 0 77
0 1 0 24.8 61.0 1 -1 0 77
0 1 0 24.9 61.5 1 -1 0 77
0 1 0 24.9 61.5 1 -1 0 77
0 1 0 24.9 62.0 1 -1 0 77
0 1 0 24.9 62.0 1 -1 0 77
0 1 0 25.0 62.0 2 -1 0 77
0 1 0 25.0 62.0 2 -1 0 77
0 1 0 25.2 62.5 2 -1 0 77
0 1 0 25.1 62.5 2 -1 0 77
0 1 0 25.2 62.5 2 -1 0 77
0 1 0 25.2 62.5 2 -1 0 77
0 1 0 25.2 63.0 2 -1 0 77
0 1 0 25.3 62.5 2 -1 0 77
0 1 0 25.2 63.0 2 -1 0 77
0 1 0 25.3 63.0 2 -1 0 77
0 1 0 25.3 63.0 2 -1 0 77
0 1 0 25.3 63.0 2 -1 0 77
0 1 0 25.4 63.0 2 -1 0 77
0 1 0 25.5 63.0 2 -1 0 77
0 1 0 25.4 63.0 2 -1 0 77
0 1 0 25.5 63.5 2 -1 0 77
0 1 0 25.6 63.5 2 -1 0 77
0 1 0 25.5 63.5 2 -1 0 77
0 1 0 25.6 63.5 2 -1 0 77
0 1 0 25.6 63.5 2 -1 0 77
0 1 0 25.6 63.5 2 -1 0 77
0 1 0 25.6 63.5 2 -1 0 77
0 1 0 25.6 64.0 2 -1 0 77
0 1 0 25.7 64.0 2 -1 0 77
0 1 0 25.7 64.0 2 -1 0 77
0 1 0 25.7 64.0 2 -1 0 77
0 1 0 25.8 64.0 2 -1 0 77
0 1 0 25.8 64.0 2 -1 0 77
0 1 0 25.8 64.0 2 -1 0 77
0 1 0 25.8 64.5 2 -1 0 77
0 1 0 25.8 64.5 2 -1 0 77
0 1 0 25.9 64.5 2 -1 0 77
0 1 0 25.9 64.5 2 -1 0 77
0 1 0 25.9 64.5 2 -1 0 77
0 1 0 25.9 64.5 2 -1 0 77
0 1 0 26.0 64.5 2 -1 0 77
0 1 0 26.0 64.5 2 -1 0 77
0 1 0 26.0 64.5 2 -1 0 77
0 1 0 26.0 65.0 2 -1 0 77
0 1 0 26.0 65.0 2 -1 0 77
0 1 0 26.0 65.0 2 -1 0 77
0 1 0 26.1 65.0 2 -1 0 77
0 1 0 26.1 65.0 2 -1 0 77
0 1 0 26.0 65.0 2 -1 0 77
0 1 0 26.1 65.0 2 -1 0 77
0 1 0 26.2 65.0 2 -1 0 77
0 1 0 26.1 65.0 2 -1 0 77
0 1 0 26.1 65.0 2 -1 0 77
0 1 0 26.2 65.0 2 -1 0 77
0 1 0 26.2 65.0 2 -1 0 77
0 1 0 26.2 65.5 2 -1 0 77
0 1 0 26.3 65.5 2 -1 0 77
0 1 0 26.3 65.5 2 -1 0 77
0 1 0 26.3 65.5 2 -1 0 77
0 1 0 26.2 65.5 2 -1 0 77
0 1 0 26.3 65.5 2 -1 0 77
0 1 0 26.3 65.5 2 -1 0 77
0 1 0 26.3 65.5 2 -1 0 77
0 1 0 26.3 65.5 2 -1 0 77
0 1 0 26.3 65.5 2 -1 0 77
0 1 0 26.4 65.5 2 -1 0 77
0 1 0 26.3 65.5 2 -1 0 77
0 1 0 26.4 65.5 2 -1 0 77
0 1 0 26.4 65.5 2 -1 0 77
0 1 0 26.4 65.5 2 -1 0 77
0 1 0 26.4 66.0 2 -1 0 77
0 1 0 26.4 66.0 2 -1 0 77
0 1 0 26.4 66.0 2 -1 0 77
0 1 0 26.4 66.0 2 -1 0 77
0 1 0 26.5 66.0 2 -1 0 77
0 1 0 26.4 66.0 2 -1 0 77
0 1 0 26.5 66.0 2 -1 0 77
0 1 0 26.4 66.0 2 -1 0 77
0 1 0 26.5 66.0 2 -1 0 77
0 1 0 26.5 66.0 2 -1 0 77
0 1 0 26.5 66.0 2 -1 0 77
0 1 0 26.5 66.0 2 -1 0 77
0 1 0 26.5 66.0 2 -1 0 77
0 1 0 26.5 66.0 2 -1 0 77
0 1 0 26.5 66.0 2 -1 0 77
0 1 0 26.5 66.0 2 -1 0 77
0 1 0 26.5 66.0 2 -1 0 77
0 1 0 26.5 66.0 2 -1 0 77
0 1 0 26.6 66.5 2 -1 0 77
0 1 0 26.6 66.5 2 -1 0 77
0 1 0 26.5 66.0 2 -1 0 77
0 1 0 26.6 66.5 2 -1 0 77
0 1 0 26.6 66.5 2 -1 0 77
0 1 0 26.6 66.0 2 -1 0 77
0 1 0 26.7 66.5 2 -1 0 77
0 1 0 26.6 66.5 2 -1 0 77
