0 1 0 26.6 66.5 2 -1 0 -1
0 1 0 26.7 66.5 2 -1 0 -1
0 1 0 26.6 66.5 2 -1 0 -1
0 1 0 26.7 66.5 2 -1 0 -1
0 1 0 26.7 66.5 2 -1 0 -1
0 1 0 26.7 66.5 2 -1 0 -1
0 1 0 26.7 66.5 2 -1 0 -1
0 1 0 26.7 66.5 2 -1 0 -1
0 1 0 26.7 66.5 2 -1 0 -1
0 1 0 26.8 66.5 2 -1 0 -1
0 1 0 26.7 66.5 2 -1 0 -1
0 1 0 26.8 66.5 2 -1 0 -1
0 1 0 26.7 66.5 2 -1 0 -1
0 1 0 26.7 66.5 2 -1 0 -1
0 1 0 26.8 66.5 2 -1 0 -1
0 1 0 26.8 66.5 2 -1 0 -1
0 1 0 26.8 66.5 2 -1 0 -1
0 1 0 26.7 66.5 2 -1 0 -1
0 1 0 26.8 66.5 2 -1 0 -1
0 1 0 26.8 66.5 2 -1 0 -1
0 1 0 26.8 66.5 2 -1 0 -1
0 1 0 26.9 66.5 2 -1 0 -1
0 1 0 26.9 66.5 2 -1 0 -1
0 1 0 26.8 66.5 2 -1 0 -1
0 1 0 26.9 66.5 2 -1 0 -1
0 1 0 26.9 66.5 2 -1 0 -1
0 1 0 26.9 66.5 2 -1 0 -1
0 1 0 26.9 66.5 2 -1 0 -1
0 1 0 27.0 67.0 2 -1 0 -1
0 1 0 26.9 67.0 2 -1 0 -1
0 1 0 26.9 66.5 2 -1 0 -1
0 1 0 26.9 67.0 2 -1 0 -1
0 1 0 26.9 67.0 2 -1 0 -1
0 1 0 26.9 66.5 2 -1 0 -1
0 1 0 26.9 67.0 2 -1 0 -1
0 1 0 27.0 66.5 2 -1 0 -1
0 1 0 26.9 66.5 2 -1 0 -1
0 1 0 26.9 66.5 2 -1 0 -1
0 1 0 26.9 66.5 2 -1 0 -1
0 1 0 26.9 66.5 2 -1 0 -1
0 1 0 27.0 67.0 2 -1 0 -1
0 1 0 27.0 66.5 2 -1 0 -1
0 1 0 27.0 66.5 2 -1 0 -1
0 1 0 26.9 66.5 2 -1 0 -1
0 1 0 27.0 67.0 2 -1 0 -1
0 1 0 26.9 67.0 2 -1 0 -1
0 1 0 26.9 67.0 2 -1 0 -1
0 1 0 27.0 67.0 2 -1 0 -1
0 1 0 27.0 67.0 2 -1 0 -1
0 1 0 27.0 67.0 2 -1 0 -1
0 1 0 27.0 67.0 2 -1 0 -1
0 1 0 27.0 67.0 2 -1 0 -1
0 1 0 27.0 67.0 2 -1 0 -1
0 1 0 27.0 67.0 2 -1 0 -1
0 1 0 27.0 67.0 2 -1 0 -1
0 1 0 27.0 67.0 2 -1 0 -1
0 1 0 27.0 67.0 2 -1 0 -1
0 1 0 27.0 67.0 2 -1 0 -1
0 1 0 27.0 67.0 2 -1 0 -1
0 1 0 27.0 67.0 2 -1 0 -1
0 1 0 27.1 67.0 2 -1 0 -1
0 1 0 27.1 67.0 2 -1 0 -1
0 1 0 27.1 67.0 2 -1 0 -1
0 1 0 27.1 67.0 2 -1 0 -1
0 1 0 27.1 67.0 2 -1 0 -1
0 1 0 27.1 67.0 2 -1 0 -1
0 1 0 27.1 67.0 2 -1 0 -1
0 1 0 27.1 67.0 2 -1 0 -1
0 1 0 27.1 67.0 2 -1 0 -1
0 1 0 27.1 67.0 2 -1 0 -1
0 1 0 27.1 67.0 2 -1 0 -1
0 1 0 27.2 67.5 2 -1 0 -1
0 1 0 27.1 67.5 2 -1 0 -1
0 1 0 27.2 67.5 2 -1 0 -1
0 1 0 27.2 67.5 2 -1 0 -1
0 1 0 27.1 67.5 2 -1 0 -1
0 1 0 27.1 67.5 2 -1 0 -1
0 1 0 27.1 67.0 2 -1 0 -1
0 1 0 27.2 67.0 2 -1 0 -1
0 1 0 27.2 67.0 2 -1 0 -1
0 1 0 27.2 67.5 2 -1 0 -1
0 1 0 27.2 67.0 2 -1 0 -1
0 1 0 27.2 67.0 2 -1 0 -1
0 1 0 27.2 67.0 2 -1 0 -1
0 1 0 27.2 67.0 2 -1 0 -1
0 1 0 27.1 67.0 2 -1 0 -1
0 1 0 27.2 67.0 2 -1 0 -1
0 1 0 27.2 67.5 2 -1 0 -1
0 1 0 27.2 67.5 2 -1 0 -1
0 1 0 27.2 67.5 2 -1 0 -1
0 1 0 27.3 67.5 2 -1 0 -1
0 1 0 27.2 67.5 2 -1 0 -1
0 1 0 27.2 67.5 2 -1 0 -1
0 1 0 27.2 67.5 2 -1 0 -1
0 1 0 27.3 67.5 2 -1 0 -1
0 1 0 27.3 67.5 2 -1 0 -1
0 1 0 27.2 67.5 2 -1 0 -1
0 1 0 27.3 67.5 2 -1 0 -1
0 1 0 27.2 67.5 2 -1 0 -1
0 1 0 27.3 67.5 2 -1 0 -1
0 1 0 27.2 67.5 2 -1 0 -1
0 1 0 27.3 67.5 2 -1 0 -1
0 1 0 27.2 67.5 2 -1 0 -1
0 1 0 27.3 67.5 2 -1 0 -1
0 1 0 27.2 67.5 2 -1 0 -1
0 1 0 27.3 67.5 2 -1 0 -1
0 1 0 27.2 67.5 2 -1 0 -1
0 1 0 27.3 68.0 2 -1 0 -1
0 1 0 27.3 67.5 2 -1 0 -1
0 1 0 27.3 68.0 2 -1 0 -1
0 1 0 27.3 68.0 2 -1 0 -1
0 1 0 27.4 68.0 2 -1 0 -1
0 1 0 27.3 68.0 2 -1 0 -1
0 1 0 27.3 68.0 2 -1 0 -1
0 1 0 27.3 68.0 2 -1 0 -1
0 1 0 27.3 68.0 2 -1 0 -1
0 1 0 27.3 68.0 2 -1 0 -1
0 1 0 27.3 68.0 2 -1 0 -1
0 1 0 27.4 68.0 2 -1 0 -1
0 1 0 27.3 68.0 2 -1 0 -1
0 1 0 27.4 68.0 2 -1 0 -1
0 1 0 27.4 68.0 2 -1 0 -1
0 1 0 27.3 68.0 2 -1 0 -1
0 1 0 27.4 68.0 2 -1 0 -1
0 1 0 27.4 68.0 2 -1 0 -1
0 1 0 27.3 68.0 2 -1 0 -1
0 1 0 27.3 68.0 2 -1 0 -1
0 1 0 27.4 68.0 2 -1 0 -1
0 1 0 27.4 67.5 2 -1 0 -1
0 1 0 27.4 67.5 2 -1 0 -1
0 1 0 27.4 67.5 2 -1 0 -1
0 1 0 27.4 68.0 2 -1 0 -1
0 1 0 27.4 67.5 2 -1 0 -1
0 1 0 27.3 67.5 2 -1 0 -1
0 1 0 27.4 67.5 2 -1 0 -1
0 1 0 27.4 67.5 2 -1 0 -1
0 1 0 27.4 67.5 2 -1 0 -1
0 1 0 27.4 67.5 2 -1 0 -1
0 1 0 27.4 67.5 2 -1 0 -1
0 1 0 27.4 67.5 2 -1 0 -1
0 1 0 27.4 67.5 2 -1 0 -1
0 1 0 27.4 67.5 2 -1 0 -1
0 1 0 27.4 67.5 2 -1 0 -1
0 1 0 27.4 68.0 2 -1 0 -1
0 1 0 27.4 68.0 2 -1 0 -1
0 1 0 27.4 68.0 2 -1 0 -1
0 1 0 27.4 68.0 2 -1 0 -1
0 1 0 27.4 68.0 2 -1 0 -1
0 1 0 27.4 68.0 2 -1 0 -1
0 1 0 27.5 68.0 2 -1 0 -1
0 1 0 27.4 68.0 2 -1 0 -1
0 1 0 27.4 68.0 2 -1 0 -1
0 1 0 27.4 68.0 2 -1 0 -1
0 1 0 27.4 68.0 2 -1 0 -1
0 1 0 27.4 68.0 2 -1 0 -1
0 1 0 27.4 68.0 2 -1 0 -1
0 1 0 27.4 68.0 2 -1 0 -1
0 1 0 27.4 68.0 2 -1 0 -1
0 1 0 27.4 68.0 2 -1 0 -1
0 1 0 27.5 68.0 2 -1 0 -1
0 1 0 27.4 68.0 2 -1 0 -1
0 1 0 27.5 68.0 2 -1 0 -1
0 1 0 27.4 68.0 2 -1 0 -1
0 1 0 27.4 68.0 2 -1 0 -1
0 1 0 27.4 68.0 2 -1 0 -1
0 1 0 27.4 68.0 2 -1 0 -1
0 1 0 27.4 68.0 2 -1 0 -1
0 1 0 27.4 68.0 2 -1 0 -1
0 1 0 27.5 68.0 2 -1 0 -1
0 1 0 27.5 68.0 2 -1 0 -1
0 1 0 27.4 68.0 2 -1 0 -1
0 1 0 27.4 68.0 2 -1 0 -1
0 1 0 27.4 68.0 2 -1 0 -1
0 1 0 27.5 68.0 2 -1 0 -1
0 1 0 27.5 68.0 2 -1 0 -1
0 1 0 27.4 68.0 2 -1 0 -1
0 1 0 27.5 68.0 2 -1 0 -1
0 1 0 27.5 68.0 2 -1 0 -1
0 1 0 27.5 68.0 2 -1 0 -1
0 1 0 27.5 68.0 2 -1 0 -1
0 1 0 27.5 68.0 2 -1 0 -1
0 1 0 27.4 68.0 2 -1 0 -1
0 1 0 27.5 68.0 2 -1 0 -1
0 1 0 27.5 68.0 2 -1 0 -1
0 1 0 27.5 68.0 2 -1 0 -1
0 1 0 27.5 68.0 2 -1 0 -1
0 1 0 27.5 68.0 2 -1 0 -1
0 1 0 27.5 68.0 2 -1 0 -1
0 1 0 27.5 68.0 2 -1 0 -1
0 1 0 27.6 68.0 2 -1 0 -1
0 1 0 27.5 68.0 2 -1 0 -1
0 1 0 27.5 68.0 2 -1 0 -1
0 1 0 27.5 68.0 2 -1 0 -1
0 1 0 27.4 68.0 2 -1 0 -1
0 1 0 27.5 68.0 2 -1 0 -1
0 1 0 27.5 68.0 2 -1 0 -1
0 1 0 27.5 68.0 2 -1 0 -1
0 1 0 27.4 68.0 2 -1 0 -1
0 1 0 27.5 68.0 2 -1 0 -1
0 1 0 27.6 68.0 2 -1 0 -1
0 1 0 27.5 68.0 2 -1 0 -1
0 1 0 27.5 68.0 2 -1 0 -1
0 1 0 27.5 68.0 2 -1 0 -1
0 1 0 27.5 68.0 2 -1 0 -1
0 1 0 27.6 68.0 2 -1 0 -1
0 1 0 27.5 68.0 2 -1 0 -1
0 1 0 27.6 68.0 2 -1 0 -1
0 1 0 27.6 68.0 2 -1 0 -1
0 1 0 27.6 68.0 2 -1 0 -1
0 1 0 27.5 68.0 2 -1 0 -1
0 1 0 27.5 68.0 2 -1 0 -1
0 1 0 27.6 68.0 2 -1 0 -1
0 1 0 27.5 68.0 2 -1 0 -1
0 1 0 27.5 68.5 2 -1 0 -1
0 1 0 27.5 68.5 2 -1 0 -1
0 1 0 27.6 68.5 2 -1 0 -1
0 1 0 27.6 68.5 2 -1 0 -1
0 1 0 27.6 68.5 2 -1 0 -1
0 1 0 27.6 68.5 2 -1 0 -1
0 1 0 27.5 68.5 2 -1 0 -1
0 1 0 27.6 68.5 2 -1 0 -1
0 1 0 27.6 68.5 2 -1 0 -1
0 1 0 27.6 68.5 2 -1 0 -1
0 1 0 27.5 68.5 2 -1 0 -1
0 1 0 27.6 68.5 2 -1 0 -1
0 1 0 27.6 68.5 2 -1 0 -1
0 1 0 27.5 68.5 2 -1 0 -1
0 1 0 27.6 68.5 2 -1 0 -1
0 1 0 27.7 68.5 2 -1 0 -1
0 1 0 27.5 68.5 2 -1 0 -1
0 1 0 27.6 68.5 2 -1 0 -1
0 1 0 27.5 68.5 2 -1 0 -1
0 1 0 27.6 68.5 2 -1 0 -1
0 1 0 27.6 68.5 2 -1 0 -1
0 1 0 27.6 68.5 2 -1 0 -1
0 1 0 27.6 68.5 2 -1 0 -1
0 1 0 27.6 68.5 2 -1 0 -1
0 1 0 27.6 68.5 2 -1 0 -1
0 1 0 27.6 68.5 2 -1 0 -1
0 1 0 27.6 68.5 2 -1 0 -1
0 1 0 27.7 68.5 2 -1 0 -1
0 1 0 27.6 68.5 2 -1 0 -1
0 1 0 27.6 68.5 2 -1 0 -1
0 1 0 27.6 68.5 2 -1 0 -1
0 1 0 27.7 68.5 2 -1 0 -1
0 1 0 27.7 68.5 2 -1 0 -1
0 1 0 27.6 68.5 2 -1 0 -1
0 1 0 27.6 68.5 2 -1 0 -1
0 1 0 27.7 68.5 2 -1 0 -1
0 1 0 27.6 68.5 2 -1 0 -1
0 1 0 27.7 68.5 2 -1 0 -1
0 1 0 27.6 68.5 2 -1 0 -1
0 1 0 27.6 68.5 2 -1 0 -1
0 1 0 27.7 68.5 2 -1 0 -1
0 1 0 27.6 68.5 2 -1 0 -1
0 1 0 27.7 68.5 2 -1 0 -1
0 1 0 27.7 68.5 2 -1 0 -1
0 1 0 27.6 68.5 2 -1 0 -1
0 1 0 27.7 68.5 2 -1 0 -1
0 1 0 27.6 68.5 2 -1 0 -1
0 1 0 27.7 68.5 2 -1 0 -1
0 1 0 27.7 68.5 2 -1 0 -1
0 1 0 27.6 68.5 2 -1 0 -1
0 1 0 27.7 68.5 2 -1 0 -1
0 1 0 27.7 68.5 2 -1 0 -1
0 1 0 27.7 68.5 2 -1 0 -1
0 1 0 27.6 68.5 2 -1 0 -1
0 1 0 27.7 68.5 2 -1 0 -1
0 1 0 27.7 68.5 2 -1 0 -1
0 1 0 27.7 68.5 2 -1 0 -1
0 1 0 27.7 68.5 2 -1 0 -1
0 1 0 27.6 68.5 2 -1 0 -1
0 1 0 27.7 68.5 2 -1 0 -1
0 1 0 27.6 68.5 2 -1 0 -1
0 1 0 27.7 68.5 2 -1 0 -1
0 1 0 27.7 68.5 2 -1 0 -1
0 1 0 27.7 68.5 2 -1 0 -1
0 1 0 27.7 68.5 2 -1 0 -1
0 1 0 27.7 68.5 2 -1 0 -1
0 1 0 27.7 68.5 2 -1 0 -1
0 1 0 27.7 68.5 2 -1 0 -1
0 1 0 27.7 68.5 2 -1 0 -1
0 1 0 27.7 68.5 2 -1 0 -1
0 1 0 27.7 68.5 2 -1 0 -1
0 1 0 27.7 68.5 2 -1 0 -1
0 1 0 27.8 68.5 2 -1 0 -1
0 1 0 27.7 68.5 2 -1 0 -1
0 1 0 27.6 68.5 2 -1 0 -1
0 1 0 27.7 68.5 2 -1 0 -1
0 1 0 27.7 68.5 2 -1 0 -1
0 1 0 27.7 68.5 2 -1 0 -1
0 1 0 27.7 68.5 2 -1 0 -1
0 1 0 27.8 68.5 2 -1 0 -1
0 1 0 27.7 68.5 2 -1 0 -1
0 1 0 27.7 68.5 2 -1 0 -1
0 1 0 27.7 68.5 2 -1 0 -1
0 1 0 27.7 68.5 2 -1 0 -1
0 1 0 27.8 68.5 2 -1 0 -1
0 1 0 27.8 68.5 2 -1 0 -1
0 1 0 27.7 68.5 2 -1 0 -1
0 1 0 27.7 68.5 2 -1 0 -1
0 1 0 27.7 68.5 2 -1 0 -1
0 1 0 27.6 68.5 2 -1 0 -1
0 1 0 27.7 68.5 2 -1 0 -1
0 1 0 27.7 68.5 2 -1 0 -1
0 1 0 27.7 68.5 2 -1 0 -1
0 1 0 27.7 68.5 2 -1 0 -1
0 1 0 27.7 68.5 2 -1 0 -1
0 1 0 27.7 68.5 2 -1 0 -1
0 1 0 27.7 68.5 2 -1 0 -1
0 1 0 27.8 68.5 2 -1 0 -1
0 1 0 27.8 68.5 2 -1 0 -1
0 1 0 27.7 68.5 2 -1 0 -1
0 1 0 27.8 68.5 2 -1 0 -1
0 1 0 27.7 68.5 2 -1 0 -1
0 1 0 27.7 68.5 2 -1 0 -1
0 1 0 27.7 68.5 2 -1 0 -1
0 1 0 27.8 68.5 2 -1 0 -1
0 1 0 27.7 68.5 2 -1 0 -1
0 1 0 27.7 69.0 2 -1 0 -1
0 1 0 27.7 69.0 2 -1 0 -1
0 1 0 27.7 69.0 1 -1 0 -1
0 1 0 27.7 69.0 1 -1 0 -1
0 1 0 27.7 69.0 1 -1 0 -1
0 1 0 27.7 69.0 1 -1 0 -1
0 1 0 27.7 69.0 1 -1 0 -1
0 1 0 27.7 69.0 1 -1 0 -1
0 1 0 27.8 69.0 1 -1 0 -1
0 1 0 27.8 69.0 1 -1 0 -1
0 1 0 27.8 69.0 1 -1 0 -1
0 1 0 27.7 69.0 1 -1 0 -1
0 1 0 27.8 69.0 1 -1 0 -1
0 1 0 27.7 69.0 1 -1 0 -1
0 1 0 27.8 69.0 1 -1 0 -1
0 1 0 27.8 69.0 1 -1 0 -1
0 1 0 27.8 69.0 1 -1 0 -1
0 1 0 27.8 69.0 1 -1 0 -1
0 1 0 27.7 69.0 1 -1 0 -1
0 1 0 27.8 69.0 1 -1 0 -1
0 1 0 27.8 69.0 1 -1 0 -1
0 1 0 27.8 69.0 1 -1 0 -1
0 1 0 27.7 69.0 1 -1 0 -1
0 1 0 27.8 69.0 1 -1 0 -1
0 1 0 27.7 69.0 1 -1 0 -1
0 1 0 27.8 69.0 1 -1 0 -1
0 1 0 27.8 69.0 1 -1 0 -1
0 1 0 27.7 69.0 1 -1 0 -1
0 1 0 27.7 69.0 1 -1 0 -1
0 1 0 27.8 69.0 1 -1 0 -1
0 1 0 27.8 69.0 1 -1 0 -1
0 1 0 27.8 69.0 1 -1 0 -1
0 1 0 27.8 69.0 1 -1 0 -1
0 1 0 27.8 69.0 1 -1 0 -1
0 1 0 27.8 69.0 1 -1 0 -1
0 1 0 27.8 69.0 1 -1 0 -1
0 1 0 27.8 69.0 1 -1 0 -1
0 1 0 27.8 69.0 1 -1 0 -1
0 1 0 27.8 69.0 1 -1 0 -1
0 1 0 27.8 69.0 1 -1 0 -1
0 1 0 27.8 69.0 1 -1 0 -1
0 1 0 27.8 69.0 1 -1 0 -1
0 1 0 27.8 69.0 1 -1 0 -1
0 1 0 27.8 69.0 1 -1 0 -1
0 1 0 27.8 69.0 1 -1 0 -1
0 1 0 27.7 69.0 1 -1 0 -1
0 1 0 27.8 69.0 1 -1 0 -1
0 1 0 27.8 69.0 1 -1 0 -1
0 1 0 27.8 69.0 1 -1 0 -1
0 1 0 27.8 69.0 1 -1 0 -1
0 1 0 27.8 69.0 1 -1 0 -1
0 1 0 27.7 69.0 1 -1 0 -1
0 1 0 27.8 69.0 1 -1 0 -1
0 1 0 27.8 69.0 1 -1 0 -1
0 1 0 27.8 69.0 1 -1 0 -1
0 1 0 27.8 69.0 1 -1 0 -1
0 1 0 27.8 69.0 1 -1 0 -1
0 1 0 27.8 69.0 1 -1 0 -1
0 1 0 27.8 69.0 1 -1 0 -1
0 1 0 27.8 68.5 1 -1 0 -1
0 1 0 27.7 69.0 1 -1 0 -1
0 1 0 27.8 68.5 1 -1 0 -1
0 1 0 27.7 68.5 1 -1 0 -1
0 1 0 27.8 68.5 1 -1 0 -1
0 1 0 27.8 68.5 0 -1 0 -1
0 1 0 27.8 69.0 0 -1 0 -1
0 1 0 27.8 69.0 0 -1 0 -1
0 1 0 27.8 68.5 0 -1 0 -1
0 1 0 27.8 68.5 0 -1 0 -1
0 1 0 27.8 68.5 0 -1 0 -1
0 1 0 27.8 68.5 0 -1 0 -1
0 1 0 27.8 68.5 0 -1 0 -1
0 1 0 27.8 68.5 0 -1 0 -1
0 1 0 27.8 68.5 0 -1 0 -1
0 1 0 27.8 68.5 0 -1 0 -1
0 1 0 27.8 68.5 0 -1 0 -1
0 1 0 27.8 68.5 0 -1 0 -1
0 1 0 27.8 68.5 2 -1 0 -1
0 1 0 27.8 68.5 2 -1 0 -1
0 1 0 27.8 68.5 2 -1 0 -1
0 1 0 27.8 68.5 2 -1 0 -1
0 1 0 27.8 68.5 2 -1 0 -1
0 1 0 27.8 68.5 2 -1 0 -1
0 1 0 27.8 68.5 2 -1 0 -1
0 1 0 27.8 68.5 2 -1 0 -1
0 1 0 27.8 68.5 2 -1 0 -1
0 1 0 27.8 68.5 3 -1 0 -1
0 1 0 27.8 68.5 3 -1 0 -1
0 1 0 27.8 68.5 1 -1 0 -1
0 1 0 27.8 68.5 1 -1 0 -1
0 1 0 27.8 68.5 1 -1 0 -1
0 1 0 27.8 68.5 1 -1 0 -1
0 1 0 27.8 68.5 1 -1 0 -1
0 1 0 27.8 68.5 1 -1 0 -1
0 1 0 27.7 68.5 1 -1 0 -1
0 1 0 27.8 68.5 1 -1 0 -1
0 1 0 27.9 68.5 1 -1 0 -1
0 1 0 27.8 68.5 1 -1 0 -1
0 1 0 27.8 68.5 1 -1 0 -1
0 1 0 27.8 68.5 1 -1 0 -1
0 1 0 27.8 68.5 1 -1 0 -1
0 1 0 27.8 68.5 1 -1 0 -1
0 1 0 27.8 68.5 1 -1 0 -1
0 1 0 27.8 68.5 1 -1 0 -1
0 1 0 27.8 68.5 1 -1 0 -1
0 1 0 27.8 68.5 1 -1 0 -1
0 1 0 27.8 68.5 1 -1 0 -1
0 1 0 27.8 68.5 1 -1 0 -1
0 1 0 27.8 68.5 1 -1 0 -1
0 1 0 27.8 68.5 1 -1 0 -1
0 1 0 27.9 68.5 1 -1 0 -1
0 1 0 27.8 68.5 1 -1 0 -1
0 1 0 27.8 68.5 1 -1 0 -1
0 1 0 27.9 68.5 1 -1 0 -1
0 1 0 27.9 68.5 1 -1 0 -1
0 1 0 27.8 68.5 3 -1 0 -1
0 1 0 27.9 68.5 3 -1 0 -1
0 1 0 27.8 68.5 2 -1 0 -1
0 1 0 27.8 68.5 2 -1 0 -1
0 1 0 27.8 68.5 2 -1 0 -1
0 1 0 27.9 68.5 2 -1 0 -1
0 1 0 27.8 68.5 2 -1 0 -1
0 1 0 27.8 68.5 2 -1 0 -1
0 1 0 27.9 68.5 2 -1 0 -1
0 1 0 27.8 68.5 2 -1 0 -1
0 1 0 27.9 68.5 2 -1 0 -1
0 1 0 27.8 68.5 2 -1 0 -1
0 1 0 27.8 68.5 2 -1 0 -1
0 1 0 27.8 68.5 2 -1 0 -1
0 1 0 27.8 68.5 2 -1 0 -1
0 1 0 27.8 68.5 2 -1 0 -1
0 1 0 27.8 68.5 3 -1 0 -1
0 1 0 27.9 68.5 3 -1 0 -1
0 1 0 27.8 68.5 3 -1 0 -1
0 1 0 27.9 69.0 3 -1 0 -1
0 1 0 27.9 69.0 3 -1 0 -1
0 1 0 27.8 69.0 1 -1 0 -1
0 1 0 27.8 69.0 1 -1 0 -1
0 1 0 27.9 69.0 1 -1 0 -1
0 1 0 27.9 69.0 1 -1 0 -1
0 1 0 27.9 69.0 1 -1 0 -1
0 1 0 27.8 69.0 1 -1 0 -1
0 1 0 27.9 69.0 1 -1 0 -1
0 1 0 27.9 69.0 1 -1 0 -1
0 1 0 27.9 69.0 1 -1 0 -1
0 1 0 27.9 69.0 1 -1 0 -1
0 1 0 27.9 69.0 1 -1 0 -1
0 1 0 27.9 69.0 1 -1 0 -1
0 1 0 27.9 69.0 1 -1 0 -1
0 1 0 27.9 69.0 1 -1 0 -1
0 1 0 27.9 69.0 2 -1 0 -1
0 1 0 27.9 69.0 2 -1 0 -1
0 1 0 27.9 69.0 2 -1 0 -1
0 1 0 27.9 69.0 2 -1 0 -1
0 1 0 28.0 69.0 2 -1 0 -1
0 1 0 27.9 69.0 2 -1 0 -1
0 1 0 28.0 69.0 2 -1 0 -1
0 1 0 27.9 69.0 2 -1 0 -1
0 1 0 27.9 69.0 2 -1 0 -1
0 1 0 27.9 69.0 2 -1 0 -1
0 1 0 27.9 69.0 2 -1 0 -1
0 1 0 27.9 69.0 2 -1 0 -1
0 1 0 28.0 69.0 2 -1 0 -1
0 1 0 27.9 69.0 2 -1 0 -1
0 1 0 27.9 69.0 4 -1 0 -1
0 1 0 28.0 69.0 4 -1 0 -1
0 1 0 27.9 69.0 4 -1 0 -1
0 1 0 27.9 69.0 4 -1 0 -1
0 1 0 27.9 69.0 4 -1 0 -1
0 1 0 27.9 69.0 4 -1 0 -1
0 1 0 27.9 69.0 4 -1 0 -1
0 1 0 28.0 69.0 4 -1 0 -1
0 1 0 28.0 69.0 4 -1 0 -1
0 1 0 27.9 69.0 4 -1 0 -1
0 1 0 27.9 69.0 4 -1 0 -1
0 1 0 27.9 69.0 4 -1 0 -1
0 1 0 27.9 69.0 4 -1 0 -1
0 1 0 27.9 69.0 4 -1 0 -1
0 1 0 27.9 69.0 1 -1 0 -1
0 1 0 27.9 69.0 1 -1 0 -1
0 1 0 28.0 69.0 1 -1 0 -1
0 1 0 28.0 69.0 1 -1 0 -1
0 1 0 28.0 69.0 2 -1 0 -1
0 1 0 27.9 69.0 2 -1 0 -1
0 1 0 27.9 69.0 2 -1 0 -1
0 1 0 27.9 69.0 2 -1 0 -1
0 1 0 27.9 68.5 2 -1 0 -1
0 1 0 27.9 69.0 2 -1 0 -1
0 1 0 28.0 69.0 2 -1 0 -1
0 1 0 27.9 69.0 2 -1 0 -1
0 1 0 28.0 69.0 2 -1 0 -1
0 1 0 28.0 69.0 4 -1 0 -1
0 1 0 28.0 69.0 4 -1 0 -1
0 1 0 27.9 69.0 4 -1 0 -1
0 1 0 27.9 68.5 4 -1 0 -1
0 1 0 28.0 69.0 4 -1 0 -1
0 1 0 27.9 68.5 6 -1 0 -1
0 1 0 28.0 68.5 3 -1 0 -1
0 1 0 28.0 68.5 3 -1 0 -1
0 1 0 27.9 68.5 5 -1 0 -1
0 1 0 27.9 68.5 5 -1 0 -1
0 1 0 28.0 68.5 5 -1 0 -1
0 1 0 27.9 68.5 7 -1 0 -1
0 1 0 27.9 68.5 7 -1 0 -1
0 1 0 27.9 68.5 7 -1 0 -1
0 1 0 27.9 68.5 5 -1 0 -1
0 1 0 27.9 68.5 5 -1 0 -1
0 1 0 27.9 68.5 5 c26 0 -1
1 1 5 27.9 68.0 20 c26 0 -1
0 1 21 27.9 67.5 32 c26 6 -1
0 1 0 27.8 66.5 32 c26 6 -1
0 1 1 27.7 65.5 32 c26 6 -1
0 1 8 27.6 64.5 32 c26 6 -1
0 1 0 27.4 63.5 32 c26 6 -1
0 1 0 27.3 62.5 32 c26 6 -1
0 1 0 27.1 61.5 30 c26 6 -1
0 1 3 27.1 61.0 30 c26 6 -1
0 1 3 26.9 60.5 30 c26 6 -1
0 1 0 26.8 60.0 30 c26 6 -1
0 1 0 26.6 59.5 32 c26 6 -1
0 1 0 26.6 58.5 32 c26 6 -1
0 1 0 26.5 58.5 32 c26 6 -1
0 1 0 26.4 58.0 31 c26 6 -1
0 1 0 26.3 58.0 31 c26 6 -1
0 1 0 26.3 58.0 33 c26 6 -1
0 1 0 26.3 58.0 33 c26 6 -1
0 1 0 26.2 57.5 31 c26 6 -1
0 1 5 26.1 57.5 33 c26 6 -1
0 1 7 26.1 57.0 35 c26 6 -1
0 1 21 26.0 56.5 33 c26 6 -1
0 1 8 25.9 56.5 35 c26 6 -1
0 1 0 25.9 56.5 31 c26 6 -1
0 1 0 25.8 56.0 33 c26 6 -1
0 1 0 25.8 56.0 33 c26 6 -1
0 1 0 25.7 56.0 35 c26 6 -1
0 1 0 25.7 56.0 35 c26 6 -1
0 1 0 25.6 56.0 33 c26 6 -1
0 1 6 25.6 55.5 35 c26 6 -1
0 1 0 25.5 55.5 35 c26 6 -1
0 1 0 25.4 55.5 35 c26 6 -1
0 1 3 25.4 55.5 35 c26 6 -1
0 1 0 25.4 55.5 35 c26 6 -1
0 1 0 25.3 55.5 35 c26 6 -1
0 1 0 25.4 56.0 33 c26 6 -1
0 1 0 25.4 56.0 33 c26 6 -1
0 1 1 25.3 56.0 31 c26 6 -1
0 1 0 25.3 56.0 31 c26 6 -1
0 1 2 25.3 56.0 35 c26 6 -1
0 1 2 25.2 56.0 33 c26 6 -1
0 1 1 25.2 56.0 31 c26 6 -1
0 1 8 25.2 55.5 31 c26 6 -1
0 1 3 25.1 55.5 29 c26 6 -1
0 1 1 25.1 55.5 32 c26 6 -1
0 1 4 25.1 55.5 32 c26 6 -1
0 1 0 25.1 55.5 30 c26 6 -1
0 1 0 25.0 55.5 30 c26 6 -1
0 1 0 25.0 55.5 30 c26 6 -1
0 1 0 24.9 56.0 30 c26 6 -1
0 1 0 25.0 56.0 30 c26 6 -1
0 1 0 25.0 56.5 32 c26 6 -1
0 1 0 24.9 56.5 32 c26 6 -1
0 1 0 24.9 56.5 32 c26 6 -1
0 1 0 25.0 57.0 30 c26 6 -1
0 1 0 24.9 57.0 30 c26 6 -1
0 1 1 24.9 57.0 30 c26 6 -1
0 1 0 25.0 57.0 30 c26 6 -1
0 1 0 24.9 57.0 30 c26 6 -1
0 1 0 24.8 57.0 30 c26 6 -1
0 1 0 24.8 57.0 28 c26 6 -1
0 1 0 24.8 57.0 28 c26 6 -1
0 1 2 24.8 57.0 28 c26 6 -1
0 1 0 24.8 57.0 28 c26 6 -1
0 1 0 24.8 56.5 28 c26 6 -1
0 1 0 24.8 56.5 30 c26 6 -1
0 1 1 24.8 56.5 30 c26 6 -1
0 1 2 24.7 56.5 30 c26 6 -1
0 1 2 24.7 56.5 30 c26 6 -1
0 1 0 24.7 56.5 30 c26 6 -1
0 1 0 24.6 56.5 30 c26 6 -1
0 1 0 24.7 56.5 30 c26 6 -1
0 1 0 24.6 56.5 30 c26 6 -1
0 1 1 24.6 56.5 30 c26 6 -1
0 1 0 24.5 56.0 30 c26 6 -1
0 1 0 24.6 56.5 30 c26 6 -1
0 1 2 24.5 56.5 30 c26 6 -1
0 1 0 24.6 56.5 30 c26 6 -1
0 1 2 24.5 56.5 30 c26 6 -1
0 1 0 24.5 56.5 30 c26 6 -1
0 1 0 24.6 56.5 30 c26 6 -1
0 1 1 24.5 56.5 30 c26 6 -1
0 1 2 24.5 56.5 30 c26 6 -1
0 1 0 24.5 56.0 26 c26 6 -1
0 1 0 24.4 56.0 26 c26 6 -1
0 1 5 24.4 56.0 26 c26 6 -1
0 1 30 24.3 56.0 30 c26 6 -1
0 1 11 24.3 56.0 28 c26 6 -1
0 1 10 24.4 56.0 28 c26 6 -1
0 1 7 24.3 55.5 28 c26 6 -1
0 1 10 24.4 55.5 28 c26 6 -1
0 1 14 24.3 55.5 28 c26 6 -1
0 1 8 24.3 55.5 28 c26 6 -1
0 1 11 24.2 55.5 32 c26 6 -1
0 1 12 24.2 55.5 28 c26 6 -1
0 1 3 24.2 55.5 28 c26 6 -1
0 1 11 24.2 55.5 28 c26 6 -1
0 1 4 24.2 55.5 28 c26 6 -1
0 1 6 24.1 55.5 28 c26 6 -1
0 1 9 24.2 55.5 28 c26 6 -1
0 1 14 24.1 55.5 28 c26 6 -1
0 1 10 24.1 55.5 28 c26 6 -1
0 1 2 24.1 55.5 28 c26 6 -1
0 1 12 24.2 55.5 28 c26 6 -1
0 1 23 24.1 55.5 28 c26 6 -1
0 1 7 24.1 56.0 28 c26 6 -1
0 1 6 24.1 56.0 28 c26 6 -1
0 1 2 24.1 56.0 28 c26 6 -1
0 1 7 24.0 56.0 28 c26 6 -1
0 1 9 24.1 55.5 28 c26 6 -1
0 1 18 24.1 55.5 28 c26 6 -1
0 1 7 24.1 55.5 28 c26 6 -1
0 1 15 24.0 56.0 28 c26 6 -1
0 1 13 24.0 56.0 28 c26 6 -1
0 1 11 24.1 56.0 28 c26 6 -1
0 1 11 24.0 56.0 28 c26 6 -1
0 1 10 24.0 56.0 28 c26 6 -1
0 1 13 24.0 56.0 28 c26 6 -1
0 1 10 24.0 56.0 28 c26 6 -1
0 1 12 24.0 56.0 28 c26 6 -1
0 1 9 24.1 56.0 28 c26 6 -1
0 1 10 24.0 55.5 28 c26 6 -1
0 1 19 24.0 55.5 28 c26 6 -1
0 1 22 24.0 55.5 28 c26 6 -1
0 1 8 24.1 55.5 30 c26 6 -1
0 1 0 24.0 55.5 30 c26 6 -1
1 1 18 24.0 55.5 26 c26 6 -1
0 1 8 23.9 55.5 30 c26 6 -1
0 1 20 24.0 55.5 30 c26 6 -1
0 1 14 23.9 55.5 28 c26 6 -1
0 1 14 23.9 55.5 28 c26 6 -1
0 1 0 23.9 55.5 30 c26 6 -1
0 1 2 23.9 56.0 30 c26 6 -1
0 1 0 23.9 56.0 30 c26 6 -1
0 1 0 23.9 56.0 30 c26 6 -1
0 1 0 23.9 56.0 32 c26 6 -1
0 1 3 23.8 56.0 32 c26 6 -1
0 1 0 23.9 56.0 31 c26 6 -1
0 1 4 23.8 56.0 31 c26 6 -1
0 1 0 23.9 56.5 31 c26 6 -1
0 1 19 23.8 56.0 32 c26 6 -1
0 1 12 23.8 56.5 31 c26 6 -1
0 1 18 23.9 57.0 31 c26 6 -1
0 1 40 23.9 57.5 33 c26 6 -1
0 1 8 24.0 57.5 35 c26 6 -1
0 1 0 23.9 57.5 31 c26 6 -1
0 1 0 23.9 57.5 33 c26 6 -1
0 1 0 23.9 57.5 33 c26 6 -1
0 1 0 23.9 57.5 33 c26 6 -1
0 1 0 23.9 57.5 35 c26 6 -1
0 1 7 23.8 57.5 33 c26 6 -1
0 1 17 23.8 57.0 22 c26 6 -1
0 1 0 23.8 57.0 10 c26 0 -1
0 1 0 23.8 57.0 12 c26 0 -1
0 1 0 23.7 57.0 12 c26 0 -1
0 1 0 23.7 56.5 12 c26 0 -1
0 1 0 23.7 56.5 12 c26 0 -1
0 1 0 23.6 56.5 12 c26 0 -1
0 1 0 23.6 56.0 12 c26 0 -1
0 1 0 23.6 56.0 12 c26 0 -1
0 1 0 23.6 56.0 14 c26 0 -1
0 1 0 23.6 56.0 14 c26 0 -1
0 1 0 23.6 56.0 14 c26 0 -1
0 1 0 23.6 56.0 14 c26 0 -1
0 1 0 23.5 56.0 14 c26 0 -1
0 1 0 23.6 56.5 14 c26 0 -1
0 1 0 23.6 57.0 14 c26 0 -1
0 1 0 23.6 57.5 14 c26 0 -1
0 1 0 23.6 57.5 12 c26 0 -1
0 1 0 23.5 57.5 12 c26 0 -1
0 1 0 23.6 58.0 12 c26 0 -1
0 1 0 23.6 58.0 12 c26 0 -1
0 1 0 23.7 58.0 12 c26 0 -1
0 1 0 23.7 58.0 12 c26 0 -1
0 1 0 23.7 57.5 12 c26 0 -1
0 1 0 23.6 57.5 10 c26 0 -1
0 1 0 23.7 58.0 10 c26 0 -1
0 1 0 23.7 57.5 14 c26 0 -1
0 1 0 23.7 57.5 12 c26 0 -1
0 1 0 23.7 57.5 12 c26 0 -1
0 1 0 23.7 58.0 12 c26 0 -1
0 1 0 23.7 58.0 12 c26 0 -1
0 1 0 23.7 58.0 12 c26 0 -1
0 1 0 23.7 58.0 12 c26 0 -1
0 1 0 23.7 58.0 10 c26 0 -1
0 1 0 23.7 58.5 10 c26 0 -1
0 1 0 23.8 58.5 10 c26 0 -1
0 1 0 23.8 58.5 10 c26 0 -1
0 1 0 23.8 58.5 10 c26 0 -1
0 1 0 23.8 58.5 10 c26 0 -1
0 1 0 23.8 59.0 10 c26 0 -1
0 1 0 23.8 58.5 10 c26 0 -1
0 1 0 23.8 58.5 10 c26 0 -1
0 1 0 23.8 58.0 12 c26 0 -1
0 1 0 23.8 58.0 12 c26 0 -1
0 1 0 23.8 57.5 10 c26 0 -1
0 1 0 23.8 57.5 12 c26 0 -1
0 1 0 23.8 57.5 12 c26 0 -1
0 1 0 23.8 57.0 12 c26 0 -1
0 1 0 23.8 57.0 12 c26 0 -1
0 1 0 23.8 57.0 12 c26 0 -1
0 1 0 23.7 57.0 12 c26 0 -1
0 1 0 23.7 57.0 12 c26 0 -1
0 1 0 23.7 57.0 12 c26 0 -1
0 1 0 23.8 57.0 12 c26 0 -1
0 1 0 23.7 57.0 12 c26 0 -1
0 1 0 23.7 57.0 12 c26 0 -1
0 1 0 23.7 57.0 12 c26 0 -1
0 1 0 23.7 57.0 12 c26 0 -1
0 1 0 23.7 57.0 12 c26 0 -1
0 1 0 23.7 57.0 12 c26 0 -1
0 1 0 23.6 57.0 14 c26 0 -1
0 1 0 23.7 56.5 14 c26 0 -1
0 1 0 23.7 56.5 14 c26 0 -1
0 1 0 23.6 57.0 10 c26 0 -1
0 1 0 23.7 56.5 10 c26 0 -1
0 1 0 23.6 57.0 10 c26 0 -1
0 1 0 23.6 57.0 10 c26 0 -1
0 1 0 23.6 57.0 10 c26 0 -1
0 1 0 23.6 57.0 12 c26 0 -1
0 1 0 23.6 57.0 12 c26 0 -1
0 1 0 23.5 57.0 12 c26 0 -1
0 1 0 23.6 57.0 12 c26 0 -1
0 1 0 23.5 57.0 12 c26 0 -1
0 1 0 23.5 57.0 14 c26 0 -1
0 1 0 23.5 56.5 14 c26 0 -1
0 1 0 23.5 57.0 14 c26 0 -1
0 1 0 23.5 57.0 14 c26 0 -1
0 1 0 23.5 57.5 16 c26 0 -1
0 1 0 23.5 57.5 12 c26 0 -1
0 1 0 23.5 58.0 12 c26 0 -1
0 1 0 23.5 58.5 12 c26 0 -1
0 1 0 23.5 59.0 12 c26 0 -1
0 1 0 23.6 59.5 12 c26 0 -1
0 1 0 23.6 59.5 12 c26 0 -1
0 1 0 23.7 60.0 12 c26 0 -1
0 1 0 23.7 60.5 12 c26 0 -1
0 1 0 23.8 60.5 12 c26 0 -1
0 1 0 23.7 60.5 12 c26 0 -1
0 1 0 23.8 60.5 12 c26 0 -1
0 1 0 23.8 60.5 12 c26 0 -1
0 1 0 23.8 60.5 12 c26 0 -1
0 1 0 23.8 60.5 12 c26 0 -1
0 1 0 23.8 60.0 12 c26 0 -1
0 1 0 23.8 60.0 12 c26 0 -1
0 1 0 23.8 60.0 12 c26 0 -1
0 1 0 23.8 60.0 12 c26 0 -1
0 1 0 23.8 60.0 12 c26 0 -1
0 1 0 23.8 60.5 12 c26 0 -1
0 1 0 23.8 60.5 12 c26 0 -1
0 1 0 23.8 60.5 14 c26 0 -1
0 1 0 23.8 60.5 14 c26 0 -1
0 1 0 23.9 60.0 14 c26 0 -1
0 1 0 24.0 60.0 14 c26 0 -1
0 1 0 23.9 60.0 14 c26 0 -1
0 1 0 23.9 60.5 14 c26 0 -1
0 1 0 23.9 60.5 14 c26 0 -1
0 1 0 24.0 61.0 14 c26 0 -1
0 1 0 24.0 61.0 14 c26 0 -1
0 1 0 24.0 61.5 14 c26 0 -1
0 1 0 24.0 61.5 14 c26 0 -1
0 1 1 24.1 62.0 10 -1 0 -1
0 1 25 24.1 62.0 1 -1 0 7
0 1 0 24.2 62.5 1 -1 0 7
0 1 2 24.1 62.5 1 -1 0 7
0 1 0 24.2 62.5 1 -1 0 7
0 1 0 24.3 62.5 1 -1 0 7
0 1 0 24.4 62.5 1 -1 0 7
0 1 0 24.4 62.5 1 -1 0 7
0 1 0 24.5 63.0 1 -1 0 7
0 1 0 24.6 63.0 1 -1 0 7
0 1 0 24.7 63.0 1 -1 0 7
0 1 0 24.7 63.0 1 -1 0 7
0 1 0 24.9 63.5 1 -1 0 7
0 1 0 24.8 63.5 1 -1 0 7
0 1 0 24.9 63.5 1 -1 0 7
0 1 0 25.0 64.0 1 -1 0 7
0 1 0 25.0 64.0 1 -1 0 7
0 1 0 25.1 64.0 1 -1 0 7
0 1 0 25.1 64.5 1 -1 0 7
0 1 0 25.2 64.5 1 -1 0 7
0 1 0 25.2 64.5 1 -1 0 7
0 1 0 25.2 65.0 1 -1 0 7
0 1 0 25.3 65.0 1 -1 0 7
0 1 0 25.4 65.0 1 -1 0 7
0 1 0 25.3 65.0 1 -1 0 7
0 1 0 25.4 65.0 1 -1 0 7
0 1 0 25.5 65.5 1 -1 0 7
0 1 0 25.5 65.5 1 -1 0 7
0 1 0 25.5 65.5 1 -1 0 7
0 1 0 25.5 65.5 1 -1 0 7
0 1 0 25.6 65.5 1 -1 0 7
0 1 0 25.6 65.5 1 -1 0 7
0 1 0 25.7 66.0 1 -1 0 7
0 1 0 25.7 66.0 1 -1 0 7
0 1 0 25.7 66.0 1 -1 0 7
0 1 0 25.7 66.0 1 -1 0 7
0 1 0 25.7 66.0 1 -1 0 7
0 1 0 25.7 66.5 1 -1 0 7
0 1 0 25.8 66.5 1 -1 0 7
0 1 0 25.8 66.5 1 -1 0 7
0 1 0 25.9 66.5 1 -1 0 7
0 1 0 25.9 66.5 1 -1 0 7
0 1 0 26.0 66.5 1 -1 0 7
0 1 0 25.9 66.5 1 -1 0 7
0 1 0 26.0 66.5 1 -1 0 7
0 1 0 26.0 66.5 1 -1 0 7
0 1 0 26.0 66.5 4 -1 0 7
0 1 0 26.0 66.5 4 -1 0 7
0 1 0 26.1 67.0 2 -1 0 7
0 1 0 26.1 67.0 2 -1 0 7
0 1 0 26.1 67.0 2 -1 0 7
0 1 0 26.1 67.0 4 -1 0 7
0 1 0 26.2 67.0 2 -1 0 7
0 1 0 26.2 67.0 2 -1 0 7
0 1 0 26.2 67.0 2 -1 0 7
0 1 0 26.2 67.5 2 -1 0 7
0 1 0 26.2 67.5 2 -1 0 7
0 1 0 26.3 67.5 2 -1 0 7
0 1 0 26.3 67.5 2 -1 0 7
0 1 0 26.3 67.5 2 -1 0 7
0 1 0 26.3 67.5 2 -1 0 7
0 1 0 26.3 67.5 2 -1 0 7
0 1 0 26.4 67.5 2 -1 0 7
0 1 0 26.3 67.5 2 -1 0 7
0 1 1 26.4 67.5 2 -1 0 7
0 1 11 26.5 67.5 2 -1 0 7
0 1 20 26.5 67.5 21 -1 5 7
0 1 11 26.4 68.0 32 -1 5 7
0 1 19 26.5 68.0 32 -1 5 7
0 1 2 26.4 68.0 32 -1 5 7
0 1 14 26.5 68.0 32 c26 5 7
0 1 19 26.6 68.5 34 c26 5 7
0 1 36 26.5 68.0 34 c26 5 7
0 1 8 26.5 67.5 34 c26 5 7
0 1 0 26.5 66.5 34 c26 5 7
0 1 0 26.3 66.0 32 c26 5 7
0 1 7 26.3 65.0 32 c26 5 7
0 1 30 26.1 64.5 32 c26 5 7
0 1 0 26.1 63.5 32 c26 5 7
0 1 0 26.0 62.5 32 c26 5 7
0 1 0 25.8 62.0 32 c26 5 7
0 1 0 25.6 61.5 32 c26 5 7
0 1 0 25.5 61.0 32 c26 5 7
0 1 0 25.4 60.0 32 c26 5 7
0 1 0 25.4 59.5 32 c26 5 7
0 1 0 25.2 59.0 32 c26 5 7
0 1 0 25.2 59.0 32 c26 5 7
0 1 2 25.1 58.0 32 c26 5 7
0 1 0 24.9 57.5 34 c26 5 7
0 1 0 24.9 57.5 34 c26 5 7
0 1 0 24.9 57.5 34 c26 5 7
0 1 0 24.8 57.0 34 c26 5 7
0 1 0 24.7 56.5 34 c26 5 7
0 1 0 24.7 56.5 34 c26 5 7
0 1 0 24.7 56.0 34 c26 5 7
0 1 0 24.6 56.0 34 c26 5 7
0 1 2 24.5 55.5 32 c26 5 7
0 1 0 24.5 55.5 32 c26 5 7
0 1 0 24.4 55.5 32 c26 5 7
0 1 0 24.4 55.0 32 c26 5 7
0 1 0 24.3 55.5 32 c26 5 7
0 1 0 24.3 55.0 32 c26 5 7
0 1 0 24.3 55.0 32 c26 5 7
0 1 0 24.2 55.0 32 c26 5 7
0 1 0 24.2 55.0 32 c26 5 7
0 1 0 24.1 55.0 32 c26 5 7
0 1 0 24.1 55.0 32 c26 5 7
0 1 0 24.1 55.0 32 c26 5 7
0 1 0 24.0 55.0 32 c26 5 7
0 1 1 24.0 55.0 30 c26 5 7
0 1 0 24.0 55.0 30 c26 5 7
0 1 0 23.9 55.0 30 c26 5 7
0 1 0 23.9 55.0 30 c26 5 7
0 1 0 23.9 54.5 30 c26 5 7
0 1 0 23.8 54.5 34 c26 5 7
0 1 0 23.9 54.5 34 c26 5 7
0 1 5 23.8 54.5 34 c26 5 7
0 1 0 23.9 54.5 34 c26 5 7
0 1 0 23.7 54.5 34 c26 5 7
0 1 0 23.8 54.5 34 c26 5 7
0 1 0 23.7 54.5 34 c26 5 7
0 1 0 23.6 54.5 34 c26 5 7
0 1 0 23.6 54.5 34 c26 5 7
0 1 0 23.6 54.5 32 c26 5 7
0 1 0 23.6 54.5 34 c26 5 7
0 1 9 23.6 54.5 32 c26 5 7
0 1 2 23.7 54.5 32 c26 5 7
0 1 0 23.6 55.0 32 c26 5 7
0 1 0 23.7 54.5 34 c26 5 7
0 1 0 23.6 55.0 32 c26 5 7
0 1 0 23.6 55.0 29 c26 5 7
0 1 0 23.5 54.5 29 c26 5 7
0 1 0 23.6 55.0 27 c26 5 7
0 1 0 23.5 55.0 31 c26 5 7
0 1 0 23.6 55.0 31 c26 5 7
0 1 0 23.6 55.0 31 c26 5 7
0 1 1 23.6 54.5 31 c26 5 7
0 1 0 23.6 54.5 31 c26 5 7
0 1 0 23.6 55.0 31 c26 5 7
0 1 0 23.5 55.0 31 c26 5 7
0 1 0 23.6 55.0 31 c26 5 7
0 1 0 23.6 55.0 31 c26 5 7
0 1 0 23.6 55.0 31 c26 5 7
0 1 0 23.6 55.0 31 c26 5 7
0 1 0 23.6 55.5 31 c26 5 7
0 1 0 23.6 55.5 31 c26 5 7
0 1 0 23.6 55.5 31 c26 5 7
0 1 3 23.6 55.5 31 c26 5 7
0 1 0 23.6 55.5 31 c26 5 7
0 1 2 23.6 55.5 27 c26 5 7
0 1 0 23.7 55.5 29 c26 5 7
0 1 0 23.6 55.0 32 c26 5 7
0 1 0 23.5 55.0 32 c26 5 7
0 1 3 23.6 55.0 32 c26 5 7
0 1 0 23.6 55.0 32 c26 5 7
0 1 0 23.5 55.0 32 c26 5 7
0 1 0 23.6 55.0 32 c26 5 7
0 1 0 23.6 55.0 34 c26 5 7
0 1 0 23.4 55.0 34 c26 5 7
0 1 0 23.4 55.0 34 c26 5 7
0 1 0 23.5 55.0 34 c26 5 7
0 1 0 23.4 55.0 34 c26 5 7
0 1 1 23.4 55.0 32 c26 5 7
0 1 0 23.4 55.0 32 c26 5 7
0 1 0 23.4 55.0 29 c26 5 7
0 1 0 23.3 55.0 29 c26 5 7
0 1 0 23.3 54.5 29 c26 5 7
0 1 24 23.3 54.5 29 c26 5 7
0 1 8 23.4 54.5 29 c26 5 7
0 1 1 23.3 55.5 31 c26 5 7
0 1 0 23.4 55.5 31 c26 5 7
0 1 7 23.5 56.5 31 c26 5 7
0 1 0 23.6 56.0 29 c26 5 7
0 1 0 23.7 57.5 29 c26 5 7
0 1 4 23.8 61.5 27 c26 5 7
0 1 0 24.0 64.0 27 c26 5 7
0 1 0 24.2 66.0 27 c26 5 7
0 1 2 24.4 66.5 27 c26 5 7
0 1 0 24.7 68.0 31 c26 5 7
0 1 0 24.7 68.5 31 c26 5 7
0 1 0 24.8 68.5 29 c26 5 7
0 1 2 24.9 69.0 29 c26 5 7
0 1 0 25.0 70.0 29 c26 5 7
0 1 0 25.1 70.0 29 c26 5 7
0 1 0 25.2 70.5 29 c26 5 7
0 1 0 25.3 71.0 29 c26 5 7
0 1 3 25.4 71.5 27 c26 5 7
0 1 3 25.5 71.5 27 c26 5 7
0 1 3 25.5 72.5 27 c26 5 7
0 1 0 25.6 72.5 27 c26 5 7
0 1 2 25.7 72.5 25 c26 5 7
0 1 0 25.7 72.0 25 c26 5 7
0 1 0 25.7 72.0 29 c26 5 7
0 1 0 25.7 71.5 29 c26 5 7
0 1 0 25.8 71.5 27 c26 5 7
0 1 3 25.8 71.5 27 c26 5 7
0 1 3 25.8 72.0 27 c26 5 7
0 1 22 25.8 71.5 27 c26 5 7
0 1 0 25.8 72.0 27 c26 5 7
0 1 0 25.8 71.5 25 c26 5 7
0 1 6 25.8 71.5 25 c26 5 7
0 1 16 25.9 71.0 25 c26 5 7
0 1 5 25.9 71.0 25 c26 5 7
0 1 0 25.9 71.0 28 c26 5 7
0 1 7 25.9 70.5 26 c26 5 7
0 1 0 26.0 70.5 26 c26 5 7
0 1 1 26.0 70.5 26 c26 5 7
0 1 0 26.0 70.5 26 c26 5 7
0 1 0 25.9 70.0 26 c26 5 7
0 1 0 26.0 70.0 24 c26 5 7
0 1 4 26.0 70.0 24 c26 5 7
0 1 12 26.0 69.5 24 c26 5 7
0 1 0 26.1 70.0 24 c26 5 7
0 1 2 26.0 70.0 24 c26 5 7
0 1 4 26.1 70.0 24 c26 5 7
0 1 0 26.1 70.0 24 c26 5 7
0 1 0 26.1 70.0 22 c26 5 7
0 1 5 26.0 70.0 22 c26 5 7
0 1 0 26.1 69.5 22 c26 5 7
0 1 0 26.1 69.5 22 c26 5 7
0 1 0 26.2 70.0 22 c26 5 7
0 1 0 26.2 69.5 26 c26 5 7
0 1 8 26.2 69.5 26 c26 5 7
0 1 2 26.2 69.0 26 c26 5 7
0 1 9 26.2 69.0 26 c26 5 7
0 1 0 26.2 69.0 26 c26 5 7
0 1 20 26.1 69.0 24 c26 5 7
0 1 8 26.1 69.0 24 c26 5 7
0 1 0 26.2 69.0 24 c26 5 7
0 1 5 26.2 68.5 24 c26 5 7
0 1 0 26.2 68.5 24 c26 5 7
0 1 0 26.2 68.0 24 c26 5 7
0 1 0 26.2 68.0 24 c26 5 7
0 1 2 26.2 68.0 24 c26 5 7
0 1 0 26.2 68.5 24 c26 5 7
0 1 2 26.3 68.0 24 c26 5 7
0 1 2 26.3 68.5 24 c26 5 7
0 1 0 26.4 68.5 24 c26 5 7
0 1 0 26.3 68.5 24 c26 5 7
0 1 0 26.3 68.5 24 c26 5 7
0 1 0 26.4 68.5 22 c26 5 7
0 1 3 26.4 68.5 22 c26 5 7
0 1 4 26.4 69.0 22 c26 5 7
0 1 0 26.4 69.0 22 c26 5 7
0 1 0 26.4 69.5 22 c26 5 7
0 1 0 26.4 69.5 22 c26 5 7
0 1 0 26.5 69.5 22 c26 5 7
0 1 17 26.5 69.5 22 c26 5 7
0 1 0 26.5 69.5 20 c26 5 7
0 1 0 26.5 69.5 20 c26 5 7
0 1 0 26.5 69.5 20 c26 5 7
0 1 0 26.5 69.5 24 c26 5 7
0 1 0 26.5 69.5 24 c26 5 7
0 1 0 26.5 69.0 24 c26 5 7
0 1 22 26.5 69.5 20 c26 5 7
0 1 4 26.6 69.5 5 c26 0 7
0 1 0 26.6 69.5 5 c26 0 7
0 1 0 26.6 69.5 5 c26 0 7
0 1 0 26.6 69.5 5 c26 0 7
0 1 0 26.5 69.5 5 c26 0 7
0 1 0 26.6 69.5 5 c26 0 7
0 1 0 26.5 69.0 3 c26 0 7
0 1 0 26.5 69.0 3 c26 0 7
0 1 0 26.6 69.0 6 c26 0 7
0 1 0 26.5 69.0 3 c26 0 7
0 1 0 26.5 68.5 6 c26 0 7
0 1 0 26.6 68.0 6 c26 0 7
0 1 0 26.6 68.0 6 c26 0 7
0 1 0 26.6 68.0 6 c26 0 7
0 1 0 26.5 68.0 4 c26 0 7
0 1 0 26.6 67.5 4 c26 0 7
0 1 0 26.5 68.0 4 c26 0 7
0 1 0 26.5 67.5 4 c26 0 7
0 1 0 26.6 67.5 4 c26 0 7
0 1 0 26.5 67.0 4 c26 0 7
0 1 0 26.5 67.0 4 c26 0 7
0 1 0 26.5 66.5 2 c26 0 7
0 1 0 26.5 66.5 2 c26 0 7
0 1 0 26.4 66.5 2 c26 0 7
0 1 0 26.5 66.0 2 c26 0 7
0 1 0 26.5 66.0 2 c26 0 7
0 1 0 26.4 66.0 2 c26 0 7
0 1 0 26.5 66.0 1 c26 0 7
0 1 0 26.5 66.0 1 c26 0 7
0 1 0 26.5 66.0 4 c26 0 7
0 1 0 26.5 65.5 4 c26 0 7
0 1 0 26.4 66.0 4 c26 0 7
0 1 0 26.5 66.0 4 c26 0 7
0 1 0 26.5 66.0 2 c26 0 7
0 1 0 26.5 66.0 2 c26 0 7
0 1 0 26.5 66.0 2 c26 0 7
0 1 0 26.5 65.5 2 c26 0 7
0 1 0 26.5 65.5 2 c26 0 7
0 1 0 26.5 65.5 2 c26 0 7
0 1 0 26.5 65.0 1 c26 0 7
0 1 0 26.5 65.0 1 c26 0 7
0 1 0 26.5 65.0 1 c26 0 7
0 1 0 26.5 65.0 1 c26 0 7
0 1 0 26.6 65.0 1 c26 0 7
0 1 0 26.5 65.0 1 c26 0 7
0 1 0 26.5 64.5 2 c26 0 7
0 1 0 26.5 64.5 2 c26 0 7
0 1 0 26.6 64.5 2 c26 0 7
0 1 0 26.5 64.5 2 c26 0 7
0 1 0 26.6 64.0 2 c26 0 7
0 1 0 26.6 64.5 2 c26 0 7
0 1 12 26.6 64.0 14 c26 0 7
0 1 21 26.5 64.5 25 c26 6 7
0 1 18 26.5 64.0 23 c26 6 7
0 1 0 26.5 63.5 23 c26 6 7
0 1 0 26.5 63.0 23 c26 6 7
0 1 0 26.3 62.0 23 c26 6 7
0 1 0 26.2 61.5 23 c26 6 7
0 1 0 26.0 60.5 23 c26 6 7
0 1 0 26.0 60.0 23 c26 6 7
0 1 16 25.9 59.5 23 c26 6 7
0 1 7 25.7 59.0 23 c26 6 7
0 1 14 25.7 58.5 21 c26 6 7
0 1 0 25.6 58.0 21 c26 6 7
0 1 0 25.5 57.5 21 c26 6 7
0 1 0 25.4 57.0 21 c26 6 7
0 1 3 25.4 57.0 21 c26 6 7
0 1 3 25.3 56.0 21 c26 6 7
0 1 0 25.2 56.0 21 c26 6 7
0 1 0 25.2 56.0 25 c26 6 7
0 1 3 25.1 55.5 25 c26 6 7
0 1 17 25.0 55.0 25 c26 6 7
0 1 4 25.0 55.0 25 c26 6 7
0 1 0 25.0 55.0 25 c26 6 7
0 1 1 24.9 54.5 25 c26 6 7
0 1 0 24.8 54.5 25 c26 6 7
0 1 0 24.7 54.0 25 c26 6 7
0 1 1 24.7 54.0 25 c26 6 7
0 1 14 24.6 54.0 25 c26 6 7
0 1 0 24.6 53.5 25 c26 6 7
0 1 0 24.5 53.5 25 c26 6 7
0 1 1 24.5 53.5 25 c26 6 7
0 1 0 24.4 53.0 25 c26 6 7
0 1 0 24.4 53.0 25 c26 6 7
0 1 5 24.3 53.0 23 c26 6 7
0 1 0 24.3 52.5 25 c26 6 7
0 1 1 24.3 52.5 23 c26 6 7
0 1 9 24.2 52.5 23 c26 6 7
0 1 3 24.1 52.5 23 c26 6 7
0 1 0 24.1 52.5 23 c26 6 7
0 1 1 24.1 52.5 23 c26 6 7
0 1 0 24.0 52.5 23 c26 6 7
0 1 0 24.1 52.5 23 c26 6 7
0 1 7 24.0 52.5 23 c26 6 7
0 1 0 24.0 52.5 23 c26 6 7
0 1 0 23.9 52.5 23 c26 6 7
0 1 0 23.9 52.5 23 c26 6 7
0 1 0 23.8 52.5 23 c26 6 7
0 1 0 23.9 52.0 23 c26 6 7
0 1 0 23.8 52.0 23 c26 6 7
0 1 2 23.8 52.0 23 c26 6 7
0 1 0 23.8 53.0 23 c26 6 7
0 1 0 23.8 53.5 23 c26 6 7
0 1 0 23.9 54.5 23 c26 6 7
0 1 0 24.0 55.5 23 c26 6 7
0 1 0 24.0 56.5 23 c26 6 7
0 1 0 24.1 57.0 23 c26 6 7
0 1 0 24.2 58.0 23 c26 6 7
0 1 2 24.1 58.5 23 c26 6 7
0 1 1 24.3 59.0 23 c26 6 7
0 1 0 24.2 59.5 23 c26 6 7
0 1 0 24.3 60.0 23 c26 6 7
0 1 0 24.3 60.5 23 c26 6 7
0 1 10 24.4 61.0 23 c26 6 7
0 1 0 24.5 61.0 23 c26 6 7
0 1 3 24.6 61.5 23 c26 6 7
0 1 20 24.6 62.0 23 c26 6 7
0 1 0 24.6 61.5 23 c26 6 7
0 1 15 24.6 61.0 23 c26 6 7
0 1 3 24.5 60.5 23 c26 6 7
0 1 0 24.5 60.0 23 c26 6 7
0 1 0 24.5 59.5 23 c26 6 7
0 1 0 24.3 59.0 23 c26 6 7
0 1 1 24.3 58.5 23 c26 6 7
0 1 0 24.3 58.0 23 c26 6 7
0 1 0 24.2 57.5 23 c26 6 7
0 1 0 24.2 57.0 23 c26 6 7
0 1 0 24.1 56.5 23 c26 6 7
0 1 4 24.0 56.5 23 c26 6 7
0 1 3 24.0 56.0 23 c26 6 7
0 1 0 24.0 55.5 23 c26 6 7
0 1 0 23.9 55.5 23 c26 6 7
0 1 0 23.9 55.0 23 c26 6 7
0 1 1 23.8 55.0 23 c26 6 7
0 1 8 23.8 55.0 23 c26 6 7
0 1 0 23.8 54.5 23 c26 6 7
0 1 0 23.8 54.5 23 c26 6 7
1 1 20 23.8 54.5 23 c26 6 7
0 1 0 23.7 54.0 23 c26 6 7
0 1 0 23.7 54.0 23 c26 6 7
0 1 2 23.6 54.0 23 c26 6 7
0 1 0 23.6 53.5 23 c26 6 7
0 1 0 23.6 53.5 23 c26 6 7
0 1 0 23.6 53.5 23 c26 6 7
0 1 14 23.5 53.5 23 c26 6 7
0 1 5 23.5 53.5 23 c26 6 7
0 1 5 23.4 53.5 23 c26 6 7
0 1 0 23.5 53.5 23 c26 6 7
0 1 0 23.4 53.0 23 c26 6 7
0 1 0 23.5 53.5 23 c26 6 7
0 1 0 23.4 54.0 23 c26 6 7
0 1 0 23.4 55.0 23 c26 6 7
0 1 0 23.4 55.5 23 c26 6 7
0 1 0 23.6 57.0 23 c26 6 7
0 1 0 23.6 57.5 23 c26 6 7
0 1 0 23.7 58.0 23 c26 6 7
0 1 0 23.7 59.0 23 c26 6 7
0 1 2 23.7 59.5 23 c26 6 7
0 1 10 23.8 60.0 23 c26 6 7
0 1 0 23.9 60.5 23 c26 6 7
0 1 0 23.9 61.0 23 c26 6 7
0 1 7 24.0 61.5 23 c26 6 7
0 1 1 24.1 61.5 23 c26 6 7
0 1 1 24.1 62.0 23 c26 6 7
0 1 3 24.1 62.0 23 c26 6 7
0 1 1 24.2 62.5 23 c26 6 7
0 1 4 24.2 62.5 23 c26 6 7
0 1 0 24.3 63.0 23 c26 6 7
0 1 0 24.3 62.5 23 c26 6 7
0 1 2 24.3 62.0 23 c26 6 7
0 1 2 24.2 61.5 23 c26 6 7
0 1 0 24.2 60.5 23 c26 6 7
0 1 0 24.1 60.0 23 c26 6 7
0 1 0 24.1 59.5 23 c26 6 7
0 1 1 24.0 59.0 23 c26 6 7
0 1 0 23.9 58.5 23 c26 6 7
0 1 0 23.9 58.0 23 c26 6 7
0 1 6 23.8 57.5 23 c26 6 7
0 1 6 23.8 57.0 23 c26 6 7
0 1 2 23.7 56.5 23 c26 6 7
0 1 0 23.8 56.5 23 c26 6 7
0 1 0 23.7 56.5 23 c26 6 7
0 1 0 23.6 56.0 23 c26 6 7
0 1 0 23.7 56.0 23 c26 6 7
0 1 0 23.6 55.5 23 c26 6 7
0 1 3 23.5 55.5 23 c26 6 7
0 1 1 23.5 55.0 23 c26 6 7
0 1 2 23.5 55.0 23 c26 6 7
0 1 1 23.5 55.0 23 c26 6 7
0 1 0 23.5 55.5 23 c26 6 7
0 1 1 23.4 56.5 23 c26 6 7
0 1 0 23.6 57.0 23 c26 6 7
0 1 0 23.6 58.0 23 c26 6 7
0 1 0 23.6 58.5 23 c26 6 7
0 1 0 23.7 59.0 23 c26 6 7
0 1 2 23.7 60.0 23 c26 6 7
0 1 0 23.8 60.5 23 c26 6 7
0 1 1 23.8 61.0 23 c26 6 7
0 1 0 23.8 61.5 23 c26 6 7
0 1 0 23.9 62.0 23 c26 6 7
0 1 5 24.0 62.0 23 c26 6 7
0 1 1 24.0 62.5 23 c26 6 7
0 1 3 24.1 62.5 23 c26 6 7
0 1 0 24.1 63.0 23 c26 6 7
0 1 2 24.2 63.5 23 c26 6 7
0 1 5 24.3 63.5 23 c26 6 7
0 1 2 24.2 63.5 23 c26 6 7
0 1 3 24.2 63.0 23 c26 6 7
0 1 0 24.2 62.5 23 c26 6 7
0 1 5 24.1 61.5 23 c26 6 7
0 1 6 24.1 60.5 23 c26 6 7
0 1 17 24.1 60.0 21 c26 6 7
0 1 31 24.0 59.5 21 c26 6 7
0 1 29 23.9 59.0 21 c26 6 7
0 1 18 23.9 58.5 23 c26 6 7
0 1 13 23.9 58.0 23 c26 6 7
0 1 20 23.8 57.5 23 c26 6 7
0 1 29 23.7 57.5 23 c26 6 7
0 1 22 23.7 57.0 23 c26 6 7
0 1 22 23.7 57.0 23 c26 6 7
0 1 25 23.6 56.5 23 c26 6 7
0 1 20 23.6 56.0 23 c26 6 7
0 1 21 23.5 55.5 23 c26 6 7
0 1 30 23.5 55.5 23 c26 6 7
0 1 9 23.5 55.5 23 c26 6 7
0 1 18 23.5 55.0 23 c26 6 7
0 1 4 23.4 55.0 23 c26 6 7
0 1 8 23.4 55.0 23 c26 6 7
0 1 14 23.4 55.5 23 c26 6 7
0 1 15 23.4 56.5 23 c26 6 7
0 1 10 23.5 57.5 23 c26 6 7
0 1 12 23.6 58.5 23 c26 6 7
0 1 12 23.7 59.0 23 c26 6 7
0 1 16 23.7 59.5 23 c26 6 7
0 1 16 23.7 60.0 23 c26 6 7
0 1 9 23.8 61.0 23 c26 6 7
0 1 21 23.8 61.0 21 c26 6 7
0 1 16 23.9 62.0 23 c26 6 7
0 1 4 24.0 62.0 23 c26 6 7
0 1 13 24.0 62.5 23 c26 6 7
0 1 31 24.1 63.0 21 c26 6 7
0 1 34 24.1 63.0 23 c26 6 7
0 1 10 24.1 63.0 23 c26 6 7
0 1 22 24.2 63.5 23 c26 6 7
0 1 23 24.3 63.5 23 c26 6 7
0 1 22 24.2 63.5 23 c26 6 7
0 1 11 24.3 63.0 23 c26 6 7
0 1 2 24.2 62.5 23 c26 6 7
0 1 14 24.1 62.0 23 c26 6 7
0 1 5 24.1 61.0 23 c26 6 7
0 1 5 24.0 60.5 23 c26 6 7
0 1 5 24.0 60.0 23 c26 6 7
0 1 3 23.9 59.5 23 c26 6 7
0 1 11 23.9 59.0 23 c26 6 7
0 1 17 23.8 58.5 23 c26 6 7
0 1 23 23.8 58.0 23 c26 6 7
0 1 10 23.7 57.5 23 c26 6 7
0 1 12 23.7 57.5 23 c26 6 7
0 1 10 23.6 57.0 23 c26 6 7
0 1 9 23.6 57.0 23 c26 6 7
0 1 13 23.6 56.5 23 c26 6 7
0 1 6 23.5 56.0 23 c26 6 7
0 1 30 23.5 55.5 21 c26 6 7
0 1 5 23.5 55.5 23 c26 6 7
0 1 0 23.5 56.0 23 c26 6 7
0 1 0 23.5 57.0 23 c26 6 7
0 1 9 23.6 58.0 23 c26 6 7
0 1 11 23.6 58.5 23 c26 6 7
0 1 3 23.6 59.5 23 c26 6 7
0 1 13 23.7 60.0 23 c26 6 7
0 1 11 23.7 60.5 23 c26 6 7
0 1 0 23.7 61.0 23 c26 6 7
0 1 6 23.8 61.5 23 c26 6 7
0 1 2 23.9 62.0 23 c26 6 7
0 1 0 23.9 62.0 23 c26 6 7
0 1 1 23.9 63.0 23 c26 6 7
0 1 7 24.0 63.0 23 c26 6 7
0 1 0 24.0 63.5 21 c26 6 7
0 1 5 24.1 63.5 23 c26 6 7
0 1 0 24.2 64.0 23 c26 6 7
0 1 2 24.2 64.0 23 c26 6 7
0 1 4 24.2 64.5 23 c26 6 7
0 1 30 24.2 64.5 23 c26 6 7
0 1 44 24.2 64.0 23 -1 6 7
0 1 22 24.2 64.0 21 -1 6 7
0 1 24 24.2 64.0 2 -1 0 7
0 1 0 24.1 64.0 2 -1 0 7
0 1 0 24.2 64.0 2 -1 0 7
0 1 0 24.3 64.0 2 -1 0 7
0 1 0 24.3 64.0 2 -1 0 7
0 1 0 24.3 63.5 2 -1 0 7
0 1 0 24.4 64.0 2 -1 0 7
0 1 0 24.4 63.5 2 -1 0 7
0 1 0 24.4 63.5 2 -1 0 7
0 1 0 24.5 63.5 2 -1 0 7
0 1 0 24.5 63.5 2 -1 0 7
0 1 0 24.5 63.5 2 -1 0 7
0 1 0 24.5 63.5 2 -1 0 7
0 1 0 24.6 63.5 2 -1 0 7
0 1 0 24.6 63.5 2 -1 0 7
0 1 0 24.6 63.5 2 -1 0 7
0 1 0 24.7 63.5 2 -1 0 7
0 1 0 24.6 63.5 2 -1 0 7
0 1 0 24.7 63.5 2 -1 0 7
0 1 0 24.7 63.5 2 -1 0 7
0 1 0 24.8 63.5 2 -1 0 7
0 1 0 24.8 63.5 2 -1 0 7
0 1 0 24.8 63.5 2 -1 0 7
0 1 0 24.8 64.0 2 -1 0 7
0 1 0 24.8 64.0 2 -1 0 7
0 1 0 24.9 63.5 2 -1 0 7
0 1 0 25.0 64.0 2 -1 0 7
0 1 0 25.0 64.0 2 -1 0 7
0 1 0 25.0 64.0 2 -1 0 7
0 1 0 25.1 64.0 2 -1 0 7
0 1 0 25.0 64.0 2 -1 0 7
0 1 0 25.1 64.0 2 -1 0 7
0 1 0 25.0 64.5 2 -1 0 7
0 1 0 25.1 64.5 2 -1 0 7
0 1 0 25.1 64.0 2 -1 0 7
0 1 0 25.1 64.5 2 -1 0 7
0 1 0 25.1 64.5 2 -1 0 7
0 1 0 25.1 64.5 2 -1 0 7
0 1 0 25.2 64.5 2 -1 0 7
0 1 0 25.2 64.5 2 -1 0 7
0 1 0 25.2 64.5 2 -1 0 7
0 1 0 25.3 64.5 2 -1 0 7
0 1 0 25.2 64.5 2 -1 0 7
0 1 0 25.3 65.0 2 -1 0 7
0 1 0 25.3 65.0 2 -1 0 7
0 1 0 25.3 65.0 2 -1 0 7
0 1 0 25.4 65.0 2 -1 0 7
0 1 0 25.4 65.0 2 -1 0 7
0 1 0 25.4 65.0 2 -1 0 7
0 1 0 25.4 65.0 2 -1 0 7
0 1 0 25.5 65.0 2 -1 0 7
0 1 0 25.5 65.5 2 -1 0 7
0 1 0 25.5 65.0 2 -1 0 7
0 1 0 25.5 65.5 2 -1 0 7
0 1 0 25.5 65.5 2 -1 0 7
0 1 0 25.6 65.5 2 -1 0 7
0 1 0 25.6 65.5 2 -1 0 7
0 1 0 25.6 65.5 2 -1 0 7
0 1 0 25.7 65.5 2 -1 0 7
0 1 0 25.7 65.5 2 -1 0 7
0 1 0 25.6 65.5 2 -1 0 7
0 1 0 25.7 65.5 2 -1 0 7
0 1 0 25.7 65.5 2 -1 0 7
0 1 0 25.7 65.5 2 -1 0 7
0 1 0 25.7 65.5 2 -1 0 7
0 1 0 25.7 65.5 2 -1 0 7
0 1 0 25.7 65.5 2 -1 0 7
0 1 0 25.8 66.0 2 -1 0 7
0 1 0 25.7 66.0 2 -1 0 7
0 1 0 25.8 66.0 2 -1 0 7
0 1 0 25.8 66.0 2 -1 0 7
0 1 0 25.9 66.0 2 -1 0 7
0 1 0 25.8 66.0 2 -1 0 7
0 1 0 25.9 66.0 2 -1 0 7
0 1 0 25.9 66.0 2 -1 0 7
0 1 0 25.9 66.0 2 -1 0 7
0 1 0 25.9 66.0 2 -1 0 7
0 1 0 25.9 66.0 2 -1 0 7
0 1 0 25.9 66.0 2 -1 0 7
0 1 0 26.0 66.0 2 -1 0 7
0 1 0 26.0 66.0 2 -1 0 7
0 1 0 25.9 66.0 2 -1 0 7
0 1 0 26.0 66.0 2 -1 0 7
0 1 0 26.0 66.0 2 -1 0 7
0 1 0 26.1 66.0 2 -1 0 7
0 1 0 26.1 66.0 2 -1 0 7
0 1 0 26.1 66.0 2 -1 0 7
0 1 0 26.0 66.0 2 -1 0 7
0 1 0 26.1 66.0 2 -1 0 7
0 1 0 26.1 66.0 2 -1 0 7
0 1 0 26.1 66.0 2 -1 0 7
0 1 0 26.1 66.0 2 -1 0 7
0 1 0 26.1 66.0 2 -1 0 7
0 1 0 26.2 66.0 2 -1 0 7
0 1 0 26.2 66.0 2 -1 0 7
0 1 0 26.2 66.0 2 -1 0 7
0 1 0 26.2 66.0 2 -1 0 7
0 1 0 26.1 66.0 2 -1 0 7
0 1 0 26.2 66.0 2 -1 0 7
0 1 0 26.2 66.0 2 -1 0 7
0 1 0 26.2 66.0 2 -1 0 7
0 1 0 26.3 66.0 2 -1 0 7
0 1 0 26.2 66.0 2 -1 0 7
0 1 0 26.3 66.0 2 -1 0 7
0 1 0 26.2 66.0 2 -1 0 7
0 1 0 26.3 66.0 2 -1 0 7
0 1 0 26.3 66.0 2 -1 0 7
0 1 0 26.3 66.5 2 -1 0 7
0 1 0 26.3 66.0 2 -1 0 7
0 1 0 26.3 66.5 2 -1 0 7
0 1 0 26.3 66.5 2 -1 0 7
0 1 0 26.4 66.5 2 -1 0 7
