0 1 0 28.0 56.0 2 -1 0
0 1 0 28.0 56.0 2 -1 0
0 1 0 27.9 56.0 2 -1 0
0 1 0 28.0 56.0 2 -1 0
0 1 0 27.9 56.0 2 -1 0
0 1 0 28.0 56.0 2 -1 0
0 1 0 28.0 56.5 2 -1 0
0 1 0 28.0 56.0 2 -1 0
0 1 0 28.0 56.0 2 -1 0
0 1 0 28.0 56.0 2 -1 0
0 1 0 28.0 56.0 2 -1 0
0 1 0 28.0 56.0 2 -1 0
0 1 0 28.0 56.0 2 -1 0
0 1 0 28.0 56.0 2 -1 0
0 1 0 28.0 56.0 2 -1 0
0 1 0 28.0 56.0 2 -1 0
0 1 0 28.0 56.0 2 -1 0
0 1 0 28.0 56.0 2 -1 0
0 1 0 27.9 56.0 2 -1 0
0 1 0 28.0 56.0 2 -1 0
0 1 0 28.0 56.0 2 -1 0
0 1 0 28.0 56.0 2 -1 0
0 1 0 28.0 56.0 2 -1 0
0 1 0 28.1 56.0 2 -1 0
0 1 0 28.0 56.0 2 -1 0
0 1 0 28.0 56.0 2 -1 0
0 1 0 28.0 56.0 2 -1 0
0 1 0 28.0 56.0 2 -1 0
0 1 0 28.0 56.0 2 -1 0
0 1 0 28.0 56.0 2 -1 0
0 1 0 28.0 56.0 2 -1 0
0 1 0 28.1 56.0 2 -1 0
0 1 0 28.0 56.0 2 -1 0
0 1 0 28.1 56.0 2 -1 0
0 1 0 28.0 56.0 2 -1 0
0 1 0 28.0 56.0 2 -1 0
0 1 0 28.1 56.5 2 -1 0
0 1 0 28.1 56.0 2 -1 0
0 1 0 28.0 56.0 2 -1 0
0 1 0 28.1 56.0 2 -1 0
0 1 0 28.1 56.0 2 -1 0
0 1 0 28.1 56.0 2 -1 0
0 1 0 28.1 56.0 2 -1 0
0 1 0 28.0 56.0 2 -1 0
0 1 0 28.0 56.0 2 -1 0
0 1 0 28.0 56.0 2 -1 0
0 1 0 28.1 56.0 2 -1 0
0 1 0 28.0 56.0 2 -1 0
0 1 0 28.1 56.0 2 -1 0
0 1 0 28.1 56.0 2 -1 0
0 1 0 28.0 56.0 2 -1 0
0 1 0 28.0 56.0 2 -1 0
0 1 0 28.0 56.0 2 -1 0
0 1 0 28.1 56.0 2 -1 0
0 1 0 28.0 56.0 2 -1 0
0 1 0 28.0 56.0 2 -1 0
0 1 0 28.1 56.0 2 -1 0
0 1 0 28.1 56.0 2 -1 0
0 1 0 28.1 56.0 2 -1 0
0 1 0 28.1 56.0 2 -1 0
0 1 0 28.1 56.0 2 -1 0
0 1 0 28.1 56.0 2 -1 0
0 1 0 28.0 56.0 2 -1 0
0 1 0 28.0 56.0 2 -1 0
0 1 0 28.1 56.0 2 -1 0
0 1 0 28.1 56.0 2 -1 0
0 1 0 28.0 56.0 2 -1 0
0 1 0 28.1 56.5 2 -1 0
0 1 0 28.1 56.0 2 -1 0
0 1 0 28.1 56.5 2 -1 0
0 1 0 28.1 56.5 2 -1 0
0 1 0 28.1 56.5 2 -1 0
0 1 0 28.1 56.5 2 -1 0
0 1 0 28.1 56.5 2 -1 0
0 1 0 28.0 56.5 2 -1 0
0 1 0 28.1 56.5 2 -1 0
0 1 0 28.1 56.5 2 -1 0
0 1 0 28.0 56.0 2 -1 0
0 1 0 28.0 56.5 2 -1 0
0 1 0 28.1 56.0 2 -1 0
0 1 0 28.1 56.0 2 -1 0
0 1 0 28.1 56.0 2 -1 0
0 1 0 28.0 56.0 2 -1 0
0 1 0 28.0 56.0 2 -1 0
0 1 0 28.0 56.0 2 -1 0
0 1 0 28.0 56.0 2 -1 0
0 1 0 28.1 56.0 2 -1 0
0 1 0 28.1 56.0 2 -1 0
0 1 0 28.0 56.0 2 -1 0
0 1 0 28.0 56.0 2 -1 0
0 1 0 28.1 56.0 2 -1 0
0 1 0 28.0 56.0 2 -1 0
0 1 0 28.1 56.0 2 -1 0
0 1 0 28.0 56.0 2 -1 0
0 1 0 28.1 56.0 2 -1 0
0 1 0 28.1 56.0 2 -1 0
0 1 0 28.1 56.0 2 -1 0
0 1 0 28.1 56.5 2 -1 0
0 1 0 28.1 56.5 2 -1 0
0 1 0 28.1 56.5 2 -1 0
0 1 0 28.1 56.5 2 -1 0
0 1 0 28.1 56.5 2 -1 0
0 1 0 28.1 56.5 2 -1 0
0 1 0 28.1 56.5 2 -1 0
0 1 0 28.1 56.5 2 -1 0
0 1 0 28.1 56.5 2 -1 0
0 1 0 28.1 56.5 2 -1 0
0 1 0 28.1 56.5 2 -1 0
0 1 0 28.1 56.5 2 -1 0
0 1 0 28.2 56.5 2 -1 0
0 1 0 28.1 56.5 2 -1 0
0 1 0 28.1 56.5 2 -1 0
0 1 0 28.1 56.5 2 -1 0
0 1 0 28.1 56.5 2 -1 0
0 1 0 28.1 56.5 2 -1 0
0 1 0 28.1 56.5 2 -1 0
0 1 0 28.1 56.5 2 -1 0
0 1 0 28.2 57.0 2 -1 0
0 1 0 28.1 57.0 2 -1 0
0 1 0 28.2 57.0 2 -1 0
0 1 0 28.2 57.0 2 -1 0
0 1 0 28.2 57.0 2 -1 0
0 1 0 28.1 57.0 2 -1 0
0 1 0 28.2 57.0 2 -1 0
0 1 0 28.2 57.5 2 -1 0
0 1 0 28.2 57.0 2 -1 0
0 1 0 28.2 57.5 2 -1 0
0 1 0 28.2 57.0 2 -1 0
0 1 0 28.2 57.0 2 -1 0
0 1 0 28.3 57.5 2 -1 0
0 1 0 28.1 57.5 2 -1 0
0 1 0 28.2 57.5 2 -1 0
0 1 0 28.2 57.5 2 -1 0
0 1 0 28.2 57.5 2 -1 0
0 1 0 28.2 57.5 2 -1 0
0 1 0 28.2 57.0 2 -1 0
0 1 0 28.2 57.0 2 -1 0
0 1 0 28.2 57.0 2 -1 0
0 1 0 28.1 57.0 2 -1 0
0 1 0 28.1 57.0 2 -1 0
0 1 0 28.1 57.0 2 -1 0
0 1 0 28.1 57.0 2 -1 0
0 1 0 28.2 57.0 2 -1 0
0 1 0 28.1 57.0 2 -1 0
0 1 0 28.2 57.0 2 -1 0
0 1 0 28.2 57.0 2 -1 0
0 1 0 28.2 57.5 2 -1 0
0 1 0 28.2 57.0 2 -1 0
0 1 0 28.2 57.0 2 -1 0
0 1 0 28.2 57.5 2 -1 0
0 1 0 28.1 58.0 2 -1 0
0 1 0 28.2 58.0 2 -1 0
0 1 0 28.2 58.0 2 -1 0
0 1 0 28.1 58.0 2 -1 0
0 1 0 28.2 57.5 2 -1 0
0 1 0 28.2 58.0 2 -1 0
0 1 0 28.2 58.0 2 -1 0
0 1 0 28.1 58.0 2 -1 0
0 1 0 28.2 58.0 2 -1 0
0 1 0 28.1 58.0 2 -1 0
0 1 0 28.2 58.0 2 -1 0
0 1 0 28.2 58.0 2 -1 0
0 1 0 28.1 57.5 2 -1 0
0 1 0 28.2 57.5 2 -1 0
0 1 0 28.1 57.5 2 -1 0
0 1 0 28.2 57.5 2 -1 0
0 1 0 28.2 57.5 2 -1 0
0 1 0 28.2 57.5 2 -1 0
0 1 0 28.2 58.0 2 -1 0
0 1 0 28.1 58.0 2 -1 0
0 1 0 28.2 58.0 2 -1 0
0 1 0 28.2 58.5 2 -1 0
0 1 0 28.2 59.0 2 -1 0
0 1 0 28.2 59.0 2 -1 0
0 1 0 28.2 59.5 2 -1 0
0 1 0 28.2 59.5 2 -1 0
0 1 0 28.2 59.5 2 -1 0
0 1 0 28.2 60.0 2 -1 0
0 1 0 28.1 60.0 2 -1 0
0 1 0 28.2 59.5 2 -1 0
0 1 0 28.2 59.5 2 -1 0
0 1 0 28.2 59.5 2 -1 0
0 1 0 28.3 60.0 2 -1 0
0 1 0 28.2 60.0 2 -1 0
0 1 0 28.3 60.0 2 -1 0
0 1 0 28.2 60.0 2 -1 0
0 1 0 28.2 59.5 2 -1 0
0 1 0 28.3 59.5 2 -1 0
0 1 0 28.2 59.5 2 -1 0
0 1 0 28.2 60.0 2 -1 0
0 1 0 28.3 60.0 2 -1 0
0 1 0 28.2 60.5 2 -1 0
0 1 0 28.3 60.5 2 -1 0
0 1 0 28.2 60.0 2 -1 0
0 1 0 28.2 60.0 2 -1 0
0 1 0 28.2 60.0 2 -1 0
0 1 0 28.2 61.0 2 -1 0
0 1 0 28.2 61.5 2 -1 0
0 1 0 28.2 61.0 2 -1 0
0 1 0 28.2 61.0 2 -1 0
0 1 0 28.2 61.0 2 -1 0
0 1 0 28.2 60.5 2 -1 0
0 1 0 28.3 61.0 2 -1 0
0 1 0 28.3 60.5 2 -1 0
0 1 0 28.2 60.5 2 -1 0
0 1 0 28.2 60.5 2 -1 0
0 1 0 28.2 60.5 2 -1 0
0 1 0 28.3 60.5 2 -1 0
0 1 0 28.3 60.0 2 -1 0
0 1 0 28.2 59.5 2 -1 0
0 1 0 28.2 59.5 2 -1 0
0 1 0 28.3 59.5 2 -1 0
0 1 0 28.2 59.5 2 -1 0
0 1 0 28.3 59.0 2 -1 0
0 1 0 28.3 59.0 2 -1 0
0 1 0 28.1 59.0 2 -1 0
0 1 0 28.1 59.0 2 -1 0
0 1 0 28.1 58.5 2 -1 0
0 1 0 28.2 58.5 2 -1 0
0 1 0 28.1 58.5 2 -1 0
0 1 0 28.2 58.5 2 -1 0
0 1 0 28.1 59.0 2 -1 0
0 1 0 28.1 59.5 2 -1 0
0 1 0 28.2 60.0 2 -1 0
0 1 0 28.2 60.0 2 -1 0
0 1 0 28.2 59.5 2 -1 0
0 1 0 28.2 59.0 2 -1 0
0 1 0 28.2 59.0 2 -1 0
0 1 0 28.1 59.0 2 -1 0
0 1 0 28.1 59.0 2 -1 0
0 1 0 28.2 59.0 2 -1 0
0 1 0 28.2 59.0 2 -1 0
0 1 0 28.2 58.5 2 -1 0
0 1 0 28.1 58.5 2 -1 0
0 1 0 28.1 58.5 2 -1 0
0 1 0 28.1 58.5 2 -1 0
0 1 0 28.2 58.5 2 -1 0
0 1 0 28.1 58.0 2 -1 0
0 1 0 28.2 58.0 2 -1 0
0 1 0 28.2 58.0 2 -1 0
0 1 0 28.1 58.0 2 -1 0
0 1 0 28.1 58.0 2 -1 0
0 1 0 28.1 58.0 2 -1 0
0 1 0 28.1 58.0 2 -1 0
0 1 0 28.0 58.0 2 -1 0
0 1 0 28.1 58.0 2 -1 0
0 1 0 28.1 57.5 2 -1 0
0 1 0 28.1 57.5 2 -1 0
0 1 0 28.2 58.0 2 -1 0
0 1 0 28.1 57.5 2 -1 0
0 1 0 28.1 58.0 2 -1 0
0 1 0 28.1 58.0 2 -1 0
0 1 0 28.1 58.0 2 -1 0
0 1 0 28.2 58.5 2 -1 0
0 1 0 28.1 58.5 2 -1 0
0 1 0 28.1 58.5 2 -1 0
0 1 0 28.1 58.5 2 -1 0
0 1 0 28.1 58.5 2 -1 0
0 1 0 28.1 58.0 2 -1 0
0 1 0 28.1 58.0 2 -1 0
0 1 0 28.1 58.0 2 -1 0
0 1 0 28.1 58.0 2 -1 0
0 1 0 28.1 58.5 2 -1 0
0 1 0 28.1 58.5 2 -1 0
0 1 0 28.1 58.5 2 -1 0
0 1 0 28.1 58.5 2 -1 0
0 1 0 28.0 59.0 2 -1 0
0 1 0 28.0 59.0 2 -1 0
0 1 0 28.1 58.5 2 -1 0
0 1 0 28.1 58.5 2 -1 0
0 1 0 28.1 58.5 2 -1 0
0 1 0 28.1 58.0 2 -1 0
0 1 0 28.2 58.0 2 -1 0
0 1 0 28.1 58.0 2 -1 0
0 1 0 28.1 58.0 2 -1 0
0 1 0 28.1 58.0 2 -1 0
0 1 0 28.0 57.5 2 -1 0
0 1 0 28.1 57.5 2 -1 0
0 1 0 28.1 57.5 2 -1 0
0 1 0 28.1 57.5 2 -1 0
0 1 0 28.0 57.5 2 -1 0
0 1 0 28.1 57.5 2 -1 0
0 1 0 28.1 57.5 2 -1 0
0 1 0 28.1 58.0 2 -1 0
0 1 0 28.1 58.0 2 -1 0
0 1 0 28.1 58.0 2 -1 0
0 1 0 28.1 58.0 2 -1 0
0 1 0 28.1 58.0 2 -1 0
0 1 0 28.1 58.0 2 -1 0
0 1 0 28.1 58.0 2 -1 0
0 1 0 28.0 57.5 2 -1 0
0 1 0 28.0 57.5 2 -1 0
0 1 0 28.1 57.5 2 -1 0
0 1 0 28.1 57.5 2 -1 0
0 1 0 28.0 57.5 2 -1 0
0 1 0 28.1 57.5 2 -1 0
0 1 0 28.1 57.5 2 -1 0
0 1 0 28.0 57.5 1 -1 0
0 1 0 28.0 57.5 1 -1 0
0 1 0 28.0 57.5 1 -1 0
0 1 0 28.1 57.0 1 -1 0
0 1 0 28.1 57.0 1 -1 0
0 1 0 28.0 57.0 1 -1 0
0 1 0 28.1 57.0 1 -1 0
0 1 0 28.0 57.0 1 -1 0
0 1 0 28.0 57.0 1 -1 0
0 1 0 28.0 57.0 1 -1 0
0 1 0 28.1 57.0 1 -1 0
0 1 0 28.0 57.0 1 -1 0
0 1 0 28.0 56.5 1 -1 0
0 1 0 28.1 57.0 1 -1 0
0 1 0 28.0 57.0 1 -1 0
0 1 0 28.0 57.0 1 -1 0
0 1 0 28.0 56.5 0 -1 0
0 1 0 28.1 57.0 0 -1 0
0 1 0 28.1 56.5 0 -1 0
0 1 0 28.1 56.5 0 -1 0
0 1 0 28.1 56.5 0 -1 0
0 1 0 28.1 57.0 2 -1 0
0 1 0 28.1 57.0 2 -1 0
0 1 0 28.0 56.5 2 -1 0
0 1 0 28.0 56.5 3 -1 0
0 1 0 28.0 56.5 1 -1 0
0 1 0 28.0 56.5 1 -1 0
0 1 0 28.1 56.5 1 -1 0
0 1 0 28.0 56.5 1 -1 0
0 1 0 28.0 56.5 2 -1 0
0 1 0 28.1 56.5 2 -1 0
0 1 0 28.0 57.0 4 -1 0
0 1 0 28.0 57.5 1 -1 0
0 1 0 28.1 58.5 2 -1 0
0 1 0 28.1 59.0 3 -1 0
0 1 0 28.1 59.0 3 -1 0
0 1 0 28.0 59.5 5 -1 0
0 1 0 28.1 60.0 4 -1 0
0 1 0 28.1 60.0 4 -1 0
0 1 0 28.0 61.0 5 -1 0
0 1 0 28.1 61.5 8 -1 0
0 1 0 28.0 62.0 6 -1 0
0 1 0 28.1 62.5 8 -1 0
0 1 0 28.0 62.5 10 -1 0
0 1 0 28.1 63.5 8 -1 0
0 1 0 28.0 63.5 12 -1 0
0 1 0 28.0 63.5 13 -1 0
0 1 0 28.1 64.0 11 -1 0
0 1 0 28.1 63.5 15 -1 0
0 1 0 28.1 63.5 16 -1 0
0 1 0 28.1 63.5 21 -1 0
0 1 0 28.1 63.5 22 -1 0
0 1 0 28.1 63.5 16 -1 0
0 1 0 28.2 63.5 15 -1 0
0 1 0 28.1 63.5 17 -1 0
0 1 0 28.2 63.5 18 -1 0
0 1 0 28.2 63.5 18 -1 0
0 1 0 28.2 63.0 16 -1 0
0 1 0 28.2 63.5 16 -1 0
0 1 0 28.2 64.0 16 -1 0
0 1 0 28.2 64.5 16 -1 0
0 1 0 28.2 64.5 18 -1 0
0 1 0 28.2 65.0 18 -1 0
0 1 0 28.2 64.5 20 -1 0
0 1 0 28.3 65.0 18 -1 0
0 1 0 28.2 65.0 20 -1 0
0 1 0 28.3 65.0 22 -1 0
0 1 0 28.3 65.0 22 -1 0
0 1 0 28.3 64.5 20 -1 0
0 1 0 28.2 64.5 20 -1 0
0 1 0 28.2 64.5 20 -1 0
0 1 0 28.3 64.0 22 -1 0
0 1 0 28.3 64.0 22 -1 0
0 1 0 28.3 64.5 22 -1 0
0 1 0 28.4 64.5 24 -1 0
0 1 0 28.3 65.0 23 -1 0
0 1 0 28.3 65.0 25 -1 0
0 1 0 28.3 65.0 25 -1 0
0 1 0 28.3 65.5 27 -1 0
0 1 0 28.3 65.5 25 -1 0
0 1 0 28.3 66.0 25 -1 0
0 1 0 28.3 66.5 27 -1 0
0 1 0 28.4 66.5 27 -1 0
0 1 0 28.3 66.0 29 -1 0
0 1 0 28.4 66.0 27 -1 0
0 1 0 28.4 66.0 27 -1 0
0 1 0 28.4 66.0 29 -1 0
0 1 0 28.4 66.5 29 -1 0
0 1 0 28.4 66.0 31 -1 0
0 1 0 28.4 66.5 31 -1 0
0 1 0 28.4 66.0 31 -1 0
0 1 0 28.4 66.0 31 -1 0
0 1 0 28.4 66.5 33 -1 0
0 1 0 28.4 66.0 33 -1 0
0 1 0 28.4 66.0 30 -1 0
0 1 0 28.4 66.0 32 -1 0
0 1 0 28.5 66.5 34 -1 0
0 1 0 28.5 66.5 34 -1 0
0 1 0 28.5 66.5 32 -1 0
0 1 0 28.5 66.5 34 -1 0
0 1 0 28.5 66.5 34 -1 0
0 1 0 28.5 66.5 32 -1 0
0 1 0 28.6 66.5 32 -1 0
0 1 0 28.6 66.5 34 -1 0
0 1 0 28.5 66.5 34 -1 0
0 1 0 28.5 66.5 32 -1 0
0 1 0 28.5 67.0 35 -1 0
0 1 0 28.5 66.5 29 -1 0
0 1 0 28.6 66.5 31 -1 0
0 1 0 28.6 66.5 33 -1 0
0 1 0 28.6 66.5 31 -1 0
0 1 0 28.5 66.5 33 -1 0
0 1 0 28.6 67.0 32 -1 0
0 1 0 28.6 67.0 34 -1 0
0 1 0 28.6 67.0 34 -1 0
0 1 0 28.7 66.5 36 -1 0
0 1 0 28.7 66.5 34 -1 0
0 1 0 28.7 66.5 36 -1 0
0 1 0 28.6 66.5 36 -1 0
0 1 0 28.7 66.5 38 -1 0
0 1 0 28.7 66.0 36 -1 0
0 1 0 28.7 66.0 38 -1 0
0 1 0 28.7 65.5 38 -1 0
0 1 0 28.7 65.5 38 -1 0
0 1 0 28.8 65.5 37 -1 0
0 1 0 28.7 65.5 39 -1 0
0 1 0 28.7 65.5 39 -1 0
0 1 0 28.8 65.0 39 -1 0
0 1 0 28.7 65.0 39 -1 0
0 1 0 28.8 65.5 39 -1 0
0 1 0 28.7 65.5 39 -1 0
0 1 0 28.7 65.5 39 -1 0
0 1 0 28.7 65.5 39 -1 0
0 1 0 28.8 65.5 42 -1 0
0 1 0 28.7 66.0 39 -1 0
0 1 0 28.7 66.0 41 -1 0
0 1 0 28.8 66.5 41 -1 0
0 1 0 28.7 66.5 41 -1 0
0 1 0 28.8 66.5 41 -1 0
0 1 0 28.7 66.5 41 -1 0
0 1 0 28.7 67.0 41 -1 0
0 1 0 28.8 67.0 41 -1 0
0 1 0 28.8 67.0 41 -1 0
0 1 0 28.8 67.0 43 -1 0
0 1 0 28.8 67.0 43 -1 0
0 1 0 28.8 67.5 43 -1 0
0 1 0 28.8 67.5 41 -1 0
0 1 0 28.9 67.5 41 -1 0
0 1 0 28.9 68.0 41 -1 0
0 1 0 28.9 67.5 43 -1 0
0 1 0 28.9 67.5 43 -1 0
0 1 0 28.9 67.5 43 -1 0
0 1 0 28.9 68.5 41 -1 0
0 1 0 28.9 68.5 41 -1 0
0 1 0 28.9 68.5 43 -1 0
0 1 0 28.9 68.5 43 -1 0
0 1 0 29.0 68.5 43 -1 0
0 1 0 29.0 68.5 41 -1 0
0 1 0 29.1 68.5 39 -1 0
0 1 0 29.0 68.0 39 -1 0
0 1 0 29.0 68.5 39 -1 0
0 1 0 29.0 68.5 42 -1 0
0 1 0 29.0 68.5 39 -1 0
0 1 0 29.1 69.0 41 -1 0
0 1 0 29.1 69.0 43 -1 0
0 1 0 29.1 69.0 41 -1 0
0 1 0 29.1 69.0 42 -1 0
0 1 0 29.0 69.0 39 -1 0
0 1 0 29.1 69.0 39 -1 0
0 1 0 29.1 68.5 39 -1 0
0 1 0 29.1 68.5 41 -1 0
0 1 0 29.2 68.5 41 -1 0
0 1 0 29.2 69.0 43 -1 0
0 1 0 29.2 69.0 41 -1 0
0 1 0 29.2 69.0 43 -1 0
0 1 0 29.2 69.0 40 -1 0
0 1 0 29.2 69.0 38 -1 0
0 1 0 29.2 69.5 39 -1 0
0 1 0 29.2 69.5 41 -1 0
0 1 0 29.2 69.0 40 -1 0
0 1 0 29.2 68.5 36 -1 0
0 1 0 29.3 69.0 37 -1 0
0 1 0 29.3 69.0 37 -1 0
0 1 0 29.2 68.5 35 -1 0
0 1 0 29.2 68.5 35 -1 0
0 1 0 29.3 68.0 42 -1 0
0 1 0 29.2 67.5 42 -1 0
0 1 0 29.2 67.0 43 -1 0
0 1 0 29.2 67.5 41 -1 0
0 1 0 29.2 67.5 41 -1 0
0 1 0 29.3 67.5 41 -1 0
0 1 0 29.3 68.0 42 -1 0
0 1 0 29.3 68.5 38 -1 0
0 1 0 29.2 68.5 40 -1 0
0 1 0 29.3 68.5 40 -1 0
0 1 0 29.3 68.5 40 -1 0
0 1 0 29.4 69.0 40 -1 0
0 1 0 29.3 69.0 40 -1 0
0 1 0 29.4 69.0 40 -1 0
0 1 0 29.4 69.0 40 -1 0
0 1 0 29.3 68.5 40 -1 0
0 1 0 29.4 69.0 40 -1 0
0 1 0 29.4 69.0 41 -1 0
0 1 0 29.4 69.0 41 -1 0
0 1 0 29.4 69.0 41 -1 0
0 1 0 29.5 69.0 41 -1 0
0 1 0 29.5 69.0 41 -1 0
0 1 0 29.4 68.5 43 -1 0
0 1 0 29.4 68.0 45 -1 0
0 1 0 29.4 68.0 45 -1 0
0 1 0 29.4 67.5 43 -1 0
0 1 0 29.4 68.0 42 -1 0
0 1 0 29.5 68.5 42 -1 0
0 1 0 29.4 68.5 41 -1 0
0 1 0 29.4 68.5 41 -1 0
0 1 0 29.5 68.5 41 -1 0
0 1 0 29.5 69.0 41 -1 0
0 1 0 29.6 69.0 44 -1 0
0 1 0 29.5 69.0 43 -1 0
0 1 0 29.6 69.0 43 -1 0
0 1 0 29.5 69.0 45 -1 0
0 1 0 29.6 68.5 41 -1 0
0 1 0 29.6 68.5 41 -1 0
0 1 0 29.5 68.5 35 -1 0
0 1 0 29.6 68.5 35 -1 0
0 1 0 29.5 68.5 42 -1 0
0 1 0 29.5 68.5 41 -1 0
0 1 0 29.5 68.5 41 -1 0
0 1 0 29.6 68.5 41 c26 0
0 1 1 29.6 68.5 49 c26 0
1 1 20 29.6 67.5 56 c26 1
1 1 8 29.5 65.5 56 c26 1
1 1 0 29.4 64.0 58 c26 1
1 1 22 29.2 63.0 57 c26 1
1 1 3 28.9 62.0 57 c26 1
1 1 0 28.7 61.0 56 c26 1
1 1 1 28.5 61.5 57 c26 1
1 1 1 28.4 61.0 53 c26 1
1 1 0 28.4 61.5 56 c26 1
1 1 10 28.3 61.5 53 c26 1
1 1 22 28.3 61.5 51 c26 1
1 1 8 28.3 61.0 59 c26 1
1 1 7 28.3 62.5 57 c26 1
1 1 19 28.3 62.5 53 c26 1
1 1 24 28.3 62.0 55 c26 1
0 1 0 28.2 62.5 56 c26 1
0 1 0 28.2 62.0 57 c26 1
0 1 0 28.1 61.5 55 c26 1
0 1 0 28.1 62.0 55 c26 1
0 1 0 28.1 61.5 55 c26 1
0 1 0 28.1 61.5 53 c26 1
0 1 0 28.0 61.0 53 c26 1
0 1 0 28.1 61.5 53 c26 1
0 1 0 28.1 62.0 53 c26 1
0 1 0 28.0 61.5 55 c26 1
0 1 0 28.1 62.0 55 c26 1
0 1 0 28.0 62.0 55 c26 1
0 1 0 28.1 62.0 55 c26 1
0 1 0 28.0 62.0 55 c26 1
0 1 0 28.0 62.0 55 c26 1
0 1 0 28.0 62.0 54 c26 1
0 1 0 27.9 61.5 53 c26 1
0 1 0 27.9 61.5 55 c26 1
0 1 0 27.9 61.5 55 c26 1
0 1 0 27.8 61.5 53 c26 1
0 1 0 27.8 61.0 53 c26 1
0 1 0 27.8 61.0 55 c26 1
0 1 0 27.7 61.0 53 c26 1
0 1 0 27.8 60.5 55 c26 1
0 1 0 27.7 60.5 57 c26 1
0 1 0 27.6 60.5 57 c26 1
0 1 0 27.7 61.0 57 c26 1
0 1 0 27.7 61.0 55 c26 1
0 1 0 27.6 61.0 55 c26 1
0 1 0 27.6 60.5 55 c26 1
0 1 0 27.6 60.5 55 c26 1
0 1 0 27.6 61.0 55 c26 1
0 1 0 27.5 61.0 55 c26 1
0 1 0 27.6 62.0 53 c26 1
0 1 0 27.7 62.5 53 c26 1
0 1 0 27.7 63.0 55 c26 1
0 1 0 27.8 63.5 53 c26 1
0 1 0 27.7 63.5 53 c26 1
0 1 0 27.8 63.5 53 c26 1
0 1 0 27.8 63.5 53 c26 1
0 1 0 27.8 63.5 53 c26 1
0 1 0 27.7 63.0 53 c26 1
0 1 0 27.6 62.5 53 c26 1
0 1 0 27.5 62.0 53 c26 1
0 1 0 27.5 61.5 53 c26 1
0 1 0 27.5 61.5 53 c26 1
0 1 0 27.5 61.5 53 c26 1
0 1 0 27.5 61.5 53 c26 1
0 1 0 27.5 61.5 53 c26 1
0 1 0 27.4 61.0 55 c26 1
0 1 0 27.4 61.0 53 c26 1
0 1 0 27.4 61.0 53 c26 1
0 1 0 27.4 61.0 55 c26 1
0 1 0 27.4 61.0 53 c26 1
0 1 0 27.3 60.5 53 c26 1
0 1 0 27.3 60.0 53 c26 1
0 1 0 27.2 60.0 53 c26 1
0 1 0 27.2 59.5 53 c26 1
0 1 0 27.2 59.5 51 c26 1
0 1 0 27.1 59.5 51 c26 1
0 1 0 27.1 59.0 51 c26 1
0 1 0 27.0 59.0 51 c26 1
0 1 0 27.0 58.5 51 c26 1
0 1 0 27.0 59.0 53 c26 1
0 1 0 27.0 59.0 53 c26 1
0 1 0 27.0 59.0 53 c26 1
0 1 0 26.9 59.5 53 c26 1
0 1 0 27.0 59.0 53 c26 1
0 1 0 26.9 59.0 53 c26 1
0 1 0 26.9 59.0 53 c26 1
0 1 0 26.9 59.0 53 c26 1
0 1 0 26.9 59.5 53 c26 1
0 1 0 26.9 60.0 51 c26 1
0 1 0 27.0 60.0 51 c26 1
0 1 0 27.0 60.5 51 c26 1
0 1 0 27.0 61.0 51 c26 1
0 1 0 27.1 61.0 51 c26 1
0 1 0 27.0 61.0 51 c26 1
0 1 0 27.0 61.0 48 c26 1
0 1 0 26.9 60.5 48 c26 1
0 1 0 26.9 60.5 45 c26 1
0 1 0 26.9 60.0 43 c26 1
0 1 0 26.8 59.5 43 c26 1
0 1 0 26.7 59.5 45 c26 1
0 1 0 26.8 59.0 49 c26 1
0 1 0 26.8 59.0 49 c26 1
0 1 0 26.7 59.0 51 c26 1
0 1 0 26.7 59.0 51 c26 1
0 1 0 26.7 58.5 51 c26 1
0 1 0 26.7 58.5 49 c26 1
0 1 0 26.7 59.0 49 c26 1
0 1 0 26.6 58.5 49 c26 1
0 1 0 26.6 58.5 51 c26 1
0 1 0 26.6 59.0 49 c26 1
0 1 0 26.6 58.5 49 c26 1
1 1 26 26.5 58.0 48 c26 1
1 1 25 26.4 58.0 42 c26 1
1 1 31 26.2 58.0 48 c26 1
1 1 8 26.3 58.0 46 c26 1
1 1 5 26.1 58.5 46 c26 1
1 1 2 26.1 59.0 46 c26 1
1 1 14 26.1 59.0 46 c26 1
1 1 17 26.2 59.5 46 c26 1
1 1 19 26.1 60.0 46 c26 1
1 1 29 26.0 60.5 46 c26 1
1 1 29 26.1 60.5 44 c26 1
1 1 2 26.1 60.5 44 c26 1
1 1 10 26.0 60.5 44 c26 1
1 1 2 26.1 59.5 46 c26 1
1 1 0 25.9 59.5 44 c26 1
1 1 2 25.9 59.5 44 c26 1
1 1 5 26.1 60.0 44 c26 1
1 1 6 26.2 61.0 44 c26 1
1 1 1 26.2 60.5 44 c26 1
1 1 2 26.2 60.5 44 c26 1
1 1 1 26.3 62.0 46 c26 1
1 1 3 26.4 63.0 44 c26 1
1 1 17 26.6 63.5 44 c26 1
1 1 3 26.7 64.5 44 c26 1
1 1 4 26.8 62.5 42 c26 1
1 1 5 26.7 62.5 46 c26 1
1 1 4 26.7 62.5 46 c26 1
1 1 7 26.7 62.5 46 c26 1
1 1 10 26.7 62.5 46 c26 1
1 1 1 26.6 61.5 46 c26 1
1 1 14 26.7 61.0 40 c26 1
1 1 23 26.6 61.0 42 c26 1
1 1 20 26.5 61.0 42 -1 1
1 1 38 26.5 61.0 44 -1 1
1 1 41 26.5 61.5 44 -1 1
1 1 40 26.5 62.0 40 -1 1
1 1 44 26.5 62.0 44 -1 1
1 1 27 26.5 62.0 40 -1 1
1 1 44 26.4 62.0 40 -1 1
1 1 50 26.4 61.5 40 -1 1
1 1 44 26.4 61.5 44 -1 1
1 1 44 26.5 61.0 44 -1 1
1 1 27 26.4 61.0 42 -1 1
1 1 2 26.3 60.5 42 -1 1
1 1 0 26.2 60.5 46 -1 1
1 1 2 26.2 60.5 44 -1 1
1 1 6 26.2 61.0 44 -1 1
1 1 2 26.3 61.0 44 -1 1
1 1 3 26.2 60.5 44 -1 1
1 1 12 26.2 60.5 44 -1 1
1 1 1 26.2 60.5 44 -1 1
1 1 0 26.1 60.5 42 -1 1
1 1 3 26.1 60.5 44 -1 1
1 1 2 26.1 60.5 44 -1 1
1 1 7 26.2 62.5 46 -1 1
1 1 2 26.3 62.0 44 -1 1
1 1 2 26.4 62.5 42 -1 1
1 1 0 26.5 63.0 39 -1 1
1 1 0 26.5 63.0 42 -1 1
1 1 3 26.5 63.0 42 -1 1
1 1 1 26.5 63.5 42 -1 1
1 1 9 26.5 64.0 44 -1 1
1 1 12 26.6 64.5 40 -1 1
1 1 23 26.6 64.0 42 -1 1
1 1 0 26.7 64.0 46 -1 1
1 1 0 26.8 65.5 46 -1 1
1 1 0 26.8 66.5 42 -1 1
1 1 0 27.0 65.5 44 -1 1
1 1 9 26.9 64.5 42 -1 1
1 1 9 26.9 65.0 44 -1 1
1 1 0 26.9 64.5 42 -1 1
1 1 14 26.9 64.0 44 -1 1
1 1 13 26.9 63.5 44 -1 1
0 1 11 26.9 63.5 42 -1 1
0 1 27 26.9 63.5 44 -1 1
0 1 2 26.9 63.5 41 -1 1
0 1 2 27.0 63.5 40 -1 1
0 1 5 27.1 63.5 42 -1 1
0 1 6 27.1 63.5 42 -1 1
0 1 6 27.1 64.0 44 -1 1
0 1 0 27.1 64.0 42 -1 1
0 1 6 27.2 64.0 40 -1 1
0 1 0 27.2 64.0 42 -1 1
0 1 0 27.1 64.0 42 -1 1
0 1 3 27.2 64.0 42 -1 1
0 1 0 27.2 64.0 44 -1 1
0 1 2 27.2 64.0 42 -1 1
0 1 0 27.2 63.5 44 -1 1
0 1 4 27.2 63.5 44 -1 1
0 1 4 27.2 63.5 42 -1 1
0 1 2 27.2 63.5 42 -1 1
0 1 3 27.3 64.0 44 -1 1
0 1 2 27.3 63.5 44 -1 1
0 1 0 27.2 63.0 40 -1 1
0 1 3 27.2 63.0 42 -1 1
0 1 4 27.1 62.5 42 -1 1
0 1 8 27.1 62.5 42 -1 1
0 1 26 27.1 62.0 44 -1 1
0 1 2 27.1 62.5 44 -1 1
0 1 0 27.1 62.5 46 -1 1
0 1 0 27.2 62.5 46 -1 1
0 1 1 27.2 63.0 42 -1 1
0 1 0 27.2 63.0 44 -1 1
0 1 3 27.2 63.5 44 -1 1
0 1 1 27.3 63.5 44 -1 1
0 1 0 27.3 63.0 42 -1 1
0 1 0 27.1 62.0 44 -1 1
0 1 0 27.1 61.5 44 -1 1
0 1 0 27.0 61.5 42 -1 1
0 1 2 27.0 61.5 42 -1 1
0 1 0 27.0 62.0 44 -1 1
0 1 0 27.1 62.5 42 -1 1
0 1 0 27.2 62.5 44 -1 1
0 1 0 27.3 62.5 44 -1 1
0 1 0 27.2 62.5 44 -1 1
0 1 7 27.2 62.5 42 -1 1
0 1 0 27.2 62.5 43 -1 1
0 1 4 27.2 62.0 44 -1 1
0 1 2 27.1 61.5 44 -1 1
0 1 0 27.0 61.0 44 -1 1
0 1 2 27.0 61.0 44 -1 1
0 1 13 26.9 60.5 44 -1 1
0 1 5 26.9 60.5 46 -1 1
0 1 2 26.9 60.5 42 -1 1
0 1 4 26.9 60.5 42 -1 1
0 1 1 26.8 60.5 44 -1 1
0 1 6 26.9 60.5 44 -1 1
0 1 0 26.9 60.5 44 -1 1
0 1 8 26.9 61.0 44 -1 1
0 1 0 27.0 61.0 46 -1 1
0 1 0 26.9 61.0 44 -1 1
0 1 0 26.9 61.0 44 -1 1
0 1 13 26.9 60.5 42 -1 1
0 1 6 26.8 60.5 42 -1 1
0 1 0 26.8 60.5 44 -1 1
0 1 0 26.8 60.0 44 -1 1
0 1 1 26.8 60.0 42 -1 1
0 1 0 26.8 60.0 43 -1 1
0 1 7 26.8 60.5 43 -1 1
0 1 0 26.8 60.5 46 -1 1
0 1 3 26.8 60.5 46 -1 1
0 1 11 26.7 60.5 43 -1 1
0 1 0 26.7 60.0 47 -1 1
0 1 4 26.7 59.5 45 -1 1
0 1 2 26.7 59.5 45 -1 1
0 1 0 26.6 59.5 43 -1 1
0 1 10 26.7 59.5 47 -1 1
0 1 0 26.7 59.5 44 -1 1
0 1 4 26.6 59.0 42 -1 1
0 1 2 26.6 59.0 42 -1 1
0 1 0 26.6 58.5 42 -1 1
0 1 4 26.6 58.5 44 -1 1
0 1 4 26.5 58.5 42 -1 1
0 1 3 26.5 58.0 40 -1 1
0 1 6 26.4 58.5 40 -1 1
0 1 0 26.5 58.5 40 -1 1
0 1 0 26.5 58.5 44 -1 1
0 1 5 26.5 59.0 44 -1 1
0 1 5 26.5 59.0 41 -1 1
0 1 2 26.6 59.5 41 -1 1
0 1 0 26.6 59.5 41 -1 1
0 1 0 26.6 60.0 44 -1 1
0 1 0 26.6 60.0 39 -1 1
0 1 0 26.6 60.0 39 -1 1
0 1 0 26.6 60.0 42 -1 1
0 1 0 26.6 60.0 42 -1 1
0 1 2 26.8 60.0 44 -1 1
0 1 2 26.8 60.5 40 -1 1
0 1 0 26.8 61.0 42 -1 1
0 1 0 26.9 61.0 40 -1 1
0 1 0 26.9 61.0 44 -1 1
0 1 5 27.0 61.0 42 -1 1
0 1 6 26.9 61.0 43 -1 1
0 1 3 26.9 61.0 40 -1 1
0 1 0 26.9 61.0 42 -1 1
0 1 5 26.9 61.0 42 -1 1
0 1 0 26.9 61.0 40 -1 1
0 1 0 26.8 60.5 40 -1 1
0 1 3 26.8 60.5 42 -1 1
0 1 5 26.9 60.0 40 -1 1
0 1 2 26.9 60.5 42 -1 1
0 1 0 26.8 60.5 40 -1 1
0 1 13 26.8 60.0 42 -1 1
0 1 0 26.8 60.0 40 -1 1
0 1 6 26.8 59.5 40 -1 1
0 1 2 26.7 58.5 41 -1 1
0 1 0 26.7 58.5 36 -1 1
0 1 3 26.7 58.5 41 -1 1
0 1 0 26.6 58.0 40 -1 1
0 1 11 26.5 58.0 37 -1 1
0 1 13 26.6 58.0 40 -1 1
0 1 0 26.6 58.0 37 -1 1
0 1 0 26.6 58.5 41 -1 1
0 1 2 26.7 58.5 39 -1 1
0 1 4 26.7 59.0 37 -1 1
0 1 1 26.8 60.0 37 -1 1
0 1 5 26.8 59.5 37 -1 1
0 1 0 26.9 59.5 37 -1 1
0 1 2 26.8 59.5 35 -1 1
0 1 24 26.8 59.0 37 -1 1
0 1 0 26.7 59.0 37 -1 1
0 1 0 26.7 58.5 35 -1 1
0 1 39 26.6 59.0 35 -1 1
0 1 19 26.7 59.5 37 -1 1
0 1 21 26.6 59.5 37 -1 1
0 1 6 26.5 60.0 39 -1 1
0 1 0 26.6 60.5 39 -1 1
0 1 0 26.5 61.0 39 -1 1
0 1 0 26.7 62.0 39 -1 1
1 1 0 26.9 62.5 39 -1 1
1 1 0 27.0 62.5 36 -1 1
1 1 0 27.1 61.5 37 -1 1
1 1 0 27.0 61.5 37 -1 1
1 1 0 26.9 62.0 37 -1 1
1 1 0 27.1 62.5 37 -1 1
1 1 0 27.2 61.5 37 -1 1
1 1 0 27.0 62.0 39 -1 1
1 1 0 27.2 62.5 39 -1 1
1 1 0 27.2 63.0 41 -1 1
1 1 0 27.3 62.5 40 -1 1
1 1 0 27.4 61.5 42 -1 1
1 1 0 27.2 62.0 42 -1 1
1 1 0 27.1 62.0 42 -1 1
1 1 0 27.2 63.5 42 -1 1
1 1 0 27.4 64.5 39 -1 1
1 1 0 27.4 64.5 39 -1 1
1 1 0 27.6 62.5 38 -1 1
1 1 0 27.6 62.5 38 -1 1
1 1 0 27.7 64.0 41 -1 1
1 1 0 27.8 63.5 42 -1 1
1 1 0 27.8 64.0 40 -1 1
1 1 0 27.9 64.5 41 -1 1
1 1 0 27.9 64.0 44 -1 1
1 1 8 28.0 63.5 40 -1 1
1 1 29 27.9 63.0 40 -1 1
1 1 7 27.9 64.0 42 -1 1
1 1 6 28.0 65.0 40 -1 1
1 1 3 28.2 64.5 40 -1 1
1 1 8 28.1 63.5 38 -1 1
1 1 6 27.9 63.0 42 -1 1
1 1 10 27.9 63.0 37 -1 1
1 1 2 27.9 62.5 40 -1 1
1 1 4 27.9 63.5 39 -1 1
1 1 1 27.9 62.5 39 -1 1
1 1 2 27.9 61.5 39 -1 1
1 1 3 27.8 63.0 37 -1 1
1 1 8 28.0 63.5 37 -1 1
1 1 2 28.1 64.0 37 -1 1
1 1 1 28.2 63.0 37 -1 1
1 1 1 28.1 62.0 37 -1 1
1 1 2 28.1 62.0 37 -1 1
1 1 0 28.0 61.0 37 -1 1
1 1 2 27.9 61.0 34 -1 1
1 1 14 27.8 60.5 39 -1 1
1 1 0 27.7 62.0 37 -1 1
1 1 1 27.9 62.0 39 -1 1
1 1 1 27.9 62.0 39 -1 1
1 1 2 27.8 60.0 37 -1 1
1 1 5 27.8 60.0 37 -1 1
1 1 0 27.7 60.5 39 -1 1
1 1 8 27.7 62.0 39 -1 1
1 1 0 27.9 62.0 37 -1 1
1 1 3 28.0 62.5 34 -1 1
1 1 4 28.1 62.0 33 -1 1
1 1 9 28.1 62.0 33 -1 1
1 1 5 28.1 61.0 33 -1 1
1 1 1 28.2 62.0 36 -1 1
1 1 1 28.1 61.5 35 -1 1
1 1 2 28.2 61.0 36 -1 1
1 1 8 28.1 60.5 36 -1 1
1 1 6 28.0 59.5 36 -1 1
1 1 2 27.8 59.0 32 -1 1
1 1 6 27.6 59.5 34 -1 1
1 1 2 27.6 59.5 34 -1 1
1 1 2 27.5 59.5 36 -1 1
1 1 3 27.4 59.0 32 -1 1
1 1 1 27.2 59.0 33 -1 1
1 1 12 27.3 59.0 36 -1 1
1 1 16 27.2 59.0 32 -1 1
1 1 0 27.2 59.0 34 -1 1
1 1 7 27.2 58.0 36 -1 1
1 1 0 27.1 57.5 36 -1 1
1 1 0 26.8 57.5 34 -1 1
1 1 0 26.8 57.5 34 -1 1
1 1 0 26.8 57.5 34 -1 1
1 1 0 26.8 57.5 36 -1 1
1 1 0 26.8 57.5 34 -1 1
1 1 1 26.8 57.5 36 -1 1
1 1 1 26.8 57.5 36 -1 1
1 1 0 26.9 58.0 31 -1 1
1 1 0 26.8 57.5 34 -1 1
1 1 0 26.8 57.5 34 -1 1
1 1 9 26.8 57.0 32 -1 1
1 1 2 26.7 56.0 34 -1 1
1 1 4 26.5 56.0 34 -1 1
1 1 0 26.4 56.0 32 -1 1
1 1 0 26.3 56.0 32 -1 1
1 1 0 26.3 56.5 34 -1 1
1 1 3 26.3 57.0 34 -1 1
1 1 4 26.3 56.0 36 -1 1
1 1 2 26.3 56.0 33 -1 1
1 1 0 26.1 56.0 35 -1 1
1 1 3 26.1 55.5 32 -1 1
1 1 3 26.0 55.5 32 -1 1
1 1 1 26.0 56.0 34 -1 1
1 1 9 26.0 55.5 36 -1 1
1 1 5 25.9 55.0 36 -1 1
1 1 0 26.0 55.5 32 -1 1
1 1 0 25.9 56.0 36 -1 1
1 1 0 25.9 56.0 36 -1 1
1 1 0 25.9 55.5 36 -1 1
1 1 0 25.9 55.5 38 -1 1
1 1 0 25.9 56.0 36 -1 1
1 1 3 25.8 55.5 34 -1 1
1 1 8 25.8 55.5 34 -1 1
1 1 22 25.8 56.0 34 -1 1
1 1 9 25.9 56.0 34 -1 1
1 1 0 25.8 56.0 36 -1 1
1 1 7 25.9 56.0 36 -1 1
1 1 2 25.8 56.0 36 -1 1
1 1 3 25.9 56.5 38 -1 1
1 1 9 25.8 56.5 36 -1 1
1 1 0 25.9 56.0 34 -1 1
1 1 17 25.9 56.0 38 -1 1
1 1 31 25.8 56.0 36 -1 1
1 1 16 25.8 56.0 36 -1 1
0 1 12 25.8 56.5 24 -1 0
0 1 0 26.0 58.0 20 -1 0
0 1 0 26.2 58.5 22 -1 0
0 1 0 26.3 59.5 24 -1 0
0 1 0 26.6 60.5 22 -1 0
0 1 0 26.7 60.5 22 -1 0
0 1 0 26.9 61.0 24 -1 0
0 1 0 27.0 60.5 21 -1 0
0 1 0 27.0 61.0 23 -1 0
0 1 0 27.0 60.5 21 -1 0
0 1 0 27.1 61.0 21 -1 0
0 1 0 27.2 60.5 24 -1 0
0 1 0 27.2 61.0 24 -1 0
0 1 0 27.3 62.0 24 -1 0
0 1 0 27.3 62.0 24 -1 0
0 1 0 27.4 62.5 26 -1 0
0 1 0 27.5 62.5 24 -1 0
0 1 0 27.5 62.5 24 -1 0
0 1 0 27.5 62.5 24 -1 0
0 1 0 27.6 62.5 24 -1 0
0 1 0 27.7 62.5 17 -1 0
0 1 0 27.6 62.5 23 -1 0
0 1 0 27.8 63.0 21 -1 0
0 1 0 27.8 62.5 19 -1 0
0 1 0 27.7 61.5 21 -1 0
0 1 0 27.8 61.0 21 -1 0
0 1 0 27.7 61.5 17 -1 0
0 1 0 27.8 62.5 18 -1 0
0 1 0 27.8 63.0 16 -1 0
0 1 0 27.9 63.0 14 -1 0
0 1 0 28.1 63.5 19 -1 0
0 1 0 28.2 63.5 21 -1 0
0 1 0 28.2 64.0 18 -1 0
0 1 0 28.2 64.0 14 -1 0
0 1 0 28.2 64.0 14 -1 0
0 1 0 28.3 64.0 18 -1 0
0 1 0 28.3 64.0 17 -1 0
0 1 0 28.4 64.5 19 -1 0
0 1 0 28.4 64.5 19 -1 0
0 1 0 28.3 65.0 19 -1 0
0 1 0 28.4 65.0 21 -1 0
0 1 0 28.4 64.5 16 -1 0
0 1 0 28.6 64.0 14 -1 0
0 1 0 28.5 64.0 14 -1 0
0 1 0 28.5 64.0 18 -1 0
0 1 0 28.5 64.0 18 -1 0
0 1 0 28.6 64.0 14 -1 0
0 1 0 28.6 64.0 18 -1 0
0 1 0 28.6 64.0 16 -1 0
0 1 0 28.6 62.5 16 -1 0
0 1 0 28.6 62.0 14 -1 0
0 1 0 28.6 61.5 14 -1 0
0 1 0 28.5 61.0 12 -1 0
0 1 0 28.4 60.5 18 -1 0
0 1 0 28.4 60.5 14 -1 0
0 1 0 28.3 59.5 16 -1 0
0 1 0 28.3 59.5 12 -1 0
0 1 0 28.3 59.0 12 -1 0
0 1 0 28.3 59.0 14 -1 0
0 1 0 28.3 58.5 17 -1 0
0 1 0 28.3 58.0 14 -1 0
0 1 0 28.3 58.0 12 -1 0
0 1 0 28.2 58.0 14 -1 0
0 1 0 28.2 57.5 14 -1 0
0 1 0 28.3 57.5 12 -1 0
0 1 0 28.3 58.0 12 -1 0
0 1 0 28.2 57.5 12 -1 0
0 1 0 28.2 57.5 12 -1 0
0 1 0 28.1 57.0 12 -1 0
0 1 0 28.1 57.5 12 -1 0
0 1 0 28.1 57.5 14 -1 0
0 1 0 28.1 57.5 12 -1 0
0 1 0 28.2 57.0 14 -1 0
0 1 0 28.1 57.5 18 -1 0
0 1 0 28.1 57.0 17 -1 0
0 1 0 28.1 57.0 19 -1 0
0 1 0 28.1 56.5 18 -1 0
0 1 0 28.1 56.5 16 -1 0
0 1 0 28.1 56.5 14 -1 0
0 1 0 28.1 56.5 14 -1 0
0 1 0 28.1 56.5 14 -1 0
0 1 0 28.1 56.5 14 -1 0
0 1 0 28.1 56.5 12 -1 0
0 1 0 28.2 56.5 14 -1 0
0 1 0 28.0 56.0 14 -1 0
0 1 0 28.0 56.5 16 -1 0
0 1 0 28.0 56.0 14 -1 0
0 1 0 28.1 56.0 16 -1 0
0 1 0 28.1 56.0 14 -1 0
0 1 0 28.0 55.5 14 -1 0
0 1 0 28.0 55.5 14 -1 0
0 1 0 28.0 55.0 16 -1 0
0 1 0 28.0 55.0 12 -1 0
0 1 0 28.0 54.5 12 -1 0
0 1 0 28.1 55.5 13 -1 0
0 1 0 28.0 55.5 11 -1 0
0 1 0 28.0 56.0 11 -1 0
0 1 0 28.0 56.0 11 -1 0
0 1 0 28.0 56.0 11 -1 0
0 1 0 28.1 55.5 11 -1 0
0 1 0 27.9 55.5 11 -1 0
0 1 0 28.0 55.5 9 -1 0
0 1 0 27.9 55.5 9 -1 0
0 1 0 27.9 55.0 9 -1 0
0 1 0 28.0 55.0 9 -1 0
0 1 0 28.0 55.5 9 -1 0
0 1 0 28.0 57.5 9 -1 0
0 1 0 28.1 58.0 11 -1 0
0 1 0 28.1 58.5 9 -1 0
0 1 0 28.2 59.0 9 -1 0
0 1 0 28.2 59.0 7 -1 0
0 1 0 28.3 60.0 9 -1 0
0 1 0 28.4 60.5 7 -1 0
0 1 0 28.5 61.5 7 -1 0
0 1 0 28.6 62.0 5 -1 0
0 1 0 28.6 63.0 5 -1 0
0 1 0 28.7 63.0 9 -1 0
0 1 0 28.8 63.5 6 -1 0
0 1 0 29.0 64.0 6 -1 0
0 1 0 29.0 64.5 6 -1 0
0 1 0 29.0 64.0 6 -1 0
0 1 0 29.1 64.5 6 -1 0
0 1 0 29.2 65.0 6 -1 0
0 1 0 29.2 65.0 6 -1 0
0 1 0 29.3 64.5 4 -1 0
0 1 0 29.3 65.0 4 -1 0
0 1 0 29.4 65.0 4 -1 0
0 1 0 29.4 65.0 4 -1 0
0 1 0 29.4 65.0 4 -1 0
0 1 0 29.4 65.0 4 -1 0
0 1 0 29.5 65.0 4 -1 0
0 1 0 29.6 65.5 2 -1 0
0 1 0 29.7 66.0 2 -1 0
0 1 0 29.7 65.5 2 -1 0
0 1 0 29.7 65.5 2 -1 0
0 1 0 29.8 65.0 6 -1 0
0 1 0 29.7 65.0 6 -1 0
0 1 0 29.7 65.0 6 -1 0
0 1 0 29.7 65.0 4 -1 0
0 1 0 29.8 65.0 4 -1 0
0 1 0 29.7 64.5 4 -1 0
0 1 0 29.7 64.5 4 -1 0
0 1 0 29.7 65.0 4 -1 0
0 1 0 29.7 64.5 4 -1 0
0 1 0 29.6 64.5 2 -1 0
0 1 0 29.7 64.0 2 -1 0
0 1 0 29.6 63.0 2 -1 0
0 1 0 29.6 62.5 2 -1 0
0 1 0 29.5 62.0 2 -1 0
0 1 0 29.4 62.5 2 -1 0
0 1 0 29.4 62.0 1 -1 0
0 1 0 29.4 61.5 1 -1 0
0 1 0 29.4 61.5 1 -1 0
0 1 0 29.4 61.5 4 -1 0
0 1 0 29.3 61.5 4 -1 0
0 1 0 29.3 61.0 4 -1 0
0 1 0 29.3 61.0 4 -1 0
0 1 0 29.2 60.5 2 -1 0
0 1 0 29.3 60.5 2 -1 0
0 1 0 29.2 60.0 2 -1 0
0 1 0 29.1 59.5 2 -1 0
0 1 0 29.0 59.5 2 -1 0
0 1 0 29.1 59.0 2 -1 0
0 1 0 29.0 59.0 0 -1 0
0 1 0 28.9 58.5 0 -1 0
0 1 0 28.9 58.0 0 -1 0
0 1 0 28.8 58.0 0 -1 0
0 1 0 28.8 57.5 0 -1 0
0 1 0 28.8 57.5 0 -1 0
0 1 0 28.8 57.5 0 -1 0
0 1 0 28.6 57.0 0 -1 0
0 1 0 28.7 57.0 0 -1 0
0 1 0 28.7 56.5 0 -1 0
0 1 0 28.5 56.0 0 -1 0
0 1 0 28.5 56.0 0 -1 0
0 1 0 28.5 56.0 0 -1 0
0 1 0 28.5 56.0 0 -1 0
0 1 0 28.5 56.0 0 -1 0
0 1 0 28.4 55.5 0 -1 0
0 1 0 28.4 55.5 0 -1 0
0 1 0 28.4 55.5 0 -1 0
0 1 0 28.4 55.5 0 -1 0
0 1 0 28.3 55.0 0 -1 0
0 1 0 28.3 55.0 0 -1 0
0 1 0 28.4 55.0 0 -1 0
0 1 0 28.3 55.0 0 -1 0
0 1 0 28.3 54.5 0 -1 0
0 1 0 28.2 54.5 0 -1 0
0 1 0 28.3 54.5 0 -1 0
0 1 0 28.3 54.5 0 -1 0
0 1 0 28.2 54.0 0 -1 0
0 1 0 28.3 54.0 0 -1 0
0 1 0 28.3 54.0 0 -1 0
0 1 0 28.2 54.0 0 -1 0
0 1 0 28.2 54.0 0 -1 0
0 1 0 28.2 54.0 0 -1 0
0 1 0 28.1 54.5 0 -1 0
0 1 0 28.2 54.5 0 -1 0
0 1 0 28.1 54.5 0 -1 0
0 1 0 28.2 54.5 0 -1 0
0 1 0 28.2 54.5 0 -1 0
0 1 0 28.1 54.5 0 -1 0
0 1 0 28.1 54.5 0 -1 0
0 1 0 28.1 54.5 0 -1 0
0 1 0 28.0 54.5 0 -1 0
0 1 0 28.1 54.5 0 -1 0
0 1 0 28.1 54.5 0 -1 0
0 1 0 28.0 54.5 0 -1 0
0 1 0 28.0 54.5 0 -1 0
0 1 0 28.0 54.5 0 -1 0
0 1 0 27.9 54.5 0 -1 0
0 1 0 28.0 54.5 0 -1 0
0 1 0 27.9 55.0 0 -1 0
0 1 0 28.0 55.0 0 -1 0
0 1 0 28.0 54.5 0 -1 0
0 1 0 28.0 54.5 0 -1 0
0 1 0 28.0 54.0 0 -1 0
0 1 0 28.0 54.0 0 -1 0
0 1 0 28.0 54.0 0 -1 0
0 1 0 28.0 54.5 0 -1 0
0 1 0 28.0 54.5 0 -1 0
0 1 0 28.0 55.0 0 -1 0
0 1 0 28.0 57.0 0 -1 0
0 1 0 28.1 56.5 0 -1 0
0 1 0 28.0 56.0 0 -1 0
0 1 0 28.1 56.0 0 -1 0
0 1 0 28.0 56.0 0 -1 0
0 1 0 28.0 56.0 0 -1 0
0 1 0 28.1 56.5 0 -1 0
0 1 0 28.0 57.0 0 -1 0
0 1 0 28.1 58.0 0 -1 0
0 1 0 28.2 58.5 0 -1 0
0 1 0 28.2 59.0 0 -1 0
0 1 0 28.2 60.0 0 -1 0
0 1 0 28.3 60.0 0 -1 0
0 1 0 28.3 60.5 0 -1 0
0 1 0 28.3 60.5 0 -1 0
0 1 0 28.4 61.0 0 -1 0
0 1 0 28.3 61.0 0 -1 0
0 1 0 28.3 60.5 0 -1 0
0 1 0 28.4 60.5 0 -1 0
0 1 0 28.3 60.5 0 -1 0
0 1 0 28.3 60.0 1 -1 0
0 1 0 28.4 59.5 0 -1 0
0 1 0 28.3 59.0 0 -1 0
0 1 0 28.4 59.5 0 -1 0
0 1 0 28.3 61.0 0 -1 0
0 1 0 28.5 61.5 1 -1 0
0 1 0 28.4 62.0 0 -1 0
0 1 0 28.5 62.5 0 -1 0
0 1 0 28.5 63.0 0 -1 0
0 1 0 28.5 63.0 0 -1 0
0 1 0 28.6 63.5 0 -1 0
0 1 0 28.6 63.5 0 -1 0
0 1 0 28.6 63.0 0 -1 0
0 1 0 28.6 63.0 0 -1 0
0 1 0 28.6 63.5 0 -1 0
0 1 0 28.7 64.0 0 -1 0
0 1 0 28.7 63.5 0 -1 0
0 1 0 28.6 64.0 0 -1 0
0 1 0 28.7 63.5 0 -1 0
0 1 0 28.7 64.0 0 -1 0
0 1 0 28.6 64.0 0 -1 0
0 1 0 28.7 64.0 0 -1 0
0 1 0 28.7 64.0 0 -1 0
0 1 0 28.7 64.0 0 -1 0
0 1 0 28.7 64.5 0 -1 0
0 1 0 28.7 64.5 0 -1 0
0 1 0 28.7 65.0 0 -1 0
0 1 0 28.8 65.0 0 -1 0
0 1 0 28.8 65.0 0 -1 0
0 1 0 28.8 65.5 0 -1 0
0 1 0 28.7 65.0 0 -1 0
0 1 0 28.8 65.0 0 -1 0
0 1 0 28.7 65.5 0 -1 0
0 1 0 28.9 65.0 0 -1 0
0 1 0 28.8 64.5 0 -1 0
0 1 0 28.8 64.5 0 -1 0
0 1 0 28.8 65.0 0 -1 0
0 1 0 28.8 65.0 0 -1 0
0 1 0 28.8 64.5 0 -1 0
0 1 0 28.8 64.5 0 -1 0
0 1 0 28.8 64.5 0 -1 0
0 1 0 28.8 64.5 0 -1 0
0 1 0 28.8 64.5 0 -1 0
0 1 0 28.8 65.0 0 -1 0
0 1 0 28.9 64.5 0 -1 0
0 1 0 28.7 64.0 0 -1 0
0 1 0 28.8 64.0 0 -1 0
0 1 0 28.7 63.5 0 -1 0
0 1 0 28.8 63.0 0 -1 0
0 1 0 28.8 62.5 0 -1 0
0 1 0 28.7 62.5 0 -1 0
0 1 0 28.8 63.5 0 -1 0
0 1 0 28.8 63.0 0 -1 0
0 1 0 28.7 63.5 0 -1 0
0 1 0 28.7 64.0 0 -1 0
0 1 0 28.7 63.5 0 -1 0
0 1 0 28.7 63.5 0 -1 0
0 1 0 28.8 63.0 0 -1 0
0 1 0 28.7 63.0 0 -1 0
0 1 0 28.8 63.0 0 -1 0
0 1 0 28.8 63.5 0 -1 0
0 1 0 28.8 64.0 0 -1 0
0 1 0 28.7 63.0 0 -1 0
0 1 0 28.8 63.0 0 -1 0
0 1 0 28.8 63.0 0 -1 0
0 1 0 28.8 63.0 0 -1 0
0 1 0 28.8 63.0 0 -1 0
0 1 0 28.7 63.0 0 -1 0
0 1 0 28.7 63.0 0 -1 0
0 1 0 28.8 63.0 0 -1 0
0 1 0 28.7 63.0 0 -1 0
0 1 0 28.6 62.0 0 -1 0
0 1 0 28.7 62.0 0 -1 0
0 1 0 28.6 62.0 0 -1 0
0 1 0 28.7 61.5 0 -1 0
0 1 0 28.6 61.5 0 -1 0
0 1 0 28.6 61.0 0 -1 0
0 1 0 28.6 61.0 0 -1 0
0 1 0 28.6 60.5 0 -1 0
0 1 0 28.6 60.5 1 -1 0
0 1 0 28.5 60.0 4 -1 0
0 1 0 28.4 60.0 0 -1 0
0 1 0 28.4 59.5 0 -1 0
0 1 0 28.4 59.5 0 -1 0
0 1 0 28.5 59.5 0 -1 0
0 1 0 28.3 59.0 0 -1 0
0 1 0 28.4 59.0 0 -1 0
0 1 0 28.3 59.0 0 -1 0
0 1 0 28.3 58.5 0 -1 0
0 1 0 28.2 58.5 0 -1 0
0 1 0 28.1 58.0 0 -1 0
0 1 0 28.2 58.0 0 -1 0
0 1 0 28.2 58.0 0 -1 0
0 1 0 28.2 57.0 0 -1 0
0 1 0 28.1 57.0 0 -1 0
0 1 0 28.1 57.0 0 -1 0
0 1 0 28.1 56.5 0 -1 0
0 1 0 28.1 56.5 0 -1 0
0 1 0 28.1 56.0 0 -1 0
0 1 0 28.1 56.0 0 -1 0
0 1 0 28.0 55.5 0 -1 0
0 1 0 28.0 55.5 0 -1 0
0 1 0 28.0 55.0 0 -1 0
0 1 0 28.0 55.0 0 -1 0
0 1 0 28.0 55.0 0 -1 0
0 1 0 28.0 55.0 0 -1 0
0 1 0 28.0 55.0 0 -1 0
0 1 0 28.0 55.0 0 -1 0
0 1 0 28.0 55.0 0 -1 0
0 1 0 28.0 55.5 0 -1 0
0 1 0 28.0 56.5 0 -1 0
0 1 0 28.0 57.5 0 -1 0
0 1 0 28.0 58.0 0 -1 0
0 1 0 28.0 59.5 0 -1 0
0 1 0 28.1 60.5 0 -1 0
0 1 0 28.1 60.0 0 -1 0
0 1 0 28.0 60.5 0 -1 0
0 1 0 28.0 60.0 0 -1 0
0 1 0 28.1 60.0 0 -1 0
0 1 0 28.1 60.0 0 -1 0
0 1 0 28.1 60.0 0 -1 0
0 1 0 28.1 61.0 0 -1 0
0 1 0 28.1 61.5 0 -1 0
0 1 0 28.2 61.5 0 -1 0
0 1 0 28.2 61.5 0 -1 0
0 1 0 28.2 61.5 0 -1 0
0 1 0 28.2 62.0 0 -1 0
0 1 0 28.3 62.0 0 -1 0
0 1 0 28.2 61.5 2 -1 0
0 1 0 28.2 61.5 2 -1 0
0 1 0 28.3 62.5 2 -1 0
0 1 0 28.3 63.0 2 -1 0
0 1 0 28.2 63.0 2 -1 0
0 1 0 28.2 63.0 2 -1 0
0 1 0 28.3 63.5 2 -1 0
0 1 0 28.3 63.0 2 -1 0
0 1 0 28.3 63.5 2 -1 0
0 1 0 28.3 63.5 2 -1 0
0 1 0 28.3 63.5 2 -1 0
0 1 0 28.3 63.5 2 -1 0
0 1 0 28.3 64.0 2 -1 0
0 1 0 28.3 64.0 2 -1 0
0 1 0 28.3 64.5 2 -1 0
0 1 0 28.4 64.0 2 -1 0
0 1 0 28.4 64.5 2 -1 0
0 1 0 28.4 64.0 2 -1 0
0 1 0 28.4 64.0 2 -1 0
0 1 0 28.4 64.0 2 -1 0
0 1 0 28.4 63.5 2 -1 0
0 1 0 28.4 63.5 2 -1 0
0 1 0 28.4 63.0 2 -1 0
0 1 0 28.5 63.0 2 -1 0
0 1 0 28.4 62.5 2 -1 0
0 1 0 28.4 62.5 2 -1 0
0 1 0 28.5 62.5 2 -1 0
0 1 0 28.5 62.5 2 -1 0
0 1 0 28.4 62.0 2 -1 0
0 1 0 28.5 62.0 2 -1 0
0 1 0 28.5 62.5 2 -1 0
0 1 0 28.5 63.0 2 -1 0
0 1 0 28.5 63.5 2 -1 0
0 1 0 28.5 63.5 2 -1 0
0 1 0 28.5 63.5 2 -1 0
0 1 0 28.5 63.0 2 -1 0
0 1 0 28.5 63.5 2 -1 0
0 1 0 28.5 63.0 2 -1 0
0 1 0 28.5 63.0 2 -1 0
0 1 0 28.5 63.0 2 -1 0
0 1 0 28.6 62.5 2 -1 0
0 1 0 28.5 62.5 2 -1 0
0 1 0 28.6 62.5 2 -1 0
0 1 0 28.6 62.5 2 -1 0
0 1 0 28.5 62.5 2 -1 0
0 1 0 28.6 62.0 2 -1 0
0 1 0 28.6 62.0 2 -1 0
0 1 0 28.6 62.0 2 -1 0
0 1 0 28.6 62.0 2 -1 0
0 1 0 28.7 63.0 2 -1 0
0 1 0 28.6 63.5 2 -1 0
0 1 0 28.7 64.0 2 -1 0
0 1 0 28.6 64.5 2 -1 0
0 1 0 28.6 64.5 2 -1 0
0 1 0 28.7 64.5 2 -1 0
0 1 0 28.6 64.0 2 -1 0
0 1 0 28.7 64.0 2 -1 0
0 1 0 28.7 64.0 2 -1 0
0 1 0 28.7 63.5 2 -1 0
0 1 0 28.7 63.5 2 -1 0
0 1 0 28.7 63.5 2 -1 0
0 1 0 28.6 63.0 2 -1 0
0 1 0 28.8 63.0 2 -1 0
0 1 0 28.8 63.0 2 -1 0
0 1 0 28.8 63.0 2 -1 0
0 1 0 28.8 63.0 2 -1 0
0 1 0 28.7 63.0 2 -1 0
0 1 0 28.8 63.0 2 -1 0
0 1 0 28.8 63.0 2 -1 0
0 1 0 28.8 63.0 2 -1 0
0 1 0 28.8 63.0 2 -1 0
0 1 0 28.8 63.0 2 -1 0
0 1 0 28.8 62.5 2 -1 0
0 1 0 28.8 62.5 2 -1 0
0 1 0 28.8 62.5 2 -1 0
0 1 0 28.8 62.5 2 -1 0
0 1 0 28.8 62.5 2 -1 0
0 1 0 28.9 62.5 2 -1 0
0 1 0 28.8 62.0 2 -1 0
0 1 0 28.9 62.5 2 -1 0
0 1 0 28.9 62.0 2 -1 0
0 1 0 28.9 62.0 2 -1 0
0 1 0 28.9 62.5 2 -1 0
0 1 0 28.9 62.5 2 -1 0
0 1 0 28.9 62.5 2 -1 0
0 1 0 28.9 62.5 2 -1 0
0 1 0 28.9 62.5 2 -1 0
0 1 0 29.0 62.5 2 -1 0
0 1 0 28.9 62.5 2 -1 0
0 1 0 28.9 62.5 2 -1 0
0 1 0 28.9 62.0 2 -1 0
0 1 0 29.0 62.0 2 -1 0
0 1 0 29.0 62.0 2 -1 0
0 1 0 28.9 62.0 2 -1 0
0 1 0 29.0 62.0 2 -1 0
0 1 0 29.0 62.0 2 -1 0
0 1 0 29.0 62.0 2 -1 0
0 1 0 29.0 62.0 2 -1 0
0 1 0 29.0 62.0 2 -1 0
0 1 0 29.0 62.0 2 -1 0
0 1 0 29.0 62.0 2 -1 0
0 1 0 29.0 62.0 2 -1 0
0 1 0 29.0 63.5 2 -1 0
0 1 0 29.0 63.5 2 -1 0
0 1 0 29.0 64.0 2 -1 0
0 1 0 29.0 64.5 2 -1 0
0 1 0 29.0 64.5 2 -1 0
