0 1 0 29.5 54.0 2 -1 0
0 1 0 29.5 54.0 2 -1 0
0 1 0 29.5 54.0 2 -1 0
0 1 0 29.5 54.5 2 -1 0
0 1 0 29.6 54.5 2 -1 0
0 1 0 29.5 55.0 2 -1 0
0 1 0 29.6 56.0 2 -1 0
0 1 0 29.6 56.0 2 -1 0
0 1 0 29.5 56.5 2 -1 0
0 1 0 29.5 56.0 2 -1 0
0 1 0 29.6 56.0 2 -1 0
0 1 0 29.6 56.0 2 -1 0
0 1 0 29.6 55.5 2 -1 0
0 1 0 29.6 55.5 2 -1 0
0 1 0 29.6 56.0 2 -1 0
0 1 0 29.6 56.0 2 -1 0
0 1 0 29.7 56.0 2 -1 0
0 1 0 29.7 56.0 2 -1 0
0 1 0 29.7 55.5 2 -1 0
0 1 0 29.7 55.5 2 -1 0
0 1 0 29.7 55.5 2 -1 0
0 1 0 29.7 55.5 2 -1 0
0 1 0 29.7 55.5 2 -1 0
0 1 0 29.7 55.5 2 -1 0
0 1 0 29.6 55.5 2 -1 0
0 1 0 29.8 55.5 2 -1 0
0 1 0 29.8 55.5 2 -1 0
0 1 0 29.7 55.5 2 -1 0
0 1 0 29.7 55.5 2 -1 0
0 1 0 29.8 55.5 2 -1 0
0 1 0 29.7 55.5 2 -1 0
0 1 0 29.8 55.5 2 -1 0
0 1 0 29.8 55.5 2 -1 0
0 1 0 29.8 55.5 2 -1 0
0 1 0 29.8 55.5 2 -1 0
0 1 0 29.8 55.5 2 -1 0
0 1 0 29.8 55.5 2 -1 0
0 1 0 29.8 55.5 2 -1 0
0 1 0 29.8 55.5 2 -1 0
0 1 0 29.8 55.5 2 -1 0
0 1 0 29.8 55.5 2 -1 0
0 1 0 29.8 55.5 2 -1 0
0 1 0 29.9 55.5 2 -1 0
0 1 0 29.9 55.5 2 -1 0
0 1 0 29.9 55.5 2 -1 0
0 1 0 29.9 55.5 2 -1 0
0 1 0 29.9 55.5 2 -1 0
0 1 0 29.9 55.5 2 -1 0
0 1 0 29.9 55.5 2 -1 0
0 1 0 29.9 55.5 2 -1 0
0 1 0 29.9 55.5 2 -1 0
0 1 0 29.9 55.5 2 -1 0
0 1 0 30.0 55.5 2 -1 0
0 1 0 29.9 55.5 2 -1 0
0 1 0 29.9 55.5 2 -1 0
0 1 0 29.9 55.5 2 -1 0
0 1 0 30.0 55.5 2 -1 0
0 1 0 29.9 55.5 2 -1 0
0 1 0 30.0 55.5 2 -1 0
0 1 0 30.0 55.5 2 -1 0
0 1 0 30.0 55.5 2 -1 0
0 1 0 30.0 55.5 2 -1 0
0 1 0 30.0 55.5 2 -1 0
0 1 0 30.0 55.5 2 -1 0
0 1 0 30.0 55.5 2 -1 0
0 1 0 30.0 55.5 2 -1 0
0 1 0 30.0 55.5 2 -1 0
0 1 0 30.0 56.0 2 -1 0
0 1 0 30.0 56.0 2 -1 0
0 1 0 30.0 56.0 2 -1 0
0 1 0 30.1 56.0 2 -1 0
0 1 0 30.0 56.0 2 -1 0
0 1 0 30.1 56.5 2 -1 0
0 1 0 30.0 56.5 2 -1 0
0 1 0 30.1 57.0 2 -1 0
0 1 0 30.1 57.0 2 -1 0
0 1 0 30.1 57.0 2 -1 0
0 1 0 30.1 57.0 2 -1 0
0 1 0 30.1 57.0 2 -1 0
0 1 0 30.1 57.0 2 -1 0
0 1 0 30.0 57.0 2 -1 0
0 1 0 30.1 57.0 2 -1 0
0 1 0 30.1 57.0 2 -1 0
0 1 0 30.1 57.0 2 -1 0
0 1 0 30.2 57.0 2 -1 0
0 1 0 30.1 57.0 2 -1 0
0 1 0 30.1 57.0 0 -1 0
0 1 0 30.1 57.0 2 -1 0
0 1 0 30.2 57.0 2 -1 0
0 1 0 30.2 57.0 2 -1 0
0 1 0 30.2 57.0 2 -1 0
0 1 0 30.1 57.0 2 -1 0
0 1 0 30.2 57.0 2 -1 0
0 1 0 30.2 57.0 2 -1 0
0 1 0 30.2 57.0 2 -1 0
0 1 0 30.2 56.5 2 -1 0
0 1 0 30.2 57.0 2 -1 0
0 1 0 30.2 57.0 2 -1 0
0 1 0 30.2 57.0 2 -1 0
0 1 0 30.2 57.0 2 -1 0
0 1 0 30.2 57.0 2 -1 0
0 1 0 30.2 57.0 2 -1 0
0 1 0 30.2 57.0 2 -1 0
0 1 0 30.2 56.5 2 -1 0
0 1 0 30.2 56.5 2 -1 0
0 1 0 30.3 56.5 2 -1 0
0 1 0 30.3 56.5 2 -1 0
0 1 0 30.2 57.0 2 -1 0
0 1 0 30.3 57.0 2 -1 0
0 1 0 30.2 56.5 2 -1 0
0 1 0 30.3 57.0 2 -1 0
0 1 0 30.3 56.5 2 -1 0
0 1 0 30.3 57.0 2 -1 0
0 1 0 30.3 57.0 2 -1 0
0 1 0 30.3 57.0 2 -1 0
0 1 0 30.3 57.0 2 -1 0
0 1 0 30.3 57.0 2 -1 0
0 1 0 30.3 57.0 2 -1 0
0 1 0 30.3 57.0 2 -1 0
0 1 0 30.3 56.5 2 -1 0
0 1 0 30.3 57.0 2 -1 0
0 1 0 30.3 57.0 2 -1 0
0 1 0 30.3 57.0 2 -1 0
0 1 0 30.3 57.0 2 -1 0
0 1 0 30.3 57.0 2 -1 0
0 1 0 30.3 57.0 2 -1 0
0 1 0 30.3 57.0 2 -1 0
0 1 0 30.3 57.0 2 -1 0
0 1 0 30.3 57.0 2 -1 0
0 1 0 30.3 57.0 2 -1 0
0 1 0 30.3 57.0 2 -1 0
0 1 0 30.4 57.5 2 -1 0
0 1 0 30.3 57.5 2 -1 0
0 1 0 30.4 57.5 2 -1 0
0 1 0 30.4 57.5 2 -1 0
0 1 0 30.3 57.5 2 -1 0
0 1 0 30.3 57.5 2 -1 0
0 1 0 30.3 57.5 2 -1 0
0 1 0 30.4 57.5 2 -1 0
0 1 0 30.4 57.5 2 -1 0
0 1 0 30.4 57.5 2 -1 0
0 1 0 30.4 57.5 2 -1 0
0 1 0 30.4 57.5 2 -1 0
0 1 0 30.5 57.5 2 -1 0
0 1 0 30.4 57.5 2 -1 0
0 1 0 30.4 57.5 2 -1 0
0 1 0 30.4 57.5 2 -1 0
0 1 0 30.4 57.5 2 -1 0
0 1 0 30.4 57.5 2 -1 0
0 1 0 30.4 57.5 2 -1 0
0 1 0 30.4 57.5 2 -1 0
0 1 0 30.4 57.5 2 -1 0
0 1 0 30.4 57.0 2 -1 0
0 1 0 30.5 57.0 2 -1 0
0 1 0 30.4 57.5 2 -1 0
0 1 0 30.5 57.5 2 -1 0
0 1 0 30.4 57.5 2 -1 0
0 1 0 30.4 57.5 2 -1 0
0 1 0 30.4 57.5 2 -1 0
0 1 0 30.4 57.5 2 -1 0
0 1 0 30.5 57.5 2 -1 0
0 1 0 30.5 57.5 2 -1 0
0 1 0 30.5 57.5 2 -1 0
0 1 0 30.5 57.5 2 -1 0
0 1 0 30.5 57.5 2 -1 0
0 1 0 30.5 57.5 2 -1 0
0 1 0 30.4 57.5 2 -1 0
0 1 0 30.5 57.5 2 -1 0
0 1 0 30.5 57.5 2 -1 0
0 1 0 30.5 57.5 2 -1 0
0 1 0 30.5 57.5 2 -1 0
0 1 0 30.6 57.5 2 -1 0
0 1 0 30.5 57.5 2 -1 0
0 1 0 30.4 57.5 2 -1 0
0 1 0 30.5 57.5 2 -1 0
0 1 0 30.5 57.5 2 -1 0
0 1 0 30.5 57.5 2 -1 0
0 1 0 30.5 57.5 2 -1 0
0 1 0 30.6 57.5 2 -1 0
0 1 0 30.5 57.5 2 -1 0
0 1 0 30.5 57.5 2 -1 0
0 1 0 30.5 57.5 2 -1 0
0 1 0 30.5 57.5 2 -1 0
0 1 0 30.5 57.5 2 -1 0
0 1 0 30.5 57.5 2 -1 0
0 1 0 30.5 57.5 2 -1 0
0 1 0 30.5 57.5 2 -1 0
0 1 0 30.5 57.5 2 -1 0
0 1 0 30.5 57.5 2 -1 0
0 1 0 30.5 57.5 2 -1 0
0 1 0 30.5 57.5 2 -1 0
0 1 0 30.6 57.5 2 -1 0
0 1 0 30.5 57.5 2 -1 0
0 1 0 30.6 57.5 2 -1 0
0 1 0 30.5 57.5 2 -1 0
0 1 0 30.6 58.0 2 -1 0
0 1 0 30.5 58.0 2 -1 0
0 1 0 30.6 58.0 2 -1 0
0 1 0 30.5 58.0 2 -1 0
0 1 0 30.5 58.0 2 -1 0
0 1 0 30.6 58.0 2 -1 0
0 1 0 30.5 58.0 2 -1 0
0 1 0 30.6 58.0 2 -1 0
0 1 0 30.6 58.0 2 -1 0
0 1 0 30.6 58.0 2 -1 0
0 1 0 30.6 58.0 2 -1 0
0 1 0 30.6 58.0 2 -1 0
0 1 0 30.6 58.0 2 -1 0
0 1 0 30.5 58.0 2 -1 0
0 1 0 30.6 58.0 2 -1 0
0 1 0 30.5 58.0 2 -1 0
0 1 0 30.5 58.0 2 -1 0
0 1 0 30.6 58.0 2 -1 0
0 1 0 30.6 58.0 2 -1 0
0 1 0 30.6 58.0 2 -1 0
0 1 0 30.6 58.0 2 -1 0
0 1 0 30.6 58.0 2 -1 0
0 1 0 30.6 58.0 2 -1 0
0 1 0 30.6 58.0 2 -1 0
0 1 0 30.6 58.0 2 -1 0
0 1 0 30.6 58.0 2 -1 0
0 1 0 30.6 58.5 2 -1 0
0 1 0 30.6 58.5 2 -1 0
0 1 0 30.7 58.0 2 -1 0
0 1 0 30.7 58.5 2 -1 0
0 1 0 30.7 58.5 2 -1 0
0 1 0 30.6 58.5 2 -1 0
0 1 0 30.6 58.5 2 -1 0
0 1 0 30.7 58.5 2 -1 0
0 1 0 30.7 58.5 2 -1 0
0 1 0 30.6 58.5 2 -1 0
0 1 0 30.6 58.5 2 -1 0
0 1 0 30.6 58.5 2 -1 0
0 1 0 30.7 58.5 2 -1 0
0 1 0 30.7 58.5 2 -1 0
0 1 0 30.6 58.5 2 -1 0
0 1 0 30.7 58.5 2 -1 0
0 1 0 30.6 58.5 2 -1 0
0 1 0 30.6 58.5 2 -1 0
0 1 0 30.7 58.5 2 -1 0
0 1 0 30.6 59.0 2 -1 0
0 1 0 30.7 58.5 2 -1 0
0 1 0 30.7 58.5 2 -1 0
0 1 0 30.7 58.5 2 -1 0
0 1 0 30.7 58.5 2 -1 0
0 1 0 30.7 58.5 2 -1 0
0 1 0 30.7 58.5 2 -1 0
0 1 0 30.7 58.5 2 -1 0
0 1 0 30.7 58.5 2 -1 0
0 1 0 30.7 59.0 2 -1 0
0 1 0 30.6 59.0 2 -1 0
0 1 0 30.7 59.0 2 -1 0
0 1 0 30.7 59.0 2 -1 0
0 1 0 30.7 59.0 2 -1 0
0 1 0 30.7 59.0 2 -1 0
0 1 0 30.7 59.0 2 -1 0
0 1 0 30.7 59.0 2 -1 0
0 1 0 30.7 59.5 2 -1 0
0 1 0 30.7 59.5 2 -1 0
0 1 0 30.7 59.5 2 -1 0
0 1 0 30.7 59.5 2 -1 0
0 1 0 30.7 59.5 2 -1 0
0 1 0 30.7 59.5 2 -1 0
0 1 0 30.7 59.5 2 -1 0
0 1 0 30.7 59.5 2 -1 0
0 1 0 30.8 59.5 2 -1 0
0 1 0 30.7 59.5 2 -1 0
0 1 0 30.8 59.5 2 -1 0
0 1 0 30.7 59.5 2 -1 0
0 1 0 30.7 59.5 2 -1 0
0 1 0 30.8 59.5 2 -1 0
0 1 0 30.7 59.5 2 -1 0
0 1 0 30.7 59.5 2 -1 0
0 1 0 30.7 59.5 2 -1 0
0 1 0 30.7 59.5 2 -1 0
0 1 0 30.8 59.5 2 -1 0
0 1 0 30.7 59.5 2 -1 0
0 1 0 30.8 59.5 2 -1 0
0 1 0 30.8 59.5 2 -1 0
0 1 0 30.8 59.5 2 -1 0
0 1 0 30.8 59.5 2 -1 0
0 1 0 30.8 59.5 2 -1 0
0 1 0 30.8 59.5 2 -1 0
0 1 0 30.8 59.5 2 -1 0
0 1 0 30.8 59.5 2 -1 0
0 1 0 30.7 59.5 2 -1 0
0 1 0 30.8 59.5 2 -1 0
0 1 0 30.8 59.5 2 -1 0
0 1 0 30.8 59.5 2 -1 0
0 1 0 30.8 59.5 2 -1 0
0 1 0 30.7 59.5 2 -1 0
0 1 0 30.8 59.5 2 -1 0
0 1 0 30.8 59.5 2 -1 0
0 1 0 30.8 59.5 2 -1 0
0 1 0 30.8 59.5 2 -1 0
0 1 0 30.8 59.5 2 -1 0
0 1 0 30.8 59.5 2 -1 0
0 1 0 30.8 59.5 2 -1 0
0 1 0 30.8 59.5 2 -1 0
0 1 0 30.7 59.5 2 -1 0
0 1 0 30.8 60.0 1 -1 0
0 1 0 30.8 60.0 1 -1 0
0 1 0 30.8 60.0 1 -1 0
0 1 0 30.8 60.0 1 -1 0
0 1 0 30.8 60.0 1 -1 0
0 1 0 30.8 60.0 1 -1 0
0 1 0 30.8 60.0 1 -1 0
0 1 0 30.9 60.0 1 -1 0
0 1 0 30.8 60.0 1 -1 0
0 1 0 30.8 60.0 1 -1 0
0 1 0 30.8 60.0 1 -1 0
0 1 0 30.8 60.0 1 -1 0
0 1 0 30.8 60.0 1 -1 0
0 1 0 30.8 60.0 1 -1 0
0 1 0 30.8 60.0 1 -1 0
0 1 0 30.8 60.0 1 -1 0
0 1 0 30.8 60.0 0 -1 0
0 1 0 30.8 60.0 0 -1 0
0 1 0 30.8 60.0 0 -1 0
0 1 0 30.8 60.0 0 -1 0
0 1 0 30.8 60.0 0 -1 0
0 1 0 30.8 60.0 2 -1 0
0 1 0 30.8 60.0 2 -1 0
0 1 0 30.8 60.0 2 -1 0
0 1 0 30.8 60.0 2 -1 0
0 1 0 30.8 60.0 2 -1 0
0 1 0 30.8 60.0 1 -1 0
0 1 0 30.9 60.0 1 -1 0
0 1 0 30.8 60.0 1 -1 0
0 1 0 30.8 59.5 2 -1 0
0 1 0 30.8 60.0 2 -1 0
0 1 0 30.8 60.0 2 -1 0
0 1 0 30.8 60.0 4 -1 0
0 1 0 30.8 60.0 4 -1 0
0 1 0 30.9 60.0 2 -1 0
0 1 0 30.8 60.0 2 -1 0
0 1 0 30.8 60.0 2 -1 0
0 1 0 30.9 60.0 4 -1 0
0 1 0 30.8 60.0 5 -1 0
0 1 0 30.8 60.0 5 -1 0
0 1 0 30.9 60.0 4 -1 0
0 1 0 30.8 60.0 5 -1 0
0 1 0 30.8 60.0 7 -1 0
0 1 0 30.9 60.0 7 -1 0
0 1 0 30.9 60.5 5 -1 0
0 1 0 30.8 60.5 7 -1 0
0 1 0 30.8 60.5 9 -1 0
0 1 0 30.8 60.5 10 -1 0
0 1 0 30.8 60.5 10 -1 0
0 1 0 30.8 60.5 12 -1 0
0 1 0 30.8 60.5 10 -1 0
0 1 0 30.8 60.5 8 -1 0
0 1 0 30.9 61.0 10 -1 0
0 1 0 30.8 60.5 10 -1 0
0 1 0 30.8 61.0 12 -1 0
0 1 0 30.8 61.0 12 -1 0
0 1 0 30.8 60.5 12 -1 0
0 1 0 30.8 60.5 12 -1 0
0 1 0 30.8 60.5 12 -1 0
0 1 0 30.9 60.5 14 -1 0
0 1 0 30.8 60.5 12 -1 0
0 1 0 30.9 60.5 15 -1 0
0 1 0 30.9 60.5 13 -1 0
0 1 0 30.8 60.5 13 -1 0
0 1 0 30.9 60.5 15 -1 0
0 1 0 30.9 60.5 19 -1 0
0 1 0 30.9 60.5 15 -1 0
0 1 0 30.8 60.5 16 -1 0
0 1 0 30.9 60.5 20 -1 0
0 1 0 30.8 60.5 22 -1 0
0 1 0 30.9 60.5 20 -1 0
0 1 0 30.9 60.5 20 -1 0
0 1 0 30.9 60.5 22 -1 0
0 1 0 30.9 60.5 22 -1 0
0 1 0 30.9 60.5 24 -1 0
0 1 0 30.9 60.5 24 -1 0
0 1 0 30.9 60.5 24 -1 0
0 1 0 30.9 60.5 22 -1 0
0 1 0 31.0 60.5 24 -1 0
0 1 0 30.9 60.5 25 -1 0
0 1 0 30.9 60.5 25 -1 0
0 1 0 31.0 60.5 25 -1 0
0 1 0 30.9 60.5 27 -1 0
0 1 0 30.9 60.5 29 -1 0
0 1 0 31.0 60.5 27 -1 0
0 1 0 30.9 60.5 27 -1 0
0 1 0 30.9 60.5 29 -1 0
0 1 0 31.0 60.5 27 -1 0
0 1 0 31.0 60.5 29 -1 0
0 1 0 31.0 60.5 31 -1 0
0 1 0 31.0 60.5 33 -1 0
0 1 0 30.9 60.5 30 -1 0
0 1 0 30.9 60.5 30 -1 0
0 1 0 31.0 60.5 30 -1 0
0 1 0 31.0 60.5 32 -1 0
0 1 0 31.0 60.5 32 -1 0
0 1 0 31.0 60.5 34 -1 0
0 1 0 31.0 60.5 34 -1 0
0 1 0 31.1 60.5 36 -1 0
0 1 0 31.0 60.5 34 -1 0
0 1 0 31.0 60.5 36 -1 0
0 1 0 31.0 60.5 36 -1 0
0 1 0 31.0 60.5 36 -1 0
0 1 0 31.1 60.5 38 -1 0
0 1 0 31.0 60.5 37 -1 0
0 1 0 31.0 60.5 37 -1 0
0 1 0 31.0 60.5 39 -1 0
0 1 0 31.1 60.5 39 -1 0
0 1 0 31.1 60.5 39 -1 0
0 1 0 31.1 60.5 39 -1 0
0 1 0 31.1 60.5 42 -1 0
0 1 0 31.1 61.0 39 -1 0
0 1 0 31.1 61.0 39 -1 0
0 1 0 31.0 60.5 43 -1 0
0 1 0 31.1 60.5 39 -1 0
0 1 0 31.1 61.0 41 -1 0
0 1 0 31.1 60.5 43 -1 0
0 1 0 31.2 60.5 43 -1 0
0 1 0 31.1 60.5 43 -1 0
0 1 0 31.2 60.5 43 -1 0
0 1 0 31.1 60.5 43 -1 0
0 1 0 31.1 60.5 43 -1 0
0 1 0 31.1 60.5 43 -1 0
0 1 0 31.2 60.5 45 -1 0
0 1 0 31.2 60.5 45 -1 0
0 1 0 31.2 60.5 43 -1 0
0 1 0 31.1 60.5 43 -1 0
0 1 0 31.1 60.5 43 -1 0
0 1 0 31.2 60.5 43 -1 0
0 1 0 31.2 60.5 43 -1 0
0 1 0 31.2 60.5 43 -1 0
0 1 0 31.2 60.5 43 -1 0
0 1 0 31.2 60.5 45 -1 0
0 1 0 31.3 60.5 45 -1 0
0 1 0 31.2 60.5 47 -1 0
0 1 0 31.3 60.5 47 -1 0
0 1 0 31.2 60.5 46 -1 0
0 1 0 31.2 60.0 46 -1 0
0 1 0 31.2 60.5 46 -1 0
0 1 0 31.3 60.5 46 -1 0
0 1 0 31.3 60.5 46 -1 0
0 1 0 31.2 60.5 46 -1 0
0 1 0 31.3 60.5 48 -1 0
0 1 0 31.3 60.5 48 -1 0
0 1 0 31.3 60.5 50 -1 0
0 1 0 31.3 60.5 50 -1 0
0 1 0 31.2 60.5 50 -1 0
0 1 0 31.3 60.5 50 -1 0
0 1 0 31.3 60.5 48 -1 0
0 1 0 31.4 60.5 48 -1 0
0 1 0 31.3 60.5 46 -1 0
0 1 0 31.3 60.5 48 -1 0
0 1 0 31.3 60.5 50 -1 0
0 1 0 31.4 60.5 50 -1 0
0 1 0 31.3 60.5 50 -1 0
0 1 0 31.4 60.5 46 -1 0
0 1 0 31.4 60.5 48 -1 0
0 1 0 31.4 60.5 48 -1 0
0 1 0 31.4 60.5 50 -1 0
0 1 0 31.4 60.5 50 -1 0
0 1 0 31.4 61.0 52 -1 0
0 1 0 31.3 61.0 50 -1 0
0 1 0 31.4 61.0 50 -1 0
0 1 0 31.4 61.0 52 -1 0
0 1 0 31.4 61.5 52 -1 0
0 1 0 31.5 61.5 52 -1 0
0 1 0 31.4 61.5 52 -1 0
0 1 0 31.4 62.0 54 -1 0
0 1 0 31.3 61.5 54 -1 0
0 1 0 31.4 61.5 52 -1 0
0 1 0 31.4 61.5 52 -1 0
0 1 0 31.4 61.5 50 -1 0
0 1 0 31.4 61.5 53 -1 0
0 1 0 31.5 61.5 55 -1 0
0 1 0 31.5 61.5 55 -1 0
0 1 0 31.5 61.5 55 -1 0
0 1 0 31.6 61.5 53 -1 0
0 1 0 31.5 62.0 55 -1 0
0 1 0 31.5 62.0 55 -1 0
0 1 0 31.6 62.0 55 -1 0
0 1 0 31.5 62.0 57 -1 0
0 1 0 31.5 62.0 55 -1 0
0 1 0 31.5 62.0 57 -1 0
0 1 0 31.5 62.5 57 -1 0
0 1 0 31.5 62.5 57 -1 0
0 1 0 31.5 62.5 57 -1 0
0 1 0 31.6 62.5 55 -1 0
0 1 0 31.5 62.5 57 -1 0
0 1 0 31.6 63.0 57 -1 0
0 1 0 31.6 63.0 55 -1 0
0 1 0 31.5 63.0 55 -1 0
0 1 0 31.5 63.0 59 -1 0
0 1 0 31.6 63.0 58 -1 0
0 1 0 31.6 63.0 60 -1 0
0 1 0 31.5 63.0 60 -1 0
0 1 0 31.5 63.0 60 -1 0
0 1 0 31.6 63.0 60 -1 0
0 1 0 31.6 63.0 58 -1 0
0 1 0 31.6 63.0 60 -1 0
0 1 0 31.6 63.5 60 -1 0
0 1 0 31.6 63.0 60 -1 0
0 1 0 31.6 63.5 60 -1 0
0 1 0 31.6 63.5 60 -1 0
0 1 0 31.6 63.5 58 -1 0
0 1 0 31.6 63.5 55 -1 0
0 1 0 31.7 63.5 53 -1 0
0 1 0 31.6 63.5 58 -1 0
0 1 0 31.7 63.5 58 -1 0
0 1 0 31.7 63.5 60 -1 0
0 1 0 31.7 63.5 56 -1 0
0 1 0 31.6 63.5 52 -1 0
0 1 0 31.6 63.5 45 -1 0
0 1 0 31.7 63.5 53 -1 0
0 1 0 31.7 63.5 58 -1 0
0 1 0 31.7 63.5 50 -1 0
0 1 0 31.7 63.5 55 -1 0
0 1 0 31.7 63.5 49 -1 0
0 1 0 31.7 63.5 45 -1 0
0 1 0 31.7 63.5 58 -1 0
0 1 0 31.7 63.5 50 -1 0
0 1 0 31.7 63.5 51 -1 0
0 1 0 31.8 63.5 46 -1 0
0 1 0 31.7 63.5 41 -1 0
0 1 0 31.7 63.5 47 -1 0
0 1 0 31.8 64.0 53 -1 0
0 1 0 31.7 64.0 48 -1 0
0 1 0 31.7 64.0 55 -1 0
0 1 0 31.8 64.0 58 -1 0
0 1 0 31.7 63.5 46 -1 0
0 1 0 31.8 63.5 48 -1 0
0 1 0 31.7 63.5 46 -1 0
0 1 0 31.8 63.5 46 -1 0
0 1 0 31.7 63.5 41 -1 0
0 1 0 31.8 63.0 48 -1 0
0 1 0 31.8 63.0 53 -1 0
0 1 0 31.8 63.0 53 -1 0
0 1 0 31.8 63.5 47 -1 0
0 1 0 31.8 63.5 43 -1 0
0 1 0 31.8 63.0 44 -1 0
0 1 0 31.8 63.5 48 -1 0
0 1 0 31.8 63.5 55 -1 0
0 1 0 31.8 63.5 53 -1 0
0 1 0 31.8 63.5 53 -1 0
0 1 0 31.9 63.5 51 -1 0
0 1 0 31.9 63.5 51 -1 0
0 1 0 31.9 63.5 55 -1 0
0 1 0 32.0 63.5 53 -1 0
0 1 0 31.9 63.5 53 -1 0
0 1 0 31.9 63.5 53 -1 0
0 1 0 31.9 63.5 55 -1 0
0 1 0 31.9 63.5 54 -1 0
0 1 0 31.9 63.5 57 -1 0
0 1 0 31.9 63.5 46 -1 0
0 1 0 31.9 63.5 47 -1 0
0 1 0 32.0 63.5 53 -1 0
0 1 0 32.0 63.5 58 -1 0
0 1 0 32.0 63.0 58 -1 0
0 1 0 32.0 63.0 56 -1 0
0 1 0 31.9 63.0 43 -1 0
0 1 0 31.9 63.0 41 -1 0
0 1 0 32.0 63.0 45 -1 0
0 1 0 31.9 62.5 43 -1 0
0 1 0 32.0 62.5 53 -1 0
0 1 0 31.9 62.5 46 -1 0
0 1 0 32.0 62.5 53 -1 0
0 1 0 31.9 62.5 55 -1 0
0 1 0 32.0 62.5 55 -1 0
0 1 0 31.9 62.5 53 -1 0
0 1 0 32.0 63.0 42 -1 0
0 1 0 31.9 62.5 42 -1 0
0 1 0 32.0 63.0 45 -1 0
0 1 0 31.9 63.0 55 -1 0
0 1 0 31.8 63.0 58 -1 0
0 1 0 31.8 63.0 56 -1 0
0 1 0 31.8 63.0 50 -1 0
0 1 0 31.8 63.0 58 -1 0
0 1 0 31.9 63.0 57 -1 0
0 1 0 31.8 62.5 58 -1 0
0 1 0 31.9 62.0 49 -1 0
0 1 0 31.8 62.0 43 -1 0
0 1 0 31.8 62.0 48 -1 0
0 1 0 31.8 61.5 50 -1 0
0 1 0 31.8 61.0 45 -1 0
0 1 0 31.8 61.0 51 -1 0
0 1 0 31.8 60.0 57 -1 0
0 1 0 31.7 60.5 53 -1 0
0 1 0 31.7 61.0 42 -1 0
0 1 0 31.7 61.0 51 -1 0
0 1 0 31.7 61.5 55 -1 0
0 1 0 31.7 61.5 53 -1 0
0 1 0 31.7 61.5 51 -1 0
0 1 0 31.7 62.0 51 -1 0
0 1 0 31.7 62.0 51 -1 0
0 1 0 31.7 62.0 51 -1 0
0 1 0 31.7 62.0 51 -1 0
0 1 0 31.7 62.0 51 -1 0
0 1 0 31.8 61.5 51 -1 0
0 1 0 31.7 61.5 53 -1 0
0 1 0 31.7 61.0 53 -1 0
0 1 0 31.7 61.5 51 -1 0
0 1 0 31.7 61.0 53 -1 0
0 1 0 31.7 61.0 51 -1 0
0 1 0 31.8 61.0 53 -1 0
0 1 0 31.7 60.5 51 -1 0
0 1 0 31.6 60.5 51 -1 0
0 1 0 31.7 61.0 60 -1 0
0 1 0 31.7 61.0 60 -1 0
0 1 0 31.7 61.0 52 -1 0
0 1 0 31.6 61.0 62 -1 0
0 1 0 31.7 61.5 62 -1 0
0 1 0 31.6 61.0 63 -1 0
0 1 0 31.7 61.5 63 -1 0
0 1 0 31.7 61.5 63 -1 0
0 1 0 31.7 61.5 62 -1 0
0 1 0 31.7 61.5 63 -1 0
0 1 0 31.7 61.5 61 -1 0
0 1 0 31.7 61.5 63 -1 0
0 1 0 31.7 61.0 61 -1 0
0 1 0 31.7 61.5 54 -1 0
0 1 0 31.6 61.5 46 -1 0
0 1 0 31.7 61.5 61 -1 0
0 1 0 31.8 61.5 61 -1 0
0 1 0 31.8 61.5 59 -1 0
0 1 0 31.7 61.5 56 -1 0
0 1 0 31.8 61.5 61 -1 0
0 1 0 31.7 61.5 61 -1 0
0 1 0 31.7 61.5 63 -1 0
0 1 0 31.7 61.5 59 -1 0
0 1 0 31.7 61.5 61 -1 0
0 1 0 31.7 61.5 61 -1 0
0 1 0 31.7 61.5 61 -1 0
0 1 0 31.7 61.5 63 -1 0
0 1 0 31.7 61.0 61 -1 0
0 1 0 31.7 61.0 63 -1 0
0 1 0 31.7 60.5 61 -1 0
0 1 0 31.7 60.5 61 -1 0
0 1 0 31.7 60.5 61 -1 0
0 1 0 31.7 60.5 61 -1 0
0 1 0 31.7 60.0 61 -1 0
0 1 0 31.6 60.0 58 -1 0
0 1 0 31.6 59.5 58 -1 0
0 1 0 31.6 60.5 60 -1 0
0 1 0 31.6 60.5 58 -1 0
0 1 0 31.6 60.5 56 -1 0
0 1 0 31.7 60.5 54 -1 0
0 1 0 31.7 60.5 58 -1 0
0 1 0 31.6 60.0 56 -1 0
0 1 0 31.6 60.5 54 -1 0
0 1 0 31.7 60.5 52 -1 0
0 1 0 31.6 60.5 54 -1 0
0 1 0 31.6 61.0 56 -1 0
0 1 0 31.7 61.0 48 -1 0
0 1 0 31.6 61.0 54 -1 0
0 1 0 31.6 61.0 54 -1 0
0 1 0 31.7 61.0 50 -1 0
0 1 0 31.7 61.0 54 -1 0
0 1 0 31.6 61.0 54 -1 0
0 1 0 31.7 61.0 54 -1 0
0 1 0 31.7 61.0 54 -1 0
0 1 0 31.7 60.5 54 -1 0
0 1 0 31.7 61.0 56 -1 0
0 1 0 31.7 61.0 56 -1 0
0 1 0 31.7 61.0 56 -1 0
0 1 0 31.7 61.0 54 -1 0
0 1 0 31.7 61.0 58 -1 0
0 1 0 31.7 60.5 58 -1 0
0 1 0 31.7 60.5 56 -1 0
0 1 0 31.7 60.5 58 -1 0
0 1 0 31.7 60.5 58 -1 0
0 1 0 31.7 60.5 58 -1 0
0 1 0 31.7 61.0 58 -1 0
0 1 0 31.7 61.0 60 -1 0
0 1 0 31.8 61.0 53 -1 0
0 1 0 31.8 61.0 58 -1 0
0 1 0 31.7 60.5 56 -1 0
0 1 0 31.7 60.0 58 -1 0
0 1 0 31.7 59.5 55 -1 0
0 1 0 31.6 59.5 53 -1 0
0 1 0 31.6 59.5 55 -1 0
0 1 0 31.6 60.0 56 -1 0
0 1 0 31.6 60.0 54 -1 0
0 1 0 31.6 60.0 54 -1 0
0 1 0 31.7 60.0 55 -1 0
0 1 0 31.6 60.0 55 -1 0
0 1 0 31.6 60.0 56 -1 0
0 1 0 31.7 60.0 56 -1 0
0 1 0 31.7 60.0 54 -1 0
0 1 0 31.7 60.5 54 -1 0
0 1 0 31.7 60.5 54 -1 0
0 1 0 31.7 60.5 51 -1 0
0 1 0 31.8 60.5 51 -1 0
0 1 0 31.8 60.5 51 -1 0
0 1 0 31.7 60.5 48 -1 0
0 1 0 31.7 60.5 48 -1 0
0 1 0 31.8 60.5 53 -1 0
0 1 0 31.8 60.5 53 -1 0
0 1 0 31.8 60.5 49 -1 0
0 1 0 31.8 60.0 53 -1 0
0 1 0 31.8 60.5 51 -1 0
0 1 0 31.7 60.5 53 -1 0
0 1 0 31.7 60.5 52 -1 0
0 1 0 31.8 60.5 52 -1 0
0 1 0 31.7 60.5 52 -1 0
0 1 0 31.8 60.5 53 -1 0
0 1 0 31.8 60.0 49 -1 0
0 1 0 31.7 60.0 49 -1 0
0 1 0 31.7 60.0 52 -1 0
0 1 0 31.8 60.0 53 -1 0
0 1 0 31.7 59.5 51 -1 0
0 1 0 31.8 59.5 51 -1 0
0 1 0 31.7 59.5 50 -1 0
0 1 0 31.7 59.0 48 -1 0
0 1 0 31.6 59.0 48 -1 0
0 1 0 31.6 59.0 49 -1 0
0 1 0 31.7 59.0 48 -1 0
0 1 0 31.7 59.0 45 -1 0
0 1 0 31.7 59.5 43 -1 0
0 1 0 31.7 59.5 51 -1 0
0 1 0 31.8 59.5 51 -1 0
0 1 0 31.8 59.5 52 -1 0
0 1 0 31.8 59.5 55 -1 0
0 1 0 31.8 59.5 54 -1 0
0 1 0 31.8 59.5 52 -1 0
0 1 0 31.7 59.5 50 -1 0
0 1 0 31.8 59.5 53 -1 0
0 1 0 31.7 58.5 52 -1 0
0 1 0 31.8 58.0 54 -1 0
0 1 0 31.7 57.5 52 -1 0
0 1 0 31.6 57.5 52 -1 0
0 1 0 31.6 57.5 49 -1 0
0 1 0 31.7 58.0 52 -1 0
0 1 0 31.6 57.5 50 -1 0
0 1 0 31.6 57.0 51 -1 0
0 1 0 31.5 57.0 49 -1 0
0 1 0 31.4 56.5 49 -1 0
0 1 0 31.5 56.5 49 -1 0
0 1 0 31.5 56.0 47 -1 0
0 1 0 31.4 55.5 47 -1 0
0 1 0 31.4 55.0 44 -1 0
0 1 0 31.4 55.0 44 -1 0
0 1 0 31.4 55.0 45 -1 0
0 1 0 31.4 54.5 40 -1 0
0 1 0 31.4 55.5 36 -1 0
0 1 0 31.3 55.5 38 -1 0
0 1 0 31.3 55.0 36 -1 0
0 1 0 31.3 55.0 38 -1 0
0 1 0 31.3 54.5 36 -1 0
0 1 0 31.2 54.0 36 -1 0
0 1 0 31.2 54.0 36 -1 0
0 1 0 31.2 55.0 34 -1 0
0 1 0 31.3 55.0 40 -1 0
0 1 0 31.2 53.5 39 -1 0
0 1 0 31.2 54.0 41 -1 0
0 1 0 31.3 55.0 41 -1 0
0 1 0 31.2 54.5 43 -1 0
0 1 0 31.2 53.5 41 -1 0
0 1 0 31.2 53.5 47 -1 0
0 1 0 31.2 54.0 46 -1 0
0 1 0 31.1 53.5 45 -1 0
0 1 0 31.2 54.5 49 -1 0
0 1 0 31.2 55.0 47 -1 0
0 1 0 31.2 56.0 45 -1 0
0 1 0 31.3 56.0 44 -1 0
0 1 0 31.3 57.0 42 -1 0
0 1 0 31.4 57.0 46 -1 0
0 1 0 31.4 57.0 40 -1 0
0 1 0 31.3 57.0 40 -1 0
0 1 0 31.4 57.5 43 -1 0
0 1 0 31.4 57.5 45 -1 0
0 1 0 31.4 58.0 45 -1 0
0 1 0 31.5 58.0 45 -1 0
0 1 0 31.5 58.0 42 -1 0
0 1 0 31.4 58.0 35 -1 0
0 1 0 31.5 58.5 31 -1 0
0 1 0 31.4 58.5 32 -1 0
0 1 0 31.5 58.5 30 -1 0
0 1 0 31.5 58.5 26 -1 0
0 1 0 31.5 58.5 26 -1 0
0 1 0 31.6 59.0 24 -1 0
0 1 0 31.7 59.0 21 -1 0
0 1 0 31.6 59.0 21 -1 0
0 1 0 31.7 59.0 21 -1 0
0 1 0 31.6 58.5 21 -1 0
0 1 0 31.6 59.0 21 -1 0
0 1 0 31.6 59.0 21 -1 0
0 1 0 31.7 59.0 23 -1 0
0 1 0 31.6 59.5 21 -1 0
0 1 0 31.7 59.5 24 -1 0
0 1 0 31.6 59.5 21 -1 0
0 1 0 31.7 59.5 23 -1 0
0 1 0 31.7 60.0 24 -1 0
0 1 0 31.7 60.0 25 -1 0
0 1 0 31.7 60.0 27 -1 0
0 1 0 31.7 60.0 29 -1 0
0 1 0 31.7 60.0 29 -1 0
0 1 0 31.7 60.0 29 -1 0
0 1 0 31.7 60.0 27 -1 0
0 1 0 31.7 60.0 27 -1 0
0 1 0 31.8 60.0 26 -1 0
0 1 0 31.7 60.0 27 -1 0
0 1 0 31.7 60.0 30 -1 0
0 1 0 31.7 60.0 24 -1 0
0 1 0 31.8 60.0 24 -1 0
0 1 0 31.8 60.0 26 -1 0
0 1 0 31.8 60.5 28 -1 0
0 1 0 31.8 60.5 26 -1 0
0 1 0 31.7 60.0 31 -1 0
0 1 0 31.8 60.0 26 -1 0
0 1 0 31.8 60.0 26 -1 0
0 1 0 31.9 60.0 21 -1 0
0 1 0 31.8 60.0 25 -1 0
0 1 0 31.8 60.0 25 -1 0
0 1 0 31.8 60.0 21 -1 0
0 1 0 31.8 60.5 26 -1 0
0 1 0 31.9 60.0 22 -1 0
0 1 0 31.8 60.0 24 -1 0
0 1 0 31.9 60.0 26 -1 0
0 1 0 31.8 60.0 26 -1 0
0 1 0 31.8 60.0 26 -1 0
0 1 0 31.8 60.0 29 -1 0
0 1 0 31.8 59.5 33 -1 0
0 1 0 31.8 60.0 31 -1 0
0 1 0 31.7 60.0 26 -1 0
0 1 0 31.8 60.0 23 -1 0
0 1 0 31.8 60.0 23 -1 0
0 1 0 31.8 59.5 23 -1 0
0 1 0 31.7 60.0 21 -1 0
0 1 0 31.7 60.0 23 -1 0
0 1 0 31.8 60.0 19 -1 0
0 1 0 31.8 60.0 21 -1 0
0 1 0 31.8 60.0 26 -1 0
0 1 0 31.9 60.0 26 -1 0
0 1 0 31.8 60.0 32 -1 0
0 1 0 31.8 60.0 32 -1 0
0 1 0 31.8 60.0 30 -1 0
0 1 0 31.8 60.0 34 -1 0
0 1 0 31.8 60.0 32 -1 0
0 1 0 31.8 60.0 34 -1 0
0 1 0 31.8 60.0 34 -1 0
0 1 0 31.8 60.5 32 -1 0
0 1 0 31.9 60.5 34 -1 0
0 1 0 31.8 60.5 30 -1 0
0 1 0 31.8 60.0 28 -1 0
0 1 0 31.8 60.5 26 -1 0
0 1 0 31.8 60.5 26 -1 0
0 1 0 31.9 60.5 28 -1 0
0 1 0 31.8 60.0 24 -1 0
0 1 0 31.7 60.0 26 -1 0
0 1 0 31.8 59.0 26 -1 0
0 1 0 31.7 58.5 24 -1 0
0 1 0 31.7 58.5 26 -1 0
0 1 0 31.7 57.5 28 -1 0
0 1 0 31.7 58.0 26 -1 0
0 1 0 31.7 58.5 26 -1 0
0 1 0 31.6 58.5 24 -1 0
0 1 0 31.6 59.0 26 -1 0
0 1 0 31.6 59.0 26 -1 0
0 1 0 31.7 59.0 24 -1 0
0 1 0 31.7 59.0 21 -1 0
0 1 0 31.7 59.0 23 -1 0
0 1 0 31.6 59.0 21 -1 0
0 1 0 31.7 59.5 19 -1 0
0 1 0 31.7 59.5 21 -1 0
0 1 0 31.7 59.5 25 -1 0
0 1 0 31.7 59.5 26 -1 0
0 1 0 31.7 59.5 27 -1 0
0 1 0 31.7 59.0 24 -1 0
0 1 0 31.7 58.5 28 -1 0
0 1 0 31.6 58.5 28 -1 0
0 1 0 31.7 58.5 26 -1 0
0 1 0 31.6 59.0 28 -1 0
0 1 0 31.6 58.5 32 -1 0
0 1 0 31.6 58.5 30 -1 0
0 1 0 31.6 58.0 32 -1 0
0 1 0 31.6 58.5 34 -1 0
0 1 0 31.6 59.0 32 -1 0
0 1 0 31.6 59.0 34 -1 0
0 1 0 31.6 59.0 34 -1 0
0 1 0 31.6 58.5 34 -1 0
0 1 0 31.6 58.5 32 -1 0
0 1 0 31.7 59.0 30 -1 0
0 1 0 31.7 59.0 28 -1 0
0 1 0 31.7 59.0 24 -1 0
0 1 0 31.7 59.0 29 -1 0
0 1 0 31.8 59.0 26 -1 0
0 1 0 31.7 59.0 28 -1 0
0 1 0 31.7 59.0 28 -1 0
0 1 0 31.7 59.0 30 -1 0
0 1 0 31.7 59.0 28 -1 0
0 1 0 31.6 59.0 28 -1 0
0 1 0 31.7 59.0 26 -1 0
0 1 0 31.7 59.0 28 -1 0
0 1 0 31.7 59.0 27 -1 0
0 1 0 31.6 58.5 27 -1 0
0 1 0 31.7 58.5 29 -1 0
0 1 0 31.6 58.5 29 -1 0
0 1 0 31.7 58.5 29 -1 0
0 1 0 31.6 58.5 31 -1 0
0 1 0 31.6 58.5 27 -1 0
0 1 0 31.6 58.0 28 -1 0
0 1 0 31.6 58.0 26 -1 0
0 1 0 31.6 57.5 28 -1 0
0 1 0 31.5 58.0 28 -1 0
0 1 0 31.5 58.0 31 -1 0
0 1 0 31.6 58.0 31 -1 0
0 1 0 31.6 58.0 32 -1 0
0 1 0 31.6 58.5 32 -1 0
0 1 0 31.7 58.5 27 -1 0
0 1 0 31.7 58.5 27 -1 0
0 1 0 31.7 59.0 24 -1 0
0 1 0 31.7 59.0 26 -1 0
0 1 0 31.7 59.0 21 -1 0
0 1 0 31.7 59.0 19 -1 0
0 1 0 31.7 59.0 21 -1 0
0 1 0 31.6 59.0 19 -1 0
0 1 0 31.6 58.0 19 -1 0
0 1 0 31.6 58.5 17 -1 0
0 1 0 31.6 58.5 15 -1 0
0 1 0 31.6 58.0 18 -1 0
0 1 0 31.6 58.0 14 -1 0
0 1 0 31.6 58.0 14 -1 0
0 1 0 31.6 57.5 16 -1 0
0 1 0 31.5 58.0 16 -1 0
0 1 0 31.6 58.5 14 -1 0
0 1 0 31.6 58.5 14 -1 0
0 1 0 31.6 58.5 16 -1 0
0 1 0 31.6 58.5 16 -1 0
0 1 0 31.6 58.5 12 -1 0
0 1 0 31.6 58.5 14 -1 0
0 1 0 31.7 59.0 14 -1 0
0 1 0 31.7 59.0 14 -1 0
0 1 0 31.6 58.5 12 -1 0
0 1 0 31.6 58.5 14 -1 0
0 1 0 31.6 58.5 14 -1 0
0 1 0 31.6 59.0 12 -1 0
0 1 0 31.6 58.5 14 -1 0
0 1 0 31.6 58.5 14 -1 0
0 1 0 31.6 58.5 14 -1 0
0 1 0 31.6 58.5 14 -1 0
0 1 0 31.5 58.5 14 -1 0
0 1 0 31.5 57.5 16 -1 0
0 1 0 31.5 58.0 14 -1 0
0 1 0 31.5 57.5 16 -1 0
0 1 0 31.4 57.0 14 -1 0
0 1 0 31.4 56.5 16 -1 0
0 1 0 31.3 56.0 16 -1 0
0 1 0 31.3 55.5 18 -1 0
0 1 0 31.3 55.0 15 -1 0
0 1 0 31.2 55.0 15 -1 0
0 1 0 31.2 55.0 15 -1 0
0 1 0 31.2 56.0 17 -1 0
0 1 0 31.2 56.0 17 -1 0
0 1 0 31.1 56.0 17 -1 0
0 1 0 31.2 56.5 17 -1 0
0 1 0 31.2 56.0 17 -1 0
0 1 0 31.1 56.0 17 -1 0
0 1 0 31.2 55.5 17 -1 0
0 1 0 31.2 55.5 19 -1 0
0 1 0 31.1 55.5 15 -1 0
0 1 0 31.2 56.0 15 -1 0
0 1 0 31.1 56.5 15 -1 0
0 1 0 31.2 56.5 15 -1 0
0 1 0 31.2 57.0 19 -1 0
0 1 0 31.2 57.5 17 -1 0
0 1 0 31.1 56.5 17 -1 0
0 1 0 31.1 56.0 17 -1 0
0 1 0 31.1 55.5 17 -1 0
0 1 0 31.1 56.0 17 -1 0
0 1 0 31.1 55.5 17 -1 0
0 1 0 31.0 55.5 17 -1 0
0 1 0 31.0 55.0 19 -1 0
0 1 0 31.0 55.5 17 -1 0
0 1 0 31.0 55.0 15 -1 0
0 1 0 30.9 55.0 18 -1 0
0 1 0 30.9 54.5 15 -1 0
0 1 0 30.9 54.5 17 -1 0
0 1 0 30.9 54.5 17 -1 0
0 1 0 30.9 55.0 17 -1 0
0 1 0 30.9 55.5 17 -1 0
0 1 0 30.9 56.0 15 -1 0
0 1 0 31.0 56.5 15 -1 0
0 1 0 31.0 56.5 15 -1 0
0 1 0 30.9 57.5 17 -1 0
0 1 0 31.0 57.5 17 -1 0
0 1 0 31.0 57.0 19 -1 0
0 1 0 31.0 57.5 19 -1 0
0 1 0 30.9 57.5 17 -1 0
0 1 0 31.0 58.0 17 -1 0
0 1 0 30.9 57.5 17 -1 0
0 1 0 31.0 58.0 17 -1 0
0 1 0 31.0 58.0 17 -1 0
0 1 0 31.0 58.5 17 -1 0
0 1 0 31.0 58.5 17 -1 0
0 1 0 31.0 59.0 17 -1 0
0 1 0 31.0 58.5 17 -1 0
0 1 0 30.9 59.0 16 -1 0
0 1 0 31.0 58.5 16 -1 0
0 1 0 31.0 59.0 14 -1 0
0 1 0 31.0 59.5 14 -1 0
0 1 0 31.0 59.5 14 -1 0
0 1 0 31.0 59.5 14 -1 0
0 1 0 31.0 59.5 16 -1 0
0 1 0 31.0 59.0 16 -1 0
0 1 0 31.0 59.0 16 -1 0
0 1 0 31.0 59.0 16 -1 0
0 1 0 31.0 58.5 16 -1 0
0 1 0 31.0 58.5 14 -1 0
0 1 0 31.0 59.0 14 -1 0
0 1 0 30.9 59.0 14 -1 0
0 1 0 30.9 57.5 14 -1 0
0 1 0 30.9 57.0 14 -1 0
0 1 0 30.9 56.5 12 -1 0
0 1 0 30.9 56.5 14 -1 0
0 1 0 30.9 55.5 12 -1 0
0 1 0 30.9 55.0 10 -1 0
0 1 0 30.9 54.5 13 -1 0
0 1 0 30.8 55.5 11 -1 0
0 1 0 30.8 54.5 11 -1 0
0 1 0 30.7 55.0 9 -1 0
0 1 0 30.7 54.0 9 -1 0
0 1 0 30.7 54.0 9 -1 0
0 1 0 30.6 54.5 9 -1 0
0 1 0 30.6 54.0 9 -1 0
0 1 0 30.6 54.0 9 -1 0
0 1 0 30.5 53.5 9 -1 0
0 1 0 30.5 53.0 11 -1 0
0 1 0 30.5 52.5 11 -1 0
0 1 0 30.5 52.0 11 -1 0
0 1 0 30.5 52.0 11 -1 0
0 1 0 30.5 53.0 11 -1 0
0 1 0 30.5 54.0 11 -1 0
0 1 0 30.4 53.5 9 -1 0
0 1 0 30.5 55.0 9 -1 0
0 1 0 30.4 55.5 9 -1 0
0 1 0 30.5 56.0 9 -1 0
0 1 0 30.5 57.0 9 -1 0
0 1 0 30.5 58.0 7 -1 0
0 1 0 30.7 59.0 7 -1 0
0 1 0 30.7 59.5 7 -1 0
0 1 0 30.8 59.5 7 -1 0
0 1 0 30.8 60.5 7 -1 0
0 1 0 30.8 61.0 7 -1 0
0 1 0 30.8 61.5 9 -1 0
0 1 0 30.9 61.5 9 -1 0
0 1 0 30.9 62.0 9 -1 0
0 1 0 30.9 62.0 9 -1 0
0 1 0 30.9 62.5 9 -1 0
0 1 0 30.9 62.5 7 -1 0
0 1 0 31.0 62.5 7 -1 0
0 1 0 31.0 63.0 7 -1 0
0 1 0 31.0 63.0 7 -1 0
0 1 0 31.1 63.0 7 -1 0
0 1 0 31.1 63.0 7 -1 0
0 1 0 31.1 63.5 7 -1 0
0 1 0 31.2 63.5 7 -1 0
0 1 0 31.2 63.5 7 -1 0
0 1 0 31.2 63.5 11 -1 0
0 1 0 31.2 63.5 11 -1 0
0 1 0 31.2 63.5 9 -1 0
0 1 0 31.3 64.0 9 -1 0
0 1 0 31.3 64.0 9 -1 0
0 1 0 31.3 63.5 9 -1 0
0 1 0 31.3 64.0 9 -1 0
0 1 0 31.2 63.5 9 -1 0
0 1 0 31.2 64.0 7 -1 0
0 1 0 31.3 64.0 9 -1 0
0 1 0 31.3 64.0 9 -1 0
0 1 0 31.3 64.0 9 -1 0
0 1 0 31.3 64.0 9 -1 0
0 1 0 31.3 64.0 9 -1 0
0 1 0 31.3 64.0 9 -1 0
0 1 0 31.3 64.0 9 -1 0
0 1 0 31.3 64.0 9 -1 0
0 1 0 31.3 64.0 7 -1 0
0 1 0 31.3 64.0 7 -1 0
0 1 0 31.3 64.0 7 -1 0
0 1 0 31.4 64.0 7 -1 0
0 1 0 31.4 64.0 7 -1 0
0 1 0 31.4 64.0 7 -1 0
0 1 0 31.4 64.0 7 -1 0
0 1 0 31.4 64.0 5 -1 0
0 1 0 31.4 64.0 5 -1 0
0 1 0 31.4 64.0 5 -1 0
0 1 0 31.3 64.0 5 -1 0
0 1 0 31.4 64.0 5 -1 0
0 1 0 31.4 64.0 5 -1 0
0 1 0 31.4 64.0 5 -1 0
0 1 0 31.4 64.0 5 -1 0
0 1 0 31.4 64.0 5 -1 0
0 1 0 31.3 64.0 5 -1 0
0 1 0 31.4 64.0 7 -1 0
0 1 0 31.4 64.0 7 -1 0
0 1 0 31.4 64.0 7 -1 0
0 1 0 31.4 63.5 5 -1 0
0 1 0 31.4 63.5 5 -1 0
0 1 0 31.4 63.5 7 -1 0
0 1 0 31.4 63.0 5 -1 0
0 1 0 31.3 63.0 6 -1 0
0 1 0 31.3 63.0 6 -1 0
0 1 0 31.3 62.5 6 -1 0
0 1 0 31.3 62.0 4 -1 0
0 1 0 31.2 61.5 4 -1 0
0 1 0 31.2 61.0 4 -1 0
0 1 0 31.1 60.5 4 -1 0
0 1 0 31.1 61.5 2 -1 0
0 1 0 31.1 60.5 2 -1 0
0 1 0 31.1 60.5 2 -1 0
0 1 0 31.0 60.0 2 -1 0
0 1 0 31.0 60.0 6 -1 0
0 1 0 31.0 60.0 4 -1 0
0 1 0 31.0 59.5 4 -1 0
0 1 0 30.9 59.0 4 -1 0
0 1 0 30.8 59.5 4 -1 0
0 1 0 30.9 58.5 4 -1 0
0 1 0 30.8 59.0 2 -1 0
0 1 0 30.9 59.5 2 -1 0
0 1 0 30.9 59.5 2 -1 0
0 1 0 30.8 59.5 2 -1 0
0 1 0 30.8 59.0 2 -1 0
0 1 0 30.8 59.5 1 -1 0
0 1 0 30.8 59.0 1 -1 0
0 1 0 30.7 59.0 1 -1 0
0 1 0 30.8 59.0 4 -1 0
0 1 0 30.8 59.5 4 -1 0
0 1 0 30.7 59.5 2 -1 0
0 1 0 30.7 59.0 2 -1 0
0 1 0 30.8 58.5 2 -1 0
0 1 0 30.7 58.5 2 -1 0
0 1 0 30.6 58.5 2 -1 0
0 1 0 30.7 59.0 2 -1 0
0 1 0 30.6 58.0 2 -1 0
0 1 0 30.6 58.0 0 -1 0
0 1 0 30.6 57.0 0 -1 0
0 1 0 30.6 57.0 0 -1 0
0 1 0 30.5 57.0 0 -1 0
0 1 0 30.5 57.0 0 -1 0
0 1 0 30.6 56.5 0 -1 0
0 1 0 30.5 56.5 0 -1 0
0 1 0 30.4 56.5 0 -1 0
0 1 0 30.4 56.0 0 -1 0
0 1 0 30.4 55.5 0 -1 0
0 1 0 30.4 55.5 0 -1 0
0 1 0 30.4 56.0 0 -1 0
0 1 0 30.3 55.5 0 -1 0
0 1 0 30.3 55.0 0 -1 0
0 1 0 30.2 55.0 0 -1 0
0 1 0 30.3 55.0 0 -1 0
0 1 0 30.2 54.5 0 -1 0
0 1 0 30.2 54.5 0 -1 0
0 1 0 30.2 53.5 0 -1 0
0 1 0 30.1 53.0 0 -1 0
0 1 0 30.1 53.0 0 -1 0
0 1 0 30.1 52.5 0 -1 0
0 1 0 30.0 53.0 0 -1 0
0 1 0 30.0 52.5 0 -1 0
0 1 0 30.0 52.5 0 -1 0
0 1 0 29.9 53.0 0 -1 0
0 1 0 29.9 53.0 0 -1 0
0 1 0 29.9 52.0 0 -1 0
0 1 0 30.0 52.5 0 -1 0
0 1 0 29.9 51.5 0 -1 0
0 1 0 29.8 52.0 0 -1 0
0 1 0 29.8 52.0 0 -1 0
0 1 0 29.8 51.5 0 -1 0
0 1 0 29.8 51.5 0 -1 0
0 1 0 29.7 51.5 0 -1 0
0 1 0 29.8 51.0 0 -1 0
0 1 0 29.8 50.5 0 -1 0
0 1 0 29.7 50.5 0 -1 0
0 1 0 29.8 50.5 0 -1 0
0 1 0 29.7 50.5 0 -1 0
0 1 0 29.7 50.0 0 -1 0
0 1 0 29.7 50.5 0 -1 0
0 1 0 29.7 50.5 0 -1 0
0 1 0 29.7 51.0 0 -1 0
0 1 0 29.7 51.5 0 -1 0
0 1 0 29.6 50.5 0 -1 0
0 1 0 29.6 50.5 0 -1 0
0 1 0 29.6 50.0 0 -1 0
0 1 0 29.6 50.0 0 -1 0
0 1 0 29.5 50.0 0 -1 0
0 1 0 29.6 50.0 0 -1 0
0 1 0 29.6 51.0 0 -1 0
0 1 0 29.5 51.0 0 -1 0
0 1 0 29.5 50.5 0 -1 0
0 1 0 29.6 50.5 0 -1 0
0 1 0 29.6 50.5 0 -1 0
0 1 0 29.6 50.5 0 -1 0
0 1 0 29.6 50.5 0 -1 0
0 1 0 29.5 50.5 0 -1 0
0 1 0 29.5 50.5 0 -1 0
0 1 0 29.4 50.5 0 -1 0
0 1 0 29.4 49.5 0 -1 0
0 1 0 29.4 49.0 0 -1 0
0 1 0 29.4 49.0 0 -1 0
0 1 0 29.4 49.0 0 -1 0
0 1 0 29.4 48.5 0 -1 0
0 1 0 29.4 49.0 0 -1 0
0 1 0 29.3 49.5 0 -1 0
0 1 0 29.4 49.0 0 -1 0
0 1 0 29.3 48.5 0 -1 0
0 1 0 29.3 49.0 0 -1 0
0 1 0 29.2 48.5 0 -1 0
0 1 0 29.3 48.0 0 -1 0
0 1 0 29.3 48.0 0 -1 0
0 1 0 29.3 47.5 0 -1 0
0 1 0 29.3 47.5 0 -1 0
0 1 0 29.1 47.5 0 -1 0
0 1 0 29.2 48.0 0 -1 0
0 1 0 29.2 47.5 0 -1 0
0 1 0 29.2 48.0 0 -1 0
0 1 0 29.1 47.5 0 -1 0
0 1 0 29.1 48.0 0 -1 0
0 1 0 29.1 47.5 0 -1 0
0 1 0 29.1 47.0 0 -1 0
0 1 0 29.1 47.0 0 -1 0
0 1 0 29.1 47.0 0 -1 0
0 1 0 29.1 47.0 0 -1 0
0 1 0 29.0 47.0 0 -1 0
0 1 0 29.0 47.0 0 -1 0
0 1 0 29.0 46.5 0 -1 0
0 1 0 29.0 47.0 0 -1 0
0 1 0 29.0 47.0 0 -1 0
0 1 0 29.0 47.0 0 -1 0
0 1 0 28.9 47.0 0 -1 0
0 1 0 29.0 47.0 0 -1 0
0 1 0 28.9 47.0 0 -1 0
0 1 0 29.0 47.0 0 -1 0
0 1 0 29.0 46.5 0 -1 0
0 1 0 28.9 46.5 0 -1 0
0 1 0 28.9 46.5 0 -1 0
0 1 0 28.9 46.5 0 -1 0
0 1 0 28.9 46.5 0 -1 0
0 1 0 28.9 46.5 0 -1 0
0 1 0 28.8 46.5 0 -1 0
0 1 0 28.8 46.0 0 -1 0
0 1 0 28.8 46.5 0 -1 0
0 1 0 28.8 46.5 0 -1 0
0 1 0 28.8 46.5 0 -1 0
0 1 0 28.8 46.5 0 -1 0
0 1 0 28.8 46.5 0 -1 0
0 1 0 28.9 46.0 0 -1 0
0 1 0 28.9 46.0 0 -1 0
0 1 0 28.8 46.0 0 -1 0
0 1 0 28.8 46.0 0 -1 0
0 1 0 28.9 46.5 0 -1 0
0 1 0 28.8 46.0 0 -1 0
0 1 0 28.8 46.0 0 -1 0
0 1 0 28.8 46.0 0 -1 0
0 1 0 28.8 46.0 0 -1 0
0 1 0 28.9 46.0 0 -1 0
0 1 0 28.9 46.0 0 -1 0
0 1 0 28.9 46.5 0 -1 0
0 1 0 28.9 46.5 0 -1 0
0 1 0 28.9 48.0 0 -1 0
0 1 0 28.9 48.5 0 -1 0
0 1 0 28.9 48.0 0 -1 0
0 1 0 28.9 47.5 0 -1 0
0 1 0 29.0 47.5 0 -1 0
0 1 0 29.0 48.0 0 -1 0
0 1 0 29.0 48.0 0 -1 0
0 1 0 28.9 48.5 0 -1 0
0 1 0 29.0 48.5 0 -1 0
0 1 0 29.0 48.0 0 -1 0
0 1 0 29.0 48.0 0 -1 0
0 1 0 29.0 48.0 0 -1 0
0 1 0 28.9 47.5 0 -1 0
0 1 0 28.9 47.5 0 -1 0
0 1 0 28.9 47.5 0 -1 0
0 1 0 28.9 47.0 0 -1 0
0 1 0 29.0 47.5 0 -1 0
0 1 0 28.9 47.5 0 -1 0
0 1 0 28.9 47.5 0 -1 0
0 1 0 28.9 47.0 0 -1 0
0 1 0 28.9 47.0 0 -1 0
0 1 0 28.9 47.0 0 -1 0
0 1 0 28.9 46.5 0 -1 0
0 1 0 28.9 46.5 0 -1 0
0 1 0 28.9 46.5 0 -1 0
0 1 0 28.9 47.0 0 -1 0
0 1 0 28.9 47.0 0 -1 0
0 1 0 28.9 46.5 0 -1 0
0 1 0 29.0 46.5 0 -1 0
0 1 0 28.9 46.5 0 -1 0
0 1 0 28.9 46.5 0 -1 0
0 1 0 28.9 46.0 0 -1 0
0 1 0 28.9 46.0 0 -1 0
0 1 0 28.9 46.0 0 -1 0
0 1 0 28.9 46.0 0 -1 0
0 1 0 28.9 45.5 0 -1 0
0 1 0 28.9 46.0 0 -1 0
0 1 0 28.9 46.5 0 -1 0
0 1 0 28.9 46.0 0 -1 0
0 1 0 28.8 46.0 0 -1 0
0 1 0 28.9 46.0 0 -1 0
0 1 0 28.8 46.0 0 -1 0
0 1 0 28.9 46.0 0 -1 0
0 1 0 28.9 46.0 0 -1 0
0 1 0 28.8 46.0 0 -1 0
0 1 0 28.9 45.5 0 -1 0
0 1 0 28.8 45.5 0 -1 0
0 1 0 28.8 45.0 0 -1 0
0 1 0 28.9 45.0 0 -1 0
0 1 0 28.9 45.0 0 -1 0
0 1 0 28.9 45.5 0 -1 0
0 1 0 28.8 45.5 0 -1 0
0 1 0 28.9 45.0 0 -1 0
0 1 0 28.9 45.0 0 -1 0
0 1 0 28.9 45.5 0 -1 0
0 1 0 28.9 45.5 0 -1 0
0 1 0 28.9 45.5 0 -1 0
0 1 0 28.8 45.5 0 -1 0
0 1 0 28.9 45.5 0 -1 0
0 1 0 28.8 45.5 0 -1 0
0 1 0 28.8 45.5 0 -1 0
0 1 0 28.8 45.5 0 -1 0
0 1 0 28.8 45.0 0 -1 0
0 1 0 28.8 45.0 0 -1 0
0 1 0 28.8 45.0 0 -1 0
0 1 0 28.8 45.0 0 -1 0
0 1 0 28.8 44.5 0 -1 0
0 1 0 28.9 44.5 0 -1 0
0 1 0 28.8 45.0 0 -1 0
0 1 0 28.9 45.0 0 -1 0
0 1 0 28.8 45.0 0 -1 0
0 1 0 28.8 45.0 0 -1 0
0 1 0 28.8 44.5 0 -1 0
0 1 0 28.8 45.0 0 -1 0
0 1 0 28.8 45.0 2 -1 0
0 1 0 28.7 45.0 2 -1 0
0 1 0 28.7 45.0 2 -1 0
0 1 0 28.8 44.5 2 -1 0
0 1 0 28.8 44.5 2 -1 0
0 1 0 28.8 44.5 2 -1 0
0 1 0 28.8 44.5 2 -1 0
0 1 0 28.8 45.0 2 -1 0
0 1 0 28.8 45.0 2 -1 0
0 1 0 28.9 45.0 2 -1 0
0 1 0 28.8 45.0 2 -1 0
0 1 0 28.9 45.0 2 -1 0
0 1 0 28.8 45.0 2 -1 0
0 1 0 28.8 45.0 2 -1 0
0 1 0 28.9 45.0 2 -1 0
0 1 0 28.9 45.0 2 -1 0
0 1 0 28.9 44.5 2 -1 0
0 1 0 28.9 44.5 2 -1 0
0 1 0 28.9 44.5 2 -1 0
0 1 0 29.0 45.0 2 -1 0
0 1 0 28.9 45.0 2 -1 0
0 1 0 29.0 45.0 2 -1 0
0 1 0 28.9 45.0 2 -1 0
0 1 0 29.0 45.5 2 -1 0
0 1 0 29.0 45.5 2 -1 0
0 1 0 29.0 45.5 2 -1 0
0 1 0 29.1 45.5 2 -1 0
0 1 0 29.0 46.0 2 -1 0
0 1 0 29.1 46.0 2 -1 0
0 1 0 29.1 46.0 2 -1 0
0 1 0 29.1 46.0 2 -1 0
0 1 0 29.1 46.5 2 -1 0
0 1 0 29.1 46.5 2 -1 0
0 1 0 29.1 46.5 2 -1 0
0 1 0 29.2 46.5 2 -1 0
0 1 0 29.1 46.5 2 -1 0
0 1 0 29.2 46.5 2 -1 0
0 1 0 29.2 46.5 2 -1 0
0 1 0 29.2 46.5 2 -1 0
0 1 0 29.2 46.5 2 -1 0
0 1 0 29.3 46.5 2 -1 0
0 1 0 29.3 46.5 2 -1 0
0 1 0 29.3 46.5 2 -1 0
0 1 0 29.3 46.5 2 -1 0
0 1 0 29.3 46.5 2 -1 0
0 1 0 29.3 46.5 0 -1 0
0 1 0 29.3 46.5 2 -1 0
0 1 0 29.3 46.5 2 -1 0
0 1 0 29.4 47.0 2 -1 0
0 1 0 29.3 47.0 2 -1 0
0 1 0 29.3 46.5 2 -1 0
0 1 0 29.3 47.0 2 -1 0
0 1 0 29.3 47.0 2 -1 0
0 1 0 29.3 47.0 2 -1 0
0 1 0 29.4 47.0 2 -1 0
0 1 0 29.4 47.0 0 -1 0
0 1 0 29.4 47.0 2 -1 0
0 1 0 29.5 47.0 2 -1 0
0 1 0 29.4 47.0 2 -1 0
0 1 0 29.4 47.0 2 -1 0
0 1 0 29.5 47.0 2 -1 0
0 1 0 29.5 47.0 2 -1 0
0 1 0 29.5 47.0 2 -1 0
0 1 0 29.5 47.0 2 -1 0
0 1 0 29.4 47.0 2 -1 0
0 1 0 29.5 47.0 2 -1 0
0 1 0 29.6 47.0 2 -1 0
0 1 0 29.5 47.0 2 -1 0
0 1 0 29.5 47.0 2 -1 0
0 1 0 29.5 47.0 2 -1 0
0 1 0 29.6 47.0 2 -1 0
0 1 0 29.6 47.0 2 -1 0
0 1 0 29.6 47.0 2 -1 0
0 1 0 29.5 47.0 2 -1 0
0 1 0 29.7 47.0 2 -1 0
0 1 0 29.6 47.5 2 -1 0
0 1 0 29.6 47.5 2 -1 0
0 1 0 29.7 47.5 2 -1 0
0 1 0 29.6 47.5 2 -1 0
0 1 0 29.7 47.5 2 -1 0
0 1 0 29.7 47.5 2 -1 0
0 1 0 29.7 47.5 2 -1 0
0 1 0 29.7 47.5 2 -1 0
0 1 0 29.7 47.5 2 -1 0
0 1 0 29.7 47.5 2 -1 0
0 1 0 29.7 47.5 2 -1 0
0 1 0 29.8 48.0 2 -1 0
0 1 0 29.8 48.0 2 -1 0
0 1 0 29.7 48.0 2 -1 0
0 1 0 29.7 48.0 2 -1 0
0 1 0 29.8 48.0 2 -1 0
0 1 0 29.8 48.5 2 -1 0
0 1 0 29.8 49.0 2 -1 0
0 1 0 29.8 49.5 2 -1 0
0 1 0 29.8 49.5 2 -1 0
0 1 0 29.8 50.0 2 -1 0
0 1 0 29.9 50.5 2 -1 0
0 1 0 29.9 50.5 2 -1 0
0 1 0 29.8 50.5 2 -1 0
0 1 0 30.0 50.5 2 -1 0
0 1 0 30.0 50.5 2 -1 0
0 1 0 30.0 50.5 2 -1 0
0 1 0 29.9 50.5 2 -1 0
0 1 0 30.0 50.0 2 -1 0
0 1 0 30.0 50.0 2 -1 0
0 1 0 30.0 50.5 2 -1 0
0 1 0 30.0 50.0 2 -1 0
0 1 0 30.0 50.0 2 -1 0
0 1 0 30.0 50.0 2 -1 0
0 1 0 30.0 50.0 2 -1 0
0 1 0 30.0 50.0 2 -1 0
0 1 0 30.0 50.0 2 -1 0
