0 1 0 29.4 54.5 2 -1 0
0 1 0 29.5 54.5 2 -1 0
0 1 0 29.4 55.0 2 -1 0
0 1 0 29.5 55.0 2 -1 0
0 1 0 29.5 55.5 2 -1 0
0 1 0 29.5 55.5 2 -1 0
0 1 0 29.5 55.0 2 -1 0
0 1 0 29.4 55.0 2 -1 0
0 1 0 29.5 55.0 2 -1 0
0 1 0 29.5 55.0 2 -1 0
0 1 0 29.5 55.0 2 -1 0
0 1 0 29.5 55.0 2 -1 0
0 1 0 29.6 55.0 2 -1 0
0 1 0 29.6 55.0 2 -1 0
0 1 0 29.6 55.0 2 -1 0
0 1 0 29.6 55.0 2 -1 0
0 1 0 29.6 55.0 2 -1 0
0 1 0 29.7 54.5 2 -1 0
0 1 0 29.7 55.0 2 -1 0
0 1 0 29.6 54.5 2 -1 0
0 1 0 29.7 55.0 2 -1 0
0 1 0 29.6 54.5 2 -1 0
0 1 0 29.7 55.0 2 -1 0
0 1 0 29.7 54.5 2 -1 0
0 1 0 29.7 55.0 2 -1 0
0 1 0 29.7 55.0 2 -1 0
0 1 0 29.8 55.5 2 -1 0
0 1 0 29.7 55.5 2 -1 0
0 1 0 29.7 55.5 2 -1 0
0 1 0 29.7 55.5 2 -1 0
0 1 0 29.8 55.5 2 -1 0
0 1 0 29.8 55.0 2 -1 0
0 1 0 29.8 55.0 2 -1 0
0 1 0 29.8 55.0 2 -1 0
0 1 0 29.8 55.0 2 -1 0
0 1 0 29.8 55.0 2 -1 0
0 1 0 29.8 55.0 2 -1 0
0 1 0 29.8 55.0 2 -1 0
0 1 0 29.9 55.0 2 -1 0
0 1 0 29.8 55.0 2 -1 0
0 1 0 29.8 55.0 2 -1 0
0 1 0 29.8 55.0 2 -1 0
0 1 0 29.8 55.0 2 -1 0
0 1 0 29.9 55.0 2 -1 0
0 1 0 29.8 55.0 2 -1 0
0 1 0 29.9 55.0 2 -1 0
0 1 0 29.8 55.0 2 -1 0
0 1 0 29.9 55.0 2 -1 0
0 1 0 29.9 55.0 2 -1 0
0 1 0 29.8 55.0 2 -1 0
0 1 0 29.9 55.0 2 -1 0
0 1 0 29.9 55.0 2 -1 0
0 1 0 29.9 55.0 2 -1 0
0 1 0 29.9 55.0 2 -1 0
0 1 0 29.9 55.0 2 -1 0
0 1 0 29.9 55.0 2 -1 0
0 1 0 29.9 55.0 2 -1 0
0 1 0 29.9 55.0 2 -1 0
0 1 0 29.9 55.0 2 -1 0
0 1 0 29.9 55.0 2 -1 0
0 1 0 30.0 54.5 2 -1 0
0 1 0 30.0 55.0 2 -1 0
0 1 0 30.0 55.0 2 -1 0
0 1 0 30.0 55.0 2 -1 0
0 1 0 30.0 54.5 2 -1 0
0 1 0 30.0 55.0 2 -1 0
0 1 0 30.0 55.0 2 -1 0
0 1 0 30.0 54.5 2 -1 0
0 1 0 30.0 54.5 2 -1 0
0 1 0 30.0 54.5 2 -1 0
0 1 0 30.0 54.5 2 -1 0
0 1 0 30.1 54.5 2 -1 0
0 1 0 30.0 54.5 2 -1 0
0 1 0 30.1 54.5 2 -1 0
0 1 0 30.1 54.5 2 -1 0
0 1 0 30.1 55.0 2 -1 0
0 1 0 30.1 55.0 2 -1 0
0 1 0 30.0 55.0 2 -1 0
0 1 0 30.0 55.0 2 -1 0
0 1 0 30.1 55.5 2 -1 0
0 1 0 30.1 55.5 2 -1 0
0 1 0 30.1 56.0 2 -1 0
0 1 0 30.1 55.5 2 -1 0
0 1 0 30.2 56.0 2 -1 0
0 1 0 30.1 56.0 2 -1 0
0 1 0 30.1 56.0 2 -1 0
0 1 0 30.1 56.0 2 -1 0
0 1 0 30.1 56.0 2 -1 0
0 1 0 30.1 56.0 2 -1 0
0 1 0 30.1 56.0 2 -1 0
0 1 0 30.2 55.5 2 -1 0
0 1 0 30.2 55.5 2 -1 0
0 1 0 30.2 55.5 2 -1 0
0 1 0 30.2 55.5 2 -1 0
0 1 0 30.2 55.5 2 -1 0
0 1 0 30.2 55.5 2 -1 0
0 1 0 30.2 55.5 2 -1 0
0 1 0 30.2 55.5 2 -1 0
0 1 0 30.2 56.0 2 -1 0
0 1 0 30.1 55.5 2 -1 0
0 1 0 30.1 56.0 2 -1 0
0 1 0 30.2 56.0 2 -1 0
0 1 0 30.2 55.5 2 -1 0
0 1 0 30.3 56.5 2 -1 0
0 1 0 30.3 56.5 2 -1 0
0 1 0 30.2 56.5 2 -1 0
0 1 0 30.2 56.5 2 -1 0
0 1 0 30.2 56.5 2 -1 0
0 1 0 30.3 56.5 2 -1 0
0 1 0 30.3 56.5 2 -1 0
0 1 0 30.3 56.5 2 -1 0
0 1 0 30.3 56.5 2 -1 0
0 1 0 30.3 56.5 2 -1 0
0 1 0 30.3 56.5 2 -1 0
0 1 0 30.3 56.5 2 -1 0
0 1 0 30.3 56.5 2 -1 0
0 1 0 30.3 56.5 2 -1 0
0 1 0 30.3 56.5 2 -1 0
0 1 0 30.3 56.5 2 -1 0
0 1 0 30.3 56.5 2 -1 0
0 1 0 30.3 56.5 2 -1 0
0 1 0 30.4 56.5 2 -1 0
0 1 0 30.3 56.5 2 -1 0
0 1 0 30.3 56.5 2 -1 0
0 1 0 30.3 56.5 2 -1 0
0 1 0 30.3 56.5 2 -1 0
0 1 0 30.4 56.5 2 -1 0
0 1 0 30.3 56.5 2 -1 0
0 1 0 30.3 56.5 2 -1 0
0 1 0 30.4 56.5 2 -1 0
0 1 0 30.3 56.5 2 -1 0
0 1 0 30.4 56.5 2 -1 0
0 1 0 30.4 56.5 2 -1 0
0 1 0 30.3 56.5 2 -1 0
0 1 0 30.4 57.0 2 -1 0
0 1 0 30.3 57.0 2 -1 0
0 1 0 30.4 57.0 2 -1 0
0 1 0 30.4 57.0 2 -1 0
0 1 0 30.4 57.0 2 -1 0
0 1 0 30.4 57.0 2 -1 0
0 1 0 30.4 57.0 2 -1 0
0 1 0 30.4 57.0 2 -1 0
0 1 0 30.4 57.0 2 -1 0
0 1 0 30.4 57.0 2 -1 0
0 1 0 30.5 57.0 2 -1 0
0 1 0 30.4 57.0 2 -1 0
0 1 0 30.5 57.0 2 -1 0
0 1 0 30.5 57.0 2 -1 0
0 1 0 30.4 57.0 2 -1 0
0 1 0 30.5 57.0 2 -1 0
0 1 0 30.5 57.0 2 -1 0
0 1 0 30.4 57.0 2 -1 0
0 1 0 30.5 57.5 2 -1 0
0 1 0 30.5 57.5 2 -1 0
0 1 0 30.5 57.5 2 -1 0
0 1 0 30.5 57.5 2 -1 0
0 1 0 30.5 57.5 2 -1 0
0 1 0 30.5 57.5 2 -1 0
0 1 0 30.5 57.5 2 -1 0
0 1 0 30.5 58.0 2 -1 0
0 1 0 30.5 57.5 2 -1 0
0 1 0 30.5 57.5 2 -1 0
0 1 0 30.5 57.5 2 -1 0
0 1 0 30.5 58.0 2 -1 0
0 1 0 30.5 58.0 2 -1 0
0 1 0 30.5 57.5 2 -1 0
0 1 0 30.5 58.0 2 -1 0
0 1 0 30.5 58.0 2 -1 0
0 1 0 30.5 58.0 2 -1 0
0 1 0 30.5 58.0 2 -1 0
0 1 0 30.6 58.0 2 -1 0
0 1 0 30.6 58.0 2 -1 0
0 1 0 30.6 58.0 2 -1 0
0 1 0 30.6 58.0 2 -1 0
0 1 0 30.6 58.0 2 -1 0
0 1 0 30.5 58.0 2 -1 0
0 1 0 30.6 58.0 2 -1 0
0 1 0 30.6 58.0 2 -1 0
0 1 0 30.6 58.0 2 -1 0
0 1 0 30.6 58.0 2 -1 0
0 1 0 30.6 58.0 2 -1 0
0 1 0 30.6 58.0 2 -1 0
0 1 0 30.6 57.5 2 -1 0
0 1 0 30.6 57.5 2 -1 0
0 1 0 30.6 58.0 2 -1 0
0 1 0 30.6 58.0 2 -1 0
0 1 0 30.6 57.5 2 -1 0
0 1 0 30.7 57.5 2 -1 0
0 1 0 30.6 57.5 2 -1 0
0 1 0 30.6 57.5 2 -1 0
0 1 0 30.7 57.5 2 -1 0
0 1 0 30.7 57.5 2 -1 0
0 1 0 30.7 57.5 2 -1 0
0 1 0 30.7 57.5 2 -1 0
0 1 0 30.7 57.5 2 -1 0
0 1 0 30.7 57.5 2 -1 0
0 1 0 30.6 57.5 2 -1 0
0 1 0 30.7 57.5 2 -1 0
0 1 0 30.7 57.5 2 -1 0
0 1 0 30.8 57.5 2 -1 0
0 1 0 30.6 57.5 2 -1 0
0 1 0 30.7 57.5 2 -1 0
0 1 0 30.7 57.5 2 -1 0
0 1 0 30.7 57.5 2 -1 0
0 1 0 30.7 57.5 2 -1 0
0 1 0 30.7 57.5 2 -1 0
0 1 0 30.7 57.5 2 -1 0
0 1 0 30.7 57.5 2 -1 0
0 1 0 30.7 57.5 2 -1 0
0 1 0 30.7 57.5 2 -1 0
0 1 0 30.7 57.5 2 -1 0
0 1 0 30.7 57.5 2 -1 0
0 1 0 30.7 57.5 2 -1 0
0 1 0 30.7 57.5 2 -1 0
0 1 0 30.8 57.5 2 -1 0
0 1 0 30.7 57.5 2 -1 0
0 1 0 30.8 57.5 2 -1 0
0 1 0 30.7 57.5 2 -1 0
0 1 0 30.8 57.5 2 -1 0
0 1 0 30.7 57.5 2 -1 0
0 1 0 30.7 57.5 2 -1 0
0 1 0 30.7 57.5 2 -1 0
0 1 0 30.7 57.5 2 -1 0
0 1 0 30.7 57.5 2 -1 0
0 1 0 30.8 57.5 2 -1 0
0 1 0 30.7 57.5 2 -1 0
0 1 0 30.8 57.5 2 -1 0
0 1 0 30.8 57.5 2 -1 0
0 1 0 30.7 57.5 2 -1 0
0 1 0 30.7 57.5 2 -1 0
0 1 0 30.8 57.5 2 -1 0
0 1 0 30.8 57.5 2 -1 0
0 1 0 30.8 57.5 2 -1 0
0 1 0 30.7 57.5 2 -1 0
0 1 0 30.8 57.5 2 -1 0
0 1 0 30.8 57.5 2 -1 0
0 1 0 30.7 57.5 2 -1 0
0 1 0 30.8 58.0 2 -1 0
0 1 0 30.8 57.5 2 -1 0
0 1 0 30.8 57.5 2 -1 0
0 1 0 30.8 58.0 2 -1 0
0 1 0 30.8 58.0 2 -1 0
0 1 0 30.8 58.0 2 -1 0
0 1 0 30.8 57.5 2 -1 0
0 1 0 30.8 57.5 2 -1 0
0 1 0 30.8 58.0 2 -1 0
0 1 0 30.8 58.0 2 -1 0
0 1 0 30.8 58.0 2 -1 0
0 1 0 30.8 58.0 2 -1 0
0 1 0 30.9 58.0 2 -1 0
0 1 0 30.9 58.0 2 -1 0
0 1 0 30.8 58.0 2 -1 0
0 1 0 30.8 58.0 2 -1 0
0 1 0 30.8 58.0 2 -1 0
0 1 0 30.8 58.0 2 -1 0
0 1 0 30.9 58.0 2 -1 0
0 1 0 30.8 58.0 2 -1 0
0 1 0 30.8 58.0 2 -1 0
0 1 0 30.8 58.0 2 -1 0
0 1 0 30.9 58.0 2 -1 0
0 1 0 30.8 58.0 2 -1 0
0 1 0 30.8 58.0 2 -1 0
0 1 0 30.9 58.0 2 -1 0
0 1 0 30.8 58.0 2 -1 0
0 1 0 30.9 58.5 2 -1 0
0 1 0 30.8 58.5 2 -1 0
0 1 0 30.9 58.5 2 -1 0
0 1 0 30.9 58.5 2 -1 0
0 1 0 30.9 58.5 2 -1 0
0 1 0 30.9 58.5 2 -1 0
0 1 0 30.8 58.5 2 -1 0
0 1 0 30.9 58.5 2 -1 0
0 1 0 30.9 58.5 2 -1 0
0 1 0 30.9 58.5 2 -1 0
0 1 0 30.9 58.5 2 -1 0
0 1 0 30.9 58.5 2 -1 0
0 1 0 30.9 58.5 2 -1 0
0 1 0 30.9 58.5 2 -1 0
0 1 0 30.9 58.5 2 -1 0
0 1 0 30.9 58.5 2 -1 0
0 1 0 30.9 58.5 2 -1 0
0 1 0 30.9 58.5 2 -1 0
0 1 0 30.9 58.5 2 -1 0
0 1 0 30.9 58.5 2 -1 0
0 1 0 30.9 58.5 2 -1 0
0 1 0 30.9 58.5 2 -1 0
0 1 0 30.9 58.5 2 -1 0
0 1 0 30.9 58.5 2 -1 0
0 1 0 30.9 58.5 2 -1 0
0 1 0 31.0 58.5 2 -1 0
0 1 0 30.9 58.5 2 -1 0
0 1 0 31.0 58.5 2 -1 0
0 1 0 31.0 58.5 2 -1 0
0 1 0 30.9 58.5 2 -1 0
0 1 0 30.9 58.5 2 -1 0
0 1 0 30.9 58.5 2 -1 0
0 1 0 30.9 58.5 2 -1 0
0 1 0 31.0 58.5 2 -1 0
0 1 0 30.9 58.5 1 -1 0
0 1 0 30.9 58.5 1 -1 0
0 1 0 30.9 58.5 1 -1 0
0 1 0 31.0 58.5 1 -1 0
0 1 0 30.9 58.5 1 -1 0
0 1 0 30.9 58.5 1 -1 0
0 1 0 31.0 58.5 1 -1 0
0 1 0 31.0 58.5 1 -1 0
0 1 0 31.0 58.5 1 -1 0
0 1 0 31.0 58.5 1 -1 0
0 1 0 31.0 58.5 1 -1 0
0 1 0 31.0 58.5 1 -1 0
0 1 0 31.0 58.5 1 -1 0
0 1 0 31.0 58.5 0 -1 0
0 1 0 31.0 58.5 0 -1 0
0 1 0 31.0 58.5 0 -1 0
0 1 0 31.0 58.5 1 -1 0
0 1 0 31.0 58.5 0 -1 0
0 1 0 31.0 58.5 0 -1 0
0 1 0 30.9 58.5 0 -1 0
0 1 0 30.9 58.5 0 -1 0
0 1 0 31.0 58.5 2 -1 0
0 1 0 30.9 58.5 2 -1 0
0 1 0 30.9 58.5 2 -1 0
0 1 0 30.9 58.5 1 -1 0
0 1 0 31.0 58.5 1 -1 0
0 1 0 31.0 58.5 2 -1 0
0 1 0 31.0 58.5 2 -1 0
0 1 0 31.0 58.5 1 -1 0
0 1 0 31.0 58.5 1 -1 0
0 1 0 31.0 59.0 1 -1 0
0 1 0 31.0 59.0 1 -1 0
0 1 0 31.0 59.0 1 -1 0
0 1 0 31.1 58.5 2 -1 0
0 1 0 30.9 59.0 4 -1 0
0 1 0 31.0 58.5 3 -1 0
0 1 0 31.0 58.5 5 -1 0
0 1 0 31.1 58.5 3 -1 0
0 1 0 31.0 59.0 7 -1 0
0 1 0 31.0 59.0 3 -1 0
0 1 0 30.9 59.0 5 -1 0
0 1 0 31.0 58.5 7 -1 0
0 1 0 31.0 59.0 8 -1 0
0 1 0 31.0 59.0 10 -1 0
0 1 0 31.1 59.0 10 -1 0
0 1 0 31.0 59.0 11 -1 0
0 1 0 30.9 59.0 18 -1 0
0 1 0 31.0 59.0 17 -1 0
0 1 0 31.1 59.0 17 -1 0
0 1 0 31.1 59.0 18 -1 0
0 1 0 31.0 59.0 27 -1 0
0 1 0 31.0 59.0 25 -1 0
0 1 0 31.1 59.0 24 -1 0
0 1 0 31.1 59.0 19 -1 0
0 1 0 31.1 59.0 21 -1 0
0 1 0 31.0 59.0 18 -1 0
0 1 0 31.1 59.0 17 -1 0
0 1 0 31.1 59.0 17 -1 0
0 1 0 31.1 59.0 12 -1 0
0 1 0 31.1 59.0 12 -1 0
0 1 0 31.1 59.0 17 -1 0
0 1 0 31.1 59.0 17 -1 0
0 1 0 31.1 59.0 17 -1 0
0 1 0 31.1 59.0 19 -1 0
0 1 0 31.1 59.0 17 -1 0
0 1 0 31.1 59.0 21 -1 0
0 1 0 31.1 59.0 20 -1 0
0 1 0 31.1 59.0 20 -1 0
0 1 0 31.1 59.0 22 -1 0
0 1 0 31.1 59.0 24 -1 0
0 1 0 31.1 59.0 24 -1 0
0 1 0 31.1 59.0 24 -1 0
0 1 0 31.1 59.0 22 -1 0
0 1 0 31.1 59.0 24 -1 0
0 1 0 31.1 59.0 24 -1 0
0 1 0 31.2 59.0 24 -1 0
0 1 0 31.1 59.5 26 -1 0
0 1 0 31.1 59.5 22 -1 0
0 1 0 31.2 59.5 24 -1 0
0 1 0 31.2 59.5 28 -1 0
0 1 0 31.2 59.5 27 -1 0
0 1 0 31.2 59.5 27 -1 0
0 1 0 31.2 59.5 29 -1 0
0 1 0 31.1 59.5 31 -1 0
0 1 0 31.1 60.0 29 -1 0
0 1 0 31.2 60.0 29 -1 0
0 1 0 31.2 60.0 31 -1 0
0 1 0 31.1 60.0 33 -1 0
0 1 0 31.1 60.0 33 -1 0
0 1 0 31.2 60.5 31 -1 0
0 1 0 31.2 60.5 31 -1 0
0 1 0 31.2 60.5 33 -1 0
0 1 0 31.2 60.5 33 -1 0
0 1 0 31.1 60.5 33 -1 0
0 1 0 31.1 60.5 33 -1 0
0 1 0 31.1 60.0 35 -1 0
0 1 0 31.2 60.0 34 -1 0
0 1 0 31.1 60.0 36 -1 0
0 1 0 31.1 60.0 36 -1 0
0 1 0 31.1 59.5 36 -1 0
0 1 0 31.1 59.5 36 -1 0
0 1 0 31.2 59.5 36 -1 0
0 1 0 31.1 59.0 36 -1 0
0 1 0 31.1 58.5 36 -1 0
0 1 0 31.1 58.5 36 -1 0
0 1 0 31.1 58.5 38 -1 0
0 1 0 31.1 58.5 36 -1 0
0 1 0 31.1 58.5 34 -1 0
0 1 0 31.1 58.5 34 -1 0
0 1 0 31.1 58.0 36 -1 0
0 1 0 31.1 58.5 36 -1 0
0 1 0 31.1 58.5 38 -1 0
0 1 0 31.1 58.0 38 -1 0
0 1 0 31.1 58.0 38 -1 0
0 1 0 31.0 58.0 38 -1 0
0 1 0 31.0 58.0 38 -1 0
0 1 0 31.0 58.0 38 -1 0
0 1 0 31.0 57.5 40 -1 0
0 1 0 31.0 57.0 40 -1 0
0 1 0 31.0 57.0 38 -1 0
0 1 0 31.0 57.0 40 -1 0
0 1 0 30.9 56.5 40 -1 0
0 1 0 31.0 56.5 40 -1 0
0 1 0 30.9 56.0 40 -1 0
0 1 0 31.0 56.0 40 -1 0
0 1 0 30.9 55.5 40 -1 0
0 1 0 30.9 55.5 38 -1 0
0 1 0 30.9 55.5 36 -1 0
0 1 0 30.9 55.5 36 -1 0
0 1 0 30.9 55.0 36 -1 0
0 1 0 30.8 55.0 38 -1 0
0 1 0 30.8 55.0 38 -1 0
0 1 0 30.9 55.0 36 -1 0
0 1 0 30.8 54.5 36 -1 0
0 1 0 30.8 54.5 38 -1 0
0 1 0 30.8 54.5 38 -1 0
0 1 0 30.8 54.5 36 -1 0
0 1 0 30.7 54.5 38 -1 0
0 1 0 30.8 54.5 36 -1 0
0 1 0 30.8 54.5 38 -1 0
0 1 0 30.8 54.5 38 -1 0
0 1 0 30.8 54.5 38 -1 0
0 1 0 30.8 54.5 38 -1 0
0 1 0 30.8 54.5 38 -1 0
0 1 0 30.7 54.0 40 -1 0
0 1 0 30.8 54.0 40 -1 0
0 1 0 30.7 54.0 40 -1 0
0 1 0 30.7 54.5 40 -1 0
0 1 0 30.7 54.5 38 -1 0
0 1 0 30.8 55.0 38 -1 0
0 1 0 30.7 54.5 40 -1 0
0 1 0 30.8 55.0 40 -1 0
0 1 0 30.8 55.0 42 -1 0
0 1 0 30.7 55.5 42 -1 0
0 1 0 30.7 56.0 41 -1 0
0 1 0 30.7 56.0 43 -1 0
0 1 0 30.8 56.5 43 -1 0
0 1 0 30.8 56.5 43 -1 0
0 1 0 30.8 57.0 45 -1 0
0 1 0 30.8 57.0 45 -1 0
0 1 0 30.8 57.0 45 -1 0
0 1 0 30.8 57.0 45 -1 0
0 1 0 30.8 57.5 45 -1 0
0 1 0 30.8 57.5 47 -1 0
0 1 0 30.7 57.5 45 -1 0
0 1 0 30.7 58.0 43 -1 0
0 1 0 30.8 58.0 43 -1 0
0 1 0 30.8 58.5 45 -1 0
0 1 0 30.9 58.5 45 -1 0
0 1 0 30.8 59.0 43 -1 0
0 1 0 30.9 59.0 41 -1 0
0 1 0 30.9 59.0 45 -1 0
0 1 0 30.8 59.5 41 -1 0
0 1 0 30.8 59.5 45 -1 0
0 1 0 30.9 60.0 45 -1 0
0 1 0 30.9 60.0 45 -1 0
0 1 0 30.9 60.5 41 -1 0
0 1 0 30.9 60.0 41 -1 0
0 1 0 30.9 60.0 43 -1 0
0 1 0 30.9 60.5 43 -1 0
0 1 0 30.9 60.5 43 -1 0
0 1 0 30.9 60.5 45 -1 0
0 1 0 30.9 60.5 41 -1 0
0 1 0 30.9 60.5 41 -1 0
0 1 0 30.9 61.0 39 -1 0
0 1 0 31.0 61.0 41 -1 0
0 1 0 31.0 61.0 41 -1 0
0 1 0 31.0 61.5 41 -1 0
0 1 0 31.0 61.5 42 -1 0
0 1 0 31.0 61.5 38 -1 0
0 1 0 31.0 61.5 38 -1 0
0 1 0 31.0 61.5 40 -1 0
0 1 0 30.9 61.5 38 -1 0
0 1 0 31.0 61.5 40 -1 0
0 1 0 31.0 61.5 42 -1 0
0 1 0 31.0 61.0 39 -1 0
0 1 0 30.9 61.0 42 -1 0
0 1 0 31.0 61.0 40 -1 0
0 1 0 31.0 61.5 40 -1 0
0 1 0 31.0 61.5 40 -1 0
0 1 0 31.1 61.5 40 -1 0
0 1 0 31.0 61.5 40 -1 0
0 1 0 31.0 61.5 40 -1 0
0 1 0 31.1 61.5 36 -1 0
0 1 0 31.0 61.5 40 -1 0
0 1 0 31.1 61.5 40 -1 0
0 1 0 31.1 61.5 41 -1 0
0 1 0 31.1 62.0 41 -1 0
0 1 0 31.1 62.0 43 -1 0
0 1 0 31.0 62.0 41 -1 0
0 1 0 31.1 62.0 41 -1 0
0 1 0 31.1 62.0 41 -1 0
0 1 0 31.1 62.0 41 -1 0
0 1 0 31.1 62.0 41 -1 0
0 1 0 31.2 62.0 41 -1 0
0 1 0 31.1 62.0 41 -1 0
0 1 0 31.1 61.5 41 -1 0
0 1 0 31.1 61.5 43 -1 0
0 1 0 31.1 62.0 41 -1 0
0 1 0 31.1 62.0 39 -1 0
0 1 0 31.1 62.0 41 -1 0
0 1 0 31.1 62.0 43 -1 0
0 1 0 31.1 62.0 43 -1 0
0 1 0 31.2 62.0 43 -1 0
0 1 0 31.1 62.0 41 -1 0
0 1 0 31.1 62.0 40 -1 0
0 1 0 31.2 62.0 38 -1 0
0 1 0 31.2 62.5 38 -1 0
0 1 0 31.1 62.5 40 -1 0
0 1 0 31.1 62.5 40 -1 0
0 1 0 31.2 62.5 39 -1 0
0 1 0 31.2 62.5 39 -1 0
0 1 0 31.2 62.5 39 -1 0
0 1 0 31.2 62.5 39 -1 0
0 1 0 31.2 62.5 39 -1 0
0 1 0 31.2 62.5 39 -1 0
0 1 0 31.2 62.5 39 -1 0
0 1 0 31.3 62.5 39 -1 0
0 1 0 31.2 62.5 39 -1 0
0 1 0 31.3 62.5 39 -1 0
0 1 0 31.2 62.5 39 -1 0
0 1 0 31.3 62.5 39 -1 0
0 1 0 31.3 62.5 40 -1 0
0 1 0 31.3 62.5 40 -1 0
0 1 0 31.3 62.5 40 -1 0
0 1 0 31.3 62.5 40 -1 0
0 1 0 31.3 62.5 37 -1 0
0 1 0 31.2 62.5 39 -1 0
0 1 0 31.3 62.5 40 -1 0
0 1 0 31.2 62.0 40 -1 0
0 1 0 31.2 62.0 40 -1 0
0 1 0 31.3 62.0 39 -1 0
0 1 0 31.3 62.0 41 -1 0
0 1 0 31.2 62.0 41 -1 0
0 1 0 31.3 62.5 43 -1 0
0 1 0 31.3 62.5 43 -1 0
0 1 0 31.4 62.5 41 -1 0
0 1 0 31.3 62.0 41 -1 0
0 1 0 31.3 62.0 39 -1 0
0 1 0 31.2 62.0 39 -1 0
0 1 0 31.3 62.0 37 -1 0
0 1 0 31.2 62.0 40 -1 0
0 1 0 31.3 62.0 38 -1 0
0 1 0 31.3 62.0 38 -1 0
0 1 0 31.3 62.0 38 -1 0
0 1 0 31.3 62.0 38 -1 0
0 1 0 31.2 62.0 38 -1 0
0 1 0 31.3 62.0 38 -1 0
0 1 0 31.3 61.5 40 -1 0
0 1 0 31.3 61.5 38 -1 0
0 1 0 31.2 61.5 38 -1 0
0 1 0 31.3 61.5 38 -1 0
0 1 0 31.2 61.5 40 -1 0
0 1 0 31.2 61.0 37 -1 0
0 1 0 31.2 60.5 38 -1 0
0 1 0 31.2 60.5 38 -1 0
0 1 0 31.1 60.5 38 -1 0
0 1 0 31.1 60.0 36 -1 0
1 1 159 31.1 60.0 40 -1 1
1 1 13 31.1 58.5 49 -1 1
1 1 4 30.9 56.0 49 -1 1
1 1 0 30.7 55.5 51 -1 1
1 1 0 30.4 54.5 49 -1 1
1 1 0 30.2 53.0 49 -1 1
1 1 8 29.9 54.0 51 -1 1
1 1 0 29.7 53.0 49 -1 1
1 1 4 29.5 52.5 49 -1 1
1 1 0 29.4 51.5 51 -1 1
1 1 4 29.1 52.0 49 -1 1
1 1 0 29.0 53.0 49 -1 1
1 1 0 29.0 53.0 49 -1 1
1 1 0 29.0 53.0 49 -1 1
1 1 0 28.9 52.5 53 -1 1
1 1 0 28.7 52.5 51 -1 1
1 1 1 28.6 52.0 51 -1 1
1 1 0 28.6 52.5 51 -1 1
1 1 2 28.5 52.0 49 -1 1
1 1 2 28.5 52.5 51 -1 1
1 1 1 28.5 53.0 49 -1 1
1 1 0 28.4 52.5 49 -1 1
1 1 1 28.3 52.0 49 -1 1
1 1 0 28.2 51.5 47 -1 1
1 1 0 28.2 52.0 49 -1 1
1 1 7 28.0 52.0 51 -1 1
1 1 1 28.1 52.0 51 -1 1
1 1 1 28.1 53.0 51 -1 1
1 1 4 28.1 53.5 49 -1 1
1 1 3 28.0 53.5 51 -1 1
1 1 0 28.0 53.5 51 -1 1
1 1 0 28.0 53.0 51 -1 1
1 1 0 27.9 53.0 51 -1 1
1 1 6 27.8 53.0 51 -1 1
1 1 2 27.8 53.0 49 -1 1
1 1 0 27.8 53.0 51 -1 1
1 1 2 27.7 53.0 51 -1 1
1 1 1 27.7 53.0 51 -1 1
1 1 0 27.6 52.5 49 -1 1
1 1 0 27.6 52.5 49 -1 1
1 1 0 27.6 53.0 51 -1 1
1 1 0 27.6 53.0 49 -1 1
1 1 12 27.6 53.5 49 -1 1
1 1 17 27.8 54.0 49 -1 1
1 1 4 27.7 54.5 51 -1 1
1 1 0 27.8 55.0 51 -1 1
1 1 0 27.9 55.0 51 -1 1
1 1 2 27.9 55.0 47 -1 1
1 1 0 27.9 55.0 49 -1 1
1 1 8 27.9 55.0 44 -1 1
1 1 16 27.7 54.5 51 -1 1
1 1 13 27.6 54.0 49 -1 1
1 1 11 27.6 54.0 51 -1 1
1 1 8 27.5 53.5 51 -1 1
1 1 0 27.5 53.5 44 -1 1
1 1 0 27.5 53.5 51 -1 1
1 1 8 27.4 53.5 46 -1 1
1 1 2 27.4 53.0 49 -1 1
1 1 0 27.4 53.5 47 -1 1
1 1 17 27.4 53.5 47 -1 1
1 1 8 27.4 53.5 47 -1 1
1 1 0 27.4 54.0 47 -1 1
1 1 9 27.4 54.0 42 -1 1
1 1 15 27.4 53.5 44 -1 1
1 1 5 27.3 54.0 44 -1 1
1 1 7 27.3 54.5 44 -1 1
1 1 2 27.3 54.5 42 -1 1
1 1 0 27.2 54.0 46 -1 1
1 1 1 27.2 54.0 46 -1 1
1 1 0 27.2 54.5 42 -1 1
1 1 2 27.3 55.0 46 -1 1
1 1 0 27.3 55.0 41 -1 1
1 1 6 27.3 55.0 38 -1 1
1 1 0 27.3 55.5 42 -1 1
1 1 0 27.3 55.5 44 -1 1
1 1 4 27.4 55.5 44 -1 1
1 1 10 27.4 56.0 44 -1 1
1 1 3 27.4 56.0 44 -1 1
1 1 16 27.4 56.5 44 -1 1
1 1 7 27.5 57.0 44 -1 1
1 1 10 27.4 57.0 44 -1 1
1 1 1 27.5 57.0 44 -1 1
1 1 12 27.4 57.5 44 -1 1
1 1 20 27.4 57.5 42 -1 1
1 1 12 27.5 58.0 44 -1 1
1 1 18 27.5 58.0 42 -1 1
1 1 23 27.5 57.5 42 -1 1
1 1 18 27.5 57.5 44 -1 1
1 1 7 27.5 57.5 42 -1 1
1 1 3 27.5 57.5 40 -1 1
1 1 14 27.5 57.5 42 -1 1
1 1 13 27.4 57.5 42 -1 1
1 1 11 27.4 57.5 41 -1 1
1 1 3 27.3 57.0 41 -1 1
1 1 0 27.4 57.0 44 -1 1
1 1 8 27.5 58.0 44 -1 1
1 1 9 27.5 57.5 44 -1 1
1 1 0 27.5 57.0 41 -1 1
1 1 0 27.4 57.0 41 -1 1
1 1 7 27.4 57.0 44 -1 1
1 1 0 27.5 57.0 42 -1 1
1 1 11 27.5 57.5 42 -1 1
1 1 13 27.5 57.5 42 -1 1
1 1 5 27.5 57.0 42 -1 1
1 1 20 27.4 57.0 44 -1 1
1 1 12 27.6 58.0 46 -1 1
1 1 22 27.6 58.5 42 -1 1
1 1 4 27.7 58.0 44 -1 1
1 1 2 27.6 57.5 46 -1 1
1 1 0 27.6 57.5 44 -1 1
1 1 5 27.7 58.0 42 -1 1
1 1 0 27.6 57.5 41 -1 1
1 1 6 27.5 57.5 41 -1 1
1 1 6 27.5 58.0 38 -1 1
1 1 14 27.6 58.5 41 -1 1
1 1 16 27.5 58.5 42 -1 1
1 1 24 27.6 58.5 42 -1 1
1 1 13 27.6 58.5 41 -1 1
1 1 16 27.6 58.5 39 -1 1
1 1 7 27.6 58.5 37 -1 1
1 1 4 27.6 58.0 41 -1 1
1 1 4 27.5 58.0 39 -1 1
1 1 0 27.5 58.0 39 -1 1
1 1 8 27.4 58.0 41 -1 1
1 1 0 27.5 59.0 42 -1 1
1 1 2 27.6 59.0 40 -1 1
1 1 3 27.6 59.0 44 -1 1
1 1 3 27.7 58.5 40 -1 1
1 1 14 27.6 58.0 40 -1 1
1 1 0 27.5 58.5 42 -1 1
1 1 2 27.6 58.0 42 -1 1
1 1 1 27.6 58.0 42 -1 1
1 1 22 27.5 57.5 42 -1 1
1 1 27 27.4 57.0 42 -1 1
1 1 9 27.4 57.0 42 -1 1
1 1 2 27.3 57.5 44 -1 1
1 1 0 27.4 57.5 42 -1 1
1 1 0 27.4 57.5 42 -1 1
1 1 0 27.5 58.5 42 -1 1
1 1 0 27.6 59.0 42 -1 1
1 1 0 27.7 60.0 42 -1 1
1 1 0 27.7 59.5 40 -1 1
1 1 0 27.7 58.0 42 -1 1
1 1 0 27.6 59.0 40 -1 1
1 1 0 27.7 59.5 39 -1 1
1 1 0 27.8 59.5 40 -1 1
1 1 0 27.7 60.5 38 -1 1
1 1 0 27.9 60.5 42 -1 1
1 1 0 27.8 58.5 40 -1 1
1 1 0 27.8 58.5 40 -1 1
1 1 0 27.6 58.5 44 -1 1
1 1 0 27.7 58.5 44 -1 1
1 1 0 27.6 58.0 44 -1 1
1 1 0 27.5 58.5 44 -1 1
1 1 6 27.5 58.5 40 -1 1
1 1 0 27.6 59.0 40 -1 1
1 1 0 27.7 59.0 40 -1 1
1 1 0 27.6 58.5 41 -1 1
1 1 0 27.6 58.5 41 -1 1
1 1 0 27.6 58.5 44 -1 1
1 1 1 27.5 58.0 42 -1 1
1 1 0 27.4 57.5 42 -1 1
1 1 0 27.3 57.5 42 -1 1
1 1 0 27.3 57.0 44 -1 1
1 1 2 27.2 57.0 44 -1 1
1 1 0 27.2 57.0 46 -1 1
1 1 0 27.1 57.0 42 -1 1
1 1 0 27.2 57.0 42 -1 1
1 1 0 27.2 57.0 40 -1 1
1 1 0 27.2 57.5 40 -1 1
1 1 0 27.3 57.5 42 -1 1
1 1 0 27.3 57.5 42 -1 1
1 1 0 27.2 58.0 42 -1 1
1 1 0 27.2 58.0 42 -1 1
1 1 0 27.2 58.0 42 -1 1
1 1 0 27.2 58.0 42 -1 1
1 1 0 27.2 58.0 42 -1 1
1 1 0 27.1 57.5 42 -1 1
1 1 0 27.1 57.5 39 -1 1
1 1 0 27.1 57.5 38 -1 1
1 1 0 27.0 57.5 38 -1 1
1 1 0 27.0 57.5 39 -1 1
1 1 0 27.2 57.5 40 -1 1
1 1 14 27.1 58.5 41 -1 1
1 1 6 27.3 58.0 41 -1 1
1 1 0 27.3 57.5 42 -1 1
1 1 0 27.2 57.0 39 -1 1
1 1 0 27.2 57.0 38 -1 1
1 1 0 27.0 56.5 38 -1 1
1 1 0 26.9 56.5 36 -1 1
1 1 1 26.9 55.5 38 -1 1
1 1 0 26.8 55.0 43 -1 1
1 1 0 26.7 55.0 43 -1 1
1 1 0 26.6 54.5 40 -1 1
1 1 1 26.6 54.5 44 -1 1
1 1 9 26.6 54.0 42 -1 1
1 1 14 26.5 54.0 42 -1 1
1 1 0 26.5 54.0 44 -1 1
1 1 5 26.4 54.0 42 -1 1
1 1 8 26.5 54.0 40 -1 1
1 1 0 26.5 54.0 43 -1 1
1 1 0 26.4 55.0 40 -1 1
1 1 0 26.5 55.5 41 -1 1
1 1 0 26.6 55.5 43 -1 1
1 1 0 26.6 55.5 39 -1 1
1 1 0 26.5 55.5 40 -1 1
1 1 0 26.6 56.0 44 -1 1
1 1 0 26.6 56.0 44 -1 1
1 1 0 26.5 56.5 40 -1 1
1 1 0 26.4 56.0 40 -1 1
1 1 0 26.4 55.0 42 -1 1
1 1 0 26.4 55.0 42 -1 1
1 1 0 26.4 55.0 42 -1 1
1 1 0 26.4 55.0 44 -1 1
1 1 0 26.5 55.5 44 -1 1
1 1 0 26.6 56.0 42 -1 1
1 1 0 26.6 56.0 42 -1 1
1 1 0 26.7 56.5 42 -1 1
1 1 0 26.6 56.0 42 -1 1
1 1 0 26.6 56.5 42 -1 1
1 1 0 26.7 56.5 42 -1 1
1 1 0 26.8 56.5 42 -1 1
1 1 0 26.8 55.5 42 -1 1
1 1 0 26.7 56.0 42 -1 1
1 1 0 26.7 58.0 41 -1 1
1 1 0 26.8 58.5 42 -1 1
1 1 0 27.1 59.5 41 -1 1
1 1 0 27.2 59.0 39 -1 1
1 1 0 27.2 59.0 41 -1 1
1 1 0 27.3 59.0 43 -1 1
1 1 22 27.4 59.5 42 -1 1
1 1 17 27.3 58.0 42 -1 1
1 1 0 27.2 57.5 42 -1 1
1 1 7 27.2 57.0 39 -1 1
1 1 24 27.1 57.0 42 -1 1
1 1 37 27.0 57.5 40 -1 1
1 1 20 27.0 57.0 40 -1 1
1 1 1 26.9 56.0 42 -1 1
1 1 11 26.8 56.0 44 -1 1
1 1 1 26.8 55.5 44 -1 1
1 1 0 26.7 55.5 42 -1 1
1 1 1 26.5 55.0 42 -1 1
1 1 0 26.4 55.0 44 -1 1
1 1 4 26.5 54.5 47 -1 1
1 1 2 26.4 55.0 47 -1 1
1 1 0 26.5 55.5 44 -1 1
1 1 6 26.6 55.5 42 -1 1
1 1 8 26.6 55.5 42 -1 1
1 1 0 26.6 55.5 42 -1 1
1 1 0 26.6 56.0 42 -1 1
1 1 0 26.6 55.5 40 -1 1
1 1 2 26.5 54.5 41 -1 1
1 1 0 26.5 55.0 37 -1 1
1 1 2 26.6 55.5 37 -1 1
1 1 4 26.6 56.5 37 -1 1
1 1 1 26.7 54.5 41 -1 1
1 1 0 26.6 54.0 42 -1 1
1 1 2 26.5 54.5 39 -1 1
1 1 0 26.5 55.5 40 -1 1
1 1 0 26.7 56.5 44 -1 1
1 1 2 26.7 56.0 44 -1 1
1 1 4 26.8 56.5 44 -1 1
1 1 2 26.8 56.0 42 -1 1
1 1 3 26.7 56.5 40 -1 1
1 1 15 26.8 56.0 42 -1 1
1 1 28 26.8 55.5 40 -1 1
1 1 0 26.7 55.5 40 -1 1
1 1 0 26.6 55.0 42 -1 1
1 1 0 26.5 55.0 42 -1 1
1 1 0 26.5 55.0 42 -1 1
1 1 19 26.5 55.5 40 -1 1
1 1 14 26.5 55.5 40 -1 1
1 1 2 26.5 55.0 42 -1 1
1 1 12 26.5 55.0 40 -1 1
1 1 0 26.4 54.5 42 -1 1
1 1 2 26.3 54.5 40 -1 1
1 1 11 26.4 54.5 40 -1 1
1 1 0 26.3 54.0 40 -1 1
1 1 1 26.3 54.0 40 -1 1
1 1 5 26.2 53.5 40 -1 1
1 1 4 26.2 54.0 37 -1 1
1 1 3 26.2 54.0 39 -1 1
1 1 0 26.2 55.0 39 -1 1
1 1 5 26.4 56.0 41 -1 1
1 1 0 26.5 54.5 39 -1 1
1 1 0 26.5 54.5 37 -1 1
1 1 0 26.5 55.0 37 -1 1
1 1 2 26.5 54.5 39 -1 1
1 1 0 26.5 54.5 39 -1 1
1 1 0 26.5 55.0 39 -1 1
1 1 20 26.5 55.0 39 -1 1
1 1 0 26.6 55.0 41 -1 1
1 1 0 26.6 54.5 39 -1 1
1 1 0 26.4 54.5 37 -1 1
1 1 5 26.5 55.0 39 -1 1
1 1 12 26.5 55.0 39 -1 1
1 1 8 26.5 55.0 41 -1 1
1 1 6 26.5 55.0 40 -1 1
1 1 9 26.6 56.0 42 -1 1
1 1 13 26.7 57.5 41 -1 1
1 1 5 26.9 58.5 40 -1 1
1 1 2 27.0 58.5 39 -1 1
1 1 0 27.1 58.0 39 -1 1
1 1 7 27.1 57.0 41 -1 1
1 1 2 27.0 56.5 41 -1 1
1 1 4 27.0 57.5 38 -1 1
1 1 3 27.0 57.0 38 -1 1
1 1 0 27.0 57.0 38 -1 1
1 1 6 27.0 56.5 36 -1 1
1 1 7 27.0 56.0 36 -1 1
1 1 2 26.9 55.5 39 -1 1
1 1 6 26.7 55.0 40 -1 1
1 1 4 26.6 55.0 40 -1 1
1 1 5 26.5 55.0 39 -1 1
1 1 4 26.4 55.0 42 -1 1
1 1 5 26.3 55.0 41 -1 1
1 1 2 26.4 55.0 40 -1 1
1 1 0 26.4 55.0 42 -1 1
1 1 6 26.3 55.0 38 -1 1
1 1 2 26.3 55.0 34 -1 1
1 1 1 26.2 54.0 36 -1 1
1 1 3 26.2 54.5 34 -1 1
1 1 2 26.1 54.0 39 -1 1
1 1 2 26.1 54.0 36 -1 1
1 1 4 25.9 54.0 36 -1 1
1 1 3 25.9 54.0 36 -1 1
1 1 19 25.9 54.5 36 -1 1
1 1 0 26.1 54.5 34 -1 1
1 1 0 26.1 54.5 43 -1 1
1 1 8 26.1 54.5 42 -1 1
1 1 7 26.1 54.5 44 -1 1
1 1 1 26.1 54.5 44 -1 1
1 1 2 26.0 54.5 42 -1 1
1 1 2 25.9 54.5 42 -1 1
1 1 12 25.9 54.5 42 -1 1
1 1 1 25.9 55.0 44 -1 1
1 1 6 25.8 55.0 44 -1 1
1 1 15 25.8 55.0 42 -1 1
1 1 7 25.8 55.0 42 -1 1
1 1 2 25.9 55.0 42 -1 1
1 1 6 25.9 54.5 42 -1 1
1 1 2 25.8 54.5 40 -1 1
1 1 2 25.7 55.0 40 -1 1
1 1 1 25.7 55.0 42 -1 1
1 1 4 25.7 55.0 44 -1 1
1 1 3 25.8 55.0 42 -1 1
1 1 3 25.8 55.0 42 -1 1
1 1 2 25.7 55.0 43 -1 1
1 1 5 25.7 54.5 41 -1 1
1 1 7 25.7 55.0 39 -1 1
1 1 3 25.8 56.0 41 -1 1
1 1 1 25.9 57.0 41 -1 1
1 1 4 26.1 56.5 41 -1 1
1 1 3 26.2 56.5 41 -1 1
1 1 1 26.2 57.5 41 -1 1
1 1 3 26.2 57.5 43 -1 1
1 1 1 26.4 59.0 41 -1 1
1 1 2 26.5 58.0 43 -1 1
1 1 2 26.5 57.0 41 -1 1
1 1 2 26.6 57.0 43 -1 1
1 1 3 26.5 56.5 40 -1 1
1 1 4 26.6 56.5 40 -1 1
1 1 2 26.5 56.0 41 -1 1
1 1 5 26.4 56.5 41 -1 1
1 1 3 26.4 56.5 43 -1 1
1 1 11 26.4 55.5 43 -1 1
1 1 4 26.2 55.0 43 -1 1
1 1 8 26.1 55.0 43 -1 1
1 1 17 26.1 55.0 41 -1 1
1 1 9 26.0 54.5 43 -1 1
1 1 0 25.8 54.0 41 -1 1
1 1 5 25.8 54.0 39 -1 1
1 1 0 25.8 54.0 39 -1 1
1 1 1 25.8 53.5 41 -1 1
1 1 2 25.7 53.5 41 -1 1
1 1 0 25.6 53.5 39 -1 1
1 1 3 25.6 53.5 39 -1 1
1 1 7 25.7 53.5 39 -1 1
1 1 5 25.6 53.5 39 -1 1
1 1 1 25.5 53.0 41 -1 1
1 1 0 25.6 53.0 43 -1 1
1 1 1 25.7 54.0 43 -1 1
1 1 0 25.8 54.0 41 -1 1
1 1 0 25.9 55.5 41 -1 1
1 1 1 26.1 55.0 41 -1 1
1 1 2 26.1 55.0 41 -1 1
1 1 2 26.0 54.5 39 -1 1
1 1 0 26.1 55.0 43 -1 1
1 1 1 26.0 54.5 41 -1 1
1 1 10 26.1 54.5 41 -1 1
1 1 4 26.0 54.5 41 -1 1
1 1 9 26.0 55.0 39 -1 1
1 1 3 26.2 57.0 37 -1 1
1 1 1 26.4 57.5 41 -1 1
1 1 6 26.5 58.0 41 -1 1
1 1 1 26.6 58.0 41 -1 1
1 1 2 26.8 57.5 37 -1 1
1 1 0 26.7 56.5 41 -1 1
1 1 6 26.6 56.0 37 -1 1
1 1 2 26.5 56.0 37 -1 1
1 1 4 26.5 56.0 41 -1 1
1 1 9 26.5 55.5 41 -1 1
1 1 6 26.4 55.5 37 -1 1
1 1 3 26.4 55.5 41 -1 1
1 1 10 26.3 54.5 39 -1 1
1 1 0 26.2 54.5 39 -1 1
1 1 12 26.1 54.0 39 -1 1
1 1 0 26.0 53.5 39 -1 1
1 1 2 25.9 53.5 37 -1 1
1 1 45 25.9 53.0 38 -1 1
1 1 8 25.9 53.5 41 -1 1
1 1 0 25.8 53.5 38 -1 1
1 1 0 25.8 53.5 38 -1 1
1 1 0 25.7 53.5 38 -1 1
1 1 0 25.8 53.5 36 -1 1
1 1 1 25.7 53.5 36 -1 1
1 1 1 25.7 53.5 38 -1 1
1 1 0 25.7 53.5 36 -1 1
1 1 0 25.7 53.5 38 -1 1
1 1 1 25.7 53.5 36 -1 1
1 1 4 25.8 54.0 36 -1 1
1 1 5 25.8 55.0 36 -1 1
1 1 0 25.8 55.5 34 -1 1
1 1 31 25.9 55.5 29 -1 0
0 1 0 26.0 55.5 23 -1 0
0 1 0 26.1 56.5 21 -1 0
0 1 0 26.2 57.0 21 -1 0
0 1 0 26.4 57.5 21 -1 0
0 1 0 26.6 57.5 21 -1 0
0 1 0 26.7 57.0 21 -1 0
0 1 0 26.7 56.0 21 -1 0
0 1 0 26.8 55.5 21 -1 0
0 1 0 26.8 55.5 21 -1 0
0 1 0 26.9 55.5 23 -1 0
0 1 0 26.9 55.5 19 -1 0
0 1 0 26.9 55.5 19 -1 0
0 1 0 27.0 56.0 19 -1 0
0 1 0 27.0 56.0 19 -1 0
0 1 0 27.1 56.0 19 -1 0
0 1 0 27.1 56.0 21 -1 0
0 1 0 27.1 56.0 19 -1 0
0 1 0 27.1 56.0 19 -1 0
0 1 0 27.2 56.0 23 -1 0
0 1 0 27.3 55.5 23 -1 0
0 1 0 27.2 55.0 23 -1 0
0 1 0 27.3 55.0 19 -1 0
0 1 0 27.3 55.5 19 -1 0
0 1 0 27.3 55.5 21 -1 0
0 1 0 27.3 55.0 21 -1 0
0 1 0 27.4 55.0 19 -1 0
0 1 0 27.4 54.5 19 -1 0
0 1 0 27.4 54.5 19 -1 0
0 1 0 27.5 54.0 19 -1 0
0 1 0 27.4 54.5 23 -1 0
0 1 0 27.5 54.5 21 -1 0
0 1 0 27.4 54.5 21 -1 0
0 1 0 27.4 55.0 21 -1 0
0 1 0 27.5 54.5 19 -1 0
0 1 0 27.5 55.0 19 -1 0
0 1 0 27.5 55.0 19 -1 0
0 1 0 27.5 55.0 19 -1 0
0 1 0 27.5 55.5 21 -1 0
0 1 0 27.5 55.0 21 -1 0
0 1 0 27.5 55.0 21 -1 0
0 1 0 27.6 55.5 19 -1 0
0 1 0 27.6 55.0 19 -1 0
0 1 0 27.5 55.0 19 -1 0
0 1 0 27.5 55.5 19 -1 0
0 1 0 27.6 56.0 19 -1 0
0 1 0 27.6 56.5 19 -1 0
0 1 0 27.6 56.5 17 -1 0
0 1 0 27.7 56.0 17 -1 0
0 1 0 27.6 55.0 19 -1 0
0 1 0 27.6 55.0 19 -1 0
0 1 0 27.7 55.5 19 -1 0
0 1 0 27.7 55.5 17 -1 0
0 1 0 27.7 55.5 19 -1 0
0 1 0 27.7 54.5 19 -1 0
0 1 0 27.8 54.5 17 -1 0
0 1 0 27.8 55.5 17 -1 0
0 1 0 27.8 55.5 17 -1 0
0 1 0 27.9 55.5 17 -1 0
0 1 0 27.9 55.5 17 -1 0
0 1 0 27.8 54.5 17 -1 0
0 1 0 27.9 54.5 19 -1 0
0 1 0 27.9 54.5 19 -1 0
0 1 0 27.9 54.0 19 -1 0
0 1 0 27.9 53.5 17 -1 0
0 1 0 27.9 54.5 17 -1 0
0 1 0 27.9 55.0 17 -1 0
0 1 0 28.0 55.0 15 -1 0
0 1 0 28.0 55.0 16 -1 0
0 1 0 28.0 55.5 16 -1 0
0 1 0 28.1 55.0 14 -1 0
0 1 0 28.1 55.0 16 -1 0
0 1 0 28.1 55.0 12 -1 0
0 1 0 28.1 54.5 12 -1 0
0 1 0 28.1 54.0 12 -1 0
0 1 0 28.1 53.5 14 -1 0
0 1 0 28.1 53.5 14 -1 0
0 1 0 28.1 53.0 14 -1 0
0 1 0 28.1 53.0 14 -1 0
0 1 0 28.1 53.5 14 -1 0
0 1 0 28.1 53.5 14 -1 0
0 1 0 28.0 53.0 12 -1 0
0 1 0 28.1 53.0 14 -1 0
0 1 0 28.1 53.0 14 -1 0
0 1 0 28.1 52.5 12 -1 0
0 1 0 28.1 52.5 12 -1 0
0 1 0 28.1 52.5 12 -1 0
0 1 0 28.1 52.0 16 -1 0
0 1 0 28.1 52.5 14 -1 0
0 1 0 28.1 53.0 12 -1 0
0 1 0 28.1 53.5 12 -1 0
0 1 0 28.2 53.5 12 -1 0
0 1 0 28.1 53.5 14 -1 0
0 1 0 28.2 53.5 12 -1 0
0 1 0 28.2 53.0 12 -1 0
0 1 0 28.1 53.0 13 -1 0
0 1 0 28.1 53.0 9 -1 0
0 1 0 28.2 52.5 9 -1 0
0 1 0 28.2 52.0 7 -1 0
0 1 0 28.2 52.0 9 -1 0
0 1 0 28.2 52.0 9 -1 0
0 1 0 28.2 51.5 7 -1 0
0 1 0 28.2 52.0 7 -1 0
0 1 0 28.2 51.5 7 -1 0
0 1 0 28.2 52.0 7 -1 0
0 1 0 28.1 52.5 5 -1 0
0 1 0 28.2 52.5 5 -1 0
0 1 0 28.2 52.5 5 -1 0
0 1 0 28.3 53.0 6 -1 0
0 1 0 28.2 53.5 6 -1 0
0 1 0 28.2 53.5 6 -1 0
0 1 0 28.3 54.0 4 -1 0
0 1 0 28.2 54.0 4 -1 0
0 1 0 28.3 53.5 4 -1 0
0 1 0 28.3 54.0 2 -1 0
0 1 0 28.3 54.0 2 -1 0
0 1 0 28.3 53.0 6 -1 0
0 1 0 28.3 53.5 4 -1 0
0 1 0 28.2 54.0 4 -1 0
0 1 0 28.4 54.5 4 -1 0
0 1 0 28.4 55.0 2 -1 0
0 1 0 28.4 54.5 2 -1 0
0 1 0 28.4 54.5 2 -1 0
0 1 0 28.3 54.0 1 -1 0
0 1 0 28.4 53.5 1 -1 0
0 1 0 28.4 53.5 1 -1 0
0 1 0 28.4 54.5 4 -1 0
0 1 0 28.4 54.5 4 -1 0
0 1 0 28.4 54.5 2 -1 0
0 1 0 28.4 54.5 2 -1 0
0 1 0 28.4 54.5 2 -1 0
0 1 0 28.4 53.5 2 -1 0
0 1 0 28.4 53.5 2 -1 0
0 1 0 28.4 53.5 0 -1 0
0 1 0 28.5 54.0 0 -1 0
0 1 0 28.4 54.0 0 -1 0
0 1 0 28.5 53.5 0 -1 0
0 1 0 28.5 54.0 0 -1 0
0 1 0 28.5 54.0 0 -1 0
0 1 0 28.5 54.0 0 -1 0
0 1 0 28.4 53.5 0 -1 0
0 1 0 28.5 52.5 0 -1 0
0 1 0 28.4 52.0 0 -1 0
0 1 0 28.5 51.5 0 -1 0
0 1 0 28.5 51.5 0 -1 0
0 1 0 28.5 51.5 0 -1 0
0 1 0 28.4 51.5 0 -1 0
0 1 0 28.4 51.5 0 -1 0
0 1 0 28.5 51.5 0 -1 0
0 1 0 28.4 51.5 0 -1 0
0 1 0 28.4 51.0 0 -1 0
0 1 0 28.4 50.5 0 -1 0
0 1 0 28.4 50.5 0 -1 0
0 1 0 28.4 51.5 0 -1 0
0 1 0 28.4 51.5 0 -1 0
0 1 0 28.5 51.5 0 -1 0
0 1 0 28.5 51.0 0 -1 0
0 1 0 28.5 51.0 0 -1 0
0 1 0 28.4 51.0 0 -1 0
0 1 0 28.5 51.5 0 -1 0
0 1 0 28.4 51.5 0 -1 0
0 1 0 28.4 51.0 0 -1 0
0 1 0 28.5 51.5 0 -1 0
0 1 0 28.5 51.5 0 -1 0
0 1 0 28.4 51.0 0 -1 0
0 1 0 28.5 51.5 0 -1 0
0 1 0 28.4 52.0 0 -1 0
0 1 0 28.4 51.0 0 -1 0
0 1 0 28.5 51.5 0 -1 0
0 1 0 28.5 51.0 0 -1 0
0 1 0 28.5 50.5 0 -1 0
0 1 0 28.5 51.0 0 -1 0
0 1 0 28.5 51.0 0 -1 0
0 1 0 28.5 51.0 0 -1 0
0 1 0 28.4 51.0 0 -1 0
0 1 0 28.5 51.0 0 -1 0
0 1 0 28.5 52.0 0 -1 0
0 1 0 28.6 52.0 0 -1 0
0 1 0 28.6 52.5 0 -1 0
0 1 0 28.6 51.5 0 -1 0
0 1 0 28.5 52.5 0 -1 0
0 1 0 28.6 51.5 0 -1 0
0 1 0 28.4 51.5 0 -1 0
0 1 0 28.5 51.5 0 -1 0
0 1 0 28.5 51.5 0 -1 0
0 1 0 28.6 51.5 0 -1 0
0 1 0 28.5 51.5 0 -1 0
0 1 0 28.6 51.0 0 -1 0
0 1 0 28.5 51.0 0 -1 0
0 1 0 28.5 50.5 0 -1 0
0 1 0 28.5 50.5 0 -1 0
0 1 0 28.5 50.5 0 -1 0
0 1 0 28.6 50.0 0 -1 0
0 1 0 28.5 50.0 0 -1 0
0 1 0 28.5 50.0 0 -1 0
0 1 0 28.5 50.0 0 -1 0
0 1 0 28.5 50.0 0 -1 0
0 1 0 28.5 49.5 0 -1 0
0 1 0 28.6 50.0 0 -1 0
0 1 0 28.5 50.0 0 -1 0
0 1 0 28.4 49.0 0 -1 0
0 1 0 28.5 49.0 0 -1 0
0 1 0 28.5 49.5 0 -1 0
0 1 0 28.5 50.0 0 -1 0
0 1 0 28.4 49.5 0 -1 0
0 1 0 28.5 49.5 0 -1 0
0 1 0 28.5 49.0 0 -1 0
0 1 0 28.5 49.0 0 -1 0
0 1 0 28.4 49.0 0 -1 0
0 1 0 28.5 49.0 0 -1 0
0 1 0 28.4 49.0 0 -1 0
0 1 0 28.5 49.0 0 -1 0
0 1 0 28.5 49.0 0 -1 0
0 1 0 28.5 48.5 0 -1 0
0 1 0 28.4 48.5 0 -1 0
0 1 0 28.4 48.0 0 -1 0
0 1 0 28.4 48.0 0 -1 0
0 1 0 28.4 48.0 0 -1 0
0 1 0 28.4 48.0 0 -1 0
0 1 0 28.4 48.0 0 -1 0
0 1 0 28.4 47.5 0 -1 0
0 1 0 28.5 48.0 0 -1 0
0 1 0 28.4 47.5 0 -1 0
0 1 0 28.4 48.0 0 -1 0
0 1 0 28.4 48.0 0 -1 0
0 1 0 28.4 48.0 0 -1 0
0 1 0 28.4 47.5 0 -1 0
0 1 0 28.4 47.5 0 -1 0
0 1 0 28.4 48.0 0 -1 0
0 1 0 28.4 47.5 0 -1 0
0 1 0 28.4 47.5 0 -1 0
0 1 0 28.4 47.5 0 -1 0
0 1 0 28.4 48.5 0 -1 0
0 1 0 28.4 48.5 0 -1 0
0 1 0 28.4 49.0 0 -1 0
0 1 0 28.4 48.5 0 -1 0
0 1 0 28.4 48.0 0 -1 0
0 1 0 28.4 48.0 0 -1 0
0 1 0 28.4 47.5 0 -1 0
0 1 0 28.4 47.5 0 -1 0
0 1 0 28.4 47.0 1 -1 0
0 1 0 28.4 47.0 1 -1 0
0 1 0 28.4 47.5 1 -1 0
0 1 0 28.4 47.5 1 -1 0
0 1 0 28.4 48.0 1 -1 0
0 1 0 28.4 48.5 1 -1 0
0 1 0 28.4 49.0 1 -1 0
0 1 0 28.4 49.0 1 -1 0
0 1 0 28.4 48.5 1 -1 0
0 1 0 28.4 48.5 1 -1 0
0 1 0 28.5 48.5 1 -1 0
0 1 0 28.4 48.0 1 -1 0
0 1 0 28.4 48.0 1 -1 0
0 1 0 28.4 47.5 1 -1 0
0 1 0 28.4 47.5 1 -1 0
0 1 0 28.4 47.5 1 -1 0
0 1 0 28.4 47.5 1 -1 0
0 1 0 28.4 47.0 1 -1 0
0 1 0 28.4 47.0 1 -1 0
0 1 0 28.4 47.5 1 -1 0
0 1 0 28.4 48.0 1 -1 0
0 1 0 28.4 47.5 1 -1 0
0 1 0 28.4 47.5 1 -1 0
0 1 0 28.4 47.5 1 -1 0
0 1 0 28.4 48.0 1 -1 0
0 1 0 28.4 47.5 1 -1 0
0 1 0 28.4 47.5 1 -1 0
0 1 0 28.5 47.5 1 -1 0
0 1 0 28.5 47.5 1 -1 0
0 1 0 28.4 47.0 1 -1 0
0 1 0 28.4 47.5 1 -1 0
0 1 0 28.5 47.5 1 -1 0
0 1 0 28.4 47.5 1 -1 0
0 1 0 28.4 47.0 1 -1 0
0 1 0 28.4 47.0 1 -1 0
0 1 0 28.4 47.0 1 -1 0
0 1 0 28.4 47.0 1 -1 0
0 1 0 28.4 47.0 1 -1 0
0 1 0 28.5 47.0 1 -1 0
0 1 0 28.4 47.5 1 -1 0
0 1 0 28.4 47.5 1 -1 0
0 1 0 28.4 47.0 1 -1 0
0 1 0 28.4 47.0 1 -1 0
0 1 0 28.4 47.0 1 -1 0
0 1 0 28.4 47.0 1 -1 0
0 1 0 28.4 47.0 1 -1 0
0 1 0 28.4 47.0 1 -1 0
0 1 0 28.4 47.0 1 -1 0
0 1 0 28.4 47.0 1 -1 0
0 1 0 28.4 46.5 1 -1 0
0 1 0 28.4 47.0 1 -1 0
0 1 0 28.3 47.0 1 -1 0
0 1 0 28.4 46.5 1 -1 0
0 1 0 28.4 46.5 1 -1 0
0 1 0 28.4 46.5 1 -1 0
0 1 0 28.4 46.5 1 -1 0
0 1 0 28.4 46.5 1 -1 0
0 1 0 28.4 46.5 1 -1 0
0 1 0 28.4 46.5 1 -1 0
0 1 0 28.4 46.5 1 -1 0
0 1 0 28.3 46.5 1 -1 0
0 1 0 28.4 47.0 1 -1 0
0 1 0 28.4 47.0 1 -1 0
0 1 0 28.4 47.5 1 -1 0
0 1 0 28.4 47.5 1 -1 0
0 1 0 28.4 47.0 1 -1 0
0 1 0 28.4 47.0 1 -1 0
0 1 0 28.4 47.0 1 -1 0
0 1 0 28.4 46.5 1 -1 0
0 1 0 28.4 46.5 1 -1 0
0 1 0 28.5 47.0 1 -1 0
0 1 0 28.4 47.5 1 -1 0
0 1 0 28.5 47.5 1 -1 0
0 1 0 28.4 48.0 1 -1 0
0 1 0 28.4 48.0 1 -1 0
0 1 0 28.5 49.0 1 -1 0
0 1 0 28.4 49.0 1 -1 0
0 1 0 28.5 50.0 1 -1 0
0 1 0 28.4 50.5 1 -1 0
0 1 0 28.5 52.0 1 -1 0
0 1 0 28.5 52.5 1 -1 0
0 1 0 28.5 52.5 1 -1 0
0 1 0 28.6 51.0 1 -1 0
0 1 0 28.5 52.5 1 -1 0
0 1 0 28.6 53.5 1 -1 0
0 1 0 28.6 51.5 1 -1 0
0 1 0 28.6 51.0 1 -1 0
0 1 0 28.5 50.0 1 -1 0
0 1 0 28.6 49.5 1 -1 0
0 1 0 28.6 50.0 2 -1 0
0 1 0 28.6 50.5 2 -1 0
0 1 0 28.6 50.0 2 -1 0
0 1 0 28.6 50.0 2 -1 0
0 1 0 28.6 50.0 2 -1 0
0 1 0 28.6 50.5 2 -1 0
0 1 0 28.6 50.5 2 -1 0
0 1 0 28.6 50.5 2 -1 0
0 1 0 28.6 50.5 2 -1 0
0 1 0 28.6 50.5 2 -1 0
0 1 0 28.7 51.0 2 -1 0
0 1 0 28.6 51.0 2 -1 0
0 1 0 28.7 51.0 2 -1 0
0 1 0 28.7 51.0 2 -1 0
0 1 0 28.6 50.5 2 -1 0
0 1 0 28.6 50.5 2 -1 0
0 1 0 28.7 51.0 0 -1 0
0 1 0 28.7 51.5 2 -1 0
0 1 0 28.7 52.0 2 -1 0
0 1 0 28.8 52.5 2 -1 0
0 1 0 28.7 52.5 2 -1 0
0 1 0 28.8 52.5 2 -1 0
0 1 0 28.8 52.5 2 -1 0
0 1 0 28.8 52.5 2 -1 0
0 1 0 28.8 52.5 2 -1 0
0 1 0 28.8 52.5 2 -1 0
0 1 0 28.8 52.5 2 -1 0
0 1 0 28.9 52.5 2 -1 0
0 1 0 28.9 52.0 2 -1 0
0 1 0 28.9 52.0 2 -1 0
0 1 0 28.9 52.0 2 -1 0
0 1 0 28.9 52.0 2 -1 0
0 1 0 28.9 52.0 2 -1 0
0 1 0 28.9 52.0 2 -1 0
0 1 0 29.0 51.5 2 -1 0
0 1 0 29.0 51.5 2 -1 0
0 1 0 29.0 51.5 2 -1 0
0 1 0 29.0 51.0 2 -1 0
0 1 0 29.0 51.0 2 -1 0
0 1 0 29.0 51.0 2 -1 0
0 1 0 29.0 51.0 2 -1 0
0 1 0 29.1 51.0 2 -1 0
0 1 0 29.1 51.0 2 -1 0
0 1 0 29.1 51.0 2 -1 0
0 1 0 29.1 51.0 2 -1 0
0 1 0 29.1 51.0 2 -1 0
0 1 0 29.1 51.0 2 -1 0
0 1 0 29.2 51.0 2 -1 0
0 1 0 29.1 51.5 2 -1 0
0 1 0 29.2 51.5 2 -1 0
0 1 0 29.2 52.0 2 -1 0
0 1 0 29.2 52.0 2 -1 0
0 1 0 29.2 52.0 2 -1 0
0 1 0 29.2 52.0 2 -1 0
0 1 0 29.2 52.0 2 -1 0
0 1 0 29.2 52.0 2 -1 0
0 1 0 29.2 52.0 2 -1 0
0 1 0 29.2 52.0 2 -1 0
0 1 0 29.3 52.0 2 -1 0
0 1 0 29.3 52.0 2 -1 0
0 1 0 29.2 52.5 2 -1 0
0 1 0 29.3 52.5 2 -1 0
0 1 0 29.3 53.0 2 -1 0
0 1 0 29.3 53.0 2 -1 0
0 1 0 29.4 53.0 2 -1 0
0 1 0 29.4 53.5 2 -1 0
0 1 0 29.4 53.5 2 -1 0
0 1 0 29.4 53.5 2 -1 0
0 1 0 29.4 53.5 2 -1 0
0 1 0 29.4 53.5 2 -1 0
0 1 0 29.4 53.5 2 -1 0
0 1 0 29.4 53.5 2 -1 0
0 1 0 29.5 53.5 2 -1 0
0 1 0 29.5 54.0 2 -1 0
0 1 0 29.5 54.0 2 -1 0
0 1 0 29.6 53.5 2 -1 0
0 1 0 29.5 54.0 2 -1 0
0 1 0 29.6 54.0 2 -1 0
0 1 0 29.5 54.0 2 -1 0
0 1 0 29.6 54.0 2 -1 0
0 1 0 29.6 54.0 2 -1 0
0 1 0 29.6 54.0 2 -1 0
0 1 0 29.6 54.0 2 -1 0
0 1 0 29.6 54.0 2 -1 0
0 1 0 29.6 54.0 2 -1 0
0 1 0 29.6 54.0 2 -1 0
0 1 0 29.6 54.0 2 -1 0
0 1 0 29.7 53.5 2 -1 0
0 1 0 29.7 53.5 2 -1 0
0 1 0 29.7 53.5 2 -1 0
0 1 0 29.7 53.5 2 -1 0
0 1 0 29.7 53.5 2 -1 0
0 1 0 29.7 53.5 2 -1 0
0 1 0 29.7 53.0 2 -1 0
0 1 0 29.8 53.0 2 -1 0
0 1 0 29.7 53.0 2 -1 0
0 1 0 29.8 52.5 2 -1 0
0 1 0 29.7 52.5 2 -1 0
0 1 0 29.8 53.0 2 -1 0
0 1 0 29.8 53.0 2 -1 0
0 1 0 29.8 53.0 2 -1 0
0 1 0 29.8 53.0 2 -1 0
0 1 0 29.8 53.0 2 -1 0
0 1 0 29.8 53.0 2 -1 0
0 1 0 29.8 53.0 2 -1 0
0 1 0 29.9 53.5 2 -1 0
0 1 0 29.8 53.0 2 -1 0
0 1 0 29.9 53.0 2 -1 0
0 1 0 29.8 53.0 2 -1 0
0 1 0 29.9 53.0 2 -1 0
0 1 0 29.8 53.0 2 -1 0
0 1 0 29.8 53.0 2 -1 0
