0 1 0 27.1 70.0 2 -1 0
0 1 0 27.0 70.5 2 -1 0
0 1 0 27.1 70.5 2 -1 0
0 1 0 27.1 70.5 2 -1 0
0 1 0 27.2 70.0 2 -1 0
0 1 0 27.1 70.0 2 -1 0
0 1 0 27.1 69.5 2 -1 0
0 1 0 27.2 69.5 2 -1 0
0 1 0 27.2 69.5 2 -1 0
0 1 0 27.2 69.5 2 -1 0
0 1 0 27.2 69.0 2 -1 0
0 1 0 27.3 69.0 2 -1 0
0 1 0 27.2 69.0 2 -1 0
0 1 0 27.2 68.5 2 -1 0
0 1 0 27.2 68.5 2 -1 0
0 1 0 27.2 68.5 2 -1 0
0 1 0 27.2 69.0 2 -1 0
0 1 0 27.2 69.0 2 -1 0
0 1 0 27.2 69.0 2 -1 0
0 1 0 27.3 69.0 2 -1 0
0 1 0 27.2 69.5 2 -1 0
0 1 0 27.2 69.5 2 -1 0
0 1 0 27.3 70.0 2 -1 0
0 1 0 27.3 70.0 2 -1 0
0 1 0 27.3 70.5 2 -1 0
0 1 0 27.3 70.5 2 -1 0
0 1 0 27.3 70.5 2 -1 0
0 1 0 27.2 70.5 2 -1 0
0 1 0 27.3 70.5 2 -1 0
0 1 0 27.3 70.5 2 -1 0
0 1 0 27.3 70.5 2 -1 0
0 1 0 27.3 70.5 2 -1 0
0 1 0 27.3 70.5 2 -1 0
0 1 0 27.3 70.0 2 -1 0
0 1 0 27.3 70.0 2 -1 0
0 1 0 27.3 70.0 2 -1 0
0 1 0 27.3 70.5 2 -1 0
0 1 0 27.3 70.5 2 -1 0
0 1 0 27.3 70.5 2 -1 0
0 1 0 27.3 70.0 2 -1 0
0 1 0 27.3 70.0 2 -1 0
0 1 0 27.3 70.0 2 -1 0
0 1 0 27.4 70.0 2 -1 0
0 1 0 27.3 69.5 2 -1 0
0 1 0 27.3 69.5 2 -1 0
0 1 0 27.3 69.5 2 -1 0
0 1 0 27.3 69.5 2 -1 0
0 1 0 27.3 69.0 2 -1 0
0 1 0 27.3 69.0 2 -1 0
0 1 0 27.4 69.0 2 -1 0
0 1 0 27.3 69.0 2 -1 0
0 1 0 27.4 68.5 2 -1 0
0 1 0 27.4 68.5 2 -1 0
0 1 0 27.4 68.5 2 -1 0
0 1 0 27.3 68.5 2 -1 0
0 1 0 27.4 68.5 2 -1 0
0 1 0 27.3 68.5 2 -1 0
0 1 0 27.4 68.5 2 -1 0
0 1 0 27.4 68.5 2 -1 0
0 1 0 27.3 68.5 2 -1 0
0 1 0 27.4 69.5 2 -1 0
0 1 0 27.3 69.5 2 -1 0
0 1 0 27.4 69.5 2 -1 0
0 1 0 27.4 69.0 2 -1 0
0 1 0 27.4 69.0 2 -1 0
0 1 0 27.4 69.0 2 -1 0
0 1 0 27.4 69.0 2 -1 0
0 1 0 27.4 69.0 2 -1 0
0 1 0 27.3 69.0 2 -1 0
0 1 0 27.3 68.5 2 -1 0
0 1 0 27.4 69.0 2 -1 0
0 1 0 27.4 68.5 2 -1 0
0 1 0 27.3 68.5 2 -1 0
0 1 0 27.4 68.5 2 -1 0
0 1 0 27.5 68.5 2 -1 0
0 1 0 27.4 68.5 2 -1 0
0 1 0 27.4 68.5 2 -1 0
0 1 0 27.4 68.5 2 -1 0
0 1 0 27.4 68.5 2 -1 0
0 1 0 27.4 68.5 2 -1 0
0 1 0 27.4 68.5 2 -1 0
0 1 0 27.4 68.5 2 -1 0
0 1 0 27.4 69.0 2 -1 0
0 1 0 27.4 69.5 2 -1 0
0 1 0 27.4 70.0 2 -1 0
0 1 0 27.4 70.0 2 -1 0
0 1 0 27.4 70.0 2 -1 0
0 1 0 27.4 70.0 2 -1 0
0 1 0 27.4 70.0 2 -1 0
0 1 0 27.4 70.0 2 -1 0
0 1 0 27.4 70.5 2 -1 0
0 1 0 27.4 70.5 2 -1 0
0 1 0 27.4 70.5 2 -1 0
0 1 0 27.4 70.5 2 -1 0
0 1 0 27.4 70.0 2 -1 0
0 1 0 27.4 70.0 2 -1 0
0 1 0 27.4 70.0 2 -1 0
0 1 0 27.4 70.0 2 -1 0
0 1 0 27.5 70.0 2 -1 0
0 1 0 27.4 70.0 2 -1 0
0 1 0 27.4 70.0 2 -1 0
0 1 0 27.5 70.0 2 -1 0
0 1 0 27.5 70.0 2 -1 0
0 1 0 27.5 70.0 2 -1 0
0 1 0 27.5 69.5 2 -1 0
0 1 0 27.5 69.5 2 -1 0
0 1 0 27.5 70.0 2 -1 0
0 1 0 27.5 70.5 2 -1 0
0 1 0 27.5 70.5 2 -1 0
0 1 0 27.5 70.5 2 -1 0
0 1 0 27.5 70.0 2 -1 0
0 1 0 27.5 70.0 2 -1 0
0 1 0 27.4 70.0 2 -1 0
0 1 0 27.5 70.5 2 -1 0
0 1 0 27.5 70.5 2 -1 0
0 1 0 27.5 70.5 2 -1 0
0 1 0 27.5 70.5 2 -1 0
0 1 0 27.5 70.5 2 -1 0
0 1 0 27.5 70.5 2 -1 0
0 1 0 27.5 70.5 2 -1 0
0 1 0 27.5 70.5 2 -1 0
0 1 0 27.6 71.0 2 -1 0
0 1 0 27.5 71.0 2 -1 0
0 1 0 27.6 71.0 2 -1 0
0 1 0 27.5 71.0 2 -1 0
0 1 0 27.5 71.0 2 -1 0
0 1 0 27.6 71.0 2 -1 0
0 1 0 27.6 71.0 2 -1 0
0 1 0 27.6 71.0 2 -1 0
0 1 0 27.6 71.0 2 -1 0
0 1 0 27.6 70.5 2 -1 0
0 1 0 27.5 70.5 2 -1 0
0 1 0 27.6 70.5 2 -1 0
0 1 0 27.6 70.5 2 -1 0
0 1 0 27.5 70.5 2 -1 0
0 1 0 27.6 70.5 2 -1 0
0 1 0 27.6 70.0 2 -1 0
0 1 0 27.6 70.0 2 -1 0
0 1 0 27.6 70.5 2 -1 0
0 1 0 27.6 70.5 2 -1 0
0 1 0 27.6 70.5 2 -1 0
0 1 0 27.6 70.0 2 -1 0
0 1 0 27.6 70.0 2 -1 0
0 1 0 27.5 70.0 2 -1 0
0 1 0 27.6 70.0 2 -1 0
0 1 0 27.6 70.0 2 -1 0
0 1 0 27.7 70.0 2 -1 0
0 1 0 27.6 70.0 2 -1 0
0 1 0 27.6 70.0 2 -1 0
0 1 0 27.6 70.0 2 -1 0
0 1 0 27.6 70.0 2 -1 0
0 1 0 27.6 70.0 2 -1 0
0 1 0 27.6 70.0 2 -1 0
0 1 0 27.6 70.0 2 -1 0
0 1 0 27.6 70.0 2 -1 0
0 1 0 27.5 70.0 2 -1 0
0 1 0 27.6 69.5 2 -1 0
0 1 0 27.6 69.5 2 -1 0
0 1 0 27.6 69.5 2 -1 0
0 1 0 27.5 69.5 2 -1 0
0 1 0 27.5 69.5 2 -1 0
0 1 0 27.7 69.5 2 -1 0
0 1 0 27.7 69.5 2 -1 0
0 1 0 27.6 69.0 2 -1 0
0 1 0 27.6 69.0 2 -1 0
0 1 0 27.6 69.0 2 -1 0
0 1 0 27.6 69.5 2 -1 0
0 1 0 27.6 70.0 2 -1 0
0 1 0 27.6 70.0 2 -1 0
0 1 0 27.6 70.0 2 -1 0
0 1 0 27.6 70.0 2 -1 0
0 1 0 27.6 70.0 2 -1 0
0 1 0 27.6 70.0 2 -1 0
0 1 0 27.6 70.0 2 -1 0
0 1 0 27.6 70.0 2 -1 0
0 1 0 27.6 70.0 2 -1 0
0 1 0 27.6 69.5 2 -1 0
0 1 0 27.6 69.5 2 -1 0
0 1 0 27.6 69.5 2 -1 0
0 1 0 27.6 69.5 2 -1 0
0 1 0 27.6 69.5 2 -1 0
0 1 0 27.6 69.5 2 -1 0
0 1 0 27.6 69.5 2 -1 0
0 1 0 27.6 69.5 2 -1 0
0 1 0 27.6 69.5 2 -1 0
0 1 0 27.6 69.5 2 -1 0
0 1 0 27.6 69.5 2 -1 0
0 1 0 27.6 69.5 2 -1 0
0 1 0 27.7 69.5 2 -1 0
0 1 0 27.6 69.5 2 -1 0
0 1 0 27.6 69.5 2 -1 0
0 1 0 27.6 69.5 2 -1 0
0 1 0 27.6 69.5 2 -1 0
0 1 0 27.6 69.5 2 -1 0
0 1 0 27.6 69.5 2 -1 0
0 1 0 27.6 69.5 2 -1 0
0 1 0 27.6 69.5 2 -1 0
0 1 0 27.6 69.0 2 -1 0
0 1 0 27.6 69.0 2 -1 0
0 1 0 27.7 69.0 2 -1 0
0 1 0 27.6 69.0 2 -1 0
0 1 0 27.6 69.5 2 -1 0
0 1 0 27.7 69.5 2 -1 0
0 1 0 27.7 69.5 2 -1 0
0 1 0 27.6 69.5 2 -1 0
0 1 0 27.6 70.0 2 -1 0
0 1 0 27.6 70.0 2 -1 0
0 1 0 27.7 70.0 2 -1 0
0 1 0 27.6 70.0 2 -1 0
0 1 0 27.6 70.0 2 -1 0
0 1 0 27.7 70.0 2 -1 0
0 1 0 27.6 70.0 2 -1 0
0 1 0 27.6 70.0 2 -1 0
0 1 0 27.6 70.0 2 -1 0
0 1 0 27.7 70.0 2 -1 0
0 1 0 27.7 70.0 2 -1 0
0 1 0 27.6 70.0 2 -1 0
0 1 0 27.6 70.0 2 -1 0
0 1 0 27.7 70.0 2 -1 0
0 1 0 27.6 70.0 2 -1 0
0 1 0 27.7 70.0 2 -1 0
0 1 0 27.6 70.0 2 -1 0
0 1 0 27.7 70.0 2 -1 0
0 1 0 27.7 70.5 2 -1 0
0 1 0 27.7 70.5 2 -1 0
0 1 0 27.7 71.0 2 -1 0
0 1 0 27.7 71.0 2 -1 0
0 1 0 27.6 71.0 2 -1 0
0 1 0 27.7 71.5 2 -1 0
0 1 0 27.7 71.5 2 -1 0
0 1 0 27.6 72.0 2 -1 0
0 1 0 27.7 72.0 2 -1 0
0 1 0 27.7 72.0 2 -1 0
0 1 0 27.7 72.5 2 -1 0
0 1 0 27.7 72.0 2 -1 0
0 1 0 27.7 72.5 2 -1 0
0 1 0 27.7 72.5 2 -1 0
0 1 0 27.7 72.5 2 -1 0
0 1 0 27.7 72.5 0 -1 0
0 1 0 27.7 73.0 2 -1 0
0 1 0 27.7 73.5 2 -1 0
0 1 0 27.7 73.5 2 -1 0
0 1 0 27.7 73.5 2 -1 0
0 1 0 27.7 73.5 2 -1 0
0 1 0 27.7 73.5 2 -1 0
0 1 0 27.7 73.5 2 -1 0
0 1 0 27.8 73.5 2 -1 0
0 1 0 27.7 73.0 2 -1 0
0 1 0 27.8 73.5 2 -1 0
0 1 0 27.7 73.5 2 -1 0
0 1 0 27.7 73.0 2 -1 0
0 1 0 27.8 73.5 2 -1 0
0 1 0 27.7 73.0 2 -1 0
0 1 0 27.8 73.0 2 -1 0
0 1 0 27.8 72.5 2 -1 0
0 1 0 27.9 72.5 2 -1 0
0 1 0 27.8 72.5 2 -1 0
0 1 0 27.8 72.0 2 -1 0
0 1 0 27.8 72.0 2 -1 0
0 1 0 27.9 71.5 2 -1 0
0 1 0 27.9 71.5 2 -1 0
0 1 0 27.8 71.0 2 -1 0
0 1 0 27.8 71.0 2 -1 0
0 1 0 27.8 71.0 2 -1 0
0 1 0 27.8 71.0 2 -1 0
0 1 0 27.8 71.0 2 -1 0
0 1 0 27.8 71.0 2 -1 0
0 1 0 27.7 70.5 2 -1 0
0 1 0 27.8 70.5 0 -1 0
0 1 0 27.8 70.5 2 -1 0
0 1 0 27.7 70.5 2 -1 0
0 1 0 27.8 70.5 2 -1 0
0 1 0 27.8 70.5 2 -1 0
0 1 0 27.8 70.0 2 -1 0
0 1 0 27.8 70.5 2 -1 0
0 1 0 27.8 70.0 2 -1 0
0 1 0 27.8 70.0 2 -1 0
0 1 0 27.8 70.0 2 -1 0
0 1 0 27.8 70.0 2 -1 0
0 1 0 27.7 70.0 2 -1 0
0 1 0 27.7 70.0 2 -1 0
0 1 0 27.8 70.0 2 -1 0
0 1 0 27.7 70.0 2 -1 0
0 1 0 27.8 69.5 2 -1 0
0 1 0 27.8 69.5 2 -1 0
0 1 0 27.8 69.5 2 -1 0
0 1 0 27.8 69.5 2 -1 0
0 1 0 27.8 69.5 2 -1 0
0 1 0 27.7 69.5 2 -1 0
0 1 0 27.8 69.5 2 -1 0
0 1 0 27.8 70.0 2 -1 0
0 1 0 27.8 70.0 2 -1 0
0 1 0 27.7 70.0 2 -1 0
0 1 0 27.7 70.0 2 -1 0
0 1 0 27.8 70.0 2 -1 0
0 1 0 27.7 70.0 2 -1 0
0 1 0 27.7 70.0 1 -1 0
0 1 0 27.7 70.0 1 -1 0
0 1 0 27.7 70.0 1 -1 0
0 1 0 27.8 70.0 1 -1 0
0 1 0 27.7 70.0 1 -1 0
0 1 0 27.8 70.0 1 -1 0
0 1 0 27.7 70.0 1 -1 0
0 1 0 27.7 70.0 1 -1 0
0 1 0 27.8 70.0 1 -1 0
0 1 0 27.8 70.0 1 -1 0
0 1 0 27.8 70.0 1 -1 0
0 1 0 27.8 70.0 1 -1 0
0 1 0 27.7 70.0 1 -1 0
0 1 0 27.7 70.0 0 -1 0
0 1 0 27.8 70.0 0 -1 0
0 1 0 27.8 70.0 0 -1 0
0 1 0 27.8 70.5 0 -1 0
0 1 0 27.7 70.5 0 -1 0
0 1 0 27.7 70.5 0 -1 0
0 1 0 27.8 70.5 0 -1 0
0 1 0 27.8 70.5 2 -1 0
0 1 0 27.8 70.5 2 -1 0
0 1 0 27.7 70.5 2 -1 0
0 1 0 27.7 70.5 2 -1 0
0 1 0 27.7 70.5 2 -1 0
0 1 0 27.8 70.5 3 -1 0
0 1 0 27.8 70.5 1 -1 0
0 1 0 27.8 70.5 2 -1 0
0 1 0 27.7 70.5 1 -1 0
0 1 0 27.8 70.5 1 -1 0
0 1 0 27.7 70.5 2 -1 0
0 1 0 27.8 71.0 2 -1 0
0 1 0 27.8 71.0 1 -1 0
0 1 0 27.7 71.0 1 -1 0
0 1 0 27.8 71.0 1 -1 0
0 1 0 27.8 71.0 2 -1 0
0 1 0 27.8 71.5 3 -1 0
0 1 0 27.8 71.5 2 -1 0
0 1 0 27.8 71.5 3 -1 0
0 1 0 27.8 71.5 4 -1 0
0 1 0 27.8 71.5 5 -1 0
0 1 0 27.8 71.5 6 -1 0
0 1 0 27.8 71.5 6 -1 0
0 1 0 27.8 71.5 6 -1 0
0 1 0 27.8 71.5 8 -1 0
0 1 0 27.9 71.5 7 -1 0
0 1 0 27.8 71.5 7 -1 0
0 1 0 27.8 71.5 8 -1 0
0 1 0 27.8 71.5 10 -1 0
0 1 0 27.9 71.5 7 -1 0
0 1 0 27.8 71.5 10 -1 0
0 1 0 27.8 71.0 6 -1 0
0 1 0 27.9 71.0 7 -1 0
0 1 0 28.0 71.0 5 -1 0
0 1 0 27.9 71.0 3 -1 0
0 1 0 27.9 71.0 3 -1 0
0 1 0 27.9 71.0 3 -1 0
0 1 0 27.9 71.5 3 -1 0
0 1 0 27.9 71.5 5 -1 0
0 1 0 27.9 71.5 5 -1 0
0 1 0 27.8 71.5 5 -1 0
0 1 0 27.9 71.5 7 -1 0
0 1 0 27.9 71.5 5 -1 0
0 1 0 27.9 71.5 7 -1 0
0 1 0 27.8 71.5 9 -1 0
0 1 0 27.9 71.5 5 -1 0
0 1 0 27.9 71.0 3 -1 0
0 1 0 27.8 71.0 3 -1 0
0 1 0 27.9 71.0 5 -1 0
0 1 0 28.0 71.0 5 -1 0
0 1 0 27.9 71.0 5 -1 0
0 1 0 27.9 71.0 5 -1 0
0 1 0 27.9 71.0 5 -1 0
0 1 0 27.9 71.0 5 -1 0
0 1 0 28.0 71.0 5 -1 0
0 1 0 27.9 71.0 5 -1 0
0 1 0 27.9 71.0 7 -1 0
0 1 0 27.9 71.0 7 -1 0
0 1 0 27.9 71.0 7 -1 0
0 1 0 28.0 71.0 9 -1 0
0 1 0 27.9 71.0 9 -1 0
0 1 0 27.9 71.0 5 -1 0
0 1 0 27.9 71.0 7 -1 0
0 1 0 27.9 71.0 7 -1 0
0 1 0 28.0 71.0 7 -1 0
0 1 0 27.9 71.0 9 -1 0
0 1 0 27.9 71.0 11 -1 0
0 1 0 28.0 71.0 8 -1 0
0 1 0 27.9 70.5 10 -1 0
0 1 0 27.9 70.5 12 -1 0
0 1 0 27.9 70.5 8 -1 0
0 1 0 27.9 70.5 10 -1 0
0 1 0 27.9 70.5 10 -1 0
0 1 0 27.9 70.5 12 -1 0
0 1 0 27.9 70.5 12 -1 0
0 1 0 28.0 70.5 14 -1 0
0 1 0 28.0 70.5 10 -1 0
0 1 0 27.9 71.0 12 -1 0
0 1 0 27.9 71.5 14 -1 0
0 1 0 27.9 71.5 14 -1 0
0 1 0 28.0 72.5 12 -1 0
0 1 0 27.9 72.0 12 -1 0
0 1 0 28.0 73.0 12 -1 0
0 1 0 27.9 73.0 15 -1 0
0 1 0 27.9 73.0 15 -1 0
0 1 0 27.9 73.0 15 -1 0
0 1 0 27.9 73.5 17 -1 0
0 1 0 28.0 73.5 17 -1 0
0 1 0 28.0 73.5 17 -1 0
0 1 0 28.0 74.0 15 -1 0
0 1 0 28.0 74.0 15 -1 0
0 1 0 28.0 74.0 15 -1 0
0 1 0 28.0 74.0 15 -1 0
0 1 0 27.9 74.5 15 -1 0
0 1 0 27.9 74.5 15 -1 0
0 1 0 28.0 74.5 12 -1 0
0 1 0 27.9 74.5 12 -1 0
0 1 0 28.1 74.5 12 -1 0
0 1 0 28.0 75.0 12 -1 0
0 1 0 28.0 75.0 16 -1 0
0 1 0 28.0 75.0 14 -1 0
0 1 0 28.0 75.0 14 -1 0
0 1 0 28.0 75.0 14 -1 0
0 1 0 28.0 75.5 14 -1 0
0 1 0 28.0 75.0 14 -1 0
0 1 0 28.1 75.5 14 -1 0
0 1 0 28.0 75.5 14 -1 0
0 1 0 28.0 75.5 14 -1 0
0 1 0 28.0 75.0 12 -1 0
0 1 0 28.0 75.5 12 -1 0
0 1 0 28.0 75.5 12 -1 0
0 1 0 28.0 75.5 12 -1 0
0 1 0 28.1 75.5 15 -1 0
0 1 0 28.0 75.5 15 -1 0
0 1 0 28.1 75.5 17 -1 0
0 1 0 28.1 75.5 15 -1 0
0 1 0 28.1 75.5 17 -1 0
0 1 0 28.1 75.5 15 -1 0
0 1 0 28.1 75.5 17 -1 0
0 1 0 28.0 75.5 19 -1 0
0 1 0 28.1 75.5 17 -1 0
0 1 0 28.0 75.5 19 -1 0
0 1 0 28.2 75.5 21 -1 0
0 1 0 28.1 76.0 20 -1 0
0 1 0 28.1 75.5 20 -1 0
0 1 0 28.2 75.5 22 -1 0
0 1 0 28.1 75.5 22 -1 0
0 1 0 28.2 76.0 22 -1 0
0 1 0 28.2 76.0 24 -1 0
0 1 0 28.1 75.5 24 -1 0
0 1 0 28.2 75.5 24 -1 0
0 1 0 28.2 75.5 24 -1 0
0 1 0 28.2 75.5 20 -1 0
0 1 0 28.2 76.0 20 -1 0
0 1 0 28.2 75.5 22 -1 0
0 1 0 28.2 75.5 22 -1 0
0 1 0 28.2 75.5 22 -1 0
0 1 0 28.2 75.5 22 -1 0
0 1 0 28.2 75.0 22 -1 0
0 1 0 28.2 75.0 22 -1 0
0 1 0 28.3 75.0 22 -1 0
0 1 0 28.3 75.0 22 -1 0
0 1 0 28.2 75.0 22 -1 0
0 1 0 28.2 75.0 24 -1 0
0 1 0 28.2 75.0 24 -1 0
0 1 0 28.3 75.0 24 -1 0
0 1 0 28.3 75.0 24 -1 0
0 1 0 28.3 74.5 26 -1 0
0 1 0 28.2 75.0 26 -1 0
0 1 0 28.3 75.0 26 -1 0
0 1 0 28.3 75.0 26 -1 0
0 1 0 28.3 75.0 26 -1 0
0 1 0 28.3 75.0 26 -1 0
0 1 0 28.3 75.5 31 -1 0
0 1 0 28.3 75.0 31 -1 0
0 1 0 28.3 75.5 29 -1 0
0 1 0 28.3 75.0 29 -1 0
0 1 0 28.3 75.5 41 -1 0
0 1 0 28.3 75.5 49 -1 0
0 1 0 28.3 75.5 51 -1 0
0 1 0 28.3 75.5 53 -1 0
0 1 0 28.3 75.5 58 -1 0
0 1 0 28.4 75.5 51 -1 0
0 1 0 28.4 75.5 57 -1 0
0 1 0 28.3 75.5 55 -1 0
0 1 0 28.4 75.5 50 -1 0
0 1 0 28.4 76.0 48 c26 0
1 1 13 28.4 75.5 65 c26 1
1 1 0 28.4 75.5 67 c26 1
1 1 0 28.4 75.5 63 c26 1
1 1 0 28.5 75.5 63 c26 1
1 1 0 28.4 74.5 63 c26 1
1 1 0 28.5 74.0 65 c26 1
1 1 0 28.5 74.0 65 c26 1
1 1 4 28.5 74.5 63 c26 1
1 1 1 28.5 74.5 63 c26 1
1 1 0 28.5 74.5 63 c26 1
1 1 10 28.5 75.0 68 c26 1
1 1 7 28.5 73.5 68 c26 1
1 1 0 28.5 72.5 69 c26 1
1 1 9 28.4 72.0 66 c26 1
1 1 16 28.3 71.0 68 c26 1
1 1 1 28.2 71.0 58 c26 1
1 1 1 28.1 71.0 66 c26 1
1 1 4 28.0 70.5 70 c26 1
1 1 0 28.0 70.5 70 c26 1
1 1 15 28.0 70.0 66 c26 1
1 1 3 27.9 69.5 71 c26 1
1 1 10 27.9 69.5 72 c26 1
1 1 1 27.9 69.5 69 c26 1
1 1 11 27.8 69.5 75 c26 1
1 1 6 27.8 69.5 71 c26 1
1 1 11 27.8 70.5 70 c26 1
1 1 0 27.7 70.0 72 c26 1
1 1 0 27.7 69.5 58 c26 1
1 1 0 27.5 69.5 55 c26 1
1 1 1 27.3 68.0 53 c26 1
1 1 5 27.2 67.5 51 c26 1
1 1 1 27.0 67.5 50 c26 1
1 1 6 26.9 68.0 50 c26 1
1 1 1 27.0 70.0 55 c26 1
1 1 1 27.1 70.0 69 c26 1
1 1 0 27.2 70.0 69 c26 1
1 1 7 27.2 68.5 71 c26 1
1 1 19 27.1 67.5 71 c26 1
0 1 0 27.0 68.5 70 c26 1
0 1 0 27.0 68.0 72 c26 1
0 1 0 26.9 67.5 70 c26 1
0 1 0 26.9 67.0 71 c26 1
0 1 0 26.8 66.0 72 c26 1
0 1 0 26.9 66.0 68 c26 1
0 1 0 26.8 66.0 65 c26 1
0 1 0 26.8 65.5 63 c26 1
0 1 0 26.7 65.5 63 c26 1
0 1 0 26.6 65.0 65 c26 1
0 1 0 26.6 64.5 60 c26 1
0 1 0 26.5 64.0 60 c26 1
0 1 0 26.5 63.5 56 c26 1
0 1 0 26.4 63.5 58 c26 1
0 1 0 26.3 63.5 60 c26 1
0 1 0 26.3 64.0 60 c26 1
0 1 0 26.4 64.0 60 c26 1
0 1 0 26.3 64.0 58 c26 1
0 1 0 26.2 64.0 62 c26 1
0 1 0 26.2 63.0 57 c26 1
0 1 0 26.1 63.0 57 c26 1
0 1 0 26.1 62.5 58 c26 1
0 1 0 26.0 62.5 56 c26 1
0 1 0 26.0 62.5 67 c26 1
0 1 0 26.0 62.0 60 c26 1
0 1 0 25.9 61.5 72 c26 1
0 1 0 25.9 61.5 72 c26 1
0 1 0 25.8 61.5 71 c26 1
0 1 0 25.7 61.0 73 c26 1
0 1 0 25.7 60.5 80 c26 1
0 1 0 25.7 61.0 70 c26 1
0 1 0 25.6 60.5 72 c26 1
0 1 0 25.5 60.5 67 c26 1
0 1 0 25.6 60.5 67 c26 1
0 1 0 25.5 61.0 68 c26 1
0 1 0 25.5 61.0 75 c26 1
0 1 0 25.6 61.5 68 c26 1
0 1 0 25.5 61.0 61 c26 1
0 1 0 25.5 61.5 63 c26 1
0 1 0 25.5 61.5 63 c26 1
0 1 0 25.4 61.5 65 c26 1
0 1 0 25.5 61.5 65 c26 1
0 1 0 25.4 61.5 65 c26 1
0 1 0 25.4 61.5 65 c26 1
0 1 0 25.4 61.5 65 c26 1
0 1 0 25.4 61.0 60 c26 1
0 1 0 25.4 60.5 61 c26 1
0 1 0 25.2 60.0 61 c26 1
0 1 0 25.2 60.0 65 c26 1
0 1 0 25.2 59.5 63 c26 1
0 1 0 25.1 60.0 64 c26 1
0 1 0 25.1 60.0 64 c26 1
0 1 0 25.1 59.5 66 c26 1
0 1 0 25.0 60.0 63 c26 1
0 1 0 25.0 59.5 65 c26 1
0 1 0 25.0 59.5 58 c26 1
0 1 0 25.0 59.5 63 c26 1
0 1 0 25.0 60.0 60 c26 1
0 1 0 24.9 59.5 61 c26 1
0 1 0 24.9 59.5 63 c26 1
0 1 0 24.9 60.0 61 c26 1
0 1 0 24.9 60.5 61 c26 1
0 1 0 25.0 61.5 64 c26 1
0 1 0 25.0 62.0 66 c26 1
0 1 0 25.0 62.0 66 c26 1
0 1 0 24.9 62.0 63 c26 1
0 1 0 24.9 62.0 64 c26 1
0 1 0 24.9 62.0 64 c26 1
0 1 0 24.8 62.0 68 c26 1
0 1 0 24.8 61.5 66 c26 1
0 1 0 24.8 61.0 68 c26 1
0 1 0 24.8 61.0 66 c26 1
0 1 0 24.7 61.5 70 c26 1
0 1 0 24.8 61.5 65 c26 1
0 1 0 24.7 62.0 62 c26 1
0 1 0 24.8 62.0 58 c26 1
0 1 0 24.8 62.0 63 c26 1
0 1 0 24.7 62.0 63 c26 1
0 1 0 24.7 61.5 63 c26 1
0 1 0 24.6 61.0 65 c26 1
0 1 0 24.6 61.0 63 c26 1
0 1 0 24.5 60.5 64 c26 1
0 1 0 24.5 60.5 64 c26 1
0 1 0 24.4 60.5 63 c26 1
0 1 0 24.4 60.5 64 c26 1
0 1 0 24.5 61.0 66 c26 1
0 1 0 24.5 61.5 66 c26 1
0 1 0 24.6 62.0 64 c26 1
0 1 0 24.5 62.5 63 c26 1
0 1 0 24.6 63.0 63 c26 1
0 1 0 24.7 63.0 63 c26 1
0 1 0 24.6 62.5 61 c26 1
0 1 0 24.6 62.5 58 c26 1
0 1 0 24.5 62.5 60 c26 1
0 1 0 24.6 62.5 56 c26 1
1 1 1 24.6 62.5 60 c26 1
0 1 0 24.5 62.5 58 c26 1
0 1 0 24.5 62.0 56 c26 1
0 1 0 24.4 61.5 58 c26 1
0 1 0 24.3 61.0 61 c26 1
0 1 0 24.3 60.5 61 c26 1
0 1 0 24.3 60.0 66 c26 1
0 1 0 24.2 60.0 61 c26 1
0 1 0 24.1 60.0 61 c26 1
0 1 0 24.2 60.0 64 c26 1
0 1 0 24.2 60.5 68 c26 1
0 1 0 24.2 61.0 64 c26 1
0 1 0 24.2 61.5 66 c26 1
0 1 0 24.3 62.0 68 c26 1
0 1 0 24.3 62.5 68 c26 1
0 1 0 24.3 63.0 68 c26 1
0 1 0 24.5 63.5 66 c26 1
0 1 0 24.5 64.0 62 c26 1
0 1 0 24.4 63.5 62 c26 1
0 1 0 24.4 63.0 64 c26 1
0 1 0 24.3 62.0 64 c26 1
0 1 0 24.2 62.0 64 c26 1
0 1 0 24.3 61.5 64 c26 1
0 1 0 24.1 61.0 62 c26 1
0 1 14 24.2 63.0 62 c26 1
1 1 24 24.4 64.5 61 c26 1
0 1 14 24.4 64.5 56 c26 1
0 1 0 24.5 64.5 59 c26 1
0 1 0 24.5 64.0 58 c26 1
0 1 0 24.5 64.0 54 c26 1
0 1 0 24.4 63.5 56 c26 1
0 1 0 24.3 63.5 58 c26 1
0 1 0 24.4 63.0 54 c26 1
0 1 0 24.3 62.5 58 c26 1
0 1 0 24.2 62.5 56 c26 1
0 1 0 24.2 62.0 56 c26 1
0 1 0 24.2 62.0 53 c26 1
0 1 0 24.2 62.0 54 c26 1
0 1 0 24.2 62.5 53 c26 1
0 1 0 24.2 62.5 53 c26 1
0 1 0 24.2 63.0 53 c26 1
0 1 0 24.3 63.0 56 c26 1
0 1 0 24.3 63.5 56 c26 1
0 1 0 24.3 64.0 54 c26 1
0 1 0 24.4 64.5 54 c26 1
0 1 0 24.4 64.5 56 c26 1
0 1 0 24.4 64.5 60 c26 1
0 1 0 24.5 64.5 59 c26 1
0 1 0 24.4 64.5 56 c26 1
0 1 0 24.4 64.5 58 c26 1
0 1 0 24.3 64.0 58 c26 1
0 1 0 24.3 63.5 56 c26 1
0 1 0 24.3 63.0 56 c26 1
0 1 0 24.3 63.0 56 c26 1
0 1 0 24.2 63.0 56 c26 1
0 1 0 24.3 62.5 58 c26 1
0 1 0 24.2 62.5 57 c26 1
0 1 0 24.2 62.0 59 c26 1
0 1 0 24.1 61.5 57 c26 1
0 1 0 24.1 61.0 56 c26 1
0 1 0 24.0 61.0 56 c26 1
0 1 0 24.0 61.0 58 c26 1
0 1 0 24.0 60.5 56 c26 1
0 1 0 24.0 60.5 56 c26 1
0 1 0 23.9 60.5 56 c26 1
0 1 0 23.9 60.5 58 c26 1
0 1 0 24.0 60.0 58 c26 1
0 1 0 23.8 60.0 57 c26 1
0 1 0 23.8 60.0 59 c26 1
0 1 0 23.9 60.0 59 c26 1
0 1 0 23.8 59.5 57 c26 1
0 1 0 23.8 59.5 58 c26 1
0 1 0 23.8 59.5 56 c26 1
0 1 0 23.7 59.5 54 c26 1
0 1 0 23.7 59.5 54 c26 1
0 1 0 23.8 60.0 56 c26 1
0 1 0 23.7 60.0 57 c26 1
0 1 0 23.7 60.0 59 c26 1
0 1 0 23.7 60.0 61 c26 1
0 1 0 23.6 59.5 58 c26 1
0 1 0 23.7 59.5 56 c26 1
0 1 0 23.6 60.0 56 c26 1
0 1 0 23.7 60.5 54 c26 1
0 1 0 23.7 61.0 54 c26 1
0 1 0 23.7 61.0 54 c26 1
0 1 0 23.7 61.0 56 c26 1
0 1 0 23.8 61.5 56 c26 1
0 1 0 23.8 61.5 57 c26 1
0 1 0 23.8 61.5 59 c26 1
0 1 0 23.8 61.5 59 c26 1
0 1 0 23.8 61.0 57 c26 1
0 1 0 23.8 61.0 60 c26 1
0 1 0 23.8 60.5 58 c26 1
0 1 0 23.7 60.5 58 c26 1
0 1 0 23.7 60.5 56 c26 1
0 1 0 23.8 60.5 58 c26 1
0 1 0 23.7 60.0 54 c26 1
0 1 0 23.7 60.0 54 c26 1
0 1 0 23.7 60.0 56 c26 1
0 1 0 23.7 60.0 56 c26 1
0 1 0 23.7 60.0 56 c26 1
0 1 0 23.7 60.0 56 c26 1
0 1 0 23.7 59.5 56 c26 1
0 1 0 23.6 59.5 54 c26 1
0 1 0 23.6 59.5 56 c26 1
0 1 0 23.7 59.5 54 c26 1
0 1 0 23.7 59.5 54 c26 1
0 1 0 23.7 59.5 54 c26 1
0 1 0 23.6 59.5 54 c26 1
0 1 0 23.6 59.0 54 c26 1
0 1 0 23.7 59.0 56 c26 1
0 1 0 23.6 59.0 58 c26 1
0 1 0 23.6 59.0 58 c26 1
0 1 0 23.6 59.0 58 c26 1
0 1 0 23.5 58.5 58 c26 1
0 1 0 23.5 59.0 61 c26 1
0 1 0 23.6 58.5 59 c26 1
0 1 0 23.5 58.5 60 c26 1
0 1 0 23.5 58.5 62 c26 1
0 1 0 23.5 59.0 59 c26 1
0 1 0 23.5 59.5 59 c26 1
0 1 0 23.6 60.0 59 c26 1
0 1 0 23.7 60.0 64 c26 1
0 1 0 23.6 60.5 64 c26 1
0 1 0 23.6 60.0 64 c26 1
0 1 0 23.6 60.0 64 c26 1
0 1 0 23.6 60.0 63 c26 1
0 1 0 23.6 60.0 66 c26 1
0 1 0 23.6 60.0 64 c26 1
0 1 0 23.6 60.0 62 c26 1
0 1 0 23.6 60.0 62 c26 1
0 1 0 23.6 60.0 62 c26 1
0 1 0 23.6 59.5 62 c26 1
0 1 0 23.5 59.5 62 c26 1
0 1 0 23.6 59.5 60 c26 1
0 1 0 23.5 59.0 58 c26 1
0 1 0 23.6 59.0 62 c26 1
0 1 0 23.5 59.0 62 c26 1
0 1 0 23.4 58.5 60 c26 1
0 1 0 23.4 59.0 58 c26 1
0 1 0 23.5 59.0 57 c26 1
0 1 0 23.5 59.5 59 c26 1
0 1 0 23.5 59.5 57 c26 1
0 1 0 23.5 59.5 57 c26 1
0 1 0 23.6 59.5 55 c26 1
0 1 0 23.6 60.0 56 c26 1
0 1 4 23.6 59.5 54 c26 1
0 1 32 23.5 60.0 52 c26 1
0 1 10 23.6 59.5 54 c26 1
0 1 13 23.6 59.5 52 c26 1
0 1 7 23.5 59.0 53 c26 1
0 1 7 23.5 59.0 51 c26 1
0 1 6 23.5 59.0 49 c26 1
0 1 2 23.5 59.5 51 c26 1
0 1 5 23.6 59.5 51 c26 1
0 1 2 23.6 59.5 53 c26 1
0 1 0 23.6 59.5 52 c26 1
0 1 0 23.6 59.5 54 c26 1
0 1 2 23.6 59.5 52 c26 1
0 1 5 23.6 59.5 54 c26 1
0 1 2 23.6 59.0 54 c26 1
0 1 6 23.6 59.0 54 c26 1
0 1 22 23.7 59.0 56 c26 1
0 1 18 23.7 60.0 52 c26 1
0 1 3 23.8 60.5 51 c26 1
0 1 7 23.8 61.0 49 c26 1
0 1 1 23.8 60.5 49 c26 1
0 1 8 23.8 60.5 49 c26 1
0 1 21 23.8 60.5 49 c26 1
0 1 25 23.8 60.5 49 c26 1
0 1 17 23.8 60.5 49 c26 1
0 1 0 23.8 60.5 51 c26 1
0 1 6 23.8 60.5 47 c26 1
0 1 9 23.8 60.5 49 c26 1
0 1 8 23.9 61.0 49 c26 1
0 1 11 23.9 61.0 49 c26 1
0 1 2 24.0 61.0 49 c26 1
0 1 26 24.0 61.0 47 c26 1
0 1 2 24.0 61.5 47 c26 1
0 1 9 24.0 62.5 47 c26 1
0 1 4 24.1 63.0 47 c26 1
0 1 4 24.2 63.5 49 c26 1
0 1 0 24.3 63.5 49 c26 1
0 1 0 24.3 63.5 49 c26 1
0 1 13 24.3 63.5 47 c26 1
0 1 23 24.3 63.0 51 c26 1
0 1 13 24.3 62.5 47 c26 1
0 1 5 24.3 62.5 47 c26 1
0 1 4 24.3 62.0 47 c26 1
0 1 8 24.3 61.5 47 c26 1
0 1 9 24.2 61.0 44 c26 1
0 1 5 24.2 61.5 49 c26 1
0 1 14 24.2 61.0 47 c26 1
0 1 7 24.2 61.5 51 c26 1
0 1 7 24.2 61.5 51 c26 1
0 1 2 24.3 61.5 49 c26 1
0 1 2 24.3 62.0 51 c26 1
0 1 2 24.3 62.0 52 c26 1
0 1 12 24.3 62.0 53 c26 1
0 1 4 24.3 61.5 57 c26 1
0 1 12 24.4 61.5 52 c26 1
0 1 28 24.3 61.5 54 c26 1
0 1 27 24.3 61.5 55 c26 1
0 1 7 24.4 62.0 55 c26 1
0 1 7 24.4 62.0 55 c26 1
0 1 13 24.4 61.5 54 c26 1
0 1 2 24.3 61.0 55 c26 1
0 1 1 24.3 61.0 54 c26 1
0 1 8 24.3 61.0 50 c26 1
0 1 0 24.3 60.5 53 c26 1
0 1 6 24.3 60.0 55 c26 1
0 1 0 24.2 60.0 53 c26 1
0 1 1 24.2 59.5 52 c26 1
0 1 0 24.2 59.5 49 c26 1
0 1 4 24.1 59.5 49 c26 1
0 1 0 24.1 59.0 51 c26 1
0 1 1 24.1 58.5 51 c26 1
0 1 7 24.1 58.5 49 c26 1
0 1 6 24.0 58.0 49 c26 1
0 1 11 23.9 58.0 51 c26 1
1 1 34 23.9 58.0 49 c26 1
1 1 3 23.9 58.5 51 c26 1
1 1 5 23.8 59.0 49 c26 1
1 1 8 23.9 59.0 49 c26 1
1 1 16 23.8 59.5 47 c26 1
1 1 0 23.9 59.5 49 c26 1
1 1 0 23.8 60.0 52 c26 1
1 1 0 24.0 60.0 52 c26 1
1 1 15 23.8 60.0 55 c26 1
1 1 10 23.9 61.0 55 c26 1
1 1 2 24.0 61.5 54 c26 1
1 1 0 24.2 61.5 54 c26 1
1 1 3 24.2 61.5 55 c26 1
1 1 5 24.4 63.5 52 c26 1
1 1 11 24.5 65.0 48 c26 1
1 1 0 24.6 64.0 49 c26 1
1 1 4 24.7 64.0 51 c26 1
1 1 5 24.8 66.0 45 c26 1
1 1 0 24.9 66.5 49 c26 1
1 1 2 25.0 67.0 48 c26 1
1 1 37 25.1 66.0 42 c26 1
1 1 24 25.2 67.0 44 c26 1
1 1 28 25.4 67.0 42 c26 1
1 1 0 25.4 67.5 49 c26 1
1 1 8 25.4 67.0 47 c26 1
1 1 7 25.4 66.0 47 c26 1
1 1 3 25.5 67.0 44 c26 1
1 1 2 25.5 66.0 46 c26 1
1 1 4 25.5 65.0 46 c26 1
1 1 6 25.5 64.5 44 c26 1
1 1 11 25.5 66.5 47 c26 1
1 1 13 25.5 66.0 49 c26 1
1 1 10 25.5 66.5 49 c26 1
1 1 15 25.7 68.0 47 c26 1
1 1 9 25.7 67.0 46 c26 1
1 1 6 25.7 67.0 46 c26 1
1 1 6 25.7 66.0 42 c26 1
1 1 2 25.7 64.5 44 c26 1
1 1 4 25.7 64.0 40 c26 1
1 1 1 25.6 63.5 41 c26 1
1 1 0 25.6 63.5 37 c26 1
1 1 0 25.5 63.0 39 c26 1
1 1 10 25.5 63.0 37 c26 1
1 1 0 25.5 62.5 37 c26 1
1 1 7 25.5 62.5 39 c26 1
1 1 0 25.5 62.5 39 c26 1
1 1 30 25.6 62.5 35 c26 1
0 1 2 25.5 64.0 25 c26 0
0 1 0 25.7 66.0 27 c26 0
0 1 0 25.7 67.0 29 c26 0
0 1 0 25.9 67.0 25 c26 0
0 1 0 25.9 68.0 27 c26 0
0 1 0 26.0 68.0 25 c26 0
0 1 0 26.1 68.5 29 c26 0
0 1 0 26.1 68.0 27 c26 0
0 1 0 26.2 68.0 27 c26 0
0 1 0 26.2 68.0 25 c26 0
0 1 0 26.2 67.5 25 c26 0
0 1 0 26.1 67.5 26 c26 0
0 1 0 26.2 67.0 26 c26 0
0 1 0 26.2 67.0 26 c26 0
0 1 0 26.1 66.0 28 c26 0
0 1 0 26.1 66.5 25 c26 0
0 1 0 26.2 68.5 25 c26 0
0 1 0 26.2 68.5 25 c26 0
0 1 0 26.2 68.5 27 c26 0
0 1 0 26.3 69.5 27 c26 0
0 1 0 26.3 69.5 27 c26 0
0 1 0 26.3 70.0 29 c26 0
0 1 0 26.4 69.5 29 c26 0
0 1 0 26.4 70.0 29 c26 0
0 1 0 26.4 70.0 27 c26 0
0 1 0 26.5 70.0 25 c26 0
0 1 0 26.5 70.0 28 c26 0
0 1 0 26.5 70.0 26 c26 0
0 1 0 26.6 70.0 26 c26 0
0 1 0 26.6 70.5 26 c26 0
0 1 0 26.6 70.5 26 c26 0
0 1 0 26.7 70.5 28 c26 0
0 1 0 26.7 70.5 25 c26 0
0 1 0 26.7 70.5 25 c26 0
0 1 0 26.7 70.5 28 c26 0
0 1 0 26.7 71.0 26 c26 0
0 1 0 26.7 71.0 26 c26 0
0 1 0 26.7 71.0 26 c26 0
0 1 0 26.8 71.0 26 c26 0
0 1 0 26.7 71.0 26 c26 0
0 1 0 26.7 70.5 25 c26 0
0 1 0 26.7 70.5 25 c26 0
1 1 0 26.7 71.0 25 c26 0
0 1 0 26.8 70.0 25 c26 0
0 1 0 26.7 69.0 25 c26 0
0 1 0 26.7 71.0 25 c26 0
0 1 0 26.8 71.0 28 c26 0
0 1 0 26.8 70.5 24 c26 0
0 1 0 26.8 70.5 26 c26 0
0 1 0 26.9 70.5 27 c26 0
0 1 0 26.8 71.0 28 c26 0
0 1 0 26.8 71.0 28 c26 0
0 1 0 26.9 71.0 28 c26 0
0 1 0 26.9 71.0 26 c26 0
0 1 0 26.9 71.0 26 c26 0
0 1 0 27.0 71.0 26 c26 0
0 1 0 27.0 71.0 31 c26 0
0 1 0 27.0 71.5 29 c26 0
0 1 0 27.0 71.5 29 c26 0
0 1 0 27.1 71.5 31 c26 0
0 1 0 27.1 72.0 29 c26 0
0 1 0 27.2 72.0 31 c26 0
0 1 0 27.2 72.0 29 c26 0
0 1 0 27.3 72.0 29 c26 0
0 1 0 27.2 72.0 28 c26 0
0 1 0 27.2 72.0 26 c26 0
0 1 0 27.2 72.0 24 c26 0
0 1 0 27.3 72.0 22 c26 0
0 1 0 27.3 72.0 22 c26 0
0 1 0 27.5 72.0 21 c26 0
0 1 0 27.4 72.0 21 c26 0
0 1 0 27.4 72.0 19 c26 0
0 1 0 27.5 72.0 19 c26 0
0 1 0 27.5 72.0 19 c26 0
0 1 0 27.5 72.0 21 c26 0
0 1 0 27.5 72.0 19 c26 0
0 1 0 27.5 71.5 17 c26 0
0 1 0 27.6 71.5 21 c26 0
0 1 0 27.5 71.5 19 c26 0
0 1 0 27.5 71.5 19 c26 0
0 1 0 27.6 72.0 19 c26 0
0 1 0 27.5 72.0 21 c26 0
0 1 0 27.6 72.0 21 c26 0
0 1 0 27.6 72.0 21 c26 0
0 1 0 27.6 72.0 21 c26 0
0 1 0 27.7 71.5 21 c26 0
0 1 0 27.6 71.5 17 c26 0
0 1 0 27.6 71.5 17 c26 0
0 1 0 27.7 71.5 17 c26 0
0 1 0 27.6 71.5 19 c26 0
0 1 0 27.6 71.5 19 c26 0
0 1 0 27.7 71.5 21 c26 0
0 1 0 27.6 71.0 24 c26 0
0 1 0 27.5 70.5 22 c26 0
0 1 0 27.5 71.0 24 c26 0
0 1 0 27.6 70.5 24 c26 0
0 1 0 27.5 70.0 27 c26 0
0 1 0 27.4 70.0 22 c26 0
0 1 0 27.4 70.0 21 c26 0
0 1 0 27.4 69.5 21 c26 0
0 1 0 27.4 70.0 21 c26 0
0 1 0 27.4 70.0 21 c26 0
0 1 0 27.4 69.5 21 c26 0
0 1 0 27.4 69.5 21 c26 0
0 1 0 27.4 69.5 19 c26 0
0 1 0 27.4 70.0 21 c26 0
0 1 0 27.4 70.0 19 c26 0
0 1 0 27.5 70.0 19 c26 0
0 1 0 27.4 70.5 19 c26 0
0 1 0 27.4 70.5 19 c26 0
0 1 0 27.4 70.5 19 c26 0
0 1 0 27.4 70.0 19 c26 0
0 1 0 27.5 70.0 19 c26 0
0 1 0 27.4 70.5 17 c26 0
0 1 0 27.4 70.5 21 c26 0
0 1 0 27.4 71.0 17 c26 0
0 1 0 27.4 71.0 21 c26 0
0 1 0 27.4 71.0 23 c26 0
0 1 0 27.5 71.5 21 c26 0
0 1 0 27.6 71.5 26 c26 0
0 1 0 27.6 71.5 26 c26 0
0 1 0 27.6 71.5 31 c26 0
0 1 0 27.7 72.0 31 c26 0
0 1 0 27.7 72.0 24 c26 0
0 1 0 27.7 72.0 26 c26 0
0 1 0 27.8 72.0 26 c26 0
0 1 0 27.7 72.0 24 c26 0
0 1 0 27.8 72.5 21 c26 0
0 1 0 27.8 72.5 19 c26 0
0 1 0 27.8 72.0 23 c26 0
0 1 0 27.9 72.0 21 c26 0
0 1 0 27.9 72.0 26 c26 0
0 1 0 27.9 72.0 24 c26 0
0 1 0 27.8 72.0 23 c26 0
0 1 0 27.8 72.0 19 c26 0
0 1 0 27.9 72.0 23 c26 0
0 1 0 27.9 72.0 24 c26 0
0 1 0 27.9 72.0 22 c26 0
0 1 0 27.9 72.0 24 c26 0
0 1 0 27.9 71.5 24 c26 0
0 1 0 27.9 71.5 24 c26 0
0 1 0 27.9 71.5 24 c26 0
0 1 0 27.9 71.0 24 c26 0
0 1 0 28.0 71.5 26 c26 0
0 1 0 28.0 71.0 24 c26 0
0 1 0 28.0 71.0 24 c26 0
0 1 0 28.0 71.5 22 c26 0
0 1 0 28.0 71.5 22 c26 0
0 1 0 28.1 71.5 22 c26 0
0 1 0 28.1 71.0 22 c26 0
0 1 0 28.1 71.0 24 c26 0
0 1 0 28.2 71.5 21 c26 0
0 1 0 28.2 71.5 21 c26 0
0 1 0 28.2 71.5 21 c26 0
0 1 0 28.2 71.0 18 c26 0
0 1 0 28.2 71.0 16 c26 0
0 1 0 28.2 71.5 16 c26 0
0 1 0 28.2 71.5 12 c26 0
0 1 0 28.2 71.0 16 c26 0
0 1 0 28.2 71.0 16 c26 0
0 1 0 28.3 71.0 14 c26 0
0 1 0 28.1 71.0 14 c26 0
0 1 0 28.1 71.0 12 c26 0
0 1 0 28.2 71.0 12 c26 0
0 1 0 28.1 71.0 14 c26 0
0 1 0 28.1 71.0 15 c26 0
0 1 0 28.1 71.0 17 c26 0
0 1 0 28.1 70.5 19 c26 0
0 1 0 28.1 71.0 19 c26 0
0 1 0 28.1 70.5 19 c26 0
0 1 0 28.2 70.5 15 c26 0
0 1 0 28.2 70.5 17 c26 0
0 1 0 28.2 70.5 19 c26 0
0 1 0 28.1 70.5 15 c26 0
0 1 0 28.1 70.5 12 c26 0
0 1 0 28.1 70.5 14 c26 0
0 1 0 28.1 70.5 11 c26 0
0 1 0 28.0 70.5 9 c26 0
0 1 0 28.0 70.5 9 c26 0
0 1 0 28.0 70.5 7 c26 0
0 1 0 28.0 70.5 7 c26 0
0 1 0 28.1 70.5 7 c26 0
0 1 0 28.1 70.5 9 c26 0
0 1 0 28.1 70.0 9 c26 0
0 1 0 28.0 70.0 7 c26 0
0 1 0 28.1 70.0 7 c26 0
0 1 0 28.0 69.5 7 c26 0
0 1 0 27.9 69.5 7 c26 0
0 1 0 27.8 69.5 7 c26 0
0 1 0 27.8 69.0 7 c26 0
0 1 0 27.8 69.0 13 c26 0
0 1 0 27.8 68.5 12 c26 0
0 1 0 27.7 68.0 12 c26 0
0 1 0 27.7 67.5 10 c26 0
0 1 0 27.7 67.5 10 c26 0
0 1 0 27.7 68.5 10 c26 0
0 1 0 27.7 68.5 12 c26 0
0 1 0 27.6 69.5 11 c26 0
0 1 0 27.7 70.0 9 c26 0
0 1 0 27.7 70.0 8 c26 0
0 1 0 27.7 69.5 7 c26 0
0 1 0 27.7 70.0 5 c26 0
0 1 0 27.6 69.5 3 c26 0
0 1 0 27.6 69.5 6 c26 0
0 1 0 27.6 68.5 6 c26 0
0 1 0 27.5 67.5 4 c26 0
0 1 0 27.5 67.5 4 c26 0
0 1 0 27.5 67.5 4 c26 0
0 1 0 27.5 67.5 4 c26 0
0 1 0 27.5 67.0 4 c26 0
0 1 0 27.5 68.0 2 c26 0
0 1 0 27.5 69.0 2 c26 0
0 1 0 27.4 69.5 2 c26 0
0 1 0 27.5 70.0 4 c26 0
0 1 0 27.5 70.0 4 c26 0
0 1 0 27.5 70.0 4 c26 0
0 1 0 27.6 70.5 4 c26 0
0 1 0 27.6 70.5 4 c26 0
0 1 0 27.6 70.5 4 c26 0
0 1 0 27.6 71.0 2 c26 0
0 1 0 27.6 71.0 2 c26 0
0 1 0 27.7 71.0 2 c26 0
0 1 0 27.6 71.0 2 c26 0
0 1 0 27.7 71.0 2 c26 0
0 1 0 27.7 71.5 2 c26 0
0 1 0 27.6 71.5 2 c26 0
0 1 0 27.7 71.5 1 c26 0
0 1 0 27.7 71.5 1 c26 0
0 1 0 27.8 71.5 1 c26 0
0 1 0 27.7 71.5 1 c26 0
0 1 0 27.7 71.0 4 c26 0
0 1 0 27.7 71.0 4 c26 0
0 1 0 27.6 70.0 4 c26 0
0 1 0 27.6 69.5 2 c26 0
0 1 0 27.5 69.0 2 c26 0
0 1 0 27.5 68.0 2 c26 0
0 1 0 27.6 68.5 2 c26 0
0 1 0 27.6 68.0 2 c26 0
0 1 0 27.5 67.5 2 c26 0
0 1 0 27.4 66.5 0 c26 0
0 1 0 27.4 66.5 0 c26 0
0 1 0 27.4 66.5 0 c26 0
0 1 0 27.4 66.5 0 c26 0
0 1 0 27.4 66.0 0 c26 0
0 1 0 27.4 65.5 0 c26 0
0 1 0 27.3 65.5 0 c26 0
0 1 0 27.3 65.5 0 c26 0
0 1 0 27.4 65.5 4 c26 0
0 1 0 27.3 65.5 0 c26 0
0 1 0 27.3 65.5 0 c26 0
0 1 0 27.4 65.5 0 c26 0
0 1 0 27.3 65.5 0 c26 0
0 1 0 27.3 66.0 0 c26 0
0 1 0 27.3 66.0 0 c26 0
0 1 0 27.3 65.5 0 c26 0
0 1 0 27.3 66.0 0 c26 0
0 1 0 27.3 66.0 0 c26 0
0 1 0 27.3 65.5 0 c26 0
0 1 0 27.3 65.0 0 c26 0
0 1 0 27.2 65.0 0 c26 0
0 1 0 27.3 65.5 0 c26 0
0 1 0 27.2 65.5 0 c26 0
0 1 0 27.3 65.5 0 c26 0
0 1 0 27.3 65.0 0 c26 0
0 1 0 27.3 64.5 0 c26 0
0 1 0 27.3 65.0 0 c26 0
0 1 0 27.2 65.5 0 c26 0
0 1 0 27.2 65.0 0 c26 0
0 1 0 27.2 64.5 0 c26 0
0 1 0 27.2 64.5 0 c26 0
0 1 0 27.1 64.5 0 c26 0
0 1 0 27.2 64.5 0 c26 0
0 1 0 27.2 64.0 0 c26 0
0 1 0 27.2 64.0 0 c26 0
0 1 0 27.1 64.0 0 c26 0
0 1 0 27.2 64.0 0 c26 0
0 1 0 27.2 64.0 0 c26 0
0 1 0 27.1 64.0 0 c26 0
0 1 0 27.2 64.0 0 c26 0
0 1 0 27.2 64.0 0 c26 0
0 1 0 27.2 64.0 0 c26 0
0 1 0 27.1 64.0 0 c26 0
0 1 0 27.1 64.0 0 c26 0
0 1 0 27.2 64.0 0 c26 0
0 1 0 27.1 64.0 0 c26 0
0 1 0 27.2 64.5 0 c26 0
0 1 0 27.2 64.5 0 c26 0
0 1 0 27.1 64.0 0 c26 0
0 1 0 27.1 64.0 0 c26 0
0 1 0 27.1 63.5 0 c26 0
0 1 0 27.2 63.5 0 c26 0
0 1 0 27.1 64.0 0 c26 0
0 1 0 27.1 64.0 0 c26 0
0 1 0 27.0 63.5 0 c26 0
0 1 0 27.1 63.5 0 c26 0
0 1 0 27.1 63.0 0 c26 0
0 1 0 27.1 63.0 0 c26 0
0 1 0 27.1 63.0 0 c26 0
0 1 0 27.1 63.0 0 c26 0
0 1 0 27.1 63.0 0 c26 0
0 1 0 27.1 63.0 0 c26 0
0 1 0 27.0 63.0 0 c26 0
0 1 0 27.0 62.5 0 c26 0
0 1 0 27.1 63.0 0 c26 0
0 1 0 27.0 63.0 0 c26 0
0 1 0 27.1 63.5 0 c26 0
0 1 0 27.1 63.0 0 c26 0
0 1 0 27.1 62.5 0 c26 0
0 1 0 27.1 62.0 0 c26 0
0 1 0 27.0 62.5 0 c26 0
0 1 0 27.0 62.5 0 c26 0
0 1 0 27.0 62.0 0 c26 0
0 1 0 27.0 62.0 0 c26 0
0 1 0 27.0 62.0 0 c26 0
0 1 0 27.0 61.5 0 c26 0
0 1 0 27.0 61.5 0 c26 0
0 1 0 27.0 61.5 0 c26 0
0 1 0 26.9 61.5 0 c26 0
0 1 0 27.0 61.5 0 c26 0
0 1 0 27.0 61.5 0 c26 0
0 1 0 27.0 61.5 0 c26 0
0 1 0 27.0 61.5 0 c26 0
0 1 0 26.9 61.5 0 c26 0
0 1 0 27.0 61.0 0 c26 0
0 1 0 26.9 61.0 0 c26 0
0 1 0 26.9 61.0 0 c26 0
0 1 0 26.9 61.0 0 c26 0
0 1 0 26.9 61.0 0 c26 0
0 1 0 26.9 61.0 0 c26 0
0 1 0 27.0 61.0 0 c26 0
0 1 0 26.9 61.0 0 c26 0
0 1 0 26.9 61.0 0 c26 0
0 1 0 26.9 61.0 0 c26 0
0 1 0 26.9 61.0 0 c26 0
0 1 0 26.9 61.0 0 c26 0
0 1 0 26.9 61.0 0 c26 0
0 1 0 26.9 61.0 0 c26 0
0 1 0 26.9 61.0 0 c26 0
0 1 0 27.0 61.0 0 c26 0
0 1 0 26.9 61.0 0 c26 0
0 1 0 27.0 61.0 0 c26 0
0 1 0 27.0 61.0 0 c26 0
0 1 0 26.9 61.0 0 c26 0
0 1 0 27.0 62.0 0 c26 0
0 1 0 26.9 62.0 0 c26 0
0 1 0 27.0 61.5 0 c26 0
0 1 0 26.9 61.5 0 c26 0
0 1 0 26.9 61.5 0 c26 0
0 1 0 26.9 61.0 0 c26 0
0 1 0 26.9 61.5 0 c26 0
0 1 0 26.9 61.0 0 c26 0
0 1 0 27.0 61.0 0 c26 0
0 1 0 27.0 61.5 0 c26 0
0 1 0 27.0 62.0 0 c26 0
0 1 0 27.0 61.5 0 c26 0
0 1 0 27.0 61.5 0 c26 0
0 1 0 27.0 62.0 0 c26 0
0 1 0 27.0 62.0 0 c26 0
0 1 0 26.9 61.5 0 c26 0
0 1 0 26.9 61.5 0 c26 0
0 1 0 27.0 61.5 0 c26 0
0 1 0 27.0 61.5 0 c26 0
0 1 0 27.0 61.5 0 c26 0
0 1 0 26.9 61.5 0 c26 0
0 1 0 27.0 61.0 0 c26 0
0 1 0 27.0 61.0 0 c26 0
0 1 0 27.0 61.0 0 c26 0
0 1 0 27.0 61.0 0 c26 0
0 1 0 26.9 61.0 0 c26 0
0 1 0 26.9 61.0 0 c26 0
0 1 0 27.0 60.5 0 c26 0
0 1 0 26.9 61.0 0 c26 0
0 1 0 26.9 60.5 0 c26 0
0 1 0 26.9 60.5 0 c26 0
0 1 0 26.9 60.5 0 c26 0
0 1 0 26.9 60.5 0 c26 0
0 1 0 26.9 60.5 0 c26 0
0 1 0 26.9 60.5 0 c26 0
0 1 0 26.9 60.5 0 c26 0
0 1 0 26.9 60.5 0 c26 0
0 1 0 26.9 60.0 0 c26 0
0 1 0 26.9 60.0 0 c26 0
0 1 0 26.8 60.0 0 c26 0
0 1 0 26.8 60.0 0 c26 0
0 1 0 26.9 60.0 0 c26 0
0 1 0 26.9 59.5 0 c26 0
0 1 0 27.0 59.5 0 c26 0
0 1 0 26.9 59.5 0 c26 0
0 1 0 26.9 60.0 0 c26 0
0 1 0 26.9 60.0 0 c26 0
0 1 0 26.9 60.0 0 c26 0
0 1 0 26.9 60.0 0 c26 0
0 1 0 26.9 60.0 0 c26 0
0 1 0 26.9 60.0 0 c26 0
0 1 0 26.9 60.0 0 c26 0
0 1 0 26.8 60.0 0 c26 0
0 1 0 26.8 60.0 0 c26 0
0 1 0 26.8 59.5 0 c26 0
0 1 0 26.9 59.5 0 c26 0
0 1 0 26.9 59.5 0 c26 0
0 1 0 26.9 59.5 0 c26 0
0 1 0 26.9 59.0 0 c26 0
0 1 0 26.9 59.0 0 c26 0
0 1 0 26.8 59.0 0 c26 0
0 1 0 27.0 59.0 0 c26 0
0 1 0 26.8 59.0 0 c26 0
0 1 0 26.9 59.0 0 c26 0
0 1 0 26.9 59.0 0 c26 0
0 1 0 26.9 59.0 0 c26 0
0 1 0 26.8 59.0 0 c26 0
0 1 0 26.8 59.0 0 c26 0
0 1 0 26.9 59.0 0 c26 0
0 1 0 26.9 58.5 0 c26 0
0 1 0 26.8 58.5 0 c26 0
0 1 0 26.9 58.5 0 c26 0
0 1 0 26.9 58.5 0 c26 0
0 1 0 26.9 58.5 0 c26 0
0 1 0 26.8 58.5 0 c26 0
0 1 0 26.8 58.5 0 c26 0
0 1 0 26.9 58.5 0 c26 0
0 1 0 26.9 58.5 0 c26 0
0 1 0 26.9 58.5 0 c26 0
0 1 0 26.8 59.0 0 c26 0
0 1 0 26.8 58.5 0 c26 0
0 1 0 26.9 58.5 0 c26 0
0 1 0 26.9 58.5 0 c26 0
0 1 0 26.8 58.5 0 c26 0
0 1 0 26.9 58.5 0 c26 0
0 1 0 26.8 58.5 0 c26 0
0 1 0 26.8 58.5 0 c26 0
0 1 0 26.9 58.5 0 c26 0
0 1 0 26.8 58.5 0 c26 0
0 1 0 26.8 58.5 0 c26 0
0 1 0 26.9 58.5 0 c26 0
0 1 0 26.9 58.5 0 c26 0
0 1 0 26.9 58.5 0 c26 0
0 1 0 26.9 58.0 0 c26 0
0 1 0 26.9 58.5 0 c26 0
0 1 0 26.9 58.5 0 c26 0
0 1 0 26.9 58.5 0 c26 0
0 1 0 26.9 58.5 0 c26 0
0 1 0 26.9 58.5 0 c26 0
0 1 0 26.9 58.5 0 c26 0
0 1 0 26.8 58.5 0 c26 0
0 1 0 26.9 58.5 0 c26 0
0 1 0 26.9 58.5 0 c26 0
0 1 0 26.9 58.5 0 c26 0
0 1 0 26.8 58.5 0 c26 0
0 1 0 26.9 58.5 0 c26 0
0 1 0 26.9 58.5 0 c26 0
0 1 0 26.9 58.5 0 c26 0
0 1 0 26.9 58.5 0 c26 0
0 1 0 26.8 58.5 2 c26 0
0 1 0 26.9 58.5 2 c26 0
0 1 0 26.9 58.5 2 c26 0
0 1 0 26.9 58.5 2 c26 0
0 1 0 26.8 58.5 2 c26 0
0 1 0 26.8 58.5 2 c26 0
0 1 0 26.9 58.5 2 c26 0
0 1 0 26.9 58.5 2 c26 0
0 1 0 26.9 58.5 2 c26 0
0 1 0 27.0 58.5 2 c26 0
0 1 0 27.0 58.5 2 c26 0
0 1 0 26.9 59.0 2 c26 0
0 1 0 27.0 58.5 2 c26 0
0 1 0 27.0 59.0 2 c26 0
0 1 0 27.0 59.0 2 c26 0
0 1 0 27.0 59.0 2 c26 0
0 1 0 27.1 59.0 2 c26 0
0 1 0 27.1 59.0 2 c26 0
0 1 0 27.0 59.0 2 c26 0
0 1 0 27.0 59.0 2 c26 0
0 1 0 27.0 59.0 2 c26 0
0 1 0 27.0 59.0 2 c26 0
0 1 0 27.0 59.0 2 c26 0
0 1 0 27.1 59.0 2 c26 0
0 1 0 27.0 59.0 2 c26 0
0 1 0 27.1 59.0 2 c26 0
0 1 0 27.1 59.0 2 c26 0
0 1 0 27.0 59.5 2 c26 0
0 1 0 27.2 59.5 2 c26 0
0 1 0 27.0 59.5 2 c26 0
0 1 0 27.1 59.5 2 c26 0
0 1 0 27.1 59.0 2 c26 0
0 1 0 27.1 59.5 2 c26 0
0 1 0 27.1 59.5 2 c26 0
0 1 0 27.1 59.5 2 c26 0
0 1 0 27.1 59.5 2 c26 0
0 1 0 27.2 59.5 2 c26 0
0 1 0 27.2 59.5 2 c26 0
0 1 0 27.1 60.0 2 c26 0
0 1 0 27.1 60.0 2 c26 0
0 1 0 27.2 60.0 2 c26 0
0 1 0 27.2 60.0 2 c26 0
0 1 0 27.2 60.0 2 c26 0
0 1 0 27.3 60.0 2 c26 0
0 1 0 27.2 60.0 2 c26 0
0 1 0 27.3 60.0 2 c26 0
0 1 0 27.3 60.5 2 c26 0
0 1 0 27.4 60.5 2 c26 0
0 1 0 27.4 60.5 2 c26 0
0 1 0 27.4 61.0 2 c26 0
0 1 0 27.4 61.0 2 c26 0
0 1 0 27.3 61.0 2 c26 0
0 1 0 27.3 61.0 2 c26 0
0 1 0 27.4 61.0 2 c26 0
0 1 0 27.4 61.0 2 c26 0
0 1 0 27.4 61.0 2 c26 0
0 1 0 27.4 61.0 2 c26 0
0 1 0 27.4 61.0 2 c26 0
0 1 0 27.4 61.0 2 c26 0
0 1 0 27.4 61.0 2 c26 0
0 1 0 27.4 61.0 2 c26 0
0 1 0 27.4 61.0 2 c26 0
0 1 0 27.4 61.0 2 c26 0
0 1 0 27.4 61.0 2 c26 0
0 1 0 27.4 61.0 2 c26 0
0 1 0 27.4 61.0 2 c26 0
0 1 0 27.5 61.0 2 c26 0
0 1 0 27.4 61.0 2 c26 0
0 1 0 27.5 61.0 2 c26 0
0 1 0 27.5 61.0 2 c26 0
0 1 0 27.5 61.0 2 c26 0
0 1 0 27.6 61.0 2 c26 0
0 1 0 27.5 61.0 2 c26 0
0 1 0 27.5 61.5 2 c26 0
0 1 0 27.5 61.5 2 c26 0
0 1 0 27.6 61.5 2 c26 0
0 1 0 27.5 61.5 2 c26 0
0 1 0 27.6 61.5 2 c26 0
0 1 0 27.5 61.5 2 c26 0
0 1 0 27.6 61.5 2 c26 0
0 1 0 27.6 61.5 2 c26 0
0 1 0 27.7 61.5 2 c26 0
0 1 0 27.6 61.5 2 c26 0
0 1 0 27.6 61.5 2 c26 0
0 1 0 27.7 61.5 2 c26 0
0 1 0 27.6 62.0 2 c26 0
0 1 0 27.6 61.5 2 c26 0
0 1 0 27.7 61.5 2 c26 0
0 1 0 27.6 61.5 2 c26 0
0 1 0 27.7 61.5 2 c26 0
0 1 0 27.7 61.5 2 c26 0
0 1 0 27.7 62.0 2 c26 0
0 1 0 27.7 62.0 2 c26 0
0 1 0 27.7 62.0 2 c26 0
0 1 0 27.7 62.0 2 c26 0
0 1 0 27.7 62.0 2 c26 0
0 1 0 27.7 62.5 2 c26 0
0 1 0 27.8 62.5 2 c26 0
0 1 0 27.7 62.5 2 c26 0
0 1 0 27.8 62.5 2 c26 0
0 1 0 27.8 62.5 2 c26 0
0 1 0 27.8 62.5 2 c26 0
0 1 0 27.8 62.5 2 c26 0
0 1 0 27.8 62.5 2 c26 0
0 1 0 27.8 62.5 2 c26 0
