0 1 0 29.6 64.0 2 -1 0
0 1 0 29.8 64.0 2 -1 0
0 1 0 29.7 64.0 2 -1 0
0 1 0 29.7 64.0 2 -1 0
0 1 0 29.7 64.5 2 -1 0
0 1 0 29.7 64.5 2 -1 0
0 1 0 29.7 64.0 2 -1 0
0 1 0 29.7 64.0 2 -1 0
0 1 0 29.7 64.0 2 -1 0
0 1 0 29.8 64.0 2 -1 0
0 1 0 29.8 64.0 2 -1 0
0 1 0 29.8 64.0 2 -1 0
0 1 0 29.8 63.5 2 -1 0
0 1 0 29.9 63.5 2 -1 0
0 1 0 29.9 63.5 2 -1 0
0 1 0 29.8 63.5 2 -1 0
0 1 0 29.9 63.5 2 -1 0
0 1 0 29.9 63.5 2 -1 0
0 1 0 29.9 63.0 2 -1 0
0 1 0 30.0 63.0 2 -1 0
0 1 0 29.9 63.0 2 -1 0
0 1 0 30.0 63.0 2 -1 0
0 1 0 30.0 63.0 2 -1 0
0 1 0 30.0 63.0 2 -1 0
0 1 0 30.0 63.0 2 -1 0
0 1 0 30.0 63.0 2 -1 0
0 1 0 30.0 63.0 2 -1 0
0 1 0 30.0 63.0 2 -1 0
0 1 0 30.0 62.5 2 -1 0
0 1 0 30.1 62.5 2 -1 0
0 1 0 30.0 62.5 2 -1 0
0 1 0 30.1 62.5 2 -1 0
0 1 0 30.0 62.5 2 -1 0
0 1 0 30.1 62.5 2 -1 0
0 1 0 30.0 62.5 2 -1 0
0 1 0 30.0 62.5 2 -1 0
0 1 0 30.0 62.5 2 -1 0
0 1 0 30.1 62.5 2 -1 0
0 1 0 30.0 62.5 2 -1 0
0 1 0 30.1 62.5 2 -1 0
0 1 0 30.1 62.0 2 -1 0
0 1 0 30.1 62.0 2 -1 0
0 1 0 30.1 62.0 2 -1 0
0 1 0 30.1 62.0 2 -1 0
0 1 0 30.1 62.0 2 -1 0
0 1 0 30.1 62.5 2 -1 0
0 1 0 30.1 62.5 2 -1 0
0 1 0 30.2 62.5 2 -1 0
0 1 0 30.1 62.5 2 -1 0
0 1 0 30.2 62.5 2 -1 0
0 1 0 30.1 62.5 2 -1 0
0 1 0 30.2 62.5 2 -1 0
0 1 0 30.1 62.5 2 -1 0
0 1 0 30.2 62.5 2 -1 0
0 1 0 30.2 62.5 2 -1 0
0 1 0 30.2 62.5 2 -1 0
0 1 0 30.2 62.5 2 -1 0
0 1 0 30.2 62.5 2 -1 0
0 1 0 30.2 62.5 2 -1 0
0 1 0 30.2 62.0 2 -1 0
0 1 0 30.2 62.5 2 -1 0
0 1 0 30.2 62.5 2 -1 0
0 1 0 30.2 62.0 2 -1 0
0 1 0 30.2 62.0 2 -1 0
0 1 0 30.3 62.0 2 -1 0
0 1 0 30.2 62.0 2 -1 0
0 1 0 30.3 62.0 2 -1 0
0 1 0 30.2 62.0 2 -1 0
0 1 0 30.3 62.0 2 -1 0
0 1 0 30.3 62.0 2 -1 0
0 1 0 30.3 62.0 2 -1 0
0 1 0 30.3 62.0 2 -1 0
0 1 0 30.3 62.0 2 -1 0
0 1 0 30.3 62.0 2 -1 0
0 1 0 30.3 62.0 2 -1 0
0 1 0 30.3 62.0 2 -1 0
0 1 0 30.3 62.5 2 -1 0
0 1 0 30.3 62.5 2 -1 0
0 1 0 30.3 62.5 2 -1 0
0 1 0 30.3 62.5 2 -1 0
0 1 0 30.3 63.0 2 -1 0
0 1 0 30.3 63.0 2 -1 0
0 1 0 30.3 63.0 2 -1 0
0 1 0 30.3 63.0 2 -1 0
0 1 0 30.3 63.0 2 -1 0
0 1 0 30.4 63.0 2 -1 0
0 1 0 30.4 63.0 2 -1 0
0 1 0 30.4 63.0 2 -1 0
0 1 0 30.3 63.0 2 -1 0
0 1 0 30.4 63.0 2 -1 0
0 1 0 30.4 63.0 2 -1 0
0 1 0 30.4 63.0 2 -1 0
0 1 0 30.4 63.0 2 -1 0
0 1 0 30.4 63.0 2 -1 0
0 1 0 30.4 63.0 2 -1 0
0 1 0 30.4 63.0 2 -1 0
0 1 0 30.4 63.0 2 -1 0
0 1 0 30.5 63.5 2 -1 0
0 1 0 30.5 63.5 2 -1 0
0 1 0 30.4 63.5 2 -1 0
0 1 0 30.4 63.5 2 -1 0
0 1 0 30.4 63.5 2 -1 0
0 1 0 30.4 63.5 2 -1 0
0 1 0 30.4 64.0 2 -1 0
0 1 0 30.4 64.0 2 -1 0
0 1 0 30.4 63.5 2 -1 0
0 1 0 30.5 64.0 2 -1 0
0 1 0 30.4 63.5 2 -1 0
0 1 0 30.5 63.5 2 -1 0
0 1 0 30.4 63.5 2 -1 0
0 1 0 30.5 63.5 2 -1 0
0 1 0 30.6 63.5 2 -1 0
0 1 0 30.6 63.5 2 -1 0
0 1 0 30.5 63.5 2 -1 0
0 1 0 30.5 63.5 2 -1 0
0 1 0 30.6 63.5 2 -1 0
0 1 0 30.5 63.5 2 -1 0
0 1 0 30.5 63.5 2 -1 0
0 1 0 30.5 63.0 2 -1 0
0 1 0 30.5 63.5 2 -1 0
0 1 0 30.6 63.5 2 -1 0
0 1 0 30.6 63.5 2 -1 0
0 1 0 30.5 63.5 2 -1 0
0 1 0 30.6 63.5 2 -1 0
0 1 0 30.6 63.5 2 -1 0
0 1 0 30.6 63.5 2 -1 0
0 1 0 30.6 63.5 2 -1 0
0 1 0 30.5 63.0 2 -1 0
0 1 0 30.7 63.5 2 -1 0
0 1 0 30.6 63.5 2 -1 0
0 1 0 30.6 63.0 2 -1 0
0 1 0 30.6 63.0 2 -1 0
0 1 0 30.6 63.0 2 -1 0
0 1 0 30.6 63.0 2 -1 0
0 1 0 30.7 63.0 2 -1 0
0 1 0 30.6 63.0 2 -1 0
0 1 0 30.7 63.0 2 -1 0
0 1 0 30.6 63.0 2 -1 0
0 1 0 30.6 63.0 2 -1 0
0 1 0 30.7 63.0 2 -1 0
0 1 0 30.7 63.0 2 -1 0
0 1 0 30.7 63.0 2 -1 0
0 1 0 30.7 63.0 2 -1 0
0 1 0 30.7 63.0 2 -1 0
0 1 0 30.7 63.0 2 -1 0
0 1 0 30.7 63.0 2 -1 0
0 1 0 30.7 63.0 2 -1 0
0 1 0 30.6 63.0 2 -1 0
0 1 0 30.7 63.0 2 -1 0
0 1 0 30.7 63.0 2 -1 0
0 1 0 30.7 63.0 2 -1 0
0 1 0 30.6 63.0 2 -1 0
0 1 0 30.7 63.0 2 -1 0
0 1 0 30.6 63.0 2 -1 0
0 1 0 30.7 63.0 2 -1 0
0 1 0 30.7 63.0 2 -1 0
0 1 0 30.7 63.0 2 -1 0
0 1 0 30.7 63.0 2 -1 0
0 1 0 30.7 63.0 2 -1 0
0 1 0 30.8 63.0 2 -1 0
0 1 0 30.8 63.0 2 -1 0
0 1 0 30.8 63.0 2 -1 0
0 1 0 30.7 63.0 2 -1 0
0 1 0 30.7 63.0 2 -1 0
0 1 0 30.8 63.0 2 -1 0
0 1 0 30.7 63.0 2 -1 0
0 1 0 30.7 63.0 2 -1 0
0 1 0 30.8 63.5 2 -1 0
0 1 0 30.6 63.5 2 -1 0
0 1 0 30.7 63.5 2 -1 0
0 1 0 30.7 63.5 2 -1 0
0 1 0 30.7 64.0 2 -1 0
0 1 0 30.7 64.0 2 -1 0
0 1 0 30.7 64.0 2 -1 0
0 1 0 30.7 64.0 2 -1 0
0 1 0 30.7 64.5 2 -1 0
0 1 0 30.7 64.5 2 -1 0
0 1 0 30.7 65.0 2 -1 0
0 1 0 30.7 65.0 2 -1 0
0 1 0 30.7 65.0 2 -1 0
0 1 0 30.7 65.0 2 -1 0
0 1 0 30.6 65.5 2 -1 0
0 1 0 30.6 65.0 2 -1 0
0 1 0 30.7 65.0 2 -1 0
0 1 0 30.7 65.0 2 -1 0
0 1 0 30.7 65.0 2 -1 0
0 1 0 30.8 65.0 2 -1 0
0 1 0 30.8 65.0 2 -1 0
0 1 0 30.7 65.0 2 -1 0
0 1 0 30.8 64.5 2 -1 0
0 1 0 30.7 64.5 2 -1 0
0 1 0 30.8 65.0 2 -1 0
0 1 0 30.8 65.0 2 -1 0
0 1 0 30.8 65.0 2 -1 0
0 1 0 30.8 65.0 2 -1 0
0 1 0 30.8 65.0 2 -1 0
0 1 0 30.7 65.0 2 -1 0
0 1 0 30.8 65.5 2 -1 0
0 1 0 30.7 65.5 2 -1 0
0 1 0 30.7 65.5 2 -1 0
0 1 0 30.7 65.5 2 -1 0
0 1 0 30.8 65.5 2 -1 0
0 1 0 30.8 65.5 2 -1 0
0 1 0 30.7 65.5 2 -1 0
0 1 0 30.7 65.5 2 -1 0
0 1 0 30.7 65.5 2 -1 0
0 1 0 30.8 66.0 2 -1 0
0 1 0 30.8 66.0 2 -1 0
0 1 0 30.7 66.0 2 -1 0
0 1 0 30.7 66.5 2 -1 0
0 1 0 30.7 66.5 2 -1 0
0 1 0 30.6 66.5 2 -1 0
0 1 0 30.7 66.5 2 -1 0
0 1 0 30.7 66.5 2 -1 0
0 1 0 30.7 66.5 2 -1 0
0 1 0 30.7 66.5 2 -1 0
0 1 0 30.7 66.5 2 -1 0
0 1 0 30.6 67.0 2 -1 0
0 1 0 30.7 67.0 2 -1 0
0 1 0 30.6 67.0 2 -1 0
0 1 0 30.6 67.0 2 -1 0
0 1 0 30.7 66.5 2 -1 0
0 1 0 30.6 66.5 2 -1 0
0 1 0 30.6 66.5 2 -1 0
0 1 0 30.6 66.5 2 -1 0
0 1 0 30.7 66.5 2 -1 0
0 1 0 30.6 66.0 2 -1 0
0 1 0 30.7 66.0 2 -1 0
0 1 0 30.7 66.0 2 -1 0
0 1 0 30.8 66.0 2 -1 0
0 1 0 30.7 66.0 2 -1 0
0 1 0 30.8 66.0 2 -1 0
0 1 0 30.7 66.0 2 -1 0
0 1 0 30.7 66.0 2 -1 0
0 1 0 30.7 65.5 2 -1 0
0 1 0 30.8 65.5 2 -1 0
0 1 0 30.8 65.5 2 -1 0
0 1 0 30.8 65.5 2 -1 0
0 1 0 30.8 65.5 2 -1 0
0 1 0 30.8 65.5 2 -1 0
0 1 0 30.8 65.5 2 -1 0
0 1 0 30.8 65.5 2 -1 0
0 1 0 30.8 65.5 2 -1 0
0 1 0 30.8 65.5 2 -1 0
0 1 0 30.8 65.5 2 -1 0
0 1 0 30.8 65.5 2 -1 0
0 1 0 30.8 65.5 2 -1 0
0 1 0 30.8 65.5 2 -1 0
0 1 0 30.8 65.5 2 -1 0
0 1 0 30.8 65.5 2 -1 0
0 1 0 30.8 65.0 2 -1 0
0 1 0 30.8 65.5 2 -1 0
0 1 0 30.9 65.0 2 -1 0
0 1 0 30.8 65.0 2 -1 0
0 1 0 30.8 65.0 2 -1 0
0 1 0 30.8 65.0 2 -1 0
0 1 0 30.9 65.0 2 -1 0
0 1 0 30.9 65.0 2 -1 0
0 1 0 30.8 65.0 2 -1 0
0 1 0 30.8 65.0 2 -1 0
0 1 0 30.9 65.0 2 -1 0
0 1 0 30.8 65.0 2 -1 0
0 1 0 30.8 65.0 2 -1 0
0 1 0 30.8 65.0 2 -1 0
0 1 0 30.8 65.0 2 -1 0
0 1 0 30.8 65.0 2 -1 0
0 1 0 30.9 65.0 2 -1 0
0 1 0 30.8 65.0 2 -1 0
0 1 0 30.9 65.0 2 -1 0
0 1 0 30.9 64.5 2 -1 0
0 1 0 30.9 64.5 2 -1 0
0 1 0 30.9 64.5 2 -1 0
0 1 0 30.9 64.5 2 -1 0
0 1 0 30.9 64.5 2 -1 0
0 1 0 30.9 64.5 2 -1 0
0 1 0 30.9 64.5 2 -1 0
0 1 0 30.9 64.0 2 -1 0
0 1 0 30.9 64.0 2 -1 0
0 1 0 31.0 64.0 2 -1 0
0 1 0 31.0 64.0 2 -1 0
0 1 0 30.9 64.0 2 -1 0
0 1 0 30.9 64.0 2 -1 0
0 1 0 31.0 64.0 2 -1 0
0 1 0 31.0 64.0 2 -1 0
0 1 0 31.0 63.5 2 -1 0
0 1 0 31.0 63.5 2 -1 0
0 1 0 31.0 63.5 2 -1 0
0 1 0 31.0 63.5 2 -1 0
0 1 0 30.9 63.5 2 -1 0
0 1 0 30.9 63.5 2 -1 0
0 1 0 31.0 64.0 2 -1 0
0 1 0 31.0 64.0 2 -1 0
0 1 0 31.0 64.0 2 -1 0
0 1 0 31.0 64.0 2 -1 0
0 1 0 30.9 64.0 2 -1 0
0 1 0 30.9 64.0 2 -1 0
0 1 0 30.9 64.5 2 -1 0
0 1 0 30.9 64.5 2 -1 0
0 1 0 30.9 64.5 2 -1 0
0 1 0 30.8 65.0 2 -1 0
0 1 0 30.8 65.0 2 -1 0
0 1 0 30.8 65.5 2 -1 0
0 1 0 30.8 65.5 2 -1 0
0 1 0 30.9 65.5 2 -1 0
0 1 0 30.8 65.5 2 -1 0
0 1 0 30.7 65.5 2 -1 0
0 1 0 30.7 65.5 2 -1 0
0 1 0 30.8 65.5 2 -1 0
0 1 0 30.7 65.5 2 -1 0
0 1 0 30.8 65.5 2 -1 0
0 1 0 30.8 65.5 2 -1 0
0 1 0 30.7 65.5 2 -1 0
0 1 0 30.8 65.5 2 -1 0
0 1 0 30.8 65.5 2 -1 0
0 1 0 30.8 65.5 2 -1 0
0 1 0 30.8 65.5 1 -1 0
0 1 0 30.8 65.0 1 -1 0
0 1 0 30.9 65.0 1 -1 0
0 1 0 30.9 65.0 1 -1 0
0 1 0 30.9 65.0 1 -1 0
0 1 0 30.9 65.0 1 -1 0
0 1 0 30.9 65.0 1 -1 0
0 1 0 31.0 65.0 1 -1 0
0 1 0 31.0 64.5 1 -1 0
0 1 0 30.9 64.5 1 -1 0
0 1 0 31.0 64.5 1 -1 0
0 1 0 31.0 65.0 1 -1 0
0 1 0 30.9 65.0 1 -1 0
0 1 0 30.9 65.5 1 -1 0
0 1 0 30.9 65.5 1 -1 0
0 1 0 31.0 65.5 1 -1 0
0 1 0 30.8 65.5 1 -1 0
0 1 0 30.9 65.5 1 -1 0
0 1 0 30.8 65.5 1 -1 0
0 1 0 30.9 65.5 1 -1 0
0 1 0 31.0 65.5 1 -1 0
0 1 0 30.9 65.5 1 -1 0
0 1 0 30.8 65.5 1 -1 0
0 1 0 30.9 65.5 1 -1 0
0 1 0 30.9 65.5 1 -1 0
0 1 0 31.0 65.5 1 -1 0
0 1 0 30.9 65.5 0 -1 0
0 1 0 31.0 65.5 0 -1 0
0 1 0 31.0 65.5 0 -1 0
0 1 0 31.0 65.5 0 -1 0
0 1 0 31.0 65.5 0 -1 0
0 1 0 31.0 65.0 0 -1 0
0 1 0 31.0 65.5 0 -1 0
0 1 0 31.0 65.5 0 -1 0
0 1 0 31.0 65.5 0 -1 0
0 1 0 31.0 65.5 2 -1 0
0 1 0 31.0 65.5 2 -1 0
0 1 0 31.0 65.5 2 -1 0
0 1 0 30.9 65.5 2 -1 0
0 1 0 30.9 65.5 3 -1 0
0 1 0 30.9 65.5 1 -1 0
0 1 0 30.8 65.5 1 -1 0
0 1 0 30.9 66.0 1 -1 0
0 1 0 30.9 66.0 2 -1 0
0 1 0 30.9 65.5 2 -1 0
0 1 0 30.9 65.5 2 -1 0
0 1 0 30.9 65.5 2 -1 0
0 1 0 31.0 65.5 2 -1 0
0 1 0 30.9 65.5 4 -1 0
0 1 0 30.9 65.5 4 -1 0
0 1 0 30.9 65.5 1 -1 0
0 1 0 31.0 65.0 1 -1 0
0 1 0 31.0 65.0 1 -1 0
0 1 0 31.0 65.0 2 -1 0
0 1 0 31.0 65.0 2 -1 0
0 1 0 31.0 65.0 2 -1 0
0 1 0 31.0 65.0 2 -1 0
0 1 0 31.0 65.0 2 -1 0
0 1 0 31.0 65.0 4 -1 0
0 1 0 31.0 65.0 4 -1 0
0 1 0 31.0 65.0 4 -1 0
0 1 0 31.0 65.0 4 -1 0
0 1 0 31.0 65.0 4 -1 0
0 1 0 31.0 65.0 4 -1 0
0 1 0 31.1 65.0 4 -1 0
0 1 0 31.0 64.5 4 -1 0
0 1 0 31.0 64.5 4 -1 0
0 1 0 31.1 64.5 4 -1 0
0 1 0 31.1 64.5 4 -1 0
0 1 0 31.1 64.5 4 -1 0
0 1 0 31.1 64.5 4 -1 0
0 1 0 31.0 64.5 4 -1 0
0 1 0 31.1 64.5 3 -1 0
0 1 0 31.1 64.5 3 -1 0
0 1 0 31.1 64.5 5 -1 0
0 1 0 31.0 64.5 5 -1 0
0 1 0 31.1 64.5 5 -1 0
0 1 0 31.1 64.5 7 -1 0
0 1 0 31.1 64.5 7 -1 0
0 1 0 31.0 64.5 3 -1 0
0 1 0 31.1 64.5 5 -1 0
0 1 0 31.0 64.5 5 -1 0
0 1 0 31.0 64.5 5 -1 0
0 1 0 31.1 64.5 7 -1 0
0 1 0 31.0 64.5 7 -1 0
0 1 0 31.1 65.0 7 -1 0
0 1 0 31.0 65.0 7 -1 0
0 1 0 31.1 65.0 7 -1 0
0 1 0 31.1 65.5 7 -1 0
0 1 0 31.0 65.5 7 -1 0
0 1 0 31.0 65.5 7 -1 0
0 1 0 31.0 66.0 7 -1 0
0 1 0 31.0 66.0 9 -1 0
0 1 0 30.9 66.0 9 -1 0
0 1 0 30.9 66.5 9 -1 0
0 1 0 30.9 66.5 9 -1 0
0 1 0 31.0 66.5 7 -1 0
0 1 0 30.9 67.0 7 -1 0
0 1 0 31.0 66.5 7 -1 0
0 1 0 31.0 66.5 7 -1 0
0 1 0 30.9 66.5 7 -1 0
0 1 0 31.0 66.5 7 -1 0
0 1 0 31.0 66.5 7 -1 0
0 1 0 31.0 67.0 7 -1 0
0 1 0 30.9 67.0 7 -1 0
0 1 0 31.0 67.0 7 -1 0
0 1 0 31.0 67.0 7 -1 0
0 1 0 30.9 67.5 7 -1 0
0 1 0 31.0 67.5 7 -1 0
0 1 0 30.9 67.5 9 -1 0
0 1 0 30.9 67.5 9 -1 0
0 1 0 30.9 67.5 9 -1 0
0 1 0 30.9 67.5 9 -1 0
0 1 0 30.9 67.5 9 -1 0
0 1 0 31.0 67.5 7 -1 0
0 1 0 31.0 67.5 7 -1 0
0 1 0 31.0 67.0 7 -1 0
0 1 0 31.0 67.0 7 -1 0
0 1 0 30.9 67.0 7 -1 0
0 1 0 31.0 67.0 7 -1 0
0 1 0 31.0 67.0 7 -1 0
0 1 0 31.1 67.0 9 -1 0
0 1 0 31.0 67.0 9 -1 0
0 1 0 31.0 67.0 9 -1 0
0 1 0 31.0 67.0 9 -1 0
0 1 0 31.0 66.5 11 -1 0
0 1 0 31.0 66.5 11 -1 0
0 1 0 31.0 66.5 10 -1 0
0 1 0 31.0 66.5 10 -1 0
0 1 0 31.0 66.5 12 -1 0
0 1 0 31.0 66.0 12 -1 0
0 1 0 31.0 66.0 14 -1 0
0 1 0 31.0 66.0 10 -1 0
0 1 0 31.0 66.0 12 -1 0
0 1 0 31.0 65.5 12 -1 0
0 1 0 31.0 65.5 14 -1 0
0 1 0 30.9 65.5 12 -1 0
0 1 0 31.0 65.5 16 -1 0
0 1 0 30.9 65.5 15 -1 0
0 1 0 31.0 65.0 15 -1 0
0 1 0 30.9 65.0 19 -1 0
0 1 0 30.9 65.0 23 -1 0
0 1 0 30.9 65.0 24 -1 0
0 1 0 30.9 65.0 26 -1 0
0 1 0 30.9 65.5 28 -1 0
0 1 0 30.9 65.0 31 -1 0
0 1 0 30.9 65.0 33 -1 0
0 1 0 30.9 65.0 34 -1 0
0 1 0 30.9 64.5 39 -1 0
0 1 0 30.8 64.5 44 -1 0
0 1 0 30.8 65.0 44 -1 0
0 1 0 30.8 64.5 43 -1 0
0 1 0 30.7 64.5 41 -1 0
0 1 0 30.9 64.5 43 -1 0
0 1 0 30.8 64.0 48 -1 0
0 1 0 30.8 63.5 48 -1 0
0 1 0 30.8 63.5 46 -1 0
0 1 0 30.8 63.0 46 -1 0
0 1 0 30.8 63.5 44 -1 0
0 1 0 30.8 63.5 39 -1 0
0 1 0 30.8 63.5 36 -1 0
0 1 0 30.8 63.5 36 -1 0
0 1 0 30.8 63.5 34 -1 0
0 1 0 30.8 63.5 32 -1 0
0 1 0 30.8 63.0 35 -1 0
0 1 0 30.8 63.5 35 -1 0
0 1 0 30.7 63.5 35 -1 0
0 1 0 30.8 63.0 34 -1 0
0 1 0 30.8 63.0 35 -1 0
0 1 0 30.8 63.0 33 -1 0
0 1 0 30.8 63.0 31 -1 0
0 1 0 30.8 62.5 31 -1 0
0 1 0 30.8 62.5 31 -1 0
0 1 0 30.8 62.5 31 -1 0
0 1 0 30.8 62.5 31 -1 0
0 1 0 30.8 62.5 35 -1 0
0 1 0 30.7 62.5 33 -1 0
0 1 0 30.8 63.0 31 -1 0
0 1 0 30.8 63.0 31 -1 0
0 1 0 30.8 63.0 29 -1 0
0 1 0 30.8 63.0 31 -1 0
0 1 0 30.8 63.0 29 -1 0
0 1 0 30.8 63.0 29 -1 0
0 1 0 30.8 62.5 29 -1 0
0 1 0 30.8 63.0 29 -1 0
0 1 0 30.8 63.0 29 -1 0
0 1 0 30.8 63.0 28 -1 0
0 1 0 30.7 63.0 26 -1 0
0 1 0 30.8 63.0 26 -1 0
0 1 0 30.7 63.0 24 -1 0
0 1 0 30.8 63.0 24 -1 0
0 1 0 30.8 63.0 24 -1 0
0 1 0 30.8 63.0 26 -1 0
0 1 0 30.7 62.5 28 -1 0
0 1 0 30.7 63.0 31 -1 0
0 1 0 30.7 63.0 29 -1 0
0 1 0 30.7 62.5 29 -1 0
0 1 0 30.8 63.0 29 -1 0
0 1 0 30.7 63.0 31 -1 0
0 1 0 30.8 63.5 31 -1 0
0 1 0 30.7 63.0 31 -1 0
0 1 0 30.7 63.5 31 -1 0
0 1 0 30.8 63.5 31 -1 0
0 1 0 30.8 63.5 31 -1 0
0 1 0 30.8 63.0 35 -1 0
0 1 0 30.8 63.5 40 -1 0
0 1 0 30.8 63.5 41 -1 0
0 1 0 30.7 63.5 41 -1 0
0 1 0 30.8 63.5 38 -1 0
0 1 0 30.8 63.5 36 -1 0
0 1 0 30.8 63.5 36 -1 0
0 1 0 30.8 64.0 40 -1 0
0 1 0 30.8 64.0 38 -1 0
0 1 0 30.7 63.5 38 -1 0
0 1 0 30.8 63.5 36 -1 0
0 1 0 30.8 63.5 42 -1 0
0 1 0 30.8 64.0 46 -1 0
0 1 0 30.8 64.0 45 -1 0
0 1 0 30.7 64.0 43 -1 0
0 1 0 30.8 64.0 36 -1 0
0 1 0 30.8 64.0 35 -1 0
0 1 0 30.8 64.5 33 -1 0
0 1 0 30.8 64.0 35 -1 0
0 1 0 30.8 64.0 36 -1 0
0 1 0 30.8 64.0 39 -1 0
0 1 0 30.8 64.0 39 -1 0
0 1 0 30.8 64.0 45 -1 0
0 1 0 30.9 64.0 43 -1 0
0 1 0 30.8 64.0 41 -1 0
0 1 0 30.8 64.0 46 -1 0
0 1 0 30.9 63.5 48 -1 0
0 1 0 30.9 63.5 49 -1 0
0 1 0 30.9 64.0 55 -1 0
0 1 0 30.8 64.0 56 -1 0
0 1 0 30.8 64.0 55 -1 0
0 1 0 30.9 64.0 53 -1 0
0 1 0 30.8 64.0 51 -1 0
0 1 0 30.9 64.0 53 -1 0
0 1 0 30.9 64.0 55 -1 0
0 1 0 30.9 64.0 57 -1 0
0 1 0 30.9 64.0 59 -1 0
0 1 0 30.9 64.0 57 -1 0
0 1 0 30.9 64.0 60 -1 0
0 1 0 30.9 64.0 62 -1 0
0 1 0 31.0 64.0 63 -1 0
0 1 0 30.9 64.0 61 -1 0
0 1 0 30.9 64.0 62 -1 0
0 1 0 31.0 64.0 60 -1 0
0 1 0 30.9 64.0 57 -1 0
0 1 0 30.9 64.0 59 -1 0
0 1 0 31.0 64.0 57 -1 0
0 1 0 31.0 63.5 57 -1 0
0 1 0 30.9 63.5 55 -1 0
0 1 0 31.0 63.0 55 -1 0
0 1 0 30.9 62.5 53 -1 0
0 1 0 30.9 62.5 50 -1 0
0 1 0 30.9 62.0 50 -1 0
0 1 0 30.9 61.5 50 -1 0
0 1 0 31.0 61.5 50 -1 0
0 1 0 30.9 61.5 52 -1 0
0 1 0 30.9 61.5 50 -1 0
0 1 0 30.9 62.0 50 -1 0
0 1 0 30.9 62.5 46 -1 0
0 1 0 30.9 62.5 55 -1 0
1 1 1 30.9 62.0 54 -1 0
1 1 12 30.9 60.5 62 -1 0
1 1 39 30.7 57.5 61 -1 1
1 1 31 30.7 57.0 60 -1 1
1 1 27 30.6 56.5 56 -1 1
1 1 7 30.5 56.0 56 -1 1
1 1 20 30.5 55.5 54 -1 1
1 1 17 30.4 55.0 58 -1 1
1 1 24 30.3 54.5 56 -1 1
1 1 41 30.2 54.0 60 -1 1
1 1 36 30.1 53.0 56 -1 1
1 1 31 29.9 51.5 56 c25 1
1 1 16 29.6 51.5 56 c26 1
1 1 42 29.3 52.5 51 c26 1
1 1 21 29.2 52.0 52 c26 1
1 1 25 29.1 52.0 52 c26 1
1 1 46 29.0 52.0 56 c26 1
1 1 22 28.8 52.5 58 c26 1
1 1 1 28.7 52.0 56 c26 1
1 1 5 28.6 52.0 56 c26 1
1 1 0 28.6 52.5 58 c26 1
1 1 2 28.4 52.5 58 c26 1
1 1 0 28.4 51.5 56 c26 1
1 1 1 28.3 51.5 56 c26 1
1 1 0 28.2 51.0 53 c26 1
1 1 0 28.1 50.5 53 c26 1
1 1 1 28.0 51.0 51 c26 1
1 1 0 27.9 51.0 55 c26 1
1 1 0 27.9 51.5 58 c26 1
1 1 2 27.8 50.5 56 c26 1
1 1 0 27.8 51.0 60 c26 1
1 1 0 27.7 50.5 55 c26 1
1 1 0 27.5 50.5 51 c26 1
1 1 4 27.5 51.0 53 c26 1
1 1 2 27.5 51.0 56 c26 1
1 1 1 27.6 51.5 56 c26 1
1 1 0 27.5 52.0 56 c26 1
1 1 0 27.5 52.0 56 c26 1
1 1 3 27.4 52.0 55 c26 1
1 1 0 27.4 52.5 53 c26 1
1 1 0 27.4 53.0 53 c26 1
1 1 0 27.4 53.0 58 c26 1
1 1 0 27.3 53.0 61 c26 1
1 1 0 27.3 52.5 61 c26 1
1 1 1 27.3 52.5 56 c26 1
1 1 0 27.2 52.0 59 c26 1
1 1 0 27.2 52.5 58 c26 1
1 1 2 27.2 53.0 53 c26 1
1 1 2 27.2 53.5 53 c26 1
1 1 0 27.3 54.5 51 c26 1
1 1 0 27.3 54.0 55 c26 1
1 1 3 27.2 54.0 51 c26 1
1 1 3 27.1 53.5 55 c26 1
1 1 14 27.0 53.0 56 c26 1
1 1 10 27.0 52.5 56 c26 1
1 1 9 26.9 52.0 58 c26 1
1 1 1 26.8 51.5 58 c26 1
1 1 0 26.7 51.5 54 c26 1
1 1 0 26.8 51.5 60 c26 1
1 1 0 26.7 51.5 60 c26 1
1 1 10 26.7 51.0 59 c26 1
1 1 0 26.6 51.0 60 c26 1
1 1 1 26.6 51.5 58 c26 1
1 1 0 26.7 51.5 56 c26 1
1 1 0 26.6 51.0 56 c26 1
1 1 0 26.6 51.0 53 c26 1
1 1 0 26.6 51.0 53 c26 1
1 1 0 26.5 52.0 53 c26 1
1 1 5 26.6 52.0 53 c26 1
1 1 14 26.6 52.0 58 c26 1
1 1 0 26.5 52.0 54 c26 1
1 1 1 26.5 51.5 56 c26 1
1 1 0 26.4 51.5 56 c26 1
1 1 0 26.3 51.5 54 c26 1
1 1 4 26.3 51.5 54 c26 1
1 1 3 26.3 52.0 54 c26 1
1 1 3 26.3 52.5 56 c26 1
1 1 4 26.4 52.5 56 c26 1
1 1 1 26.4 53.0 58 c26 1
1 1 2 26.4 53.0 58 c26 1
1 1 14 26.4 53.5 58 c26 1
1 1 0 26.3 53.0 58 c26 1
1 1 0 26.3 53.0 58 c26 1
1 1 21 26.3 53.0 54 c26 1
1 1 11 26.3 53.0 58 c26 1
1 1 13 26.2 53.0 58 c26 1
1 1 8 26.2 53.0 58 c26 1
1 1 12 26.2 53.0 58 c26 1
1 1 27 26.3 53.0 60 c26 1
1 1 29 26.2 53.5 60 c26 1
1 1 12 26.2 53.5 61 c26 1
1 1 11 26.2 53.5 63 c26 1
1 1 14 26.2 53.5 59 c26 1
1 1 8 26.2 53.5 57 c26 1
1 1 9 26.2 53.5 57 c26 1
1 1 37 26.2 53.0 57 c26 1
1 1 11 26.1 53.0 57 c26 1
1 1 18 26.1 53.5 55 c26 1
1 1 8 26.1 54.0 56 c26 1
1 1 26 26.1 54.5 56 c26 1
1 1 20 26.3 55.0 54 c26 1
1 1 9 26.4 55.5 54 c26 1
1 1 39 26.4 56.0 58 c26 1
1 1 17 26.5 56.0 54 c26 1
1 1 13 26.5 56.0 54 c26 1
1 1 3 26.5 56.5 54 c26 1
1 1 0 26.4 56.0 56 c26 1
1 1 2 26.4 56.0 56 c26 1
1 1 0 26.3 56.0 56 c26 1
1 1 1 26.3 55.5 54 c26 1
1 1 1 26.2 55.5 54 c26 1
1 1 0 26.2 55.5 54 c26 1
1 1 10 26.3 55.5 54 c26 1
1 1 3 26.2 55.5 56 c26 1
1 1 2 26.2 55.5 54 c26 1
1 1 0 26.3 55.5 54 c26 1
1 1 8 26.3 55.5 54 c26 1
1 1 37 26.3 55.5 56 c26 1
1 1 16 26.3 55.5 56 c26 1
1 1 0 26.2 55.5 54 c26 1
1 1 8 26.2 55.5 54 c26 1
1 1 37 26.2 55.5 52 c26 1
1 1 27 26.2 55.5 56 c26 1
1 1 38 26.2 55.5 52 c26 1
1 1 10 26.2 55.0 54 c26 1
1 1 7 26.2 55.0 51 c26 1
1 1 14 26.2 55.0 51 c26 1
1 1 17 26.2 55.5 53 c26 1
1 1 12 26.2 55.0 53 c26 1
1 1 3 26.2 54.5 53 c26 1
1 1 1 26.1 54.5 56 c26 1
1 1 0 26.1 54.0 54 c26 1
1 1 1 26.0 54.5 52 c26 1
1 1 1 26.1 55.0 53 c26 1
1 1 7 26.1 55.0 51 c26 1
1 1 0 26.2 55.0 51 c26 1
1 1 2 26.2 55.0 47 c26 1
1 1 1 26.2 56.5 45 c26 1
1 1 0 26.4 57.5 44 c26 1
1 1 25 26.5 57.0 44 c26 1
1 1 49 26.5 57.0 44 c26 1
1 1 22 26.5 57.0 44 c26 1
1 1 22 26.6 57.0 44 c26 1
1 1 0 26.5 56.5 47 c26 1
1 1 0 26.3 56.0 49 c26 1
1 1 7 26.3 56.0 51 c26 1
1 1 9 26.2 56.0 49 c26 1
1 1 13 26.2 55.5 50 c26 1
1 1 0 26.2 55.0 52 c26 1
1 1 1 26.1 55.0 52 c26 1
1 1 0 26.1 55.0 52 c26 1
1 1 5 26.1 54.5 50 c26 1
1 1 8 25.9 54.0 52 c26 1
1 1 7 25.9 54.0 51 c26 1
1 1 0 25.9 54.0 49 c26 1
1 1 2 25.8 54.5 49 c26 1
1 1 7 25.8 54.5 51 c26 1
1 1 12 25.8 55.0 53 c26 1
1 1 14 25.9 55.0 51 c26 1
1 1 2 26.0 56.0 46 c26 1
1 1 0 26.1 56.0 43 c26 1
1 1 0 26.2 56.0 41 c26 1
1 1 2 26.2 56.5 36 c26 1
1 1 7 26.2 56.5 34 c26 1
1 1 2 26.0 56.5 36 c26 1
1 1 5 26.0 57.0 36 c26 1
1 1 7 26.0 57.0 38 c26 1
1 1 2 26.0 57.0 39 c26 1
1 1 1 25.9 56.5 39 c26 1
1 1 1 25.9 56.5 39 c26 1
1 1 5 25.8 57.0 41 c26 1
1 1 2 25.9 57.0 43 c26 1
1 1 4 25.9 57.0 41 c26 1
1 1 1 26.0 57.0 43 c26 1
1 1 2 26.0 57.0 40 c26 1
1 1 3 26.0 58.0 42 c26 1
1 1 0 26.0 58.0 42 c26 1
1 1 0 26.1 58.0 46 c26 1
1 1 4 26.1 58.5 44 c26 1
1 1 7 26.1 58.0 46 c26 1
1 1 6 26.2 59.5 47 c26 1
1 1 0 26.2 60.0 52 c26 1
1 1 2 26.3 58.5 51 c26 1
1 1 4 26.3 58.5 53 c26 1
1 1 5 26.3 58.5 52 c26 1
1 1 4 26.3 59.0 54 c26 1
1 1 0 26.3 59.5 56 c26 1
1 1 4 26.5 61.0 54 c26 1
1 1 12 26.5 60.5 52 c26 1
1 1 0 26.5 59.5 52 c26 1
1 1 0 26.5 59.5 51 c26 1
1 1 0 26.4 59.5 49 c26 1
1 1 28 26.4 59.5 47 c26 1
1 1 10 26.4 59.5 47 c26 1
1 1 11 26.4 59.5 47 c26 1
1 1 0 26.4 59.0 49 c26 1
1 1 0 26.4 59.0 47 c26 1
1 1 2 26.4 59.0 51 c26 1
1 1 18 26.5 60.0 50 c26 1
1 1 9 26.5 60.0 50 c26 1
1 1 14 26.6 59.5 48 c26 1
1 1 5 26.6 60.0 49 c26 1
1 1 0 26.7 61.0 47 c26 1
1 1 2 26.7 60.0 45 c26 1
1 1 3 26.7 60.0 47 c26 1
1 1 9 26.7 60.0 47 c26 1
1 1 3 26.8 61.0 47 c26 1
1 1 0 26.9 60.5 42 c26 1
1 1 1 26.9 60.0 48 c26 1
1 1 8 26.8 59.5 44 c26 1
1 1 6 26.8 59.0 44 c26 1
1 1 8 26.7 59.0 44 c26 1
1 1 12 26.6 59.5 46 c26 1
1 1 2 26.6 60.5 46 c26 1
1 1 5 26.8 59.5 44 c26 1
1 1 25 26.8 59.5 47 c26 1
1 1 0 26.8 59.5 49 c26 1
1 1 0 26.9 60.5 44 c26 1
1 1 22 27.0 60.5 48 c26 1
1 1 2 27.0 61.0 48 c26 1
1 1 0 27.1 61.5 50 c26 1
1 1 0 27.2 62.0 50 c26 1
1 1 0 27.3 61.5 50 c26 1
1 1 0 27.3 60.5 45 c26 1
1 1 0 27.3 61.5 46 c26 1
1 1 3 27.3 62.0 47 c26 1
1 1 1 27.4 62.0 46 c26 1
1 1 0 27.4 62.0 48 c26 1
1 1 0 27.5 62.0 45 c26 1
1 1 1 27.5 61.5 45 c26 1
1 1 0 27.6 60.5 43 c26 1
1 1 0 27.5 61.5 47 c26 1
1 1 0 27.5 62.0 44 c26 1
1 1 0 27.6 62.0 47 c26 1
1 1 1 27.7 62.0 47 c26 1
1 1 0 27.6 60.5 43 c26 1
1 1 0 27.6 60.5 45 c26 1
1 1 0 27.6 61.5 43 c26 1
1 1 0 27.6 61.5 47 c26 1
1 1 0 27.7 62.0 47 c26 1
1 1 0 27.7 62.0 47 c26 1
1 1 0 27.7 61.5 47 c26 1
1 1 0 27.7 61.0 47 c26 1
1 1 0 27.7 61.0 47 c26 1
1 1 0 27.7 60.5 49 c26 1
1 1 0 27.7 61.5 47 c26 1
1 1 0 27.8 61.5 43 c26 1
1 1 0 27.8 63.0 45 c26 1
1 1 0 27.9 62.5 45 c26 1
1 1 3 27.9 60.5 43 c26 1
1 1 0 27.9 61.0 43 c26 1
1 1 0 27.9 61.5 45 c26 1
1 1 0 27.9 61.5 43 c26 1
1 1 0 27.9 62.5 43 c26 1
1 1 3 27.9 62.0 45 c26 1
1 1 0 28.0 62.0 47 c26 1
1 1 0 28.0 61.0 43 c26 1
1 1 0 27.9 60.0 43 c26 1
1 1 6 27.7 60.0 43 c26 1
1 1 0 27.8 62.0 45 c26 1
1 1 0 27.8 62.0 45 c26 1
1 1 0 27.9 62.0 47 c26 1
1 1 0 28.0 62.0 45 c26 1
1 1 0 27.9 61.0 43 c26 1
1 1 0 27.9 61.0 44 c26 1
1 1 0 27.9 61.5 46 c26 1
1 1 0 28.0 61.5 44 c26 1
1 1 0 28.0 61.5 43 c26 1
1 1 1 28.0 61.5 41 c26 1
1 1 0 28.0 60.5 47 c26 1
1 1 0 28.0 61.0 45 c26 1
1 1 0 27.9 60.5 43 c26 1
1 1 0 27.9 59.5 45 c26 1
1 1 7 27.8 58.5 43 c26 1
1 1 0 27.7 60.0 47 c26 1
1 1 0 27.8 61.0 40 c26 1
1 1 0 27.7 61.0 41 c26 1
1 1 0 27.7 61.0 41 c26 1
1 1 6 27.9 61.5 37 c26 1
1 1 8 27.9 62.0 46 c26 1
1 1 6 28.0 61.5 46 c26 1
1 1 0 27.9 61.5 47 c26 1
1 1 2 27.9 60.0 43 c26 1
1 1 3 27.9 61.0 47 c26 1
1 1 0 27.9 61.5 42 c26 1
1 1 2 27.9 62.0 45 c26 1
1 1 0 27.9 61.5 47 c26 1
1 1 0 27.9 62.0 47 c26 1
1 1 0 27.9 61.5 47 c26 1
1 1 0 27.9 61.0 44 c26 1
1 1 0 27.9 61.0 41 c26 1
1 1 0 27.9 61.0 44 c26 1
1 1 7 27.9 61.0 42 c26 1
1 1 0 27.9 62.0 44 c26 1
1 1 0 28.0 61.5 47 c26 1
1 1 0 28.0 61.5 45 c26 1
1 1 0 28.0 61.0 43 c26 1
1 1 0 28.0 61.0 45 c26 1
1 1 3 28.0 60.0 47 c26 1
1 1 0 28.0 61.0 47 c26 1
1 1 0 28.0 60.5 42 c26 1
1 1 0 28.0 60.5 41 c26 1
1 1 0 27.9 60.0 39 c26 1
1 1 11 27.9 60.0 38 c26 1
1 1 3 27.8 60.0 36 c26 1
1 1 4 27.8 60.5 34 c26 1
1 1 2 27.8 60.5 36 c26 1
1 1 0 27.9 61.5 32 c26 1
1 1 1 27.9 61.0 32 c26 1
1 1 2 27.9 61.5 32 c26 1
1 1 5 27.9 61.0 34 c26 1
1 1 0 27.8 60.5 34 c26 1
1 1 0 27.8 61.0 32 c26 1
1 1 0 27.9 61.0 32 c26 1
1 1 0 27.8 61.0 34 c26 1
1 1 0 27.8 61.0 32 c26 1
1 1 0 27.8 61.5 36 c26 1
1 1 1 27.8 60.5 39 c26 1
1 1 0 27.8 60.5 42 c26 1
1 1 8 27.9 60.5 42 c26 1
1 1 1 27.8 60.5 45 c26 1
1 1 0 27.9 61.0 47 c26 1
1 1 2 27.8 61.0 40 c26 1
1 1 0 27.9 61.0 37 c26 1
1 1 0 27.9 61.0 34 c26 1
1 1 2 27.8 60.5 37 c26 1
1 1 0 27.8 60.0 36 c26 1
1 1 0 27.8 61.0 36 c26 1
1 1 0 27.7 60.5 36 c26 1
1 1 0 27.7 60.5 36 c26 1
1 1 2 27.7 61.0 39 c26 1
1 1 0 27.7 60.5 39 c26 1
1 1 3 27.6 60.0 37 c26 1
1 1 0 27.7 60.5 36 c26 1
1 1 1 27.6 59.0 32 c26 1
1 1 0 27.5 60.5 32 c26 1
1 1 0 27.6 62.0 32 c26 1
1 1 0 27.8 61.5 34 c26 1
1 1 0 27.6 61.5 29 c26 1
1 1 3 27.7 61.5 29 c26 1
1 1 0 27.7 62.0 31 c26 1
1 1 0 27.7 61.0 29 c26 1
1 1 1 27.8 61.5 29 c26 1
1 1 2 27.7 61.0 27 c26 1
1 1 0 27.6 61.0 27 c26 1
1 1 0 27.7 61.5 29 c26 1
1 1 0 27.7 60.5 29 c26 1
1 1 0 27.6 60.5 29 c26 1
1 1 0 27.7 61.0 29 c26 1
1 1 0 27.6 62.5 27 c26 1
1 1 1 27.7 62.0 29 c26 1
1 1 0 27.6 62.0 29 c26 1
1 1 5 27.6 61.5 29 c26 1
1 1 0 27.6 61.5 27 c26 1
1 1 6 27.5 61.0 27 c26 1
1 1 23 27.6 60.0 29 c26 1
1 1 8 27.5 60.0 29 c26 1
1 1 5 27.5 60.5 25 c26 1
1 1 2 27.5 61.0 25 c26 1
1 1 0 27.5 60.5 27 c26 1
1 1 12 27.5 61.5 25 c26 1
1 1 26 27.4 61.5 27 c26 1
1 1 0 27.5 61.5 26 c26 1
1 1 11 27.4 61.0 22 c26 1
1 1 51 27.4 61.0 24 c26 1
1 1 42 27.4 61.5 22 c26 1
1 1 17 27.4 60.5 22 c26 1
1 1 20 27.4 62.0 24 c26 1
1 1 1 27.5 63.0 26 c26 1
1 1 0 27.5 61.5 25 c26 1
1 1 0 27.5 62.0 27 c26 1
1 1 0 27.5 62.0 29 c26 1
1 1 0 27.4 61.0 27 c26 1
1 1 0 27.4 60.5 31 c26 1
1 1 0 27.3 59.5 29 c26 1
1 1 0 27.2 59.0 33 c26 1
1 1 0 27.1 59.5 29 c26 1
1 1 0 27.2 59.5 33 c26 1
1 1 0 27.1 59.0 33 c26 1
1 1 0 27.0 60.5 33 c26 1
1 1 0 27.0 61.5 33 c26 1
1 1 2 27.1 61.0 33 c26 1
1 1 0 27.0 59.5 29 c26 1
1 1 0 27.1 60.0 33 c26 1
1 1 0 27.0 59.5 31 c26 1
1 1 0 27.0 59.0 29 c26 1
1 1 0 27.0 59.0 31 c26 1
1 1 0 26.8 59.0 29 c26 1
1 1 0 26.9 59.0 29 c26 1
1 1 0 26.8 59.5 29 c26 1
1 1 0 26.9 60.5 29 c26 1
1 1 0 26.9 60.5 27 c26 1
1 1 0 27.0 60.0 27 c26 1
1 1 0 26.9 60.5 27 c26 1
1 1 0 26.9 59.5 29 c26 1
1 1 0 26.9 59.5 29 c26 1
1 1 0 26.9 61.0 29 c26 1
1 1 0 26.9 60.0 29 c26 1
1 1 0 26.9 61.0 29 c26 1
1 1 0 26.9 63.0 27 c26 1
1 1 0 27.0 62.5 27 c26 1
1 1 0 27.0 61.0 26 c26 1
1 1 0 26.9 61.5 26 c26 1
1 1 0 27.0 62.0 22 c26 1
1 1 0 26.9 61.0 24 c26 1
1 1 0 26.9 61.5 24 c26 1
1 1 0 26.9 61.5 24 c26 1
1 1 0 26.9 60.5 24 c26 1
1 1 1 26.8 60.5 20 c26 1
1 1 1 26.8 60.0 20 c26 1
1 1 5 26.8 59.5 24 c26 1
1 1 1 26.7 60.0 24 c26 1
0 1 8 26.7 60.0 17 c26 0
0 1 0 26.6 59.5 7 c26 0
0 1 0 26.6 60.5 7 c26 0
0 1 0 26.7 61.0 7 c26 0
0 1 0 26.7 61.0 9 c26 0
0 1 0 26.8 61.5 9 c26 0
0 1 0 26.7 61.0 11 c26 0
0 1 0 26.7 61.5 11 c26 0
0 1 0 26.8 62.5 10 c26 0
0 1 0 26.8 63.5 11 c26 0
0 1 0 26.9 63.0 9 c26 0
0 1 0 26.9 64.0 9 c26 0
0 1 0 26.9 64.0 7 c26 0
0 1 0 26.9 64.0 7 c26 0
0 1 0 26.9 65.5 7 c26 0
0 1 0 27.0 65.5 9 c26 0
0 1 0 27.0 64.5 9 c26 0
0 1 0 27.0 64.5 7 c26 0
0 1 0 27.1 64.5 5 c26 0
0 1 0 27.0 63.5 7 c26 0
0 1 0 27.0 63.5 7 c26 0
0 1 0 26.9 64.0 5 c26 0
0 1 0 27.0 64.5 5 c26 0
0 1 0 27.0 65.0 5 c26 0
0 1 0 27.0 64.5 5 c26 0
0 1 0 26.9 64.0 5 c26 0
0 1 0 27.0 64.5 5 c26 0
0 1 0 26.9 64.0 5 c26 0
0 1 0 27.0 64.0 5 c26 0
0 1 0 26.9 63.5 5 c26 0
0 1 0 26.8 63.0 5 c26 0
0 1 0 26.8 63.0 5 c26 0
0 1 0 26.8 62.5 5 c26 0
0 1 0 26.7 62.0 5 c26 0
0 1 0 26.7 62.0 5 c26 0
0 1 0 26.6 62.0 5 c26 0
0 1 0 26.5 61.0 5 c26 0
0 1 0 26.5 61.0 5 c26 0
0 1 0 26.4 60.5 3 c26 0
0 1 0 26.4 61.0 6 c26 0
0 1 0 26.4 61.0 4 c26 0
0 1 0 26.5 63.0 2 c26 0
0 1 0 26.6 63.5 2 c26 0
0 1 0 26.7 64.5 2 c26 0
0 1 0 26.6 64.0 4 c26 0
0 1 0 26.6 63.0 4 c26 0
0 1 0 26.7 63.5 4 c26 0
0 1 0 26.6 63.5 4 c26 0
0 1 0 26.6 63.0 6 c26 0
0 1 0 26.6 63.0 2 c26 0
0 1 0 26.5 63.0 2 c26 0
0 1 0 26.5 62.0 2 c26 0
0 1 0 26.4 62.0 4 c26 0
0 1 0 26.4 62.0 4 c26 0
0 1 0 26.4 61.5 4 c26 0
0 1 0 26.3 61.5 4 c26 0
0 1 0 26.4 61.5 4 c26 0
0 1 0 26.3 61.5 6 c26 0
0 1 0 26.4 62.0 2 c26 0
0 1 0 26.3 62.0 2 c26 0
0 1 0 26.3 62.0 2 c26 0
0 1 0 26.3 62.5 2 c26 0
0 1 0 26.4 63.0 4 c26 0
0 1 0 26.5 65.0 4 c26 0
0 1 0 26.6 66.0 4 c26 0
0 1 0 26.6 64.5 4 c26 0
0 1 0 26.6 64.5 4 c26 0
0 1 0 26.6 64.0 4 c26 0
0 1 0 26.5 63.5 4 c26 0
0 1 0 26.5 63.0 4 c26 0
0 1 0 26.5 62.5 4 c26 0
0 1 0 26.4 62.0 4 c26 0
0 1 0 26.3 62.0 4 c26 0
0 1 0 26.3 61.5 4 c26 0
0 1 0 26.3 62.0 4 c26 0
0 1 0 26.3 62.0 4 c26 0
0 1 0 26.4 62.0 2 c26 0
0 1 0 26.2 62.0 2 c26 0
0 1 0 26.2 62.0 2 c26 0
0 1 0 26.2 61.5 2 c26 0
0 1 0 26.2 63.0 2 c26 0
0 1 0 26.3 62.5 2 c26 0
0 1 0 26.3 62.5 2 c26 0
0 1 0 26.3 62.5 2 c26 0
0 1 0 26.2 61.5 2 c26 0
0 1 0 26.1 61.0 2 c26 0
0 1 0 26.1 61.5 4 c26 0
0 1 0 26.1 62.0 4 c26 0
0 1 0 26.2 62.0 4 c26 0
0 1 0 26.1 62.0 4 c26 0
0 1 0 26.1 62.0 4 c26 0
0 1 0 26.1 61.5 4 c26 0
0 1 0 26.1 61.5 2 c26 0
0 1 0 26.0 61.5 2 c26 0
0 1 0 26.0 61.5 2 c26 0
0 1 0 26.1 61.5 2 c26 0
0 1 0 26.1 61.5 2 c26 0
0 1 0 25.9 62.0 2 c26 0
0 1 0 26.0 61.5 2 c26 0
0 1 0 26.0 62.0 2 c26 0
0 1 0 26.1 62.0 2 c26 0
0 1 0 26.0 62.0 1 c26 0
0 1 0 26.0 62.0 1 c26 0
0 1 0 25.9 61.0 1 c26 0
0 1 0 25.8 61.0 1 c26 0
0 1 0 25.8 60.5 1 c26 0
0 1 0 25.8 60.5 1 c26 0
0 1 0 25.7 60.0 1 c26 0
0 1 0 25.8 60.0 1 c26 0
0 1 0 25.7 59.5 1 c26 0
0 1 0 25.7 59.5 1 c26 0
0 1 0 25.6 59.5 1 c26 0
0 1 0 25.6 59.0 1 c26 0
0 1 0 25.5 59.0 1 c26 0
0 1 0 25.5 58.5 1 c26 0
0 1 0 25.6 58.5 1 c26 0
0 1 0 25.5 58.0 1 c26 0
0 1 0 25.4 58.0 1 c26 0
0 1 0 25.3 58.0 1 c26 0
0 1 0 25.4 58.5 1 c26 0
0 1 0 25.4 59.0 1 c26 0
0 1 0 25.4 59.0 1 c26 0
0 1 0 25.4 59.5 4 c26 0
0 1 0 25.5 60.0 4 c26 0
0 1 0 25.5 61.0 2 c26 0
0 1 0 25.6 62.0 2 c26 0
0 1 0 25.7 61.5 2 c26 0
0 1 0 25.6 61.5 2 c26 0
0 1 0 25.6 61.5 2 c26 0
0 1 0 25.7 62.0 2 c26 0
0 1 0 25.7 62.0 2 c26 0
0 1 0 25.6 62.0 2 c26 0
0 1 0 25.6 61.5 0 c26 0
0 1 0 25.6 61.0 0 c26 0
0 1 0 25.6 61.0 0 c26 0
0 1 0 25.5 61.0 0 c26 0
0 1 0 25.5 60.5 0 c26 0
0 1 0 25.5 60.5 0 c26 0
0 1 0 25.6 61.0 0 c26 0
0 1 0 25.5 61.0 0 c26 0
0 1 0 25.5 61.0 0 c26 0
0 1 0 25.5 60.5 0 c26 0
0 1 0 25.5 60.5 0 c26 0
0 1 0 25.5 60.5 0 c26 0
0 1 0 25.4 60.5 0 c26 0
0 1 0 25.4 60.5 0 c26 0
0 1 0 25.4 60.5 0 c26 0
0 1 0 25.4 60.5 0 c26 0
0 1 0 25.5 61.0 0 c26 0
0 1 0 25.4 61.5 0 c26 0
0 1 0 25.4 61.5 0 c26 0
0 1 0 25.5 62.0 0 c26 0
0 1 0 25.5 62.0 0 c26 0
0 1 0 25.6 62.0 0 c26 0
0 1 0 25.6 62.5 0 c26 0
0 1 0 25.6 62.5 0 c26 0
0 1 0 25.6 62.0 0 c26 0
0 1 0 25.6 62.0 0 c26 0
0 1 0 25.5 61.5 0 c26 0
0 1 0 25.5 63.0 0 c26 0
0 1 0 25.5 62.5 0 c26 0
0 1 0 25.6 62.0 0 c26 0
0 1 0 25.5 61.5 0 c26 0
0 1 0 25.5 61.5 0 c26 0
0 1 0 25.5 61.5 0 c26 0
0 1 0 25.5 61.5 0 c26 0
0 1 0 25.6 62.0 0 c26 0
0 1 0 25.5 63.0 0 c26 0
0 1 0 25.7 63.5 0 c26 0
0 1 0 25.7 63.5 0 c26 0
0 1 0 25.7 64.5 0 c26 0
0 1 0 25.8 64.5 0 c26 0
0 1 0 25.8 64.5 0 c26 0
0 1 0 25.8 64.0 0 c26 0
0 1 0 25.7 64.0 0 c26 0
0 1 0 25.8 64.0 0 c26 0
0 1 0 25.7 63.5 0 c26 0
0 1 0 25.7 63.5 0 c26 0
0 1 0 25.7 64.0 0 c26 0
0 1 0 25.9 65.0 0 c26 0
0 1 0 25.8 64.0 0 c26 0
0 1 0 25.8 64.0 0 c26 0
0 1 0 25.8 64.5 0 c26 0
0 1 0 25.8 64.0 0 c26 0
0 1 0 25.8 63.5 0 c26 0
0 1 0 25.9 63.5 0 c26 0
0 1 0 25.8 63.5 0 c26 0
0 1 0 25.8 63.5 0 c26 0
0 1 0 25.8 63.5 0 c26 0
0 1 0 25.7 63.5 0 c26 0
0 1 0 25.8 63.0 0 c26 0
0 1 0 25.7 63.0 0 c26 0
0 1 0 25.7 63.0 0 c26 0
0 1 0 25.7 63.0 0 c26 0
0 1 0 25.7 63.0 0 c26 0
0 1 0 25.7 63.0 0 c26 0
0 1 0 25.7 63.0 0 c26 0
0 1 0 25.7 63.0 0 c26 0
0 1 0 25.6 62.5 0 c26 0
0 1 0 25.6 62.0 0 c26 0
0 1 0 25.5 62.0 0 c26 0
0 1 0 25.5 62.0 0 c26 0
0 1 0 25.5 61.5 0 c26 0
0 1 0 25.5 61.5 0 c26 0
0 1 0 25.4 60.5 0 c26 0
0 1 0 25.4 60.5 0 c26 0
0 1 0 25.4 60.5 0 c26 0
0 1 0 25.3 60.0 0 c26 0
0 1 0 25.3 60.0 0 c26 0
0 1 0 25.2 60.0 0 c26 0
0 1 0 25.3 60.0 0 c26 0
0 1 0 25.2 60.0 0 c26 0
0 1 0 25.3 60.5 0 c26 0
0 1 0 25.3 60.5 0 c26 0
0 1 0 25.2 60.5 0 c26 0
0 1 0 25.3 60.5 0 c26 0
0 1 0 25.3 61.0 0 c26 0
0 1 0 25.4 61.5 0 c26 0
0 1 0 25.4 62.0 0 c26 0
0 1 0 25.5 62.0 0 c26 0
0 1 0 25.5 62.0 0 c26 0
0 1 0 25.4 62.0 0 c26 0
0 1 0 25.5 63.5 0 c26 0
0 1 0 25.5 65.0 0 c26 0
0 1 0 25.6 64.0 0 c26 0
0 1 0 25.6 63.5 0 c26 0
0 1 0 25.5 63.5 0 c26 0
0 1 0 25.5 63.5 0 c26 0
0 1 0 25.5 63.0 0 c26 0
0 1 0 25.5 63.0 0 c26 0
0 1 0 25.6 63.0 0 c26 0
0 1 0 25.5 64.0 0 c26 0
0 1 0 25.6 64.5 0 c26 0
0 1 0 25.6 64.5 0 c26 0
0 1 0 25.7 64.0 0 c26 0
0 1 0 25.6 63.5 0 c26 0
0 1 0 25.6 63.0 0 c26 0
0 1 0 25.6 63.0 0 c26 0
0 1 0 25.5 62.5 0 c26 0
0 1 0 25.5 63.5 0 c26 0
0 1 0 25.6 63.5 0 c26 0
0 1 0 25.6 63.5 0 c26 0
0 1 0 25.5 64.5 0 c26 0
0 1 0 25.6 64.0 0 c26 0
0 1 0 25.6 63.5 1 c26 0
0 1 0 25.5 63.5 1 c26 0
0 1 0 25.6 63.5 1 c26 0
0 1 0 25.6 64.5 0 c26 0
0 1 0 25.6 63.5 0 c26 0
0 1 0 25.6 63.5 0 c26 0
0 1 0 25.5 63.0 0 c26 0
0 1 0 25.5 62.5 0 c26 0
0 1 0 25.4 61.5 0 c26 0
0 1 0 25.3 60.5 0 c26 0
0 1 0 25.3 61.0 0 c26 0
0 1 0 25.3 61.0 0 c26 0
0 1 0 25.2 61.0 0 c26 0
0 1 0 25.2 61.5 0 c26 0
0 1 0 25.3 62.5 1 c26 0
0 1 0 25.3 64.0 0 c26 0
0 1 0 25.4 63.5 0 c26 0
0 1 0 25.3 63.0 0 c26 0
0 1 0 25.3 63.0 0 c26 0
0 1 0 25.3 62.5 1 c26 0
0 1 0 25.3 62.5 0 c26 0
0 1 0 25.2 62.0 1 c26 0
0 1 0 25.1 62.0 1 c26 0
0 1 0 25.1 62.0 1 c26 0
0 1 0 25.2 62.0 1 c26 0
0 1 0 25.2 61.5 1 c26 0
0 1 0 25.0 61.0 1 c26 0
0 1 0 25.0 60.5 1 c26 0
0 1 0 25.0 60.0 1 c26 0
0 1 0 24.9 60.0 0 c26 0
0 1 0 24.9 60.0 1 c26 0
0 1 0 24.9 60.0 1 c26 0
0 1 0 24.9 60.5 1 c26 0
0 1 0 24.9 61.0 0 c26 0
0 1 0 24.9 60.5 0 c26 0
0 1 0 24.8 60.0 0 c26 0
0 1 0 24.8 60.0 0 c26 0
0 1 0 24.8 60.0 0 c26 0
0 1 0 24.8 60.0 0 c26 0
0 1 0 24.7 60.0 0 c26 0
0 1 0 24.8 60.0 0 c26 0
0 1 0 24.7 60.0 0 c26 0
0 1 0 24.7 59.5 0 c26 0
0 1 0 24.7 59.0 0 c26 0
0 1 0 24.6 58.5 0 c26 0
0 1 0 24.6 58.5 0 c26 0
0 1 0 24.5 58.0 0 c26 0
0 1 0 24.5 57.5 0 c26 0
0 1 0 24.5 57.5 0 c26 0
0 1 0 24.5 57.5 0 c26 0
0 1 0 24.5 57.5 0 c26 0
0 1 0 24.4 57.0 0 c26 0
0 1 0 24.5 57.0 0 c26 0
0 1 0 24.4 57.0 0 c26 0
0 1 0 24.4 57.5 0 c26 0
0 1 0 24.4 57.5 0 c26 0
0 1 0 24.4 57.5 1 c26 0
0 1 0 24.3 57.0 1 c26 0
0 1 0 24.3 57.0 1 c26 0
0 1 0 24.3 56.5 1 c26 0
0 1 0 24.2 56.0 1 c26 0
0 1 0 24.3 56.0 2 c26 0
0 1 0 24.3 55.5 1 c26 0
0 1 0 24.1 55.5 1 c26 0
0 1 0 24.2 55.0 1 c26 0
0 1 0 24.1 55.0 1 c26 0
0 1 0 24.1 55.0 1 c26 0
0 1 0 24.1 54.5 1 c26 0
0 1 0 24.1 54.5 1 c26 0
0 1 0 24.1 54.5 1 c26 0
0 1 0 24.0 54.5 1 c26 0
0 1 0 24.0 54.0 1 c26 0
0 1 0 24.0 54.0 1 c26 0
0 1 0 24.0 54.0 1 c26 0
0 1 0 24.0 54.0 1 c26 0
0 1 0 24.0 54.0 1 c26 0
0 1 0 24.0 54.0 1 c26 0
0 1 0 23.9 54.0 1 c26 0
0 1 0 23.9 54.0 1 c26 0
0 1 0 23.9 53.5 1 c26 0
0 1 0 23.8 53.5 1 c26 0
0 1 0 23.8 53.5 1 c26 0
0 1 0 23.9 53.5 1 c26 0
0 1 0 23.8 53.0 1 c26 0
0 1 0 23.8 53.0 1 c26 0
0 1 0 23.7 52.5 1 c26 0
0 1 0 23.7 52.5 1 c26 0
0 1 0 23.7 52.5 1 c26 0
0 1 0 23.7 52.5 1 c26 0
0 1 0 23.6 52.5 1 c26 0
0 1 0 23.6 52.5 1 c26 0
0 1 0 23.6 52.0 1 c26 0
0 1 0 23.6 52.5 1 c26 0
0 1 0 23.6 52.5 1 c26 0
0 1 0 23.6 52.5 1 c26 0
0 1 0 23.6 53.0 1 c26 0
0 1 0 23.6 53.0 1 c26 0
0 1 0 23.6 53.0 1 c26 0
0 1 0 23.6 53.0 1 c26 0
0 1 0 23.6 53.5 1 c26 0
0 1 0 23.6 53.5 1 c26 0
0 1 0 23.5 53.5 1 c26 0
0 1 0 23.6 53.5 1 c26 0
0 1 0 23.6 54.0 1 c26 0
0 1 0 23.6 54.0 1 c26 0
0 1 0 23.7 54.0 1 c26 0
0 1 0 23.7 54.0 1 c26 0
0 1 0 23.7 54.0 1 c26 0
0 1 0 23.7 54.0 1 c26 0
0 1 0 23.7 54.5 1 c26 0
0 1 0 23.7 54.0 1 c26 0
0 1 0 23.7 54.5 1 c26 0
0 1 0 23.7 55.0 1 c26 0
0 1 0 23.7 55.5 1 c26 0
0 1 0 23.8 56.0 1 c26 0
0 1 0 23.8 56.0 1 c26 0
0 1 0 23.8 56.0 1 c26 0
0 1 0 23.8 56.5 1 c26 0
0 1 0 23.8 57.0 1 c26 0
0 1 0 23.9 57.5 1 c26 0
0 1 0 24.0 57.5 1 c26 0
0 1 0 23.9 57.5 1 c26 0
0 1 0 23.9 57.5 1 c26 0
0 1 0 24.0 57.5 2 c26 0
0 1 0 23.9 57.5 2 c26 0
0 1 0 24.0 57.5 2 c26 0
0 1 0 24.0 57.0 0 c26 0
0 1 0 23.9 57.0 2 c26 0
0 1 0 23.9 57.0 2 c26 0
0 1 0 23.9 56.5 2 c26 0
0 1 0 23.9 56.0 2 c26 0
0 1 0 23.9 56.0 2 c26 0
0 1 0 23.9 56.0 2 c26 0
0 1 0 23.8 56.0 2 c26 0
0 1 0 23.9 56.0 2 c26 0
0 1 0 23.8 56.5 2 c26 0
0 1 0 23.9 56.0 0 c26 0
0 1 0 23.9 56.0 2 c26 0
0 1 0 23.8 56.0 2 c26 0
0 1 0 23.8 55.5 2 c26 0
0 1 0 23.9 55.5 2 c26 0
0 1 0 23.9 55.5 2 c26 0
0 1 0 23.9 55.5 2 c26 0
0 1 0 23.8 55.5 2 c26 0
0 1 0 23.8 55.0 2 c26 0
0 1 0 23.9 55.0 2 c26 0
0 1 0 23.9 55.0 2 c26 0
0 1 0 23.9 55.0 2 c26 0
0 1 0 23.9 55.0 2 c26 0
0 1 0 23.9 55.0 2 c26 0
0 1 0 23.8 55.0 2 c26 0
0 1 0 23.9 55.0 2 c26 0
0 1 0 23.9 55.0 2 c26 0
0 1 0 23.9 55.0 2 c26 0
0 1 0 23.9 55.0 2 c26 0
0 1 0 23.9 55.0 2 c26 0
0 1 0 24.0 55.0 2 c26 0
0 1 0 23.8 55.0 2 c26 0
0 1 0 24.0 55.0 2 c26 0
0 1 0 23.8 55.0 2 c26 0
0 1 0 23.9 55.0 2 c26 0
0 1 0 23.9 55.0 2 c26 0
0 1 0 23.9 55.0 2 c26 0
0 1 0 23.9 55.0 2 c26 0
0 1 0 23.9 55.0 2 c26 0
0 1 0 23.9 55.0 2 c26 0
0 1 0 24.0 55.0 2 c26 0
0 1 0 23.9 55.0 2 c26 0
0 1 0 23.9 55.0 2 c26 0
0 1 0 23.9 55.0 2 c26 0
0 1 0 23.9 54.5 2 c26 0
0 1 0 23.9 55.0 2 c26 0
0 1 0 23.9 55.0 2 c26 0
0 1 0 23.9 55.0 2 c26 0
0 1 0 23.9 55.0 2 c26 0
0 1 0 24.0 55.0 2 c26 0
0 1 0 24.0 55.0 2 c26 0
0 1 0 24.0 55.0 2 c26 0
0 1 0 24.0 54.5 2 c26 0
0 1 0 23.9 54.5 2 c26 0
0 1 0 23.9 55.0 2 c26 0
0 1 0 23.9 55.0 2 c26 0
0 1 0 24.0 55.0 2 c26 0
0 1 0 24.0 55.0 2 c26 0
0 1 0 24.0 55.0 2 c26 0
0 1 0 24.0 55.0 2 c26 0
0 1 0 23.9 55.0 2 c26 0
0 1 0 24.0 55.0 2 c26 0
0 1 0 24.0 55.0 2 c26 0
0 1 0 23.9 55.0 2 c26 0
0 1 0 24.0 55.0 2 c26 0
0 1 0 24.0 55.0 2 c26 0
0 1 0 24.0 55.0 2 c26 0
0 1 0 24.0 55.0 2 c26 0
0 1 0 24.0 54.5 2 c26 0
0 1 0 24.0 54.5 2 c26 0
0 1 0 24.0 54.5 2 c26 0
0 1 0 24.0 54.5 2 c26 0
0 1 0 24.0 54.5 2 c26 0
0 1 0 24.0 54.5 2 c26 0
0 1 0 24.0 54.5 2 c26 0
0 1 0 24.0 55.0 2 c26 0
0 1 0 23.9 55.0 2 c26 0
0 1 0 24.0 55.5 2 c26 0
0 1 0 24.0 55.5 2 c26 0
