0 1 0 24.0 55.5 2 -1 0
0 1 0 24.0 55.0 2 -1 0
0 1 0 24.0 55.0 2 -1 0
0 1 0 24.1 55.0 2 -1 0
0 1 0 24.0 55.0 2 -1 0
0 1 0 24.0 55.0 2 -1 0
0 1 0 24.1 55.0 2 -1 0
0 1 0 24.0 55.0 2 -1 0
0 1 0 24.0 55.0 2 -1 0
0 1 0 23.9 55.0 2 -1 0
0 1 0 24.0 55.0 2 -1 0
0 1 0 24.0 55.5 2 -1 0
0 1 0 24.0 55.5 2 -1 0
0 1 0 24.0 55.5 2 -1 0
0 1 0 24.0 55.5 2 -1 0
0 1 0 24.0 55.0 2 -1 0
0 1 0 24.0 55.5 2 -1 0
0 1 0 24.1 55.0 2 -1 0
0 1 0 24.0 55.0 2 -1 0
0 1 0 24.1 55.0 2 -1 0
0 1 0 24.0 54.5 2 -1 0
0 1 0 24.0 55.0 2 -1 0
0 1 0 24.1 54.5 2 -1 0
0 1 0 24.1 54.5 2 -1 0
0 1 0 24.0 54.5 2 -1 0
0 1 0 24.0 54.5 2 -1 0
0 1 0 24.0 54.5 2 -1 0
0 1 0 24.0 54.5 2 -1 0
0 1 0 24.0 55.0 2 -1 0
0 1 0 24.0 55.0 2 -1 0
0 1 0 24.0 55.0 2 -1 0
0 1 0 24.1 55.0 2 -1 0
0 1 0 24.0 54.5 2 -1 0
0 1 0 24.1 54.5 2 -1 0
0 1 0 24.1 54.5 2 -1 0
0 1 0 24.0 54.5 2 -1 0
0 1 0 24.0 54.5 2 -1 0
0 1 0 24.0 54.5 2 -1 0
0 1 0 24.0 54.5 2 -1 0
0 1 0 24.1 54.5 2 -1 0
0 1 0 24.0 54.5 2 -1 0
0 1 0 24.1 54.5 2 -1 0
0 1 0 24.1 54.5 2 -1 0
0 1 0 24.0 54.5 2 -1 0
0 1 0 24.1 54.5 2 -1 0
0 1 0 24.0 54.5 2 -1 0
0 1 0 24.1 54.5 2 -1 0
0 1 0 24.0 54.5 2 -1 0
0 1 0 24.1 54.5 2 -1 0
0 1 0 24.0 54.5 2 -1 0
0 1 0 24.1 54.5 2 -1 0
0 1 0 24.1 54.0 2 -1 0
0 1 0 24.1 54.0 2 -1 0
0 1 0 24.0 54.0 2 -1 0
0 1 0 24.1 54.0 2 -1 0
0 1 0 24.0 54.0 2 -1 0
0 1 0 24.0 54.0 2 -1 0
0 1 0 24.0 54.0 2 -1 0
0 1 0 24.0 54.0 2 -1 0
0 1 0 24.1 54.0 2 -1 0
0 1 0 24.1 54.0 2 -1 0
0 1 0 24.0 54.0 2 -1 0
0 1 0 24.1 54.0 2 -1 0
0 1 0 24.1 54.0 2 -1 0
0 1 0 24.0 54.0 2 -1 0
0 1 0 24.0 54.0 2 -1 0
0 1 0 24.1 53.5 2 -1 0
0 1 0 24.0 53.5 2 -1 0
0 1 0 24.0 53.5 2 -1 0
0 1 0 24.0 53.5 2 -1 0
0 1 0 24.1 53.5 2 -1 0
0 1 0 24.1 53.5 2 -1 0
0 1 0 24.1 53.5 2 -1 0
0 1 0 24.0 53.5 2 -1 0
0 1 0 24.0 53.5 2 -1 0
0 1 0 24.1 53.5 2 -1 0
0 1 0 24.1 54.0 2 -1 0
0 1 0 24.1 54.0 2 -1 0
0 1 0 24.0 54.0 2 -1 0
0 1 0 24.1 54.0 2 -1 0
0 1 0 24.1 54.0 2 -1 0
0 1 0 24.1 54.0 2 -1 0
0 1 0 24.1 54.0 2 -1 0
0 1 0 24.1 54.0 2 -1 0
0 1 0 24.2 54.0 2 -1 0
0 1 0 24.1 54.0 2 -1 0
0 1 0 24.1 53.5 2 -1 0
0 1 0 24.1 53.5 2 -1 0
0 1 0 24.1 53.5 2 -1 0
0 1 0 24.0 53.5 2 -1 0
0 1 0 24.1 53.5 2 -1 0
0 1 0 24.1 53.5 2 -1 0
0 1 0 24.1 53.5 2 -1 0
0 1 0 24.1 53.5 2 -1 0
0 1 0 24.1 53.0 2 -1 0
0 1 0 24.1 53.5 2 -1 0
0 1 0 24.1 53.5 2 -1 0
0 1 0 24.1 53.5 2 -1 0
0 1 0 24.1 53.5 2 -1 0
0 1 0 24.1 53.5 2 -1 0
0 1 0 24.1 53.5 2 -1 0
0 1 0 24.1 53.5 2 -1 0
0 1 0 24.2 53.5 2 -1 0
0 1 0 24.2 53.5 2 -1 0
0 1 0 24.2 53.5 2 -1 0
0 1 0 24.2 53.5 2 -1 0
0 1 0 24.1 53.5 2 -1 0
0 1 0 24.1 53.5 2 -1 0
0 1 0 24.2 53.5 2 -1 0
0 1 0 24.1 53.5 2 -1 0
0 1 0 24.2 53.5 2 -1 0
0 1 0 24.1 53.5 2 -1 0
0 1 0 24.2 53.5 2 -1 0
0 1 0 24.2 53.5 2 -1 0
0 1 0 24.1 53.5 2 -1 0
0 1 0 24.1 53.5 2 -1 0
0 1 0 24.2 53.5 2 -1 0
0 1 0 24.2 53.5 2 -1 0
0 1 0 24.2 53.5 2 -1 0
0 1 0 24.2 53.5 2 -1 0
0 1 0 24.2 53.5 2 -1 0
0 1 0 24.2 53.5 2 -1 0
0 1 0 24.2 53.5 2 -1 0
0 1 0 24.2 53.5 2 -1 0
0 1 0 24.1 53.5 2 -1 0
0 1 0 24.2 53.5 2 -1 0
0 1 0 24.2 53.5 2 -1 0
0 1 0 24.2 53.5 2 -1 0
0 1 0 24.2 53.5 2 -1 0
0 1 0 24.2 53.5 2 -1 0
0 1 0 24.2 53.5 2 -1 0
0 1 0 24.2 53.5 2 -1 0
0 1 0 24.2 53.5 2 -1 0
0 1 0 24.2 53.5 2 -1 0
0 1 0 24.2 53.5 2 -1 0
0 1 0 24.1 53.5 2 -1 0
0 1 0 24.2 53.5 2 -1 0
0 1 0 24.2 53.5 2 -1 0
0 1 0 24.2 53.5 2 -1 0
0 1 0 24.2 53.5 2 -1 0
0 1 0 24.2 53.5 2 -1 0
0 1 0 24.2 53.5 2 -1 0
0 1 0 24.2 53.5 2 -1 0
0 1 0 24.2 53.5 2 -1 0
0 1 0 24.2 53.5 2 -1 0
0 1 0 24.3 53.5 2 -1 0
0 1 0 24.2 53.5 2 -1 0
0 1 0 24.2 53.5 2 -1 0
0 1 0 24.3 53.5 2 -1 0
0 1 0 24.3 53.5 2 -1 0
0 1 0 24.2 53.5 2 -1 0
0 1 0 24.3 53.0 2 -1 0
0 1 0 24.2 53.0 2 -1 0
0 1 0 24.1 53.0 2 -1 0
0 1 0 24.2 53.0 2 -1 0
0 1 0 24.2 53.5 2 -1 0
0 1 0 24.2 53.5 2 -1 0
0 1 0 24.3 53.5 2 -1 0
0 1 0 24.3 53.5 2 -1 0
0 1 0 24.3 53.5 2 -1 0
0 1 0 24.3 53.5 2 -1 0
0 1 0 24.2 53.5 2 -1 0
0 1 0 24.3 53.5 2 -1 0
0 1 0 24.3 53.0 2 -1 0
0 1 0 24.3 53.0 2 -1 0
0 1 0 24.3 53.0 2 -1 0
0 1 0 24.2 53.0 2 -1 0
0 1 0 24.3 53.5 2 -1 0
0 1 0 24.2 53.0 2 -1 0
0 1 0 24.3 53.5 2 -1 0
0 1 0 24.2 53.5 2 -1 0
0 1 0 24.3 53.0 2 -1 0
0 1 0 24.3 53.5 2 -1 0
0 1 0 24.3 53.0 2 -1 0
0 1 0 24.3 53.0 2 -1 0
0 1 0 24.3 53.5 2 -1 0
0 1 0 24.3 53.5 2 -1 0
0 1 0 24.2 53.5 2 -1 0
0 1 0 24.3 53.0 2 -1 0
0 1 0 24.3 53.0 2 -1 0
0 1 0 24.2 53.0 2 -1 0
0 1 0 24.3 53.0 2 -1 0
0 1 0 24.3 53.0 2 -1 0
0 1 0 24.3 53.0 2 -1 0
0 1 0 24.3 53.0 2 -1 0
0 1 0 24.3 53.0 2 -1 0
0 1 0 24.3 53.0 2 -1 0
0 1 0 24.3 53.5 2 -1 0
0 1 0 24.3 53.5 2 -1 0
0 1 0 24.3 53.5 2 -1 0
0 1 0 24.3 53.5 2 -1 0
0 1 0 24.4 53.5 2 -1 0
0 1 0 24.3 53.5 2 -1 0
0 1 0 24.3 53.5 2 -1 0
0 1 0 24.3 53.5 2 -1 0
0 1 0 24.4 53.5 2 -1 0
0 1 0 24.4 54.5 2 -1 0
0 1 0 24.5 55.0 2 -1 0
0 1 0 24.6 56.0 2 -1 0
0 1 0 24.6 56.5 2 -1 0
0 1 0 24.7 57.0 2 -1 0
0 1 0 24.7 57.5 2 -1 0
0 1 0 24.7 57.0 2 -1 0
0 1 0 24.7 57.0 2 -1 0
0 1 0 24.7 56.5 2 -1 0
0 1 0 24.6 55.5 2 -1 0
0 1 0 24.5 54.5 2 -1 0
0 1 0 24.5 54.5 2 -1 0
0 1 0 24.5 54.5 2 -1 0
0 1 0 24.5 54.5 2 -1 0
0 1 0 24.5 54.0 2 -1 0
0 1 0 24.4 54.0 2 -1 0
0 1 0 24.4 54.0 2 -1 0
0 1 0 24.5 54.0 2 -1 0
0 1 0 24.4 54.0 2 -1 0
0 1 0 24.4 53.5 2 -1 0
0 1 0 24.4 53.5 2 -1 0
0 1 0 24.4 53.5 2 -1 0
0 1 0 24.3 53.5 2 -1 0
0 1 0 24.4 53.0 2 -1 0
0 1 0 24.3 53.0 2 -1 0
0 1 0 24.3 53.5 2 -1 0
0 1 0 24.3 53.5 2 -1 0
0 1 0 24.3 53.0 2 -1 0
0 1 0 24.3 53.0 2 -1 0
0 1 0 24.3 53.0 2 -1 0
0 1 0 24.3 53.0 2 -1 0
0 1 0 24.3 53.0 2 -1 0
0 1 0 24.3 53.0 2 -1 0
0 1 0 24.2 52.5 2 -1 0
0 1 0 24.3 52.5 2 -1 0
0 1 0 24.3 53.0 2 -1 0
0 1 0 24.3 53.0 2 -1 0
0 1 0 24.3 53.0 2 -1 0
0 1 0 24.3 53.5 2 -1 0
0 1 0 24.3 53.5 2 -1 0
0 1 0 24.3 54.0 2 -1 0
0 1 0 24.4 53.5 2 -1 0
0 1 0 24.4 54.0 2 -1 0
0 1 0 24.4 53.5 2 -1 0
0 1 0 24.4 53.5 2 -1 0
0 1 0 24.5 54.0 2 -1 0
0 1 0 24.4 53.5 2 -1 0
0 1 0 24.4 53.5 2 -1 0
0 1 0 24.4 53.5 2 -1 0
0 1 0 24.4 53.5 2 -1 0
0 1 0 24.3 53.5 2 -1 0
0 1 0 24.4 53.0 2 -1 0
0 1 0 24.3 53.5 2 -1 0
0 1 0 24.4 53.0 2 -1 0
0 1 0 24.4 53.0 2 -1 0
0 1 0 24.4 53.0 2 -1 0
0 1 0 24.3 53.0 2 -1 0
0 1 0 24.4 53.0 2 -1 0
0 1 0 24.3 53.5 2 -1 0
0 1 0 24.3 53.5 2 -1 0
0 1 0 24.4 53.5 2 -1 0
0 1 0 24.3 53.5 2 -1 0
0 1 0 24.4 53.5 2 -1 0
0 1 0 24.4 53.5 2 -1 0
0 1 0 24.4 53.5 2 -1 0
0 1 0 24.3 53.5 2 -1 0
0 1 0 24.4 53.0 2 -1 0
0 1 0 24.3 53.0 2 -1 0
0 1 0 24.4 53.0 2 -1 0
0 1 0 24.3 53.0 2 -1 0
0 1 0 24.3 53.0 2 -1 0
0 1 0 24.3 53.5 2 -1 0
0 1 0 24.4 53.5 2 -1 0
0 1 0 24.4 53.5 2 -1 0
0 1 0 24.4 53.5 0 -1 0
0 1 0 24.4 53.5 2 -1 0
0 1 0 24.4 53.5 2 -1 0
0 1 0 24.4 53.5 2 -1 0
0 1 0 24.4 53.5 2 -1 0
0 1 0 24.5 53.5 2 -1 0
0 1 0 24.4 53.5 2 -1 0
0 1 0 24.4 53.5 2 -1 0
0 1 0 24.4 53.5 2 -1 0
0 1 0 24.5 53.5 2 -1 0
0 1 0 24.4 53.5 2 -1 0
0 1 0 24.4 53.5 2 -1 0
0 1 0 24.4 53.5 2 -1 0
0 1 0 24.4 53.5 2 -1 0
0 1 0 24.4 53.5 2 -1 0
0 1 0 24.4 53.5 2 -1 0
0 1 0 24.4 53.5 2 -1 0
0 1 0 24.4 53.0 2 -1 0
0 1 0 24.3 53.5 2 -1 0
0 1 0 24.4 53.0 2 -1 0
0 1 0 24.4 53.5 2 -1 0
0 1 0 24.4 53.0 2 -1 0
0 1 0 24.4 53.0 2 -1 0
0 1 0 24.4 53.0 2 -1 0
0 1 0 24.4 53.0 2 -1 0
0 1 0 24.4 53.0 2 -1 0
0 1 0 24.3 53.0 2 -1 0
0 1 0 24.4 53.0 2 -1 0
0 1 0 24.3 53.0 2 -1 0
0 1 0 24.3 53.0 2 -1 0
0 1 0 24.4 53.0 2 -1 0
0 1 0 24.4 53.0 2 -1 0
0 1 0 24.3 53.0 1 -1 0
0 1 0 24.3 53.0 1 -1 0
0 1 0 24.4 53.0 1 -1 0
0 1 0 24.4 53.0 1 -1 0
0 1 0 24.4 53.0 1 -1 0
0 1 0 24.4 53.0 1 -1 0
0 1 0 24.4 53.0 1 -1 0
0 1 0 24.3 53.0 1 -1 0
0 1 0 24.4 53.0 1 -1 0
0 1 0 24.3 53.0 1 -1 0
0 1 0 24.3 53.0 1 -1 0
0 1 0 24.3 53.0 1 -1 0
0 1 0 24.3 53.0 1 -1 0
0 1 0 24.3 53.0 1 -1 0
0 1 0 24.3 53.0 1 -1 0
0 1 0 24.4 53.0 1 -1 0
0 1 0 24.4 53.0 1 -1 0
0 1 0 24.3 53.0 1 -1 0
0 1 0 24.3 53.0 1 -1 0
0 1 0 24.3 53.0 1 -1 0
0 1 0 24.4 53.0 1 -1 0
0 1 0 24.3 53.0 1 -1 0
0 1 0 24.3 53.0 1 -1 0
0 1 0 24.3 53.0 1 -1 0
0 1 0 24.4 53.0 0 -1 0
0 1 0 24.3 53.0 0 -1 0
0 1 0 24.3 53.0 0 -1 0
0 1 0 24.3 53.0 0 -1 0
0 1 0 24.3 52.5 0 -1 0
0 1 0 24.3 52.5 0 -1 0
0 1 0 24.3 52.5 2 -1 0
0 1 0 24.3 52.5 2 -1 0
0 1 0 24.3 53.0 2 -1 0
0 1 0 24.3 52.5 2 -1 0
0 1 0 24.3 53.0 2 -1 0
0 1 0 24.3 53.0 3 -1 0
0 1 0 24.3 53.0 1 -1 0
0 1 0 24.3 53.0 1 -1 0
0 1 0 24.4 53.0 1 -1 0
0 1 0 24.3 53.0 1 -1 0
0 1 0 24.3 53.0 1 -1 0
0 1 0 24.3 53.0 2 -1 0
0 1 0 24.2 52.5 2 -1 0
0 1 0 24.4 52.5 2 -1 0
0 1 0 24.2 52.5 4 -1 0
0 1 0 24.3 52.5 4 -1 0
0 1 0 24.3 53.0 4 -1 0
0 1 0 24.3 52.5 4 -1 0
0 1 0 24.3 52.5 4 -1 0
0 1 0 24.3 52.5 4 -1 0
0 1 0 24.3 52.5 4 -1 0
0 1 0 24.2 52.5 4 -1 0
0 1 0 24.2 53.0 4 -1 0
0 1 0 24.2 52.5 4 -1 0
0 1 0 24.3 53.0 4 -1 0
0 1 0 24.2 52.5 1 -1 0
0 1 0 24.3 53.0 1 -1 0
0 1 0 24.3 53.0 2 -1 0
0 1 0 24.3 53.0 2 -1 0
0 1 0 24.3 53.0 2 -1 0
0 1 0 24.3 53.0 2 -1 0
0 1 0 24.3 53.0 2 -1 0
0 1 0 24.3 53.0 2 -1 0
0 1 0 24.3 53.0 2 -1 0
0 1 0 24.3 53.0 2 -1 0
0 1 0 24.3 53.0 2 -1 0
0 1 0 24.3 52.5 4 -1 0
0 1 0 24.3 52.5 4 -1 0
0 1 0 24.3 53.0 4 -1 0
0 1 0 24.3 53.0 4 -1 0
0 1 0 24.3 53.0 2 -1 0
0 1 0 24.3 53.0 2 -1 0
0 1 0 24.3 53.0 2 -1 0
0 1 0 24.3 53.0 2 -1 0
0 1 0 24.3 53.0 2 -1 0
0 1 0 24.3 53.0 1 -1 0
0 1 0 24.3 53.0 1 -1 0
0 1 0 24.3 53.0 2 -1 0
0 1 0 24.3 53.0 2 -1 0
0 1 0 24.3 53.0 4 -1 0
0 1 0 24.3 53.0 1 -1 0
0 1 0 24.4 53.0 1 -1 0
0 1 0 24.3 53.0 1 -1 0
0 1 0 24.4 53.0 2 -1 0
0 1 0 24.3 53.0 4 -1 0
0 1 0 24.3 53.0 6 -1 0
0 1 0 24.3 53.0 5 -1 0
0 1 0 24.4 53.0 7 -1 0
0 1 0 24.3 53.0 7 -1 0
0 1 0 24.3 53.0 5 -1 0
0 1 0 24.3 53.0 5 -1 0
0 1 0 24.3 53.0 7 -1 0
0 1 0 24.3 53.0 9 -1 0
0 1 0 24.3 53.0 5 -1 0
0 1 0 24.4 53.0 9 -1 0
0 1 0 24.3 52.5 10 -1 0
0 1 0 24.4 53.0 8 -1 0
0 1 0 24.3 53.0 11 -1 0
0 1 0 24.3 53.0 9 -1 0
0 1 0 24.3 53.0 7 -1 0
0 1 0 24.3 53.0 7 -1 0
0 1 0 24.4 53.0 7 -1 0
0 1 0 24.3 53.0 7 -1 0
0 1 0 24.4 53.0 17 -1 0
0 1 0 24.4 53.0 14 -1 0
0 1 0 24.4 53.0 10 -1 0
0 1 0 24.3 53.0 17 -1 0
0 1 0 24.4 53.0 17 -1 0
0 1 0 24.3 53.0 15 -1 0
0 1 0 24.4 53.0 17 -1 0
0 1 0 24.3 53.0 21 -1 0
0 1 0 24.4 53.0 26 -1 0
0 1 0 24.4 53.0 15 -1 0
0 1 0 24.4 53.0 17 -1 0
0 1 0 24.3 53.0 15 -1 0
0 1 0 24.4 53.0 30 -1 0
0 1 0 24.4 53.0 39 -1 0
0 1 0 24.4 53.0 24 -1 0
0 1 0 24.4 53.0 19 -1 0
0 1 0 24.4 53.0 15 -1 0
0 1 0 24.4 53.0 17 -1 0
0 1 0 24.4 53.0 17 -1 0
0 1 0 24.5 52.5 17 -1 0
0 1 0 24.4 52.5 17 -1 0
0 1 0 24.4 52.5 17 -1 0
0 1 0 24.4 52.5 15 -1 0
0 1 0 24.4 52.5 12 -1 0
0 1 0 24.4 52.5 16 -1 0
0 1 0 24.4 52.5 12 -1 0
0 1 0 24.4 52.5 15 -1 0
0 1 0 24.4 52.5 15 -1 0
0 1 0 24.4 52.5 15 -1 0
0 1 0 24.4 52.5 12 -1 0
0 1 0 24.4 52.5 16 -1 0
0 1 0 24.4 52.5 12 -1 0
0 1 0 24.4 52.5 15 -1 0
0 1 0 24.4 52.5 15 -1 0
0 1 0 24.5 52.5 19 -1 0
0 1 0 24.4 52.5 17 -1 0
0 1 0 24.3 52.5 17 -1 0
0 1 0 24.4 53.0 19 -1 0
0 1 0 24.4 53.0 19 -1 0
0 1 0 24.4 53.0 19 -1 0
0 1 0 24.4 53.0 17 -1 0
0 1 0 24.3 53.0 17 -1 0
0 1 0 24.4 53.0 17 -1 0
0 1 0 24.4 53.0 17 -1 0
0 1 0 24.3 53.0 17 -1 0
0 1 0 24.4 53.0 17 -1 0
0 1 0 24.4 52.5 17 -1 0
0 1 0 24.3 53.0 15 -1 0
0 1 0 24.4 52.5 17 -1 0
0 1 0 24.3 53.0 17 -1 0
0 1 0 24.4 53.0 19 -1 0
0 1 0 24.4 53.0 26 -1 0
0 1 0 24.5 53.0 32 -1 0
0 1 0 24.5 52.5 28 -1 0
0 1 0 24.4 53.0 24 -1 0
0 1 0 24.4 53.0 22 -1 0
0 1 0 24.4 53.0 20 -1 0
0 1 0 24.3 53.0 21 -1 0
0 1 0 24.3 52.5 19 -1 0
0 1 0 24.4 53.0 19 -1 0
0 1 0 24.4 53.0 19 -1 0
0 1 0 24.4 53.0 19 -1 0
0 1 0 24.4 53.0 17 -1 0
0 1 0 24.4 53.0 19 -1 0
0 1 0 24.4 53.0 15 -1 0
0 1 0 24.4 53.0 17 -1 0
0 1 0 24.3 53.0 17 -1 0
0 1 0 24.3 53.0 14 -1 0
0 1 0 24.4 53.0 12 -1 0
0 1 0 24.4 53.0 12 -1 0
0 1 0 24.4 53.0 10 -1 0
0 1 0 24.4 53.0 10 -1 0
0 1 0 24.4 53.0 12 -1 0
0 1 0 24.4 53.5 12 -1 0
0 1 0 24.4 53.5 12 -1 0
0 1 0 24.5 54.0 12 -1 0
0 1 0 24.4 54.0 12 -1 0
0 1 0 24.5 54.5 10 -1 0
0 1 0 24.5 55.0 12 -1 0
0 1 0 24.5 54.5 12 -1 0
0 1 0 24.4 54.5 17 -1 0
0 1 0 24.5 54.5 19 -1 0
0 1 0 24.4 54.5 17 -1 0
0 1 0 24.5 54.0 20 -1 0
0 1 0 24.5 54.0 24 -1 0
0 1 0 24.4 54.0 29 -1 0
0 1 0 24.4 54.0 33 -1 0
0 1 0 24.4 54.0 34 -1 0
0 1 0 24.4 54.0 32 -1 0
0 1 0 24.5 54.0 33 -1 0
0 1 0 24.5 54.0 32 -1 0
0 1 0 24.6 54.0 31 -1 0
0 1 0 24.5 54.0 29 -1 0
0 1 0 24.5 54.5 29 -1 0
0 1 0 24.6 54.5 28 -1 0
0 1 0 24.5 54.5 24 -1 0
0 1 0 24.5 55.0 26 -1 0
0 1 0 24.5 54.5 24 -1 0
0 1 0 24.5 54.0 24 -1 0
0 1 0 24.5 54.0 26 -1 0
0 1 0 24.5 53.5 22 -1 0
0 1 0 24.5 54.0 19 -1 0
0 1 0 24.5 54.0 19 -1 0
0 1 0 24.5 54.0 17 -1 0
0 1 0 24.5 54.5 17 -1 0
0 1 0 24.5 54.5 17 -1 0
0 1 0 24.5 54.0 17 -1 0
0 1 0 24.5 54.0 19 -1 0
0 1 0 24.5 54.0 17 -1 0
0 1 0 24.4 54.0 17 -1 0
0 1 0 24.4 54.5 17 -1 0
0 1 0 24.5 55.0 22 -1 0
0 1 0 24.5 55.0 21 -1 0
0 1 0 24.5 55.0 24 -1 0
0 1 0 24.5 55.5 24 -1 0
0 1 0 24.5 56.0 29 -1 0
0 1 0 24.5 56.0 34 -1 0
0 1 0 24.6 56.0 44 -1 0
0 1 0 24.5 55.5 24 -1 0
0 1 0 24.5 55.5 19 -1 0
0 1 0 24.6 55.0 19 -1 0
0 1 0 24.5 55.0 17 -1 0
0 1 0 24.6 55.5 19 -1 0
0 1 0 24.6 56.0 15 -1 0
0 1 0 24.6 56.5 15 -1 0
0 1 0 24.6 56.0 17 -1 0
0 1 0 24.6 56.0 17 -1 0
0 1 0 24.6 56.0 19 -1 0
0 1 0 24.6 55.5 21 -1 0
0 1 0 24.5 55.0 19 -1 0
0 1 0 24.5 55.0 21 -1 0
0 1 0 24.5 55.0 20 -1 0
0 1 0 24.5 55.0 22 -1 0
0 1 0 24.5 55.5 27 -1 0
0 1 0 24.6 55.0 36 -1 0
0 1 0 24.5 55.0 41 -1 0
0 1 0 24.5 54.5 34 -1 0
0 1 0 24.6 54.5 33 -1 0
0 1 0 24.6 54.5 29 -1 0
0 1 0 24.5 55.0 26 -1 0
0 1 0 24.6 55.0 26 -1 0
0 1 0 24.5 55.0 27 -1 0
0 1 0 24.6 55.0 29 -1 0
0 1 0 24.5 55.0 34 -1 0
0 1 0 24.5 54.5 36 -1 0
0 1 0 24.5 55.0 33 -1 0
0 1 0 24.5 54.5 28 -1 0
0 1 0 24.5 55.0 26 -1 0
0 1 0 24.5 55.0 24 -1 0
0 1 0 24.6 55.5 27 -1 0
0 1 0 24.6 55.5 27 -1 0
0 1 0 24.6 55.5 27 -1 0
0 1 0 24.6 55.5 26 -1 0
0 1 0 24.6 55.0 24 -1 0
0 1 0 24.5 54.5 26 -1 0
0 1 0 24.5 54.5 21 -1 0
0 1 0 24.5 54.5 17 -1 0
0 1 0 24.5 55.0 15 -1 0
0 1 0 24.5 55.5 12 -1 0
0 1 0 24.5 55.5 19 -1 0
0 1 0 24.5 55.5 17 -1 0
0 1 0 24.5 55.0 17 -1 0
0 1 0 24.5 55.0 15 -1 0
0 1 0 24.4 54.5 15 -1 0
0 1 0 24.5 54.5 15 -1 0
0 1 0 24.5 54.5 16 -1 0
0 1 0 24.4 54.5 16 -1 0
0 1 0 24.5 54.5 16 -1 0
0 1 0 24.4 54.5 16 -1 0
1 1 1 24.4 54.5 22 -1 0
1 1 11 24.4 55.0 27 -1 1
1 1 3 24.4 56.0 29 -1 1
1 1 8 24.5 57.0 27 -1 1
1 1 10 24.4 57.0 26 -1 1
1 1 5 24.5 57.0 24 -1 1
1 1 2 24.6 57.0 24 -1 1
1 1 5 24.6 57.0 24 -1 1
1 1 2 24.6 57.0 24 -1 1
1 1 1 24.7 57.0 24 -1 1
1 1 0 24.8 57.5 24 -1 1
1 1 4 24.9 60.0 22 -1 1
1 1 2 24.9 62.0 24 -1 1
1 1 4 24.9 62.0 24 -1 1
1 1 4 25.0 63.5 22 -1 1
1 1 8 25.1 65.0 29 -1 1
1 1 6 25.2 64.5 29 -1 1
1 1 0 25.1 64.0 31 -1 1
1 1 22 25.2 64.5 27 -1 1
1 1 9 25.2 65.0 29 -1 1
1 1 0 25.2 65.5 29 -1 1
1 1 1 25.3 64.5 31 -1 1
1 1 7 25.2 63.5 29 -1 1
1 1 0 25.2 63.5 29 -1 1
1 1 32 25.1 62.5 27 -1 1
1 1 0 24.9 61.5 27 -1 1
1 1 10 25.0 61.5 25 -1 1
1 1 17 25.0 61.0 27 -1 1
1 1 7 25.0 61.5 27 -1 1
1 1 9 25.0 60.0 29 -1 1
1 1 25 24.9 60.5 27 -1 1
1 1 27 24.8 58.0 29 -1 1
1 1 11 24.7 57.5 27 -1 1
1 1 24 24.7 58.5 29 -1 1
1 1 20 24.6 57.0 34 -1 1
1 1 28 24.6 57.0 30 -1 1
1 1 22 24.6 55.5 32 -1 1
1 1 25 24.5 56.0 34 -1 1
1 1 27 24.5 55.5 32 -1 1
1 1 21 24.6 56.0 34 -1 1
1 1 5 24.6 56.0 40 -1 1
1 1 2 24.5 55.5 41 -1 1
1 1 1 24.5 56.0 46 -1 1
1 1 0 24.5 56.0 51 -1 1
1 1 5 24.5 55.5 56 -1 1
1 1 8 24.6 56.5 53 -1 1
1 1 1 24.5 55.5 51 -1 1
1 1 4 24.5 56.0 58 -1 1
1 1 3 24.5 56.0 56 -1 1
1 1 1 24.6 56.0 58 -1 1
1 1 0 24.5 55.0 53 -1 1
1 1 6 24.5 55.5 47 -1 1
1 1 4 24.5 55.5 46 -1 1
1 1 2 24.6 56.0 44 -1 1
1 1 5 24.5 55.5 42 -1 1
1 1 5 24.5 55.5 41 -1 1
1 1 0 24.5 55.0 41 -1 1
1 1 1 24.5 56.0 37 -1 1
1 1 8 24.6 56.0 35 -1 1
1 1 8 24.5 57.0 39 -1 1
1 1 5 24.4 56.0 41 -1 1
1 1 13 24.5 55.5 36 -1 1
1 1 4 24.4 56.0 34 -1 1
1 1 9 24.4 55.0 32 -1 1
1 1 8 24.5 57.0 31 -1 1
1 1 9 24.6 59.5 27 -1 1
1 1 4 24.7 60.0 31 -1 1
1 1 5 24.8 60.0 29 -1 1
1 1 0 24.7 58.5 34 -1 1
1 1 0 24.6 59.0 38 -1 1
1 1 0 24.5 58.0 34 -1 1
1 1 2 24.5 57.5 38 -1 1
1 1 18 24.5 57.0 36 -1 1
1 1 12 24.5 57.0 34 -1 1
1 1 6 24.5 56.5 36 -1 1
1 1 5 24.5 57.0 38 -1 1
1 1 5 24.5 57.0 39 -1 1
1 1 14 24.6 58.0 37 -1 1
1 1 5 24.7 61.0 39 -1 1
1 1 0 24.8 63.0 41 -1 1
1 1 9 25.0 64.0 39 -1 1
1 1 2 25.0 63.0 41 -1 1
1 1 15 25.0 62.5 43 -1 1
1 1 14 25.0 63.5 42 -1 1
1 1 1 25.1 66.0 42 -1 1
1 1 22 25.2 64.0 42 -1 1
1 1 12 25.1 62.0 43 -1 1
1 1 1 25.0 61.5 41 -1 1
1 1 6 24.9 60.5 41 -1 1
1 1 2 24.8 60.0 41 -1 1
1 1 2 24.8 61.0 44 -1 1
1 1 15 24.9 62.0 44 -1 1
1 1 8 25.1 64.5 48 -1 1
1 1 4 25.2 64.0 50 -1 1
1 1 9 25.2 63.5 54 -1 1
1 1 21 25.2 63.5 59 -1 1
1 1 23 25.2 63.0 57 -1 1
1 1 14 25.2 63.0 53 -1 1
1 1 27 25.1 62.5 51 -1 1
1 1 10 25.1 63.5 46 -1 1
1 1 13 25.1 62.5 40 -1 1
1 1 12 25.1 63.0 44 -1 1
1 1 14 25.1 63.5 42 -1 1
1 1 24 25.2 63.5 43 -1 1
1 1 16 25.3 63.5 41 -1 1
1 1 18 25.3 63.5 39 -1 1
1 1 16 25.2 63.0 38 -1 1
1 1 3 25.2 62.0 39 -1 1
1 1 2 25.2 62.0 39 -1 1
1 1 9 25.2 60.5 43 -1 1
1 1 9 25.1 60.5 43 -1 1
1 1 5 25.0 60.0 41 -1 1
1 1 5 25.0 59.0 43 -1 1
1 1 1 24.9 58.5 44 -1 1
1 1 1 24.7 57.5 42 -1 1
1 1 12 24.7 57.0 42 -1 1
1 1 11 24.7 57.0 42 -1 1
1 1 13 24.6 55.5 44 -1 1
1 1 11 24.6 56.0 44 -1 1
1 1 10 24.5 55.5 42 -1 1
1 1 7 24.5 53.5 48 -1 1
1 1 0 24.5 54.0 51 -1 1
1 1 3 24.5 54.0 53 -1 1
1 1 0 24.5 54.0 55 -1 1
1 1 7 24.4 53.0 51 -1 1
1 1 21 24.3 53.0 56 -1 1
1 1 5 24.3 53.0 56 -1 1
1 1 6 24.4 53.5 53 -1 1
1 1 2 24.3 53.5 49 -1 1
1 1 4 24.4 53.5 47 -1 1
1 1 21 24.5 53.0 48 -1 1
1 1 14 24.3 53.0 46 -1 1
1 1 22 24.3 52.0 47 -1 1
1 1 19 24.3 52.0 49 -1 1
1 1 8 24.3 52.0 47 -1 1
1 1 6 24.3 52.0 49 -1 1
1 1 0 24.3 53.0 46 -1 1
1 1 1 24.3 52.5 44 -1 1
1 1 4 24.3 52.5 42 -1 1
1 1 4 24.4 53.0 41 -1 1
1 1 9 24.4 53.0 39 -1 1
1 1 0 24.3 52.5 41 -1 1
1 1 0 24.3 52.0 42 -1 1
1 1 6 24.3 52.5 42 -1 1
1 1 24 24.3 53.0 42 -1 1
1 1 0 24.4 54.0 45 -1 1
1 1 6 24.4 54.5 43 -1 1
1 1 0 24.3 54.5 39 -1 1
1 1 0 24.2 54.5 38 -1 1
1 1 1 24.2 54.5 34 -1 1
1 1 0 24.2 55.0 29 -1 1
1 1 0 24.2 55.0 29 -1 1
1 1 0 24.2 55.0 29 -1 1
1 1 0 24.2 55.0 29 -1 1
1 1 0 24.2 55.5 27 -1 1
1 1 0 24.2 55.5 27 -1 1
1 1 0 24.3 56.5 27 -1 1
1 1 0 24.3 56.5 26 -1 1
1 1 1 24.3 57.0 26 -1 1
1 1 2 24.3 57.5 26 -1 1
1 1 0 24.4 58.0 26 -1 1
1 1 0 24.4 58.0 28 -1 1
1 1 0 24.4 58.5 25 -1 1
1 1 3 24.3 58.5 27 -1 1
1 1 0 24.5 59.0 27 -1 1
1 1 0 24.5 60.0 29 -1 1
1 1 0 24.5 59.0 27 -1 1
1 1 0 24.5 58.5 29 -1 1
1 1 0 24.5 58.0 27 -1 1
1 1 0 24.5 58.5 27 -1 1
1 1 0 24.5 60.0 29 -1 1
1 1 0 24.6 61.0 29 -1 1
1 1 0 24.6 61.0 27 -1 1
1 1 0 24.6 60.0 31 -1 1
1 1 6 24.6 60.5 29 -1 1
1 1 0 24.7 60.0 29 -1 1
1 1 0 24.7 61.0 32 -1 1
1 1 0 24.8 61.5 32 -1 1
1 1 0 24.7 62.0 32 -1 1
1 1 0 24.7 61.0 34 -1 1
1 1 0 24.8 63.5 32 -1 1
1 1 6 25.0 63.0 34 -1 1
1 1 0 24.9 61.5 36 -1 1
1 1 0 24.9 61.5 38 -1 1
1 1 0 24.8 61.5 37 -1 1
1 1 0 24.9 63.5 41 -1 1
1 1 0 25.0 62.0 39 -1 1
1 1 0 25.1 62.0 39 -1 1
1 1 0 25.0 62.0 45 -1 1
1 1 0 25.0 62.0 46 -1 1
1 1 0 25.0 61.5 45 -1 1
1 1 0 25.0 61.0 49 -1 1
1 1 3 24.9 60.0 51 -1 1
1 1 0 24.9 60.0 51 -1 1
1 1 0 24.8 60.5 47 -1 1
1 1 1 24.8 59.5 51 -1 1
1 1 0 24.8 59.5 49 -1 1
1 1 0 24.7 59.0 47 -1 1
1 1 0 24.7 57.0 48 -1 1
1 1 0 24.6 57.5 44 -1 1
1 1 0 24.6 57.0 44 -1 1
1 1 0 24.6 57.0 44 -1 1
1 1 0 24.5 55.5 43 -1 1
1 1 0 24.5 56.0 41 -1 1
1 1 0 24.4 56.0 44 -1 1
1 1 0 24.4 55.5 39 -1 1
1 1 2 24.4 55.0 38 -1 1
1 1 0 24.4 55.5 40 -1 1
1 1 1 24.4 55.5 40 -1 1
0 1 8 24.4 54.5 40 -1 1
0 1 3 24.4 55.5 37 -1 1
0 1 0 24.5 55.5 37 -1 1
0 1 0 24.5 55.0 37 -1 1
0 1 0 24.5 55.0 39 -1 1
0 1 0 24.5 55.0 37 -1 1
0 1 0 24.5 55.0 39 -1 1
0 1 0 24.4 54.5 39 -1 1
0 1 0 24.4 55.5 37 -1 1
0 1 0 24.6 57.0 42 -1 1
0 1 0 24.6 57.0 40 -1 1
0 1 0 24.6 57.0 42 -1 1
0 1 0 24.6 56.0 42 -1 1
0 1 0 24.5 56.0 42 -1 1
0 1 0 24.5 55.5 45 -1 1
0 1 0 24.5 55.5 42 -1 1
0 1 0 24.4 55.0 45 -1 1
0 1 0 24.4 54.5 41 -1 1
0 1 0 24.5 54.5 39 -1 1
0 1 0 24.4 55.0 41 -1 1
0 1 0 24.4 56.0 43 -1 1
0 1 0 24.5 56.0 39 -1 1
0 1 0 24.4 55.5 41 -1 1
0 1 0 24.4 55.0 43 -1 1
0 1 0 24.4 55.0 44 -1 1
0 1 0 24.3 55.0 46 -1 1
0 1 0 24.3 55.0 44 -1 1
0 1 0 24.4 55.0 44 -1 1
1 1 1 24.4 55.0 44 -1 1
1 1 12 24.3 55.5 47 -1 1
1 1 0 24.4 58.5 47 -1 1
1 1 0 24.5 57.5 42 -1 1
1 1 0 24.6 58.0 46 -1 1
1 1 0 24.6 58.5 42 -1 1
1 1 0 24.6 58.5 44 -1 1
1 1 0 24.5 58.0 42 -1 1
1 1 18 24.5 59.0 40 -1 1
1 1 12 24.6 58.5 41 -1 1
1 1 1 24.6 58.5 41 -1 1
1 1 0 24.6 58.5 41 -1 1
1 1 5 24.7 57.5 41 -1 1
1 1 6 24.6 57.0 41 -1 1
1 1 18 24.5 57.5 39 -1 1
1 1 7 24.6 58.5 43 -1 1
1 1 2 24.6 58.0 47 -1 1
1 1 2 24.8 58.5 39 -1 1
1 1 7 24.9 60.5 39 -1 1
1 1 3 25.0 62.0 39 -1 1
1 1 0 25.1 62.0 38 -1 1
1 1 4 25.2 62.5 34 -1 1
1 1 0 25.3 62.0 34 -1 1
1 1 0 25.3 61.0 37 -1 1
1 1 0 25.3 61.0 41 -1 1
1 1 0 25.3 60.5 41 -1 1
1 1 0 25.3 61.0 43 -1 1
1 1 0 25.2 61.5 44 -1 1
1 1 0 25.3 60.0 52 -1 1
1 1 0 25.1 59.5 50 -1 1
1 1 0 25.1 60.0 49 -1 1
1 1 0 25.1 60.0 49 -1 1
1 1 0 25.1 60.0 44 -1 1
1 1 0 25.1 60.5 43 -1 1
1 1 0 25.2 60.5 39 -1 1
1 1 0 25.2 61.0 39 -1 1
1 1 0 25.3 63.0 32 -1 1
1 1 0 25.5 63.5 36 -1 1
1 1 0 25.6 63.5 32 -1 1
1 1 0 25.7 61.5 32 -1 1
1 1 0 25.5 61.0 32 -1 1
1 1 0 25.5 61.0 34 -1 1
1 1 0 25.4 60.5 34 -1 1
1 1 0 25.4 60.5 36 -1 1
1 1 0 25.4 60.0 36 -1 1
1 1 0 25.3 61.0 36 -1 1
0 1 2 25.3 60.5 36 -1 1
0 1 0 25.4 61.5 38 -1 1
0 1 0 25.5 62.0 34 -1 1
0 1 0 25.5 62.0 36 -1 1
0 1 0 25.6 63.0 36 -1 1
0 1 0 25.7 63.0 36 -1 1
0 1 0 25.7 62.5 38 -1 1
0 1 0 25.6 62.5 41 -1 1
0 1 0 25.6 62.0 41 -1 1
0 1 0 25.6 61.5 47 -1 1
0 1 0 25.6 63.0 42 -1 1
0 1 0 25.6 62.5 37 -1 1
0 1 0 25.7 62.5 39 -1 1
0 1 0 25.7 62.5 39 -1 1
0 1 0 25.8 62.5 39 -1 1
0 1 0 25.7 62.5 37 -1 1
0 1 0 25.8 63.0 41 -1 1
0 1 0 25.7 63.0 41 -1 1
1 1 3 25.7 62.5 41 -1 1
1 1 12 25.7 60.5 37 -1 1
1 1 0 25.5 59.5 46 -1 1
1 1 0 25.5 62.0 43 -1 1
1 1 0 25.5 60.5 42 -1 1
1 1 0 25.6 60.0 47 -1 1
1 1 0 25.6 60.0 44 -1 1
1 1 0 25.6 61.5 37 -1 1
1 1 0 25.6 61.0 41 -1 1
1 1 0 25.6 60.0 44 -1 1
1 1 0 25.6 61.0 44 -1 1
1 1 2 25.6 60.5 44 -1 1
1 1 1 25.6 60.5 45 -1 1
1 1 0 25.6 60.5 45 -1 1
1 1 0 25.6 61.0 41 -1 1
1 1 0 25.7 61.0 39 -1 1
1 1 0 25.7 61.0 39 -1 1
1 1 0 25.7 60.5 45 -1 1
1 1 0 25.8 61.0 47 -1 1
1 1 2 25.8 61.0 43 -1 1
1 1 0 25.8 61.0 46 -1 1
1 1 0 25.9 62.0 37 -1 1
1 1 0 25.9 61.5 44 -1 1
1 1 5 26.0 62.0 47 -1 1
1 1 0 26.1 63.0 38 -1 1
1 1 0 26.1 61.5 39 -1 1
1 1 0 26.1 62.0 36 -1 1
1 1 0 26.1 61.5 36 -1 1
1 1 0 26.2 62.5 34 -1 1
1 1 0 26.2 61.5 35 -1 1
1 1 0 26.1 61.5 36 -1 1
1 1 0 26.2 61.0 34 -1 1
1 1 0 26.1 60.5 34 -1 1
1 1 0 25.9 60.0 42 -1 1
1 1 0 25.9 59.5 40 -1 1
1 1 0 25.8 60.5 34 -1 1
1 1 0 25.9 62.5 42 -1 1
1 1 0 26.1 63.0 36 -1 1
1 1 0 26.1 64.0 36 -1 1
1 1 0 26.3 63.5 29 -1 1
1 1 0 26.4 63.0 33 -1 1
1 1 0 26.4 62.5 31 -1 1
1 1 0 26.3 61.0 29 -1 1
1 1 0 26.2 62.0 29 -1 1
1 1 0 26.2 60.5 29 -1 1
1 1 1 26.2 63.0 31 -1 1
1 1 0 26.3 61.0 31 -1 1
1 1 0 26.2 63.0 31 -1 1
1 1 0 26.3 63.5 31 -1 1
1 1 0 26.4 63.0 29 -1 1
1 1 0 26.4 63.0 34 -1 1
1 1 0 26.4 62.5 34 -1 1
1 1 0 26.4 62.5 34 -1 1
1 1 0 26.4 62.5 32 -1 1
1 1 0 26.5 64.0 32 -1 1
1 1 0 26.5 64.5 32 -1 1
1 1 0 26.5 63.5 32 -1 1
1 1 0 26.6 63.5 30 -1 1
1 1 0 26.5 64.5 32 -1 1
1 1 0 26.6 64.0 31 -1 1
1 1 10 26.7 64.5 29 -1 1
1 1 7 26.7 62.5 29 -1 1
1 1 0 26.5 61.0 27 -1 1
1 1 0 26.3 60.5 27 -1 1
1 1 0 26.2 60.5 29 -1 1
1 1 0 26.1 61.0 29 -1 1
1 1 0 26.2 61.5 31 -1 1
1 1 0 26.2 60.0 31 -1 1
1 1 0 26.1 61.5 29 -1 1
1 1 0 26.2 62.5 36 -1 1
1 1 0 26.3 61.5 36 -1 1
1 1 0 26.2 61.5 36 -1 1
1 1 0 26.3 61.5 36 -1 1
1 1 0 26.2 60.5 36 -1 1
1 1 0 26.2 61.5 34 -1 1
1 1 1 26.2 60.5 34 -1 1
1 1 0 26.1 61.0 32 -1 1
1 1 0 26.1 60.5 32 -1 1
1 1 0 26.0 59.0 32 -1 1
1 1 0 25.9 58.5 36 -1 1
1 1 0 25.8 59.0 36 -1 1
1 1 0 25.7 59.0 32 -1 1
1 1 0 25.7 59.5 34 -1 1
1 1 0 25.8 61.5 31 -1 1
1 1 0 25.9 62.0 27 -1 1
1 1 0 26.0 62.5 27 -1 1
1 1 0 26.2 63.0 26 -1 1
1 1 0 26.2 63.0 26 -1 1
1 1 6 26.3 63.5 26 -1 1
1 1 18 26.4 64.0 24 -1 1
1 1 0 26.4 64.5 22 -1 1
1 1 7 26.5 64.0 24 -1 1
1 1 5 26.5 62.5 24 -1 1
1 1 3 26.4 61.5 24 -1 1
1 1 0 26.3 61.5 24 -1 1
1 1 0 26.2 61.0 22 -1 1
1 1 0 26.2 60.5 22 -1 1
1 1 0 26.1 59.5 22 -1 1
1 1 0 26.0 60.0 24 -1 1
1 1 0 26.0 61.5 22 -1 1
1 1 0 26.0 60.0 20 -1 1
1 1 0 25.9 59.5 21 -1 1
1 1 0 25.9 61.0 19 -1 1
1 1 0 26.0 61.5 19 -1 1
1 1 0 26.1 61.5 17 -1 1
1 1 0 26.1 61.0 17 -1 1
1 1 0 26.1 61.5 17 -1 1
1 1 4 26.1 62.5 17 -1 1
1 1 3 26.2 62.0 17 -1 1
1 1 9 26.2 62.5 21 -1 1
0 1 10 26.2 62.5 6 -1 0
0 1 0 26.3 62.5 6 -1 0
0 1 0 26.4 63.5 6 -1 0
0 1 0 26.4 64.0 6 -1 0
0 1 0 26.5 64.5 4 -1 0
0 1 0 26.7 65.0 4 -1 0
0 1 0 26.8 65.5 4 -1 0
0 1 0 26.8 65.5 6 -1 0
0 1 0 26.9 65.5 6 -1 0
0 1 0 27.0 66.0 5 -1 0
0 1 0 26.9 66.0 7 -1 0
0 1 0 27.0 66.0 7 -1 0
0 1 0 27.0 65.5 9 -1 0
0 1 0 27.1 66.0 9 -1 0
0 1 0 27.0 66.5 9 -1 0
0 1 0 27.1 66.0 5 -1 0
0 1 0 27.2 66.0 5 -1 0
0 1 0 27.1 66.0 5 -1 0
0 1 0 27.1 66.0 5 -1 0
0 1 0 27.2 65.0 5 -1 0
0 1 0 27.2 66.0 7 -1 0
0 1 0 27.1 66.0 7 -1 0
0 1 0 27.2 66.5 7 -1 0
0 1 0 27.2 66.5 7 -1 0
0 1 0 27.3 66.0 5 -1 0
0 1 0 27.2 65.5 7 -1 0
0 1 0 27.2 64.5 7 -1 0
0 1 0 27.2 64.0 5 -1 0
0 1 0 27.3 63.5 5 -1 0
0 1 0 27.2 64.0 5 -1 0
0 1 0 27.2 64.0 5 -1 0
0 1 0 27.3 64.5 5 -1 0
0 1 0 27.3 64.0 5 -1 0
0 1 0 27.3 64.5 5 -1 0
0 1 0 27.4 64.5 5 -1 0
0 1 0 27.3 64.0 5 -1 0
0 1 0 27.4 64.0 5 -1 0
0 1 0 27.4 64.5 5 -1 0
0 1 0 27.3 65.0 5 -1 0
0 1 0 27.3 64.5 5 -1 0
0 1 0 27.4 64.5 5 -1 0
0 1 0 27.4 65.0 5 -1 0
0 1 0 27.4 65.5 5 -1 0
0 1 0 27.5 65.0 5 -1 0
0 1 0 27.5 65.0 7 -1 0
0 1 0 27.5 65.0 7 -1 0
0 1 0 27.5 65.0 7 -1 0
0 1 0 27.5 65.0 5 -1 0
0 1 0 27.5 65.0 5 -1 0
0 1 0 27.5 64.5 6 -1 0
0 1 0 27.5 65.0 4 -1 0
0 1 0 27.6 65.5 4 -1 0
0 1 0 27.5 66.0 2 -1 0
0 1 0 27.6 65.5 2 -1 0
0 1 0 27.6 65.5 4 -1 0
0 1 0 27.5 65.0 4 -1 0
0 1 0 27.5 65.0 4 -1 0
0 1 0 27.5 64.5 2 -1 0
0 1 0 27.6 64.5 2 -1 0
0 1 0 27.6 65.0 2 -1 0
0 1 0 27.6 65.0 4 -1 0
0 1 0 27.6 65.0 4 -1 0
0 1 0 27.5 65.0 4 -1 0
0 1 0 27.6 64.5 4 -1 0
0 1 0 27.6 65.0 4 -1 0
0 1 0 27.6 65.0 4 -1 0
0 1 0 27.6 64.5 4 -1 0
0 1 0 27.5 64.5 4 -1 0
0 1 0 27.6 64.5 2 -1 0
0 1 0 27.6 64.5 2 -1 0
0 1 0 27.6 64.0 2 -1 0
0 1 0 27.6 64.0 2 -1 0
0 1 0 27.6 64.0 2 -1 0
0 1 0 27.6 63.5 2 -1 0
0 1 0 27.6 63.5 4 -1 0
0 1 0 27.6 63.5 4 -1 0
0 1 0 27.6 63.0 4 -1 0
0 1 0 27.6 63.5 4 -1 0
0 1 0 27.6 63.0 4 -1 0
0 1 0 27.6 63.5 4 -1 0
0 1 0 27.6 63.0 4 -1 0
0 1 0 27.6 63.5 2 -1 0
0 1 0 27.5 63.0 2 -1 0
0 1 0 27.5 62.5 2 -1 0
0 1 0 27.5 62.0 2 -1 0
0 1 0 27.4 61.5 2 -1 0
0 1 0 27.5 61.5 2 -1 0
0 1 0 27.5 61.5 2 -1 0
0 1 0 27.5 62.0 2 -1 0
0 1 0 27.5 62.0 2 -1 0
0 1 0 27.5 62.5 2 -1 0
0 1 0 27.5 62.0 2 -1 0
0 1 0 27.5 61.0 2 -1 0
0 1 0 27.5 61.0 2 -1 0
0 1 0 27.5 60.5 2 -1 0
0 1 0 27.5 60.5 2 -1 0
0 1 0 27.4 60.5 2 -1 0
0 1 0 27.4 61.0 2 -1 0
0 1 0 27.4 61.0 2 -1 0
0 1 0 27.4 61.0 2 -1 0
0 1 0 27.4 61.5 2 -1 0
0 1 0 27.5 61.0 1 -1 0
0 1 0 27.4 60.0 1 -1 0
0 1 0 27.4 60.0 4 -1 0
0 1 0 27.4 60.0 4 -1 0
0 1 0 27.4 59.5 4 -1 0
0 1 0 27.3 59.5 4 -1 0
0 1 0 27.3 59.0 4 -1 0
0 1 0 27.2 59.0 2 -1 0
0 1 0 27.3 59.0 2 -1 0
0 1 0 27.3 58.5 2 -1 0
0 1 0 27.2 58.5 2 -1 0
0 1 0 27.1 58.0 2 -1 0
0 1 0 27.2 58.0 2 -1 0
0 1 0 27.1 57.5 2 -1 0
0 1 0 27.1 57.5 2 -1 0
0 1 0 27.1 57.0 2 -1 0
0 1 0 27.1 57.0 2 -1 0
0 1 0 27.1 56.5 2 -1 0
0 1 0 27.1 56.5 2 -1 0
0 1 0 27.1 56.0 2 -1 0
0 1 0 27.1 56.0 2 -1 0
0 1 0 27.0 56.0 2 -1 0
0 1 0 27.0 55.5 2 -1 0
0 1 0 27.0 55.5 2 -1 0
0 1 0 27.0 55.0 2 -1 0
0 1 0 27.0 55.0 0 -1 0
0 1 0 26.9 55.0 0 -1 0
0 1 0 26.9 55.0 0 -1 0
0 1 0 26.8 55.0 0 -1 0
0 1 0 26.9 55.0 0 -1 0
0 1 0 26.9 55.0 0 -1 0
0 1 0 26.9 54.5 0 -1 0
0 1 0 26.9 54.0 0 -1 0
0 1 0 26.8 54.0 0 -1 0
0 1 0 26.8 54.0 0 -1 0
0 1 0 26.8 54.0 0 -1 0
0 1 0 26.8 54.0 0 -1 0
0 1 0 26.8 54.0 0 -1 0
0 1 0 26.8 53.5 0 -1 0
0 1 0 26.8 53.5 0 -1 0
0 1 0 26.7 53.5 0 -1 0
0 1 0 26.8 53.0 0 -1 0
0 1 0 26.7 53.0 0 -1 0
0 1 0 26.7 53.0 0 -1 0
0 1 0 26.8 53.0 0 -1 0
0 1 0 26.7 53.0 0 -1 0
0 1 0 26.7 53.5 0 -1 0
0 1 0 26.8 53.5 0 -1 0
0 1 0 26.7 53.5 0 -1 0
0 1 0 26.7 53.0 0 -1 0
0 1 0 26.7 53.0 0 -1 0
0 1 0 26.6 53.0 0 -1 0
0 1 0 26.7 53.0 0 -1 0
0 1 0 26.6 53.0 0 -1 0
0 1 0 26.6 53.0 0 -1 0
0 1 0 26.6 52.5 0 -1 0
0 1 0 26.6 52.5 0 -1 0
0 1 0 26.6 52.5 0 -1 0
0 1 0 26.6 52.5 0 -1 0
0 1 0 26.6 52.0 0 -1 0
0 1 0 26.6 52.0 0 -1 0
0 1 0 26.5 52.0 0 -1 0
0 1 0 26.5 52.0 0 -1 0
0 1 0 26.5 52.0 0 -1 0
0 1 0 26.5 52.0 0 -1 0
0 1 0 26.5 52.0 0 -1 0
0 1 0 26.5 51.5 0 -1 0
0 1 0 26.4 51.5 0 -1 0
0 1 0 26.4 51.5 0 -1 0
0 1 0 26.5 51.5 0 -1 0
0 1 0 26.4 51.5 0 -1 0
0 1 0 26.5 51.0 0 -1 0
0 1 0 26.5 51.0 0 -1 0
0 1 0 26.4 51.0 0 -1 0
0 1 0 26.4 51.0 0 -1 0
0 1 0 26.4 51.0 0 -1 0
0 1 0 26.5 50.5 0 -1 0
0 1 0 26.4 50.5 0 -1 0
0 1 0 26.5 50.5 0 -1 0
0 1 0 26.4 50.5 0 -1 0
0 1 0 26.4 50.5 0 -1 0
0 1 0 26.4 50.5 0 -1 0
0 1 0 26.5 50.5 0 -1 0
0 1 0 26.5 50.5 0 -1 0
0 1 0 26.5 51.0 0 -1 0
0 1 0 26.4 51.0 0 -1 0
0 1 0 26.4 50.5 0 -1 0
0 1 0 26.4 51.0 0 -1 0
0 1 0 26.4 51.0 0 -1 0
0 1 0 26.4 51.0 0 -1 0
0 1 0 26.4 51.0 0 -1 0
0 1 0 26.4 51.0 0 -1 0
0 1 0 26.4 51.0 0 -1 0
0 1 0 26.4 51.0 0 -1 0
0 1 0 26.4 51.0 0 -1 0
0 1 0 26.4 51.0 0 -1 0
0 1 0 26.4 50.5 0 -1 0
0 1 0 26.4 50.5 0 -1 0
0 1 0 26.4 51.0 0 -1 0
0 1 0 26.4 51.0 0 -1 0
0 1 0 26.4 51.0 0 -1 0
0 1 0 26.5 51.5 0 -1 0
0 1 0 26.5 51.0 0 -1 0
0 1 0 26.5 51.5 0 -1 0
0 1 0 26.4 51.5 0 -1 0
0 1 0 26.4 51.5 0 -1 0
0 1 0 26.6 52.0 0 -1 0
0 1 0 26.5 52.0 0 -1 0
0 1 0 26.5 52.0 0 -1 0
0 1 0 26.5 52.0 0 -1 0
0 1 0 26.5 52.0 0 -1 0
0 1 0 26.5 52.0 0 -1 0
0 1 0 26.5 52.0 0 -1 0
0 1 0 26.6 52.0 0 -1 0
0 1 0 26.5 52.0 0 -1 0
0 1 0 26.5 52.0 0 -1 0
0 1 0 26.5 52.0 0 -1 0
0 1 0 26.5 52.0 0 -1 0
0 1 0 26.5 52.0 0 -1 0
0 1 0 26.5 52.0 0 -1 0
0 1 0 26.5 52.0 0 -1 0
0 1 0 26.5 52.0 0 -1 0
0 1 0 26.6 52.0 0 -1 0
0 1 0 26.6 52.5 0 -1 0
0 1 0 26.6 52.5 0 -1 0
0 1 0 26.5 52.5 0 -1 0
0 1 0 26.6 52.0 0 -1 0
0 1 0 26.6 52.0 0 -1 0
0 1 0 26.5 52.0 0 -1 0
0 1 0 26.5 52.0 0 -1 0
0 1 0 26.5 52.0 0 -1 0
0 1 0 26.5 52.0 0 -1 0
0 1 0 26.6 52.0 0 -1 0
0 1 0 26.5 52.0 0 -1 0
0 1 0 26.5 51.5 0 -1 0
0 1 0 26.5 51.5 0 -1 0
0 1 0 26.6 51.5 0 -1 0
0 1 0 26.6 51.5 0 -1 0
0 1 0 26.5 51.5 0 -1 0
0 1 0 26.5 51.5 0 -1 0
0 1 0 26.4 51.5 0 -1 0
0 1 0 26.5 51.5 0 -1 0
0 1 0 26.5 51.5 0 -1 0
0 1 0 26.4 51.5 0 -1 0
0 1 0 26.4 51.5 0 -1 0
0 1 0 26.4 51.5 0 -1 0
0 1 0 26.4 51.5 0 -1 0
0 1 0 26.4 51.0 0 -1 0
0 1 0 26.5 51.0 0 -1 0
0 1 0 26.4 51.0 0 -1 0
0 1 0 26.5 51.0 0 -1 0
0 1 0 26.4 51.0 0 -1 0
0 1 0 26.4 51.0 0 -1 0
0 1 0 26.4 51.5 0 -1 0
0 1 0 26.5 51.5 0 -1 0
0 1 0 26.5 51.0 0 -1 0
0 1 0 26.4 51.0 1 -1 0
0 1 0 26.4 51.0 0 -1 0
0 1 0 26.5 50.5 0 -1 0
0 1 0 26.4 51.0 0 -1 0
0 1 0 26.5 51.0 0 -1 0
0 1 0 26.5 51.0 0 -1 0
0 1 0 26.4 51.0 0 -1 0
0 1 0 26.4 51.0 0 -1 0
0 1 0 26.5 51.0 0 -1 0
0 1 0 26.5 51.0 0 -1 0
0 1 0 26.5 51.0 0 -1 0
0 1 0 26.5 51.0 0 -1 0
0 1 0 26.5 51.0 0 -1 0
0 1 0 26.5 51.0 0 -1 0
0 1 0 26.5 51.5 0 -1 0
0 1 0 26.5 51.5 0 -1 0
0 1 0 26.5 51.0 0 -1 0
0 1 0 26.5 51.0 0 -1 0
0 1 0 26.5 51.0 0 -1 0
0 1 0 26.5 50.5 0 -1 0
0 1 0 26.6 51.0 0 -1 0
0 1 0 26.6 50.5 0 -1 0
0 1 0 26.5 50.5 0 -1 0
0 1 0 26.5 51.0 0 -1 0
0 1 0 26.6 51.0 0 -1 0
0 1 0 26.6 51.0 0 -1 0
0 1 0 26.6 51.0 0 -1 0
0 1 0 26.6 51.0 0 -1 0
0 1 0 26.6 51.0 0 -1 0
0 1 0 26.6 51.5 0 -1 0
0 1 0 26.7 51.5 0 -1 0
0 1 0 26.6 51.5 0 -1 0
0 1 0 26.7 51.5 0 -1 0
0 1 0 26.6 51.5 0 -1 0
0 1 0 26.6 51.5 0 -1 0
0 1 0 26.7 51.5 0 -1 0
0 1 0 26.7 51.5 0 -1 0
0 1 0 26.7 51.0 0 -1 0
0 1 0 26.7 51.0 0 -1 0
0 1 0 26.7 51.0 0 -1 0
0 1 0 26.7 51.0 0 -1 0
0 1 0 26.7 51.0 0 -1 0
0 1 0 26.7 51.0 0 -1 0
0 1 0 26.8 51.0 0 -1 0
0 1 0 26.8 51.0 0 -1 0
0 1 0 26.7 51.0 0 -1 0
0 1 0 26.8 51.0 0 -1 0
0 1 0 26.8 51.0 0 -1 0
0 1 0 26.7 51.0 0 -1 0
0 1 0 26.8 51.0 0 -1 0
0 1 0 26.8 51.0 0 -1 0
0 1 0 26.7 51.0 0 -1 0
0 1 0 26.8 51.0 0 -1 0
0 1 0 26.8 51.0 1 -1 0
0 1 0 26.8 51.0 2 -1 0
0 1 0 26.8 51.0 2 -1 0
0 1 0 26.9 51.0 2 -1 0
0 1 0 26.9 51.0 2 -1 0
0 1 0 26.9 51.0 2 -1 0
0 1 0 26.9 51.0 2 -1 0
0 1 0 26.9 51.0 2 -1 0
0 1 0 26.9 51.0 2 -1 0
0 1 0 26.9 51.0 2 -1 0
0 1 0 26.9 51.0 2 -1 0
0 1 0 26.9 51.0 2 -1 0
0 1 0 26.9 51.0 2 -1 0
0 1 0 26.9 51.0 2 -1 0
0 1 0 26.9 51.0 2 -1 0
0 1 0 26.9 51.0 2 -1 0
0 1 0 26.9 51.0 2 -1 0
0 1 0 27.0 51.0 2 -1 0
0 1 0 27.0 51.5 2 -1 0
0 1 0 27.0 51.5 2 -1 0
0 1 0 27.0 51.5 2 -1 0
0 1 0 27.0 51.5 2 -1 0
0 1 0 27.0 51.5 2 -1 0
0 1 0 27.0 51.5 2 -1 0
0 1 0 27.1 51.5 2 -1 0
0 1 0 27.0 51.5 2 -1 0
0 1 0 27.1 51.5 2 -1 0
0 1 0 27.1 51.5 2 -1 0
0 1 0 27.1 51.5 2 -1 0
0 1 0 27.1 51.5 2 -1 0
0 1 0 27.1 51.5 2 -1 0
0 1 0 27.1 51.5 2 -1 0
0 1 0 27.1 51.5 2 -1 0
0 1 0 27.1 51.5 2 -1 0
0 1 0 27.1 51.5 2 -1 0
0 1 0 27.2 51.5 2 -1 0
0 1 0 27.2 51.5 2 -1 0
0 1 0 27.2 51.5 2 -1 0
0 1 0 27.2 51.5 2 -1 0
0 1 0 27.2 51.5 2 -1 0
0 1 0 27.2 51.5 2 -1 0
0 1 0 27.2 51.5 2 -1 0
0 1 0 27.3 51.5 2 -1 0
0 1 0 27.2 51.5 2 -1 0
0 1 0 27.3 51.5 2 -1 0
0 1 0 27.3 51.5 2 -1 0
0 1 0 27.3 51.5 2 -1 0
0 1 0 27.3 51.5 2 -1 0
0 1 0 27.3 51.5 2 -1 0
0 1 0 27.3 51.5 2 -1 0
0 1 0 27.4 51.5 2 -1 0
0 1 0 27.3 51.5 2 -1 0
0 1 0 27.4 51.5 2 -1 0
0 1 0 27.4 51.5 2 -1 0
0 1 0 27.3 51.5 2 -1 0
0 1 0 27.4 51.5 2 -1 0
0 1 0 27.4 51.5 2 -1 0
0 1 0 27.4 51.5 2 -1 0
0 1 0 27.4 51.5 2 -1 0
0 1 0 27.5 52.0 2 -1 0
0 1 0 27.5 51.5 2 -1 0
0 1 0 27.4 52.0 2 -1 0
0 1 0 27.3 52.0 2 -1 0
0 1 0 27.5 52.0 2 -1 0
0 1 0 27.5 52.0 2 -1 0
0 1 0 27.5 52.0 2 -1 0
0 1 0 27.5 52.0 2 -1 0
0 1 0 27.5 52.0 2 -1 0
0 1 0 27.6 52.0 2 -1 0
0 1 0 27.5 52.0 2 -1 0
0 1 0 27.5 52.0 2 -1 0
0 1 0 27.5 52.0 2 -1 0
0 1 0 27.6 52.0 2 -1 0
0 1 0 27.6 52.0 2 -1 0
0 1 0 27.6 52.0 2 -1 0
0 1 0 27.6 52.0 2 -1 0
0 1 0 27.6 52.0 2 -1 0
0 1 0 27.6 52.0 2 -1 0
0 1 0 27.7 52.0 2 -1 0
0 1 0 27.6 52.0 2 -1 0
0 1 0 27.7 52.0 2 -1 0
0 1 0 27.7 52.0 2 -1 0
0 1 0 27.7 52.0 2 -1 0
0 1 0 27.7 52.0 2 -1 0
0 1 0 27.7 52.0 2 -1 0
0 1 0 27.8 52.0 2 -1 0
0 1 0 27.7 52.0 2 -1 0
0 1 0 27.7 52.0 2 -1 0
0 1 0 27.7 52.0 2 -1 0
0 1 0 27.7 52.0 2 -1 0
0 1 0 27.8 52.0 2 -1 0
0 1 0 27.8 52.0 2 -1 0
0 1 0 27.8 52.5 2 -1 0
0 1 0 27.8 52.5 2 -1 0
0 1 0 27.8 52.5 2 -1 0
0 1 0 27.8 52.5 2 -1 0
0 1 0 27.8 53.0 2 -1 0
0 1 0 27.8 53.0 2 -1 0
0 1 0 27.8 53.0 2 -1 0
0 1 0 27.9 53.5 2 -1 0
0 1 0 27.8 53.5 2 -1 0
0 1 0 27.9 53.5 2 -1 0
0 1 0 27.9 53.5 2 -1 0
0 1 0 27.9 54.0 2 -1 0
0 1 0 27.9 54.5 2 -1 0
0 1 0 28.0 55.0 2 -1 0
0 1 0 27.9 55.5 2 -1 0
0 1 0 27.9 55.5 2 -1 0
0 1 0 27.9 55.0 2 -1 0
0 1 0 28.0 55.0 2 -1 0
0 1 0 28.0 55.0 2 -1 0
0 1 0 28.0 55.0 2 -1 0
0 1 0 28.0 55.0 2 -1 0
0 1 0 28.0 55.0 2 -1 0
0 1 0 28.0 55.0 2 -1 0
0 1 0 28.0 55.0 2 -1 0
0 1 0 28.1 55.0 2 -1 0
0 1 0 28.0 55.0 2 -1 0
0 1 0 28.1 55.0 2 -1 0
0 1 0 28.0 55.0 2 -1 0
0 1 0 28.1 55.0 2 -1 0
0 1 0 28.1 55.0 2 -1 0
0 1 0 28.1 55.0 2 -1 0
0 1 0 28.1 55.0 2 -1 0
0 1 0 28.1 55.0 2 -1 0
0 1 0 28.1 55.0 2 -1 0
0 1 0 28.1 55.0 2 -1 0
0 1 0 28.2 55.0 2 -1 0
0 1 0 28.1 55.0 2 -1 0
0 1 0 28.1 55.0 2 -1 0
0 1 0 28.2 55.0 2 -1 0
0 1 0 28.2 55.0 2 -1 0
0 1 0 28.1 55.0 2 -1 0
0 1 0 28.2 55.0 2 -1 0
0 1 0 28.2 55.0 2 -1 0
0 1 0 28.2 55.0 2 -1 0
0 1 0 28.2 55.0 2 -1 0
0 1 0 28.3 55.0 2 -1 0
0 1 0 28.2 55.0 2 -1 0
0 1 0 28.2 55.0 2 -1 0
0 1 0 28.3 55.0 2 -1 0
0 1 0 28.3 55.0 2 -1 0
0 1 0 28.3 55.5 2 -1 0
0 1 0 28.3 55.0 2 -1 0
0 1 0 28.2 55.0 2 -1 0
