0 1 0 29.9 53.0 2 -1 0
0 1 0 29.9 53.0 2 -1 0
0 1 0 29.9 53.0 2 -1 0
0 1 0 29.9 53.0 2 -1 0
0 1 0 29.9 53.0 2 -1 0
0 1 0 30.0 53.0 2 -1 0
0 1 0 30.0 53.5 2 -1 0
0 1 0 30.0 53.5 2 -1 0
0 1 0 30.0 53.5 2 -1 0
0 1 0 30.0 53.5 2 -1 0
0 1 0 30.0 53.5 2 -1 0
0 1 0 30.0 53.5 2 -1 0
0 1 0 30.1 53.5 2 -1 0
0 1 0 30.1 53.5 2 -1 0
0 1 0 30.1 53.5 2 -1 0
0 1 0 30.1 53.5 2 -1 0
0 1 0 30.1 53.5 2 -1 0
0 1 0 30.1 53.5 2 -1 0
0 1 0 30.1 53.5 2 -1 0
0 1 0 30.1 53.5 2 -1 0
0 1 0 30.1 53.5 2 -1 0
0 1 0 30.1 54.0 2 -1 0
0 1 0 30.1 54.0 2 -1 0
0 1 0 30.1 54.0 2 -1 0
0 1 0 30.1 54.0 2 -1 0
0 1 0 30.2 54.0 2 -1 0
0 1 0 30.2 54.0 2 -1 0
0 1 0 30.2 54.0 2 -1 0
0 1 0 30.2 54.0 2 -1 0
0 1 0 30.2 53.5 2 -1 0
0 1 0 30.2 53.5 2 -1 0
0 1 0 30.2 54.0 2 -1 0
0 1 0 30.2 54.5 2 -1 0
0 1 0 30.3 54.5 2 -1 0
0 1 0 30.2 54.5 2 -1 0
0 1 0 30.2 54.5 2 -1 0
0 1 0 30.2 55.0 2 -1 0
0 1 0 30.2 55.0 2 -1 0
0 1 0 30.3 55.0 2 -1 0
0 1 0 30.3 55.0 2 -1 0
0 1 0 30.3 55.0 2 -1 0
0 1 0 30.3 54.5 2 -1 0
0 1 0 30.3 54.5 2 -1 0
0 1 0 30.3 54.5 2 -1 0
0 1 0 30.3 54.5 2 -1 0
0 1 0 30.3 54.5 2 -1 0
0 1 0 30.3 54.5 2 -1 0
0 1 0 30.4 54.5 2 -1 0
0 1 0 30.4 54.5 2 -1 0
0 1 0 30.4 54.5 2 -1 0
0 1 0 30.4 54.0 2 -1 0
0 1 0 30.4 54.0 2 -1 0
0 1 0 30.4 54.0 2 -1 0
0 1 0 30.4 54.0 2 -1 0
0 1 0 30.4 54.5 2 -1 0
0 1 0 30.4 54.5 2 -1 0
0 1 0 30.4 54.5 2 -1 0
0 1 0 30.4 54.5 2 -1 0
0 1 0 30.5 54.5 2 -1 0
0 1 0 30.5 54.5 2 -1 0
0 1 0 30.4 55.0 2 -1 0
0 1 0 30.4 55.0 2 -1 0
0 1 0 30.5 55.0 2 -1 0
0 1 0 30.5 54.5 2 -1 0
0 1 0 30.5 54.5 2 -1 0
0 1 0 30.6 54.5 2 -1 0
0 1 0 30.4 54.5 2 -1 0
0 1 0 30.6 54.5 2 -1 0
0 1 0 30.5 54.5 2 -1 0
0 1 0 30.5 54.5 2 -1 0
0 1 0 30.5 54.5 2 -1 0
0 1 0 30.6 54.5 2 -1 0
0 1 0 30.6 54.5 2 -1 0
0 1 0 30.6 54.0 2 -1 0
0 1 0 30.5 54.5 2 -1 0
0 1 0 30.6 54.5 2 -1 0
0 1 0 30.6 54.5 2 -1 0
0 1 0 30.6 54.0 2 -1 0
0 1 0 30.6 54.5 2 -1 0
0 1 0 30.6 54.5 2 -1 0
0 1 0 30.6 54.5 2 -1 0
0 1 0 30.6 54.5 2 -1 0
0 1 0 30.6 54.5 2 -1 0
0 1 0 30.7 54.5 2 -1 0
0 1 0 30.6 54.5 2 -1 0
0 1 0 30.7 54.5 2 -1 0
0 1 0 30.6 54.5 2 -1 0
0 1 0 30.7 54.5 2 -1 0
0 1 0 30.6 54.5 2 -1 0
0 1 0 30.7 54.5 2 -1 0
0 1 0 30.6 54.0 2 -1 0
0 1 0 30.6 54.5 2 -1 0
0 1 0 30.7 54.0 2 -1 0
0 1 0 30.6 54.0 2 -1 0
0 1 0 30.6 54.0 2 -1 0
0 1 0 30.7 54.0 2 -1 0
0 1 0 30.7 54.0 2 -1 0
0 1 0 30.7 54.0 2 -1 0
0 1 0 30.7 54.5 2 -1 0
0 1 0 30.7 54.0 2 -1 0
0 1 0 30.7 54.0 2 -1 0
0 1 0 30.7 54.0 2 -1 0
0 1 0 30.7 54.0 2 -1 0
0 1 0 30.7 54.0 2 -1 0
0 1 0 30.8 54.0 2 -1 0
0 1 0 30.7 54.0 2 -1 0
0 1 0 30.7 54.5 2 -1 0
0 1 0 30.7 54.0 2 -1 0
0 1 0 30.8 54.0 2 -1 0
0 1 0 30.8 54.0 2 -1 0
0 1 0 30.8 54.5 2 -1 0
0 1 0 30.8 54.5 2 -1 0
0 1 0 30.8 54.5 2 -1 0
0 1 0 30.7 54.5 2 -1 0
0 1 0 30.8 54.5 2 -1 0
0 1 0 30.7 54.5 2 -1 0
0 1 0 30.9 54.5 2 -1 0
0 1 0 30.7 54.5 2 -1 0
0 1 0 30.8 54.5 2 -1 0
0 1 0 30.8 54.5 2 -1 0
0 1 0 30.8 54.5 2 -1 0
0 1 0 30.8 54.5 2 -1 0
0 1 0 30.8 54.5 2 -1 0
0 1 0 30.8 54.5 2 -1 0
0 1 0 30.8 55.0 2 -1 0
0 1 0 30.8 55.0 2 -1 0
0 1 0 30.8 55.0 2 -1 0
0 1 0 30.9 55.5 2 -1 0
0 1 0 30.8 55.5 2 -1 0
0 1 0 30.8 55.5 2 -1 0
0 1 0 30.8 55.5 2 -1 0
0 1 0 30.9 55.5 2 -1 0
0 1 0 31.0 55.5 2 -1 0
0 1 0 30.9 55.5 2 -1 0
0 1 0 30.9 55.5 2 -1 0
0 1 0 30.9 55.5 2 -1 0
0 1 0 30.9 55.5 2 -1 0
0 1 0 30.9 55.5 2 -1 0
0 1 0 30.9 55.5 2 -1 0
0 1 0 30.8 55.5 2 -1 0
0 1 0 31.0 55.5 2 -1 0
0 1 0 30.9 55.5 2 -1 0
0 1 0 31.0 55.5 2 -1 0
0 1 0 30.9 55.5 2 -1 0
0 1 0 31.0 55.5 2 -1 0
0 1 0 30.9 55.5 2 -1 0
0 1 0 31.0 55.5 2 -1 0
0 1 0 31.0 55.5 2 -1 0
0 1 0 31.0 55.5 2 -1 0
0 1 0 30.9 55.5 2 -1 0
0 1 0 31.1 55.5 2 -1 0
0 1 0 31.0 55.5 2 -1 0
0 1 0 31.0 55.5 2 -1 0
0 1 0 31.0 55.5 2 -1 0
0 1 0 31.1 55.5 2 -1 0
0 1 0 31.0 55.5 2 -1 0
0 1 0 31.0 55.5 2 -1 0
0 1 0 31.0 55.5 2 -1 0
0 1 0 31.1 55.5 2 -1 0
0 1 0 31.0 55.5 2 -1 0
0 1 0 31.1 55.5 2 -1 0
0 1 0 31.1 55.5 2 -1 0
0 1 0 31.0 56.0 2 -1 0
0 1 0 31.0 56.0 2 -1 0
0 1 0 31.1 56.0 2 -1 0
0 1 0 31.1 56.0 2 -1 0
0 1 0 31.0 56.0 2 -1 0
0 1 0 31.0 56.0 2 -1 0
0 1 0 31.1 56.0 2 -1 0
0 1 0 31.1 55.5 2 -1 0
0 1 0 31.0 55.5 2 -1 0
0 1 0 31.1 55.5 2 -1 0
0 1 0 31.1 55.5 2 -1 0
0 1 0 31.1 55.5 2 -1 0
0 1 0 31.1 55.5 2 -1 0
0 1 0 31.0 55.5 2 -1 0
0 1 0 31.1 55.5 2 -1 0
0 1 0 31.1 56.0 2 -1 0
0 1 0 31.0 56.0 2 -1 0
0 1 0 31.1 56.0 2 -1 0
0 1 0 31.1 56.0 2 -1 0
0 1 0 31.1 56.0 2 -1 0
0 1 0 31.2 56.0 2 -1 0
0 1 0 31.1 56.0 2 -1 0
0 1 0 31.1 56.0 2 -1 0
0 1 0 31.2 56.0 2 -1 0
0 1 0 31.1 56.0 2 -1 0
0 1 0 31.1 56.0 2 -1 0
0 1 0 31.1 56.0 2 -1 0
0 1 0 31.2 56.0 2 -1 0
0 1 0 31.2 56.0 2 -1 0
0 1 0 31.1 56.0 2 -1 0
0 1 0 31.1 56.0 2 -1 0
0 1 0 31.2 56.0 2 -1 0
0 1 0 31.2 56.0 2 -1 0
0 1 0 31.2 56.0 2 -1 0
0 1 0 31.2 56.0 2 -1 0
0 1 0 31.2 56.0 2 -1 0
0 1 0 31.2 56.0 2 -1 0
0 1 0 31.2 56.0 2 -1 0
0 1 0 31.1 56.0 2 -1 0
0 1 0 31.2 56.0 2 -1 0
0 1 0 31.2 56.0 2 -1 0
0 1 0 31.1 56.0 2 -1 0
0 1 0 31.2 56.0 2 -1 0
0 1 0 31.2 56.5 2 -1 0
0 1 0 31.2 56.0 2 -1 0
0 1 0 31.2 56.5 2 -1 0
0 1 0 31.2 56.0 2 -1 0
0 1 0 31.2 56.5 2 -1 0
0 1 0 31.3 56.5 2 -1 0
0 1 0 31.2 56.5 2 -1 0
0 1 0 31.3 56.5 2 -1 0
0 1 0 31.3 56.5 2 -1 0
0 1 0 31.3 56.0 2 -1 0
0 1 0 31.3 56.0 2 -1 0
0 1 0 31.3 56.0 2 -1 0
0 1 0 31.2 56.5 2 -1 0
0 1 0 31.2 56.5 2 -1 0
0 1 0 31.2 56.5 2 -1 0
0 1 0 31.2 56.5 2 -1 0
0 1 0 31.2 56.5 2 -1 0
0 1 0 31.3 56.5 2 -1 0
0 1 0 31.2 56.5 2 -1 0
0 1 0 31.2 56.5 2 -1 0
0 1 0 31.2 56.5 2 -1 0
0 1 0 31.3 56.5 2 -1 0
0 1 0 31.3 56.5 2 -1 0
0 1 0 31.3 56.5 2 -1 0
0 1 0 31.3 56.5 2 -1 0
0 1 0 31.3 56.5 2 -1 0
0 1 0 31.3 56.5 2 -1 0
0 1 0 31.3 57.0 2 -1 0
0 1 0 31.3 56.5 2 -1 0
0 1 0 31.3 57.0 2 -1 0
0 1 0 31.3 57.0 2 -1 0
0 1 0 31.3 57.0 2 -1 0
0 1 0 31.3 57.0 2 -1 0
0 1 0 31.3 57.0 2 -1 0
0 1 0 31.3 57.0 2 -1 0
0 1 0 31.3 57.0 2 -1 0
0 1 0 31.3 57.0 2 -1 0
0 1 0 31.3 57.0 2 -1 0
0 1 0 31.3 57.0 2 -1 0
0 1 0 31.3 57.0 2 -1 0
0 1 0 31.3 57.5 2 -1 0
0 1 0 31.3 57.5 2 -1 0
0 1 0 31.3 57.5 2 -1 0
0 1 0 31.3 57.5 2 -1 0
0 1 0 31.3 57.5 2 -1 0
0 1 0 31.3 58.0 2 -1 0
0 1 0 31.3 58.0 2 -1 0
0 1 0 31.3 58.0 2 -1 0
0 1 0 31.3 58.0 2 -1 0
0 1 0 31.3 57.5 2 -1 0
0 1 0 31.3 58.0 2 -1 0
0 1 0 31.3 58.0 2 -1 0
0 1 0 31.3 58.0 2 -1 0
0 1 0 31.3 58.0 2 -1 0
0 1 0 31.3 58.0 2 -1 0
0 1 0 31.3 58.0 2 -1 0
0 1 0 31.4 58.0 2 -1 0
0 1 0 31.3 58.0 2 -1 0
0 1 0 31.4 58.0 2 -1 0
0 1 0 31.3 58.0 2 -1 0
0 1 0 31.4 58.0 2 -1 0
0 1 0 31.3 58.0 2 -1 0
0 1 0 31.4 58.0 2 -1 0
0 1 0 31.3 58.0 2 -1 0
0 1 0 31.3 58.0 2 -1 0
0 1 0 31.3 58.0 2 -1 0
0 1 0 31.4 58.0 2 -1 0
0 1 0 31.4 58.5 2 -1 0
0 1 0 31.4 58.0 2 -1 0
0 1 0 31.4 58.0 2 -1 0
0 1 0 31.4 58.0 2 -1 0
0 1 0 31.4 58.0 2 -1 0
0 1 0 31.3 58.0 2 -1 0
0 1 0 31.4 58.0 2 -1 0
0 1 0 31.4 58.0 2 -1 0
0 1 0 31.4 58.0 2 -1 0
0 1 0 31.3 58.0 2 -1 0
0 1 0 31.4 58.0 2 -1 0
0 1 0 31.3 58.0 2 -1 0
0 1 0 31.4 58.0 2 -1 0
0 1 0 31.4 58.0 2 -1 0
0 1 0 31.4 58.0 2 -1 0
0 1 0 31.4 58.0 2 -1 0
0 1 0 31.5 58.0 2 -1 0
0 1 0 31.5 58.0 2 -1 0
0 1 0 31.4 58.0 2 -1 0
0 1 0 31.4 58.0 2 -1 0
0 1 0 31.4 58.0 2 -1 0
0 1 0 31.5 58.0 2 -1 0
0 1 0 31.4 58.0 2 -1 0
0 1 0 31.4 58.0 2 -1 0
0 1 0 31.4 58.0 2 -1 0
0 1 0 31.4 58.0 2 -1 0
0 1 0 31.4 58.0 2 -1 0
0 1 0 31.5 58.0 2 -1 0
0 1 0 31.4 58.5 1 -1 0
0 1 0 31.4 58.5 1 -1 0
0 1 0 31.4 58.5 1 -1 0
0 1 0 31.4 58.5 1 -1 0
0 1 0 31.4 58.5 1 -1 0
0 1 0 31.5 58.5 1 -1 0
0 1 0 31.4 58.5 1 -1 0
0 1 0 31.4 58.5 1 -1 0
0 1 0 31.5 58.5 1 -1 0
0 1 0 31.4 58.5 1 -1 0
0 1 0 31.4 58.5 1 -1 0
0 1 0 31.4 58.5 1 -1 0
0 1 0 31.3 58.5 0 -1 0
0 1 0 31.4 58.5 0 -1 0
0 1 0 31.4 58.5 0 -1 0
0 1 0 31.4 58.5 0 -1 0
0 1 0 31.4 58.5 0 -1 0
0 1 0 31.4 58.5 0 -1 0
0 1 0 31.4 58.5 2 -1 0
0 1 0 31.4 58.5 2 -1 0
0 1 0 31.5 58.5 2 -1 0
0 1 0 31.4 58.5 1 -1 0
0 1 0 31.4 59.0 1 -1 0
0 1 0 31.5 59.0 2 -1 0
0 1 0 31.5 59.0 1 -1 0
0 1 0 31.4 59.0 2 -1 0
0 1 0 31.5 58.5 2 -1 0
0 1 0 31.5 58.5 2 -1 0
0 1 0 31.5 58.5 3 -1 0
0 1 0 31.5 58.5 3 -1 0
0 1 0 31.5 58.5 5 -1 0
0 1 0 31.5 58.5 4 -1 0
0 1 0 31.5 58.5 5 -1 0
0 1 0 31.5 58.5 5 -1 0
0 1 0 31.5 58.5 5 -1 0
0 1 0 31.5 58.5 5 -1 0
0 1 0 31.5 58.5 4 -1 0
0 1 0 31.5 58.5 4 -1 0
0 1 0 31.5 58.5 4 -1 0
0 1 0 31.5 58.5 4 -1 0
0 1 0 31.5 58.5 4 -1 0
0 1 0 31.5 58.5 4 -1 0
0 1 0 31.5 58.5 3 -1 0
0 1 0 31.5 58.5 3 -1 0
0 1 0 31.5 58.5 3 -1 0
0 1 0 31.4 58.5 5 -1 0
0 1 0 31.5 59.0 5 -1 0
0 1 0 31.5 59.0 5 -1 0
0 1 0 31.4 59.0 7 -1 0
0 1 0 31.5 59.5 7 -1 0
0 1 0 31.5 59.5 5 -1 0
0 1 0 31.5 59.5 5 -1 0
0 1 0 31.4 59.5 7 -1 0
0 1 0 31.4 59.5 9 -1 0
0 1 0 31.4 59.5 9 -1 0
0 1 0 31.5 59.5 12 -1 0
0 1 0 31.5 59.5 12 -1 0
0 1 0 31.5 59.5 14 -1 0
0 1 0 31.4 59.5 12 -1 0
0 1 0 31.5 59.5 12 -1 0
0 1 0 31.5 59.0 17 -1 0
0 1 0 31.4 59.0 17 -1 0
0 1 0 31.5 59.0 17 -1 0
0 1 0 31.6 59.0 22 -1 0
0 1 0 31.6 59.0 22 -1 0
0 1 0 31.5 59.0 24 -1 0
0 1 0 31.5 59.0 22 -1 0
0 1 0 31.6 59.0 24 -1 0
0 1 0 31.6 59.0 25 -1 0
0 1 0 31.5 59.0 25 -1 0
0 1 0 31.5 59.0 25 -1 0
0 1 0 31.6 59.0 27 -1 0
0 1 0 31.6 59.0 27 -1 0
0 1 0 31.6 59.0 27 -1 0
0 1 0 31.6 59.0 29 -1 0
0 1 0 31.5 59.0 27 -1 0
0 1 0 31.6 59.0 29 -1 0
0 1 0 31.6 59.0 30 -1 0
0 1 0 31.6 59.0 32 -1 0
0 1 0 31.6 59.0 34 -1 0
0 1 0 31.6 59.0 34 -1 0
0 1 0 31.6 59.0 32 -1 0
0 1 0 31.6 59.0 32 -1 0
0 1 0 31.6 59.0 32 -1 0
0 1 0 31.7 59.0 31 -1 0
0 1 0 31.7 59.0 31 -1 0
0 1 0 31.7 58.5 26 -1 0
0 1 0 31.6 58.5 24 -1 0
0 1 0 31.7 58.5 24 -1 0
0 1 0 31.6 58.5 26 -1 0
0 1 0 31.7 58.5 29 -1 0
0 1 0 31.7 58.5 33 -1 0
0 1 0 31.7 58.5 33 -1 0
0 1 0 31.7 58.5 34 -1 0
0 1 0 31.7 58.5 33 -1 0
0 1 0 31.7 58.5 29 -1 0
0 1 0 31.8 58.5 29 -1 0
0 1 0 31.7 58.5 33 -1 0
0 1 0 31.7 58.5 32 -1 0
0 1 0 31.7 58.5 31 -1 0
0 1 0 31.7 58.5 31 -1 0
0 1 0 31.7 58.5 31 -1 0
0 1 0 31.7 58.5 31 -1 0
0 1 0 31.7 58.5 31 -1 0
0 1 0 31.8 58.5 31 -1 0
0 1 0 31.8 59.0 35 -1 0
0 1 0 31.6 59.0 35 -1 0
0 1 0 31.7 59.0 35 -1 0
0 1 0 31.7 59.5 35 -1 0
0 1 0 31.7 59.5 33 -1 0
0 1 0 31.7 59.5 31 -1 0
0 1 0 31.7 60.0 33 -1 0
0 1 0 31.7 60.0 34 -1 0
0 1 0 31.7 60.0 33 -1 0
0 1 0 31.7 60.0 36 -1 0
0 1 0 31.7 60.0 36 -1 0
0 1 0 31.7 60.0 34 -1 0
0 1 0 31.8 60.0 38 -1 0
0 1 0 31.8 60.0 38 -1 0
0 1 0 31.8 60.0 34 -1 0
0 1 0 31.8 60.0 40 -1 0
0 1 0 31.8 60.0 39 -1 0
0 1 0 31.8 60.0 39 -1 0
0 1 0 31.8 60.0 41 -1 0
0 1 0 31.8 59.5 39 -1 0
0 1 0 31.8 59.5 43 -1 0
0 1 0 31.8 59.5 43 -1 0
0 1 0 31.8 59.5 41 -1 0
0 1 0 31.9 59.5 41 -1 0
0 1 0 31.8 59.5 41 -1 0
0 1 0 31.9 59.5 41 -1 0
0 1 0 31.9 59.5 39 -1 0
0 1 0 31.9 59.5 40 -1 0
0 1 0 31.9 59.5 40 -1 0
0 1 0 31.9 59.5 38 -1 0
0 1 0 31.9 59.5 40 -1 0
0 1 0 32.0 59.5 36 -1 0
0 1 0 32.0 59.5 36 -1 0
0 1 0 31.9 59.5 36 -1 0
0 1 0 32.0 59.5 36 -1 0
0 1 0 31.9 59.5 38 -1 0
0 1 0 32.0 59.5 40 -1 0
0 1 0 32.0 59.5 39 -1 0
0 1 0 32.0 59.5 40 -1 0
0 1 0 32.0 59.5 40 -1 0
0 1 0 32.0 59.5 38 -1 0
0 1 0 32.0 59.5 36 -1 0
0 1 0 32.0 59.5 36 -1 0
0 1 0 32.0 59.5 38 -1 0
0 1 0 32.0 59.5 38 -1 0
0 1 0 32.1 59.5 40 -1 0
0 1 0 32.0 59.5 42 -1 0
0 1 0 32.0 60.0 39 -1 0
0 1 0 32.1 59.5 39 -1 0
0 1 0 32.0 59.5 39 -1 0
0 1 0 32.1 59.5 41 -1 0
0 1 0 32.1 59.5 39 -1 0
0 1 0 32.1 59.5 39 -1 0
0 1 0 32.2 59.5 39 -1 0
0 1 0 32.1 59.5 41 -1 0
0 1 0 32.1 59.5 41 -1 0
0 1 0 32.1 59.5 41 -1 0
0 1 0 32.1 59.5 41 -1 0
0 1 0 32.1 59.5 41 -1 0
0 1 0 32.1 59.0 41 -1 0
0 1 0 32.2 59.5 39 -1 0
0 1 0 32.2 59.5 41 -1 0
0 1 0 32.1 59.5 41 -1 0
0 1 0 32.1 59.0 41 -1 0
0 1 0 32.2 59.5 41 -1 0
0 1 0 32.2 59.5 41 -1 0
0 1 0 32.1 60.0 41 -1 0
0 1 0 32.2 60.0 41 -1 0
0 1 0 32.2 60.0 41 -1 0
0 1 0 32.2 60.0 39 -1 0
0 1 0 32.2 60.0 39 -1 0
0 1 0 32.2 60.0 39 -1 0
0 1 0 32.2 60.0 39 -1 0
0 1 0 32.2 60.0 39 -1 0
0 1 0 32.3 60.0 42 -1 0
0 1 0 32.2 60.0 42 -1 0
0 1 0 32.2 60.0 42 -1 0
0 1 0 32.2 60.0 40 -1 0
0 1 0 32.3 60.0 40 -1 0
0 1 0 32.2 60.0 40 -1 0
0 1 0 32.3 60.0 40 -1 0
0 1 0 32.2 60.0 40 -1 0
0 1 0 32.2 60.0 40 -1 0
0 1 0 32.2 59.5 40 -1 0
0 1 0 32.2 60.0 40 -1 0
0 1 0 32.2 60.0 40 -1 0
0 1 0 32.2 60.0 40 -1 0
0 1 0 32.2 60.0 40 -1 0
0 1 0 32.2 60.0 40 -1 0
0 1 0 32.2 60.0 40 -1 0
0 1 0 32.2 60.5 40 -1 0
0 1 0 32.2 60.5 40 -1 0
0 1 0 32.2 60.5 40 -1 0
0 1 0 32.3 60.5 40 -1 0
0 1 0 32.2 60.5 40 -1 0
0 1 0 32.2 60.5 40 -1 0
0 1 0 32.2 60.5 40 -1 0
0 1 0 32.2 60.5 40 -1 0
0 1 0 32.2 60.5 40 -1 0
0 1 0 32.2 60.5 40 -1 0
0 1 0 32.2 60.5 40 -1 0
0 1 0 32.2 60.5 40 -1 0
0 1 0 32.2 60.5 40 -1 0
0 1 0 32.2 60.5 40 -1 0
0 1 0 32.1 60.5 40 -1 0
0 1 0 32.1 60.5 40 -1 0
0 1 0 32.2 60.5 40 -1 0
0 1 0 32.1 60.5 40 -1 0
0 1 0 32.1 60.5 38 -1 0
0 1 0 32.2 60.5 38 -1 0
0 1 0 32.2 60.5 38 -1 0
0 1 0 32.2 60.5 38 -1 0
0 1 0 32.1 60.5 38 -1 0
0 1 0 32.1 60.5 38 -1 0
0 1 0 32.2 60.5 38 -1 0
0 1 0 32.2 60.5 38 -1 0
0 1 0 32.2 60.5 38 -1 0
0 1 0 32.2 60.5 38 -1 0
0 1 0 32.2 60.5 40 -1 0
0 1 0 32.2 60.5 38 -1 0
0 1 0 32.2 60.5 38 -1 0
0 1 0 32.2 60.5 38 -1 0
0 1 0 32.2 61.0 38 -1 0
0 1 0 32.2 61.0 40 -1 0
0 1 0 32.2 61.0 40 -1 0
0 1 0 32.2 61.0 40 -1 0
0 1 0 32.2 60.5 38 -1 0
0 1 0 32.2 60.5 38 -1 0
0 1 0 32.2 60.5 38 -1 0
0 1 0 32.2 60.5 36 -1 0
0 1 0 32.2 60.5 38 -1 0
0 1 0 32.2 60.5 38 -1 0
0 1 0 32.2 60.5 38 -1 0
0 1 0 32.2 60.5 36 -1 0
0 1 0 32.2 60.5 36 -1 0
0 1 0 32.2 60.5 36 -1 0
0 1 0 32.2 61.0 36 -1 0
0 1 0 32.2 60.5 36 -1 0
0 1 0 32.2 60.5 36 -1 0
0 1 0 32.3 60.5 36 -1 0
0 1 0 32.2 60.5 36 -1 0
0 1 0 32.2 61.0 36 -1 0
0 1 0 32.3 60.5 36 -1 0
0 1 0 32.2 60.5 36 -1 0
0 1 0 32.3 60.5 40 -1 0
0 1 0 32.3 60.5 38 -1 0
0 1 0 32.2 61.0 38 -1 0
0 1 0 32.2 60.5 38 -1 0
0 1 0 32.2 60.5 38 -1 0
0 1 0 32.2 60.5 38 -1 0
0 1 0 32.2 60.5 38 -1 0
0 1 0 32.2 60.0 38 -1 0
0 1 0 32.2 60.0 38 -1 0
0 1 0 32.2 60.5 38 -1 0
0 1 0 32.1 60.0 36 -1 0
0 1 0 32.2 60.0 36 -1 0
0 1 0 32.2 60.0 36 -1 0
1 1 1 32.2 60.0 42 -1 1
1 1 10 32.2 59.0 48 -1 1
1 1 0 32.1 57.0 48 -1 1
1 1 9 31.8 55.0 50 -1 1
1 1 11 31.5 52.5 48 -1 1
1 1 0 31.1 52.5 48 -1 1
1 1 6 30.9 52.5 48 -1 1
1 1 0 30.6 51.5 48 -1 1
1 1 0 30.5 52.0 48 -1 1
1 1 2 30.4 53.0 48 -1 1
1 1 0 30.4 53.5 48 -1 1
1 1 1 30.4 53.0 48 -1 1
1 1 0 30.3 54.0 46 -1 1
1 1 0 30.4 54.0 46 -1 1
1 1 0 30.3 53.5 46 -1 1
1 1 0 30.2 53.5 50 -1 1
1 1 0 30.1 53.0 50 -1 1
1 1 0 29.9 53.5 48 -1 1
1 1 0 30.0 54.5 48 -1 1
1 1 0 30.0 53.5 48 -1 1
1 1 0 29.9 53.5 48 -1 1
1 1 0 29.7 53.5 46 -1 1
1 1 0 29.6 53.5 46 -1 1
1 1 0 29.5 53.0 46 -1 1
1 1 0 29.4 53.0 46 -1 1
1 1 4 29.3 53.0 44 -1 1
1 1 1 29.3 53.5 44 -1 1
1 1 0 29.2 53.5 44 -1 1
1 1 2 29.3 53.5 44 -1 1
1 1 0 29.2 53.5 44 -1 1
1 1 1 29.1 53.0 44 -1 1
1 1 2 29.0 52.5 46 -1 1
1 1 3 28.9 52.0 46 -1 1
1 1 0 28.8 52.0 46 -1 1
1 1 0 28.9 52.5 46 -1 1
1 1 5 29.0 52.5 46 -1 1
1 1 1 29.0 53.0 46 -1 1
1 1 9 29.0 54.0 46 -1 1
1 1 2 29.1 54.0 46 -1 1
1 1 8 29.1 54.0 46 -1 1
1 1 1 29.0 54.0 46 -1 1
1 1 4 29.0 54.0 46 -1 1
1 1 4 29.0 53.5 44 -1 1
1 1 4 28.9 53.5 44 -1 1
1 1 8 28.7 53.5 44 -1 1
1 1 4 28.6 53.5 44 -1 1
1 1 2 28.6 53.5 44 -1 1
1 1 0 28.6 53.5 44 -1 1
1 1 2 28.6 53.5 44 -1 1
1 1 1 28.5 53.5 44 -1 1
1 1 2 28.3 53.5 48 -1 1
1 1 47 28.5 53.5 41 -1 1
1 1 37 28.6 54.0 43 -1 1
1 1 1 28.6 54.0 44 -1 1
1 1 1 28.7 55.5 44 -1 1
1 1 15 28.8 56.0 42 -1 1
1 1 9 28.9 56.0 42 -1 1
1 1 4 28.9 57.0 42 -1 1
1 1 3 28.8 57.0 43 -1 1
1 1 4 28.8 57.0 43 -1 1
1 1 1 28.8 56.5 43 -1 1
1 1 0 28.8 56.5 43 -1 1
1 1 5 28.7 56.0 43 -1 1
1 1 5 28.5 56.0 43 -1 1
1 1 5 28.5 55.5 43 -1 1
1 1 2 28.4 55.5 41 -1 1
1 1 6 28.4 55.5 41 -1 1
1 1 3 28.4 55.5 41 -1 1
1 1 3 28.4 55.0 39 -1 1
1 1 2 28.2 54.5 39 -1 1
1 1 2 28.3 54.0 39 -1 1
1 1 0 28.2 54.0 39 -1 1
1 1 2 28.2 56.0 43 -1 1
1 1 9 28.4 55.5 41 -1 1
1 1 4 28.4 55.0 41 -1 1
1 1 7 28.3 55.0 41 -1 1
1 1 22 28.2 55.5 41 -1 1
1 1 2 28.2 55.0 41 -1 1
1 1 2 28.2 55.0 41 -1 1
1 1 2 28.2 55.0 41 -1 1
1 1 6 28.2 55.0 41 -1 1
1 1 2 28.1 55.5 41 -1 1
1 1 4 28.3 57.0 41 -1 1
1 1 4 28.5 56.5 41 -1 1
1 1 2 28.5 56.5 41 -1 1
1 1 4 28.5 57.0 41 -1 1
1 1 8 28.7 57.0 43 -1 1
1 1 2 28.6 57.0 41 -1 1
1 1 3 28.6 55.5 41 -1 1
1 1 4 28.5 55.5 39 -1 1
1 1 2 28.3 55.5 39 -1 1
1 1 4 28.2 55.0 39 -1 1
1 1 1 28.2 55.0 39 -1 1
1 1 1 28.2 55.0 39 -1 1
1 1 6 28.1 54.5 41 -1 1
1 1 3 27.9 54.0 41 -1 1
1 1 6 28.0 55.0 39 -1 1
1 1 17 28.0 54.5 39 -1 1
1 1 7 28.1 54.5 39 -1 1
1 1 0 28.0 54.0 39 -1 1
1 1 32 27.9 53.5 41 -1 1
1 1 24 27.9 53.5 39 -1 1
1 1 18 27.9 54.0 39 -1 1
1 1 0 27.8 53.5 39 -1 1
1 1 16 27.7 54.5 39 -1 1
1 1 14 27.9 54.5 37 -1 1
1 1 11 27.8 54.5 41 -1 1
1 1 0 27.8 53.5 39 -1 1
1 1 17 27.6 53.5 39 -1 1
1 1 2 27.5 53.5 39 -1 1
1 1 8 27.6 55.0 39 -1 1
1 1 3 27.7 54.0 39 -1 1
1 1 6 27.7 53.5 37 -1 1
1 1 4 27.5 53.0 37 -1 1
1 1 0 27.5 53.0 37 -1 1
1 1 1 27.4 53.0 37 -1 1
1 1 1 27.3 53.0 37 -1 1
1 1 4 27.3 53.0 37 -1 1
1 1 3 27.2 53.0 39 -1 1
1 1 15 27.3 53.5 37 -1 1
1 1 19 27.4 54.0 37 -1 1
1 1 38 27.4 54.0 37 -1 1
1 1 34 27.4 54.5 37 -1 1
1 1 28 27.4 56.0 35 -1 1
1 1 41 27.5 56.0 37 -1 1
1 1 40 27.7 57.0 37 -1 1
1 1 10 27.7 56.0 39 -1 1
1 1 5 27.7 56.5 37 -1 1
1 1 2 27.6 57.0 39 -1 1
1 1 4 27.7 57.0 39 -1 1
1 1 1 27.7 57.0 39 -1 1
1 1 2 27.8 56.5 37 -1 1
1 1 1 27.7 56.0 35 -1 1
1 1 5 27.6 55.5 39 -1 1
1 1 6 27.6 57.0 37 -1 1
1 1 6 27.7 57.0 37 -1 1
1 1 3 27.7 56.0 37 -1 1
1 1 6 27.6 55.5 37 -1 1
1 1 2 27.6 56.0 39 -1 1
1 1 5 27.6 57.0 35 -1 1
1 1 0 27.7 57.5 37 -1 1
1 1 0 27.8 57.5 37 -1 1
1 1 2 27.9 57.0 37 -1 1
1 1 0 27.6 57.0 37 -1 1
1 1 0 27.8 58.5 37 -1 1
1 1 1 27.9 59.5 39 -1 1
1 1 5 28.1 59.5 37 -1 1
1 1 32 28.1 59.5 37 -1 1
1 1 33 28.2 58.0 37 -1 1
1 1 3 28.1 57.5 37 -1 1
1 1 0 27.9 57.0 38 -1 1
1 1 1 27.8 57.5 38 -1 1
1 1 0 27.8 57.0 35 -1 1
1 1 0 27.7 56.5 37 -1 1
1 1 0 27.7 56.5 39 -1 1
1 1 0 27.6 56.5 39 -1 1
1 1 22 27.6 56.5 35 -1 1
1 1 0 27.6 55.5 37 -1 1
1 1 12 27.4 55.5 37 -1 1
1 1 13 27.4 55.5 35 -1 1
1 1 3 27.3 55.0 39 -1 1
1 1 6 27.2 54.5 39 -1 1
1 1 7 27.1 54.5 39 -1 1
1 1 11 27.0 54.5 37 -1 1
1 1 1 27.0 55.0 37 -1 1
1 1 4 27.0 55.0 37 -1 1
1 1 2 27.0 55.0 37 -1 1
1 1 1 27.1 56.5 35 -1 1
1 1 7 27.3 56.5 35 -1 1
1 1 8 27.4 56.0 37 -1 1
1 1 5 27.3 55.0 37 -1 1
1 1 7 27.2 54.5 37 -1 1
1 1 5 27.0 54.5 37 -1 1
1 1 4 26.9 54.0 37 -1 1
1 1 5 26.9 54.0 37 -1 1
1 1 9 26.9 54.0 37 -1 1
1 1 3 26.8 54.0 35 -1 1
1 1 5 26.8 54.0 37 -1 1
1 1 4 26.8 54.0 37 -1 1
1 1 6 26.7 54.5 35 -1 1
1 1 6 26.8 54.0 37 -1 1
1 1 1 26.7 54.0 39 -1 1
1 1 2 26.7 54.5 35 -1 1
1 1 2 26.9 55.0 37 -1 1
1 1 6 26.9 55.0 35 -1 1
1 1 1 26.9 54.5 39 -1 1
1 1 1 26.9 54.5 39 -1 1
1 1 5 26.8 55.0 39 -1 1
1 1 0 26.9 56.0 39 -1 1
1 1 2 27.0 57.5 37 -1 1
1 1 2 27.1 57.5 35 -1 1
1 1 1 27.2 56.5 35 -1 1
1 1 0 27.2 55.0 39 -1 1
1 1 0 27.0 54.5 37 -1 1
1 1 7 27.1 54.5 39 -1 1
1 1 11 27.0 55.0 37 -1 1
1 1 3 27.1 57.5 37 -1 1
1 1 11 27.3 57.5 39 -1 1
1 1 4 27.3 56.0 37 -1 1
1 1 0 27.2 56.0 37 -1 1
1 1 6 27.2 57.0 39 -1 1
1 1 4 27.2 56.0 37 -1 1
1 1 0 27.2 55.5 40 -1 1
1 1 6 27.1 55.5 42 -1 1
1 1 5 27.1 56.5 40 -1 1
1 1 0 27.0 56.5 37 -1 1
1 1 0 27.0 56.0 37 -1 1
1 1 0 26.9 56.5 37 -1 1
1 1 2 26.9 56.5 37 -1 1
1 1 3 27.0 56.5 37 -1 1
1 1 4 27.0 56.5 40 -1 1
1 1 1 27.0 56.5 41 -1 1
1 1 3 27.1 56.0 39 -1 1
1 1 3 27.0 56.0 37 -1 1
1 1 0 26.9 56.0 35 -1 1
1 1 9 26.9 56.5 37 -1 1
1 1 4 27.1 57.5 37 -1 1
1 1 5 27.1 57.0 32 -1 1
1 1 6 27.2 58.0 36 -1 1
1 1 8 27.3 57.5 34 -1 1
1 1 6 27.4 58.0 35 -1 1
1 1 18 27.3 56.5 37 -1 1
1 1 0 27.3 57.0 37 -1 1
1 1 0 27.3 57.5 37 -1 1
1 1 9 27.4 56.5 32 -1 1
1 1 20 27.2 55.5 36 -1 1
1 1 4 27.2 55.0 37 -1 1
1 1 7 27.1 54.5 37 -1 1
1 1 0 26.9 54.5 36 -1 1
1 1 0 26.7 55.0 35 -1 1
1 1 5 26.7 55.0 35 -1 1
1 1 15 26.7 55.5 32 -1 1
1 1 2 26.9 57.5 32 -1 1
1 1 15 27.0 57.5 32 -1 1
1 1 5 27.1 57.5 34 -1 1
1 1 7 27.2 58.0 36 -1 1
1 1 2 27.3 59.0 37 -1 1
1 1 16 27.3 58.5 39 -1 1
1 1 11 27.5 59.5 39 -1 1
1 1 1 27.6 59.0 39 -1 1
1 1 2 27.6 59.0 39 -1 1
1 1 2 27.6 59.0 39 -1 1
1 1 2 27.6 59.0 41 -1 1
1 1 1 27.6 59.0 39 -1 1
1 1 6 27.6 58.5 37 -1 1
1 1 0 27.7 60.0 37 -1 1
1 1 7 27.8 59.5 37 -1 1
1 1 12 27.8 58.0 35 -1 1
1 1 3 27.7 57.5 34 -1 1
1 1 16 27.6 57.0 34 -1 1
1 1 1 27.5 58.0 35 -1 1
1 1 2 27.5 56.5 36 -1 1
1 1 0 27.4 55.5 39 -1 1
1 1 1 27.3 55.5 33 -1 1
1 1 1 27.2 55.5 31 -1 1
1 1 0 27.2 55.0 31 -1 1
1 1 0 27.1 56.0 36 -1 1
1 1 0 27.1 55.5 37 -1 1
1 1 1 27.1 57.5 33 -1 1
1 1 3 27.3 59.0 33 -1 1
1 1 1 27.5 59.0 31 -1 1
1 1 1 27.6 58.5 31 -1 1
1 1 1 27.6 59.0 31 -1 1
1 1 2 27.6 59.0 34 -1 1
1 1 0 27.8 60.0 34 -1 1
1 1 4 27.8 59.0 34 -1 1
1 1 0 27.7 58.0 34 -1 1
1 1 6 27.7 58.0 33 -1 1
1 1 9 27.7 58.0 32 -1 1
1 1 2 27.6 57.5 36 -1 1
1 1 0 27.7 58.0 34 -1 1
1 1 1 27.7 58.0 36 -1 1
1 1 0 27.7 58.5 38 -1 1
1 1 1 27.7 58.5 31 -1 1
1 1 0 27.7 57.5 31 -1 1
1 1 0 27.6 56.5 31 -1 1
1 1 0 27.6 55.5 33 -1 1
1 1 0 27.4 56.0 33 -1 1
1 1 1 27.3 56.0 33 -1 1
1 1 1 27.2 56.0 33 -1 1
1 1 0 27.1 56.5 33 -1 1
1 1 1 27.3 57.5 33 -1 1
1 1 0 27.3 56.5 31 -1 1
1 1 4 27.2 55.5 34 -1 1
1 1 4 27.1 55.0 34 -1 1
1 1 1 26.9 55.5 38 -1 1
1 1 0 26.9 56.5 34 -1 1
1 1 2 27.1 58.0 36 -1 1
1 1 4 27.2 59.0 32 -1 1
1 1 8 27.4 59.5 32 -1 1
1 1 2 27.6 59.5 34 -1 1
1 1 0 27.6 58.5 37 -1 1
1 1 1 27.6 58.0 35 -1 1
1 1 0 27.6 58.5 36 -1 1
1 1 0 27.6 59.5 37 -1 1
1 1 2 27.7 59.0 35 -1 1
1 1 2 27.8 59.5 39 -1 1
1 1 4 27.8 60.0 37 -1 1
1 1 1 27.8 58.5 37 -1 1
1 1 2 27.6 57.5 39 -1 1
1 1 2 27.7 57.5 37 -1 1
1 1 0 27.5 56.5 35 -1 1
1 1 0 27.4 56.5 37 -1 1
1 1 0 27.4 56.5 37 -1 1
1 1 2 27.3 56.0 37 -1 1
1 1 1 27.1 55.5 39 -1 1
1 1 0 27.1 55.5 39 -1 1
1 1 0 27.1 56.0 39 -1 1
1 1 1 27.2 56.0 37 -1 1
1 1 2 27.1 55.5 38 -1 1
1 1 3 27.0 55.5 37 -1 1
1 1 1 27.0 56.0 37 -1 1
1 1 0 27.0 56.5 36 -1 1
1 1 9 27.1 56.5 32 -1 1
1 1 10 27.1 56.0 34 -1 1
1 1 6 27.0 56.0 31 -1 1
1 1 7 27.1 58.5 31 -1 1
1 1 8 27.2 60.0 31 -1 1
1 1 1 27.4 58.5 31 -1 1
1 1 5 27.3 57.0 31 -1 1
1 1 0 27.2 56.5 31 -1 1
1 1 0 27.2 56.5 33 -1 1
1 1 1 27.1 57.5 31 -1 1
1 1 5 27.2 57.5 36 -1 1
1 1 2 27.2 58.0 39 -1 1
1 1 1 27.2 58.5 35 -1 1
1 1 1 27.3 58.0 36 -1 1
1 1 0 27.3 57.0 35 -1 1
1 1 3 27.3 57.5 36 -1 1
1 1 0 27.3 58.0 31 -1 1
1 1 1 27.3 58.0 29 -1 1
1 1 0 27.3 58.0 29 -1 1
1 1 0 27.2 58.0 32 -1 1
1 1 2 27.2 57.5 29 -1 1
1 1 0 27.2 57.0 29 -1 1
1 1 0 27.1 56.5 29 -1 1
1 1 0 27.0 56.0 33 -1 1
1 1 0 27.0 57.0 34 -1 1
1 1 0 26.9 56.5 31 -1 1
1 1 0 26.9 56.0 33 -1 1
1 1 0 27.0 57.5 32 -1 1
1 1 2 27.0 59.5 34 -1 1
1 1 4 27.3 61.0 36 -1 1
1 1 8 27.4 61.0 36 -1 1
1 1 5 27.4 59.0 34 -1 1
1 1 4 27.4 58.5 36 -1 1
1 1 0 27.3 57.5 36 -1 1
1 1 0 27.2 56.5 36 -1 1
1 1 2 27.0 56.5 36 -1 1
1 1 0 27.0 56.0 37 -1 1
1 1 0 26.8 56.5 37 -1 1
1 1 2 26.9 57.0 37 -1 1
1 1 1 27.0 56.0 39 -1 1
1 1 5 26.9 56.0 39 -1 1
1 1 0 26.9 56.0 37 -1 1
1 1 1 26.8 55.5 39 -1 1
1 1 10 26.7 57.0 39 -1 1
1 1 0 26.9 56.5 37 -1 1
1 1 1 26.9 56.0 37 -1 1
1 1 1 26.9 58.0 37 -1 1
1 1 6 27.0 58.5 41 -1 1
1 1 1 27.0 59.5 39 -1 1
1 1 0 27.2 61.0 38 -1 1
1 1 1 27.3 59.5 36 -1 1
1 1 1 27.3 59.0 34 -1 1
1 1 3 27.2 58.0 32 -1 1
1 1 2 27.2 57.0 32 -1 1
1 1 0 27.1 57.0 32 -1 1
1 1 1 27.0 56.5 31 -1 1
1 1 8 26.9 56.0 29 -1 1
1 1 3 26.9 57.0 31 -1 1
1 1 3 26.8 57.0 27 -1 1
1 1 3 26.8 56.5 31 -1 1
1 1 1 26.8 56.5 29 -1 1
1 1 4 26.8 57.5 31 -1 1
1 1 7 26.8 56.5 29 -1 1
1 1 7 26.8 56.0 27 -1 1
1 1 3 26.7 56.5 27 -1 1
1 1 28 26.7 57.0 29 -1 1
1 1 5 26.8 58.0 27 -1 1
1 1 0 26.8 57.0 29 -1 1
1 1 6 26.8 59.5 27 -1 1
1 1 26 26.9 60.5 27 -1 1
1 1 13 27.0 59.5 29 -1 1
1 1 0 27.0 59.0 29 -1 1
1 1 16 27.0 59.0 27 -1 1
1 1 20 27.0 58.5 29 -1 1
1 1 0 27.1 60.0 31 -1 1
1 1 5 27.1 60.0 33 -1 1
1 1 0 27.1 60.5 31 -1 1
1 1 0 27.2 59.5 32 -1 1
1 1 0 27.1 58.5 33 -1 1
1 1 6 26.9 58.0 32 -1 1
1 1 0 26.9 57.0 34 -1 1
1 1 0 26.8 56.5 34 -1 1
1 1 0 26.7 56.5 34 -1 1
1 1 9 26.5 56.5 32 -1 1
1 1 0 26.5 56.5 36 -1 1
1 1 0 26.5 57.5 36 -1 1
1 1 0 26.6 58.0 36 -1 1
1 1 0 26.6 57.0 32 -1 1
1 1 0 26.6 57.0 36 -1 1
1 1 0 26.5 57.0 32 -1 1
1 1 0 26.5 57.0 32 -1 1
1 1 0 26.5 57.0 32 -1 1
1 1 0 26.5 58.0 32 -1 1
1 1 0 26.6 59.5 32 -1 1
1 1 0 26.7 58.5 34 -1 1
1 1 0 26.7 57.0 32 -1 1
1 1 0 26.6 57.0 34 -1 1
1 1 0 26.6 56.5 32 -1 1
1 1 0 26.5 57.5 34 -1 1
1 1 0 26.6 57.5 32 -1 1
1 1 0 26.5 57.5 32 -1 1
1 1 0 26.5 58.0 31 -1 1
1 1 0 26.5 58.5 27 -1 1
1 1 0 26.6 58.0 31 -1 1
1 1 0 26.6 59.5 29 -1 1
1 1 1 26.7 60.5 29 -1 1
1 1 0 26.7 59.5 27 -1 1
1 1 0 26.9 61.5 27 -1 1
1 1 0 26.9 61.0 27 -1 1
1 1 0 27.0 60.5 29 -1 1
1 1 1 26.9 62.0 29 -1 1
1 1 0 27.1 63.5 29 -1 1
1 1 0 27.1 62.5 27 -1 1
1 1 0 27.2 62.0 27 -1 1
1 1 0 27.2 63.5 27 -1 1
1 1 0 27.2 63.0 27 -1 1
1 1 242 27.2 62.5 25 -1 1
1 1 6 27.2 63.0 28 -1 1
1 1 11 27.2 64.0 24 -1 1
0 1 9 27.3 66.5 12 -1 0
0 1 0 27.5 67.0 12 -1 0
0 1 0 27.6 67.5 10 -1 0
0 1 0 27.8 67.5 10 -1 0
0 1 0 27.9 68.0 10 -1 0
0 1 0 28.1 68.5 10 -1 0
0 1 0 28.1 68.5 10 -1 0
0 1 0 28.3 69.5 11 -1 0
0 1 0 28.3 68.0 11 -1 0
0 1 0 28.4 68.5 11 -1 0
0 1 0 28.5 68.5 11 -1 0
0 1 0 28.5 68.5 11 -1 0
0 1 0 28.5 69.0 11 -1 0
0 1 0 28.6 68.5 11 -1 0
0 1 0 28.7 68.5 11 -1 0
0 1 0 28.8 69.0 11 -1 0
0 1 0 28.8 69.5 11 -1 0
0 1 0 29.0 70.0 9 -1 0
0 1 0 29.1 69.5 9 -1 0
0 1 0 29.1 69.0 9 -1 0
0 1 0 29.1 69.0 9 -1 0
0 1 0 29.1 69.5 9 -1 0
0 1 0 29.1 69.5 9 -1 0
0 1 0 29.2 69.5 9 -1 0
0 1 0 29.2 69.5 9 -1 0
0 1 0 29.2 69.5 7 -1 0
0 1 0 29.3 69.0 7 -1 0
0 1 0 29.3 69.0 7 -1 0
0 1 0 29.3 69.0 7 -1 0
0 1 0 29.3 69.5 7 -1 0
0 1 0 29.4 68.5 7 -1 0
0 1 0 29.3 69.0 7 -1 0
0 1 0 29.3 69.0 7 -1 0
0 1 0 29.3 69.0 7 -1 0
0 1 0 29.4 69.0 7 -1 0
0 1 0 29.5 69.0 7 -1 0
0 1 0 29.4 68.5 7 -1 0
0 1 0 29.4 68.5 7 -1 0
0 1 0 29.4 69.0 9 -1 0
0 1 0 29.4 69.0 9 -1 0
0 1 0 29.5 69.0 9 -1 0
0 1 0 29.5 69.0 9 -1 0
0 1 0 29.6 69.0 7 -1 0
0 1 0 29.6 68.5 7 -1 0
0 1 0 29.6 69.0 7 -1 0
0 1 0 29.6 68.5 7 -1 0
0 1 0 29.5 68.5 7 -1 0
0 1 0 29.6 69.0 5 -1 0
0 1 0 29.6 69.0 5 -1 0
0 1 0 29.7 69.0 9 -1 0
0 1 0 29.6 69.0 7 -1 0
0 1 0 29.7 69.0 7 -1 0
0 1 0 29.8 69.0 7 -1 0
0 1 0 29.7 69.0 5 -1 0
0 1 0 29.7 69.5 5 -1 0
0 1 0 29.8 69.5 6 -1 0
0 1 0 29.8 69.0 4 -1 0
0 1 0 29.7 69.0 2 -1 0
0 1 0 29.8 69.0 2 -1 0
0 1 0 29.7 69.0 4 -1 0
0 1 0 29.7 69.0 4 -1 0
0 1 0 29.8 69.0 4 -1 0
0 1 0 29.7 69.0 2 -1 0
0 1 0 29.8 69.0 2 -1 0
0 1 0 29.8 69.0 2 -1 0
0 1 0 29.8 69.0 2 -1 0
0 1 0 29.8 69.0 2 -1 0
0 1 0 29.9 69.0 2 -1 0
0 1 0 29.9 69.0 2 -1 0
0 1 0 29.9 69.0 2 -1 0
0 1 0 29.8 69.0 2 -1 0
0 1 0 29.8 69.0 2 -1 0
0 1 0 29.8 69.0 2 -1 0
0 1 0 29.9 68.5 1 -1 0
0 1 0 29.8 68.5 1 -1 0
0 1 0 29.7 67.5 1 -1 0
0 1 0 29.7 67.0 1 -1 0
0 1 0 29.7 67.5 1 -1 0
0 1 0 29.7 67.5 1 -1 0
0 1 0 29.7 67.0 1 -1 0
0 1 0 29.7 66.5 1 -1 0
0 1 0 29.6 66.0 1 -1 0
0 1 0 29.6 65.0 1 -1 0
0 1 0 29.5 65.0 2 -1 0
0 1 0 29.4 65.5 2 -1 0
0 1 0 29.4 65.5 2 -1 0
0 1 0 29.4 66.0 2 -1 0
0 1 0 29.4 66.0 2 -1 0
0 1 0 29.5 66.0 1 -1 0
0 1 0 29.4 66.0 1 -1 0
0 1 0 29.4 66.0 1 -1 0
0 1 0 29.4 66.0 1 -1 0
0 1 0 29.4 66.0 1 -1 0
0 1 0 29.4 65.5 4 -1 0
0 1 0 29.3 65.0 4 -1 0
0 1 0 29.2 64.5 4 -1 0
0 1 0 29.2 64.0 4 -1 0
0 1 0 29.2 63.0 4 -1 0
0 1 0 29.1 62.0 4 -1 0
0 1 0 29.0 62.0 4 -1 0
0 1 0 29.0 61.5 4 -1 0
0 1 0 29.0 61.5 4 -1 0
0 1 0 28.9 61.5 4 -1 0
0 1 0 28.9 61.0 2 -1 0
0 1 0 28.9 60.5 2 -1 0
0 1 0 28.8 60.0 2 -1 0
0 1 0 28.8 60.0 2 -1 0
0 1 0 28.8 59.5 2 -1 0
0 1 0 28.6 59.5 2 -1 0
0 1 0 28.7 59.5 2 -1 0
0 1 0 28.7 59.0 2 -1 0
0 1 0 28.7 59.0 2 -1 0
0 1 0 28.6 59.0 2 -1 0
0 1 0 28.6 59.0 2 -1 0
0 1 0 28.6 59.0 0 -1 0
0 1 0 28.6 58.5 0 -1 0
0 1 0 28.6 58.0 0 -1 0
0 1 0 28.5 58.5 0 -1 0
0 1 0 28.5 58.0 0 -1 0
0 1 0 28.5 58.0 0 -1 0
0 1 0 28.5 58.5 0 -1 0
0 1 0 28.5 59.0 0 -1 0
0 1 0 28.5 59.0 0 -1 0
0 1 0 28.4 59.5 0 -1 0
0 1 0 28.4 59.5 0 -1 0
0 1 0 28.5 59.5 0 -1 0
0 1 0 28.5 59.5 0 -1 0
0 1 0 28.5 59.5 0 -1 0
0 1 0 28.5 59.5 0 -1 0
0 1 0 28.5 59.0 0 -1 0
0 1 0 28.5 59.0 0 -1 0
0 1 0 28.5 59.0 0 -1 0
0 1 0 28.5 58.5 0 -1 0
0 1 0 28.4 58.5 0 -1 0
0 1 0 28.5 58.5 0 -1 0
0 1 0 28.4 57.5 0 -1 0
0 1 0 28.4 57.0 0 -1 0
0 1 0 28.4 56.5 0 -1 0
0 1 0 28.4 56.0 0 -1 0
0 1 0 28.3 56.0 0 -1 0
0 1 0 28.3 55.5 0 -1 0
0 1 0 28.2 55.5 0 -1 0
0 1 0 28.2 55.0 0 -1 0
0 1 0 28.2 55.0 0 -1 0
0 1 0 28.3 54.5 0 -1 0
0 1 0 28.2 54.5 0 -1 0
0 1 0 28.2 54.5 0 -1 0
0 1 0 28.3 54.5 0 -1 0
0 1 0 28.2 54.5 0 -1 0
0 1 0 28.2 54.5 0 -1 0
0 1 0 28.2 54.0 0 -1 0
0 1 0 28.1 54.0 0 -1 0
0 1 0 28.1 54.0 0 -1 0
0 1 0 28.2 54.0 0 -1 0
0 1 0 28.1 54.0 0 -1 0
0 1 0 28.2 54.0 0 -1 0
0 1 0 28.2 54.0 0 -1 0
0 1 0 28.2 54.0 0 -1 0
0 1 0 28.2 54.0 0 -1 0
0 1 0 28.2 53.5 0 -1 0
0 1 0 28.2 53.5 0 -1 0
0 1 0 28.1 54.0 0 -1 0
0 1 0 28.2 54.0 0 -1 0
0 1 0 28.2 54.0 0 -1 0
0 1 0 28.2 54.0 0 -1 0
0 1 0 28.1 53.5 0 -1 0
0 1 0 28.2 53.0 0 -1 0
0 1 0 28.1 53.0 0 -1 0
0 1 0 28.1 52.5 0 -1 0
0 1 0 28.1 52.5 0 -1 0
0 1 0 28.1 52.0 0 -1 0
0 1 0 28.1 52.0 0 -1 0
0 1 0 28.1 52.0 0 -1 0
0 1 0 28.1 51.5 0 -1 0
0 1 0 28.1 52.0 0 -1 0
0 1 0 28.1 52.0 0 -1 0
0 1 0 28.0 52.0 0 -1 0
0 1 0 28.1 52.5 0 -1 0
0 1 0 28.1 53.5 0 -1 0
0 1 0 28.1 54.5 0 -1 0
0 1 0 28.2 56.5 0 -1 0
0 1 0 28.2 57.5 0 -1 0
0 1 0 28.3 57.5 0 -1 0
0 1 0 28.3 57.5 0 -1 0
0 1 0 28.3 58.0 0 -1 0
0 1 0 28.3 58.0 0 -1 0
0 1 0 28.3 58.0 0 -1 0
0 1 0 28.3 59.0 0 -1 0
0 1 0 28.3 59.5 0 -1 0
0 1 0 28.4 61.0 0 -1 0
0 1 0 28.4 61.0 0 -1 0
0 1 0 28.4 61.5 0 -1 0
0 1 0 28.5 62.5 0 -1 0
0 1 0 28.5 62.5 0 -1 0
0 1 0 28.5 62.5 0 -1 0
0 1 0 28.6 63.5 0 -1 0
0 1 0 28.6 63.5 0 -1 0
0 1 0 28.6 63.5 0 -1 0
0 1 0 28.6 64.0 0 -1 0
0 1 0 28.6 65.5 0 -1 0
0 1 0 28.7 64.0 0 -1 0
0 1 0 28.7 64.0 0 -1 0
0 1 0 28.7 63.5 0 -1 0
0 1 0 28.6 63.0 0 -1 0
0 1 0 28.7 63.0 0 -1 0
0 1 0 28.7 63.0 0 -1 0
0 1 0 28.7 63.0 0 -1 0
0 1 0 28.7 62.5 0 -1 0
0 1 0 28.7 62.0 0 -1 0
0 1 0 28.7 62.5 0 -1 0
0 1 0 28.7 62.0 0 -1 0
0 1 0 28.7 61.5 0 -1 0
0 1 0 28.7 62.0 0 -1 0
0 1 0 28.7 61.5 0 -1 0
0 1 0 28.7 61.5 0 -1 0
0 1 0 28.7 61.5 0 -1 0
0 1 0 28.7 61.0 0 -1 0
0 1 0 28.7 60.5 0 -1 0
0 1 0 28.8 60.5 0 -1 0
0 1 0 28.7 60.0 0 -1 0
0 1 0 28.7 59.5 0 -1 0
0 1 0 28.7 59.0 0 -1 0
0 1 0 28.7 58.0 0 -1 0
0 1 0 28.6 57.5 1 -1 0
0 1 0 28.7 57.0 0 -1 0
0 1 0 28.6 57.0 0 -1 0
0 1 0 28.6 57.0 0 -1 0
0 1 0 28.6 57.0 0 -1 0
0 1 0 28.5 57.0 0 -1 0
0 1 0 28.5 56.5 0 -1 0
0 1 0 28.6 56.5 0 -1 0
0 1 0 28.5 55.5 0 -1 0
0 1 0 28.5 56.0 0 -1 0
0 1 0 28.5 55.5 0 -1 0
0 1 0 28.5 55.5 0 -1 0
0 1 0 28.5 55.0 0 -1 0
0 1 0 28.4 54.5 0 -1 0
0 1 0 28.4 54.0 0 -1 0
0 1 0 28.4 54.0 0 -1 0
0 1 0 28.4 53.5 0 -1 0
0 1 0 28.4 53.5 0 -1 0
0 1 0 28.4 53.5 1 -1 0
0 1 0 28.4 53.0 0 -1 0
0 1 0 28.3 53.0 0 -1 0
0 1 0 28.3 54.0 0 -1 0
0 1 0 28.4 55.0 0 -1 0
0 1 0 28.3 55.5 0 -1 0
0 1 0 28.4 56.0 0 -1 0
0 1 0 28.4 56.5 0 -1 0
0 1 0 28.4 56.5 0 -1 0
0 1 0 28.4 57.0 0 -1 0
0 1 0 28.4 57.5 0 -1 0
0 1 0 28.5 57.5 0 -1 0
0 1 0 28.5 57.5 0 -1 0
0 1 0 28.5 57.5 0 -1 0
0 1 0 28.4 57.5 0 -1 0
0 1 0 28.5 57.5 0 -1 0
0 1 0 28.5 57.5 0 -1 0
0 1 0 28.5 58.0 0 -1 0
0 1 0 28.5 58.5 0 -1 0
0 1 0 28.4 58.5 0 -1 0
0 1 0 28.6 58.5 0 -1 0
0 1 0 28.6 58.0 0 -1 0
0 1 0 28.5 57.5 0 -1 0
0 1 0 28.5 56.5 0 -1 0
0 1 0 28.4 56.0 0 -1 0
0 1 0 28.4 55.5 0 -1 0
0 1 0 28.4 55.5 0 -1 0
0 1 0 28.4 55.5 0 -1 0
0 1 0 28.4 55.5 0 -1 0
0 1 0 28.4 55.5 0 -1 0
0 1 0 28.5 56.0 0 -1 0
0 1 0 28.5 56.0 0 -1 0
0 1 0 28.4 56.5 0 -1 0
0 1 0 28.4 56.5 0 -1 0
0 1 0 28.4 57.0 0 -1 0
0 1 0 28.4 56.5 0 -1 0
0 1 0 28.5 57.0 0 -1 0
0 1 0 28.4 57.0 0 -1 0
0 1 0 28.3 56.5 0 -1 0
0 1 0 28.4 57.0 0 -1 0
0 1 0 28.5 57.5 0 -1 0
0 1 0 28.5 58.0 0 -1 0
0 1 0 28.5 57.5 0 -1 0
0 1 0 28.5 57.5 0 -1 0
0 1 0 28.4 57.5 0 -1 0
0 1 0 28.5 57.5 0 -1 0
0 1 0 28.5 58.0 0 -1 0
0 1 0 28.5 57.5 0 -1 0
0 1 0 28.5 57.5 0 -1 0
0 1 0 28.6 57.5 0 -1 0
0 1 0 28.5 57.5 0 -1 0
0 1 0 28.6 57.5 0 -1 0
0 1 0 28.5 57.5 0 -1 0
0 1 0 28.5 58.0 0 -1 0
0 1 0 28.5 58.0 0 -1 0
0 1 0 28.5 58.0 0 -1 0
0 1 0 28.5 58.5 0 -1 0
0 1 0 28.5 58.5 0 -1 0
0 1 0 28.5 58.5 0 -1 0
0 1 0 28.5 58.5 0 -1 0
0 1 0 28.5 59.0 0 -1 0
0 1 0 28.5 59.0 0 -1 0
0 1 0 28.6 59.0 0 -1 0
0 1 0 28.5 59.0 0 -1 0
0 1 0 28.6 59.0 0 -1 0
0 1 0 28.5 59.0 0 -1 0
0 1 0 28.5 59.0 0 -1 0
0 1 0 28.5 59.0 0 -1 0
0 1 0 28.5 58.5 0 -1 0
0 1 0 28.5 58.5 0 -1 0
0 1 0 28.6 58.5 0 -1 0
0 1 0 28.5 58.0 0 -1 0
0 1 0 28.5 58.0 0 -1 0
0 1 0 28.5 58.0 0 -1 0
0 1 0 28.5 58.5 0 -1 0
0 1 0 28.6 58.5 0 -1 0
0 1 0 28.5 59.0 0 -1 0
0 1 0 28.5 59.0 0 -1 0
0 1 0 28.6 59.0 0 -1 0
0 1 0 28.5 58.5 0 -1 0
0 1 0 28.6 58.5 0 -1 0
0 1 0 28.5 58.5 0 -1 0
0 1 0 28.5 58.0 1 -1 0
0 1 0 28.6 58.0 1 -1 0
0 1 0 28.5 57.5 0 -1 0
0 1 0 28.5 57.5 0 -1 0
0 1 0 28.4 57.5 1 -1 0
0 1 0 28.5 57.5 0 -1 0
0 1 0 28.5 57.5 0 -1 0
0 1 0 28.5 57.5 0 -1 0
0 1 0 28.5 56.5 0 -1 0
0 1 0 28.4 56.5 1 -1 0
0 1 0 28.4 56.5 1 -1 0
0 1 0 28.4 56.0 1 -1 0
0 1 0 28.5 55.5 1 -1 0
0 1 0 28.4 55.0 0 -1 0
0 1 0 28.4 55.0 2 -1 0
0 1 0 28.4 55.0 2 -1 0
0 1 0 28.4 55.0 2 -1 0
0 1 0 28.5 55.0 2 -1 0
0 1 0 28.5 55.5 2 -1 0
0 1 0 28.5 55.5 2 -1 0
0 1 0 28.4 56.0 2 -1 0
0 1 0 28.4 56.0 2 -1 0
0 1 0 28.5 56.0 2 -1 0
0 1 0 28.5 56.5 2 -1 0
0 1 0 28.5 56.5 2 -1 0
0 1 0 28.5 56.5 2 -1 0
0 1 0 28.5 56.5 2 -1 0
0 1 0 28.5 56.5 2 -1 0
0 1 0 28.5 57.0 2 -1 0
0 1 0 28.5 56.5 2 -1 0
0 1 0 28.5 56.5 2 -1 0
0 1 0 28.5 56.5 2 -1 0
0 1 0 28.6 56.5 2 -1 0
0 1 0 28.5 56.5 2 -1 0
0 1 0 28.6 56.5 2 -1 0
0 1 0 28.6 57.0 2 -1 0
0 1 0 28.6 57.0 2 -1 0
0 1 0 28.7 57.0 2 -1 0
0 1 0 28.6 57.0 2 -1 0
0 1 0 28.7 57.0 2 -1 0
0 1 0 28.7 57.0 2 -1 0
0 1 0 28.7 56.5 2 -1 0
0 1 0 28.8 56.5 2 -1 0
0 1 0 28.7 56.5 2 -1 0
0 1 0 28.7 57.0 2 -1 0
0 1 0 28.7 58.0 2 -1 0
0 1 0 28.8 58.0 2 -1 0
0 1 0 28.8 58.0 2 -1 0
0 1 0 28.8 58.5 2 -1 0
0 1 0 28.8 58.5 2 -1 0
0 1 0 28.8 58.5 2 -1 0
0 1 0 28.8 58.5 2 -1 0
0 1 0 28.9 58.5 2 -1 0
0 1 0 28.9 59.0 2 -1 0
0 1 0 28.9 59.0 2 -1 0
0 1 0 28.9 58.5 2 -1 0
0 1 0 28.9 58.5 2 -1 0
0 1 0 28.9 58.5 2 -1 0
0 1 0 28.9 59.5 2 -1 0
0 1 0 29.0 60.0 2 -1 0
0 1 0 28.9 59.5 2 -1 0
0 1 0 29.0 59.5 2 -1 0
0 1 0 29.0 60.5 2 -1 0
0 1 0 29.0 61.5 2 -1 0
0 1 0 29.0 61.0 2 -1 0
0 1 0 29.0 60.5 2 -1 0
0 1 0 29.1 60.5 2 -1 0
0 1 0 29.2 60.5 2 -1 0
0 1 0 29.1 60.5 2 -1 0
0 1 0 29.2 60.5 2 -1 0
0 1 0 29.1 60.5 2 -1 0
0 1 0 29.1 60.5 2 -1 0
0 1 0 29.2 60.5 2 -1 0
0 1 0 29.2 60.0 2 -1 0
0 1 0 29.2 60.0 2 -1 0
0 1 0 29.2 59.5 2 -1 0
0 1 0 29.3 59.5 2 -1 0
0 1 0 29.3 59.5 2 -1 0
0 1 0 29.3 59.5 2 -1 0
0 1 0 29.3 59.5 2 -1 0
0 1 0 29.3 59.5 2 -1 0
0 1 0 29.3 60.5 2 -1 0
0 1 0 29.3 60.5 2 -1 0
0 1 0 29.3 60.5 2 -1 0
0 1 0 29.3 60.5 2 -1 0
0 1 0 29.3 60.5 2 -1 0
0 1 0 29.4 60.5 2 -1 0
0 1 0 29.4 60.5 2 -1 0
0 1 0 29.4 60.0 2 -1 0
0 1 0 29.4 60.5 2 -1 0
0 1 0 29.4 60.5 2 -1 0
0 1 0 29.4 60.5 2 -1 0
0 1 0 29.5 60.5 2 -1 0
0 1 0 29.5 60.0 2 -1 0
0 1 0 29.5 60.0 2 -1 0
0 1 0 29.5 60.5 2 -1 0
0 1 0 29.5 60.5 2 -1 0
0 1 0 29.5 60.5 2 -1 0
0 1 0 29.5 60.0 2 -1 0
0 1 0 29.5 60.0 2 -1 0
0 1 0 29.6 60.5 2 -1 0
0 1 0 29.6 61.0 2 -1 0
0 1 0 29.6 61.0 2 -1 0
0 1 0 29.6 61.0 2 -1 0
0 1 0 29.6 61.0 2 -1 0
0 1 0 29.6 61.5 2 -1 0
0 1 0 29.6 62.0 2 -1 0
0 1 0 29.6 62.5 2 -1 0
0 1 0 29.6 63.0 2 -1 0
0 1 0 29.6 63.0 2 -1 0
0 1 0 29.6 63.0 2 -1 0
0 1 0 29.6 63.5 2 -1 0
0 1 0 29.6 64.0 2 -1 0
0 1 0 29.6 64.0 2 -1 0
0 1 0 29.6 64.0 2 -1 0
0 1 0 29.6 63.5 2 -1 0
0 1 0 29.6 63.5 2 -1 0
0 1 0 29.6 64.0 2 -1 0
0 1 0 29.6 64.0 2 -1 0
0 1 0 29.6 64.0 2 -1 0
0 1 0 29.7 64.0 2 -1 0
0 1 0 29.7 64.0 2 -1 0
0 1 0 29.7 64.0 2 -1 0
