0 1 0 27.9 62.5 2 -1 0
0 1 0 27.8 62.5 2 -1 0
0 1 0 27.9 63.0 2 -1 0
0 1 0 27.9 63.0 2 -1 0
0 1 0 27.9 63.0 2 -1 0
0 1 0 27.9 63.0 2 -1 0
0 1 0 27.9 63.0 2 -1 0
0 1 0 27.9 63.5 2 -1 0
0 1 0 27.9 63.5 2 -1 0
0 1 0 28.0 63.5 2 -1 0
0 1 0 28.0 64.0 2 -1 0
0 1 0 28.0 64.0 2 -1 0
0 1 0 27.9 64.0 2 -1 0
0 1 0 27.9 64.0 2 -1 0
0 1 0 27.9 64.0 2 -1 0
0 1 0 28.0 64.5 2 -1 0
0 1 0 28.0 64.5 2 -1 0
0 1 0 28.0 64.5 2 -1 0
0 1 0 28.0 64.5 2 -1 0
0 1 0 28.0 64.5 2 -1 0
0 1 0 28.0 64.5 2 -1 0
0 1 0 28.0 64.5 2 -1 0
0 1 0 28.1 64.5 2 -1 0
0 1 0 28.0 64.5 2 -1 0
0 1 0 28.0 64.5 2 -1 0
0 1 0 28.0 64.5 2 -1 0
0 1 0 28.1 64.5 2 -1 0
0 1 0 28.1 64.5 2 -1 0
0 1 0 28.1 64.5 2 -1 0
0 1 0 28.1 64.5 2 -1 0
0 1 0 28.1 64.5 2 -1 0
0 1 0 28.1 64.5 2 -1 0
0 1 0 28.1 64.5 2 -1 0
0 1 0 28.1 64.0 2 -1 0
0 1 0 28.1 64.5 2 -1 0
0 1 0 28.1 64.0 2 -1 0
0 1 0 28.1 64.0 2 -1 0
0 1 0 28.1 64.0 2 -1 0
0 1 0 28.1 64.0 2 -1 0
0 1 0 28.1 64.0 2 -1 0
0 1 0 28.1 64.0 2 -1 0
0 1 0 28.1 64.0 2 -1 0
0 1 0 28.2 64.0 2 -1 0
0 1 0 28.2 64.0 2 -1 0
0 1 0 28.2 64.5 2 -1 0
0 1 0 28.2 64.0 2 -1 0
0 1 0 28.2 64.5 2 -1 0
0 1 0 28.2 64.5 2 -1 0
0 1 0 28.2 64.5 2 -1 0
0 1 0 28.2 64.5 2 -1 0
0 1 0 28.2 64.0 2 -1 0
0 1 0 28.2 64.0 2 -1 0
0 1 0 28.2 64.0 2 -1 0
0 1 0 28.2 64.0 2 -1 0
0 1 0 28.2 64.0 2 -1 0
0 1 0 28.2 64.0 2 -1 0
0 1 0 28.2 64.0 2 -1 0
0 1 0 28.2 64.0 2 -1 0
0 1 0 28.3 64.0 2 -1 0
0 1 0 28.2 64.0 2 -1 0
0 1 0 28.2 64.0 2 -1 0
0 1 0 28.2 64.0 2 -1 0
0 1 0 28.2 64.0 2 -1 0
0 1 0 28.2 64.0 2 -1 0
0 1 0 28.2 64.0 2 -1 0
0 1 0 28.2 64.0 2 -1 0
0 1 0 28.2 64.0 2 -1 0
0 1 0 28.2 64.0 2 -1 0
0 1 0 28.2 64.0 2 -1 0
0 1 0 28.2 64.0 2 -1 0
0 1 0 28.3 64.0 2 -1 0
0 1 0 28.3 64.0 2 -1 0
0 1 0 28.3 64.0 2 -1 0
0 1 0 28.3 64.0 2 -1 0
0 1 0 28.3 64.0 2 -1 0
0 1 0 28.3 64.0 2 -1 0
0 1 0 28.3 64.0 2 -1 0
0 1 0 28.3 64.0 2 -1 0
0 1 0 28.3 64.0 2 -1 0
0 1 0 28.3 64.0 2 -1 0
0 1 0 28.3 64.0 2 -1 0
0 1 0 28.3 64.0 2 -1 0
0 1 0 28.4 64.0 2 -1 0
0 1 0 28.2 64.0 2 -1 0
0 1 0 28.4 64.0 2 -1 0
0 1 0 28.3 64.0 2 -1 0
0 1 0 28.3 64.0 2 -1 0
0 1 0 28.3 64.0 2 -1 0
0 1 0 28.4 64.5 2 -1 0
0 1 0 28.3 64.5 2 -1 0
0 1 0 28.4 65.0 2 -1 0
0 1 0 28.3 65.5 2 -1 0
0 1 0 28.3 66.0 2 -1 0
0 1 0 28.3 66.0 2 -1 0
0 1 0 28.3 66.0 2 -1 0
0 1 0 28.4 66.0 2 -1 0
0 1 0 28.4 66.0 2 -1 0
0 1 0 28.4 66.5 2 -1 0
0 1 0 28.4 66.0 2 -1 0
0 1 0 28.4 66.0 2 -1 0
0 1 0 28.5 66.0 2 -1 0
0 1 0 28.4 66.0 2 -1 0
0 1 0 28.4 65.5 2 -1 0
0 1 0 28.4 65.5 2 -1 0
0 1 0 28.4 65.5 2 -1 0
0 1 0 28.4 65.5 2 -1 0
0 1 0 28.4 65.5 2 -1 0
0 1 0 28.5 65.5 2 -1 0
0 1 0 28.5 65.5 2 -1 0
0 1 0 28.5 65.5 2 -1 0
0 1 0 28.5 65.5 2 -1 0
0 1 0 28.4 65.5 2 -1 0
0 1 0 28.5 65.5 2 -1 0
0 1 0 28.5 65.5 2 -1 0
0 1 0 28.5 65.0 2 -1 0
0 1 0 28.5 65.0 2 -1 0
0 1 0 28.4 65.0 2 -1 0
0 1 0 28.5 65.0 2 -1 0
0 1 0 28.5 65.0 2 -1 0
0 1 0 28.5 65.5 2 -1 0
0 1 0 28.5 65.5 2 -1 0
0 1 0 28.5 66.0 2 -1 0
0 1 0 28.5 66.0 2 -1 0
0 1 0 28.5 66.5 2 -1 0
0 1 0 28.5 67.0 2 -1 0
0 1 0 28.5 67.5 2 -1 0
0 1 0 28.5 68.0 2 -1 0
0 1 0 28.5 68.0 2 -1 0
0 1 0 28.5 68.0 2 -1 0
0 1 0 28.5 68.5 2 -1 0
0 1 0 28.6 69.0 2 -1 0
0 1 0 28.5 69.5 2 -1 0
0 1 0 28.5 69.5 2 -1 0
0 1 0 28.5 69.0 2 -1 0
0 1 0 28.6 69.0 2 -1 0
0 1 0 28.6 69.0 2 -1 0
0 1 0 28.6 69.0 2 -1 0
0 1 0 28.6 69.0 2 -1 0
0 1 0 28.6 69.0 2 -1 0
0 1 0 28.6 69.0 2 -1 0
0 1 0 28.6 69.0 2 -1 0
0 1 0 28.6 69.0 2 -1 0
0 1 0 28.6 68.5 2 -1 0
0 1 0 28.6 68.5 2 -1 0
0 1 0 28.6 68.5 2 -1 0
0 1 0 28.6 68.5 2 -1 0
0 1 0 28.7 68.5 2 -1 0
0 1 0 28.6 68.0 2 -1 0
0 1 0 28.6 68.0 2 -1 0
0 1 0 28.6 68.0 2 -1 0
0 1 0 28.6 68.0 2 -1 0
0 1 0 28.6 67.5 2 -1 0
0 1 0 28.6 67.5 2 -1 0
0 1 0 28.6 67.5 2 -1 0
0 1 0 28.7 67.5 2 -1 0
0 1 0 28.6 67.5 2 -1 0
0 1 0 28.7 67.5 2 -1 0
0 1 0 28.7 67.5 2 -1 0
0 1 0 28.6 67.5 2 -1 0
0 1 0 28.7 67.0 2 -1 0
0 1 0 28.7 67.0 2 -1 0
0 1 0 28.7 67.0 2 -1 0
0 1 0 28.7 67.0 2 -1 0
0 1 0 28.6 67.0 2 -1 0
0 1 0 28.6 67.0 2 -1 0
0 1 0 28.7 67.5 2 -1 0
0 1 0 28.6 67.5 2 -1 0
0 1 0 28.7 68.0 2 -1 0
0 1 0 28.7 68.0 2 -1 0
0 1 0 28.6 67.5 2 -1 0
0 1 0 28.7 67.5 2 -1 0
0 1 0 28.7 67.5 2 -1 0
0 1 0 28.7 67.5 2 -1 0
0 1 0 28.7 67.5 2 -1 0
0 1 0 28.7 67.5 2 -1 0
0 1 0 28.7 67.5 2 -1 0
0 1 0 28.6 67.5 2 -1 0
0 1 0 28.7 67.5 2 -1 0
0 1 0 28.6 67.5 2 -1 0
0 1 0 28.7 67.0 2 -1 0
0 1 0 28.7 67.0 2 -1 0
0 1 0 28.7 67.0 2 -1 0
0 1 0 28.7 67.0 2 -1 0
0 1 0 28.7 67.0 2 -1 0
0 1 0 28.7 67.0 2 -1 0
0 1 0 28.7 67.0 2 -1 0
0 1 0 28.7 67.0 2 -1 0
0 1 0 28.7 67.0 2 -1 0
0 1 0 28.7 67.0 2 -1 0
0 1 0 28.7 67.0 2 -1 0
0 1 0 28.7 67.0 2 -1 0
0 1 0 28.7 67.0 2 -1 0
0 1 0 28.7 67.0 2 -1 0
0 1 0 28.7 67.0 2 -1 0
0 1 0 28.7 67.0 2 -1 0
0 1 0 28.7 67.0 2 -1 0
0 1 0 28.7 67.0 2 -1 0
0 1 0 28.7 67.0 2 -1 0
0 1 0 28.7 66.5 2 -1 0
0 1 0 28.7 66.5 2 -1 0
0 1 0 28.7 66.5 2 -1 0
0 1 0 28.8 67.0 2 -1 0
0 1 0 28.8 67.0 2 -1 0
0 1 0 28.8 67.0 2 -1 0
0 1 0 28.8 67.0 2 -1 0
0 1 0 28.7 67.0 2 -1 0
0 1 0 28.8 66.5 2 -1 0
0 1 0 28.8 66.5 2 -1 0
0 1 0 28.8 66.5 2 -1 0
0 1 0 28.7 66.5 2 -1 0
0 1 0 28.7 66.5 2 -1 0
0 1 0 28.7 66.5 2 -1 0
0 1 0 28.8 66.5 2 -1 0
0 1 0 28.7 67.0 2 -1 0
0 1 0 28.8 67.0 2 -1 0
0 1 0 28.7 67.0 2 -1 0
0 1 0 28.8 67.0 2 -1 0
0 1 0 28.7 67.0 2 -1 0
0 1 0 28.7 67.0 2 -1 0
0 1 0 28.7 67.0 2 -1 0
0 1 0 28.8 67.0 2 -1 0
0 1 0 28.8 67.0 2 -1 0
0 1 0 28.7 67.0 2 -1 0
0 1 0 28.7 67.0 2 -1 0
0 1 0 28.8 67.0 2 -1 0
0 1 0 28.8 67.0 2 -1 0
0 1 0 28.8 67.0 2 -1 0
0 1 0 28.8 67.0 2 -1 0
0 1 0 28.8 67.0 2 -1 0
0 1 0 28.7 66.5 2 -1 0
0 1 0 28.8 66.5 2 -1 0
0 1 0 28.8 66.5 2 -1 0
0 1 0 28.8 66.5 2 -1 0
0 1 0 28.8 66.5 2 -1 0
0 1 0 28.8 66.5 2 -1 0
0 1 0 28.8 66.5 0 -1 0
0 1 0 28.8 67.0 2 -1 0
0 1 0 28.8 67.0 2 -1 0
0 1 0 28.8 66.5 2 -1 0
0 1 0 28.8 67.0 2 -1 0
0 1 0 28.8 67.0 2 -1 0
0 1 0 28.8 67.0 2 -1 0
0 1 0 28.8 67.0 2 -1 0
0 1 0 28.8 67.0 2 -1 0
0 1 0 28.8 67.0 2 -1 0
0 1 0 28.8 67.0 2 -1 0
0 1 0 28.8 67.0 2 -1 0
0 1 0 28.8 66.5 2 -1 0
0 1 0 28.9 66.5 2 -1 0
0 1 0 28.9 67.0 2 -1 0
0 1 0 28.8 67.0 2 -1 0
0 1 0 28.8 67.0 2 -1 0
0 1 0 28.8 67.0 2 -1 0
0 1 0 28.8 67.0 2 -1 0
0 1 0 28.8 67.5 2 -1 0
0 1 0 28.8 67.5 2 -1 0
0 1 0 28.9 67.5 2 -1 0
0 1 0 28.8 67.5 2 -1 0
0 1 0 28.8 67.5 2 -1 0
0 1 0 28.8 67.5 2 -1 0
0 1 0 28.8 67.5 2 -1 0
0 1 0 28.9 67.5 2 -1 0
0 1 0 28.8 68.0 2 -1 0
0 1 0 28.9 68.5 2 -1 0
0 1 0 28.8 68.0 2 -1 0
0 1 0 28.8 68.5 2 -1 0
0 1 0 28.8 68.0 2 -1 0
0 1 0 28.9 68.0 2 -1 0
0 1 0 28.9 68.0 2 -1 0
0 1 0 28.9 68.0 2 -1 0
0 1 0 28.9 68.0 2 -1 0
0 1 0 28.9 68.0 2 -1 0
0 1 0 28.9 68.0 2 -1 0
0 1 0 28.9 68.0 2 -1 0
0 1 0 28.9 68.0 2 -1 0
0 1 0 28.9 68.0 2 -1 0
0 1 0 28.8 68.0 2 -1 0
0 1 0 28.9 68.0 2 -1 0
0 1 0 28.8 68.0 2 -1 0
0 1 0 28.9 68.0 2 -1 0
0 1 0 28.9 68.0 2 -1 0
0 1 0 28.9 68.0 2 -1 0
0 1 0 28.9 68.0 2 -1 0
0 1 0 28.9 68.0 2 -1 0
0 1 0 28.9 68.0 2 -1 0
0 1 0 28.9 68.0 2 -1 0
0 1 0 28.9 68.5 2 -1 0
0 1 0 28.9 68.5 2 -1 0
0 1 0 29.0 69.0 2 -1 0
0 1 0 28.9 69.5 2 -1 0
0 1 0 28.9 69.5 2 -1 0
0 1 0 28.9 69.5 2 -1 0
0 1 0 28.9 69.5 2 -1 0
0 1 0 28.9 69.5 2 -1 0
0 1 0 28.9 69.5 2 -1 0
0 1 0 28.8 70.0 1 -1 0
0 1 0 28.9 70.0 1 -1 0
0 1 0 28.9 69.5 1 -1 0
0 1 0 28.9 69.5 1 -1 0
0 1 0 28.9 69.5 1 -1 0
0 1 0 28.9 69.5 1 -1 0
0 1 0 28.9 69.5 1 -1 0
0 1 0 28.9 69.5 1 -1 0
0 1 0 28.9 69.5 1 -1 0
0 1 0 28.9 69.5 1 -1 0
0 1 0 28.9 69.5 1 -1 0
0 1 0 28.9 69.0 1 -1 0
0 1 0 29.0 69.0 0 -1 0
0 1 0 28.9 69.0 0 -1 0
0 1 0 28.9 69.0 0 -1 0
0 1 0 28.9 69.0 0 -1 0
0 1 0 28.9 69.0 0 -1 0
0 1 0 28.9 69.0 0 -1 0
0 1 0 28.9 68.5 0 -1 0
0 1 0 29.0 69.0 0 -1 0
0 1 0 29.0 69.0 2 -1 0
0 1 0 28.9 69.0 2 -1 0
0 1 0 28.9 69.0 2 -1 0
0 1 0 29.0 69.0 3 -1 0
0 1 0 29.0 69.0 1 -1 0
0 1 0 28.9 69.0 1 -1 0
0 1 0 29.0 69.0 1 -1 0
0 1 0 28.9 69.0 1 -1 0
0 1 0 29.0 69.0 2 -1 0
0 1 0 28.9 69.0 2 -1 0
0 1 0 28.9 69.0 2 -1 0
0 1 0 28.9 69.0 1 -1 0
0 1 0 29.0 69.0 1 -1 0
0 1 0 29.0 69.0 2 -1 0
0 1 0 28.9 69.0 4 -1 0
0 1 0 28.9 69.0 2 -1 0
0 1 0 29.0 69.5 3 -1 0
0 1 0 28.9 69.5 5 -1 0
0 1 0 28.9 69.5 5 -1 0
0 1 0 28.9 70.0 3 -1 0
0 1 0 29.0 70.5 3 -1 0
0 1 0 29.0 70.5 5 -1 0
0 1 0 28.9 70.5 5 -1 0
0 1 0 28.9 70.5 5 -1 0
0 1 0 28.9 70.5 7 -1 0
0 1 0 29.0 71.0 4 -1 0
0 1 0 28.9 70.5 5 -1 0
0 1 0 29.0 70.5 5 -1 0
0 1 0 28.9 70.0 6 -1 0
0 1 0 29.0 70.5 6 -1 0
0 1 0 29.0 70.5 8 -1 0
0 1 0 29.0 70.5 15 -1 0
0 1 0 29.1 70.5 13 -1 0
0 1 0 29.1 70.5 13 -1 0
0 1 0 29.1 70.0 12 -1 0
0 1 0 29.0 70.0 11 -1 0
0 1 0 29.1 70.0 11 -1 0
0 1 0 29.0 70.0 11 -1 0
0 1 0 29.0 70.0 11 -1 0
0 1 0 29.0 70.0 11 -1 0
0 1 0 29.1 70.0 13 -1 0
0 1 0 29.1 70.5 13 -1 0
0 1 0 29.1 70.5 13 -1 0
0 1 0 29.0 70.5 14 -1 0
0 1 0 29.0 70.5 18 -1 0
0 1 0 29.0 71.0 18 -1 0
0 1 0 29.0 71.0 20 -1 0
0 1 0 29.0 71.0 18 -1 0
0 1 0 29.0 71.0 18 -1 0
0 1 0 29.1 71.0 18 -1 0
0 1 0 29.0 70.5 18 -1 0
0 1 0 29.0 70.5 22 -1 0
0 1 0 29.1 70.5 20 -1 0
0 1 0 29.1 70.5 22 -1 0
0 1 0 29.1 70.5 22 -1 0
0 1 0 29.1 70.5 23 -1 0
0 1 0 29.0 70.5 25 -1 0
0 1 0 29.0 70.5 27 -1 0
0 1 0 29.1 70.5 23 -1 0
0 1 0 29.1 70.5 25 -1 0
0 1 0 29.1 70.5 27 -1 0
0 1 0 29.2 70.5 27 -1 0
0 1 0 29.1 70.5 27 -1 0
0 1 0 29.1 70.0 27 -1 0
0 1 0 29.1 70.0 27 -1 0
0 1 0 29.1 70.0 25 -1 0
0 1 0 29.2 70.0 23 -1 0
0 1 0 29.1 70.0 25 -1 0
0 1 0 29.2 70.0 29 -1 0
0 1 0 29.2 70.0 29 -1 0
0 1 0 29.1 70.0 31 -1 0
0 1 0 29.1 70.0 30 -1 0
0 1 0 29.2 70.0 31 -1 0
0 1 0 29.1 70.0 31 -1 0
0 1 0 29.1 70.5 31 -1 0
0 1 0 29.2 70.5 30 -1 0
0 1 0 29.2 70.5 30 -1 0
0 1 0 29.2 70.5 30 -1 0
0 1 0 29.2 70.5 32 -1 0
0 1 0 29.2 70.5 32 -1 0
0 1 0 29.2 70.5 32 -1 0
0 1 0 29.2 70.0 34 -1 0
0 1 0 29.2 70.0 36 -1 0
0 1 0 29.2 70.0 32 -1 0
0 1 0 29.2 70.0 34 -1 0
0 1 0 29.3 70.0 36 -1 0
0 1 0 29.2 70.0 36 -1 0
0 1 0 29.3 70.0 38 -1 0
0 1 0 29.3 70.0 34 -1 0
0 1 0 29.3 70.5 34 -1 0
0 1 0 29.3 70.5 36 -1 0
0 1 0 29.3 70.5 36 -1 0
0 1 0 29.2 71.0 36 -1 0
0 1 0 29.3 71.0 38 -1 0
0 1 0 29.3 71.5 38 -1 0
0 1 0 29.3 71.5 38 -1 0
0 1 0 29.3 71.5 38 -1 0
0 1 0 29.3 71.5 38 -1 0
0 1 0 29.3 72.0 38 -1 0
0 1 0 29.3 72.0 38 -1 0
0 1 0 29.3 72.0 40 -1 0
0 1 0 29.4 72.0 37 -1 0
0 1 0 29.4 71.5 39 -1 0
0 1 0 29.3 71.5 39 -1 0
0 1 0 29.4 71.5 39 -1 0
0 1 0 29.4 71.5 39 -1 0
0 1 0 29.4 71.5 39 -1 0
0 1 0 29.4 71.5 39 -1 0
0 1 0 29.4 71.5 41 -1 0
0 1 0 29.4 71.5 41 -1 0
0 1 0 29.5 71.5 41 -1 0
0 1 0 29.4 71.5 43 -1 0
0 1 0 29.5 72.0 43 -1 0
0 1 0 29.4 72.0 41 -1 0
0 1 0 29.4 72.0 41 -1 0
0 1 0 29.4 72.0 41 -1 0
0 1 0 29.4 72.0 41 -1 0
0 1 0 29.4 72.5 41 -1 0
0 1 0 29.6 72.5 41 -1 0
0 1 0 29.5 72.5 43 -1 0
0 1 0 29.5 73.0 43 -1 0
0 1 0 29.5 73.0 43 -1 0
0 1 0 29.5 73.0 43 -1 0
0 1 0 29.6 73.5 43 -1 0
0 1 0 29.5 73.0 43 -1 0
0 1 0 29.6 73.5 43 -1 0
0 1 0 29.5 73.5 43 -1 0
0 1 0 29.6 73.5 45 -1 0
0 1 0 29.6 73.5 45 -1 0
0 1 0 29.6 73.5 45 -1 0
0 1 0 29.6 74.0 41 -1 0
0 1 0 29.6 74.0 41 -1 0
0 1 0 29.6 74.0 43 -1 0
0 1 0 29.7 74.0 43 -1 0
0 1 0 29.6 74.0 41 -1 0
0 1 0 29.7 74.0 45 -1 0
0 1 0 29.6 74.0 43 -1 0
0 1 0 29.7 74.0 43 -1 0
0 1 0 29.7 74.0 43 -1 0
0 1 0 29.8 74.0 43 -1 0
0 1 0 29.7 74.5 43 -1 0
0 1 0 29.8 74.5 43 -1 0
0 1 0 29.8 74.5 45 -1 0
0 1 0 29.8 74.5 45 -1 0
0 1 0 29.7 74.5 45 -1 0
0 1 0 29.8 74.5 45 -1 0
0 1 0 29.8 74.5 43 -1 0
0 1 0 29.9 74.5 43 -1 0
0 1 0 29.8 74.5 43 -1 0
0 1 0 29.9 74.5 43 -1 0
0 1 0 29.9 74.5 43 -1 0
0 1 0 29.9 74.5 45 -1 0
0 1 0 29.9 74.5 45 -1 0
0 1 0 29.9 74.5 45 -1 0
0 1 0 29.9 74.5 45 -1 0
0 1 0 29.9 74.5 47 -1 0
0 1 0 29.9 74.5 43 -1 0
0 1 0 29.9 74.5 43 -1 0
0 1 0 29.9 74.5 47 -1 0
0 1 0 29.9 74.5 45 -1 0
0 1 0 29.9 74.5 45 -1 0
0 1 0 29.9 74.5 43 -1 0
0 1 0 30.0 74.5 43 -1 0
0 1 0 30.0 74.5 43 -1 0
0 1 0 30.0 74.5 45 -1 0
0 1 0 30.0 74.5 43 -1 0
0 1 0 30.1 74.5 45 -1 0
0 1 0 30.0 74.5 47 -1 0
0 1 0 30.0 74.5 47 -1 0
0 1 0 30.0 74.5 45 -1 0
0 1 0 30.1 74.5 45 -1 0
0 1 0 30.1 74.5 43 -1 0
0 1 0 30.1 74.5 43 -1 0
0 1 0 30.1 74.5 41 -1 0
0 1 0 30.1 74.5 35 -1 0
0 1 0 30.1 74.5 40 -1 0
0 1 0 30.1 74.5 45 -1 0
0 1 0 30.1 75.0 47 -1 0
0 1 0 30.1 75.0 47 -1 0
0 1 0 30.2 75.0 47 -1 0
0 1 0 30.1 75.0 47 -1 0
0 1 0 30.2 75.0 45 -1 0
0 1 0 30.2 75.0 45 -1 0
0 1 0 30.1 75.0 45 -1 0
0 1 0 30.2 75.0 45 -1 0
0 1 0 30.2 75.0 45 -1 0
0 1 0 30.3 75.0 45 -1 0
0 1 0 30.2 75.0 45 -1 0
0 1 0 30.2 75.0 45 -1 0
0 1 0 30.2 75.0 45 -1 0
0 1 0 30.3 75.0 43 -1 0
0 1 0 30.3 75.0 47 -1 0
0 1 0 30.2 75.0 47 -1 0
0 1 0 30.3 75.0 47 -1 0
0 1 0 30.2 75.0 47 -1 0
0 1 0 30.3 74.5 47 -1 0
0 1 0 30.2 74.5 43 -1 0
0 1 0 30.2 74.5 47 -1 0
0 1 0 30.3 74.5 45 -1 0
0 1 0 30.3 74.5 43 -1 0
0 1 0 30.3 74.5 45 -1 0
0 1 0 30.3 74.5 47 -1 0
0 1 0 30.2 74.0 47 -1 0
0 1 0 30.3 74.0 47 -1 0
0 1 0 30.3 74.0 47 -1 0
0 1 0 30.3 74.0 47 -1 0
0 1 0 30.3 73.5 45 -1 0
0 1 0 30.3 74.0 45 -1 0
0 1 0 30.2 73.5 47 -1 0
0 1 0 30.3 73.0 45 -1 0
0 1 0 30.3 73.5 45 -1 0
0 1 0 30.3 73.5 45 -1 0
0 1 0 30.3 73.5 45 -1 0
0 1 0 30.3 73.0 45 -1 0
0 1 0 30.3 73.0 45 -1 0
0 1 0 30.2 73.0 45 -1 0
0 1 0 30.3 73.5 43 -1 0
0 1 0 30.3 73.5 47 -1 0
0 1 0 30.3 73.5 45 -1 0
0 1 0 30.3 73.5 45 -1 0
0 1 0 30.3 73.5 45 -1 0
0 1 0 30.3 73.5 45 -1 0
0 1 0 30.3 73.5 45 -1 0
0 1 0 30.3 73.5 45 -1 0
0 1 0 30.3 73.5 43 -1 0
0 1 0 30.3 73.0 43 -1 0
0 1 0 30.3 73.0 43 -1 0
0 1 0 30.3 72.5 43 -1 0
0 1 0 30.3 72.5 41 -1 0
0 1 0 30.3 73.0 41 -1 0
0 1 0 30.3 73.0 41 -1 0
0 1 0 30.3 73.0 45 -1 0
0 1 0 30.3 73.0 45 -1 0
0 1 0 30.3 72.5 43 -1 0
0 1 0 30.3 72.5 43 -1 0
0 1 0 30.3 73.0 45 -1 0
0 1 0 30.3 73.0 45 -1 0
0 1 0 30.3 73.0 43 -1 0
0 1 0 30.2 72.5 41 -1 0
0 1 0 30.3 72.5 45 -1 0
0 1 0 30.3 72.5 43 -1 0
0 1 0 30.2 73.0 43 -1 0
0 1 0 30.3 72.5 43 -1 0
0 1 0 30.3 73.0 43 -1 0
0 1 0 30.3 72.5 43 -1 0
0 1 0 30.3 72.5 43 -1 0
0 1 0 30.2 72.5 43 -1 0
0 1 0 30.2 72.5 43 -1 0
0 1 0 30.2 72.5 43 -1 0
0 1 0 30.2 72.5 43 -1 0
0 1 0 30.2 72.5 41 -1 0
0 1 0 30.3 72.5 43 -1 0
0 1 0 30.2 72.5 45 -1 0
0 1 0 30.2 72.5 45 -1 0
0 1 0 30.2 72.5 43 -1 0
0 1 0 30.3 72.0 43 -1 0
0 1 0 30.2 71.5 43 -1 0
0 1 0 30.2 71.5 43 -1 0
0 1 0 30.2 71.5 43 -1 0
0 1 0 30.2 71.0 43 -1 0
0 1 0 30.1 71.0 41 -1 0
0 1 0 30.1 71.5 43 -1 0
0 1 0 30.1 71.5 41 -1 0
0 1 0 30.1 72.0 41 -1 0
0 1 0 30.2 72.0 39 -1 0
0 1 0 30.1 72.0 41 -1 0
0 1 0 30.1 72.5 41 -1 0
0 1 0 30.1 72.0 39 -1 0
0 1 0 30.1 72.5 39 -1 0
0 1 0 30.1 72.0 41 -1 0
0 1 0 30.1 72.0 41 -1 0
0 1 0 30.0 72.0 39 -1 0
0 1 0 30.1 72.0 40 -1 0
0 1 0 30.1 71.5 40 -1 0
0 1 0 30.1 72.0 40 -1 0
0 1 0 30.0 72.0 40 -1 0
0 1 0 30.0 72.0 40 -1 0
0 1 0 29.9 71.5 40 -1 0
0 1 0 30.0 71.5 39 -1 0
0 1 0 29.9 71.5 40 -1 0
0 1 0 29.9 71.5 40 -1 0
0 1 0 30.0 71.5 39 -1 0
0 1 0 30.0 72.0 40 -1 0
0 1 0 30.0 71.5 40 -1 0
0 1 0 30.0 72.0 36 -1 0
0 1 0 30.0 72.0 38 -1 0
0 1 0 30.0 72.0 36 -1 0
0 1 0 30.0 72.0 36 -1 0
0 1 0 30.0 72.0 34 -1 0
0 1 0 30.0 72.0 34 -1 0
0 1 0 30.0 72.0 34 -1 0
0 1 0 30.0 72.0 36 -1 0
0 1 0 30.0 72.0 36 -1 0
0 1 0 30.0 72.0 36 -1 0
0 1 0 30.0 72.0 36 -1 0
0 1 0 30.0 72.0 34 -1 0
0 1 0 30.0 72.0 34 -1 0
0 1 0 30.0 72.0 36 -1 0
0 1 0 29.9 72.0 34 -1 0
0 1 0 30.1 72.0 32 -1 0
0 1 0 30.1 72.0 32 -1 0
0 1 0 30.0 72.0 34 -1 0
0 1 0 30.0 71.5 32 -1 0
0 1 0 30.0 71.5 32 -1 0
0 1 0 30.0 71.5 34 -1 0
0 1 0 29.9 71.5 32 -1 0
0 1 0 29.9 71.5 32 -1 0
0 1 0 29.9 71.0 32 -1 0
0 1 0 29.9 71.0 32 -1 0
0 1 0 29.9 71.0 32 -1 0
0 1 0 29.9 71.0 32 -1 0
0 1 0 29.9 70.5 33 -1 0
0 1 0 29.8 70.5 31 -1 0
0 1 0 29.9 70.5 31 -1 0
0 1 0 29.9 71.0 29 -1 0
0 1 0 29.9 71.0 29 -1 0
0 1 0 29.8 70.0 29 -1 0
0 1 2 29.8 70.0 31 -1 0
0 1 0 29.7 70.0 29 -1 0
0 1 0 29.7 70.0 31 -1 0
0 1 0 29.7 70.0 31 -1 0
0 1 0 29.7 70.5 31 -1 0
0 1 0 29.7 70.5 29 -1 0
0 1 0 29.7 70.0 27 -1 0
0 1 0 29.7 70.0 27 -1 0
0 1 0 29.7 70.0 29 -1 0
0 1 0 29.7 69.5 29 -1 0
0 1 0 29.7 68.5 27 -1 0
0 1 0 29.6 69.5 27 -1 0
0 1 0 29.5 69.5 27 -1 0
0 1 0 29.6 69.5 27 -1 0
0 1 0 29.6 69.5 27 -1 0
0 1 0 29.6 69.5 29 -1 0
0 1 0 29.6 69.5 29 -1 0
0 1 0 29.6 69.5 27 -1 0
0 1 0 29.6 69.5 27 -1 0
0 1 0 29.7 69.5 27 -1 0
0 1 0 29.6 69.0 27 -1 0
0 1 0 29.6 69.0 29 -1 0
0 1 0 29.6 69.0 29 -1 0
0 1 0 29.6 69.0 29 -1 0
0 1 0 29.6 69.5 27 -1 0
0 1 0 29.6 69.5 26 -1 0
0 1 0 29.5 69.5 26 -1 0
0 1 0 29.5 69.5 26 -1 0
0 1 0 29.6 69.5 24 -1 0
0 1 0 29.6 69.5 24 -1 0
0 1 0 29.6 69.5 24 -1 0
0 1 0 29.6 69.5 24 -1 0
0 1 0 29.7 69.0 24 -1 0
0 1 0 29.7 69.0 24 -1 0
0 1 0 29.7 69.0 24 -1 0
0 1 0 29.7 68.5 24 -1 0
0 1 0 29.7 68.5 24 -1 0
0 1 0 29.6 68.5 24 -1 0
0 1 0 29.6 68.0 24 -1 0
0 1 0 29.6 68.0 22 -1 0
0 1 0 29.5 67.5 26 -1 0
0 1 0 29.5 67.5 24 -1 0
0 1 0 29.4 67.0 24 -1 0
0 1 0 29.4 67.0 22 -1 0
0 1 0 29.3 67.5 22 -1 0
0 1 0 29.4 67.5 20 -1 0
0 1 0 29.4 67.5 20 -1 0
0 1 3 29.4 67.5 20 -1 0
0 1 0 29.5 67.5 24 -1 0
0 1 0 29.5 67.5 22 -1 0
0 1 0 29.4 67.5 22 -1 0
0 1 0 29.5 68.0 22 -1 0
0 1 0 29.5 68.0 20 -1 0
0 1 0 29.4 66.5 22 -1 0
0 1 0 29.5 66.0 20 -1 0
0 1 0 29.3 66.5 24 -1 0
0 1 0 29.3 66.5 22 -1 0
0 1 0 29.3 66.0 22 -1 0
0 1 0 29.3 66.5 22 -1 0
0 1 0 29.3 67.0 22 -1 0
0 1 0 29.4 67.0 22 -1 0
0 1 0 29.4 67.0 22 -1 0
0 1 0 29.5 67.0 22 -1 0
0 1 15 29.4 66.5 22 -1 0
0 1 0 29.4 67.0 22 -1 0
0 1 0 29.5 67.0 22 -1 0
0 1 0 29.5 66.5 22 -1 0
0 1 0 29.5 67.0 22 -1 0
0 1 0 29.4 66.5 22 -1 0
0 1 0 29.5 66.5 20 -1 0
0 1 0 29.5 66.5 20 -1 0
0 1 0 29.4 66.5 20 -1 0
0 1 0 29.4 66.0 20 -1 0
0 1 0 29.4 66.5 22 -1 0
0 1 0 29.4 66.0 20 -1 0
0 1 0 29.4 66.5 20 -1 0
0 1 0 29.4 66.0 24 -1 0
0 1 0 29.4 66.5 24 -1 0
0 1 0 29.3 66.0 22 -1 0
0 1 0 29.3 65.5 20 -1 0
0 1 0 29.3 65.5 20 -1 0
0 1 0 29.3 66.0 20 -1 0
0 1 0 29.3 66.0 22 -1 0
0 1 0 29.4 66.0 22 -1 0
0 1 0 29.4 66.5 20 -1 0
0 1 0 29.4 66.5 22 -1 0
0 1 0 29.5 66.5 22 -1 0
0 1 0 29.5 67.0 20 -1 0
0 1 0 29.4 67.0 20 -1 0
0 1 0 29.4 67.0 20 -1 0
0 1 0 29.5 67.0 22 -1 0
0 1 0 29.4 67.0 22 -1 0
0 1 0 29.5 67.0 20 -1 0
0 1 0 29.4 67.0 20 -1 0
0 1 0 29.5 67.0 20 -1 0
0 1 0 29.5 67.0 22 -1 0
0 1 0 29.4 66.5 22 -1 0
0 1 0 29.4 66.5 19 -1 0
0 1 0 29.5 66.5 20 -1 0
0 1 0 29.4 66.5 24 -1 0
0 1 0 29.4 66.5 20 -1 0
0 1 0 29.4 66.0 22 -1 0
0 1 0 29.4 66.5 24 -1 0
0 1 0 29.4 66.0 24 -1 0
0 1 0 29.4 66.5 25 -1 0
0 1 0 29.4 66.5 25 -1 0
0 1 0 29.4 66.5 27 -1 0
0 1 0 29.4 66.5 25 -1 0
0 1 0 29.4 66.0 27 -1 0
0 1 0 29.5 65.5 25 -1 0
0 1 0 29.4 66.0 25 -1 0
0 1 0 29.4 65.5 27 -1 0
0 1 0 29.3 65.0 27 -1 0
0 1 0 29.3 65.0 27 -1 0
0 1 0 29.2 65.0 25 -1 0
0 1 0 29.2 65.0 27 -1 0
0 1 0 29.2 65.5 27 -1 0
0 1 0 29.2 65.0 25 -1 0
0 1 0 29.2 65.0 27 -1 0
0 1 0 29.2 65.0 23 -1 0
0 1 0 29.2 65.0 25 -1 0
0 1 0 29.2 65.0 25 -1 0
0 1 0 29.2 65.0 27 -1 0
0 1 0 29.3 65.0 23 -1 0
0 1 0 29.2 65.0 22 -1 0
0 1 0 29.3 65.0 27 -1 0
0 1 0 29.2 65.0 27 -1 0
0 1 0 29.2 65.0 25 -1 0
0 1 0 29.2 65.0 23 -1 0
0 1 0 29.3 65.0 23 -1 0
0 1 0 29.2 64.5 23 -1 0
0 1 0 29.2 64.0 23 -1 0
0 1 0 29.2 64.5 25 -1 0
0 1 0 29.1 64.0 22 -1 0
0 1 0 29.1 64.0 24 -1 0
0 1 0 29.2 64.5 21 -1 0
0 1 0 29.2 64.5 23 -1 0
0 1 0 29.1 63.5 21 -1 0
0 1 0 29.1 63.0 21 -1 0
0 1 0 29.0 62.5 24 -1 0
0 1 0 29.0 62.0 25 -1 0
0 1 0 28.9 62.0 25 -1 0
0 1 0 28.9 62.0 23 -1 0
0 1 0 28.9 62.5 23 -1 0
0 1 0 28.9 62.5 23 -1 0
0 1 0 28.8 62.5 25 -1 0
0 1 0 28.8 62.0 25 -1 0
0 1 0 28.8 62.0 23 -1 0
0 1 0 28.8 62.5 22 -1 0
0 1 0 28.8 62.0 22 -1 0
0 1 0 28.7 62.0 21 -1 0
0 1 0 28.7 62.0 21 -1 0
0 1 0 28.8 62.5 21 -1 0
0 1 0 29.0 63.5 19 -1 0
0 1 0 29.0 63.5 17 -1 0
0 1 0 29.2 63.5 20 -1 0
0 1 0 29.2 63.5 20 -1 0
0 1 0 29.2 63.5 18 -1 0
0 1 0 29.2 63.5 22 -1 0
0 1 0 29.2 63.5 20 -1 0
0 1 0 29.2 63.5 20 -1 0
0 1 0 29.2 64.0 18 -1 0
0 1 0 29.2 64.0 20 -1 0
0 1 0 29.2 64.0 20 -1 0
0 1 0 29.2 64.0 20 -1 0
0 1 0 29.2 64.0 20 -1 0
0 1 0 29.2 64.0 20 -1 0
0 1 0 29.3 64.0 22 -1 0
0 1 0 29.3 64.5 20 -1 0
0 1 0 29.4 64.0 22 -1 0
0 1 0 29.3 64.0 22 -1 0
0 1 0 29.4 64.0 22 -1 0
0 1 0 29.3 64.0 22 -1 0
0 1 0 29.3 64.5 22 -1 0
0 1 0 29.3 64.0 20 -1 0
0 1 0 29.3 64.0 20 -1 0
0 1 0 29.3 63.5 20 -1 0
0 1 0 29.3 63.0 20 -1 0
0 1 0 29.2 63.0 20 -1 0
0 1 0 29.2 63.5 20 -1 0
0 1 0 29.2 63.5 22 -1 0
0 1 0 29.1 63.5 22 -1 0
0 1 0 29.1 63.0 22 -1 0
0 1 0 29.2 63.0 22 -1 0
0 1 0 29.1 63.5 22 -1 0
0 1 0 29.1 63.0 20 -1 0
0 1 0 29.1 62.5 22 -1 0
0 1 0 29.0 62.0 22 -1 0
0 1 0 29.0 61.5 18 -1 0
0 1 0 29.0 61.5 22 -1 0
0 1 0 29.0 61.5 20 -1 0
0 1 0 28.9 61.0 18 -1 0
0 1 0 28.9 60.5 18 -1 0
0 1 0 28.8 60.0 19 -1 0
0 1 0 28.8 60.5 19 -1 0
0 1 0 28.8 59.5 19 -1 0
0 1 0 28.8 59.0 19 -1 0
0 1 0 28.7 60.0 17 -1 0
0 1 0 28.8 61.0 17 -1 0
0 1 0 28.8 61.0 17 -1 0
0 1 0 28.7 61.5 19 -1 0
0 1 0 28.8 61.5 19 -1 0
0 1 0 28.8 61.5 19 -1 0
0 1 0 28.8 61.5 21 -1 0
0 1 0 28.9 61.5 21 -1 0
0 1 0 28.9 62.0 21 -1 0
0 1 0 28.9 62.0 21 -1 0
0 1 0 28.9 62.5 18 -1 0
0 1 0 29.0 62.5 18 -1 0
0 1 0 29.1 62.5 18 -1 0
0 1 0 29.0 62.5 18 -1 0
0 1 0 29.1 62.5 20 -1 0
0 1 0 29.0 62.5 20 -1 0
0 1 0 29.0 62.0 20 -1 0
0 1 0 29.0 61.5 22 -1 0
0 1 0 28.9 61.0 22 -1 0
0 1 0 28.9 60.5 22 -1 0
0 1 0 28.8 60.0 22 -1 0
0 1 0 28.8 60.0 22 -1 0
0 1 0 28.8 60.0 22 -1 0
0 1 0 28.8 60.5 20 -1 0
0 1 0 28.8 61.0 20 -1 0
0 1 0 28.8 61.5 22 -1 0
0 1 0 28.9 62.0 22 -1 0
0 1 0 29.0 62.0 22 -1 0
0 1 0 29.0 62.0 24 -1 0
0 1 0 28.9 62.0 24 -1 0
0 1 0 29.0 61.0 24 -1 0
0 1 0 28.9 61.0 24 -1 0
0 1 0 29.0 61.5 24 -1 0
0 1 0 29.1 62.0 20 -1 0
0 1 0 29.1 62.0 26 -1 0
0 1 0 29.2 62.5 24 -1 0
0 1 0 29.2 63.0 22 -1 0
0 1 0 29.3 63.0 19 -1 0
0 1 0 29.4 63.0 19 -1 0
0 1 0 29.4 63.5 20 -1 0
0 1 0 29.6 63.0 19 -1 0
0 1 0 29.7 63.0 16 -1 0
0 1 0 29.6 63.0 14 -1 0
0 1 0 29.5 63.0 16 -1 0
0 1 0 29.6 63.0 14 -1 0
0 1 0 29.6 63.0 20 -1 0
0 1 0 29.6 63.0 17 -1 0
0 1 0 29.5 63.0 19 -1 0
0 1 0 29.5 63.0 19 -1 0
0 1 0 29.5 63.0 16 -1 0
0 1 0 29.6 63.0 14 -1 0
0 1 0 29.6 63.0 16 -1 0
0 1 0 29.7 63.0 16 -1 0
0 1 0 29.8 63.0 19 -1 0
0 1 0 29.7 63.0 21 -1 0
0 1 0 29.7 63.0 19 -1 0
0 1 0 29.7 63.0 24 -1 0
0 1 0 29.7 62.5 24 -1 0
0 1 0 29.8 63.0 24 -1 0
0 1 0 29.7 63.0 24 -1 0
0 1 0 29.9 63.0 23 -1 0
0 1 0 29.9 62.5 23 -1 0
0 1 0 29.9 62.5 26 -1 0
0 1 0 29.9 62.5 26 -1 0
0 1 0 29.8 62.5 24 -1 0
0 1 0 29.9 62.5 26 -1 0
0 1 0 29.9 62.5 24 -1 0
0 1 0 30.0 62.5 21 -1 0
0 1 0 30.0 62.5 24 -1 0
0 1 0 30.1 62.5 20 -1 0
0 1 0 30.2 62.5 21 -1 0
0 1 0 30.1 62.5 14 -1 0
0 1 0 30.1 62.5 14 -1 0
0 1 0 30.1 62.5 16 -1 0
0 1 0 30.1 62.5 18 -1 0
0 1 0 30.2 62.0 19 -1 0
0 1 0 30.1 62.0 24 -1 0
0 1 0 30.0 61.5 26 -1 0
0 1 0 30.0 60.5 24 -1 0
0 1 0 29.9 60.5 22 -1 0
0 1 0 29.8 60.5 24 -1 0
0 1 0 29.8 61.5 24 -1 0
0 1 0 29.9 61.5 21 -1 0
0 1 0 29.8 61.5 22 -1 0
0 1 0 29.8 61.5 21 -1 0
0 1 0 29.8 61.0 16 -1 0
0 1 0 29.8 61.0 14 -1 0
0 1 0 29.9 61.5 14 -1 0
0 1 0 29.9 61.0 19 -1 0
0 1 0 29.9 61.0 24 -1 0
0 1 0 29.9 61.0 22 -1 0
0 1 0 29.8 61.0 21 -1 0
0 1 0 29.8 61.0 21 -1 0
0 1 0 29.8 61.0 19 -1 0
0 1 0 29.8 61.0 14 -1 0
0 1 0 29.9 61.0 17 -1 0
0 1 0 29.9 61.0 18 -1 0
0 1 0 29.9 61.0 18 -1 0
0 1 0 29.9 61.0 17 -1 0
0 1 0 29.9 61.0 24 -1 0
0 1 0 29.8 60.5 21 -1 0
0 1 0 29.8 59.5 22 -1 0
0 1 0 29.7 59.5 22 -1 0
0 1 0 29.6 59.5 21 -1 0
0 1 0 29.6 60.5 12 -1 0
0 1 0 29.6 60.5 16 -1 0
0 1 0 29.7 60.5 21 -1 0
0 1 0 29.6 60.5 17 -1 0
0 1 0 29.7 60.5 18 -1 0
0 1 0 29.7 60.5 17 -1 0
0 1 0 29.6 60.0 19 -1 0
0 1 0 29.6 59.0 20 -1 0
0 1 0 29.5 59.0 22 -1 0
0 1 0 29.5 59.0 26 -1 0
0 1 0 29.5 59.5 26 -1 0
0 1 0 29.5 59.5 26 -1 0
0 1 0 29.4 59.0 22 -1 0
0 1 0 29.3 59.5 14 -1 0
0 1 0 29.5 60.0 13 -1 0
0 1 0 29.4 59.5 13 -1 0
0 1 0 29.4 59.0 16 -1 0
0 1 0 29.4 59.0 14 -1 0
0 1 0 29.3 59.0 16 -1 0
0 1 0 29.3 59.0 21 -1 0
0 1 0 29.3 59.0 16 -1 0
0 1 0 29.3 59.0 16 -1 0
0 1 0 29.3 59.0 14 -1 0
0 1 0 29.2 59.0 24 -1 0
0 1 0 29.2 59.0 24 -1 0
0 1 0 29.2 58.5 24 -1 0
0 1 0 29.3 58.5 24 -1 0
0 1 0 29.2 58.0 26 -1 0
0 1 0 29.1 58.0 21 -1 0
0 1 0 29.2 57.5 24 -1 0
0 1 0 29.1 58.0 24 -1 0
0 1 0 29.1 57.5 19 -1 0
0 1 0 29.0 57.5 24 -1 0
0 1 0 29.0 57.5 24 -1 0
0 1 0 29.0 57.5 21 -1 0
0 1 0 29.0 57.5 26 -1 0
0 1 0 29.0 57.0 19 -1 0
0 1 0 29.0 57.5 20 -1 0
0 1 0 28.9 57.5 22 -1 0
0 1 0 29.0 57.0 17 -1 0
0 1 0 28.9 57.0 18 -1 0
0 1 0 28.9 57.0 21 -1 0
0 1 0 28.9 57.0 19 -1 0
0 1 0 28.9 58.5 22 -1 0
0 1 0 28.8 59.0 23 -1 0
0 1 0 28.9 59.0 18 -1 0
0 1 0 28.9 59.0 14 -1 0
0 1 0 28.9 58.5 13 -1 0
0 1 0 28.9 58.0 13 -1 0
0 1 0 28.8 58.0 20 -1 0
0 1 0 28.8 57.5 14 -1 0
0 1 0 28.9 57.5 18 -1 0
0 1 0 28.8 57.5 18 -1 0
0 1 0 28.7 57.0 19 -1 0
0 1 0 28.7 56.5 21 -1 0
0 1 0 28.7 56.5 21 -1 0
0 1 0 28.7 56.5 14 -1 0
0 1 0 28.6 56.0 16 -1 0
0 1 0 28.6 55.5 16 -1 0
0 1 0 28.5 55.5 14 -1 0
0 1 0 28.5 55.5 21 -1 0
0 1 0 28.5 55.0 18 -1 0
0 1 0 28.5 55.5 14 -1 0
0 1 0 28.4 55.5 16 -1 0
0 1 0 28.4 55.5 13 -1 0
0 1 0 28.4 55.0 16 -1 0
0 1 0 28.3 55.0 11 -1 0
0 1 0 28.2 55.0 16 -1 0
0 1 0 28.2 54.5 16 -1 0
0 1 0 28.3 54.0 13 -1 0
0 1 0 28.2 54.0 13 -1 0
0 1 0 28.2 54.0 16 -1 0
0 1 0 28.2 53.5 19 -1 0
0 1 0 28.2 54.0 21 -1 0
0 1 0 28.1 53.5 19 -1 0
0 1 0 28.1 53.5 19 -1 0
0 1 0 28.1 53.5 16 -1 0
0 1 0 28.2 53.5 20 -1 0
0 1 0 28.1 53.5 19 -1 0
0 1 0 28.1 53.0 19 -1 0
0 1 0 28.0 53.0 19 -1 0
0 1 0 28.0 53.5 21 -1 0
0 1 0 28.0 53.5 19 -1 0
0 1 0 28.0 53.5 19 -1 0
0 1 0 28.0 53.5 21 -1 0
0 1 0 27.9 53.0 19 -1 0
0 1 0 27.9 53.0 17 -1 0
0 1 0 27.9 53.0 18 -1 0
0 1 0 27.9 53.0 19 -1 0
0 1 0 27.8 52.5 19 -1 0
0 1 0 27.8 53.0 19 -1 0
0 1 0 27.8 53.0 19 -1 0
0 1 0 27.8 53.0 16 -1 0
0 1 0 27.8 53.0 17 -1 0
0 1 0 27.8 52.5 14 -1 0
0 1 0 27.7 52.5 11 -1 0
0 1 0 27.8 52.5 11 -1 0
0 1 0 27.8 53.0 11 -1 0
0 1 0 27.7 52.5 9 -1 0
0 1 0 27.7 52.5 9 -1 0
0 1 0 27.7 52.5 9 -1 0
0 1 0 27.7 53.0 11 -1 0
0 1 0 27.7 53.0 9 -1 0
0 1 0 27.6 53.0 7 -1 0
0 1 0 27.7 52.5 7 -1 0
0 1 0 27.7 53.0 7 -1 0
0 1 0 27.7 53.0 7 -1 0
0 1 0 27.6 53.0 11 -1 0
0 1 0 27.6 53.0 9 -1 0
0 1 0 27.7 53.0 9 -1 0
0 1 0 27.6 52.5 9 -1 0
0 1 0 27.7 54.0 9 -1 0
0 1 0 27.7 55.0 14 -1 0
0 1 0 27.7 55.0 18 -1 0
0 1 0 27.8 55.0 18 -1 0
0 1 0 27.7 54.5 16 -1 0
0 1 0 27.7 54.5 14 -1 0
0 1 0 27.7 54.5 18 -1 0
0 1 0 27.7 54.0 18 -1 0
0 1 0 27.7 54.5 16 -1 0
0 1 0 27.7 54.5 16 -1 0
0 1 0 27.7 54.0 12 -1 0
0 1 0 27.7 54.0 14 -1 0
0 1 0 27.7 54.0 12 -1 0
0 1 0 27.7 54.0 9 -1 0
0 1 0 27.7 54.0 7 -1 0
0 1 0 27.8 54.0 9 -1 0
0 1 0 27.8 54.0 9 -1 0
0 1 0 27.8 54.0 9 -1 0
0 1 0 27.8 54.5 9 -1 0
0 1 0 27.7 54.5 9 -1 0
0 1 0 27.8 54.5 9 -1 0
0 1 0 27.8 54.5 9 -1 0
0 1 0 27.8 55.5 6 -1 0
0 1 0 27.9 56.0 6 -1 0
0 1 0 27.8 56.0 6 -1 0
0 1 0 28.0 56.0 6 -1 0
0 1 0 27.9 56.0 6 -1 0
0 1 0 27.9 55.5 6 -1 0
0 1 0 28.0 55.5 6 -1 0
0 1 0 28.0 56.0 6 -1 0
0 1 0 28.0 56.5 6 -1 0
0 1 0 27.9 56.0 6 -1 0
0 1 0 28.0 56.0 4 -1 0
0 1 0 28.0 56.0 4 -1 0
0 1 0 28.0 56.0 8 -1 0
0 1 0 28.0 56.0 6 -1 0
0 1 0 28.0 55.5 6 -1 0
0 1 0 28.1 55.5 6 -1 0
0 1 0 28.0 55.5 6 -1 0
0 1 0 28.0 56.0 6 -1 0
0 1 0 28.0 56.5 6 -1 0
0 1 0 28.0 56.5 6 -1 0
0 1 0 28.0 56.5 6 -1 0
0 1 0 28.0 56.0 6 -1 0
0 1 0 28.0 55.5 6 -1 0
0 1 0 27.9 55.5 6 -1 0
0 1 0 28.0 55.5 6 -1 0
0 1 0 28.0 55.5 6 -1 0
0 1 0 28.0 55.5 6 -1 0
0 1 0 28.0 55.0 6 -1 0
0 1 0 28.0 55.0 6 -1 0
0 1 0 27.9 54.5 4 -1 0
0 1 0 28.0 56.0 4 -1 0
0 1 0 28.0 55.5 4 -1 0
0 1 0 28.0 55.0 4 -1 0
0 1 0 28.0 55.0 4 -1 0
0 1 0 28.0 55.0 4 -1 0
0 1 0 28.0 55.5 2 -1 0
0 1 0 28.0 55.5 2 -1 0
0 1 0 28.0 56.0 2 -1 0
0 1 0 28.0 58.0 2 -1 0
0 1 0 28.2 60.0 2 -1 0
0 1 0 28.2 60.0 2 -1 0
0 1 0 28.2 59.0 2 -1 0
0 1 0 28.2 57.5 6 -1 0
0 1 0 28.2 57.5 4 -1 0
0 1 0 28.2 60.5 4 -1 0
0 1 0 28.3 61.5 4 -1 0
0 1 0 28.2 62.0 4 -1 0
0 1 0 28.3 60.5 4 -1 0
0 1 0 28.3 60.0 4 -1 0
0 1 0 28.3 59.5 4 -1 0
0 1 0 28.2 59.5 4 -1 0
0 1 0 28.3 58.5 4 -1 0
0 1 0 28.3 60.5 4 -1 0
0 1 0 28.3 62.0 4 -1 0
0 1 0 28.4 63.0 4 -1 0
0 1 0 28.4 62.5 2 -1 0
0 1 0 28.4 62.5 2 -1 0
0 1 0 28.5 61.0 2 -1 0
0 1 0 28.4 62.5 2 -1 0
0 1 0 28.5 63.5 2 -1 0
0 1 0 28.5 64.5 2 -1 0
0 1 0 28.6 64.5 2 -1 0
0 1 0 28.6 63.5 2 -1 0
0 1 0 28.6 62.0 2 -1 0
0 1 0 28.5 61.5 2 -1 0
0 1 0 28.5 62.0 2 -1 0
0 1 0 28.6 61.0 0 -1 0
0 1 0 28.6 61.0 0 -1 0
0 1 0 28.5 60.0 0 -1 0
0 1 0 28.5 60.0 0 -1 0
0 1 0 28.5 60.0 0 -1 0
0 1 0 28.5 60.0 0 -1 0
0 1 0 28.5 59.5 0 -1 0
0 1 0 28.5 59.5 0 -1 0
0 1 0 28.4 59.5 0 -1 0
0 1 0 28.4 59.0 0 -1 0
0 1 0 28.4 59.0 0 -1 0
0 1 0 28.4 58.5 0 -1 0
0 1 0 28.4 58.5 0 -1 0
0 1 0 28.3 58.0 0 -1 0
0 1 0 28.4 58.0 0 -1 0
0 1 0 28.4 58.0 0 -1 0
0 1 0 28.3 58.0 0 -1 0
0 1 0 28.3 58.0 0 -1 0
0 1 0 28.3 58.0 0 -1 0
0 1 0 28.3 57.5 0 -1 0
0 1 0 28.3 57.5 0 -1 0
0 1 0 28.4 58.0 0 -1 0
0 1 0 28.3 57.5 0 -1 0
0 1 0 28.3 57.5 0 -1 0
0 1 0 28.3 57.5 0 -1 0
0 1 0 28.3 57.5 0 -1 0
0 1 0 28.3 57.5 0 -1 0
0 1 0 28.2 57.5 0 -1 0
0 1 0 28.3 57.5 0 -1 0
0 1 0 28.2 57.0 0 -1 0
0 1 0 28.2 57.0 0 -1 0
0 1 0 28.3 57.0 0 -1 0
0 1 0 28.3 57.0 0 -1 0
0 1 0 28.3 57.0 0 -1 0
0 1 0 28.3 57.0 0 -1 0
0 1 0 28.2 57.0 0 -1 0
0 1 0 28.2 57.0 0 -1 0
0 1 0 28.2 57.0 0 -1 0
0 1 0 28.2 57.0 0 -1 0
0 1 0 28.2 57.0 0 -1 0
0 1 0 28.2 57.0 0 -1 0
0 1 0 28.2 57.0 0 -1 0
0 1 0 28.1 57.0 0 -1 0
0 1 0 28.1 57.0 0 -1 0
0 1 0 28.1 57.0 0 -1 0
0 1 0 28.1 56.5 0 -1 0
0 1 0 28.1 56.5 0 -1 0
0 1 0 28.1 56.5 0 -1 0
0 1 0 28.1 56.0 0 -1 0
0 1 0 28.1 56.0 0 -1 0
0 1 0 28.1 56.0 0 -1 0
0 1 0 28.0 56.0 0 -1 0
0 1 0 28.1 56.0 0 -1 0
0 1 0 28.0 56.0 0 -1 0
0 1 0 28.0 56.0 0 -1 0
0 1 0 28.0 56.0 0 -1 0
0 1 0 28.0 56.0 0 -1 0
0 1 0 28.0 56.0 0 -1 0
0 1 0 28.0 56.0 0 -1 0
0 1 0 27.9 56.0 0 -1 0
0 1 0 27.9 56.0 0 -1 0
0 1 0 28.0 55.5 0 -1 0
0 1 0 28.0 56.0 0 -1 0
0 1 0 28.0 56.0 0 -1 0
0 1 0 28.0 55.5 0 -1 0
0 1 0 27.9 55.5 0 -1 0
0 1 0 28.0 55.5 0 -1 0
0 1 0 27.9 56.0 0 -1 0
0 1 0 27.9 56.0 0 -1 0
0 1 0 27.9 56.0 0 -1 0
0 1 0 27.9 56.0 0 -1 0
0 1 0 27.9 56.0 0 -1 0
0 1 0 27.9 56.0 0 -1 0
0 1 0 27.9 55.5 0 -1 0
0 1 0 27.9 55.5 0 -1 0
0 1 0 27.9 55.5 0 -1 0
0 1 0 27.9 55.5 0 -1 0
0 1 0 27.9 55.5 0 -1 0
0 1 0 28.0 55.5 0 -1 0
0 1 0 27.9 55.5 0 -1 0
0 1 0 27.9 55.5 0 -1 0
0 1 0 27.8 55.5 0 -1 0
0 1 0 27.9 55.5 0 -1 0
0 1 0 27.9 55.5 0 -1 0
0 1 0 27.8 55.5 0 -1 0
0 1 0 27.9 55.0 0 -1 0
0 1 0 27.8 55.0 0 -1 0
0 1 0 27.8 55.5 0 -1 0
0 1 0 27.8 55.5 0 -1 0
0 1 0 27.9 55.5 0 -1 0
0 1 0 27.8 55.0 0 -1 0
0 1 0 27.8 55.5 0 -1 0
0 1 0 27.9 55.5 0 -1 0
0 1 0 27.8 55.5 0 -1 0
0 1 0 27.8 55.0 0 -1 0
0 1 0 27.8 55.0 0 -1 0
0 1 0 27.8 55.5 0 -1 0
0 1 0 27.9 55.5 0 -1 0
0 1 0 27.8 55.5 0 -1 0
0 1 0 27.8 55.0 0 -1 0
0 1 0 27.8 55.5 0 -1 0
0 1 0 27.8 55.5 0 -1 0
0 1 0 27.8 55.5 0 -1 0
0 1 0 27.8 55.0 0 -1 0
0 1 0 27.8 55.0 0 -1 0
0 1 0 27.8 55.0 0 -1 0
0 1 0 27.8 55.0 0 -1 0
0 1 0 27.8 55.0 0 -1 0
0 1 0 27.9 55.0 0 -1 0
0 1 0 27.8 55.0 0 -1 0
0 1 0 27.8 55.0 0 -1 0
0 1 0 27.8 55.0 0 -1 0
0 1 0 27.8 55.0 0 -1 0
0 1 0 27.8 55.0 0 -1 0
0 1 0 27.8 55.0 0 -1 0
0 1 0 27.8 55.0 0 -1 0
0 1 0 27.8 54.5 0 -1 0
0 1 0 27.8 54.5 0 -1 0
0 1 0 27.8 54.5 0 -1 0
0 1 0 27.8 54.5 0 -1 0
0 1 0 27.8 54.5 0 -1 0
0 1 0 27.8 54.5 0 -1 0
0 1 0 27.8 54.5 0 -1 0
0 1 0 27.9 54.5 0 -1 0
0 1 0 27.9 54.5 0 -1 0
0 1 0 27.9 54.5 0 -1 0
0 1 0 27.8 54.5 0 -1 0
0 1 0 27.9 54.5 0 -1 0
0 1 0 27.9 54.5 0 -1 0
0 1 0 27.9 55.0 0 -1 0
0 1 0 27.9 55.0 0 -1 0
0 1 0 27.9 55.0 0 -1 0
0 1 0 27.9 55.0 0 -1 0
0 1 0 27.9 55.0 0 -1 0
0 1 0 27.9 55.0 0 -1 0
0 1 0 27.9 55.0 0 -1 0
0 1 0 27.9 55.0 0 -1 0
0 1 0 28.0 55.0 0 -1 0
0 1 0 28.0 55.0 0 -1 0
0 1 0 27.9 55.0 0 -1 0
0 1 0 27.9 55.0 0 -1 0
0 1 0 28.0 55.0 0 -1 0
0 1 0 28.0 55.0 0 -1 0
0 1 0 28.0 55.5 0 -1 0
0 1 0 28.0 55.5 0 -1 0
0 1 0 28.0 55.5 0 -1 0
0 1 0 28.0 55.5 0 -1 0
0 1 0 28.0 55.5 0 -1 0
0 1 0 28.0 55.5 0 -1 0
0 1 0 28.0 55.5 0 -1 0
0 1 0 28.1 55.5 0 -1 0
0 1 0 28.0 56.0 0 -1 0
0 1 0 28.0 55.5 0 -1 0
0 1 0 28.1 55.5 0 -1 0
0 1 0 28.0 55.5 0 -1 0
0 1 0 28.0 55.5 0 -1 0
0 1 0 28.1 56.0 0 -1 0
0 1 0 28.1 56.0 0 -1 0
0 1 0 28.1 56.0 0 -1 0
0 1 0 28.0 56.0 0 -1 0
0 1 0 28.1 56.5 0 -1 0
0 1 0 28.0 56.0 0 -1 0
0 1 0 28.0 56.0 0 -1 0
0 1 0 28.1 56.0 0 -1 0
0 1 0 28.0 56.0 0 -1 0
0 1 0 28.1 56.0 0 -1 0
0 1 0 28.0 56.0 0 -1 0
0 1 0 28.1 56.0 0 -1 0
0 1 0 28.0 55.5 0 -1 0
0 1 0 28.1 55.5 0 -1 0
0 1 0 28.0 55.5 0 -1 0
0 1 0 28.1 55.5 0 -1 0
0 1 0 28.1 55.5 0 -1 0
0 1 0 28.0 55.5 0 -1 0
0 1 0 28.0 55.5 0 -1 0
0 1 0 28.0 55.5 0 -1 0
0 1 0 28.1 56.0 0 -1 0
0 1 0 28.1 56.0 0 -1 0
0 1 0 28.1 56.0 0 -1 0
0 1 0 28.1 56.5 0 -1 0
0 1 0 28.1 56.5 0 -1 0
0 1 0 28.1 57.0 0 -1 0
0 1 0 28.1 57.0 0 -1 0
0 1 0 28.1 56.5 0 -1 0
0 1 0 28.1 56.5 0 -1 0
0 1 0 28.1 56.5 0 -1 0
0 1 0 28.0 56.5 0 -1 0
0 1 0 28.1 56.0 0 -1 0
0 1 0 28.1 56.0 0 -1 0
0 1 0 28.0 56.0 0 -1 0
0 1 0 28.0 56.0 0 -1 0
0 1 0 28.1 56.0 0 -1 0
0 1 0 28.0 56.0 0 -1 0
0 1 0 28.0 55.5 0 -1 0
0 1 0 28.0 55.5 0 -1 0
0 1 0 28.0 55.5 0 -1 0
0 1 0 28.0 55.5 0 -1 0
0 1 0 28.0 55.5 0 -1 0
0 1 0 28.0 55.5 0 -1 0
0 1 0 28.0 55.5 0 -1 0
0 1 0 28.0 55.5 0 -1 0
0 1 0 28.0 55.0 0 -1 0
0 1 0 28.0 55.0 0 -1 0
0 1 0 28.0 55.0 0 -1 0
0 1 0 28.0 55.0 0 -1 0
0 1 0 28.0 55.0 0 -1 0
0 1 0 28.0 55.0 0 -1 0
0 1 0 28.0 55.0 0 -1 0
0 1 0 28.1 55.0 0 -1 0
0 1 0 28.0 55.0 0 -1 0
0 1 0 28.0 55.0 0 -1 0
0 1 0 28.0 55.0 0 -1 0
0 1 0 27.9 55.0 0 -1 0
0 1 0 28.0 55.0 0 -1 0
0 1 0 28.0 55.0 0 -1 0
0 1 0 28.0 55.0 0 -1 0
0 1 0 28.0 55.0 0 -1 0
0 1 0 28.0 55.0 0 -1 0
0 1 0 27.9 55.0 0 -1 0
0 1 0 28.0 54.5 0 -1 0
0 1 0 28.0 55.0 0 -1 0
0 1 0 27.9 55.0 0 -1 0
0 1 0 27.9 54.5 0 -1 0
0 1 0 28.0 54.5 0 -1 0
0 1 0 27.9 54.5 0 -1 0
0 1 0 28.0 55.0 0 -1 0
0 1 0 28.0 55.0 0 -1 0
0 1 0 28.0 55.0 0 -1 0
0 1 0 27.9 55.0 0 -1 0
0 1 0 28.0 55.0 0 -1 0
0 1 0 28.0 55.0 0 -1 0
0 1 0 28.0 55.0 0 -1 0
0 1 0 27.9 55.0 0 -1 0
0 1 0 27.9 55.0 0 -1 0
0 1 0 27.9 55.0 0 -1 0
0 1 0 28.0 55.0 0 -1 0
0 1 0 27.9 55.5 0 -1 0
0 1 0 27.9 55.5 0 -1 0
0 1 0 27.9 55.0 2 -1 0
0 1 0 28.0 55.0 1 -1 0
0 1 0 27.9 55.0 2 -1 0
0 1 0 27.9 55.0 2 -1 0
0 1 0 27.9 55.0 2 -1 0
0 1 0 28.0 55.0 2 -1 0
0 1 0 27.9 55.0 2 -1 0
0 1 0 27.9 55.0 2 -1 0
0 1 0 27.9 55.0 2 -1 0
0 1 0 27.9 55.0 2 -1 0
0 1 0 28.0 55.5 2 -1 0
0 1 0 27.9 55.5 2 -1 0
0 1 0 27.9 55.5 2 -1 0
0 1 0 27.9 55.5 2 -1 0
0 1 0 27.9 55.5 2 -1 0
0 1 0 27.9 55.5 2 -1 0
0 1 0 27.9 55.5 2 -1 0
0 1 0 27.9 55.5 2 -1 0
0 1 0 27.9 55.5 2 -1 0
0 1 0 28.0 55.5 2 -1 0
0 1 0 27.9 55.5 2 -1 0
0 1 0 27.9 55.5 2 -1 0
0 1 0 28.0 55.5 2 -1 0
0 1 0 27.9 55.5 2 -1 0
0 1 0 28.0 55.5 2 -1 0
0 1 0 28.0 55.5 2 -1 0
0 1 0 27.9 55.5 2 -1 0
0 1 0 28.0 55.5 2 -1 0
0 1 0 28.0 56.0 2 -1 0
0 1 0 28.0 55.5 2 -1 0
0 1 0 27.9 55.5 2 -1 0
0 1 0 27.9 55.5 2 -1 0
0 1 0 28.0 55.5 2 -1 0
0 1 0 28.0 55.5 2 -1 0
0 1 0 28.0 55.5 2 -1 0
0 1 0 28.0 56.0 2 -1 0
0 1 0 28.0 55.5 2 -1 0
0 1 0 27.9 55.5 2 -1 0
0 1 0 27.9 56.0 2 -1 0
0 1 0 28.0 55.5 2 -1 0
0 1 0 27.9 55.5 2 -1 0
0 1 0 28.0 55.5 2 -1 0
0 1 0 27.9 55.5 2 -1 0
0 1 0 27.9 56.0 2 -1 0
0 1 0 27.9 55.5 2 -1 0
0 1 0 28.0 55.5 2 -1 0
0 1 0 27.9 55.5 2 -1 0
0 1 0 27.9 55.5 2 -1 0
0 1 0 28.0 55.5 2 -1 0
0 1 0 27.9 55.5 2 -1 0
0 1 0 28.0 55.5 2 -1 0
0 1 0 28.0 56.0 2 -1 0
0 1 0 28.0 55.5 2 -1 0
0 1 0 28.1 55.5 2 -1 0
0 1 0 28.0 55.5 2 -1 0
0 1 0 28.0 56.0 2 -1 0
0 1 0 28.0 55.5 2 -1 0
0 1 0 28.0 56.0 2 -1 0
0 1 0 28.0 56.0 2 -1 0
0 1 0 28.0 56.0 2 -1 0
0 1 0 27.9 56.5 2 -1 0
0 1 0 28.0 56.0 2 -1 0
0 1 0 28.0 56.0 2 -1 0
0 1 0 28.0 56.0 2 -1 0
0 1 0 28.0 56.0 2 -1 0
0 1 0 28.0 56.0 2 -1 0
0 1 0 28.0 56.0 2 -1 0
0 1 0 28.0 56.0 2 -1 0
0 1 0 28.0 56.0 2 -1 0
0 1 0 28.0 56.5 2 -1 0
