0 1 0 29.6 58.5 2 -1 0
0 1 0 29.6 58.5 2 -1 0
0 1 0 29.5 58.5 2 -1 0
0 1 0 29.5 58.5 2 -1 0
0 1 0 29.6 58.5 2 -1 0
0 1 0 29.7 58.5 2 -1 0
0 1 0 29.5 58.5 2 -1 0
0 1 0 29.5 58.5 2 -1 0
0 1 0 29.5 58.5 2 -1 0
0 1 0 29.6 59.0 2 -1 0
0 1 0 29.5 58.5 2 -1 0
0 1 0 29.6 59.0 2 -1 0
0 1 0 29.6 59.0 2 -1 0
0 1 0 29.5 59.0 2 -1 0
0 1 0 29.6 59.0 2 -1 0
0 1 0 29.5 59.5 2 -1 0
0 1 0 29.6 59.5 2 -1 0
0 1 0 29.6 59.5 2 -1 0
0 1 0 29.6 59.5 2 -1 0
0 1 0 29.6 59.5 2 -1 0
0 1 0 29.6 59.5 2 -1 0
0 1 0 29.6 59.5 2 -1 0
0 1 0 29.5 59.5 2 -1 0
0 1 0 29.6 59.5 2 -1 0
0 1 0 29.6 59.5 2 -1 0
0 1 0 29.6 59.5 2 -1 0
0 1 0 29.5 59.5 2 -1 0
0 1 0 29.6 59.5 2 -1 0
0 1 0 29.6 59.0 2 -1 0
0 1 0 29.6 59.5 2 -1 0
0 1 0 29.7 59.5 2 -1 0
0 1 0 29.6 59.5 2 -1 0
0 1 0 29.7 59.5 2 -1 0
0 1 0 29.6 60.0 2 -1 0
0 1 0 29.6 60.0 2 -1 0
0 1 0 29.6 60.0 2 -1 0
0 1 0 29.6 60.0 2 -1 0
0 1 0 29.6 60.0 2 -1 0
0 1 0 29.6 60.0 2 -1 0
0 1 0 29.6 60.0 2 -1 0
0 1 0 29.6 60.0 2 -1 0
0 1 0 29.6 60.5 2 -1 0
0 1 0 29.6 61.0 2 -1 0
0 1 0 29.7 61.0 2 -1 0
0 1 0 29.6 62.0 2 -1 0
0 1 0 29.7 62.0 2 -1 0
0 1 0 29.7 62.0 2 -1 0
0 1 0 29.7 62.0 2 -1 0
0 1 0 29.7 61.5 2 -1 0
0 1 0 29.7 61.5 2 -1 0
0 1 0 29.7 61.5 2 -1 0
0 1 0 29.7 61.5 2 -1 0
0 1 0 29.6 61.5 2 -1 0
0 1 0 29.7 61.5 2 -1 0
0 1 0 29.7 61.5 2 -1 0
0 1 0 29.7 61.5 2 -1 0
0 1 0 29.7 61.0 2 -1 0
0 1 0 29.7 61.0 2 -1 0
0 1 0 29.7 61.0 2 -1 0
0 1 0 29.8 61.0 2 -1 0
0 1 0 29.7 61.0 2 -1 0
0 1 0 29.7 61.0 2 -1 0
0 1 0 29.8 61.0 2 -1 0
0 1 0 29.8 61.0 2 -1 0
0 1 0 29.7 60.5 2 -1 0
0 1 0 29.7 60.5 2 -1 0
0 1 0 29.8 60.5 2 -1 0
0 1 0 29.7 60.5 2 -1 0
0 1 0 29.7 60.5 2 -1 0
0 1 0 29.7 60.5 2 -1 0
0 1 0 29.8 60.5 2 -1 0
0 1 0 29.7 60.0 2 -1 0
0 1 0 29.7 60.0 2 -1 0
0 1 0 29.7 60.0 2 -1 0
0 1 0 29.8 60.0 2 -1 0
0 1 0 29.7 60.0 2 -1 0
0 1 0 29.7 60.0 2 -1 0
0 1 0 29.8 60.0 2 -1 0
0 1 0 29.8 60.0 2 -1 0
0 1 0 29.7 60.5 2 -1 0
0 1 0 29.7 60.5 2 -1 0
0 1 0 29.7 60.5 2 -1 0
0 1 0 29.7 61.0 2 -1 0
0 1 0 29.7 61.0 2 -1 0
0 1 0 29.7 61.0 2 -1 0
0 1 0 29.7 61.0 2 -1 0
0 1 0 29.7 61.0 2 -1 0
0 1 0 29.7 61.0 2 -1 0
0 1 0 29.7 61.0 2 -1 0
0 1 0 29.7 61.0 2 -1 0
0 1 0 29.7 61.0 2 -1 0
0 1 0 29.7 61.0 2 -1 0
0 1 0 29.7 61.0 2 -1 0
0 1 0 29.8 61.0 2 -1 0
0 1 0 29.7 61.0 2 -1 0
0 1 0 29.7 61.0 2 -1 0
0 1 0 29.8 60.5 2 -1 0
0 1 0 29.7 60.5 2 -1 0
0 1 0 29.7 60.5 2 -1 0
0 1 0 29.7 60.5 2 -1 0
0 1 0 29.8 60.5 2 -1 0
0 1 0 29.7 60.5 2 -1 0
0 1 0 29.7 60.5 2 -1 0
0 1 0 29.8 60.5 2 -1 0
0 1 0 29.8 60.5 2 -1 0
0 1 0 29.8 60.5 2 -1 0
0 1 0 29.8 60.5 2 -1 0
0 1 0 29.7 60.5 2 -1 0
0 1 0 29.8 60.5 2 -1 0
0 1 0 29.8 60.5 2 -1 0
0 1 0 29.7 60.5 2 -1 0
0 1 0 29.7 60.5 2 -1 0
0 1 0 29.7 60.5 2 -1 0
0 1 0 29.8 60.5 2 -1 0
0 1 0 29.7 60.5 2 -1 0
0 1 0 29.7 60.5 2 -1 0
0 1 0 29.8 60.0 2 -1 0
0 1 0 29.8 60.0 2 -1 0
0 1 0 29.7 60.0 2 -1 0
0 1 0 29.8 60.0 2 -1 0
0 1 0 29.8 60.0 2 -1 0
0 1 0 29.7 60.0 2 -1 0
0 1 0 29.8 60.0 2 -1 0
0 1 0 29.8 60.0 2 -1 0
0 1 0 29.8 60.0 2 -1 0
0 1 0 29.7 60.0 2 -1 0
0 1 0 29.8 60.0 2 -1 0
0 1 0 29.7 60.0 2 -1 0
0 1 0 29.7 60.0 2 -1 0
0 1 0 29.7 60.0 2 -1 0
0 1 0 29.8 60.5 2 -1 0
0 1 0 29.7 60.0 2 -1 0
0 1 0 29.7 60.0 2 -1 0
0 1 0 29.8 60.0 2 -1 0
0 1 0 29.7 60.0 2 -1 0
0 1 0 29.8 60.0 2 -1 0
0 1 0 29.8 60.0 2 -1 0
0 1 0 29.8 60.0 2 -1 0
0 1 0 29.8 60.0 2 -1 0
0 1 0 29.8 60.0 2 -1 0
0 1 0 29.8 60.0 2 -1 0
0 1 0 29.8 60.0 2 -1 0
0 1 0 29.8 60.0 2 -1 0
0 1 0 29.8 60.5 2 -1 0
0 1 0 29.8 60.0 2 -1 0
0 1 0 29.8 60.0 2 -1 0
0 1 0 29.8 60.0 2 -1 0
0 1 0 29.8 60.0 2 -1 0
0 1 0 29.8 60.0 2 -1 0
0 1 0 29.8 60.0 2 -1 0
0 1 0 29.8 60.5 2 -1 0
0 1 0 29.8 60.0 2 -1 0
0 1 0 29.8 60.0 2 -1 0
0 1 0 29.8 60.0 2 -1 0
0 1 0 29.8 60.0 2 -1 0
0 1 0 29.8 60.0 2 -1 0
0 1 0 29.9 60.0 2 -1 0
0 1 0 29.8 60.0 2 -1 0
0 1 0 29.8 60.0 2 -1 0
0 1 0 29.8 60.0 2 -1 0
0 1 0 29.8 60.0 2 -1 0
0 1 0 29.8 60.5 2 -1 0
0 1 0 29.8 60.5 2 -1 0
0 1 0 29.8 60.5 2 -1 0
0 1 0 29.8 60.5 2 -1 0
0 1 0 29.8 60.5 2 -1 0
0 1 0 29.8 60.5 2 -1 0
0 1 0 29.8 60.5 2 -1 0
0 1 0 29.8 60.0 2 -1 0
0 1 0 29.9 60.5 2 -1 0
0 1 0 29.8 60.0 2 -1 0
0 1 0 29.7 60.5 2 -1 0
0 1 0 29.9 60.5 2 -1 0
0 1 0 29.8 60.0 2 -1 0
0 1 0 29.8 60.0 2 -1 0
0 1 0 29.9 60.5 2 -1 0
0 1 0 29.9 60.5 2 -1 0
0 1 0 29.8 60.5 2 -1 0
0 1 0 29.8 60.5 2 -1 0
0 1 0 29.8 60.5 2 -1 0
0 1 0 29.8 60.5 2 -1 0
0 1 0 29.8 60.5 2 -1 0
0 1 0 29.8 60.5 2 -1 0
0 1 0 29.8 60.5 2 -1 0
0 1 0 29.8 60.5 2 -1 0
0 1 0 29.8 60.5 2 -1 0
0 1 0 29.8 60.5 2 -1 0
0 1 0 29.8 60.5 2 -1 0
0 1 0 29.8 60.5 2 -1 0
0 1 0 29.9 60.5 2 -1 0
0 1 0 29.8 60.5 2 -1 0
0 1 0 29.9 61.0 2 -1 0
0 1 0 29.8 60.5 2 -1 0
0 1 0 29.9 60.5 2 -1 0
0 1 0 29.8 60.5 2 -1 0
0 1 0 29.9 60.5 2 -1 0
0 1 0 29.9 60.5 2 -1 0
0 1 0 29.9 60.5 2 -1 0
0 1 0 29.8 60.5 2 -1 0
0 1 0 29.8 60.5 2 -1 0
0 1 0 29.9 60.5 2 -1 0
0 1 0 29.8 61.0 2 -1 0
0 1 0 29.8 61.5 2 -1 0
0 1 0 29.8 61.5 2 -1 0
0 1 0 29.8 61.5 2 -1 0
0 1 0 29.8 62.0 2 -1 0
0 1 0 29.8 61.5 2 -1 0
0 1 0 29.8 61.5 2 -1 0
0 1 0 29.8 61.5 2 -1 0
0 1 0 29.9 61.5 2 -1 0
0 1 0 29.9 61.5 2 -1 0
0 1 0 29.9 61.5 2 -1 0
0 1 0 29.8 61.5 2 -1 0
0 1 0 29.9 61.5 2 -1 0
0 1 0 29.8 61.5 2 -1 0
0 1 0 29.9 61.5 2 -1 0
0 1 0 29.8 61.5 2 -1 0
0 1 0 29.8 61.5 2 -1 0
0 1 0 29.9 61.5 2 -1 0
0 1 0 29.9 61.0 2 -1 0
0 1 0 29.9 61.0 2 -1 0
0 1 0 29.8 61.5 2 -1 0
0 1 0 29.9 61.5 2 -1 0
0 1 0 29.9 62.0 2 -1 0
0 1 0 29.9 62.0 2 -1 0
0 1 0 29.9 62.0 2 -1 0
0 1 0 29.9 61.5 2 -1 0
0 1 0 29.9 62.0 2 -1 0
0 1 0 29.8 61.5 2 -1 0
0 1 0 29.8 61.5 2 -1 0
0 1 0 29.9 61.5 2 -1 0
0 1 0 29.9 61.5 2 -1 0
0 1 0 29.9 61.5 2 -1 0
0 1 0 29.9 61.5 2 -1 0
0 1 0 29.9 61.5 2 -1 0
0 1 0 29.9 61.5 2 -1 0
0 1 0 29.9 61.5 2 -1 0
0 1 0 29.9 61.5 2 -1 0
0 1 0 29.9 61.5 2 -1 0
0 1 0 29.9 61.5 2 -1 0
0 1 0 29.8 61.5 2 -1 0
0 1 0 29.9 61.5 2 -1 0
0 1 0 29.9 61.5 2 -1 0
0 1 0 30.0 61.5 2 -1 0
0 1 0 29.9 61.5 2 -1 0
0 1 0 29.9 61.5 2 -1 0
0 1 0 29.9 61.5 2 -1 0
0 1 0 29.9 61.5 2 -1 0
0 1 0 29.9 61.5 2 -1 0
0 1 0 29.9 61.5 2 -1 0
0 1 0 29.9 61.5 2 -1 0
0 1 0 29.9 61.5 2 -1 0
0 1 0 30.0 61.5 2 -1 0
0 1 0 29.9 61.5 2 -1 0
0 1 0 29.9 61.5 2 -1 0
0 1 0 29.9 61.5 2 -1 0
0 1 0 29.9 61.5 2 -1 0
0 1 0 30.0 61.5 2 -1 0
0 1 0 29.9 61.5 2 -1 0
0 1 0 29.9 62.0 2 -1 0
0 1 0 29.9 62.0 2 -1 0
0 1 0 29.9 62.0 2 -1 0
0 1 0 29.9 62.0 2 -1 0
0 1 0 29.9 62.0 2 -1 0
0 1 0 29.9 62.0 2 -1 0
0 1 0 29.9 62.0 2 -1 0
0 1 0 29.9 62.0 2 -1 0
0 1 0 29.9 62.5 2 -1 0
0 1 0 29.9 62.5 2 -1 0
0 1 0 29.9 62.5 2 -1 0
0 1 0 29.9 63.0 2 -1 0
0 1 0 29.8 63.0 2 -1 0
0 1 0 29.8 63.0 2 -1 0
0 1 0 29.9 63.5 2 -1 0
0 1 0 29.9 63.5 2 -1 0
0 1 0 29.8 63.5 2 -1 0
0 1 0 29.9 63.5 2 -1 0
0 1 0 29.9 63.5 2 -1 0
0 1 0 29.9 63.0 2 -1 0
0 1 0 29.9 63.0 2 -1 0
0 1 0 29.9 63.0 2 -1 0
0 1 0 29.8 63.5 2 -1 0
0 1 0 29.9 63.5 2 -1 0
0 1 0 29.8 63.5 2 -1 0
0 1 0 29.9 64.0 2 -1 0
0 1 0 29.9 64.0 2 -1 0
0 1 0 29.8 64.0 2 -1 0
0 1 0 29.8 64.0 2 -1 0
0 1 0 29.9 64.0 2 -1 0
0 1 0 29.8 64.0 2 -1 0
0 1 0 29.9 64.0 2 -1 0
0 1 0 29.8 64.0 2 -1 0
0 1 0 29.8 64.0 2 -1 0
0 1 0 29.9 64.0 2 -1 0
0 1 0 29.9 64.0 2 -1 0
0 1 0 29.9 64.0 2 -1 0
0 1 0 29.9 64.0 2 -1 0
0 1 0 29.9 64.0 2 -1 0
0 1 0 29.9 64.0 2 -1 0
0 1 0 30.0 64.0 2 -1 0
0 1 0 30.0 63.5 2 -1 0
0 1 0 29.9 63.5 2 -1 0
0 1 0 30.0 63.5 1 -1 0
0 1 0 30.0 63.5 1 -1 0
0 1 0 29.9 63.5 1 -1 0
0 1 0 29.9 63.5 1 -1 0
0 1 0 30.0 63.5 1 -1 0
0 1 0 29.9 63.5 1 -1 0
0 1 0 29.9 63.5 1 -1 0
0 1 0 30.0 63.0 1 -1 0
0 1 0 29.9 63.0 1 -1 0
0 1 0 29.9 63.0 1 -1 0
0 1 0 29.9 63.0 1 -1 0
0 1 0 29.9 63.0 1 -1 0
0 1 0 29.9 63.0 1 -1 0
0 1 0 29.9 63.0 0 -1 0
0 1 0 29.9 63.0 0 -1 0
0 1 0 29.9 63.5 0 -1 0
0 1 0 29.9 63.5 0 -1 0
0 1 0 29.9 63.0 0 -1 0
0 1 0 29.9 63.0 0 -1 0
0 1 0 30.0 63.5 0 -1 0
0 1 0 29.9 63.0 2 -1 0
0 1 0 29.9 63.0 2 -1 0
0 1 0 29.9 63.0 2 -1 0
0 1 0 29.9 63.0 2 -1 0
0 1 0 30.0 63.0 4 -1 0
0 1 0 29.9 63.0 1 -1 0
0 1 0 29.9 63.0 1 -1 0
0 1 0 29.9 63.0 2 -1 0
0 1 0 29.9 63.0 2 -1 0
0 1 0 29.9 63.0 2 -1 0
0 1 0 29.9 63.0 2 -1 0
0 1 0 29.9 63.0 5 -1 0
0 1 0 29.9 63.0 5 -1 0
0 1 0 29.9 63.0 5 -1 0
0 1 0 29.9 63.0 5 -1 0
0 1 0 29.9 63.0 5 -1 0
0 1 0 29.9 63.0 5 -1 0
0 1 0 29.9 63.0 5 -1 0
0 1 0 30.0 63.0 8 -1 0
0 1 0 29.9 63.0 8 -1 0
0 1 0 30.0 63.0 12 -1 0
0 1 0 30.0 63.0 10 -1 0
0 1 0 29.9 62.5 11 -1 0
0 1 0 30.0 62.5 15 -1 0
0 1 0 30.0 62.5 15 -1 0
0 1 0 29.9 62.5 13 -1 0
0 1 0 29.9 62.5 15 -1 0
0 1 0 29.9 62.5 13 -1 0
0 1 0 29.9 62.5 15 -1 0
0 1 0 29.9 62.5 15 -1 0
0 1 0 29.9 62.5 15 -1 0
0 1 0 30.0 62.5 20 -1 0
0 1 0 29.9 63.0 27 -1 0
0 1 0 29.9 63.0 36 -1 0
0 1 0 29.9 63.5 34 -1 0
0 1 0 30.0 63.5 32 -1 0
0 1 0 30.0 63.5 41 -1 0
0 1 0 30.0 63.5 31 -1 0
0 1 0 29.9 63.5 20 -1 0
0 1 0 30.0 63.5 22 -1 0
0 1 0 30.0 63.5 22 -1 0
0 1 0 29.9 63.5 24 -1 0
0 1 0 30.0 63.5 22 -1 0
0 1 0 30.0 63.5 22 -1 0
0 1 0 30.0 63.5 24 -1 0
0 1 0 30.0 63.5 26 -1 0
0 1 0 30.0 63.5 26 -1 0
0 1 0 30.0 63.5 25 -1 0
0 1 0 29.9 64.0 27 -1 0
0 1 0 30.0 64.5 29 -1 0
0 1 0 30.0 64.5 25 -1 0
0 1 0 29.9 64.5 27 -1 0
0 1 0 30.0 64.5 29 -1 0
0 1 0 30.0 64.5 31 -1 0
0 1 0 29.9 64.5 29 -1 0
0 1 0 30.0 64.5 29 -1 0
0 1 0 30.0 64.0 31 -1 0
0 1 0 30.0 64.0 33 -1 0
0 1 0 30.1 64.0 30 -1 0
0 1 0 30.0 64.0 32 -1 0
0 1 0 30.0 64.0 34 -1 0
0 1 0 30.1 64.0 34 -1 0
0 1 0 30.1 64.0 34 -1 0
0 1 0 30.1 64.0 36 -1 0
0 1 0 30.0 64.0 36 -1 0
0 1 0 30.1 64.0 36 -1 0
0 1 0 30.0 64.0 36 -1 0
0 1 0 30.1 64.0 36 -1 0
0 1 0 30.2 64.0 36 -1 0
0 1 0 30.1 64.0 36 -1 0
0 1 0 30.1 64.0 36 -1 0
0 1 0 30.1 64.0 34 -1 0
0 1 0 30.1 64.0 34 -1 0
0 1 0 30.1 64.0 34 -1 0
0 1 0 30.1 64.0 36 -1 0
0 1 0 30.1 63.5 36 -1 0
0 1 0 30.2 63.5 36 -1 0
0 1 0 30.1 63.5 36 -1 0
0 1 0 30.1 63.5 36 -1 0
0 1 0 30.1 63.5 36 -1 0
0 1 0 30.2 64.0 38 -1 0
0 1 0 30.2 64.0 38 -1 0
0 1 0 30.1 64.0 40 -1 0
0 1 0 30.2 64.0 36 -1 0
0 1 0 30.2 64.0 38 -1 0
0 1 0 30.1 64.5 38 -1 0
0 1 0 30.2 64.5 38 -1 0
0 1 0 30.2 64.5 40 -1 0
0 1 0 30.2 64.5 40 -1 0
0 1 0 30.2 65.0 40 -1 0
0 1 0 30.2 65.0 40 -1 0
0 1 0 30.2 65.0 39 -1 0
0 1 0 30.2 65.5 40 -1 0
0 1 0 30.2 65.5 40 -1 0
0 1 0 30.2 65.5 40 -1 0
0 1 0 30.3 66.0 40 -1 0
0 1 0 30.3 66.0 40 -1 0
0 1 0 30.2 66.0 38 -1 0
0 1 0 30.2 66.0 38 -1 0
0 1 0 30.3 66.0 40 -1 0
0 1 0 30.3 66.0 39 -1 0
0 1 0 30.2 66.0 41 -1 0
0 1 0 30.3 66.0 43 -1 0
0 1 0 30.3 66.0 43 -1 0
0 1 0 30.3 66.0 43 -1 0
0 1 0 30.2 66.0 41 -1 0
0 1 0 30.3 66.0 41 -1 0
0 1 0 30.4 66.0 41 -1 0
0 1 0 30.3 66.0 41 -1 0
0 1 0 30.4 66.0 41 -1 0
0 1 0 30.4 66.0 41 -1 0
0 1 0 30.4 66.0 41 -1 0
0 1 0 30.4 66.0 43 -1 0
0 1 0 30.4 66.5 43 -1 0
0 1 0 30.4 66.5 41 -1 0
0 1 0 30.5 66.5 41 -1 0
0 1 0 30.4 66.5 43 -1 0
0 1 0 30.4 66.5 45 -1 0
0 1 0 30.4 66.5 45 -1 0
0 1 0 30.4 66.5 45 -1 0
0 1 0 30.4 66.5 45 -1 0
0 1 0 30.4 66.5 45 -1 0
0 1 0 30.4 66.5 45 -1 0
0 1 0 30.5 66.5 45 -1 0
0 1 0 30.5 67.0 45 -1 0
0 1 0 30.4 67.0 45 -1 0
0 1 0 30.5 67.0 45 -1 0
0 1 0 30.4 67.0 45 -1 0
0 1 0 30.5 67.0 45 -1 0
0 1 0 30.5 67.5 45 -1 0
0 1 0 30.4 67.5 45 -1 0
0 1 0 30.5 67.5 45 -1 0
0 1 0 30.5 67.5 45 -1 0
0 1 0 30.5 67.5 45 -1 0
0 1 0 30.5 67.5 45 -1 0
0 1 0 30.5 67.5 45 -1 0
0 1 0 30.5 67.5 45 -1 0
0 1 0 30.5 67.5 45 -1 0
0 1 0 30.5 67.5 45 -1 0
0 1 0 30.4 67.5 45 -1 0
0 1 0 30.5 67.5 45 -1 0
0 1 0 30.5 67.5 45 -1 0
0 1 0 30.5 67.5 45 -1 0
0 1 0 30.5 67.5 43 -1 0
0 1 0 30.5 67.5 45 -1 0
0 1 0 30.5 67.5 45 -1 0
0 1 0 30.5 67.5 45 -1 0
0 1 0 30.5 68.0 45 -1 0
0 1 0 30.5 67.5 43 -1 0
0 1 0 30.5 68.0 43 -1 0
0 1 0 30.5 68.0 43 -1 0
0 1 0 30.5 68.0 43 -1 0
0 1 0 30.5 68.0 43 -1 0
0 1 0 30.5 68.0 43 -1 0
0 1 0 30.5 68.0 43 -1 0
0 1 0 30.5 68.0 43 -1 0
0 1 0 30.5 68.0 43 -1 0
0 1 0 30.5 68.0 43 -1 0
0 1 0 30.5 68.0 43 -1 0
0 1 0 30.5 68.0 43 -1 0
0 1 0 30.5 68.0 43 -1 0
0 1 0 30.5 68.0 41 -1 0
0 1 0 30.5 68.0 43 -1 0
0 1 0 30.5 68.5 41 -1 0
0 1 0 30.5 68.0 41 -1 0
0 1 0 30.5 68.5 41 -1 0
0 1 0 30.6 68.5 41 -1 0
0 1 0 30.5 68.0 41 -1 0
0 1 0 30.5 68.5 41 -1 0
0 1 0 30.4 68.5 45 -1 0
0 1 0 30.5 68.5 45 -1 0
0 1 0 30.5 68.5 43 -1 0
0 1 0 30.5 68.5 43 -1 0
0 1 0 30.5 68.5 43 -1 0
0 1 0 30.5 68.5 43 -1 0
0 1 0 30.5 68.5 43 -1 0
0 1 0 30.5 68.0 43 -1 0
0 1 0 30.5 68.5 43 -1 0
0 1 0 30.5 68.5 43 -1 0
0 1 0 30.5 68.0 43 -1 0
0 1 0 30.5 68.0 43 -1 0
0 1 0 30.5 67.5 43 -1 0
0 1 0 30.5 68.0 43 -1 0
0 1 0 30.5 68.0 43 -1 0
0 1 0 30.4 68.0 45 -1 0
0 1 0 30.5 67.5 45 -1 0
0 1 0 30.4 67.5 45 -1 0
0 1 0 30.5 68.0 43 -1 0
0 1 0 30.5 68.0 43 -1 0
0 1 0 30.5 67.5 43 -1 0
0 1 0 30.5 68.0 43 -1 0
0 1 0 30.5 67.5 43 -1 0
0 1 0 30.5 68.0 41 -1 0
0 1 0 30.5 67.5 41 -1 0
0 1 0 30.5 67.5 41 -1 0
0 1 0 30.5 68.0 41 -1 0
0 1 0 30.4 68.0 41 -1 0
0 1 0 30.4 68.0 41 -1 0
0 1 0 30.4 68.0 41 -1 0
0 1 0 30.5 68.0 41 -1 0
0 1 0 30.5 68.0 39 -1 0
0 1 0 30.5 68.0 41 -1 0
0 1 0 30.5 68.0 41 -1 0
0 1 0 30.5 68.0 41 -1 0
0 1 0 30.4 68.0 41 -1 0
0 1 0 30.5 68.0 41 -1 0
0 1 0 30.4 68.0 39 -1 0
0 1 0 30.4 67.5 39 -1 0
0 1 0 30.5 67.5 39 -1 0
0 1 0 30.5 67.5 39 -1 0
0 1 0 30.5 67.5 39 -1 0
0 1 0 30.4 67.5 39 -1 0
0 1 0 30.5 68.0 39 -1 0
0 1 0 30.5 67.5 40 -1 0
0 1 0 30.6 67.5 40 -1 0
0 1 0 30.5 67.5 40 -1 0
0 1 0 30.4 67.5 40 -1 0
0 1 0 30.5 67.5 40 -1 0
0 1 0 30.4 67.5 40 -1 0
0 1 0 30.4 67.5 40 -1 0
0 1 0 30.5 67.0 38 -1 0
0 1 0 30.4 67.0 38 -1 0
0 1 0 30.5 67.0 36 -1 0
0 1 0 30.5 67.0 38 -1 0
0 1 0 30.4 67.0 38 -1 0
0 1 0 30.5 67.0 36 -1 0
0 1 0 30.4 67.0 36 -1 0
0 1 0 30.4 67.5 36 -1 0
0 1 0 30.5 67.5 36 -1 0
0 1 0 30.5 67.5 38 -1 0
0 1 0 30.5 67.5 38 -1 0
0 1 0 30.5 67.5 38 -1 0
0 1 0 30.6 67.5 36 -1 0
0 1 0 30.5 67.5 38 -1 0
0 1 0 30.5 67.5 38 -1 0
0 1 0 30.5 67.5 38 -1 0
0 1 0 30.5 67.0 38 -1 0
0 1 0 30.5 67.0 38 -1 0
0 1 0 30.6 67.0 38 -1 0
0 1 0 30.5 67.0 38 -1 0
0 1 0 30.5 67.0 38 -1 0
0 1 0 30.5 67.0 38 -1 0
0 1 0 30.5 67.0 36 -1 0
0 1 0 30.6 67.0 36 -1 0
0 1 0 30.6 67.0 36 -1 0
0 1 0 30.6 66.5 36 -1 0
0 1 0 30.6 66.5 34 -1 0
0 1 0 30.6 66.5 36 -1 0
0 1 0 30.6 67.0 36 -1 0
0 1 0 30.6 67.0 34 -1 0
0 1 0 30.5 67.0 34 -1 0
0 1 0 30.6 67.0 38 -1 0
0 1 0 30.5 67.0 38 -1 0
0 1 0 30.6 67.0 38 -1 0
0 1 0 30.5 66.5 38 -1 0
0 1 0 30.6 66.5 34 -1 0
0 1 0 30.6 66.5 36 -1 0
0 1 0 30.7 66.5 36 -1 0
0 1 0 30.7 66.5 34 -1 0
0 1 0 30.6 66.5 34 -1 0
0 1 0 30.7 66.5 34 -1 0
0 1 0 30.6 66.5 36 -1 0
0 1 0 30.6 66.5 34 -1 0
0 1 0 30.6 66.0 36 -1 0
0 1 0 30.5 66.0 34 -1 0
1 1 9 30.5 65.5 42 -1 1
1 1 3 30.5 63.5 51 -1 1
1 1 0 30.3 59.5 51 -1 1
1 1 0 30.0 57.5 49 -1 1
1 1 9 29.7 56.0 49 -1 1
1 1 14 29.3 55.0 47 -1 1
1 1 2 29.0 55.0 47 -1 1
1 1 3 28.7 54.5 47 -1 1
1 1 7 28.6 54.5 47 -1 1
1 1 0 28.5 55.0 47 -1 1
1 1 0 28.4 55.5 47 -1 1
1 1 1 28.4 55.5 49 -1 1
1 1 0 28.4 56.5 49 -1 1
1 1 2 28.3 55.5 49 -1 1
1 1 5 28.1 55.0 49 -1 1
1 1 5 28.0 55.0 49 -1 1
1 1 0 28.0 55.5 49 -1 1
1 1 1 28.0 55.5 49 -1 1
1 1 15 27.9 55.5 48 -1 1
1 1 6 27.8 55.0 49 -1 1
1 1 0 27.8 55.0 49 -1 1
1 1 0 27.7 55.5 51 -1 1
1 1 0 27.7 56.0 49 -1 1
1 1 6 27.6 55.5 49 -1 1
1 1 0 27.7 56.0 47 -1 1
1 1 5 27.6 55.5 47 -1 1
1 1 6 27.5 55.0 44 -1 1
1 1 10 27.5 56.0 48 -1 1
1 1 6 27.6 56.0 46 -1 1
1 1 2 27.6 56.0 46 -1 1
1 1 13 27.5 56.0 42 -1 1
1 1 14 27.5 56.0 40 -1 1
1 1 11 27.4 56.5 42 -1 1
1 1 23 27.4 56.0 42 -1 1
1 1 27 27.3 56.0 42 -1 1
1 1 37 27.3 56.0 46 -1 1
1 1 4 27.3 55.5 44 -1 1
1 1 1 27.0 54.5 44 -1 1
1 1 2 27.0 54.5 44 -1 1
1 1 1 27.0 55.5 42 -1 1
1 1 0 27.1 56.0 46 -1 1
1 1 10 27.1 56.0 46 -1 1
1 1 8 27.0 55.5 44 -1 1
1 1 3 26.9 54.5 42 -1 1
1 1 16 26.9 55.5 42 -1 1
1 1 3 26.8 55.5 42 -1 1
1 1 9 27.0 56.0 44 -1 1
1 1 4 27.1 57.5 44 -1 1
1 1 5 27.1 57.0 44 -1 1
1 1 6 27.1 56.5 42 -1 1
1 1 8 27.1 56.5 42 -1 1
1 1 12 27.1 56.5 40 -1 1
1 1 3 27.0 56.5 42 -1 1
1 1 14 26.9 56.5 42 -1 1
1 1 7 27.0 56.5 42 -1 1
1 1 0 26.9 56.0 42 -1 1
1 1 0 26.7 56.0 44 -1 1
1 1 0 26.8 57.0 40 -1 1
1 1 0 26.8 56.5 44 -1 1
1 1 0 26.9 58.0 44 -1 1
1 1 0 27.0 57.5 42 -1 1
1 1 0 27.0 57.0 42 -1 1
1 1 0 27.0 57.0 42 -1 1
1 1 0 26.9 57.0 40 -1 1
1 1 0 26.9 57.0 42 -1 1
1 1 0 26.9 57.0 40 -1 1
1 1 0 26.8 57.5 44 -1 1
1 1 0 27.0 59.5 44 -1 1
1 1 0 27.0 59.0 44 -1 1
1 1 0 27.1 59.0 40 -1 1
1 1 0 27.1 58.0 44 -1 1
1 1 0 27.0 58.5 42 -1 1
1 1 0 26.9 57.5 44 -1 1
1 1 0 26.8 57.0 42 -1 1
1 1 19 26.8 57.0 40 -1 1
1 1 2 26.7 57.5 40 -1 1
1 1 7 26.7 57.5 40 -1 1
1 1 8 26.7 57.0 40 -1 1
1 1 2 26.7 57.5 42 -1 1
1 1 0 26.7 57.5 42 -1 1
1 1 9 26.6 58.0 40 -1 1
1 1 4 26.6 57.5 42 -1 1
1 1 2 26.5 57.5 40 -1 1
1 1 3 26.6 57.0 40 -1 1
1 1 1 26.4 56.0 40 -1 1
1 1 2 26.3 55.5 40 -1 1
1 1 5 26.2 55.5 42 -1 1
1 1 2 26.2 55.5 42 -1 1
1 1 12 26.3 56.0 42 -1 1
1 1 6 26.2 56.0 40 -1 1
1 1 7 26.2 55.5 39 -1 1
1 1 9 26.2 55.0 39 -1 1
1 1 2 26.1 54.5 39 -1 1
1 1 0 26.1 54.5 37 -1 1
1 1 2 26.0 55.0 37 -1 1
1 1 3 26.0 55.5 37 -1 1
1 1 0 26.0 56.0 37 -1 1
1 1 2 26.0 55.5 39 -1 1
1 1 2 26.0 56.0 39 -1 1
1 1 8 26.1 57.0 39 -1 1
1 1 0 26.1 57.5 37 -1 1
1 1 1 26.2 57.5 35 -1 1
1 1 5 26.2 57.0 39 -1 1
1 1 5 26.1 57.5 39 -1 1
1 1 2 26.1 57.5 39 -1 1
1 1 2 26.1 57.5 39 -1 1
1 1 1 26.1 57.5 37 -1 1
1 1 4 26.1 57.0 37 -1 1
1 1 3 26.0 57.0 37 -1 1
1 1 2 26.0 57.0 37 -1 1
1 1 3 26.0 57.5 35 -1 1
1 1 1 26.0 57.0 35 -1 1
1 1 3 26.0 57.0 37 -1 1
1 1 6 26.0 57.0 37 -1 1
1 1 0 26.0 57.0 35 -1 1
1 1 6 25.8 57.0 35 -1 1
1 1 4 25.9 57.0 35 -1 1
1 1 10 25.9 57.5 35 -1 1
1 1 6 26.0 58.0 37 -1 1
1 1 5 26.1 59.0 37 -1 1
1 1 12 26.1 59.5 37 -1 1
1 1 4 26.3 60.5 35 -1 1
1 1 3 26.3 61.0 35 -1 1
1 1 5 26.3 61.0 37 -1 1
1 1 0 26.3 60.5 37 -1 1
1 1 7 26.4 61.0 37 -1 1
1 1 10 26.4 60.5 37 -1 1
1 1 6 26.4 61.0 35 -1 1
1 1 8 26.5 61.0 35 -1 1
1 1 0 26.5 60.0 35 -1 1
1 1 7 26.4 59.5 35 -1 1
1 1 15 26.4 59.5 35 -1 1
1 1 4 26.4 60.0 37 -1 1
1 1 4 26.4 59.5 37 -1 1
1 1 0 26.4 59.5 33 -1 1
1 1 0 26.4 59.0 37 -1 1
1 1 2 26.3 58.5 35 -1 1
1 1 1 26.1 58.5 36 -1 1
1 1 1 26.1 58.5 33 -1 1
1 1 0 26.0 59.0 34 -1 1
1 1 3 26.2 58.5 33 -1 1
1 1 5 26.2 58.5 35 -1 1
1 1 2 26.1 58.5 35 -1 1
1 1 1 26.1 58.5 34 -1 1
1 1 0 26.1 58.5 34 -1 1
1 1 7 26.0 58.0 36 -1 1
1 1 5 26.0 58.0 34 -1 1
1 1 0 26.0 58.0 32 -1 1
1 1 4 26.0 58.0 32 -1 1
1 1 3 26.0 58.0 32 -1 1
1 1 3 25.9 58.0 34 -1 1
1 1 5 26.0 58.5 34 -1 1
1 1 5 26.0 58.5 34 -1 1
1 1 6 26.0 58.5 34 -1 1
1 1 13 25.9 58.5 34 -1 1
1 1 5 25.8 58.5 34 -1 1
1 1 4 25.9 58.5 34 -1 1
1 1 1 26.0 60.5 33 -1 1
1 1 6 26.2 60.5 33 -1 1
1 1 7 26.2 59.0 34 -1 1
1 1 1 26.1 58.5 34 -1 1
1 1 1 26.0 58.5 34 -1 1
1 1 8 25.9 58.5 34 -1 1
1 1 3 26.0 58.5 34 -1 1
1 1 2 25.9 58.5 33 -1 1
1 1 1 25.9 58.5 33 -1 1
1 1 1 26.0 58.5 34 -1 1
1 1 0 25.9 57.0 32 -1 1
1 1 9 25.8 57.0 33 -1 1
1 1 19 25.8 57.0 32 -1 1
1 1 22 25.7 57.5 32 -1 1
1 1 13 25.9 59.5 34 -1 1
1 1 13 26.0 58.5 34 -1 1
1 1 7 26.0 58.0 33 -1 1
1 1 4 25.9 58.0 33 -1 1
1 1 8 25.8 57.5 35 -1 1
1 1 3 25.7 57.5 35 -1 1
1 1 3 25.8 57.5 35 -1 1
1 1 0 25.7 58.0 37 -1 1
1 1 2 25.8 59.0 35 -1 1
1 1 8 25.9 58.5 37 -1 1
1 1 2 25.8 58.5 33 -1 1
1 1 7 25.7 58.5 35 -1 1
1 1 7 25.7 58.5 37 -1 1
1 1 3 25.8 58.0 37 -1 1
1 1 6 25.8 57.5 37 -1 1
1 1 1 25.7 57.0 37 -1 1
1 1 16 25.6 56.5 37 -1 1
1 1 8 25.5 56.0 39 -1 1
1 1 2 25.4 55.5 37 -1 1
1 1 3 25.3 55.0 37 -1 1
1 1 17 25.4 55.5 37 -1 1
1 1 0 25.4 56.0 35 -1 1
1 1 0 25.5 56.5 35 -1 1
1 1 2 25.5 57.0 33 -1 1
1 1 12 25.5 57.5 37 -1 1
1 1 1 25.5 58.0 35 -1 1
1 1 9 25.5 58.5 33 -1 1
1 1 12 25.5 58.5 33 -1 1
1 1 10 25.7 58.5 37 -1 1
1 1 8 25.8 60.0 35 -1 1
1 1 2 25.8 61.0 33 -1 1
1 1 0 26.0 62.0 35 -1 1
1 1 1 26.1 60.0 36 -1 1
1 1 15 26.0 59.5 35 -1 1
1 1 24 26.0 59.0 33 -1 1
0 1 26 25.9 59.0 34 -1 1
0 1 0 25.9 59.0 37 -1 1
0 1 0 26.0 61.0 35 -1 1
0 1 0 26.2 63.0 35 -1 1
0 1 0 26.4 64.0 35 -1 1
0 1 0 26.7 66.0 37 -1 1
0 1 0 26.8 66.0 35 -1 1
0 1 0 27.0 66.5 35 -1 1
0 1 0 27.1 66.0 33 -1 1
0 1 0 27.2 66.5 33 -1 1
0 1 0 27.3 66.5 33 -1 1
0 1 0 27.4 66.5 36 -1 1
0 1 0 27.5 67.5 37 -1 1
0 1 0 27.6 67.0 35 -1 1
0 1 0 27.7 67.0 36 -1 1
0 1 0 27.7 67.0 34 -1 1
0 1 0 27.7 67.0 35 -1 1
0 1 0 27.8 67.5 35 -1 1
0 1 0 27.9 67.0 35 -1 1
0 1 0 27.9 67.5 35 -1 1
0 1 0 28.0 68.0 35 -1 1
0 1 0 28.0 67.5 35 -1 1
0 1 0 28.1 67.5 35 -1 1
0 1 0 28.1 67.5 35 -1 1
0 1 0 28.2 67.5 35 -1 1
0 1 0 28.1 67.5 35 -1 1
0 1 0 28.2 67.5 35 -1 1
0 1 0 28.2 67.5 33 -1 1
0 1 0 28.1 67.5 33 -1 1
0 1 0 28.2 67.0 34 -1 1
0 1 0 28.3 67.5 32 -1 1
0 1 0 28.4 67.5 37 -1 1
0 1 0 28.4 67.5 37 -1 1
0 1 0 28.4 67.5 35 -1 1
0 1 0 28.4 67.5 37 -1 1
0 1 0 28.5 67.5 37 -1 1
0 1 0 28.6 67.5 37 -1 1
0 1 0 28.6 67.5 37 -1 1
0 1 0 28.6 67.5 37 -1 1
0 1 0 28.7 68.0 37 -1 1
0 1 0 28.7 67.5 37 -1 1
0 1 0 28.8 67.5 39 -1 1
0 1 0 28.8 67.5 35 -1 1
0 1 0 28.8 67.5 39 -1 1
0 1 0 28.8 67.5 37 -1 1
0 1 0 28.8 67.5 39 -1 1
0 1 0 28.8 67.0 39 -1 1
0 1 0 28.8 67.0 35 -1 1
0 1 0 28.9 67.0 37 -1 1
0 1 0 28.9 67.0 39 -1 1
0 1 0 28.9 66.5 39 -1 1
0 1 0 28.9 66.5 37 -1 1
0 1 0 28.9 66.5 37 -1 1
0 1 0 28.8 65.5 39 -1 1
0 1 0 28.8 65.0 35 -1 1
0 1 0 28.8 66.0 37 -1 1
0 1 0 28.9 66.0 37 -1 1
0 1 0 28.9 66.0 39 -1 1
0 1 0 28.9 66.0 39 -1 1
1 1 12 29.0 65.0 37 -1 1
1 1 5 28.8 61.0 39 -1 1
1 1 16 28.5 59.0 37 -1 1
1 1 18 28.2 57.5 35 -1 1
1 1 0 27.9 56.0 37 -1 1
1 1 5 27.6 56.0 37 -1 1
1 1 0 27.4 56.0 39 -1 1
1 1 0 27.4 57.0 37 -1 1
1 1 18 27.3 56.5 39 -1 1
1 1 31 27.2 56.0 37 -1 1
1 1 14 27.1 56.5 35 -1 1
1 1 15 27.0 57.0 39 -1 1
1 1 13 27.0 57.0 37 -1 1
1 1 10 27.1 57.0 37 -1 1
1 1 12 27.1 57.0 35 -1 1
1 1 5 26.9 56.0 37 -1 1
1 1 7 26.8 55.5 37 -1 1
1 1 6 26.7 56.5 37 -1 1
1 1 5 26.8 56.5 37 -1 1
1 1 1 26.7 56.5 37 -1 1
1 1 3 26.7 56.5 37 -1 1
1 1 2 26.8 58.5 37 -1 1
1 1 2 26.9 60.0 37 -1 1
1 1 0 27.0 59.0 37 -1 1
1 1 0 27.2 60.0 37 -1 1
1 1 0 27.2 58.5 37 -1 1
1 1 2 27.1 58.0 37 -1 1
1 1 5 27.0 58.0 33 -1 1
1 1 0 26.9 58.5 36 -1 1
1 1 4 27.0 58.5 32 -1 1
1 1 3 26.9 57.5 34 -1 1
1 1 4 26.8 57.5 32 -1 1
1 1 17 26.6 57.0 37 -1 1
1 1 26 26.6 56.5 37 -1 1
1 1 0 26.4 56.0 39 -1 1
1 1 0 26.4 56.0 39 -1 1
1 1 0 26.3 56.0 41 -1 1
1 1 0 26.3 56.0 37 -1 1
1 1 0 26.3 56.0 37 -1 1
1 1 0 26.3 56.5 37 -1 1
1 1 0 26.2 56.5 39 -1 1
1 1 0 26.2 55.5 39 -1 1
1 1 0 26.1 56.0 39 -1 1
1 1 0 26.1 55.5 41 -1 1
1 1 0 26.1 55.5 41 -1 1
1 1 0 26.0 55.5 40 -1 1
1 1 0 26.0 55.5 41 -1 1
1 1 0 26.0 55.5 39 -1 1
1 1 0 26.0 55.5 34 -1 1
1 1 0 25.9 55.0 39 -1 1
1 1 0 25.9 55.0 42 -1 1
1 1 0 25.8 55.0 34 -1 1
1 1 22 25.9 55.0 36 -1 1
1 1 20 25.8 55.0 41 -1 1
1 1 13 25.8 55.0 39 -1 1
1 1 6 25.9 55.0 40 -1 1
1 1 0 25.8 54.5 41 -1 1
1 1 4 25.7 54.5 41 -1 1
1 1 6 25.7 54.5 39 -1 1
1 1 15 25.6 54.5 36 -1 1
1 1 15 25.6 54.5 41 -1 1
1 1 3 25.5 54.5 41 -1 1
1 1 13 25.5 53.5 41 -1 1
1 1 4 25.5 53.5 41 -1 1
1 1 5 25.4 53.5 41 -1 1
1 1 0 25.4 54.0 40 -1 1
1 1 1 25.4 54.0 40 -1 1
1 1 6 25.4 54.5 37 -1 1
1 1 0 25.4 54.5 41 -1 1
1 1 6 25.4 55.0 39 -1 1
1 1 14 25.5 55.0 29 -1 1
1 1 7 25.5 55.0 29 -1 1
1 1 8 25.5 55.5 34 -1 1
1 1 2 25.5 55.5 34 -1 1
1 1 2 25.5 55.5 36 -1 1
1 1 0 25.5 55.5 39 -1 1
1 1 9 25.5 55.5 42 -1 1
1 1 5 25.4 56.0 31 -1 1
1 1 0 25.4 56.5 41 -1 1
1 1 4 25.5 56.5 38 -1 1
1 1 11 25.5 56.0 38 -1 1
1 1 8 25.4 56.0 40 -1 1
1 1 4 25.4 56.0 44 -1 1
1 1 6 25.4 55.5 41 -1 1
1 1 4 25.4 55.0 41 -1 1
1 1 0 25.2 55.0 34 -1 1
1 1 1 25.3 54.5 42 -1 1
1 1 0 25.3 54.5 44 -1 1
1 1 9 25.2 54.5 44 -1 1
1 1 2 25.1 54.5 42 -1 1
1 1 3 25.2 54.5 42 -1 1
1 1 3 25.1 54.5 41 -1 1
1 1 3 25.1 55.0 39 -1 1
1 1 11 25.2 56.0 39 -1 1
1 1 7 25.2 56.0 39 -1 1
1 1 1 25.3 56.0 41 -1 1
1 1 4 25.3 56.0 43 -1 1
1 1 2 25.3 56.0 41 -1 1
1 1 1 25.3 56.0 39 -1 1
1 1 15 25.3 56.0 39 -1 1
1 1 7 25.4 56.0 41 -1 1
1 1 0 25.3 56.5 41 -1 1
1 1 2 25.4 56.5 39 -1 1
1 1 0 25.3 56.0 39 -1 1
1 1 0 25.3 56.0 39 -1 1
1 1 16 25.3 56.5 39 -1 1
1 1 5 25.4 56.0 39 -1 1
1 1 1 25.3 56.0 43 -1 1
1 1 1 25.4 56.5 43 -1 1
1 1 10 25.4 56.5 41 -1 1
1 1 10 25.3 56.0 41 -1 1
1 1 17 25.3 56.0 41 -1 1
1 1 16 25.3 55.0 41 -1 1
1 1 4 25.4 55.5 41 -1 1
1 1 5 25.3 55.5 41 -1 1
1 1 0 25.3 55.5 41 -1 1
1 1 1 25.3 55.0 39 -1 1
1 1 3 25.2 55.0 39 -1 1
1 1 11 25.2 55.0 38 -1 1
1 1 0 25.3 55.0 36 -1 1
1 1 16 25.4 55.0 34 -1 1
1 1 7 25.3 55.5 41 -1 1
1 1 4 25.3 55.5 35 -1 1
1 1 6 25.3 55.0 41 -1 1
1 1 6 25.2 55.0 39 -1 1
1 1 10 25.3 55.5 41 -1 1
1 1 0 25.3 55.0 45 -1 1
1 1 0 25.2 55.0 38 -1 1
1 1 28 25.1 55.0 32 -1 1
1 1 36 25.1 54.5 41 -1 1
1 1 22 25.1 54.5 39 -1 1
1 1 4 25.2 54.5 39 -1 1
1 1 0 25.1 54.5 28 -1 1
1 1 1 25.1 55.0 31 -1 1
1 1 0 25.2 55.0 36 -1 1
1 1 0 25.2 55.0 41 -1 1
1 1 7 25.1 55.0 39 -1 1
1 1 4 25.1 55.0 39 -1 1
1 1 30 25.1 55.0 39 -1 1
1 1 19 25.1 55.0 39 -1 1
1 1 12 25.2 55.0 39 -1 1
1 1 24 25.1 55.0 43 -1 1
1 1 10 25.2 55.0 43 -1 1
1 1 0 25.2 55.0 43 -1 1
1 1 2 25.1 54.5 41 -1 1
1 1 6 25.1 54.5 41 -1 1
1 1 2 25.0 54.5 41 -1 1
1 1 9 25.1 54.5 43 -1 1
1 1 19 25.2 54.5 41 -1 1
1 1 13 25.1 54.5 41 -1 1
1 1 5 25.1 54.5 41 -1 1
1 1 12 25.1 54.5 39 -1 1
1 1 22 25.1 55.0 34 -1 1
0 1 26 25.2 56.0 28 -1 0
0 1 0 25.3 58.0 28 -1 0
0 1 0 25.5 59.5 28 -1 0
0 1 0 25.7 59.5 28 -1 0
0 1 0 25.9 60.5 28 -1 0
0 1 0 26.0 61.0 28 -1 0
0 1 0 26.1 61.5 28 -1 0
0 1 0 26.2 62.0 26 -1 0
0 1 0 26.3 62.5 28 -1 0
0 1 0 26.3 62.0 28 -1 0
0 1 0 26.3 61.0 28 -1 0
0 1 0 26.4 60.5 28 -1 0
0 1 0 26.4 60.5 28 -1 0
0 1 0 26.5 60.5 28 -1 0
0 1 0 26.5 61.0 28 -1 0
0 1 0 26.5 60.0 28 -1 0
0 1 0 26.5 61.5 26 -1 0
0 1 0 26.6 60.5 26 -1 0
0 1 0 26.6 60.5 28 -1 0
0 1 0 26.6 61.0 28 -1 0
0 1 0 26.7 61.5 28 -1 0
0 1 0 26.7 62.0 28 -1 0
0 1 0 26.8 62.5 28 -1 0
0 1 0 26.8 62.5 26 -1 0
0 1 0 26.9 62.5 28 -1 0
0 1 0 26.9 62.5 28 -1 0
0 1 0 26.9 62.5 28 -1 0
0 1 0 27.0 63.0 28 -1 0
0 1 0 27.0 63.5 30 -1 0
0 1 0 27.0 63.5 28 -1 0
0 1 0 27.1 63.5 31 -1 0
0 1 0 27.0 64.0 33 -1 0
0 1 0 27.1 64.0 33 -1 0
0 1 0 27.2 64.0 31 -1 0
0 1 0 27.2 64.5 31 -1 0
0 1 0 27.2 64.0 31 -1 0
0 1 0 27.3 64.5 33 -1 0
0 1 0 27.4 64.5 35 -1 0
0 1 0 27.4 64.5 31 -1 0
0 1 0 27.4 65.0 35 -1 0
0 1 0 27.5 65.0 33 -1 0
0 1 0 27.5 65.0 31 -1 0
0 1 0 27.5 65.0 33 -1 0
0 1 0 27.5 65.5 31 -1 0
0 1 0 27.6 65.0 31 -1 0
0 1 0 27.7 65.5 33 -1 0
0 1 0 27.6 65.0 31 -1 0
0 1 0 27.7 65.5 31 -1 0
0 1 0 27.7 65.5 31 -1 0
0 1 0 27.7 65.0 31 -1 0
0 1 0 27.7 65.0 31 -1 0
0 1 0 27.7 65.0 26 -1 0
0 1 0 27.7 65.0 26 -1 0
0 1 0 27.6 64.0 28 -1 0
0 1 0 27.7 64.0 26 -1 0
0 1 0 27.8 64.0 26 -1 0
0 1 0 27.7 63.0 26 -1 0
0 1 0 27.7 62.5 28 -1 0
0 1 0 27.7 61.5 26 -1 0
0 1 0 27.7 60.5 26 -1 0
0 1 0 27.7 60.5 26 -1 0
0 1 0 27.6 59.5 26 -1 0
0 1 0 27.6 59.5 26 -1 0
0 1 0 27.5 58.5 26 -1 0
0 1 0 27.5 58.5 26 -1 0
0 1 0 27.5 58.0 24 -1 0
0 1 0 27.5 57.5 24 -1 0
0 1 0 27.5 58.0 26 -1 0
0 1 0 27.6 57.0 24 -1 0
0 1 0 27.5 57.5 28 -1 0
0 1 0 27.4 58.0 26 -1 0
0 1 0 27.5 57.5 28 -1 0
0 1 0 27.5 57.5 28 -1 0
0 1 0 27.4 57.0 29 -1 0
0 1 0 27.4 57.0 31 -1 0
0 1 0 27.4 57.0 32 -1 0
0 1 0 27.4 57.0 36 -1 0
0 1 0 27.5 56.5 39 -1 0
0 1 0 27.4 56.0 39 -1 0
0 1 0 27.4 56.0 39 -1 0
0 1 0 27.4 55.5 40 -1 0
0 1 0 27.4 55.5 44 -1 0
0 1 0 27.4 55.0 48 -1 0
0 1 0 27.3 55.0 51 -1 0
0 1 0 27.3 55.0 52 -1 0
0 1 0 27.3 54.5 58 -1 0
0 1 0 27.3 55.0 63 -1 0
0 1 0 27.4 54.5 68 -1 0
0 1 0 27.4 54.5 64 -1 0
0 1 0 27.4 54.0 66 -1 0
0 1 0 27.4 54.0 64 -1 0
0 1 0 27.4 53.5 39 -1 0
0 1 0 27.3 53.5 12 -1 0
0 1 0 27.4 53.5 6 -1 0
0 1 0 27.4 53.5 6 -1 0
0 1 0 27.4 53.5 6 -1 0
0 1 0 27.4 53.5 6 -1 0
0 1 0 27.4 53.5 4 -1 0
0 1 0 27.5 53.5 4 -1 0
0 1 0 27.5 54.0 4 -1 0
0 1 0 27.5 54.5 8 -1 0
0 1 0 27.6 54.5 8 -1 0
0 1 0 27.6 56.5 8 -1 0
0 1 0 27.5 57.0 8 -1 0
0 1 0 27.6 57.0 6 -1 0
0 1 0 27.6 57.5 6 -1 0
0 1 0 27.6 57.0 6 -1 0
0 1 0 27.7 57.5 6 -1 0
0 1 0 27.7 57.5 6 -1 0
0 1 0 27.8 60.0 6 -1 0
0 1 0 27.8 60.5 4 -1 0
0 1 0 27.8 61.0 4 -1 0
0 1 0 27.8 61.5 4 -1 0
0 1 0 27.9 60.5 4 -1 0
0 1 0 27.9 61.0 4 -1 0
0 1 0 27.9 59.5 4 -1 0
0 1 0 28.0 60.0 4 -1 0
0 1 0 28.0 59.0 2 -1 0
0 1 0 28.1 59.5 2 -1 0
0 1 0 28.0 60.5 2 -1 0
0 1 0 28.1 60.0 2 -1 0
0 1 0 28.1 59.5 2 -1 0
0 1 0 28.0 59.0 1 -1 0
0 1 0 28.1 59.0 4 -1 0
0 1 0 28.1 59.0 4 -1 0
0 1 0 28.1 58.5 4 -1 0
0 1 0 28.1 58.5 4 -1 0
0 1 0 28.2 58.5 4 -1 0
0 1 0 28.2 59.0 2 -1 0
0 1 0 28.2 58.0 2 -1 0
0 1 0 28.2 56.5 2 -1 0
0 1 0 28.2 57.5 2 -1 0
0 1 0 28.2 57.0 2 -1 0
0 1 0 28.4 57.5 2 -1 0
0 1 0 28.3 58.5 2 -1 0
0 1 0 28.3 58.0 2 -1 0
0 1 0 28.3 59.0 0 -1 0
0 1 0 28.4 58.5 0 -1 0
0 1 0 28.4 59.0 0 -1 0
0 1 0 28.3 59.5 0 -1 0
0 1 0 28.4 58.5 0 -1 0
0 1 0 28.4 59.5 0 -1 0
0 1 0 28.5 61.0 0 -1 0
0 1 0 28.5 62.0 0 -1 0
0 1 0 28.5 62.5 0 -1 0
0 1 0 28.5 63.0 0 -1 0
0 1 0 28.5 63.5 0 -1 0
0 1 0 28.6 63.0 0 -1 0
0 1 0 28.6 63.0 0 -1 0
0 1 0 28.6 62.0 0 -1 0
0 1 0 28.6 61.5 0 -1 0
0 1 0 28.6 60.5 0 -1 0
0 1 0 28.6 60.0 0 -1 0
0 1 0 28.6 59.0 0 -1 0
0 1 0 28.7 58.0 0 -1 0
0 1 0 28.7 57.5 0 -1 0
0 1 0 28.6 57.5 0 -1 0
0 1 0 28.6 57.5 0 -1 0
0 1 0 28.6 57.0 0 -1 0
0 1 0 28.6 57.0 0 -1 0
0 1 0 28.6 56.5 0 -1 0
0 1 0 28.7 57.0 0 -1 0
0 1 0 28.7 57.0 0 -1 0
0 1 0 28.6 57.0 0 -1 0
0 1 0 28.7 56.0 0 -1 0
0 1 0 28.6 56.0 0 -1 0
0 1 0 28.7 55.5 0 -1 0
0 1 0 28.7 56.0 0 -1 0
0 1 0 28.6 56.5 0 -1 0
0 1 0 28.6 55.5 0 -1 0
0 1 0 28.6 56.5 0 -1 0
0 1 0 28.6 56.0 0 -1 0
0 1 0 28.7 56.0 0 -1 0
0 1 0 28.7 55.5 0 -1 0
0 1 0 28.7 55.5 0 -1 0
0 1 0 28.7 55.5 0 -1 0
0 1 0 28.7 55.5 0 -1 0
0 1 0 28.7 55.0 0 -1 0
0 1 0 28.7 54.5 0 -1 0
0 1 0 28.8 55.0 0 -1 0
0 1 0 28.7 54.5 0 -1 0
0 1 0 28.7 54.5 0 -1 0
0 1 0 28.7 54.0 0 -1 0
0 1 0 28.8 54.0 0 -1 0
0 1 0 28.8 54.0 0 -1 0
0 1 0 28.7 54.0 0 -1 0
0 1 0 28.8 54.0 0 -1 0
0 1 0 28.8 54.0 0 -1 0
0 1 0 28.8 53.5 0 -1 0
0 1 0 28.8 54.0 0 -1 0
0 1 0 28.8 54.0 0 -1 0
0 1 0 28.8 53.5 0 -1 0
0 1 0 28.8 54.0 0 -1 0
0 1 0 28.8 54.0 0 -1 0
0 1 0 28.9 54.0 0 -1 0
0 1 0 28.8 54.0 0 -1 0
0 1 0 28.8 54.0 0 -1 0
0 1 0 28.8 54.0 0 -1 0
0 1 0 28.9 54.0 0 -1 0
0 1 0 28.8 54.0 0 -1 0
0 1 0 28.8 54.0 0 -1 0
0 1 0 28.9 54.0 0 -1 0
0 1 0 28.9 54.0 0 -1 0
0 1 0 28.9 54.0 0 -1 0
0 1 0 28.9 54.0 0 -1 0
0 1 0 28.9 54.0 0 -1 0
0 1 0 28.9 54.0 0 -1 0
0 1 0 28.9 54.0 0 -1 0
0 1 0 28.9 54.0 0 -1 0
0 1 0 28.9 54.0 0 -1 0
0 1 0 28.9 54.0 0 -1 0
0 1 0 29.0 54.0 0 -1 0
0 1 0 29.0 54.0 0 -1 0
0 1 0 29.0 54.0 0 -1 0
0 1 0 28.9 54.0 0 -1 0
0 1 0 28.9 54.0 0 -1 0
0 1 0 29.0 53.5 0 -1 0
0 1 0 29.0 53.5 4 -1 0
0 1 0 29.0 53.5 0 -1 0
0 1 0 29.0 53.5 0 -1 0
0 1 0 29.0 53.5 0 -1 0
0 1 0 29.0 53.5 0 -1 0
0 1 0 29.0 54.0 0 -1 0
0 1 0 29.0 54.0 0 -1 0
0 1 0 29.0 55.5 0 -1 0
0 1 0 29.0 56.0 0 -1 0
0 1 0 29.1 57.5 0 -1 0
0 1 0 29.1 58.5 0 -1 0
0 1 0 29.1 58.5 0 -1 0
0 1 0 29.1 59.0 0 -1 0
0 1 0 29.2 58.0 0 -1 0
0 1 0 29.1 58.0 0 -1 0
0 1 0 29.2 58.0 0 -1 0
0 1 0 29.3 57.5 0 -1 0
0 1 0 29.2 57.5 0 -1 0
0 1 0 29.2 56.5 0 -1 0
0 1 0 29.2 56.0 0 -1 0
0 1 0 29.2 57.5 0 -1 0
0 1 0 29.3 56.5 0 -1 0
0 1 0 29.3 56.5 0 -1 0
0 1 0 29.4 57.5 1 -1 0
0 1 0 29.3 58.5 1 -1 0
0 1 0 29.3 58.0 1 -1 0
0 1 0 29.3 58.5 1 -1 0
0 1 0 29.3 58.0 1 -1 0
0 1 0 29.4 57.5 1 -1 0
0 1 0 29.4 57.0 1 -1 0
0 1 0 29.4 56.5 1 -1 0
0 1 0 29.3 56.0 1 -1 0
0 1 0 29.3 55.5 1 -1 0
0 1 0 29.3 55.5 1 -1 0
0 1 0 29.3 55.5 1 -1 0
0 1 0 29.3 55.0 1 -1 0
0 1 0 29.3 55.0 1 -1 0
0 1 0 29.3 55.0 1 -1 0
0 1 0 29.2 54.5 1 -1 0
0 1 0 29.3 54.5 1 -1 0
0 1 0 29.3 54.0 1 -1 0
0 1 0 29.3 54.0 1 -1 0
0 1 0 29.2 53.5 1 -1 0
0 1 0 29.2 53.5 1 -1 0
0 1 0 29.3 53.5 1 -1 0
0 1 0 29.2 53.0 1 -1 0
0 1 0 29.2 53.0 1 -1 0
0 1 0 29.2 53.0 1 -1 0
0 1 0 29.2 53.0 1 -1 0
0 1 0 29.2 53.0 1 -1 0
0 1 0 29.2 53.0 1 -1 0
0 1 0 29.2 53.0 1 -1 0
0 1 0 29.1 52.5 1 -1 0
0 1 0 29.2 52.5 1 -1 0
0 1 0 29.2 52.5 1 -1 0
0 1 0 29.1 52.5 1 -1 0
0 1 0 29.1 52.5 1 -1 0
0 1 0 29.2 52.5 1 -1 0
0 1 0 29.2 52.5 1 -1 0
0 1 0 29.1 52.0 1 -1 0
0 1 0 29.2 52.0 1 -1 0
0 1 0 29.2 52.0 1 -1 0
0 1 0 29.2 52.0 1 -1 0
0 1 0 29.1 52.5 1 -1 0
0 1 0 29.1 52.0 1 -1 0
0 1 0 29.1 52.0 1 -1 0
0 1 0 29.1 52.0 1 -1 0
0 1 0 29.1 52.0 1 -1 0
0 1 0 29.1 52.0 1 -1 0
0 1 0 29.1 52.0 1 -1 0
0 1 0 29.1 52.0 1 -1 0
0 1 0 29.1 52.0 1 -1 0
0 1 0 29.1 52.0 1 -1 0
0 1 0 29.1 51.5 2 -1 0
0 1 0 29.0 52.0 2 -1 0
0 1 0 29.1 52.0 2 -1 0
0 1 0 29.1 52.0 2 -1 0
0 1 0 29.1 52.0 2 -1 0
0 1 0 29.1 52.0 2 -1 0
0 1 0 29.1 52.0 2 -1 0
0 1 0 29.1 52.0 2 -1 0
0 1 0 29.1 52.0 2 -1 0
0 1 0 29.1 52.0 2 -1 0
0 1 0 29.2 52.0 2 -1 0
0 1 0 29.2 52.0 2 -1 0
0 1 0 29.2 52.0 2 -1 0
0 1 0 29.2 52.0 2 -1 0
0 1 0 29.1 52.0 2 -1 0
0 1 0 29.2 52.0 2 -1 0
0 1 0 29.2 52.0 2 -1 0
0 1 0 29.2 52.5 2 -1 0
0 1 0 29.2 52.0 2 -1 0
0 1 0 29.2 52.0 2 -1 0
0 1 0 29.2 52.5 2 -1 0
0 1 0 29.3 52.5 2 -1 0
0 1 0 29.1 52.5 2 -1 0
0 1 0 29.2 52.5 2 -1 0
0 1 0 29.3 52.5 2 -1 0
0 1 0 29.2 52.5 2 -1 0
0 1 0 29.2 52.5 2 -1 0
0 1 0 29.2 52.5 2 -1 0
0 1 0 29.3 53.0 2 -1 0
0 1 0 29.2 53.0 2 -1 0
0 1 0 29.3 53.0 2 -1 0
0 1 0 29.3 53.0 2 -1 0
0 1 0 29.2 53.0 2 -1 0
0 1 0 29.3 53.0 2 -1 0
0 1 0 29.3 53.0 2 -1 0
0 1 0 29.3 53.0 2 -1 0
0 1 0 29.3 53.0 2 -1 0
0 1 0 29.3 53.0 2 -1 0
0 1 0 29.4 53.5 2 -1 0
0 1 0 29.4 53.5 2 -1 0
0 1 0 29.3 54.0 2 -1 0
0 1 0 29.4 54.0 2 -1 0
0 1 0 29.4 54.0 2 -1 0
0 1 0 29.4 54.0 2 -1 0
0 1 0 29.4 54.5 2 -1 0
0 1 0 29.4 55.5 2 -1 0
0 1 0 29.4 56.0 2 -1 0
0 1 0 29.4 56.5 2 -1 0
0 1 0 29.5 57.0 2 -1 0
0 1 0 29.5 57.0 2 -1 0
0 1 0 29.5 57.5 2 -1 0
0 1 0 29.5 57.5 2 -1 0
0 1 0 29.5 57.5 2 -1 0
0 1 0 29.5 57.5 2 -1 0
0 1 0 29.6 57.5 2 -1 0
0 1 0 29.6 57.5 2 -1 0
0 1 0 29.5 57.0 2 -1 0
0 1 0 29.6 57.5 2 -1 0
0 1 0 29.6 57.5 2 -1 0
0 1 0 29.7 57.0 2 -1 0
0 1 0 29.6 57.5 2 -1 0
0 1 0 29.6 58.0 2 -1 0
0 1 0 29.7 57.5 2 -1 0
0 1 0 29.7 58.0 2 -1 0
0 1 0 29.6 58.0 2 -1 0
0 1 0 29.7 58.0 2 -1 0
0 1 0 29.7 57.5 2 -1 0
0 1 0 29.7 57.5 2 -1 0
0 1 0 29.7 57.5 2 -1 0
0 1 0 29.7 57.5 2 -1 0
0 1 0 29.7 57.5 2 -1 0
0 1 0 29.7 58.0 2 -1 0
0 1 0 29.7 58.0 2 -1 0
0 1 0 29.7 58.5 2 -1 0
0 1 0 29.7 59.0 2 -1 0
0 1 0 29.7 59.5 2 -1 0
0 1 0 29.7 60.0 2 -1 0
0 1 0 29.7 60.0 2 -1 0
0 1 0 29.8 60.0 2 -1 0
0 1 0 29.8 60.0 2 -1 0
0 1 0 29.8 60.0 2 -1 0
0 1 0 29.8 59.5 2 -1 0
0 1 0 29.8 60.0 2 -1 0
0 1 0 29.8 60.0 2 -1 0
0 1 0 29.8 60.0 2 -1 0
0 1 0 29.8 60.5 2 -1 0
0 1 0 29.8 61.0 2 -1 0
0 1 0 29.8 60.5 2 -1 0
0 1 0 29.9 61.0 2 -1 0
0 1 0 29.8 61.0 2 -1 0
0 1 0 29.8 61.0 2 -1 0
0 1 0 29.8 61.0 2 -1 0
0 1 0 29.9 61.5 2 -1 0
0 1 0 29.9 61.5 2 -1 0
0 1 0 29.9 61.5 2 -1 0
0 1 0 29.8 61.5 2 -1 0
0 1 0 29.9 62.0 2 -1 0
0 1 0 29.9 62.0 2 -1 0
0 1 0 29.9 62.0 2 -1 0
0 1 0 29.9 61.5 2 -1 0
0 1 0 29.9 61.5 2 -1 0
0 1 0 29.9 61.5 2 -1 0
0 1 0 29.9 62.0 2 -1 0
0 1 0 30.0 62.0 2 -1 0
0 1 0 29.9 62.0 2 -1 0
0 1 0 29.9 62.5 2 -1 0
0 1 0 29.9 62.5 2 -1 0
0 1 0 29.9 62.5 2 -1 0
0 1 0 30.0 62.0 2 -1 0
0 1 0 30.0 61.5 2 -1 0
0 1 0 30.0 62.0 2 -1 0
0 1 0 30.1 61.5 2 -1 0
0 1 0 30.0 61.5 2 -1 0
0 1 0 30.0 61.0 2 -1 0
0 1 0 30.0 61.0 2 -1 0
0 1 0 29.9 61.0 2 -1 0
0 1 0 30.0 61.0 2 -1 0
0 1 0 30.0 61.0 2 -1 0
0 1 0 30.0 61.0 2 -1 0
0 1 0 30.0 61.0 2 -1 0
0 1 0 30.0 61.0 2 -1 0
0 1 0 30.0 61.0 2 -1 0
0 1 0 30.0 61.5 2 -1 0
0 1 0 30.0 61.0 2 -1 0
0 1 0 30.0 61.5 2 -1 0
0 1 0 30.0 61.5 2 -1 0
0 1 0 29.9 61.5 2 -1 0
0 1 0 30.0 62.0 2 -1 0
0 1 0 30.0 62.0 2 -1 0
0 1 0 30.0 61.5 2 -1 0
0 1 0 30.0 61.5 2 -1 0
0 1 0 30.1 61.5 2 -1 0
0 1 0 30.0 61.5 2 -1 0
0 1 0 30.0 61.5 2 -1 0
0 1 0 30.0 61.5 2 -1 0
0 1 0 30.0 61.5 2 -1 0
0 1 0 30.0 61.0 2 -1 0
0 1 0 30.0 61.0 2 -1 0
0 1 0 30.1 61.0 2 -1 0
0 1 0 30.0 61.0 2 -1 0
0 1 0 30.1 61.0 2 -1 0
0 1 0 30.1 61.0 2 -1 0
0 1 0 30.0 61.5 2 -1 0
0 1 0 30.1 61.0 2 -1 0
0 1 0 30.1 61.0 2 -1 0
