0 1 0 27.5 60.5 1 -1 0
0 1 0 27.4 60.5 1 -1 0
0 1 0 27.4 60.5 1 -1 0
0 1 0 27.4 60.5 1 -1 0
0 1 0 27.4 61.0 1 -1 0
0 1 0 27.4 60.5 1 -1 0
0 1 0 27.4 61.0 1 -1 0
0 1 0 27.5 61.0 1 -1 0
0 1 0 27.4 61.0 1 -1 0
0 1 0 27.4 61.0 0 -1 0
0 1 0 27.4 61.0 0 -1 0
0 1 0 27.4 61.0 1 -1 0
0 1 0 27.4 61.0 1 -1 0
0 1 0 27.5 60.5 1 -1 0
0 1 0 27.4 60.5 1 -1 0
0 1 0 27.5 60.5 1 -1 0
0 1 0 27.4 60.5 1 -1 0
0 1 0 27.5 60.5 1 -1 0
0 1 0 27.5 60.5 1 -1 0
0 1 0 27.5 60.5 1 -1 0
0 1 0 27.5 60.5 1 -1 0
0 1 0 27.5 60.5 1 -1 0
0 1 0 27.5 60.5 1 -1 0
0 1 0 27.5 60.5 1 -1 0
0 1 0 27.5 60.5 1 -1 0
0 1 0 27.6 60.5 1 -1 0
0 1 0 27.5 60.5 1 -1 0
0 1 0 27.6 60.5 1 -1 0
0 1 0 27.5 60.5 1 -1 0
0 1 0 27.5 60.5 1 -1 0
0 1 0 27.5 60.5 1 -1 0
0 1 0 27.6 60.5 1 -1 0
0 1 0 27.6 61.0 1 -1 0
0 1 0 27.6 61.0 1 -1 0
0 1 0 27.5 61.0 1 -1 0
0 1 0 27.6 61.0 1 -1 0
0 1 0 27.5 61.0 1 -1 0
0 1 0 27.6 61.0 1 -1 0
0 1 0 27.6 61.0 1 -1 0
0 1 0 27.6 61.0 1 -1 0
0 1 0 27.6 61.0 1 -1 0
0 1 0 27.6 61.0 1 -1 0
0 1 0 27.6 61.0 1 -1 0
0 1 0 27.6 61.0 1 -1 0
0 1 0 27.6 61.0 1 -1 0
0 1 0 27.6 61.0 1 -1 0
0 1 0 27.6 61.0 1 -1 0
0 1 0 27.6 61.0 1 -1 0
0 1 0 27.6 61.0 1 -1 0
0 1 0 27.6 61.0 1 -1 0
0 1 0 27.6 61.0 1 -1 0
0 1 0 27.6 61.0 1 -1 0
0 1 0 27.6 61.5 1 -1 0
0 1 0 27.6 61.5 1 -1 0
0 1 0 27.6 61.5 1 -1 0
0 1 0 27.6 61.5 1 -1 0
0 1 0 27.6 62.0 1 -1 0
0 1 0 27.6 61.5 1 -1 0
0 1 0 27.7 61.5 1 -1 0
0 1 0 27.6 61.5 1 -1 0
0 1 0 27.7 61.5 1 -1 0
0 1 0 27.7 61.5 1 -1 0
0 1 0 27.7 61.5 1 -1 0
0 1 0 27.6 61.5 1 -1 0
0 1 0 27.6 61.5 1 -1 0
0 1 0 27.7 61.5 1 -1 0
0 1 0 27.6 61.5 1 -1 0
0 1 0 27.7 61.5 1 -1 0
0 1 0 27.6 61.5 1 -1 0
0 1 0 27.7 62.0 1 -1 0
0 1 0 27.7 61.5 1 -1 0
0 1 0 27.7 61.5 1 -1 0
0 1 0 27.7 61.5 1 -1 0
0 1 0 27.7 61.5 1 -1 0
0 1 0 27.7 61.5 1 -1 0
0 1 0 27.6 61.5 0 -1 0
0 1 0 27.7 61.5 1 -1 0
0 1 0 27.7 62.0 1 -1 0
0 1 0 27.7 62.0 1 -1 0
0 1 0 27.7 62.0 1 -1 0
0 1 0 27.7 62.0 1 -1 0
0 1 0 27.7 62.0 1 -1 0
0 1 0 27.7 62.0 1 -1 0
0 1 0 27.7 62.0 1 -1 0
0 1 0 27.7 62.0 1 -1 0
0 1 0 27.7 62.0 1 -1 0
0 1 0 27.8 62.0 1 -1 0
0 1 0 27.8 62.0 1 -1 0
0 1 0 27.7 62.0 1 -1 0
0 1 0 27.8 62.0 1 -1 0
0 1 0 27.7 62.0 1 -1 0
0 1 0 27.7 61.5 1 -1 0
0 1 0 27.7 61.5 1 -1 0
0 1 0 27.8 61.5 1 -1 0
0 1 0 27.7 61.5 1 -1 0
0 1 0 27.8 61.5 1 -1 0
0 1 0 27.7 61.5 1 -1 0
0 1 0 27.8 61.5 1 -1 0
0 1 0 27.7 61.5 1 -1 0
0 1 0 27.8 61.5 1 -1 0
0 1 0 27.8 61.5 1 -1 0
0 1 0 27.8 61.5 1 -1 0
0 1 0 27.8 61.5 1 -1 0
0 1 0 27.7 61.5 1 -1 0
0 1 0 27.8 62.0 1 -1 0
0 1 0 27.8 62.0 1 -1 0
0 1 0 27.7 62.5 1 -1 0
0 1 0 27.8 62.5 1 -1 0
0 1 0 27.8 63.0 1 -1 0
0 1 0 27.8 63.0 1 -1 0
0 1 0 27.8 63.5 1 -1 0
0 1 0 27.7 63.5 1 -1 0
0 1 0 27.8 64.0 1 -1 0
0 1 0 27.8 64.0 1 -1 0
0 1 0 27.8 64.0 1 -1 0
0 1 0 27.8 64.0 1 -1 0
0 1 0 27.8 64.0 1 -1 0
0 1 0 27.8 64.0 1 -1 0
0 1 0 27.8 63.5 1 -1 0
0 1 0 27.8 63.5 1 -1 0
0 1 0 27.8 63.5 1 -1 0
0 1 0 27.8 63.5 1 -1 0
0 1 0 27.8 63.5 1 -1 0
0 1 0 27.8 63.5 1 -1 0
0 1 0 27.9 63.5 1 -1 0
0 1 0 27.8 63.5 1 -1 0
0 1 0 27.8 63.5 1 -1 0
0 1 0 27.9 64.0 1 -1 0
0 1 0 27.8 64.5 1 -1 0
0 1 0 27.9 64.5 1 -1 0
0 1 0 27.9 64.5 1 -1 0
0 1 0 27.8 64.5 1 -1 0
0 1 0 27.9 64.5 0 -1 0
0 1 0 27.9 64.5 1 -1 0
0 1 0 27.9 64.5 1 -1 0
0 1 0 27.9 64.5 1 -1 0
0 1 0 27.8 64.5 1 -1 0
0 1 0 27.9 64.0 1 -1 0
0 1 0 27.9 64.0 1 -1 0
0 1 0 27.9 64.0 1 -1 0
0 1 0 27.9 64.0 1 -1 0
0 1 0 27.9 64.0 1 -1 0
0 1 0 27.9 64.0 1 -1 0
0 1 0 27.9 64.0 1 -1 0
0 1 0 27.9 64.0 1 -1 0
0 1 0 27.9 64.5 1 -1 0
0 1 0 27.9 64.5 1 -1 0
0 1 0 27.9 64.0 1 -1 0
0 1 0 27.9 64.0 1 -1 0
0 1 0 27.8 64.0 1 -1 0
0 1 0 27.9 64.0 1 -1 0
0 1 0 27.9 64.0 1 -1 0
0 1 0 27.9 64.0 1 -1 0
0 1 0 27.8 64.0 1 -1 0
0 1 0 28.0 64.0 1 -1 0
0 1 0 27.9 63.5 1 -1 0
0 1 0 27.9 63.5 1 -1 0
0 1 0 27.9 63.5 1 -1 0
0 1 0 27.8 63.5 1 -1 0
0 1 0 27.8 63.5 1 -1 0
0 1 0 27.9 63.5 1 -1 0
0 1 0 27.9 63.5 1 -1 0
0 1 0 28.0 63.5 1 -1 0
0 1 0 27.9 63.5 1 -1 0
0 1 0 27.9 64.0 1 -1 0
0 1 0 27.9 64.0 1 -1 0
0 1 0 27.9 64.0 1 -1 0
0 1 0 27.9 64.0 1 -1 0
0 1 0 28.0 64.0 1 -1 0
0 1 0 27.9 64.0 1 -1 0
0 1 0 27.8 64.0 1 -1 0
0 1 0 27.9 64.0 1 -1 0
0 1 0 27.9 64.0 1 -1 0
0 1 0 27.9 64.0 1 -1 0
0 1 0 28.0 64.0 1 -1 0
0 1 0 27.9 64.0 1 -1 0
0 1 0 27.9 64.0 1 -1 0
0 1 0 27.9 64.0 1 -1 0
0 1 0 27.9 64.0 1 -1 0
0 1 0 27.9 64.0 1 -1 0
0 1 0 27.9 64.0 1 -1 0
0 1 0 27.9 64.0 1 -1 0
0 1 0 27.9 64.0 1 -1 0
0 1 0 27.9 64.0 1 -1 0
0 1 0 27.9 64.0 1 -1 0
0 1 0 27.9 64.0 1 -1 0
0 1 0 27.9 64.0 1 -1 0
0 1 0 28.0 64.0 1 -1 0
0 1 0 27.9 64.0 1 -1 0
0 1 0 28.0 63.5 1 -1 0
0 1 0 27.9 63.5 1 -1 0
0 1 0 27.9 63.5 1 -1 0
0 1 0 27.9 63.5 1 -1 0
0 1 0 27.9 63.5 1 -1 0
0 1 0 27.9 63.5 1 -1 0
0 1 0 27.9 63.5 1 -1 0
0 1 0 28.0 63.5 1 -1 0
0 1 0 27.9 63.5 1 -1 0
0 1 0 27.9 63.5 1 -1 0
0 1 0 27.9 63.5 1 -1 0
0 1 0 28.0 64.0 1 -1 0
0 1 0 28.0 64.0 1 -1 0
0 1 0 27.9 64.0 1 -1 0
0 1 0 27.9 64.0 1 -1 0
0 1 0 27.9 64.0 1 -1 0
0 1 0 27.9 64.0 1 -1 0
0 1 0 27.9 64.5 1 -1 0
0 1 0 27.9 64.5 1 -1 0
0 1 0 28.0 64.5 1 -1 0
0 1 0 27.9 64.5 1 -1 0
0 1 0 27.9 64.5 1 -1 0
0 1 0 27.9 64.5 1 -1 0
0 1 0 27.9 64.0 1 -1 0
0 1 0 27.9 64.0 1 -1 0
0 1 0 27.9 64.0 1 -1 0
0 1 0 28.0 64.0 1 -1 0
0 1 0 27.9 63.5 1 -1 0
0 1 0 27.9 64.0 1 -1 0
0 1 0 27.9 63.5 1 -1 0
0 1 0 28.0 63.5 1 -1 0
0 1 0 27.9 63.5 1 -1 0
0 1 0 27.9 63.5 1 -1 0
0 1 0 27.9 63.5 1 -1 0
0 1 0 27.9 63.5 0 -1 0
0 1 0 27.9 63.5 1 -1 0
0 1 0 27.9 63.5 1 -1 0
0 1 0 28.0 63.5 1 -1 0
0 1 0 27.9 63.0 1 -1 0
0 1 0 27.9 63.0 0 -1 0
0 1 0 27.9 63.0 1 -1 0
0 1 0 27.9 63.0 1 -1 0
0 1 0 27.9 63.0 1 -1 0
0 1 0 27.8 63.0 1 -1 0
0 1 0 27.9 63.0 1 -1 0
0 1 0 27.9 63.0 0 -1 0
0 1 0 27.9 63.0 1 -1 0
0 1 0 27.9 63.0 1 -1 0
0 1 0 27.9 63.0 1 -1 0
0 1 0 27.9 62.5 1 -1 0
0 1 0 27.9 62.5 1 -1 0
0 1 0 27.9 62.5 1 -1 0
0 1 0 27.8 62.5 1 -1 0
0 1 0 27.9 62.5 1 -1 0
0 1 0 27.9 62.5 1 -1 0
0 1 0 27.9 62.5 0 -1 0
0 1 0 27.9 62.5 1 -1 0
0 1 0 27.9 62.5 1 -1 0
0 1 0 27.9 62.5 1 -1 0
0 1 0 27.9 62.5 1 -1 0
0 1 0 27.9 62.5 0 -1 0
0 1 0 27.9 63.5 1 -1 0
0 1 0 27.9 64.0 0 -1 0
0 1 0 27.9 65.0 1 -1 0
0 1 0 27.9 65.5 1 -1 0
0 1 0 27.9 65.5 1 -1 0
0 1 0 27.9 66.0 1 -1 0
0 1 0 27.9 66.0 1 -1 0
0 1 0 27.9 66.5 1 -1 0
0 1 0 28.0 66.5 1 -1 0
0 1 0 27.9 66.5 0 -1 0
0 1 0 27.9 66.5 1 -1 0
0 1 0 28.0 67.0 0 -1 0
0 1 0 27.9 67.0 1 -1 0
0 1 0 28.0 66.5 0 -1 0
0 1 0 28.0 66.5 0 -1 0
0 1 0 28.0 67.0 0 -1 0
0 1 0 28.0 66.5 1 -1 0
0 1 0 28.0 66.5 1 -1 0
0 1 0 28.0 67.0 1 -1 0
0 1 0 28.0 66.5 1 -1 0
0 1 0 28.0 66.5 0 -1 0
0 1 0 28.0 67.0 1 -1 0
0 1 0 28.0 66.5 0 -1 0
0 1 0 28.0 66.0 0 -1 0
0 1 0 28.0 66.0 1 -1 0
0 1 0 28.0 65.5 1 -1 0
0 1 0 28.0 65.5 1 -1 0
0 1 0 28.0 65.5 0 -1 0
0 1 0 28.0 65.5 1 -1 0
0 1 0 27.9 65.5 1 -1 0
0 1 0 28.0 65.0 1 -1 0
0 1 0 28.0 65.0 1 -1 0
0 1 0 27.9 65.0 1 -1 0
0 1 0 28.0 65.0 1 -1 0
0 1 0 28.0 65.0 1 -1 0
0 1 0 28.0 65.0 0 -1 0
0 1 0 28.0 64.5 0 -1 0
0 1 0 28.0 64.5 1 -1 0
0 1 0 28.0 64.0 1 -1 0
0 1 0 28.0 64.5 0 -1 0
0 1 0 27.9 64.0 0 -1 0
0 1 0 28.0 64.0 0 -1 0
0 1 0 28.0 64.0 0 -1 0
0 1 0 27.9 64.0 0 -1 0
0 1 0 27.9 64.0 0 -1 0
0 1 0 28.0 64.0 0 -1 0
0 1 0 28.0 64.0 0 -1 0
0 1 0 28.0 64.0 0 -1 0
0 1 0 27.9 64.0 0 -1 0
0 1 0 27.9 65.0 0 -1 0
0 1 0 28.0 65.0 0 -1 0
0 1 0 28.0 65.0 0 -1 0
0 1 0 27.9 65.0 0 -1 0
0 1 0 27.9 65.0 0 -1 0
0 1 0 27.9 65.0 0 -1 0
0 1 0 27.9 65.0 0 -1 0
0 1 0 28.0 65.0 0 -1 0
0 1 0 28.0 65.0 0 -1 0
0 1 0 27.9 65.0 0 -1 0
0 1 0 28.0 65.0 0 -1 0
0 1 0 28.0 65.0 0 -1 0
0 1 0 28.0 65.0 0 -1 0
0 1 0 28.0 65.0 0 -1 0
0 1 0 28.0 65.0 0 -1 0
0 1 0 27.9 65.0 0 -1 0
0 1 0 27.9 65.0 0 -1 0
0 1 0 28.0 65.0 0 -1 0
0 1 0 27.9 65.0 0 -1 0
0 1 0 28.0 65.0 0 -1 0
0 1 0 27.9 65.0 0 -1 0
0 1 0 28.0 65.0 0 -1 0
0 1 0 28.0 65.0 0 -1 0
0 1 0 28.0 64.5 0 -1 0
0 1 0 28.0 64.5 0 -1 0
0 1 0 28.0 64.5 0 -1 0
0 1 0 28.0 64.5 0 -1 0
0 1 0 27.9 64.5 0 -1 0
0 1 0 28.0 64.5 0 -1 0
0 1 0 27.9 64.5 0 -1 0
0 1 0 27.9 64.5 0 -1 0
0 1 0 28.0 64.5 0 -1 0
0 1 0 28.0 64.5 0 -1 0
0 1 0 28.0 64.5 2 -1 0
0 1 0 28.0 64.5 2 -1 0
0 1 0 27.9 64.5 2 -1 0
0 1 0 28.1 64.5 2 -1 0
0 1 0 28.0 65.0 2 -1 0
0 1 0 28.0 65.0 2 -1 0
0 1 0 28.0 65.0 0 -1 0
0 1 0 28.0 65.5 0 -1 0
0 1 0 28.0 65.5 0 -1 0
0 1 0 28.1 65.5 0 -1 0
0 1 0 28.0 65.0 0 -1 0
0 1 0 28.0 65.5 0 -1 0
0 1 0 28.0 65.0 0 -1 0
0 1 0 28.1 65.5 0 -1 0
0 1 0 28.0 65.5 2 -1 0
0 1 0 28.0 65.5 2 -1 0
0 1 0 28.1 65.5 2 -1 0
0 1 0 28.0 65.5 2 -1 0
0 1 0 28.1 65.5 2 -1 0
0 1 0 28.1 65.5 2 -1 0
0 1 0 28.1 65.5 2 -1 0
0 1 0 28.1 65.5 2 -1 0
0 1 0 28.1 65.5 3 -1 0
0 1 0 28.1 65.5 1 -1 0
0 1 0 28.0 65.5 1 -1 0
0 1 0 28.1 65.5 1 -1 0
0 1 0 28.1 65.5 1 -1 0
0 1 0 28.1 65.5 2 -1 0
0 1 0 28.1 66.0 2 -1 0
0 1 0 28.0 66.0 2 -1 0
0 1 0 28.1 66.0 1 -1 0
0 1 0 28.1 66.0 2 -1 0
0 1 0 28.1 66.0 4 -1 0
0 1 0 28.1 66.5 3 -1 0
0 1 0 28.1 66.0 5 -1 0
0 1 0 28.2 66.5 5 -1 0
0 1 0 28.1 67.0 7 -1 0
0 1 0 28.2 66.5 5 -1 0
0 1 0 28.1 67.0 3 -1 0
0 1 0 28.1 67.0 4 -1 0
0 1 0 28.2 67.0 2 -1 0
0 1 0 28.2 67.0 4 -1 0
0 1 0 28.2 67.0 2 -1 0
0 1 0 28.2 67.0 2 -1 0
0 1 0 28.1 66.5 1 -1 0
0 1 0 28.2 67.0 1 -1 0
0 1 0 28.2 67.0 1 -1 0
0 1 0 28.2 66.5 1 -1 0
0 1 0 28.2 67.0 2 -1 0
0 1 0 28.2 66.5 2 -1 0
0 1 0 28.2 66.5 2 -1 0
0 1 0 28.2 66.5 2 -1 0
0 1 0 28.2 66.5 4 -1 0
0 1 0 28.2 66.5 2 -1 0
0 1 0 28.2 66.5 2 -1 0
0 1 0 28.2 67.0 4 -1 0
0 1 0 28.3 66.5 3 -1 0
0 1 0 28.2 66.5 5 -1 0
0 1 0 28.2 67.0 5 -1 0
0 1 0 28.3 67.5 7 -1 0
0 1 0 28.2 67.5 7 -1 0
0 1 0 28.3 67.0 7 -1 0
0 1 0 28.2 67.5 7 -1 0
0 1 0 28.3 67.0 7 -1 0
0 1 0 28.3 67.5 7 -1 0
0 1 0 28.3 67.0 7 -1 0
0 1 0 28.2 67.5 7 -1 0
0 1 0 28.3 67.5 7 -1 0
0 1 0 28.3 67.5 7 -1 0
0 1 0 28.3 67.5 7 -1 0
0 1 0 28.3 67.5 7 -1 0
0 1 0 28.2 67.5 7 -1 0
0 1 0 28.2 67.5 7 -1 0
0 1 0 28.3 67.0 7 -1 0
0 1 0 28.3 67.5 5 -1 0
0 1 0 28.4 67.5 5 -1 0
0 1 0 28.3 67.0 5 -1 0
0 1 0 28.3 67.0 5 -1 0
0 1 0 28.3 67.0 3 -1 0
0 1 0 28.3 67.0 4 -1 0
0 1 0 28.3 67.0 4 -1 0
0 1 0 28.4 67.0 4 -1 0
0 1 0 28.4 67.0 4 -1 0
0 1 0 28.3 66.5 4 -1 0
0 1 0 28.4 66.5 4 -1 0
0 1 0 28.3 66.5 3 -1 0
0 1 0 28.3 66.5 3 -1 0
0 1 0 28.3 66.5 5 -1 0
0 1 0 28.4 66.5 7 -1 0
0 1 0 28.3 66.5 3 -1 0
0 1 0 28.4 66.5 5 -1 0
0 1 0 28.4 66.0 5 -1 0
0 1 0 28.3 66.0 5 -1 0
0 1 0 28.4 66.0 5 -1 0
0 1 0 28.4 66.0 5 -1 0
0 1 0 28.3 66.0 5 -1 0
0 1 0 28.4 66.0 5 -1 0
0 1 0 28.3 66.0 5 -1 0
0 1 0 28.5 66.0 7 -1 0
0 1 0 28.4 66.0 7 -1 0
0 1 0 28.4 66.0 7 -1 0
0 1 0 28.4 66.0 5 -1 0
0 1 0 28.4 65.5 7 -1 0
0 1 0 28.4 65.5 9 -1 0
0 1 0 28.4 65.5 9 -1 0
0 1 0 28.4 65.5 9 -1 0
0 1 0 28.4 65.5 9 -1 0
0 1 0 28.4 66.0 9 -1 0
0 1 0 28.4 66.0 9 -1 0
0 1 0 28.4 66.0 9 -1 0
0 1 0 28.4 66.0 9 -1 0
0 1 0 28.4 66.0 5 -1 0
0 1 0 28.4 66.0 7 -1 0
0 1 0 28.4 66.0 7 -1 0
0 1 0 28.4 66.0 5 -1 0
0 1 0 28.4 66.0 5 -1 0
0 1 0 28.4 66.0 7 -1 0
0 1 0 28.4 66.0 7 -1 0
0 1 0 28.4 66.0 7 -1 0
0 1 0 28.4 66.0 7 -1 0
0 1 0 28.5 66.0 7 -1 0
0 1 0 28.4 66.0 5 -1 0
0 1 0 28.4 66.0 5 -1 0
0 1 0 28.4 66.5 5 -1 0
0 1 0 28.5 66.5 7 -1 0
0 1 0 28.4 66.5 5 -1 0
0 1 0 28.5 66.5 7 -1 0
0 1 0 28.5 66.5 7 -1 0
0 1 0 28.4 66.5 9 -1 0
0 1 0 28.5 66.5 5 -1 0
0 1 0 28.5 66.0 7 -1 0
0 1 0 28.5 66.0 9 -1 0
0 1 0 28.5 66.0 9 -1 0
0 1 0 28.4 66.0 9 -1 0
0 1 0 28.5 66.0 8 -1 0
0 1 0 28.4 66.0 8 -1 0
0 1 0 28.5 66.5 10 -1 0
0 1 0 28.6 67.0 12 -1 0
0 1 0 28.5 66.5 12 -1 0
0 1 0 28.6 66.5 14 -1 0
0 1 0 28.5 66.5 14 -1 0
0 1 0 28.4 66.5 16 -1 0
0 1 0 28.5 66.5 15 -1 0
0 1 0 28.5 66.5 17 -1 0
0 1 0 28.6 66.5 17 -1 0
0 1 0 28.5 66.5 19 -1 0
0 1 0 28.6 66.5 19 -1 0
0 1 0 28.6 67.0 19 -1 0
0 1 0 28.6 66.5 17 -1 0
0 1 0 28.6 66.5 16 -1 0
0 1 0 28.6 66.5 14 -1 0
0 1 0 28.5 66.5 14 -1 0
0 1 0 28.5 66.5 12 -1 0
0 1 0 28.5 66.5 16 -1 0
0 1 0 28.6 66.5 14 -1 0
0 1 0 28.6 66.5 14 -1 0
0 1 0 28.5 66.5 14 -1 0
0 1 0 28.5 66.5 12 -1 0
0 1 0 28.6 66.5 12 -1 0
0 1 0 28.5 66.5 12 -1 0
0 1 0 28.5 66.5 12 -1 0
0 1 0 28.5 66.5 12 -1 0
0 1 0 28.6 66.5 14 -1 0
0 1 0 28.5 66.5 14 -1 0
0 1 0 28.5 66.5 12 -1 0
0 1 0 28.5 66.5 14 -1 0
0 1 0 28.5 66.5 14 -1 0
0 1 0 28.5 67.0 14 -1 0
0 1 0 28.5 67.0 12 -1 0
0 1 0 28.5 67.5 10 -1 0
0 1 0 28.5 67.5 11 -1 0
0 1 0 28.5 67.5 11 -1 0
0 1 0 28.5 67.5 10 -1 0
0 1 0 28.5 68.0 10 -1 0
0 1 0 28.4 68.0 10 -1 0
0 1 0 28.4 68.0 10 -1 0
0 1 0 28.5 68.0 10 -1 0
0 1 0 28.5 68.0 12 -1 0
0 1 0 28.4 68.0 12 -1 0
0 1 0 28.5 67.5 12 -1 0
0 1 0 28.5 67.5 10 -1 0
0 1 0 28.4 67.5 12 -1 0
0 1 0 28.5 67.5 14 -1 0
0 1 0 28.4 67.0 12 -1 0
0 1 0 28.5 67.5 14 -1 0
0 1 0 28.5 68.0 12 -1 0
0 1 0 28.5 68.0 14 -1 0
0 1 0 28.5 68.5 15 -1 0
0 1 0 28.5 68.5 15 -1 0
0 1 0 28.4 68.5 15 -1 0
0 1 0 28.4 69.0 17 -1 0
0 1 0 28.4 69.0 17 -1 0
0 1 0 28.4 69.0 17 -1 0
0 1 0 28.4 69.0 17 -1 0
0 1 0 28.5 69.0 19 -1 0
0 1 0 28.5 68.0 17 -1 0
0 1 0 28.5 67.5 21 -1 0
0 1 0 28.4 67.5 21 -1 0
0 1 0 28.4 68.0 22 -1 0
0 1 0 28.4 68.5 24 -1 0
0 1 0 28.4 68.5 28 -1 0
0 1 0 28.5 68.5 31 -1 0
0 1 0 28.4 68.5 31 -1 0
0 1 0 28.4 68.5 31 -1 0
0 1 0 28.4 69.0 36 -1 0
0 1 0 28.4 69.0 38 -1 0
0 1 0 28.4 69.5 36 -1 0
0 1 0 28.5 69.5 38 -1 0
0 1 0 28.4 69.5 34 -1 0
0 1 0 28.5 69.5 38 -1 0
0 1 0 28.5 70.0 38 -1 0
0 1 0 28.5 70.0 38 -1 0
0 1 0 28.5 70.0 36 -1 0
0 1 0 28.6 70.0 40 -1 0
0 1 0 28.5 70.0 37 -1 0
0 1 0 28.4 70.0 40 -1 0
0 1 0 28.4 69.5 37 -1 0
0 1 0 28.5 69.5 39 -1 0
0 1 0 28.5 69.5 37 -1 0
0 1 0 28.4 70.0 36 -1 0
0 1 0 28.5 70.5 38 -1 0
0 1 0 28.5 70.5 38 -1 0
0 1 0 28.5 70.5 40 -1 0
0 1 0 28.5 70.5 39 -1 0
0 1 0 28.5 70.5 39 -1 0
0 1 0 28.6 71.0 41 -1 0
0 1 0 28.5 70.5 41 -1 0
0 1 0 28.5 70.5 39 -1 0
0 1 0 28.5 70.5 40 -1 0
0 1 0 28.6 70.5 40 -1 0
0 1 0 28.5 71.0 38 -1 0
0 1 0 28.5 71.0 38 -1 0
0 1 0 28.6 71.0 39 -1 0
0 1 0 28.5 71.0 39 -1 0
0 1 0 28.5 71.0 39 -1 0
0 1 0 28.6 71.0 41 -1 0
0 1 0 28.6 71.0 43 -1 0
0 1 0 28.6 70.0 43 -1 0
0 1 0 28.5 70.0 41 -1 0
0 1 0 28.5 70.0 41 -1 0
0 1 0 28.5 70.5 43 -1 0
0 1 0 28.5 71.0 43 -1 0
0 1 0 28.4 70.5 46 -1 0
0 1 0 28.5 70.5 46 -1 0
0 1 0 28.4 70.5 44 -1 0
0 1 0 28.5 70.5 46 -1 0
0 1 0 28.5 70.5 43 -1 0
0 1 0 28.4 70.5 43 -1 0
0 1 0 28.4 69.5 45 -1 0
0 1 0 28.4 69.5 48 -1 0
0 1 0 28.4 68.5 46 -1 0
0 1 0 28.4 69.0 46 -1 0
0 1 0 28.3 69.0 41 -1 0
0 1 0 28.4 68.0 45 -1 0
0 1 0 28.4 67.5 41 -1 0
0 1 0 28.2 66.5 43 -1 0
0 1 0 28.2 66.5 41 -1 0
0 1 0 28.2 66.0 43 -1 0
0 1 0 28.2 65.5 41 -1 0
0 1 0 28.2 65.0 39 -1 0
0 1 0 28.1 65.0 43 -1 0
0 1 0 28.0 65.0 48 -1 0
0 1 0 28.1 64.0 58 -1 0
0 1 0 28.1 64.5 51 -1 0
0 1 0 28.0 64.5 49 -1 0
0 1 0 28.0 65.5 43 -1 0
0 1 0 28.0 65.0 46 -1 0
0 1 0 28.0 64.0 46 -1 0
0 1 0 27.9 63.5 53 -1 0
0 1 0 27.9 63.5 53 -1 0
0 1 0 27.9 64.0 46 -1 0
0 1 0 27.9 64.0 41 -1 0
0 1 0 27.8 63.5 39 -1 0
0 1 0 27.9 64.0 43 -1 0
1 1 3 27.8 64.5 45 -1 0
1 1 38 27.8 63.0 43 -1 0
1 1 0 27.7 61.0 44 -1 0
1 1 5 27.6 60.0 46 -1 0
1 1 0 27.5 59.5 41 -1 0
1 1 9 27.4 58.0 41 -1 0
1 1 0 27.3 59.0 39 -1 0
1 1 18 27.2 58.0 42 -1 1
1 1 9 27.2 58.5 46 -1 1
1 1 0 27.2 58.0 46 -1 1
1 1 0 27.1 58.0 46 -1 1
1 1 4 27.1 58.5 46 -1 1
1 1 0 27.0 58.5 42 -1 1
1 1 1 27.0 58.0 44 -1 1
1 1 0 27.0 58.0 46 -1 1
1 1 0 27.0 57.5 46 -1 1
1 1 3 26.9 57.0 43 -1 1
1 1 0 26.9 57.5 41 -1 1
1 1 0 26.8 57.5 39 -1 1
1 1 7 26.8 57.5 38 -1 1
1 1 0 26.8 57.5 38 -1 1
1 1 0 26.8 57.5 36 -1 1
1 1 0 26.8 57.0 32 -1 1
1 1 1 26.7 57.0 33 -1 1
1 1 1 26.7 56.5 29 -1 1
1 1 1 26.7 56.5 29 -1 1
1 1 2 26.7 56.0 25 -1 1
1 1 0 26.7 56.0 27 -1 1
1 1 0 26.6 55.5 27 -1 1
1 1 0 26.6 55.5 29 -1 1
1 1 0 26.6 55.0 29 -1 1
1 1 0 26.5 55.0 29 -1 1
1 1 0 26.5 55.0 25 -1 1
1 1 0 26.5 54.5 28 -1 1
1 1 2 26.5 54.5 26 -1 1
1 1 1 26.5 54.5 26 -1 1
1 1 1 26.5 54.0 26 -1 1
1 1 1 26.4 54.0 26 -1 1
1 1 0 26.4 54.0 25 -1 1
1 1 0 26.3 53.5 29 -1 1
1 1 9 26.3 53.5 33 -1 1
1 1 0 26.2 53.5 36 -1 1
1 1 5 26.2 53.0 37 -1 1
1 1 4 26.2 53.0 43 -1 1
1 1 1 26.2 53.0 44 -1 1
1 1 2 26.2 53.0 46 -1 1
1 1 4 26.1 52.5 49 -1 1
1 1 1 26.2 53.0 51 -1 1
1 1 0 26.2 53.0 51 -1 1
1 1 1 26.2 52.5 53 -1 1
1 1 2 26.1 52.5 48 -1 1
1 1 2 26.1 52.5 48 -1 1
1 1 7 26.1 52.5 43 -1 1
1 1 0 26.0 52.5 41 -1 1
1 1 0 26.0 52.5 41 -1 1
1 1 8 26.1 52.5 39 -1 1
1 1 4 26.0 52.5 39 -1 1
1 1 0 26.0 53.0 39 -1 1
1 1 3 26.0 53.0 42 -1 1
1 1 0 26.1 53.0 39 -1 1
1 1 0 26.0 53.0 41 -1 1
1 1 3 26.0 53.5 36 -1 1
1 1 1 26.1 53.5 36 -1 1
1 1 0 26.0 53.0 34 -1 1
1 1 1 26.1 53.0 34 -1 1
1 1 1 26.0 53.0 36 -1 1
1 1 0 26.1 53.0 36 -1 1
1 1 2 25.9 53.0 37 -1 1
1 1 11 26.0 53.0 41 -1 1
1 1 0 25.9 53.0 41 -1 1
1 1 6 25.9 53.0 44 -1 1
1 1 1 25.9 53.0 48 -1 1
1 1 37 25.9 53.0 51 -1 1
1 1 2 25.9 53.0 51 -1 1
1 1 0 25.9 53.0 56 -1 1
1 1 8 25.9 52.5 59 -1 1
1 1 18 25.9 53.0 52 -1 1
1 1 0 25.8 53.0 55 -1 1
1 1 22 25.8 53.0 56 -1 1
1 1 27 25.7 53.0 58 -1 1
1 1 9 25.7 53.0 57 -1 1
1 1 7 25.7 53.0 55 -1 1
1 1 7 25.7 53.0 56 -1 1
1 1 8 25.7 53.0 53 -1 1
1 1 9 25.7 53.0 49 -1 1
1 1 8 25.7 53.0 50 -1 1
1 1 0 25.7 53.0 48 -1 1
1 1 13 25.7 53.0 44 -1 1
1 1 3 25.7 53.0 41 -1 1
1 1 10 25.7 53.0 39 -1 1
1 1 0 25.7 53.0 38 -1 1
1 1 4 25.7 53.5 36 -1 1
1 1 8 25.7 53.5 32 -1 1
1 1 1 25.7 53.5 34 -1 1
1 1 21 25.7 53.5 32 -1 1
1 1 6 25.7 54.0 36 -1 1
1 1 2 25.6 54.0 36 -1 1
1 1 0 25.7 54.5 36 -1 1
1 1 6 25.7 54.5 34 -1 1
1 1 28 25.7 54.5 34 -1 1
1 1 27 25.7 54.5 32 -1 1
1 1 10 25.8 54.5 32 -1 1
1 1 8 25.8 54.5 29 -1 1
1 1 5 25.7 54.0 31 -1 1
1 1 0 25.8 54.5 29 -1 1
1 1 0 25.8 54.0 27 -1 1
1 1 2 25.7 54.0 29 -1 1
1 1 0 25.8 54.0 31 -1 1
1 1 0 25.7 54.0 29 -1 1
1 1 8 25.8 53.5 32 -1 1
1 1 3 25.7 53.5 36 -1 1
1 1 4 25.8 53.5 38 -1 1
1 1 0 25.7 53.5 39 -1 1
1 1 2 25.8 53.0 39 -1 1
1 1 2 25.8 53.5 39 -1 1
1 1 0 25.8 53.5 37 -1 1
1 1 7 25.8 53.5 38 -1 1
1 1 14 25.8 53.5 36 -1 1
1 1 18 25.8 53.5 34 -1 1
1 1 0 25.9 53.5 32 -1 1
1 1 22 25.8 53.5 32 -1 1
1 1 0 25.8 53.5 29 -1 1
1 1 0 25.8 53.5 29 -1 1
1 1 7 25.8 53.5 27 -1 1
1 1 2 25.9 53.5 29 -1 1
1 1 4 25.8 53.0 27 -1 1
1 1 21 25.8 53.5 29 -1 1
1 1 22 25.9 53.5 27 -1 1
1 1 9 25.9 53.0 25 -1 1
1 1 12 25.8 53.5 26 -1 1
1 1 8 25.9 53.5 26 -1 1
1 1 17 25.9 53.0 22 -1 1
1 1 7 25.8 53.5 24 -1 1
1 1 30 25.8 53.5 22 -1 1
1 1 29 25.8 53.0 20 -1 1
1 1 19 25.8 53.5 20 -1 1
1 1 9 25.7 53.5 22 -1 1
1 1 3 25.7 53.5 22 -1 1
1 1 6 25.9 54.0 26 -1 1
1 1 4 25.8 54.0 24 -1 1
1 1 13 25.8 54.5 24 -1 1
1 1 1 25.9 54.0 28 -1 1
1 1 19 25.9 54.0 29 -1 1
1 1 5 25.9 54.0 29 -1 1
1 1 0 25.9 54.0 29 -1 1
1 1 1 25.8 54.0 31 -1 1
1 1 0 25.9 54.5 29 -1 1
1 1 0 25.9 55.5 31 -1 1
1 1 0 25.9 55.0 31 -1 1
1 1 0 25.9 55.0 29 -1 1
1 1 0 26.0 55.5 31 -1 1
1 1 1 26.0 56.0 31 -1 1
1 1 2 26.0 56.0 31 -1 1
1 1 0 25.9 55.5 31 -1 1
1 1 0 26.0 55.5 29 -1 1
1 1 13 26.0 56.0 29 -1 1
1 1 0 25.9 55.5 29 -1 1
1 1 0 25.9 56.5 29 -1 1
1 1 7 26.0 55.5 29 -1 1
1 1 1 25.9 55.5 29 -1 1
1 1 1 26.0 55.0 29 -1 1
1 1 0 26.0 55.0 31 -1 1
1 1 1 25.9 54.5 31 -1 1
1 1 1 25.8 55.0 31 -1 1
1 1 0 25.9 54.5 31 -1 1
1 1 0 25.9 55.0 29 -1 1
1 1 0 26.0 55.5 29 -1 1
1 1 1 25.9 55.5 29 -1 1
1 1 0 26.1 55.0 29 -1 1
1 1 0 26.0 54.5 29 -1 1
1 1 1 26.0 55.0 29 -1 1
1 1 0 25.9 55.0 29 -1 1
1 1 3 26.0 54.5 29 -1 1
1 1 0 26.0 55.0 27 -1 1
1 1 0 25.9 55.0 27 -1 1
1 1 3 26.0 55.0 27 -1 1
1 1 0 26.0 54.5 27 -1 1
1 1 1 26.0 54.5 27 -1 1
1 1 0 26.0 54.5 31 -1 1
1 1 0 25.9 54.5 31 -1 1
1 1 0 26.0 56.0 31 -1 1
1 1 9 26.0 56.0 31 -1 1
1 1 23 26.1 55.5 31 -1 1
1 1 0 26.0 54.5 27 -1 1
1 1 0 26.0 54.5 31 -1 1
1 1 0 26.0 54.5 29 -1 1
1 1 1 25.9 54.5 29 -1 1
1 1 0 25.9 54.0 31 -1 1
1 1 0 25.8 54.0 31 -1 1
1 1 0 25.9 55.0 29 -1 1
1 1 0 25.9 54.5 32 -1 1
1 1 0 25.9 54.5 32 -1 1
1 1 0 25.8 54.5 34 -1 1
1 1 0 25.9 54.5 34 -1 1
1 1 0 25.9 54.5 32 -1 1
1 1 0 25.8 54.5 32 -1 1
1 1 3 25.9 54.5 32 -1 1
1 1 0 25.8 54.5 32 -1 1
1 1 0 25.8 54.5 34 -1 1
1 1 0 25.9 54.5 34 -1 1
1 1 0 25.8 55.5 36 -1 1
1 1 0 25.8 55.0 34 -1 1
1 1 0 25.8 55.5 36 -1 1
1 1 0 25.9 55.0 34 -1 1
1 1 0 25.9 55.0 36 -1 1
1 1 0 25.8 55.5 34 -1 1
1 1 0 25.8 55.5 34 -1 1
1 1 0 25.9 56.5 36 -1 1
1 1 0 25.9 57.0 35 -1 1
1 1 0 25.9 57.5 38 -1 1
1 1 0 26.0 57.5 38 -1 1
1 1 0 26.0 58.5 35 -1 1
1 1 0 26.1 58.5 39 -1 1
1 1 0 26.1 58.5 41 -1 1
1 1 0 26.1 58.5 39 -1 1
1 1 3 26.2 58.5 39 -1 1
1 1 0 26.2 59.0 39 -1 1
1 1 0 26.2 59.0 39 -1 1
1 1 0 26.2 59.5 39 -1 1
1 1 6 26.2 58.5 37 -1 1
1 1 0 26.2 58.5 37 -1 1
1 1 1 26.2 58.0 39 -1 1
1 1 0 26.2 58.0 39 -1 1
1 1 0 26.2 58.0 39 -1 1
1 1 2 26.2 59.0 39 -1 1
1 1 0 26.3 59.0 41 -1 1
1 1 0 26.3 58.5 41 -1 1
1 1 0 26.2 58.5 37 -1 1
1 1 0 26.2 58.5 37 -1 1
1 1 1 26.2 58.0 39 -1 1
1 1 0 26.2 58.0 39 -1 1
1 1 1 26.3 58.5 37 -1 1
1 1 4 26.4 58.5 37 -1 1
1 1 1 26.4 58.5 37 -1 1
1 1 2 26.4 59.0 39 -1 1
1 1 0 26.3 59.5 37 -1 1
1 1 0 26.3 59.5 37 -1 1
1 1 0 26.4 60.0 34 -1 1
1 1 8 26.4 60.0 36 -1 1
1 1 0 26.5 59.5 36 -1 1
1 1 0 26.5 60.0 34 -1 1
1 1 0 26.5 60.0 34 -1 1
1 1 0 26.5 60.5 34 -1 1
1 1 1 26.5 60.5 34 -1 1
1 1 0 26.5 60.0 34 -1 1
1 1 0 26.5 59.5 34 -1 1
1 1 2 26.5 59.5 34 -1 1
1 1 8 26.5 59.0 32 -1 1
1 1 8 26.4 59.5 32 -1 1
1 1 0 26.4 59.5 32 -1 1
1 1 0 26.3 59.0 32 -1 1
1 1 0 26.4 59.5 32 -1 1
1 1 11 26.3 59.0 32 -1 1
1 1 0 26.4 59.0 32 -1 1
1 1 12 26.4 58.5 29 -1 1
1 1 4 26.4 58.5 29 -1 1
1 1 19 26.4 58.5 29 -1 1
1 1 27 26.4 59.5 33 -1 1
1 1 0 26.4 59.0 32 -1 1
1 1 18 26.4 59.0 29 -1 1
1 1 11 26.5 59.0 29 -1 1
1 1 6 26.4 59.0 31 -1 1
1 1 0 26.4 58.5 31 -1 1
1 1 1 26.3 58.5 31 -1 1
1 1 0 26.3 58.5 29 -1 1
1 1 0 26.4 58.5 27 -1 1
1 1 2 26.3 58.0 31 -1 1
1 1 0 26.3 58.0 29 -1 1
1 1 6 26.3 58.0 29 -1 1
1 1 1 26.3 57.5 27 -1 1
1 1 2 26.3 58.0 27 -1 1
1 1 1 26.3 58.0 27 -1 1
1 1 21 26.2 57.5 27 -1 1
1 1 16 26.2 58.0 27 -1 1
1 1 0 26.3 57.5 27 -1 1
1 1 13 26.2 57.5 29 -1 1
1 1 31 26.3 58.0 29 -1 1
0 1 7 26.3 58.0 29 -1 1
0 1 0 26.3 58.0 29 -1 1
0 1 0 26.4 58.5 29 -1 1
0 1 0 26.5 58.5 29 -1 1
0 1 0 26.5 58.0 29 -1 1
0 1 0 26.5 58.5 31 -1 1
0 1 0 26.6 58.5 31 -1 1
0 1 0 26.6 59.0 31 -1 1
0 1 0 26.7 59.0 31 -1 1
0 1 0 26.7 59.5 31 -1 1
0 1 0 26.7 59.0 29 -1 1
0 1 0 26.8 59.0 29 -1 1
0 1 0 26.7 59.0 31 -1 1
0 1 0 26.7 59.0 31 -1 1
0 1 0 26.8 59.0 31 -1 1
0 1 0 26.8 59.0 31 -1 1
0 1 0 26.8 59.0 31 -1 1
0 1 0 26.9 59.0 31 -1 1
0 1 0 26.9 59.5 31 -1 1
0 1 0 26.9 60.0 31 -1 1
0 1 0 26.9 60.5 31 -1 1
0 1 0 26.9 60.5 29 -1 1
0 1 0 26.9 60.5 29 -1 1
0 1 0 26.9 60.0 29 -1 1
0 1 0 26.9 59.5 27 -1 1
0 1 0 26.9 59.5 29 -1 1
0 1 0 26.9 59.5 29 -1 1
0 1 0 27.0 59.5 27 -1 1
0 1 0 27.0 59.5 27 -1 1
0 1 0 27.0 59.5 25 -1 1
0 1 0 27.0 59.5 25 -1 1
0 1 0 27.0 59.0 25 -1 1
0 1 0 27.0 59.0 28 -1 1
0 1 0 27.0 59.0 28 -1 1
0 1 0 27.0 59.0 26 -1 1
0 1 0 27.0 59.0 26 -1 1
0 1 0 27.1 59.0 26 -1 1
0 1 0 27.0 59.5 26 -1 1
0 1 0 27.0 60.0 26 -1 1
0 1 0 27.0 60.0 26 -1 1
0 1 0 27.1 60.0 28 -1 1
0 1 0 27.0 60.0 28 -1 1
0 1 0 27.1 60.5 25 -1 1
0 1 0 27.1 61.0 25 -1 1
0 1 0 27.2 61.0 27 -1 1
0 1 0 27.1 61.0 27 -1 1
0 1 0 27.2 61.0 27 -1 1
0 1 0 27.2 61.0 29 -1 1
0 1 0 27.2 61.0 29 -1 1
0 1 0 27.2 61.0 29 -1 1
0 1 0 27.2 61.0 29 -1 1
0 1 0 27.2 61.0 29 -1 1
0 1 0 27.2 61.5 29 -1 1
0 1 0 27.2 61.0 29 -1 1
0 1 0 27.3 61.0 29 -1 1
0 1 0 27.3 61.5 29 -1 1
0 1 0 27.3 62.5 29 -1 1
1 1 9 27.3 63.0 27 -1 1
1 1 9 27.3 63.0 27 -1 1
1 1 1 27.2 61.0 29 -1 1
1 1 1 27.2 61.0 29 -1 1
1 1 1 27.2 61.0 29 -1 1
1 1 1 27.2 61.0 29 -1 1
1 1 0 26.9 60.0 29 -1 1
1 1 0 27.0 60.5 29 -1 1
1 1 0 26.9 61.0 29 -1 1
1 1 0 26.9 61.0 29 -1 1
1 1 2 27.0 61.5 29 -1 1
1 1 0 26.9 62.0 29 -1 1
1 1 4 26.9 62.0 29 -1 1
1 1 0 26.9 61.5 29 -1 1
1 1 0 26.9 61.5 29 -1 1
1 1 0 26.9 61.5 29 -1 1
1 1 0 26.8 61.5 29 -1 1
1 1 0 26.9 63.0 29 -1 1
1 1 0 26.9 62.0 29 -1 1
1 1 0 26.9 61.5 29 -1 1
1 1 0 26.9 62.5 29 -1 1
1 1 0 26.9 62.0 29 -1 1
1 1 0 26.9 63.0 29 -1 1
1 1 0 26.9 62.5 29 -1 1
1 1 0 26.8 63.0 29 -1 1
1 1 0 26.9 62.0 29 -1 1
1 1 0 26.9 62.0 31 -1 1
1 1 19 26.9 63.0 33 -1 1
1 1 6 26.8 62.0 33 -1 1
1 1 6 26.8 62.0 33 -1 1
1 1 5 26.9 62.5 33 -1 1
1 1 1 26.9 62.0 33 -1 1
1 1 0 26.8 62.0 33 -1 1
1 1 0 26.8 63.0 29 -1 1
1 1 0 26.9 62.5 29 -1 1
1 1 0 26.9 62.5 29 -1 1
1 1 0 26.8 62.0 29 -1 1
1 1 0 26.8 61.5 29 -1 1
1 1 0 26.7 61.5 29 -1 1
1 1 0 26.7 61.0 29 -1 1
1 1 0 26.7 60.5 29 -1 1
1 1 0 26.7 60.5 33 -1 1
1 1 0 26.7 60.5 33 -1 1
1 1 0 26.6 60.0 33 -1 1
1 1 0 26.6 60.0 33 -1 1
1 1 0 26.7 59.5 31 -1 1
1 1 0 26.6 59.0 31 -1 1
1 1 2 26.6 59.0 29 -1 1
1 1 5 26.5 59.0 31 -1 1
1 1 24 26.5 59.0 31 -1 1
0 1 22 26.5 59.0 24 -1 1
0 1 0 26.5 59.5 16 -1 0
0 1 0 26.5 60.0 16 -1 0
0 1 0 26.6 60.5 16 -1 0
0 1 0 26.6 60.5 16 -1 0
0 1 0 26.7 61.0 16 -1 0
0 1 0 26.7 60.5 14 -1 0
0 1 0 26.8 60.5 14 -1 0
0 1 0 26.8 60.5 14 -1 0
0 1 0 26.8 60.5 14 -1 0
0 1 0 26.9 60.5 16 -1 0
0 1 0 26.9 60.5 16 -1 0
0 1 0 26.9 60.0 16 -1 0
0 1 0 26.9 60.0 16 -1 0
0 1 0 26.9 60.5 16 -1 0
0 1 0 27.0 61.0 16 -1 0
0 1 0 27.0 61.5 16 -1 0
0 1 0 26.9 61.5 16 -1 0
0 1 0 27.0 61.0 16 -1 0
0 1 0 27.0 61.0 16 -1 0
0 1 0 27.0 61.0 16 -1 0
0 1 0 27.0 61.0 16 -1 0
0 1 0 27.0 61.0 16 -1 0
0 1 0 27.0 61.0 16 -1 0
0 1 0 27.1 60.5 16 -1 0
0 1 0 27.0 60.5 16 -1 0
0 1 0 27.1 60.5 14 -1 0
0 1 0 27.1 60.5 14 -1 0
0 1 0 27.1 60.5 14 -1 0
0 1 0 27.1 60.5 14 -1 0
0 1 0 27.1 61.0 14 -1 0
0 1 0 27.1 60.5 12 -1 0
0 1 0 27.1 61.0 12 -1 0
0 1 0 27.1 61.0 12 -1 0
0 1 0 27.2 61.0 16 -1 0
0 1 0 27.1 61.0 16 -1 0
0 1 0 27.2 61.0 16 -1 0
0 1 0 27.1 61.0 12 -1 0
0 1 0 27.2 61.5 12 -1 0
0 1 0 27.1 62.0 12 -1 0
0 1 0 27.2 62.0 12 -1 0
0 1 0 27.2 62.0 16 -1 0
0 1 0 27.2 62.0 13 -1 0
0 1 0 27.2 62.0 13 -1 0
0 1 0 27.3 62.0 16 -1 0
0 1 0 27.2 62.0 16 -1 0
0 1 0 27.2 62.0 16 -1 0
0 1 0 27.3 62.0 16 -1 0
0 1 0 27.2 62.0 16 -1 0
0 1 0 27.2 62.0 16 -1 0
0 1 0 27.3 62.0 16 -1 0
0 1 0 27.2 62.0 16 -1 0
0 1 0 27.3 61.5 14 -1 0
0 1 0 27.3 61.5 18 -1 0
0 1 0 27.3 61.5 13 -1 0
0 1 0 27.3 61.5 13 -1 0
0 1 0 27.2 61.5 13 -1 0
0 1 0 27.2 61.5 16 -1 0
0 1 0 27.2 61.5 16 -1 0
0 1 0 27.2 61.0 13 -1 0
0 1 0 27.2 61.0 13 -1 0
0 1 0 27.2 61.0 11 -1 0
0 1 0 27.2 61.0 13 -1 0
0 1 0 27.2 60.5 11 -1 0
0 1 0 27.2 61.0 13 -1 0
0 1 0 27.2 60.5 13 -1 0
0 1 0 27.2 60.5 13 -1 0
0 1 0 27.2 60.5 11 -1 0
0 1 0 27.2 60.0 11 -1 0
0 1 0 27.3 60.0 15 -1 0
0 1 0 27.3 60.5 13 -1 0
0 1 0 27.2 60.5 13 -1 0
0 1 0 27.2 61.0 13 -1 0
0 1 0 27.2 61.5 11 -1 0
0 1 0 27.2 61.5 11 -1 0
0 1 0 27.3 61.5 11 -1 0
0 1 0 27.3 61.5 11 -1 0
0 1 0 27.3 61.5 9 -1 0
0 1 0 27.3 61.5 9 -1 0
0 1 0 27.2 61.5 9 -1 0
0 1 0 27.2 61.5 13 -1 0
0 1 0 27.3 61.5 11 -1 0
0 1 0 27.2 61.5 11 -1 0
0 1 0 27.3 61.5 11 -1 0
0 1 0 27.2 61.0 11 -1 0
0 1 0 27.3 61.0 9 -1 0
0 1 0 27.3 61.0 9 -1 0
0 1 0 27.2 61.0 9 -1 0
0 1 0 27.3 61.0 9 -1 0
0 1 0 27.2 60.5 9 -1 0
0 1 0 27.3 60.5 9 -1 0
0 1 0 27.3 60.5 7 -1 0
0 1 0 27.2 60.0 7 -1 0
0 1 0 27.2 60.0 7 -1 0
0 1 0 27.2 60.0 11 -1 0
0 1 0 27.2 60.5 11 -1 0
0 1 0 27.2 60.0 11 -1 0
0 1 0 27.2 59.5 9 -1 0
0 1 0 27.2 59.5 9 -1 0
0 1 0 27.1 59.5 9 -1 0
0 1 0 27.2 59.5 9 -1 0
0 1 0 27.2 59.0 9 -1 0
0 1 0 27.1 59.0 9 -1 0
0 1 0 27.1 59.0 9 -1 0
0 1 0 27.1 59.0 6 -1 0
0 1 0 27.1 58.5 6 -1 0
0 1 0 27.1 58.5 6 -1 0
0 1 0 27.1 58.5 6 -1 0
0 1 0 27.2 58.5 6 -1 0
0 1 0 27.1 58.5 6 -1 0
0 1 0 27.1 58.0 6 -1 0
0 1 0 27.1 58.0 6 -1 0
0 1 0 27.1 58.0 4 -1 0
0 1 0 27.1 58.0 4 -1 0
0 1 0 27.1 58.0 8 -1 0
0 1 0 27.1 58.0 8 -1 0
0 1 0 27.1 58.0 8 -1 0
0 1 0 27.1 58.0 8 -1 0
0 1 0 27.1 58.0 6 -1 0
0 1 0 27.1 57.5 6 -1 0
0 1 0 27.1 57.5 6 -1 0
0 1 0 27.1 57.5 6 -1 0
0 1 0 27.1 57.5 6 -1 0
0 1 0 27.0 57.5 6 -1 0
0 1 0 27.1 57.5 6 -1 0
0 1 0 27.1 57.5 4 -1 0
0 1 0 27.1 57.5 4 -1 0
0 1 0 27.0 57.0 4 -1 0
0 1 0 27.1 57.0 4 -1 0
0 1 0 27.0 57.0 4 -1 0
0 1 0 27.0 57.0 4 -1 0
0 1 0 27.0 57.0 4 -1 0
0 1 0 27.0 57.0 4 -1 0
0 1 0 27.0 57.0 2 -1 0
0 1 0 27.0 57.0 2 -1 0
0 1 0 27.0 56.5 2 -1 0
0 1 0 27.0 56.5 6 -1 0
0 1 0 27.0 56.5 6 -1 0
0 1 0 27.0 56.5 6 -1 0
0 1 0 27.0 56.5 6 -1 0
0 1 0 27.0 56.5 6 -1 0
0 1 0 27.0 56.5 4 -1 0
0 1 0 27.0 56.0 4 -1 0
0 1 0 27.0 56.0 4 -1 0
0 1 0 27.0 56.0 4 -1 0
0 1 0 27.0 56.0 4 -1 0
0 1 0 27.0 56.0 4 -1 0
0 1 0 26.9 56.0 4 -1 0
0 1 0 27.0 56.0 4 -1 0
0 1 0 27.0 56.0 4 -1 0
0 1 0 27.0 56.0 4 -1 0
0 1 0 27.0 56.0 4 -1 0
0 1 0 27.0 56.0 4 -1 0
0 1 0 26.9 56.0 4 -1 0
0 1 0 26.9 56.0 4 -1 0
0 1 0 26.9 56.0 4 -1 0
0 1 0 27.0 56.0 4 -1 0
0 1 0 26.9 56.0 4 -1 0
0 1 0 27.0 56.0 4 -1 0
0 1 0 27.0 56.0 4 -1 0
0 1 0 26.9 56.0 4 -1 0
0 1 0 26.9 56.0 4 -1 0
0 1 0 26.9 56.0 4 -1 0
0 1 0 27.0 56.0 4 -1 0
0 1 0 27.0 56.0 4 -1 0
0 1 0 26.9 56.0 4 -1 0
0 1 0 26.9 56.0 4 -1 0
0 1 0 27.0 56.0 4 -1 0
0 1 0 27.0 56.0 4 -1 0
0 1 0 26.9 56.0 4 -1 0
0 1 0 26.9 55.5 4 -1 0
0 1 0 27.0 55.5 4 -1 0
0 1 0 26.9 56.0 4 -1 0
0 1 0 26.9 56.0 4 -1 0
0 1 0 27.0 55.5 4 -1 0
0 1 0 26.9 55.5 4 -1 0
0 1 0 26.9 55.5 4 -1 0
0 1 0 26.9 56.0 4 -1 0
0 1 0 27.0 56.0 4 -1 0
0 1 0 26.9 55.5 4 -1 0
0 1 0 26.9 55.5 4 -1 0
0 1 0 27.0 55.5 4 -1 0
0 1 0 26.9 55.5 4 -1 0
0 1 0 26.9 55.5 4 -1 0
0 1 0 26.9 55.5 4 -1 0
0 1 0 26.9 55.5 4 -1 0
0 1 0 26.9 55.5 4 -1 0
0 1 0 26.9 55.5 4 -1 0
0 1 0 27.0 55.5 4 -1 0
0 1 0 27.0 55.5 4 -1 0
0 1 0 26.9 55.5 4 -1 0
0 1 0 27.0 55.5 4 -1 0
0 1 0 26.9 55.5 4 -1 0
0 1 0 26.9 55.5 4 -1 0
0 1 0 26.9 55.5 4 -1 0
0 1 0 26.9 55.5 4 -1 0
0 1 0 26.9 55.5 4 -1 0
0 1 0 26.9 55.5 4 -1 0
0 1 0 26.9 55.5 4 -1 0
0 1 0 26.9 55.5 4 -1 0
0 1 0 26.8 55.5 4 -1 0
0 1 0 26.8 55.5 4 -1 0
0 1 0 26.9 55.5 4 -1 0
0 1 0 26.9 55.5 4 -1 0
0 1 0 26.9 55.5 4 -1 0
0 1 0 26.9 55.5 4 -1 0
0 1 0 26.9 55.5 4 -1 0
0 1 0 26.9 55.0 4 -1 0
0 1 0 26.9 55.0 4 -1 0
0 1 0 26.9 55.5 4 -1 0
0 1 0 26.9 55.0 4 -1 0
0 1 0 26.9 55.0 4 -1 0
0 1 0 26.9 55.0 4 -1 0
0 1 0 26.9 55.0 4 -1 0
0 1 0 26.9 55.0 4 -1 0
0 1 0 26.9 55.0 4 -1 0
0 1 0 26.9 55.0 4 -1 0
0 1 0 26.9 55.0 4 -1 0
0 1 0 26.8 55.0 4 -1 0
0 1 0 26.9 55.0 4 -1 0
0 1 0 26.9 55.5 4 -1 0
0 1 0 26.9 55.0 4 -1 0
0 1 0 26.9 55.5 4 -1 0
0 1 0 26.9 55.5 4 -1 0
0 1 0 26.9 55.5 4 -1 0
0 1 0 26.9 55.5 4 -1 0
0 1 0 26.9 55.5 4 -1 0
0 1 0 27.0 55.5 4 -1 0
0 1 0 26.9 55.5 4 -1 0
0 1 0 26.9 55.5 4 -1 0
0 1 0 26.9 55.5 4 -1 0
0 1 0 26.9 55.5 4 -1 0
0 1 0 26.9 55.5 4 -1 0
0 1 0 26.9 55.5 4 -1 0
0 1 0 26.9 56.0 4 -1 0
0 1 0 27.0 56.5 4 -1 0
0 1 0 26.9 56.0 4 -1 0
0 1 0 27.0 56.0 4 -1 0
0 1 0 26.9 56.0 4 -1 0
0 1 0 26.9 56.5 4 -1 0
0 1 0 27.0 56.5 2 -1 0
0 1 0 27.0 56.5 2 -1 0
0 1 0 27.0 56.5 2 -1 0
0 1 0 27.0 56.5 2 -1 0
0 1 0 27.0 56.5 2 -1 0
0 1 0 27.0 56.5 2 -1 0
0 1 0 27.0 56.0 2 -1 0
0 1 0 27.0 56.5 2 -1 0
0 1 0 27.0 56.5 2 -1 0
0 1 0 26.9 56.0 2 -1 0
0 1 0 27.0 56.0 2 -1 0
0 1 0 26.9 56.5 2 -1 0
0 1 0 26.9 56.0 2 -1 0
0 1 0 26.9 56.0 2 -1 0
0 1 0 27.0 56.0 2 -1 0
0 1 0 26.9 56.0 2 -1 0
0 1 0 27.0 56.0 2 -1 0
0 1 0 26.9 56.0 2 -1 0
0 1 0 26.9 56.0 2 -1 0
0 1 0 26.9 56.0 2 -1 0
0 1 0 26.9 56.0 2 -1 0
0 1 0 27.0 56.0 2 -1 0
0 1 0 26.9 56.0 2 -1 0
0 1 0 26.9 56.0 2 -1 0
0 1 0 26.9 56.0 2 -1 0
0 1 0 27.0 56.0 2 -1 0
0 1 0 26.9 56.0 2 -1 0
0 1 0 26.9 56.0 2 -1 0
0 1 0 27.0 56.0 2 -1 0
0 1 0 26.9 56.0 2 -1 0
0 1 0 26.9 56.0 2 -1 0
0 1 0 26.9 56.0 2 -1 0
0 1 0 26.9 56.0 2 -1 0
0 1 0 26.9 56.0 2 -1 0
0 1 0 26.9 55.5 2 -1 0
0 1 0 26.9 55.5 2 -1 0
0 1 0 26.9 55.5 2 -1 0
0 1 0 27.0 55.5 2 -1 0
0 1 0 26.9 55.5 2 -1 0
0 1 0 26.9 55.5 2 -1 0
0 1 0 26.9 55.5 2 -1 0
0 1 0 27.0 55.5 2 -1 0
0 1 0 27.0 55.5 2 -1 0
0 1 0 26.9 55.5 2 -1 0
0 1 0 26.9 55.5 2 -1 0
0 1 0 26.9 55.5 2 -1 0
0 1 0 26.9 55.5 2 -1 0
0 1 0 26.9 55.5 2 -1 0
0 1 0 26.9 55.5 2 -1 0
0 1 0 26.9 55.5 2 -1 0
0 1 0 26.9 55.5 2 -1 0
0 1 0 26.9 55.5 2 -1 0
0 1 0 26.9 55.5 2 -1 0
0 1 0 26.9 56.0 2 -1 0
0 1 0 26.9 55.5 2 -1 0
0 1 0 26.9 55.5 2 -1 0
0 1 0 26.9 55.5 2 -1 0
0 1 0 26.9 55.5 2 -1 0
0 1 0 26.8 55.5 2 -1 0
0 1 0 26.9 55.5 2 -1 0
0 1 0 26.9 55.5 2 -1 0
0 1 0 26.8 55.5 2 -1 0
0 1 0 26.9 55.5 2 -1 0
0 1 0 26.9 55.5 2 -1 0
0 1 0 26.9 55.5 2 -1 0
0 1 0 26.9 55.5 2 -1 0
0 1 0 27.0 55.5 2 -1 0
0 1 0 26.9 55.5 2 -1 0
0 1 0 26.9 56.0 2 -1 0
0 1 0 27.0 56.0 2 -1 0
0 1 0 26.9 55.5 2 -1 0
0 1 0 26.9 56.0 2 -1 0
0 1 0 26.9 56.0 2 -1 0
0 1 0 26.9 55.5 2 -1 0
0 1 0 26.9 56.0 2 -1 0
0 1 0 26.9 56.0 2 -1 0
0 1 0 26.9 55.5 2 -1 0
0 1 0 26.9 55.5 2 -1 0
0 1 0 26.9 55.5 2 -1 0
0 1 0 26.9 55.5 2 -1 0
0 1 0 26.9 55.5 2 -1 0
0 1 0 26.9 55.5 2 -1 0
0 1 0 26.9 55.5 2 -1 0
0 1 0 27.0 56.0 2 -1 0
0 1 0 26.9 55.5 2 -1 0
0 1 0 26.9 55.5 2 -1 0
0 1 0 26.9 55.5 2 -1 0
0 1 0 26.9 55.5 2 -1 0
0 1 0 26.9 55.5 2 -1 0
0 1 0 26.9 55.5 2 -1 0
0 1 0 26.9 55.5 2 -1 0
0 1 0 26.9 55.5 2 -1 0
0 1 0 26.8 55.5 2 -1 0
0 1 0 26.9 55.5 2 -1 0
0 1 0 26.9 55.5 2 -1 0
0 1 0 26.9 56.0 2 -1 0
0 1 0 26.9 56.0 2 -1 0
0 1 0 26.9 56.0 2 -1 0
0 1 0 26.9 56.0 2 -1 0
0 1 0 26.9 56.0 2 -1 0
0 1 0 26.9 56.0 2 -1 0
0 1 0 26.9 56.0 2 -1 0
0 1 0 26.8 56.0 2 -1 0
0 1 0 26.9 56.0 2 -1 0
0 1 0 26.9 56.0 2 -1 0
0 1 0 26.9 56.0 2 -1 0
0 1 0 26.9 56.0 2 -1 0
0 1 0 26.9 56.0 2 -1 0
0 1 0 26.9 56.0 2 -1 0
0 1 0 26.9 56.0 2 -1 0
0 1 0 26.9 56.0 2 -1 0
0 1 0 26.8 56.0 2 -1 0
0 1 0 26.9 56.0 2 -1 0
0 1 0 26.9 56.0 2 -1 0
0 1 0 26.9 56.0 2 -1 0
0 1 0 26.9 56.0 2 -1 0
0 1 0 26.9 56.0 2 -1 0
0 1 0 26.9 56.0 2 -1 0
0 1 0 26.9 56.0 2 -1 0
0 1 0 26.9 56.0 2 -1 0
0 1 0 26.9 56.0 2 -1 0
0 1 0 26.9 56.0 2 -1 0
0 1 0 27.0 56.5 2 -1 0
0 1 0 27.0 56.5 2 -1 0
0 1 0 26.9 56.5 2 -1 0
0 1 0 27.0 56.5 2 -1 0
0 1 0 27.0 56.5 2 -1 0
0 1 0 27.0 56.5 2 -1 0
0 1 0 27.0 56.5 2 -1 0
0 1 0 27.0 56.5 2 -1 0
0 1 0 27.0 56.5 2 -1 0
0 1 0 27.0 56.5 2 -1 0
0 1 0 27.0 56.5 2 -1 0
0 1 0 27.0 56.5 2 -1 0
0 1 0 27.0 56.5 2 -1 0
0 1 0 27.1 57.0 2 -1 0
0 1 0 27.0 57.0 2 -1 0
0 1 0 27.1 57.0 2 -1 0
0 1 0 27.1 57.0 2 -1 0
0 1 0 27.1 57.0 2 -1 0
0 1 0 27.1 57.0 2 -1 0
0 1 0 27.1 57.5 2 -1 0
0 1 0 27.1 57.5 2 -1 0
0 1 0 27.1 58.0 2 -1 0
0 1 0 27.1 58.0 2 -1 0
0 1 0 27.1 58.5 2 -1 0
0 1 0 27.2 58.5 2 -1 0
0 1 0 27.1 58.5 2 -1 0
0 1 0 27.2 58.5 2 -1 0
0 1 0 27.1 58.5 2 -1 0
0 1 0 27.2 58.5 2 -1 0
0 1 0 27.2 58.5 2 -1 0
0 1 0 27.2 58.5 2 -1 0
0 1 0 27.2 58.0 2 -1 0
0 1 0 27.2 58.0 2 -1 0
0 1 0 27.2 58.0 2 -1 0
0 1 0 27.3 58.0 2 -1 0
0 1 0 27.2 58.0 2 -1 0
0 1 0 27.3 58.0 2 -1 0
0 1 0 27.3 58.0 2 -1 0
0 1 0 27.3 58.0 2 -1 0
0 1 0 27.3 58.0 2 -1 0
0 1 0 27.2 58.0 2 -1 0
0 1 0 27.3 58.0 2 -1 0
0 1 0 27.3 58.0 2 -1 0
0 1 0 27.3 58.0 2 -1 0
0 1 0 27.3 58.0 2 -1 0
0 1 0 27.3 58.0 2 -1 0
0 1 0 27.3 58.5 2 -1 0
0 1 0 27.3 58.0 2 -1 0
0 1 0 27.3 58.0 2 -1 0
0 1 0 27.3 58.5 2 -1 0
0 1 0 27.4 58.5 2 -1 0
0 1 0 27.3 58.5 2 -1 0
0 1 0 27.4 58.0 2 -1 0
0 1 0 27.3 58.5 2 -1 0
0 1 0 27.4 58.0 2 -1 0
0 1 0 27.3 58.5 2 -1 0
0 1 0 27.3 58.5 2 -1 0
0 1 0 27.4 58.0 2 -1 0
0 1 0 27.4 58.5 2 -1 0
0 1 0 27.4 58.0 2 -1 0
0 1 0 27.4 58.0 2 -1 0
0 1 0 27.4 58.0 2 -1 0
0 1 0 27.4 58.5 2 -1 0
0 1 0 27.4 58.0 2 -1 0
0 1 0 27.4 58.5 0 -1 0
0 1 0 27.4 58.5 2 -1 0
0 1 0 27.5 58.5 2 -1 0
0 1 0 27.5 58.5 2 -1 0
0 1 0 27.5 58.5 2 -1 0
0 1 0 27.4 58.5 2 -1 0
0 1 0 27.5 58.5 2 -1 0
0 1 0 27.4 58.5 2 -1 0
0 1 0 27.5 58.5 2 -1 0
0 1 0 27.5 58.5 2 -1 0
0 1 0 27.5 58.5 2 -1 0
0 1 0 27.4 58.5 2 -1 0
0 1 0 27.5 58.5 2 -1 0
0 1 0 27.5 58.5 2 -1 0
0 1 0 27.5 58.5 2 -1 0
0 1 0 27.5 59.0 2 -1 0
0 1 0 27.5 58.5 2 -1 0
0 1 0 27.6 58.5 2 -1 0
0 1 0 27.5 59.0 2 -1 0
0 1 0 27.5 58.5 2 -1 0
0 1 0 27.5 59.0 2 -1 0
0 1 0 27.6 58.5 2 -1 0
0 1 0 27.5 58.5 2 -1 0
0 1 0 27.5 59.0 2 -1 0
