0 1 0 26.8 53.5 2 -1 0
0 1 0 26.8 53.0 2 -1 0
0 1 0 26.8 53.5 2 -1 0
0 1 0 26.8 53.5 2 -1 0
0 1 0 26.8 53.5 2 -1 0
0 1 0 26.8 53.0 2 -1 0
0 1 0 26.8 53.0 2 -1 0
0 1 0 26.8 53.0 2 -1 0
0 1 0 26.8 53.0 2 -1 0
0 1 0 26.8 53.0 2 -1 0
0 1 0 26.8 53.0 2 -1 0
0 1 0 26.8 53.0 2 -1 0
0 1 0 26.8 53.0 2 -1 0
0 1 0 26.7 53.0 2 -1 0
0 1 0 26.7 53.0 2 -1 0
0 1 0 26.8 53.5 2 -1 0
0 1 0 26.8 53.5 2 -1 0
0 1 0 26.8 53.5 2 -1 0
0 1 0 26.7 53.5 2 -1 0
0 1 0 26.8 54.0 2 -1 0
0 1 0 26.8 54.0 2 -1 0
0 1 0 26.8 54.0 2 -1 0
0 1 0 26.8 53.5 2 -1 0
0 1 0 26.8 53.5 2 -1 0
0 1 0 26.8 53.5 2 -1 0
0 1 0 26.8 53.5 2 -1 0
0 1 0 26.8 53.5 2 -1 0
0 1 0 26.8 53.5 2 -1 0
0 1 0 26.8 53.5 2 -1 0
0 1 0 26.7 53.5 2 -1 0
0 1 0 26.8 53.5 2 -1 0
0 1 0 26.8 53.5 2 -1 0
0 1 0 26.8 53.5 2 -1 0
0 1 0 26.8 53.5 2 -1 0
0 1 0 26.7 53.5 2 -1 0
0 1 0 26.7 53.0 2 -1 0
0 1 0 26.7 53.0 2 -1 0
0 1 0 26.8 53.0 2 -1 0
0 1 0 26.7 53.0 2 -1 0
0 1 0 26.8 53.0 2 -1 0
0 1 0 26.7 53.0 2 -1 0
0 1 0 26.7 53.0 2 -1 0
0 1 0 26.8 53.0 2 -1 0
0 1 0 26.7 53.0 2 -1 0
0 1 0 26.7 53.0 2 -1 0
0 1 0 26.7 53.0 2 -1 0
0 1 0 26.7 53.0 2 -1 0
0 1 0 26.8 53.0 2 -1 0
0 1 0 26.8 53.5 2 -1 0
0 1 0 26.7 54.0 2 -1 0
0 1 0 26.7 55.0 2 -1 0
0 1 0 26.7 56.0 2 -1 0
0 1 0 26.8 57.0 2 -1 0
0 1 0 26.8 58.5 2 -1 0
0 1 0 26.8 59.0 2 -1 0
0 1 0 26.8 59.5 2 -1 0
0 1 0 26.8 60.0 2 -1 0
0 1 0 26.8 59.5 2 -1 0
0 1 0 26.8 59.5 2 -1 0
0 1 0 26.9 59.5 2 -1 0
0 1 0 26.9 58.5 2 -1 0
0 1 0 26.7 58.0 2 -1 0
0 1 0 26.8 57.5 2 -1 0
0 1 0 26.9 57.5 2 -1 0
0 1 0 26.8 57.5 2 -1 0
0 1 0 26.9 57.0 2 -1 0
0 1 0 26.9 56.5 2 -1 0
0 1 0 26.8 56.5 2 -1 0
0 1 0 26.8 56.5 2 -1 0
0 1 0 26.9 56.5 2 -1 0
0 1 0 26.9 56.5 2 -1 0
0 1 0 26.9 56.5 2 -1 0
0 1 0 26.9 56.0 2 -1 0
0 1 0 26.9 56.5 2 -1 0
0 1 0 26.9 56.5 2 -1 0
0 1 0 26.9 56.5 2 -1 0
0 1 0 26.8 56.5 2 -1 0
0 1 0 26.8 56.5 2 -1 0
0 1 0 26.8 56.0 2 -1 0
0 1 0 26.8 56.0 2 -1 0
0 1 0 26.9 55.5 2 -1 0
0 1 0 26.8 55.5 2 -1 0
0 1 0 26.8 55.5 2 -1 0
0 1 0 26.8 55.5 2 -1 0
0 1 0 26.8 55.5 2 -1 0
0 1 0 26.7 55.5 2 -1 0
0 1 0 26.8 55.5 2 -1 0
0 1 0 26.8 55.5 2 -1 0
0 1 0 26.8 55.5 2 -1 0
0 1 0 26.8 55.5 2 -1 0
0 1 0 26.8 55.5 2 -1 0
0 1 0 26.9 55.5 2 -1 0
0 1 0 26.9 55.5 2 -1 0
0 1 0 26.8 56.0 2 -1 0
0 1 0 26.8 56.0 2 -1 0
0 1 0 26.8 56.5 2 -1 0
0 1 0 26.8 56.0 2 -1 0
0 1 0 26.8 56.0 2 -1 0
0 1 0 26.8 56.0 2 -1 0
0 1 0 26.8 56.0 2 -1 0
0 1 0 26.9 57.0 2 -1 0
0 1 0 26.8 57.5 2 -1 0
0 1 0 26.9 58.5 2 -1 0
0 1 0 26.8 59.0 2 -1 0
0 1 0 26.8 59.0 2 -1 0
0 1 0 26.8 59.0 2 -1 0
0 1 0 26.9 59.0 2 -1 0
0 1 0 26.8 59.0 2 -1 0
0 1 0 26.9 59.0 2 -1 0
0 1 0 26.8 59.0 2 -1 0
0 1 0 26.9 58.5 2 -1 0
0 1 0 26.9 58.0 2 -1 0
0 1 0 26.8 57.5 2 -1 0
0 1 0 26.9 57.5 2 -1 0
0 1 0 26.8 57.5 2 -1 0
0 1 0 26.9 57.5 2 -1 0
0 1 0 26.8 57.0 2 -1 0
0 1 0 26.8 57.0 2 -1 0
0 1 0 26.8 57.0 2 -1 0
0 1 0 26.8 57.0 2 -1 0
0 1 0 26.9 57.0 2 -1 0
0 1 0 26.8 57.0 2 -1 0
0 1 0 26.8 56.5 2 -1 0
0 1 0 26.8 56.5 2 -1 0
0 1 0 26.8 56.5 2 -1 0
0 1 0 26.8 56.5 2 -1 0
0 1 0 26.8 56.5 2 -1 0
0 1 0 26.8 56.0 2 -1 0
0 1 0 26.8 56.0 2 -1 0
0 1 0 26.8 56.0 2 -1 0
0 1 0 26.8 56.0 2 -1 0
0 1 0 26.8 56.0 2 -1 0
0 1 0 26.8 56.0 2 -1 0
0 1 0 26.8 55.5 2 -1 0
0 1 0 26.9 55.5 2 -1 0
0 1 0 26.8 55.5 2 -1 0
0 1 0 26.7 55.5 2 -1 0
0 1 0 26.7 56.0 2 -1 0
0 1 0 26.8 55.5 2 -1 0
0 1 0 26.8 55.5 2 -1 0
0 1 0 26.8 55.5 2 -1 0
0 1 0 26.7 55.5 2 -1 0
0 1 0 26.8 55.5 2 -1 0
0 1 0 26.8 55.5 2 -1 0
0 1 0 26.7 55.5 2 -1 0
0 1 0 26.7 55.5 2 -1 0
0 1 0 26.8 55.5 2 -1 0
0 1 0 26.7 55.5 2 -1 0
0 1 0 26.7 55.5 2 -1 0
0 1 0 26.7 55.5 2 -1 0
0 1 0 26.8 55.5 2 -1 0
0 1 0 26.8 55.5 2 -1 0
0 1 0 26.7 56.0 2 -1 0
0 1 0 26.8 56.5 2 -1 0
0 1 0 26.7 57.0 2 -1 0
0 1 0 26.8 57.5 2 -1 0
0 1 0 26.8 58.0 2 -1 0
0 1 0 26.8 58.5 2 -1 0
0 1 0 26.7 59.0 2 -1 0
0 1 0 26.7 58.5 2 -1 0
0 1 0 26.8 58.5 2 -1 0
0 1 0 26.8 58.0 2 -1 0
0 1 0 26.8 58.0 2 -1 0
0 1 0 26.8 58.0 2 -1 0
0 1 0 26.8 57.5 2 -1 0
0 1 0 26.8 57.0 2 -1 0
0 1 0 26.8 57.0 2 -1 0
0 1 0 26.8 56.5 2 -1 0
0 1 0 26.8 56.5 2 -1 0
0 1 0 26.8 56.5 2 -1 0
0 1 0 26.8 56.5 2 -1 0
0 1 0 26.7 56.5 2 -1 0
0 1 0 26.8 56.5 2 -1 0
0 1 0 26.8 57.0 2 -1 0
0 1 0 26.9 56.5 2 -1 0
0 1 0 26.8 56.5 2 -1 0
0 1 0 26.8 56.5 2 -1 0
0 1 0 26.8 56.5 2 -1 0
0 1 0 26.7 56.5 2 -1 0
0 1 0 26.8 56.5 2 -1 0
0 1 0 26.8 56.5 2 -1 0
0 1 0 26.7 56.0 2 -1 0
0 1 0 26.7 56.0 2 -1 0
0 1 0 26.8 56.0 2 -1 0
0 1 0 26.8 56.0 2 -1 0
0 1 0 26.7 56.0 2 -1 0
0 1 0 26.7 56.0 2 -1 0
0 1 0 26.7 56.0 2 -1 0
0 1 0 26.7 56.0 2 -1 0
0 1 0 26.8 56.0 2 -1 0
0 1 0 26.7 56.0 2 -1 0
0 1 0 26.8 55.5 2 -1 0
0 1 0 26.7 55.5 2 -1 0
0 1 0 26.8 55.5 2 -1 0
0 1 0 26.7 55.5 2 -1 0
0 1 0 26.7 55.5 2 -1 0
0 1 0 26.8 55.5 2 -1 0
0 1 0 26.7 55.5 2 -1 0
0 1 0 26.7 55.5 2 -1 0
0 1 0 26.7 55.5 2 -1 0
0 1 0 26.7 55.5 2 -1 0
0 1 0 26.7 55.5 2 -1 0
0 1 0 26.7 55.5 2 -1 0
0 1 0 26.8 55.5 2 -1 0
0 1 0 26.7 55.5 2 -1 0
0 1 0 26.7 55.5 2 -1 0
0 1 0 26.7 55.5 2 -1 0
0 1 0 26.7 55.0 2 -1 0
0 1 0 26.8 55.0 2 -1 0
0 1 0 26.7 55.0 2 -1 0
0 1 0 26.8 55.0 2 -1 0
0 1 0 26.7 55.0 2 -1 0
0 1 0 26.7 55.0 2 -1 0
0 1 0 26.6 55.0 2 -1 0
0 1 0 26.7 55.0 2 -1 0
0 1 0 26.7 55.0 2 -1 0
0 1 0 26.7 55.0 2 -1 0
0 1 0 26.7 55.0 2 -1 0
0 1 0 26.7 55.0 2 -1 0
0 1 0 26.7 55.0 2 -1 0
0 1 0 26.7 55.0 2 -1 0
0 1 0 26.7 54.5 2 -1 0
0 1 0 26.7 54.5 2 -1 0
0 1 0 26.7 54.5 2 -1 0
0 1 0 26.7 55.0 2 -1 0
0 1 0 26.6 55.0 2 -1 0
0 1 0 26.7 55.5 2 -1 0
0 1 0 26.7 57.5 2 -1 0
0 1 0 26.7 58.0 2 -1 0
0 1 0 26.7 58.0 2 -1 0
0 1 0 26.7 58.0 2 -1 0
0 1 0 26.7 57.0 2 -1 0
0 1 0 26.7 56.0 2 -1 0
0 1 0 26.7 56.0 2 -1 0
0 1 0 26.7 56.5 2 -1 0
0 1 0 26.8 56.5 2 -1 0
0 1 0 26.8 56.5 2 -1 0
0 1 0 26.7 56.0 2 -1 0
0 1 0 26.7 56.0 2 -1 0
0 1 0 26.7 56.0 2 -1 0
0 1 0 26.7 56.0 2 -1 0
0 1 0 26.8 56.5 2 -1 0
0 1 0 26.7 56.0 2 -1 0
0 1 0 26.7 56.0 2 -1 0
0 1 0 26.7 56.0 2 -1 0
0 1 0 26.7 56.0 2 -1 0
0 1 0 26.7 56.0 2 -1 0
0 1 0 26.8 56.0 2 -1 0
0 1 0 26.7 56.0 2 -1 0
0 1 0 26.7 55.5 2 -1 0
0 1 0 26.7 55.5 2 -1 0
0 1 0 26.7 55.5 2 -1 0
0 1 0 26.7 55.5 2 -1 0
0 1 0 26.7 55.5 2 -1 0
0 1 0 26.7 56.0 2 -1 0
0 1 0 26.7 57.0 2 -1 0
0 1 0 26.7 58.5 2 -1 0
0 1 0 26.7 59.5 2 -1 0
0 1 0 26.7 59.5 2 -1 0
0 1 0 26.7 60.5 2 -1 0
0 1 0 26.7 60.5 2 -1 0
0 1 0 26.7 60.5 2 -1 0
0 1 0 26.7 61.0 2 -1 0
0 1 0 26.8 61.0 2 -1 0
0 1 0 26.8 60.5 2 -1 0
0 1 0 26.7 60.0 2 -1 0
0 1 0 26.7 60.0 2 -1 0
0 1 0 26.8 59.5 2 -1 0
0 1 0 26.7 59.0 2 -1 0
0 1 0 26.8 59.0 2 -1 0
0 1 0 26.7 59.0 2 -1 0
0 1 0 26.7 59.0 2 -1 0
0 1 0 26.8 59.0 2 -1 0
0 1 0 26.7 58.5 2 -1 0
0 1 0 26.8 58.5 2 -1 0
0 1 0 26.7 58.5 2 -1 0
0 1 0 26.8 58.0 2 -1 0
0 1 0 26.8 58.0 2 -1 0
0 1 0 26.7 57.5 2 -1 0
0 1 0 26.7 57.5 2 -1 0
0 1 0 26.7 57.5 2 -1 0
0 1 0 26.7 58.0 2 -1 0
0 1 0 26.8 57.5 2 -1 0
0 1 0 26.7 58.0 2 -1 0
0 1 0 26.7 57.5 2 -1 0
0 1 0 26.8 57.5 2 -1 0
0 1 0 26.7 57.5 2 -1 0
0 1 0 26.7 57.5 2 -1 0
0 1 0 26.7 57.0 2 -1 0
0 1 0 26.8 57.0 2 -1 0
0 1 0 26.7 57.0 2 -1 0
0 1 0 26.7 57.0 2 -1 0
0 1 0 26.7 57.0 2 -1 0
0 1 0 26.8 57.0 2 -1 0
0 1 0 26.7 57.0 2 -1 0
0 1 0 26.7 57.0 2 -1 0
0 1 0 26.8 57.0 2 -1 0
0 1 0 26.7 56.5 2 -1 0
0 1 0 26.8 56.5 2 -1 0
0 1 0 26.7 56.5 2 -1 0
0 1 0 26.7 56.5 2 -1 0
0 1 0 26.7 56.5 2 -1 0
0 1 0 26.7 56.5 2 -1 0
0 1 0 26.7 56.5 2 -1 0
0 1 0 26.7 56.5 1 -1 0
0 1 0 26.7 56.5 1 -1 0
0 1 0 26.7 56.0 1 -1 0
0 1 0 26.6 56.0 1 -1 0
0 1 0 26.7 56.0 1 -1 0
0 1 0 26.6 56.0 1 -1 0
0 1 0 26.6 56.0 1 -1 0
0 1 0 26.7 56.0 1 -1 0
0 1 0 26.6 56.0 1 -1 0
0 1 0 26.6 56.0 1 -1 0
0 1 0 26.7 56.0 1 -1 0
0 1 0 26.7 56.0 1 -1 0
0 1 0 26.7 56.0 1 -1 0
0 1 0 26.6 56.0 1 -1 0
0 1 0 26.7 56.5 1 -1 0
0 1 0 26.7 56.5 1 -1 0
0 1 0 26.6 56.5 1 -1 0
0 1 0 26.7 57.5 1 -1 0
0 1 0 26.6 58.5 1 -1 0
0 1 0 26.7 59.5 1 -1 0
0 1 0 26.7 59.5 1 -1 0
0 1 0 26.7 59.5 1 -1 0
0 1 0 26.7 59.5 0 -1 0
0 1 0 26.8 59.5 0 -1 0
0 1 0 26.7 59.0 0 -1 0
0 1 0 26.7 58.5 0 -1 0
0 1 0 26.6 58.0 0 -1 0
0 1 0 26.7 58.0 0 -1 0
0 1 0 26.7 58.0 2 -1 0
0 1 0 26.7 57.5 2 -1 0
0 1 0 26.7 57.5 2 -1 0
0 1 0 26.7 57.5 2 -1 0
0 1 0 26.7 57.5 1 -1 0
0 1 0 26.7 57.5 1 -1 0
0 1 0 26.7 57.5 1 -1 0
0 1 0 26.7 57.5 2 -1 0
0 1 0 26.7 57.5 2 -1 0
0 1 0 26.7 57.0 2 -1 0
0 1 0 26.8 57.0 4 -1 0
0 1 0 26.7 57.0 4 -1 0
0 1 0 26.6 57.0 4 -1 0
0 1 0 26.7 57.0 1 -1 0
0 1 0 26.7 57.0 1 -1 0
0 1 0 26.7 57.0 1 -1 0
0 1 0 26.7 57.0 2 -1 0
0 1 0 26.7 57.0 2 -1 0
0 1 0 26.7 57.0 2 -1 0
0 1 0 26.7 57.0 2 -1 0
0 1 0 26.7 57.0 4 -1 0
0 1 0 26.7 57.0 4 -1 0
0 1 0 26.7 57.0 4 -1 0
0 1 0 26.7 57.0 4 -1 0
0 1 0 26.6 57.5 6 -1 0
0 1 0 26.7 58.0 3 -1 0
0 1 0 26.7 58.5 3 -1 0
0 1 0 26.7 58.5 3 -1 0
0 1 0 26.7 59.0 3 -1 0
0 1 0 26.7 59.5 3 -1 0
0 1 0 26.7 59.5 3 -1 0
0 1 0 26.7 60.0 5 -1 0
0 1 0 26.7 59.5 5 -1 0
0 1 0 26.7 59.0 7 -1 0
0 1 0 26.8 58.5 9 -1 0
0 1 0 26.7 58.5 5 -1 0
0 1 0 26.7 58.5 7 -1 0
0 1 0 26.7 58.5 7 -1 0
0 1 0 26.7 58.0 5 -1 0
0 1 0 26.7 58.0 5 -1 0
0 1 0 26.6 58.5 5 -1 0
0 1 0 26.7 58.5 5 -1 0
0 1 0 26.7 58.0 5 -1 0
0 1 0 26.7 58.0 5 -1 0
0 1 0 26.7 58.0 5 -1 0
0 1 0 26.7 57.5 5 -1 0
0 1 0 26.7 57.5 7 -1 0
0 1 0 26.7 57.5 7 -1 0
0 1 0 26.7 57.5 9 -1 0
0 1 0 26.8 58.0 7 -1 0
0 1 0 26.7 58.0 9 -1 0
0 1 0 26.7 58.5 9 -1 0
0 1 0 26.8 58.5 11 -1 0
0 1 0 26.7 58.5 8 -1 0
0 1 0 26.7 58.5 10 -1 0
0 1 0 26.7 58.5 10 -1 0
0 1 0 26.7 59.0 12 -1 0
0 1 0 26.7 59.5 12 -1 0
0 1 0 26.7 60.0 14 -1 0
0 1 0 26.7 60.5 10 -1 0
0 1 0 26.8 60.5 12 -1 0
0 1 0 26.7 60.5 12 -1 0
0 1 0 26.8 60.5 14 -1 0
0 1 0 26.8 60.5 14 -1 0
0 1 0 26.8 60.5 14 -1 0
0 1 0 26.7 60.0 16 -1 0
0 1 0 26.7 60.5 12 -1 0
0 1 0 26.8 60.5 14 -1 0
0 1 0 26.8 60.5 16 -1 0
0 1 0 26.8 60.5 16 -1 0
0 1 0 26.7 60.0 15 -1 0
0 1 0 26.7 60.0 17 -1 0
0 1 0 26.7 60.0 19 -1 0
0 1 0 26.8 60.0 17 -1 0
0 1 0 26.8 60.0 21 -1 0
0 1 0 26.8 59.5 21 -1 0
0 1 0 26.8 59.5 24 -1 0
0 1 0 26.8 59.5 26 -1 0
0 1 0 26.8 59.5 28 -1 0
0 1 0 26.8 59.5 31 -1 0
0 1 0 26.8 60.0 33 -1 0
0 1 0 26.8 60.0 35 -1 0
0 1 0 26.8 61.0 36 -1 0
0 1 0 26.9 61.5 36 -1 0
0 1 0 26.8 62.0 38 -1 0
0 1 0 26.8 62.0 38 -1 0
0 1 0 26.8 62.0 38 -1 0
0 1 0 26.9 62.0 36 -1 0
0 1 0 26.8 62.0 31 -1 0
0 1 0 26.8 62.5 31 -1 0
0 1 0 26.9 62.5 43 -1 0
0 1 0 26.9 63.5 43 -1 0
0 1 0 26.9 64.5 38 -1 0
0 1 0 26.9 64.5 40 -1 0
0 1 0 26.9 65.0 43 -1 0
0 1 0 27.0 65.5 48 -1 0
0 1 0 27.0 65.0 41 -1 0
0 1 0 27.0 64.5 43 -1 0
0 1 0 26.9 64.0 40 -1 0
0 1 0 27.0 63.5 45 -1 0
0 1 0 27.0 63.5 49 -1 0
0 1 0 27.0 63.5 50 -1 0
0 1 0 27.0 63.0 47 -1 0
0 1 0 27.0 63.0 43 -1 0
0 1 0 27.0 63.0 48 -1 0
0 1 0 27.0 63.0 50 -1 0
0 1 0 27.1 63.0 46 -1 0
0 1 0 27.0 63.0 43 -1 0
0 1 0 27.1 62.5 48 -1 0
0 1 0 27.0 62.5 46 -1 0
0 1 0 27.0 62.0 46 -1 0
0 1 0 27.1 62.0 45 -1 0
0 1 0 27.1 62.5 48 -1 0
0 1 0 27.0 62.5 56 -1 0
0 1 0 27.1 62.5 70 -1 0
0 1 0 27.1 62.5 70 -1 0
0 1 0 27.0 62.5 63 -1 0
0 1 0 27.1 63.0 50 -1 0
0 1 0 27.1 64.0 36 -1 0
0 1 0 27.1 65.0 33 -1 0
0 1 0 27.1 66.0 31 -1 0
0 1 0 27.2 66.5 26 -1 0
0 1 0 27.2 66.5 26 -1 0
0 1 0 27.2 66.0 26 -1 0
0 1 0 27.2 66.5 24 -1 0
0 1 0 27.3 66.5 21 -1 0
0 1 0 27.3 66.5 19 -1 0
0 1 0 27.2 66.5 17 -1 0
0 1 0 27.2 66.0 17 -1 0
0 1 0 27.2 66.0 15 -1 0
0 1 0 27.2 65.5 16 -1 0
0 1 0 27.3 65.5 14 -1 0
0 1 0 27.3 65.5 14 -1 0
0 1 0 27.2 65.5 14 -1 0
0 1 0 27.2 66.5 14 -1 0
0 1 0 27.3 67.5 16 -1 0
0 1 0 27.3 67.5 15 -1 0
0 1 0 27.3 66.5 15 -1 0
0 1 0 27.3 65.5 19 -1 0
0 1 0 27.3 66.0 19 -1 0
0 1 0 27.3 66.0 21 -1 0
0 1 0 27.3 67.0 24 -1 0
0 1 0 27.3 66.5 26 -1 0
0 1 0 27.3 65.0 29 -1 0
0 1 0 27.3 65.0 35 -1 0
0 1 0 27.3 65.0 38 -1 0
0 1 0 27.3 65.0 31 -1 0
0 1 0 27.3 65.0 26 -1 0
0 1 0 27.3 64.0 26 -1 0
0 1 0 27.3 64.5 24 -1 0
0 1 0 27.4 65.5 31 -1 0
0 1 0 27.4 66.0 31 -1 0
0 1 0 27.4 66.0 34 -1 0
0 1 0 27.4 66.0 34 -1 0
0 1 0 27.3 66.5 34 -1 0
0 1 0 27.4 67.5 33 -1 0
0 1 0 27.4 67.5 35 -1 0
0 1 0 27.4 68.0 34 -1 0
0 1 0 27.5 68.0 36 -1 0
0 1 0 27.4 68.5 37 -1 0
0 1 0 27.4 68.5 38 -1 0
0 1 0 27.5 69.0 37 -1 0
0 1 0 27.4 69.0 36 -1 0
0 1 0 27.4 69.5 34 -1 0
0 1 0 27.5 70.0 36 -1 0
0 1 0 27.5 69.5 40 -1 0
0 1 0 27.5 69.5 38 -1 0
0 1 0 27.5 69.5 37 -1 0
0 1 0 27.5 69.5 41 -1 0
0 1 0 27.5 69.5 41 -1 0
0 1 0 27.6 69.0 43 -1 0
0 1 0 27.5 69.5 40 -1 0
0 1 0 27.5 70.0 37 -1 0
0 1 0 27.5 69.5 46 -1 0
0 1 0 27.6 70.0 63 -1 0
0 1 0 27.6 70.0 55 -1 0
0 1 0 27.5 70.0 43 -1 0
0 1 0 27.7 70.0 43 -1 0
0 1 0 27.7 70.5 45 -1 0
0 1 0 27.7 70.5 46 -1 0
0 1 0 27.6 70.5 43 -1 0
0 1 0 27.6 70.5 47 -1 0
0 1 0 27.6 70.5 45 -1 0
0 1 0 27.7 70.5 43 -1 0
0 1 0 27.6 70.5 38 -1 0
0 1 0 27.6 70.5 38 -1 0
0 1 0 27.7 70.0 34 -1 0
0 1 0 27.7 70.5 36 -1 0
0 1 0 27.7 70.5 34 -1 0
0 1 0 27.7 70.5 32 -1 0
0 1 0 27.7 70.5 29 -1 0
0 1 0 27.7 71.0 25 -1 0
0 1 0 27.7 71.0 26 -1 0
0 1 0 27.7 71.0 28 -1 0
0 1 0 27.7 71.0 26 -1 0
0 1 0 27.8 71.0 22 -1 0
0 1 0 27.7 71.5 26 -1 0
0 1 0 27.8 71.0 22 -1 0
0 1 0 27.7 71.5 21 -1 0
0 1 0 27.7 71.5 19 -1 0
0 1 0 27.8 71.5 21 -1 0
0 1 0 27.7 71.5 28 -1 0
0 1 0 27.8 71.5 31 -1 0
0 1 0 27.7 71.0 34 -1 0
0 1 0 27.8 71.5 36 -1 0
0 1 0 27.8 71.5 37 -1 0
0 1 0 27.8 71.5 41 -1 0
0 1 0 27.8 71.5 46 -1 0
0 1 0 27.8 71.5 48 -1 0
0 1 0 27.8 71.5 48 -1 0
0 1 0 27.8 71.5 53 -1 0
0 1 0 27.8 71.5 53 -1 0
0 1 0 27.8 71.5 58 -1 0
0 1 0 27.9 71.5 60 -1 0
0 1 0 27.8 71.0 51 -1 0
0 1 0 27.8 70.5 53 -1 0
0 1 0 27.8 70.0 59 -1 0
0 1 0 27.9 70.0 56 -1 0
0 1 0 27.8 70.5 48 -1 0
0 1 0 27.8 69.5 54 -1 0
0 1 0 27.8 69.0 46 -1 0
0 1 0 27.8 68.5 46 -1 0
0 1 0 27.8 68.5 41 -1 0
0 1 0 27.8 68.5 46 -1 0
0 1 0 27.8 68.0 37 -1 0
0 1 0 27.8 68.0 38 -1 0
0 1 0 27.8 69.0 38 -1 0
0 1 0 27.8 68.5 39 -1 0
0 1 0 27.7 68.0 41 -1 0
0 1 0 27.8 68.5 41 -1 0
0 1 0 27.7 67.5 43 -1 0
0 1 0 27.7 68.0 46 -1 0
0 1 0 27.7 68.0 47 -1 0
0 1 0 27.7 68.0 43 -1 0
0 1 0 27.7 67.0 43 -1 0
0 1 0 27.7 66.0 39 -1 0
0 1 0 27.7 68.0 45 -1 0
0 1 0 27.7 68.0 51 -1 0
0 1 0 27.8 68.5 48 -1 0
0 1 0 27.7 68.5 41 -1 0
0 1 0 27.8 68.5 43 -1 0
0 1 0 27.8 67.5 43 -1 0
0 1 0 27.7 66.0 39 -1 0
0 1 0 27.7 66.0 43 -1 0
0 1 0 27.6 65.5 43 -1 0
0 1 0 27.6 64.5 43 -1 0
0 1 0 27.6 64.0 40 -1 0
0 1 0 27.5 64.0 36 -1 0
0 1 0 27.5 65.0 41 -1 0
0 1 0 27.4 65.5 45 -1 0
0 1 0 27.5 67.0 41 -1 0
0 1 0 27.5 67.5 45 -1 0
0 1 0 27.6 67.5 43 -1 0
0 1 0 27.5 68.0 47 -1 0
0 1 0 27.5 68.0 50 -1 0
0 1 0 27.5 68.0 53 -1 0
0 1 0 27.5 67.0 56 -1 0
0 1 0 27.5 65.5 61 -1 0
0 1 0 27.5 65.0 58 -1 0
0 1 0 27.4 64.5 58 -1 0
0 1 0 27.4 64.0 54 -1 0
0 1 0 27.3 64.5 51 -1 0
0 1 0 27.4 66.5 64 -1 0
0 1 0 27.4 67.5 62 -1 0
0 1 0 27.4 68.0 46 -1 0
0 1 0 27.4 68.0 46 -1 0
0 1 0 27.4 68.0 41 -1 0
0 1 0 27.4 68.5 38 -1 0
0 1 0 27.4 68.5 31 -1 0
0 1 0 27.4 68.5 24 -1 0
0 1 0 27.4 68.0 24 -1 0
0 1 0 27.4 67.5 22 -1 0
0 1 0 27.3 69.0 24 -1 0
0 1 0 27.4 68.5 28 -1 0
0 1 0 27.3 66.5 29 -1 0
0 1 0 27.3 65.5 33 -1 0
0 1 0 27.3 65.5 38 -1 0
0 1 0 27.2 65.0 37 -1 0
0 1 0 27.2 65.0 39 -1 0
0 1 0 27.1 64.0 39 -1 0
0 1 0 27.1 63.5 39 -1 0
0 1 0 27.1 63.5 39 -1 0
0 1 0 27.1 63.0 41 -1 0
0 1 0 27.1 63.5 44 -1 0
0 1 0 27.1 63.0 50 -1 0
0 1 0 27.0 63.0 46 -1 0
0 1 0 26.9 63.0 44 -1 0
0 1 0 27.0 65.0 42 -1 0
0 1 0 27.0 66.0 48 -1 0
0 1 0 27.0 66.5 54 -1 0
0 1 0 27.0 66.0 51 -1 0
0 1 0 27.0 64.5 48 -1 0
0 1 0 27.0 64.5 44 -1 0
0 1 0 27.1 65.0 46 -1 0
0 1 0 27.0 65.0 46 -1 0
0 1 0 27.0 64.0 44 -1 0
0 1 0 27.0 63.5 46 -1 0
0 1 0 26.9 63.5 54 -1 0
0 1 0 27.0 63.0 49 -1 0
0 1 0 27.0 62.5 48 -1 0
0 1 0 26.9 62.0 44 -1 0
0 1 0 26.9 62.0 46 -1 0
0 1 0 26.9 62.0 47 -1 0
0 1 0 26.8 62.0 48 -1 0
0 1 0 26.9 64.0 50 -1 0
0 1 0 26.9 65.0 49 -1 0
0 1 0 27.0 66.0 48 -1 0
0 1 0 26.9 67.0 50 -1 0
0 1 0 26.9 67.0 49 -1 0
0 1 0 27.0 67.5 50 -1 0
0 1 0 27.0 67.5 49 -1 0
0 1 0 27.0 67.0 49 -1 0
0 1 0 27.1 68.0 52 -1 0
0 1 0 27.0 68.5 52 -1 0
0 1 0 27.1 68.5 54 -1 0
0 1 0 27.1 69.0 54 -1 0
0 1 0 27.1 69.0 48 -1 0
0 1 0 27.2 69.0 43 -1 0
0 1 0 27.1 69.0 39 -1 0
0 1 0 27.2 68.5 45 -1 0
0 1 0 27.1 68.5 52 -1 0
0 1 0 27.2 69.5 46 -1 0
0 1 0 27.2 70.0 46 -1 0
0 1 0 27.3 70.0 48 -1 0
0 1 0 27.3 69.5 44 -1 0
0 1 0 27.3 69.0 42 -1 0
0 1 0 27.3 68.0 46 -1 0
0 1 0 27.2 67.5 42 -1 0
0 1 0 27.2 67.0 46 -1 0
0 1 0 27.3 68.0 43 -1 0
0 1 0 27.3 68.5 39 -1 0
0 1 0 27.2 68.5 39 -1 0
0 1 0 27.2 68.5 39 -1 0
0 1 0 27.3 69.0 42 -1 0
0 1 0 27.3 70.0 44 -1 0
0 1 0 27.3 70.5 43 -1 0
0 1 0 27.4 71.0 37 -1 0
0 1 0 27.4 71.0 37 -1 0
0 1 0 27.5 71.5 37 -1 0
0 1 0 27.5 71.5 34 -1 0
0 1 0 27.5 72.0 34 -1 0
0 1 0 27.6 71.5 34 -1 0
0 1 0 27.6 70.5 34 -1 0
0 1 0 27.5 70.0 32 -1 0
0 1 0 27.5 69.0 32 -1 0
0 1 0 27.5 68.5 37 -1 0
0 1 0 27.5 69.0 39 -1 0
0 1 0 27.5 69.0 37 -1 0
0 1 0 27.5 69.5 39 -1 0
0 1 0 27.4 69.0 41 -1 0
0 1 0 27.4 68.5 41 -1 0
0 1 0 27.4 67.5 46 -1 0
0 1 0 27.4 67.5 48 -1 0
0 1 0 27.4 68.0 48 -1 0
0 1 0 27.4 68.0 47 -1 0
0 1 0 27.4 68.0 49 -1 0
0 1 0 27.4 69.0 54 -1 0
0 1 0 27.4 69.0 52 -1 0
0 1 0 27.4 69.0 52 -1 0
0 1 0 27.4 68.0 49 -1 0
0 1 0 27.4 67.0 46 -1 0
0 1 0 27.3 67.0 43 -1 0
0 1 0 27.4 67.5 41 -1 0
0 1 0 27.4 67.5 36 -1 0
0 1 0 27.4 68.0 42 -1 0
0 1 0 27.4 68.5 43 -1 0
0 1 0 27.5 70.0 41 -1 0
0 1 0 27.5 69.0 41 -1 0
0 1 0 27.5 69.0 37 -1 0
0 1 0 27.5 69.0 38 -1 0
0 1 0 27.5 69.5 34 -1 0
0 1 0 27.5 69.5 36 -1 0
0 1 0 27.5 70.0 34 -1 0
0 1 0 27.5 70.0 32 -1 0
0 1 0 27.5 70.0 32 -1 0
0 1 0 27.5 70.0 31 -1 0
0 1 0 27.6 70.0 27 -1 0
0 1 0 27.6 70.5 29 -1 0
0 1 0 27.6 71.0 31 -1 0
0 1 0 27.6 71.0 29 -1 0
0 1 0 27.7 70.5 31 -1 0
0 1 0 27.6 70.0 32 -1 0
0 1 0 27.7 70.5 32 -1 0
0 1 0 27.6 70.5 34 -1 0
0 1 0 27.6 70.0 34 -1 0
0 1 0 27.6 69.0 34 -1 0
0 1 0 27.6 69.5 34 -1 0
0 1 0 27.6 69.5 30 -1 0
0 1 0 27.6 68.5 32 -1 0
0 1 0 27.6 69.5 35 -1 0
0 1 0 27.6 69.5 39 -1 0
0 1 0 27.6 69.5 37 -1 0
0 1 0 27.6 70.0 40 -1 0
0 1 0 27.7 70.0 40 -1 0
0 1 0 27.6 70.5 40 -1 0
0 1 0 27.7 71.0 42 -1 0
0 1 0 27.7 70.5 42 -1 0
0 1 0 27.7 70.5 37 -1 0
0 1 0 27.7 70.5 37 -1 0
0 1 0 27.7 70.5 39 -1 0
0 1 0 27.7 70.5 41 -1 0
0 1 0 27.7 70.5 39 -1 0
0 1 0 27.7 71.0 39 -1 0
0 1 0 27.8 71.5 38 -1 0
0 1 0 27.9 71.5 32 -1 0
0 1 0 27.8 71.0 34 -1 0
0 1 0 27.8 71.0 36 -1 0
0 1 0 27.9 71.5 37 -1 0
0 1 0 27.8 71.5 38 -1 0
0 1 0 27.9 71.5 39 -1 0
0 1 0 27.9 71.5 42 -1 0
0 1 0 27.9 72.0 42 -1 0
0 1 0 28.0 73.0 42 -1 0
0 1 0 28.1 72.5 42 -1 0
0 1 0 28.1 73.0 39 -1 0
0 1 0 28.1 73.0 41 -1 0
0 1 0 28.2 73.0 39 -1 0
0 1 0 28.2 72.5 39 -1 0
0 1 0 28.2 72.5 37 -1 0
0 1 0 28.3 72.5 34 -1 0
0 1 0 28.2 73.0 36 -1 0
0 1 0 28.3 73.0 32 -1 0
0 1 0 28.2 73.0 32 -1 0
0 1 0 28.3 72.5 31 -1 0
0 1 0 28.3 72.5 31 -1 0
0 1 0 28.3 73.0 29 -1 0
0 1 0 28.3 73.0 29 -1 0
0 1 0 28.4 73.0 29 -1 0
0 1 0 28.3 72.5 29 -1 0
0 1 0 28.3 72.5 27 -1 0
0 1 0 28.3 71.5 27 -1 0
0 1 0 28.3 71.0 26 -1 0
0 1 0 28.2 71.5 22 -1 0
0 1 0 28.2 71.0 22 -1 0
0 1 0 28.2 71.5 26 -1 0
0 1 0 28.2 71.5 31 -1 0
0 1 0 28.2 71.5 36 -1 0
0 1 0 28.2 71.5 38 -1 0
0 1 0 28.3 71.5 37 -1 0
0 1 0 28.3 72.0 41 -1 0
0 1 0 28.4 72.0 43 -1 0
0 1 0 28.4 72.0 39 -1 0
0 1 0 28.4 71.5 37 -1 0
0 1 0 28.4 71.5 37 -1 0
0 1 0 28.3 71.5 39 -1 0
0 1 0 28.3 71.0 34 -1 0
0 1 0 28.2 70.5 33 -1 0
0 1 0 28.2 70.5 31 -1 0
0 1 0 28.3 70.5 31 -1 0
0 1 0 28.2 70.5 35 -1 0
0 1 0 28.2 70.0 33 -1 0
0 1 0 28.2 69.5 34 -1 0
0 1 0 28.1 69.5 30 -1 0
0 1 0 28.1 69.5 32 -1 0
0 1 0 28.2 69.5 30 -1 0
0 1 0 28.2 70.0 29 -1 0
0 1 0 28.2 70.5 33 -1 0
0 1 0 28.3 70.5 31 -1 0
0 1 0 28.3 71.0 31 -1 0
0 1 0 28.3 71.0 29 -1 0
0 1 0 28.4 71.5 29 -1 0
0 1 0 28.4 71.5 29 -1 0
0 1 0 28.4 71.5 27 -1 0
0 1 0 28.4 71.5 31 -1 0
0 1 0 28.4 71.5 34 -1 0
0 1 0 28.4 71.0 36 -1 0
0 1 0 28.3 70.5 35 -1 0
0 1 0 28.4 70.0 37 -1 0
0 1 0 28.3 70.0 39 -1 0
0 1 0 28.3 70.0 40 -1 0
0 1 0 28.3 70.0 34 -1 0
0 1 0 28.2 70.0 32 -1 0
0 1 0 28.3 69.5 29 -1 0
0 1 0 28.3 69.5 29 -1 0
0 1 0 28.2 69.0 27 -1 0
0 1 0 28.3 68.5 31 -1 0
0 1 0 28.2 68.0 26 -1 0
0 1 0 28.1 68.0 24 -1 0
0 1 0 28.1 68.0 22 -1 0
0 1 0 28.1 68.0 21 -1 0
0 1 0 28.1 68.5 19 -1 0
0 1 0 28.2 69.0 19 -1 0
0 1 0 28.1 69.5 21 -1 0
0 1 0 28.2 69.5 22 -1 0
0 1 0 28.2 69.5 22 -1 0
0 1 0 28.1 70.0 28 -1 0
0 1 0 28.2 70.5 28 -1 0
0 1 0 28.2 71.0 29 -1 0
0 1 0 28.3 71.0 27 -1 0
0 1 0 28.3 71.0 27 -1 0
0 1 0 28.2 71.0 28 -1 0
0 1 0 28.3 71.0 28 -1 0
0 1 0 28.3 71.0 27 -1 0
0 1 0 28.3 71.0 31 -1 0
0 1 0 28.3 71.0 29 -1 0
0 1 0 28.3 71.0 29 -1 0
0 1 0 28.3 71.0 27 -1 0
0 1 0 28.3 70.5 27 -1 0
0 1 0 28.3 70.5 27 -1 0
0 1 0 28.2 70.5 27 -1 0
0 1 0 28.3 70.5 27 -1 0
0 1 0 28.3 70.5 29 -1 0
0 1 0 28.3 70.5 29 -1 0
0 1 0 28.3 70.5 30 -1 0
0 1 0 28.4 70.5 36 -1 0
0 1 0 28.2 70.0 38 -1 0
0 1 0 28.3 70.5 37 -1 0
0 1 0 28.3 70.5 37 -1 0
0 1 0 28.3 70.5 39 -1 0
0 1 0 28.3 70.5 42 -1 0
0 1 0 28.2 70.0 39 -1 0
0 1 0 28.2 70.0 39 -1 0
0 1 0 28.2 70.5 37 -1 0
0 1 0 28.2 70.5 36 -1 0
0 1 0 28.3 70.5 32 -1 0
0 1 0 28.3 70.5 31 -1 0
0 1 0 28.3 71.0 29 -1 0
0 1 0 28.3 71.0 26 -1 0
0 1 0 28.3 71.0 26 -1 0
0 1 0 28.3 71.5 24 -1 0
0 1 0 28.4 70.5 24 -1 0
0 1 0 28.3 70.0 24 -1 0
0 1 0 28.3 69.0 19 -1 0
0 1 0 28.2 68.0 21 -1 0
0 1 0 28.1 68.0 19 -1 0
0 1 0 28.2 67.5 17 -1 0
0 1 0 28.1 67.5 21 -1 0
0 1 0 28.0 67.5 21 -1 0
0 1 0 28.1 68.0 19 -1 0
0 1 0 28.0 68.0 19 -1 0
0 1 0 28.1 67.5 17 -1 0
0 1 0 27.9 66.0 17 -1 0
0 1 0 27.9 66.0 17 -1 0
0 1 0 27.9 66.0 17 -1 0
0 1 0 27.8 65.5 21 -1 0
0 1 0 27.7 65.5 21 -1 0
0 1 0 27.7 64.5 21 -1 0
0 1 0 27.7 64.5 21 -1 0
0 1 0 27.7 64.5 23 -1 0
0 1 0 27.7 64.0 26 -1 0
0 1 0 27.6 63.5 26 -1 0
0 1 0 27.6 63.5 32 -1 0
0 1 0 27.7 63.0 32 -1 0
0 1 0 27.5 62.5 30 -1 0
0 1 0 27.6 63.0 32 -1 0
0 1 0 27.5 63.0 30 -1 0
0 1 0 27.5 63.5 34 -1 0
0 1 0 27.5 64.5 32 -1 0
0 1 0 27.4 64.0 30 -1 0
0 1 0 27.5 63.5 31 -1 0
0 1 0 27.5 63.0 31 -1 0
0 1 0 27.5 62.5 29 -1 0
0 1 0 27.4 62.5 27 -1 0
0 1 0 27.4 62.5 31 -1 0
0 1 0 27.4 62.0 31 -1 0
0 1 0 27.4 62.5 31 -1 0
0 1 0 27.4 65.0 27 -1 0
0 1 0 27.5 67.0 29 -1 0
0 1 0 27.5 67.5 29 -1 0
0 1 0 27.5 68.5 28 -1 0
0 1 0 27.5 69.5 22 -1 0
0 1 0 27.6 70.0 28 -1 0
0 1 0 27.7 71.0 28 -1 0
0 1 0 27.7 71.0 31 -1 0
0 1 0 27.8 70.5 29 -1 0
0 1 0 27.8 71.0 27 -1 0
0 1 0 27.8 71.5 29 -1 0
0 1 0 27.8 71.5 29 -1 0
0 1 0 27.9 72.0 29 -1 0
0 1 0 28.0 72.0 28 -1 0
0 1 0 27.9 72.0 26 -1 0
0 1 0 27.9 72.0 24 -1 0
0 1 0 27.9 71.5 21 -1 0
0 1 0 27.9 71.0 28 -1 0
0 1 0 27.9 70.0 33 -1 0
0 1 0 27.9 70.0 30 -1 0
0 1 0 27.8 70.0 32 -1 0
0 1 0 27.9 70.0 27 -1 0
0 1 0 27.9 70.5 26 -1 0
0 1 0 27.8 69.5 33 -1 0
0 1 0 27.8 69.0 31 -1 0
0 1 0 27.8 68.0 36 -1 0
0 1 0 27.8 67.5 36 -1 0
0 1 0 27.8 68.0 36 -1 0
0 1 0 27.7 69.0 32 -1 0
0 1 0 27.7 69.0 32 -1 0
0 1 0 27.8 69.0 33 -1 0
0 1 0 27.7 69.0 31 -1 0
0 1 0 27.8 69.5 30 -1 0
0 1 0 27.8 69.5 25 -1 0
0 1 0 27.8 70.0 25 -1 0
0 1 0 27.8 69.5 28 -1 0
0 1 0 27.7 69.5 26 -1 0
0 1 0 27.8 69.0 26 -1 0
0 1 0 27.8 69.0 24 -1 0
0 1 0 27.8 70.0 24 -1 0
0 1 0 27.8 70.0 25 -1 0
0 1 0 27.8 70.0 23 -1 0
0 1 0 27.9 70.0 21 -1 0
0 1 0 27.9 70.5 21 -1 0
0 1 0 27.9 71.0 21 -1 0
0 1 0 28.0 71.0 21 -1 0
0 1 0 27.9 70.5 23 -1 0
0 1 0 27.9 69.5 23 -1 0
0 1 0 27.9 69.0 23 -1 0
0 1 0 27.8 68.0 21 -1 0
0 1 0 27.8 69.5 19 -1 0
0 1 0 27.8 69.0 21 -1 0
0 1 0 27.8 69.0 19 -1 0
0 1 0 27.7 68.0 19 -1 0
0 1 0 27.8 68.5 20 -1 0
0 1 0 27.8 69.0 17 -1 0
0 1 0 27.8 69.0 17 -1 0
0 1 0 27.7 68.5 19 -1 0
0 1 0 27.7 68.5 17 -1 0
0 1 0 27.7 68.0 19 -1 0
0 1 0 27.6 67.5 25 -1 0
0 1 0 27.7 67.5 20 -1 0
0 1 0 27.6 68.5 22 -1 0
0 1 0 27.7 69.0 28 -1 0
0 1 0 27.7 69.5 21 -1 0
0 1 0 27.7 69.0 23 -1 0
0 1 0 27.8 69.0 24 -1 0
0 1 0 27.7 69.0 31 -1 0
0 1 0 27.6 68.5 29 -1 0
0 1 0 27.7 68.5 30 -1 0
0 1 0 27.8 69.0 30 -1 0
0 1 0 27.7 69.0 34 -1 0
0 1 0 27.8 69.0 32 -1 0
0 1 0 27.7 68.0 31 -1 0
0 1 0 27.7 67.5 30 -1 0
0 1 0 27.6 68.0 26 -1 0
0 1 0 27.6 68.5 27 -1 0
0 1 0 27.8 69.5 30 -1 0
0 1 0 27.8 70.0 28 -1 0
0 1 0 27.8 70.0 28 -1 0
0 1 0 27.9 70.5 21 -1 0
0 1 0 27.9 70.0 21 -1 0
0 1 0 27.9 70.0 29 -1 0
0 1 0 27.9 70.0 25 -1 0
0 1 0 27.8 69.5 26 -1 0
0 1 0 27.8 69.0 27 -1 0
0 1 0 27.8 68.5 22 -1 0
0 1 0 27.7 68.5 19 -1 0
0 1 0 27.7 68.0 16 -1 0
0 1 0 27.7 67.5 14 -1 0
0 1 0 27.8 67.5 12 -1 0
0 1 0 27.6 67.5 9 -1 0
0 1 0 27.6 68.0 7 -1 0
0 1 0 27.6 68.0 7 -1 0
0 1 0 27.6 67.0 5 -1 0
0 1 0 27.6 66.5 3 -1 0
0 1 0 27.5 66.0 6 -1 0
0 1 0 27.5 66.5 4 -1 0
0 1 0 27.5 65.5 4 -1 0
0 1 0 27.4 65.0 4 -1 0
0 1 0 27.3 64.0 4 -1 0
0 1 0 27.2 63.0 4 -1 0
0 1 0 27.3 63.0 6 -1 0
0 1 0 27.2 62.5 6 -1 0
0 1 0 27.2 62.5 5 -1 0
0 1 0 27.0 62.0 9 -1 0
0 1 0 27.0 61.5 5 -1 0
0 1 0 27.0 61.5 9 -1 0
0 1 0 27.0 61.5 9 -1 0
0 1 0 27.0 61.5 9 -1 0
0 1 0 27.0 61.0 11 -1 0
0 1 0 26.9 61.0 11 -1 0
0 1 0 26.9 61.0 11 -1 0
0 1 0 26.9 60.5 9 -1 0
0 1 0 26.9 60.5 9 -1 0
0 1 0 26.8 60.0 9 -1 0
0 1 0 26.8 60.0 9 -1 0
0 1 0 26.9 60.5 9 -1 0
0 1 0 26.8 60.5 7 -1 0
0 1 0 26.8 60.0 11 -1 0
0 1 0 26.7 59.5 9 -1 0
0 1 0 26.7 59.0 9 -1 0
0 1 0 26.8 60.5 9 -1 0
0 1 0 26.7 62.0 9 -1 0
0 1 0 26.7 62.0 9 -1 0
0 1 0 26.7 61.5 7 -1 0
0 1 0 26.7 61.0 7 -1 0
0 1 0 26.7 60.5 7 -1 0
0 1 0 26.7 60.0 7 -1 0
0 1 0 26.7 60.5 7 -1 0
0 1 0 26.7 60.5 7 -1 0
0 1 0 26.7 62.0 5 -1 0
0 1 0 26.7 61.5 5 -1 0
0 1 0 26.7 61.5 9 -1 0
0 1 0 26.7 61.0 9 -1 0
0 1 0 26.7 60.5 9 -1 0
0 1 0 26.7 60.5 9 -1 0
0 1 0 26.7 60.5 9 -1 0
0 1 0 26.7 60.0 9 -1 0
0 1 0 26.6 60.0 9 -1 0
0 1 0 26.6 60.0 9 -1 0
0 1 0 26.7 60.5 9 -1 0
0 1 0 26.6 60.5 9 -1 0
0 1 0 26.6 60.0 9 -1 0
0 1 0 26.6 59.5 7 -1 0
0 1 0 26.6 60.0 7 -1 0
0 1 0 26.6 60.0 7 -1 0
0 1 0 26.6 59.5 7 -1 0
0 1 0 26.6 59.0 7 -1 0
0 1 0 26.6 59.5 7 -1 0
0 1 0 26.6 59.0 7 -1 0
0 1 0 26.6 59.5 7 -1 0
0 1 0 26.6 59.5 7 -1 0
0 1 0 26.5 59.5 7 -1 0
0 1 0 26.6 59.0 7 -1 0
0 1 0 26.6 59.0 7 -1 0
0 1 0 26.6 59.0 5 -1 0
0 1 0 26.6 59.0 5 -1 0
0 1 0 26.6 59.0 5 -1 0
0 1 0 26.6 58.5 5 -1 0
0 1 0 26.6 58.5 5 -1 0
0 1 0 26.6 58.5 5 -1 0
0 1 0 26.6 58.0 5 -1 0
0 1 0 26.6 58.0 5 -1 0
0 1 0 26.6 58.0 5 -1 0
0 1 0 26.6 58.0 5 -1 0
0 1 0 26.6 58.0 5 -1 0
0 1 0 26.6 58.0 5 -1 0
0 1 0 26.6 58.0 5 -1 0
0 1 0 26.6 57.5 5 -1 0
0 1 0 26.5 57.5 5 -1 0
0 1 0 26.6 57.5 5 -1 0
0 1 0 26.5 58.0 9 -1 0
0 1 0 26.5 58.0 5 -1 0
0 1 0 26.5 58.0 5 -1 0
0 1 0 26.6 58.0 5 -1 0
0 1 0 26.5 57.5 5 -1 0
0 1 0 26.5 57.5 5 -1 0
0 1 0 26.5 57.5 5 -1 0
0 1 0 26.6 57.5 5 -1 0
0 1 0 26.5 57.5 5 -1 0
0 1 0 26.5 57.5 5 -1 0
0 1 0 26.5 57.5 5 -1 0
0 1 0 26.5 57.5 5 -1 0
0 1 0 26.5 58.0 5 -1 0
0 1 0 26.5 58.0 5 -1 0
0 1 0 26.4 57.5 5 -1 0
0 1 0 26.5 57.5 5 -1 0
0 1 0 26.4 57.0 5 -1 0
0 1 0 26.5 57.5 6 -1 0
0 1 0 26.4 57.0 6 -1 0
0 1 0 26.5 57.0 6 -1 0
0 1 0 26.4 57.0 6 -1 0
0 1 0 26.4 57.0 6 -1 0
0 1 0 26.4 56.5 6 -1 0
0 1 0 26.3 57.0 6 -1 0
0 1 0 26.4 57.0 6 -1 0
0 1 0 26.3 56.5 4 -1 0
0 1 0 26.4 56.5 4 -1 0
0 1 0 26.4 56.5 4 -1 0
0 1 0 26.4 56.5 4 -1 0
0 1 0 26.4 56.5 4 -1 0
0 1 0 26.4 56.0 4 -1 0
0 1 0 26.4 56.5 4 -1 0
0 1 0 26.4 56.5 4 -1 0
0 1 0 26.3 56.5 2 -1 0
0 1 0 26.4 56.5 2 -1 0
0 1 0 26.4 56.5 2 -1 0
0 1 0 26.3 56.0 6 -1 0
0 1 0 26.3 56.0 6 -1 0
0 1 0 26.4 56.0 4 -1 0
0 1 0 26.4 56.0 4 -1 0
0 1 0 26.4 56.5 4 -1 0
0 1 0 26.4 56.0 4 -1 0
0 1 0 26.4 56.0 4 -1 0
0 1 0 26.4 56.0 4 -1 0
0 1 0 26.4 56.0 4 -1 0
0 1 0 26.3 56.0 2 -1 0
0 1 0 26.4 56.0 2 -1 0
0 1 0 26.4 56.0 2 -1 0
0 1 0 26.4 56.0 2 -1 0
0 1 0 26.3 56.0 2 -1 0
0 1 0 26.4 56.0 2 -1 0
0 1 0 26.4 56.0 2 -1 0
0 1 0 26.4 56.5 2 -1 0
0 1 0 26.4 56.5 1 -1 0
0 1 0 26.4 56.5 1 -1 0
0 1 0 26.4 56.5 1 -1 0
0 1 0 26.4 56.5 1 -1 0
0 1 0 26.4 56.5 4 -1 0
0 1 0 26.4 56.5 4 -1 0
0 1 0 26.4 56.5 4 -1 0
0 1 0 26.4 56.5 2 -1 0
0 1 0 26.4 57.0 2 -1 0
0 1 0 26.4 57.0 2 -1 0
0 1 0 26.4 57.5 2 -1 0
0 1 0 26.4 57.5 2 -1 0
0 1 0 26.4 57.0 2 -1 0
0 1 0 26.4 57.0 0 -1 0
0 1 0 26.5 57.0 0 -1 0
0 1 0 26.4 56.5 0 -1 0
0 1 0 26.4 56.5 0 -1 0
0 1 0 26.4 56.5 0 -1 0
0 1 0 26.4 56.5 0 -1 0
0 1 0 26.4 56.5 0 -1 0
0 1 0 26.4 56.0 0 -1 0
0 1 0 26.4 56.0 0 -1 0
0 1 0 26.4 56.0 0 -1 0
0 1 0 26.4 56.0 0 -1 0
0 1 0 26.4 56.0 0 -1 0
0 1 0 26.3 55.5 0 -1 0
0 1 0 26.4 55.5 0 -1 0
0 1 0 26.5 55.5 0 -1 0
0 1 0 26.4 55.5 0 -1 0
0 1 0 26.3 55.5 0 -1 0
0 1 0 26.4 55.5 0 -1 0
0 1 0 26.4 55.5 0 -1 0
0 1 0 26.4 55.5 0 -1 0
0 1 0 26.4 55.5 0 -1 0
0 1 0 26.5 56.0 0 -1 0
0 1 0 26.5 56.0 0 -1 0
0 1 0 26.4 56.0 0 -1 0
0 1 0 26.4 55.5 0 -1 0
0 1 0 26.4 55.5 0 -1 0
0 1 0 26.4 55.5 0 -1 0
0 1 0 26.4 55.5 0 -1 0
0 1 0 26.4 55.5 0 -1 0
0 1 0 26.4 55.5 0 -1 0
0 1 0 26.4 55.5 0 -1 0
0 1 0 26.5 55.5 0 -1 0
0 1 0 26.4 55.5 0 -1 0
0 1 0 26.4 55.5 0 -1 0
0 1 0 26.4 55.5 0 -1 0
0 1 0 26.5 55.5 0 -1 0
0 1 0 26.4 55.5 0 -1 0
0 1 0 26.4 55.5 1 -1 0
0 1 0 26.4 55.5 1 -1 0
0 1 0 26.4 55.5 1 -1 0
0 1 0 26.4 55.0 0 -1 0
0 1 0 26.4 55.5 0 -1 0
0 1 0 26.5 55.0 0 -1 0
0 1 0 26.4 55.0 0 -1 0
0 1 0 26.4 55.0 0 -1 0
0 1 0 26.4 55.0 1 -1 0
0 1 0 26.4 55.0 1 -1 0
0 1 0 26.4 55.0 1 -1 0
0 1 0 26.4 55.0 1 -1 0
0 1 0 26.5 55.5 1 -1 0
0 1 0 26.5 55.5 1 -1 0
0 1 0 26.5 55.5 1 -1 0
0 1 0 26.4 55.5 1 -1 0
0 1 0 26.5 55.5 1 -1 0
0 1 0 26.5 55.5 1 -1 0
0 1 0 26.4 55.0 1 -1 0
0 1 0 26.5 55.5 1 -1 0
0 1 0 26.5 55.5 0 -1 0
0 1 0 26.4 55.5 1 -1 0
0 1 0 26.5 56.0 1 -1 0
0 1 0 26.5 55.5 1 -1 0
0 1 0 26.5 56.0 1 -1 0
0 1 0 26.5 56.0 1 -1 0
0 1 0 26.5 56.0 1 -1 0
0 1 0 26.5 55.5 1 -1 0
0 1 0 26.5 55.5 1 -1 0
0 1 0 26.5 55.5 1 -1 0
0 1 0 26.5 55.5 1 -1 0
0 1 0 26.5 55.5 1 -1 0
0 1 0 26.5 55.5 0 -1 0
0 1 0 26.4 55.0 1 -1 0
0 1 0 26.5 55.0 0 -1 0
0 1 0 26.5 55.5 0 -1 0
0 1 0 26.5 55.5 0 -1 0
0 1 0 26.5 55.5 1 -1 0
0 1 0 26.5 55.0 0 -1 0
0 1 0 26.4 55.0 1 -1 0
0 1 0 26.6 55.0 1 -1 0
0 1 0 26.4 55.0 1 -1 0
0 1 0 26.5 55.0 1 -1 0
0 1 0 26.5 55.0 1 -1 0
0 1 0 26.5 55.0 1 -1 0
0 1 0 26.4 55.0 1 -1 0
0 1 0 26.4 54.5 1 -1 0
0 1 0 26.5 54.5 1 -1 0
0 1 0 26.5 54.5 1 -1 0
0 1 0 26.5 54.5 1 -1 0
0 1 0 26.5 54.5 1 -1 0
0 1 0 26.4 54.5 1 -1 0
0 1 0 26.4 54.5 1 -1 0
0 1 0 26.4 54.5 1 -1 0
0 1 0 26.4 54.5 1 -1 0
0 1 0 26.4 54.5 1 -1 0
0 1 0 26.4 54.5 0 -1 0
0 1 0 26.5 54.5 1 -1 0
0 1 0 26.5 55.0 0 -1 0
0 1 0 26.5 54.5 0 -1 0
0 1 0 26.5 54.5 0 -1 0
0 1 0 26.5 54.5 1 -1 0
0 1 0 26.5 55.0 1 -1 0
0 1 0 26.5 55.0 0 -1 0
0 1 0 26.5 55.0 1 -1 0
0 1 0 26.5 55.5 4 -1 0
0 1 0 26.5 55.5 0 -1 0
0 1 0 26.5 55.5 0 -1 0
0 1 0 26.5 55.5 0 -1 0
0 1 0 26.5 55.5 1 -1 0
0 1 0 26.5 55.0 0 -1 0
0 1 0 26.5 55.0 1 -1 0
0 1 0 26.5 55.0 0 -1 0
0 1 0 26.4 55.0 0 -1 0
0 1 0 26.5 55.0 0 -1 0
0 1 0 26.5 55.0 1 -1 0
0 1 0 26.5 55.0 1 -1 0
0 1 0 26.4 55.0 1 -1 0
0 1 0 26.5 55.0 1 -1 0
0 1 0 26.6 55.0 0 -1 0
0 1 0 26.5 54.5 1 -1 0
0 1 0 26.5 55.0 1 -1 0
0 1 0 26.5 55.0 0 -1 0
0 1 0 26.5 55.0 1 -1 0
0 1 0 26.5 55.0 1 -1 0
0 1 0 26.5 55.0 1 -1 0
0 1 0 26.5 55.5 1 -1 0
0 1 0 26.6 55.5 1 -1 0
0 1 0 26.5 55.0 1 -1 0
0 1 0 26.5 55.0 1 -1 0
0 1 0 26.6 55.0 1 -1 0
0 1 0 26.6 55.0 1 -1 0
0 1 0 26.5 55.0 1 -1 0
0 1 0 26.6 55.0 1 -1 0
0 1 0 26.6 55.0 1 -1 0
0 1 0 26.6 55.0 1 -1 0
0 1 0 26.5 55.0 1 -1 0
0 1 0 26.6 55.0 1 -1 0
0 1 0 26.6 55.0 1 -1 0
0 1 0 26.6 55.0 1 -1 0
0 1 0 26.6 55.0 1 -1 0
0 1 0 26.6 55.0 1 -1 0
0 1 0 26.6 55.0 1 -1 0
0 1 0 26.7 55.0 1 -1 0
0 1 0 26.6 55.0 1 -1 0
0 1 0 26.6 55.0 1 -1 0
0 1 0 26.6 55.0 0 -1 0
0 1 0 26.6 55.0 1 -1 0
0 1 0 26.6 55.0 1 -1 0
0 1 0 26.5 54.5 1 -1 0
0 1 0 26.6 55.0 0 -1 0
0 1 0 26.6 55.0 0 -1 0
0 1 0 26.6 54.5 0 -1 0
0 1 0 26.5 54.5 0 -1 0
0 1 0 26.6 54.5 1 -1 0
0 1 0 26.6 54.5 1 -1 0
0 1 0 26.7 54.5 0 -1 0
0 1 0 26.6 54.5 0 -1 0
0 1 0 26.6 54.5 0 -1 0
0 1 0 26.6 54.5 0 -1 0
0 1 0 26.5 54.5 0 -1 0
0 1 0 26.6 54.5 0 -1 0
0 1 0 26.5 54.5 0 -1 0
0 1 0 26.6 54.5 0 -1 0
0 1 0 26.6 54.5 1 -1 0
0 1 0 26.5 54.5 1 -1 0
0 1 0 26.7 54.5 0 -1 0
0 1 0 26.7 54.5 1 -1 0
0 1 0 26.6 54.5 1 -1 0
0 1 0 26.6 55.0 1 -1 0
0 1 0 26.6 55.0 1 -1 0
0 1 0 26.7 55.0 1 -1 0
0 1 0 26.6 55.0 1 -1 0
0 1 0 26.6 54.5 1 -1 0
0 1 0 26.6 55.0 1 -1 0
0 1 0 26.6 55.0 1 -1 0
0 1 0 26.6 55.0 1 -1 0
0 1 0 26.6 54.5 1 -1 0
0 1 0 26.6 55.0 1 -1 0
0 1 0 26.6 55.0 1 -1 0
0 1 0 26.6 55.0 1 -1 0
0 1 0 26.6 55.0 1 -1 0
0 1 0 26.6 55.5 1 -1 0
0 1 0 26.7 55.5 1 -1 0
0 1 0 26.6 55.5 1 -1 0
0 1 0 26.6 55.5 1 -1 0
0 1 0 26.7 55.5 1 -1 0
0 1 0 26.7 55.5 1 -1 0
0 1 0 26.7 55.5 1 -1 0
0 1 0 26.7 55.5 1 -1 0
0 1 0 26.7 55.5 1 -1 0
0 1 0 26.7 55.5 1 -1 0
0 1 0 26.7 55.5 1 -1 0
0 1 0 26.7 55.5 1 -1 0
0 1 0 26.7 55.5 1 -1 0
0 1 0 26.6 55.5 1 -1 0
0 1 0 26.7 55.5 1 -1 0
0 1 0 26.6 55.5 1 -1 0
0 1 0 26.7 55.5 1 -1 0
0 1 0 26.7 55.0 1 -1 0
0 1 0 26.7 55.5 1 -1 0
0 1 0 26.6 55.5 1 -1 0
0 1 0 26.7 55.5 1 -1 0
0 1 0 26.8 55.5 1 -1 0
0 1 0 26.7 55.0 1 -1 0
0 1 0 26.7 55.0 1 -1 0
0 1 0 26.7 55.0 1 -1 0
0 1 0 26.7 55.0 1 -1 0
0 1 0 26.7 55.0 1 -1 0
0 1 0 26.7 55.0 1 -1 0
0 1 0 26.6 55.0 1 -1 0
0 1 0 26.7 55.0 1 -1 0
0 1 0 26.7 55.0 1 -1 0
0 1 0 26.7 55.0 1 -1 0
0 1 0 26.7 55.0 1 -1 0
0 1 0 26.7 55.0 1 -1 0
0 1 0 26.7 55.0 1 -1 0
0 1 0 26.7 55.0 1 -1 0
0 1 0 26.7 55.0 1 -1 0
0 1 0 26.7 55.0 1 -1 0
0 1 0 26.7 55.0 1 -1 0
0 1 0 26.7 55.0 1 -1 0
0 1 0 26.6 55.5 1 -1 0
0 1 0 26.7 55.5 1 -1 0
0 1 0 26.7 55.5 1 -1 0
0 1 0 26.7 55.5 1 -1 0
0 1 0 26.8 56.0 1 -1 0
0 1 0 26.7 56.0 1 -1 0
0 1 0 26.8 56.0 1 -1 0
0 1 0 26.8 56.5 1 -1 0
0 1 0 26.8 56.0 1 -1 0
0 1 0 26.7 56.0 1 -1 0
0 1 0 26.8 56.5 1 -1 0
0 1 0 26.8 56.5 1 -1 0
0 1 0 26.8 57.0 1 -1 0
0 1 0 26.8 57.0 1 -1 0
0 1 0 26.9 57.0 1 -1 0
0 1 0 26.9 57.5 1 -1 0
0 1 0 26.9 57.5 1 -1 0
0 1 0 26.8 57.5 1 -1 0
0 1 0 26.9 58.0 1 -1 0
0 1 0 26.9 58.0 1 -1 0
0 1 0 26.9 58.0 1 -1 0
0 1 0 26.9 58.5 1 -1 0
0 1 0 26.9 58.5 1 -1 0
0 1 0 27.0 58.5 1 -1 0
0 1 0 26.9 58.0 1 -1 0
0 1 0 27.0 58.0 1 -1 0
0 1 0 27.0 58.0 1 -1 0
0 1 0 27.0 58.0 1 -1 0
0 1 0 27.0 58.0 1 -1 0
0 1 0 27.0 58.0 1 -1 0
0 1 0 27.1 58.0 1 -1 0
0 1 0 27.0 57.5 1 -1 0
0 1 0 27.0 57.5 1 -1 0
0 1 0 27.0 57.5 1 -1 0
0 1 0 27.1 57.5 1 -1 0
0 1 0 27.1 58.0 1 -1 0
0 1 0 27.1 58.0 1 -1 0
0 1 0 27.1 58.0 1 -1 0
0 1 0 27.0 58.0 1 -1 0
0 1 0 27.1 58.5 1 -1 0
0 1 0 27.1 58.5 1 -1 0
0 1 0 27.1 58.5 1 -1 0
0 1 0 27.1 58.5 1 -1 0
0 1 0 27.1 58.5 1 -1 0
0 1 0 27.1 58.5 1 -1 0
0 1 0 27.1 58.5 0 -1 0
0 1 0 27.1 58.5 1 -1 0
0 1 0 27.2 58.5 1 -1 0
0 1 0 27.2 58.5 1 -1 0
0 1 0 27.2 58.5 1 -1 0
0 1 0 27.2 58.5 1 -1 0
0 1 0 27.2 58.5 1 -1 0
0 1 0 27.3 58.5 1 -1 0
0 1 0 27.2 59.0 1 -1 0
0 1 0 27.2 59.0 1 -1 0
0 1 0 27.2 59.5 1 -1 0
0 1 0 27.2 60.0 1 -1 0
0 1 0 27.2 60.0 1 -1 0
0 1 0 27.2 60.0 0 -1 0
0 1 0 27.2 60.0 1 -1 0
0 1 0 27.3 60.0 1 -1 0
0 1 0 27.3 59.5 0 -1 0
0 1 0 27.3 59.0 1 -1 0
0 1 0 27.3 59.0 1 -1 0
0 1 0 27.2 59.5 1 -1 0
0 1 0 27.3 59.5 1 -1 0
0 1 0 27.3 59.5 1 -1 0
0 1 0 27.3 59.5 1 -1 0
0 1 0 27.3 59.5 1 -1 0
0 1 0 27.3 59.5 1 -1 0
0 1 0 27.2 59.0 1 -1 0
0 1 0 27.3 59.0 1 -1 0
0 1 0 27.3 59.0 1 -1 0
0 1 0 27.4 59.0 1 -1 0
0 1 0 27.3 59.0 1 -1 0
0 1 0 27.3 59.0 1 -1 0
0 1 0 27.3 59.0 1 -1 0
0 1 0 27.3 59.0 1 -1 0
0 1 0 27.3 59.0 1 -1 0
0 1 0 27.4 59.0 1 -1 0
0 1 0 27.2 59.0 1 -1 0
0 1 0 27.3 59.0 1 -1 0
0 1 0 27.3 59.0 1 -1 0
0 1 0 27.3 59.0 1 -1 0
0 1 0 27.3 59.0 1 -1 0
0 1 0 27.3 59.0 1 -1 0
0 1 0 27.3 59.0 1 -1 0
0 1 0 27.3 59.0 1 -1 0
0 1 0 27.3 59.0 1 -1 0
0 1 0 27.3 59.0 1 -1 0
0 1 0 27.3 59.0 1 -1 0
0 1 0 27.3 59.0 1 -1 0
0 1 0 27.4 59.0 1 -1 0
0 1 0 27.3 59.5 1 -1 0
0 1 0 27.4 60.0 1 -1 0
