0 1 0 25.4 79.5 2 -1 0
0 1 0 25.5 79.5 2 -1 0
0 1 0 25.5 79.5 2 -1 0
0 1 0 25.5 79.5 2 -1 0
0 1 0 25.5 79.5 2 -1 0
0 1 0 25.5 79.5 2 -1 0
0 1 0 25.5 79.5 2 -1 0
0 1 0 25.5 79.5 2 -1 0
0 1 0 25.4 79.5 2 -1 0
0 1 0 25.5 79.5 2 -1 0
0 1 0 25.5 79.0 2 -1 0
0 1 0 25.5 79.0 2 -1 0
0 1 0 25.5 79.0 2 -1 0
0 1 0 25.5 79.0 2 -1 0
0 1 0 25.5 79.0 2 -1 0
0 1 0 25.5 79.0 2 -1 0
0 1 0 25.5 79.0 2 -1 0
0 1 0 25.5 79.0 2 -1 0
0 1 0 25.5 79.0 2 -1 0
0 1 0 25.5 79.0 2 -1 0
0 1 0 25.5 79.0 2 -1 0
0 1 0 25.5 79.0 2 -1 0
0 1 0 25.5 79.0 2 -1 0
0 1 0 25.5 79.0 2 -1 0
0 1 0 25.5 79.5 2 -1 0
0 1 0 25.5 79.5 2 -1 0
0 1 0 25.5 79.5 2 -1 0
0 1 0 25.5 79.5 2 -1 0
0 1 0 25.6 79.5 2 -1 0
0 1 0 25.5 79.5 2 -1 0
0 1 0 25.5 79.5 2 -1 0
0 1 0 25.5 79.5 2 -1 0
0 1 0 25.5 79.5 2 -1 0
0 1 0 25.5 79.5 2 -1 0
0 1 0 25.5 79.5 2 -1 0
0 1 0 25.5 79.5 2 -1 0
0 1 0 25.5 79.5 2 -1 0
0 1 0 25.5 79.5 2 -1 0
0 1 0 25.5 80.0 2 -1 0
0 1 0 25.6 80.0 2 -1 0
0 1 0 25.5 80.0 2 -1 0
0 1 0 25.5 80.5 2 -1 0
0 1 0 25.5 80.0 2 -1 0
0 1 0 25.5 80.0 2 -1 0
0 1 0 25.4 80.0 2 -1 0
0 1 0 25.5 80.5 2 -1 0
0 1 0 25.5 80.5 2 -1 0
0 1 0 25.6 80.5 2 -1 0
0 1 0 25.5 80.5 2 -1 0
0 1 0 25.5 80.0 2 -1 0
0 1 0 25.6 80.0 2 -1 0
0 1 0 25.6 80.5 2 -1 0
0 1 0 25.5 80.0 2 -1 0
0 1 0 25.6 80.0 2 -1 0
0 1 0 25.6 80.0 2 -1 0
0 1 0 25.5 80.5 2 -1 0
0 1 0 25.6 80.0 2 -1 0
0 1 0 25.6 80.0 2 -1 0
0 1 0 25.6 80.0 2 -1 0
0 1 0 25.5 80.0 2 -1 0
0 1 0 25.5 80.0 2 -1 0
0 1 0 25.6 80.0 2 -1 0
0 1 0 25.6 80.0 2 -1 0
0 1 0 25.5 80.0 2 -1 0
0 1 0 25.6 80.0 2 -1 0
0 1 0 25.5 80.0 2 -1 0
0 1 0 25.6 80.0 2 -1 0
0 1 0 25.5 80.0 2 -1 0
0 1 0 25.5 80.0 2 -1 0
0 1 0 25.6 80.0 2 -1 0
0 1 0 25.6 80.0 2 -1 0
0 1 0 25.6 80.0 2 -1 0
0 1 0 25.6 80.0 2 -1 0
0 1 0 25.6 80.0 2 -1 0
0 1 0 25.6 80.0 2 -1 0
0 1 0 25.5 80.0 2 -1 0
0 1 0 25.5 80.0 2 -1 0
0 1 0 25.6 80.0 2 -1 0
0 1 0 25.6 80.0 2 -1 0
0 1 0 25.6 80.0 2 -1 0
0 1 0 25.6 80.0 2 -1 0
0 1 0 25.6 80.0 2 -1 0
0 1 0 25.6 80.0 0 -1 0
0 1 0 25.6 80.0 2 -1 0
0 1 0 25.6 79.5 2 -1 0
0 1 0 25.6 79.5 2 -1 0
0 1 0 25.6 79.5 2 -1 0
0 1 0 25.6 79.5 2 -1 0
0 1 0 25.6 79.5 2 -1 0
0 1 0 25.6 79.5 2 -1 0
0 1 0 25.5 79.5 2 -1 0
0 1 0 25.6 79.5 2 -1 0
0 1 0 25.6 79.5 2 -1 0
0 1 0 25.5 79.5 2 -1 0
0 1 0 25.6 79.5 2 -1 0
0 1 0 25.6 80.0 2 -1 0
0 1 0 25.6 79.5 2 -1 0
0 1 0 25.6 79.5 2 -1 0
0 1 0 25.5 79.5 2 -1 0
0 1 0 25.6 79.5 2 -1 0
0 1 0 25.5 79.5 2 -1 0
0 1 0 25.5 80.0 2 -1 0
0 1 0 25.5 79.5 2 -1 0
0 1 0 25.5 80.0 2 -1 0
0 1 0 25.6 80.0 2 -1 0
0 1 0 25.5 80.0 2 -1 0
0 1 0 25.6 80.0 2 -1 0
0 1 0 25.6 80.0 2 -1 0
0 1 0 25.6 80.0 2 -1 0
0 1 0 25.6 80.0 2 -1 0
0 1 0 25.6 80.0 2 -1 0
0 1 0 25.6 80.0 2 -1 0
0 1 0 25.6 80.0 2 -1 0
0 1 0 25.5 79.5 2 -1 0
0 1 0 25.6 79.5 2 -1 0
0 1 0 25.6 79.5 2 -1 0
0 1 0 25.5 79.5 2 -1 0
0 1 0 25.6 79.5 2 -1 0
0 1 0 25.6 79.5 2 -1 0
0 1 0 25.6 79.5 2 -1 0
0 1 0 25.6 79.5 2 -1 0
0 1 0 25.5 79.5 2 -1 0
0 1 0 25.6 79.5 2 -1 0
0 1 0 25.5 79.5 2 -1 0
0 1 0 25.6 79.5 2 -1 0
0 1 0 25.6 79.5 2 -1 0
0 1 0 25.6 79.5 2 -1 0
0 1 0 25.6 79.5 2 -1 0
0 1 0 25.6 79.5 2 -1 0
0 1 0 25.6 79.5 2 -1 0
0 1 0 25.6 79.5 2 -1 0
0 1 0 25.6 79.5 2 -1 0
0 1 0 25.5 79.5 2 -1 0
0 1 0 25.5 79.5 2 -1 0
0 1 0 25.6 79.5 2 -1 0
0 1 0 25.6 79.5 2 -1 0
0 1 0 25.6 79.5 2 -1 0
0 1 0 25.6 79.5 2 -1 0
0 1 0 25.5 79.5 2 -1 0
0 1 0 25.5 79.5 2 -1 0
0 1 0 25.6 79.5 2 -1 0
0 1 0 25.5 79.5 2 -1 0
0 1 0 25.6 79.5 2 -1 0
0 1 0 25.6 79.5 2 -1 0
0 1 0 25.6 79.5 2 -1 0
0 1 0 25.5 79.5 2 -1 0
0 1 0 25.6 79.5 2 -1 0
0 1 0 25.6 79.5 2 -1 0
0 1 0 25.5 79.5 2 -1 0
0 1 0 25.6 79.5 2 -1 0
0 1 0 25.6 79.5 2 -1 0
0 1 0 25.6 79.5 2 -1 0
0 1 0 25.6 79.5 2 -1 0
0 1 0 25.5 79.5 2 -1 0
0 1 0 25.5 79.5 2 -1 0
0 1 0 25.6 79.5 2 -1 0
0 1 0 25.6 79.5 2 -1 0
0 1 0 25.6 79.5 2 -1 0
0 1 0 25.6 79.5 2 -1 0
0 1 0 25.6 79.5 2 -1 0
0 1 0 25.5 79.5 2 -1 0
0 1 0 25.6 79.5 2 -1 0
0 1 0 25.6 79.5 2 -1 0
0 1 0 25.5 79.5 2 -1 0
0 1 0 25.6 79.5 2 -1 0
0 1 0 25.6 79.5 2 -1 0
0 1 0 25.6 79.5 2 -1 0
0 1 0 25.6 79.5 2 -1 0
0 1 0 25.6 79.5 2 -1 0
0 1 0 25.6 79.5 2 -1 0
0 1 0 25.7 79.5 2 -1 0
0 1 0 25.6 79.5 2 -1 0
0 1 0 25.6 79.5 2 -1 0
0 1 0 25.6 79.5 2 -1 0
0 1 0 25.6 79.5 2 -1 0
0 1 0 25.5 79.5 2 -1 0
0 1 0 25.6 79.5 2 -1 0
0 1 0 25.6 80.0 2 -1 0
0 1 0 25.5 79.5 2 -1 0
0 1 0 25.6 79.5 2 -1 0
0 1 0 25.6 79.5 2 -1 0
0 1 0 25.6 79.5 2 -1 0
0 1 0 25.6 79.5 2 -1 0
0 1 0 25.5 79.5 2 -1 0
0 1 0 25.5 79.5 2 -1 0
0 1 0 25.6 80.0 2 -1 0
0 1 0 25.6 79.5 2 -1 0
0 1 0 25.5 79.5 2 -1 0
0 1 0 25.6 79.5 2 -1 0
0 1 0 25.6 80.0 2 -1 0
0 1 0 25.6 80.0 2 -1 0
0 1 0 25.6 79.5 2 -1 0
0 1 0 25.6 79.5 2 -1 0
0 1 0 25.6 79.5 2 -1 0
0 1 0 25.6 79.5 2 -1 0
0 1 0 25.5 79.5 2 -1 0
0 1 0 25.6 79.5 2 -1 0
0 1 0 25.6 79.5 2 -1 0
0 1 0 25.5 79.5 2 -1 0
0 1 0 25.6 79.5 2 -1 0
0 1 0 25.6 79.5 2 -1 0
0 1 0 25.6 79.5 2 -1 0
0 1 0 25.6 79.5 2 -1 0
0 1 0 25.6 79.5 2 -1 0
0 1 0 25.5 79.5 2 -1 0
0 1 0 25.6 80.0 2 -1 0
0 1 0 25.6 79.5 2 -1 0
0 1 0 25.6 79.5 2 -1 0
0 1 0 25.6 79.5 2 -1 0
0 1 0 25.6 79.5 2 -1 0
0 1 0 25.6 79.5 2 -1 0
0 1 0 25.6 79.5 2 -1 0
0 1 0 25.6 79.5 2 -1 0
0 1 0 25.6 79.5 2 -1 0
0 1 0 25.6 79.5 2 -1 0
0 1 0 25.6 79.5 2 -1 0
0 1 0 25.6 79.5 2 -1 0
0 1 0 25.6 79.5 2 -1 0
0 1 0 25.6 79.5 2 -1 0
0 1 0 25.6 79.5 2 -1 0
0 1 0 25.6 79.5 2 -1 0
0 1 0 25.6 79.5 2 -1 0
0 1 0 25.6 79.5 2 -1 0
0 1 0 25.6 79.5 2 -1 0
0 1 0 25.6 79.5 2 -1 0
0 1 0 25.5 79.5 2 -1 0
0 1 0 25.6 79.5 2 -1 0
0 1 0 25.6 79.5 2 -1 0
0 1 0 25.6 79.5 2 -1 0
0 1 0 25.6 79.5 2 -1 0
0 1 0 25.6 79.5 2 -1 0
0 1 0 25.7 79.5 2 -1 0
0 1 0 25.6 79.5 2 -1 0
0 1 0 25.6 79.5 2 -1 0
0 1 0 25.6 79.5 2 -1 0
0 1 0 25.6 79.5 2 -1 0
0 1 0 25.6 79.5 2 -1 0
0 1 0 25.6 79.5 2 -1 0
0 1 0 25.6 79.5 2 -1 0
0 1 0 25.6 79.5 2 -1 0
0 1 0 25.6 79.5 2 -1 0
0 1 0 25.6 79.5 2 -1 0
0 1 0 25.6 79.5 2 -1 0
0 1 0 25.6 79.5 2 -1 0
0 1 0 25.6 79.5 2 -1 0
0 1 0 25.6 79.5 2 -1 0
0 1 0 25.6 79.5 2 -1 0
0 1 0 25.6 79.5 2 -1 0
0 1 0 25.6 79.5 2 -1 0
0 1 0 25.6 79.5 2 -1 0
0 1 0 25.6 79.5 2 -1 0
0 1 0 25.6 79.5 2 -1 0
0 1 0 25.6 79.5 2 -1 0
0 1 0 25.6 79.5 2 -1 0
0 1 0 25.6 79.5 2 -1 0
0 1 0 25.6 79.5 2 -1 0
0 1 0 25.6 79.5 2 -1 0
0 1 0 25.6 79.5 2 -1 0
0 1 0 25.6 79.5 2 -1 0
0 1 0 25.6 79.5 2 -1 0
0 1 0 25.6 79.5 2 -1 0
0 1 0 25.6 79.5 2 -1 0
0 1 0 25.6 79.5 2 -1 0
0 1 0 25.6 79.5 2 -1 0
0 1 0 25.6 79.5 2 -1 0
0 1 0 25.5 79.5 2 -1 0
0 1 0 25.6 79.5 2 -1 0
0 1 0 25.6 79.5 2 -1 0
0 1 0 25.6 79.5 2 -1 0
0 1 0 25.6 79.5 2 -1 0
0 1 0 25.6 79.5 2 -1 0
0 1 0 25.6 79.5 2 -1 0
0 1 0 25.6 79.5 2 -1 0
0 1 0 25.6 79.5 2 -1 0
0 1 0 25.6 79.5 2 -1 0
0 1 0 25.6 79.5 2 -1 0
0 1 0 25.6 79.5 2 -1 0
0 1 0 25.6 79.5 2 -1 0
0 1 0 25.7 79.5 2 -1 0
0 1 0 25.6 79.5 2 -1 0
0 1 0 25.6 79.5 2 -1 0
0 1 0 25.6 79.5 2 -1 0
0 1 0 25.6 79.5 2 -1 0
0 1 0 25.6 79.5 2 -1 0
0 1 0 25.6 79.5 2 -1 0
0 1 0 25.7 79.5 2 -1 0
0 1 0 25.6 79.5 2 -1 0
0 1 0 25.6 79.5 2 -1 0
0 1 0 25.6 79.5 2 -1 0
0 1 0 25.6 79.5 2 -1 0
0 1 0 25.6 79.5 2 -1 0
0 1 0 25.6 79.5 2 -1 0
0 1 0 25.6 79.5 2 -1 0
0 1 0 25.6 79.5 2 -1 0
0 1 0 25.6 79.5 2 -1 0
0 1 0 25.6 79.5 2 -1 0
0 1 0 25.6 79.5 2 -1 0
0 1 0 25.6 79.5 2 -1 0
0 1 0 25.6 79.5 2 -1 0
0 1 0 25.6 79.5 2 -1 0
0 1 0 25.6 79.5 2 -1 0
0 1 0 25.5 79.5 2 -1 0
0 1 0 25.5 79.5 2 -1 0
0 1 0 25.5 79.5 2 -1 0
0 1 0 25.6 79.5 2 -1 0
0 1 0 25.6 79.5 2 -1 0
0 1 0 25.5 79.5 2 -1 0
0 1 0 25.6 79.5 2 -1 0
0 1 0 25.6 79.5 1 -1 0
0 1 0 25.6 79.5 1 -1 0
0 1 0 25.6 79.5 1 -1 0
0 1 0 25.6 79.5 1 -1 0
0 1 0 25.6 79.5 1 -1 0
0 1 0 25.6 79.5 1 -1 0
0 1 0 25.6 79.5 1 -1 0
0 1 0 25.6 79.5 1 -1 0
0 1 0 25.5 79.5 1 -1 0
0 1 0 25.6 79.5 1 -1 0
0 1 0 25.6 79.5 1 -1 0
0 1 0 25.6 79.5 1 -1 0
0 1 0 25.6 79.5 1 -1 0
0 1 0 25.6 79.5 1 -1 0
0 1 0 25.5 79.5 1 -1 0
0 1 0 25.6 79.5 1 -1 0
0 1 0 25.6 79.5 1 -1 0
0 1 0 25.5 79.5 1 -1 0
0 1 0 25.6 79.5 1 -1 0
0 1 0 25.6 79.5 1 -1 0
0 1 0 25.6 79.5 0 -1 0
0 1 0 25.5 79.5 0 -1 0
0 1 0 25.6 79.5 0 -1 0
0 1 0 25.6 79.5 0 -1 0
0 1 0 25.6 79.5 0 -1 0
0 1 0 25.5 79.5 0 -1 0
0 1 0 25.6 79.5 0 -1 0
0 1 0 25.6 79.5 0 -1 0
0 1 0 25.6 79.5 0 -1 0
0 1 0 25.6 79.5 2 -1 0
0 1 0 25.6 79.5 2 -1 0
0 1 0 25.6 79.5 2 -1 0
0 1 0 25.6 79.5 2 -1 0
0 1 0 25.6 79.5 3 -1 0
0 1 0 25.6 79.5 3 -1 0
0 1 0 25.6 79.5 1 -1 0
0 1 0 25.6 79.5 1 -1 0
0 1 0 25.7 79.5 1 -1 0
0 1 0 25.6 79.5 1 -1 0
0 1 0 25.6 79.5 1 -1 0
0 1 0 25.6 79.5 1 -1 0
0 1 0 25.6 79.5 2 -1 0
0 1 0 25.6 79.5 2 -1 0
0 1 0 25.6 79.5 2 -1 0
0 1 0 25.6 79.5 2 -1 0
0 1 0 25.6 79.5 2 -1 0
0 1 0 25.6 79.5 2 -1 0
0 1 0 25.6 79.5 2 -1 0
0 1 0 25.5 79.5 2 -1 0
0 1 0 25.5 79.5 2 -1 0
0 1 0 25.6 80.0 4 -1 0
0 1 0 25.5 79.5 4 -1 0
0 1 0 25.5 79.5 1 -1 0
0 1 0 25.6 79.5 1 -1 0
0 1 0 25.6 79.5 1 -1 0
0 1 0 25.6 79.5 1 -1 0
0 1 0 25.7 79.5 2 -1 0
0 1 0 25.6 79.5 2 -1 0
0 1 0 25.6 79.5 2 -1 0
0 1 0 25.6 79.5 2 -1 0
0 1 0 25.6 79.5 2 -1 0
0 1 0 25.5 79.5 2 -1 0
0 1 0 25.6 79.5 4 -1 0
0 1 0 25.6 80.0 4 -1 0
0 1 0 25.6 80.0 4 -1 0
0 1 0 25.5 79.5 4 -1 0
0 1 0 25.6 80.0 4 -1 0
0 1 0 25.6 79.5 4 -1 0
0 1 0 25.6 80.0 4 -1 0
0 1 0 25.6 79.5 4 -1 0
0 1 0 25.6 79.5 4 -1 0
0 1 0 25.6 79.5 4 -1 0
0 1 0 25.6 79.5 4 -1 0
0 1 0 25.6 79.5 4 -1 0
0 1 0 25.6 80.0 4 -1 0
0 1 0 25.6 79.5 4 -1 0
0 1 0 25.6 79.5 4 -1 0
0 1 0 25.6 79.5 3 -1 0
0 1 0 25.6 79.5 3 -1 0
0 1 0 25.6 79.5 3 -1 0
0 1 0 25.6 79.5 6 -1 0
0 1 0 25.6 79.5 3 -1 0
0 1 0 25.6 79.5 3 -1 0
0 1 0 25.6 79.5 3 -1 0
0 1 0 25.6 79.5 3 -1 0
0 1 0 25.6 79.5 3 -1 0
0 1 0 25.6 79.5 3 -1 0
0 1 0 25.6 79.5 3 -1 0
0 1 0 25.6 79.5 5 -1 0
0 1 0 25.6 79.5 5 -1 0
0 1 0 25.6 79.5 5 -1 0
0 1 0 25.6 79.5 5 -1 0
0 1 0 25.6 79.5 5 -1 0
0 1 0 25.6 79.5 5 -1 0
0 1 0 25.6 79.5 5 -1 0
0 1 0 25.6 79.5 7 -1 0
0 1 0 25.6 79.5 7 -1 0
0 1 0 25.6 79.5 7 -1 0
0 1 0 25.6 79.5 7 -1 0
0 1 0 25.6 79.5 7 -1 0
0 1 0 25.6 79.5 7 -1 0
0 1 0 25.6 79.5 7 -1 0
0 1 0 25.6 79.5 7 -1 0
0 1 0 25.6 79.5 7 -1 0
0 1 0 25.6 79.5 7 -1 0
0 1 0 25.6 79.5 5 -1 0
0 1 0 25.6 79.5 5 -1 0
0 1 0 25.6 79.5 5 -1 0
0 1 0 25.6 79.5 3 -1 0
0 1 0 25.6 79.5 3 -1 0
0 1 0 25.7 79.5 3 -1 0
0 1 0 25.7 79.5 3 -1 0
0 1 0 25.6 79.5 3 -1 0
0 1 0 25.6 79.5 5 -1 0
0 1 0 25.6 79.5 5 -1 0
0 1 0 25.6 79.5 5 -1 0
0 1 0 25.6 79.5 5 -1 0
0 1 0 25.6 79.5 5 -1 0
0 1 0 25.6 79.5 5 -1 0
0 1 0 25.6 79.5 5 -1 0
0 1 0 25.6 79.5 5 -1 0
0 1 0 25.6 79.5 5 -1 0
0 1 0 25.7 79.5 5 -1 0
0 1 0 25.6 79.5 5 -1 0
0 1 0 25.6 79.5 5 -1 0
0 1 0 25.6 79.5 5 -1 0
0 1 0 25.7 79.5 7 -1 0
0 1 0 25.6 79.5 5 -1 0
0 1 0 25.7 79.5 7 -1 0
0 1 0 25.7 79.5 9 -1 0
0 1 0 25.6 79.5 7 -1 0
0 1 0 25.7 79.5 9 -1 0
0 1 0 25.6 79.5 8 -1 0
0 1 0 25.7 79.5 10 -1 0
0 1 0 25.6 79.5 12 -1 0
0 1 0 25.6 79.5 8 -1 0
0 1 0 25.6 79.5 10 -1 0
0 1 0 25.7 79.5 12 -1 0
0 1 0 25.7 79.5 12 -1 0
0 1 0 25.6 79.5 10 -1 0
0 1 0 25.7 79.5 12 -1 0
0 1 0 25.7 79.5 14 -1 0
0 1 0 25.6 79.5 12 -1 0
0 1 0 25.7 79.5 15 -1 0
0 1 0 25.7 79.5 17 -1 0
0 1 0 25.6 79.5 15 -1 0
0 1 0 25.7 79.5 15 -1 0
0 1 0 25.7 79.5 15 -1 0
0 1 0 25.7 79.5 17 -1 0
0 1 0 25.7 79.5 17 -1 0
0 1 0 25.7 79.5 17 -1 0
0 1 0 25.6 79.5 17 -1 0
0 1 0 25.7 79.5 19 -1 0
0 1 0 25.7 79.5 19 -1 0
0 1 0 25.7 79.5 15 -1 0
0 1 0 25.7 79.5 15 -1 0
0 1 0 25.6 79.5 15 -1 0
0 1 0 25.7 79.5 15 -1 0
0 1 0 25.6 79.5 15 -1 0
0 1 0 25.7 79.5 15 -1 0
0 1 0 25.7 79.5 15 -1 0
0 1 0 25.7 79.5 19 -1 0
0 1 0 25.7 79.5 19 -1 0
0 1 0 25.6 79.5 17 -1 0
0 1 0 25.6 79.5 17 -1 0
0 1 0 25.8 79.5 17 -1 0
0 1 0 25.6 79.5 17 -1 0
0 1 0 25.7 79.5 17 -1 0
0 1 0 25.7 79.5 17 -1 0
0 1 0 25.7 79.5 17 -1 0
0 1 0 25.7 79.5 17 -1 0
0 1 0 25.8 79.5 17 -1 0
0 1 0 25.7 79.5 19 -1 0
0 1 0 25.7 79.5 15 -1 0
0 1 0 25.7 79.5 17 -1 0
0 1 0 25.7 80.0 19 -1 0
0 1 0 25.7 80.0 19 -1 0
0 1 0 25.6 79.5 17 -1 0
0 1 0 25.6 80.0 19 -1 0
0 1 0 25.7 80.0 21 -1 0
0 1 0 25.7 80.0 21 -1 0
0 1 0 25.7 80.0 20 -1 0
0 1 0 25.6 80.0 20 -1 0
0 1 0 25.7 80.0 20 -1 0
0 1 0 25.7 80.0 22 -1 0
0 1 0 25.7 80.0 22 -1 0
0 1 0 25.7 80.0 22 -1 0
0 1 0 25.7 80.0 22 -1 0
0 1 0 25.7 80.0 24 -1 0
0 1 0 25.7 80.0 24 -1 0
0 1 0 25.7 79.5 20 -1 0
0 1 0 25.8 79.5 20 -1 0
0 1 0 25.7 79.5 22 -1 0
0 1 0 25.8 79.5 22 -1 0
0 1 0 25.7 79.5 22 -1 0
0 1 0 25.8 79.5 22 -1 0
0 1 0 25.7 79.5 22 -1 0
0 1 0 25.7 79.5 22 -1 0
0 1 0 25.7 79.5 22 -1 0
0 1 0 25.8 79.5 22 -1 0
0 1 0 25.7 79.5 22 -1 0
0 1 0 25.7 80.0 24 -1 0
0 1 0 25.7 79.5 24 -1 0
0 1 0 25.8 79.5 26 -1 0
0 1 0 25.7 79.5 24 -1 0
0 1 0 25.8 79.5 24 -1 0
0 1 0 25.8 79.5 26 -1 0
0 1 0 25.7 79.5 26 -1 0
0 1 0 25.8 79.5 28 -1 0
0 1 0 25.8 79.5 28 -1 0
0 1 0 25.8 79.5 25 -1 0
0 1 0 25.8 79.5 27 -1 0
0 1 0 25.8 79.5 27 -1 0
0 1 0 25.8 79.5 27 -1 0
0 1 0 25.8 79.5 29 -1 0
0 1 0 25.8 79.5 29 -1 0
0 1 0 25.7 79.5 29 -1 0
0 1 0 25.7 79.5 29 -1 0
0 1 0 25.8 79.5 27 -1 0
0 1 0 25.7 79.5 27 -1 0
0 1 0 25.7 79.5 29 -1 0
0 1 0 25.8 79.5 31 -1 0
0 1 0 25.7 79.5 29 -1 0
0 1 0 25.7 79.5 31 -1 0
0 1 0 25.6 79.5 32 -1 0
0 1 0 25.7 79.5 34 -1 0
0 1 0 25.8 79.5 32 -1 0
0 1 0 25.7 79.5 32 -1 0
0 1 0 25.7 79.5 34 -1 0
0 1 0 25.7 79.5 34 -1 0
0 1 0 25.7 79.0 32 -1 0
0 1 0 25.7 79.0 36 -1 0
0 1 0 25.7 79.5 36 -1 0
0 1 0 25.7 79.5 36 -1 0
0 1 0 25.7 79.5 36 -1 0
0 1 0 25.7 79.5 32 -1 0
0 1 0 25.8 79.5 38 -1 0
0 1 0 25.7 79.5 34 -1 0
0 1 0 25.7 79.5 32 -1 0
0 1 0 25.7 79.5 32 -1 0
0 1 0 25.7 79.5 34 -1 0
0 1 0 25.7 79.5 36 -1 0
0 1 0 25.7 79.5 39 -1 0
0 1 0 25.7 79.5 43 -1 0
0 1 0 25.7 79.5 39 -1 0
0 1 0 25.7 79.5 39 -1 0
0 1 0 25.6 79.5 46 -1 0
0 1 0 25.7 79.5 47 -1 0
0 1 0 25.7 79.5 48 -1 0
0 1 0 25.6 79.5 51 -1 0
0 1 0 25.7 79.5 52 -1 0
0 1 0 25.6 79.5 49 -1 0
0 1 0 25.7 79.5 53 -1 0
0 1 0 25.7 79.5 51 -1 0
0 1 0 25.7 79.5 48 -1 0
0 1 0 25.6 79.5 48 -1 0
0 1 0 25.7 79.0 48 -1 0
0 1 0 25.7 79.0 48 -1 0
0 1 0 25.7 79.0 46 -1 0
0 1 1 25.7 79.0 46 -1 1
1 1 20 25.7 79.0 61 -1 1
1 1 9 25.7 78.0 61 -1 1
1 1 9 25.5 77.0 63 -1 1
1 1 12 25.4 76.0 60 -1 1
1 1 4 25.2 74.5 56 -1 1
1 1 2 25.0 74.5 58 -1 1
1 1 2 24.8 73.5 56 -1 1
1 1 0 24.7 73.0 54 -1 1
1 1 13 24.6 73.5 54 -1 1
1 1 14 24.6 73.5 54 -1 1
1 1 8 24.6 73.5 56 -1 1
1 1 16 24.5 72.0 58 -1 1
1 1 25 24.5 72.0 56 -1 1
1 1 27 24.4 72.5 56 -1 1
1 1 26 24.4 72.0 58 -1 1
1 1 27 24.4 72.0 58 -1 1
1 1 35 24.3 72.0 56 -1 1
1 1 14 24.2 72.5 56 -1 1
1 1 10 24.4 73.0 60 -1 1
1 1 0 24.3 72.5 58 -1 1
1 1 2 24.2 72.5 58 -1 1
1 1 0 24.3 73.0 56 -1 1
1 1 0 24.3 73.0 58 -1 1
1 1 19 24.3 73.0 56 -1 1
1 1 16 24.2 72.5 58 -1 1
1 1 0 24.2 73.0 60 -1 1
1 1 16 24.1 73.0 60 -1 1
1 1 0 24.2 74.0 59 -1 1
1 1 8 24.3 74.5 63 -1 1
1 1 6 24.4 75.0 61 -1 1
1 1 5 24.5 76.0 61 -1 1
1 1 7 24.6 76.5 63 -1 1
1 1 0 24.6 76.5 63 -1 1
1 1 0 24.7 76.5 59 -1 1
1 1 4 24.8 77.0 59 -1 1
1 1 11 24.8 77.0 58 -1 1
1 1 4 24.8 76.5 58 -1 1
1 1 3 24.8 76.0 58 -1 1
1 1 5 24.7 76.0 56 -1 1
1 1 14 24.7 76.0 53 -1 1
1 1 7 24.7 76.0 51 -1 1
1 1 3 24.7 75.5 47 -1 1
1 1 6 24.6 75.5 48 -1 1
1 1 7 24.7 75.0 46 -1 1
1 1 4 24.6 76.0 43 -1 1
1 1 0 24.5 76.0 39 -1 1
1 1 0 24.6 75.5 39 -1 1
1 1 0 24.5 75.0 37 -1 1
1 1 7 24.3 74.0 39 -1 1
1 1 0 24.3 75.0 39 -1 1
1 1 0 24.4 75.5 39 -1 1
1 1 22 24.4 75.5 41 -1 1
1 1 13 24.5 75.5 39 -1 1
1 1 19 24.5 76.0 39 -1 1
1 1 31 24.6 76.5 39 -1 1
1 1 24 24.7 76.5 41 -1 1
1 1 40 24.7 77.0 39 -1 1
1 1 34 24.7 77.0 38 -1 1
1 1 22 24.8 77.0 36 -1 1
1 1 15 24.8 77.0 38 -1 1
1 1 0 24.8 77.5 34 -1 1
1 1 0 24.9 77.5 34 -1 1
1 1 4 24.9 77.5 32 -1 1
1 1 5 24.9 77.0 32 -1 1
1 1 6 24.9 77.0 32 -1 1
1 1 1 24.9 77.0 32 -1 1
1 1 2 24.9 77.0 32 -1 1
1 1 5 25.0 77.0 32 -1 1
1 1 3 25.0 77.5 32 -1 1
1 1 3 25.0 77.5 34 -1 1
1 1 2 25.0 77.0 36 -1 1
1 1 0 25.0 77.0 34 -1 1
1 1 0 24.9 77.0 38 -1 1
1 1 0 25.0 77.0 37 -1 1
1 1 0 25.0 77.0 39 -1 1
1 1 6 25.0 77.5 37 -1 1
1 1 3 24.9 77.0 39 -1 1
1 1 8 25.0 77.0 37 -1 1
1 1 1 25.0 77.0 41 -1 1
1 1 2 25.0 77.0 39 -1 1
1 1 3 25.0 77.0 38 -1 1
1 1 0 25.0 77.0 36 -1 1
1 1 3 25.1 77.0 34 -1 1
1 1 7 25.0 76.5 36 -1 1
1 1 3 25.0 76.5 36 -1 1
1 1 37 25.0 76.5 34 -1 1
1 1 1 25.0 76.5 34 -1 1
1 1 5 25.1 76.5 34 -1 1
1 1 8 25.0 76.0 34 -1 1
1 1 48 25.0 75.5 34 -1 1
1 1 30 25.0 76.0 34 -1 1
1 1 34 25.0 75.5 34 -1 1
1 1 16 25.0 75.0 38 -1 1
1 1 7 25.0 75.0 38 -1 1
1 1 22 24.9 74.5 38 -1 1
1 1 2 24.9 75.0 38 -1 1
1 1 27 25.0 74.0 38 -1 1
1 1 0 24.9 74.0 38 -1 1
1 1 25 24.9 74.0 36 -1 1
1 1 14 24.9 74.5 36 -1 1
1 1 36 24.9 74.5 34 -1 1
1 1 46 24.8 74.0 36 -1 1
1 1 42 24.9 74.5 37 -1 1
1 1 17 24.8 74.5 39 -1 1
1 1 20 24.9 75.0 39 -1 1
1 1 6 24.8 75.0 39 -1 1
1 1 0 24.8 75.0 41 -1 1
1 1 0 24.8 75.0 39 -1 1
1 1 5 24.8 75.0 41 -1 1
1 1 0 24.8 74.5 43 -1 1
1 1 7 24.7 74.5 40 -1 1
1 1 9 24.8 74.5 42 -1 1
1 1 16 24.8 75.0 42 -1 1
1 1 29 24.8 75.0 41 -1 1
1 1 17 24.8 74.5 42 -1 1
1 1 2 24.8 74.5 42 -1 1
1 1 0 24.8 74.5 43 -1 1
1 1 0 24.8 74.0 41 -1 1
1 1 0 24.8 74.0 39 -1 1
1 1 9 24.8 74.0 39 -1 1
1 1 12 24.7 74.0 43 -1 1
1 1 4 24.8 74.0 44 -1 1
1 1 0 24.8 74.0 48 -1 1
1 1 7 24.7 74.0 48 -1 1
1 1 33 24.8 74.0 49 -1 1
1 1 38 24.8 74.0 47 -1 1
1 1 24 24.8 74.0 51 -1 1
1 1 1 24.8 74.0 56 -1 1
1 1 10 24.8 74.0 58 -1 1
1 1 2 24.9 74.0 58 -1 1
1 1 9 24.9 74.0 59 -1 1
1 1 4 24.8 74.0 61 -1 1
1 1 4 25.0 74.0 61 -1 1
1 1 18 24.9 74.0 58 -1 1
1 1 30 24.9 73.5 58 -1 1
1 1 22 24.9 73.5 58 -1 1
1 1 13 24.9 73.5 54 -1 1
1 1 35 24.9 73.5 56 -1 1
1 1 28 24.9 73.0 56 -1 1
1 1 17 24.9 73.0 51 -1 1
1 1 26 24.9 73.5 53 -1 1
1 1 22 24.9 74.0 55 -1 1
1 1 27 25.0 74.5 51 -1 1
1 1 10 25.0 74.5 51 -1 1
1 1 13 25.0 75.0 51 -1 1
1 1 6 25.0 75.0 51 -1 1
1 1 6 24.9 74.0 48 -1 1
1 1 7 25.0 74.0 46 -1 1
1 1 6 25.0 74.0 44 -1 1
1 1 0 25.0 74.0 44 -1 1
1 1 4 25.0 74.5 42 -1 1
1 1 5 25.0 74.5 46 -1 1
1 1 0 25.0 75.0 42 -1 1
1 1 13 25.0 75.0 44 -1 1
1 1 0 25.0 75.0 44 -1 1
1 1 26 25.0 75.0 40 -1 1
1 1 47 25.2 75.5 38 -1 1
1 1 34 25.2 76.0 44 -1 1
1 1 30 25.2 75.5 40 -1 1
1 1 21 25.3 75.5 42 -1 1
1 1 19 25.3 75.5 41 -1 1
1 1 11 25.4 76.0 41 -1 1
1 1 20 25.2 76.0 37 -1 1
1 1 45 25.4 75.5 35 -1 1
1 1 43 25.4 76.0 34 -1 1
1 1 1 25.4 75.0 34 -1 1
1 1 6 25.4 74.5 32 -1 1
1 1 18 25.3 74.5 32 -1 1
1 1 7 25.2 75.0 31 -1 1
1 1 0 25.3 75.0 27 -1 1
1 1 2 25.3 75.5 31 -1 1
1 1 0 25.3 75.5 29 -1 1
1 1 2 25.3 76.0 27 -1 1
1 1 2 25.3 76.0 29 -1 1
1 1 11 25.3 75.5 29 -1 1
1 1 9 25.3 76.0 27 -1 1
1 1 0 25.3 75.5 27 -1 1
1 1 5 25.3 75.5 29 -1 1
1 1 3 25.3 75.5 27 -1 1
1 1 1 25.3 75.5 27 -1 1
1 1 4 25.3 75.5 27 -1 1
1 1 5 25.3 75.5 29 -1 1
1 1 4 25.3 75.0 25 -1 1
1 1 4 25.2 75.0 29 -1 1
1 1 3 25.1 75.0 31 -1 1
1 1 2 25.2 74.5 32 -1 1
1 1 1 25.2 74.0 32 -1 1
1 1 3 25.1 74.0 29 -1 1
1 1 2 25.1 74.0 31 -1 1
1 1 1 25.1 73.5 31 -1 1
1 1 1 25.0 73.5 29 -1 1
1 1 3 25.0 73.5 32 -1 1
1 1 0 25.1 73.5 34 -1 1
1 1 9 25.0 73.5 36 -1 1
1 1 3 25.0 73.5 37 -1 1
1 1 0 25.0 73.0 37 -1 1
1 1 7 25.0 73.0 39 -1 1
1 1 4 25.0 73.0 41 -1 1
1 1 0 25.0 73.0 43 -1 1
1 1 0 25.0 73.0 41 -1 1
1 1 1 25.0 73.0 43 -1 1
1 1 0 25.0 73.0 44 -1 1
1 1 8 25.0 73.0 44 -1 1
1 1 4 25.0 73.5 44 -1 1
1 1 0 25.1 73.5 42 -1 1
1 1 0 25.0 73.5 42 -1 1
1 1 1 25.1 73.0 42 -1 1
1 1 0 25.1 73.0 43 -1 1
1 1 3 25.0 73.5 43 -1 1
1 1 2 25.0 74.0 39 -1 1
1 1 4 25.1 74.0 41 -1 1
1 1 1 25.1 74.0 41 -1 1
1 1 1 25.1 74.0 41 -1 1
1 1 1 25.1 74.0 41 -1 1
1 1 7 25.1 74.5 43 -1 1
1 1 7 25.1 74.0 39 -1 1
1 1 12 25.1 73.5 43 -1 1
1 1 0 25.1 73.5 43 -1 1
1 1 16 25.1 73.5 42 -1 1
1 1 6 25.1 73.5 44 -1 1
1 1 0 25.1 73.5 42 -1 1
1 1 2 25.0 73.0 44 -1 1
1 1 0 25.0 73.0 44 -1 1
1 1 1 25.0 72.0 46 -1 1
1 1 7 24.9 72.0 46 -1 1
1 1 0 24.9 71.5 46 -1 1
1 1 0 24.8 72.0 44 -1 1
1 1 1 24.8 72.5 46 -1 1
1 1 4 24.9 72.5 48 -1 1
1 1 2 24.9 72.0 44 -1 1
1 1 3 24.9 71.5 47 -1 1
1 1 2 24.8 72.0 47 -1 1
1 1 4 24.9 72.5 47 -1 1
1 1 18 24.9 73.0 48 -1 1
1 1 16 24.9 73.5 49 -1 1
1 1 0 25.0 74.0 49 -1 1
1 1 0 25.0 74.0 51 -1 1
1 1 0 24.9 74.0 51 -1 1
1 1 2 25.0 74.0 51 -1 1
1 1 13 25.0 74.0 47 -1 1
1 1 0 25.0 74.0 49 -1 1
1 1 0 25.0 74.0 44 -1 1
1 1 0 25.0 74.0 48 -1 1
1 1 4 25.1 73.5 44 -1 1
1 1 1 25.0 73.5 47 -1 1
1 1 2 25.0 73.5 47 -1 1
1 1 9 25.0 73.5 49 -1 1
1 1 24 25.1 73.5 51 -1 1
1 1 9 25.0 73.5 49 -1 1
1 1 3 25.0 73.5 49 -1 1
1 1 5 25.0 74.0 51 -1 1
1 1 10 25.0 74.0 51 -1 1
1 1 2 25.1 74.0 51 -1 1
1 1 4 25.1 74.5 51 -1 1
1 1 0 25.2 74.5 51 -1 1
1 1 15 25.1 74.5 48 -1 1
1 1 1 25.1 73.5 44 -1 1
1 1 3 25.1 73.0 42 -1 1
1 1 0 25.0 73.5 39 -1 1
1 1 2 25.0 74.0 41 -1 1
1 1 0 25.1 74.5 39 -1 1
1 1 3 25.1 75.0 37 -1 1
1 1 2 25.1 75.0 39 -1 1
1 1 2 25.1 74.0 35 -1 1
1 1 0 25.1 74.0 36 -1 1
1 1 0 25.1 73.5 34 -1 1
1 1 0 25.0 74.0 36 -1 1
1 1 0 25.1 74.0 32 -1 1
1 1 4 25.1 74.5 34 -1 1
1 1 5 25.0 74.5 34 -1 1
1 1 6 25.1 74.0 29 -1 1
1 1 2 25.1 74.0 29 -1 1
1 1 0 25.1 73.0 27 -1 1
1 1 11 24.9 72.5 27 -1 1
1 1 15 24.9 72.5 27 -1 1
1 1 6 24.9 72.5 27 -1 1
1 1 6 24.9 73.0 29 -1 1
1 1 0 25.0 73.0 27 -1 1
1 1 0 25.0 72.5 27 -1 1
1 1 8 24.9 72.0 26 -1 1
1 1 7 24.9 72.0 22 -1 1
1 1 4 24.8 72.0 24 -1 1
1 1 4 24.9 72.0 24 -1 1
1 1 14 24.9 72.5 26 -1 1
1 1 7 24.9 73.0 24 -1 1
1 1 3 24.9 73.0 26 -1 1
1 1 26 24.9 73.0 26 -1 1
1 1 6 24.9 72.5 28 -1 1
1 1 0 24.8 72.5 28 -1 1
1 1 8 24.9 73.0 26 -1 1
1 1 8 24.9 73.0 26 -1 1
1 1 0 24.8 72.0 24 -1 1
1 1 6 24.8 72.0 24 -1 1
1 1 1 24.8 72.5 26 -1 1
1 1 0 24.8 72.0 25 -1 1
1 1 0 24.9 72.5 27 -1 1
1 1 3 24.8 73.0 29 -1 1
1 1 0 24.9 74.0 29 -1 1
1 1 4 24.9 74.5 29 -1 1
1 1 0 25.0 74.0 27 -1 1
1 1 0 25.0 74.0 27 -1 1
1 1 0 24.8 73.0 28 -1 1
1 1 0 24.9 73.0 26 -1 1
1 1 1 24.8 73.0 24 -1 1
1 1 3 24.9 72.5 24 -1 1
1 1 11 24.8 72.5 24 -1 1
1 1 0 24.8 72.0 26 -1 1
1 1 0 24.8 72.0 26 -1 1
1 1 0 24.7 72.0 24 -1 1
1 1 0 24.7 72.0 24 -1 1
1 1 0 24.7 71.5 22 -1 1
1 1 7 24.7 71.5 22 -1 1
1 1 23 24.7 71.0 26 -1 1
1 1 20 24.6 71.0 22 -1 1
1 1 0 24.6 71.0 22 -1 1
1 1 0 24.6 71.0 24 -1 1
1 1 0 24.6 71.0 24 -1 1
1 1 0 24.6 71.5 24 -1 1
1 1 0 24.6 71.5 24 -1 1
1 1 18 24.6 71.5 24 -1 1
1 1 41 24.6 71.5 24 -1 1
1 1 24 24.6 71.5 26 -1 1
1 1 6 24.6 71.5 26 -1 1
1 1 4 24.5 71.5 24 -1 1
1 1 9 24.6 71.5 24 -1 1
1 1 4 24.6 71.5 24 -1 1
1 1 0 24.6 71.5 24 -1 1
1 1 0 24.5 71.0 24 -1 1
1 1 0 24.5 71.0 24 -1 1
1 1 0 24.4 71.0 24 -1 1
1 1 0 24.4 71.0 24 -1 1
1 1 0 24.4 70.5 24 -1 1
1 1 0 24.4 70.5 24 -1 1
1 1 0 24.4 70.5 24 -1 1
1 1 0 24.3 70.5 24 -1 1
1 1 0 24.4 70.5 24 -1 1
1 1 8 24.4 70.5 30 -1 1
1 1 13 24.4 70.5 28 -1 1
1 1 8 24.4 70.5 30 -1 1
1 1 0 24.3 70.5 27 -1 1
1 1 2 24.4 70.5 29 -1 1
1 1 1 24.4 70.5 31 -1 1
1 1 2 24.4 70.5 29 -1 1
1 1 3 24.4 71.0 31 -1 1
1 1 0 24.4 71.0 33 -1 1
1 1 7 24.4 71.0 31 -1 1
1 1 8 24.5 71.5 33 -1 1
1 1 0 24.4 72.0 34 -1 1
1 1 0 24.6 72.5 36 -1 1
1 1 2 24.6 72.5 38 -1 1
1 1 0 24.5 72.5 34 -1 1
1 1 1 24.5 72.5 36 -1 1
1 1 1 24.5 72.0 36 -1 1
1 1 1 24.5 72.0 36 -1 1
1 1 0 24.5 71.5 36 -1 1
1 1 0 24.5 72.0 34 -1 1
1 1 0 24.5 72.0 36 -1 1
1 1 0 24.5 71.5 34 -1 1
1 1 16 24.5 71.0 33 -1 1
1 1 43 24.5 71.5 33 -1 1
1 1 22 24.5 71.5 31 -1 1
1 1 30 24.5 72.0 31 -1 1
1 1 0 24.5 72.0 31 -1 1
1 1 0 24.6 72.0 31 -1 1
1 1 7 24.6 72.0 31 -1 1
1 1 6 24.6 72.0 31 -1 1
1 1 0 24.6 72.0 31 -1 1
1 1 0 24.6 72.0 31 -1 1
1 1 0 24.6 72.0 33 -1 1
1 1 0 24.6 72.0 33 -1 1
1 1 0 24.6 72.0 33 -1 1
1 1 0 24.6 72.5 35 -1 1
1 1 13 24.5 72.0 33 -1 1
1 1 0 24.6 72.0 33 -1 1
1 1 0 24.6 72.5 33 -1 1
1 1 0 24.6 72.5 33 -1 1
1 1 0 24.6 73.0 31 -1 1
1 1 0 24.5 73.5 31 -1 1
1 1 0 24.6 74.0 31 -1 1
1 1 0 24.7 74.0 31 -1 1
1 1 0 24.7 74.0 31 -1 1
1 1 0 24.7 74.5 33 -1 1
1 1 0 24.7 74.5 33 -1 1
1 1 0 24.8 74.5 31 -1 1
1 1 0 24.7 74.5 29 -1 1
1 1 0 24.7 74.0 33 -1 1
1 1 0 24.7 74.5 31 -1 1
1 1 9 24.7 74.5 29 -1 1
1 1 5 24.8 75.0 27 -1 1
1 1 0 24.8 75.0 30 -1 1
1 1 6 24.8 74.5 28 -1 1
1 1 0 24.7 74.0 26 -1 1
1 1 0 24.8 74.0 26 -1 1
1 1 5 24.8 74.0 28 -1 1
1 1 4 24.8 74.5 28 -1 1
1 1 7 24.8 74.5 28 -1 1
1 1 0 24.8 74.5 28 -1 1
1 1 0 24.8 74.5 28 -1 1
1 1 0 24.8 74.5 26 -1 1
1 1 0 24.8 74.5 26 -1 1
1 1 0 24.8 75.0 26 -1 1
1 1 0 24.9 75.0 26 -1 1
1 1 0 24.9 75.0 26 -1 1
1 1 0 24.8 75.0 26 -1 1
1 1 0 24.8 75.0 26 -1 1
1 1 0 24.8 75.0 26 -1 1
1 1 0 24.8 75.5 28 -1 1
1 1 0 24.9 75.5 28 -1 1
1 1 0 24.8 75.5 26 -1 1
1 1 0 24.9 75.5 26 -1 1
1 1 0 24.9 75.5 26 -1 1
1 1 0 24.8 76.0 28 -1 1
1 1 0 24.9 76.0 28 -1 1
1 1 0 24.9 76.0 28 -1 1
1 1 0 24.9 76.5 28 -1 1
1 1 0 24.9 76.5 30 -1 1
1 1 7 25.0 77.0 30 -1 1
1 1 7 25.0 77.0 30 -1 1
1 1 12 25.0 77.0 27 -1 1
1 1 7 24.9 77.5 29 -1 1
1 1 6 25.0 77.5 29 -1 1
1 1 19 24.9 77.5 29 -1 1
1 1 8 25.0 77.5 29 -1 1
1 1 4 25.0 77.5 31 -1 1
1 1 8 25.0 77.5 31 -1 1
1 1 0 25.0 77.5 31 -1 1
1 1 1 25.0 78.0 29 -1 1
1 1 8 25.0 78.0 29 -1 1
1 1 0 25.0 77.5 29 -1 1
1 1 0 25.0 77.5 27 -1 1
1 1 0 25.1 77.5 30 -1 1
1 1 30 25.1 77.5 26 -1 1
1 1 22 25.0 78.0 28 -1 1
1 1 0 25.1 77.5 26 -1 1
1 1 0 25.1 78.0 26 -1 1
1 1 0 25.1 78.0 26 -1 1
1 1 18 25.0 78.0 24 -1 1
1 1 21 25.0 78.0 22 -1 1
1 1 12 25.0 78.0 22 -1 1
1 1 6 25.1 78.0 24 -1 1
1 1 33 25.1 78.0 16 -1 1
0 1 0 25.1 78.0 9 -1 0
0 1 0 25.1 78.5 9 -1 0
0 1 0 25.2 78.5 9 -1 0
0 1 0 25.2 78.5 9 -1 0
0 1 0 25.2 78.0 9 -1 0
0 1 0 25.2 78.0 9 -1 0
0 1 0 25.2 78.5 7 -1 0
0 1 0 25.3 78.0 7 -1 0
0 1 0 25.3 78.0 5 -1 0
0 1 0 25.3 78.0 5 -1 0
0 1 0 25.4 79.0 9 -1 0
0 1 0 25.3 78.5 7 -1 0
0 1 0 25.4 79.0 7 -1 0
0 1 0 25.4 79.0 7 -1 0
0 1 0 25.4 79.0 5 -1 0
0 1 0 25.4 79.0 5 -1 0
0 1 0 25.4 79.0 3 -1 0
0 1 0 25.4 79.0 6 -1 0
0 1 0 25.4 79.0 6 -1 0
0 1 0 25.4 79.0 4 -1 0
0 1 0 25.4 79.5 4 -1 0
0 1 0 25.4 79.0 4 -1 0
0 1 0 25.4 79.0 4 -1 0
0 1 0 25.4 79.5 4 -1 0
0 1 0 25.4 79.5 4 -1 0
0 1 0 25.5 80.0 2 -1 0
0 1 0 25.5 80.0 2 -1 0
0 1 0 25.5 80.5 2 -1 0
0 1 0 25.4 80.0 2 -1 0
0 1 0 25.4 80.5 4 -1 0
0 1 0 25.5 80.5 4 -1 0
0 1 0 25.5 80.5 2 -1 0
0 1 0 25.5 80.0 2 -1 0
0 1 0 25.6 80.5 1 -1 0
0 1 0 25.5 80.5 1 -1 0
0 1 0 25.4 80.5 1 -1 0
0 1 0 25.5 81.0 1 -1 0
0 1 0 25.5 81.0 1 -1 0
0 1 0 25.5 81.0 1 -1 0
0 1 0 25.5 81.0 1 -1 0
0 1 0 25.5 81.5 1 -1 0
0 1 0 25.5 81.0 1 -1 0
0 1 0 25.5 81.5 1 -1 0
0 1 0 25.5 81.5 2 -1 0
0 1 0 25.6 81.5 2 -1 0
0 1 0 25.5 81.5 2 -1 0
0 1 0 25.6 81.5 4 -1 0
0 1 0 25.5 82.0 4 -1 0
0 1 0 25.5 81.5 4 -1 0
0 1 0 25.5 82.0 4 -1 0
0 1 0 25.6 82.0 4 -1 0
0 1 0 25.5 82.0 4 -1 0
0 1 0 25.6 82.0 4 -1 0
0 1 0 25.5 82.0 4 -1 0
0 1 0 25.6 82.0 4 -1 0
0 1 0 25.5 82.0 4 -1 0
0 1 0 25.5 82.0 2 -1 0
0 1 0 25.5 82.0 2 -1 0
0 1 0 25.6 82.0 2 -1 0
0 1 0 25.5 82.0 2 -1 0
0 1 0 25.5 82.5 2 -1 0
0 1 0 25.6 82.5 2 -1 0
0 1 0 25.5 82.5 2 -1 0
0 1 0 25.5 82.5 2 -1 0
0 1 0 25.5 82.5 2 -1 0
0 1 0 25.5 82.5 2 -1 0
0 1 0 25.5 82.5 2 -1 0
0 1 0 25.5 82.5 2 -1 0
0 1 0 25.5 82.5 2 -1 0
0 1 0 25.5 82.5 2 -1 0
0 1 0 25.5 82.5 2 -1 0
0 1 0 25.5 82.5 2 -1 0
0 1 0 25.5 82.5 2 -1 0
0 1 0 25.5 83.0 2 -1 0
0 1 0 25.6 82.5 2 -1 0
0 1 0 25.5 82.5 2 -1 0
0 1 0 25.5 82.5 2 -1 0
0 1 0 25.5 82.5 2 -1 0
0 1 0 25.5 82.5 2 -1 0
0 1 0 25.5 82.5 2 -1 0
0 1 0 25.5 83.0 2 -1 0
0 1 0 25.5 82.5 2 -1 0
0 1 0 25.6 82.5 2 -1 0
0 1 0 25.6 83.0 2 -1 0
0 1 0 25.5 83.0 2 -1 0
0 1 0 25.5 83.0 2 -1 0
0 1 0 25.6 83.0 2 -1 0
0 1 0 25.5 83.0 2 -1 0
0 1 0 25.5 83.0 2 -1 0
0 1 0 25.6 83.0 2 -1 0
0 1 0 25.6 83.0 2 -1 0
0 1 0 25.5 83.0 2 -1 0
0 1 0 25.5 83.0 2 -1 0
0 1 0 25.5 83.0 2 -1 0
0 1 0 25.5 83.0 2 -1 0
0 1 0 25.5 82.5 2 -1 0
0 1 0 25.5 82.5 2 -1 0
0 1 0 25.5 82.5 2 -1 0
0 1 0 25.4 82.5 1 -1 0
0 1 0 25.5 82.5 1 -1 0
0 1 0 25.5 82.5 1 -1 0
0 1 0 25.5 82.5 1 -1 0
0 1 0 25.5 82.5 1 -1 0
0 1 0 25.5 82.5 4 -1 0
0 1 0 25.5 83.0 2 -1 0
0 1 0 25.5 83.0 2 -1 0
0 1 0 25.5 83.0 2 -1 0
0 1 0 25.5 83.0 2 -1 0
0 1 0 25.4 83.0 2 -1 0
0 1 0 25.4 83.0 2 -1 0
0 1 0 25.5 83.0 2 -1 0
0 1 0 25.4 83.0 2 -1 0
0 1 0 25.4 83.0 2 -1 0
0 1 0 25.4 83.0 0 -1 0
0 1 0 25.4 83.0 0 -1 0
0 1 0 25.4 83.0 0 -1 0
0 1 0 25.4 83.0 0 -1 0
0 1 0 25.4 83.0 0 -1 0
0 1 0 25.3 83.0 0 -1 0
0 1 0 25.3 83.0 0 -1 0
0 1 0 25.4 83.0 0 -1 0
0 1 0 25.3 83.0 0 -1 0
0 1 0 25.3 83.0 0 -1 0
0 1 0 25.3 83.0 0 -1 0
0 1 0 25.3 83.0 0 -1 0
0 1 0 25.3 83.0 0 -1 0
0 1 0 25.4 83.0 0 -1 0
0 1 0 25.3 83.0 0 -1 0
0 1 0 25.3 83.0 1 -1 0
0 1 0 25.3 83.0 1 -1 0
0 1 0 25.2 83.0 1 -1 0
0 1 0 25.3 83.0 1 -1 0
0 1 0 25.3 83.0 1 -1 0
0 1 0 25.3 83.0 1 -1 0
0 1 0 25.3 83.0 1 -1 0
0 1 0 25.2 83.0 1 -1 0
0 1 0 25.2 83.0 1 -1 0
0 1 0 25.3 83.0 1 -1 0
0 1 0 25.2 83.0 1 -1 0
0 1 0 25.3 83.0 1 -1 0
0 1 0 25.3 83.0 1 -1 0
0 1 0 25.2 83.0 1 -1 0
0 1 0 25.2 83.0 1 -1 0
0 1 0 25.2 83.0 1 -1 0
0 1 0 25.2 83.0 1 -1 0
0 1 0 25.1 83.0 1 -1 0
0 1 0 25.2 83.0 1 -1 0
0 1 0 25.2 83.0 1 -1 0
0 1 0 25.2 83.0 1 -1 0
0 1 0 25.2 83.0 1 -1 0
0 1 0 25.1 83.0 1 -1 0
0 1 0 25.1 83.0 1 -1 0
0 1 0 25.1 83.0 1 -1 0
0 1 0 25.1 83.0 1 -1 0
0 1 0 25.1 82.5 1 -1 0
0 1 0 25.1 82.5 1 -1 0
0 1 0 25.1 82.5 1 -1 0
0 1 0 25.1 82.5 1 -1 0
0 1 0 25.0 82.0 1 -1 0
0 1 0 25.0 82.0 1 -1 0
0 1 0 25.0 82.0 1 -1 0
0 1 0 25.0 82.0 1 -1 0
0 1 0 25.1 81.5 1 -1 0
0 1 0 25.0 81.5 1 -1 0
0 1 0 25.1 81.5 1 -1 0
0 1 0 25.0 82.0 1 -1 0
0 1 0 25.0 82.0 1 -1 0
0 1 0 25.0 82.0 1 -1 0
0 1 0 25.0 82.0 1 -1 0
0 1 0 25.0 82.0 1 -1 0
0 1 0 25.0 82.0 1 -1 0
0 1 0 25.0 82.0 1 -1 0
0 1 0 25.0 82.0 1 -1 0
0 1 0 25.0 82.0 1 -1 0
0 1 0 25.0 82.5 1 -1 0
0 1 0 25.0 82.5 1 -1 0
0 1 0 25.0 82.5 1 -1 0
0 1 0 25.0 82.5 1 -1 0
0 1 0 25.0 82.5 1 -1 0
0 1 0 24.9 82.5 1 -1 0
0 1 0 25.0 82.5 1 -1 0
0 1 0 24.9 82.5 1 -1 0
0 1 0 25.0 82.5 1 -1 0
0 1 0 24.9 82.5 1 -1 0
0 1 0 25.0 82.5 1 -1 0
0 1 0 24.9 82.5 1 -1 0
0 1 0 24.9 82.5 1 -1 0
0 1 0 24.9 82.5 1 -1 0
0 1 0 24.9 82.5 1 -1 0
0 1 0 24.9 82.5 1 -1 0
0 1 0 25.0 82.0 1 -1 0
0 1 0 25.0 82.0 1 -1 0
0 1 0 25.0 82.0 1 -1 0
0 1 0 24.9 82.0 1 -1 0
0 1 0 25.0 82.0 1 -1 0
0 1 0 24.9 82.0 1 -1 0
0 1 0 24.9 82.0 1 -1 0
0 1 0 24.9 82.0 1 -1 0
0 1 0 24.9 82.0 1 -1 0
0 1 0 24.9 82.0 1 -1 0
0 1 0 24.9 82.0 1 -1 0
0 1 0 24.9 81.5 1 -1 0
0 1 0 25.0 82.0 1 -1 0
0 1 0 24.9 82.0 1 -1 0
0 1 0 24.9 82.0 1 -1 0
0 1 0 24.9 82.0 1 -1 0
0 1 0 24.9 82.0 1 -1 0
0 1 0 24.9 82.0 1 -1 0
0 1 0 24.9 82.5 1 -1 0
0 1 0 24.9 82.5 1 -1 0
0 1 0 24.9 82.5 1 -1 0
0 1 0 24.9 82.5 1 -1 0
0 1 0 25.0 82.5 1 -1 0
0 1 0 24.9 82.0 1 -1 0
0 1 0 24.9 82.0 1 -1 0
0 1 0 24.9 82.0 1 -1 0
0 1 0 25.0 82.0 1 -1 0
0 1 0 24.9 81.5 1 -1 0
0 1 0 24.9 81.5 1 -1 0
0 1 0 24.9 81.5 1 -1 0
0 1 0 24.9 81.5 1 -1 0
0 1 0 24.9 81.0 1 -1 0
0 1 0 24.9 81.0 1 -1 0
0 1 0 24.9 81.0 1 -1 0
0 1 0 24.9 81.0 1 -1 0
0 1 0 24.9 80.5 1 -1 0
0 1 0 24.9 80.5 1 -1 0
0 1 0 24.8 80.5 1 -1 0
0 1 0 24.8 80.5 1 -1 0
0 1 0 24.9 81.0 1 -1 0
0 1 0 24.9 81.0 1 -1 0
0 1 0 24.9 80.5 1 -1 0
0 1 0 24.9 80.5 1 -1 0
0 1 0 24.8 81.0 1 -1 0
0 1 0 24.8 81.0 1 -1 0
0 1 0 24.9 81.0 1 -1 0
0 1 0 24.8 80.5 1 -1 0
0 1 0 24.8 80.5 1 -1 0
0 1 0 24.8 80.5 1 -1 0
0 1 0 24.8 80.5 1 -1 0
0 1 0 24.9 80.0 1 -1 0
0 1 0 24.8 80.0 1 -1 0
0 1 0 24.8 80.0 1 -1 0
0 1 0 24.9 80.0 1 -1 0
0 1 0 24.8 79.5 1 -1 0
0 1 0 24.8 79.5 1 -1 0
0 1 0 24.8 79.5 1 -1 0
0 1 0 24.8 79.5 1 -1 0
0 1 0 24.8 79.0 1 -1 0
0 1 0 24.7 79.0 1 -1 0
0 1 0 24.7 79.0 1 -1 0
0 1 0 24.7 79.0 1 -1 0
0 1 0 24.7 79.0 1 -1 0
0 1 0 24.7 78.5 1 -1 0
0 1 0 24.6 78.5 1 -1 0
0 1 0 24.7 78.5 1 -1 0
0 1 0 24.6 78.5 1 -1 0
0 1 0 24.6 78.5 1 -1 0
0 1 0 24.7 78.0 1 -1 0
0 1 0 24.6 78.0 1 -1 0
0 1 0 24.6 77.5 1 -1 0
0 1 0 24.7 77.5 1 -1 0
0 1 0 24.7 77.5 1 -1 0
0 1 0 24.6 77.0 1 -1 0
0 1 0 24.6 77.0 1 -1 0
0 1 0 24.5 77.5 1 -1 0
0 1 0 24.6 77.0 1 -1 0
0 1 0 24.5 77.0 1 -1 0
0 1 0 24.5 77.0 1 -1 0
0 1 0 24.5 77.0 1 -1 0
0 1 0 24.5 76.5 1 -1 0
0 1 0 24.5 76.5 1 -1 0
0 1 0 24.5 76.5 1 -1 0
0 1 0 24.5 76.5 1 -1 0
0 1 0 24.5 76.5 1 -1 0
0 1 0 24.5 76.0 1 -1 0
0 1 0 24.5 76.0 1 -1 0
0 1 0 24.5 76.0 1 -1 0
0 1 0 24.5 76.0 1 -1 0
0 1 0 24.5 76.0 1 -1 0
0 1 0 24.5 76.0 1 -1 0
0 1 0 24.4 76.0 1 -1 0
0 1 0 24.5 76.0 1 -1 0
0 1 0 24.5 76.0 1 -1 0
0 1 0 24.4 76.0 1 -1 0
0 1 0 24.5 76.0 1 -1 0
0 1 0 24.5 76.0 1 -1 0
0 1 0 24.5 76.0 1 -1 0
0 1 0 24.4 76.0 1 -1 0
0 1 0 24.5 76.0 1 -1 0
0 1 0 24.4 76.0 1 -1 0
0 1 0 24.4 76.0 1 -1 0
0 1 0 24.4 76.0 1 -1 0
0 1 0 24.4 76.0 1 -1 0
0 1 0 24.4 76.0 1 -1 0
0 1 0 24.5 76.0 1 -1 0
0 1 0 24.4 76.0 1 -1 0
0 1 0 24.4 76.0 1 -1 0
0 1 0 24.4 76.0 1 -1 0
0 1 0 24.5 76.0 1 -1 0
0 1 0 24.5 76.0 1 -1 0
0 1 0 24.5 76.0 1 -1 0
0 1 0 24.5 76.0 1 -1 0
0 1 0 24.4 76.0 1 -1 0
0 1 0 24.5 76.0 1 -1 0
0 1 0 24.5 76.0 1 -1 0
0 1 0 24.5 76.0 1 -1 0
0 1 0 24.5 76.5 1 -1 0
0 1 0 24.5 76.5 1 -1 0
0 1 0 24.5 76.0 1 -1 0
0 1 0 24.5 76.5 1 -1 0
0 1 0 24.4 76.5 1 -1 0
0 1 0 24.5 76.5 1 -1 0
0 1 0 24.5 76.5 1 -1 0
0 1 0 24.4 76.5 1 -1 0
0 1 0 24.5 76.5 1 -1 0
0 1 0 24.5 76.5 1 -1 0
0 1 0 24.6 76.0 1 -1 0
0 1 0 24.5 76.5 1 -1 0
0 1 0 24.5 76.0 1 -1 0
0 1 0 24.5 76.0 1 -1 0
0 1 0 24.5 76.0 1 -1 0
0 1 0 24.5 76.5 1 -1 0
0 1 0 24.5 76.5 1 -1 0
0 1 0 24.6 76.5 0 -1 0
0 1 0 24.6 76.5 0 -1 0
0 1 0 24.6 76.5 0 -1 0
0 1 0 24.6 76.5 0 -1 0
0 1 0 24.6 76.5 0 -1 0
0 1 0 24.6 76.5 0 -1 0
0 1 0 24.6 76.5 0 -1 0
0 1 0 24.6 76.5 0 -1 0
0 1 0 24.6 76.5 0 -1 0
0 1 0 24.6 76.5 0 -1 0
0 1 0 24.6 76.5 0 -1 0
0 1 0 24.5 76.5 0 -1 0
0 1 0 24.6 76.5 0 -1 0
0 1 0 24.6 76.5 0 -1 0
0 1 0 24.6 76.5 0 -1 0
0 1 0 24.6 76.5 0 -1 0
0 1 0 24.6 76.5 0 -1 0
0 1 0 24.6 76.5 0 -1 0
0 1 0 24.7 76.5 0 -1 0
0 1 0 24.6 76.5 0 -1 0
0 1 0 24.6 76.5 0 -1 0
0 1 0 24.7 76.0 0 -1 0
0 1 0 24.7 76.5 0 -1 0
0 1 0 24.7 76.5 0 -1 0
0 1 0 24.7 76.5 0 -1 0
0 1 0 24.7 76.5 0 -1 0
0 1 0 24.7 76.5 0 -1 0
0 1 0 24.6 76.0 0 -1 0
0 1 0 24.7 76.0 0 -1 0
0 1 0 24.7 76.5 0 -1 0
0 1 0 24.7 76.5 0 -1 0
0 1 0 24.7 76.5 0 -1 0
0 1 0 24.7 76.5 0 -1 0
0 1 0 24.7 76.0 0 -1 0
0 1 0 24.7 76.0 0 -1 0
0 1 0 24.7 76.0 0 -1 0
0 1 0 24.8 76.0 0 -1 0
0 1 0 24.7 76.0 0 -1 0
0 1 0 24.7 76.0 0 -1 0
0 1 0 24.7 76.0 0 -1 0
0 1 0 24.8 76.0 0 -1 0
0 1 0 24.7 76.0 0 -1 0
0 1 0 24.8 76.0 0 -1 0
0 1 0 24.7 76.0 0 -1 0
0 1 0 24.7 76.0 0 -1 0
0 1 0 24.7 76.0 0 -1 0
0 1 0 24.8 76.0 0 -1 0
0 1 0 24.8 76.0 0 -1 0
0 1 0 24.8 76.0 0 -1 0
0 1 0 24.8 76.0 0 -1 0
0 1 0 24.8 76.0 0 -1 0
0 1 0 24.7 76.0 0 -1 0
0 1 0 24.8 76.0 0 -1 0
0 1 0 24.8 76.0 0 -1 0
0 1 0 24.8 76.0 0 -1 0
0 1 0 24.8 75.5 0 -1 0
0 1 0 24.8 76.0 0 -1 0
0 1 0 24.8 76.0 0 -1 0
0 1 0 24.9 75.5 0 -1 0
0 1 0 24.8 75.5 0 -1 0
0 1 0 24.8 75.5 0 -1 0
0 1 0 24.8 75.5 0 -1 0
0 1 0 24.9 75.5 0 -1 0
0 1 0 24.8 75.5 0 -1 0
0 1 0 24.8 76.0 0 -1 0
0 1 0 24.8 75.5 0 -1 0
0 1 0 24.8 75.5 0 -1 0
0 1 0 24.8 75.5 0 -1 0
0 1 0 24.8 75.5 0 -1 0
0 1 0 24.8 75.5 0 -1 0
0 1 0 24.9 75.5 0 -1 0
0 1 0 24.9 75.5 0 -1 0
0 1 0 24.9 75.5 0 -1 0
0 1 0 24.9 75.5 0 -1 0
0 1 0 24.9 75.5 0 -1 0
0 1 0 24.9 75.5 0 -1 0
0 1 0 24.9 75.5 0 -1 0
0 1 0 24.9 75.5 0 -1 0
0 1 0 24.9 75.5 0 -1 0
0 1 0 24.9 75.5 0 -1 0
0 1 0 24.9 75.5 0 -1 0
0 1 0 24.9 75.5 0 -1 0
0 1 0 24.8 75.5 0 -1 0
0 1 0 25.0 75.5 0 -1 0
0 1 0 24.9 75.5 0 -1 0
0 1 0 24.9 75.5 0 -1 0
0 1 0 24.9 75.5 0 -1 0
0 1 0 24.9 75.5 0 -1 0
0 1 0 25.0 75.5 0 -1 0
0 1 0 24.9 75.5 0 -1 0
0 1 0 24.9 75.5 0 -1 0
0 1 0 24.9 75.5 0 -1 0
0 1 0 24.9 75.5 0 -1 0
0 1 0 24.9 75.5 0 -1 0
0 1 0 24.9 75.5 0 -1 0
0 1 0 25.0 75.5 0 -1 0
0 1 0 25.0 75.5 0 -1 0
0 1 0 24.9 75.5 0 -1 0
0 1 0 24.9 75.5 0 -1 0
0 1 0 24.9 75.5 0 -1 0
0 1 0 24.9 75.5 0 -1 0
0 1 0 24.9 75.5 0 -1 0
0 1 0 24.9 75.5 0 -1 0
0 1 0 25.0 76.0 0 -1 0
0 1 0 24.9 75.5 0 -1 0
0 1 0 24.9 75.5 0 -1 0
0 1 0 25.0 75.5 0 -1 0
