0 1 0 25.0 75.0 2 -1 0
0 1 0 25.1 75.0 2 -1 0
0 1 0 25.0 75.0 2 -1 0
0 1 0 25.0 75.0 2 -1 0
0 1 0 25.1 75.0 2 -1 0
0 1 0 25.1 75.0 2 -1 0
0 1 0 25.0 75.0 2 -1 0
0 1 0 25.0 75.0 2 -1 0
0 1 0 25.1 75.5 2 -1 0
0 1 0 25.0 75.5 2 -1 0
0 1 0 25.0 75.5 2 -1 0
0 1 0 25.1 75.5 2 -1 0
0 1 0 25.0 75.5 2 -1 0
0 1 0 25.1 75.5 2 -1 0
0 1 0 25.1 75.5 2 -1 0
0 1 0 25.1 75.5 2 -1 0
0 1 0 25.0 75.5 2 -1 0
0 1 0 25.0 75.5 2 -1 0
0 1 0 25.1 75.5 2 -1 0
0 1 0 25.1 75.5 2 -1 0
0 1 0 25.1 75.5 2 -1 0
0 1 0 25.1 75.5 2 -1 0
0 1 0 25.1 75.0 2 -1 0
0 1 0 25.1 75.0 2 -1 0
0 1 0 25.0 75.0 2 -1 0
0 1 0 25.1 75.0 2 -1 0
0 1 0 25.1 75.5 2 -1 0
0 1 0 25.1 75.5 2 -1 0
0 1 0 25.1 75.5 2 -1 0
0 1 0 25.1 75.5 2 -1 0
0 1 0 25.1 75.5 2 -1 0
0 1 0 25.1 75.5 2 -1 0
0 1 0 25.1 75.5 2 -1 0
0 1 0 25.1 75.5 2 -1 0
0 1 0 25.1 76.0 2 -1 0
0 1 0 25.1 76.0 2 -1 0
0 1 0 25.1 75.5 2 -1 0
0 1 0 25.1 76.0 2 -1 0
0 1 0 25.1 76.0 2 -1 0
0 1 0 25.1 76.0 2 -1 0
0 1 0 25.0 75.5 2 -1 0
0 1 0 25.1 75.5 2 -1 0
0 1 0 25.1 75.5 2 -1 0
0 1 0 25.0 75.5 2 -1 0
0 1 0 25.1 75.5 2 -1 0
0 1 0 25.1 75.5 2 -1 0
0 1 0 25.1 75.5 2 -1 0
0 1 0 25.1 75.5 2 -1 0
0 1 0 25.2 75.5 2 -1 0
0 1 0 25.2 75.5 2 -1 0
0 1 0 25.1 75.5 2 -1 0
0 1 0 25.1 75.5 2 -1 0
0 1 0 25.1 75.5 2 -1 0
0 1 0 25.1 75.5 2 -1 0
0 1 0 25.1 75.5 2 -1 0
0 1 0 25.1 75.5 2 -1 0
0 1 0 25.1 75.5 2 -1 0
0 1 0 25.2 75.5 2 -1 0
0 1 0 25.1 75.5 2 -1 0
0 1 0 25.1 75.5 2 -1 0
0 1 0 25.2 75.5 2 -1 0
0 1 0 25.2 75.5 2 -1 0
0 1 0 25.1 75.5 2 -1 0
0 1 0 25.2 75.5 2 -1 0
0 1 0 25.2 75.5 2 -1 0
0 1 0 25.1 75.5 2 -1 0
0 1 0 25.2 75.5 2 -1 0
0 1 0 25.1 75.0 2 -1 0
0 1 0 25.2 75.0 2 -1 0
0 1 0 25.2 75.0 2 -1 0
0 1 0 25.2 75.0 2 -1 0
0 1 0 25.2 75.0 2 -1 0
0 1 0 25.2 75.0 2 -1 0
0 1 0 25.1 75.0 2 -1 0
0 1 0 25.1 75.0 2 -1 0
0 1 0 25.1 75.0 2 -1 0
0 1 0 25.1 75.0 2 -1 0
0 1 0 25.2 75.0 2 -1 0
0 1 0 25.2 75.0 2 -1 0
0 1 0 25.1 75.0 2 -1 0
0 1 0 25.2 75.5 2 -1 0
0 1 0 25.1 75.5 2 -1 0
0 1 0 25.2 75.5 2 -1 0
0 1 0 25.2 75.5 2 -1 0
0 1 0 25.1 75.5 2 -1 0
0 1 0 25.1 75.5 2 -1 0
0 1 0 25.2 75.5 2 -1 0
0 1 0 25.2 75.5 2 -1 0
0 1 0 25.2 75.5 2 -1 0
0 1 0 25.1 76.0 2 -1 0
0 1 0 25.2 76.0 2 -1 0
0 1 0 25.2 76.0 2 -1 0
0 1 0 25.2 76.0 2 -1 0
0 1 0 25.2 76.0 2 -1 0
0 1 0 25.2 75.5 2 -1 0
0 1 0 25.2 75.5 2 -1 0
0 1 0 25.2 75.5 2 -1 0
0 1 0 25.2 76.0 2 -1 0
0 1 0 25.1 76.0 2 -1 0
0 1 0 25.2 76.0 2 -1 0
0 1 0 25.2 76.0 2 -1 0
0 1 0 25.2 76.0 2 -1 0
0 1 0 25.2 76.0 2 -1 0
0 1 0 25.1 76.0 2 -1 0
0 1 0 25.2 76.0 2 -1 0
0 1 0 25.2 76.0 2 -1 0
0 1 0 25.2 76.0 2 -1 0
0 1 0 25.2 76.0 2 -1 0
0 1 0 25.2 75.5 2 -1 0
0 1 0 25.2 75.5 2 -1 0
0 1 0 25.2 76.0 2 -1 0
0 1 0 25.2 75.5 2 -1 0
0 1 0 25.2 75.5 2 -1 0
0 1 0 25.3 75.5 2 -1 0
0 1 0 25.2 75.5 2 -1 0
0 1 0 25.2 75.5 2 -1 0
0 1 0 25.3 75.5 2 -1 0
0 1 0 25.3 75.5 2 -1 0
0 1 0 25.3 75.5 2 -1 0
0 1 0 25.3 75.5 2 -1 0
0 1 0 25.2 75.5 2 -1 0
0 1 0 25.2 75.5 2 -1 0
0 1 0 25.2 75.5 2 -1 0
0 1 0 25.2 75.5 2 -1 0
0 1 0 25.3 75.5 2 -1 0
0 1 0 25.2 75.5 2 -1 0
0 1 0 25.2 75.5 2 -1 0
0 1 0 25.2 75.5 2 -1 0
0 1 0 25.2 75.5 2 -1 0
0 1 0 25.2 75.5 2 -1 0
0 1 0 25.2 75.5 2 -1 0
0 1 0 25.2 75.5 2 -1 0
0 1 0 25.2 75.5 2 -1 0
0 1 0 25.2 75.5 2 -1 0
0 1 0 25.2 75.5 2 -1 0
0 1 0 25.2 75.5 2 -1 0
0 1 0 25.2 75.5 2 -1 0
0 1 0 25.3 75.5 2 -1 0
0 1 0 25.3 75.5 2 -1 0
0 1 0 25.3 75.5 2 -1 0
0 1 0 25.2 75.5 2 -1 0
0 1 0 25.2 75.5 2 -1 0
0 1 0 25.2 75.5 2 -1 0
0 1 0 25.2 75.5 2 -1 0
0 1 0 25.2 75.5 2 -1 0
0 1 0 25.2 75.5 2 -1 0
0 1 0 25.2 75.5 2 -1 0
0 1 0 25.3 75.5 2 -1 0
0 1 0 25.2 75.5 2 -1 0
0 1 0 25.3 75.5 2 -1 0
0 1 0 25.2 75.5 2 -1 0
0 1 0 25.2 75.5 2 -1 0
0 1 0 25.2 75.5 2 -1 0
0 1 0 25.3 75.5 2 -1 0
0 1 0 25.2 75.5 2 -1 0
0 1 0 25.2 75.5 2 -1 0
0 1 0 25.2 75.5 2 -1 0
0 1 0 25.2 75.5 2 -1 0
0 1 0 25.3 75.5 2 -1 0
0 1 0 25.3 75.5 2 -1 0
0 1 0 25.3 75.5 2 -1 0
0 1 0 25.2 75.5 2 -1 0
0 1 0 25.3 75.5 2 -1 0
0 1 0 25.2 75.5 2 -1 0
0 1 0 25.3 75.5 2 -1 0
0 1 0 25.2 75.5 2 -1 0
0 1 0 25.2 76.0 2 -1 0
0 1 0 25.3 76.0 2 -1 0
0 1 0 25.3 76.0 2 -1 0
0 1 0 25.3 76.5 2 -1 0
0 1 0 25.3 76.5 2 -1 0
0 1 0 25.3 76.5 2 -1 0
0 1 0 25.2 76.5 2 -1 0
0 1 0 25.3 76.5 2 -1 0
0 1 0 25.3 76.5 2 -1 0
0 1 0 25.2 77.0 2 -1 0
0 1 0 25.3 77.0 2 -1 0
0 1 0 25.3 77.0 2 -1 0
0 1 0 25.3 77.5 2 -1 0
0 1 0 25.3 77.0 2 -1 0
0 1 0 25.3 77.0 2 -1 0
0 1 0 25.2 77.0 2 -1 0
0 1 0 25.3 77.0 2 -1 0
0 1 0 25.3 77.0 2 -1 0
0 1 0 25.3 77.0 2 -1 0
0 1 0 25.3 77.0 2 -1 0
0 1 0 25.3 77.0 2 -1 0
0 1 0 25.3 77.0 2 -1 0
0 1 0 25.3 77.0 2 -1 0
0 1 0 25.3 77.0 2 -1 0
0 1 0 25.4 77.0 2 -1 0
0 1 0 25.3 77.0 2 -1 0
0 1 0 25.3 77.0 2 -1 0
0 1 0 25.4 77.0 2 -1 0
0 1 0 25.3 76.5 2 -1 0
0 1 0 25.3 76.5 2 -1 0
0 1 0 25.3 76.5 2 -1 0
0 1 0 25.4 76.5 2 -1 0
0 1 0 25.4 76.5 2 -1 0
0 1 0 25.3 76.5 2 -1 0
0 1 0 25.3 77.0 2 -1 0
0 1 0 25.3 76.5 2 -1 0
0 1 0 25.3 76.5 2 -1 0
0 1 0 25.4 77.0 2 -1 0
0 1 0 25.3 76.5 2 -1 0
0 1 0 25.4 76.5 2 -1 0
0 1 0 25.4 76.5 2 -1 0
0 1 0 25.4 76.5 2 -1 0
0 1 0 25.3 76.5 2 -1 0
0 1 0 25.4 76.5 2 -1 0
0 1 0 25.4 76.5 2 -1 0
0 1 0 25.4 76.5 2 -1 0
0 1 0 25.3 76.5 2 -1 0
0 1 0 25.4 76.5 2 -1 0
0 1 0 25.3 76.5 2 -1 0
0 1 0 25.3 76.5 2 -1 0
0 1 0 25.3 76.5 2 -1 0
0 1 0 25.3 76.5 2 -1 0
0 1 0 25.3 76.5 2 -1 0
0 1 0 25.3 76.5 2 -1 0
0 1 0 25.4 76.5 2 -1 0
0 1 0 25.3 76.5 2 -1 0
0 1 0 25.3 76.5 2 -1 0
0 1 0 25.4 76.5 2 -1 0
0 1 0 25.3 76.5 2 -1 0
0 1 0 25.4 76.5 2 -1 0
0 1 0 25.3 76.5 2 -1 0
0 1 0 25.4 77.0 2 -1 0
0 1 0 25.3 76.5 2 -1 0
0 1 0 25.4 76.5 2 -1 0
0 1 0 25.4 76.5 2 -1 0
0 1 0 25.4 76.5 2 -1 0
0 1 0 25.4 76.5 2 -1 0
0 1 0 25.4 76.5 2 -1 0
0 1 0 25.3 76.5 2 -1 0
0 1 0 25.4 76.5 2 -1 0
0 1 0 25.3 76.5 2 -1 0
0 1 0 25.3 76.5 2 -1 0
0 1 0 25.3 76.5 2 -1 0
0 1 0 25.4 76.5 2 -1 0
0 1 0 25.4 76.5 2 -1 0
0 1 0 25.3 76.5 2 -1 0
0 1 0 25.3 76.5 2 -1 0
0 1 0 25.3 76.5 2 -1 0
0 1 0 25.3 76.5 2 -1 0
0 1 0 25.4 76.5 2 -1 0
0 1 0 25.3 76.5 2 -1 0
0 1 0 25.4 76.5 2 -1 0
0 1 0 25.4 76.5 2 -1 0
0 1 0 25.3 76.5 2 -1 0
0 1 0 25.3 76.5 2 -1 0
0 1 0 25.3 76.5 2 -1 0
0 1 0 25.3 76.5 2 -1 0
0 1 0 25.4 76.5 2 -1 0
0 1 0 25.4 76.5 2 -1 0
0 1 0 25.4 76.5 2 -1 0
0 1 0 25.4 76.5 2 -1 0
0 1 0 25.4 76.5 2 -1 0
0 1 0 25.3 76.5 2 -1 0
0 1 0 25.3 76.5 2 -1 0
0 1 0 25.4 76.5 2 -1 0
0 1 0 25.4 76.5 2 -1 0
0 1 0 25.4 76.5 2 -1 0
0 1 0 25.4 76.5 2 -1 0
0 1 0 25.4 76.5 2 -1 0
0 1 0 25.3 76.5 2 -1 0
0 1 0 25.4 76.5 2 -1 0
0 1 0 25.3 76.5 2 -1 0
0 1 0 25.4 76.5 2 -1 0
0 1 0 25.3 76.5 2 -1 0
0 1 0 25.4 76.5 2 -1 0
0 1 0 25.4 76.5 2 -1 0
0 1 0 25.4 76.5 2 -1 0
0 1 0 25.4 76.5 2 -1 0
0 1 0 25.3 76.5 2 -1 0
0 1 0 25.3 76.5 2 -1 0
0 1 0 25.3 76.5 2 -1 0
0 1 0 25.4 76.5 2 -1 0
0 1 0 25.4 76.5 2 -1 0
0 1 0 25.4 76.5 2 -1 0
0 1 0 25.4 76.5 2 -1 0
0 1 0 25.3 76.5 2 -1 0
0 1 0 25.3 76.5 2 -1 0
0 1 0 25.3 76.5 2 -1 0
0 1 0 25.4 76.5 2 -1 0
0 1 0 25.3 76.5 2 -1 0
0 1 0 25.3 77.0 2 -1 0
0 1 0 25.3 76.5 2 -1 0
0 1 0 25.4 77.0 2 -1 0
0 1 0 25.3 77.0 2 -1 0
0 1 0 25.4 77.0 2 -1 0
0 1 0 25.3 77.0 2 -1 0
0 1 0 25.3 77.0 2 -1 0
0 1 0 25.3 77.0 2 -1 0
0 1 0 25.3 77.0 2 -1 0
0 1 0 25.4 77.0 2 -1 0
0 1 0 25.4 77.0 2 -1 0
0 1 0 25.4 77.0 2 -1 0
0 1 0 25.3 77.0 2 -1 0
0 1 0 25.3 77.0 2 -1 0
0 1 0 25.4 77.0 2 -1 0
0 1 0 25.3 77.0 2 -1 0
0 1 0 25.4 77.0 2 -1 0
0 1 0 25.3 77.0 2 -1 0
0 1 0 25.4 77.0 2 -1 0
0 1 0 25.4 77.0 2 -1 0
0 1 0 25.4 77.0 2 -1 0
0 1 0 25.4 77.0 2 -1 0
0 1 0 25.4 77.0 2 -1 0
0 1 0 25.4 77.0 2 -1 0
0 1 0 25.3 77.0 2 -1 0
0 1 0 25.4 77.0 2 -1 0
0 1 0 25.4 77.0 2 -1 0
0 1 0 25.4 77.0 1 -1 0
0 1 0 25.4 77.0 1 -1 0
0 1 0 25.4 77.0 1 -1 0
0 1 0 25.4 77.0 1 -1 0
0 1 0 25.4 77.0 1 -1 0
0 1 0 25.4 77.0 1 -1 0
0 1 0 25.4 77.0 1 -1 0
0 1 0 25.4 77.0 1 -1 0
0 1 0 25.4 77.0 1 -1 0
0 1 0 25.4 77.0 1 -1 0
0 1 0 25.4 77.0 1 -1 0
0 1 0 25.4 77.0 1 -1 0
0 1 0 25.4 77.0 1 -1 0
0 1 0 25.4 77.0 1 -1 0
0 1 0 25.3 77.0 1 -1 0
0 1 0 25.4 77.0 1 -1 0
0 1 0 25.4 77.0 1 -1 0
0 1 0 25.4 77.0 1 -1 0
0 1 0 25.4 77.0 1 -1 0
0 1 0 25.4 77.0 1 -1 0
0 1 0 25.4 77.0 1 -1 0
0 1 0 25.4 77.0 1 -1 0
0 1 0 25.4 77.0 0 -1 0
0 1 0 25.4 77.0 0 -1 0
0 1 0 25.4 77.0 0 -1 0
0 1 0 25.4 77.0 0 -1 0
0 1 0 25.4 77.0 0 -1 0
0 1 0 25.4 77.0 0 -1 0
0 1 0 25.3 77.0 0 -1 0
0 1 0 25.4 77.0 0 -1 0
0 1 0 25.3 77.0 0 -1 0
0 1 0 25.4 77.0 0 -1 0
0 1 0 25.4 77.0 0 -1 0
0 1 0 25.4 77.0 0 -1 0
0 1 0 25.4 77.0 0 -1 0
0 1 0 25.4 77.0 0 -1 0
0 1 0 25.4 77.0 0 -1 0
0 1 0 25.4 77.0 0 -1 0
0 1 0 25.4 77.0 0 -1 0
0 1 0 25.4 77.0 0 -1 0
0 1 0 25.4 77.0 0 -1 0
0 1 0 25.4 77.0 0 -1 0
0 1 0 25.4 77.0 0 -1 0
0 1 0 25.4 77.0 0 -1 0
0 1 0 25.4 77.0 0 -1 0
0 1 0 25.5 77.0 0 -1 0
0 1 0 25.4 77.0 0 -1 0
0 1 0 25.4 77.5 2 -1 0
0 1 0 25.4 77.5 2 -1 0
0 1 0 25.5 77.5 2 -1 0
0 1 0 25.4 77.5 2 -1 0
0 1 0 25.4 77.5 2 -1 0
0 1 0 25.4 77.5 2 -1 0
0 1 0 25.4 77.5 2 -1 0
0 1 0 25.4 77.5 3 -1 0
0 1 0 25.4 78.0 3 -1 0
0 1 0 25.4 77.5 1 -1 0
0 1 0 25.4 77.5 1 -1 0
0 1 0 25.4 77.5 1 -1 0
0 1 0 25.4 77.5 1 -1 0
0 1 0 25.4 77.5 1 -1 0
0 1 0 25.5 77.5 1 -1 0
0 1 0 25.4 77.5 1 -1 0
0 1 0 25.4 77.5 1 -1 0
0 1 0 25.4 77.5 1 -1 0
0 1 0 25.5 77.5 2 -1 0
0 1 0 25.4 77.5 2 -1 0
0 1 0 25.5 77.5 2 -1 0
0 1 0 25.4 77.5 2 -1 0
0 1 0 25.4 77.5 4 -1 0
0 1 0 25.5 77.5 4 -1 0
0 1 0 25.5 77.5 4 -1 0
0 1 0 25.4 78.0 4 -1 0
0 1 0 25.4 77.5 4 -1 0
0 1 0 25.4 77.5 1 -1 0
0 1 0 25.4 77.5 1 -1 0
0 1 0 25.4 77.5 1 -1 0
0 1 0 25.4 78.0 4 -1 0
0 1 0 25.4 78.0 4 -1 0
0 1 0 25.4 78.0 4 -1 0
0 1 0 25.4 78.0 4 -1 0
0 1 0 25.4 78.0 1 -1 0
0 1 0 25.5 78.0 1 -1 0
0 1 0 25.5 78.0 1 -1 0
0 1 0 25.5 78.0 1 -1 0
0 1 0 25.4 78.0 1 -1 0
0 1 0 25.4 78.0 1 -1 0
0 1 0 25.5 78.0 1 -1 0
0 1 0 25.4 78.0 1 -1 0
0 1 0 25.4 78.0 1 -1 0
0 1 0 25.5 78.0 1 -1 0
0 1 0 25.4 78.0 1 -1 0
0 1 0 25.4 78.0 1 -1 0
0 1 0 25.4 78.0 4 -1 0
0 1 0 25.4 78.0 2 -1 0
0 1 0 25.4 78.0 2 -1 0
0 1 0 25.5 78.0 2 -1 0
0 1 0 25.4 77.5 2 -1 0
0 1 0 25.5 77.5 2 -1 0
0 1 0 25.4 77.5 2 -1 0
0 1 0 25.5 77.5 2 -1 0
0 1 0 25.5 77.5 2 -1 0
0 1 0 25.5 78.0 2 -1 0
0 1 0 25.5 78.0 2 -1 0
0 1 0 25.5 77.5 2 -1 0
0 1 0 25.5 78.0 2 -1 0
0 1 0 25.4 77.5 2 -1 0
0 1 0 25.5 78.0 4 -1 0
0 1 0 25.4 77.5 4 -1 0
0 1 0 25.5 77.5 4 -1 0
0 1 0 25.5 78.0 4 -1 0
0 1 0 25.5 77.5 1 -1 0
0 1 0 25.5 77.5 1 -1 0
0 1 0 25.5 77.5 2 -1 0
0 1 0 25.4 77.5 2 -1 0
0 1 0 25.5 77.5 2 -1 0
0 1 0 25.5 77.5 2 -1 0
0 1 0 25.5 77.5 4 -1 0
0 1 0 25.4 77.5 4 -1 0
0 1 0 25.4 77.5 4 -1 0
0 1 0 25.4 78.0 4 -1 0
0 1 0 25.5 78.0 6 -1 0
0 1 0 25.5 78.0 3 -1 0
0 1 0 25.4 78.0 3 -1 0
0 1 0 25.5 78.0 5 -1 0
0 1 0 25.4 78.0 5 -1 0
0 1 0 25.4 78.0 5 -1 0
0 1 0 25.4 78.0 5 -1 0
0 1 0 25.5 78.0 5 -1 0
0 1 0 25.5 78.0 5 -1 0
0 1 0 25.5 78.0 5 -1 0
0 1 0 25.4 78.0 5 -1 0
0 1 0 25.4 78.0 5 -1 0
0 1 0 25.4 78.0 5 -1 0
0 1 0 25.5 78.0 7 -1 0
0 1 0 25.5 78.0 7 -1 0
0 1 0 25.5 78.0 7 -1 0
0 1 0 25.5 78.0 7 -1 0
0 1 0 25.5 78.0 5 -1 0
0 1 0 25.4 78.0 5 -1 0
0 1 0 25.5 78.0 5 -1 0
0 1 0 25.5 78.0 7 -1 0
0 1 0 25.5 78.0 7 -1 0
0 1 0 25.5 78.0 7 -1 0
0 1 0 25.5 78.0 9 -1 0
0 1 0 25.5 78.0 9 -1 0
0 1 0 25.5 78.0 9 -1 0
0 1 0 25.4 78.0 5 -1 0
0 1 0 25.5 78.0 5 -1 0
0 1 0 25.5 78.0 7 -1 0
0 1 0 25.4 78.0 7 -1 0
0 1 0 25.5 78.0 7 -1 0
0 1 0 25.5 78.0 7 -1 0
0 1 0 25.5 78.0 7 -1 0
0 1 0 25.4 78.0 9 -1 0
0 1 0 25.5 78.0 9 -1 0
0 1 0 25.5 78.0 8 -1 0
0 1 0 25.5 78.0 8 -1 0
0 1 0 25.4 78.0 10 -1 0
0 1 0 25.4 78.0 10 -1 0
0 1 0 25.5 78.0 12 -1 0
0 1 0 25.5 78.0 12 -1 0
0 1 0 25.5 78.0 8 -1 0
0 1 0 25.5 78.5 10 -1 0
0 1 0 25.4 78.5 10 -1 0
0 1 0 25.4 78.5 10 -1 0
0 1 0 25.5 78.5 10 -1 0
0 1 0 25.5 78.5 8 -1 0
0 1 0 25.5 78.5 10 -1 0
0 1 0 25.6 78.5 8 -1 0
0 1 0 25.5 78.5 12 -1 0
0 1 0 25.5 78.5 12 -1 0
0 1 0 25.5 78.5 12 -1 0
0 1 0 25.5 78.5 10 -1 0
0 1 0 25.5 78.5 10 -1 0
0 1 0 25.5 78.5 10 -1 0
0 1 0 25.5 78.5 10 -1 0
0 1 0 25.5 78.5 10 -1 0
0 1 0 25.5 78.5 10 -1 0
0 1 0 25.6 78.5 10 -1 0
0 1 0 25.5 78.5 10 -1 0
0 1 0 25.6 78.5 10 -1 0
0 1 0 25.5 78.5 10 -1 0
0 1 0 25.6 78.5 10 -1 0
0 1 0 25.6 79.0 10 -1 0
0 1 0 25.5 79.0 10 -1 0
0 1 0 25.5 79.0 10 -1 0
0 1 0 25.6 79.0 8 -1 0
0 1 0 25.5 79.5 8 -1 0
0 1 0 25.6 79.0 8 -1 0
0 1 0 25.6 79.0 8 -1 0
0 1 0 25.6 79.0 8 -1 0
0 1 0 25.5 79.0 10 -1 0
0 1 0 25.5 79.0 10 -1 0
0 1 0 25.5 79.5 10 -1 0
0 1 0 25.6 79.5 10 -1 0
0 1 0 25.6 79.5 10 -1 0
0 1 0 25.5 79.0 10 -1 0
0 1 0 25.6 79.5 10 -1 0
0 1 0 25.5 79.0 12 -1 0
0 1 0 25.6 79.0 12 -1 0
0 1 0 25.6 79.0 10 -1 0
0 1 0 25.6 79.0 12 -1 0
0 1 0 25.6 79.0 12 -1 0
0 1 0 25.6 79.0 10 -1 0
0 1 0 25.6 79.0 12 -1 0
0 1 0 25.5 79.0 12 -1 0
0 1 0 25.6 79.5 12 -1 0
0 1 0 25.6 79.5 14 -1 0
0 1 0 25.6 79.5 12 -1 0
0 1 0 25.6 79.0 10 -1 0
0 1 0 25.6 79.0 14 -1 0
0 1 0 25.6 79.0 14 -1 0
0 1 0 25.6 79.0 14 -1 0
0 1 0 25.7 79.0 10 -1 0
0 1 0 25.6 79.0 12 -1 0
0 1 0 25.7 79.0 14 -1 0
0 1 0 25.6 79.0 12 -1 0
0 1 0 25.6 79.0 12 -1 0
0 1 0 25.6 79.5 15 -1 0
0 1 0 25.6 79.5 15 -1 0
0 1 0 25.7 79.5 17 -1 0
0 1 0 25.6 79.5 17 -1 0
0 1 0 25.6 79.5 17 -1 0
0 1 0 25.6 79.5 15 -1 0
0 1 0 25.7 80.0 15 -1 0
0 1 0 25.6 79.5 12 -1 0
0 1 0 25.7 79.5 12 -1 0
0 1 0 25.6 80.0 16 -1 0
0 1 0 25.7 79.5 16 -1 0
0 1 0 25.7 79.5 12 -1 0
0 1 0 25.7 79.5 12 -1 0
0 1 0 25.6 80.0 15 -1 0
0 1 0 25.7 79.5 15 -1 0
0 1 0 25.7 80.0 12 -1 0
0 1 0 25.6 80.0 12 -1 0
0 1 0 25.7 79.5 12 -1 0
0 1 0 25.7 79.5 12 -1 0
0 1 0 25.7 79.5 15 -1 0
0 1 0 25.6 79.5 15 -1 0
0 1 0 25.7 79.5 17 -1 0
0 1 0 25.6 79.5 17 -1 0
0 1 0 25.7 79.5 17 -1 0
0 1 0 25.7 79.5 17 -1 0
0 1 0 25.7 79.5 15 -1 0
0 1 0 25.7 79.5 15 -1 0
0 1 0 25.7 80.0 12 -1 0
0 1 0 25.7 80.0 16 -1 0
0 1 0 25.7 80.0 14 -1 0
0 1 0 25.7 80.0 14 -1 0
0 1 0 25.7 80.0 12 -1 0
0 1 0 25.8 80.0 14 -1 0
0 1 0 25.7 80.0 14 -1 0
0 1 0 25.7 80.5 15 -1 0
0 1 0 25.7 80.5 17 -1 0
0 1 0 25.7 80.5 17 -1 0
0 1 0 25.7 80.0 17 -1 0
0 1 0 25.8 80.0 21 -1 0
0 1 0 25.8 80.0 21 -1 0
0 1 0 25.7 80.0 21 -1 0
0 1 0 25.7 80.0 21 -1 0
0 1 0 25.7 80.0 21 -1 0
0 1 0 25.8 80.0 19 -1 0
0 1 0 25.7 80.0 21 -1 0
0 1 0 25.8 80.0 17 -1 0
0 1 0 25.8 80.0 17 -1 0
0 1 0 25.8 80.0 15 -1 0
0 1 0 25.8 80.5 19 -1 0
0 1 0 25.8 80.5 17 -1 0
0 1 0 25.7 80.5 17 -1 0
0 1 0 25.8 80.5 15 -1 0
0 1 0 25.8 80.5 17 -1 0
0 1 0 25.8 80.5 17 -1 0
0 1 0 25.8 80.5 19 -1 0
0 1 0 25.7 80.5 21 -1 0
0 1 0 25.8 80.5 21 -1 0
0 1 0 25.8 80.5 19 -1 0
0 1 0 25.8 80.5 24 -1 0
0 1 0 25.8 80.5 24 -1 0
0 1 0 25.8 80.5 24 -1 0
0 1 0 25.8 80.5 24 -1 0
0 1 0 25.8 80.5 28 -1 0
0 1 0 25.9 81.0 27 -1 0
0 1 0 25.8 80.5 27 -1 0
0 1 0 25.8 80.5 25 -1 0
0 1 0 25.9 80.5 28 -1 0
0 1 0 25.8 81.0 28 -1 0
0 1 0 25.8 81.0 26 -1 0
0 1 0 25.8 81.0 24 -1 0
0 1 0 25.9 81.0 24 -1 0
0 1 0 25.8 81.0 22 -1 0
0 1 0 25.8 81.0 22 -1 0
0 1 0 25.8 81.0 21 -1 0
0 1 0 25.8 81.0 19 -1 0
0 1 0 25.9 81.0 21 -1 0
0 1 0 25.9 81.5 19 -1 0
0 1 0 25.9 81.5 19 -1 0
0 1 0 25.8 81.5 19 -1 0
0 1 0 25.8 81.5 21 -1 0
0 1 0 25.9 81.5 21 -1 0
0 1 0 25.8 81.0 19 -1 0
0 1 0 25.9 81.0 19 -1 0
0 1 0 25.8 81.0 24 -1 0
0 1 0 25.8 81.0 22 -1 0
0 1 0 25.9 80.5 24 -1 0
0 1 0 25.8 80.5 26 -1 0
0 1 0 25.9 80.5 24 -1 0
0 1 0 25.9 80.5 24 -1 0
0 1 0 25.8 80.5 24 -1 0
0 1 0 25.9 80.5 24 -1 0
0 1 0 25.8 80.5 24 -1 0
0 1 0 25.9 80.5 19 -1 0
0 1 0 25.9 80.5 19 -1 0
0 1 0 25.9 80.5 17 -1 0
0 1 0 25.9 81.0 19 -1 0
0 1 0 25.9 81.0 17 -1 0
0 1 0 25.9 81.0 17 -1 0
0 1 0 25.9 81.0 15 -1 0
0 1 0 25.9 81.0 16 -1 0
0 1 0 25.9 81.0 16 -1 0
0 1 0 25.9 81.5 16 -1 0
0 1 0 25.9 81.5 16 -1 0
0 1 0 25.9 81.5 16 -1 0
0 1 0 25.9 81.5 12 -1 0
0 1 0 25.9 81.5 15 -1 0
0 1 0 25.9 81.5 15 -1 0
0 1 0 25.9 81.5 17 -1 0
0 1 0 25.9 81.5 19 -1 0
0 1 0 25.9 81.0 15 -1 0
0 1 0 25.9 81.0 15 -1 0
0 1 0 25.9 81.0 15 -1 0
0 1 0 25.9 81.0 15 -1 0
0 1 0 25.9 81.0 15 -1 0
0 1 0 25.9 81.0 19 -1 0
0 1 0 25.9 81.0 19 -1 0
0 1 0 25.9 81.0 17 -1 0
0 1 0 25.9 80.5 17 -1 0
0 1 0 25.9 80.5 15 -1 0
0 1 0 25.9 80.5 15 -1 0
0 1 0 25.9 80.5 15 -1 0
0 1 0 25.9 80.5 15 -1 0
0 1 0 25.9 80.5 17 -1 0
0 1 0 25.9 80.5 17 -1 0
0 1 0 26.0 80.5 19 -1 0
0 1 0 25.9 80.5 17 -1 0
0 1 0 25.9 80.5 17 -1 0
0 1 0 25.9 80.5 19 -1 0
0 1 0 25.9 80.5 19 -1 0
0 1 0 25.9 80.5 19 -1 0
0 1 0 25.9 80.5 19 -1 0
0 1 0 25.9 80.5 19 -1 0
0 1 0 25.9 80.5 19 -1 0
0 1 0 25.9 80.5 17 -1 0
0 1 0 25.9 80.5 15 -1 0
0 1 0 25.9 80.5 19 -1 0
0 1 0 25.9 80.5 17 -1 0
0 1 0 25.9 80.5 17 -1 0
0 1 0 25.9 80.5 17 -1 0
0 1 0 25.8 81.0 17 -1 0
0 1 0 25.9 81.0 17 -1 0
0 1 0 25.9 81.5 17 -1 0
0 1 0 26.0 81.5 17 -1 0
0 1 0 25.9 81.5 17 -1 0
0 1 0 25.9 81.5 17 -1 0
0 1 0 25.9 81.5 17 -1 0
0 1 0 25.9 81.5 19 -1 0
0 1 0 25.9 81.5 19 -1 0
0 1 0 26.0 82.0 19 -1 0
0 1 0 25.9 81.5 19 -1 0
0 1 0 25.9 81.5 15 -1 0
0 1 0 25.9 81.5 17 -1 0
0 1 0 25.9 81.5 19 -1 0
0 1 0 25.9 81.5 19 -1 0
0 1 0 25.9 81.5 19 -1 0
0 1 0 25.9 81.5 21 -1 0
0 1 0 25.9 82.0 19 -1 0
0 1 0 25.9 82.0 21 -1 0
0 1 0 25.9 82.0 22 -1 0
0 1 0 26.0 82.0 24 -1 0
0 1 0 25.9 82.0 24 -1 0
0 1 0 26.0 82.0 22 -1 0
0 1 0 25.9 82.0 26 -1 0
0 1 0 25.9 82.0 24 -1 0
0 1 0 26.0 82.0 26 -1 0
0 1 0 25.9 82.0 27 -1 0
0 1 0 25.9 82.0 27 -1 0
0 1 0 26.0 82.0 29 -1 0
0 1 0 26.0 82.0 27 -1 0
0 1 0 26.0 82.0 29 -1 0
0 1 0 26.0 82.0 31 -1 0
0 1 0 25.9 82.0 31 -1 0
0 1 0 26.0 82.0 29 -1 0
0 1 0 26.1 82.0 29 -1 0
0 1 0 26.0 82.0 29 -1 0
0 1 0 26.1 82.5 31 -1 0
0 1 0 26.0 82.0 31 -1 0
0 1 0 26.1 82.5 31 -1 0
0 1 0 26.0 82.5 33 -1 0
0 1 0 26.0 82.5 33 -1 0
0 1 0 26.0 82.5 30 -1 0
0 1 0 26.1 82.5 32 -1 0
0 1 0 26.0 82.5 32 -1 0
0 1 0 26.0 82.5 32 -1 0
0 1 0 26.0 82.5 34 -1 0
0 1 0 26.1 82.5 34 -1 0
0 1 0 26.0 82.5 34 -1 0
0 1 0 26.0 82.5 32 -1 0
0 1 0 26.1 82.5 33 -1 0
0 1 0 26.1 82.5 31 -1 0
0 1 0 26.0 82.5 31 -1 0
0 1 0 26.1 82.5 31 -1 0
0 1 0 26.1 82.5 33 -1 0
0 1 0 26.0 82.5 32 -1 0
0 1 0 26.0 82.5 34 -1 0
0 1 0 26.1 82.5 34 -1 0
0 1 0 26.1 83.0 36 -1 0
0 1 0 26.1 83.0 34 -1 0
0 1 0 26.2 83.0 34 -1 0
0 1 0 26.1 83.0 32 -1 0
0 1 0 26.2 82.5 31 -1 0
0 1 0 26.1 82.5 29 -1 0
0 1 0 26.1 82.5 31 -1 0
0 1 0 26.1 82.5 31 -1 0
0 1 0 26.1 82.5 31 -1 0
0 1 0 26.2 83.0 29 -1 0
0 1 0 26.1 82.5 31 -1 0
0 1 0 26.1 82.5 27 -1 0
0 1 0 26.1 82.5 31 -1 0
0 1 0 26.1 83.0 27 -1 0
0 1 0 26.1 83.0 29 -1 0
0 1 0 26.2 83.0 31 -1 0
0 1 0 26.1 83.0 29 -1 0
0 1 0 26.1 83.0 33 -1 0
0 1 0 26.1 83.0 32 -1 0
0 1 0 26.1 83.0 30 -1 0
0 1 0 26.2 83.0 30 -1 0
0 1 0 26.2 83.0 34 -1 0
0 1 0 26.1 83.0 36 -1 0
0 1 0 26.2 83.5 34 -1 0
0 1 0 26.2 83.5 39 -1 0
0 1 0 26.2 83.5 39 -1 0
0 1 0 26.2 83.5 39 -1 0
0 1 0 26.2 83.5 41 -1 0
0 1 0 26.2 83.5 39 -1 0
0 1 0 26.2 83.5 39 -1 0
0 1 0 26.2 83.5 43 -1 0
0 1 0 26.2 83.0 41 -1 0
0 1 0 26.3 82.5 41 -1 0
0 1 0 26.2 82.5 39 -1 0
0 1 0 26.2 82.5 39 -1 0
0 1 0 26.2 82.5 39 -1 0
0 1 0 26.3 82.5 41 -1 0
0 1 0 26.3 82.5 39 -1 0
0 1 0 26.3 82.5 37 -1 0
0 1 0 26.3 82.5 41 -1 0
0 1 0 26.3 82.5 39 -1 0
0 1 0 26.3 82.5 39 -1 0
0 1 0 26.4 82.5 39 -1 0
0 1 0 26.4 83.0 39 -1 0
0 1 0 26.4 83.0 39 -1 0
0 1 0 26.3 82.5 39 -1 0
0 1 0 26.4 82.5 37 -1 0
0 1 0 26.3 82.5 37 -1 0
0 1 0 26.3 83.0 37 -1 0
0 1 0 26.4 83.0 37 -1 0
0 1 0 26.4 83.0 39 -1 0
0 1 0 26.4 83.0 39 -1 0
0 1 0 26.5 83.5 39 -1 0
0 1 0 26.4 83.5 39 -1 0
0 1 0 26.4 83.0 37 -1 0
0 1 0 26.4 83.5 39 -1 0
0 1 0 26.4 83.5 41 -1 0
0 1 0 26.4 83.0 39 -1 0
0 1 0 26.5 83.0 41 -1 0
0 1 0 26.4 83.0 39 -1 0
0 1 0 26.4 83.0 39 -1 0
0 1 0 26.4 82.5 41 -1 0
0 1 0 26.5 82.5 41 -1 0
0 1 0 26.4 82.5 41 -1 0
0 1 0 26.4 82.5 39 -1 0
0 1 0 26.5 82.5 37 -1 0
0 1 0 26.5 82.5 39 -1 0
0 1 0 26.5 82.5 38 -1 0
0 1 0 26.5 82.5 36 -1 0
0 1 0 26.5 82.0 32 -1 0
0 1 0 26.5 82.0 34 -1 0
0 1 0 26.5 82.0 32 -1 0
0 1 0 26.5 82.0 33 -1 0
0 1 0 26.5 82.0 31 -1 0
0 1 0 26.5 82.0 29 -1 0
0 1 0 26.5 82.0 31 -1 0
0 1 0 26.5 82.5 31 -1 0
0 1 0 26.5 82.5 29 -1 0
0 1 0 26.5 82.0 27 -1 0
0 1 0 26.5 82.0 31 -1 0
0 1 0 26.5 82.5 31 -1 0
0 1 0 26.4 82.0 31 -1 0
0 1 0 26.5 82.5 31 -1 0
0 1 0 26.5 82.0 29 -1 0
0 1 0 26.6 82.0 29 -1 0
0 1 0 26.6 82.0 29 -1 0
0 1 0 26.5 82.0 29 -1 0
0 1 0 26.5 82.0 27 -1 0
0 1 0 26.5 81.5 25 -1 0
0 1 0 26.5 81.5 28 -1 0
0 1 0 26.6 81.5 26 -1 0
0 1 0 26.6 81.0 26 -1 0
0 1 0 26.5 81.5 24 -1 0
0 1 0 26.5 81.0 26 -1 0
0 1 0 26.5 81.0 26 -1 0
0 1 0 26.5 81.0 22 -1 0
0 1 0 26.4 80.5 24 -1 0
0 1 0 26.5 81.0 26 -1 0
0 1 0 26.4 81.0 26 -1 0
0 1 0 26.4 80.5 28 -1 0
0 1 0 26.5 80.5 27 -1 0
0 1 0 26.4 80.5 27 -1 0
0 1 0 26.4 80.0 27 -1 0
0 1 0 26.5 80.0 25 -1 0
0 1 0 26.5 80.0 26 -1 0
0 1 0 26.5 80.0 24 -1 0
0 1 0 26.5 80.0 26 -1 0
0 1 0 26.5 80.0 22 -1 0
0 1 0 26.4 80.0 24 -1 0
0 1 0 26.5 80.0 22 -1 0
0 1 0 26.4 81.0 22 -1 0
0 1 0 26.4 81.5 20 -1 0
0 1 0 26.5 81.5 20 -1 0
0 1 0 26.5 81.5 22 -1 0
0 1 0 26.5 81.5 22 -1 0
0 1 0 26.5 81.5 21 -1 0
0 1 0 26.5 81.5 19 -1 0
0 1 0 26.5 81.0 19 -1 0
0 1 0 26.5 81.5 19 -1 0
0 1 0 26.5 81.5 19 -1 0
0 1 0 26.4 82.0 24 -1 0
0 1 0 26.5 82.0 24 -1 0
0 1 0 26.5 82.5 24 -1 0
0 1 0 26.5 82.5 24 -1 0
0 1 0 26.5 82.0 24 -1 0
0 1 0 26.5 82.0 26 -1 0
0 1 0 26.5 82.0 24 -1 0
0 1 0 26.6 82.0 20 -1 0
0 1 0 26.5 82.0 21 -1 0
0 1 0 26.5 82.0 21 -1 0
0 1 0 26.5 82.0 17 -1 0
0 1 0 26.5 82.0 17 -1 0
0 1 0 26.5 82.0 21 -1 0
0 1 0 26.5 82.0 21 -1 0
0 1 0 26.6 82.5 22 -1 0
0 1 0 26.5 82.5 22 -1 0
0 1 0 26.5 82.5 22 -1 0
0 1 0 26.5 82.5 24 -1 0
0 1 0 26.5 82.5 26 -1 0
0 1 0 26.5 82.5 22 -1 0
0 1 0 26.4 82.0 24 -1 0
0 1 0 26.5 82.0 24 -1 0
0 1 0 26.5 82.0 24 -1 0
0 1 0 26.5 82.0 26 -1 0
0 1 0 26.5 82.0 25 -1 0
0 1 0 26.6 82.0 25 -1 0
0 1 0 26.5 82.0 29 -1 0
0 1 0 26.5 82.0 27 -1 0
0 1 0 26.5 82.0 29 -1 0
0 1 0 26.5 82.0 29 -1 0
0 1 0 26.5 82.0 27 -1 0
0 1 0 26.6 82.0 27 -1 0
0 1 0 26.5 82.0 27 -1 0
0 1 0 26.5 82.0 29 -1 0
0 1 0 26.5 82.0 29 -1 0
0 1 0 26.5 82.0 27 -1 0
0 1 0 26.6 82.0 31 -1 0
0 1 0 26.5 82.0 32 -1 0
0 1 0 26.6 82.0 32 -1 0
0 1 0 26.6 82.0 34 -1 0
0 1 0 26.5 82.0 34 -1 0
0 1 0 26.5 82.0 34 -1 0
0 1 0 26.5 82.0 34 -1 0
0 1 0 26.5 82.0 34 -1 0
0 1 0 26.6 82.0 34 -1 0
0 1 0 26.6 82.0 32 -1 0
0 1 0 26.6 82.0 32 -1 0
0 1 0 26.6 82.0 30 -1 0
0 1 0 26.6 82.0 30 -1 0
0 1 0 26.6 82.0 33 -1 0
0 1 0 26.6 82.5 31 -1 0
0 1 0 26.5 83.0 31 -1 0
0 1 0 26.7 83.0 29 -1 0
0 1 0 26.6 83.0 29 -1 0
0 1 0 26.6 83.0 27 -1 0
0 1 0 26.7 83.0 31 -1 0
0 1 0 26.7 83.0 27 -1 0
0 1 0 26.6 83.0 29 -1 0
0 1 0 26.7 83.0 25 -1 0
0 1 0 26.6 83.0 25 -1 0
0 1 0 26.6 83.0 26 -1 0
0 1 0 26.7 83.5 24 -1 0
0 1 0 26.7 83.5 26 -1 0
0 1 0 26.7 83.5 24 -1 0
0 1 0 26.7 83.5 24 -1 0
0 1 0 26.6 83.5 22 -1 0
0 1 0 26.7 83.5 22 -1 0
0 1 0 26.7 83.0 22 -1 0
0 1 0 26.7 83.0 24 -1 0
0 1 0 26.7 83.0 24 -1 0
0 1 0 26.8 83.0 24 -1 0
0 1 0 26.7 83.0 22 -1 0
0 1 0 26.7 83.0 22 -1 0
0 1 0 26.7 83.5 20 -1 0
0 1 0 26.8 83.0 20 -1 0
0 1 0 26.8 83.0 21 -1 0
0 1 0 26.7 83.0 21 -1 0
0 1 0 26.7 83.0 21 -1 0
0 1 0 26.7 83.0 21 -1 0
0 1 0 26.8 83.0 19 -1 0
0 1 0 26.8 83.0 17 -1 0
0 1 0 26.8 83.0 21 -1 0
0 1 0 26.8 83.0 21 -1 0
0 1 0 26.8 83.0 17 -1 0
0 1 0 26.7 83.0 19 -1 0
0 1 0 26.8 83.0 19 -1 0
0 1 0 26.7 83.0 19 -1 0
0 1 0 26.8 83.0 17 -1 0
0 1 0 26.8 83.0 21 -1 0
0 1 0 26.8 82.5 19 -1 0
0 1 0 26.8 82.5 19 -1 0
0 1 0 26.8 82.5 17 -1 0
0 1 0 26.8 82.0 17 -1 0
0 1 0 26.7 82.0 19 -1 0
0 1 0 26.7 82.0 19 -1 0
0 1 0 26.8 81.5 19 -1 0
0 1 0 26.8 82.0 17 -1 0
0 1 0 26.7 82.0 17 -1 0
0 1 0 26.7 81.5 17 -1 0
0 1 0 26.7 81.5 17 -1 0
0 1 0 26.8 81.0 17 -1 0
0 1 0 26.7 81.0 19 -1 0
0 1 0 26.7 81.0 17 -1 0
0 1 0 26.7 81.0 21 -1 0
0 1 0 26.7 81.0 21 -1 0
0 1 0 26.7 81.0 21 -1 0
0 1 0 26.7 81.0 19 -1 0
0 1 0 26.7 81.0 19 -1 0
0 1 0 26.7 81.0 19 -1 0
0 1 0 26.7 81.0 19 -1 0
0 1 0 26.7 81.0 17 -1 0
0 1 0 26.8 80.5 19 -1 0
0 1 0 26.7 80.5 17 -1 0
0 1 0 26.7 80.0 17 -1 0
0 1 0 26.6 80.0 15 -1 0
0 1 0 26.6 79.5 15 -1 0
0 1 0 26.6 79.5 15 -1 0
0 1 0 26.6 79.0 17 -1 0
0 1 0 26.5 79.0 17 -1 0
0 1 0 26.6 79.0 17 -1 0
0 1 0 26.6 78.5 19 -1 0
0 1 0 26.5 78.5 17 -1 0
0 1 0 26.5 78.0 17 -1 0
0 1 0 26.5 78.0 21 -1 0
0 1 0 26.5 77.5 22 -1 0
0 1 0 26.4 78.0 24 -1 0
0 1 0 26.5 77.5 22 -1 0
0 1 0 26.5 77.5 22 -1 0
0 1 0 26.4 77.0 24 -1 0
0 1 0 26.4 77.0 22 -1 0
0 1 0 26.4 77.0 26 -1 0
0 1 0 26.4 77.0 22 -1 0
0 1 0 26.3 77.0 24 -1 0
0 1 0 26.3 76.5 22 -1 0
0 1 0 26.3 76.5 29 -1 0
0 1 0 26.3 76.0 24 -1 0
0 1 0 26.3 76.0 26 -1 0
0 1 0 26.3 76.0 24 -1 0
0 1 0 26.3 76.0 20 -1 0
0 1 0 26.3 76.0 19 -1 0
0 1 0 26.2 76.5 21 -1 0
0 1 0 26.3 76.0 19 -1 0
0 1 0 26.3 76.0 17 -1 0
0 1 0 26.2 76.0 19 -1 0
0 1 0 26.2 76.0 17 -1 0
0 1 0 26.2 76.5 15 -1 0
0 1 0 26.1 77.0 15 -1 0
0 1 0 26.2 76.0 17 -1 0
0 1 0 26.2 76.0 17 -1 0
0 1 0 26.2 75.5 17 -1 0
0 1 0 26.1 75.5 15 -1 0
0 1 0 26.2 75.5 12 -1 0
0 1 0 26.2 75.0 16 -1 0
0 1 0 26.1 75.0 14 -1 0
0 1 0 26.1 75.5 14 -1 0
0 1 0 26.1 75.5 16 -1 0
0 1 0 26.2 76.0 16 -1 0
0 1 0 26.2 76.0 16 -1 0
0 1 0 26.1 76.0 16 -1 0
0 1 0 26.1 76.0 16 -1 0
0 1 0 26.1 75.5 14 -1 0
0 1 0 26.1 75.5 14 -1 0
0 1 0 26.1 75.5 14 -1 0
0 1 0 26.1 75.5 12 -1 0
0 1 0 26.1 75.5 14 -1 0
0 1 0 26.1 75.0 12 -1 0
0 1 0 26.1 75.0 14 -1 0
0 1 0 26.1 75.0 14 -1 0
0 1 0 26.1 75.0 14 -1 0
0 1 0 26.0 75.0 14 -1 0
0 1 0 26.1 75.0 14 -1 0
0 1 0 26.1 74.5 16 -1 0
0 1 0 26.1 74.5 15 -1 0
0 1 0 26.1 74.0 15 -1 0
0 1 0 26.0 74.0 16 -1 0
0 1 0 26.0 74.0 12 -1 0
0 1 0 26.0 74.0 14 -1 0
0 1 0 25.9 73.5 12 -1 0
0 1 0 26.0 74.0 12 -1 0
0 1 0 26.0 74.5 10 -1 0
0 1 0 26.0 75.0 8 -1 0
0 1 0 26.0 75.5 11 -1 0
0 1 0 26.0 75.5 9 -1 0
0 1 0 26.0 75.0 9 -1 0
0 1 0 26.0 75.0 9 -1 0
0 1 0 26.0 75.5 9 -1 0
0 1 0 26.0 76.0 9 -1 0
0 1 0 26.0 76.5 9 -1 0
0 1 0 26.1 77.0 9 -1 0
0 1 0 26.1 76.5 9 -1 0
0 1 0 26.0 76.5 9 -1 0
0 1 0 26.0 76.5 9 -1 0
0 1 0 26.0 76.0 11 -1 0
0 1 0 26.0 75.5 8 -1 0
0 1 0 26.1 75.5 10 -1 0
0 1 0 26.0 75.5 10 -1 0
0 1 0 26.0 75.0 10 -1 0
0 1 0 26.0 75.0 12 -1 0
0 1 0 26.0 74.5 12 -1 0
0 1 0 26.0 74.5 12 -1 0
0 1 0 26.0 74.5 10 -1 0
0 1 0 26.0 74.5 10 -1 0
0 1 0 26.0 74.5 10 -1 0
0 1 0 26.0 74.5 10 -1 0
0 1 0 26.0 74.0 12 -1 0
0 1 0 26.0 74.0 14 -1 0
0 1 0 26.1 74.0 14 -1 0
0 1 0 25.9 74.0 10 -1 0
0 1 0 26.0 74.0 10 -1 0
0 1 0 26.0 74.0 12 -1 0
0 1 0 26.0 73.5 12 -1 0
0 1 0 26.0 73.5 12 -1 0
0 1 0 25.9 73.5 10 -1 0
0 1 0 25.9 73.5 12 -1 0
0 1 0 25.9 73.5 10 -1 0
0 1 0 26.0 73.5 8 -1 0
0 1 0 25.9 73.5 9 -1 0
0 1 0 26.0 73.5 9 -1 0
0 1 0 26.0 74.0 7 -1 0
0 1 0 25.9 74.0 7 -1 0
0 1 0 25.9 74.0 7 -1 0
0 1 0 26.0 74.0 7 -1 0
0 1 0 25.8 74.0 7 -1 0
0 1 0 26.0 74.5 7 -1 0
0 1 0 26.0 74.5 7 -1 0
0 1 0 26.0 74.5 5 -1 0
0 1 0 25.9 75.0 9 -1 0
0 1 0 26.0 75.0 9 -1 0
0 1 0 26.0 75.0 9 -1 0
0 1 0 26.0 75.0 7 -1 0
0 1 0 26.0 75.5 7 -1 0
0 1 0 26.0 75.5 7 -1 0
0 1 0 26.0 75.5 5 -1 0
0 1 0 26.1 76.0 5 -1 0
0 1 0 26.1 76.0 9 -1 0
0 1 0 26.1 76.5 7 -1 0
0 1 0 26.0 76.5 7 -1 0
0 1 0 26.1 76.5 7 -1 0
0 1 0 26.1 77.5 5 -1 0
0 1 0 26.2 78.5 5 -1 0
0 1 0 26.2 78.5 5 -1 0
0 1 0 26.2 79.0 3 -1 0
0 1 0 26.2 78.0 6 -1 0
0 1 0 26.2 78.0 6 -1 0
0 1 0 26.2 78.0 4 -1 0
0 1 0 26.2 78.0 4 -1 0
0 1 0 26.2 78.0 4 -1 0
0 1 0 26.2 78.0 2 -1 0
0 1 0 26.2 78.0 2 -1 0
0 1 0 26.3 78.0 2 -1 0
0 1 0 26.2 78.0 2 -1 0
0 1 0 26.1 78.0 4 -1 0
0 1 0 26.1 77.5 4 -1 0
0 1 0 26.2 77.0 4 -1 0
0 1 0 26.2 77.0 4 -1 0
0 1 0 26.1 77.0 4 -1 0
0 1 0 26.1 77.0 4 -1 0
0 1 0 26.2 77.0 2 -1 0
0 1 0 26.2 77.0 2 -1 0
0 1 0 26.1 76.5 2 -1 0
0 1 0 26.2 76.5 2 -1 0
0 1 0 26.1 76.5 2 -1 0
0 1 0 26.1 76.5 2 -1 0
0 1 0 26.1 76.5 1 -1 0
0 1 0 26.1 76.5 1 -1 0
0 1 0 26.1 76.5 1 -1 0
0 1 0 26.1 76.5 4 -1 0
0 1 0 26.1 76.5 4 -1 0
0 1 0 26.1 76.5 2 -1 0
0 1 0 26.1 76.5 2 -1 0
0 1 0 26.1 76.5 2 -1 0
0 1 0 26.1 76.5 2 -1 0
0 1 0 26.1 76.0 2 -1 0
0 1 0 26.0 76.0 2 -1 0
0 1 0 26.1 76.0 2 -1 0
0 1 0 26.1 76.0 2 -1 0
0 1 0 26.1 76.0 2 -1 0
0 1 0 26.0 76.0 0 -1 0
0 1 0 26.1 76.0 0 -1 0
0 1 0 26.1 75.5 0 -1 0
0 1 0 26.1 75.5 0 -1 0
0 1 0 26.0 75.5 0 -1 0
0 1 0 26.0 75.5 0 -1 0
0 1 0 26.0 75.5 0 -1 0
0 1 0 25.9 75.5 0 -1 0
0 1 0 26.0 75.5 0 -1 0
0 1 0 25.9 75.5 0 -1 0
0 1 0 26.0 75.0 0 -1 0
0 1 0 26.0 75.0 0 -1 0
0 1 0 25.9 75.0 0 -1 0
0 1 0 26.0 75.0 0 -1 0
0 1 0 25.9 75.5 0 -1 0
0 1 0 26.0 75.5 0 -1 0
0 1 0 25.9 75.5 0 -1 0
0 1 0 25.9 75.5 0 -1 0
0 1 0 25.9 75.5 0 -1 0
0 1 0 25.9 75.0 0 -1 0
0 1 0 25.8 75.0 0 -1 0
0 1 0 25.9 75.0 0 -1 0
0 1 0 25.8 75.5 0 -1 0
0 1 0 25.9 75.5 0 -1 0
0 1 0 25.8 75.5 0 -1 0
0 1 0 25.8 75.0 0 -1 0
0 1 0 25.8 75.5 0 -1 0
0 1 0 25.8 75.5 0 -1 0
0 1 0 25.7 75.5 0 -1 0
0 1 0 25.8 75.0 0 -1 0
0 1 0 25.8 75.0 0 -1 0
0 1 0 25.8 75.0 0 -1 0
0 1 0 25.8 75.0 0 -1 0
0 1 0 25.8 75.0 0 -1 0
0 1 0 25.7 75.0 0 -1 0
0 1 0 25.7 75.0 0 -1 0
0 1 0 25.7 75.0 0 -1 0
0 1 0 25.7 75.0 0 -1 0
0 1 0 25.7 75.0 0 -1 0
0 1 0 25.6 75.0 0 -1 0
0 1 0 25.7 75.0 0 -1 0
0 1 0 25.6 75.0 0 -1 0
0 1 0 25.7 75.0 0 -1 0
0 1 0 25.6 75.0 0 -1 0
0 1 0 25.5 75.0 0 -1 0
0 1 0 25.6 74.5 0 -1 0
0 1 0 25.6 75.0 0 -1 0
0 1 0 25.7 75.0 0 -1 0
0 1 0 25.7 75.0 0 -1 0
0 1 0 25.7 75.0 0 -1 0
0 1 0 25.6 74.5 0 -1 0
0 1 0 25.6 74.5 0 -1 0
0 1 0 25.6 74.5 0 -1 0
0 1 0 25.7 74.5 0 -1 0
0 1 0 25.6 74.5 0 -1 0
0 1 0 25.6 74.5 0 -1 0
0 1 0 25.6 74.5 0 -1 0
0 1 0 25.6 74.5 0 -1 0
0 1 0 25.6 74.5 0 -1 0
0 1 0 25.5 74.5 0 -1 0
0 1 0 25.6 74.5 0 -1 0
0 1 0 25.5 74.0 0 -1 0
0 1 0 25.6 74.0 0 -1 0
0 1 0 25.6 74.5 0 -1 0
0 1 0 25.6 74.5 0 -1 0
0 1 0 25.5 74.5 0 -1 0
0 1 0 25.5 74.5 0 -1 0
0 1 0 25.5 74.0 0 -1 0
0 1 0 25.5 74.0 0 -1 0
0 1 0 25.6 74.0 0 -1 0
0 1 0 25.6 74.0 0 -1 0
0 1 0 25.5 74.0 0 -1 0
0 1 0 25.5 74.0 0 -1 0
0 1 0 25.5 74.0 0 -1 0
0 1 0 25.5 74.0 0 -1 0
0 1 0 25.5 74.0 0 -1 0
0 1 0 25.5 74.0 0 -1 0
0 1 0 25.5 73.5 0 -1 0
0 1 0 25.4 74.0 0 -1 0
0 1 0 25.5 74.0 0 -1 0
0 1 0 25.5 74.0 0 -1 0
0 1 0 25.5 74.0 0 -1 0
0 1 0 25.5 74.0 0 -1 0
0 1 0 25.4 74.0 0 -1 0
0 1 0 25.5 74.0 0 -1 0
0 1 0 25.5 74.0 0 -1 0
0 1 0 25.5 74.0 0 -1 0
0 1 0 25.5 73.5 0 -1 0
0 1 0 25.5 74.0 0 -1 0
0 1 0 25.5 73.5 0 -1 0
0 1 0 25.5 73.5 0 -1 0
0 1 0 25.4 73.5 0 -1 0
0 1 0 25.4 73.5 0 -1 0
0 1 0 25.4 73.5 0 -1 0
0 1 0 25.4 73.5 0 -1 0
0 1 0 25.4 73.5 0 -1 0
0 1 0 25.4 73.5 0 -1 0
0 1 0 25.4 73.5 0 -1 0
0 1 0 25.3 73.5 0 -1 0
0 1 0 25.3 73.5 0 -1 0
0 1 0 25.4 73.0 0 -1 0
0 1 0 25.4 73.0 0 -1 0
0 1 0 25.4 73.0 0 -1 0
0 1 0 25.4 73.0 0 -1 0
0 1 0 25.4 73.0 0 -1 0
0 1 0 25.4 73.0 0 -1 0
0 1 0 25.4 73.0 0 -1 0
0 1 0 25.4 73.0 0 -1 0
0 1 0 25.4 73.0 0 -1 0
0 1 0 25.4 73.0 0 -1 0
0 1 0 25.4 73.0 0 -1 0
0 1 0 25.3 73.0 0 -1 0
0 1 0 25.4 73.0 0 -1 0
0 1 0 25.4 73.0 0 -1 0
0 1 0 25.4 72.5 0 -1 0
0 1 0 25.4 72.5 0 -1 0
0 1 0 25.3 72.5 0 -1 0
0 1 0 25.3 72.5 0 -1 0
0 1 0 25.4 72.5 0 -1 0
0 1 0 25.4 72.5 0 -1 0
0 1 0 25.3 72.5 0 -1 0
0 1 0 25.4 72.5 0 -1 0
0 1 0 25.4 72.5 0 -1 0
0 1 0 25.3 72.5 0 -1 0
0 1 0 25.3 72.5 0 -1 0
0 1 0 25.3 72.5 0 -1 0
0 1 0 25.3 72.5 0 -1 0
0 1 0 25.3 72.5 0 -1 0
0 1 0 25.3 72.0 0 -1 0
0 1 0 25.3 72.0 0 -1 0
0 1 0 25.3 72.0 0 -1 0
0 1 0 25.3 72.0 0 -1 0
0 1 0 25.3 72.0 0 -1 0
0 1 0 25.4 72.0 0 -1 0
0 1 0 25.3 72.0 0 -1 0
0 1 0 25.3 72.0 0 -1 0
0 1 0 25.3 72.0 0 -1 0
0 1 0 25.3 72.0 0 -1 0
0 1 0 25.2 72.0 0 -1 0
0 1 0 25.4 72.5 0 -1 0
0 1 0 25.4 72.0 0 -1 0
0 1 0 25.2 72.5 0 -1 0
0 1 0 25.3 72.5 0 -1 0
0 1 0 25.3 72.5 0 -1 0
0 1 0 25.3 72.5 0 -1 0
0 1 0 25.3 72.5 0 -1 0
0 1 0 25.3 72.5 0 -1 0
0 1 0 25.3 72.5 0 -1 0
0 1 0 25.4 73.0 0 -1 0
0 1 0 25.4 73.0 0 -1 0
0 1 0 25.4 73.5 0 -1 0
0 1 0 25.4 73.5 0 -1 0
0 1 0 25.4 73.0 0 -1 0
0 1 0 25.3 73.0 0 -1 0
0 1 0 25.3 73.0 0 -1 0
0 1 0 25.4 73.0 0 -1 0
0 1 0 25.4 73.0 0 -1 0
0 1 0 25.4 72.5 0 -1 0
0 1 0 25.4 72.5 0 -1 0
0 1 0 25.3 72.5 0 -1 0
0 1 0 25.4 72.5 0 -1 0
0 1 0 25.4 72.5 0 -1 0
0 1 0 25.4 73.0 0 -1 0
0 1 0 25.4 73.0 0 -1 0
0 1 0 25.4 73.0 0 -1 0
0 1 0 25.3 73.0 0 -1 0
0 1 0 25.3 73.0 0 -1 0
0 1 0 25.4 73.0 0 -1 0
0 1 0 25.4 73.0 0 -1 0
0 1 0 25.4 73.0 0 -1 0
0 1 0 25.4 73.0 0 -1 0
0 1 0 25.4 73.0 0 -1 0
0 1 0 25.4 73.0 0 -1 0
0 1 0 25.4 73.0 0 -1 0
0 1 0 25.4 73.5 0 -1 0
0 1 0 25.4 73.5 0 -1 0
0 1 0 25.4 73.5 0 -1 0
0 1 0 25.4 73.5 0 -1 0
0 1 0 25.4 74.0 0 -1 0
0 1 0 25.5 74.0 0 -1 0
0 1 0 25.5 74.0 0 -1 0
0 1 0 25.4 74.0 0 -1 0
0 1 0 25.4 74.0 0 -1 0
0 1 0 25.4 74.0 0 -1 0
0 1 0 25.4 74.0 0 -1 0
0 1 0 25.4 74.0 0 -1 0
0 1 0 25.5 74.0 0 -1 0
0 1 0 25.5 74.0 0 -1 0
0 1 0 25.4 74.0 0 -1 0
0 1 0 25.5 74.0 0 -1 0
0 1 0 25.5 74.0 0 -1 0
0 1 0 25.4 74.0 0 -1 0
0 1 0 25.4 74.0 0 -1 0
0 1 0 25.5 74.0 0 -1 0
0 1 0 25.4 73.5 0 -1 0
0 1 0 25.4 73.5 0 -1 0
0 1 0 25.5 73.5 0 -1 0
0 1 0 25.5 73.5 0 -1 0
0 1 0 25.5 73.5 0 -1 0
0 1 0 25.5 73.5 0 -1 0
0 1 0 25.5 73.5 0 -1 0
0 1 0 25.5 73.5 0 -1 0
0 1 0 25.5 73.5 0 -1 0
0 1 0 25.5 73.5 0 -1 0
0 1 0 25.5 73.5 2 -1 0
0 1 0 25.4 73.5 2 -1 0
0 1 0 25.4 73.0 2 -1 0
0 1 0 25.6 73.5 2 -1 0
0 1 0 25.5 73.5 2 -1 0
0 1 0 25.4 73.5 2 -1 0
0 1 0 25.5 73.5 2 -1 0
0 1 0 25.6 73.5 2 -1 0
0 1 0 25.5 73.5 2 -1 0
0 1 0 25.5 73.5 2 -1 0
0 1 0 25.5 73.5 2 -1 0
0 1 0 25.6 74.0 2 -1 0
0 1 0 25.5 73.5 2 -1 0
0 1 0 25.6 73.5 2 -1 0
0 1 0 25.5 74.0 2 -1 0
0 1 0 25.6 73.5 2 -1 0
0 1 0 25.6 73.5 2 -1 0
0 1 0 25.6 73.5 2 -1 0
0 1 0 25.5 73.5 2 -1 0
0 1 0 25.6 73.5 2 -1 0
0 1 0 25.6 74.0 2 -1 0
0 1 0 25.6 73.5 2 -1 0
0 1 0 25.6 74.0 2 -1 0
0 1 0 25.6 74.0 2 -1 0
0 1 0 25.5 74.0 2 -1 0
0 1 0 25.6 74.0 2 -1 0
0 1 0 25.6 74.0 2 -1 0
0 1 0 25.6 74.0 2 -1 0
0 1 0 25.6 74.0 2 -1 0
0 1 0 25.6 74.0 2 -1 0
0 1 0 25.6 74.0 2 -1 0
0 1 0 25.6 74.0 2 -1 0
0 1 0 25.6 74.0 2 -1 0
0 1 0 25.6 74.0 2 -1 0
0 1 0 25.6 74.0 2 -1 0
0 1 0 25.6 74.0 2 -1 0
0 1 0 25.7 74.0 2 -1 0
0 1 0 25.7 74.5 2 -1 0
0 1 0 25.6 74.5 2 -1 0
0 1 0 25.7 74.5 2 -1 0
0 1 0 25.7 74.5 2 -1 0
0 1 0 25.7 74.5 2 -1 0
0 1 0 25.7 74.0 2 -1 0
0 1 0 25.7 74.5 2 -1 0
0 1 0 25.7 74.5 2 -1 0
0 1 0 25.7 74.5 2 -1 0
0 1 0 25.7 74.0 2 -1 0
0 1 0 25.8 74.5 2 -1 0
0 1 0 25.6 74.5 2 -1 0
0 1 0 25.7 74.5 2 -1 0
0 1 0 25.7 74.5 2 -1 0
0 1 0 25.7 74.5 2 -1 0
0 1 0 25.7 74.5 2 -1 0
0 1 0 25.8 74.5 2 -1 0
0 1 0 25.7 74.5 2 -1 0
0 1 0 25.7 74.5 2 -1 0
0 1 0 25.7 74.5 2 -1 0
0 1 0 25.8 74.5 2 -1 0
0 1 0 25.8 74.5 2 -1 0
0 1 0 25.8 74.5 2 -1 0
0 1 0 25.7 74.5 2 -1 0
0 1 0 25.7 74.5 2 -1 0
0 1 0 25.7 74.5 2 -1 0
0 1 0 25.7 74.5 2 -1 0
0 1 0 25.7 74.5 2 -1 0
0 1 0 25.7 74.0 2 -1 0
0 1 0 25.8 74.0 2 -1 0
0 1 0 25.8 74.0 2 -1 0
0 1 0 25.8 74.0 2 -1 0
0 1 0 25.8 74.0 2 -1 0
0 1 0 25.7 74.0 2 -1 0
0 1 0 25.7 74.0 2 -1 0
0 1 0 25.8 74.0 2 -1 0
0 1 0 25.7 74.5 2 -1 0
0 1 0 25.8 74.5 2 -1 0
0 1 0 25.8 74.5 2 -1 0
0 1 0 25.7 74.5 2 -1 0
0 1 0 25.8 74.5 2 -1 0
0 1 0 25.8 74.5 2 -1 0
0 1 0 25.8 74.5 2 -1 0
0 1 0 25.8 74.5 2 -1 0
0 1 0 25.8 74.5 2 -1 0
0 1 0 25.8 74.5 2 -1 0
0 1 0 25.8 74.5 2 -1 0
0 1 0 25.8 74.5 2 -1 0
0 1 0 25.9 75.0 2 -1 0
0 1 0 25.8 74.5 2 -1 0
0 1 0 25.8 75.0 2 -1 0
0 1 0 25.8 75.0 2 -1 0
0 1 0 25.8 74.5 2 -1 0
0 1 0 25.8 75.0 2 -1 0
0 1 0 25.9 75.0 2 -1 0
0 1 0 25.8 75.0 2 -1 0
0 1 0 25.9 75.0 2 -1 0
0 1 0 25.8 75.0 2 -1 0
0 1 0 25.8 75.0 2 -1 0
0 1 0 25.8 75.0 2 -1 0
0 1 0 25.9 75.0 2 -1 0
0 1 0 25.9 75.0 2 -1 0
0 1 0 25.9 75.0 2 -1 0
0 1 0 25.9 75.0 2 -1 0
0 1 0 25.9 75.0 2 -1 0
0 1 0 25.9 75.0 2 -1 0
0 1 0 25.8 75.0 2 -1 0
0 1 0 25.9 75.0 2 -1 0
0 1 0 25.9 75.0 2 -1 0
0 1 0 25.8 75.0 2 -1 0
0 1 0 25.9 74.5 2 -1 0
0 1 0 25.9 75.0 2 -1 0
0 1 0 25.9 75.0 2 -1 0
0 1 0 25.9 74.5 2 -1 0
