0 1 0 25.9 75.0 2 -1 0
0 1 0 25.9 75.0 2 -1 0
0 1 0 25.8 75.0 2 -1 0
0 1 0 26.0 74.5 2 -1 0
0 1 0 25.9 75.0 2 -1 0
0 1 0 25.9 75.0 2 -1 0
0 1 0 25.9 75.0 2 -1 0
0 1 0 25.9 75.0 2 -1 0
0 1 0 25.8 75.0 2 -1 0
0 1 0 25.9 75.0 2 -1 0
0 1 0 25.9 75.0 2 -1 0
0 1 0 25.9 75.0 2 -1 0
0 1 0 25.9 75.0 2 -1 0
0 1 0 25.9 75.0 2 -1 0
0 1 0 25.9 75.0 2 -1 0
0 1 0 26.0 75.0 2 -1 0
0 1 0 25.9 75.0 2 -1 0
0 1 0 25.9 75.0 2 -1 0
0 1 0 25.9 75.0 2 -1 0
0 1 0 25.9 75.0 2 -1 0
0 1 0 25.9 75.0 2 -1 0
0 1 0 25.9 75.0 2 -1 0
0 1 0 25.9 75.0 2 -1 0
0 1 0 25.9 75.0 2 -1 0
0 1 0 26.0 75.0 2 -1 0
0 1 0 25.9 75.0 2 -1 0
0 1 0 25.9 75.0 2 -1 0
0 1 0 25.9 75.0 2 -1 0
0 1 0 25.9 75.5 2 -1 0
0 1 0 25.9 75.5 2 -1 0
0 1 0 26.0 75.5 2 -1 0
0 1 0 25.9 76.0 2 -1 0
0 1 0 26.0 76.0 2 -1 0
0 1 0 25.9 76.0 2 -1 0
0 1 0 26.0 76.0 2 -1 0
0 1 0 26.0 76.0 2 -1 0
0 1 0 25.9 76.0 2 -1 0
0 1 0 25.9 76.0 2 -1 0
0 1 0 26.0 75.5 2 -1 0
0 1 0 26.0 75.5 2 -1 0
0 1 0 26.0 75.5 2 -1 0
0 1 0 26.0 75.5 2 -1 0
0 1 0 26.0 75.5 2 -1 0
0 1 0 25.9 75.5 2 -1 0
0 1 0 26.0 75.5 2 -1 0
0 1 0 26.0 75.5 2 -1 0
0 1 0 25.9 75.5 2 -1 0
0 1 0 26.0 75.5 2 -1 0
0 1 0 26.0 75.5 2 -1 0
0 1 0 26.0 75.5 2 -1 0
0 1 0 26.0 75.5 2 -1 0
0 1 0 26.0 75.5 2 -1 0
0 1 0 26.0 75.0 2 -1 0
0 1 0 26.0 75.0 2 -1 0
0 1 0 26.0 75.0 2 -1 0
0 1 0 26.0 75.5 2 -1 0
0 1 0 26.0 75.0 2 -1 0
0 1 0 26.0 75.0 2 -1 0
0 1 0 26.0 75.0 2 -1 0
0 1 0 26.0 75.0 2 -1 0
0 1 0 26.0 75.0 2 -1 0
0 1 0 26.0 75.0 2 -1 0
0 1 0 26.0 75.0 2 -1 0
0 1 0 26.0 75.0 2 -1 0
0 1 0 26.0 75.0 2 -1 0
0 1 0 26.0 75.5 2 -1 0
0 1 0 26.0 75.5 2 -1 0
0 1 0 26.0 75.5 2 -1 0
0 1 0 26.0 75.5 2 -1 0
0 1 0 26.0 75.5 2 -1 0
0 1 0 26.0 75.5 2 -1 0
0 1 0 26.1 75.5 2 -1 0
0 1 0 26.0 75.5 2 -1 0
0 1 0 26.0 75.0 2 -1 0
0 1 0 26.0 75.0 2 -1 0
0 1 0 26.0 75.0 2 -1 0
0 1 0 26.1 75.0 2 -1 0
0 1 0 26.1 75.0 2 -1 0
0 1 0 26.0 75.0 2 -1 0
0 1 0 26.0 75.0 2 -1 0
0 1 0 26.0 75.0 2 -1 0
0 1 0 26.0 75.0 2 -1 0
0 1 0 26.1 75.0 2 -1 0
0 1 0 26.1 75.0 2 -1 0
0 1 0 26.0 75.0 2 -1 0
0 1 0 26.0 75.0 2 -1 0
0 1 0 26.0 75.0 2 -1 0
0 1 0 26.1 75.0 2 -1 0
0 1 0 26.1 75.0 2 -1 0
0 1 0 26.0 75.0 2 -1 0
0 1 0 26.1 75.0 2 -1 0
0 1 0 26.0 75.0 2 -1 0
0 1 0 26.0 75.0 2 -1 0
0 1 0 26.0 75.0 2 -1 0
0 1 0 26.0 75.0 2 -1 0
0 1 0 26.1 75.0 2 -1 0
0 1 0 26.0 75.0 2 -1 0
0 1 0 26.0 75.0 2 -1 0
0 1 0 26.0 75.0 2 -1 0
0 1 0 26.1 75.0 2 -1 0
0 1 0 26.0 75.0 2 -1 0
0 1 0 26.1 75.5 2 -1 0
0 1 0 26.0 75.5 2 -1 0
0 1 0 26.1 75.5 2 -1 0
0 1 0 26.1 75.5 2 -1 0
0 1 0 26.1 75.5 2 -1 0
0 1 0 26.0 75.5 2 -1 0
0 1 0 26.0 75.5 2 -1 0
0 1 0 26.0 75.5 2 -1 0
0 1 0 26.1 75.5 2 -1 0
0 1 0 26.0 75.0 2 -1 0
0 1 0 26.0 75.0 2 -1 0
0 1 0 26.1 75.5 2 -1 0
0 1 0 26.0 75.0 2 -1 0
0 1 0 26.0 75.0 2 -1 0
0 1 0 26.1 76.0 2 -1 0
0 1 0 26.1 76.5 2 -1 0
0 1 0 26.1 76.5 2 -1 0
0 1 0 26.1 76.5 2 -1 0
0 1 0 26.1 76.5 2 -1 0
0 1 0 26.1 76.5 2 -1 0
0 1 0 26.1 76.5 2 -1 0
0 1 0 26.0 76.5 2 -1 0
0 1 0 26.0 76.5 2 -1 0
0 1 0 26.1 77.0 2 -1 0
0 1 0 26.1 76.5 2 -1 0
0 1 0 26.1 76.5 2 -1 0
0 1 0 26.1 76.5 2 -1 0
0 1 0 26.1 76.5 2 -1 0
0 1 0 26.1 76.5 2 -1 0
0 1 0 26.1 76.5 2 -1 0
0 1 0 26.1 76.5 2 -1 0
0 1 0 26.1 76.5 2 -1 0
0 1 0 26.1 76.5 2 -1 0
0 1 0 26.1 76.5 2 -1 0
0 1 0 26.1 76.5 2 -1 0
0 1 0 26.1 76.5 2 -1 0
0 1 0 26.1 76.0 2 -1 0
0 1 0 26.1 76.0 2 -1 0
0 1 0 26.2 76.0 2 -1 0
0 1 0 26.2 76.0 2 -1 0
0 1 0 26.1 76.0 2 -1 0
0 1 0 26.2 76.0 2 -1 0
0 1 0 26.1 76.0 2 -1 0
0 1 0 26.1 76.0 2 -1 0
0 1 0 26.1 76.0 2 -1 0
0 1 0 26.2 76.0 2 -1 0
0 1 0 26.2 76.0 2 -1 0
0 1 0 26.1 76.0 2 -1 0
0 1 0 26.1 76.0 2 -1 0
0 1 0 26.2 76.0 2 -1 0
0 1 0 26.2 76.0 2 -1 0
0 1 0 26.1 76.0 2 -1 0
0 1 0 26.1 76.0 2 -1 0
0 1 0 26.1 76.0 2 -1 0
0 1 0 26.2 76.0 2 -1 0
0 1 0 26.1 76.0 2 -1 0
0 1 0 26.2 76.0 2 -1 0
0 1 0 26.2 76.0 2 -1 0
0 1 0 26.1 76.0 2 -1 0
0 1 0 26.1 76.0 2 -1 0
0 1 0 26.1 76.0 2 -1 0
0 1 0 26.1 75.5 2 -1 0
0 1 0 26.2 75.5 2 -1 0
0 1 0 26.1 75.5 2 -1 0
0 1 0 26.1 75.5 2 -1 0
0 1 0 26.1 75.5 2 -1 0
0 1 0 26.1 75.5 2 -1 0
0 1 0 26.2 76.0 2 -1 0
0 1 0 26.1 76.0 2 -1 0
0 1 0 26.2 76.0 2 -1 0
0 1 0 26.1 76.0 2 -1 0
0 1 0 26.1 76.0 2 -1 0
0 1 0 26.1 76.0 2 -1 0
0 1 0 26.1 76.0 2 -1 0
0 1 0 26.2 76.0 2 -1 0
0 1 0 26.2 76.0 2 -1 0
0 1 0 26.2 76.0 2 -1 0
0 1 0 26.1 76.0 2 -1 0
0 1 0 26.2 76.0 2 -1 0
0 1 0 26.1 76.0 2 -1 0
0 1 0 26.1 76.0 2 -1 0
0 1 0 26.1 76.0 2 -1 0
0 1 0 26.2 76.0 2 -1 0
0 1 0 26.2 76.0 2 -1 0
0 1 0 26.1 76.0 2 -1 0
0 1 0 26.2 76.0 2 -1 0
0 1 0 26.2 76.0 2 -1 0
0 1 0 26.2 76.0 2 -1 0
0 1 0 26.2 76.5 2 -1 0
0 1 0 26.2 77.0 2 -1 0
0 1 0 26.2 77.0 2 -1 0
0 1 0 26.1 77.0 2 -1 0
0 1 0 26.1 77.0 2 -1 0
0 1 0 26.1 77.0 2 -1 0
0 1 0 26.1 77.0 2 -1 0
0 1 0 26.2 77.0 2 -1 0
0 1 0 26.1 77.0 2 -1 0
0 1 0 26.2 77.0 2 -1 0
0 1 0 26.1 77.0 2 -1 0
0 1 0 26.2 77.0 2 -1 0
0 1 0 26.2 77.0 2 -1 0
0 1 0 26.1 77.0 2 -1 0
0 1 0 26.2 77.0 2 -1 0
0 1 0 26.1 77.0 2 -1 0
0 1 0 26.1 76.5 2 -1 0
0 1 0 26.2 76.5 2 -1 0
0 1 0 26.2 76.5 2 -1 0
0 1 0 26.2 76.5 2 -1 0
0 1 0 26.2 76.5 2 -1 0
0 1 0 26.2 76.5 2 -1 0
0 1 0 26.2 76.5 2 -1 0
0 1 0 26.2 76.5 2 -1 0
0 1 0 26.2 76.5 2 -1 0
0 1 0 26.2 76.5 2 -1 0
0 1 0 26.2 76.5 2 -1 0
0 1 0 26.2 76.5 2 -1 0
0 1 0 26.2 76.5 2 -1 0
0 1 0 26.1 76.5 2 -1 0
0 1 0 26.2 76.5 2 -1 0
0 1 0 26.2 76.5 2 -1 0
0 1 0 26.2 76.5 2 -1 0
0 1 0 26.2 76.0 2 -1 0
0 1 0 26.2 76.5 2 -1 0
0 1 0 26.2 76.0 2 -1 0
0 1 0 26.2 76.0 2 -1 0
0 1 0 26.2 76.0 2 -1 0
0 1 0 26.2 76.0 2 -1 0
0 1 0 26.2 76.0 2 -1 0
0 1 0 26.2 76.0 2 -1 0
0 1 0 26.2 76.0 2 -1 0
0 1 0 26.2 76.0 2 -1 0
0 1 0 26.2 76.0 2 -1 0
0 1 0 26.1 76.0 2 -1 0
0 1 0 26.2 76.0 2 -1 0
0 1 0 26.2 76.0 2 -1 0
0 1 0 26.2 76.5 2 -1 0
0 1 0 26.2 76.5 2 -1 0
0 1 0 26.2 76.5 2 -1 0
0 1 0 26.2 76.5 2 -1 0
0 1 0 26.2 76.5 2 -1 0
0 1 0 26.2 76.5 2 -1 0
0 1 0 26.2 76.0 2 -1 0
0 1 0 26.2 76.0 2 -1 0
0 1 0 26.2 76.0 2 -1 0
0 1 0 26.2 76.0 2 -1 0
0 1 0 26.2 76.0 2 -1 0
0 1 0 26.2 76.0 2 -1 0
0 1 0 26.1 76.0 2 -1 0
0 1 0 26.1 76.0 2 -1 0
0 1 0 26.2 76.0 2 -1 0
0 1 0 26.2 76.0 2 -1 0
0 1 0 26.2 76.0 2 -1 0
0 1 0 26.2 76.0 2 -1 0
0 1 0 26.1 76.0 2 -1 0
0 1 0 26.2 76.0 2 -1 0
0 1 0 26.2 76.0 2 -1 0
0 1 0 26.2 76.0 2 -1 0
0 1 0 26.2 76.0 2 -1 0
0 1 0 26.2 76.0 2 -1 0
0 1 0 26.2 76.0 2 -1 0
0 1 0 26.2 76.0 2 -1 0
0 1 0 26.2 76.0 2 -1 0
0 1 0 26.2 76.0 2 -1 0
0 1 0 26.2 76.0 2 -1 0
0 1 0 26.2 76.0 2 -1 0
0 1 0 26.2 76.0 2 -1 0
0 1 0 26.2 76.0 2 -1 0
0 1 0 26.2 76.0 2 -1 0
0 1 0 26.1 76.0 2 -1 0
0 1 0 26.2 76.0 2 -1 0
0 1 0 26.2 76.0 2 -1 0
0 1 0 26.2 76.0 2 -1 0
0 1 0 26.2 76.0 2 -1 0
0 1 0 26.2 76.5 2 -1 0
0 1 0 26.2 76.5 2 -1 0
0 1 0 26.2 76.5 2 -1 0
0 1 0 26.2 76.5 2 -1 0
0 1 0 26.2 76.5 2 -1 0
0 1 0 26.2 76.5 2 -1 0
0 1 0 26.2 76.5 2 -1 0
0 1 0 26.2 76.5 2 -1 0
0 1 0 26.2 76.5 2 -1 0
0 1 0 26.2 76.5 2 -1 0
0 1 0 26.2 76.5 2 -1 0
0 1 0 26.2 76.5 2 -1 0
0 1 0 26.2 76.5 2 -1 0
0 1 0 26.3 76.5 2 -1 0
0 1 0 26.2 76.5 2 -1 0
0 1 0 26.2 76.5 2 -1 0
0 1 0 26.2 77.0 2 -1 0
0 1 0 26.2 76.5 2 -1 0
0 1 0 26.2 77.0 2 -1 0
0 1 0 26.2 77.0 2 -1 0
0 1 0 26.2 77.0 2 -1 0
0 1 0 26.2 77.0 2 -1 0
0 1 0 26.2 77.0 2 -1 0
0 1 0 26.2 77.0 2 -1 0
0 1 0 26.2 77.0 2 -1 0
0 1 0 26.2 77.0 2 -1 0
0 1 0 26.2 77.0 2 -1 0
0 1 0 26.2 77.0 2 -1 0
0 1 0 26.2 77.0 2 -1 0
0 1 0 26.2 77.0 2 -1 0
0 1 0 26.2 77.0 2 -1 0
0 1 0 26.2 77.0 2 -1 0
0 1 0 26.2 76.5 1 -1 0
0 1 0 26.2 77.0 1 -1 0
0 1 0 26.2 76.5 1 -1 0
0 1 0 26.2 77.0 1 -1 0
0 1 0 26.2 76.5 1 -1 0
0 1 0 26.2 76.5 1 -1 0
0 1 0 26.3 76.5 1 -1 0
0 1 0 26.3 76.5 1 -1 0
0 1 0 26.2 76.5 1 -1 0
0 1 0 26.3 76.5 1 -1 0
0 1 0 26.3 76.5 1 -1 0
0 1 0 26.2 76.5 1 -1 0
0 1 0 26.2 76.5 1 -1 0
0 1 0 26.2 76.5 1 -1 0
0 1 0 26.3 76.5 1 -1 0
0 1 0 26.2 76.5 1 -1 0
0 1 0 26.2 76.5 1 -1 0
0 1 0 26.2 76.5 1 -1 0
0 1 0 26.3 76.5 1 -1 0
0 1 0 26.2 76.5 1 -1 0
0 1 0 26.3 76.5 0 -1 0
0 1 0 26.2 76.5 0 -1 0
0 1 0 26.2 76.5 0 -1 0
0 1 0 26.2 76.5 0 -1 0
0 1 0 26.3 76.5 0 -1 0
0 1 0 26.3 77.0 0 -1 0
0 1 0 26.3 77.0 0 -1 0
0 1 0 26.2 76.5 0 -1 0
0 1 0 26.2 77.0 0 -1 0
0 1 0 26.2 77.0 0 -1 0
0 1 0 26.2 77.0 0 -1 0
0 1 0 26.2 77.0 0 -1 0
0 1 0 26.3 77.0 2 -1 0
0 1 0 26.1 77.0 2 -1 0
0 1 0 26.2 77.5 2 -1 0
0 1 0 26.2 77.5 2 -1 0
0 1 0 26.3 77.5 3 -1 0
0 1 0 26.2 77.5 1 -1 0
0 1 0 26.2 77.5 1 -1 0
0 1 0 26.3 77.5 1 -1 0
0 1 0 26.2 77.5 2 -1 0
0 1 0 26.2 77.5 2 -1 0
0 1 0 26.2 77.5 2 -1 0
0 1 0 26.2 77.5 4 -1 0
0 1 0 26.2 77.5 1 -1 0
0 1 0 26.3 77.5 2 -1 0
0 1 0 26.3 77.5 2 -1 0
0 1 0 26.3 77.0 4 -1 0
0 1 0 26.3 77.0 4 -1 0
0 1 0 26.3 77.0 3 -1 0
0 1 0 26.2 77.0 3 -1 0
0 1 0 26.3 77.0 5 -1 0
0 1 0 26.3 77.0 7 -1 0
0 1 0 26.3 77.0 7 -1 0
0 1 0 26.3 77.0 5 -1 0
0 1 0 26.2 77.0 5 -1 0
0 1 0 26.3 77.0 7 -1 0
0 1 0 26.2 77.0 7 -1 0
0 1 0 26.3 77.0 9 -1 0
0 1 0 26.3 77.0 5 -1 0
0 1 0 26.3 77.0 7 -1 0
0 1 0 26.2 77.0 7 -1 0
0 1 0 26.2 77.5 9 -1 0
0 1 0 26.3 77.5 8 -1 0
0 1 0 26.2 77.5 8 -1 0
0 1 0 26.3 77.5 10 -1 0
0 1 0 26.2 77.5 10 -1 0
0 1 0 26.3 77.5 10 -1 0
0 1 0 26.3 77.5 12 -1 0
0 1 0 26.3 77.5 12 -1 0
0 1 0 26.3 77.5 8 -1 0
0 1 0 26.3 77.5 8 -1 0
0 1 0 26.3 77.5 10 -1 0
0 1 0 26.3 77.5 10 -1 0
0 1 0 26.3 77.5 12 -1 0
0 1 0 26.3 77.5 12 -1 0
0 1 0 26.4 77.5 12 -1 0
0 1 0 26.4 78.0 12 -1 0
0 1 0 26.3 78.0 12 -1 0
0 1 0 26.2 78.0 12 -1 0
0 1 0 26.3 78.0 12 -1 0
0 1 0 26.3 78.0 14 -1 0
0 1 0 26.3 78.5 12 -1 0
0 1 0 26.3 78.5 17 -1 0
0 1 0 26.3 78.5 21 -1 0
0 1 0 26.3 78.5 22 -1 0
0 1 0 26.4 78.5 17 -1 0
0 1 0 26.3 78.5 14 -1 0
0 1 0 26.3 78.5 10 -1 0
0 1 0 26.3 79.0 10 -1 0
0 1 0 26.4 79.0 12 -1 0
0 1 0 26.4 78.5 14 -1 0
0 1 0 26.4 78.5 10 -1 0
0 1 0 26.4 78.5 10 -1 0
0 1 0 26.4 79.0 9 -1 0
0 1 0 26.4 79.0 9 -1 0
0 1 0 26.3 79.0 9 -1 0
0 1 0 26.3 79.0 9 -1 0
0 1 0 26.3 79.0 7 -1 0
0 1 0 26.3 79.0 9 -1 0
0 1 0 26.4 79.0 9 -1 0
0 1 0 26.3 79.0 7 -1 0
0 1 0 26.4 79.0 9 -1 0
0 1 0 26.4 79.0 9 -1 0
0 1 0 26.4 79.0 8 -1 0
0 1 0 26.4 79.0 8 -1 0
0 1 0 26.4 79.0 10 -1 0
0 1 0 26.4 79.0 10 -1 0
0 1 0 26.4 79.0 10 -1 0
0 1 0 26.4 79.0 10 -1 0
0 1 0 26.5 79.0 10 -1 0
0 1 0 26.5 78.5 12 -1 0
0 1 0 26.4 78.5 12 -1 0
0 1 0 26.4 78.5 12 -1 0
0 1 0 26.4 78.5 12 -1 0
0 1 0 26.4 78.5 12 -1 0
0 1 0 26.4 78.5 12 -1 0
0 1 0 26.4 78.5 10 -1 0
0 1 0 26.4 78.5 10 -1 0
0 1 0 26.4 78.5 10 -1 0
0 1 0 26.5 78.5 10 -1 0
0 1 0 26.4 78.5 12 -1 0
0 1 0 26.4 78.5 12 -1 0
0 1 0 26.5 78.5 14 -1 0
0 1 0 26.4 78.5 12 -1 0
0 1 0 26.4 78.5 14 -1 0
0 1 0 26.4 78.5 16 -1 0
0 1 0 26.4 78.5 15 -1 0
0 1 0 26.4 78.5 17 -1 0
0 1 0 26.5 78.5 15 -1 0
0 1 0 26.4 78.5 17 -1 0
0 1 0 26.5 78.5 19 -1 0
0 1 0 26.4 78.5 17 -1 0
0 1 0 26.5 78.5 19 -1 0
0 1 0 26.5 78.5 21 -1 0
0 1 0 26.5 78.5 17 -1 0
0 1 0 26.4 78.5 17 -1 0
0 1 0 26.5 78.5 19 -1 0
0 1 0 26.4 78.5 21 -1 0
0 1 0 26.6 78.5 20 -1 0
0 1 0 26.5 78.5 20 -1 0
0 1 0 26.4 78.5 22 -1 0
0 1 0 26.5 78.5 41 -1 0
0 1 0 26.5 78.5 37 -1 0
0 1 0 26.5 78.5 27 -1 0
0 1 0 26.5 78.0 28 -1 0
0 1 0 26.5 78.0 20 -1 0
0 1 0 26.5 78.5 22 -1 0
0 1 0 26.5 78.5 20 -1 0
0 1 0 26.5 78.5 21 -1 0
0 1 0 26.5 78.5 24 -1 0
0 1 0 26.5 78.5 19 -1 0
0 1 0 26.5 78.5 19 -1 0
0 1 0 26.5 78.5 15 -1 0
0 1 0 26.5 78.5 15 -1 0
0 1 0 26.5 78.5 17 -1 0
0 1 0 26.5 78.5 17 -1 0
0 1 0 26.5 78.5 15 -1 0
0 1 0 26.5 78.5 15 -1 0
0 1 0 26.6 78.5 15 -1 0
0 1 0 26.5 78.0 12 -1 0
0 1 0 26.6 78.0 12 -1 0
0 1 0 26.5 78.0 12 -1 0
0 1 0 26.5 78.0 12 -1 0
0 1 0 26.6 78.0 12 -1 0
0 1 0 26.6 78.0 12 -1 0
0 1 0 26.6 78.0 12 -1 0
0 1 0 26.6 78.0 12 -1 0
0 1 0 26.6 78.0 12 -1 0
0 1 0 26.5 78.0 12 -1 0
0 1 0 26.5 78.0 14 -1 0
0 1 0 26.5 78.0 14 -1 0
0 1 0 26.6 78.0 16 -1 0
0 1 0 26.5 78.0 12 -1 0
0 1 0 26.6 78.0 12 -1 0
0 1 0 26.5 78.0 12 -1 0
0 1 0 26.5 78.0 15 -1 0
0 1 0 26.5 78.0 15 -1 0
0 1 0 26.6 78.0 15 -1 0
0 1 0 26.6 78.0 17 -1 0
0 1 0 26.6 78.0 15 -1 0
0 1 0 26.6 78.0 15 -1 0
0 1 0 26.5 78.0 17 -1 0
0 1 0 26.6 78.0 17 -1 0
0 1 0 26.6 78.0 19 -1 0
0 1 0 26.5 78.0 15 -1 0
0 1 0 26.6 78.0 15 -1 0
0 1 0 26.6 78.0 15 -1 0
0 1 0 26.6 78.0 15 -1 0
0 1 0 26.6 78.0 19 -1 0
0 1 0 26.6 78.0 19 -1 0
0 1 0 26.6 78.0 19 -1 0
0 1 0 26.6 78.0 17 -1 0
0 1 0 26.6 78.0 17 -1 0
0 1 0 26.5 78.0 17 -1 0
0 1 0 26.6 78.0 17 -1 0
0 1 0 26.6 78.0 15 -1 0
0 1 0 26.6 78.0 15 -1 0
0 1 0 26.6 78.5 15 -1 0
0 1 0 26.6 78.5 15 -1 0
0 1 0 26.6 78.5 15 -1 0
0 1 0 26.7 78.5 15 -1 0
0 1 0 26.6 78.5 15 -1 0
0 1 0 26.6 78.5 15 -1 0
0 1 0 26.6 78.5 17 -1 0
0 1 0 26.7 78.5 17 -1 0
0 1 0 26.7 79.0 15 -1 0
0 1 0 26.7 79.0 17 -1 0
0 1 0 26.7 79.0 17 -1 0
0 1 0 26.7 79.0 17 -1 0
0 1 0 26.6 79.0 19 -1 0
0 1 0 26.7 79.0 19 -1 0
0 1 0 26.7 79.0 19 -1 0
0 1 0 26.7 79.0 17 -1 0
0 1 0 26.7 79.0 17 -1 0
0 1 0 26.7 79.0 19 -1 0
0 1 0 26.8 79.5 19 -1 0
0 1 0 26.8 79.5 21 -1 0
0 1 0 26.8 79.5 18 -1 0
0 1 0 26.7 79.5 20 -1 0
0 1 0 26.7 79.5 20 -1 0
0 1 0 26.7 79.5 22 -1 0
0 1 0 26.7 79.5 20 -1 0
0 1 0 26.8 79.5 22 -1 0
0 1 0 26.8 79.5 24 -1 0
0 1 0 26.8 79.5 24 -1 0
0 1 0 26.8 79.5 26 -1 0
0 1 0 26.8 79.5 25 -1 0
0 1 0 26.7 79.5 25 -1 0
0 1 0 26.8 80.0 27 -1 0
0 1 0 26.8 80.0 29 -1 0
0 1 0 26.8 80.0 27 -1 0
0 1 0 26.8 80.0 31 -1 0
0 1 0 26.8 80.0 30 -1 0
0 1 0 26.9 80.0 30 -1 0
0 1 0 26.9 80.5 30 -1 0
0 1 0 26.9 80.5 32 -1 0
0 1 0 26.9 80.5 32 -1 0
0 1 0 26.9 80.5 34 -1 0
0 1 0 26.9 80.5 34 -1 0
0 1 0 26.9 80.5 34 -1 0
0 1 0 26.9 80.5 34 -1 0
0 1 0 26.9 80.5 34 -1 0
0 1 0 27.0 80.5 34 -1 0
0 1 0 27.0 80.5 30 -1 0
0 1 0 26.9 80.5 32 -1 0
0 1 0 27.0 80.5 36 -1 0
0 1 0 26.9 80.5 32 -1 0
0 1 0 27.0 80.5 30 -1 0
0 1 0 26.9 80.5 34 -1 0
0 1 0 27.0 80.5 32 -1 0
0 1 0 27.0 80.5 30 -1 0
0 1 0 27.0 80.5 30 -1 0
0 1 0 27.1 80.5 31 -1 0
0 1 0 27.0 80.5 31 -1 0
0 1 0 27.1 80.5 27 -1 0
0 1 0 27.0 80.5 29 -1 0
0 1 0 27.1 80.5 27 -1 0
0 1 0 27.0 80.5 25 -1 0
0 1 0 27.0 80.5 27 -1 0
0 1 0 27.0 80.5 26 -1 0
0 1 0 27.1 80.5 24 -1 0
0 1 0 27.1 80.5 22 -1 0
0 1 0 27.1 81.0 24 -1 0
0 1 0 27.1 81.0 20 -1 0
0 1 0 27.1 81.0 22 -1 0
0 1 0 27.1 81.0 22 -1 0
0 1 0 27.1 81.0 20 -1 0
0 1 0 27.1 81.0 20 -1 0
0 1 0 27.0 81.0 20 -1 0
0 1 0 27.1 80.5 20 -1 0
0 1 0 27.1 80.5 20 -1 0
0 1 0 27.1 80.5 20 -1 0
0 1 0 27.1 81.0 20 -1 0
0 1 0 27.1 81.0 20 -1 0
0 1 0 27.2 80.5 20 -1 0
0 1 0 27.1 80.5 20 -1 0
0 1 0 27.1 80.5 20 -1 0
0 1 0 27.1 80.5 22 -1 0
0 1 0 27.1 80.5 22 -1 0
0 1 0 27.2 80.5 24 -1 0
0 1 0 27.1 80.5 24 -1 0
0 1 0 27.2 80.5 20 -1 0
0 1 0 27.1 80.5 22 -1 0
0 1 0 27.1 80.5 22 -1 0
0 1 0 27.2 80.5 24 -1 0
0 1 0 27.1 80.5 24 -1 0
0 1 0 27.1 80.5 22 -1 0
0 1 0 27.2 80.5 24 -1 0
0 1 0 27.2 80.5 24 -1 0
0 1 0 27.1 80.5 26 -1 0
0 1 0 27.2 81.0 25 -1 0
0 1 0 27.2 80.5 27 -1 0
0 1 0 27.2 81.0 25 -1 0
0 1 0 27.2 81.0 29 -1 0
0 1 0 27.2 81.0 31 -1 0
0 1 0 27.3 81.0 29 -1 0
0 1 0 27.2 81.0 27 -1 0
0 1 0 27.2 81.0 32 -1 0
0 1 0 27.2 81.0 30 -1 0
0 1 0 27.3 81.0 34 -1 0
0 1 0 27.2 81.0 32 -1 0
0 1 0 27.2 81.0 34 -1 0
0 1 0 27.3 81.0 37 -1 0
0 1 0 27.2 81.0 37 -1 0
0 1 0 27.2 81.0 35 -1 0
0 1 0 27.2 81.0 39 -1 0
0 1 0 27.2 81.0 41 -1 0
0 1 0 27.2 81.0 41 -1 0
0 1 0 27.2 81.0 37 -1 0
0 1 0 27.3 81.0 39 -1 0
0 1 0 27.3 81.0 39 -1 0
0 1 0 27.3 81.0 39 -1 0
0 1 0 27.3 81.0 41 -1 0
0 1 0 27.2 81.0 39 -1 0
0 1 0 27.3 81.0 41 -1 0
0 1 0 27.3 81.0 41 -1 0
0 1 0 27.3 81.0 41 -1 0
0 1 0 27.3 81.0 42 -1 0
0 1 0 27.3 81.0 44 -1 0
0 1 0 27.3 81.0 42 -1 0
0 1 0 27.3 81.0 40 -1 0
0 1 0 27.3 80.5 46 -1 0
0 1 0 27.3 80.5 46 -1 0
0 1 0 27.3 80.5 44 -1 0
0 1 0 27.3 80.5 44 -1 0
0 1 0 27.3 80.5 48 -1 0
0 1 0 27.4 80.5 44 -1 0
0 1 0 27.4 80.5 44 -1 0
0 1 0 27.4 80.5 44 -1 0
0 1 0 27.4 80.5 42 -1 0
0 1 0 27.4 80.5 41 -1 0
0 1 0 27.4 81.0 41 -1 0
0 1 0 27.4 80.5 43 -1 0
0 1 0 27.5 80.5 43 -1 0
0 1 0 27.4 80.5 42 -1 0
0 1 0 27.4 80.5 42 -1 0
0 1 0 27.4 80.5 41 -1 0
0 1 0 27.4 80.5 41 -1 0
0 1 0 27.5 80.5 39 -1 0
0 1 0 27.4 80.5 39 -1 0
0 1 0 27.4 80.5 41 -1 0
0 1 0 27.5 80.5 44 -1 0
0 1 0 27.5 80.5 46 -1 0
0 1 0 27.4 80.5 48 -1 0
0 1 0 27.4 80.5 45 -1 0
0 1 0 27.5 80.5 46 -1 0
0 1 0 27.4 80.5 47 -1 0
0 1 0 27.4 80.5 46 -1 0
0 1 0 27.5 80.5 49 -1 0
0 1 0 27.5 80.5 52 -1 0
0 1 0 27.5 80.5 52 -1 0
0 1 0 27.5 80.5 52 -1 0
0 1 0 27.5 80.5 52 -1 0
0 1 0 27.6 80.5 41 -1 0
0 1 0 27.5 80.5 39 -1 0
0 1 0 27.6 80.5 39 -1 0
0 1 0 27.5 81.0 39 -1 0
0 1 0 27.6 80.5 41 -1 0
0 1 0 27.6 80.5 39 -1 0
0 1 0 27.6 80.5 39 -1 0
0 1 0 27.6 80.5 39 -1 0
0 1 0 27.6 80.5 39 -1 0
0 1 0 27.6 80.5 39 -1 0
0 1 0 27.6 80.5 41 -1 0
0 1 0 27.5 80.5 37 -1 0
0 1 0 27.6 80.5 37 -1 0
0 1 0 27.6 80.5 39 -1 0
0 1 0 27.6 80.5 41 -1 0
0 1 0 27.6 80.5 39 -1 0
0 1 0 27.6 81.0 39 -1 0
0 1 0 27.7 81.0 37 -1 0
0 1 0 27.6 81.0 39 -1 0
0 1 0 27.7 81.0 44 -1 0
0 1 0 27.6 81.0 45 -1 0
0 1 0 27.7 80.5 47 -1 0
0 1 0 27.7 81.0 47 -1 0
0 1 0 27.7 81.0 46 -1 0
0 1 0 27.7 81.0 47 -1 0
0 1 0 27.8 80.5 50 -1 0
0 1 0 27.7 81.0 47 -1 0
0 1 0 27.7 81.0 41 -1 0
0 1 0 27.7 81.0 39 -1 0
0 1 0 27.7 81.0 41 -1 0
0 1 0 27.7 81.0 41 -1 0
0 1 0 27.7 81.0 41 -1 0
0 1 0 27.7 81.5 40 -1 0
0 1 0 27.8 81.0 41 -1 0
0 1 0 27.8 81.0 41 -1 0
0 1 0 27.8 81.0 41 -1 0
0 1 0 27.8 81.0 39 -1 0
0 1 0 27.8 81.0 41 -1 0
0 1 0 27.8 81.0 41 -1 0
0 1 0 27.8 81.0 41 -1 0
0 1 0 27.8 81.0 41 -1 0
0 1 0 27.8 81.0 42 -1 0
0 1 0 27.8 81.0 42 -1 0
0 1 0 27.8 81.0 42 -1 0
0 1 0 27.8 80.5 46 -1 0
0 1 0 27.8 80.5 44 -1 0
0 1 0 27.9 80.5 44 -1 0
0 1 0 27.8 80.5 44 -1 0
0 1 0 27.8 80.5 46 -1 0
0 1 0 27.8 80.5 44 -1 0
0 1 0 27.9 80.5 44 -1 0
0 1 0 27.9 80.5 46 -1 0
0 1 0 27.9 80.5 41 -1 0
0 1 0 27.8 80.5 41 -1 0
0 1 0 27.8 80.5 39 -1 0
0 1 0 27.8 80.5 37 -1 0
0 1 0 27.9 80.5 34 -1 0
0 1 0 27.9 80.5 39 -1 0
0 1 0 27.9 80.5 41 -1 0
0 1 0 27.9 80.5 39 -1 0
0 1 0 28.0 80.5 39 -1 0
0 1 0 27.9 80.5 42 -1 0
0 1 0 27.9 80.5 45 -1 0
0 1 0 27.9 80.5 42 -1 0
0 1 0 28.0 80.5 44 -1 0
0 1 0 27.9 80.5 44 -1 0
0 1 0 28.0 80.5 44 -1 0
0 1 0 28.0 80.5 39 -1 0
0 1 0 27.9 80.5 41 -1 0
0 1 0 27.9 80.0 44 -1 0
0 1 0 27.9 80.0 42 -1 0
0 1 0 27.9 80.0 43 -1 0
0 1 0 28.0 80.5 39 -1 0
0 1 0 28.0 80.5 39 -1 0
0 1 0 28.0 80.5 39 -1 0
0 1 0 28.0 80.5 37 -1 0
0 1 0 28.0 80.0 36 -1 0
0 1 0 28.0 80.0 32 -1 0
0 1 0 28.0 80.0 34 -1 0
0 1 0 28.1 80.0 37 -1 0
0 1 0 28.1 80.0 41 -1 0
0 1 0 28.1 80.0 44 -1 0
0 1 0 28.0 80.0 43 -1 0
0 1 0 28.1 80.0 41 -1 0
0 1 0 28.1 80.0 39 -1 0
0 1 0 28.1 80.0 39 -1 0
0 1 0 28.0 80.0 44 -1 0
0 1 0 28.1 80.0 42 -1 0
0 1 0 28.2 80.0 42 -1 0
0 1 0 28.1 80.0 40 -1 0
0 1 0 28.1 80.0 41 -1 0
0 1 0 28.2 80.0 39 -1 0
0 1 0 28.1 80.0 37 -1 0
0 1 0 28.1 80.0 37 -1 0
0 1 0 28.1 80.0 37 -1 0
0 1 0 28.1 80.0 36 -1 0
0 1 0 28.2 80.0 32 -1 0
0 1 0 28.1 80.0 34 -1 0
0 1 0 28.1 80.0 32 -1 0
0 1 0 28.2 80.0 30 -1 0
0 1 0 28.1 79.5 31 -1 0
0 1 0 28.1 80.0 30 -1 0
0 1 0 28.2 79.5 30 -1 0
0 1 0 28.2 80.0 31 -1 0
0 1 0 28.1 80.0 31 -1 0
0 1 0 28.1 80.0 34 -1 0
0 1 0 28.1 80.0 34 -1 0
0 1 0 28.1 79.5 34 -1 0
0 1 0 28.1 79.5 34 -1 0
0 1 0 28.1 79.5 32 -1 0
0 1 0 28.1 79.5 34 -1 0
0 1 0 28.1 79.5 36 -1 0
0 1 0 28.1 79.5 34 -1 0
0 1 0 28.2 79.5 36 -1 0
0 1 0 28.2 79.0 34 -1 0
0 1 0 28.2 79.5 32 -1 0
0 1 0 28.2 79.0 32 -1 0
0 1 0 28.2 79.0 32 -1 0
0 1 0 28.1 79.0 34 -1 0
0 1 0 28.1 79.0 32 -1 0
0 1 0 28.1 79.0 32 -1 0
0 1 0 28.2 79.0 34 -1 0
0 1 0 28.1 79.0 34 -1 0
0 1 0 28.1 79.0 34 -1 0
0 1 0 28.1 79.0 36 -1 0
0 1 0 28.1 79.0 35 -1 0
0 1 0 28.1 79.0 39 -1 0
0 1 0 28.2 79.0 37 -1 0
0 1 0 28.1 79.0 41 -1 0
0 1 0 28.2 79.0 37 -1 0
0 1 0 28.2 79.0 39 -1 0
0 1 0 28.2 79.0 35 -1 0
0 1 0 28.2 79.0 33 -1 0
0 1 0 28.2 79.0 34 -1 0
0 1 0 28.2 79.0 35 -1 0
0 1 0 28.2 79.0 37 -1 0
0 1 0 28.2 79.0 37 -1 0
0 1 0 28.2 79.0 37 -1 0
0 1 0 28.2 79.0 35 -1 0
0 1 0 28.3 79.0 39 -1 0
0 1 0 28.2 79.0 37 -1 0
0 1 0 28.2 79.0 37 -1 0
0 1 0 28.3 79.0 39 -1 0
0 1 0 28.2 79.0 39 -1 0
0 1 0 28.3 79.0 42 -1 0
0 1 0 28.2 79.0 40 -1 0
0 1 0 28.3 79.0 37 -1 0
0 1 0 28.3 79.0 34 -1 0
0 1 0 28.3 79.0 35 -1 0
0 1 0 28.3 79.0 34 -1 0
0 1 0 28.3 79.0 30 -1 0
0 1 0 28.3 79.0 31 -1 0
0 1 0 28.3 79.0 31 -1 0
0 1 0 28.3 79.0 31 -1 0
0 1 0 28.3 79.0 29 -1 0
0 1 0 28.2 79.0 32 -1 0
0 1 0 28.3 79.0 32 -1 0
0 1 0 28.2 79.0 39 -1 0
0 1 0 28.3 79.0 38 -1 0
0 1 0 28.3 78.5 40 -1 0
0 1 0 28.3 78.5 38 -1 0
0 1 0 28.3 78.5 39 -1 0
0 1 0 28.3 79.0 32 -1 0
0 1 0 28.3 78.5 35 -1 0
0 1 0 28.2 78.5 39 -1 0
0 1 0 28.3 78.5 39 -1 0
0 1 0 28.2 78.5 39 -1 0
0 1 0 28.2 78.0 37 -1 0
0 1 0 28.3 78.0 36 -1 0
0 1 0 28.3 78.0 30 -1 0
0 1 0 28.2 78.0 31 -1 0
0 1 0 28.3 78.0 31 -1 0
0 1 0 28.3 78.0 31 -1 0
0 1 0 28.3 78.0 31 -1 0
0 1 0 28.3 78.0 29 -1 0
0 1 0 28.3 78.0 29 -1 0
0 1 0 28.2 78.0 29 -1 0
0 1 0 28.2 78.0 29 -1 0
0 1 0 28.3 78.0 29 -1 0
0 1 0 28.2 78.0 29 -1 0
0 1 0 28.2 78.0 29 -1 0
0 1 0 28.2 77.5 29 -1 0
0 1 0 28.2 77.5 29 -1 0
0 1 0 28.2 77.5 32 -1 0
0 1 0 28.2 78.0 32 -1 0
0 1 0 28.1 77.5 30 -1 0
0 1 0 28.1 77.5 32 -1 0
0 1 0 28.2 77.5 29 -1 0
0 1 0 28.2 77.0 29 -1 0
0 1 0 28.2 77.0 32 -1 0
0 1 0 28.2 77.0 35 -1 0
0 1 0 28.2 76.5 37 -1 0
0 1 0 28.1 76.5 33 -1 0
0 1 0 28.2 77.0 37 -1 0
0 1 0 28.2 77.0 37 -1 0
0 1 0 28.3 77.5 37 -1 0
0 1 0 28.2 77.5 37 -1 0
0 1 0 28.2 77.5 35 -1 0
0 1 0 28.3 77.5 35 -1 0
0 1 0 28.2 77.5 35 -1 0
0 1 0 28.2 77.5 37 -1 0
0 1 0 28.2 77.5 34 -1 0
0 1 0 28.2 77.5 32 -1 0
0 1 0 28.3 77.5 31 -1 0
0 1 0 28.3 77.5 34 -1 0
0 1 0 28.2 77.5 37 -1 0
0 1 0 28.3 77.0 37 -1 0
0 1 0 28.2 77.0 37 -1 0
0 1 0 28.2 77.0 35 -1 0
0 1 0 28.2 77.0 33 -1 0
0 1 0 28.2 77.0 37 -1 0
0 1 0 28.2 77.0 39 -1 0
0 1 0 28.1 76.5 38 -1 0
0 1 0 28.2 76.5 39 -1 0
0 1 0 28.1 76.5 40 -1 0
0 1 0 28.2 76.5 38 -1 0
0 1 0 28.2 77.0 36 -1 0
0 1 0 28.3 77.0 36 -1 0
0 1 0 28.3 77.0 34 -1 0
0 1 0 28.3 77.0 39 -1 0
0 1 0 28.3 77.0 38 -1 0
0 1 0 28.4 77.0 32 -1 0
0 1 0 28.4 77.0 34 -1 0
0 1 0 28.3 77.0 31 -1 0
0 1 0 28.3 77.0 29 -1 0
0 1 0 28.3 77.0 29 -1 0
0 1 0 28.4 77.0 29 -1 0
0 1 0 28.3 77.0 31 -1 0
0 1 0 28.3 77.0 34 -1 0
0 1 0 28.3 77.0 30 -1 0
0 1 0 28.3 77.0 29 -1 0
0 1 0 28.3 77.0 30 -1 0
0 1 0 28.4 76.5 34 -1 0
0 1 0 28.3 76.5 31 -1 0
0 1 0 28.3 76.5 32 -1 0
0 1 0 28.4 77.0 27 -1 0
0 1 0 28.3 76.5 31 -1 0
0 1 0 28.3 76.5 29 -1 0
0 1 0 28.3 76.5 29 -1 0
0 1 0 28.4 76.5 29 -1 0
0 1 0 28.4 77.0 25 -1 0
0 1 0 28.4 76.5 26 -1 0
0 1 0 28.4 77.0 24 -1 0
0 1 0 28.3 77.0 26 -1 0
0 1 0 28.4 77.0 26 -1 0
0 1 0 28.3 77.0 26 -1 0
0 1 0 28.4 76.5 26 -1 0
0 1 0 28.4 77.0 22 -1 0
0 1 0 28.4 77.0 22 -1 0
0 1 0 28.4 77.0 22 -1 0
0 1 0 28.4 77.0 22 -1 0
0 1 0 28.4 76.5 22 -1 0
0 1 0 28.4 76.5 22 -1 0
0 1 0 28.4 76.5 24 -1 0
0 1 0 28.4 76.5 24 -1 0
0 1 0 28.4 76.5 24 -1 0
0 1 0 28.4 76.0 24 -1 0
0 1 0 28.3 76.5 24 -1 0
0 1 0 28.4 76.5 22 -1 0
0 1 0 28.4 76.0 22 -1 0
0 1 0 28.3 76.0 24 -1 0
0 1 0 28.3 76.0 24 -1 0
0 1 0 28.3 76.0 24 -1 0
0 1 0 28.3 76.0 24 -1 0
0 1 0 28.4 75.5 24 -1 0
0 1 0 28.4 75.5 24 -1 0
0 1 0 28.3 75.5 24 -1 0
0 1 0 28.3 75.5 22 -1 0
0 1 0 28.3 76.0 22 -1 0
0 1 0 28.3 75.5 22 -1 0
0 1 0 28.3 76.0 22 -1 0
0 1 0 28.3 75.5 22 -1 0
0 1 0 28.3 75.5 24 -1 0
0 1 0 28.3 75.5 22 -1 0
0 1 0 28.2 75.5 20 -1 0
0 1 0 28.3 75.5 20 -1 0
0 1 0 28.2 75.5 20 -1 0
0 1 0 28.2 75.5 20 -1 0
0 1 0 28.2 75.0 20 -1 0
0 1 0 28.2 75.0 20 -1 0
0 1 0 28.2 75.0 20 -1 0
0 1 0 28.2 75.5 20 -1 0
0 1 0 28.2 75.0 18 -1 0
0 1 0 28.2 75.0 21 -1 0
0 1 0 28.2 75.0 21 -1 0
0 1 0 28.2 75.0 19 -1 0
0 1 0 28.2 75.0 17 -1 0
0 1 0 28.2 75.0 17 -1 0
0 1 0 28.2 75.0 17 -1 0
0 1 0 28.2 75.0 17 -1 0
0 1 0 28.1 75.0 19 -1 0
0 1 0 28.1 75.0 19 -1 0
0 1 0 28.1 75.0 19 -1 0
0 1 0 28.1 74.5 19 -1 0
0 1 0 28.2 75.0 17 -1 0
0 1 0 28.1 75.0 17 -1 0
0 1 0 28.1 75.0 17 -1 0
0 1 0 28.2 75.0 17 -1 0
0 1 0 28.1 74.5 17 -1 0
0 1 0 28.1 75.0 17 -1 0
0 1 0 28.1 75.0 17 -1 0
0 1 0 28.1 74.5 17 -1 0
0 1 0 28.0 74.5 17 -1 0
0 1 0 28.1 74.5 17 -1 0
0 1 0 28.0 74.5 17 -1 0
0 1 0 28.0 74.5 19 -1 0
0 1 0 28.1 74.5 19 -1 0
0 1 0 28.0 74.5 19 -1 0
0 1 0 28.0 74.5 19 -1 0
0 1 0 28.0 74.0 19 -1 0
0 1 0 28.0 74.5 17 -1 0
0 1 0 28.0 74.0 17 -1 0
0 1 0 28.0 74.0 17 -1 0
0 1 0 28.0 74.0 17 -1 0
0 1 0 28.0 74.0 15 -1 0
0 1 0 27.9 74.0 15 -1 0
0 1 0 28.0 74.0 19 -1 0
0 1 0 28.0 74.0 17 -1 0
0 1 0 28.0 74.0 17 -1 0
0 1 0 28.0 73.5 17 -1 0
0 1 0 27.9 73.5 15 -1 0
0 1 0 27.9 73.5 15 -1 0
0 1 0 28.0 73.5 15 -1 0
0 1 0 28.0 73.5 15 -1 0
0 1 0 27.9 73.5 13 -1 0
0 1 0 27.9 73.5 17 -1 0
0 1 0 27.8 73.5 17 -1 0
0 1 0 27.9 73.5 15 -1 0
0 1 0 28.0 73.5 15 -1 0
0 1 0 27.9 73.5 15 -1 0
0 1 0 27.9 73.5 12 -1 0
0 1 0 27.9 73.5 12 -1 0
0 1 0 27.9 73.5 12 -1 0
0 1 0 27.9 73.5 12 -1 0
0 1 0 27.9 73.5 14 -1 0
0 1 0 27.9 73.5 14 -1 0
0 1 0 27.9 73.5 14 -1 0
0 1 0 27.9 73.5 14 -1 0
0 1 0 27.9 73.5 12 -1 0
0 1 0 27.9 73.5 12 -1 0
0 1 0 27.9 73.5 12 -1 0
0 1 0 27.8 73.5 10 -1 0
0 1 0 27.9 73.5 10 -1 0
0 1 0 27.9 73.5 14 -1 0
0 1 0 27.9 73.5 14 -1 0
0 1 0 27.9 73.5 12 -1 0
0 1 0 27.9 73.5 12 -1 0
0 1 0 27.9 73.5 12 -1 0
0 1 0 27.9 73.5 10 -1 0
0 1 0 27.9 73.5 10 -1 0
0 1 0 27.9 73.5 10 -1 0
0 1 0 27.9 74.0 10 -1 0
0 1 0 27.9 73.5 8 -1 0
0 1 0 27.9 74.0 12 -1 0
0 1 0 27.9 74.0 12 -1 0
0 1 0 27.9 74.0 12 -1 0
0 1 0 27.9 74.0 12 -1 0
0 1 0 28.0 74.0 12 -1 0
0 1 0 28.0 74.0 10 -1 0
0 1 0 27.9 74.0 10 -1 0
0 1 0 27.9 74.5 10 -1 0
0 1 0 28.0 74.5 10 -1 0
0 1 0 27.9 75.0 10 -1 0
0 1 0 27.9 75.0 10 -1 0
0 1 0 28.0 74.5 10 -1 0
0 1 0 27.9 75.0 8 -1 0
0 1 0 27.9 75.0 8 -1 0
0 1 0 28.0 75.0 8 -1 0
0 1 0 27.9 75.0 8 -1 0
0 1 0 27.9 75.0 8 -1 0
0 1 0 27.9 75.0 8 -1 0
0 1 0 27.9 74.5 9 -1 0
0 1 0 27.9 74.5 9 -1 0
0 1 0 27.9 74.5 9 -1 0
0 1 0 27.9 74.5 9 -1 0
0 1 0 27.9 74.5 9 -1 0
0 1 0 28.0 74.5 7 -1 0
0 1 0 27.9 74.5 7 -1 0
0 1 0 27.9 74.5 7 -1 0
0 1 0 27.9 74.5 7 -1 0
0 1 0 27.9 74.5 5 -1 0
0 1 0 27.9 74.5 5 -1 0
0 1 0 27.9 74.5 9 -1 0
0 1 0 27.9 74.5 7 -1 0
0 1 0 28.0 74.5 7 -1 0
0 1 0 27.8 74.5 7 -1 0
0 1 0 27.9 74.5 5 -1 0
0 1 0 27.9 74.5 5 -1 0
0 1 0 27.9 74.5 5 -1 0
0 1 0 27.9 74.5 5 -1 0
0 1 0 27.9 74.5 5 -1 0
0 1 0 27.9 75.0 3 -1 0
0 1 0 27.9 74.5 7 -1 0
0 1 0 27.9 75.0 7 -1 0
0 1 0 27.9 75.0 7 -1 0
0 1 0 27.9 75.0 7 -1 0
0 1 0 27.9 75.0 5 -1 0
0 1 0 27.9 75.0 5 -1 0
0 1 0 27.9 75.0 5 -1 0
0 1 0 27.9 75.0 5 -1 0
0 1 0 27.8 75.0 5 -1 0
0 1 0 27.9 75.0 5 -1 0
0 1 0 27.9 74.5 5 -1 0
0 1 0 27.9 75.0 3 -1 0
0 1 0 27.9 75.0 3 -1 0
0 1 0 27.8 75.0 3 -1 0
0 1 0 27.9 75.0 3 -1 0
0 1 0 27.9 75.0 3 -1 0
0 1 0 27.9 75.0 3 -1 0
0 1 0 27.9 75.0 3 -1 0
0 1 0 27.9 75.0 3 -1 0
0 1 0 27.9 75.0 6 -1 0
0 1 0 27.9 74.5 4 -1 0
0 1 0 27.9 74.5 4 -1 0
0 1 0 27.8 74.5 4 -1 0
0 1 0 27.8 74.5 4 -1 0
0 1 0 27.9 74.5 4 -1 0
0 1 0 27.8 74.5 4 -1 0
0 1 0 27.8 74.5 4 -1 0
0 1 0 27.8 74.5 4 -1 0
0 1 0 27.8 74.5 4 -1 0
0 1 0 27.8 74.5 4 -1 0
0 1 0 27.8 74.5 4 -1 0
0 1 0 27.8 74.5 4 -1 0
0 1 0 27.8 74.5 2 -1 0
0 1 0 27.8 74.5 2 -1 0
0 1 0 27.8 74.5 2 -1 0
0 1 0 27.8 74.5 2 -1 0
0 1 0 27.8 74.0 1 -1 0
0 1 0 27.8 74.5 1 -1 0
0 1 0 27.8 74.0 4 -1 0
0 1 0 27.8 74.0 4 -1 0
0 1 0 27.8 74.5 4 -1 0
0 1 0 27.7 74.5 2 -1 0
0 1 0 27.8 74.5 2 -1 0
0 1 0 27.8 74.5 2 -1 0
0 1 0 27.8 74.5 2 -1 0
0 1 0 27.8 74.5 2 -1 0
0 1 0 27.8 74.5 1 -1 0
0 1 0 27.8 74.5 1 -1 0
0 1 0 27.7 74.5 1 -1 0
0 1 0 27.8 74.0 1 -1 0
0 1 0 27.8 74.0 1 -1 0
0 1 0 27.7 74.0 1 -1 0
0 1 0 27.7 74.0 1 -1 0
0 1 0 27.7 74.0 1 -1 0
0 1 0 27.7 74.0 3 -1 0
0 1 0 27.7 74.0 2 -1 0
0 1 0 27.8 74.0 2 -1 0
0 1 0 27.8 74.0 2 -1 0
0 1 0 27.8 74.0 2 -1 0
0 1 0 27.7 74.0 2 -1 0
0 1 0 27.7 74.5 2 -1 0
0 1 0 27.7 74.0 2 -1 0
0 1 0 27.7 74.0 0 -1 0
0 1 0 27.7 74.5 0 -1 0
0 1 0 27.7 74.5 0 -1 0
0 1 0 27.7 74.0 0 -1 0
0 1 0 27.7 74.0 0 -1 0
0 1 0 27.7 74.0 0 -1 0
0 1 0 27.7 74.0 0 -1 0
0 1 0 27.8 74.5 0 -1 0
0 1 0 27.7 74.5 1 -1 0
0 1 0 27.7 74.5 1 -1 0
0 1 0 27.8 74.5 1 -1 0
0 1 0 27.8 74.5 1 -1 0
0 1 0 27.8 74.5 1 -1 0
0 1 0 27.7 74.5 1 -1 0
0 1 0 27.7 74.5 1 -1 0
0 1 0 27.7 74.5 1 -1 0
0 1 0 27.7 74.5 1 -1 0
0 1 0 27.7 74.5 1 -1 0
0 1 0 27.7 74.5 1 -1 0
0 1 0 27.7 74.5 1 -1 0
0 1 0 27.8 74.5 1 -1 0
0 1 0 27.6 74.5 1 -1 0
0 1 0 27.7 74.5 1 -1 0
0 1 0 27.6 74.5 1 -1 0
0 1 0 27.7 74.5 1 -1 0
0 1 0 27.7 74.5 1 -1 0
0 1 0 27.6 74.5 1 -1 0
0 1 0 27.6 74.0 1 -1 0
0 1 0 27.7 74.0 2 -1 0
0 1 0 27.7 74.0 2 -1 0
0 1 0 27.6 74.0 2 -1 0
0 1 0 27.6 74.0 2 -1 0
0 1 0 27.6 74.0 2 -1 0
0 1 0 27.7 74.0 2 -1 0
0 1 0 27.7 74.0 2 -1 0
0 1 0 27.7 74.0 2 -1 0
0 1 0 27.6 74.0 2 -1 0
0 1 0 27.6 74.0 2 -1 0
0 1 0 27.6 74.0 2 -1 0
0 1 0 27.6 74.0 2 -1 0
0 1 0 27.6 74.0 2 -1 0
0 1 0 27.6 74.0 2 -1 0
0 1 0 27.6 74.0 2 -1 0
0 1 0 27.7 74.5 2 -1 0
0 1 0 27.6 74.5 2 -1 0
0 1 0 27.7 74.5 2 -1 0
0 1 0 27.6 74.5 2 -1 0
0 1 0 27.7 75.0 2 -1 0
0 1 0 27.7 75.0 2 -1 0
0 1 0 27.6 74.5 2 -1 0
0 1 0 27.7 74.5 2 -1 0
0 1 0 27.6 74.5 2 -1 0
0 1 0 27.7 75.0 2 -1 0
0 1 0 27.6 75.0 2 -1 0
0 1 0 27.6 75.0 2 -1 0
0 1 0 27.6 75.0 2 -1 0
0 1 0 27.7 75.0 2 -1 0
0 1 0 27.6 75.0 2 -1 0
0 1 0 27.7 75.0 2 -1 0
0 1 0 27.7 75.0 2 -1 0
0 1 0 27.7 75.0 2 -1 0
0 1 0 27.7 75.0 2 -1 0
0 1 0 27.7 75.0 2 -1 0
0 1 0 27.6 75.0 2 -1 0
0 1 0 27.6 75.0 2 -1 0
0 1 0 27.7 75.0 2 -1 0
0 1 0 27.6 75.0 2 -1 0
0 1 0 27.6 75.0 2 -1 0
0 1 0 27.7 74.5 2 -1 0
0 1 0 27.7 74.5 2 -1 0
0 1 0 27.6 74.5 2 -1 0
0 1 0 27.6 74.5 2 -1 0
0 1 0 27.6 74.5 2 -1 0
0 1 0 27.6 74.5 2 -1 0
0 1 0 27.6 74.0 2 -1 0
0 1 0 27.6 74.0 2 -1 0
0 1 0 27.6 74.0 2 -1 0
0 1 0 27.6 74.0 2 -1 0
0 1 0 27.6 74.0 2 -1 0
0 1 0 27.6 74.0 2 -1 0
0 1 0 27.6 73.5 2 -1 0
0 1 0 27.6 73.5 2 -1 0
0 1 0 27.5 73.5 2 -1 0
0 1 0 27.5 73.5 2 -1 0
0 1 0 27.6 73.5 2 -1 0
0 1 0 27.6 73.5 2 -1 0
0 1 0 27.5 73.5 2 -1 0
0 1 0 27.5 73.0 2 -1 0
0 1 0 27.5 73.0 2 -1 0
0 1 0 27.5 73.0 2 -1 0
0 1 0 27.5 73.0 2 -1 0
0 1 0 27.6 73.0 2 -1 0
0 1 0 27.5 73.0 2 -1 0
0 1 0 27.5 73.0 2 -1 0
0 1 0 27.5 73.0 2 -1 0
0 1 0 27.5 73.0 2 -1 0
0 1 0 27.4 73.0 2 -1 0
0 1 0 27.4 73.0 2 -1 0
0 1 0 27.5 73.0 2 -1 0
0 1 0 27.5 72.5 2 -1 0
0 1 0 27.5 72.5 2 -1 0
0 1 0 27.4 72.5 2 -1 0
0 1 0 27.5 72.5 2 -1 0
0 1 0 27.4 72.5 2 -1 0
0 1 0 27.4 72.5 2 -1 0
0 1 0 27.4 72.0 2 -1 0
0 1 0 27.5 72.0 2 -1 0
0 1 0 27.5 72.5 2 -1 0
0 1 0 27.4 72.5 2 -1 0
0 1 0 27.4 72.5 2 -1 0
0 1 0 27.4 72.5 2 -1 0
0 1 0 27.4 72.0 2 -1 0
0 1 0 27.4 72.0 2 -1 0
0 1 0 27.4 72.5 2 -1 0
0 1 0 27.4 72.5 2 -1 0
0 1 0 27.4 72.0 2 -1 0
0 1 0 27.3 72.0 2 -1 0
0 1 0 27.4 72.0 2 -1 0
0 1 0 27.3 72.0 2 -1 0
0 1 0 27.4 72.0 2 -1 0
0 1 0 27.4 72.0 2 -1 0
0 1 0 27.3 72.0 2 -1 0
0 1 0 27.4 72.0 2 -1 0
0 1 0 27.5 72.0 2 -1 0
0 1 0 27.4 72.0 2 -1 0
0 1 0 27.4 72.0 2 -1 0
0 1 0 27.4 72.0 2 -1 0
0 1 0 27.4 72.5 2 -1 0
0 1 0 27.3 72.5 2 -1 0
0 1 0 27.4 72.5 2 -1 0
0 1 0 27.4 73.0 2 -1 0
0 1 0 27.4 73.0 2 -1 0
0 1 0 27.4 73.0 2 -1 0
0 1 0 27.4 73.0 2 -1 0
0 1 0 27.4 73.0 2 -1 0
0 1 0 27.5 73.0 2 -1 0
0 1 0 27.5 73.0 2 -1 0
0 1 0 27.4 73.0 2 -1 0
0 1 0 27.5 73.0 2 -1 0
0 1 0 27.5 72.5 2 -1 0
0 1 0 27.5 72.5 2 -1 0
0 1 0 27.4 72.5 2 -1 0
0 1 0 27.4 72.5 2 -1 0
0 1 0 27.5 72.5 2 -1 0
0 1 0 27.4 72.5 2 -1 0
0 1 0 27.4 72.5 2 -1 0
0 1 0 27.4 72.5 2 -1 0
0 1 0 27.4 72.5 2 -1 0
0 1 0 27.4 72.0 2 -1 0
0 1 0 27.4 72.5 2 -1 0
0 1 0 27.4 72.0 2 -1 0
0 1 0 27.4 72.0 2 -1 0
0 1 0 27.4 72.0 2 -1 0
0 1 0 27.4 72.0 2 -1 0
0 1 0 27.3 72.0 2 -1 0
0 1 0 27.4 72.0 2 -1 0
0 1 0 27.3 72.0 2 -1 0
0 1 0 27.4 72.0 2 -1 0
0 1 0 27.4 72.0 2 -1 0
0 1 0 27.4 72.0 2 -1 0
0 1 0 27.4 72.0 2 -1 0
0 1 0 27.4 72.0 2 -1 0
0 1 0 27.5 71.5 2 -1 0
0 1 0 27.4 71.5 2 -1 0
0 1 0 27.4 71.5 2 -1 0
0 1 0 27.3 71.5 2 -1 0
0 1 0 27.3 71.5 2 -1 0
0 1 0 27.4 71.5 2 -1 0
0 1 0 27.3 71.5 2 -1 0
0 1 0 27.3 71.5 2 -1 0
0 1 0 27.3 71.5 2 -1 0
0 1 0 27.4 71.5 2 -1 0
0 1 0 27.3 71.5 2 -1 0
0 1 0 27.3 71.5 2 -1 0
0 1 0 27.3 71.5 2 -1 0
0 1 0 27.3 71.0 2 -1 0
0 1 0 27.3 71.0 2 -1 0
0 1 0 27.4 71.5 2 -1 0
0 1 0 27.4 71.5 2 -1 0
0 1 0 27.3 71.5 2 -1 0
0 1 0 27.3 71.5 2 -1 0
0 1 0 27.3 71.5 2 -1 0
0 1 0 27.3 71.5 2 -1 0
0 1 0 27.3 71.5 2 -1 0
0 1 0 27.3 72.0 2 -1 0
0 1 0 27.3 72.0 2 -1 0
0 1 0 27.3 71.5 2 -1 0
0 1 0 27.4 72.0 2 -1 0
0 1 0 27.4 72.0 2 -1 0
0 1 0 27.4 72.0 2 -1 0
0 1 0 27.4 72.5 2 -1 0
0 1 0 27.4 72.5 2 -1 0
0 1 0 27.3 72.0 2 -1 0
0 1 0 27.4 72.5 2 -1 0
0 1 0 27.4 72.5 2 -1 0
0 1 0 27.4 72.5 2 -1 0
0 1 0 27.4 72.0 2 -1 0
0 1 0 27.4 72.5 2 -1 0
0 1 0 27.4 72.5 2 -1 0
0 1 0 27.3 72.0 2 -1 0
0 1 0 27.4 72.5 2 -1 0
0 1 0 27.4 72.0 2 -1 0
0 1 0 27.4 72.0 2 -1 0
0 1 0 27.4 72.0 2 -1 0
0 1 0 27.4 72.0 2 -1 0
0 1 0 27.4 72.0 2 -1 0
0 1 0 27.4 72.0 2 -1 0
0 1 0 27.3 72.0 2 -1 0
0 1 0 27.3 72.0 2 -1 0
0 1 0 27.4 72.0 2 -1 0
0 1 0 27.4 72.0 2 -1 0
0 1 0 27.4 72.0 2 -1 0
0 1 0 27.4 72.0 2 -1 0
0 1 0 27.4 72.0 2 -1 0
0 1 0 27.5 72.0 2 -1 0
0 1 0 27.4 72.0 2 -1 0
0 1 0 27.4 71.5 2 -1 0
0 1 0 27.4 71.5 2 -1 0
0 1 0 27.4 71.5 2 -1 0
0 1 0 27.4 71.5 2 -1 0
0 1 0 27.4 71.5 2 -1 0
0 1 0 27.3 71.5 2 -1 0
0 1 0 27.4 71.5 2 -1 0
0 1 0 27.4 71.5 2 -1 0
0 1 0 27.4 71.5 2 -1 0
0 1 0 27.4 71.5 2 -1 0
0 1 0 27.4 71.5 2 -1 0
0 1 0 27.4 71.5 2 -1 0
0 1 0 27.4 71.5 2 -1 0
0 1 0 27.4 71.5 2 -1 0
0 1 0 27.4 71.5 2 -1 0
0 1 0 27.4 71.5 2 -1 0
0 1 0 27.3 71.5 1 -1 0
0 1 0 27.4 71.5 2 -1 0
0 1 0 27.3 71.5 2 -1 0
0 1 0 27.4 71.5 2 -1 0
0 1 0 27.4 71.5 2 -1 0
0 1 0 27.4 71.5 2 -1 0
0 1 0 27.4 71.5 2 -1 0
0 1 0 27.4 71.5 2 -1 0
0 1 0 27.4 71.5 2 -1 0
0 1 0 27.4 71.5 2 -1 0
0 1 0 27.3 71.5 2 -1 0
0 1 0 27.4 71.5 2 -1 0
0 1 0 27.4 71.5 2 -1 0
0 1 0 27.4 71.5 2 -1 0
0 1 0 27.4 71.5 2 -1 0
0 1 0 27.3 71.0 2 -1 0
0 1 0 27.4 71.0 2 -1 0
0 1 0 27.4 71.5 2 -1 0
0 1 0 27.3 71.5 2 -1 0
0 1 0 27.4 71.5 2 -1 0
0 1 0 27.5 71.5 2 -1 0
0 1 0 27.4 71.5 2 -1 0
0 1 0 27.4 71.5 2 -1 0
0 1 0 27.4 71.5 2 -1 0
0 1 0 27.4 71.5 2 -1 0
0 1 0 27.3 71.5 2 -1 0
0 1 0 27.4 71.5 2 -1 0
0 1 0 27.4 71.5 2 -1 0
0 1 0 27.3 71.0 2 -1 0
0 1 0 27.4 71.0 2 -1 0
0 1 0 27.4 71.0 2 -1 0
0 1 0 27.4 71.0 2 -1 0
0 1 0 27.3 71.5 2 -1 0
0 1 0 27.4 71.0 2 -1 0
0 1 0 27.4 71.0 2 -1 0
0 1 0 27.4 71.5 2 -1 0
0 1 0 27.4 71.5 2 -1 0
0 1 0 27.4 71.0 2 -1 0
0 1 0 27.4 71.0 2 -1 0
0 1 0 27.4 71.5 2 -1 0
0 1 0 27.4 71.0 2 -1 0
0 1 0 27.3 71.5 2 -1 0
0 1 0 27.4 71.5 2 -1 0
0 1 0 27.3 71.5 2 -1 0
0 1 0 27.3 71.5 2 -1 0
0 1 0 27.4 71.5 2 -1 0
0 1 0 27.4 72.0 2 -1 0
0 1 0 27.4 72.0 2 -1 0
0 1 0 27.3 72.0 2 -1 0
0 1 0 27.4 72.0 2 -1 0
0 1 0 27.4 72.0 2 -1 0
0 1 0 27.4 72.0 2 -1 0
0 1 0 27.4 72.0 2 -1 0
0 1 0 27.4 72.0 2 -1 0
0 1 0 27.4 71.5 2 -1 0
0 1 0 27.4 71.5 2 -1 0
0 1 0 27.4 71.5 2 -1 0
0 1 0 27.4 71.5 2 -1 0
0 1 0 27.4 71.5 2 -1 0
0 1 0 27.4 71.5 2 -1 0
0 1 0 27.4 71.5 2 -1 0
0 1 0 27.4 71.5 2 -1 0
0 1 0 27.4 71.5 2 -1 0
0 1 0 27.4 71.5 2 -1 0
0 1 0 27.4 71.5 2 -1 0
0 1 0 27.4 71.5 2 -1 0
0 1 0 27.4 71.5 2 -1 0
0 1 0 27.5 71.5 2 -1 0
0 1 0 27.4 71.5 2 -1 0
0 1 0 27.4 71.5 2 -1 0
0 1 0 27.4 71.5 2 -1 0
0 1 0 27.3 71.5 2 -1 0
0 1 0 27.4 71.5 2 -1 0
0 1 0 27.4 71.5 2 -1 0
0 1 0 27.4 71.5 2 -1 0
0 1 0 27.5 71.5 2 -1 0
0 1 0 27.4 71.5 2 -1 0
0 1 0 27.4 71.5 2 -1 0
0 1 0 27.4 71.5 2 -1 0
0 1 0 27.4 71.5 2 -1 0
0 1 0 27.5 71.5 2 -1 0
0 1 0 27.4 71.5 2 -1 0
0 1 0 27.4 71.5 2 -1 0
0 1 0 27.4 71.5 2 -1 0
0 1 0 27.4 71.5 2 -1 0
0 1 0 27.5 71.5 2 -1 0
0 1 0 27.4 71.5 2 -1 0
0 1 0 27.4 72.0 2 -1 0
0 1 0 27.5 72.0 2 -1 0
0 1 0 27.3 72.5 2 -1 0
0 1 0 27.4 72.5 2 -1 0
0 1 0 27.4 72.5 2 -1 0
0 1 0 27.4 72.5 2 -1 0
0 1 0 27.4 72.5 2 -1 0
