0 1 0 27.4 72.5 2 -1 0
0 1 0 27.5 72.5 2 -1 0
0 1 0 27.4 72.0 2 -1 0
0 1 0 27.5 72.0 2 -1 0
0 1 0 27.5 72.0 2 -1 0
0 1 0 27.4 72.0 2 -1 0
0 1 0 27.4 72.5 2 -1 0
0 1 0 27.4 72.0 2 -1 0
0 1 0 27.4 72.0 2 -1 0
0 1 0 27.5 72.0 2 -1 0
0 1 0 27.5 72.5 2 -1 0
0 1 0 27.5 72.5 2 -1 0
0 1 0 27.4 72.5 2 -1 0
0 1 0 27.5 72.5 2 -1 0
0 1 0 27.5 72.5 2 -1 0
0 1 0 27.5 72.5 2 -1 0
0 1 0 27.5 72.5 2 -1 0
0 1 0 27.4 72.5 2 -1 0
0 1 0 27.5 72.5 2 -1 0
0 1 0 27.5 72.5 2 -1 0
0 1 0 27.5 72.5 2 -1 0
0 1 0 27.5 72.5 2 -1 0
0 1 0 27.5 72.5 2 -1 0
0 1 0 27.5 72.5 2 -1 0
0 1 0 27.4 72.5 0 -1 0
0 1 0 27.5 72.5 2 -1 0
0 1 0 27.5 72.5 2 -1 0
0 1 0 27.5 72.5 2 -1 0
0 1 0 27.5 72.5 2 -1 0
0 1 0 27.5 72.5 2 -1 0
0 1 0 27.5 72.5 2 -1 0
0 1 0 27.5 72.5 2 -1 0
0 1 0 27.5 72.5 2 -1 0
0 1 0 27.5 72.5 2 -1 0
0 1 0 27.4 73.0 2 -1 0
0 1 0 27.5 73.0 2 -1 0
0 1 0 27.5 73.0 2 -1 0
0 1 0 27.4 73.0 2 -1 0
0 1 0 27.5 73.0 2 -1 0
0 1 0 27.5 73.0 2 -1 0
0 1 0 27.5 73.0 2 -1 0
0 1 0 27.5 73.0 2 -1 0
0 1 0 27.5 73.0 2 -1 0
0 1 0 27.5 73.0 2 -1 0
0 1 0 27.6 73.0 2 -1 0
0 1 0 27.5 73.0 2 -1 0
0 1 0 27.5 73.0 2 -1 0
0 1 0 27.5 73.0 2 -1 0
0 1 0 27.5 73.0 2 -1 0
0 1 0 27.5 73.0 2 -1 0
0 1 0 27.5 73.0 2 -1 0
0 1 0 27.5 73.0 2 -1 0
0 1 0 27.4 73.0 2 -1 0
0 1 0 27.6 73.0 2 -1 0
0 1 0 27.5 73.0 2 -1 0
0 1 0 27.6 73.0 2 -1 0
0 1 0 27.5 73.0 2 -1 0
0 1 0 27.5 73.0 2 -1 0
0 1 0 27.5 73.0 2 -1 0
0 1 0 27.5 73.0 2 -1 0
0 1 0 27.5 73.5 2 -1 0
0 1 0 27.5 73.5 2 -1 0
0 1 0 27.5 73.5 2 -1 0
0 1 0 27.5 73.5 2 -1 0
0 1 0 27.5 73.5 2 -1 0
0 1 0 27.5 73.5 2 -1 0
0 1 0 27.5 73.5 2 -1 0
0 1 0 27.5 73.5 2 -1 0
0 1 0 27.5 73.5 2 -1 0
0 1 0 27.5 73.5 2 -1 0
0 1 0 27.5 73.5 2 -1 0
0 1 0 27.6 73.5 2 -1 0
0 1 0 27.6 73.5 2 -1 0
0 1 0 27.5 73.5 2 -1 0
0 1 0 27.5 73.5 2 -1 0
0 1 0 27.6 73.5 2 -1 0
0 1 0 27.5 73.5 2 -1 0
0 1 0 27.5 73.5 2 -1 0
0 1 0 27.5 73.5 2 -1 0
0 1 0 27.6 73.5 2 -1 0
0 1 0 27.6 73.5 2 -1 0
0 1 0 27.6 73.5 2 -1 0
0 1 0 27.5 73.5 2 -1 0
0 1 0 27.5 73.5 2 -1 0
0 1 0 27.6 73.5 2 -1 0
0 1 0 27.6 73.5 2 -1 0
0 1 0 27.5 73.5 2 -1 0
0 1 0 27.6 73.5 2 -1 0
0 1 0 27.5 74.0 2 -1 0
0 1 0 27.5 74.0 2 -1 0
0 1 0 27.6 74.0 2 -1 0
0 1 0 27.5 74.0 2 -1 0
0 1 0 27.5 74.0 2 -1 0
0 1 0 27.5 74.0 2 -1 0
0 1 0 27.5 74.0 2 -1 0
0 1 0 27.5 74.0 2 -1 0
0 1 0 27.6 73.5 2 -1 0
0 1 0 27.6 74.0 2 -1 0
0 1 0 27.6 74.0 2 -1 0
0 1 0 27.6 74.0 2 -1 0
0 1 0 27.5 74.0 2 -1 0
0 1 0 27.6 74.0 2 -1 0
0 1 0 27.6 74.0 2 -1 0
0 1 0 27.6 74.0 2 -1 0
0 1 0 27.6 74.0 2 -1 0
0 1 0 27.6 74.0 2 -1 0
0 1 0 27.5 74.0 2 -1 0
0 1 0 27.6 74.0 2 -1 0
0 1 0 27.6 74.0 2 -1 0
0 1 0 27.5 74.0 2 -1 0
0 1 0 27.6 74.0 2 -1 0
0 1 0 27.5 74.0 2 -1 0
0 1 0 27.5 74.0 2 -1 0
0 1 0 27.6 74.0 2 -1 0
0 1 0 27.6 74.0 2 -1 0
0 1 0 27.5 74.0 2 -1 0
0 1 0 27.5 74.0 2 -1 0
0 1 0 27.5 74.0 2 -1 0
0 1 0 27.5 73.5 2 -1 0
0 1 0 27.5 73.5 2 -1 0
0 1 0 27.6 73.5 2 -1 0
0 1 0 27.6 73.5 2 -1 0
0 1 0 27.6 74.0 2 -1 0
0 1 0 27.5 73.5 2 -1 0
0 1 0 27.6 73.5 2 -1 0
0 1 0 27.6 73.5 2 -1 0
0 1 0 27.6 73.5 2 -1 0
0 1 0 27.6 73.5 2 -1 0
0 1 0 27.6 74.0 2 -1 0
0 1 0 27.6 73.5 2 -1 0
0 1 0 27.6 73.5 2 -1 0
0 1 0 27.5 73.5 2 -1 0
0 1 0 27.6 73.5 2 -1 0
0 1 0 27.6 73.5 2 -1 0
0 1 0 27.6 73.5 2 -1 0
0 1 0 27.6 73.5 2 -1 0
0 1 0 27.6 73.5 2 -1 0
0 1 0 27.6 73.5 2 -1 0
0 1 0 27.6 73.5 2 -1 0
0 1 0 27.6 73.5 2 -1 0
0 1 0 27.6 73.5 2 -1 0
0 1 0 27.6 73.5 2 -1 0
0 1 0 27.5 73.5 2 -1 0
0 1 0 27.6 73.5 2 -1 0
0 1 0 27.6 73.5 2 -1 0
0 1 0 27.6 73.5 2 -1 0
0 1 0 27.6 73.5 2 -1 0
0 1 0 27.6 73.5 2 -1 0
0 1 0 27.6 73.5 2 -1 0
0 1 0 27.6 73.5 2 -1 0
0 1 0 27.6 73.5 2 -1 0
0 1 0 27.6 73.5 2 -1 0
0 1 0 27.5 73.5 2 -1 0
0 1 0 27.6 73.5 2 -1 0
0 1 0 27.6 73.5 2 -1 0
0 1 0 27.5 73.5 2 -1 0
0 1 0 27.5 73.5 2 -1 0
0 1 0 27.5 73.5 2 -1 0
0 1 0 27.6 73.5 2 -1 0
0 1 0 27.6 73.0 2 -1 0
0 1 0 27.5 73.0 2 -1 0
0 1 0 27.6 73.5 2 -1 0
0 1 0 27.6 73.5 2 -1 0
0 1 0 27.6 73.5 2 -1 0
0 1 0 27.6 73.5 2 -1 0
0 1 0 27.6 73.0 2 -1 0
0 1 0 27.6 73.5 2 -1 0
0 1 0 27.6 73.5 2 -1 0
0 1 0 27.6 73.5 2 -1 0
0 1 0 27.6 73.5 2 -1 0
0 1 0 27.6 73.5 2 -1 0
0 1 0 27.6 73.5 2 -1 0
0 1 0 27.6 73.5 2 -1 0
0 1 0 27.6 73.5 2 -1 0
0 1 0 27.5 73.5 2 -1 0
0 1 0 27.6 73.5 2 -1 0
0 1 0 27.5 73.5 2 -1 0
0 1 0 27.5 73.5 2 -1 0
0 1 0 27.6 73.5 2 -1 0
0 1 0 27.6 73.5 2 -1 0
0 1 0 27.5 73.5 2 -1 0
0 1 0 27.6 73.5 2 -1 0
0 1 0 27.6 73.0 2 -1 0
0 1 0 27.5 73.0 2 -1 0
0 1 0 27.6 73.0 2 -1 0
0 1 0 27.5 73.0 2 -1 0
0 1 0 27.6 73.5 2 -1 0
0 1 0 27.6 73.5 2 -1 0
0 1 0 27.6 73.5 2 -1 0
0 1 0 27.5 73.5 2 -1 0
0 1 0 27.6 73.5 2 -1 0
0 1 0 27.6 73.5 2 -1 0
0 1 0 27.6 73.5 2 -1 0
0 1 0 27.5 73.5 2 -1 0
0 1 0 27.6 73.5 2 -1 0
0 1 0 27.6 73.5 2 -1 0
0 1 0 27.6 73.5 2 -1 0
0 1 0 27.6 73.0 2 -1 0
0 1 0 27.6 73.5 2 -1 0
0 1 0 27.6 73.0 2 -1 0
0 1 0 27.5 73.5 2 -1 0
0 1 0 27.6 73.0 2 -1 0
0 1 0 27.5 73.0 2 -1 0
0 1 0 27.6 73.5 2 -1 0
0 1 0 27.6 73.5 2 -1 0
0 1 0 27.5 73.0 2 -1 0
0 1 0 27.6 73.5 2 -1 0
0 1 0 27.5 73.5 2 -1 0
0 1 0 27.6 73.5 2 -1 0
0 1 0 27.6 73.5 2 -1 0
0 1 0 27.6 73.0 2 -1 0
0 1 0 27.5 73.0 2 -1 0
0 1 0 27.6 73.0 2 -1 0
0 1 0 27.6 73.5 2 -1 0
0 1 0 27.6 73.0 2 -1 0
0 1 0 27.6 73.5 2 -1 0
0 1 0 27.5 73.5 2 -1 0
0 1 0 27.6 73.5 2 -1 0
0 1 0 27.6 73.5 2 -1 0
0 1 0 27.6 73.5 2 -1 0
0 1 0 27.6 73.5 2 -1 0
0 1 0 27.6 73.5 2 -1 0
0 1 0 27.6 73.5 2 -1 0
0 1 0 27.6 73.5 2 -1 0
0 1 0 27.6 73.5 2 -1 0
0 1 0 27.6 73.5 2 -1 0
0 1 0 27.7 73.5 2 -1 0
0 1 0 27.6 73.5 2 -1 0
0 1 0 27.5 73.5 2 -1 0
0 1 0 27.6 73.5 2 -1 0
0 1 0 27.5 73.5 2 -1 0
0 1 0 27.6 73.5 2 -1 0
0 1 0 27.6 73.5 2 -1 0
0 1 0 27.5 73.5 2 -1 0
0 1 0 27.5 73.0 2 -1 0
0 1 0 27.6 73.0 2 -1 0
0 1 0 27.5 73.0 2 -1 0
0 1 0 27.6 73.5 2 -1 0
0 1 0 27.6 73.0 2 -1 0
0 1 0 27.6 73.5 2 -1 0
0 1 0 27.6 73.0 2 -1 0
0 1 0 27.6 73.0 2 -1 0
0 1 0 27.6 73.5 2 -1 0
0 1 0 27.6 73.5 2 -1 0
0 1 0 27.6 73.0 2 -1 0
0 1 0 27.6 73.0 2 -1 0
0 1 0 27.6 73.5 2 -1 0
0 1 0 27.5 73.0 2 -1 0
0 1 0 27.4 73.0 2 -1 0
0 1 0 27.5 73.0 2 -1 0
0 1 0 27.5 73.0 2 -1 0
0 1 0 27.6 73.0 2 -1 0
0 1 0 27.6 73.0 2 -1 0
0 1 0 27.5 73.0 2 -1 0
0 1 0 27.6 73.0 2 -1 0
0 1 0 27.5 73.0 2 -1 0
0 1 0 27.6 73.0 2 -1 0
0 1 0 27.5 73.0 2 -1 0
0 1 0 27.5 73.0 2 -1 0
0 1 0 27.6 73.0 2 -1 0
0 1 0 27.5 73.5 2 -1 0
0 1 0 27.6 73.0 2 -1 0
0 1 0 27.6 73.0 2 -1 0
0 1 0 27.5 73.5 2 -1 0
0 1 0 27.5 73.0 2 -1 0
0 1 0 27.6 73.0 2 -1 0
0 1 0 27.5 73.0 2 -1 0
0 1 0 27.5 73.0 2 -1 0
0 1 0 27.5 73.0 2 -1 0
0 1 0 27.6 73.0 2 -1 0
0 1 0 27.5 73.0 2 -1 0
0 1 0 27.6 73.0 2 -1 0
0 1 0 27.5 73.0 2 -1 0
0 1 0 27.5 73.0 2 -1 0
0 1 0 27.5 73.0 2 -1 0
0 1 0 27.6 73.0 2 -1 0
0 1 0 27.6 73.5 2 -1 0
0 1 0 27.6 73.5 2 -1 0
0 1 0 27.5 73.5 2 -1 0
0 1 0 27.6 73.5 2 -1 0
0 1 0 27.6 73.5 2 -1 0
0 1 0 27.5 73.5 2 -1 0
0 1 0 27.6 73.5 2 -1 0
0 1 0 27.6 74.0 2 -1 0
0 1 0 27.6 74.0 2 -1 0
0 1 0 27.5 74.0 2 -1 0
0 1 0 27.6 74.0 2 -1 0
0 1 0 27.5 74.0 2 -1 0
0 1 0 27.6 74.0 2 -1 0
0 1 0 27.5 74.0 2 -1 0
0 1 0 27.5 74.0 2 -1 0
0 1 0 27.5 74.0 2 -1 0
0 1 0 27.6 74.0 2 -1 0
0 1 0 27.6 74.0 2 -1 0
0 1 0 27.6 74.0 2 -1 0
0 1 0 27.5 74.0 2 -1 0
0 1 0 27.6 74.0 2 -1 0
0 1 0 27.6 74.0 2 -1 0
0 1 0 27.6 74.0 2 -1 0
0 1 0 27.6 74.0 2 -1 0
0 1 0 27.6 74.0 2 -1 0
0 1 0 27.6 74.0 1 -1 0
0 1 0 27.6 74.0 1 -1 0
0 1 0 27.6 73.5 1 -1 0
0 1 0 27.5 73.5 1 -1 0
0 1 0 27.6 74.0 1 -1 0
0 1 0 27.6 74.0 1 -1 0
0 1 0 27.5 74.0 1 -1 0
0 1 0 27.5 74.0 1 -1 0
0 1 0 27.5 73.5 1 -1 0
0 1 0 27.6 73.5 1 -1 0
0 1 0 27.6 73.5 1 -1 0
0 1 0 27.6 73.5 1 -1 0
0 1 0 27.5 73.5 1 -1 0
0 1 0 27.6 73.5 1 -1 0
0 1 0 27.6 73.5 1 -1 0
0 1 0 27.6 73.5 1 -1 0
0 1 0 27.5 73.5 1 -1 0
0 1 0 27.6 73.5 0 -1 0
0 1 0 27.6 73.5 0 -1 0
0 1 0 27.6 73.5 0 -1 0
0 1 0 27.6 73.5 0 -1 0
0 1 0 27.6 73.5 0 -1 0
0 1 0 27.7 73.5 0 -1 0
0 1 0 27.6 73.5 0 -1 0
0 1 0 27.6 73.5 2 -1 0
0 1 0 27.5 73.5 2 -1 0
0 1 0 27.6 73.5 2 -1 0
0 1 0 27.6 73.5 3 -1 0
0 1 0 27.6 73.5 1 -1 0
0 1 0 27.5 73.5 1 -1 0
0 1 0 27.6 73.5 1 -1 0
0 1 0 27.5 73.5 1 -1 0
0 1 0 27.6 73.5 2 -1 0
0 1 0 27.6 73.5 2 -1 0
0 1 0 27.6 73.5 4 -1 0
0 1 0 27.6 73.5 1 -1 0
0 1 0 27.6 73.5 1 -1 0
0 1 0 27.6 73.5 2 -1 0
0 1 0 27.6 73.5 2 -1 0
0 1 0 27.6 73.5 2 -1 0
0 1 0 27.6 73.5 2 -1 0
0 1 0 27.6 74.0 4 -1 0
0 1 0 27.6 74.0 4 -1 0
0 1 0 27.6 73.5 4 -1 0
0 1 0 27.6 74.0 3 -1 0
0 1 0 27.5 74.0 3 -1 0
0 1 0 27.6 73.5 3 -1 0
0 1 0 27.5 74.0 3 -1 0
0 1 0 27.6 74.0 5 -1 0
0 1 0 27.7 74.0 5 -1 0
0 1 0 27.6 74.0 5 -1 0
0 1 0 27.6 74.0 5 -1 0
0 1 0 27.5 74.0 5 -1 0
0 1 0 27.6 74.0 5 -1 0
0 1 0 27.5 74.0 5 -1 0
0 1 0 27.6 74.0 5 -1 0
0 1 0 27.6 74.0 7 -1 0
0 1 0 27.6 74.0 7 -1 0
0 1 0 27.7 74.0 7 -1 0
0 1 0 27.5 74.0 7 -1 0
0 1 0 27.6 74.0 3 -1 0
0 1 0 27.6 74.0 5 -1 0
0 1 0 27.6 74.0 5 -1 0
0 1 0 27.6 74.0 5 -1 0
0 1 0 27.6 74.0 7 -1 0
0 1 0 27.7 74.0 7 -1 0
0 1 0 27.6 74.0 7 -1 0
0 1 0 27.6 74.0 9 -1 0
0 1 0 27.5 74.0 9 -1 0
0 1 0 27.6 74.0 9 -1 0
0 1 0 27.6 74.0 9 -1 0
0 1 0 27.6 74.0 9 -1 0
0 1 0 27.6 74.0 7 -1 0
0 1 0 27.6 74.0 7 -1 0
0 1 0 27.6 74.0 7 -1 0
0 1 0 27.6 74.0 7 -1 0
0 1 0 27.6 74.0 7 -1 0
0 1 0 27.6 74.0 9 -1 0
0 1 0 27.6 74.0 9 -1 0
0 1 0 27.6 74.0 9 -1 0
0 1 0 27.6 74.0 9 -1 0
0 1 0 27.6 74.0 9 -1 0
0 1 0 27.6 74.0 9 -1 0
0 1 0 27.6 74.0 11 -1 0
0 1 0 27.6 74.0 11 -1 0
0 1 0 27.7 74.0 12 -1 0
0 1 0 27.6 74.5 14 -1 0
0 1 0 27.6 74.5 19 -1 0
0 1 0 27.6 74.5 14 -1 0
0 1 0 27.6 74.5 12 -1 0
0 1 0 27.7 74.5 12 -1 0
0 1 0 27.6 74.5 12 -1 0
0 1 0 27.6 74.5 10 -1 0
0 1 0 27.7 74.5 16 -1 0
0 1 0 27.7 74.5 19 -1 0
0 1 0 27.6 74.5 21 -1 0
0 1 0 27.7 74.5 23 -1 0
0 1 0 27.6 74.5 32 -1 0
0 1 0 27.6 74.5 28 -1 0
0 1 0 27.7 74.5 28 -1 0
0 1 0 27.6 74.5 30 -1 0
0 1 0 27.7 74.5 39 -1 0
0 1 0 27.7 74.5 37 -1 0
0 1 0 27.7 74.5 39 -1 0
0 1 0 27.7 74.5 41 -1 0
0 1 0 27.7 74.5 41 -1 0
0 1 0 27.7 74.5 39 -1 0
0 1 0 27.7 74.5 34 -1 0
0 1 0 27.7 74.5 26 -1 0
0 1 0 27.8 74.5 26 -1 0
0 1 0 27.7 74.5 26 -1 0
0 1 0 27.7 74.0 37 -1 0
0 1 0 27.7 74.0 39 -1 0
0 1 0 27.7 74.0 41 -1 0
0 1 0 27.7 74.0 36 -1 0
0 1 0 27.7 74.0 35 -1 0
0 1 0 27.7 74.0 34 -1 0
0 1 0 27.7 74.0 31 -1 0
0 1 0 27.7 74.0 38 -1 0
0 1 0 27.8 74.0 41 -1 0
0 1 0 27.8 74.0 34 -1 0
0 1 0 27.8 74.0 36 -1 0
0 1 0 27.7 74.0 33 -1 0
0 1 0 27.7 74.5 29 -1 0
0 1 0 27.8 74.5 26 -1 0
0 1 0 27.8 74.5 31 -1 0
0 1 0 27.7 74.5 26 -1 0
0 1 0 27.8 74.5 29 -1 0
0 1 0 27.8 74.5 41 -1 0
0 1 0 27.8 74.5 29 -1 0
0 1 0 27.8 74.5 28 -1 0
0 1 0 27.8 74.0 28 -1 0
0 1 0 27.8 74.5 31 -1 0
0 1 0 27.8 74.5 33 -1 0
0 1 0 27.8 74.5 31 -1 0
0 1 0 27.8 74.5 29 -1 0
0 1 0 27.8 74.0 32 -1 0
0 1 0 27.8 74.0 26 -1 0
0 1 0 27.8 74.0 31 -1 0
0 1 0 27.9 74.0 30 -1 0
0 1 0 27.8 74.0 26 -1 0
0 1 0 27.8 74.0 24 -1 0
0 1 0 27.8 74.0 27 -1 0
0 1 0 27.9 74.0 21 -1 0
0 1 0 27.8 74.0 23 -1 0
0 1 0 27.8 74.0 23 -1 0
0 1 0 27.9 74.5 26 -1 0
0 1 0 27.9 74.5 36 -1 0
0 1 0 27.8 74.5 37 -1 0
0 1 0 27.9 74.5 33 -1 0
0 1 0 27.9 74.5 28 -1 0
0 1 0 27.9 74.5 26 -1 0
0 1 0 27.9 74.5 28 -1 0
0 1 0 27.8 74.5 28 -1 0
0 1 0 27.9 75.0 35 -1 0
0 1 0 27.9 75.0 37 -1 0
0 1 0 27.9 75.0 43 -1 0
0 1 0 28.0 75.5 48 -1 0
0 1 0 27.9 75.5 46 -1 0
0 1 0 28.0 75.5 43 -1 0
0 1 0 27.9 75.5 39 -1 0
0 1 0 27.9 75.5 31 -1 0
0 1 0 28.0 75.5 29 -1 0
0 1 0 27.9 75.5 31 -1 0
0 1 0 27.9 75.5 29 -1 0
0 1 0 27.9 75.5 31 -1 0
0 1 0 28.0 75.5 36 -1 0
0 1 0 28.0 75.5 51 -1 0
0 1 0 28.0 75.5 48 -1 0
0 1 0 28.0 75.5 46 -1 0
0 1 0 27.9 75.5 50 -1 0
0 1 0 28.0 76.0 55 -1 0
0 1 0 28.0 76.0 53 -1 0
0 1 0 28.0 76.0 55 -1 0
0 1 0 28.0 76.0 51 -1 0
0 1 0 28.0 76.0 33 -1 0
0 1 0 28.1 76.0 29 -1 0
0 1 0 28.1 76.5 31 -1 0
0 1 0 28.1 76.0 29 -1 0
0 1 0 28.1 76.5 33 -1 0
0 1 0 28.1 76.5 31 -1 0
0 1 0 28.1 76.5 36 -1 0
0 1 0 28.1 76.5 49 -1 0
0 1 0 28.2 76.5 50 -1 0
0 1 0 28.2 76.5 41 -1 0
0 1 0 28.2 76.5 36 -1 0
0 1 0 28.2 76.5 36 -1 0
0 1 0 28.1 76.5 34 -1 0
0 1 0 28.2 76.5 34 -1 0
0 1 0 28.1 76.5 38 -1 0
0 1 0 28.2 76.5 38 -1 0
0 1 0 28.2 76.5 41 -1 0
0 1 0 28.2 76.5 54 -1 0
0 1 0 28.2 76.5 43 -1 0
0 1 0 28.2 76.5 41 -1 0
0 1 0 28.2 76.5 39 -1 0
0 1 0 28.2 76.5 45 -1 0
0 1 0 28.2 76.5 43 -1 0
0 1 0 28.2 76.5 46 -1 0
0 1 0 28.3 76.5 48 -1 0
0 1 0 28.3 76.5 53 -1 0
0 1 0 28.3 76.5 48 -1 0
0 1 0 28.3 76.5 60 -1 0
0 1 0 28.3 76.5 50 -1 0
0 1 0 28.3 76.5 50 -1 0
0 1 0 28.4 76.5 50 -1 0
0 1 0 28.3 76.5 46 -1 0
0 1 0 28.3 76.5 46 -1 0
0 1 0 28.3 76.5 45 -1 0
0 1 0 28.3 76.5 41 -1 0
0 1 0 28.4 76.5 45 -1 0
0 1 0 28.3 76.5 45 -1 0
0 1 0 28.4 76.5 52 -1 0
0 1 0 28.4 76.5 48 -1 0
0 1 0 28.4 76.5 43 -1 0
0 1 0 28.4 76.5 41 -1 0
0 1 0 28.4 77.0 41 -1 0
0 1 0 28.4 76.5 41 -1 0
0 1 0 28.4 76.5 37 -1 0
0 1 0 28.4 76.5 40 -1 0
0 1 0 28.4 77.0 40 -1 0
0 1 0 28.4 77.0 38 -1 0
0 1 0 28.5 77.0 36 -1 0
0 1 0 28.4 77.0 36 -1 0
0 1 0 28.5 77.0 36 -1 0
0 1 0 28.4 77.0 36 -1 0
0 1 0 28.4 77.0 36 -1 0
0 1 0 28.4 77.0 34 -1 0
0 1 0 28.5 77.0 32 -1 0
0 1 0 28.5 77.0 33 -1 0
0 1 0 28.5 77.0 33 -1 0
0 1 0 28.4 77.0 31 -1 0
0 1 0 28.5 77.0 31 -1 0
0 1 0 28.5 77.0 31 -1 0
0 1 0 28.5 77.0 33 -1 0
0 1 0 28.5 77.0 33 -1 0
0 1 0 28.5 77.0 33 -1 0
0 1 0 28.5 76.5 31 -1 0
0 1 0 28.5 76.5 31 -1 0
0 1 0 28.5 76.5 31 -1 0
0 1 0 28.5 76.5 31 -1 0
0 1 0 28.5 76.0 31 -1 0
0 1 0 28.5 76.0 31 -1 0
0 1 0 28.5 76.0 31 -1 0
0 1 0 28.5 76.0 31 -1 0
0 1 0 28.5 76.5 31 -1 0
0 1 0 28.4 76.0 29 -1 0
0 1 0 28.5 76.0 29 -1 0
0 1 0 28.5 75.5 29 -1 0
0 1 0 28.5 75.5 29 -1 0
0 1 0 28.5 75.5 29 -1 0
0 1 0 28.5 75.5 31 -1 0
0 1 0 28.5 75.5 30 -1 0
0 1 0 28.5 75.5 34 -1 0
0 1 0 28.5 75.5 34 -1 0
0 1 0 28.4 75.0 32 -1 0
0 1 0 28.4 75.0 34 -1 0
0 1 0 28.4 75.0 34 -1 0
0 1 0 28.5 74.5 34 -1 0
0 1 0 28.5 74.5 36 -1 0
0 1 0 28.5 75.0 36 -1 0
0 1 0 28.4 74.5 34 -1 0
0 1 0 28.4 74.5 36 -1 0
0 1 0 28.4 74.5 38 -1 0
0 1 0 28.4 74.5 38 c26 0
0 1 9 28.4 74.5 43 c26 0
1 1 17 28.4 73.5 53 c26 1
1 1 21 28.2 70.0 51 c26 1
1 1 0 28.0 68.5 53 c26 1
1 1 2 27.7 67.5 56 c26 1
1 1 0 27.5 66.5 52 c26 1
1 1 0 27.3 65.0 54 c26 1
1 1 2 27.1 65.0 56 c26 1
1 1 0 26.9 66.0 56 c26 1
1 1 3 26.7 64.5 56 c26 1
1 1 3 26.7 65.5 54 c26 1
1 1 3 26.5 65.5 56 c26 1
1 1 4 26.5 65.0 58 c26 1
1 1 5 26.4 65.0 56 c26 1
1 1 16 26.2 65.0 56 c26 1
1 1 8 26.2 64.5 60 c26 1
1 1 0 26.1 65.0 60 c26 1
1 1 13 26.0 65.0 56 c26 1
1 1 12 26.1 65.0 58 c26 1
1 1 2 26.0 63.5 56 c26 1
1 1 3 25.8 63.0 54 c26 1
1 1 1 25.8 64.0 54 c26 1
1 1 0 25.7 63.5 53 c26 1
1 1 12 25.7 63.5 51 c26 1
1 1 5 25.5 63.0 53 c26 1
1 1 8 25.5 63.5 53 c26 1
1 1 30 25.4 63.5 51 c26 1
1 1 14 25.5 64.0 51 c26 1
1 1 9 25.4 64.0 51 c26 1
1 1 15 25.3 62.5 51 c26 1
1 1 8 25.3 63.0 49 c26 1
1 1 7 25.2 64.0 49 c26 1
1 1 13 25.3 63.5 51 c26 1
1 1 5 25.2 63.0 51 c26 1
1 1 5 25.1 62.5 49 c26 1
1 1 17 25.1 63.0 51 c26 1
1 1 8 25.0 63.0 49 c26 1
1 1 14 25.0 62.0 47 c26 1
1 1 10 24.9 62.0 47 c26 1
1 1 9 24.8 62.5 48 c26 1
1 1 5 24.8 62.0 46 c26 1
1 1 3 24.7 62.5 44 c26 1
1 1 3 24.7 62.5 44 c26 1
1 1 6 24.8 63.0 44 c26 1
1 1 1 24.8 63.0 44 c26 1
1 1 15 24.8 62.5 42 c26 1
1 1 24 24.7 62.0 42 c26 1
1 1 18 24.6 62.0 44 c26 1
1 1 17 24.5 62.0 44 c26 1
1 1 6 24.4 61.5 42 c26 1
1 1 1 24.4 61.5 42 c26 1
1 1 9 24.4 61.0 42 c26 1
1 1 7 24.4 61.0 44 c26 1
1 1 3 24.3 61.5 46 c26 1
1 1 3 24.3 61.5 46 c26 1
1 1 11 24.4 61.5 44 c26 1
1 1 12 24.3 61.0 46 c26 1
1 1 0 24.2 61.0 47 c26 1
1 1 6 24.2 61.5 49 c26 1
1 1 3 24.2 61.0 47 c26 1
1 1 2 24.0 61.0 47 c26 1
1 1 0 24.0 61.5 49 c26 1
1 1 0 24.0 62.0 47 c26 1
1 1 7 24.0 62.0 49 c26 1
1 1 8 24.1 62.0 49 c26 1
1 1 2 24.0 62.5 47 c26 1
1 1 9 24.0 62.5 47 c26 1
1 1 21 24.0 63.0 51 c26 1
1 1 3 24.0 62.5 51 c26 1
1 1 5 24.0 62.0 47 c26 1
1 1 9 24.0 62.0 47 c26 1
1 1 11 23.9 61.5 49 c26 1
1 1 2 23.9 62.5 49 c26 1
1 1 3 24.0 63.0 49 c26 1
1 1 6 24.0 63.0 49 c26 1
1 1 4 23.9 63.0 47 c26 1
1 1 0 23.9 63.0 44 c26 1
1 1 12 23.8 63.0 48 c26 1
1 1 2 23.8 63.0 46 c26 1
1 1 9 23.8 63.0 44 c26 1
1 1 37 23.8 63.0 46 c26 1
1 1 10 23.9 64.0 46 c26 1
1 1 5 24.0 65.5 44 c26 1
1 1 0 24.3 66.0 42 c26 1
1 1 1 24.4 66.0 44 c26 1
1 1 2 24.5 66.5 42 c26 1
1 1 6 24.6 67.5 40 c26 1
1 1 4 24.6 68.0 43 c26 1
1 1 2 24.7 68.5 41 c26 1
1 1 6 24.8 68.0 39 c26 1
1 1 3 24.8 68.5 37 c26 1
1 1 0 24.9 69.0 41 c26 1
1 1 0 24.9 68.5 41 c26 1
1 1 2 24.9 67.5 39 c26 1
1 1 0 25.0 67.5 39 c26 1
1 1 6 24.9 67.5 39 c26 1
1 1 6 25.0 67.5 37 c26 1
1 1 0 25.0 67.5 37 c26 1
1 1 5 25.0 68.0 37 c26 1
1 1 0 25.1 68.5 37 c26 1
1 1 13 25.1 68.0 35 c26 1
1 1 23 25.1 68.0 39 c26 1
1 1 33 25.2 68.5 37 c26 1
1 1 11 25.3 68.5 39 c26 1
1 1 14 25.3 69.5 39 c26 1
1 1 18 25.3 69.5 37 c26 1
1 1 18 25.4 69.5 39 c26 1
1 1 20 25.5 70.0 39 c26 1
1 1 23 25.5 70.0 41 c26 1
1 1 23 25.5 70.5 37 c26 1
1 1 23 25.6 70.5 41 c26 1
1 1 27 25.6 70.5 39 c26 1
1 1 27 25.6 70.5 41 c26 1
1 1 15 25.6 69.5 42 c26 1
1 1 13 25.6 69.0 42 c26 1
1 1 0 25.5 69.0 44 c26 1
1 1 3 25.6 68.5 44 c26 1
1 1 4 25.5 68.5 46 c26 1
1 1 4 25.5 69.0 42 c26 1
1 1 7 25.6 69.0 42 c26 1
1 1 12 25.5 69.5 42 c26 1
1 1 1 25.6 70.0 42 c26 1
1 1 0 25.6 70.0 42 c26 1
1 1 0 25.6 70.5 42 c26 1
1 1 7 25.7 70.0 42 c26 1
1 1 15 25.6 69.5 46 c26 1
1 1 0 25.7 69.5 44 c26 1
1 1 0 25.7 69.5 46 c26 1
1 1 0 25.7 69.5 46 c26 1
1 1 0 25.7 70.0 48 c26 1
1 1 15 25.7 69.5 51 c26 1
0 1 0 25.8 69.5 51 c26 1
0 1 0 25.8 70.0 49 c26 1
0 1 0 25.9 70.5 49 c26 1
0 1 0 25.9 71.0 51 c26 1
0 1 0 25.9 71.0 51 c26 1
0 1 0 25.9 71.0 53 c26 1
0 1 0 26.0 71.0 53 c26 1
0 1 0 25.9 71.0 49 c26 1
0 1 0 25.8 70.5 49 c26 1
0 1 0 25.8 71.0 51 c26 1
0 1 0 25.9 71.5 51 c26 1
0 1 0 25.9 72.0 53 c26 1
0 1 0 26.0 72.5 53 c26 1
0 1 0 26.0 73.0 51 c26 1
0 1 0 26.1 74.0 51 c26 1
0 1 0 26.0 73.0 53 c26 1
0 1 0 26.0 72.5 53 c26 1
0 1 0 26.0 71.5 53 c26 1
0 1 0 25.8 70.5 56 c26 1
0 1 0 25.8 70.0 52 c26 1
0 1 0 25.7 69.5 52 c26 1
0 1 0 25.7 69.0 54 c26 1
0 1 0 25.6 68.5 54 c26 1
0 1 0 25.6 68.0 56 c26 1
0 1 0 25.5 68.0 56 c26 1
0 1 0 25.5 67.5 56 c26 1
0 1 0 25.5 67.5 54 c26 1
0 1 0 25.4 67.0 54 c26 1
0 1 0 25.4 67.0 54 c26 1
0 1 0 25.4 67.0 56 c26 1
0 1 0 25.4 66.5 56 c26 1
0 1 0 25.3 66.5 56 c26 1
0 1 0 25.2 66.0 56 c26 1
0 1 0 25.1 66.0 56 c26 1
0 1 0 25.2 65.5 56 c26 1
0 1 0 25.1 66.0 54 c26 1
0 1 0 25.2 66.5 54 c26 1
0 1 0 25.2 67.5 56 c26 1
0 1 0 25.3 68.5 56 c26 1
0 1 0 25.3 69.0 58 c26 1
0 1 0 25.4 70.0 56 c26 1
0 1 0 25.5 70.5 56 c26 1
0 1 0 25.5 71.0 56 c26 1
0 1 0 25.6 72.0 56 c26 1
0 1 0 25.6 72.5 56 c26 1
0 1 0 25.7 72.5 56 c26 1
0 1 0 25.7 73.0 58 c26 1
0 1 0 25.8 73.5 56 c26 1
0 1 0 25.9 74.0 56 c26 1
0 1 0 25.9 74.0 58 c26 1
0 1 14 25.9 75.0 56 c26 1
0 1 25 26.1 74.5 56 c26 1
0 1 18 26.0 74.0 56 c26 1
0 1 0 25.9 73.0 53 c26 1
0 1 0 25.9 72.5 53 c26 1
0 1 0 25.9 71.5 51 c26 1
0 1 0 25.8 71.0 53 c26 1
0 1 0 25.8 70.0 53 c26 1
0 1 0 25.7 70.0 51 c26 1
0 1 0 25.6 69.5 51 c26 1
0 1 15 25.6 68.5 49 c26 1
0 1 13 25.5 68.5 49 c26 1
0 1 8 25.6 68.5 53 c26 1
0 1 4 25.5 68.0 53 c26 1
0 1 10 25.5 68.0 49 c26 1
0 1 4 25.4 67.5 51 c26 1
0 1 10 25.4 67.0 53 c26 1
0 1 1 25.3 66.5 53 c26 1
0 1 1 25.3 66.5 56 c26 1
0 1 0 25.3 66.5 56 c26 1
0 1 4 25.2 66.0 56 c26 1
0 1 3 25.2 66.0 56 c26 1
0 1 3 25.2 66.0 53 c26 1
0 1 5 25.2 66.0 53 c26 1
0 1 0 25.2 66.0 52 c26 1
0 1 0 25.2 66.0 54 c26 1
0 1 4 25.0 65.5 54 c26 1
0 1 1 25.0 65.0 54 c26 1
0 1 10 25.0 65.5 54 c26 1
0 1 7 25.0 65.5 54 c26 1
0 1 1 25.0 65.5 56 c26 1
0 1 4 25.0 65.5 56 c26 1
0 1 14 25.0 65.5 52 c26 1
0 1 4 24.9 65.0 54 c26 1
0 1 1 25.0 65.0 54 c26 1
0 1 2 24.9 65.0 54 c26 1
0 1 7 24.9 65.0 54 c26 1
0 1 4 24.9 65.5 54 c26 1
0 1 2 25.0 65.5 56 c26 1
0 1 0 25.1 66.0 54 c26 1
0 1 5 25.2 66.0 52 c26 1
0 1 10 25.3 67.0 56 c26 1
0 1 14 25.4 67.0 53 c26 1
0 1 7 25.4 68.0 51 c26 1
0 1 8 25.6 68.0 53 c26 1
0 1 7 25.5 67.5 51 c26 1
0 1 0 25.6 68.0 51 c26 1
0 1 6 25.7 68.0 51 c26 1
0 1 4 25.7 68.0 53 c26 1
0 1 0 25.7 69.0 49 c26 1
0 1 5 25.9 70.0 51 c26 1
0 1 2 26.0 71.0 53 c26 1
0 1 2 26.1 71.5 54 c26 1
0 1 1 26.2 72.0 54 c26 1
0 1 2 26.3 72.0 54 c26 1
0 1 11 26.3 72.0 56 c26 1
0 1 4 26.3 72.0 56 c26 1
0 1 6 26.3 71.0 56 c26 1
0 1 3 26.4 71.0 56 c26 1
0 1 5 26.3 70.5 54 c26 1
0 1 8 26.4 71.5 54 c26 1
0 1 5 26.4 72.0 58 c26 1
0 1 7 26.5 72.5 56 c26 1
0 1 0 26.6 73.0 56 c26 1
0 1 1 26.8 73.5 56 c26 1
0 1 0 26.8 73.5 58 c26 1
0 1 5 26.9 73.5 59 c26 1
0 1 0 26.9 73.5 59 c26 1
0 1 3 27.0 73.5 61 c26 1
0 1 0 27.0 73.5 61 c26 1
0 1 3 27.0 74.0 59 c26 1
0 1 3 27.0 74.0 57 c26 1
0 1 1 27.1 74.0 59 c26 1
0 1 5 27.2 74.5 63 c26 1
0 1 0 27.2 74.0 61 c26 1
0 1 2 27.3 74.0 59 c26 1
0 1 5 27.3 74.0 61 c26 1
0 1 1 27.3 74.5 58 c26 1
0 1 6 27.4 74.5 58 c26 1
0 1 2 27.4 74.5 56 c26 1
0 1 0 27.3 74.5 56 c26 1
0 1 3 27.5 74.5 54 c26 1
0 1 13 27.5 74.5 56 c26 1
0 1 11 27.5 74.5 56 c26 1
0 1 0 27.5 73.0 54 c26 1
0 1 5 27.4 71.5 52 c26 1
0 1 4 27.1 70.5 52 c26 1
0 1 4 26.9 69.5 52 c26 1
0 1 4 26.7 68.5 54 c26 1
0 1 0 26.7 67.0 54 c26 1
0 1 0 26.5 67.0 56 c26 1
0 1 0 26.4 66.5 56 c26 1
0 1 4 26.3 65.5 54 c26 1
0 1 0 26.2 64.5 57 c26 1
0 1 2 26.0 64.5 59 c26 1
0 1 8 26.0 63.5 57 c26 1
0 1 11 25.9 64.5 54 c26 1
0 1 6 26.0 65.5 51 c26 1
0 1 5 26.0 66.0 51 c26 1
0 1 3 26.2 67.0 49 c26 1
0 1 1 26.1 68.5 49 c26 1
0 1 2 26.3 68.5 47 c26 1
0 1 27 26.3 67.5 46 c26 1
1 1 6 26.1 65.0 44 c26 1
1 1 14 25.8 64.5 46 c26 1
1 1 0 25.7 64.5 48 c26 1
1 1 7 25.6 65.5 46 c26 1
1 1 7 25.7 65.0 46 c26 1
1 1 1 25.5 64.0 46 c26 1
1 1 2 25.4 64.0 46 c26 1
1 1 2 25.4 64.5 44 c26 1
1 1 10 25.4 65.0 46 c26 1
1 1 12 25.6 65.5 44 c26 1
1 1 0 25.6 66.0 46 c26 1
1 1 0 25.7 66.0 44 c26 1
1 1 2 25.9 65.5 46 c26 1
1 1 0 25.9 66.5 46 c26 1
1 1 5 26.0 68.0 46 c26 1
1 1 4 26.0 68.5 46 c26 1
1 1 16 26.2 69.0 42 c26 1
1 1 17 26.2 67.0 42 c26 1
1 1 10 26.2 66.5 46 c26 1
1 1 2 26.1 65.5 48 c26 1
1 1 1 26.1 65.0 48 c26 1
1 1 1 26.1 64.5 48 c26 1
1 1 1 26.0 65.0 46 c26 1
1 1 1 26.0 65.5 46 c26 1
1 1 4 26.1 66.5 44 c26 1
1 1 4 26.2 66.5 42 c26 1
1 1 3 26.3 67.5 46 c26 1
1 1 0 26.3 68.0 44 c26 1
1 1 6 26.4 67.0 42 c26 1
1 1 1 26.3 65.5 44 c26 1
1 1 1 26.2 65.0 42 c26 1
1 1 6 26.2 65.0 40 c26 1
1 1 2 26.1 65.0 43 c26 1
1 1 3 26.2 64.5 41 c26 1
1 1 1 26.1 64.5 43 c26 1
1 1 1 26.1 63.5 40 c26 1
1 1 0 26.1 63.5 42 c26 1
1 1 0 26.0 63.5 44 c26 1
1 1 0 26.1 63.5 44 c26 1
1 1 5 26.0 63.5 46 c26 1
1 1 2 26.0 63.5 46 c26 1
1 1 0 26.0 63.0 46 c26 1
1 1 0 26.0 63.0 42 c26 1
1 1 0 26.0 63.0 42 c26 1
1 1 0 26.0 62.5 42 c26 1
1 1 0 26.0 62.0 44 c26 1
1 1 0 25.9 62.0 46 c26 1
1 1 4 25.9 62.0 44 c26 1
1 1 1 25.9 62.0 44 c26 1
1 1 7 25.9 62.0 44 c26 1
1 1 12 25.9 62.0 46 c26 1
1 1 5 25.9 62.0 46 c26 1
1 1 3 25.9 62.0 46 c26 1
1 1 9 25.9 62.0 48 c26 1
1 1 0 25.9 62.0 48 c26 1
1 1 2 25.8 62.0 44 c26 1
1 1 13 25.9 61.5 44 c26 1
1 1 5 25.8 61.5 48 c26 1
1 1 1 25.9 61.0 48 c26 1
1 1 7 25.8 61.0 48 c26 1
1 1 2 25.8 61.0 44 c26 1
1 1 1 25.8 61.0 48 c26 1
1 1 0 25.8 61.0 46 c26 1
1 1 0 25.8 61.5 46 c26 1
1 1 3 25.9 61.5 46 c26 1
1 1 2 25.8 61.0 44 c26 1
1 1 5 25.8 60.5 44 c26 1
1 1 4 25.8 60.5 44 c26 1
1 1 2 25.8 60.5 44 c26 1
1 1 2 25.8 60.5 44 c26 1
1 1 5 25.9 61.0 44 c26 1
1 1 2 25.8 61.5 44 c26 1
1 1 1 25.9 61.5 46 c26 1
1 1 2 25.8 61.0 44 c26 1
1 1 2 25.7 61.5 42 c26 1
1 1 3 25.9 62.5 43 c26 1
1 1 2 25.9 65.5 41 c26 1
1 1 0 26.0 65.0 39 c26 1
1 1 5 26.0 64.0 41 c26 1
1 1 2 26.0 63.5 41 c26 1
1 1 4 26.1 65.0 37 c26 1
1 1 3 26.2 64.5 39 c26 1
1 1 2 26.2 65.0 37 c26 1
1 1 9 26.2 64.5 37 c26 1
1 1 0 26.2 64.5 38 c26 1
1 1 10 26.2 64.5 36 c26 1
1 1 10 26.2 66.0 36 c26 1
1 1 2 26.2 64.5 34 c26 1
1 1 2 26.3 65.5 32 c26 1
1 1 6 26.3 67.0 32 c26 1
1 1 2 26.3 65.0 36 c26 1
1 1 1 26.3 65.0 34 c26 1
1 1 2 26.3 64.0 32 c26 1
1 1 2 26.3 63.5 32 c26 1
1 1 2 26.3 63.5 32 c26 1
1 1 6 26.3 63.5 32 c26 1
1 1 5 26.3 63.0 32 c26 1
1 1 9 26.3 63.0 34 c26 1
1 1 8 26.3 63.5 34 c26 1
1 1 4 26.2 63.0 34 c26 1
1 1 3 26.3 62.5 34 c26 1
1 1 0 26.3 62.5 34 c26 1
1 1 0 26.3 62.5 36 c26 1
1 1 2 26.3 62.0 36 c26 1
1 1 10 26.3 62.5 36 c26 1
1 1 1 26.2 62.0 34 c26 1
1 1 0 26.2 62.0 34 c26 1
1 1 1 26.2 61.5 34 c26 1
1 1 0 26.2 61.5 34 c26 1
1 1 4 26.2 61.0 34 c26 1
1 1 0 26.2 61.5 36 c26 1
1 1 9 26.2 61.0 34 c26 1
1 1 6 26.2 61.5 36 c26 1
1 1 3 26.2 61.5 36 c26 1
1 1 2 26.2 61.5 34 c26 1
1 1 2 26.3 61.5 36 c26 1
1 1 5 26.2 61.5 34 c26 1
1 1 6 26.1 61.5 38 c26 1
1 1 5 26.2 61.0 32 c26 1
1 1 0 26.2 61.5 32 c26 1
1 1 6 26.1 61.5 36 c26 1
1 1 19 26.2 61.5 37 c26 1
1 1 14 26.2 61.5 41 c26 1
1 1 12 26.1 61.5 41 c26 1
1 1 22 26.2 61.5 34 c26 1
1 1 4 26.3 61.5 36 c26 1
1 1 0 26.2 61.5 32 c26 1
1 1 0 26.2 61.5 34 c26 1
1 1 0 26.2 61.0 34 c26 1
1 1 0 26.2 61.0 34 c26 1
1 1 0 26.2 61.5 32 c26 1
1 1 0 26.2 61.0 32 c26 1
1 1 14 26.2 61.0 32 c26 1
1 1 16 26.2 61.0 32 c26 1
1 1 26 26.2 61.0 29 c26 1
1 1 0 26.1 61.0 29 c26 1
1 1 7 26.1 60.5 31 c26 1
1 1 10 26.1 61.0 31 c26 1
1 1 27 26.2 61.0 27 c26 1
1 1 35 26.2 61.0 27 c26 1
0 1 11 26.2 60.5 16 c26 0
0 1 0 26.2 61.0 16 c26 0
0 1 0 26.3 61.5 14 c26 0
0 1 0 26.3 61.5 14 c26 0
0 1 0 26.3 61.5 14 c26 0
0 1 0 26.4 61.5 14 c26 0
0 1 0 26.5 62.0 14 c26 0
0 1 0 26.5 62.5 14 c26 0
0 1 0 26.5 62.5 14 c26 0
0 1 0 26.5 62.5 12 c26 0
0 1 0 26.5 62.0 12 c26 0
0 1 0 26.6 62.5 12 c26 0
0 1 0 26.5 62.5 14 c26 0
0 1 0 26.6 62.0 14 c26 0
0 1 0 26.5 62.0 14 c26 0
0 1 0 26.6 62.0 12 c26 0
0 1 0 26.6 62.0 12 c26 0
0 1 0 26.6 61.5 10 c26 0
0 1 0 26.6 61.5 10 c26 0
0 1 0 26.6 61.5 14 c26 0
0 1 0 26.7 61.5 14 c26 0
0 1 0 26.6 61.5 12 c26 0
0 1 0 26.6 61.5 12 c26 0
0 1 0 26.7 61.5 12 c26 0
0 1 0 26.7 61.5 12 c26 0
0 1 0 26.6 61.5 10 c26 0
0 1 0 26.6 61.5 10 c26 0
0 1 0 26.7 61.5 10 c26 0
0 1 0 26.7 61.5 8 c26 0
0 1 0 26.6 61.5 11 c26 0
0 1 0 26.7 61.5 11 c26 0
0 1 0 26.7 61.5 11 c26 0
0 1 0 26.6 61.5 9 c26 0
0 1 0 26.7 61.5 9 c26 0
0 1 0 26.7 62.0 9 c26 0
0 1 0 26.6 61.5 9 c26 0
0 1 0 26.7 61.5 9 c26 0
0 1 0 26.6 61.5 9 c26 0
0 1 0 26.6 61.5 9 c26 0
0 1 0 26.7 61.5 9 c26 0
0 1 0 26.6 61.5 9 c26 0
0 1 0 26.6 61.5 9 c26 0
0 1 0 26.6 61.5 9 c26 0
0 1 0 26.7 61.5 7 c26 0
0 1 0 26.6 61.5 7 c26 0
0 1 0 26.6 61.0 7 c26 0
0 1 0 26.6 61.5 7 c26 0
0 1 0 26.7 61.5 7 c26 0
0 1 0 26.6 61.5 7 c26 0
0 1 0 26.6 61.0 11 c26 0
0 1 0 26.6 61.0 9 c26 0
0 1 0 26.6 61.0 9 c26 0
0 1 0 26.6 61.5 9 c26 0
0 1 0 26.6 61.0 9 c26 0
0 1 0 26.6 61.5 7 c26 0
0 1 0 26.6 61.5 7 c26 0
0 1 0 26.5 61.5 7 c26 0
0 1 0 26.6 61.5 7 c26 0
0 1 0 26.6 62.0 5 c26 0
0 1 0 26.6 62.5 5 c26 0
0 1 0 26.6 63.0 5 c26 0
0 1 0 26.6 63.0 5 c26 0
0 1 0 26.6 62.5 9 c26 0
0 1 0 26.6 62.5 9 c26 0
0 1 0 26.6 63.0 7 c26 0
0 1 0 26.6 63.0 7 c26 0
0 1 0 26.6 62.5 7 c26 0
0 1 0 26.5 62.5 7 c26 0
0 1 0 26.6 62.0 5 c26 0
0 1 0 26.6 62.0 5 c26 0
0 1 0 26.6 62.0 5 c26 0
0 1 0 26.6 62.0 5 c26 0
0 1 0 26.5 62.0 3 c26 0
0 1 0 26.5 61.5 3 c26 0
0 1 0 26.6 61.5 6 c26 0
0 1 0 26.6 61.0 6 c26 0
0 1 0 26.6 61.0 6 c26 0
0 1 0 26.6 61.0 6 c26 0
0 1 0 26.6 61.0 6 c26 0
0 1 0 26.6 61.0 6 c26 0
0 1 0 26.6 60.5 4 c26 0
0 1 0 26.5 60.5 4 c26 0
0 1 0 26.5 61.0 4 c26 0
0 1 0 26.6 61.0 4 c26 0
0 1 0 26.6 61.5 4 c26 0
0 1 0 26.6 62.0 2 c26 0
0 1 0 26.6 62.0 2 c26 0
0 1 0 26.5 62.0 2 c26 0
0 1 0 26.6 61.5 2 c26 0
0 1 0 26.5 61.5 6 c26 0
0 1 0 26.5 61.5 4 c26 0
0 1 0 26.6 61.5 4 c26 0
0 1 0 26.5 61.5 4 c26 0
0 1 0 26.5 61.5 4 c26 0
0 1 0 26.5 61.5 4 c26 0
0 1 0 26.6 61.5 2 c26 0
0 1 0 26.5 61.5 2 c26 0
0 1 0 26.5 61.5 2 c26 0
0 1 0 26.5 61.0 2 c26 0
0 1 0 26.5 61.0 2 c26 0
0 1 0 26.6 61.0 2 c26 0
0 1 0 26.5 61.0 2 c26 0
0 1 0 26.5 61.5 2 c26 0
0 1 0 26.5 61.0 2 c26 0
0 1 0 26.5 61.0 2 c26 0
0 1 0 26.5 61.5 2 c26 0
0 1 0 26.5 61.0 1 c26 0
0 1 0 26.5 61.0 1 c26 0
0 1 0 26.5 61.0 1 c26 0
0 1 0 26.5 61.0 1 c26 0
0 1 0 26.5 61.5 1 c26 0
0 1 0 26.5 61.5 4 c26 0
0 1 0 26.5 61.5 4 c26 0
0 1 0 26.5 61.5 4 c26 0
0 1 0 26.5 61.5 4 c26 0
0 1 0 26.4 61.0 4 c26 0
0 1 0 26.5 61.0 4 c26 0
0 1 0 26.4 61.0 2 c26 0
0 1 0 26.5 61.0 2 c26 0
0 1 0 26.4 61.0 2 c26 0
0 1 0 26.5 60.5 2 c26 0
0 1 0 26.4 60.5 2 c26 0
0 1 0 26.5 60.5 2 c26 0
0 1 0 26.5 60.5 2 c26 0
0 1 0 26.4 60.5 2 c26 0
0 1 0 26.5 60.5 2 c26 0
0 1 0 26.4 60.5 2 c26 0
0 1 0 26.5 60.5 2 c26 0
0 1 0 26.4 60.5 2 c26 0
0 1 0 26.5 61.5 2 c26 0
0 1 0 26.5 62.0 2 c26 0
0 1 0 26.5 62.0 2 c26 0
0 1 0 26.6 64.5 0 c26 0
0 1 0 26.6 65.0 0 c26 0
0 1 0 26.6 64.0 0 c26 0
0 1 0 26.6 63.0 0 c26 0
0 1 0 26.6 63.0 0 c26 0
0 1 0 26.6 63.5 0 c26 0
0 1 0 26.6 64.0 0 c26 0
0 1 0 26.6 63.5 0 c26 0
0 1 0 26.6 64.5 0 c26 0
0 1 0 26.6 63.5 0 c26 0
0 1 0 26.7 63.5 0 c26 0
0 1 0 26.7 63.5 0 c26 0
0 1 0 26.6 63.0 0 c26 0
0 1 0 26.6 63.0 0 c26 0
0 1 0 26.6 63.0 0 c26 0
0 1 0 26.6 63.0 0 c26 0
0 1 0 26.6 63.0 0 c26 0
0 1 0 26.6 63.0 0 c26 0
0 1 0 26.6 63.0 0 c26 0
0 1 0 26.6 62.5 0 c26 0
0 1 0 26.6 62.5 0 c26 0
0 1 0 26.6 62.5 0 c26 0
0 1 0 26.7 62.5 0 c26 0
0 1 0 26.6 63.0 0 c26 0
0 1 0 26.7 63.0 0 c26 0
0 1 0 26.6 63.5 0 c26 0
0 1 0 26.6 63.5 0 c26 0
0 1 0 26.6 64.0 0 c26 0
0 1 0 26.6 63.5 0 c26 0
0 1 0 26.6 63.0 0 c26 0
0 1 0 26.6 63.5 0 c26 0
0 1 0 26.6 63.0 0 c26 0
0 1 0 26.6 63.0 0 c26 0
0 1 0 26.6 63.5 0 c26 0
0 1 0 26.6 64.0 0 c26 0
0 1 0 26.6 63.0 0 c26 0
0 1 0 26.6 63.0 0 c26 0
0 1 0 26.7 63.0 0 c26 0
0 1 0 26.7 63.5 0 c26 0
0 1 0 26.6 64.5 0 c26 0
0 1 0 26.6 64.0 0 c26 0
0 1 0 26.6 64.0 0 c26 0
0 1 0 26.6 63.5 0 c26 0
0 1 0 26.6 63.0 0 c26 0
0 1 0 26.5 63.0 0 c26 0
0 1 0 26.6 63.0 0 c26 0
0 1 0 26.6 62.5 0 c26 0
0 1 0 26.5 62.5 0 c26 0
0 1 0 26.5 62.5 0 c26 0
0 1 0 26.6 62.5 0 c26 0
0 1 0 26.5 62.0 0 c26 0
0 1 0 26.6 62.0 0 c26 0
0 1 0 26.6 62.0 0 c26 0
0 1 0 26.5 61.5 0 c26 0
0 1 0 26.6 62.0 0 c26 0
0 1 0 26.6 61.5 0 c26 0
0 1 0 26.5 61.5 0 c26 0
0 1 0 26.5 61.5 0 c26 0
0 1 0 26.6 62.0 0 c26 0
0 1 0 26.6 62.5 0 c26 0
0 1 0 26.6 62.5 0 c26 0
0 1 0 26.6 62.0 0 c26 0
0 1 0 26.6 62.0 0 c26 0
0 1 0 26.6 62.5 0 c26 0
0 1 0 26.6 63.0 0 c26 0
0 1 0 26.6 64.0 0 c26 0
0 1 0 26.6 63.5 0 c26 0
0 1 0 26.7 63.0 0 c26 0
0 1 0 26.6 63.0 0 c26 0
0 1 0 26.6 63.0 0 c26 0
0 1 0 26.6 63.0 0 c26 0
0 1 0 26.6 63.0 0 c26 0
0 1 0 26.5 63.0 0 c26 0
0 1 0 26.7 63.0 0 c26 0
0 1 0 26.6 63.0 0 c26 0
0 1 0 26.6 63.0 0 c26 0
0 1 0 26.6 62.5 0 c26 0
0 1 0 26.6 62.5 0 c26 0
0 1 0 26.6 62.5 0 c26 0
0 1 0 26.6 62.5 0 c26 0
0 1 0 26.6 62.5 0 c26 0
0 1 0 26.7 62.5 0 c26 0
0 1 0 26.6 62.5 0 c26 0
0 1 0 26.6 62.5 0 c26 0
0 1 0 26.6 62.5 0 c26 0
0 1 0 26.6 62.5 0 c26 0
0 1 0 26.6 62.5 0 c26 0
0 1 0 26.6 62.5 0 c26 0
0 1 0 26.7 62.5 0 c26 0
0 1 0 26.6 62.5 0 c26 0
0 1 0 26.7 62.5 0 c26 0
0 1 0 26.6 62.5 0 c26 0
0 1 0 26.7 62.5 0 c26 0
0 1 0 26.6 62.5 0 c26 0
0 1 0 26.7 63.5 0 c26 0
0 1 0 26.6 64.0 1 c26 0
0 1 0 26.7 64.0 0 c26 0
0 1 0 26.7 64.0 0 c26 0
0 1 0 26.7 64.0 0 c26 0
0 1 0 26.7 64.5 0 c26 0
0 1 0 26.7 64.5 0 c26 0
0 1 0 26.7 65.0 0 c26 0
0 1 0 26.8 65.5 0 c26 0
0 1 0 26.7 65.5 0 c26 0
0 1 0 26.7 65.5 0 c26 0
0 1 0 26.8 66.0 0 c26 0
0 1 0 26.7 66.0 0 c26 0
0 1 0 26.7 65.5 4 c26 0
0 1 0 26.7 65.5 0 c26 0
0 1 0 26.7 65.0 0 c26 0
0 1 0 26.7 65.0 0 c26 0
0 1 0 26.7 65.0 0 c26 0
0 1 0 26.7 65.0 0 c26 0
0 1 0 26.7 64.5 0 c26 0
0 1 0 26.6 64.5 0 c26 0
0 1 0 26.7 64.5 0 c26 0
0 1 0 26.7 64.0 0 c26 0
0 1 0 26.7 64.0 0 c26 0
0 1 0 26.6 64.0 0 c26 0
0 1 0 26.6 63.5 0 c26 0
0 1 0 26.5 63.5 0 c26 0
0 1 0 26.6 63.5 0 c26 0
0 1 0 26.6 63.0 0 c26 0
0 1 0 26.5 63.0 0 c26 0
0 1 0 26.5 63.0 0 c26 0
0 1 0 26.6 62.5 0 c26 0
0 1 0 26.5 62.5 0 c26 0
0 1 0 26.5 62.5 0 c26 0
0 1 0 26.6 62.0 0 c26 0
0 1 0 26.5 62.0 0 c26 0
0 1 0 26.5 62.0 0 c26 0
0 1 0 26.5 62.0 0 c26 0
0 1 0 26.5 62.0 0 c26 0
0 1 0 26.5 62.0 0 c26 0
0 1 0 26.4 62.0 0 c26 0
0 1 0 26.4 61.5 0 c26 0
0 1 0 26.4 61.5 0 c26 0
0 1 0 26.4 61.5 0 c26 0
0 1 0 26.4 61.5 0 c26 0
0 1 0 26.4 61.5 0 c26 0
0 1 0 26.3 61.5 0 c26 0
0 1 0 26.3 61.5 0 c26 0
0 1 0 26.4 61.0 0 c26 0
0 1 0 26.3 61.5 0 c26 0
0 1 0 26.3 61.0 0 c26 0
0 1 0 26.3 61.0 0 c26 0
0 1 0 26.3 61.0 0 c26 0
0 1 0 26.3 61.0 0 c26 0
0 1 0 26.3 61.0 0 c26 0
0 1 0 26.3 61.0 0 c26 0
0 1 0 26.2 61.0 0 c26 0
0 1 0 26.3 61.0 0 c26 0
0 1 0 26.2 61.0 0 c26 0
0 1 0 26.3 61.0 0 c26 0
0 1 0 26.2 61.0 0 c26 0
0 1 0 26.2 60.5 0 c26 0
0 1 0 26.2 60.5 0 c26 0
0 1 0 26.2 61.0 0 c26 0
0 1 0 26.2 60.5 0 c26 0
0 1 0 26.2 60.5 0 c26 0
0 1 0 26.2 60.5 0 c26 0
0 1 0 26.2 60.5 0 c26 0
0 1 0 26.2 60.5 0 c26 0
0 1 0 26.2 60.5 0 c26 0
0 1 0 26.2 60.5 0 c26 0
0 1 0 26.2 60.5 0 c26 0
0 1 0 26.2 60.5 0 c26 0
0 1 0 26.2 60.5 0 c26 0
0 1 0 26.2 60.5 0 c26 0
0 1 0 26.2 60.5 0 c26 0
0 1 0 26.1 60.5 0 c26 0
0 1 0 26.1 60.5 0 c26 0
0 1 0 26.1 60.5 0 c26 0
0 1 0 26.1 60.5 0 c26 0
0 1 0 26.1 60.5 0 c26 0
0 1 0 26.2 60.5 0 c26 0
0 1 0 26.1 60.5 0 c26 0
0 1 0 26.1 60.5 0 c26 0
0 1 0 26.2 60.5 0 c26 0
0 1 0 26.2 60.5 0 c26 0
0 1 0 26.2 60.5 0 c26 0
0 1 0 26.1 60.5 0 c26 0
0 1 0 26.1 60.5 0 c26 0
0 1 0 26.1 60.5 0 c26 0
0 1 0 26.2 60.5 0 c26 0
0 1 0 26.2 60.5 0 c26 0
0 1 0 26.2 61.0 0 c26 0
0 1 0 26.2 61.0 0 c26 0
0 1 0 26.2 62.0 0 c26 0
0 1 0 26.2 62.0 0 c26 0
0 1 0 26.3 62.5 0 c26 0
0 1 0 26.3 62.5 0 c26 0
0 1 0 26.3 62.5 0 c26 0
0 1 0 26.3 62.5 0 c26 0
0 1 0 26.3 62.5 0 c26 0
0 1 0 26.3 62.5 0 c26 0
0 1 0 26.4 62.5 0 c26 0
0 1 0 26.3 62.5 0 c26 0
0 1 0 26.4 62.5 0 c26 0
0 1 0 26.4 62.5 0 c26 0
0 1 0 26.4 62.5 0 c26 0
0 1 0 26.4 62.5 0 c26 0
0 1 0 26.4 62.5 0 c26 0
0 1 0 26.4 62.5 0 c26 0
0 1 0 26.4 62.5 0 c26 0
0 1 0 26.4 62.5 0 c26 0
0 1 0 26.4 62.5 0 c26 0
0 1 0 26.4 63.0 0 c26 0
0 1 0 26.5 63.5 0 c26 0
0 1 0 26.5 64.0 0 c26 0
0 1 0 26.5 64.0 0 c26 0
0 1 0 26.5 64.0 0 c26 0
0 1 0 26.5 64.0 0 c26 0
0 1 0 26.6 64.5 0 c26 0
0 1 0 26.5 64.0 0 c26 0
0 1 0 26.6 64.5 0 c26 0
0 1 0 26.6 64.5 0 c26 0
0 1 0 26.6 64.5 0 c26 0
0 1 0 26.6 64.5 0 c26 0
0 1 0 26.6 64.5 0 c26 0
0 1 0 26.6 64.5 0 c26 0
0 1 0 26.6 64.5 0 c26 0
0 1 0 26.6 64.5 0 c26 0
0 1 0 26.6 64.5 0 c26 0
0 1 0 26.7 64.5 0 c26 0
0 1 0 26.6 64.5 0 c26 0
0 1 0 26.7 65.0 0 c26 0
0 1 0 26.7 65.0 1 c26 0
0 1 0 26.7 65.0 2 c26 0
0 1 0 26.8 65.5 2 c26 0
0 1 0 26.8 66.0 2 c26 0
0 1 0 26.8 66.0 2 c26 0
0 1 0 26.8 66.0 2 c26 0
0 1 0 26.8 66.5 2 c26 0
0 1 0 26.8 67.0 2 c26 0
0 1 0 26.9 67.0 2 c26 0
0 1 0 26.9 67.5 2 c26 0
0 1 0 26.9 67.0 2 c26 0
0 1 0 26.9 67.0 2 c26 0
0 1 0 26.9 67.5 2 c26 0
0 1 0 26.9 67.5 2 c26 0
0 1 0 26.9 67.0 2 c26 0
0 1 0 26.9 67.5 2 c26 0
0 1 0 26.8 67.0 2 c26 0
0 1 0 27.0 67.0 2 c26 0
0 1 0 27.0 67.0 2 c26 0
0 1 0 26.9 67.0 2 c26 0
0 1 0 26.9 67.0 2 c26 0
0 1 0 27.0 67.0 2 c26 0
0 1 0 27.0 67.0 2 c26 0
0 1 0 27.0 67.0 2 c26 0
0 1 0 27.0 66.5 2 c26 0
0 1 0 27.0 66.5 2 c26 0
0 1 0 27.0 66.5 2 c26 0
0 1 0 27.0 66.5 2 c26 0
0 1 0 27.0 66.5 2 c26 0
0 1 0 27.0 66.5 2 c26 0
0 1 0 27.0 66.5 2 c26 0
0 1 0 27.0 66.5 2 c26 0
0 1 0 27.1 66.5 2 c26 0
0 1 0 27.0 66.5 2 c26 0
0 1 0 27.0 66.5 2 c26 0
0 1 0 27.0 66.5 2 c26 0
0 1 0 27.1 66.5 2 c26 0
0 1 0 27.1 66.5 2 c26 0
0 1 0 27.1 66.5 2 c26 0
0 1 0 27.1 66.5 2 c26 0
0 1 0 27.0 66.5 2 c26 0
0 1 0 27.1 66.5 2 c26 0
0 1 0 27.1 66.5 2 c26 0
0 1 0 27.1 66.5 2 c26 0
0 1 0 27.1 66.5 2 c26 0
0 1 0 27.1 66.5 2 c26 0
0 1 0 27.0 67.0 2 c26 0
0 1 0 27.1 66.5 2 c26 0
0 1 0 27.2 67.0 2 c26 0
0 1 0 27.1 66.5 2 c26 0
0 1 0 27.1 66.5 2 c26 0
0 1 0 27.2 67.0 2 c26 0
0 1 0 27.1 66.5 2 c26 0
0 1 0 27.2 66.5 2 c26 0
0 1 0 27.2 66.5 2 c26 0
0 1 0 27.2 66.5 2 c26 0
0 1 0 27.1 66.5 2 c26 0
0 1 0 27.2 66.5 2 c26 0
0 1 0 27.2 66.5 2 c26 0
0 1 0 27.2 66.5 2 c26 0
0 1 0 27.2 66.5 2 c26 0
0 1 0 27.2 66.5 2 c26 0
0 1 0 27.2 66.5 2 c26 0
0 1 0 27.3 66.5 2 c26 0
0 1 0 27.2 66.5 2 c26 0
0 1 0 27.2 66.0 2 c26 0
0 1 0 27.2 66.0 2 c26 0
0 1 0 27.2 66.0 2 c26 0
0 1 0 27.2 66.0 2 c26 0
0 1 0 27.2 66.0 2 c26 0
0 1 0 27.2 66.0 2 c26 0
0 1 0 27.2 66.0 2 c26 0
0 1 0 27.2 66.0 2 c26 0
0 1 0 27.2 66.0 2 c26 0
0 1 0 27.3 66.0 2 c26 0
0 1 0 27.3 66.0 2 c26 0
0 1 0 27.2 66.0 2 c26 0
0 1 0 27.2 66.5 2 c26 0
0 1 0 27.1 66.5 2 c26 0
0 1 0 27.3 66.5 2 c26 0
0 1 0 27.2 66.5 2 c26 0
0 1 0 27.3 66.5 2 c26 0
0 1 0 27.3 67.0 2 c26 0
0 1 0 27.2 67.0 2 c26 0
0 1 0 27.3 67.5 2 c26 0
0 1 0 27.3 67.5 2 c26 0
0 1 0 27.3 67.5 2 c26 0
0 1 0 27.3 67.5 2 c26 0
0 1 0 27.3 67.5 2 c26 0
0 1 0 27.3 67.5 2 c26 0
0 1 0 27.4 67.5 2 c26 0
