0 1 0 27.3 67.5 2 -1 0
0 1 0 27.4 67.5 2 -1 0
0 1 0 27.3 67.5 2 -1 0
0 1 0 27.4 67.0 2 -1 0
0 1 0 27.3 67.0 2 -1 0
0 1 0 27.3 67.0 2 -1 0
0 1 0 27.3 67.0 2 -1 0
0 1 0 27.4 67.0 2 -1 0
0 1 0 27.4 67.0 2 -1 0
0 1 0 27.4 67.0 2 -1 0
0 1 0 27.3 67.0 2 -1 0
0 1 0 27.4 67.0 2 -1 0
0 1 0 27.3 67.0 2 -1 0
0 1 0 27.4 67.5 2 -1 0
0 1 0 27.4 67.5 2 -1 0
0 1 0 27.4 68.0 2 -1 0
0 1 0 27.4 68.0 2 -1 0
0 1 0 27.4 68.0 2 -1 0
0 1 0 27.4 68.0 2 -1 0
0 1 0 27.4 68.0 2 -1 0
0 1 0 27.4 68.0 2 -1 0
0 1 0 27.4 68.0 2 -1 0
0 1 0 27.4 68.0 2 -1 0
0 1 0 27.5 68.0 2 -1 0
0 1 0 27.5 68.0 2 -1 0
0 1 0 27.4 68.0 2 -1 0
0 1 0 27.4 67.5 2 -1 0
0 1 0 27.4 67.5 2 -1 0
0 1 0 27.4 67.5 2 -1 0
0 1 0 27.4 67.5 2 -1 0
0 1 0 27.4 67.5 2 -1 0
0 1 0 27.5 67.5 2 -1 0
0 1 0 27.4 67.0 2 -1 0
0 1 0 27.4 67.0 2 -1 0
0 1 0 27.4 67.0 2 -1 0
0 1 0 27.5 67.0 2 -1 0
0 1 0 27.5 67.0 2 -1 0
0 1 0 27.4 67.0 2 -1 0
0 1 0 27.5 67.0 2 -1 0
0 1 0 27.5 67.0 2 -1 0
0 1 0 27.5 67.0 2 -1 0
0 1 0 27.5 67.0 2 -1 0
0 1 0 27.5 66.5 2 -1 0
0 1 0 27.5 66.5 2 -1 0
0 1 0 27.5 66.5 2 -1 0
0 1 0 27.4 66.5 2 -1 0
0 1 0 27.5 66.5 2 -1 0
0 1 0 27.4 66.5 2 -1 0
0 1 0 27.5 66.5 2 -1 0
0 1 0 27.5 66.5 2 -1 0
0 1 0 27.5 66.5 2 -1 0
0 1 0 27.5 67.5 2 -1 0
0 1 0 27.5 68.0 2 -1 0
0 1 0 27.5 68.5 2 -1 0
0 1 0 27.5 68.5 2 -1 0
0 1 0 27.5 68.5 2 -1 0
0 1 0 27.4 68.5 2 -1 0
0 1 0 27.5 69.5 2 -1 0
0 1 0 27.5 70.0 2 -1 0
0 1 0 27.5 70.0 2 -1 0
0 1 0 27.5 69.5 2 -1 0
0 1 0 27.5 69.5 2 -1 0
0 1 0 27.6 69.5 2 -1 0
0 1 0 27.6 69.5 2 -1 0
0 1 0 27.5 69.0 2 -1 0
0 1 0 27.5 69.0 2 -1 0
0 1 0 27.6 69.0 2 -1 0
0 1 0 27.6 69.0 2 -1 0
0 1 0 27.5 69.0 2 -1 0
0 1 0 27.6 69.0 2 -1 0
0 1 0 27.6 69.0 2 -1 0
0 1 0 27.6 68.5 2 -1 0
0 1 0 27.6 68.5 2 -1 0
0 1 0 27.6 68.5 2 -1 0
0 1 0 27.6 68.5 2 -1 0
0 1 0 27.6 68.5 2 -1 0
0 1 0 27.6 68.5 2 -1 0
0 1 0 27.6 68.5 2 -1 0
0 1 0 27.6 68.0 2 -1 0
0 1 0 27.6 68.0 2 -1 0
0 1 0 27.6 68.0 2 -1 0
0 1 0 27.6 68.0 2 -1 0
0 1 0 27.6 68.0 2 -1 0
0 1 0 27.6 68.0 2 -1 0
0 1 0 27.6 67.5 2 -1 0
0 1 0 27.6 68.0 2 -1 0
0 1 0 27.6 67.5 2 -1 0
0 1 0 27.5 67.5 2 -1 0
0 1 0 27.6 67.5 2 -1 0
0 1 0 27.6 67.5 2 -1 0
0 1 0 27.6 68.0 2 -1 0
0 1 0 27.6 68.0 2 -1 0
0 1 0 27.6 68.0 2 -1 0
0 1 0 27.6 68.5 2 -1 0
0 1 0 27.6 68.5 2 -1 0
0 1 0 27.6 69.0 2 -1 0
0 1 0 27.6 69.5 2 -1 0
0 1 0 27.5 69.5 2 -1 0
0 1 0 27.7 69.5 2 -1 0
0 1 0 27.6 69.5 2 -1 0
0 1 0 27.6 69.5 2 -1 0
0 1 0 27.6 69.5 2 -1 0
0 1 0 27.6 70.0 2 -1 0
0 1 0 27.7 70.0 2 -1 0
0 1 0 27.6 70.5 2 -1 0
0 1 0 27.6 70.5 2 -1 0
0 1 0 27.7 71.0 2 -1 0
0 1 0 27.7 71.0 2 -1 0
0 1 0 27.7 71.0 2 -1 0
0 1 0 27.7 71.0 2 -1 0
0 1 0 27.7 70.5 2 -1 0
0 1 0 27.7 71.0 2 -1 0
0 1 0 27.6 71.0 2 -1 0
0 1 0 27.7 71.0 2 -1 0
0 1 0 27.7 71.0 2 -1 0
0 1 0 27.7 70.5 2 -1 0
0 1 0 27.7 70.5 2 -1 0
0 1 0 27.7 70.5 2 -1 0
0 1 0 27.7 70.5 2 -1 0
0 1 0 27.7 70.0 2 -1 0
0 1 0 27.7 70.0 2 -1 0
0 1 0 27.7 70.0 2 -1 0
0 1 0 27.8 69.5 2 -1 0
0 1 0 27.7 69.5 2 -1 0
0 1 0 27.7 69.0 2 -1 0
0 1 0 27.7 69.0 2 -1 0
0 1 0 27.8 69.0 2 -1 0
0 1 0 27.7 69.0 2 -1 0
0 1 0 27.7 69.0 2 -1 0
0 1 0 27.7 68.5 2 -1 0
0 1 0 27.7 68.5 2 -1 0
0 1 0 27.7 68.5 2 -1 0
0 1 0 27.7 68.5 2 -1 0
0 1 0 27.6 68.5 2 -1 0
0 1 0 27.7 68.0 2 -1 0
0 1 0 27.7 68.0 2 -1 0
0 1 0 27.7 68.5 2 -1 0
0 1 0 27.7 68.0 2 -1 0
0 1 0 27.7 68.0 2 -1 0
0 1 0 27.7 68.0 2 -1 0
0 1 0 27.7 68.0 2 -1 0
0 1 0 27.7 68.0 2 -1 0
0 1 0 27.7 68.0 2 -1 0
0 1 0 27.6 68.0 2 -1 0
0 1 0 27.7 68.0 2 -1 0
0 1 0 27.7 67.5 2 -1 0
0 1 0 27.7 67.5 2 -1 0
0 1 0 27.7 67.5 2 -1 0
0 1 0 27.7 67.5 2 -1 0
0 1 0 27.7 67.5 2 -1 0
0 1 0 27.7 67.5 2 -1 0
0 1 0 27.8 67.5 2 -1 0
0 1 0 27.7 67.5 2 -1 0
0 1 0 27.7 67.5 2 -1 0
0 1 0 27.7 67.5 2 -1 0
0 1 0 27.7 67.5 2 -1 0
0 1 0 27.7 67.5 2 -1 0
0 1 0 27.7 67.5 2 -1 0
0 1 0 27.7 67.5 2 -1 0
0 1 0 27.7 67.0 2 -1 0
0 1 0 27.7 67.0 2 -1 0
0 1 0 27.7 67.0 2 -1 0
0 1 0 27.7 67.0 2 -1 0
0 1 0 27.7 67.0 2 -1 0
0 1 0 27.7 67.0 2 -1 0
0 1 0 27.7 67.0 2 -1 0
0 1 0 27.8 67.0 2 -1 0
0 1 0 27.7 67.0 2 -1 0
0 1 0 27.7 67.0 2 -1 0
0 1 0 27.7 67.0 2 -1 0
0 1 0 27.7 67.0 2 -1 0
0 1 0 27.7 67.0 2 -1 0
0 1 0 27.7 67.0 2 -1 0
0 1 0 27.7 67.0 2 -1 0
0 1 0 27.6 67.5 2 -1 0
0 1 0 27.7 67.5 2 -1 0
0 1 0 27.7 67.5 2 -1 0
0 1 0 27.7 67.5 2 -1 0
0 1 0 27.7 67.5 2 -1 0
0 1 0 27.7 67.5 2 -1 0
0 1 0 27.8 67.5 2 -1 0
0 1 0 27.7 67.5 2 -1 0
0 1 0 27.8 67.5 2 -1 0
0 1 0 27.6 67.5 2 -1 0
0 1 0 27.8 67.5 2 -1 0
0 1 0 27.7 67.5 2 -1 0
0 1 0 27.7 67.5 2 -1 0
0 1 0 27.7 67.5 2 -1 0
0 1 0 27.7 67.5 2 -1 0
0 1 0 27.7 67.5 2 -1 0
0 1 0 27.7 67.0 2 -1 0
0 1 0 27.7 67.0 2 -1 0
0 1 0 27.7 67.0 2 -1 0
0 1 0 27.8 67.0 2 -1 0
0 1 0 27.7 67.0 2 -1 0
0 1 0 27.8 67.0 2 -1 0
0 1 0 27.7 67.0 2 -1 0
0 1 0 27.8 67.0 2 -1 0
0 1 0 27.7 67.0 2 -1 0
0 1 0 27.7 67.0 2 -1 0
0 1 0 27.8 67.0 2 -1 0
0 1 0 27.7 67.0 2 -1 0
0 1 0 27.7 67.0 2 -1 0
0 1 0 27.8 67.0 2 -1 0
0 1 0 27.8 67.5 2 -1 0
0 1 0 27.7 68.0 2 -1 0
0 1 0 27.8 68.5 2 -1 0
0 1 0 27.7 68.5 2 -1 0
0 1 0 27.7 69.0 2 -1 0
0 1 0 27.7 69.5 2 -1 0
0 1 0 27.8 69.5 2 -1 0
0 1 0 27.8 69.5 2 -1 0
0 1 0 27.8 69.5 2 -1 0
0 1 0 27.8 69.5 2 -1 0
0 1 0 27.7 69.5 2 -1 0
0 1 0 27.8 69.5 2 -1 0
0 1 0 27.8 69.5 2 -1 0
0 1 0 27.8 69.5 2 -1 0
0 1 0 27.8 69.5 2 -1 0
0 1 0 27.8 69.5 2 -1 0
0 1 0 27.7 69.5 2 -1 0
0 1 0 27.8 69.5 2 -1 0
0 1 0 27.8 69.5 2 -1 0
0 1 0 27.7 69.5 2 -1 0
0 1 0 27.7 70.0 2 -1 0
0 1 0 27.9 69.5 2 -1 0
0 1 0 27.9 69.5 2 -1 0
0 1 0 27.8 70.0 2 -1 0
0 1 0 27.8 69.5 2 -1 0
0 1 0 27.8 69.5 2 -1 0
0 1 0 27.8 69.5 2 -1 0
0 1 0 27.8 69.5 2 -1 0
0 1 0 27.8 69.5 2 -1 0
0 1 0 27.9 69.5 2 -1 0
0 1 0 27.8 69.5 2 -1 0
0 1 0 27.9 69.5 2 -1 0
0 1 0 27.8 69.0 2 -1 0
0 1 0 27.8 69.0 2 -1 0
0 1 0 27.9 69.0 2 -1 0
0 1 0 27.8 69.0 2 -1 0
0 1 0 27.9 69.0 2 -1 0
0 1 0 27.9 69.0 2 -1 0
0 1 0 27.8 69.0 2 -1 0
0 1 0 27.9 69.0 2 -1 0
0 1 0 27.9 69.0 2 -1 0
0 1 0 27.9 69.0 2 -1 0
0 1 0 27.9 69.0 2 -1 0
0 1 0 27.9 68.5 2 -1 0
0 1 0 27.9 68.5 2 -1 0
0 1 0 27.9 68.5 2 -1 0
0 1 0 27.9 68.5 2 -1 0
0 1 0 27.8 68.5 2 -1 0
0 1 0 27.9 68.5 2 -1 0
0 1 0 27.8 68.5 2 -1 0
0 1 0 27.9 68.5 2 -1 0
0 1 0 27.9 68.5 2 -1 0
0 1 0 27.8 68.0 2 -1 0
0 1 0 27.9 68.5 2 -1 0
0 1 0 27.9 68.0 2 -1 0
0 1 0 27.8 68.0 2 -1 0
0 1 0 27.8 68.0 2 -1 0
0 1 0 27.8 68.0 2 -1 0
0 1 0 27.8 68.0 2 -1 0
0 1 0 27.9 68.0 2 -1 0
0 1 0 27.9 68.0 2 -1 0
0 1 0 27.8 68.0 2 -1 0
0 1 0 27.9 68.0 2 -1 0
0 1 0 27.8 68.0 2 -1 0
0 1 0 27.8 68.0 2 -1 0
0 1 0 27.9 68.0 2 -1 0
0 1 0 27.8 68.0 2 -1 0
0 1 0 27.8 68.0 2 -1 0
0 1 0 27.8 68.0 2 -1 0
0 1 0 27.9 68.0 2 -1 0
0 1 0 27.9 68.0 2 -1 0
0 1 0 27.8 68.0 2 -1 0
0 1 0 27.8 68.0 2 -1 0
0 1 0 27.8 68.0 2 -1 0
0 1 0 27.8 68.0 2 -1 0
0 1 0 27.8 68.0 2 -1 0
0 1 0 27.9 68.0 2 -1 0
0 1 0 27.8 67.5 2 -1 0
0 1 0 27.9 67.5 2 -1 0
0 1 0 27.8 67.5 2 -1 0
0 1 0 27.9 67.5 2 -1 0
0 1 0 27.9 67.5 2 -1 0
0 1 0 27.9 68.0 2 -1 0
0 1 0 27.9 68.0 2 -1 0
0 1 0 27.9 68.0 2 -1 0
0 1 0 27.8 67.5 2 -1 0
0 1 0 27.8 67.5 2 -1 0
0 1 0 27.8 67.5 2 -1 0
0 1 0 27.9 67.5 2 -1 0
0 1 0 27.9 67.5 2 -1 0
0 1 0 27.8 68.0 2 -1 0
0 1 0 27.9 68.0 2 -1 0
0 1 0 27.8 68.0 2 -1 0
0 1 0 27.8 68.0 2 -1 0
0 1 0 28.0 68.5 2 -1 0
0 1 0 27.9 68.5 2 -1 0
0 1 0 27.9 68.5 2 -1 0
0 1 0 27.9 68.5 2 -1 0
0 1 0 27.9 68.5 2 -1 0
0 1 0 27.9 68.5 2 -1 0
0 1 0 27.9 68.5 2 -1 0
0 1 0 27.8 68.5 2 -1 0
0 1 0 27.9 68.5 2 -1 0
0 1 0 27.9 68.5 2 -1 0
0 1 0 27.9 68.5 2 -1 0
0 1 0 27.9 68.5 2 -1 0
0 1 0 27.9 68.5 2 -1 0
0 1 0 27.9 68.5 2 -1 0
0 1 0 27.8 68.5 2 -1 0
0 1 0 27.9 68.5 2 -1 0
0 1 0 27.8 69.0 2 -1 0
0 1 0 27.9 69.5 2 -1 0
0 1 0 27.9 69.5 1 -1 0
0 1 0 27.9 69.5 1 -1 0
0 1 0 27.9 69.5 1 -1 0
0 1 0 27.9 69.5 1 -1 0
0 1 0 27.9 69.5 1 -1 0
0 1 0 27.9 70.0 1 -1 0
0 1 0 27.9 70.0 1 -1 0
0 1 0 27.9 70.0 1 -1 0
0 1 0 27.9 70.0 1 -1 0
0 1 0 27.9 70.0 1 -1 0
0 1 0 27.9 69.5 1 -1 0
0 1 0 27.9 69.5 1 -1 0
0 1 0 27.9 69.5 1 -1 0
0 1 0 27.9 69.5 1 -1 0
0 1 0 27.9 69.5 1 -1 0
0 1 0 27.9 69.5 1 -1 0
0 1 0 27.9 69.5 1 -1 0
0 1 0 27.9 69.5 1 -1 0
0 1 0 28.0 69.5 1 -1 0
0 1 0 27.9 69.0 1 -1 0
0 1 0 27.9 69.0 1 -1 0
0 1 0 28.0 69.0 1 -1 0
0 1 0 27.9 69.0 1 -1 0
0 1 0 27.9 69.0 1 -1 0
0 1 0 27.9 68.5 1 -1 0
0 1 0 27.9 68.5 1 -1 0
0 1 0 27.9 68.5 1 -1 0
0 1 0 27.9 68.0 1 -1 0
0 1 0 28.0 68.5 1 -1 0
0 1 0 27.9 68.0 1 -1 0
0 1 0 27.9 68.0 1 -1 0
0 1 0 27.9 68.0 1 -1 0
0 1 0 28.0 68.0 1 -1 0
0 1 0 27.9 68.0 1 -1 0
0 1 0 27.9 68.0 1 -1 0
0 1 0 27.9 68.0 1 -1 0
0 1 0 27.9 68.0 1 -1 0
0 1 0 27.9 68.0 1 -1 0
0 1 0 27.9 68.0 1 -1 0
0 1 0 27.9 67.5 1 -1 0
0 1 0 27.9 67.5 1 -1 0
0 1 0 27.9 67.5 1 -1 0
0 1 0 27.9 67.5 0 -1 0
0 1 0 27.9 67.5 0 -1 0
0 1 0 27.9 67.5 0 -1 0
0 1 0 27.9 67.5 0 -1 0
0 1 0 27.9 67.5 0 -1 0
0 1 0 27.9 67.5 0 -1 0
0 1 0 27.9 67.5 0 -1 0
0 1 0 27.9 67.5 0 -1 0
0 1 0 27.9 67.5 0 -1 0
0 1 0 27.9 67.5 0 -1 0
0 1 0 27.8 67.5 0 -1 0
0 1 0 27.8 67.5 0 -1 0
0 1 0 27.9 67.5 0 -1 0
0 1 0 27.9 67.5 0 -1 0
0 1 0 27.9 67.5 0 -1 0
0 1 0 27.9 67.5 0 -1 0
0 1 0 27.9 67.0 0 -1 0
0 1 0 27.9 67.5 0 -1 0
0 1 0 27.9 67.0 0 -1 0
0 1 0 27.9 67.0 0 -1 0
0 1 0 27.8 67.0 0 -1 0
0 1 0 27.9 67.0 0 -1 0
0 1 0 27.9 67.0 0 -1 0
0 1 0 27.9 67.0 0 -1 0
0 1 0 27.9 67.0 2 -1 0
0 1 0 27.9 67.0 2 -1 0
0 1 0 27.9 67.0 2 -1 0
0 1 0 27.8 67.0 2 -1 0
0 1 0 27.8 67.0 2 -1 0
0 1 0 27.8 67.0 2 -1 0
0 1 0 27.9 67.0 2 -1 0
0 1 0 27.9 67.0 2 -1 0
0 1 0 27.9 67.0 3 -1 0
0 1 0 27.9 67.0 1 -1 0
0 1 0 27.9 67.0 1 -1 0
0 1 0 27.9 67.0 1 -1 0
0 1 0 27.9 67.0 1 -1 0
0 1 0 27.9 67.0 2 -1 0
0 1 0 27.9 67.0 2 -1 0
0 1 0 27.9 67.0 2 -1 0
0 1 0 27.9 67.0 2 -1 0
0 1 0 27.9 67.0 2 -1 0
0 1 0 27.9 67.0 4 -1 0
0 1 0 27.9 66.5 4 -1 0
0 1 0 27.9 66.5 4 -1 0
0 1 0 27.9 66.5 1 -1 0
0 1 0 27.9 66.5 1 -1 0
0 1 0 27.9 66.5 1 -1 0
0 1 0 27.9 66.5 2 -1 0
0 1 0 27.8 66.5 2 -1 0
0 1 0 27.9 66.5 2 -1 0
0 1 0 27.9 66.5 2 -1 0
0 1 0 27.8 66.5 2 -1 0
0 1 0 27.9 66.5 2 -1 0
0 1 0 27.9 66.5 1 -1 0
0 1 0 27.9 66.5 2 -1 0
0 1 0 27.9 66.5 2 -1 0
0 1 0 27.9 67.0 2 -1 0
0 1 0 27.9 66.5 2 -1 0
0 1 0 27.9 67.0 2 -1 0
0 1 0 27.9 67.0 2 -1 0
0 1 0 27.9 67.0 2 -1 0
0 1 0 27.9 67.0 1 -1 0
0 1 0 27.9 66.5 2 -1 0
0 1 0 27.9 67.0 2 -1 0
0 1 0 27.9 66.5 2 -1 0
0 1 0 27.9 66.5 2 -1 0
0 1 0 27.9 66.5 2 -1 0
0 1 0 28.0 66.5 2 -1 0
0 1 0 27.9 66.5 2 -1 0
0 1 0 27.9 66.5 2 -1 0
0 1 0 27.9 66.5 2 -1 0
0 1 0 27.9 66.5 2 -1 0
0 1 0 27.9 66.5 2 -1 0
0 1 0 27.9 66.5 2 -1 0
0 1 0 27.9 66.5 2 -1 0
0 1 0 27.9 66.5 2 -1 0
0 1 0 27.9 66.5 2 -1 0
0 1 0 27.9 66.5 2 -1 0
0 1 0 27.8 66.5 2 -1 0
0 1 0 27.9 66.5 2 -1 0
0 1 0 27.9 66.5 2 -1 0
0 1 0 27.9 66.5 1 -1 0
0 1 0 28.0 66.5 1 -1 0
0 1 0 27.9 66.5 1 -1 0
0 1 0 27.9 67.0 4 -1 0
0 1 0 27.9 67.5 1 -1 0
0 1 0 27.9 68.0 1 -1 0
0 1 0 27.9 68.5 1 -1 0
0 1 0 28.0 68.5 1 -1 0
0 1 0 27.9 69.0 1 -1 0
0 1 0 27.9 69.0 1 -1 0
0 1 0 28.0 69.0 1 -1 0
0 1 0 27.9 69.0 2 -1 0
0 1 0 28.0 69.0 2 -1 0
0 1 0 27.9 69.0 2 -1 0
0 1 0 28.0 69.0 2 -1 0
0 1 0 28.0 69.5 2 -1 0
0 1 0 28.0 69.5 2 -1 0
0 1 0 28.0 69.5 2 -1 0
0 1 0 28.0 69.5 2 -1 0
0 1 0 28.0 69.5 2 -1 0
0 1 0 28.0 69.5 2 -1 0
0 1 0 28.0 69.5 2 -1 0
0 1 0 28.0 69.5 4 -1 0
0 1 0 28.0 69.5 4 -1 0
0 1 0 28.0 69.5 4 -1 0
0 1 0 28.0 69.5 4 -1 0
0 1 0 28.0 69.5 3 -1 0
0 1 0 28.1 69.0 3 -1 0
0 1 0 28.0 69.0 3 -1 0
0 1 0 28.0 69.0 5 -1 0
0 1 0 28.0 69.0 5 -1 0
0 1 0 28.0 69.0 5 -1 0
0 1 0 28.0 69.0 7 -1 0
0 1 0 28.0 69.0 7 -1 0
0 1 0 28.0 69.0 7 -1 0
0 1 0 28.0 69.0 7 -1 0
0 1 0 28.0 69.0 7 -1 0
0 1 0 28.1 69.0 7 -1 0
0 1 0 28.0 69.0 7 -1 0
0 1 0 28.1 69.0 7 -1 0
0 1 0 28.0 69.0 7 -1 0
0 1 0 28.1 69.0 7 -1 0
0 1 0 28.1 69.0 7 -1 0
0 1 0 28.1 69.0 7 -1 0
0 1 0 28.0 69.0 3 -1 0
0 1 0 28.0 69.0 3 -1 0
0 1 0 28.1 69.0 7 -1 0
0 1 0 28.1 69.0 7 -1 0
0 1 0 28.0 69.0 7 -1 0
0 1 0 28.0 69.0 5 -1 0
0 1 0 28.1 68.5 5 -1 0
0 1 0 28.1 68.5 5 -1 0
0 1 0 28.1 68.5 5 -1 0
0 1 0 28.0 68.5 7 -1 0
0 1 0 28.1 68.5 7 -1 0
0 1 0 28.0 68.5 7 -1 0
0 1 0 28.1 68.5 9 -1 0
0 1 0 28.0 68.5 9 -1 0
0 1 0 28.1 68.5 9 -1 0
0 1 0 28.0 68.0 9 -1 0
0 1 0 28.0 68.0 7 -1 0
0 1 0 28.0 68.0 7 -1 0
0 1 0 28.0 68.0 7 -1 0
0 1 0 28.1 68.0 7 -1 0
0 1 0 28.0 68.0 9 -1 0
0 1 0 28.1 69.0 9 -1 0
0 1 0 28.0 69.0 9 -1 0
0 1 0 28.0 69.0 11 -1 0
0 1 0 28.0 69.0 11 -1 0
0 1 0 28.0 69.0 8 -1 0
0 1 0 28.0 69.5 10 -1 0
0 1 0 28.0 69.0 10 -1 0
0 1 0 28.0 69.0 10 -1 0
0 1 0 28.0 69.0 12 -1 0
0 1 0 28.0 69.0 12 -1 0
0 1 0 28.0 69.0 10 -1 0
0 1 0 28.0 68.5 12 -1 0
0 1 0 28.0 68.5 14 -1 0
0 1 0 27.9 68.0 12 -1 0
0 1 0 28.0 68.0 12 -1 0
0 1 0 28.0 68.0 14 -1 0
0 1 0 27.9 67.5 16 -1 0
0 1 0 27.9 67.5 12 -1 0
0 1 0 27.9 67.5 15 -1 0
0 1 0 27.9 67.5 17 -1 0
0 1 0 27.9 67.0 19 -1 0
0 1 0 27.9 67.0 17 -1 0
0 1 0 28.0 67.0 19 -1 0
0 1 0 27.9 66.5 17 -1 0
0 1 0 27.9 66.5 17 -1 0
0 1 0 27.8 66.5 17 -1 0
0 1 0 27.9 66.5 17 -1 0
0 1 0 27.9 66.5 19 -1 0
0 1 0 27.9 66.5 19 -1 0
0 1 0 27.8 66.5 19 -1 0
0 1 0 27.8 66.5 19 -1 0
0 1 0 27.8 67.0 19 -1 0
0 1 0 27.8 67.5 19 -1 0
0 1 0 27.8 68.0 17 -1 0
0 1 0 27.8 68.0 19 -1 0
0 1 0 27.9 68.5 21 -1 0
0 1 0 27.9 69.0 19 -1 0
0 1 0 27.9 69.0 24 -1 0
0 1 0 27.9 69.5 22 -1 0
0 1 0 27.9 69.5 24 -1 0
0 1 0 27.9 69.5 24 -1 0
0 1 0 27.9 69.5 22 -1 0
0 1 0 27.9 69.5 24 -1 0
0 1 0 27.9 69.0 26 -1 0
0 1 0 27.9 69.0 25 -1 0
0 1 0 27.9 69.0 27 -1 0
0 1 0 27.8 68.5 27 -1 0
0 1 0 27.9 68.5 29 -1 0
0 1 0 27.8 68.5 25 c26 0
0 1 1 27.8 68.0 37 c26 0
1 1 20 27.8 67.5 43 c26 1
1 1 3 27.7 64.5 41 c26 1
1 1 11 27.5 63.0 37 c26 1
1 1 46 27.2 62.5 39 c26 1
1 1 51 27.0 62.5 39 c26 1
1 1 10 26.8 62.5 39 c26 1
1 1 18 26.7 63.0 35 c26 1
1 1 22 26.6 62.0 33 c26 1
1 1 25 26.4 61.5 34 c26 1
1 1 9 26.2 61.0 32 c26 1
1 1 23 26.2 61.0 34 c26 1
1 1 22 26.1 60.5 34 c26 1
1 1 19 25.9 59.5 36 c26 1
1 1 10 25.8 60.0 34 c26 1
1 1 2 25.7 58.5 32 c26 1
1 1 4 25.6 58.5 34 c26 1
1 1 5 25.5 58.5 34 c26 1
1 1 0 25.5 58.5 32 c26 1
1 1 1 25.3 58.5 30 c26 1
1 1 21 25.3 58.5 34 c26 1
1 1 0 25.3 60.0 34 c26 1
1 1 0 25.3 60.0 30 c26 1
1 1 0 25.3 60.5 30 c26 1
1 1 0 25.2 60.5 30 c26 1
1 1 6 25.2 60.0 34 c26 1
1 1 2 25.1 61.0 34 c26 1
1 1 13 25.1 61.0 32 c26 1
1 1 2 25.1 61.0 34 c26 1
1 1 8 25.1 61.0 29 c26 1
1 1 34 25.1 61.0 34 c26 1
1 1 4 25.1 61.5 32 c26 1
1 1 13 25.1 62.0 32 c26 1
1 1 10 25.2 63.0 29 c26 1
1 1 19 25.2 63.5 29 c26 1
1 1 7 25.2 63.5 29 c26 1
1 1 41 25.1 63.0 29 c26 1
1 1 19 25.0 62.0 29 c26 1
1 1 30 24.9 61.5 29 c26 1
1 1 27 24.9 62.0 27 c26 1
1 1 33 24.9 62.0 27 c26 1
1 1 25 24.9 62.0 29 c26 1
0 1 0 24.9 62.0 29 c26 1
0 1 0 25.0 61.5 29 c26 1
0 1 0 25.1 61.5 29 c26 1
0 1 0 24.9 61.0 29 c26 1
0 1 0 25.0 61.0 27 c26 1
0 1 0 25.0 60.5 27 c26 1
0 1 0 25.0 60.5 27 c26 1
0 1 0 24.9 60.0 27 c26 1
0 1 0 24.9 60.0 27 c26 1
0 1 0 24.9 60.0 27 c26 1
0 1 0 24.9 60.0 29 c26 1
0 1 0 24.8 60.0 29 c26 1
0 1 0 24.9 59.5 29 c26 1
0 1 0 24.8 59.5 29 c26 1
0 1 0 24.8 59.5 29 c26 1
0 1 0 24.7 59.0 29 c26 1
0 1 0 24.6 59.0 31 c26 1
0 1 0 24.7 58.5 31 c26 1
0 1 0 24.6 58.5 31 c26 1
0 1 0 24.5 58.0 31 c26 1
0 1 0 24.5 58.0 31 c26 1
0 1 0 24.5 57.5 27 c26 1
0 1 0 24.4 57.5 29 c26 1
0 1 0 24.4 57.5 29 c26 1
0 1 0 24.3 57.5 29 c26 1
0 1 0 24.4 57.5 29 c26 1
0 1 0 24.3 57.0 29 c26 1
0 1 0 24.3 57.0 29 c26 1
0 1 0 24.3 57.5 29 c26 1
0 1 0 24.2 57.5 29 c26 1
0 1 0 24.2 57.0 29 c26 1
0 1 0 24.2 57.5 29 c26 1
0 1 0 24.0 57.5 29 c26 1
0 1 0 24.1 57.5 29 c26 1
0 1 0 24.1 57.5 29 c26 1
0 1 0 24.1 57.5 33 c26 1
0 1 0 24.1 58.0 29 c26 1
0 1 0 24.0 58.0 29 c26 1
0 1 0 24.0 58.5 29 c26 1
0 1 0 24.0 58.5 29 c26 1
0 1 0 24.0 58.5 29 c26 1
0 1 0 24.0 58.5 29 c26 1
0 1 0 24.0 58.5 27 c26 1
0 1 0 23.9 58.5 31 c26 1
0 1 0 23.9 58.5 31 c26 1
0 1 0 23.8 58.5 31 c26 1
0 1 0 23.9 58.5 31 c26 1
0 1 0 23.9 58.5 31 c26 1
0 1 0 24.0 58.5 27 c26 1
0 1 0 23.9 58.5 29 c26 1
0 1 0 23.8 58.5 29 c26 1
0 1 0 23.8 58.0 29 c26 1
0 1 0 23.8 58.5 29 c26 1
0 1 0 23.7 58.0 29 c26 1
0 1 0 23.7 58.0 29 c26 1
0 1 0 23.7 58.0 29 c26 1
0 1 0 23.7 58.0 29 c26 1
1 1 1 23.7 57.5 31 c26 1
1 1 45 23.7 58.5 27 c26 1
1 1 17 23.8 59.0 27 c26 1
1 1 4 23.6 59.5 27 c26 1
1 1 6 23.7 59.5 27 c26 1
1 1 2 23.7 60.0 29 c26 1
1 1 8 23.7 60.0 29 c26 1
1 1 8 23.8 60.0 29 c26 1
1 1 4 23.8 61.5 29 c26 1
1 1 5 23.8 61.5 32 c26 1
1 1 6 23.7 61.5 32 c26 1
1 1 10 23.8 61.5 30 c26 1
1 1 11 23.8 61.5 30 c26 1
1 1 3 23.7 61.5 34 c26 1
1 1 26 23.7 61.5 32 c26 1
1 1 7 23.8 62.0 32 c26 1
1 1 3 23.7 63.0 34 c26 1
1 1 1 23.6 62.5 34 c26 1
1 1 21 23.7 62.5 36 c26 1
1 1 8 23.6 62.5 34 c26 1
1 1 16 23.7 62.0 34 c26 1
1 1 13 23.7 62.0 36 c26 1
1 1 14 23.7 62.0 35 c26 1
1 1 30 23.8 61.5 35 c26 1
1 1 23 23.7 61.5 35 c26 1
1 1 8 23.6 61.5 37 c26 1
1 1 1 23.6 61.0 37 c26 1
1 1 11 23.7 61.0 39 c26 1
1 1 8 23.6 61.0 39 c26 1
1 1 7 23.6 61.0 39 -1 1
1 1 27 23.6 61.0 39 -1 1
1 1 5 23.6 61.0 41 -1 1
1 1 8 23.7 61.0 37 -1 1
1 1 22 23.7 61.0 37 -1 1
1 1 16 23.6 61.0 41 -1 1
1 1 27 23.7 61.0 39 -1 1
1 1 22 23.6 61.0 39 -1 1
1 1 33 23.6 61.0 41 -1 1
1 1 17 23.6 61.5 39 -1 1
1 1 17 23.7 62.5 39 -1 1
1 1 8 23.9 66.0 39 -1 1
1 1 4 23.9 68.0 37 -1 1
1 1 3 24.1 68.5 41 -1 1
1 1 3 24.2 70.0 39 -1 1
1 1 4 24.2 70.0 37 -1 1
1 1 5 24.4 70.5 39 -1 1
1 1 2 24.4 70.0 39 -1 1
1 1 2 24.5 71.0 39 -1 1
1 1 13 24.5 70.0 39 -1 1
1 1 1 24.6 70.5 37 -1 1
1 1 4 24.6 71.5 37 -1 1
1 1 8 24.8 71.0 35 -1 1
1 1 8 24.8 72.0 35 -1 1
1 1 3 24.8 72.5 38 -1 1
1 1 0 24.9 73.0 36 -1 1
1 1 26 25.0 73.5 38 -1 1
0 1 0 25.1 73.0 38 -1 1
0 1 0 25.1 73.5 38 -1 1
0 1 0 25.2 74.0 38 -1 1
0 1 0 25.2 74.5 38 -1 1
0 1 0 25.4 75.0 38 -1 1
0 1 0 25.4 75.0 38 -1 1
0 1 0 25.5 76.0 38 -1 1
0 1 0 25.5 76.5 38 -1 1
0 1 0 25.6 76.5 38 -1 1
0 1 0 25.6 76.5 38 -1 1
0 1 0 25.7 76.5 35 -1 1
0 1 0 25.7 76.5 37 -1 1
0 1 0 25.8 76.0 37 -1 1
0 1 0 25.8 76.0 39 -1 1
0 1 0 25.8 76.0 39 -1 1
0 1 0 25.8 76.0 39 -1 1
0 1 0 25.9 76.0 39 -1 1
0 1 0 26.0 76.0 39 -1 1
0 1 0 26.0 76.5 39 -1 1
0 1 0 26.0 76.0 39 -1 1
0 1 0 26.0 76.5 39 -1 1
0 1 0 26.1 76.5 39 -1 1
0 1 0 26.1 76.5 39 -1 1
0 1 0 26.1 76.5 39 -1 1
0 1 0 26.1 76.5 39 -1 1
0 1 0 26.2 76.5 39 -1 1
0 1 0 26.2 76.5 39 -1 1
0 1 0 26.2 76.5 39 -1 1
0 1 0 26.2 76.0 41 -1 1
0 1 0 26.3 76.0 41 -1 1
0 1 0 26.4 76.0 41 -1 1
0 1 0 26.3 76.0 41 -1 1
0 1 0 26.3 76.0 41 -1 1
0 1 0 26.4 76.0 41 -1 1
0 1 0 26.4 76.0 41 -1 1
0 1 0 26.4 76.0 37 -1 1
0 1 0 26.4 75.5 37 -1 1
0 1 0 26.4 75.5 39 -1 1
0 1 0 26.4 75.5 39 -1 1
0 1 0 26.4 75.0 39 -1 1
0 1 0 26.4 75.5 41 -1 1
0 1 0 26.4 75.0 41 -1 1
0 1 0 26.4 75.5 43 -1 1
0 1 0 26.4 75.0 39 -1 1
0 1 0 26.5 75.0 41 -1 1
0 1 0 26.5 75.0 41 -1 1
0 1 0 26.5 75.5 41 -1 1
0 1 0 26.5 75.5 41 -1 1
0 1 0 26.4 75.5 41 -1 1
0 1 0 26.5 74.5 41 -1 1
0 1 0 26.4 74.0 41 -1 1
0 1 0 26.3 73.5 43 -1 1
0 1 0 26.2 73.0 43 -1 1
0 1 0 26.2 72.5 43 -1 1
0 1 0 26.2 72.0 43 -1 1
0 1 0 26.0 71.5 43 -1 1
0 1 0 26.0 71.5 43 -1 1
0 1 0 25.9 70.5 41 -1 1
0 1 0 25.9 69.5 41 -1 1
0 1 0 25.8 69.5 41 -1 1
0 1 0 25.7 69.0 43 -1 1
0 1 0 25.6 68.0 43 -1 1
0 1 0 25.5 68.0 42 -1 1
0 1 0 25.6 68.5 42 -1 1
0 1 0 25.7 69.0 42 -1 1
0 1 0 25.7 69.5 42 -1 1
0 1 0 25.8 70.5 44 -1 1
0 1 0 25.8 71.5 44 -1 1
0 1 0 25.8 72.5 44 -1 1
0 1 0 25.9 73.0 46 -1 1
0 1 0 26.0 73.5 46 -1 1
0 1 0 25.9 74.0 46 -1 1
0 1 0 26.0 74.5 42 -1 1
0 1 123 26.1 75.0 42 -1 1
0 1 23 26.1 76.0 46 -1 1
0 1 4 26.2 75.0 44 -1 1
0 1 3 26.1 74.5 44 -1 1
0 1 16 26.1 73.5 44 -1 1
0 1 0 26.0 73.0 44 -1 1
0 1 9 26.0 73.0 44 -1 1
0 1 10 25.9 72.0 42 -1 1
0 1 15 26.0 72.0 44 -1 1
0 1 0 26.0 72.0 46 -1 1
0 1 0 25.9 72.0 46 -1 1
0 1 0 25.9 72.0 46 -1 1
0 1 0 25.8 71.5 46 -1 1
0 1 0 25.8 70.5 46 -1 1
0 1 4 25.8 70.5 46 -1 1
0 1 0 25.7 69.5 48 -1 1
0 1 1 25.6 69.0 48 -1 1
0 1 7 25.6 68.0 48 -1 1
0 1 3 25.5 68.0 44 -1 1
0 1 3 25.6 67.5 49 -1 1
0 1 0 25.4 67.0 49 -1 1
0 1 0 25.4 67.0 49 -1 1
0 1 0 25.4 67.0 49 -1 1
0 1 3 25.3 66.5 47 -1 1
0 1 2 25.3 66.5 47 -1 1
0 1 1 25.3 66.5 47 -1 1
0 1 3 25.3 66.0 47 -1 1
0 1 2 25.2 66.0 48 -1 1
0 1 1 25.2 65.5 46 -1 1
0 1 3 25.1 65.0 46 -1 1
0 1 6 25.0 65.0 46 -1 1
0 1 3 24.9 64.5 46 -1 1
0 1 0 25.0 64.0 44 -1 1
0 1 0 24.9 64.5 44 -1 1
0 1 2 24.9 64.5 46 -1 1
0 1 0 24.9 64.5 44 -1 1
0 1 2 24.9 64.5 46 -1 1
0 1 3 24.9 64.5 46 -1 1
0 1 5 24.8 64.5 44 -1 1
0 1 8 24.8 65.0 44 -1 1
0 1 0 24.8 64.5 42 -1 1
0 1 2 24.8 64.0 42 -1 1
0 1 0 24.7 64.0 46 -1 1
0 1 0 24.7 64.0 44 -1 1
0 1 1 24.7 64.0 44 -1 1
0 1 0 24.6 63.5 42 -1 1
0 1 8 24.6 63.0 42 -1 1
0 1 5 24.6 63.5 42 -1 1
0 1 7 24.6 64.0 43 -1 1
0 1 2 24.6 65.0 43 -1 1
0 1 1 24.7 65.5 41 -1 1
0 1 1 24.8 66.5 41 -1 1
0 1 15 24.9 67.5 41 -1 1
0 1 0 25.0 68.5 39 -1 1
0 1 0 25.1 69.0 39 -1 1
0 1 0 25.1 70.0 39 -1 1
0 1 4 25.2 71.0 41 -1 1
0 1 4 25.2 71.5 41 -1 1
0 1 3 25.3 71.5 39 -1 1
0 1 9 25.4 72.5 39 -1 1
0 1 5 25.3 73.0 39 -1 1
0 1 4 25.5 73.5 39 -1 1
0 1 9 25.7 73.5 39 -1 1
0 1 1 25.6 74.0 39 -1 1
0 1 8 25.5 73.5 39 -1 1
0 1 1 25.6 73.0 39 -1 1
0 1 3 25.6 73.0 39 -1 1
0 1 23 25.5 73.0 41 -1 1
0 1 43 25.6 73.5 39 -1 1
0 1 0 25.6 74.0 39 -1 1
0 1 0 25.7 74.5 43 -1 1
0 1 0 25.7 75.0 39 -1 1
0 1 0 25.8 75.5 39 -1 1
0 1 0 25.9 75.5 39 -1 1
0 1 0 25.8 75.0 39 -1 1
0 1 0 25.8 75.5 39 -1 1
0 1 0 25.9 75.5 37 -1 1
0 1 0 25.9 75.5 37 -1 1
0 1 0 25.9 75.5 37 -1 1
0 1 0 26.0 75.0 37 -1 1
0 1 0 26.0 75.5 39 -1 1
0 1 0 26.0 76.0 39 -1 1
0 1 3 26.1 76.0 39 -1 1
1 1 34 26.2 75.0 37 -1 1
1 1 13 26.1 71.0 37 -1 1
1 1 7 25.9 68.5 37 -1 1
1 1 0 25.6 67.0 37 -1 1
1 1 6 25.4 67.5 39 -1 1
1 1 7 25.3 67.0 39 -1 1
1 1 7 25.3 67.0 39 -1 1
1 1 2 25.1 67.0 41 -1 1
1 1 2 25.1 67.0 41 -1 1
1 1 3 25.0 66.5 37 -1 1
1 1 6 24.9 67.5 37 -1 1
1 1 10 24.9 67.0 39 -1 1
1 1 1 24.8 66.0 39 -1 1
1 1 10 24.8 66.5 41 -1 1
1 1 3 24.8 66.0 41 -1 1
1 1 2 24.7 65.0 41 -1 1
1 1 1 24.6 65.0 41 -1 1
1 1 0 24.6 64.5 39 -1 1
1 1 0 24.5 65.5 39 -1 1
1 1 1 24.6 63.5 39 -1 1
1 1 22 24.5 65.0 39 -1 1
1 1 2 24.4 63.5 39 -1 1
1 1 2 24.5 64.0 39 -1 1
1 1 1 24.4 65.0 39 -1 1
1 1 2 24.5 65.5 39 -1 1
1 1 1 24.5 65.0 39 -1 1
1 1 2 24.5 65.0 39 -1 1
1 1 4 24.3 64.0 39 -1 1
1 1 4 24.3 64.0 37 -1 1
1 1 0 24.2 62.5 41 -1 1
1 1 1 24.1 63.5 41 -1 1
1 1 2 24.1 63.0 41 -1 1
1 1 2 24.1 63.0 41 -1 1
1 1 0 24.0 62.5 41 -1 1
1 1 3 23.9 62.0 41 -1 1
1 1 2 24.0 62.5 41 -1 1
1 1 3 23.9 62.0 41 -1 1
1 1 0 23.8 61.5 39 -1 1
1 1 0 23.9 61.5 39 -1 1
1 1 0 23.7 60.5 39 -1 1
1 1 5 23.6 60.5 39 -1 1
1 1 7 23.6 60.0 39 -1 1
1 1 7 23.6 60.5 39 -1 1
1 1 0 23.6 61.5 39 -1 1
1 1 0 23.6 62.0 39 -1 1
1 1 13 23.6 63.0 39 -1 1
1 1 14 23.8 64.0 39 -1 1
1 1 19 23.8 64.0 39 -1 1
1 1 15 23.8 64.5 37 -1 1
1 1 6 23.9 64.5 37 -1 1
1 1 3 23.9 65.0 37 -1 1
1 1 0 23.9 65.0 37 -1 1
1 1 2 23.9 64.5 39 -1 1
1 1 2 23.9 65.0 37 -1 1
1 1 0 23.9 65.0 37 -1 1
1 1 0 23.9 65.0 37 -1 1
1 1 0 23.9 65.0 37 -1 1
1 1 2 23.8 65.0 35 -1 1
1 1 5 23.9 65.0 35 -1 1
1 1 2 23.8 64.0 35 -1 1
1 1 1 23.8 64.0 38 -1 1
1 1 3 23.7 64.0 38 -1 1
1 1 3 23.8 64.0 38 -1 1
1 1 9 23.8 64.0 38 -1 1
1 1 11 23.8 63.5 38 -1 1
1 1 11 23.8 64.0 35 -1 1
1 1 8 23.7 63.0 35 -1 1
1 1 5 23.8 63.5 35 -1 1
1 1 7 23.7 63.5 35 -1 1
1 1 7 23.8 63.5 37 -1 1
1 1 9 23.7 63.5 37 -1 1
1 1 2 23.7 63.0 39 -1 1
1 1 5 23.7 63.5 39 -1 1
1 1 3 23.7 63.5 39 -1 1
1 1 5 23.7 64.0 41 -1 1
1 1 27 23.7 64.0 43 -1 1
1 1 13 23.8 64.0 41 -1 1
1 1 2 23.8 64.5 43 -1 1
1 1 0 23.8 64.5 43 -1 1
1 1 0 23.9 64.5 41 -1 1
1 1 0 23.8 64.5 41 -1 1
1 1 0 23.9 64.5 39 -1 1
1 1 0 23.9 64.5 39 -1 1
1 1 0 23.9 64.5 39 -1 1
1 1 0 23.8 64.5 39 -1 1
1 1 0 23.8 64.5 39 -1 1
1 1 22 23.7 63.5 41 -1 1
1 1 23 23.7 63.5 37 -1 1
1 1 13 23.6 63.0 39 -1 1
1 1 15 23.6 62.5 37 -1 1
1 1 0 23.5 61.5 39 -1 1
1 1 2 23.5 62.5 39 -1 1
1 1 14 23.5 63.5 37 -1 1
1 1 12 23.6 63.5 35 -1 1
1 1 5 23.7 63.5 35 -1 1
1 1 3 23.6 63.5 38 -1 1
1 1 15 23.6 63.0 36 -1 1
1 1 17 23.6 64.0 36 -1 1
1 1 16 23.7 65.0 34 -1 1
1 1 21 23.8 66.0 36 -1 1
1 1 25 23.9 66.5 34 -1 1
1 1 32 23.9 66.5 34 -1 1
0 1 7 24.0 67.0 19 -1 0
0 1 0 24.1 69.0 19 -1 0
0 1 0 24.2 69.5 19 -1 0
0 1 0 24.4 70.0 17 -1 0
0 1 0 24.5 71.0 21 -1 0
0 1 0 24.6 71.5 21 -1 0
0 1 0 24.7 72.5 19 -1 0
0 1 0 24.8 72.5 19 -1 0
0 1 0 24.8 72.5 19 -1 0
0 1 0 25.0 73.0 17 -1 0
0 1 0 25.0 73.0 17 -1 0
0 1 0 25.1 73.5 17 -1 0
0 1 0 25.2 73.5 19 -1 0
0 1 0 25.2 73.5 19 -1 0
0 1 0 25.2 74.0 19 -1 0
0 1 0 25.3 74.0 17 -1 0
0 1 0 25.4 74.0 17 -1 0
0 1 0 25.4 74.0 17 -1 0
0 1 0 25.5 74.5 15 -1 0
0 1 0 25.5 74.0 19 -1 0
0 1 0 25.6 73.5 17 -1 0
0 1 0 25.6 74.0 17 -1 0
0 1 0 25.6 74.0 17 -1 0
0 1 0 25.6 74.0 15 -1 0
0 1 0 25.6 74.0 15 -1 0
0 1 0 25.7 74.0 12 -1 0
0 1 0 25.8 73.5 16 -1 0
0 1 0 25.7 73.5 16 -1 0
0 1 0 25.8 73.5 16 -1 0
0 1 0 25.8 73.5 16 -1 0
0 1 0 25.8 74.0 16 -1 0
0 1 0 25.9 74.0 14 -1 0
0 1 0 25.9 74.0 14 -1 0
0 1 0 25.9 74.0 14 -1 0
0 1 0 25.9 74.0 14 -1 0
0 1 0 25.9 74.0 12 -1 0
0 1 0 26.0 74.0 12 -1 0
0 1 0 26.0 74.0 12 -1 0
0 1 0 26.0 73.5 14 -1 0
0 1 0 26.0 73.5 14 -1 0
0 1 0 26.0 73.5 14 -1 0
0 1 0 25.9 72.5 14 -1 0
0 1 0 26.0 72.5 14 -1 0
0 1 0 26.0 72.0 14 -1 0
0 1 0 26.0 72.0 14 -1 0
0 1 0 25.9 72.0 14 -1 0
0 1 0 26.0 71.5 14 -1 0
0 1 0 26.1 71.0 14 -1 0
0 1 0 25.9 71.0 14 -1 0
0 1 0 26.0 70.5 14 -1 0
0 1 0 26.0 70.5 14 -1 0
0 1 0 26.1 71.0 14 -1 0
0 1 0 26.0 70.0 12 -1 0
0 1 0 26.0 69.5 12 -1 0
0 1 0 26.0 69.0 12 -1 0
0 1 0 26.0 69.0 12 -1 0
0 1 0 26.0 69.0 12 -1 0
0 1 0 26.1 69.5 12 -1 0
0 1 0 26.1 70.0 12 -1 0
0 1 0 26.1 70.5 12 -1 0
0 1 0 26.0 71.5 10 -1 0
0 1 0 26.1 71.5 10 -1 0
0 1 0 26.1 72.5 10 -1 0
0 1 0 26.1 72.5 14 -1 0
0 1 0 26.1 72.5 12 -1 0
0 1 0 26.2 71.5 12 -1 0
0 1 0 26.1 70.5 12 -1 0
0 1 0 26.2 70.5 12 -1 0
0 1 0 26.1 69.5 12 -1 0
0 1 0 26.2 70.0 10 -1 0
0 1 0 26.2 70.0 10 -1 0
0 1 0 26.2 71.0 10 -1 0
0 1 0 26.2 70.0 10 -1 0
0 1 0 26.2 70.0 8 -1 0
0 1 0 26.2 70.0 11 -1 0
0 1 0 26.2 69.0 11 -1 0
0 1 0 26.2 69.5 9 -1 0
0 1 0 26.2 69.0 9 -1 0
0 1 0 26.2 68.5 9 -1 0
0 1 0 26.1 68.0 9 -1 0
0 1 0 26.2 68.0 9 -1 0
0 1 0 26.2 68.0 7 -1 0
0 1 0 26.2 67.5 7 -1 0
0 1 0 26.2 67.5 7 -1 0
0 1 0 26.3 68.0 7 -1 0
0 1 0 26.2 67.5 7 -1 0
0 1 0 26.2 67.5 9 -1 0
0 1 0 26.3 68.0 9 -1 0
0 1 0 26.2 68.0 9 -1 0
0 1 0 26.2 67.5 9 -1 0
0 1 0 26.2 67.0 7 -1 0
0 1 0 26.2 67.0 7 -1 0
0 1 0 26.2 66.5 7 -1 0
0 1 0 26.1 67.0 7 -1 0
0 1 0 26.2 67.5 5 -1 0
0 1 0 26.2 68.0 5 -1 0
0 1 0 26.3 67.5 5 -1 0
0 1 0 26.2 68.0 9 -1 0
0 1 0 26.2 67.5 9 -1 0
0 1 0 26.2 67.0 7 -1 0
0 1 0 26.2 67.0 7 -1 0
0 1 0 26.2 66.5 7 -1 0
0 1 0 26.1 66.0 7 -1 0
0 1 0 26.2 66.0 5 -1 0
0 1 0 26.2 66.0 5 -1 0
0 1 0 26.2 65.5 5 -1 0
0 1 0 26.2 65.5 5 -1 0
0 1 0 26.2 65.5 3 -1 0
0 1 0 26.2 65.5 6 -1 0
0 1 0 26.2 65.5 6 -1 0
0 1 0 26.2 65.0 6 -1 0
0 1 0 26.2 65.5 4 -1 0
0 1 0 26.2 66.0 4 -1 0
0 1 0 26.2 66.0 4 -1 0
0 1 0 26.2 66.0 4 -1 0
0 1 0 26.1 66.0 2 -1 0
0 1 0 26.2 65.5 2 -1 0
0 1 0 26.2 65.5 2 -1 0
0 1 0 26.2 65.5 2 -1 0
0 1 0 26.3 65.5 6 -1 0
0 1 0 26.2 65.5 4 -1 0
0 1 0 26.2 65.5 4 -1 0
0 1 0 26.2 65.5 4 -1 0
0 1 0 26.2 65.5 4 -1 0
0 1 0 26.2 65.0 2 -1 0
0 1 0 26.2 65.0 2 -1 0
0 1 0 26.3 64.5 2 -1 0
0 1 0 26.3 64.5 2 -1 0
0 1 0 26.2 64.5 2 -1 0
0 1 0 26.2 64.5 1 -1 0
0 1 0 26.3 65.0 1 -1 0
0 1 0 26.2 65.0 1 -1 0
0 1 0 26.3 65.0 4 -1 0
0 1 0 26.3 65.0 4 -1 0
0 1 0 26.3 65.0 4 -1 0
0 1 0 26.2 64.5 4 -1 0
0 1 0 26.3 64.5 2 -1 0
0 1 0 26.2 64.5 2 -1 0
0 1 0 26.3 64.5 2 -1 0
0 1 0 26.3 64.5 2 -1 0
0 1 0 26.3 64.5 2 -1 0
0 1 0 26.2 64.0 2 -1 0
0 1 0 26.3 64.0 2 -1 0
0 1 0 26.3 64.0 2 -1 0
0 1 0 26.3 64.0 2 -1 0
0 1 0 26.3 64.0 2 -1 0
0 1 0 26.3 64.0 2 -1 0
0 1 0 26.3 64.0 2 -1 0
0 1 0 26.3 63.5 2 -1 0
0 1 0 26.3 63.5 0 -1 0
0 1 0 26.3 63.5 0 -1 0
0 1 0 26.3 63.5 0 -1 0
0 1 0 26.3 63.5 0 -1 0
0 1 0 26.3 63.5 0 -1 0
0 1 0 26.3 63.5 0 -1 0
0 1 0 26.3 63.5 0 -1 0
0 1 0 26.3 63.5 0 -1 0
0 1 0 26.3 63.5 0 -1 0
0 1 0 26.3 64.0 0 -1 0
0 1 0 26.3 64.0 0 -1 0
0 1 0 26.2 64.0 0 -1 0
0 1 0 26.3 63.5 0 -1 0
0 1 0 26.3 63.5 0 -1 0
0 1 0 26.3 63.0 0 -1 0
0 1 0 26.3 63.0 0 -1 0
0 1 0 26.3 63.0 0 -1 0
0 1 0 26.3 63.0 0 -1 0
0 1 0 26.3 63.0 0 -1 0
0 1 0 26.3 63.0 0 -1 0
0 1 0 26.3 63.0 0 -1 0
0 1 0 26.2 63.0 0 -1 0
0 1 0 26.3 63.0 0 -1 0
0 1 0 26.3 63.0 0 -1 0
0 1 0 26.3 63.0 0 -1 0
0 1 0 26.3 63.0 0 -1 0
0 1 0 26.2 63.0 0 -1 0
0 1 0 26.3 63.0 0 -1 0
0 1 0 26.3 63.0 0 -1 0
0 1 0 26.3 63.0 0 -1 0
0 1 0 26.3 63.0 0 -1 0
0 1 0 26.3 63.0 0 -1 0
0 1 0 26.3 63.0 0 -1 0
0 1 0 26.3 63.0 0 -1 0
0 1 0 26.3 62.5 0 -1 0
0 1 0 26.3 62.5 0 -1 0
0 1 0 26.3 63.0 0 -1 0
0 1 0 26.3 62.5 0 -1 0
0 1 0 26.3 62.5 0 -1 0
0 1 0 26.2 62.0 0 -1 0
0 1 0 26.2 62.0 0 -1 0
0 1 0 26.2 62.0 0 -1 0
0 1 0 26.3 62.0 0 -1 0
0 1 0 26.2 62.5 0 -1 0
0 1 0 26.3 62.0 0 -1 0
0 1 0 26.3 62.0 0 -1 0
0 1 0 26.2 62.0 0 -1 0
0 1 0 26.2 62.0 0 -1 0
0 1 0 26.3 62.0 0 -1 0
0 1 0 26.3 62.0 1 -1 0
0 1 0 26.2 62.0 1 -1 0
0 1 0 26.2 62.0 0 -1 0
0 1 0 26.2 61.5 0 -1 0
0 1 0 26.2 61.5 0 -1 0
0 1 0 26.2 61.5 0 -1 0
0 1 0 26.2 61.5 0 -1 0
0 1 0 26.2 62.0 0 -1 0
0 1 0 26.2 62.0 0 -1 0
0 1 0 26.2 62.0 0 -1 0
0 1 0 26.2 62.0 0 -1 0
0 1 0 26.2 62.0 0 -1 0
0 1 0 26.3 61.5 0 -1 0
0 1 0 26.2 61.5 0 -1 0
0 1 0 26.1 61.5 0 -1 0
0 1 0 26.2 61.0 0 -1 0
0 1 0 26.1 61.5 0 -1 0
0 1 0 26.2 61.5 0 -1 0
0 1 0 26.2 61.0 0 -1 0
0 1 0 26.2 61.0 0 -1 0
0 1 0 26.2 61.0 0 -1 0
0 1 0 26.2 61.0 0 -1 0
0 1 0 26.2 61.0 0 -1 0
0 1 0 26.1 61.0 0 -1 0
0 1 0 26.2 61.0 0 -1 0
0 1 0 26.2 61.0 0 -1 0
0 1 0 26.1 61.0 0 -1 0
0 1 0 26.1 60.5 0 -1 0
0 1 0 26.2 61.0 0 -1 0
0 1 0 26.1 60.5 0 -1 0
0 1 0 26.1 61.0 0 -1 0
0 1 0 26.2 60.5 0 -1 0
0 1 0 26.1 60.5 0 -1 0
0 1 0 26.2 60.5 0 -1 0
0 1 0 26.1 60.0 0 -1 0
0 1 0 26.1 60.0 0 -1 0
0 1 0 26.1 60.0 0 -1 0
0 1 0 26.1 60.0 0 -1 0
0 1 0 26.1 60.0 0 -1 0
0 1 0 26.1 60.5 0 -1 0
0 1 0 26.1 60.5 0 -1 0
0 1 0 26.1 60.5 0 -1 0
0 1 0 26.1 60.5 0 -1 0
0 1 0 26.1 60.5 0 -1 0
0 1 0 26.1 60.5 0 -1 0
0 1 0 26.2 60.5 0 -1 0
0 1 0 26.1 60.0 0 -1 0
0 1 0 26.1 60.5 0 -1 0
0 1 0 26.1 60.0 0 -1 0
0 1 0 26.1 60.0 0 -1 0
0 1 0 26.2 60.5 0 -1 0
0 1 0 26.1 60.5 0 -1 0
0 1 0 26.2 60.5 0 -1 0
0 1 0 26.1 60.5 0 -1 0
0 1 0 26.2 60.5 0 -1 0
0 1 0 26.2 60.5 0 -1 0
0 1 0 26.2 60.5 0 -1 0
0 1 0 26.1 60.5 0 -1 0
0 1 0 26.2 60.5 0 -1 0
0 1 0 26.1 60.5 0 -1 0
0 1 0 26.1 60.5 0 -1 0
0 1 0 26.1 60.5 0 -1 0
0 1 0 26.2 60.5 0 -1 0
0 1 0 26.1 60.0 0 -1 0
0 1 0 26.2 60.5 0 -1 0
0 1 0 26.1 60.5 0 -1 0
0 1 0 26.2 60.5 0 -1 0
0 1 0 26.1 60.0 0 -1 0
0 1 0 26.1 60.5 0 -1 0
0 1 0 26.2 60.0 0 -1 0
0 1 0 26.2 60.0 0 -1 0
0 1 0 26.1 60.0 0 -1 0
0 1 0 26.2 60.0 0 -1 0
0 1 0 26.1 60.0 0 -1 0
0 1 0 26.1 60.0 0 -1 0
0 1 0 26.2 60.0 0 -1 0
0 1 0 26.1 60.0 0 -1 0
0 1 0 26.1 59.5 0 -1 0
0 1 0 26.1 60.0 0 -1 0
0 1 0 26.2 60.0 0 -1 0
0 1 0 26.2 59.5 0 -1 0
0 1 0 26.1 60.0 0 -1 0
0 1 0 26.1 60.0 0 -1 0
0 1 0 26.1 60.0 0 -1 0
0 1 0 26.1 60.0 0 -1 0
0 1 0 26.2 60.0 0 -1 0
0 1 0 26.1 59.5 0 -1 0
0 1 0 26.1 59.5 0 -1 0
0 1 0 26.2 59.5 0 -1 0
0 1 0 26.2 59.5 0 -1 0
0 1 0 26.2 59.5 0 -1 0
0 1 0 26.2 59.5 0 -1 0
0 1 0 26.2 59.5 0 -1 0
0 1 0 26.1 59.5 0 -1 0
0 1 0 26.2 59.5 0 -1 0
0 1 0 26.1 59.5 0 -1 0
0 1 0 26.1 59.5 0 -1 0
0 1 0 26.2 59.5 0 -1 0
0 1 0 26.1 59.5 0 -1 0
0 1 0 26.1 59.5 0 -1 0
0 1 0 26.2 59.5 0 -1 0
0 1 0 26.2 59.5 0 -1 0
0 1 0 26.2 59.5 0 -1 0
0 1 0 26.1 59.5 0 -1 0
0 1 0 26.1 59.5 0 -1 0
0 1 0 26.2 59.5 0 -1 0
0 1 0 26.2 59.5 0 -1 0
0 1 0 26.2 59.5 0 -1 0
0 1 0 26.2 59.5 0 -1 0
0 1 0 26.2 59.5 0 -1 0
0 1 0 26.2 60.5 0 -1 0
0 1 0 26.2 60.5 0 -1 0
0 1 0 26.2 60.5 0 -1 0
0 1 0 26.2 61.0 0 -1 0
0 1 0 26.2 61.0 0 -1 0
0 1 0 26.2 60.5 0 -1 0
0 1 0 26.2 60.5 0 -1 0
0 1 0 26.2 60.5 0 -1 0
0 1 0 26.2 60.5 0 -1 0
0 1 0 26.2 60.5 0 -1 0
0 1 0 26.2 60.5 0 -1 0
0 1 0 26.2 60.5 0 -1 0
0 1 0 26.2 60.5 0 -1 0
0 1 0 26.2 60.5 0 -1 0
0 1 0 26.2 60.5 0 -1 0
0 1 0 26.2 60.0 0 -1 0
0 1 0 26.2 60.0 0 -1 0
0 1 0 26.3 60.0 0 -1 0
0 1 0 26.1 60.0 0 -1 0
0 1 0 26.2 60.5 0 -1 0
0 1 0 26.2 60.5 0 -1 0
0 1 0 26.2 60.5 0 -1 0
0 1 0 26.2 60.0 0 -1 0
0 1 0 26.2 60.0 0 -1 0
0 1 0 26.2 60.0 0 -1 0
0 1 0 26.2 60.0 0 -1 0
0 1 0 26.2 60.0 0 -1 0
0 1 0 26.2 60.0 0 -1 0
0 1 0 26.2 60.0 0 -1 0
0 1 0 26.2 60.0 0 -1 0
0 1 0 26.3 60.0 0 -1 0
0 1 0 26.2 60.0 0 -1 0
0 1 0 26.2 60.0 0 -1 0
0 1 0 26.2 60.5 0 -1 0
0 1 0 26.2 60.0 0 -1 0
0 1 0 26.2 60.0 0 -1 0
0 1 0 26.2 60.0 0 -1 0
0 1 0 26.3 60.0 0 -1 0
0 1 0 26.3 60.0 0 -1 0
0 1 0 26.2 60.0 0 -1 0
0 1 0 26.3 60.0 0 -1 0
0 1 0 26.3 60.0 0 -1 0
0 1 0 26.2 60.0 0 -1 0
0 1 0 26.3 60.0 0 -1 0
0 1 0 26.3 60.0 0 -1 0
0 1 0 26.3 60.0 0 -1 0
0 1 0 26.3 60.0 0 -1 0
0 1 0 26.3 60.0 0 -1 0
0 1 0 26.3 60.0 0 -1 0
0 1 0 26.3 60.0 0 -1 0
0 1 0 26.3 60.0 0 -1 0
0 1 0 26.3 60.5 0 -1 0
0 1 0 26.3 60.5 0 -1 0
0 1 0 26.3 60.5 1 -1 0
0 1 0 26.2 60.5 0 -1 0
0 1 0 26.2 60.5 0 -1 0
0 1 0 26.3 60.5 0 -1 0
0 1 0 26.3 60.5 0 -1 0
0 1 0 26.2 60.5 0 -1 0
0 1 0 26.4 60.5 0 -1 0
0 1 0 26.3 61.0 0 -1 0
0 1 0 26.3 61.0 0 -1 0
0 1 0 26.3 60.5 1 -1 0
0 1 0 26.3 61.0 0 -1 0
0 1 0 26.3 60.5 1 -1 0
0 1 0 26.3 60.5 1 -1 0
0 1 0 26.3 60.5 1 -1 0
0 1 0 26.3 60.5 1 -1 0
0 1 0 26.3 60.5 1 -1 0
0 1 0 26.3 61.0 1 -1 0
0 1 0 26.3 61.0 1 -1 0
0 1 0 26.3 61.0 2 -1 0
0 1 0 26.4 61.5 2 -1 0
0 1 0 26.3 61.5 2 -1 0
0 1 0 26.3 61.5 2 -1 0
0 1 0 26.4 62.0 2 -1 0
0 1 0 26.4 62.5 2 -1 0
0 1 0 26.4 62.5 2 -1 0
0 1 0 26.3 63.0 2 -1 0
0 1 0 26.4 63.0 2 -1 0
0 1 0 26.5 63.0 2 -1 0
0 1 0 26.4 63.5 2 -1 0
0 1 0 26.4 64.0 2 -1 0
0 1 0 26.4 64.0 2 -1 0
0 1 0 26.4 64.0 2 -1 0
0 1 0 26.4 64.0 2 -1 0
0 1 0 26.5 64.0 2 -1 0
0 1 0 26.5 64.0 2 -1 0
0 1 0 26.4 64.0 2 -1 0
0 1 0 26.5 64.0 2 -1 0
0 1 0 26.5 64.0 2 -1 0
0 1 0 26.5 64.0 2 -1 0
0 1 0 26.5 64.5 2 -1 0
0 1 0 26.5 64.5 2 -1 0
0 1 0 26.5 64.5 2 -1 0
0 1 0 26.6 64.5 2 -1 0
0 1 0 26.6 64.5 2 -1 0
0 1 0 26.5 64.5 2 -1 0
0 1 0 26.6 64.5 2 -1 0
0 1 0 26.6 64.5 2 -1 0
0 1 0 26.6 65.0 2 -1 0
0 1 0 26.7 65.0 2 -1 0
0 1 0 26.6 65.0 2 -1 0
0 1 0 26.6 65.0 2 -1 0
0 1 0 26.6 65.5 2 -1 0
0 1 0 26.7 66.0 2 -1 0
0 1 0 26.7 66.5 2 -1 0
0 1 0 26.7 66.5 2 -1 0
0 1 0 26.7 67.0 2 -1 0
0 1 0 26.7 67.0 2 -1 0
0 1 0 26.7 67.0 2 -1 0
0 1 0 26.7 67.0 2 -1 0
0 1 0 26.7 67.5 2 -1 0
0 1 0 26.7 68.0 2 -1 0
0 1 0 26.7 68.0 2 -1 0
0 1 0 26.8 68.5 2 -1 0
0 1 0 26.8 68.5 2 -1 0
0 1 0 26.9 69.0 2 -1 0
0 1 0 26.9 69.5 2 -1 0
0 1 0 26.8 69.0 2 -1 0
0 1 0 26.8 69.5 2 -1 0
0 1 0 26.9 69.5 2 -1 0
0 1 0 26.9 70.0 2 -1 0
0 1 0 26.8 69.5 2 -1 0
0 1 0 26.9 69.5 2 -1 0
0 1 0 26.9 69.0 2 -1 0
0 1 0 26.9 69.0 2 -1 0
0 1 0 26.9 69.0 2 -1 0
0 1 0 26.9 68.5 2 -1 0
0 1 0 26.9 68.5 2 -1 0
0 1 0 26.9 68.5 2 -1 0
0 1 0 26.9 68.5 2 -1 0
0 1 0 27.0 68.0 2 -1 0
0 1 0 27.0 68.0 2 -1 0
0 1 0 26.9 68.0 2 -1 0
0 1 0 27.0 68.0 2 -1 0
0 1 0 27.0 67.5 2 -1 0
0 1 0 26.9 67.5 2 -1 0
0 1 0 27.0 67.5 2 -1 0
0 1 0 26.9 67.5 2 -1 0
0 1 0 27.0 67.0 2 -1 0
0 1 0 27.0 67.0 2 -1 0
0 1 0 27.0 67.0 2 -1 0
0 1 0 27.0 67.0 2 -1 0
0 1 0 27.0 67.0 2 -1 0
0 1 0 27.0 67.0 2 -1 0
0 1 0 27.0 67.0 2 -1 0
0 1 0 26.9 67.0 2 -1 0
0 1 0 27.0 67.0 2 -1 0
0 1 0 27.0 67.5 2 -1 0
0 1 0 27.0 67.5 2 -1 0
0 1 0 27.0 67.5 2 -1 0
0 1 0 27.1 68.0 2 -1 0
0 1 0 27.0 68.0 2 -1 0
0 1 0 27.1 68.5 2 -1 0
0 1 0 27.1 68.5 2 -1 0
0 1 0 27.1 68.5 2 -1 0
0 1 0 27.1 69.0 2 -1 0
0 1 0 27.1 69.5 2 -1 0
0 1 0 27.1 69.5 2 -1 0
0 1 0 27.1 69.5 2 -1 0
0 1 0 27.1 69.0 2 -1 0
0 1 0 27.1 69.0 2 -1 0
0 1 0 27.1 69.5 2 -1 0
0 1 0 27.1 70.0 2 -1 0
