0 1 0 29.8 56.0 2 -1 0
0 1 0 29.7 56.0 2 -1 0
0 1 0 29.7 56.0 2 -1 0
0 1 0 29.8 56.0 2 -1 0
0 1 0 29.8 56.0 2 -1 0
0 1 0 29.8 56.0 2 -1 0
0 1 0 29.8 56.0 2 -1 0
0 1 0 29.8 56.5 2 -1 0
0 1 0 29.8 56.5 2 -1 0
0 1 0 29.9 56.5 2 -1 0
0 1 0 29.9 56.5 2 -1 0
0 1 0 29.9 56.5 2 -1 0
0 1 0 29.9 56.0 2 -1 0
0 1 0 29.8 56.0 2 -1 0
0 1 0 29.9 56.5 2 -1 0
0 1 0 29.9 56.5 2 -1 0
0 1 0 29.9 56.5 2 -1 0
0 1 0 30.0 56.5 2 -1 0
0 1 0 29.9 56.5 2 -1 0
0 1 0 30.0 56.5 2 -1 0
0 1 0 30.0 56.5 2 -1 0
0 1 0 30.0 56.5 2 -1 0
0 1 0 30.0 56.5 2 -1 0
0 1 0 30.0 56.5 2 -1 0
0 1 0 30.0 56.5 2 -1 0
0 1 0 30.0 56.5 2 -1 0
0 1 0 30.0 56.5 2 -1 0
0 1 0 30.1 56.5 2 -1 0
0 1 0 30.1 56.5 2 -1 0
0 1 0 30.0 57.0 2 -1 0
0 1 0 30.1 57.0 2 -1 0
0 1 0 30.1 57.0 2 -1 0
0 1 0 30.1 57.5 2 -1 0
0 1 0 30.1 57.5 2 -1 0
0 1 0 30.1 58.0 2 -1 0
0 1 0 30.1 58.0 2 -1 0
0 1 0 30.1 58.0 2 -1 0
0 1 0 30.1 58.0 2 -1 0
0 1 0 30.1 57.5 2 -1 0
0 1 0 30.2 57.5 2 -1 0
0 1 0 30.2 57.5 2 -1 0
0 1 0 30.2 57.5 2 -1 0
0 1 0 30.2 57.5 2 -1 0
0 1 0 30.2 57.5 2 -1 0
0 1 0 30.2 57.0 2 -1 0
0 1 0 30.2 57.0 2 -1 0
0 1 0 30.3 57.5 2 -1 0
0 1 0 30.2 57.5 2 -1 0
0 1 0 30.2 57.5 2 -1 0
0 1 0 30.2 57.5 2 -1 0
0 1 0 30.3 57.5 2 -1 0
0 1 0 30.3 57.5 2 -1 0
0 1 0 30.3 57.5 2 -1 0
0 1 0 30.3 57.5 2 -1 0
0 1 0 30.3 57.5 2 -1 0
0 1 0 30.3 58.0 2 -1 0
0 1 0 30.3 58.0 2 -1 0
0 1 0 30.3 57.5 2 -1 0
0 1 0 30.3 58.0 2 -1 0
0 1 0 30.3 57.5 2 -1 0
0 1 0 30.3 57.5 2 -1 0
0 1 0 30.4 57.5 2 -1 0
0 1 0 30.3 57.5 2 -1 0
0 1 0 30.3 57.5 2 -1 0
0 1 0 30.3 57.5 2 -1 0
0 1 0 30.4 57.5 2 -1 0
0 1 0 30.4 57.5 2 -1 0
0 1 0 30.4 57.5 2 -1 0
0 1 0 30.4 57.0 2 -1 0
0 1 0 30.4 57.0 2 -1 0
0 1 0 30.4 57.0 2 -1 0
0 1 0 30.4 57.0 2 -1 0
0 1 0 30.4 57.0 2 -1 0
0 1 0 30.4 57.0 2 -1 0
0 1 0 30.4 57.0 2 -1 0
0 1 0 30.4 57.0 2 -1 0
0 1 0 30.4 57.0 2 -1 0
0 1 0 30.5 57.0 2 -1 0
0 1 0 30.5 57.0 2 -1 0
0 1 0 30.5 57.0 2 -1 0
0 1 0 30.4 57.0 2 -1 0
0 1 0 30.5 57.0 2 -1 0
0 1 0 30.4 57.0 2 -1 0
0 1 0 30.5 57.0 2 -1 0
0 1 0 30.5 57.0 2 -1 0
0 1 0 30.5 57.0 2 -1 0
0 1 0 30.5 57.0 2 -1 0
0 1 0 30.5 57.0 2 -1 0
0 1 0 30.6 57.0 2 -1 0
0 1 0 30.6 57.0 2 -1 0
0 1 0 30.6 56.5 2 -1 0
0 1 0 30.6 56.5 2 -1 0
0 1 0 30.5 57.0 2 -1 0
0 1 0 30.6 56.5 2 -1 0
0 1 0 30.6 56.5 2 -1 0
0 1 0 30.6 56.5 2 -1 0
0 1 0 30.5 56.5 2 -1 0
0 1 0 30.6 56.5 2 -1 0
0 1 0 30.5 56.5 2 -1 0
0 1 0 30.6 56.5 2 -1 0
0 1 0 30.6 56.5 2 -1 0
0 1 0 30.6 57.0 2 -1 0
0 1 0 30.6 57.0 2 -1 0
0 1 0 30.5 57.0 2 -1 0
0 1 0 30.7 57.0 2 -1 0
0 1 0 30.6 57.0 2 -1 0
0 1 0 30.7 57.0 2 -1 0
0 1 0 30.6 57.0 2 -1 0
0 1 0 30.6 56.5 2 -1 0
0 1 0 30.6 57.0 2 -1 0
0 1 0 30.6 57.0 2 -1 0
0 1 0 30.6 57.0 2 -1 0
0 1 0 30.6 57.0 2 -1 0
0 1 0 30.7 57.0 2 -1 0
0 1 0 30.7 57.0 2 -1 0
0 1 0 30.7 57.0 2 -1 0
0 1 0 30.6 57.0 2 -1 0
0 1 0 30.7 57.0 2 -1 0
0 1 0 30.7 57.5 2 -1 0
0 1 0 30.7 57.0 2 -1 0
0 1 0 30.7 57.0 2 -1 0
0 1 0 30.7 57.0 2 -1 0
0 1 0 30.7 57.0 2 -1 0
0 1 0 30.7 57.0 2 -1 0
0 1 0 30.7 57.0 2 -1 0
0 1 0 30.8 57.5 2 -1 0
0 1 0 30.8 57.5 2 -1 0
0 1 0 30.8 57.5 2 -1 0
0 1 0 30.8 58.0 2 -1 0
0 1 0 30.7 58.0 2 -1 0
0 1 0 30.7 58.0 2 -1 0
0 1 0 30.7 57.5 2 -1 0
0 1 0 30.8 58.0 2 -1 0
0 1 0 30.8 58.0 2 -1 0
0 1 0 30.8 58.0 2 -1 0
0 1 0 30.8 58.0 2 -1 0
0 1 0 30.8 58.0 2 -1 0
0 1 0 30.9 58.0 2 -1 0
0 1 0 30.8 58.0 2 -1 0
0 1 0 30.9 58.0 2 -1 0
0 1 0 30.9 58.0 2 -1 0
0 1 0 30.8 58.0 2 -1 0
0 1 0 30.8 57.5 2 -1 0
0 1 0 30.8 58.0 2 -1 0
0 1 0 30.8 58.0 2 -1 0
0 1 0 30.9 57.5 2 -1 0
0 1 0 30.9 58.0 2 -1 0
0 1 0 30.8 57.5 2 -1 0
0 1 0 30.9 58.0 2 -1 0
0 1 0 30.9 57.5 2 -1 0
0 1 0 30.9 58.0 2 -1 0
0 1 0 31.0 58.0 2 -1 0
0 1 0 30.8 57.5 2 -1 0
0 1 0 30.9 58.0 2 -1 0
0 1 0 30.9 58.0 2 -1 0
0 1 0 30.9 58.0 2 -1 0
0 1 0 30.9 58.0 2 -1 0
0 1 0 30.9 58.0 2 -1 0
0 1 0 30.9 58.0 2 -1 0
0 1 0 31.0 58.0 2 -1 0
0 1 0 30.9 58.0 2 -1 0
0 1 0 31.0 58.0 2 -1 0
0 1 0 30.9 58.0 2 -1 0
0 1 0 31.0 58.0 2 -1 0
0 1 0 30.9 58.0 2 -1 0
0 1 0 31.0 58.0 2 -1 0
0 1 0 30.9 58.0 2 -1 0
0 1 0 31.0 58.0 2 -1 0
0 1 0 31.0 58.0 2 -1 0
0 1 0 31.0 58.0 2 -1 0
0 1 0 31.0 58.0 2 -1 0
0 1 0 31.0 58.0 2 -1 0
0 1 0 31.0 58.0 2 -1 0
0 1 0 31.0 58.0 2 -1 0
0 1 0 31.0 58.5 2 -1 0
0 1 0 31.0 58.0 2 -1 0
0 1 0 31.0 58.5 2 -1 0
0 1 0 31.0 58.5 2 -1 0
0 1 0 31.0 58.5 2 -1 0
0 1 0 31.0 58.5 2 -1 0
0 1 0 31.0 58.5 2 -1 0
0 1 0 30.9 58.5 2 -1 0
0 1 0 31.0 58.5 2 -1 0
0 1 0 31.0 58.0 2 -1 0
0 1 0 31.0 58.0 2 -1 0
0 1 0 31.0 58.5 2 -1 0
0 1 0 31.0 58.0 2 -1 0
0 1 0 31.1 58.5 2 -1 0
0 1 0 31.1 58.5 2 -1 0
0 1 0 31.1 58.5 2 -1 0
0 1 0 31.0 58.5 2 -1 0
0 1 0 31.1 58.0 2 -1 0
0 1 0 31.0 58.5 2 -1 0
0 1 0 31.0 58.5 2 -1 0
0 1 0 31.1 58.5 2 -1 0
0 1 0 31.1 58.5 2 -1 0
0 1 0 31.0 58.5 2 -1 0
0 1 0 31.1 58.0 2 -1 0
0 1 0 31.1 58.5 2 -1 0
0 1 0 31.1 58.5 2 -1 0
0 1 0 31.1 58.5 2 -1 0
0 1 0 31.1 58.5 2 -1 0
0 1 0 31.1 58.5 2 -1 0
0 1 0 31.1 58.5 2 -1 0
0 1 0 31.1 58.5 2 -1 0
0 1 0 31.1 58.5 2 -1 0
0 1 0 31.1 58.5 2 -1 0
0 1 0 31.2 58.5 2 -1 0
0 1 0 31.1 58.5 2 -1 0
0 1 0 31.1 58.5 2 -1 0
0 1 0 31.1 58.5 2 -1 0
0 1 0 31.1 58.5 2 -1 0
0 1 0 31.2 58.5 2 -1 0
0 1 0 31.1 58.5 2 -1 0
0 1 0 31.1 58.5 2 -1 0
0 1 0 31.1 58.5 2 -1 0
0 1 0 31.2 58.5 2 -1 0
0 1 0 31.2 58.5 2 -1 0
0 1 0 31.1 58.5 2 -1 0
0 1 0 31.2 58.5 2 -1 0
0 1 0 31.2 58.5 2 -1 0
0 1 0 31.2 58.5 2 -1 0
0 1 0 31.2 58.5 2 -1 0
0 1 0 31.1 58.5 2 -1 0
0 1 0 31.2 58.5 2 -1 0
0 1 0 31.1 58.5 2 -1 0
0 1 0 31.1 58.5 2 -1 0
0 1 0 31.2 58.5 2 -1 0
0 1 0 31.1 58.5 2 -1 0
0 1 0 31.2 58.5 2 -1 0
0 1 0 31.2 58.5 2 -1 0
0 1 0 31.2 58.5 2 -1 0
0 1 0 31.2 58.5 2 -1 0
0 1 0 31.2 58.5 2 -1 0
0 1 0 31.2 58.5 2 -1 0
0 1 0 31.2 59.0 2 -1 0
0 1 0 31.2 59.0 2 -1 0
0 1 0 31.2 59.0 2 -1 0
0 1 0 31.2 59.0 2 -1 0
0 1 0 31.2 59.5 2 -1 0
0 1 0 31.2 59.5 2 -1 0
0 1 0 31.2 59.5 2 -1 0
0 1 0 31.2 59.5 2 -1 0
0 1 0 31.2 59.5 2 -1 0
0 1 0 31.2 59.5 2 -1 0
0 1 0 31.2 59.5 2 -1 0
0 1 0 31.1 59.5 2 -1 0
0 1 0 31.2 59.5 2 -1 0
0 1 0 31.2 60.0 2 -1 0
0 1 0 31.2 59.5 2 -1 0
0 1 0 31.2 59.5 2 -1 0
0 1 0 31.3 60.0 2 -1 0
0 1 0 31.2 60.0 2 -1 0
0 1 0 31.2 60.0 2 -1 0
0 1 0 31.2 60.0 2 -1 0
0 1 0 31.2 60.0 2 -1 0
0 1 0 31.3 60.0 2 -1 0
0 1 0 31.3 60.0 2 -1 0
0 1 0 31.3 59.5 2 -1 0
0 1 0 31.2 59.5 2 -1 0
0 1 0 31.3 60.0 2 -1 0
0 1 0 31.2 59.5 2 -1 0
0 1 0 31.3 60.0 2 -1 0
0 1 0 31.3 59.5 2 -1 0
0 1 0 31.3 59.5 2 -1 0
0 1 0 31.3 59.5 2 -1 0
0 1 0 31.3 59.5 2 -1 0
0 1 0 31.3 59.5 2 -1 0
0 1 0 31.2 60.0 2 -1 0
0 1 0 31.3 60.0 2 -1 0
0 1 0 31.3 60.0 2 -1 0
0 1 0 31.3 60.0 2 -1 0
0 1 0 31.3 59.5 2 -1 0
0 1 0 31.3 59.5 2 -1 0
0 1 0 31.3 59.5 2 -1 0
0 1 0 31.3 59.5 2 -1 0
0 1 0 31.3 59.5 2 -1 0
0 1 0 31.3 59.5 2 -1 0
0 1 0 31.3 59.5 2 -1 0
0 1 0 31.3 60.0 2 -1 0
0 1 0 31.3 60.0 2 -1 0
0 1 0 31.3 60.0 2 -1 0
0 1 0 31.3 60.0 2 -1 0
0 1 0 31.3 60.0 2 -1 0
0 1 0 31.3 60.0 2 -1 0
0 1 0 31.3 60.0 2 -1 0
0 1 0 31.3 60.0 2 -1 0
0 1 0 31.3 60.0 2 -1 0
0 1 0 31.3 59.5 2 -1 0
0 1 0 31.3 60.0 2 -1 0
0 1 0 31.3 59.5 2 -1 0
0 1 0 31.3 59.5 2 -1 0
0 1 0 31.3 59.5 2 -1 0
0 1 0 31.4 59.5 2 -1 0
0 1 0 31.3 59.5 2 -1 0
0 1 0 31.4 59.5 2 -1 0
0 1 0 31.4 59.5 1 -1 0
0 1 0 31.3 59.5 1 -1 0
0 1 0 31.4 59.5 1 -1 0
0 1 0 31.3 59.5 1 -1 0
0 1 0 31.4 60.0 1 -1 0
0 1 0 31.3 60.0 1 -1 0
0 1 0 31.4 60.0 1 -1 0
0 1 0 31.3 60.0 1 -1 0
0 1 0 31.3 60.0 1 -1 0
0 1 0 31.3 60.0 0 -1 0
0 1 0 31.4 60.5 0 -1 0
0 1 0 31.3 60.5 0 -1 0
0 1 0 31.3 60.5 2 -1 0
0 1 0 31.3 60.5 3 -1 0
0 1 0 31.3 60.5 1 -1 0
0 1 0 31.4 60.5 1 -1 0
0 1 0 31.3 60.5 1 -1 0
0 1 0 31.3 60.5 1 -1 0
0 1 0 31.3 60.5 1 -1 0
0 1 0 31.4 60.5 2 -1 0
0 1 0 31.3 60.5 2 -1 0
0 1 0 31.4 60.5 1 -1 0
0 1 0 31.3 60.5 2 -1 0
0 1 0 31.3 60.5 2 -1 0
0 1 0 31.4 60.5 4 -1 0
0 1 0 31.4 60.5 5 -1 0
0 1 0 31.4 60.5 7 -1 0
0 1 0 31.4 60.5 9 -1 0
0 1 0 31.3 60.5 10 -1 0
0 1 0 31.3 60.5 8 -1 0
0 1 0 31.4 60.5 9 -1 0
0 1 0 31.4 60.5 12 -1 0
0 1 0 31.4 60.5 13 -1 0
0 1 0 31.4 60.5 16 -1 0
0 1 0 31.4 60.5 18 -1 0
0 1 0 31.4 60.5 20 -1 0
0 1 0 31.4 60.5 21 -1 0
0 1 0 31.4 60.0 18 -1 0
0 1 0 31.4 60.0 18 -1 0
0 1 0 31.4 60.0 15 -1 0
0 1 0 31.4 60.0 12 -1 0
0 1 0 31.5 60.0 12 -1 0
0 1 0 31.5 60.0 12 -1 0
0 1 0 31.4 60.0 14 -1 0
0 1 0 31.4 60.0 14 -1 0
0 1 0 31.5 60.0 12 -1 0
0 1 0 31.4 60.0 12 -1 0
0 1 0 31.4 60.0 14 -1 0
0 1 0 31.4 60.5 16 -1 0
0 1 0 31.4 60.5 15 -1 0
0 1 0 31.4 60.5 17 -1 0
0 1 0 31.4 60.5 19 -1 0
0 1 0 31.4 60.5 17 -1 0
0 1 0 31.4 61.0 19 -1 0
0 1 0 31.4 61.0 19 -1 0
0 1 0 31.4 61.0 21 -1 0
0 1 0 31.5 61.0 21 -1 0
0 1 0 31.4 61.0 26 -1 0
0 1 0 31.4 61.0 27 -1 0
0 1 0 31.4 61.0 34 -1 0
0 1 0 31.4 61.0 38 -1 0
0 1 0 31.4 61.0 39 -1 0
0 1 0 31.4 61.0 45 -1 0
0 1 0 31.4 61.0 46 -1 0
0 1 0 31.4 61.0 58 -1 0
0 1 0 31.5 61.0 63 -1 0
0 1 0 31.4 61.0 65 -1 0
0 1 0 31.5 61.0 73 -1 0
0 1 0 31.5 61.0 85 -1 0
0 1 0 31.5 61.0 85 -1 0
0 1 0 31.5 60.5 85 -1 0
0 1 0 31.5 60.5 84 -1 0
0 1 0 31.6 60.5 94 -1 0
0 1 0 31.5 60.5 99 -1 0
0 1 0 31.6 60.5 98 -1 0
0 1 0 31.6 60.5 101 -1 0
0 1 0 31.5 60.5 99 -1 0
0 1 0 31.6 60.5 100 -1 0
0 1 0 31.6 60.5 104 -1 0
0 1 0 31.7 60.5 108 -1 0
0 1 0 31.6 60.5 111 -1 0
0 1 0 31.6 60.5 116 -1 0
0 1 0 31.7 60.5 122 -1 0
0 1 0 31.7 60.5 118 -1 0
0 1 0 31.7 60.5 121 -1 0
0 1 0 31.7 60.5 120 -1 0
0 1 0 31.8 60.5 120 -1 0
0 1 0 31.6 60.5 120 -1 0
0 1 0 31.7 60.5 117 -1 0
0 1 0 31.7 60.5 110 -1 0
0 1 0 31.7 60.0 102 -1 0
0 1 0 31.7 60.0 97 -1 0
0 1 0 31.8 60.0 97 -1 0
0 1 0 31.7 60.0 104 -1 0
0 1 0 31.7 60.0 111 -1 0
0 1 0 31.8 60.0 119 -1 0
0 1 0 31.8 59.5 126 -1 0
0 1 0 31.8 59.5 133 -1 0
0 1 0 31.8 59.5 126 -1 0
0 1 0 31.8 59.5 113 -1 0
0 1 0 31.8 59.5 116 -1 0
0 1 0 31.8 59.5 129 -1 0
0 1 0 31.8 59.5 131 -1 0
0 1 0 31.9 59.5 126 -1 0
0 1 0 31.9 59.5 121 -1 0
0 1 0 31.9 59.5 119 -1 0
0 1 0 31.9 59.5 116 -1 0
0 1 0 31.9 59.5 124 -1 0
0 1 0 31.9 59.5 131 -1 0
0 1 0 31.9 59.5 137 -1 0
0 1 0 31.9 60.0 137 -1 0
0 1 0 31.9 60.0 135 -1 0
0 1 0 31.9 60.0 137 -1 0
0 1 0 31.9 60.0 139 -1 0
0 1 0 31.9 60.0 135 -1 0
0 1 0 31.9 60.5 139 -1 0
0 1 0 31.9 60.5 142 -1 0
0 1 0 31.9 60.5 141 -1 0
0 1 0 31.9 60.5 149 -1 0
0 1 0 31.9 60.5 151 -1 0
0 1 0 31.9 60.5 156 -1 0
0 1 0 32.0 60.5 161 -1 0
0 1 0 32.0 60.5 170 -1 0
0 1 0 32.0 60.5 158 -1 0
0 1 0 32.0 60.5 163 -1 0
0 1 0 32.0 60.5 172 -1 0
0 1 0 32.0 60.5 175 -1 0
0 1 0 32.1 60.5 179 -1 0
0 1 0 32.1 60.0 178 -1 0
0 1 0 32.1 60.0 182 -1 0
0 1 0 32.1 60.0 180 -1 0
0 1 0 32.2 60.0 176 -1 0
0 1 0 32.2 59.5 179 -1 0
0 1 0 32.1 59.5 179 -1 0
0 1 0 32.1 60.0 179 -1 0
0 1 0 32.2 60.0 177 -1 0
0 1 0 32.2 60.0 177 -1 0
0 1 0 32.2 60.0 170 -1 0
0 1 0 32.2 60.0 167 -1 0
0 1 0 32.2 60.0 170 -1 0
0 1 0 32.2 59.5 170 -1 0
0 1 0 32.3 60.0 170 -1 0
0 1 0 32.2 59.5 170 -1 0
0 1 0 32.2 59.5 170 -1 0
0 1 0 32.2 59.5 176 -1 0
0 1 0 32.3 60.0 179 -1 0
0 1 0 32.3 60.0 177 -1 0
0 1 0 32.3 60.0 177 -1 0
0 1 0 32.3 60.0 174 -1 0
0 1 0 32.4 60.0 174 -1 0
0 1 0 32.3 60.0 172 -1 0
0 1 0 32.4 60.0 172 -1 0
0 1 0 32.3 60.0 172 -1 0
0 1 0 32.4 60.0 174 -1 0
0 1 0 32.4 60.0 177 -1 0
0 1 0 32.4 60.0 175 -1 0
0 1 0 32.4 60.0 177 -1 0
0 1 0 32.5 60.0 177 -1 0
0 1 0 32.4 59.5 177 -1 0
0 1 0 32.4 59.5 175 -1 0
0 1 0 32.5 60.0 179 -1 0
0 1 0 32.4 59.5 175 -1 0
0 1 0 32.5 59.5 175 -1 0
0 1 0 32.4 59.5 177 -1 0
0 1 0 32.4 59.5 179 -1 0
0 1 0 32.5 60.0 177 -1 0
0 1 0 32.5 59.5 175 -1 0
0 1 0 32.6 60.0 177 -1 0
0 1 0 32.5 59.5 174 -1 0
0 1 0 32.6 59.5 172 -1 0
0 1 0 32.5 59.5 174 -1 0
0 1 0 32.6 59.5 172 -1 0
0 1 0 32.6 60.0 172 -1 0
0 1 0 32.6 60.0 174 -1 0
0 1 0 32.6 60.0 172 -1 0
0 1 0 32.6 60.0 168 -1 0
0 1 0 32.6 60.0 170 -1 0
0 1 0 32.6 60.0 165 -1 0
0 1 0 32.6 60.0 167 -1 0
0 1 0 32.7 60.0 165 -1 0
0 1 0 32.6 60.0 167 -1 0
0 1 0 32.6 60.0 163 -1 0
0 1 0 32.6 60.0 165 -1 0
0 1 0 32.7 60.0 161 -1 0
0 1 0 32.7 60.0 160 -1 0
0 1 0 32.7 60.0 160 -1 0
0 1 0 32.7 60.0 158 -1 0
0 1 0 32.7 59.5 156 -1 0
0 1 0 32.7 59.5 158 -1 0
0 1 0 32.7 59.5 154 -1 0
0 1 0 32.7 59.5 155 -1 0
0 1 0 32.7 59.5 153 -1 0
0 1 0 32.6 59.5 153 -1 0
0 1 0 32.7 59.5 151 -1 0
0 1 0 32.7 59.5 153 -1 0
0 1 0 32.6 59.5 151 -1 0
0 1 0 32.7 59.5 149 -1 0
0 1 0 32.7 59.5 151 -1 0
0 1 0 32.7 59.5 149 -1 0
0 1 0 32.7 59.5 149 -1 0
0 1 0 32.7 59.5 148 -1 0
0 1 0 32.7 59.5 148 -1 0
0 1 0 32.7 59.5 148 -1 0
0 1 0 32.7 59.5 148 -1 0
0 1 0 32.7 59.5 148 -1 0
0 1 0 32.7 59.5 148 -1 0
0 1 0 32.7 59.5 148 -1 0
0 1 0 32.7 59.5 148 -1 0
0 1 0 32.7 59.5 146 -1 0
0 1 0 32.7 59.5 146 -1 0
0 1 0 32.7 59.5 144 -1 0
0 1 0 32.7 59.5 144 -1 0
0 1 0 32.7 59.5 148 -1 0
0 1 0 32.7 59.5 146 -1 0
0 1 0 32.7 59.5 146 -1 0
0 1 0 32.7 59.5 146 -1 0
0 1 0 32.7 59.5 144 -1 0
0 1 0 32.7 59.5 144 -1 0
0 1 0 32.7 59.5 142 -1 0
0 1 0 32.8 59.5 142 -1 0
0 1 0 32.7 59.5 144 -1 0
0 1 0 32.7 59.0 144 -1 0
0 1 0 32.7 59.0 142 -1 0
0 1 0 32.8 59.0 143 -1 0
0 1 0 32.7 59.0 143 -1 0
0 1 0 32.7 59.0 140 -1 0
0 1 0 32.7 59.0 140 -1 0
0 1 0 32.8 59.0 143 -1 0
0 1 0 32.7 59.5 143 -1 0
0 1 0 32.7 59.0 139 -1 0
0 1 0 32.7 59.5 137 -1 0
0 1 0 32.7 59.5 137 -1 0
0 1 0 32.8 59.5 139 -1 0
0 1 0 32.7 59.5 137 -1 0
0 1 0 32.8 59.5 136 -1 0
0 1 0 32.8 59.5 132 -1 0
0 1 0 32.8 59.5 132 -1 0
0 1 0 32.7 59.0 132 -1 0
0 1 0 32.7 59.5 130 -1 0
0 1 0 32.8 59.0 132 -1 0
0 1 0 32.8 59.0 128 -1 0
0 1 0 32.7 59.0 130 -1 0
0 1 0 32.8 59.0 126 -1 0
0 1 0 32.7 59.5 129 -1 0
0 1 0 32.7 59.0 127 -1 0
0 1 0 32.7 59.5 125 -1 0
0 1 0 32.8 59.5 123 -1 0
0 1 0 32.8 59.5 127 -1 0
0 1 0 32.7 59.5 127 -1 0
0 1 0 32.7 59.0 125 -1 0
0 1 0 32.7 59.5 125 -1 0
0 1 0 32.8 59.5 123 -1 0
0 1 0 32.7 59.5 125 -1 0
0 1 0 32.8 59.5 123 -1 0
0 1 0 32.8 59.5 123 -1 0
0 1 0 32.7 59.5 123 c26 0
0 1 10 32.8 59.5 131 c26 0
1 1 17 32.8 57.5 143 c26 1
1 1 13 32.5 55.0 147 c26 1
1 1 11 32.3 54.5 141 c26 1
1 1 7 32.0 54.5 145 c26 1
1 1 2 32.0 54.0 141 c26 1
1 1 0 31.8 53.5 139 c26 1
1 1 0 31.7 53.5 143 c26 1
1 1 4 31.7 54.0 141 c26 1
1 1 1 31.6 53.5 139 c26 1
1 1 0 31.5 53.5 139 c26 1
1 1 0 31.4 53.5 137 c26 1
1 1 0 31.4 53.5 137 c26 1
1 1 1 31.4 53.0 137 c26 1
1 1 12 31.3 52.5 137 c26 1
1 1 2 31.2 52.5 137 c26 1
1 1 5 31.0 52.0 136 c26 1
1 1 4 31.0 51.5 138 c26 1
1 1 0 30.9 51.5 136 c26 1
1 1 1 30.9 51.5 134 c26 1
1 1 0 30.9 52.0 134 c26 1
1 1 0 30.8 52.0 134 c26 1
1 1 0 30.8 52.0 134 c26 1
1 1 3 30.8 52.5 134 c26 1
1 1 0 30.9 52.5 134 c26 1
1 1 7 30.9 52.5 130 c26 1
1 1 6 30.8 52.5 132 c26 1
1 1 9 30.7 52.5 130 c26 1
1 1 0 30.8 52.5 130 c26 1
1 1 0 30.7 52.5 130 c26 1
1 1 3 30.7 52.5 128 c26 1
1 1 0 30.6 52.5 128 c26 1
1 1 4 30.6 52.5 127 c26 1
1 1 0 30.5 52.0 125 c26 1
1 1 4 30.4 52.0 125 c26 1
1 1 1 30.4 52.0 123 c26 1
1 1 2 30.3 52.0 123 c26 1
1 1 2 30.2 52.5 125 c26 1
1 1 8 30.2 52.0 125 c26 1
1 1 7 30.2 52.0 121 c26 1
1 1 0 30.1 52.0 123 c26 1
1 1 2 30.1 51.5 123 c26 1
1 1 21 30.0 51.0 120 c26 1
1 1 0 29.8 51.0 121 c26 1
1 1 0 29.8 51.0 119 c26 1
1 1 2 29.8 51.0 121 c26 1
1 1 4 29.8 51.5 118 c26 1
1 1 3 29.9 51.5 120 c26 1
1 1 3 29.9 52.5 116 c26 1
1 1 6 29.9 52.5 116 c26 1
1 1 6 29.9 52.5 116 c26 1
1 1 10 29.9 52.0 118 c26 1
1 1 0 29.8 52.5 116 c26 1
1 1 4 29.8 52.5 116 c26 1
1 1 2 29.7 52.0 114 c26 1
1 1 2 29.7 52.0 116 c26 1
1 1 6 29.7 52.5 116 c26 1
1 1 3 29.7 52.0 114 c26 1
1 1 6 29.6 52.0 110 c26 1
1 1 2 29.5 52.0 113 c26 1
1 1 0 29.5 52.0 113 c26 1
1 1 1 29.5 52.0 111 c26 1
1 1 2 29.5 52.0 109 c26 1
1 1 0 29.5 52.0 111 c26 1
1 1 0 29.5 52.5 109 c26 1
1 1 3 29.5 54.0 109 c26 1
1 1 6 29.6 54.5 107 c26 1
0 1 4 29.7 54.5 107 c26 1
0 1 6 29.6 54.5 107 c26 1
0 1 0 29.6 54.5 107 c26 1
0 1 0 29.6 54.5 105 c26 1
0 1 0 29.6 54.5 105 c26 1
0 1 1 29.5 54.5 109 c26 1
0 1 9 29.4 54.0 107 c26 1
0 1 0 29.4 54.0 105 c26 1
0 1 1 29.3 53.5 106 c26 1
0 1 0 29.3 53.5 104 c26 1
0 1 7 29.3 53.0 102 c26 1
0 1 2 29.2 53.0 104 c26 1
0 1 10 29.2 52.5 104 c26 1
0 1 0 29.1 52.5 102 c26 1
0 1 3 29.0 52.0 100 c26 1
0 1 0 29.0 52.0 100 c26 1
0 1 0 29.0 52.0 100 c26 1
0 1 1 29.0 52.0 102 c26 1
0 1 0 29.0 52.0 100 c26 1
0 1 2 29.0 52.0 98 c26 1
0 1 0 28.9 52.0 98 c26 1
0 1 0 28.9 52.0 100 c26 1
0 1 0 28.9 52.0 99 c26 1
0 1 0 28.8 52.0 96 c26 1
0 1 5 28.8 52.0 98 c26 1
0 1 1 28.7 52.5 99 c26 1
0 1 0 28.8 52.5 97 c26 1
0 1 0 28.8 52.5 99 c26 1
0 1 0 28.9 53.0 97 c26 1
0 1 6 28.9 53.0 97 c26 1
0 1 2 28.9 53.0 96 c26 1
0 1 2 28.8 53.0 97 c26 1
0 1 4 28.8 53.0 99 c26 1
0 1 1 28.7 53.0 97 c26 1
0 1 1 28.7 53.0 95 c26 1
0 1 0 28.7 52.5 95 c26 1
0 1 1 28.6 52.5 95 c26 1
0 1 0 28.6 52.5 95 c26 1
0 1 0 28.6 52.5 95 c26 1
0 1 3 28.6 52.5 97 c26 1
0 1 2 28.6 52.5 97 c26 1
0 1 0 28.5 53.0 95 c26 1
0 1 0 28.5 52.5 93 c26 1
0 1 0 28.4 52.5 93 c26 1
0 1 2 28.5 52.5 93 c26 1
0 1 2 28.4 52.5 91 c26 1
0 1 21 28.4 52.5 93 c26 1
0 1 14 28.4 52.5 93 c26 1
0 1 18 28.4 52.5 93 c26 1
0 1 0 28.4 52.5 91 c26 1
0 1 4 28.3 52.5 92 c26 1
0 1 0 28.3 52.5 92 c26 1
0 1 0 28.3 52.5 90 c26 1
0 1 3 28.3 52.5 88 c26 1
0 1 8 28.2 53.0 90 c26 1
0 1 12 28.2 52.5 90 c26 1
0 1 5 28.2 52.5 90 c26 1
0 1 1 28.1 52.5 88 c26 1
0 1 8 28.0 52.5 86 c26 1
0 1 4 28.1 52.0 86 c26 1
0 1 9 28.0 52.0 86 c26 1
0 1 5 28.0 52.0 84 c26 1
0 1 1 28.0 52.0 84 c26 1
0 1 3 27.9 52.0 86 c26 1
0 1 6 28.0 52.0 84 c26 1
0 1 7 27.9 52.0 84 c26 1
0 1 4 27.9 52.0 86 c26 1
0 1 3 28.0 52.5 88 c26 1
0 1 11 27.9 52.5 86 c26 1
1 1 29 28.0 53.5 81 c26 1
1 1 35 27.9 54.0 84 c26 1
1 1 58 28.0 55.0 86 c26 1
1 1 19 28.0 56.5 91 c26 1
0 1 8 28.0 56.5 93 c26 1
0 1 0 28.0 56.5 89 c26 1
0 1 0 28.0 56.0 89 c26 1
0 1 6 28.0 56.0 89 c26 1
0 1 6 27.9 55.5 90 c26 1
0 1 6 28.0 55.5 86 c26 1
0 1 6 28.0 55.5 86 c26 1
0 1 15 27.9 55.5 86 c26 1
0 1 3 27.9 55.0 86 c26 1
0 1 4 27.9 55.0 88 c26 1
0 1 6 28.0 55.0 90 c26 1
0 1 17 27.9 55.0 90 c26 1
0 1 5 27.9 55.0 88 c26 1
0 1 10 28.0 55.0 87 c26 1
0 1 4 27.9 55.5 87 c26 1
0 1 8 28.0 56.0 89 c26 1
0 1 6 28.1 56.0 89 c26 1
0 1 6 28.1 55.5 88 c26 1
0 1 9 28.1 56.0 88 c26 1
0 1 2 28.0 55.5 86 c26 1
0 1 1 28.0 55.5 86 c26 1
0 1 10 28.0 55.5 83 c26 1
0 1 0 28.0 55.5 86 c26 1
0 1 12 27.9 55.5 88 c26 1
0 1 6 27.9 55.0 87 c26 1
0 1 2 27.9 55.0 89 c26 1
0 1 7 27.8 55.0 89 c26 1
0 1 10 27.9 55.0 89 c26 1
0 1 10 27.8 54.5 91 c26 1
0 1 0 27.8 54.5 87 c26 1
0 1 0 27.7 54.0 89 c26 1
0 1 4 27.6 54.0 87 c26 1
0 1 5 27.7 53.5 88 c26 1
0 1 10 27.6 53.5 84 c26 1
0 1 4 27.6 53.5 82 c26 1
0 1 11 27.6 53.5 84 c26 1
0 1 2 27.6 53.5 84 c26 1
0 1 1 27.6 53.5 88 c26 1
0 1 6 27.6 54.0 83 c26 1
0 1 18 27.7 54.0 84 c26 1
0 1 5 27.6 54.0 84 c26 1
0 1 5 27.7 54.0 82 c26 1
0 1 11 27.5 54.0 82 c26 1
0 1 4 27.5 53.5 82 c26 1
0 1 0 27.5 53.5 84 c26 1
0 1 5 27.5 53.0 82 c26 1
0 1 9 27.4 53.0 82 c26 1
0 1 0 27.4 53.0 82 c26 1
0 1 23 27.4 52.5 84 c26 1
1 1 0 27.3 53.0 84 c26 1
1 1 0 27.3 53.0 86 c26 1
1 1 0 27.2 53.0 84 c26 1
1 1 0 27.3 53.0 85 c26 1
1 1 0 27.3 53.5 86 c26 1
1 1 0 27.4 54.0 90 c26 1
1 1 0 27.4 54.0 89 c26 1
1 1 38 27.3 54.0 85 c26 1
1 1 0 27.4 54.0 87 c26 1
1 1 0 27.4 54.0 87 c26 1
1 1 6 27.5 55.0 87 c26 1
1 1 6 27.5 55.0 85 c26 1
1 1 0 27.6 54.5 85 c26 1
1 1 0 27.5 54.0 82 c26 1
1 1 2 27.4 54.0 80 c26 1
1 1 4 27.3 54.0 80 c26 1
1 1 17 27.4 54.0 80 c26 1
1 1 33 27.4 55.0 80 c26 1
1 1 26 27.5 56.0 85 c26 1
1 1 23 27.6 55.5 85 c26 1
1 1 28 27.6 55.5 85 c26 1
1 1 20 27.7 56.0 87 c26 1
1 1 14 27.6 55.5 87 c26 1
1 1 32 27.6 54.5 87 c26 1
1 1 15 27.6 55.0 91 c26 1
1 1 17 27.6 55.0 89 c26 1
1 1 14 27.6 55.5 85 c26 1
1 1 29 27.7 55.5 80 c26 1
0 1 9 27.7 55.5 85 c26 1
0 1 0 27.6 55.5 89 c26 1
0 1 0 27.6 55.5 85 c26 1
0 1 0 27.6 55.5 89 c26 1
0 1 0 27.7 55.5 89 c26 1
0 1 0 27.7 55.5 84 c26 1
0 1 0 27.6 55.5 88 c26 1
0 1 0 27.6 55.5 86 c26 1
0 1 0 27.6 55.5 87 c26 1
0 1 0 27.6 55.5 85 c26 1
0 1 0 27.6 55.5 75 c26 1
0 1 0 27.6 55.5 75 c26 1
0 1 0 27.6 55.5 76 c26 1
0 1 0 27.6 56.0 81 c26 1
0 1 0 27.6 56.0 85 c26 1
0 1 0 27.6 56.0 84 c26 1
0 1 0 27.6 56.0 85 c26 1
0 1 0 27.6 56.0 77 c26 1
0 1 0 27.5 55.5 79 c26 1
0 1 0 27.5 55.0 83 c26 1
0 1 0 27.5 55.0 82 c26 1
0 1 0 27.5 55.0 80 c26 1
0 1 0 27.4 54.5 76 c26 1
0 1 0 27.4 54.5 76 c26 1
0 1 0 27.3 54.5 76 c26 1
0 1 0 27.4 54.5 76 c26 1
0 1 0 27.4 55.0 74 c26 1
0 1 0 27.4 55.0 74 c26 1
0 1 0 27.4 55.0 82 c26 1
0 1 0 27.5 55.5 83 c26 1
0 1 0 27.5 55.5 87 c26 1
0 1 0 27.6 56.5 87 c26 1
0 1 0 27.6 56.0 87 c26 1
0 1 0 27.6 56.0 87 c26 1
0 1 0 27.6 56.5 87 c26 1
0 1 0 27.7 56.5 87 c26 1
0 1 0 27.6 56.5 89 c26 1
0 1 0 27.6 57.0 87 c26 1
0 1 0 27.7 57.0 83 c26 1
0 1 0 27.7 57.0 85 c26 1
0 1 0 27.7 57.0 85 c26 1
0 1 0 27.7 57.0 76 c26 1
0 1 0 27.6 57.0 75 c26 1
0 1 0 27.6 56.5 76 c26 1
0 1 0 27.6 56.5 75 c26 1
0 1 0 27.5 56.0 80 c26 1
0 1 0 27.6 56.0 74 c26 1
0 1 0 27.5 55.5 70 c26 1
0 1 0 27.4 55.5 74 c26 1
0 1 0 27.3 55.5 81 c26 1
0 1 0 27.4 55.5 82 c26 1
0 1 0 27.4 55.5 72 c26 1
0 1 0 27.4 56.0 76 c26 1
0 1 0 27.4 56.0 72 c26 1
0 1 0 27.5 56.0 72 c26 1
0 1 0 27.5 56.5 72 c26 1
0 1 0 27.5 56.5 77 c26 1
0 1 0 27.5 57.5 75 c26 1
0 1 0 27.5 57.0 75 c26 1
0 1 0 27.6 57.0 78 c26 1
0 1 0 27.5 57.0 72 c26 1
0 1 0 27.6 57.0 73 c26 1
0 1 0 27.5 57.0 79 c26 1
0 1 0 27.6 57.0 79 c26 1
0 1 0 27.5 57.0 71 c26 1
0 1 0 27.6 57.0 79 c26 1
0 1 0 27.5 57.0 72 c26 1
0 1 0 27.5 57.0 70 c26 1
0 1 0 27.6 57.0 69 c26 1
0 1 0 27.4 56.5 67 c26 1
0 1 0 27.5 56.5 69 c26 1
0 1 0 27.4 56.0 69 c26 1
0 1 0 27.4 56.0 69 c26 1
0 1 0 27.4 56.0 69 c26 1
0 1 0 27.4 56.0 71 c26 1
0 1 0 27.3 56.5 68 c26 1
0 1 0 27.3 56.0 79 c26 1
0 1 0 27.3 56.0 75 c26 1
0 1 0 27.3 55.5 80 c26 1
0 1 0 27.3 55.5 79 c26 1
0 1 0 27.2 56.0 83 c26 1
0 1 0 27.3 56.5 75 c26 1
0 1 0 27.3 57.5 72 c26 1
0 1 0 27.4 56.5 75 c26 1
0 1 0 27.4 57.0 82 c26 1
0 1 0 27.4 57.0 82 c26 1
0 1 0 27.5 57.0 78 c26 1
0 1 0 27.5 57.0 84 c26 1
0 1 0 27.5 57.5 85 c26 1
0 1 0 27.5 58.0 83 c26 1
0 1 4 27.5 58.0 82 c26 1
0 1 7 27.5 57.5 85 c26 1
0 1 2 27.5 57.5 85 c26 1
0 1 1 27.5 57.5 81 c26 1
0 1 8 27.4 57.0 84 c26 1
0 1 4 27.4 57.0 80 c26 1
0 1 9 27.4 57.0 82 c26 1
0 1 7 27.4 56.5 81 c26 1
0 1 0 27.4 56.5 83 c26 1
0 1 2 27.3 56.0 87 c26 1
0 1 8 27.3 56.0 83 c26 1
0 1 0 27.3 56.0 84 c26 1
0 1 4 27.3 55.5 81 c26 1
0 1 5 27.2 55.5 89 c26 1
0 1 2 27.2 55.5 87 c26 1
0 1 5 27.2 55.5 79 c26 1
0 1 7 27.2 55.5 76 c26 1
0 1 5 27.2 56.0 70 c26 1
0 1 6 27.2 56.0 67 c26 1
0 1 9 27.2 56.0 65 c26 1
0 1 5 27.3 56.5 65 c26 1
0 1 5 27.3 56.5 67 c26 1
0 1 0 27.3 56.5 68 c26 1
0 1 1 27.3 56.5 68 c26 1
0 1 0 27.3 56.5 68 c26 1
0 1 5 27.3 56.5 68 c26 1
0 1 3 27.2 56.5 76 c26 1
0 1 1 27.2 57.0 82 c26 1
0 1 0 27.2 57.0 84 c26 1
0 1 5 27.2 57.0 79 c26 1
0 1 3 27.2 57.0 80 c26 1
0 1 1 27.3 57.0 71 c26 1
0 1 4 27.3 57.0 62 c26 1
0 1 4 27.2 57.0 62 c26 1
0 1 1 27.3 57.0 64 c26 1
0 1 4 27.3 57.0 64 c26 1
0 1 2 27.3 57.0 62 c26 1
0 1 1 27.2 57.0 64 c26 1
0 1 3 27.2 57.0 62 c26 1
0 1 3 27.2 57.0 68 c26 1
0 1 2 27.1 56.5 73 c26 1
0 1 0 27.2 56.5 72 c26 1
0 1 2 27.1 56.5 70 c26 1
0 1 0 27.1 57.0 73 c26 1
0 1 6 27.2 57.0 75 c26 1
0 1 7 27.2 58.0 73 c26 1
0 1 2 27.3 58.0 78 c26 1
0 1 7 27.3 58.0 76 c26 1
0 1 4 27.3 58.0 79 c26 1
0 1 5 27.3 57.5 81 c26 1
0 1 5 27.3 57.5 79 c26 1
0 1 6 27.2 57.0 81 c26 1
0 1 4 27.2 57.0 84 c26 1
0 1 3 27.1 56.5 84 c26 1
0 1 1 27.1 56.5 84 c26 1
0 1 2 27.1 56.5 84 c26 1
0 1 1 27.0 56.5 88 c26 1
0 1 3 27.1 56.0 86 c26 1
0 1 9 27.0 56.0 86 c26 1
0 1 3 26.9 56.0 86 c26 1
0 1 6 27.0 56.0 86 c26 1
0 1 2 27.1 56.5 86 c26 1
0 1 11 27.0 56.5 88 c26 1
0 1 7 27.0 56.5 90 c26 1
0 1 8 27.0 56.5 84 c26 1
0 1 0 27.0 57.0 85 c26 1
0 1 4 27.0 57.0 82 c26 1
0 1 13 27.1 57.5 76 c26 1
0 1 7 27.1 57.5 74 c26 1
0 1 6 27.1 57.5 73 c26 1
0 1 1 27.1 57.0 73 c26 1
0 1 7 27.1 57.0 66 c26 1
0 1 9 27.0 56.5 70 c26 1
0 1 8 27.0 56.5 63 c26 1
0 1 8 26.9 56.5 63 c26 1
0 1 3 26.9 56.5 67 c26 1
0 1 5 26.9 56.0 65 c26 1
0 1 1 26.9 56.0 65 c26 1
0 1 2 26.9 56.0 63 c26 1
0 1 4 26.9 56.0 63 c26 1
0 1 5 26.8 56.0 63 c26 1
0 1 5 26.9 56.0 59 c26 1
0 1 4 26.9 56.0 63 c26 1
0 1 3 26.9 56.5 65 c26 1
0 1 0 26.8 56.5 60 c26 1
0 1 4 26.9 56.5 60 c26 1
0 1 14 26.9 57.0 63 c26 1
0 1 19 26.9 57.0 63 c26 1
0 1 9 27.0 57.5 65 c26 1
0 1 10 27.0 57.5 66 c26 1
0 1 2 27.0 58.0 66 c26 1
0 1 7 27.0 58.0 66 c26 1
0 1 8 27.0 59.0 68 c26 1
0 1 18 27.0 58.5 68 c26 1
0 1 25 27.0 58.5 68 c26 1
0 1 9 26.9 58.0 75 c26 1
0 1 11 26.9 58.0 73 c26 1
0 1 21 26.9 57.5 75 c26 1
0 1 15 27.0 57.5 75 c26 1
0 1 16 26.9 57.0 73 c26 1
0 1 22 26.9 56.5 71 c26 1
0 1 18 26.8 56.5 73 c26 1
0 1 2 26.8 56.5 74 c26 1
0 1 2 26.8 56.5 76 c26 1
0 1 26 26.8 56.5 73 c26 1
0 1 11 26.7 56.5 75 c26 1
0 1 0 26.7 56.5 73 c26 1
0 1 0 26.7 56.0 73 c26 1
0 1 0 26.7 56.0 73 c26 1
0 1 0 26.7 56.5 71 c26 1
0 1 0 26.8 57.0 71 c26 1
0 1 0 26.7 57.0 70 c26 1
0 1 0 26.7 57.0 70 c26 1
0 1 0 26.7 56.5 68 c26 1
0 1 0 26.6 56.5 69 c26 1
0 1 0 26.6 56.5 73 c26 1
0 1 0 26.6 56.5 70 c26 1
0 1 0 26.7 57.0 68 c26 1
0 1 0 26.7 57.0 64 c26 1
0 1 0 26.6 57.5 61 c26 1
0 1 0 26.6 58.0 63 c26 1
0 1 27 26.7 59.0 54 c26 1
1 1 20 26.8 58.5 61 c26 1
1 1 11 26.9 60.5 59 c26 1
1 1 3 27.0 61.0 57 c26 1
1 1 12 27.0 60.0 57 c26 1
1 1 9 27.0 61.0 58 c26 1
1 1 17 27.0 62.5 56 c26 1
1 1 14 27.1 62.5 54 c26 1
1 1 21 27.2 62.0 56 c26 1
1 1 10 27.2 62.5 56 c26 1
1 1 20 27.3 62.5 56 c26 1
1 1 9 27.3 62.5 54 c26 1
1 1 12 27.3 62.5 54 c26 1
1 1 16 27.3 63.0 52 c26 1
1 1 12 27.4 64.0 56 c26 1
1 1 3 27.5 64.0 56 c26 1
1 1 18 27.5 64.0 54 c26 1
1 1 7 27.5 64.0 54 c26 1
1 1 2 27.5 64.5 54 c26 1
1 1 4 27.6 64.5 52 c26 1
1 1 2 27.7 64.5 52 c26 1
1 1 8 27.7 65.0 53 c26 1
1 1 13 27.7 64.0 53 c26 1
1 1 18 27.6 64.0 53 c26 1
1 1 8 27.7 63.0 51 c26 1
1 1 10 27.6 62.5 53 c26 1
1 1 7 27.7 63.0 53 c26 1
1 1 4 27.7 64.5 51 c26 1
1 1 12 27.7 64.0 53 c26 1
1 1 12 27.6 64.0 53 c26 1
1 1 4 27.7 64.0 51 c26 1
1 1 0 27.7 64.5 51 c26 1
1 1 2 27.8 64.5 49 c26 1
1 1 5 27.8 64.0 49 c26 1
1 1 28 27.7 64.0 49 c26 1
1 1 12 27.8 64.0 51 c26 1
1 1 3 27.8 63.0 51 c26 1
1 1 11 27.8 63.5 49 c26 1
1 1 3 27.9 63.5 49 c26 1
1 1 6 27.9 63.0 47 c26 1
1 1 4 27.9 62.0 49 c26 1
1 1 2 27.9 62.5 47 c26 1
1 1 11 27.8 62.0 47 c26 1
1 1 2 27.8 63.0 47 c26 1
1 1 8 27.8 62.5 47 c26 1
1 1 11 27.8 62.0 47 c26 1
1 1 0 27.9 61.0 49 c26 1
1 1 7 27.8 62.0 47 c26 1
1 1 4 27.8 61.5 49 c26 1
1 1 5 27.8 61.0 49 c26 1
1 1 19 27.8 60.5 47 c26 1
1 1 11 27.7 60.0 47 c26 1
1 1 11 27.6 60.0 45 c26 1
1 1 6 27.7 60.0 43 c26 1
1 1 6 27.6 60.5 46 c26 1
1 1 10 27.7 60.5 46 c26 1
1 1 7 27.6 61.0 44 c26 1
1 1 14 27.7 61.5 44 c26 1
1 1 6 27.7 62.5 42 c26 1
1 1 9 27.7 61.0 44 c26 1
1 1 3 27.7 60.0 42 c26 1
1 1 22 27.7 61.0 40 c26 1
1 1 9 27.7 60.5 42 c26 1
1 1 10 27.7 60.5 42 c26 1
1 1 4 27.7 60.5 42 c26 1
1 1 9 27.6 61.5 40 c26 1
1 1 3 27.7 60.0 40 c26 1
1 1 6 27.6 59.5 42 c26 1
1 1 5 27.5 60.5 39 c26 1
1 1 5 27.6 61.0 39 c26 1
1 1 4 27.6 60.0 35 c26 1
1 1 3 27.6 59.5 35 c26 1
1 1 1 27.6 59.0 35 c26 1
1 1 9 27.5 58.5 32 c26 1
1 1 3 27.4 58.5 34 c26 1
1 1 7 27.4 58.5 32 c26 1
1 1 5 27.4 58.5 32 c26 1
1 1 6 27.3 58.5 30 c26 1
1 1 2 27.3 58.5 34 c26 1
1 1 9 27.3 58.5 32 c26 1
1 1 0 27.3 58.5 32 c26 1
1 1 3 27.3 59.0 32 c26 1
1 1 3 27.3 60.5 30 c26 1
1 1 6 27.4 60.5 34 c26 1
1 1 1 27.5 60.0 32 c26 1
1 1 10 27.4 60.5 32 c26 1
1 1 3 27.4 59.0 30 c26 1
1 1 2 27.3 58.0 30 c26 1
1 1 5 27.2 57.5 28 c26 1
1 1 7 27.1 57.0 28 c26 1
1 1 2 27.1 57.0 28 c26 1
1 1 2 27.0 57.0 28 c26 1
1 1 3 27.0 56.5 28 c26 1
1 1 2 27.0 56.0 32 c26 1
1 1 4 26.9 56.0 32 c26 1
1 1 2 26.9 55.5 32 c26 1
1 1 0 26.8 55.5 32 c26 1
1 1 3 26.8 55.0 28 c26 1
1 1 0 26.8 55.0 28 c26 1
1 1 6 26.8 55.0 30 c26 1
1 1 6 26.8 55.5 28 c26 1
1 1 5 26.8 56.0 28 c26 1
1 1 6 26.8 56.0 28 c26 1
1 1 5 26.8 56.0 32 c26 1
1 1 5 26.8 56.0 32 c26 1
1 1 9 26.7 55.5 30 c26 1
1 1 3 26.7 55.5 30 c26 1
1 1 8 26.7 55.0 30 c26 1
1 1 4 26.6 55.0 28 c26 1
1 1 14 26.5 54.5 28 c26 1
1 1 0 26.5 54.0 28 c26 1
1 1 6 26.5 54.0 28 c26 1
1 1 8 26.3 53.5 28 c26 1
1 1 8 26.2 53.0 28 c26 1
1 1 6 26.2 53.0 28 c26 1
1 1 1 26.2 52.5 28 c26 1
1 1 11 26.2 52.0 28 c26 1
1 1 10 26.1 52.5 28 c26 1
1 1 4 26.2 53.0 28 c26 1
1 1 3 26.1 53.5 26 c26 1
1 1 5 26.1 53.5 29 c26 1
1 1 28 26.2 53.5 27 c26 1
1 1 45 26.1 53.5 27 -1 1
1 1 35 26.1 53.5 13 -1 0
0 1 0 26.1 53.5 1 -1 0
0 1 0 26.2 54.0 1 -1 0
0 1 0 26.2 54.0 1 -1 0
0 1 0 26.4 54.0 2 -1 0
0 1 0 26.4 54.0 2 -1 0
0 1 0 26.5 54.0 2 -1 0
0 1 0 26.5 54.0 2 -1 0
0 1 0 26.6 54.0 2 -1 0
0 1 0 26.6 54.0 0 -1 0
0 1 0 26.6 54.0 0 -1 0
0 1 0 26.6 54.0 0 -1 0
0 1 0 26.7 54.0 0 -1 0
0 1 0 26.7 54.5 0 -1 0
0 1 0 26.8 54.5 0 -1 0
0 1 0 26.8 54.5 0 -1 0
0 1 0 26.8 55.0 0 -1 0
0 1 0 26.9 55.0 0 -1 0
0 1 0 26.9 55.0 0 -1 0
0 1 0 27.0 54.5 0 -1 0
0 1 0 26.9 54.5 0 -1 0
0 1 0 27.0 54.5 0 -1 0
0 1 0 26.9 54.5 0 -1 0
0 1 0 26.9 54.5 1 -1 0
0 1 0 27.0 54.5 1 -1 0
0 1 0 27.0 54.5 1 -1 0
0 1 0 27.0 54.0 1 -1 0
0 1 0 27.0 54.0 1 -1 0
0 1 0 27.0 53.5 1 -1 0
0 1 0 27.1 54.0 1 -1 0
0 1 0 27.0 54.0 1 -1 0
0 1 0 27.1 54.0 1 -1 0
0 1 0 27.1 54.0 1 -1 0
0 1 0 27.1 53.5 1 -1 0
0 1 0 27.1 53.5 1 -1 0
0 1 0 27.1 53.5 1 -1 0
0 1 0 27.1 53.5 1 -1 0
0 1 0 27.1 53.5 1 -1 0
0 1 0 27.1 53.5 1 -1 0
0 1 0 27.2 53.0 1 -1 0
0 1 0 27.2 53.5 1 -1 0
0 1 0 27.2 53.5 1 -1 0
0 1 0 27.2 53.0 1 -1 0
0 1 0 27.1 53.0 1 -1 0
0 1 0 27.1 53.0 1 -1 0
0 1 0 27.2 53.0 1 -1 0
0 1 0 27.2 52.5 1 -1 0
0 1 0 27.2 52.5 1 -1 0
0 1 0 27.1 52.5 2 -1 0
0 1 0 27.2 52.5 2 -1 0
0 1 0 27.2 52.5 2 -1 0
0 1 0 27.3 52.5 2 -1 0
0 1 0 27.2 52.5 2 -1 0
0 1 0 27.3 52.0 2 -1 0
0 1 0 27.3 52.0 2 -1 0
0 1 0 27.2 52.5 2 -1 0
0 1 0 27.2 52.5 2 -1 0
0 1 0 27.3 52.5 2 -1 0
0 1 0 27.3 52.0 2 -1 0
0 1 0 27.2 52.0 2 -1 0
0 1 0 27.3 52.0 2 -1 0
0 1 0 27.2 52.0 2 -1 0
0 1 0 27.2 52.0 2 -1 0
0 1 0 27.3 52.0 2 -1 0
0 1 0 27.2 51.5 2 -1 0
0 1 0 27.3 51.5 2 -1 0
0 1 0 27.3 51.5 2 -1 0
0 1 0 27.3 51.5 2 -1 0
0 1 0 27.3 51.5 2 -1 0
0 1 0 27.3 51.5 2 -1 0
0 1 0 27.3 51.5 2 -1 0
0 1 0 27.3 52.0 2 -1 0
0 1 0 27.3 52.5 2 -1 0
0 1 0 27.4 52.5 2 -1 0
0 1 0 27.4 53.0 2 -1 0
0 1 0 27.4 53.0 2 -1 0
0 1 0 27.4 53.0 2 -1 0
0 1 0 27.5 54.0 2 -1 0
0 1 0 27.5 54.0 2 -1 0
0 1 0 27.5 54.5 2 -1 0
0 1 0 27.6 55.5 2 -1 0
0 1 0 27.5 55.5 2 -1 0
0 1 0 27.6 55.5 2 -1 0
0 1 0 27.6 55.5 2 -1 0
0 1 0 27.7 56.0 2 -1 0
0 1 0 27.7 57.0 2 -1 0
0 1 0 27.7 57.0 2 -1 0
0 1 0 27.8 58.0 2 -1 0
0 1 0 27.7 58.0 2 -1 0
0 1 0 27.8 58.0 2 -1 0
0 1 0 27.8 59.0 2 -1 0
0 1 0 27.8 59.0 2 -1 0
0 1 0 27.9 58.5 2 -1 0
0 1 0 27.9 58.5 2 -1 0
0 1 0 27.9 58.5 2 -1 0
0 1 0 28.0 58.0 2 -1 0
0 1 0 27.9 58.0 2 -1 0
0 1 0 27.9 58.0 2 -1 0
0 1 0 28.0 58.0 2 -1 0
0 1 0 28.0 57.5 2 -1 0
0 1 0 28.0 57.5 2 -1 0
0 1 0 28.0 57.0 2 -1 0
0 1 0 28.0 57.0 2 -1 0
0 1 0 28.0 57.0 2 -1 0
0 1 0 28.0 57.0 2 -1 0
0 1 0 28.0 56.5 2 -1 0
0 1 0 28.0 57.0 2 -1 0
0 1 0 28.0 56.5 2 -1 0
0 1 0 28.1 56.5 2 -1 0
0 1 0 28.0 56.0 2 -1 0
0 1 0 28.0 56.0 2 -1 0
0 1 0 28.0 55.5 2 -1 0
0 1 0 28.0 55.5 2 -1 0
0 1 0 28.0 55.5 2 -1 0
0 1 0 27.9 55.0 2 -1 0
0 1 0 28.0 55.0 2 -1 0
0 1 0 27.9 54.5 2 -1 0
0 1 0 28.0 54.5 2 -1 0
0 1 0 28.0 54.5 2 -1 0
0 1 0 27.9 54.0 2 -1 0
0 1 0 28.0 54.0 2 -1 0
0 1 0 27.9 54.0 2 -1 0
0 1 0 27.9 53.5 2 -1 0
0 1 0 28.0 53.5 2 -1 0
0 1 0 27.9 53.5 2 -1 0
0 1 0 27.8 53.0 2 -1 0
0 1 0 27.8 53.0 2 -1 0
0 1 0 27.8 53.0 2 -1 0
0 1 0 27.9 53.0 2 -1 0
0 1 0 27.8 52.5 2 -1 0
0 1 0 27.8 52.5 2 -1 0
0 1 0 27.8 52.5 2 -1 0
0 1 0 27.8 52.0 2 -1 0
0 1 0 27.8 52.0 2 -1 0
0 1 0 27.7 52.0 2 -1 0
0 1 0 27.8 52.0 2 -1 0
0 1 0 27.8 52.0 2 -1 0
0 1 0 27.7 52.0 2 -1 0
0 1 0 27.8 52.0 2 -1 0
0 1 0 27.8 52.0 2 -1 0
0 1 0 27.7 52.5 2 -1 0
0 1 0 27.8 53.0 2 -1 0
0 1 0 27.8 53.0 2 -1 0
0 1 0 27.8 53.0 2 -1 0
0 1 0 27.8 53.0 2 -1 0
0 1 0 27.9 53.0 2 -1 0
0 1 0 27.9 52.5 2 -1 0
0 1 0 27.9 53.0 2 -1 0
0 1 0 27.8 53.0 2 -1 0
0 1 0 27.8 53.0 2 -1 0
0 1 0 27.9 53.0 2 -1 0
0 1 0 27.8 53.0 2 -1 0
0 1 0 27.9 53.0 2 -1 0
0 1 0 27.8 53.0 2 -1 0
0 1 0 27.9 53.0 2 -1 0
0 1 0 27.9 53.0 2 -1 0
0 1 0 27.8 52.5 2 -1 0
0 1 0 27.9 53.0 2 -1 0
0 1 0 27.9 52.5 2 -1 0
0 1 0 27.9 52.5 2 -1 0
0 1 0 27.8 52.5 2 -1 0
0 1 0 27.8 52.5 2 -1 0
0 1 0 27.9 52.5 2 -1 0
0 1 0 27.9 52.5 2 -1 0
0 1 0 27.8 52.5 2 -1 0
0 1 0 27.9 52.5 2 -1 0
0 1 0 27.9 52.5 2 -1 0
0 1 0 27.9 52.5 2 -1 0
0 1 0 27.9 52.5 2 -1 0
0 1 0 27.8 52.5 2 -1 0
0 1 0 28.0 52.0 2 -1 0
0 1 0 27.9 52.0 2 -1 0
0 1 0 27.9 52.5 2 -1 0
0 1 0 27.9 52.5 2 -1 0
0 1 0 27.9 52.5 2 -1 0
0 1 0 27.8 52.5 2 -1 0
0 1 0 27.9 52.5 2 -1 0
0 1 0 27.9 52.5 2 -1 0
0 1 0 27.9 53.0 2 -1 0
0 1 0 27.9 53.0 2 -1 0
0 1 0 27.8 53.0 2 -1 0
0 1 0 27.9 53.0 2 -1 0
0 1 0 27.8 53.0 2 -1 0
0 1 0 27.9 53.0 2 -1 0
0 1 0 27.9 53.0 2 -1 0
0 1 0 27.9 53.0 2 -1 0
0 1 0 27.9 53.0 2 -1 0
0 1 0 27.9 53.0 2 -1 0
0 1 0 27.9 53.0 2 -1 0
0 1 0 27.9 53.0 2 -1 0
0 1 0 28.0 53.5 2 -1 0
0 1 0 27.9 53.5 2 -1 0
0 1 0 28.0 53.5 2 -1 0
0 1 0 28.0 53.5 2 -1 0
0 1 0 28.0 53.5 2 -1 0
0 1 0 27.9 53.5 2 -1 0
0 1 0 28.0 53.5 2 -1 0
0 1 0 28.0 53.5 2 -1 0
0 1 0 27.9 53.5 2 -1 0
0 1 0 27.9 53.5 2 -1 0
0 1 0 27.9 53.0 2 -1 0
0 1 0 28.0 53.0 2 -1 0
0 1 0 28.0 53.0 2 -1 0
0 1 0 27.9 53.0 2 -1 0
0 1 0 28.0 53.0 2 -1 0
0 1 0 28.0 53.0 2 -1 0
0 1 0 28.0 53.0 2 -1 0
0 1 0 27.9 53.0 2 -1 0
0 1 0 27.9 53.0 2 -1 0
0 1 0 28.0 53.0 2 -1 0
0 1 0 28.0 53.0 2 -1 0
0 1 0 28.0 53.0 2 -1 0
0 1 0 28.1 53.0 2 -1 0
0 1 0 28.0 53.0 2 -1 0
0 1 0 28.0 53.0 2 -1 0
0 1 0 27.9 53.0 2 -1 0
0 1 0 28.0 53.0 2 -1 0
0 1 0 28.0 53.0 2 -1 0
0 1 0 27.9 52.5 2 -1 0
0 1 0 28.0 52.5 2 -1 0
0 1 0 27.9 52.5 2 -1 0
0 1 0 28.0 52.5 2 -1 0
0 1 0 28.0 52.5 2 -1 0
0 1 0 28.0 52.5 2 -1 0
0 1 0 27.9 52.0 2 -1 0
0 1 0 28.0 52.0 2 -1 0
0 1 0 28.0 52.0 2 -1 0
0 1 0 28.0 52.0 0 -1 0
0 1 0 28.0 52.0 2 -1 0
0 1 0 27.9 52.0 2 -1 0
0 1 0 28.0 52.0 2 -1 0
0 1 0 27.9 52.0 2 -1 0
0 1 0 28.0 51.5 2 -1 0
0 1 0 28.0 51.5 2 -1 0
0 1 0 28.0 52.5 2 -1 0
0 1 0 28.0 53.0 2 -1 0
0 1 0 28.0 53.0 2 -1 0
0 1 0 28.0 53.0 2 -1 0
0 1 0 28.1 53.5 2 -1 0
0 1 0 28.0 53.5 2 -1 0
0 1 0 28.0 53.0 2 -1 0
0 1 0 28.1 53.0 2 -1 0
0 1 0 28.1 53.0 2 -1 0
0 1 0 28.0 53.0 2 -1 0
0 1 0 28.1 53.0 2 -1 0
0 1 0 28.1 53.0 2 -1 0
0 1 0 28.1 53.0 2 -1 0
0 1 0 28.1 53.5 2 -1 0
0 1 0 28.1 53.0 2 -1 0
0 1 0 28.2 53.5 2 -1 0
0 1 0 28.2 53.5 2 -1 0
0 1 0 28.2 53.5 2 -1 0
0 1 0 28.2 53.5 2 -1 0
0 1 0 28.2 53.5 2 -1 0
0 1 0 28.3 53.5 2 -1 0
0 1 0 28.2 53.5 2 -1 0
0 1 0 28.3 53.5 2 -1 0
0 1 0 28.3 53.5 2 -1 0
0 1 0 28.3 53.5 2 -1 0
0 1 0 28.4 54.0 2 -1 0
0 1 0 28.4 54.5 2 -1 0
0 1 0 28.3 54.5 2 -1 0
0 1 0 28.4 55.0 2 -1 0
0 1 0 28.4 55.5 2 -1 0
0 1 0 28.3 55.5 2 -1 0
0 1 0 28.4 55.5 2 -1 0
0 1 0 28.5 56.0 2 -1 0
0 1 0 28.5 56.5 2 -1 0
0 1 0 28.5 56.0 2 -1 0
0 1 0 28.5 56.5 2 -1 0
0 1 0 28.5 56.5 2 -1 0
0 1 0 28.5 56.5 2 -1 0
0 1 0 28.6 57.0 2 -1 0
0 1 0 28.6 57.5 2 -1 0
0 1 0 28.6 57.5 2 -1 0
0 1 0 28.6 57.5 2 -1 0
0 1 0 28.6 58.0 2 -1 0
0 1 0 28.7 58.5 2 -1 0
0 1 0 28.7 58.5 2 -1 0
0 1 0 28.7 58.5 2 -1 0
0 1 0 28.8 58.0 2 -1 0
0 1 0 28.7 58.5 2 -1 0
0 1 0 28.8 58.5 2 -1 0
0 1 0 28.8 58.5 2 -1 0
0 1 0 28.8 58.5 2 -1 0
0 1 0 28.9 58.5 2 -1 0
0 1 0 28.8 58.5 2 -1 0
0 1 0 28.8 58.5 2 -1 0
0 1 0 28.8 58.5 2 -1 0
0 1 0 28.9 59.0 2 -1 0
0 1 0 28.9 59.0 2 -1 0
0 1 0 28.9 59.0 2 -1 0
0 1 0 28.9 59.0 2 -1 0
0 1 0 28.9 59.0 2 -1 0
0 1 0 29.0 59.0 2 -1 0
0 1 0 29.0 59.0 2 -1 0
0 1 0 29.0 59.0 2 -1 0
0 1 0 29.0 59.0 2 -1 0
0 1 0 29.0 59.5 2 -1 0
0 1 0 29.1 59.5 2 -1 0
0 1 0 29.1 59.5 2 -1 0
0 1 0 29.1 59.5 2 -1 0
0 1 0 29.1 60.0 2 -1 0
0 1 0 29.1 60.0 2 -1 0
0 1 0 29.1 60.0 2 -1 0
0 1 0 29.1 59.5 2 -1 0
0 1 0 29.1 59.5 2 -1 0
0 1 0 29.2 59.5 2 -1 0
0 1 0 29.2 59.5 2 -1 0
0 1 0 29.2 59.5 2 -1 0
0 1 0 29.2 60.0 2 -1 0
0 1 0 29.2 60.0 2 -1 0
0 1 0 29.3 60.0 2 -1 0
0 1 0 29.2 60.0 2 -1 0
0 1 0 29.3 60.0 2 -1 0
0 1 0 29.3 60.0 2 -1 0
0 1 0 29.3 60.0 2 -1 0
0 1 0 29.3 60.0 2 -1 0
0 1 0 29.3 60.5 2 -1 0
0 1 0 29.3 60.5 2 -1 0
0 1 0 29.4 61.0 2 -1 0
0 1 0 29.4 61.5 2 -1 0
0 1 0 29.3 61.5 2 -1 0
0 1 0 29.4 61.5 2 -1 0
0 1 0 29.3 61.5 2 -1 0
0 1 0 29.4 61.5 2 -1 0
0 1 0 29.3 61.5 2 -1 0
0 1 0 29.5 62.0 2 -1 0
0 1 0 29.4 62.0 2 -1 0
0 1 0 29.4 62.0 2 -1 0
0 1 0 29.5 62.0 2 -1 0
0 1 0 29.4 62.0 2 -1 0
0 1 0 29.5 62.0 2 -1 0
0 1 0 29.5 62.0 2 -1 0
0 1 0 29.6 62.0 2 -1 0
0 1 0 29.5 62.0 2 -1 0
0 1 0 29.6 62.5 2 -1 0
