0 1 0 27.6 64.5 2 -1 0
0 1 0 27.6 64.5 2 -1 0
0 1 0 27.6 64.5 2 -1 0
0 1 0 27.7 64.5 2 -1 0
0 1 0 27.6 65.0 2 -1 0
0 1 0 27.6 65.0 2 -1 0
0 1 0 27.6 65.0 2 -1 0
0 1 0 27.7 65.0 2 -1 0
0 1 0 27.7 65.0 2 -1 0
0 1 0 27.7 65.0 2 -1 0
0 1 0 27.6 65.5 2 -1 0
0 1 0 27.8 65.5 2 -1 0
0 1 0 27.8 65.5 2 -1 0
0 1 0 27.8 66.0 2 -1 0
0 1 0 27.8 65.5 2 -1 0
0 1 0 27.8 66.0 2 -1 0
0 1 0 27.7 65.5 2 -1 0
0 1 0 27.8 66.0 2 -1 0
0 1 0 27.8 66.0 2 -1 0
0 1 0 27.8 66.0 2 -1 0
0 1 0 27.8 66.5 2 -1 0
0 1 0 27.8 66.5 2 -1 0
0 1 0 27.8 66.0 2 -1 0
0 1 0 27.8 66.0 2 -1 0
0 1 0 27.8 66.0 0 -1 0
0 1 0 27.9 66.0 2 -1 0
0 1 0 27.8 66.0 2 -1 0
0 1 0 27.8 66.0 2 -1 0
0 1 0 27.9 66.0 2 -1 0
0 1 0 27.9 66.5 2 -1 0
0 1 0 27.9 66.0 2 -1 0
0 1 0 27.9 66.0 2 -1 0
0 1 0 27.9 66.0 2 -1 0
0 1 0 28.0 66.0 2 -1 0
0 1 0 27.9 66.0 2 -1 0
0 1 0 27.9 66.0 2 -1 0
0 1 0 27.9 66.0 2 -1 0
0 1 0 27.9 66.0 2 -1 0
0 1 0 28.0 66.0 2 -1 0
0 1 0 27.9 66.0 2 -1 0
0 1 0 27.9 66.0 2 -1 0
0 1 0 28.0 66.0 2 -1 0
0 1 0 27.9 66.0 2 -1 0
0 1 0 28.0 66.0 2 -1 0
0 1 0 28.0 66.0 2 -1 0
0 1 0 28.0 66.0 2 -1 0
0 1 0 28.0 66.0 2 -1 0
0 1 0 28.0 66.0 2 -1 0
0 1 0 28.0 66.0 2 -1 0
0 1 0 28.0 66.0 2 -1 0
0 1 0 28.0 66.0 2 -1 0
0 1 0 28.1 66.0 2 -1 0
0 1 0 28.0 66.0 2 -1 0
0 1 0 28.1 66.0 2 -1 0
0 1 0 28.1 66.0 2 -1 0
0 1 0 28.1 66.0 2 -1 0
0 1 0 28.0 65.5 2 -1 0
0 1 0 28.0 65.5 2 -1 0
0 1 0 28.0 65.5 2 -1 0
0 1 0 28.1 65.5 2 -1 0
0 1 0 28.1 66.0 2 -1 0
0 1 0 28.0 66.0 2 -1 0
0 1 0 28.1 66.0 2 -1 0
0 1 0 28.0 66.0 2 -1 0
0 1 0 28.1 66.0 2 -1 0
0 1 0 28.0 66.0 2 -1 0
0 1 0 28.0 65.5 2 -1 0
0 1 0 28.1 66.0 2 -1 0
0 1 0 28.1 66.0 2 -1 0
0 1 0 28.1 66.0 2 -1 0
0 1 0 28.1 66.0 2 -1 0
0 1 0 28.1 66.0 2 -1 0
0 1 0 28.1 66.0 2 -1 0
0 1 0 28.1 66.0 2 -1 0
0 1 0 28.2 66.0 2 -1 0
0 1 0 28.1 66.0 2 -1 0
0 1 0 28.1 66.0 2 -1 0
0 1 0 28.1 65.5 2 -1 0
0 1 0 28.2 66.0 2 -1 0
0 1 0 28.2 66.0 2 -1 0
0 1 0 28.1 65.5 2 -1 0
0 1 0 28.1 66.0 2 -1 0
0 1 0 28.2 66.0 2 -1 0
0 1 0 28.1 66.0 2 -1 0
0 1 0 28.1 66.0 2 -1 0
0 1 0 28.2 66.0 2 -1 0
0 1 0 28.2 66.0 2 -1 0
0 1 0 28.2 66.0 2 -1 0
0 1 0 28.2 66.0 2 -1 0
0 1 0 28.2 66.0 2 -1 0
0 1 0 28.2 66.5 2 -1 0
0 1 0 28.2 66.5 2 -1 0
0 1 0 28.2 67.5 2 -1 0
0 1 0 28.2 67.5 2 -1 0
0 1 0 28.2 67.5 2 -1 0
0 1 0 28.2 67.0 2 -1 0
0 1 0 28.3 67.0 2 -1 0
0 1 0 28.2 67.0 2 -1 0
0 1 0 28.3 67.0 2 -1 0
0 1 0 28.3 67.0 2 -1 0
0 1 0 28.3 67.0 2 -1 0
0 1 0 28.3 67.0 2 -1 0
0 1 0 28.3 67.0 2 -1 0
0 1 0 28.3 67.0 2 -1 0
0 1 0 28.3 67.0 2 -1 0
0 1 0 28.3 66.5 2 -1 0
0 1 0 28.3 66.5 2 -1 0
0 1 0 28.3 66.5 2 -1 0
0 1 0 28.3 66.5 2 -1 0
0 1 0 28.3 66.5 2 -1 0
0 1 0 28.3 66.5 2 -1 0
0 1 0 28.3 66.5 2 -1 0
0 1 0 28.3 66.5 2 -1 0
0 1 0 28.3 66.5 2 -1 0
0 1 0 28.3 66.5 2 -1 0
0 1 0 28.3 66.5 2 -1 0
0 1 0 28.3 66.5 2 -1 0
0 1 0 28.2 66.5 2 -1 0
0 1 0 28.3 66.5 2 -1 0
0 1 0 28.4 66.5 2 -1 0
0 1 0 28.3 66.5 2 -1 0
0 1 0 28.3 66.5 0 -1 0
0 1 0 28.3 66.5 2 -1 0
0 1 0 28.4 67.0 2 -1 0
0 1 0 28.3 67.5 2 -1 0
0 1 0 28.4 68.0 2 -1 0
0 1 0 28.3 68.0 2 -1 0
0 1 0 28.3 68.5 2 -1 0
0 1 0 28.4 68.5 2 -1 0
0 1 0 28.4 69.0 2 -1 0
0 1 0 28.5 69.0 2 -1 0
0 1 0 28.5 69.0 2 -1 0
0 1 0 28.4 69.0 2 -1 0
0 1 0 28.4 69.0 2 -1 0
0 1 0 28.4 69.0 2 -1 0
0 1 0 28.4 69.0 2 -1 0
0 1 0 28.4 69.0 2 -1 0
0 1 0 28.5 69.0 2 -1 0
0 1 0 28.5 69.0 2 -1 0
0 1 0 28.5 69.0 2 -1 0
0 1 0 28.4 69.0 2 -1 0
0 1 0 28.4 68.5 2 -1 0
0 1 0 28.4 68.5 2 -1 0
0 1 0 28.5 68.5 2 -1 0
0 1 0 28.5 68.5 2 -1 0
0 1 0 28.5 68.5 2 -1 0
0 1 0 28.4 68.5 2 -1 0
0 1 0 28.5 68.5 2 -1 0
0 1 0 28.5 68.5 2 -1 0
0 1 0 28.5 68.5 2 -1 0
0 1 0 28.5 68.0 2 -1 0
0 1 0 28.5 68.0 2 -1 0
0 1 0 28.5 68.0 2 -1 0
0 1 0 28.5 68.0 2 -1 0
0 1 0 28.5 68.0 2 -1 0
0 1 0 28.6 68.0 2 -1 0
0 1 0 28.5 68.0 2 -1 0
0 1 0 28.6 68.0 2 -1 0
0 1 0 28.5 68.0 2 -1 0
0 1 0 28.5 68.0 2 -1 0
0 1 0 28.5 68.0 2 -1 0
0 1 0 28.5 68.0 2 -1 0
0 1 0 28.5 68.0 2 -1 0
0 1 0 28.5 68.0 2 -1 0
0 1 0 28.5 68.0 2 -1 0
0 1 0 28.5 68.0 2 -1 0
0 1 0 28.6 68.0 2 -1 0
0 1 0 28.5 68.0 2 -1 0
0 1 0 28.6 68.0 2 -1 0
0 1 0 28.5 68.0 2 -1 0
0 1 0 28.5 68.0 2 -1 0
0 1 0 28.6 68.0 2 -1 0
0 1 0 28.5 68.0 2 -1 0
0 1 0 28.6 68.0 2 -1 0
0 1 0 28.5 68.0 2 -1 0
0 1 0 28.6 68.0 2 -1 0
0 1 0 28.6 68.0 2 -1 0
0 1 0 28.6 68.0 2 -1 0
0 1 0 28.5 68.0 2 -1 0
0 1 0 28.6 68.0 2 -1 0
0 1 0 28.6 68.0 2 -1 0
0 1 0 28.6 68.0 2 -1 0
0 1 0 28.5 68.0 2 -1 0
0 1 0 28.6 68.0 2 -1 0
0 1 0 28.6 68.0 2 -1 0
0 1 0 28.6 68.0 2 -1 0
0 1 0 28.6 68.0 2 -1 0
0 1 0 28.6 68.0 2 -1 0
0 1 0 28.6 68.0 2 -1 0
0 1 0 28.6 68.0 2 -1 0
0 1 0 28.6 68.0 2 -1 0
0 1 0 28.6 68.0 2 -1 0
0 1 0 28.6 68.0 2 -1 0
0 1 0 28.6 68.0 2 -1 0
0 1 0 28.7 68.0 2 -1 0
0 1 0 28.6 68.0 2 -1 0
0 1 0 28.6 68.0 2 -1 0
0 1 0 28.6 68.0 2 -1 0
0 1 0 28.6 68.0 2 -1 0
0 1 0 28.6 68.0 2 -1 0
0 1 0 28.7 68.0 2 -1 0
0 1 0 28.6 68.0 2 -1 0
0 1 0 28.6 68.0 2 -1 0
0 1 0 28.6 68.0 2 -1 0
0 1 0 28.6 68.0 2 -1 0
0 1 0 28.6 68.0 2 -1 0
0 1 0 28.6 68.0 2 -1 0
0 1 0 28.6 68.0 2 -1 0
0 1 0 28.6 68.0 2 -1 0
0 1 0 28.6 68.0 2 -1 0
0 1 0 28.6 68.0 2 -1 0
0 1 0 28.6 68.0 2 -1 0
0 1 0 28.6 68.0 2 -1 0
0 1 0 28.6 68.0 2 -1 0
0 1 0 28.6 68.0 2 -1 0
0 1 0 28.6 68.0 2 -1 0
0 1 0 28.6 68.0 2 -1 0
0 1 0 28.6 68.0 2 -1 0
0 1 0 28.7 68.0 2 -1 0
0 1 0 28.7 68.0 2 -1 0
0 1 0 28.7 68.0 2 -1 0
0 1 0 28.6 68.0 2 -1 0
0 1 0 28.6 68.0 2 -1 0
0 1 0 28.6 68.0 2 -1 0
0 1 0 28.6 68.0 2 -1 0
0 1 0 28.6 68.0 2 -1 0
0 1 0 28.6 68.0 2 -1 0
0 1 0 28.6 68.0 2 -1 0
0 1 0 28.7 68.0 2 -1 0
0 1 0 28.6 68.0 2 -1 0
0 1 0 28.6 68.0 2 -1 0
0 1 0 28.6 68.0 2 -1 0
0 1 0 28.6 68.0 2 -1 0
0 1 0 28.7 68.0 2 -1 0
0 1 0 28.7 68.0 2 -1 0
0 1 0 28.6 68.0 2 -1 0
0 1 0 28.7 68.0 2 -1 0
0 1 0 28.6 68.0 2 -1 0
0 1 0 28.7 68.0 2 -1 0
0 1 0 28.7 68.0 2 -1 0
0 1 0 28.6 68.0 2 -1 0
0 1 0 28.6 68.0 2 -1 0
0 1 0 28.7 68.0 2 -1 0
0 1 0 28.7 68.0 2 -1 0
0 1 0 28.7 68.0 2 -1 0
0 1 0 28.7 68.0 2 -1 0
0 1 0 28.7 68.0 2 -1 0
0 1 0 28.6 68.0 2 -1 0
0 1 0 28.7 68.0 2 -1 0
0 1 0 28.7 68.0 2 -1 0
0 1 0 28.6 68.0 2 -1 0
0 1 0 28.7 68.0 2 -1 0
0 1 0 28.7 68.0 2 -1 0
0 1 0 28.7 68.0 2 -1 0
0 1 0 28.7 68.0 2 -1 0
0 1 0 28.7 68.0 2 -1 0
0 1 0 28.7 68.5 2 -1 0
0 1 0 28.7 68.5 2 -1 0
0 1 0 28.7 68.5 2 -1 0
0 1 0 28.7 68.5 2 -1 0
0 1 0 28.7 68.5 2 -1 0
0 1 0 28.7 68.5 2 -1 0
0 1 0 28.7 68.5 2 -1 0
0 1 0 28.7 68.5 2 -1 0
0 1 0 28.7 68.5 2 -1 0
0 1 0 28.7 68.5 2 -1 0
0 1 0 28.7 68.5 2 -1 0
0 1 0 28.7 69.0 2 -1 0
0 1 0 28.7 69.0 2 -1 0
0 1 0 28.8 69.0 2 -1 0
0 1 0 28.7 69.0 2 -1 0
0 1 0 28.7 69.0 2 -1 0
0 1 0 28.8 69.0 2 -1 0
0 1 0 28.8 69.0 2 -1 0
0 1 0 28.8 69.0 2 -1 0
0 1 0 28.8 68.5 2 -1 0
0 1 0 28.7 68.5 2 -1 0
0 1 0 28.7 69.0 2 -1 0
0 1 0 28.8 69.0 2 -1 0
0 1 0 28.7 68.5 2 -1 0
0 1 0 28.8 69.0 2 -1 0
0 1 0 28.8 69.0 2 -1 0
0 1 0 28.8 69.0 2 -1 0
0 1 0 28.8 69.0 2 -1 0
0 1 0 28.7 69.0 2 -1 0
0 1 0 28.8 69.0 2 -1 0
0 1 0 28.8 69.0 2 -1 0
0 1 0 28.8 69.0 2 -1 0
0 1 0 28.7 69.5 2 -1 0
0 1 0 28.8 69.5 2 -1 0
0 1 0 28.8 70.0 2 -1 0
0 1 0 28.7 70.0 1 -1 0
0 1 0 28.8 70.0 1 -1 0
0 1 0 28.8 70.5 1 -1 0
0 1 0 28.8 70.5 1 -1 0
0 1 0 28.8 70.5 1 -1 0
0 1 0 28.7 70.5 1 -1 0
0 1 0 28.8 70.5 1 -1 0
0 1 0 28.8 70.5 1 -1 0
0 1 0 28.8 70.5 1 -1 0
0 1 0 28.8 70.0 0 -1 0
0 1 0 28.9 70.0 0 -1 0
0 1 0 28.8 70.5 0 -1 0
0 1 0 28.8 70.0 0 -1 0
0 1 0 28.8 70.0 2 -1 0
0 1 0 28.8 70.0 2 -1 0
0 1 0 28.8 70.0 3 -1 0
0 1 0 28.8 70.0 1 -1 0
0 1 0 28.8 70.0 1 -1 0
0 1 0 28.8 70.0 1 -1 0
0 1 0 28.8 69.5 2 -1 0
0 1 0 28.8 69.5 2 -1 0
0 1 0 28.9 69.5 4 -1 0
0 1 0 28.9 69.5 1 -1 0
0 1 0 28.8 69.5 1 -1 0
0 1 0 28.8 69.5 2 -1 0
0 1 0 28.8 69.5 2 -1 0
0 1 0 28.8 69.5 4 -1 0
0 1 0 28.9 70.0 3 -1 0
0 1 0 28.9 70.0 5 -1 0
0 1 0 28.8 70.0 5 -1 0
0 1 0 28.8 70.0 3 -1 0
0 1 0 28.9 70.0 5 -1 0
0 1 0 28.8 70.0 7 -1 0
0 1 0 28.8 70.0 5 -1 0
0 1 0 28.8 70.0 9 -1 0
0 1 0 28.8 70.0 8 -1 0
0 1 0 28.9 70.0 6 -1 0
0 1 0 28.9 70.0 12 -1 0
0 1 0 28.9 70.0 9 -1 0
0 1 0 28.9 70.0 9 -1 0
0 1 0 28.9 70.0 15 -1 0
0 1 0 28.9 70.0 15 -1 0
0 1 0 28.9 70.5 15 -1 0
0 1 0 28.9 70.5 16 -1 0
0 1 0 28.8 71.0 16 -1 0
0 1 0 28.9 71.0 18 -1 0
0 1 0 28.9 71.0 20 -1 0
0 1 0 28.9 71.5 20 -1 0
0 1 0 28.8 71.5 22 -1 0
0 1 0 28.9 71.5 22 -1 0
0 1 0 28.9 71.5 23 -1 0
0 1 0 28.9 71.5 24 -1 0
0 1 0 28.8 71.0 25 -1 0
0 1 0 28.8 71.0 32 -1 0
0 1 0 28.9 71.0 32 -1 0
0 1 0 28.9 71.0 33 -1 0
0 1 0 29.0 70.5 37 -1 0
0 1 0 29.0 70.5 36 -1 0
0 1 0 28.9 70.5 38 -1 0
0 1 0 29.0 70.5 43 -1 0
0 1 0 29.0 70.5 45 -1 0
0 1 0 29.0 70.5 45 -1 0
0 1 0 28.9 70.5 43 -1 0
0 1 0 29.0 70.5 47 -1 0
0 1 0 28.9 70.5 48 -1 0
0 1 0 29.0 70.5 57 -1 0
0 1 0 29.1 70.5 60 -1 0
0 1 0 29.0 71.0 64 -1 0
0 1 0 29.0 71.0 67 -1 0
0 1 0 29.0 71.0 69 -1 0
0 1 0 29.0 71.0 71 -1 0
0 1 0 29.1 71.0 72 -1 0
0 1 0 29.0 71.0 74 -1 0
0 1 0 29.1 71.0 78 -1 0
0 1 0 29.0 71.0 80 -1 0
0 1 0 29.1 71.0 81 -1 0
0 1 0 29.1 71.0 87 -1 0
0 1 0 29.1 70.5 86 -1 0
0 1 0 29.1 70.5 90 -1 0
0 1 0 29.1 70.5 93 -1 0
0 1 0 29.1 70.5 97 -1 0
0 1 0 29.1 70.5 99 -1 0
0 1 0 29.2 70.5 102 -1 0
0 1 0 29.2 70.5 100 -1 0
0 1 0 29.2 70.5 102 -1 0
0 1 0 29.2 70.0 98 -1 0
0 1 0 29.1 70.0 101 -1 0
0 1 0 29.2 70.0 98 -1 0
0 1 0 29.2 70.0 101 -1 0
0 1 0 29.2 70.0 99 -1 0
0 1 0 29.2 70.0 99 -1 0
0 1 0 29.3 70.0 99 -1 0
0 1 0 29.2 70.0 106 -1 0
0 1 0 29.3 70.0 118 -1 0
0 1 0 29.2 70.0 123 -1 0
0 1 0 29.3 70.0 125 -1 0
0 1 0 29.2 70.5 123 -1 0
0 1 0 29.3 70.5 123 -1 0
0 1 0 29.3 70.5 125 -1 0
0 1 0 29.3 70.5 127 -1 0
0 1 0 29.3 70.5 127 -1 0
0 1 0 29.4 70.5 129 -1 0
0 1 0 29.3 70.5 131 -1 0
0 1 0 29.4 70.5 132 -1 0
0 1 0 29.3 70.5 134 -1 0
0 1 0 29.3 70.5 136 -1 0
0 1 0 29.4 70.5 138 -1 0
0 1 0 29.4 70.5 141 -1 0
0 1 0 29.5 70.5 145 -1 0
0 1 0 29.4 70.5 147 -1 0
0 1 0 29.4 70.5 147 -1 0
0 1 0 29.4 70.5 150 -1 0
0 1 0 29.5 70.5 150 -1 0
0 1 0 29.5 71.0 152 -1 0
0 1 0 29.5 71.0 154 -1 0
0 1 0 29.5 71.0 154 -1 0
0 1 0 29.5 71.0 156 -1 0
0 1 0 29.5 71.0 159 -1 0
0 1 0 29.5 71.0 159 -1 0
0 1 0 29.4 71.0 163 -1 0
0 1 0 29.6 71.5 159 -1 0
0 1 0 29.5 71.5 161 -1 0
0 1 0 29.6 71.5 161 -1 0
0 1 0 29.6 71.5 161 -1 0
0 1 0 29.6 71.5 163 -1 0
0 1 0 29.6 71.5 168 -1 0
0 1 0 29.6 71.5 168 -1 0
0 1 0 29.6 71.5 170 -1 0
0 1 0 29.7 71.5 170 -1 0
0 1 0 29.7 71.5 172 -1 0
0 1 0 29.7 71.5 170 -1 0
0 1 0 29.7 71.5 172 -1 0
0 1 0 29.7 71.5 174 -1 0
0 1 0 29.7 71.5 174 -1 0
0 1 0 29.7 71.5 171 -1 0
0 1 0 29.8 72.0 177 -1 0
0 1 0 29.8 72.0 175 -1 0
0 1 0 29.9 72.0 179 -1 0
0 1 0 29.8 72.0 179 -1 0
0 1 0 29.8 72.0 181 -1 0
0 1 0 29.8 72.5 179 -1 0
0 1 0 29.8 72.5 177 -1 0
0 1 0 29.8 72.5 179 -1 0
0 1 0 29.8 72.5 179 -1 0
0 1 0 29.8 72.5 181 -1 0
0 1 0 29.9 72.5 181 -1 0
0 1 0 29.9 73.0 181 -1 0
0 1 0 29.9 73.0 181 -1 0
0 1 0 29.9 73.0 181 -1 0
0 1 0 29.9 73.0 183 -1 0
0 1 0 30.0 73.0 181 -1 0
0 1 0 30.0 73.0 186 -1 0
0 1 0 29.9 73.0 184 -1 0
0 1 0 30.0 73.0 186 -1 0
0 1 0 30.0 73.5 186 -1 0
0 1 0 29.9 73.5 186 -1 0
0 1 0 30.0 73.0 188 -1 0
0 1 0 30.1 73.0 186 -1 0
0 1 0 30.0 73.0 188 -1 0
0 1 0 30.1 73.0 186 -1 0
0 1 0 30.0 73.0 187 -1 0
0 1 0 30.1 73.5 185 -1 0
0 1 0 30.1 73.5 183 -1 0
0 1 0 30.1 73.5 183 -1 0
0 1 0 30.1 73.5 181 -1 0
0 1 0 30.2 73.5 183 -1 0
0 1 0 30.2 73.5 183 -1 0
0 1 0 30.2 73.5 185 -1 0
0 1 0 30.2 73.5 183 -1 0
0 1 0 30.2 73.5 183 -1 0
0 1 0 30.2 73.5 183 -1 0
0 1 0 30.2 73.5 183 -1 0
0 1 0 30.3 73.5 183 -1 0
0 1 0 30.3 73.5 183 -1 0
0 1 0 30.3 73.5 185 -1 0
0 1 0 30.3 73.5 181 -1 0
0 1 0 30.3 73.5 183 -1 0
0 1 0 30.3 73.5 181 -1 0
0 1 0 30.4 73.5 179 -1 0
0 1 0 30.4 73.5 179 -1 0
0 1 0 30.3 73.5 179 -1 0
0 1 0 30.4 73.5 179 -1 0
0 1 0 30.4 73.5 180 -1 0
0 1 0 30.4 73.5 179 -1 0
0 1 0 30.4 73.5 179 -1 0
0 1 0 30.4 73.5 174 -1 0
0 1 0 30.5 73.5 176 -1 0
0 1 0 30.5 73.5 174 -1 0
0 1 0 30.4 73.5 174 -1 0
0 1 0 30.5 73.5 178 -1 0
0 1 0 30.5 73.5 174 -1 0
0 1 0 30.5 73.5 178 -1 0
0 1 0 30.5 73.5 174 -1 0
0 1 0 30.5 73.5 176 -1 0
0 1 0 30.4 73.5 176 -1 0
0 1 0 30.5 73.5 173 -1 0
0 1 0 30.6 73.5 173 -1 0
0 1 0 30.5 73.5 168 -1 0
0 1 0 30.6 74.0 138 -1 0
0 1 0 30.6 74.0 149 -1 0
0 1 0 30.5 74.0 164 -1 0
0 1 0 30.6 74.0 164 -1 0
0 1 0 30.6 74.0 164 -1 0
0 1 0 30.6 74.0 166 -1 0
0 1 0 30.6 74.0 166 -1 0
0 1 0 30.6 74.0 166 -1 0
0 1 0 30.6 74.0 160 -1 0
0 1 0 30.6 74.0 166 -1 0
0 1 0 30.7 74.0 168 -1 0
0 1 0 30.6 74.0 166 -1 0
0 1 0 30.7 74.0 166 -1 0
0 1 0 30.6 73.5 166 -1 0
0 1 0 30.7 74.0 164 -1 0
0 1 0 30.7 73.5 164 -1 0
0 1 0 30.7 73.5 162 -1 0
0 1 0 30.7 74.0 162 -1 0
0 1 0 30.7 73.5 162 -1 0
0 1 0 30.7 73.5 162 -1 0
0 1 0 30.7 73.5 162 -1 0
0 1 0 30.7 73.5 162 -1 0
0 1 0 30.7 73.5 160 -1 0
0 1 0 30.8 73.5 162 -1 0
0 1 0 30.7 73.5 161 -1 0
0 1 0 30.8 73.5 159 -1 0
0 1 0 30.8 73.5 155 -1 0
0 1 0 30.7 73.5 155 -1 0
0 1 0 30.8 73.0 155 -1 0
0 1 0 30.8 73.0 155 -1 0
0 1 0 30.8 73.0 153 -1 0
0 1 0 30.8 73.0 155 -1 0
0 1 0 30.8 73.0 151 -1 0
0 1 0 30.8 73.0 153 -1 0
0 1 0 30.8 73.0 153 -1 0
0 1 0 30.8 73.0 152 -1 0
0 1 0 30.8 73.0 152 -1 0
0 1 0 30.8 73.0 151 -1 0
0 1 0 30.8 73.0 152 -1 0
0 1 0 30.9 73.0 152 -1 0
0 1 0 30.7 72.5 150 -1 0
0 1 0 30.8 72.5 152 -1 0
0 1 0 30.7 72.5 148 -1 0
0 1 0 30.8 72.5 148 -1 0
0 1 0 30.8 72.5 148 -1 0
0 1 0 30.9 72.5 148 -1 0
0 1 0 30.8 72.0 145 -1 0
0 1 0 30.8 72.0 145 -1 0
0 1 0 30.8 72.0 143 -1 0
0 1 0 30.9 72.0 143 -1 0
0 1 0 30.9 72.0 145 -1 0
0 1 0 30.8 72.0 143 -1 0
0 1 0 30.9 72.0 143 -1 0
0 1 0 30.8 72.0 139 -1 0
0 1 0 30.8 72.0 137 -1 0
0 1 0 30.8 72.0 137 -1 0
0 1 0 30.8 72.0 139 -1 0
0 1 0 30.8 71.5 139 -1 0
0 1 0 30.8 72.0 136 -1 0
0 1 0 30.9 72.0 136 -1 0
0 1 0 30.7 72.0 134 -1 0
0 1 0 30.8 71.5 134 -1 0
0 1 0 30.7 71.5 132 -1 0
0 1 0 30.8 71.5 134 -1 0
0 1 0 30.8 71.0 132 -1 0
0 1 0 30.8 71.5 134 -1 0
0 1 0 30.8 71.5 136 -1 0
0 1 0 30.8 71.5 130 -1 0
0 1 0 30.7 71.5 134 c26 0
1 1 24 30.7 71.0 119 c26 0
1 1 21 30.6 66.5 118 c26 0
1 1 22 30.3 64.0 123 c26 0
1 1 3 30.0 64.0 123 c26 0
1 1 1 29.9 64.5 121 c26 0
1 1 4 29.7 64.0 123 c26 0
1 1 3 29.7 65.0 119 c26 0
1 1 3 29.7 65.0 121 c26 0
1 1 1 29.5 65.0 121 c26 0
1 1 2 29.5 65.0 121 c26 0
1 1 0 29.4 64.5 123 c26 0
1 1 1 29.4 64.0 119 c26 0
1 1 1 29.2 62.0 119 c26 0
1 1 3 29.1 62.0 121 c26 0
1 1 0 29.0 62.5 119 c26 0
1 1 8 29.0 61.5 118 c26 0
1 1 5 28.9 62.0 119 c26 0
1 1 3 28.9 63.5 119 c26 0
1 1 7 29.0 64.5 117 c26 0
1 1 2 28.9 64.5 116 c26 0
1 1 3 29.0 65.5 114 c26 0
1 1 2 29.1 66.5 114 c26 0
1 1 2 29.0 66.5 112 c26 0
1 1 1 29.2 66.0 116 c26 0
1 1 5 29.1 65.0 112 c26 0
1 1 7 29.0 66.0 112 c26 0
1 1 0 29.1 65.5 114 c26 0
1 1 1 29.0 65.0 112 c26 0
1 1 1 28.9 64.0 112 c26 0
1 1 4 28.8 63.5 111 c26 0
1 1 1 28.7 63.0 110 c26 0
1 1 1 28.7 63.0 109 c26 0
1 1 4 28.6 62.5 109 c26 0
1 1 6 28.6 62.5 105 c26 0
1 1 35 28.5 62.5 109 c26 0
1 1 7 28.4 62.5 108 c26 0
1 1 3 28.4 62.5 109 c26 0
1 1 4 28.5 64.0 109 c26 0
1 1 1 28.4 64.0 109 c26 0
1 1 0 28.4 63.0 107 c26 0
1 1 4 28.5 63.5 107 c26 0
1 1 19 28.4 63.5 105 c26 0
1 1 2 28.4 64.0 103 c26 0
1 1 6 28.4 63.0 97 c26 0
1 1 2 28.4 63.5 98 c26 0
1 1 4 28.4 65.0 100 c26 0
1 1 3 28.4 64.5 98 c26 0
1 1 1 28.4 64.0 98 c26 0
1 1 4 28.4 64.0 95 c26 0
1 1 11 28.4 64.0 93 c26 0
1 1 2 28.4 63.5 93 c26 0
1 1 1 28.4 63.5 91 c26 0
1 1 3 28.3 64.5 93 c26 0
1 1 3 28.4 65.0 93 c26 0
1 1 4 28.4 65.0 91 c26 0
1 1 5 28.4 64.0 91 c26 0
1 1 2 28.4 63.5 89 c26 0
1 1 8 28.3 63.5 91 c26 0
1 1 7 28.3 63.5 85 c26 0
1 1 6 28.3 64.0 88 c26 0
1 1 2 28.2 63.0 85 c26 0
1 1 0 28.1 62.5 87 c26 0
1 1 3 28.1 62.0 86 c26 0
1 1 6 28.1 62.0 88 c26 0
1 1 3 28.0 61.5 86 c26 0
1 1 3 28.0 61.5 84 c26 0
1 1 1 27.9 61.5 84 c26 0
1 1 7 28.0 61.0 84 c26 0
1 1 2 27.9 61.0 84 c26 0
1 1 2 27.8 61.5 82 c26 0
1 1 5 27.9 62.5 80 c26 0
1 1 7 27.8 61.5 79 c26 0
1 1 6 27.8 60.5 79 c26 0
1 1 6 27.8 61.0 77 c26 0
1 1 4 27.8 60.5 75 c26 0
1 1 5 27.7 60.0 75 c26 0
1 1 1 27.6 60.0 77 c26 0
1 1 13 27.6 60.0 77 c26 0
1 1 10 27.6 60.5 73 c26 0
1 1 5 27.6 60.5 77 c26 0
1 1 12 27.7 61.0 73 c26 0
1 1 7 27.7 61.5 75 c26 0
1 1 0 27.6 60.5 74 c26 0
1 1 7 27.5 60.0 72 c26 0
1 1 0 27.5 60.0 70 c26 0
1 1 0 27.4 60.0 72 c26 0
1 1 0 27.5 60.0 70 c26 0
1 1 0 27.5 61.0 70 c26 0
1 1 0 27.5 62.0 72 c26 0
1 1 0 27.5 61.5 72 c26 0
1 1 0 27.5 61.5 72 c26 0
1 1 0 27.6 62.0 70 c26 0
1 1 0 27.5 61.0 72 c26 0
1 1 0 27.5 60.0 70 c26 0
1 1 0 27.5 60.5 72 c26 0
1 1 0 27.5 60.5 70 c26 0
1 1 0 27.5 60.0 72 c26 0
1 1 0 27.5 60.5 70 c26 0
1 1 0 27.5 60.5 72 c26 0
1 1 0 27.5 60.5 69 c26 0
1 1 0 27.4 60.0 68 c26 0
1 1 0 27.4 61.0 67 c26 0
1 1 0 27.5 61.0 65 c26 0
1 1 0 27.5 62.5 63 c26 0
1 1 0 27.5 62.0 67 c26 0
1 1 0 27.6 63.5 65 c26 0
1 1 0 27.5 62.0 65 c26 0
1 1 0 27.5 61.5 65 c26 0
1 1 0 27.5 61.5 65 c26 0
1 1 0 27.5 61.0 63 c26 0
1 1 1 27.4 61.0 58 c26 0
1 1 10 27.4 60.0 61 c26 0
1 1 1 27.3 60.0 57 c26 0
1 1 1 27.3 59.0 56 c26 0
1 1 17 27.2 59.5 60 c26 0
1 1 0 27.2 59.5 60 c26 0
1 1 0 27.2 59.0 58 c26 0
1 1 0 27.1 59.0 58 c26 0
1 1 0 27.2 59.5 58 c26 0
1 1 0 27.2 60.0 54 c26 0
1 1 0 27.2 60.5 56 c26 0
1 1 1 27.3 60.5 53 c26 0
1 1 22 27.3 61.0 51 c26 0
1 1 7 27.3 61.0 49 c26 0
1 1 11 27.3 60.0 49 c26 0
1 1 14 27.3 60.0 49 c26 0
1 1 14 27.3 60.0 49 c26 0
1 1 1 27.2 59.5 52 c26 0
1 1 1 27.1 59.0 49 c26 0
1 1 0 27.1 59.5 49 c26 0
1 1 7 27.0 59.5 51 c26 0
1 1 8 27.0 59.5 49 c26 0
1 1 0 27.0 59.5 49 c26 0
1 1 0 27.0 60.5 49 c26 0
1 1 0 27.1 61.5 49 c26 0
1 1 0 27.2 60.5 49 c26 0
1 1 0 27.2 60.5 51 c26 0
1 1 22 27.3 60.5 47 c26 0
1 1 20 27.2 60.0 49 c26 0
1 1 10 27.2 60.5 51 c26 0
1 1 6 27.2 60.0 47 c26 0
1 1 15 27.2 60.0 49 c26 0
1 1 12 27.2 60.0 49 c26 0
1 1 14 27.2 60.0 47 c26 0
1 1 8 27.1 60.0 49 c26 0
1 1 21 27.1 60.0 49 c26 0
1 1 7 27.1 60.0 52 c26 0
1 1 27 27.1 60.0 49 c26 0
1 1 9 27.1 60.0 52 c26 0
1 1 12 27.0 60.0 54 c26 0
1 1 2 27.0 59.5 54 c26 0
1 1 15 27.1 60.0 52 c26 0
1 1 17 27.1 60.0 50 c26 0
1 1 24 27.1 59.5 47 c26 0
1 1 13 27.0 59.5 47 c26 0
1 1 4 27.0 60.0 49 c26 0
1 1 0 27.1 60.0 49 c26 0
1 1 0 27.1 60.5 49 c26 0
1 1 0 27.1 60.5 47 c26 0
1 1 0 27.2 60.5 47 c26 0
1 1 0 27.2 60.5 47 c26 0
1 1 0 27.1 60.5 49 c26 0
1 1 0 27.2 60.5 49 c26 0
1 1 0 27.1 60.5 47 c26 0
1 1 0 27.1 60.5 52 c26 0
1 1 0 27.1 60.5 52 c26 0
1 1 0 27.1 60.0 49 c26 0
1 1 0 27.1 60.0 48 c26 0
1 1 0 27.1 60.0 52 c26 0
1 1 0 27.1 60.0 52 c26 0
1 1 0 27.1 60.5 49 c26 0
1 1 0 27.1 60.0 46 c26 0
1 1 0 27.0 60.0 50 c26 0
1 1 0 27.1 60.0 49 c26 0
1 1 0 27.0 60.0 50 c26 0
1 1 0 27.0 60.0 50 c26 0
1 1 0 27.0 60.0 54 c26 0
1 1 0 27.0 60.0 56 c26 0
1 1 0 27.1 60.0 57 c26 0
1 1 0 27.0 60.0 57 c26 0
1 1 0 27.0 60.5 57 c26 0
1 1 0 27.0 60.0 55 c26 0
1 1 0 27.0 60.5 57 c26 0
1 1 0 27.0 60.0 59 c26 0
1 1 0 26.9 60.0 57 c26 0
1 1 0 26.9 60.0 59 c26 0
1 1 0 26.9 59.5 55 c26 0
1 1 0 26.8 59.5 55 c26 0
1 1 0 26.8 59.0 57 c26 0
1 1 0 26.8 59.0 60 c26 0
1 1 0 26.8 59.5 60 c26 0
1 1 0 26.9 59.5 58 c26 0
1 1 0 26.8 59.5 55 c26 0
1 1 0 26.8 59.5 55 c26 0
1 1 0 26.7 59.5 55 c26 0
1 1 0 26.9 59.5 57 c26 0
1 1 0 26.9 59.5 57 c26 0
1 1 0 26.9 59.5 55 c26 0
1 1 0 26.8 59.5 55 c26 0
1 1 0 26.9 59.5 55 c26 0
1 1 0 26.8 59.0 55 c26 0
1 1 0 26.8 59.5 53 c26 0
1 1 0 26.8 59.5 55 c26 0
1 1 0 26.9 59.0 53 c26 0
1 1 0 26.8 59.0 53 c26 0
1 1 0 26.7 58.5 53 c26 0
1 1 0 26.7 58.5 53 c26 0
1 1 0 26.7 59.0 51 c26 0
1 1 0 26.7 59.0 49 c26 0
1 1 0 26.7 59.0 50 c26 0
1 1 0 26.6 59.0 45 c26 0
1 1 0 26.7 58.5 42 c26 0
1 1 0 26.6 58.5 46 c26 0
1 1 0 26.6 58.5 52 c26 0
1 1 0 26.6 58.0 53 c26 0
1 1 0 26.5 58.0 53 c26 0
1 1 0 26.4 58.0 55 c26 0
1 1 0 26.4 58.0 53 c26 0
1 1 0 26.5 58.0 51 c26 0
1 1 0 26.4 58.0 53 c26 0
1 1 0 26.5 58.0 53 c26 0
1 1 0 26.4 58.0 51 c26 0
1 1 0 26.4 57.5 52 c26 0
1 1 0 26.4 57.5 48 c26 0
1 1 0 26.4 57.5 42 c26 0
1 1 0 26.3 57.5 45 c26 0
1 1 0 26.4 59.5 42 c26 0
1 1 0 26.5 59.5 42 c26 0
1 1 0 26.6 61.0 43 c26 0
1 1 0 26.7 61.0 45 c26 0
1 1 0 26.7 60.0 45 c26 0
1 1 0 26.8 59.5 45 c26 0
1 1 0 26.8 60.0 43 c26 0
1 1 0 26.8 59.5 43 c26 0
1 1 0 26.8 59.5 45 c26 0
1 1 0 26.8 60.0 45 c26 0
1 1 11 26.8 60.0 40 c26 0
1 1 31 26.8 60.0 66 c26 0
1 1 27 26.7 60.0 66 c26 1
1 1 10 26.8 60.0 66 c26 1
1 1 3 26.9 60.0 66 c26 1
1 1 7 26.8 60.5 66 c26 1
1 1 2 26.9 60.0 66 c26 1
1 1 7 27.0 59.5 70 c26 1
1 1 4 27.0 59.0 69 c26 1
1 1 4 27.0 59.0 70 c26 1
1 1 1 26.9 59.0 70 c26 1
1 1 7 26.9 59.5 69 c26 1
1 1 4 26.9 59.5 69 c26 1
1 1 3 26.9 59.0 69 c26 1
1 1 21 26.9 59.0 69 c26 1
0 1 2 26.8 59.5 75 c26 1
0 1 0 26.9 59.5 75 c26 1
0 1 0 26.8 59.0 75 c26 1
0 1 0 26.8 59.0 75 c26 1
0 1 0 26.8 59.0 75 c26 1
0 1 0 26.8 59.0 75 c26 1
0 1 0 26.7 59.0 77 c26 1
0 1 0 26.8 59.0 77 c26 1
0 1 0 26.8 59.0 73 c26 1
0 1 0 26.7 58.5 75 c26 1
0 1 0 26.8 58.5 73 c26 1
0 1 0 26.7 58.5 73 c26 1
0 1 0 26.7 58.5 74 c26 1
0 1 0 26.7 58.0 70 c26 1
0 1 0 26.6 58.0 72 c26 1
0 1 0 26.6 57.5 70 c26 1
0 1 0 26.6 57.5 70 c26 1
0 1 0 26.5 57.5 68 c26 1
0 1 0 26.5 57.5 72 c26 1
0 1 0 26.5 57.0 70 c26 1
0 1 0 26.5 57.5 70 c26 1
0 1 0 26.5 57.5 70 c26 1
0 1 0 26.5 57.5 70 c26 1
0 1 0 26.5 57.5 70 c26 1
0 1 0 26.5 57.5 72 c26 1
0 1 0 26.4 58.0 68 c26 1
0 1 0 26.5 57.5 70 c26 1
0 1 0 26.4 58.0 70 c26 1
0 1 0 26.5 58.0 70 c26 1
0 1 0 26.4 58.0 70 c26 1
0 1 0 26.5 58.5 70 c26 1
0 1 0 26.5 58.5 72 c26 1
0 1 0 26.5 58.5 74 c26 1
0 1 0 26.6 58.5 70 c26 1
0 1 0 26.5 58.5 70 c26 1
0 1 0 26.6 58.5 72 c26 1
0 1 0 26.5 58.5 74 c26 1
0 1 0 26.4 58.0 73 c26 1
0 1 0 26.4 58.0 75 c26 1
0 1 0 26.3 58.0 73 c26 1
0 1 1 26.3 57.5 70 c26 1
1 1 16 26.3 57.0 70 c26 1
1 1 2 26.3 57.0 70 c26 1
1 1 10 26.3 57.5 68 c26 1
1 1 9 26.4 57.5 70 c26 1
1 1 0 26.4 57.5 69 c26 1
1 1 6 26.4 57.5 71 c26 1
1 1 3 26.4 57.5 71 c26 1
1 1 7 26.4 57.5 71 c26 1
1 1 11 26.4 57.5 75 c26 1
1 1 0 26.4 57.5 71 c26 1
1 1 4 26.3 57.5 71 c26 1
1 1 9 26.4 59.0 73 c26 1
1 1 7 26.5 60.0 75 c26 1
1 1 9 26.6 59.5 80 c26 1
1 1 5 26.6 60.0 78 c26 1
1 1 6 26.7 61.0 80 c26 1
1 1 7 26.8 61.5 69 c26 1
1 1 8 26.9 62.0 68 c26 1
1 1 12 27.0 62.0 75 c26 1
1 1 19 27.2 62.5 67 c26 1
1 1 8 27.1 61.5 60 c26 1
1 1 4 27.1 60.0 62 c26 1
1 1 8 27.0 59.5 60 c26 1
1 1 8 27.0 59.5 62 c26 1
1 1 9 27.0 59.5 77 c26 1
1 1 11 26.9 59.5 66 c26 1
1 1 19 27.0 59.0 68 c26 1
1 1 1 26.9 59.0 61 c26 1
1 1 5 26.9 59.5 60 c26 1
1 1 6 27.0 60.0 58 c26 1
1 1 8 27.0 59.5 60 c26 1
1 1 9 27.0 59.5 58 c26 1
1 1 5 27.1 60.0 68 c26 1
1 1 8 27.1 59.5 72 c26 1
1 1 9 27.1 59.0 68 c26 1
1 1 6 27.0 58.5 76 c26 1
1 1 10 27.0 59.0 76 c26 1
1 1 20 27.1 60.0 78 c26 1
1 1 28 27.2 61.0 78 c26 1
1 1 2 27.3 60.5 80 c26 1
1 1 0 27.3 60.0 82 c26 1
1 1 19 27.3 59.5 76 c26 1
1 1 2 27.3 59.5 76 c26 1
1 1 12 27.2 59.0 76 c26 1
1 1 7 27.3 59.5 76 c26 1
1 1 7 27.3 60.0 78 c26 1
1 1 15 27.4 61.5 72 c26 1
1 1 2 27.6 61.0 75 c26 1
1 1 9 27.5 61.0 65 c26 1
1 1 9 27.6 60.0 73 c26 1
1 1 5 27.5 60.0 60 c26 1
1 1 8 27.5 61.0 60 c26 1
1 1 4 27.6 60.5 58 c26 1
1 1 3 27.6 60.0 60 c26 1
1 1 3 27.5 59.5 66 c26 1
1 1 6 27.4 58.5 75 c26 1
1 1 5 27.4 58.5 81 c26 1
1 1 4 27.4 58.0 83 c26 1
1 1 5 27.3 58.0 80 c26 1
1 1 12 27.2 58.0 82 c26 1
1 1 9 27.2 58.0 81 c26 1
1 1 7 27.3 58.5 76 c26 1
1 1 8 27.3 58.0 78 c26 1
1 1 3 27.3 58.0 71 c26 1
1 1 0 27.3 57.5 63 c26 1
1 1 31 27.3 58.5 60 c26 1
1 1 18 27.5 59.0 59 c26 1
1 1 7 27.4 58.5 66 c26 1
1 1 9 27.4 58.0 79 c26 1
1 1 24 27.4 57.5 75 c26 1
1 1 6 27.4 57.5 70 c26 1
1 1 8 27.4 58.0 70 c26 1
1 1 5 27.4 58.0 72 c26 1
1 1 13 27.4 58.0 60 c26 1
1 1 23 27.5 58.5 72 c26 1
1 1 9 27.5 58.0 65 c26 1
1 1 7 27.4 57.5 63 c26 1
1 1 7 27.4 57.5 66 c26 1
1 1 15 27.4 57.0 79 c26 1
0 1 13 27.3 57.5 74 c26 1
0 1 6 27.3 57.5 80 c26 1
0 1 12 27.3 57.0 78 c26 1
0 1 21 27.3 57.0 72 c26 1
0 1 17 27.2 57.0 58 c26 1
0 1 10 27.2 57.0 62 c26 1
0 1 10 27.2 57.0 72 c26 1
0 1 6 27.2 57.5 67 c26 1
0 1 3 27.2 57.5 63 c26 1
0 1 6 27.2 57.0 66 c26 1
0 1 9 27.2 57.0 74 c26 1
0 1 9 27.1 57.0 82 c26 1
0 1 20 27.1 57.0 80 c26 1
0 1 26 27.1 57.0 86 c26 1
0 1 11 27.1 56.5 82 c26 1
0 1 3 27.0 56.5 84 c26 1
0 1 3 26.9 56.5 84 c26 1
0 1 6 27.0 56.5 62 c26 1
0 1 15 27.0 56.5 57 c26 1
0 1 5 27.0 56.5 53 c26 1
0 1 11 26.9 56.5 62 c26 1
0 1 5 26.9 56.5 60 c26 1
0 1 0 26.8 56.5 61 c26 1
0 1 4 26.9 56.0 73 c26 1
0 1 5 26.9 56.0 61 c26 1
0 1 0 26.9 56.0 57 c26 1
0 1 3 26.8 56.0 62 c26 1
0 1 7 26.8 56.0 78 c26 1
0 1 11 26.8 56.0 76 c26 1
0 1 5 26.8 56.0 77 c26 1
0 1 11 26.7 56.0 79 c26 1
0 1 0 26.7 56.0 81 c26 1
0 1 2 26.7 56.0 73 c26 1
0 1 10 26.7 56.0 79 c26 1
0 1 10 26.6 56.0 81 c26 1
0 1 6 26.7 56.0 72 c26 1
0 1 13 26.7 56.0 81 c26 1
0 1 14 26.6 55.5 81 c26 1
0 1 11 26.6 55.5 78 c26 1
0 1 2 26.5 55.5 83 c26 1
0 1 4 26.6 55.5 78 c26 1
0 1 7 26.5 55.5 79 c26 1
0 1 3 26.5 55.5 79 c26 1
0 1 2 26.4 55.5 68 c26 1
0 1 14 26.4 55.5 62 c26 1
0 1 24 26.5 55.5 73 c26 1
0 1 28 26.5 55.5 73 c26 1
0 1 7 26.4 55.5 81 c26 1
0 1 13 26.4 55.5 78 c26 1
0 1 12 26.4 55.5 68 c26 1
0 1 9 26.4 55.5 60 c26 1
0 1 8 26.4 55.5 57 c26 1
0 1 6 26.3 55.5 57 c26 1
0 1 7 26.4 55.0 62 c26 1
0 1 11 26.3 55.0 58 c26 1
0 1 16 26.2 55.0 67 c26 1
0 1 10 26.2 55.0 62 c26 1
0 1 7 26.2 54.5 73 c26 1
0 1 15 26.2 54.5 76 c26 1
0 1 15 26.1 54.5 80 c26 1
0 1 11 26.1 54.0 60 c26 1
0 1 5 26.0 54.0 58 c26 1
0 1 3 26.0 54.0 62 c26 1
0 1 9 26.0 54.0 55 c26 1
0 1 14 25.9 53.5 75 c26 1
0 1 4 25.9 53.5 66 c26 1
0 1 6 25.9 53.5 56 c26 1
0 1 6 25.9 53.0 62 c26 1
0 1 10 25.8 53.0 55 c26 1
0 1 11 25.8 53.0 62 c26 1
0 1 16 25.8 53.0 55 c26 1
0 1 5 25.8 53.0 60 c26 1
0 1 4 25.7 53.0 59 c26 1
0 1 9 25.7 53.0 55 c26 1
0 1 4 25.7 53.0 55 c26 1
0 1 4 25.6 53.0 58 c26 1
0 1 14 25.6 52.5 76 c26 1
0 1 7 25.7 53.0 76 c26 1
0 1 10 25.7 52.5 78 c26 1
0 1 8 25.6 52.5 78 c26 1
0 1 10 25.5 52.5 70 c26 1
0 1 8 25.5 52.5 68 c26 1
0 1 12 25.6 52.5 75 c26 1
0 1 32 25.6 52.5 71 c26 1
0 1 42 25.5 52.5 65 -1 1
0 1 54 25.5 52.5 56 -1 1
0 1 0 25.4 52.5 50 -1 0
0 1 0 25.5 52.5 50 -1 0
0 1 0 25.5 53.0 45 -1 0
0 1 0 25.6 53.0 49 -1 0
0 1 0 25.8 53.0 40 -1 0
0 1 0 25.8 53.0 38 -1 0
0 1 0 25.9 53.5 46 -1 0
0 1 0 25.9 53.5 48 -1 0
0 1 0 25.9 54.0 47 -1 0
0 1 0 26.0 54.0 46 -1 0
0 1 0 26.1 54.5 42 -1 0
0 1 0 26.1 54.5 45 -1 0
0 1 0 26.2 54.5 37 -1 0
0 1 0 26.3 54.5 25 -1 0
0 1 0 26.3 54.5 25 -1 0
0 1 0 26.3 55.0 25 -1 0
0 1 0 26.4 55.0 25 -1 0
0 1 0 26.3 55.0 22 -1 0
0 1 0 26.4 55.0 22 -1 0
0 1 0 26.4 55.0 25 -1 0
0 1 0 26.5 55.5 25 -1 0
0 1 0 26.5 56.0 22 -1 0
0 1 0 26.5 55.5 22 -1 0
0 1 0 26.5 55.5 20 -1 0
0 1 0 26.5 55.5 22 -1 0
0 1 0 26.5 56.0 27 -1 0
0 1 0 26.6 56.0 22 -1 0
0 1 0 26.6 56.0 20 -1 0
0 1 0 26.6 56.5 22 -1 0
0 1 0 26.7 58.5 27 -1 0
0 1 0 26.7 59.0 33 -1 0
0 1 0 26.9 59.0 37 -1 0
0 1 0 26.9 58.0 33 -1 0
0 1 0 26.9 58.0 38 -1 0
0 1 0 26.9 58.0 38 -1 0
0 1 0 26.9 57.5 38 -1 0
0 1 0 26.9 58.0 38 -1 0
0 1 0 26.9 58.0 38 -1 0
0 1 0 27.0 58.0 38 -1 0
0 1 0 26.9 58.0 35 -1 0
0 1 0 27.1 58.5 35 -1 0
0 1 0 27.0 58.5 36 -1 0
0 1 0 27.1 58.5 20 -1 0
0 1 0 27.0 59.0 22 -1 0
0 1 0 27.1 59.5 18 -1 0
0 1 0 27.2 60.0 16 -1 0
0 1 0 27.1 59.5 16 -1 0
0 1 0 27.2 59.5 20 -1 0
0 1 0 27.2 59.5 20 -1 0
0 1 0 27.2 59.0 18 -1 0
0 1 0 27.2 60.0 18 -1 0
0 1 0 27.3 61.0 16 -1 0
0 1 0 27.3 60.5 16 -1 0
0 1 0 27.3 60.5 16 -1 0
0 1 0 27.4 60.5 16 -1 0
0 1 0 27.4 61.0 16 -1 0
0 1 0 27.4 61.5 16 -1 0
0 1 0 27.5 62.0 16 -1 0
0 1 0 27.5 62.0 13 -1 0
0 1 0 27.5 62.0 13 -1 0
0 1 0 27.5 62.5 13 -1 0
0 1 0 27.5 62.5 15 -1 0
0 1 0 27.6 62.0 15 -1 0
0 1 0 27.6 62.0 13 -1 0
0 1 0 27.7 63.0 11 -1 0
0 1 0 27.6 63.5 11 -1 0
0 1 0 27.7 63.5 15 -1 0
0 1 0 27.7 63.0 11 -1 0
0 1 0 27.7 62.0 11 -1 0
0 1 0 27.6 62.0 13 -1 0
0 1 0 27.7 61.5 13 -1 0
0 1 0 27.7 60.5 13 -1 0
0 1 0 27.6 60.5 13 -1 0
0 1 0 27.7 60.0 13 -1 0
0 1 0 27.7 60.0 13 -1 0
0 1 0 27.7 60.0 13 -1 0
0 1 0 27.7 60.0 13 -1 0
0 1 0 27.6 60.0 13 -1 0
0 1 0 27.7 60.0 13 -1 0
0 1 0 27.7 60.0 11 -1 0
0 1 0 27.7 60.0 11 -1 0
0 1 0 27.7 61.5 9 -1 0
0 1 0 27.7 61.5 9 -1 0
0 1 0 27.8 62.5 9 -1 0
0 1 0 27.9 62.0 7 -1 0
0 1 0 27.9 63.0 11 -1 0
0 1 0 27.8 63.5 11 -1 0
0 1 0 28.0 63.5 9 -1 0
0 1 0 27.9 64.5 9 -1 0
0 1 0 28.0 65.0 6 -1 0
0 1 0 28.0 65.0 6 -1 0
0 1 0 28.1 65.0 6 -1 0
0 1 0 28.1 64.0 4 -1 0
0 1 0 28.1 64.0 4 -1 0
0 1 0 28.1 64.5 4 -1 0
0 1 0 28.0 65.5 8 -1 0
0 1 0 28.1 65.5 6 -1 0
0 1 0 28.1 66.0 6 -1 0
0 1 0 28.3 66.0 6 -1 0
0 1 0 28.2 65.0 6 -1 0
0 1 0 28.3 64.0 6 -1 0
0 1 0 28.2 64.5 4 -1 0
0 1 0 28.2 65.0 4 -1 0
0 1 0 28.3 65.5 4 -1 0
0 1 0 28.3 66.0 4 -1 0
0 1 0 28.3 66.0 4 -1 0
0 1 0 28.3 66.5 2 -1 0
0 1 0 28.4 66.5 2 -1 0
0 1 0 28.4 67.0 2 -1 0
0 1 0 28.4 67.0 2 -1 0
0 1 0 28.5 67.0 2 -1 0
0 1 0 28.5 67.0 1 -1 0
0 1 0 28.5 67.5 1 -1 0
0 1 0 28.5 67.5 4 -1 0
0 1 0 28.6 67.0 4 -1 0
0 1 0 28.6 66.0 2 -1 0
0 1 0 28.5 66.5 2 -1 0
0 1 0 28.5 65.5 2 -1 0
0 1 0 28.4 65.0 2 -1 0
0 1 0 28.5 64.5 0 -1 0
0 1 0 28.4 64.0 0 -1 0
0 1 0 28.4 64.0 0 -1 0
0 1 0 28.4 63.5 0 -1 0
0 1 0 28.4 63.5 0 -1 0
0 1 0 28.4 63.0 0 -1 0
0 1 0 28.4 63.0 1 -1 0
0 1 0 28.3 62.5 1 -1 0
0 1 0 28.4 62.5 1 -1 0
0 1 0 28.4 62.5 1 -1 0
0 1 0 28.2 62.5 1 -1 0
0 1 0 28.3 62.5 1 -1 0
0 1 0 28.2 62.0 1 -1 0
0 1 0 28.3 62.0 1 -1 0
0 1 0 28.3 62.0 1 -1 0
0 1 0 28.3 62.0 1 -1 0
0 1 0 28.3 61.5 1 -1 0
0 1 0 28.3 61.5 1 -1 0
0 1 0 28.3 61.5 1 -1 0
0 1 0 28.2 61.5 1 -1 0
0 1 0 28.3 61.5 1 -1 0
0 1 0 28.3 61.5 2 -1 0
0 1 0 28.3 61.5 2 -1 0
0 1 0 28.2 61.5 2 -1 0
0 1 0 28.2 61.5 2 -1 0
0 1 0 28.2 61.5 2 -1 0
0 1 0 28.2 61.5 2 -1 0
0 1 0 28.2 61.0 2 -1 0
0 1 0 28.3 61.5 2 -1 0
0 1 0 28.3 61.5 2 -1 0
0 1 0 28.3 61.0 2 -1 0
0 1 0 28.2 60.5 2 -1 0
0 1 0 28.2 60.5 2 -1 0
0 1 0 28.1 60.5 2 -1 0
0 1 0 28.2 61.0 2 -1 0
0 1 0 28.2 61.0 2 -1 0
0 1 0 28.1 61.0 2 -1 0
0 1 0 28.2 60.5 2 -1 0
0 1 0 28.2 60.5 2 -1 0
0 1 0 28.1 60.5 2 -1 0
0 1 0 28.1 60.5 2 -1 0
0 1 0 28.1 60.5 2 -1 0
0 1 0 28.1 60.5 2 -1 0
0 1 0 28.1 60.0 2 -1 0
0 1 0 28.1 60.0 2 -1 0
0 1 0 28.1 59.5 2 -1 0
0 1 0 28.1 59.5 2 -1 0
0 1 0 28.0 59.5 2 -1 0
0 1 0 28.0 59.5 2 -1 0
0 1 0 28.1 59.5 2 -1 0
0 1 0 28.0 59.5 2 -1 0
0 1 0 28.0 59.0 2 -1 0
0 1 0 28.0 59.0 2 -1 0
0 1 0 28.0 59.5 2 -1 0
0 1 0 28.0 59.5 2 -1 0
0 1 0 28.0 59.0 2 -1 0
0 1 0 28.0 59.0 2 -1 0
0 1 0 28.0 59.0 2 -1 0
0 1 0 28.0 59.0 2 -1 0
0 1 0 28.0 59.0 2 -1 0
0 1 0 27.9 58.5 2 -1 0
0 1 0 28.0 58.5 2 -1 0
0 1 0 28.0 58.5 2 -1 0
0 1 0 28.0 58.5 2 -1 0
0 1 0 28.0 58.5 2 -1 0
0 1 0 27.9 58.5 2 -1 0
0 1 0 28.0 59.0 2 -1 0
0 1 0 28.0 58.5 2 -1 0
0 1 0 27.9 58.5 2 -1 0
0 1 0 27.9 58.5 2 -1 0
0 1 0 28.0 58.5 2 -1 0
0 1 0 27.9 58.5 2 -1 0
0 1 0 27.9 58.5 2 -1 0
0 1 0 27.9 58.5 2 -1 0
0 1 0 28.0 58.5 2 -1 0
0 1 0 28.0 58.5 2 -1 0
0 1 0 27.9 58.0 2 -1 0
0 1 0 27.9 58.0 2 -1 0
0 1 0 27.9 58.0 2 -1 0
0 1 0 27.9 58.0 2 -1 0
0 1 0 27.9 58.0 2 -1 0
0 1 0 27.9 58.0 2 -1 0
0 1 0 27.9 58.0 2 -1 0
0 1 0 27.9 58.0 2 -1 0
0 1 0 27.9 58.0 2 -1 0
0 1 0 27.9 58.0 2 -1 0
0 1 0 27.8 58.0 2 -1 0
0 1 0 27.8 58.0 2 -1 0
0 1 0 27.8 58.0 2 -1 0
0 1 0 27.9 58.0 2 -1 0
0 1 0 27.8 58.0 2 -1 0
0 1 0 27.9 58.0 2 -1 0
0 1 0 27.8 58.0 2 -1 0
0 1 0 27.8 58.0 2 -1 0
0 1 0 27.8 58.0 2 -1 0
0 1 0 27.8 58.0 2 -1 0
0 1 0 27.8 57.5 2 -1 0
0 1 0 27.8 58.0 2 -1 0
0 1 0 27.8 58.0 2 -1 0
0 1 0 27.8 58.0 2 -1 0
0 1 0 27.8 57.5 2 -1 0
0 1 0 27.8 58.0 2 -1 0
0 1 0 27.8 57.5 2 -1 0
0 1 0 27.8 58.0 2 -1 0
0 1 0 27.8 58.0 2 -1 0
0 1 0 27.9 57.5 2 -1 0
0 1 0 27.8 57.5 2 -1 0
0 1 0 27.8 57.5 2 -1 0
0 1 0 27.9 57.5 2 -1 0
0 1 0 27.8 57.5 2 -1 0
0 1 0 27.8 57.5 2 -1 0
0 1 0 27.8 57.5 2 -1 0
0 1 0 27.8 57.5 2 -1 0
0 1 0 27.8 57.5 2 -1 0
0 1 0 27.8 57.5 2 -1 0
0 1 0 27.8 57.5 2 -1 0
0 1 0 27.8 57.5 2 -1 0
0 1 0 27.8 58.0 2 -1 0
0 1 0 27.8 58.0 2 -1 0
0 1 0 27.8 58.5 2 -1 0
0 1 0 27.9 58.5 2 -1 0
0 1 0 27.8 58.5 2 -1 0
0 1 0 27.9 58.0 2 -1 0
0 1 0 27.8 57.5 2 -1 0
0 1 0 27.9 57.5 2 -1 0
0 1 0 27.9 58.0 2 -1 0
0 1 0 27.9 58.0 2 -1 0
0 1 0 28.0 58.5 2 -1 0
0 1 0 27.9 59.0 2 -1 0
0 1 0 28.0 59.5 2 -1 0
0 1 0 28.0 60.5 2 -1 0
0 1 0 27.9 60.5 2 -1 0
0 1 0 27.9 60.5 2 -1 0
0 1 0 28.0 60.5 2 -1 0
0 1 0 28.0 60.0 2 -1 0
0 1 0 28.0 60.0 2 -1 0
0 1 0 28.0 60.0 2 -1 0
0 1 0 28.0 60.0 2 -1 0
0 1 0 28.0 60.5 2 -1 0
0 1 0 28.0 61.0 2 -1 0
0 1 0 28.0 61.5 2 -1 0
0 1 0 28.1 62.0 2 -1 0
0 1 0 28.1 61.5 2 -1 0
0 1 0 28.0 61.5 2 -1 0
0 1 0 28.0 61.5 2 -1 0
0 1 0 28.1 60.5 2 -1 0
0 1 0 28.1 59.5 2 -1 0
0 1 0 28.1 59.5 2 -1 0
0 1 0 28.0 59.0 2 -1 0
0 1 0 28.1 59.5 2 -1 0
0 1 0 28.1 59.5 2 -1 0
0 1 0 28.1 60.0 2 -1 0
0 1 0 28.1 60.5 2 -1 0
0 1 0 28.1 61.5 2 -1 0
0 1 0 28.1 60.5 2 -1 0
0 1 0 28.1 60.5 2 -1 0
0 1 0 28.1 60.5 2 -1 0
0 1 0 28.1 60.0 2 -1 0
0 1 0 28.1 60.5 2 -1 0
0 1 0 28.1 60.5 2 -1 0
0 1 0 28.1 60.0 2 -1 0
0 1 0 28.1 59.5 2 -1 0
0 1 0 28.0 59.5 2 -1 0
0 1 0 28.1 59.5 2 -1 0
0 1 0 28.0 59.5 2 -1 0
0 1 0 28.0 59.5 2 -1 0
0 1 0 28.1 59.5 2 -1 0
0 1 0 28.1 59.5 2 -1 0
0 1 0 28.0 59.0 2 -1 0
0 1 0 28.1 59.0 2 -1 0
0 1 0 28.1 59.0 2 -1 0
0 1 0 28.1 59.5 2 -1 0
0 1 0 28.1 60.5 2 -1 0
0 1 0 28.1 61.5 2 -1 0
0 1 0 28.1 62.0 2 -1 0
0 1 0 28.1 61.5 2 -1 0
0 1 0 28.1 61.5 2 -1 0
0 1 0 28.1 61.0 2 -1 0
0 1 0 28.1 60.5 2 -1 0
0 1 0 28.1 60.5 2 -1 0
0 1 0 28.1 60.0 2 -1 0
0 1 0 28.1 59.5 2 -1 0
0 1 0 28.1 59.0 2 -1 0
0 1 0 28.1 59.0 2 -1 0
0 1 0 28.0 59.0 2 -1 0
0 1 0 28.0 58.5 2 -1 0
0 1 0 28.1 58.5 2 -1 0
0 1 0 28.0 58.5 2 -1 0
0 1 0 28.0 58.5 2 -1 0
0 1 0 28.0 58.5 2 -1 0
0 1 0 28.0 58.0 2 -1 0
0 1 0 28.0 58.0 2 -1 0
0 1 0 28.0 58.0 2 -1 0
0 1 0 28.0 58.0 2 -1 0
0 1 0 27.9 58.0 2 -1 0
0 1 0 28.0 57.5 2 -1 0
0 1 0 27.9 57.5 2 -1 0
0 1 0 28.0 57.5 2 -1 0
0 1 0 27.9 57.5 2 -1 0
0 1 0 27.9 57.5 2 -1 0
0 1 0 28.0 57.0 2 -1 0
0 1 0 27.9 57.0 2 -1 0
0 1 0 27.9 57.0 2 -1 0
0 1 0 27.9 57.0 2 -1 0
0 1 0 27.9 57.0 2 -1 0
0 1 0 27.9 57.0 2 -1 0
0 1 0 27.9 57.0 2 -1 0
0 1 0 27.8 56.5 2 -1 0
0 1 0 27.9 56.5 2 -1 0
0 1 0 27.9 56.5 2 -1 0
0 1 0 27.8 56.5 2 -1 0
0 1 0 27.8 56.5 2 -1 0
0 1 0 27.8 57.0 2 -1 0
0 1 0 27.8 56.5 2 -1 0
0 1 0 27.9 56.5 2 -1 0
0 1 0 27.8 56.5 2 -1 0
0 1 0 27.8 56.5 2 -1 0
0 1 0 27.8 56.5 2 -1 0
0 1 0 27.8 56.5 2 -1 0
0 1 0 27.8 56.5 2 -1 0
0 1 0 27.7 56.5 2 -1 0
0 1 0 27.7 56.0 2 -1 0
0 1 0 27.8 56.0 2 -1 0
0 1 0 27.8 56.5 2 -1 0
0 1 0 27.8 56.0 2 -1 0
0 1 0 27.8 56.0 2 -1 0
0 1 0 27.7 56.0 2 -1 0
0 1 0 27.7 56.0 2 -1 0
0 1 0 27.8 56.5 2 -1 0
0 1 0 27.8 56.5 2 -1 0
0 1 0 27.7 56.0 2 -1 0
0 1 0 27.8 56.0 2 -1 0
0 1 0 27.8 56.0 2 -1 0
0 1 0 27.7 56.5 2 -1 0
0 1 0 27.7 56.0 2 -1 0
0 1 0 27.6 56.0 2 -1 0
0 1 0 27.8 56.0 2 -1 0
0 1 0 27.8 56.0 2 -1 0
0 1 0 27.7 56.0 2 -1 0
0 1 0 27.7 56.0 2 -1 0
0 1 0 27.7 56.0 2 -1 0
0 1 0 27.7 56.0 2 -1 0
0 1 0 27.7 56.0 2 -1 0
0 1 0 27.7 56.0 2 -1 0
0 1 0 27.7 56.0 2 -1 0
0 1 0 27.7 56.0 2 -1 0
0 1 0 27.7 57.0 2 -1 0
0 1 0 27.7 56.5 2 -1 0
0 1 0 27.7 57.0 2 -1 0
0 1 0 27.7 57.0 2 -1 0
0 1 0 27.7 56.5 2 -1 0
0 1 0 27.7 56.5 2 -1 0
0 1 0 27.7 56.5 2 -1 0
0 1 0 27.6 56.5 2 -1 0
0 1 0 27.7 56.5 2 -1 0
0 1 0 27.6 56.5 2 -1 0
0 1 0 27.7 56.5 2 -1 0
0 1 0 27.7 56.5 2 -1 0
0 1 0 27.7 56.5 2 -1 0
0 1 0 27.7 56.5 2 -1 0
0 1 0 27.7 56.5 2 -1 0
0 1 0 27.6 56.5 2 -1 0
0 1 0 27.7 57.0 2 -1 0
0 1 0 27.7 57.0 2 -1 0
0 1 0 27.7 56.5 2 -1 0
0 1 0 27.7 56.5 2 -1 0
0 1 0 27.7 57.0 2 -1 0
0 1 0 27.6 56.5 2 -1 0
0 1 0 27.7 56.5 2 -1 0
0 1 0 27.6 56.5 2 -1 0
0 1 0 27.7 57.0 2 -1 0
0 1 0 27.7 57.0 2 -1 0
0 1 0 27.7 57.0 2 -1 0
0 1 0 27.7 57.0 2 -1 0
0 1 0 27.6 57.0 2 -1 0
0 1 0 27.6 57.0 2 -1 0
0 1 0 27.6 57.0 2 -1 0
0 1 0 27.7 57.0 2 -1 0
0 1 0 27.7 57.0 2 -1 0
0 1 0 27.6 57.0 2 -1 0
0 1 0 27.6 57.0 2 -1 0
0 1 0 27.7 57.0 2 -1 0
0 1 0 27.7 57.0 2 -1 0
0 1 0 27.6 57.0 2 -1 0
0 1 0 27.6 57.0 2 -1 0
0 1 0 27.6 57.0 2 -1 0
0 1 0 27.6 57.0 2 -1 0
0 1 0 27.6 57.0 2 -1 0
0 1 0 27.6 57.0 2 -1 0
0 1 0 27.6 56.5 2 -1 0
0 1 0 27.7 56.5 2 -1 0
0 1 0 27.6 56.5 2 -1 0
0 1 0 27.7 56.5 2 -1 0
0 1 0 27.6 57.0 2 -1 0
0 1 0 27.6 57.0 2 -1 0
0 1 0 27.7 57.0 2 -1 0
0 1 0 27.6 57.5 2 -1 0
0 1 0 27.6 57.5 2 -1 0
0 1 0 27.7 57.0 2 -1 0
0 1 0 27.6 57.0 2 -1 0
0 1 0 27.7 57.0 2 -1 0
0 1 0 27.6 56.5 2 -1 0
0 1 0 27.7 57.0 2 -1 0
0 1 0 27.7 57.5 2 -1 0
0 1 0 27.6 57.5 2 -1 0
0 1 0 27.6 57.5 2 -1 0
