0 1 0 29.1 64.0 2 -1 0
0 1 0 29.0 64.5 2 -1 0
0 1 0 29.0 64.5 2 -1 0
0 1 0 29.1 64.5 2 -1 0
0 1 0 29.1 65.0 2 -1 0
0 1 0 29.0 65.0 2 -1 0
0 1 0 29.2 65.0 2 -1 0
0 1 0 29.1 65.0 2 -1 0
0 1 0 29.1 65.5 2 -1 0
0 1 0 29.1 65.5 2 -1 0
0 1 0 29.0 65.5 2 -1 0
0 1 0 29.1 65.5 2 -1 0
0 1 0 29.2 65.5 2 -1 0
0 1 0 29.2 65.5 2 -1 0
0 1 0 29.2 65.5 2 -1 0
0 1 0 29.1 65.5 2 -1 0
0 1 0 29.2 65.5 2 -1 0
0 1 0 29.2 65.5 2 -1 0
0 1 0 29.2 65.5 2 -1 0
0 1 0 29.2 65.5 2 -1 0
0 1 0 29.3 65.5 2 -1 0
0 1 0 29.3 65.5 2 -1 0
0 1 0 29.2 65.5 2 -1 0
0 1 0 29.2 65.5 2 -1 0
0 1 0 29.2 65.5 2 -1 0
0 1 0 29.3 65.5 2 -1 0
0 1 0 29.3 65.5 2 -1 0
0 1 0 29.3 65.5 2 -1 0
0 1 0 29.3 65.5 2 -1 0
0 1 0 29.3 65.0 2 -1 0
0 1 0 29.3 65.0 2 -1 0
0 1 0 29.3 65.0 2 -1 0
0 1 0 29.4 65.0 2 -1 0
0 1 0 29.4 65.0 2 -1 0
0 1 0 29.4 64.5 2 -1 0
0 1 0 29.4 64.5 2 -1 0
0 1 0 29.4 64.5 2 -1 0
0 1 0 29.4 64.5 2 -1 0
0 1 0 29.4 64.5 2 -1 0
0 1 0 29.4 64.5 2 -1 0
0 1 0 29.4 64.5 2 -1 0
0 1 0 29.4 64.5 2 -1 0
0 1 0 29.4 64.5 2 -1 0
0 1 0 29.4 64.5 2 -1 0
0 1 0 29.3 64.5 2 -1 0
0 1 0 29.4 64.0 2 -1 0
0 1 0 29.4 64.0 2 -1 0
0 1 0 29.4 64.0 2 -1 0
0 1 0 29.4 64.0 2 -1 0
0 1 0 29.4 64.0 2 -1 0
0 1 0 29.4 64.0 2 -1 0
0 1 0 29.5 64.0 2 -1 0
0 1 0 29.5 64.0 2 -1 0
0 1 0 29.5 64.0 2 -1 0
0 1 0 29.5 64.0 2 -1 0
0 1 0 29.5 64.0 2 -1 0
0 1 0 29.5 64.0 2 -1 0
0 1 0 29.5 64.0 2 -1 0
0 1 0 29.5 64.0 2 -1 0
0 1 0 29.5 64.0 2 -1 0
0 1 0 29.5 64.0 2 -1 0
0 1 0 29.5 64.0 2 -1 0
0 1 0 29.4 64.0 2 -1 0
0 1 0 29.5 64.0 2 -1 0
0 1 0 29.5 64.5 2 -1 0
0 1 0 29.5 64.5 2 -1 0
0 1 0 29.4 65.0 2 -1 0
0 1 0 29.5 65.0 2 -1 0
0 1 0 29.6 65.0 2 -1 0
0 1 0 29.4 65.0 2 -1 0
0 1 0 29.5 65.0 2 -1 0
0 1 0 29.5 65.0 2 -1 0
0 1 0 29.5 65.0 2 -1 0
0 1 0 29.5 65.0 2 -1 0
0 1 0 29.5 65.0 2 -1 0
0 1 0 29.5 65.0 2 -1 0
0 1 0 29.5 65.0 2 -1 0
0 1 0 29.5 65.0 2 -1 0
0 1 0 29.5 65.0 2 -1 0
0 1 0 29.5 65.0 2 -1 0
0 1 0 29.5 65.0 2 -1 0
0 1 0 29.6 65.0 2 -1 0
0 1 0 29.6 65.0 2 -1 0
0 1 0 29.6 65.0 2 -1 0
0 1 0 29.6 65.0 2 -1 0
0 1 0 29.6 65.0 2 -1 0
0 1 0 29.5 65.0 2 -1 0
0 1 0 29.6 64.5 2 -1 0
0 1 0 29.6 64.5 2 -1 0
0 1 0 29.6 64.5 2 -1 0
0 1 0 29.7 64.5 2 -1 0
0 1 0 29.6 64.5 2 -1 0
0 1 0 29.7 64.5 2 -1 0
0 1 0 29.6 64.0 2 -1 0
0 1 0 29.6 64.0 2 -1 0
0 1 0 29.7 64.0 2 -1 0
0 1 0 29.7 64.0 2 -1 0
0 1 0 29.6 64.0 2 -1 0
0 1 0 29.7 64.0 2 -1 0
0 1 0 29.7 64.0 2 -1 0
0 1 0 29.7 64.0 2 -1 0
0 1 0 29.7 64.0 2 -1 0
0 1 0 29.6 64.0 2 -1 0
0 1 0 29.7 64.0 2 -1 0
0 1 0 29.7 64.0 2 -1 0
0 1 0 29.7 64.5 2 -1 0
0 1 0 29.7 64.5 2 -1 0
0 1 0 29.7 64.5 2 -1 0
0 1 0 29.7 64.5 2 -1 0
0 1 0 29.7 64.5 2 -1 0
0 1 0 29.7 64.5 2 -1 0
0 1 0 29.7 64.5 2 -1 0
0 1 0 29.7 64.5 2 -1 0
0 1 0 29.7 64.5 2 -1 0
0 1 0 29.7 64.5 2 -1 0
0 1 0 29.7 64.5 2 -1 0
0 1 0 29.8 64.5 2 -1 0
0 1 0 29.7 64.0 2 -1 0
0 1 0 29.7 64.0 2 -1 0
0 1 0 29.8 64.0 2 -1 0
0 1 0 29.7 64.0 2 -1 0
0 1 0 29.8 64.0 2 -1 0
0 1 0 29.8 64.0 2 -1 0
0 1 0 29.8 64.0 2 -1 0
0 1 0 29.8 64.0 2 -1 0
0 1 0 29.8 64.0 2 -1 0
0 1 0 29.8 64.0 2 -1 0
0 1 0 29.7 64.0 2 -1 0
0 1 0 29.8 64.0 2 -1 0
0 1 0 29.8 64.0 2 -1 0
0 1 0 29.8 64.0 2 -1 0
0 1 0 29.7 64.0 2 -1 0
0 1 0 29.7 64.0 2 -1 0
0 1 0 29.8 64.5 2 -1 0
0 1 0 29.8 64.5 2 -1 0
0 1 0 29.8 64.5 2 -1 0
0 1 0 29.8 64.5 2 -1 0
0 1 0 29.8 64.5 2 -1 0
0 1 0 29.8 64.0 2 -1 0
0 1 0 29.7 64.0 2 -1 0
0 1 0 29.8 64.0 2 -1 0
0 1 0 29.8 64.0 2 -1 0
0 1 0 29.8 64.0 2 -1 0
0 1 0 29.8 64.0 2 -1 0
0 1 0 29.8 64.0 2 -1 0
0 1 0 29.8 64.0 2 -1 0
0 1 0 29.8 64.0 2 -1 0
0 1 0 29.9 64.0 2 -1 0
0 1 0 29.9 64.0 2 -1 0
0 1 0 29.9 64.0 2 -1 0
0 1 0 29.8 64.0 2 -1 0
0 1 0 29.9 64.0 2 -1 0
0 1 0 29.9 64.0 2 -1 0
0 1 0 29.8 64.0 2 -1 0
0 1 0 29.9 64.0 2 -1 0
0 1 0 29.9 64.0 2 -1 0
0 1 0 29.9 64.0 2 -1 0
0 1 0 29.9 64.0 2 -1 0
0 1 0 29.8 64.0 2 -1 0
0 1 0 29.9 64.5 2 -1 0
0 1 0 29.8 64.0 2 -1 0
0 1 0 29.9 64.0 2 -1 0
0 1 0 29.9 64.0 2 -1 0
0 1 0 29.9 64.0 2 -1 0
0 1 0 29.9 64.0 2 -1 0
0 1 0 29.9 64.0 2 -1 0
0 1 0 29.9 64.0 2 -1 0
0 1 0 29.9 64.0 2 -1 0
0 1 0 29.9 64.5 2 -1 0
0 1 0 29.8 64.5 2 -1 0
0 1 0 29.9 64.5 2 -1 0
0 1 0 29.9 64.5 2 -1 0
0 1 0 29.9 65.0 2 -1 0
0 1 0 29.9 65.0 2 -1 0
0 1 0 30.0 65.0 2 -1 0
0 1 0 29.9 65.0 2 -1 0
0 1 0 29.9 65.0 2 -1 0
0 1 0 29.9 65.0 2 -1 0
0 1 0 29.9 65.0 2 -1 0
0 1 0 29.9 65.0 2 -1 0
0 1 0 29.9 65.0 2 -1 0
0 1 0 30.0 65.0 2 -1 0
0 1 0 30.0 65.0 2 -1 0
0 1 0 29.9 65.0 2 -1 0
0 1 0 29.9 64.5 2 -1 0
0 1 0 30.0 64.5 2 -1 0
0 1 0 30.0 64.5 2 -1 0
0 1 0 30.0 64.5 2 -1 0
0 1 0 30.0 64.5 2 -1 0
0 1 0 30.0 64.5 2 -1 0
0 1 0 30.0 64.0 2 -1 0
0 1 0 30.0 64.0 2 -1 0
0 1 0 30.0 64.0 2 -1 0
0 1 0 30.0 64.0 2 -1 0
0 1 0 30.0 64.0 2 -1 0
0 1 0 30.0 64.0 2 -1 0
0 1 0 30.0 64.0 2 -1 0
0 1 0 30.0 64.0 2 -1 0
0 1 0 30.0 64.0 2 -1 0
0 1 0 30.0 64.0 2 -1 0
0 1 0 30.0 64.0 2 -1 0
0 1 0 30.0 63.5 2 -1 0
0 1 0 30.0 63.5 2 -1 0
0 1 0 30.0 63.5 2 -1 0
0 1 0 30.1 63.5 2 -1 0
0 1 0 30.1 63.5 2 -1 0
0 1 0 30.0 63.5 2 -1 0
0 1 0 30.0 63.5 2 -1 0
0 1 0 30.0 63.5 2 -1 0
0 1 0 30.0 63.5 2 -1 0
0 1 0 30.0 63.5 2 -1 0
0 1 0 30.0 63.5 2 -1 0
0 1 0 30.1 63.5 2 -1 0
0 1 0 30.1 63.5 2 -1 0
0 1 0 30.0 63.0 2 -1 0
0 1 0 30.0 63.5 2 -1 0
0 1 0 30.0 63.0 2 -1 0
0 1 0 30.1 63.5 2 -1 0
0 1 0 30.1 63.5 2 -1 0
0 1 0 30.1 63.5 2 -1 0
0 1 0 30.0 63.5 2 -1 0
0 1 0 30.0 63.5 2 -1 0
0 1 0 30.1 63.5 2 -1 0
0 1 0 30.0 63.5 2 -1 0
0 1 0 30.1 63.5 2 -1 0
0 1 0 30.0 63.5 2 -1 0
0 1 0 30.1 63.0 2 -1 0
0 1 0 30.1 63.5 2 -1 0
0 1 0 30.1 63.5 2 -1 0
0 1 0 30.1 63.5 2 -1 0
0 1 0 30.1 63.5 2 -1 0
0 1 0 30.1 63.5 2 -1 0
0 1 0 30.1 64.0 2 -1 0
0 1 0 30.0 64.0 2 -1 0
0 1 0 30.1 64.5 2 -1 0
0 1 0 30.1 64.5 2 -1 0
0 1 0 30.1 64.0 2 -1 0
0 1 0 30.1 64.0 2 -1 0
0 1 0 30.0 64.0 2 -1 0
0 1 0 30.1 64.0 2 -1 0
0 1 0 30.1 64.0 2 -1 0
0 1 0 30.1 64.0 2 -1 0
0 1 0 30.1 63.5 2 -1 0
0 1 0 30.2 64.0 2 -1 0
0 1 0 30.1 63.5 2 -1 0
0 1 0 30.1 63.5 2 -1 0
0 1 0 30.1 63.5 2 -1 0
0 1 0 30.1 63.5 2 -1 0
0 1 0 30.1 63.5 2 -1 0
0 1 0 30.1 63.5 2 -1 0
0 1 0 30.1 63.5 2 -1 0
0 1 0 30.1 63.5 2 -1 0
0 1 0 30.1 63.5 2 -1 0
0 1 0 30.1 63.5 2 -1 0
0 1 0 30.1 63.5 2 -1 0
0 1 0 30.2 63.5 2 -1 0
0 1 0 30.2 63.5 2 -1 0
0 1 0 30.2 63.5 2 -1 0
0 1 0 30.2 63.5 2 -1 0
0 1 0 30.2 63.5 2 -1 0
0 1 0 30.1 63.5 2 -1 0
0 1 0 30.1 63.5 2 -1 0
0 1 0 30.2 63.5 2 -1 0
0 1 0 30.1 63.5 2 -1 0
0 1 0 30.2 63.5 2 -1 0
0 1 0 30.2 63.5 2 -1 0
0 1 0 30.1 63.5 2 -1 0
0 1 0 30.2 63.5 2 -1 0
0 1 0 30.2 63.5 2 -1 0
0 1 0 30.1 63.5 2 -1 0
0 1 0 30.2 63.5 2 -1 0
0 1 0 30.2 63.5 2 -1 0
0 1 0 30.2 63.5 2 -1 0
0 1 0 30.2 63.5 2 -1 0
0 1 0 30.2 63.5 2 -1 0
0 1 0 30.2 63.5 2 -1 0
0 1 0 30.2 63.5 2 -1 0
0 1 0 30.2 63.5 2 -1 0
0 1 0 30.2 63.5 2 -1 0
0 1 0 30.2 63.5 2 -1 0
0 1 0 30.2 63.5 2 -1 0
0 1 0 30.2 63.5 2 -1 0
0 1 0 30.2 63.5 2 -1 0
0 1 0 30.2 63.5 2 -1 0
0 1 0 30.2 63.5 2 -1 0
0 1 0 30.2 63.5 2 -1 0
0 1 0 30.3 63.5 2 -1 0
0 1 0 30.2 63.5 2 -1 0
0 1 0 30.2 63.5 2 -1 0
0 1 0 30.2 63.5 2 -1 0
0 1 0 30.3 63.5 2 -1 0
0 1 0 30.2 63.5 2 -1 0
0 1 0 30.2 63.5 2 -1 0
0 1 0 30.3 64.0 2 -1 0
0 1 0 30.2 64.0 2 -1 0
0 1 0 30.3 64.0 2 -1 0
0 1 0 30.2 64.0 2 -1 0
0 1 0 30.2 64.5 1 -1 0
0 1 0 30.2 64.5 1 -1 0
0 1 0 30.2 64.5 1 -1 0
0 1 0 30.2 64.0 1 -1 0
0 1 0 30.2 64.0 1 -1 0
0 1 0 30.2 64.0 1 -1 0
0 1 0 30.2 64.0 1 -1 0
0 1 0 30.2 64.0 1 -1 0
0 1 0 30.2 64.0 1 -1 0
0 1 0 30.2 64.5 1 -1 0
0 1 0 30.2 64.0 1 -1 0
0 1 0 30.3 64.0 1 -1 0
0 1 0 30.2 64.0 1 -1 0
0 1 0 30.2 64.0 1 -1 0
0 1 0 30.2 64.0 0 -1 0
0 1 0 30.3 64.5 0 -1 0
0 1 0 30.2 64.0 0 -1 0
0 1 0 30.3 64.5 0 -1 0
0 1 0 30.3 64.5 0 -1 0
0 1 0 30.2 64.5 0 -1 0
0 1 0 30.3 64.0 2 -1 0
0 1 0 30.3 64.0 2 -1 0
0 1 0 30.3 64.0 2 -1 0
0 1 0 30.2 64.0 1 -1 0
0 1 0 30.2 64.5 1 -1 0
0 1 0 30.3 64.0 2 -1 0
0 1 0 30.3 64.0 2 -1 0
0 1 0 30.3 64.0 4 -1 0
0 1 0 30.2 64.0 4 -1 0
0 1 0 30.3 64.0 2 -1 0
0 1 0 30.3 64.0 2 -1 0
0 1 0 30.2 64.0 4 -1 0
0 1 0 30.3 64.0 4 -1 0
0 1 0 30.3 64.0 3 -1 0
0 1 0 30.3 64.0 5 -1 0
0 1 0 30.3 64.0 5 -1 0
0 1 0 30.3 64.0 7 -1 0
0 1 0 30.3 64.0 9 -1 0
0 1 0 30.3 64.0 5 -1 0
0 1 0 30.3 64.0 7 -1 0
0 1 0 30.3 64.0 9 -1 0
0 1 0 30.4 64.0 9 -1 0
0 1 0 30.3 64.0 7 -1 0
0 1 0 30.3 64.0 9 -1 0
0 1 0 30.3 64.0 9 -1 0
0 1 0 30.3 64.0 11 -1 0
0 1 0 30.3 64.0 10 -1 0
0 1 0 30.3 64.0 12 -1 0
0 1 0 30.3 64.0 12 -1 0
0 1 0 30.2 64.0 14 -1 0
0 1 0 30.3 64.0 12 -1 0
0 1 0 30.3 64.0 14 -1 0
0 1 0 30.3 64.0 16 -1 0
0 1 0 30.3 64.0 12 -1 0
0 1 0 30.3 64.0 14 -1 0
0 1 0 30.4 64.0 16 -1 0
0 1 0 30.3 64.0 18 -1 0
0 1 0 30.3 64.0 17 -1 0
0 1 0 30.3 64.0 19 -1 0
0 1 0 30.3 64.0 19 -1 0
0 1 0 30.4 64.0 17 -1 0
0 1 0 30.4 64.0 19 -1 0
0 1 0 30.3 64.0 21 -1 0
0 1 0 30.4 64.0 19 -1 0
0 1 0 30.3 64.5 23 -1 0
0 1 0 30.3 64.5 21 -1 0
0 1 0 30.3 64.5 24 -1 0
0 1 0 30.3 64.5 26 -1 0
0 1 0 30.3 64.5 26 -1 0
0 1 0 30.3 64.5 26 -1 0
0 1 0 30.3 64.5 28 -1 0
0 1 0 30.3 64.5 30 -1 0
0 1 0 30.4 64.5 28 -1 0
0 1 0 30.4 64.5 33 -1 0
0 1 0 30.4 64.5 31 -1 0
0 1 0 30.3 64.5 33 -1 0
0 1 0 30.3 64.5 33 -1 0
0 1 0 30.3 64.5 37 -1 0
0 1 0 30.4 64.5 37 -1 0
0 1 0 30.3 64.5 42 -1 0
0 1 0 30.4 64.5 49 -1 0
0 1 0 30.4 64.5 49 -1 0
0 1 0 30.4 64.5 58 -1 0
0 1 0 30.4 64.5 59 -1 0
0 1 0 30.5 64.5 52 -1 0
0 1 0 30.4 64.5 59 -1 0
0 1 0 30.5 64.5 70 -1 0
0 1 0 30.5 64.5 82 -1 0
0 1 0 30.5 64.5 95 -1 0
0 1 0 30.5 64.5 95 -1 0
0 1 0 30.5 64.5 102 -1 0
0 1 0 30.5 64.5 100 -1 0
0 1 0 30.5 64.5 87 -1 0
0 1 0 30.5 64.0 76 -1 0
0 1 0 30.5 64.0 69 -1 0
0 1 0 30.5 64.0 66 -1 0
0 1 0 30.6 64.0 59 -1 0
0 1 0 30.4 64.0 52 -1 0
0 1 0 30.5 64.0 53 -1 0
0 1 0 30.5 64.5 51 -1 0
0 1 0 30.5 64.5 49 -1 0
0 1 0 30.5 64.5 47 -1 0
0 1 0 30.5 64.5 49 -1 0
0 1 0 30.5 65.0 51 -1 0
0 1 0 30.4 65.0 52 -1 0
0 1 0 30.4 64.5 54 -1 0
0 1 0 30.4 65.0 54 -1 0
0 1 0 30.4 65.0 60 -1 0
0 1 0 30.5 65.0 71 -1 0
0 1 0 30.4 65.0 91 -1 0
0 1 0 30.4 65.0 92 -1 0
0 1 0 30.4 65.0 85 -1 0
0 1 0 30.4 65.0 84 -1 0
0 1 0 30.4 65.0 73 -1 0
0 1 0 30.4 65.0 74 -1 0
0 1 0 30.4 64.5 66 -1 0
0 1 0 30.4 64.5 68 -1 0
0 1 0 30.4 64.0 72 -1 0
0 1 0 30.4 64.0 77 -1 0
0 1 0 30.3 64.0 80 -1 0
0 1 0 30.3 64.0 87 -1 0
0 1 0 30.4 63.5 87 -1 0
0 1 0 30.4 63.5 87 -1 0
0 1 0 30.3 63.5 89 -1 0
0 1 0 30.3 63.0 94 -1 0
0 1 0 30.3 63.0 92 -1 0
0 1 0 30.3 63.0 83 -1 0
0 1 0 30.4 63.5 80 -1 0
0 1 0 30.3 63.5 80 -1 0
0 1 0 30.3 63.5 80 -1 0
0 1 0 30.2 63.5 78 -1 0
0 1 0 30.2 63.5 82 -1 0
0 1 0 30.2 63.5 85 -1 0
0 1 0 30.3 63.5 87 -1 0
0 1 0 30.2 63.5 96 -1 0
0 1 0 30.4 63.5 146 -1 0
0 1 0 30.3 63.5 163 -1 0
0 1 0 30.2 63.5 170 -1 0
0 1 0 30.2 63.5 167 -1 0
0 1 0 30.3 64.0 145 -1 0
0 1 0 30.2 64.0 168 -1 0
0 1 0 30.3 64.0 202 -1 0
0 1 0 30.3 64.0 206 -1 0
0 1 0 30.3 63.5 214 -1 0
0 1 0 30.3 63.5 216 -1 0
0 1 0 30.3 63.5 211 -1 0
0 1 0 30.3 64.0 190 -1 0
0 1 0 30.3 64.0 199 -1 0
0 1 0 30.4 64.0 151 -1 0
0 1 0 30.3 64.0 168 -1 0
0 1 0 30.3 64.0 199 -1 0
0 1 0 30.3 64.0 194 -1 0
0 1 0 30.3 64.0 204 -1 0
0 1 0 30.3 64.0 197 -1 0
0 1 0 30.3 64.0 202 -1 0
0 1 0 30.3 64.0 170 -1 0
0 1 0 30.3 64.0 178 -1 0
0 1 0 30.3 64.0 211 -1 0
0 1 0 30.3 64.0 161 -1 0
0 1 0 30.4 64.0 140 -1 0
0 1 0 30.4 64.0 164 -1 0
0 1 0 30.3 63.5 171 -1 0
0 1 0 30.4 64.0 166 -1 0
0 1 0 30.4 64.0 178 -1 0
0 1 0 30.4 64.0 200 -1 0
0 1 0 30.3 63.5 158 -1 0
0 1 0 30.3 63.5 149 -1 0
0 1 0 30.3 63.5 144 -1 0
0 1 0 30.3 63.5 140 -1 0
0 1 0 30.3 63.5 168 -1 0
0 1 0 30.3 63.5 212 -1 0
0 1 0 30.4 63.5 199 -1 0
0 1 0 30.3 63.5 163 -1 0
0 1 0 30.3 63.5 147 -1 0
0 1 0 30.3 64.0 149 -1 0
0 1 0 30.3 64.0 137 -1 0
0 1 0 30.3 64.0 140 -1 0
0 1 0 30.3 63.5 137 -1 0
0 1 0 30.4 63.0 141 -1 0
0 1 0 30.3 63.5 139 -1 0
0 1 0 30.3 63.5 132 -1 0
0 1 0 30.3 63.5 134 -1 0
0 1 0 30.3 63.5 137 -1 0
0 1 0 30.3 63.5 139 -1 0
0 1 0 30.3 63.5 161 -1 0
0 1 0 30.3 63.5 146 -1 0
0 1 0 30.3 63.5 136 -1 0
0 1 0 30.3 63.5 148 -1 0
0 1 0 30.3 63.5 156 -1 0
0 1 0 30.3 63.5 175 -1 0
0 1 0 30.3 63.5 190 -1 0
0 1 0 30.3 63.5 199 -1 0
0 1 0 30.3 63.5 185 -1 0
0 1 0 30.3 63.5 187 -1 0
0 1 0 30.4 63.5 192 -1 0
0 1 0 30.3 63.5 197 -1 0
0 1 0 30.4 63.5 195 -1 0
0 1 0 30.4 63.5 196 -1 0
0 1 0 30.4 63.5 196 -1 0
0 1 0 30.4 63.5 192 -1 0
0 1 0 30.4 63.5 189 -1 0
0 1 0 30.4 63.5 187 -1 0
0 1 0 30.4 64.0 182 -1 0
0 1 0 30.4 64.0 175 -1 0
0 1 0 30.4 64.0 175 -1 0
0 1 0 30.3 64.0 175 -1 0
0 1 0 30.4 64.0 171 -1 0
0 1 0 30.4 64.0 166 -1 0
0 1 0 30.4 63.5 168 -1 0
0 1 0 30.4 63.5 168 -1 0
0 1 0 30.5 63.5 166 -1 0
0 1 0 30.4 63.0 165 -1 0
0 1 0 30.4 63.5 165 -1 0
0 1 0 30.4 63.5 159 -1 0
0 1 0 30.4 63.5 156 -1 0
0 1 0 30.4 63.5 154 -1 0
0 1 0 30.3 63.0 156 -1 0
0 1 0 30.4 63.0 151 -1 0
0 1 0 30.3 63.0 151 -1 0
0 1 0 30.4 63.0 147 -1 0
0 1 0 30.4 63.0 147 -1 0
0 1 0 30.4 63.0 149 -1 0
0 1 0 30.4 63.0 147 -1 0
0 1 0 30.4 63.0 146 -1 0
0 1 0 30.3 63.0 142 -1 0
0 1 0 30.5 63.5 142 -1 0
0 1 0 30.4 63.5 142 -1 0
0 1 0 30.5 63.5 140 -1 0
0 1 0 30.4 63.5 142 -1 0
0 1 0 30.4 63.0 140 -1 0
0 1 0 30.4 63.5 138 -1 0
0 1 0 30.5 63.0 135 -1 0
0 1 0 30.5 63.0 137 -1 0
0 1 0 30.4 63.0 132 -1 0
0 1 0 30.4 63.5 125 -1 0
0 1 0 30.4 63.0 132 -1 0
0 1 0 30.4 63.5 120 -1 0
0 1 0 30.4 63.5 96 -1 0
0 1 0 30.4 63.0 93 -1 0
0 1 0 30.4 63.0 91 -1 0
0 1 0 30.5 63.0 86 -1 0
0 1 0 30.3 63.0 108 -1 0
0 1 0 30.4 63.0 113 -1 0
0 1 0 30.4 63.0 118 -1 0
0 1 0 30.4 63.0 120 -1 0
0 1 0 30.4 63.0 123 -1 0
0 1 0 30.4 63.0 119 -1 0
0 1 0 30.4 63.0 117 -1 0
0 1 0 30.4 63.0 111 -1 0
0 1 0 30.4 63.0 116 -1 0
0 1 0 30.4 63.0 119 -1 0
0 1 0 30.5 63.0 121 -1 0
0 1 0 30.5 63.0 121 -1 0
0 1 0 30.5 63.5 121 -1 0
0 1 0 30.5 63.5 126 -1 0
0 1 0 30.5 63.5 128 -1 0
0 1 0 30.5 63.5 126 -1 0
0 1 0 30.5 63.5 133 -1 0
0 1 0 30.5 63.5 129 -1 0
0 1 0 30.5 63.5 123 -1 0
0 1 0 30.5 63.5 101 -1 0
0 1 0 30.5 63.5 110 -1 0
0 1 0 30.6 64.0 123 -1 0
0 1 0 30.6 64.0 124 -1 0
0 1 0 30.6 64.0 128 -1 0
0 1 0 30.6 64.0 124 -1 0
0 1 0 30.6 64.0 124 -1 0
0 1 0 30.7 64.0 124 -1 0
0 1 0 30.6 64.0 124 -1 0
0 1 0 30.6 64.0 123 -1 0
0 1 0 30.6 64.0 119 -1 0
0 1 0 30.6 64.0 119 -1 0
0 1 0 30.6 64.0 117 -1 0
0 1 0 30.7 64.0 117 -1 0
0 1 0 30.6 64.0 115 -1 0
0 1 0 30.6 64.0 116 -1 0
0 1 0 30.6 64.0 114 -1 0
0 1 0 30.6 64.0 112 -1 0
0 1 0 30.7 64.0 110 -1 0
0 1 0 30.7 64.0 112 -1 0
0 1 0 30.7 64.0 110 -1 0
0 1 0 30.7 64.0 108 -1 0
0 1 0 30.7 64.0 109 -1 0
0 1 0 30.7 64.0 105 -1 0
0 1 0 30.7 64.0 107 -1 0
0 1 0 30.8 64.0 107 -1 0
0 1 0 30.7 64.0 105 -1 0
0 1 0 30.7 64.0 103 -1 0
0 1 0 30.7 63.5 105 -1 0
0 1 0 30.7 63.5 103 -1 0
0 1 0 30.7 63.5 101 -1 0
0 1 0 30.6 63.5 100 -1 0
0 1 0 30.6 63.5 96 -1 0
0 1 0 30.6 63.5 100 -1 0
0 1 0 30.6 63.0 98 -1 0
0 1 0 30.7 63.0 100 -1 0
0 1 0 30.7 63.0 96 -1 0
0 1 0 30.7 63.0 96 -1 0
0 1 0 30.7 63.0 98 -1 0
0 1 0 30.7 63.0 96 -1 0
0 1 0 30.7 63.0 96 -1 0
0 1 0 30.7 63.0 94 -1 0
0 1 0 30.7 63.0 94 -1 0
0 1 0 30.6 62.5 94 -1 0
0 1 0 30.8 62.5 95 -1 0
0 1 0 30.7 62.5 91 -1 0
0 1 0 30.8 62.5 91 -1 0
0 1 0 30.7 62.5 89 -1 0
0 1 0 30.7 62.5 91 -1 0
0 1 0 30.7 62.5 91 -1 0
0 1 0 30.8 62.5 89 -1 0
0 1 0 30.8 62.5 89 -1 0
0 1 0 30.7 62.5 89 -1 0
0 1 0 30.8 62.5 91 -1 0
0 1 0 30.7 62.5 91 -1 0
0 1 0 30.7 62.5 89 -1 0
0 1 0 30.7 62.5 88 -1 0
0 1 0 30.7 62.0 86 -1 0
0 1 0 30.8 62.0 82 -1 0
0 1 0 30.8 62.5 84 -1 0
0 1 0 30.8 62.5 82 -1 0
0 1 0 30.8 62.5 80 -1 0
0 1 0 30.8 62.5 80 -1 0
0 1 0 30.8 62.5 81 -1 0
0 1 0 30.8 62.5 81 -1 0
0 1 0 30.8 62.5 79 -1 0
0 1 0 30.8 62.0 77 -1 0
0 1 0 30.8 62.5 81 -1 0
0 1 0 30.8 62.5 79 -1 0
0 1 0 30.8 62.5 79 -1 0
0 1 0 30.8 62.5 77 -1 0
0 1 0 30.9 62.0 79 -1 0
0 1 0 30.8 62.0 77 -1 0
0 1 0 30.8 62.0 75 -1 0
0 1 0 30.8 62.0 73 -1 0
0 1 0 30.8 62.0 75 -1 0
0 1 0 30.8 62.0 72 -1 0
0 1 0 30.7 62.0 72 -1 0
0 1 0 30.8 62.0 72 -1 0
0 1 0 30.8 62.0 70 -1 0
0 1 0 30.8 62.0 70 -1 0
0 1 0 30.8 62.0 70 -1 0
0 1 0 30.8 62.0 72 -1 0
0 1 0 30.8 62.0 72 -1 0
0 1 0 30.9 62.0 70 -1 0
0 1 0 30.8 62.0 70 -1 0
0 1 0 30.8 62.0 70 -1 0
0 1 0 30.9 62.0 70 -1 0
0 1 0 30.8 62.0 70 -1 0
0 1 0 30.8 62.0 70 -1 0
0 1 0 30.8 62.0 68 -1 0
0 1 0 30.8 61.5 67 -1 0
0 1 0 30.7 62.0 65 -1 0
0 1 0 30.8 61.5 63 -1 0
0 1 0 30.8 62.0 64 -1 0
0 1 0 30.8 62.0 60 -1 0
0 1 0 30.8 62.0 60 -1 0
0 1 0 30.9 62.0 63 -1 0
0 1 0 30.8 62.0 67 -1 0
0 1 0 30.8 61.5 63 -1 0
0 1 0 30.8 61.5 65 -1 0
0 1 0 30.9 61.5 65 -1 0
0 1 0 30.8 61.5 68 -1 0
0 1 0 30.8 61.5 68 -1 0
0 1 0 30.9 62.0 68 -1 0
0 1 0 31.0 62.0 68 -1 0
0 1 0 31.0 62.0 66 -1 0
0 1 0 31.0 61.5 68 -1 0
0 1 0 31.0 62.0 68 -1 0
0 1 0 31.0 61.5 64 -1 0
0 1 0 31.0 61.5 65 -1 0
0 1 0 31.0 61.5 65 -1 0
0 1 0 31.0 62.0 65 -1 0
0 1 0 31.0 61.5 65 -1 0
0 1 0 31.0 61.5 65 -1 0
0 1 0 31.0 62.0 63 -1 0
0 1 0 31.0 61.5 65 -1 0
0 1 0 31.0 62.0 63 -1 0
0 1 0 31.1 62.0 61 -1 0
0 1 0 31.0 62.0 61 -1 0
0 1 0 31.0 62.0 61 -1 0
0 1 0 31.1 62.0 58 -1 0
0 1 0 31.1 62.0 58 -1 0
0 1 0 31.1 62.0 56 -1 0
0 1 0 31.1 62.0 54 -1 0
0 1 0 31.1 62.0 56 -1 0
0 1 0 31.1 62.0 54 -1 0
0 1 0 31.1 62.0 52 -1 0
0 1 0 31.1 62.5 56 -1 0
0 1 0 31.1 62.5 54 -1 0
0 1 0 31.2 62.5 54 -1 0
0 1 0 31.2 62.5 50 -1 0
0 1 0 31.1 62.5 52 -1 0
0 1 0 31.1 62.5 52 -1 0
0 1 0 31.2 62.5 52 -1 0
0 1 0 31.1 62.5 54 -1 0
0 1 0 31.2 62.5 54 -1 0
0 1 0 31.2 62.5 54 -1 0
0 1 0 31.2 62.5 54 -1 0
0 1 0 31.2 62.5 54 -1 0
0 1 0 31.3 62.5 50 -1 0
0 1 0 31.4 62.5 52 -1 0
0 1 0 31.3 62.5 54 -1 0
0 1 0 31.3 62.5 52 -1 0
0 1 0 31.2 62.5 52 -1 0
0 1 0 31.2 62.5 54 -1 0
0 1 0 31.3 62.5 52 -1 0
0 1 0 31.3 62.5 54 -1 0
0 1 0 31.3 62.5 51 -1 0
0 1 0 31.4 62.5 49 -1 0
0 1 0 31.3 62.5 49 -1 0
0 1 0 31.3 62.5 47 -1 0
0 1 0 31.3 62.5 47 -1 0
0 1 0 31.4 62.5 49 -1 0
0 1 0 31.4 62.5 51 -1 0
0 1 0 31.4 62.5 49 -1 0
0 1 0 31.4 62.5 47 -1 0
0 1 0 31.4 62.5 49 -1 0
0 1 0 31.4 62.5 49 -1 0
0 1 0 31.4 62.5 49 -1 0
0 1 0 31.3 62.5 48 -1 0
0 1 0 31.3 62.5 49 -1 0
0 1 0 31.3 62.5 47 -1 0
0 1 0 31.3 62.5 47 -1 0
0 1 0 31.3 62.5 49 -1 0
0 1 0 31.3 62.5 49 -1 0
0 1 0 31.3 62.5 49 -1 0
0 1 0 31.4 62.5 47 -1 0
0 1 0 31.4 62.5 45 -1 0
0 1 0 31.4 62.5 45 -1 0
0 1 0 31.5 62.5 49 -1 0
0 1 0 31.4 62.5 49 -1 0
0 1 0 31.4 62.5 52 -1 0
0 1 0 31.5 62.5 52 -1 0
0 1 0 31.4 62.5 52 -1 0
0 1 0 31.5 62.5 48 -1 0
0 1 0 31.5 62.5 48 -1 0
0 1 0 31.5 62.5 50 -1 0
0 1 0 31.5 62.5 52 -1 0
0 1 0 31.5 62.5 52 -1 0
0 1 0 31.5 62.5 50 -1 0
0 1 0 31.5 61.5 50 -1 0
0 1 0 31.5 61.5 50 -1 0
0 1 0 31.4 61.5 50 -1 0
0 1 0 31.4 61.5 50 -1 0
0 1 0 31.4 61.5 52 -1 0
0 1 0 31.5 61.5 51 -1 0
0 1 0 31.4 62.0 50 -1 0
0 1 0 31.4 62.0 47 -1 0
0 1 0 31.4 61.5 50 -1 0
0 1 0 31.4 61.5 50 -1 0
0 1 0 31.5 61.5 52 -1 0
0 1 0 31.4 61.5 50 -1 0
0 1 0 31.4 61.5 48 -1 0
0 1 0 31.6 61.5 48 -1 0
0 1 0 31.5 61.0 50 -1 0
0 1 0 31.6 61.0 52 -1 0
0 1 0 31.5 61.0 55 -1 0
0 1 0 31.6 61.0 57 -1 0
0 1 0 31.5 61.0 57 -1 0
0 1 0 31.6 61.0 55 -1 0
0 1 0 31.5 61.0 57 -1 0
0 1 0 31.5 61.0 57 -1 0
0 1 0 31.5 61.0 58 -1 0
0 1 0 31.5 61.0 60 -1 0
0 1 0 31.5 61.0 58 -1 0
0 1 0 31.5 60.5 60 -1 0
0 1 0 31.5 60.5 62 -1 0
0 1 0 31.5 60.5 62 -1 0
0 1 0 31.6 60.5 60 -1 0
0 1 0 31.6 60.5 63 -1 0
0 1 0 31.6 60.5 62 -1 0
0 1 0 31.6 60.0 62 -1 0
0 1 0 31.5 60.0 58 -1 0
0 1 0 31.5 59.5 58 -1 0
0 1 0 31.5 59.5 55 -1 0
0 1 0 31.6 59.5 55 -1 0
0 1 0 31.6 59.5 55 -1 0
0 1 0 31.7 59.5 55 -1 0
0 1 0 31.6 60.0 49 -1 0
0 1 0 31.6 59.5 49 -1 0
0 1 0 31.6 59.5 47 -1 0
0 1 0 31.7 59.5 49 -1 0
0 1 0 31.6 59.5 51 -1 0
0 1 0 31.7 59.5 49 -1 0
0 1 0 31.7 59.5 49 -1 0
0 1 0 31.6 59.5 53 -1 0
0 1 0 31.6 59.5 54 -1 0
0 1 0 31.6 59.5 52 -1 0
0 1 0 31.6 59.5 52 -1 0
0 1 0 31.5 59.5 48 -1 0
0 1 0 31.5 59.0 50 -1 0
0 1 0 31.6 59.0 50 -1 0
0 1 0 31.6 59.0 50 -1 0
0 1 0 31.6 59.0 52 -1 0
0 1 0 31.6 59.0 58 -1 0
0 1 0 31.5 59.0 50 -1 0
0 1 0 31.6 59.0 60 -1 0
0 1 0 31.6 59.0 60 -1 0
0 1 0 31.6 58.5 61 -1 0
0 1 0 31.6 59.0 56 -1 0
0 1 0 31.7 59.0 53 -1 0
0 1 0 31.7 59.0 53 -1 0
0 1 0 31.7 59.0 55 -1 0
0 1 0 31.7 59.0 52 -1 0
0 1 0 31.7 59.0 52 -1 0
0 1 0 31.7 59.0 45 -1 0
0 1 0 31.7 58.5 40 -1 0
0 1 0 31.6 58.5 39 -1 0
0 1 0 31.6 58.5 37 -1 0
0 1 0 31.6 58.5 37 -1 0
0 1 0 31.5 58.5 35 -1 0
0 1 0 31.6 58.5 35 -1 0
0 1 0 31.6 58.5 35 -1 0
0 1 0 31.6 58.5 40 -1 0
0 1 0 31.6 58.5 47 -1 0
0 1 0 31.6 58.5 39 -1 0
0 1 0 31.5 58.5 41 -1 0
0 1 0 31.6 58.5 46 -1 0
0 1 0 31.6 58.5 50 -1 0
0 1 0 31.5 58.0 48 -1 0
0 1 0 31.5 58.0 51 -1 0
0 1 0 31.5 58.5 51 -1 0
0 1 0 31.5 57.5 51 -1 0
0 1 0 31.4 57.5 54 -1 0
0 1 0 31.3 57.0 54 -1 0
0 1 0 31.3 57.5 50 -1 0
0 1 0 31.3 57.0 48 -1 0
0 1 0 31.2 57.0 41 -1 0
0 1 0 31.2 56.5 42 -1 0
0 1 0 31.2 57.0 45 -1 0
0 1 0 31.2 57.0 47 -1 0
0 1 0 31.2 57.5 43 -1 0
0 1 0 31.3 57.5 46 -1 0
0 1 0 31.3 57.5 55 -1 0
0 1 0 31.3 57.5 55 -1 0
0 1 0 31.3 58.0 53 -1 0
0 1 0 31.3 58.0 52 -1 0
0 1 0 31.4 58.0 52 -1 0
0 1 0 31.4 58.0 49 -1 0
0 1 0 31.3 58.0 51 -1 0
0 1 0 31.4 58.0 56 -1 0
0 1 0 31.4 58.0 55 -1 0
0 1 0 31.4 58.5 55 -1 0
0 1 0 31.4 58.5 54 -1 0
0 1 0 31.5 58.5 57 -1 0
0 1 0 31.5 58.5 59 -1 0
0 1 0 31.4 58.5 56 -1 0
0 1 0 31.4 58.5 52 -1 0
0 1 0 31.5 58.5 53 -1 0
0 1 0 31.5 58.5 54 -1 0
0 1 0 31.5 58.5 52 -1 0
0 1 0 31.4 58.0 59 -1 0
0 1 0 31.4 58.5 52 -1 0
0 1 0 31.4 58.0 58 -1 0
0 1 0 31.4 57.5 54 -1 0
0 1 0 31.3 57.0 45 -1 0
0 1 0 31.3 57.5 56 -1 0
0 1 0 31.3 57.5 51 -1 0
0 1 0 31.4 57.5 48 -1 0
0 1 0 31.3 58.0 49 -1 0
0 1 0 31.4 58.0 47 -1 0
0 1 0 31.4 58.0 45 -1 0
0 1 0 31.4 58.0 45 -1 0
0 1 0 31.4 57.5 47 -1 0
0 1 0 31.3 57.5 47 -1 0
0 1 0 31.4 57.5 54 -1 0
0 1 0 31.3 57.5 45 -1 0
0 1 0 31.3 58.0 42 -1 0
0 1 0 31.4 58.0 42 -1 0
0 1 0 31.3 58.0 44 -1 0
0 1 0 31.3 57.5 42 -1 0
0 1 0 31.3 58.0 48 -1 0
0 1 0 31.2 58.0 48 -1 0
0 1 0 31.3 58.0 58 -1 0
0 1 0 31.2 58.0 57 -1 0
0 1 0 31.3 58.0 50 -1 0
0 1 0 31.3 58.0 48 -1 0
0 1 0 31.3 58.0 47 -1 0
0 1 0 31.3 58.0 47 -1 0
0 1 0 31.3 58.0 50 -1 0
0 1 0 31.3 58.5 55 -1 0
0 1 0 31.3 58.5 55 -1 0
0 1 0 31.3 58.5 55 -1 0
0 1 0 31.4 58.5 48 -1 0
0 1 0 31.3 58.5 47 -1 0
0 1 0 31.3 58.5 49 -1 0
0 1 0 31.4 58.5 44 -1 0
0 1 0 31.3 58.5 45 -1 0
0 1 0 31.4 58.5 45 -1 0
0 1 0 31.3 58.5 47 -1 0
0 1 0 31.3 58.5 47 -1 0
0 1 0 31.3 58.5 42 -1 0
0 1 0 31.3 58.5 44 -1 0
0 1 0 31.3 58.0 44 -1 0
0 1 0 31.3 58.0 44 -1 0
0 1 0 31.3 58.0 40 -1 0
0 1 0 31.3 58.0 42 -1 0
0 1 0 31.2 58.5 44 -1 0
0 1 0 31.1 58.5 42 -1 0
0 1 0 31.2 58.5 43 -1 0
0 1 0 31.2 58.5 45 -1 0
0 1 0 31.2 58.5 45 -1 0
0 1 0 31.2 58.5 47 -1 0
0 1 0 31.2 58.5 45 -1 0
0 1 0 31.2 58.5 49 -1 0
0 1 0 31.2 58.5 48 -1 0
0 1 0 31.2 59.0 48 -1 0
0 1 0 31.1 58.5 50 -1 0
0 1 0 31.1 58.5 48 -1 0
0 1 0 31.1 58.0 50 -1 0
0 1 0 31.1 57.0 52 -1 0
0 1 0 31.1 57.5 52 -1 0
0 1 0 31.1 58.0 50 -1 0
0 1 0 31.1 58.0 50 -1 0
0 1 0 31.1 58.0 50 -1 0
0 1 0 31.1 58.0 53 -1 0
0 1 0 31.1 57.5 53 -1 0
0 1 0 31.1 57.0 55 -1 0
0 1 0 31.0 57.0 55 -1 0
0 1 0 31.1 56.5 53 -1 0
0 1 0 31.0 56.0 55 -1 0
0 1 0 30.9 56.5 57 -1 0
0 1 0 30.9 56.0 57 -1 0
0 1 0 30.9 56.5 59 -1 0
0 1 0 30.9 56.0 62 -1 0
0 1 0 30.8 55.5 66 -1 0
0 1 0 30.9 55.5 65 -1 0
0 1 0 30.8 55.5 69 -1 0
0 1 0 30.8 55.5 72 -1 0
0 1 0 30.8 55.5 75 -1 0
0 1 0 30.8 55.5 75 -1 0
0 1 0 30.8 55.5 78 -1 0
0 1 0 30.8 55.0 81 -1 0
0 1 0 30.8 55.5 77 -1 0
0 1 0 30.7 55.5 79 -1 0
0 1 0 30.7 56.0 77 -1 0
0 1 0 30.8 56.5 71 -1 0
0 1 0 30.8 56.5 69 -1 0
0 1 0 30.8 57.0 76 -1 0
0 1 0 30.8 57.0 77 -1 0
0 1 0 30.9 57.5 75 -1 0
0 1 0 30.9 57.5 77 -1 0
0 1 0 31.0 58.0 82 -1 0
0 1 0 30.9 58.0 76 -1 0
0 1 0 31.0 58.5 59 -1 0
0 1 0 31.0 58.5 56 -1 0
0 1 0 31.0 58.5 54 -1 0
0 1 0 31.0 59.0 54 -1 0
0 1 0 31.0 59.0 53 -1 0
0 1 0 31.1 59.0 51 -1 0
0 1 0 31.1 59.0 51 -1 0
0 1 0 31.1 59.0 49 -1 0
0 1 0 31.0 58.5 49 -1 0
0 1 0 31.0 58.0 47 -1 0
0 1 0 31.0 58.0 47 -1 0
0 1 0 30.9 57.5 42 -1 0
0 1 0 31.0 57.5 44 -1 0
0 1 0 30.9 57.0 42 -1 0
0 1 0 30.8 57.0 40 -1 0
0 1 0 30.8 56.5 40 -1 0
0 1 0 30.8 56.5 40 -1 0
0 1 0 30.8 56.5 40 -1 0
0 1 0 30.8 56.0 42 -1 0
0 1 0 30.8 55.5 40 -1 0
0 1 0 30.6 55.5 42 -1 0
0 1 0 30.7 55.5 44 -1 0
0 1 0 30.7 55.0 43 -1 0
0 1 0 30.6 55.0 47 -1 0
0 1 0 30.6 55.0 45 -1 0
0 1 0 30.6 55.0 45 -1 0
0 1 0 30.6 55.5 47 -1 0
0 1 0 30.6 55.5 49 -1 0
0 1 0 30.6 55.5 51 -1 0
0 1 0 30.6 55.0 48 -1 0
0 1 0 30.5 55.0 48 -1 0
0 1 0 30.5 54.5 48 -1 0
0 1 0 30.4 55.0 49 -1 0
0 1 0 30.5 54.5 49 -1 0
0 1 0 30.4 54.0 49 -1 0
0 1 0 30.5 54.0 49 -1 0
0 1 0 30.4 53.5 49 -1 0
0 1 0 30.3 53.5 51 -1 0
0 1 0 30.3 53.5 51 -1 0
0 1 0 30.3 53.5 49 -1 0
0 1 0 30.3 54.5 47 -1 0
0 1 0 30.3 54.5 47 -1 0
0 1 0 30.3 54.5 49 -1 0
0 1 0 30.3 55.0 49 -1 0
0 1 0 30.3 55.5 47 -1 0
0 1 0 30.4 56.0 47 -1 0
0 1 0 30.3 56.0 51 -1 0
0 1 0 30.5 56.5 52 -1 0
0 1 0 30.4 57.0 54 -1 0
0 1 0 30.5 57.0 52 -1 0
0 1 0 30.5 57.5 57 -1 0
0 1 0 30.6 58.0 69 -1 0
0 1 0 30.5 58.0 64 -1 0
0 1 0 30.5 58.0 52 -1 0
0 1 0 30.6 58.5 62 -1 0
0 1 0 30.6 58.0 72 -1 0
0 1 0 30.6 58.0 67 -1 0
0 1 0 30.6 57.5 63 -1 0
0 1 0 30.6 57.5 62 -1 0
0 1 0 30.5 57.5 69 -1 0
0 1 0 30.5 58.0 72 -1 0
0 1 0 30.5 58.0 59 -1 0
0 1 0 30.6 57.5 50 -1 0
0 1 0 30.5 58.0 51 -1 0
0 1 0 30.6 58.5 49 -1 0
0 1 0 30.5 58.5 47 -1 0
0 1 0 30.6 58.5 44 -1 0
0 1 0 30.6 59.0 42 -1 0
0 1 0 30.6 59.0 56 -1 0
0 1 0 30.6 59.5 49 -1 0
0 1 0 30.6 59.5 39 -1 0
0 1 0 30.6 59.0 37 -1 0
0 1 0 30.6 59.0 35 -1 0
0 1 0 30.6 59.0 34 -1 0
0 1 0 30.6 59.5 32 -1 0
0 1 0 30.6 59.5 32 -1 0
0 1 0 30.7 59.5 30 -1 0
0 1 0 30.6 60.0 30 -1 0
0 1 0 30.7 59.5 26 -1 0
0 1 0 30.6 60.0 27 -1 0
0 1 0 30.6 60.0 25 -1 0
0 1 0 30.6 60.0 25 -1 0
0 1 0 30.6 60.0 23 -1 0
0 1 0 30.7 60.5 25 -1 0
0 1 0 30.7 60.5 23 -1 0
0 1 0 30.7 60.5 21 -1 0
0 1 0 30.7 61.0 21 -1 0
0 1 0 30.7 61.0 22 -1 0
0 1 0 30.7 61.0 18 -1 0
0 1 0 30.7 61.0 18 -1 0
0 1 0 30.8 61.5 16 -1 0
0 1 0 30.7 61.5 14 -1 0
0 1 0 30.8 62.0 14 -1 0
0 1 0 30.8 62.0 14 -1 0
0 1 0 30.8 62.0 18 -1 0
0 1 0 30.8 62.5 16 -1 0
0 1 0 30.9 62.5 16 -1 0
0 1 0 30.8 63.0 16 -1 0
0 1 0 30.9 63.0 16 -1 0
0 1 0 30.9 63.0 14 -1 0
0 1 0 30.9 63.0 14 -1 0
0 1 0 30.9 63.0 14 -1 0
0 1 0 30.9 63.0 12 -1 0
0 1 0 31.0 63.5 12 -1 0
0 1 0 31.0 63.5 12 -1 0
0 1 0 31.0 63.5 12 -1 0
0 1 0 31.0 63.5 12 -1 0
0 1 0 31.0 63.5 12 -1 0
0 1 0 31.0 64.0 12 -1 0
0 1 0 31.1 64.0 12 -1 0
0 1 0 31.0 64.0 12 -1 0
0 1 0 31.0 64.0 12 -1 0
0 1 0 31.0 64.0 12 -1 0
0 1 0 31.0 64.0 12 -1 0
0 1 0 31.1 64.0 16 -1 0
0 1 0 31.0 64.0 13 -1 0
0 1 0 31.1 64.0 13 -1 0
0 1 0 31.1 64.5 13 -1 0
0 1 0 31.1 64.5 13 -1 0
0 1 0 31.2 64.5 13 -1 0
0 1 0 31.1 64.5 13 -1 0
0 1 0 31.1 64.5 13 -1 0
0 1 0 31.1 64.5 13 -1 0
0 1 0 31.1 64.5 13 -1 0
0 1 0 31.1 64.5 13 -1 0
0 1 0 31.1 64.5 13 -1 0
0 1 0 31.2 64.5 13 -1 0
0 1 0 31.1 64.5 13 -1 0
0 1 0 31.2 64.5 11 -1 0
0 1 0 31.1 64.5 11 -1 0
0 1 0 31.1 64.5 11 -1 0
0 1 0 31.1 64.5 9 -1 0
0 1 0 31.1 64.5 9 -1 0
0 1 0 31.1 64.5 13 -1 0
0 1 0 31.1 64.5 11 -1 0
0 1 0 31.0 64.0 11 -1 0
0 1 0 31.0 64.0 11 -1 0
0 1 0 31.1 64.0 11 -1 0
0 1 0 31.1 64.0 11 -1 0
0 1 0 31.1 64.0 11 -1 0
0 1 0 31.1 64.0 11 -1 0
0 1 0 31.1 64.0 11 -1 0
0 1 0 31.1 64.5 11 -1 0
0 1 0 31.1 64.0 11 -1 0
0 1 0 31.1 64.0 9 -1 0
0 1 0 31.0 64.0 9 -1 0
0 1 0 31.0 64.0 9 -1 0
0 1 0 31.0 64.0 9 -1 0
0 1 0 31.0 64.0 7 -1 0
0 1 0 31.0 64.0 7 -1 0
0 1 0 31.0 64.0 7 -1 0
0 1 0 31.1 64.0 7 -1 0
0 1 0 31.0 64.0 7 -1 0
0 1 0 31.0 64.0 7 -1 0
0 1 0 31.0 64.0 5 -1 0
0 1 0 31.1 64.0 9 -1 0
0 1 0 31.0 64.0 9 -1 0
0 1 0 31.0 64.0 7 -1 0
0 1 0 30.9 64.0 7 -1 0
0 1 0 31.0 64.0 7 -1 0
0 1 0 31.0 64.0 5 -1 0
0 1 0 31.1 64.0 5 -1 0
0 1 0 31.0 64.0 3 -1 0
0 1 0 31.0 64.0 6 -1 0
0 1 0 31.0 64.0 6 -1 0
0 1 0 31.0 64.0 4 -1 0
0 1 0 31.0 64.0 4 -1 0
0 1 0 31.0 64.0 4 -1 0
0 1 0 31.0 64.0 2 -1 0
0 1 0 30.9 64.0 2 -1 0
0 1 0 31.0 64.0 4 -1 0
0 1 0 31.0 64.0 4 -1 0
0 1 0 30.9 64.0 4 -1 0
0 1 0 30.9 63.5 2 -1 0
0 1 0 31.0 63.0 2 -1 0
0 1 0 30.9 62.5 2 -1 0
0 1 0 30.8 62.0 1 -1 0
0 1 0 30.7 61.5 1 -1 0
0 1 0 30.7 61.5 4 -1 0
0 1 0 30.6 61.0 2 -1 0
0 1 0 30.6 61.5 2 -1 0
0 1 0 30.6 61.0 2 -1 0
0 1 0 30.6 60.0 2 -1 0
0 1 0 30.5 60.0 0 -1 0
0 1 0 30.4 60.0 0 -1 0
0 1 0 30.5 60.0 0 -1 0
0 1 0 30.4 59.5 0 -1 0
0 1 0 30.4 59.5 0 -1 0
0 1 0 30.3 58.0 0 -1 0
0 1 0 30.2 57.5 0 -1 0
0 1 0 30.2 57.5 0 -1 0
0 1 0 30.1 57.0 1 -1 0
0 1 0 30.0 56.5 1 -1 0
0 1 0 29.9 56.0 2 -1 0
0 1 0 29.9 56.0 1 -1 0
0 1 0 29.9 56.0 1 -1 0
0 1 0 29.8 56.0 1 -1 0
0 1 0 29.8 56.0 1 -1 0
0 1 0 29.8 56.0 1 -1 0
0 1 0 29.8 55.5 1 -1 0
0 1 0 29.7 56.0 1 -1 0
0 1 0 29.7 56.5 1 -1 0
0 1 0 29.7 56.5 1 -1 0
0 1 0 29.7 56.0 1 -1 0
0 1 0 29.7 55.5 1 -1 0
0 1 0 29.6 55.5 1 -1 0
0 1 0 29.6 55.5 1 -1 0
0 1 0 29.5 55.0 1 -1 0
0 1 0 29.5 55.0 1 -1 0
0 1 0 29.5 55.0 1 -1 0
0 1 0 29.4 54.5 1 -1 0
0 1 0 29.4 55.0 1 -1 0
0 1 0 29.4 55.5 2 -1 0
0 1 0 29.5 55.5 2 -1 0
0 1 0 29.5 55.5 2 -1 0
0 1 0 29.4 55.0 2 -1 0
0 1 0 29.5 54.5 2 -1 0
0 1 0 29.4 54.5 2 -1 0
0 1 0 29.4 55.0 2 -1 0
0 1 0 29.5 56.0 2 -1 0
0 1 0 29.4 56.5 2 -1 0
0 1 0 29.5 56.5 2 -1 0
0 1 0 29.4 56.0 2 -1 0
0 1 0 29.4 55.5 2 -1 0
0 1 0 29.4 55.0 2 -1 0
0 1 0 29.4 55.0 2 -1 0
0 1 0 29.3 55.0 2 -1 0
0 1 0 29.4 54.5 2 -1 0
0 1 0 29.3 54.5 2 -1 0
0 1 0 29.3 54.5 2 -1 0
0 1 0 29.3 54.5 2 -1 0
0 1 0 29.3 54.5 2 -1 0
0 1 0 29.3 54.5 2 -1 0
0 1 0 29.3 55.0 2 -1 0
0 1 0 29.3 55.5 2 -1 0
0 1 0 29.3 56.0 2 -1 0
0 1 0 29.3 56.0 2 -1 0
0 1 0 29.3 56.0 2 -1 0
0 1 0 29.3 57.0 2 -1 0
0 1 0 29.3 57.0 2 -1 0
0 1 0 29.3 58.0 2 -1 0
0 1 0 29.3 58.0 2 -1 0
0 1 0 29.4 57.5 2 -1 0
0 1 0 29.4 58.0 2 -1 0
0 1 0 29.3 57.5 2 -1 0
0 1 0 29.3 56.5 2 -1 0
0 1 0 29.2 56.0 2 -1 0
0 1 0 29.3 56.0 2 -1 0
0 1 0 29.3 56.0 2 -1 0
0 1 0 29.2 56.0 2 -1 0
0 1 0 29.2 55.5 2 -1 0
0 1 0 29.2 55.5 2 -1 0
0 1 0 29.1 55.5 2 -1 0
0 1 0 29.1 55.5 2 -1 0
0 1 0 29.1 55.5 2 -1 0
0 1 0 29.2 55.0 2 -1 0
0 1 0 29.1 55.0 2 -1 0
0 1 0 29.1 55.0 2 -1 0
0 1 0 29.0 55.0 2 -1 0
0 1 0 29.0 54.5 2 -1 0
0 1 0 29.0 54.5 2 -1 0
0 1 0 29.1 54.5 2 -1 0
0 1 0 28.9 54.5 2 -1 0
0 1 0 28.9 54.5 2 -1 0
0 1 0 29.0 55.0 2 -1 0
0 1 0 29.0 55.5 2 -1 0
0 1 0 29.1 56.5 2 -1 0
0 1 0 29.0 56.5 2 -1 0
0 1 0 29.1 57.0 2 -1 0
0 1 0 29.0 57.0 2 -1 0
0 1 0 29.0 56.5 2 -1 0
0 1 0 29.1 56.5 2 -1 0
0 1 0 29.1 56.5 2 -1 0
0 1 0 29.0 56.0 2 -1 0
0 1 0 29.0 56.0 2 -1 0
0 1 0 29.0 56.5 2 -1 0
0 1 0 29.0 56.5 2 -1 0
0 1 0 29.0 56.5 2 -1 0
0 1 0 29.0 56.5 2 -1 0
0 1 0 29.0 56.0 2 -1 0
0 1 0 28.9 56.0 2 -1 0
0 1 0 29.0 55.5 2 -1 0
0 1 0 29.0 55.5 2 -1 0
0 1 0 28.9 55.5 2 -1 0
0 1 0 28.9 55.0 2 -1 0
0 1 0 28.8 55.0 2 -1 0
0 1 0 28.8 55.0 2 -1 0
0 1 0 28.8 54.5 2 -1 0
0 1 0 28.8 54.5 2 -1 0
0 1 0 28.8 54.0 2 -1 0
0 1 0 28.7 54.0 2 -1 0
0 1 0 28.7 53.5 2 -1 0
0 1 0 28.6 53.5 2 -1 0
0 1 0 28.7 53.5 2 -1 0
0 1 0 28.7 53.0 2 -1 0
0 1 0 28.6 53.0 2 -1 0
0 1 0 28.7 53.0 2 -1 0
0 1 0 28.5 53.0 2 -1 0
0 1 0 28.5 52.5 2 -1 0
0 1 0 28.5 52.5 2 -1 0
0 1 0 28.6 52.0 2 -1 0
0 1 0 28.5 52.0 2 -1 0
0 1 0 28.5 52.0 2 -1 0
0 1 0 28.5 52.5 2 -1 0
0 1 0 28.5 52.0 2 -1 0
0 1 0 28.5 52.0 2 -1 0
0 1 0 28.5 52.0 2 -1 0
0 1 0 28.4 52.0 2 -1 0
0 1 0 28.4 52.0 2 -1 0
0 1 0 28.4 51.5 2 -1 0
0 1 0 28.4 52.0 2 -1 0
0 1 0 28.4 51.5 2 -1 0
0 1 0 28.3 51.5 2 -1 0
0 1 0 28.3 51.5 2 -1 0
0 1 0 28.3 51.5 2 -1 0
0 1 0 28.3 51.0 2 -1 0
0 1 0 28.3 51.0 2 -1 0
0 1 0 28.3 51.0 2 -1 0
0 1 0 28.2 51.0 2 -1 0
0 1 0 28.2 51.0 2 -1 0
0 1 0 28.2 51.0 2 -1 0
0 1 0 28.2 51.0 2 -1 0
0 1 0 28.2 50.5 2 -1 0
0 1 0 28.2 51.0 2 -1 0
0 1 0 28.2 50.5 2 -1 0
0 1 0 28.2 50.5 2 -1 0
0 1 0 28.2 50.5 2 -1 0
0 1 0 28.1 50.5 2 -1 0
0 1 0 28.2 50.5 2 -1 0
0 1 0 28.2 50.5 2 -1 0
0 1 0 28.2 50.5 2 -1 0
0 1 0 28.2 51.0 2 -1 0
0 1 0 28.2 51.0 2 -1 0
0 1 0 28.2 50.5 2 -1 0
0 1 0 28.2 51.0 2 -1 0
0 1 0 28.1 51.0 2 -1 0
0 1 0 28.1 51.0 2 -1 0
0 1 0 28.2 51.0 2 -1 0
0 1 0 28.2 51.0 2 -1 0
0 1 0 28.1 51.0 2 -1 0
0 1 0 28.2 51.0 2 -1 0
0 1 0 28.2 51.0 2 -1 0
0 1 0 28.1 51.0 2 -1 0
0 1 0 28.1 51.0 2 -1 0
0 1 0 28.1 51.0 2 -1 0
0 1 0 28.1 50.5 2 -1 0
0 1 0 28.1 50.5 2 -1 0
0 1 0 28.1 50.5 2 -1 0
0 1 0 28.1 50.5 2 -1 0
0 1 0 28.0 50.5 2 -1 0
0 1 0 28.0 50.5 2 -1 0
0 1 0 28.0 50.5 2 -1 0
0 1 0 28.0 50.0 2 -1 0
0 1 0 28.0 50.0 2 -1 0
0 1 0 28.0 50.0 2 -1 0
0 1 0 28.0 50.0 2 -1 0
0 1 0 28.0 50.0 2 -1 0
0 1 0 28.0 50.0 2 -1 0
0 1 0 28.0 49.5 2 -1 0
0 1 0 28.0 49.5 2 -1 0
0 1 0 27.9 49.5 2 -1 0
0 1 0 28.0 49.5 2 -1 0
0 1 0 28.0 49.5 2 -1 0
0 1 0 28.0 49.5 2 -1 0
0 1 0 27.9 49.5 2 -1 0
0 1 0 27.9 49.5 2 -1 0
0 1 0 27.9 49.5 2 -1 0
0 1 0 27.9 49.5 2 -1 0
0 1 0 28.0 49.5 2 -1 0
0 1 0 28.0 49.5 2 -1 0
0 1 0 28.0 49.5 2 -1 0
0 1 0 28.0 50.0 2 -1 0
0 1 0 28.0 50.0 2 -1 0
0 1 0 28.0 50.5 2 -1 0
0 1 0 28.0 50.5 2 -1 0
0 1 0 28.0 51.0 2 -1 0
0 1 0 28.0 51.5 2 -1 0
0 1 0 28.0 51.5 2 -1 0
0 1 0 28.2 52.0 2 -1 0
0 1 0 28.1 52.0 2 -1 0
0 1 0 28.0 52.0 2 -1 0
0 1 0 28.1 52.0 2 -1 0
0 1 0 28.1 52.5 2 -1 0
0 1 0 28.1 52.5 2 -1 0
0 1 0 28.1 52.5 2 -1 0
0 1 0 28.1 52.0 2 -1 0
0 1 0 28.2 52.0 2 -1 0
0 1 0 28.2 52.5 2 -1 0
0 1 0 28.1 52.0 2 -1 0
0 1 0 28.1 52.0 2 -1 0
0 1 0 28.1 52.0 2 -1 0
0 1 0 28.2 52.0 2 -1 0
0 1 0 28.2 52.0 2 -1 0
0 1 0 28.2 52.0 2 -1 0
0 1 0 28.2 52.5 2 -1 0
0 1 0 28.3 52.5 2 -1 0
0 1 0 28.3 52.5 2 -1 0
0 1 0 28.3 52.5 2 -1 0
0 1 0 28.2 52.5 2 -1 0
0 1 0 28.3 52.5 2 -1 0
0 1 0 28.3 52.0 2 -1 0
0 1 0 28.3 52.5 2 -1 0
0 1 0 28.3 52.5 2 -1 0
0 1 0 28.3 52.5 2 -1 0
0 1 0 28.4 52.5 2 -1 0
0 1 0 28.3 52.5 2 -1 0
0 1 0 28.3 52.5 2 -1 0
0 1 0 28.4 52.5 2 -1 0
0 1 0 28.4 52.5 2 -1 0
0 1 0 28.4 53.0 2 -1 0
0 1 0 28.5 52.5 2 -1 0
0 1 0 28.5 53.0 2 -1 0
0 1 0 28.5 52.5 2 -1 0
0 1 0 28.4 52.5 2 -1 0
0 1 0 28.5 53.0 2 -1 0
0 1 0 28.5 53.0 2 -1 0
0 1 0 28.5 53.0 2 -1 0
0 1 0 28.6 53.0 2 -1 0
0 1 0 28.6 53.0 2 -1 0
0 1 0 28.6 53.0 2 -1 0
0 1 0 28.5 53.0 2 -1 0
0 1 0 28.6 53.0 2 -1 0
0 1 0 28.6 53.0 2 -1 0
0 1 0 28.6 53.0 2 -1 0
0 1 0 28.6 53.0 2 -1 0
0 1 0 28.6 53.0 2 -1 0
0 1 0 28.7 53.0 2 -1 0
0 1 0 28.7 53.0 2 -1 0
0 1 0 28.7 53.0 2 -1 0
0 1 0 28.7 53.0 2 -1 0
0 1 0 28.7 53.0 2 -1 0
0 1 0 28.7 53.5 2 -1 0
0 1 0 28.7 53.5 2 -1 0
0 1 0 28.8 53.5 2 -1 0
0 1 0 28.7 53.5 2 -1 0
0 1 0 28.7 54.0 2 -1 0
0 1 0 28.8 54.0 2 -1 0
0 1 0 28.7 53.5 2 -1 0
0 1 0 28.8 54.0 2 -1 0
0 1 0 28.8 53.5 2 -1 0
0 1 0 28.8 54.0 2 -1 0
0 1 0 28.8 54.0 2 -1 0
0 1 0 28.8 54.0 2 -1 0
0 1 0 28.8 54.0 2 -1 0
0 1 0 28.9 54.0 2 -1 0
0 1 0 28.9 54.0 2 -1 0
0 1 0 28.9 54.0 2 -1 0
0 1 0 28.9 54.0 2 -1 0
0 1 0 29.0 54.0 2 -1 0
0 1 0 29.0 54.0 2 -1 0
0 1 0 29.0 54.0 2 -1 0
0 1 0 29.0 54.0 2 -1 0
0 1 0 29.0 54.0 2 -1 0
0 1 0 29.0 54.0 2 -1 0
0 1 0 29.0 54.0 2 -1 0
0 1 0 29.0 54.0 2 -1 0
0 1 0 29.0 54.0 2 -1 0
0 1 0 29.1 54.0 2 -1 0
0 1 0 29.1 54.5 2 -1 0
0 1 0 29.0 54.5 2 -1 0
0 1 0 29.1 54.5 2 -1 0
0 1 0 29.1 54.5 2 -1 0
0 1 0 29.1 54.5 2 -1 0
0 1 0 29.1 54.5 2 -1 0
0 1 0 29.1 54.5 2 -1 0
0 1 0 29.2 54.5 2 -1 0
0 1 0 29.1 55.0 2 -1 0
0 1 0 29.2 55.0 2 -1 0
0 1 0 29.2 55.0 2 -1 0
0 1 0 29.2 55.0 2 -1 0
0 1 0 29.1 54.5 2 -1 0
0 1 0 29.2 55.0 2 -1 0
0 1 0 29.2 54.5 2 -1 0
0 1 0 29.2 54.5 2 -1 0
0 1 0 29.2 55.0 2 -1 0
0 1 0 29.2 55.0 2 -1 0
0 1 0 29.2 55.0 2 -1 0
0 1 0 29.2 55.0 2 -1 0
0 1 0 29.2 55.0 2 -1 0
0 1 0 29.3 55.0 2 -1 0
0 1 0 29.3 55.0 2 -1 0
0 1 0 29.3 55.0 2 -1 0
0 1 0 29.3 55.0 2 -1 0
0 1 0 29.3 55.0 2 -1 0
0 1 0 29.4 55.0 2 -1 0
0 1 0 29.4 55.0 2 -1 0
0 1 0 29.3 55.0 2 -1 0
0 1 0 29.4 55.0 2 -1 0
0 1 0 29.4 55.0 2 -1 0
0 1 0 29.4 55.0 2 -1 0
0 1 0 29.4 55.0 2 -1 0
0 1 0 29.4 55.0 2 -1 0
0 1 0 29.4 55.0 2 -1 0
0 1 0 29.4 55.5 2 -1 0
0 1 0 29.4 55.0 2 -1 0
0 1 0 29.5 55.0 2 -1 0
0 1 0 29.4 55.0 2 -1 0
0 1 0 29.5 55.0 2 -1 0
