0 1 0 27.7 59.5 2 -1 0
0 1 0 27.7 59.5 2 -1 0
0 1 0 27.8 59.5 2 -1 0
0 1 0 27.7 59.5 2 -1 0
0 1 0 27.7 59.0 2 -1 0
0 1 0 27.7 59.0 2 -1 0
0 1 0 27.7 59.5 2 -1 0
0 1 0 27.7 59.5 2 -1 0
0 1 0 27.7 59.5 2 -1 0
0 1 0 27.7 59.5 2 -1 0
0 1 0 27.8 60.0 2 -1 0
0 1 0 27.8 60.0 2 -1 0
0 1 0 27.8 59.5 2 -1 0
0 1 0 27.7 60.0 2 -1 0
0 1 0 27.7 59.0 2 -1 0
0 1 0 27.7 59.0 2 -1 0
0 1 0 27.8 59.0 2 -1 0
0 1 0 27.7 59.0 2 -1 0
0 1 0 27.8 59.0 2 -1 0
0 1 0 27.8 59.5 2 -1 0
0 1 0 27.8 59.5 2 -1 0
0 1 0 27.9 59.0 2 -1 0
0 1 0 27.8 59.0 2 -1 0
0 1 0 27.8 59.0 2 -1 0
0 1 0 27.8 59.0 2 -1 0
0 1 0 27.8 59.0 2 -1 0
0 1 0 27.8 59.0 2 -1 0
0 1 0 27.8 59.0 2 -1 0
0 1 0 27.8 59.0 2 -1 0
0 1 0 27.8 59.0 2 -1 0
0 1 0 27.8 58.5 2 -1 0
0 1 0 27.9 58.5 2 -1 0
0 1 0 27.8 58.5 2 -1 0
0 1 0 27.8 58.0 2 -1 0
0 1 0 27.8 58.0 2 -1 0
0 1 0 27.8 58.0 2 -1 0
0 1 0 27.9 58.0 2 -1 0
0 1 0 27.9 58.0 2 -1 0
0 1 0 27.8 57.5 2 -1 0
0 1 0 27.8 57.5 2 -1 0
0 1 0 27.8 57.0 2 -1 0
0 1 0 27.8 57.0 2 -1 0
0 1 0 27.9 57.0 2 -1 0
0 1 0 27.9 57.0 2 -1 0
0 1 0 27.9 57.0 2 -1 0
0 1 0 27.9 57.0 2 -1 0
0 1 0 27.8 57.0 2 -1 0
0 1 0 27.9 56.5 2 -1 0
0 1 0 27.9 57.0 2 -1 0
0 1 0 27.9 57.0 2 -1 0
0 1 0 27.9 57.0 2 -1 0
0 1 0 27.9 57.0 2 -1 0
0 1 0 27.9 56.5 2 -1 0
0 1 0 27.9 56.5 2 -1 0
0 1 0 27.9 56.5 2 -1 0
0 1 0 27.9 56.5 2 -1 0
0 1 0 27.9 56.5 2 -1 0
0 1 0 27.9 56.5 2 -1 0
0 1 0 28.0 56.5 2 -1 0
0 1 0 28.0 56.0 2 -1 0
0 1 0 28.0 56.0 2 -1 0
0 1 0 28.0 56.0 2 -1 0
0 1 0 28.0 56.0 2 -1 0
0 1 0 27.9 56.5 2 -1 0
0 1 0 28.0 56.0 2 -1 0
0 1 0 27.9 56.0 2 -1 0
0 1 0 28.0 56.5 2 -1 0
0 1 0 27.9 56.0 2 -1 0
0 1 0 28.0 56.0 2 -1 0
0 1 0 27.9 56.0 2 -1 0
0 1 0 28.0 56.0 2 -1 0
0 1 0 28.0 56.0 2 -1 0
0 1 0 28.0 56.0 2 -1 0
0 1 0 28.0 56.0 2 -1 0
0 1 0 28.0 55.5 2 -1 0
0 1 0 28.1 55.5 2 -1 0
0 1 0 28.0 55.5 2 -1 0
0 1 0 28.0 55.5 2 -1 0
0 1 0 28.0 55.5 2 -1 0
0 1 0 28.0 56.0 2 -1 0
0 1 0 27.9 55.5 2 -1 0
0 1 0 28.0 55.5 2 -1 0
0 1 0 28.0 55.5 2 -1 0
0 1 0 28.0 55.5 2 -1 0
0 1 0 28.1 56.0 2 -1 0
0 1 0 28.1 56.0 2 -1 0
0 1 0 28.0 56.0 2 -1 0
0 1 0 28.0 56.0 2 -1 0
0 1 0 28.0 56.0 2 -1 0
0 1 0 28.0 56.0 2 -1 0
0 1 0 28.0 56.0 2 -1 0
0 1 0 28.1 56.0 2 -1 0
0 1 0 28.0 55.5 2 -1 0
0 1 0 28.0 56.0 2 -1 0
0 1 0 28.0 56.0 2 -1 0
0 1 0 28.0 55.5 2 -1 0
0 1 0 28.1 55.5 2 -1 0
0 1 0 28.0 55.5 2 -1 0
0 1 0 28.0 55.5 2 -1 0
0 1 0 28.0 55.5 2 -1 0
0 1 0 28.1 55.5 2 -1 0
0 1 0 28.0 55.5 2 -1 0
0 1 0 28.1 55.5 2 -1 0
0 1 0 28.1 55.5 2 -1 0
0 1 0 28.1 55.5 2 -1 0
0 1 0 28.0 55.5 2 -1 0
0 1 0 28.1 55.5 2 -1 0
0 1 0 28.1 55.5 2 -1 0
0 1 0 28.1 55.5 2 -1 0
0 1 0 28.1 55.5 2 -1 0
0 1 0 28.1 55.5 2 -1 0
0 1 0 28.1 55.5 2 -1 0
0 1 0 28.2 55.5 2 -1 0
0 1 0 28.2 55.5 2 -1 0
0 1 0 28.2 55.5 2 -1 0
0 1 0 28.1 55.5 2 -1 0
0 1 0 28.1 55.5 2 -1 0
0 1 0 28.1 55.5 2 -1 0
0 1 0 28.1 55.5 2 -1 0
0 1 0 28.1 55.5 2 -1 0
0 1 0 28.1 55.5 2 -1 0
0 1 0 28.1 55.5 2 -1 0
0 1 0 28.2 55.5 2 -1 0
0 1 0 28.1 55.5 2 -1 0
0 1 0 28.1 55.0 2 -1 0
0 1 0 28.1 55.5 2 -1 0
0 1 0 28.2 55.5 2 -1 0
0 1 0 28.2 55.0 2 -1 0
0 1 0 28.2 55.0 2 -1 0
0 1 0 28.1 55.0 2 -1 0
0 1 0 28.2 55.5 2 -1 0
0 1 0 28.1 55.0 2 -1 0
0 1 0 28.2 55.5 2 -1 0
0 1 0 28.2 55.0 2 -1 0
0 1 0 28.2 55.0 2 -1 0
0 1 0 28.2 55.0 2 -1 0
0 1 0 28.3 55.5 2 -1 0
0 1 0 28.2 55.5 2 -1 0
0 1 0 28.2 55.5 2 -1 0
0 1 0 28.2 55.0 2 -1 0
0 1 0 28.2 55.0 2 -1 0
0 1 0 28.2 55.0 2 -1 0
0 1 0 28.2 55.0 2 -1 0
0 1 0 28.1 55.0 2 -1 0
0 1 0 28.2 55.0 2 -1 0
0 1 0 28.3 55.0 2 -1 0
0 1 0 28.2 55.0 2 -1 0
0 1 0 28.2 55.0 2 -1 0
0 1 0 28.2 55.0 2 -1 0
0 1 0 28.2 55.0 2 -1 0
0 1 0 28.2 55.0 2 -1 0
0 1 0 28.2 55.0 2 -1 0
0 1 0 28.2 55.0 2 -1 0
0 1 0 28.2 55.0 2 -1 0
0 1 0 28.2 55.0 2 -1 0
0 1 0 28.2 55.0 2 -1 0
0 1 0 28.2 55.0 2 -1 0
0 1 0 28.2 55.0 2 -1 0
0 1 0 28.2 55.0 2 -1 0
0 1 0 28.2 55.0 2 -1 0
0 1 0 28.3 55.0 2 -1 0
0 1 0 28.3 55.0 2 -1 0
0 1 0 28.2 55.0 2 -1 0
0 1 0 28.3 55.0 2 -1 0
0 1 0 28.2 55.0 2 -1 0
0 1 0 28.2 54.5 2 -1 0
0 1 0 28.3 54.5 2 -1 0
0 1 0 28.2 54.5 2 -1 0
0 1 0 28.3 54.5 2 -1 0
0 1 0 28.3 54.5 2 -1 0
0 1 0 28.2 54.5 2 -1 0
0 1 0 28.3 54.5 2 -1 0
0 1 0 28.2 54.5 2 -1 0
0 1 0 28.3 54.5 2 -1 0
0 1 0 28.3 54.5 2 -1 0
0 1 0 28.3 54.5 2 -1 0
0 1 0 28.3 54.5 2 -1 0
0 1 0 28.3 54.5 2 -1 0
0 1 0 28.3 55.0 2 -1 0
0 1 0 28.4 55.0 2 -1 0
0 1 0 28.3 54.5 2 -1 0
0 1 0 28.3 54.5 2 -1 0
0 1 0 28.2 55.0 2 -1 0
0 1 0 28.3 54.5 2 -1 0
0 1 0 28.3 55.0 2 -1 0
0 1 0 28.3 55.0 2 -1 0
0 1 0 28.3 55.0 2 -1 0
0 1 0 28.3 54.5 2 -1 0
0 1 0 28.3 54.5 2 -1 0
0 1 0 28.3 54.5 2 -1 0
0 1 0 28.3 55.0 2 -1 0
0 1 0 28.4 55.0 2 -1 0
0 1 0 28.3 55.0 2 -1 0
0 1 0 28.4 55.0 2 -1 0
0 1 0 28.3 55.0 2 -1 0
0 1 0 28.4 55.0 2 -1 0
0 1 0 28.4 55.0 2 -1 0
0 1 0 28.3 55.0 2 -1 0
0 1 0 28.3 55.0 2 -1 0
0 1 0 28.3 55.0 2 -1 0
0 1 0 28.4 55.0 2 -1 0
0 1 0 28.4 55.0 2 -1 0
0 1 0 28.3 55.0 2 -1 0
0 1 0 28.3 55.0 2 -1 0
0 1 0 28.4 55.0 2 -1 0
0 1 0 28.3 55.0 2 -1 0
0 1 0 28.4 55.0 2 -1 0
0 1 0 28.4 54.5 2 -1 0
0 1 0 28.3 55.0 2 -1 0
0 1 0 28.4 55.0 2 -1 0
0 1 0 28.3 55.0 2 -1 0
0 1 0 28.4 55.0 2 -1 0
0 1 0 28.4 55.0 2 -1 0
0 1 0 28.4 55.0 2 -1 0
0 1 0 28.4 55.0 2 -1 0
0 1 0 28.3 55.0 2 -1 0
0 1 0 28.4 55.5 2 -1 0
0 1 0 28.4 55.0 2 -1 0
0 1 0 28.4 55.0 2 -1 0
0 1 0 28.4 55.0 2 -1 0
0 1 0 28.4 55.0 2 -1 0
0 1 0 28.4 55.0 2 -1 0
0 1 0 28.5 54.5 2 -1 0
0 1 0 28.4 54.5 2 -1 0
0 1 0 28.4 54.5 2 -1 0
0 1 0 28.4 54.5 2 -1 0
0 1 0 28.4 54.5 2 -1 0
0 1 0 28.4 54.5 2 -1 0
0 1 0 28.4 54.5 2 -1 0
0 1 0 28.4 54.5 2 -1 0
0 1 0 28.4 54.5 2 -1 0
0 1 0 28.4 54.5 2 -1 0
0 1 0 28.4 54.5 2 -1 0
0 1 0 28.4 54.5 2 -1 0
0 1 0 28.4 54.5 2 -1 0
0 1 0 28.3 54.5 2 -1 0
0 1 0 28.4 54.5 2 -1 0
0 1 0 28.4 54.5 2 -1 0
0 1 0 28.4 54.5 2 -1 0
0 1 0 28.4 54.5 2 -1 0
0 1 0 28.4 54.5 2 -1 0
0 1 0 28.4 54.5 2 -1 0
0 1 0 28.3 54.5 2 -1 0
0 1 0 28.4 54.5 2 -1 0
0 1 0 28.4 54.5 2 -1 0
0 1 0 28.4 54.5 2 -1 0
0 1 0 28.4 54.5 2 -1 0
0 1 0 28.4 54.5 2 -1 0
0 1 0 28.4 54.5 2 -1 0
0 1 0 28.4 54.5 2 -1 0
0 1 0 28.5 54.5 2 -1 0
0 1 0 28.4 54.5 2 -1 0
0 1 0 28.4 54.5 2 -1 0
0 1 0 28.4 54.5 2 -1 0
0 1 0 28.4 54.5 2 -1 0
0 1 0 28.4 54.5 2 -1 0
0 1 0 28.4 54.5 2 -1 0
0 1 0 28.5 54.5 2 -1 0
0 1 0 28.4 54.5 2 -1 0
0 1 0 28.4 54.5 2 -1 0
0 1 0 28.5 54.5 2 -1 0
0 1 0 28.5 54.5 2 -1 0
0 1 0 28.5 54.5 2 -1 0
0 1 0 28.4 54.5 2 -1 0
0 1 0 28.5 54.5 2 -1 0
0 1 0 28.4 54.5 2 -1 0
0 1 0 28.5 54.5 2 -1 0
0 1 0 28.4 54.5 2 -1 0
0 1 0 28.5 54.5 2 -1 0
0 1 0 28.4 54.5 2 -1 0
0 1 0 28.5 54.5 2 -1 0
0 1 0 28.5 54.5 2 -1 0
0 1 0 28.5 54.5 2 -1 0
0 1 0 28.5 54.5 2 -1 0
0 1 0 28.5 54.5 2 -1 0
0 1 0 28.5 54.5 2 -1 0
0 1 0 28.5 54.5 2 -1 0
0 1 0 28.5 54.5 2 -1 0
0 1 0 28.5 54.5 2 -1 0
0 1 0 28.4 54.5 2 -1 0
0 1 0 28.5 54.5 2 -1 0
0 1 0 28.4 54.5 2 -1 0
0 1 0 28.5 55.0 2 -1 0
0 1 0 28.5 54.5 2 -1 0
0 1 0 28.5 54.5 2 -1 0
0 1 0 28.5 55.0 2 -1 0
0 1 0 28.5 55.0 2 -1 0
0 1 0 28.5 55.0 2 -1 0
0 1 0 28.5 54.5 2 -1 0
0 1 0 28.5 55.0 2 -1 0
0 1 0 28.5 55.0 2 -1 0
0 1 0 28.6 55.0 2 -1 0
0 1 0 28.5 55.0 2 -1 0
0 1 0 28.5 55.0 2 -1 0
0 1 0 28.5 55.0 2 -1 0
0 1 0 28.5 55.0 2 -1 0
0 1 0 28.4 55.0 2 -1 0
0 1 0 28.5 55.0 2 -1 0
0 1 0 28.5 55.0 1 -1 0
0 1 0 28.5 54.5 1 -1 0
0 1 0 28.5 54.5 1 -1 0
0 1 0 28.5 55.0 1 -1 0
0 1 0 28.5 54.5 1 -1 0
0 1 0 28.5 54.5 1 -1 0
0 1 0 28.5 54.5 1 -1 0
0 1 0 28.5 54.5 1 -1 0
0 1 0 28.5 54.5 1 -1 0
0 1 0 28.5 55.0 1 -1 0
0 1 0 28.5 55.0 1 -1 0
0 1 0 28.5 55.0 1 -1 0
0 1 0 28.5 54.5 1 -1 0
0 1 0 28.5 54.5 1 -1 0
0 1 0 28.5 54.5 1 -1 0
0 1 0 28.5 55.0 1 -1 0
0 1 0 28.5 55.0 1 -1 0
0 1 0 28.6 55.0 1 -1 0
0 1 0 28.5 54.5 1 -1 0
0 1 0 28.5 54.5 1 -1 0
0 1 0 28.5 54.5 0 -1 0
0 1 0 28.5 54.5 0 -1 0
0 1 0 28.4 54.5 0 -1 0
0 1 0 28.5 54.5 0 -1 0
0 1 0 28.5 54.5 0 -1 0
0 1 0 28.5 54.5 0 -1 0
0 1 0 28.5 54.5 2 -1 0
0 1 0 28.5 54.5 2 -1 0
0 1 0 28.6 54.5 1 -1 0
0 1 0 28.5 54.5 1 -1 0
0 1 0 28.5 54.5 2 -1 0
0 1 0 28.5 54.5 2 -1 0
0 1 0 28.5 54.5 4 -1 0
0 1 0 28.5 54.5 1 -1 0
0 1 0 28.5 54.5 2 -1 0
0 1 0 28.5 54.5 2 -1 0
0 1 0 28.5 54.5 4 -1 0
0 1 0 28.5 54.5 4 -1 0
0 1 0 28.5 54.5 6 -1 0
0 1 0 28.5 54.5 3 -1 0
0 1 0 28.5 54.5 5 -1 0
0 1 0 28.5 54.5 7 -1 0
0 1 0 28.5 54.5 7 -1 0
0 1 0 28.5 54.5 7 -1 0
0 1 0 28.5 54.5 7 -1 0
0 1 0 28.5 54.5 7 -1 0
0 1 0 28.5 54.5 5 -1 0
0 1 0 28.5 54.5 9 -1 0
0 1 0 28.5 54.5 9 -1 0
0 1 0 28.4 54.0 9 -1 0
0 1 0 28.4 54.0 11 -1 0
0 1 0 28.5 54.5 11 -1 0
0 1 0 28.5 54.5 9 -1 0
0 1 0 28.5 54.5 9 -1 0
0 1 0 28.5 54.5 9 -1 0
0 1 0 28.5 54.5 9 -1 0
0 1 0 28.5 54.5 9 -1 0
0 1 0 28.5 54.5 7 -1 0
0 1 0 28.5 54.5 9 -1 0
0 1 0 28.5 54.5 13 -1 0
0 1 0 28.5 54.0 12 -1 0
0 1 0 28.5 54.0 12 -1 0
0 1 0 28.5 54.0 14 -1 0
0 1 0 28.5 54.0 14 -1 0
0 1 0 28.5 54.0 12 -1 0
0 1 0 28.5 54.0 14 -1 0
0 1 0 28.5 54.0 14 -1 0
0 1 0 28.5 54.0 12 -1 0
0 1 0 28.6 54.0 13 -1 0
0 1 0 28.5 54.0 9 -1 0
0 1 0 28.5 54.0 11 -1 0
0 1 0 28.5 54.0 9 -1 0
0 1 0 28.5 54.0 7 -1 0
0 1 0 28.5 54.0 9 -1 0
0 1 0 28.5 54.0 7 -1 0
0 1 0 28.5 54.0 7 -1 0
0 1 0 28.5 54.0 5 -1 0
0 1 0 28.6 54.0 5 -1 0
0 1 0 28.6 54.0 5 -1 0
0 1 0 28.5 54.0 5 -1 0
0 1 0 28.5 54.0 5 -1 0
0 1 0 28.5 54.0 7 -1 0
0 1 0 28.6 54.0 5 -1 0
0 1 0 28.6 54.0 11 -1 0
0 1 0 28.5 54.0 9 -1 0
0 1 0 28.6 54.0 9 -1 0
0 1 0 28.5 54.0 9 -1 0
0 1 0 28.5 54.0 10 -1 0
0 1 0 28.5 54.0 10 -1 0
0 1 0 28.5 54.0 14 -1 0
0 1 0 28.6 54.0 14 -1 0
0 1 0 28.5 53.5 17 -1 0
0 1 0 28.5 54.0 17 -1 0
0 1 0 28.5 54.0 21 -1 0
0 1 0 28.5 54.0 21 -1 0
0 1 0 28.5 54.0 21 -1 0
0 1 0 28.6 54.0 22 -1 0
0 1 0 28.5 54.0 28 -1 0
0 1 0 28.6 54.0 28 -1 0
0 1 0 28.6 54.0 27 -1 0
0 1 0 28.5 54.0 30 -1 0
0 1 0 28.6 54.0 28 -1 0
0 1 0 28.7 54.0 28 -1 0
0 1 0 28.6 53.5 24 -1 0
0 1 0 28.6 54.0 22 -1 0
0 1 0 28.6 54.0 26 -1 0
0 1 0 28.6 54.0 28 -1 0
0 1 0 28.6 54.0 62 -1 0
0 1 0 28.5 54.0 50 -1 0
0 1 0 28.6 54.0 46 -1 0
0 1 0 28.6 54.0 58 -1 0
0 1 0 28.6 54.0 76 -1 0
0 1 0 28.6 54.0 57 -1 0
0 1 0 28.7 54.0 55 -1 0
0 1 0 28.7 54.0 70 -1 0
0 1 0 28.7 54.0 93 -1 0
0 1 0 28.7 54.0 52 -1 0
0 1 0 28.7 54.0 47 -1 0
0 1 0 28.6 54.0 50 -1 0
0 1 0 28.7 54.0 125 -1 0
0 1 0 28.7 54.0 169 -1 0
0 1 0 28.7 54.0 81 -1 0
0 1 0 28.7 54.0 60 -1 0
0 1 0 28.7 54.0 59 -1 0
0 1 0 28.6 54.0 59 -1 0
0 1 0 28.7 54.0 62 -1 0
0 1 0 28.7 54.0 57 -1 0
0 1 0 28.7 54.0 57 -1 0
0 1 0 28.7 54.0 52 -1 0
0 1 0 28.7 54.0 47 -1 0
0 1 0 28.7 54.0 43 -1 0
0 1 0 28.7 54.0 43 -1 0
0 1 0 28.7 54.0 45 -1 0
0 1 0 28.7 54.0 45 -1 0
0 1 0 28.7 54.0 43 -1 0
0 1 0 28.8 54.0 43 -1 0
0 1 0 28.7 54.0 41 -1 0
0 1 0 28.7 54.0 42 -1 0
0 1 0 28.7 54.0 41 -1 0
0 1 0 28.7 54.5 45 -1 0
0 1 0 28.7 54.5 48 -1 0
0 1 0 28.7 54.5 54 -1 0
0 1 0 28.7 54.5 59 -1 0
0 1 0 28.7 55.0 64 -1 0
0 1 0 28.7 55.0 60 -1 0
0 1 0 28.7 55.0 62 -1 0
0 1 0 28.7 55.5 61 -1 0
0 1 0 28.7 55.5 54 -1 0
0 1 0 28.7 55.5 52 -1 0
0 1 0 28.7 55.0 50 -1 0
0 1 0 28.7 55.0 48 -1 0
0 1 0 28.8 55.0 46 -1 0
0 1 0 28.8 55.0 48 -1 0
0 1 0 28.7 55.0 50 -1 0
0 1 0 28.8 55.0 54 -1 0
0 1 0 28.7 55.0 56 -1 0
0 1 0 28.8 55.0 61 -1 0
0 1 0 28.7 55.0 69 -1 0
0 1 0 28.7 55.5 93 -1 0
0 1 0 28.7 55.0 121 -1 0
0 1 0 28.8 55.0 88 -1 0
0 1 0 28.8 55.0 76 -1 0
0 1 0 28.8 55.0 71 -1 0
0 1 0 28.8 55.5 65 -1 0
0 1 0 28.8 55.5 66 -1 0
0 1 0 28.8 55.5 62 -1 0
0 1 0 28.8 55.5 55 -1 0
0 1 0 28.8 55.5 50 -1 0
0 1 0 28.8 55.5 48 -1 0
0 1 0 28.8 55.5 50 -1 0
0 1 0 28.8 55.5 50 -1 0
0 1 0 28.8 55.5 48 -1 0
0 1 0 28.7 55.5 47 -1 0
0 1 0 28.7 55.5 43 -1 0
0 1 0 28.8 55.5 38 -1 0
0 1 0 28.7 55.5 36 -1 0
0 1 0 28.8 55.5 33 -1 0
0 1 0 28.7 55.5 31 -1 0
0 1 0 28.8 55.5 29 -1 0
0 1 0 28.8 55.5 31 -1 0
0 1 0 28.8 55.5 29 -1 0
0 1 0 28.9 55.5 29 -1 0
0 1 0 28.8 56.0 29 -1 0
0 1 0 28.8 56.0 33 -1 0
0 1 0 28.8 56.5 37 -1 0
0 1 0 28.8 56.5 38 -1 0
0 1 0 28.8 56.5 45 -1 0
0 1 0 28.8 56.0 50 -1 0
0 1 0 28.9 56.0 62 -1 0
0 1 0 28.8 56.5 65 -1 0
0 1 0 28.8 56.0 75 -1 0
0 1 0 28.8 56.5 79 -1 0
0 1 0 28.8 56.5 88 -1 0
0 1 0 28.8 56.5 95 -1 0
0 1 0 28.9 56.5 115 -1 0
0 1 0 28.8 56.0 103 -1 0
0 1 0 28.9 56.0 91 -1 0
0 1 0 28.9 56.5 100 -1 0
0 1 0 28.8 56.5 90 -1 0
0 1 0 28.8 57.0 85 -1 0
0 1 0 28.9 57.0 76 -1 0
0 1 0 28.8 57.0 71 -1 0
0 1 0 28.8 57.0 67 -1 0
0 1 0 28.8 57.0 64 -1 0
0 1 0 28.9 57.0 62 -1 0
0 1 0 28.9 57.0 60 -1 0
0 1 0 28.9 57.0 64 -1 0
0 1 0 28.9 56.5 55 -1 0
0 1 0 28.9 57.0 50 -1 0
0 1 0 28.9 57.0 46 -1 0
0 1 0 28.9 57.0 48 -1 0
0 1 0 28.9 57.0 46 -1 0
0 1 0 28.9 57.0 48 -1 0
0 1 0 28.9 57.0 45 -1 0
0 1 0 28.9 57.5 41 -1 0
0 1 0 28.9 57.0 40 -1 0
0 1 0 28.8 57.5 41 -1 0
0 1 0 28.9 57.0 46 -1 0
0 1 0 28.9 57.5 63 -1 0
0 1 0 28.9 57.0 64 -1 0
0 1 0 28.9 57.5 67 -1 0
0 1 0 28.9 57.5 70 -1 0
0 1 0 28.9 57.5 84 -1 0
0 1 0 28.9 57.5 106 -1 0
0 1 0 28.9 57.5 153 -1 0
0 1 0 28.9 57.5 69 -1 0
0 1 0 28.9 57.5 57 -1 0
0 1 0 28.9 57.5 50 -1 0
0 1 0 28.9 57.5 48 -1 0
0 1 0 28.9 58.0 45 -1 0
0 1 0 28.9 58.0 45 -1 0
0 1 0 28.9 58.0 50 -1 0
0 1 0 28.9 58.0 50 -1 0
0 1 0 29.0 58.0 55 -1 0
0 1 0 28.9 58.0 53 -1 0
0 1 0 28.9 58.0 57 -1 0
0 1 0 28.9 57.5 60 -1 0
0 1 0 28.9 57.5 67 -1 0
0 1 0 28.9 57.5 69 -1 0
0 1 0 28.8 57.5 72 -1 0
0 1 0 28.9 57.5 88 -1 0
0 1 0 28.9 57.5 115 -1 0
0 1 0 28.9 57.5 117 -1 0
0 1 0 28.9 57.5 93 -1 0
0 1 0 28.9 57.5 78 -1 0
0 1 0 28.9 57.5 75 -1 0
0 1 0 28.9 57.5 70 -1 0
0 1 0 28.9 57.5 76 -1 0
0 1 0 28.9 57.5 79 -1 0
0 1 0 28.9 57.5 94 -1 0
0 1 0 28.9 57.5 105 -1 0
0 1 0 28.8 57.5 100 -1 0
0 1 0 28.8 57.0 86 -1 0
0 1 0 28.9 57.0 72 -1 0
0 1 0 28.8 57.5 67 -1 0
0 1 0 28.9 57.0 70 -1 0
0 1 0 28.9 57.5 79 -1 0
0 1 0 28.8 57.5 79 -1 0
0 1 0 28.9 57.0 68 -1 0
0 1 0 28.9 57.0 67 -1 0
0 1 0 28.9 57.0 63 -1 0
0 1 0 28.8 57.0 60 -1 0
0 1 0 28.9 57.0 48 -1 0
0 1 0 28.9 57.0 39 -1 0
0 1 0 28.8 57.0 37 -1 0
0 1 0 28.8 57.0 43 -1 0
0 1 0 28.8 57.0 46 -1 0
0 1 0 28.8 57.0 50 -1 0
0 1 0 28.8 57.0 48 -1 0
0 1 0 28.8 57.0 46 -1 0
0 1 0 28.8 57.0 43 -1 0
0 1 0 28.8 57.0 41 -1 0
0 1 0 28.7 57.0 37 -1 0
0 1 0 28.8 57.0 40 -1 0
0 1 0 28.8 57.0 40 -1 0
0 1 0 28.8 57.0 38 -1 0
0 1 0 28.7 57.0 38 -1 0
0 1 0 28.7 57.0 38 -1 0
0 1 0 28.8 57.0 33 -1 0
0 1 0 28.7 57.0 31 -1 0
0 1 0 28.7 57.0 30 -1 0
0 1 0 28.7 57.0 26 -1 0
0 1 0 28.7 57.0 24 -1 0
0 1 0 28.7 57.0 23 -1 0
0 1 0 28.7 57.5 21 -1 0
0 1 0 28.7 57.5 21 -1 0
0 1 0 28.7 57.5 22 -1 0
0 1 0 28.7 58.5 26 -1 0
0 1 0 28.7 58.5 28 -1 0
0 1 0 28.8 59.0 31 -1 0
0 1 0 28.8 59.5 33 -1 0
0 1 0 28.8 60.5 36 -1 0
0 1 0 28.8 61.0 40 -1 0
0 1 0 28.8 60.5 40 -1 0
0 1 0 28.9 61.5 36 -1 0
0 1 0 28.9 61.5 38 -1 0
0 1 0 28.9 62.0 38 -1 0
0 1 0 28.9 62.5 38 -1 0
0 1 0 29.0 62.0 36 -1 0
0 1 0 28.9 61.5 38 -1 0
0 1 0 28.9 61.5 35 -1 0
0 1 0 28.9 61.5 33 -1 0
0 1 0 28.8 62.0 31 -1 0
0 1 0 28.9 62.0 35 -1 0
0 1 0 28.9 62.0 40 -1 0
0 1 0 28.9 62.0 47 -1 0
0 1 0 28.8 61.5 43 -1 0
0 1 0 28.9 61.5 43 -1 0
0 1 0 28.8 61.5 45 -1 0
0 1 0 28.8 61.5 48 -1 0
0 1 0 28.8 61.0 54 -1 0
0 1 0 28.8 61.0 53 -1 0
0 1 0 28.8 61.0 53 -1 0
0 1 0 28.8 61.0 54 -1 0
0 1 0 28.8 61.0 53 -1 0
0 1 0 28.8 60.5 61 -1 0
0 1 0 28.8 60.5 68 -1 0
0 1 0 28.8 60.0 81 -1 0
0 1 0 28.7 60.0 97 -1 0
0 1 0 28.7 60.0 115 -1 0
0 1 0 28.8 59.5 123 -1 0
0 1 0 28.7 59.5 117 -1 0
0 1 0 28.7 59.5 108 -1 0
0 1 0 28.7 59.0 117 -1 0
0 1 0 28.7 59.0 125 -1 0
0 1 0 28.7 59.5 118 -1 0
0 1 0 28.7 59.0 106 -1 0
0 1 0 28.7 59.0 94 -1 0
0 1 0 28.7 58.5 82 -1 0
0 1 0 28.7 58.5 75 -1 0
0 1 0 28.6 58.5 72 -1 0
0 1 0 28.7 58.5 70 -1 0
0 1 0 28.6 58.5 69 -1 0
0 1 0 28.6 58.5 64 -1 0
0 1 0 28.6 58.5 62 -1 0
0 1 0 28.6 58.5 67 -1 0
0 1 0 28.6 58.5 71 -1 0
0 1 0 28.6 58.5 58 -1 0
0 1 0 28.6 58.5 48 -1 0
0 1 0 28.6 58.5 46 -1 0
0 1 0 28.6 58.5 45 -1 0
0 1 0 28.6 59.0 42 -1 0
0 1 0 28.7 59.0 40 -1 0
0 1 0 28.6 59.5 45 -1 0
0 1 0 28.6 59.0 52 -1 0
0 1 0 28.6 59.0 52 -1 0
0 1 0 28.6 59.0 64 -1 0
0 1 0 28.6 59.0 66 -1 0
0 1 0 28.6 59.0 62 -1 0
0 1 0 28.6 59.0 60 -1 0
0 1 0 28.7 59.0 62 -1 0
0 1 0 28.6 59.0 62 -1 0
0 1 0 28.6 59.0 66 -1 0
0 1 0 28.6 59.5 71 -1 0
0 1 0 28.6 60.5 71 -1 0
0 1 0 28.6 60.5 67 -1 0
0 1 0 28.7 61.5 72 -1 0
0 1 0 28.7 61.0 80 -1 0
0 1 0 28.7 62.0 81 -1 0
0 1 0 28.7 61.5 88 -1 0
0 1 0 28.7 62.0 84 -1 0
0 1 0 28.8 62.5 88 -1 0
0 1 0 28.7 62.5 86 -1 0
0 1 0 28.8 62.0 83 -1 0
0 1 0 28.7 62.0 81 -1 0
0 1 0 28.8 62.0 84 -1 0
0 1 0 28.7 62.0 87 -1 0
0 1 0 28.8 62.5 94 -1 0
0 1 0 28.8 63.0 100 -1 0
0 1 0 28.8 63.0 110 -1 0
0 1 0 28.8 63.5 122 -1 0
0 1 0 28.9 64.0 130 -1 0
0 1 0 28.9 63.5 124 -1 0
0 1 0 28.9 63.5 108 -1 0
0 1 0 28.9 63.5 101 -1 0
0 1 0 28.9 63.5 93 -1 0
0 1 0 28.9 63.5 86 -1 0
0 1 0 28.9 63.5 81 -1 0
0 1 0 28.9 63.5 77 -1 0
0 1 0 28.9 63.5 74 -1 0
0 1 0 28.9 63.5 69 -1 0
0 1 0 28.9 63.5 66 -1 0
0 1 0 28.8 63.0 64 -1 0
0 1 0 28.9 63.0 68 -1 0
0 1 0 28.9 63.0 73 -1 0
0 1 0 28.9 63.0 71 -1 0
0 1 0 28.9 63.0 73 -1 0
0 1 0 28.9 63.0 69 -1 0
0 1 0 28.9 62.5 71 -1 0
0 1 0 28.9 62.5 71 -1 0
0 1 0 28.8 62.5 72 -1 0
0 1 0 28.9 62.0 72 -1 0
0 1 0 28.9 62.0 76 -1 0
0 1 0 28.9 62.0 72 -1 0
0 1 0 28.9 61.5 72 -1 0
0 1 0 28.8 61.5 76 -1 0
0 1 0 28.8 61.5 83 -1 0
0 1 0 28.7 61.5 95 -1 0
0 1 0 28.8 61.0 101 -1 0
0 1 0 28.8 61.0 101 -1 0
0 1 0 28.8 61.0 102 -1 0
0 1 0 28.7 60.5 103 -1 0
0 1 0 28.7 60.5 108 -1 0
0 1 0 28.7 60.0 109 -1 0
0 1 0 28.7 60.0 90 -1 0
0 1 0 28.7 59.5 86 -1 0
0 1 0 28.7 59.5 89 -1 0
0 1 0 28.6 59.5 89 -1 0
0 1 0 28.6 59.0 89 -1 0
0 1 0 28.6 59.0 89 -1 0
0 1 0 28.6 58.5 87 -1 0
0 1 0 28.6 58.5 90 -1 0
0 1 0 28.6 58.5 87 -1 0
0 1 0 28.5 58.0 80 -1 0
0 1 0 28.6 58.0 75 -1 0
0 1 0 28.5 57.5 70 -1 0
0 1 0 28.6 57.5 70 -1 0
0 1 0 28.5 57.5 68 -1 0
0 1 0 28.5 57.0 70 -1 0
0 1 0 28.4 57.5 70 -1 0
0 1 0 28.5 57.0 70 -1 0
0 1 0 28.5 57.0 65 -1 0
0 1 0 28.4 57.0 58 -1 0
0 1 0 28.4 57.5 51 -1 0
0 1 0 28.5 57.0 46 -1 0
0 1 0 28.4 57.0 43 -1 0
0 1 0 28.4 57.5 39 -1 0
0 1 0 28.4 57.5 39 -1 0
0 1 0 28.3 57.5 36 -1 0
0 1 0 28.4 57.5 36 -1 0
0 1 0 28.4 57.5 31 -1 0
0 1 0 28.4 57.5 31 -1 0
0 1 0 28.4 58.0 29 -1 0
0 1 0 28.4 58.0 26 -1 0
0 1 0 28.4 58.0 28 -1 0
0 1 0 28.4 58.0 28 -1 0
0 1 0 28.4 58.0 30 -1 0
0 1 0 28.3 58.5 28 -1 0
0 1 0 28.3 58.5 29 -1 0
0 1 0 28.4 58.5 31 -1 0
0 1 0 28.3 58.5 33 -1 0
0 1 0 28.4 59.0 37 -1 0
0 1 0 28.4 59.5 38 -1 0
0 1 0 28.4 59.5 40 -1 0
0 1 0 28.4 59.0 40 -1 0
0 1 0 28.3 59.0 40 -1 0
0 1 0 28.4 59.5 36 -1 0
0 1 0 28.4 60.0 38 -1 0
0 1 0 28.5 60.0 40 -1 0
0 1 0 28.5 60.0 43 -1 0
0 1 0 28.5 59.5 45 -1 0
0 1 0 28.5 60.0 45 -1 0
0 1 0 28.4 60.0 46 -1 0
0 1 0 28.5 60.5 48 -1 0
0 1 0 28.4 61.0 52 -1 0
0 1 0 28.5 61.0 52 -1 0
0 1 0 28.5 61.5 53 -1 0
0 1 0 28.6 61.5 59 -1 0
0 1 0 28.7 61.5 64 -1 0
0 1 0 28.6 61.5 68 -1 0
0 1 0 28.6 61.5 69 -1 0
0 1 0 28.7 62.0 75 -1 0
0 1 0 28.7 62.0 76 -1 0
0 1 0 28.7 62.5 76 -1 0
0 1 0 28.8 62.5 81 -1 0
0 1 0 28.8 62.5 82 -1 0
0 1 0 28.8 62.5 90 -1 0
0 1 0 28.7 62.0 87 -1 0
0 1 0 28.8 62.0 89 -1 0
0 1 0 28.7 62.5 87 -1 0
0 1 0 28.8 62.5 89 -1 0
0 1 0 28.8 62.5 85 -1 0
0 1 0 28.7 62.0 86 -1 0
0 1 0 28.7 61.5 86 -1 0
0 1 0 28.7 61.5 84 -1 0
0 1 0 28.7 61.5 83 -1 0
0 1 0 28.7 61.0 79 -1 0
0 1 0 28.7 61.5 74 -1 0
0 1 0 28.7 60.5 72 -1 0
0 1 0 28.7 61.0 69 -1 0
0 1 0 28.6 61.0 70 -1 0
0 1 0 28.6 60.5 65 -1 0
0 1 0 28.7 60.0 65 -1 0
0 1 0 28.6 60.0 63 -1 0
0 1 0 28.7 60.0 61 -1 0
0 1 0 28.6 60.0 60 -1 0
0 1 0 28.6 59.5 60 -1 0
0 1 0 28.6 59.5 59 -1 0
0 1 0 28.6 59.0 57 -1 0
0 1 0 28.6 59.0 55 -1 0
0 1 0 28.5 58.5 57 -1 0
0 1 0 28.6 58.0 60 -1 0
0 1 0 28.5 58.5 62 -1 0
0 1 0 28.6 58.0 62 -1 0
0 1 0 28.5 57.0 63 -1 0
0 1 0 28.5 57.5 65 -1 0
0 1 0 28.5 57.0 65 -1 0
0 1 0 28.5 56.5 70 -1 0
0 1 0 28.4 56.5 70 -1 0
0 1 0 28.4 56.5 73 -1 0
0 1 0 28.4 56.5 69 -1 0
0 1 0 28.4 57.0 75 -1 0
0 1 0 28.3 57.0 69 -1 0
0 1 0 28.4 56.5 66 -1 0
0 1 0 28.3 56.5 65 -1 0
0 1 0 28.4 56.0 65 -1 0
0 1 0 28.4 56.5 67 -1 0
0 1 0 28.4 56.0 65 -1 0
0 1 0 28.4 56.0 69 -1 0
0 1 0 28.3 56.0 72 -1 0
0 1 0 28.3 56.0 76 -1 0
0 1 0 28.3 56.0 77 -1 0
0 1 0 28.3 56.0 77 -1 0
0 1 0 28.3 56.0 76 -1 0
0 1 0 28.3 56.0 85 -1 0
0 1 0 28.3 56.5 85 -1 0
0 1 0 28.4 56.5 78 -1 0
0 1 0 28.4 57.0 80 -1 0
0 1 0 28.4 57.0 75 -1 0
0 1 0 28.4 57.0 74 -1 0
0 1 0 28.4 57.5 70 -1 0
0 1 0 28.4 57.5 67 -1 0
0 1 0 28.4 57.5 67 -1 0
0 1 0 28.4 57.5 67 -1 0
0 1 0 28.4 57.5 65 -1 0
0 1 0 28.4 57.5 65 -1 0
0 1 0 28.4 57.0 70 -1 0
0 1 0 28.4 57.0 66 -1 0
0 1 0 28.4 57.0 68 -1 0
0 1 0 28.4 57.0 78 -1 0
0 1 0 28.4 57.5 68 -1 0
0 1 0 28.4 57.5 68 -1 0
0 1 0 28.4 57.5 68 -1 0
0 1 0 28.5 58.5 59 -1 0
0 1 0 28.6 59.0 59 -1 0
0 1 0 28.6 59.0 59 -1 0
0 1 0 28.6 59.0 64 -1 0
0 1 0 28.7 59.0 66 -1 0
0 1 0 28.6 59.0 67 -1 0
0 1 0 28.6 58.5 72 -1 0
0 1 0 28.6 59.0 77 -1 0
0 1 0 28.6 59.0 92 -1 0
0 1 0 28.6 59.0 93 -1 0
0 1 0 28.7 59.0 87 -1 0
0 1 0 28.6 59.0 81 -1 0
0 1 0 28.6 59.0 76 -1 0
0 1 0 28.7 59.0 68 -1 0
0 1 0 28.8 59.0 61 -1 0
0 1 0 28.7 59.0 59 -1 0
0 1 0 28.7 59.5 51 -1 0
0 1 0 28.7 59.5 52 -1 0
0 1 0 28.8 60.0 48 -1 0
0 1 0 28.8 60.0 50 -1 0
0 1 0 28.9 60.0 52 -1 0
0 1 0 28.9 60.0 52 -1 0
0 1 0 28.8 60.0 54 -1 0
0 1 0 28.8 60.0 52 -1 0
0 1 0 28.8 60.0 52 -1 0
0 1 0 28.8 60.0 52 -1 0
0 1 0 28.8 59.5 52 -1 0
0 1 0 28.8 60.0 54 -1 0
0 1 0 28.9 60.5 54 -1 0
0 1 0 28.8 60.5 55 -1 0
0 1 0 28.8 60.5 55 -1 0
0 1 0 28.9 61.0 58 -1 0
0 1 0 29.0 61.0 57 -1 0
0 1 0 28.9 61.0 66 -1 0
0 1 0 28.9 60.5 65 -1 0
0 1 0 28.9 61.0 81 -1 0
0 1 0 28.9 61.0 68 -1 0
0 1 0 28.9 61.5 60 -1 0
0 1 0 29.0 61.0 63 -1 0
0 1 0 29.0 61.5 67 -1 0
0 1 0 28.9 61.5 63 -1 0
0 1 0 29.0 61.5 62 -1 0
0 1 0 29.0 61.5 60 -1 0
0 1 0 29.0 61.5 60 -1 0
0 1 0 29.0 61.5 58 -1 0
0 1 0 29.0 61.5 60 -1 0
0 1 0 29.0 61.0 75 -1 0
0 1 0 28.9 61.0 77 -1 0
0 1 0 28.9 61.5 77 -1 0
0 1 0 29.0 61.0 80 -1 0
0 1 0 29.0 61.0 74 -1 0
0 1 0 29.0 61.5 60 -1 0
0 1 0 29.0 61.5 62 -1 0
0 1 0 29.0 61.0 69 -1 0
0 1 0 29.0 61.0 77 -1 0
0 1 0 29.1 61.0 75 -1 0
0 1 0 29.1 61.0 81 -1 0
0 1 0 29.1 61.0 82 -1 0
0 1 0 29.1 61.0 60 -1 0
0 1 0 29.1 61.0 59 -1 0
0 1 0 29.1 61.0 72 -1 0
0 1 0 29.1 60.5 84 -1 0
0 1 0 29.0 61.0 83 -1 0
0 1 0 29.1 61.0 63 -1 0
0 1 0 29.0 60.5 74 -1 0
0 1 0 29.1 60.5 63 -1 0
0 1 0 29.1 61.0 71 -1 0
0 1 0 29.1 61.0 80 -1 0
0 1 0 29.1 61.0 58 -1 0
0 1 0 29.1 61.0 69 -1 0
0 1 0 29.1 61.0 55 -1 0
0 1 0 29.1 61.0 55 -1 0
0 1 0 29.1 61.0 58 -1 0
0 1 0 29.2 61.0 58 -1 0
0 1 0 29.2 61.0 60 -1 0
0 1 0 29.1 61.0 55 -1 0
0 1 0 29.2 61.0 55 -1 0
0 1 0 29.2 61.0 82 -1 0
0 1 0 29.2 61.0 75 -1 0
0 1 0 29.1 60.5 54 -1 0
0 1 0 29.1 61.0 73 -1 0
0 1 0 29.1 61.0 54 -1 0
0 1 0 29.1 61.0 56 -1 0
0 1 0 29.1 61.0 46 -1 0
0 1 0 29.2 61.5 46 -1 0
0 1 0 29.2 61.5 45 -1 0
0 1 0 29.2 61.5 47 -1 0
0 1 0 29.2 61.5 39 -1 0
0 1 0 29.2 61.5 40 -1 0
0 1 0 29.2 61.5 40 -1 0
0 1 0 29.2 61.5 40 -1 0
0 1 0 29.3 61.5 40 -1 0
0 1 0 29.3 61.5 43 -1 0
0 1 0 29.2 61.5 45 -1 0
0 1 0 29.2 61.5 45 -1 0
0 1 0 29.2 61.5 45 -1 0
0 1 0 29.2 61.5 45 -1 0
0 1 0 29.3 62.0 47 -1 0
0 1 0 29.3 62.0 50 -1 0
0 1 0 29.2 62.0 52 -1 0
0 1 0 29.2 62.0 48 -1 0
0 1 0 29.2 62.0 48 -1 0
0 1 0 29.2 62.5 43 -1 0
0 1 0 29.3 62.5 41 -1 0
0 1 0 29.3 62.5 40 -1 0
0 1 0 29.4 62.5 38 -1 0
0 1 0 29.3 62.0 35 -1 0
0 1 0 29.2 62.0 37 -1 0
0 1 0 29.2 62.0 40 -1 0
0 1 0 29.1 62.0 40 -1 0
0 1 0 29.2 62.0 42 -1 0
0 1 0 29.2 62.0 47 -1 0
0 1 0 29.2 62.0 49 -1 0
0 1 0 29.2 62.0 52 -1 0
0 1 0 29.3 62.0 54 -1 0
0 1 0 29.2 61.5 54 -1 0
0 1 0 29.2 61.5 50 -1 0
0 1 0 29.1 61.5 52 -1 0
0 1 0 29.2 61.5 50 -1 0
0 1 0 29.1 61.5 52 -1 0
0 1 0 29.2 61.5 50 -1 0
0 1 0 29.2 61.5 43 -1 0
0 1 0 29.1 61.5 43 -1 0
0 1 0 29.2 61.5 49 -1 0
0 1 0 29.1 61.0 50 -1 0
0 1 0 29.1 61.0 50 -1 0
0 1 0 29.0 61.0 48 -1 0
0 1 0 29.1 61.5 39 -1 0
0 1 0 29.0 61.0 35 -1 0
0 1 0 29.1 61.5 31 -1 0
0 1 0 29.2 61.5 24 -1 0
0 1 0 29.1 61.5 26 -1 0
0 1 0 29.1 61.5 26 -1 0
0 1 0 29.1 62.0 26 -1 0
0 1 0 29.1 62.0 24 -1 0
0 1 0 29.1 62.0 22 -1 0
0 1 0 29.1 62.0 22 -1 0
0 1 0 29.1 62.0 22 -1 0
0 1 0 29.1 62.0 22 -1 0
0 1 0 29.1 62.0 20 -1 0
0 1 0 29.1 62.0 21 -1 0
0 1 0 29.1 61.5 21 -1 0
0 1 0 29.1 61.5 21 -1 0
0 1 0 29.1 61.5 19 -1 0
0 1 0 29.1 61.5 17 -1 0
0 1 0 29.1 61.5 14 -1 0
0 1 0 29.1 61.5 12 -1 0
0 1 0 29.0 61.5 14 -1 0
0 1 0 29.0 61.5 12 -1 0
0 1 0 29.0 61.5 10 -1 0
0 1 0 29.1 61.5 10 -1 0
0 1 0 29.0 61.5 10 -1 0
0 1 0 29.1 61.5 12 -1 0
0 1 0 29.0 61.5 14 -1 0
0 1 0 29.0 61.5 12 -1 0
0 1 0 29.0 61.5 14 -1 0
0 1 0 29.0 61.5 14 -1 0
0 1 0 29.0 62.0 12 -1 0
0 1 0 29.0 62.0 14 -1 0
0 1 0 29.0 62.0 12 -1 0
0 1 0 29.0 62.0 12 -1 0
0 1 0 28.9 62.5 14 -1 0
0 1 0 29.0 62.5 12 -1 0
0 1 0 29.0 62.5 16 -1 0
0 1 0 29.0 62.5 16 -1 0
0 1 0 29.0 62.0 17 -1 0
0 1 0 29.0 62.5 21 -1 0
0 1 0 28.9 62.0 19 -1 0
0 1 0 28.9 62.0 21 -1 0
0 1 0 28.9 62.0 21 -1 0
0 1 0 28.9 62.0 17 -1 0
0 1 0 28.9 62.0 17 -1 0
0 1 0 28.9 61.5 21 -1 0
0 1 0 28.9 61.5 17 -1 0
0 1 0 28.9 61.5 17 -1 0
0 1 0 28.9 61.5 19 -1 0
0 1 0 28.8 61.5 19 -1 0
0 1 0 28.9 61.5 21 -1 0
0 1 0 28.9 61.0 21 -1 0
0 1 0 28.8 61.0 19 -1 0
0 1 0 28.8 61.0 15 -1 0
0 1 0 28.7 61.0 16 -1 0
0 1 0 28.8 60.5 14 -1 0
0 1 0 28.8 60.5 16 -1 0
0 1 0 28.8 60.5 16 -1 0
0 1 0 28.8 60.5 15 -1 0
0 1 0 28.8 60.5 15 -1 0
0 1 0 28.8 60.5 15 -1 0
0 1 0 28.7 60.5 15 -1 0
0 1 0 28.8 60.5 15 -1 0
0 1 0 28.8 60.5 15 -1 0
0 1 0 28.8 60.5 17 -1 0
0 1 0 28.8 60.5 17 -1 0
0 1 0 28.8 61.0 15 -1 0
0 1 0 28.8 61.0 12 -1 0
0 1 0 28.8 61.0 12 -1 0
0 1 0 28.8 61.0 12 -1 0
0 1 0 28.8 61.0 15 -1 0
0 1 0 28.8 61.0 15 -1 0
0 1 0 28.7 61.0 17 -1 0
0 1 0 28.8 61.0 15 -1 0
0 1 0 28.8 61.0 16 -1 0
0 1 0 28.8 61.0 12 -1 0
0 1 0 28.7 61.0 12 -1 0
0 1 0 28.7 61.0 12 -1 0
0 1 0 28.7 61.0 10 -1 0
0 1 0 28.8 61.5 9 -1 0
0 1 0 28.7 61.5 7 -1 0
0 1 0 28.7 61.0 9 -1 0
0 1 0 28.8 61.0 7 -1 0
0 1 0 28.7 61.0 5 -1 0
0 1 0 28.7 61.0 9 -1 0
0 1 0 28.7 61.0 9 -1 0
0 1 0 28.7 61.5 9 -1 0
0 1 0 28.7 61.0 9 -1 0
0 1 0 28.7 61.0 5 -1 0
0 1 0 28.7 61.0 5 -1 0
0 1 0 28.7 61.0 7 -1 0
0 1 0 28.7 61.0 5 -1 0
0 1 0 28.7 61.0 5 -1 0
0 1 0 28.7 61.0 9 -1 0
0 1 0 28.7 61.0 7 -1 0
0 1 0 28.7 61.0 5 -1 0
0 1 0 28.6 61.0 5 -1 0
0 1 0 28.6 61.0 5 -1 0
0 1 0 28.6 61.0 5 -1 0
0 1 0 28.6 60.5 5 -1 0
0 1 0 28.6 61.0 7 -1 0
0 1 0 28.6 61.0 7 -1 0
0 1 0 28.6 60.5 5 -1 0
0 1 0 28.6 60.5 5 -1 0
0 1 0 28.6 60.5 5 -1 0
0 1 0 28.6 60.5 5 -1 0
0 1 0 28.5 60.5 9 -1 0
0 1 0 28.6 60.5 7 -1 0
0 1 0 28.5 60.5 5 -1 0
0 1 0 28.5 60.5 5 -1 0
0 1 0 28.6 60.0 5 -1 0
0 1 0 28.5 59.5 5 -1 0
0 1 0 28.5 59.0 5 -1 0
0 1 0 28.4 59.0 7 -1 0
0 1 0 28.5 59.0 7 -1 0
0 1 0 28.4 59.5 7 -1 0
0 1 0 28.4 59.5 7 -1 0
0 1 0 28.4 59.5 7 -1 0
0 1 0 28.4 59.5 7 -1 0
0 1 0 28.3 59.5 7 -1 0
0 1 0 28.3 59.5 5 -1 0
0 1 0 28.3 59.5 5 -1 0
0 1 0 28.3 59.0 5 -1 0
0 1 0 28.3 58.5 5 -1 0
0 1 0 28.3 58.0 5 -1 0
0 1 0 28.3 58.5 5 -1 0
0 1 0 28.2 59.0 5 -1 0
0 1 0 28.3 59.0 6 -1 0
0 1 0 28.2 59.0 4 -1 0
0 1 0 28.3 59.0 2 -1 0
0 1 0 28.2 58.5 1 -1 0
0 1 0 28.2 58.0 4 -1 0
0 1 0 28.2 57.5 4 -1 0
0 1 0 28.2 57.5 4 -1 0
0 1 0 28.1 57.5 4 -1 0
0 1 0 28.1 57.0 4 -1 0
0 1 0 28.1 57.0 2 -1 0
0 1 0 28.0 56.5 2 -1 0
0 1 0 28.0 56.0 2 -1 0
0 1 0 28.0 56.0 2 -1 0
0 1 0 28.0 55.5 2 -1 0
0 1 0 27.9 55.5 2 -1 0
0 1 0 27.9 55.5 2 -1 0
0 1 0 27.9 55.0 2 -1 0
0 1 0 27.9 54.5 2 -1 0
0 1 0 27.9 54.5 2 -1 0
0 1 0 27.9 54.0 2 -1 0
0 1 0 27.8 54.0 2 -1 0
0 1 0 27.8 54.0 1 -1 0
0 1 0 27.8 53.5 1 -1 0
0 1 0 27.8 53.5 1 -1 0
0 1 0 27.9 53.0 1 -1 0
0 1 0 27.8 53.0 2 -1 0
0 1 0 27.8 53.0 2 -1 0
0 1 0 27.8 53.0 2 -1 0
0 1 0 27.7 53.0 2 -1 0
0 1 0 27.7 52.5 2 -1 0
0 1 0 27.7 53.0 0 -1 0
0 1 0 27.7 52.5 0 -1 0
0 1 0 27.6 52.5 0 -1 0
0 1 0 27.7 52.5 0 -1 0
0 1 0 27.6 52.0 0 -1 0
0 1 0 27.6 52.0 0 -1 0
0 1 0 27.6 52.0 0 -1 0
0 1 0 27.5 51.5 0 -1 0
0 1 0 27.6 51.5 0 -1 0
0 1 0 27.5 51.5 2 -1 0
0 1 0 27.5 51.5 2 -1 0
0 1 0 27.5 52.0 2 -1 0
0 1 0 27.5 52.0 2 -1 0
0 1 0 27.5 52.0 0 -1 0
0 1 0 27.4 52.0 0 -1 0
0 1 0 27.5 52.0 0 -1 0
0 1 0 27.5 51.5 0 -1 0
0 1 0 27.5 51.5 0 -1 0
0 1 0 27.5 51.5 0 -1 0
0 1 0 27.5 51.5 0 -1 0
0 1 0 27.4 51.5 1 -1 0
0 1 0 27.3 51.5 2 -1 0
0 1 0 27.4 51.0 1 -1 0
0 1 0 27.3 51.0 1 -1 0
0 1 0 27.3 51.0 1 -1 0
0 1 0 27.3 51.0 1 -1 0
0 1 0 27.3 51.0 1 -1 0
0 1 0 27.3 51.0 1 -1 0
0 1 0 27.3 51.0 1 -1 0
0 1 0 27.3 50.5 1 -1 0
0 1 0 27.2 50.5 1 -1 0
0 1 0 27.2 50.5 1 -1 0
0 1 0 27.2 50.5 1 -1 0
0 1 0 27.2 50.5 1 -1 0
0 1 0 27.2 50.0 1 -1 0
0 1 0 27.2 50.0 1 -1 0
0 1 0 27.1 50.0 1 -1 0
0 1 0 27.2 49.5 2 -1 0
0 1 0 27.2 49.5 2 -1 0
0 1 0 27.1 49.5 2 -1 0
0 1 0 27.1 49.5 2 -1 0
0 1 0 27.1 49.5 2 -1 0
0 1 0 27.1 49.0 2 -1 0
0 1 0 27.1 49.0 2 -1 0
0 1 0 27.1 49.0 2 -1 0
0 1 0 27.1 49.0 2 -1 0
0 1 0 27.1 49.5 2 -1 0
0 1 0 27.2 49.5 2 -1 0
0 1 0 27.1 49.5 2 -1 0
0 1 0 27.0 49.5 2 -1 0
0 1 0 27.1 49.5 2 -1 0
0 1 0 27.1 49.5 2 -1 0
0 1 0 27.1 49.5 2 -1 0
0 1 0 27.1 50.0 2 -1 0
0 1 0 27.1 50.0 2 -1 0
0 1 0 27.1 50.0 2 -1 0
0 1 0 27.1 50.0 2 -1 0
0 1 0 27.1 50.0 2 -1 0
0 1 0 27.0 50.0 2 -1 0
0 1 0 27.1 50.0 2 -1 0
0 1 0 27.0 50.0 2 -1 0
0 1 0 27.0 50.0 2 -1 0
0 1 0 27.1 50.0 2 -1 0
0 1 0 27.1 50.0 2 -1 0
0 1 0 27.1 49.5 2 -1 0
0 1 0 27.1 49.5 2 -1 0
0 1 0 27.0 49.5 2 -1 0
0 1 0 27.0 49.5 2 -1 0
0 1 0 27.0 49.5 2 -1 0
0 1 0 27.0 50.0 2 -1 0
0 1 0 27.0 51.0 2 -1 0
0 1 0 27.0 52.0 2 -1 0
0 1 0 27.0 52.0 2 -1 0
0 1 0 27.0 52.0 2 -1 0
0 1 0 27.0 52.5 2 -1 0
0 1 0 27.0 53.0 2 -1 0
0 1 0 27.1 53.5 2 -1 0
0 1 0 27.0 53.5 2 -1 0
0 1 0 27.0 53.5 2 -1 0
0 1 0 27.0 53.0 2 -1 0
0 1 0 27.1 52.5 2 -1 0
0 1 0 27.1 52.5 2 -1 0
0 1 0 27.0 52.5 2 -1 0
0 1 0 27.1 52.0 2 -1 0
0 1 0 27.0 52.0 2 -1 0
0 1 0 27.1 52.5 2 -1 0
0 1 0 27.0 53.0 2 -1 0
0 1 0 27.0 53.0 2 -1 0
0 1 0 27.0 53.0 2 -1 0
0 1 0 27.0 52.5 2 -1 0
0 1 0 27.0 52.5 2 -1 0
0 1 0 27.1 53.0 2 -1 0
0 1 0 27.0 53.5 2 -1 0
0 1 0 27.1 54.0 2 -1 0
0 1 0 27.0 54.0 2 -1 0
0 1 0 27.1 54.0 2 -1 0
0 1 0 27.0 53.5 2 -1 0
0 1 0 27.1 53.5 2 -1 0
0 1 0 27.0 53.5 2 -1 0
0 1 0 27.0 53.0 2 -1 0
0 1 0 27.1 53.0 2 -1 0
0 1 0 27.1 53.0 2 -1 0
0 1 0 27.0 52.5 2 -1 0
0 1 0 27.0 52.5 2 -1 0
0 1 0 27.0 52.5 2 -1 0
0 1 0 27.1 52.5 2 -1 0
0 1 0 27.0 52.5 2 -1 0
0 1 0 27.1 52.5 2 -1 0
0 1 0 27.0 52.5 2 -1 0
0 1 0 27.0 52.5 2 -1 0
0 1 0 27.0 52.0 2 -1 0
0 1 0 27.1 52.5 2 -1 0
0 1 0 27.0 52.0 2 -1 0
0 1 0 27.0 52.0 2 -1 0
0 1 0 27.0 52.0 2 -1 0
0 1 0 27.0 51.5 2 -1 0
0 1 0 27.0 51.5 2 -1 0
0 1 0 26.9 51.5 2 -1 0
0 1 0 26.9 51.5 2 -1 0
0 1 0 27.0 51.5 2 -1 0
0 1 0 27.0 51.0 2 -1 0
0 1 0 27.0 51.5 2 -1 0
0 1 0 27.0 51.0 2 -1 0
0 1 0 27.0 51.5 2 -1 0
0 1 0 27.0 51.5 2 -1 0
0 1 0 27.0 51.5 2 -1 0
0 1 0 27.0 51.5 2 -1 0
0 1 0 27.0 51.5 2 -1 0
0 1 0 27.1 51.5 2 -1 0
0 1 0 27.1 51.5 2 -1 0
0 1 0 27.0 51.5 2 -1 0
0 1 0 27.0 51.5 2 -1 0
0 1 0 27.1 51.5 2 -1 0
0 1 0 27.1 51.5 2 -1 0
0 1 0 27.1 51.5 2 -1 0
0 1 0 27.1 51.5 2 -1 0
0 1 0 27.1 51.5 2 -1 0
0 1 0 27.0 51.5 2 -1 0
0 1 0 27.1 51.5 2 -1 0
0 1 0 27.1 51.5 2 -1 0
0 1 0 27.1 51.5 2 -1 0
0 1 0 27.1 51.5 2 -1 0
0 1 0 27.1 51.5 2 -1 0
0 1 0 27.1 51.5 2 -1 0
0 1 0 27.0 51.5 2 -1 0
0 1 0 27.2 51.5 2 -1 0
0 1 0 27.1 51.5 2 -1 0
0 1 0 27.1 51.5 2 -1 0
0 1 0 27.1 51.5 2 -1 0
0 1 0 27.1 52.0 2 -1 0
0 1 0 27.1 52.0 2 -1 0
0 1 0 27.2 52.0 2 -1 0
0 1 0 27.2 52.0 2 -1 0
0 1 0 27.2 52.0 2 -1 0
0 1 0 27.2 51.5 2 -1 0
0 1 0 27.2 52.0 2 -1 0
0 1 0 27.2 51.5 2 -1 0
0 1 0 27.2 51.5 2 -1 0
0 1 0 27.2 51.5 2 -1 0
0 1 0 27.2 51.5 2 -1 0
0 1 0 27.2 51.5 2 -1 0
0 1 0 27.2 51.5 2 -1 0
0 1 0 27.2 51.5 2 -1 0
0 1 0 27.3 51.5 2 -1 0
0 1 0 27.3 51.5 2 -1 0
0 1 0 27.3 51.5 2 -1 0
0 1 0 27.2 51.5 2 -1 0
0 1 0 27.3 51.5 2 -1 0
0 1 0 27.3 51.5 2 -1 0
0 1 0 27.3 51.5 2 -1 0
0 1 0 27.3 51.5 2 -1 0
0 1 0 27.4 51.5 2 -1 0
0 1 0 27.3 51.5 2 -1 0
0 1 0 27.3 51.5 2 -1 0
0 1 0 27.4 51.5 2 -1 0
0 1 0 27.3 51.5 2 -1 0
0 1 0 27.4 51.5 2 -1 0
0 1 0 27.4 51.5 2 -1 0
0 1 0 27.4 51.5 2 -1 0
0 1 0 27.3 51.5 2 -1 0
0 1 0 27.4 51.5 2 -1 0
0 1 0 27.4 51.5 2 -1 0
0 1 0 27.4 51.5 2 -1 0
0 1 0 27.4 51.5 2 -1 0
0 1 0 27.5 51.5 2 -1 0
0 1 0 27.5 51.5 2 -1 0
0 1 0 27.5 51.5 2 -1 0
0 1 0 27.5 51.5 2 -1 0
0 1 0 27.5 51.5 2 -1 0
0 1 0 27.5 51.5 2 -1 0
0 1 0 27.5 51.5 2 -1 0
0 1 0 27.4 51.5 2 -1 0
0 1 0 27.6 51.5 2 -1 0
0 1 0 27.6 51.5 2 -1 0
0 1 0 27.4 51.5 2 -1 0
0 1 0 27.5 52.0 2 -1 0
0 1 0 27.5 52.0 2 -1 0
0 1 0 27.6 51.5 2 -1 0
0 1 0 27.6 52.0 2 -1 0
0 1 0 27.6 51.5 2 -1 0
0 1 0 27.6 52.0 2 -1 0
0 1 0 27.5 51.5 2 -1 0
0 1 0 27.6 51.5 2 -1 0
0 1 0 27.7 52.0 2 -1 0
0 1 0 27.6 51.5 2 -1 0
0 1 0 27.6 52.0 2 -1 0
0 1 0 27.7 52.0 2 -1 0
0 1 0 27.6 52.0 2 -1 0
0 1 0 27.6 52.0 2 -1 0
0 1 0 27.7 52.0 2 -1 0
0 1 0 27.7 52.0 2 -1 0
0 1 0 27.7 52.0 2 -1 0
0 1 0 27.8 52.0 2 -1 0
0 1 0 27.8 52.0 2 -1 0
0 1 0 27.8 52.0 2 -1 0
0 1 0 27.8 52.0 2 -1 0
0 1 0 27.8 52.0 2 -1 0
0 1 0 27.8 52.0 2 -1 0
0 1 0 27.8 52.0 2 -1 0
0 1 0 27.7 52.0 2 -1 0
0 1 0 27.8 52.0 2 -1 0
0 1 0 27.8 52.0 2 -1 0
0 1 0 27.8 52.0 2 -1 0
0 1 0 27.8 52.0 2 -1 0
0 1 0 27.8 52.0 2 -1 0
0 1 0 27.9 52.0 2 -1 0
0 1 0 27.9 52.0 2 -1 0
0 1 0 27.8 52.0 2 -1 0
0 1 0 27.9 52.0 2 -1 0
0 1 0 27.9 52.0 2 -1 0
0 1 0 27.9 52.0 2 -1 0
0 1 0 27.9 52.0 2 -1 0
0 1 0 27.9 52.0 2 -1 0
0 1 0 27.9 52.0 2 -1 0
0 1 0 27.9 52.0 2 -1 0
0 1 0 27.9 52.0 2 -1 0
0 1 0 28.0 52.0 2 -1 0
0 1 0 27.9 52.0 2 -1 0
0 1 0 28.0 52.0 2 -1 0
0 1 0 28.0 52.0 2 -1 0
0 1 0 28.0 52.0 2 -1 0
0 1 0 28.0 52.0 2 -1 0
0 1 0 28.0 52.0 2 -1 0
0 1 0 28.0 52.0 2 -1 0
0 1 0 28.0 52.0 2 -1 0
0 1 0 28.0 52.0 2 -1 0
0 1 0 28.0 52.5 2 -1 0
0 1 0 28.0 52.5 2 -1 0
0 1 0 28.1 52.5 2 -1 0
0 1 0 28.1 52.5 2 -1 0
0 1 0 28.1 52.5 2 -1 0
0 1 0 28.1 52.0 2 -1 0
0 1 0 28.1 52.5 2 -1 0
0 1 0 28.2 52.5 2 -1 0
0 1 0 28.2 52.5 2 -1 0
0 1 0 28.2 52.5 2 -1 0
0 1 0 28.1 52.5 2 -1 0
0 1 0 28.1 52.5 2 -1 0
0 1 0 28.1 52.5 2 -1 0
0 1 0 28.1 52.5 2 -1 0
0 1 0 28.2 52.5 2 -1 0
0 1 0 28.2 52.5 2 -1 0
0 1 0 28.2 52.5 2 -1 0
0 1 0 28.2 52.5 2 -1 0
0 1 0 28.2 52.5 2 -1 0
0 1 0 28.3 52.5 2 -1 0
0 1 0 28.2 52.5 2 -1 0
0 1 0 28.2 52.5 2 -1 0
0 1 0 28.3 52.5 2 -1 0
0 1 0 28.2 52.5 2 -1 0
0 1 0 28.3 52.5 2 -1 0
0 1 0 28.3 52.5 2 -1 0
0 1 0 28.3 52.5 2 -1 0
0 1 0 28.2 52.5 2 -1 0
0 1 0 28.4 53.0 2 -1 0
0 1 0 28.3 53.0 2 -1 0
0 1 0 28.3 53.0 2 -1 0
0 1 0 28.3 53.0 2 -1 0
0 1 0 28.3 53.0 2 -1 0
0 1 0 28.3 53.5 2 -1 0
0 1 0 28.4 53.5 2 -1 0
0 1 0 28.4 53.5 2 -1 0
0 1 0 28.4 53.5 2 -1 0
0 1 0 28.4 53.5 2 -1 0
0 1 0 28.4 54.5 2 -1 0
0 1 0 28.4 55.0 2 -1 0
0 1 0 28.4 55.5 2 -1 0
0 1 0 28.4 55.5 2 -1 0
0 1 0 28.5 55.5 2 -1 0
0 1 0 28.4 55.5 2 -1 0
0 1 0 28.5 55.5 2 -1 0
0 1 0 28.5 55.5 2 -1 0
0 1 0 28.5 55.5 2 -1 0
0 1 0 28.4 56.0 2 -1 0
0 1 0 28.5 55.5 2 -1 0
0 1 0 28.5 55.5 2 -1 0
0 1 0 28.5 55.5 2 -1 0
0 1 0 28.5 56.0 2 -1 0
0 1 0 28.5 56.0 2 -1 0
0 1 0 28.5 55.5 2 -1 0
0 1 0 28.5 55.5 2 -1 0
0 1 0 28.5 55.0 2 -1 0
0 1 0 28.5 55.5 2 -1 0
0 1 0 28.6 55.5 2 -1 0
0 1 0 28.6 55.5 2 -1 0
0 1 0 28.5 55.0 2 -1 0
0 1 0 28.6 55.5 2 -1 0
0 1 0 28.6 55.5 2 -1 0
0 1 0 28.7 55.0 2 -1 0
0 1 0 28.7 55.0 2 -1 0
0 1 0 28.6 55.0 2 -1 0
0 1 0 28.6 55.0 2 -1 0
0 1 0 28.7 54.5 2 -1 0
0 1 0 28.7 55.0 2 -1 0
0 1 0 28.6 55.0 2 -1 0
0 1 0 28.7 55.0 2 -1 0
0 1 0 28.8 55.0 2 -1 0
0 1 0 28.7 55.0 2 -1 0
0 1 0 28.7 55.0 2 -1 0
0 1 0 28.7 55.0 2 -1 0
0 1 0 28.8 55.0 2 -1 0
0 1 0 28.7 55.0 2 -1 0
0 1 0 28.7 55.0 2 -1 0
0 1 0 28.7 55.0 2 -1 0
0 1 0 28.7 55.0 2 -1 0
