0 1 0 29.5 62.5 2 -1 0
0 1 0 29.6 62.5 2 -1 0
0 1 0 29.6 62.5 2 -1 0
0 1 0 29.6 62.5 2 -1 0
0 1 0 29.6 62.5 2 -1 0
0 1 0 29.7 62.5 2 -1 0
0 1 0 29.7 62.5 2 -1 0
0 1 0 29.6 62.5 2 -1 0
0 1 0 29.6 62.5 2 -1 0
0 1 0 29.7 63.0 2 -1 0
0 1 0 29.7 63.0 2 -1 0
0 1 0 29.7 62.5 2 -1 0
0 1 0 29.7 63.0 2 -1 0
0 1 0 29.7 62.5 2 -1 0
0 1 0 29.8 62.5 2 -1 0
0 1 0 29.7 62.5 2 -1 0
0 1 0 29.7 62.5 2 -1 0
0 1 0 29.8 62.5 2 -1 0
0 1 0 29.8 62.5 2 -1 0
0 1 0 29.8 62.5 2 -1 0
0 1 0 29.8 62.5 2 -1 0
0 1 0 29.8 62.5 2 -1 0
0 1 0 29.8 62.5 2 -1 0
0 1 0 29.9 62.5 2 -1 0
0 1 0 29.8 62.5 2 -1 0
0 1 0 29.9 62.5 2 -1 0
0 1 0 29.8 62.5 2 -1 0
0 1 0 29.9 62.5 2 -1 0
0 1 0 29.8 62.5 2 -1 0
0 1 0 29.8 62.5 2 -1 0
0 1 0 29.9 62.5 2 -1 0
0 1 0 29.9 62.5 2 -1 0
0 1 0 29.9 62.5 2 -1 0
0 1 0 29.9 62.5 2 -1 0
0 1 0 29.9 62.5 2 -1 0
0 1 0 29.9 62.5 2 -1 0
0 1 0 30.0 62.5 2 -1 0
0 1 0 29.9 62.5 2 -1 0
0 1 0 29.9 62.5 2 -1 0
0 1 0 30.0 62.5 2 -1 0
0 1 0 29.9 62.5 2 -1 0
0 1 0 29.9 62.5 2 -1 0
0 1 0 30.0 62.5 2 -1 0
0 1 0 30.0 62.5 2 -1 0
0 1 0 30.0 62.5 2 -1 0
0 1 0 29.9 62.5 2 -1 0
0 1 0 30.0 62.5 2 -1 0
0 1 0 30.0 62.5 2 -1 0
0 1 0 29.9 62.5 2 -1 0
0 1 0 30.0 62.5 2 -1 0
0 1 0 30.0 62.5 2 -1 0
0 1 0 30.0 62.5 2 -1 0
0 1 0 30.0 62.5 2 -1 0
0 1 0 29.9 62.5 2 -1 0
0 1 0 30.0 62.5 2 -1 0
0 1 0 30.1 62.5 2 -1 0
0 1 0 30.0 62.5 2 -1 0
0 1 0 30.1 62.5 2 -1 0
0 1 0 30.0 62.5 2 -1 0
0 1 0 30.1 62.5 2 -1 0
0 1 0 30.1 62.5 2 -1 0
0 1 0 30.0 62.5 2 -1 0
0 1 0 30.1 62.5 2 -1 0
0 1 0 30.1 62.5 2 -1 0
0 1 0 30.1 62.5 2 -1 0
0 1 0 30.1 62.5 2 -1 0
0 1 0 30.2 62.5 2 -1 0
0 1 0 30.2 62.5 2 -1 0
0 1 0 30.1 62.5 2 -1 0
0 1 0 30.2 62.5 2 -1 0
0 1 0 30.1 62.5 2 -1 0
0 1 0 30.1 62.5 2 -1 0
0 1 0 30.1 62.5 2 -1 0
0 1 0 30.2 62.5 2 -1 0
0 1 0 30.2 62.5 2 -1 0
0 1 0 30.2 62.5 2 -1 0
0 1 0 30.2 62.5 2 -1 0
0 1 0 30.2 62.5 2 -1 0
0 1 0 30.2 62.5 2 -1 0
0 1 0 30.2 62.5 2 -1 0
0 1 0 30.3 62.5 2 -1 0
0 1 0 30.2 62.5 2 -1 0
0 1 0 30.3 62.5 2 -1 0
0 1 0 30.2 62.5 2 -1 0
0 1 0 30.2 62.5 2 -1 0
0 1 0 30.2 62.5 2 -1 0
0 1 0 30.3 62.5 2 -1 0
0 1 0 30.3 62.5 2 -1 0
0 1 0 30.3 62.5 2 -1 0
0 1 0 30.3 63.0 2 -1 0
0 1 0 30.3 62.5 2 -1 0
0 1 0 30.2 62.5 2 -1 0
0 1 0 30.3 63.0 2 -1 0
0 1 0 30.2 63.0 2 -1 0
0 1 0 30.3 63.0 2 -1 0
0 1 0 30.3 63.0 2 -1 0
0 1 0 30.3 63.0 2 -1 0
0 1 0 30.3 63.0 2 -1 0
0 1 0 30.3 63.0 2 -1 0
0 1 0 30.3 63.0 2 -1 0
0 1 0 30.3 63.0 2 -1 0
0 1 0 30.4 63.0 2 -1 0
0 1 0 30.3 63.0 2 -1 0
0 1 0 30.3 63.0 2 -1 0
0 1 0 30.4 63.0 2 -1 0
0 1 0 30.4 63.0 2 -1 0
0 1 0 30.4 63.0 2 -1 0
0 1 0 30.4 63.5 2 -1 0
0 1 0 30.4 63.5 2 -1 0
0 1 0 30.4 63.5 2 -1 0
0 1 0 30.4 63.5 2 -1 0
0 1 0 30.4 63.5 2 -1 0
0 1 0 30.4 63.5 2 -1 0
0 1 0 30.4 63.5 2 -1 0
0 1 0 30.4 63.5 2 -1 0
0 1 0 30.5 63.5 2 -1 0
0 1 0 30.4 63.5 2 -1 0
0 1 0 30.4 63.5 2 -1 0
0 1 0 30.4 63.5 2 -1 0
0 1 0 30.4 63.5 2 -1 0
0 1 0 30.4 63.5 2 -1 0
0 1 0 30.5 63.5 2 -1 0
0 1 0 30.4 63.5 2 -1 0
0 1 0 30.5 63.5 2 -1 0
0 1 0 30.5 63.5 2 -1 0
0 1 0 30.5 63.5 2 -1 0
0 1 0 30.4 63.5 2 -1 0
0 1 0 30.6 63.5 2 -1 0
0 1 0 30.5 63.5 2 -1 0
0 1 0 30.5 63.5 2 -1 0
0 1 0 30.5 63.5 2 -1 0
0 1 0 30.5 63.5 2 -1 0
0 1 0 30.5 63.5 2 -1 0
0 1 0 30.5 63.5 2 -1 0
0 1 0 30.5 63.5 2 -1 0
0 1 0 30.5 63.5 2 -1 0
0 1 0 30.5 63.5 2 -1 0
0 1 0 30.6 63.5 2 -1 0
0 1 0 30.5 63.5 2 -1 0
0 1 0 30.5 63.5 2 -1 0
0 1 0 30.6 63.5 2 -1 0
0 1 0 30.6 63.5 2 -1 0
0 1 0 30.7 63.5 2 -1 0
0 1 0 30.6 63.5 2 -1 0
0 1 0 30.6 63.5 2 -1 0
0 1 0 30.6 63.5 2 -1 0
0 1 0 30.6 63.5 2 -1 0
0 1 0 30.6 63.5 2 -1 0
0 1 0 30.6 63.5 2 -1 0
0 1 0 30.6 63.5 2 -1 0
0 1 0 30.7 63.5 2 -1 0
0 1 0 30.6 63.5 2 -1 0
0 1 0 30.6 63.5 2 -1 0
0 1 0 30.6 63.5 2 -1 0
0 1 0 30.6 63.5 2 -1 0
0 1 0 30.6 63.5 2 -1 0
0 1 0 30.6 63.5 2 -1 0
0 1 0 30.6 63.5 2 -1 0
0 1 0 30.7 63.5 2 -1 0
0 1 0 30.6 63.5 2 -1 0
0 1 0 30.7 63.5 2 -1 0
0 1 0 30.6 63.5 2 -1 0
0 1 0 30.6 63.5 2 -1 0
0 1 0 30.7 63.5 2 -1 0
0 1 0 30.7 63.0 2 -1 0
0 1 0 30.7 63.5 2 -1 0
0 1 0 30.7 63.5 2 -1 0
0 1 0 30.7 63.5 2 -1 0
0 1 0 30.7 63.5 2 -1 0
0 1 0 30.7 63.5 2 -1 0
0 1 0 30.7 63.5 2 -1 0
0 1 0 30.7 63.5 2 -1 0
0 1 0 30.7 63.5 2 -1 0
0 1 0 30.7 63.5 2 -1 0
0 1 0 30.7 64.0 2 -1 0
0 1 0 30.7 64.0 2 -1 0
0 1 0 30.7 64.0 2 -1 0
0 1 0 30.7 64.0 2 -1 0
0 1 0 30.7 64.5 2 -1 0
0 1 0 30.7 64.5 2 -1 0
0 1 0 30.7 64.5 2 -1 0
0 1 0 30.7 64.5 2 -1 0
0 1 0 30.8 64.5 2 -1 0
0 1 0 30.7 64.5 2 -1 0
0 1 0 30.7 64.5 2 -1 0
0 1 0 30.7 64.5 2 -1 0
0 1 0 30.7 64.5 2 -1 0
0 1 0 30.7 64.5 2 -1 0
0 1 0 30.8 64.5 2 -1 0
0 1 0 30.7 64.5 2 -1 0
0 1 0 30.8 64.5 2 -1 0
0 1 0 30.8 64.5 2 -1 0
0 1 0 30.7 64.5 2 -1 0
0 1 0 30.8 64.5 2 -1 0
0 1 0 30.7 64.5 2 -1 0
0 1 0 30.8 64.5 2 -1 0
0 1 0 30.7 64.5 2 -1 0
0 1 0 30.7 64.5 2 -1 0
0 1 0 30.8 64.5 2 -1 0
0 1 0 30.7 65.0 2 -1 0
0 1 0 30.7 65.0 2 -1 0
0 1 0 30.7 65.0 2 -1 0
0 1 0 30.7 65.0 2 -1 0
0 1 0 30.7 65.0 2 -1 0
0 1 0 30.8 65.0 2 -1 0
0 1 0 30.8 65.0 2 -1 0
0 1 0 30.8 65.0 2 -1 0
0 1 0 30.7 65.0 2 -1 0
0 1 0 30.8 65.0 2 -1 0
0 1 0 30.8 65.5 2 -1 0
0 1 0 30.7 65.5 2 -1 0
0 1 0 30.8 65.5 2 -1 0
0 1 0 30.8 65.5 2 -1 0
0 1 0 30.8 65.5 2 -1 0
0 1 0 30.8 65.5 2 -1 0
0 1 0 30.8 66.0 2 -1 0
0 1 0 30.8 66.0 2 -1 0
0 1 0 30.8 66.0 2 -1 0
0 1 0 30.8 66.0 2 -1 0
0 1 0 30.8 66.0 2 -1 0
0 1 0 30.8 66.0 2 -1 0
0 1 0 30.7 66.0 2 -1 0
0 1 0 30.8 66.0 2 -1 0
0 1 0 30.8 66.0 2 -1 0
0 1 0 30.7 66.0 2 -1 0
0 1 0 30.8 66.0 2 -1 0
0 1 0 30.7 65.5 2 -1 0
0 1 0 30.8 65.5 2 -1 0
0 1 0 30.7 65.5 2 -1 0
0 1 0 30.8 65.5 2 -1 0
0 1 0 30.8 65.5 2 -1 0
0 1 0 30.8 65.5 2 -1 0
0 1 0 30.8 65.5 2 -1 0
0 1 0 30.8 65.5 2 -1 0
0 1 0 30.8 65.5 2 -1 0
0 1 0 30.8 65.5 2 -1 0
0 1 0 30.8 65.5 2 -1 0
0 1 0 30.8 65.5 2 -1 0
0 1 0 30.8 65.5 2 -1 0
0 1 0 30.8 65.5 2 -1 0
0 1 0 30.9 65.5 2 -1 0
0 1 0 30.9 65.5 2 -1 0
0 1 0 30.9 65.5 2 -1 0
0 1 0 30.8 65.5 2 -1 0
0 1 0 30.8 65.5 2 -1 0
0 1 0 30.9 65.5 2 -1 0
0 1 0 30.8 65.5 2 -1 0
0 1 0 30.9 65.5 2 -1 0
0 1 0 30.8 65.5 2 -1 0
0 1 0 30.8 65.5 2 -1 0
0 1 0 30.9 65.5 2 -1 0
0 1 0 30.8 65.0 2 -1 0
0 1 0 30.9 65.5 2 -1 0
0 1 0 30.8 65.5 2 -1 0
0 1 0 30.8 65.5 2 -1 0
0 1 0 30.8 65.0 2 -1 0
0 1 0 30.9 65.0 2 -1 0
0 1 0 30.9 65.0 2 -1 0
0 1 0 30.8 65.0 2 -1 0
0 1 0 30.9 65.0 2 -1 0
0 1 0 30.9 65.0 2 -1 0
0 1 0 30.9 65.0 2 -1 0
0 1 0 30.9 65.0 2 -1 0
0 1 0 30.9 65.0 2 -1 0
0 1 0 30.8 65.0 2 -1 0
0 1 0 30.9 65.0 2 -1 0
0 1 0 30.8 65.0 2 -1 0
0 1 0 30.9 65.0 2 -1 0
0 1 0 30.9 65.0 2 -1 0
0 1 0 30.8 65.0 2 -1 0
0 1 0 30.9 65.0 2 -1 0
0 1 0 30.8 65.0 2 -1 0
0 1 0 30.9 65.0 2 -1 0
0 1 0 30.9 65.0 2 -1 0
0 1 0 30.9 65.0 2 -1 0
0 1 0 30.9 65.0 2 -1 0
0 1 0 30.9 65.0 2 -1 0
0 1 0 30.9 65.0 2 -1 0
0 1 0 30.9 65.0 2 -1 0
0 1 0 30.9 64.5 2 -1 0
0 1 0 30.9 64.5 2 -1 0
0 1 0 30.9 64.5 2 -1 0
0 1 0 30.9 64.5 2 -1 0
0 1 0 30.9 64.5 2 -1 0
0 1 0 30.9 64.5 2 -1 0
0 1 0 30.9 64.5 2 -1 0
0 1 0 30.9 64.5 2 -1 0
0 1 0 30.9 64.5 2 -1 0
0 1 0 30.9 64.5 2 -1 0
0 1 0 31.0 64.5 2 -1 0
0 1 0 30.9 64.5 2 -1 0
0 1 0 30.9 64.5 2 -1 0
0 1 0 31.0 64.5 2 -1 0
0 1 0 30.8 64.5 2 -1 0
0 1 0 30.9 64.5 2 -1 0
0 1 0 30.9 64.5 2 -1 0
0 1 0 30.9 64.5 2 -1 0
0 1 0 30.9 64.5 2 -1 0
0 1 0 31.0 64.5 2 -1 0
0 1 0 30.9 64.5 2 -1 0
0 1 0 30.9 65.0 2 -1 0
0 1 0 30.9 65.0 2 -1 0
0 1 0 30.9 65.0 2 -1 0
0 1 0 30.9 65.0 2 -1 0
0 1 0 30.9 65.0 2 -1 0
0 1 0 30.9 65.0 2 -1 0
0 1 0 30.9 65.0 2 -1 0
0 1 0 30.9 65.0 2 -1 0
0 1 0 30.9 65.0 2 -1 0
0 1 0 30.9 65.0 2 -1 0
0 1 0 30.9 65.0 2 -1 0
0 1 0 30.8 65.0 1 -1 0
0 1 0 30.9 65.0 1 -1 0
0 1 0 30.9 65.0 1 -1 0
0 1 0 30.9 65.0 1 -1 0
0 1 0 31.0 65.0 1 -1 0
0 1 0 31.0 65.0 1 -1 0
0 1 0 30.9 65.0 1 -1 0
0 1 0 30.9 65.0 1 -1 0
0 1 0 30.9 65.0 1 -1 0
0 1 0 30.9 65.0 1 -1 0
0 1 0 30.9 65.0 1 -1 0
0 1 0 30.9 65.0 1 -1 0
0 1 0 30.9 65.0 1 -1 0
0 1 0 30.9 64.5 1 -1 0
0 1 0 31.0 65.0 1 -1 0
0 1 0 31.0 65.0 1 -1 0
0 1 0 31.0 65.0 1 -1 0
0 1 0 30.9 65.0 0 -1 0
0 1 0 31.0 65.0 0 -1 0
0 1 0 30.9 65.0 0 -1 0
0 1 0 30.9 65.5 0 -1 0
0 1 0 30.9 65.0 0 -1 0
0 1 0 30.9 65.5 0 -1 0
0 1 0 30.9 65.5 0 -1 0
0 1 0 30.9 65.5 0 -1 0
0 1 0 31.0 65.0 0 -1 0
0 1 0 30.9 65.5 0 -1 0
0 1 0 31.0 65.5 0 -1 0
0 1 0 31.0 65.0 2 -1 0
0 1 0 31.0 65.0 2 -1 0
0 1 0 31.0 65.0 2 -1 0
0 1 0 30.9 65.0 3 -1 0
0 1 0 31.0 65.0 1 -1 0
0 1 0 31.0 65.0 1 -1 0
0 1 0 31.0 65.0 1 -1 0
0 1 0 31.0 65.0 2 -1 0
0 1 0 31.0 65.0 2 -1 0
0 1 0 31.0 65.0 2 -1 0
0 1 0 31.0 65.0 2 -1 0
0 1 0 31.0 65.0 2 -1 0
0 1 0 31.0 65.0 4 -1 0
0 1 0 31.0 65.0 1 -1 0
0 1 0 31.0 65.5 2 -1 0
0 1 0 31.0 65.5 4 -1 0
0 1 0 31.0 65.5 6 -1 0
0 1 0 31.1 65.5 5 -1 0
0 1 0 31.0 65.5 7 -1 0
0 1 0 31.0 65.5 7 -1 0
0 1 0 31.0 65.5 5 -1 0
0 1 0 30.9 65.5 5 -1 0
0 1 0 30.9 65.5 7 -1 0
0 1 0 31.1 65.5 7 -1 0
0 1 0 31.0 65.5 7 -1 0
0 1 0 31.1 65.0 9 -1 0
0 1 0 31.0 65.0 5 -1 0
0 1 0 31.0 65.0 7 -1 0
0 1 0 31.0 65.0 9 -1 0
0 1 0 31.0 65.0 9 -1 0
0 1 0 31.0 65.0 8 -1 0
0 1 0 31.0 65.0 10 -1 0
0 1 0 31.0 65.0 10 -1 0
0 1 0 31.0 65.0 12 -1 0
0 1 0 31.0 65.0 14 -1 0
0 1 0 31.1 65.0 10 -1 0
0 1 0 31.1 65.0 12 -1 0
0 1 0 31.0 65.0 12 -1 0
0 1 0 31.0 65.0 12 -1 0
0 1 0 31.1 65.0 12 -1 0
0 1 0 31.0 65.0 12 -1 0
0 1 0 31.1 65.0 12 -1 0
0 1 0 31.1 65.0 12 -1 0
0 1 0 31.0 65.0 12 -1 0
0 1 0 31.1 65.0 12 -1 0
0 1 0 31.1 65.0 12 -1 0
0 1 0 31.0 65.0 14 -1 0
0 1 0 31.1 65.0 14 -1 0
0 1 0 31.1 65.0 12 -1 0
0 1 0 31.1 65.0 14 -1 0
0 1 0 31.1 65.0 15 -1 0
0 1 0 31.1 65.0 17 -1 0
0 1 0 31.1 65.0 19 -1 0
0 1 0 31.1 65.0 15 -1 0
0 1 0 31.1 65.0 17 -1 0
0 1 0 31.1 65.0 17 -1 0
0 1 0 31.2 65.0 19 -1 0
0 1 0 31.1 65.0 19 -1 0
0 1 0 31.1 65.0 21 -1 0
0 1 0 31.1 65.0 19 -1 0
0 1 0 31.1 65.0 21 -1 0
0 1 0 31.2 65.0 21 -1 0
0 1 0 31.1 65.0 21 -1 0
0 1 0 31.1 65.0 19 -1 0
0 1 0 31.2 65.5 19 -1 0
0 1 0 31.2 65.5 19 -1 0
0 1 0 31.1 65.5 19 -1 0
0 1 0 31.1 65.5 21 -1 0
0 1 0 31.2 65.5 21 -1 0
0 1 0 31.1 65.5 24 -1 0
0 1 0 31.2 65.5 24 -1 0
0 1 0 31.1 65.5 24 -1 0
0 1 0 31.1 65.5 21 -1 0
0 1 0 31.1 65.5 21 -1 0
0 1 0 31.1 65.5 19 -1 0
0 1 0 31.1 66.0 19 -1 0
0 1 0 31.1 66.0 21 -1 0
0 1 0 31.2 66.0 21 -1 0
0 1 0 31.1 66.0 19 -1 0
0 1 0 31.1 66.0 19 -1 0
0 1 0 31.2 66.0 19 -1 0
0 1 0 31.2 66.0 19 -1 0
0 1 0 31.1 66.0 21 -1 0
0 1 0 31.1 66.0 21 -1 0
0 1 0 31.2 66.0 21 -1 0
0 1 0 31.1 66.0 21 -1 0
0 1 0 31.1 66.5 21 -1 0
0 1 0 31.2 66.5 21 -1 0
0 1 0 31.2 66.5 19 -1 0
0 1 0 31.2 66.5 19 -1 0
0 1 0 31.2 66.5 21 -1 0
0 1 0 31.2 66.5 24 -1 0
0 1 0 31.2 66.5 26 -1 0
0 1 0 31.2 66.0 22 -1 0
0 1 0 31.1 66.0 24 -1 0
0 1 0 31.2 66.0 24 -1 0
0 1 0 31.2 66.0 24 -1 0
0 1 0 31.1 66.0 24 -1 0
0 1 0 31.2 66.0 24 -1 0
0 1 0 31.1 66.0 26 -1 0
0 1 0 31.2 66.0 22 -1 0
0 1 0 31.2 65.5 24 -1 0
0 1 0 31.2 65.5 28 -1 0
0 1 0 31.2 65.5 26 -1 0
0 1 0 31.2 65.5 28 -1 0
0 1 0 31.2 65.0 29 -1 0
0 1 0 31.1 65.0 31 -1 0
0 1 0 31.1 65.0 31 -1 0
0 1 0 31.1 64.5 33 -1 0
0 1 0 31.1 64.5 33 -1 0
0 1 0 31.1 64.5 34 -1 0
0 1 0 31.1 64.5 36 -1 0
0 1 0 31.1 64.0 40 -1 0
0 1 0 31.2 64.0 43 -1 0
0 1 0 31.2 64.0 49 -1 0
0 1 0 31.1 64.0 52 -1 0
0 1 0 31.1 64.0 55 -1 0
0 1 0 31.1 64.0 64 -1 0
0 1 0 31.1 64.0 77 -1 0
0 1 0 31.1 64.0 86 -1 0
0 1 0 31.1 64.0 88 -1 0
0 1 0 31.1 64.0 93 -1 0
0 1 0 31.1 64.0 102 -1 0
0 1 0 31.1 63.5 110 -1 0
0 1 0 31.1 63.5 149 -1 0
0 1 0 31.0 63.5 155 -1 0
0 1 0 31.0 63.5 167 -1 0
0 1 0 31.1 63.5 146 -1 0
0 1 0 31.1 63.0 143 -1 0
0 1 0 31.1 63.0 151 -1 0
0 1 0 31.1 63.0 171 -1 0
0 1 0 31.1 62.5 173 -1 0
0 1 0 31.1 62.5 170 -1 0
0 1 0 31.1 62.5 168 -1 0
0 1 0 31.1 62.0 162 -1 0
0 1 0 31.1 62.0 145 -1 0
0 1 0 31.1 62.0 129 -1 0
0 1 0 31.1 62.5 125 -1 0
0 1 0 31.1 62.5 118 -1 0
0 1 0 31.1 62.0 118 -1 0
0 1 0 31.1 62.0 116 -1 0
0 1 0 31.1 62.0 120 -1 0
0 1 0 31.1 61.5 118 -1 0
0 1 0 31.1 62.0 118 -1 0
0 1 0 31.1 62.0 117 -1 0
0 1 0 31.0 61.5 115 -1 0
0 1 0 31.1 61.0 113 -1 0
0 1 0 31.0 61.0 111 -1 0
0 1 0 31.1 61.0 109 -1 0
0 1 0 31.1 60.5 109 -1 0
0 1 0 31.1 60.5 111 -1 0
0 1 0 31.1 60.5 112 -1 0
0 1 0 31.1 61.0 108 -1 0
0 1 0 31.1 61.5 108 -1 0
0 1 0 31.0 61.5 106 -1 0
0 1 0 31.1 61.5 103 -1 0
0 1 0 31.1 61.5 101 -1 0
0 1 0 31.1 61.5 94 -1 0
0 1 0 31.1 61.5 92 -1 0
0 1 0 31.1 61.5 92 -1 0
0 1 0 31.2 61.5 90 -1 0
0 1 0 31.1 61.5 90 -1 0
0 1 0 31.0 61.5 85 -1 0
0 1 0 31.1 61.5 83 -1 0
0 1 0 31.1 61.5 83 -1 0
0 1 0 31.1 61.5 81 -1 0
0 1 0 31.1 61.5 81 -1 0
0 1 0 31.0 61.5 81 -1 0
0 1 0 31.1 61.5 85 -1 0
0 1 0 31.0 61.5 85 -1 0
0 1 0 31.1 61.5 85 -1 0
0 1 0 31.1 61.5 86 -1 0
0 1 0 31.0 61.5 88 -1 0
0 1 0 31.1 61.0 88 -1 0
0 1 0 31.0 61.5 90 -1 0
0 1 0 31.1 61.5 90 -1 0
0 1 0 31.1 61.5 90 -1 0
0 1 0 31.1 61.5 90 -1 0
0 1 0 31.1 61.5 88 -1 0
0 1 0 31.1 61.0 95 -1 0
0 1 0 31.0 61.0 103 -1 0
0 1 0 31.1 61.0 120 -1 0
0 1 0 31.1 61.0 139 -1 0
0 1 0 31.1 61.0 133 -1 0
0 1 0 31.1 61.0 123 -1 0
0 1 0 31.0 61.5 128 -1 0
0 1 0 31.1 61.5 130 -1 0
0 1 0 31.1 61.5 128 -1 0
0 1 0 31.1 61.5 128 -1 0
0 1 0 31.1 61.5 132 -1 0
0 1 0 31.1 61.5 134 -1 0
0 1 0 31.1 61.5 140 -1 0
0 1 0 31.2 61.5 166 -1 0
0 1 0 31.2 61.5 154 -1 0
0 1 0 31.2 61.5 152 -1 0
0 1 0 31.2 61.5 128 -1 0
0 1 0 31.2 61.5 113 -1 0
0 1 0 31.1 61.5 111 -1 0
0 1 0 31.1 61.5 111 -1 0
0 1 0 31.1 61.5 116 -1 0
0 1 0 31.2 61.5 133 -1 0
0 1 0 31.2 61.5 140 -1 0
0 1 0 31.2 61.5 145 -1 0
0 1 0 31.2 61.5 143 -1 0
0 1 0 31.2 61.5 145 -1 0
0 1 0 31.2 61.5 148 -1 0
0 1 0 31.2 61.5 160 -1 0
0 1 0 31.2 61.5 169 -1 0
0 1 0 31.2 61.5 174 -1 0
0 1 0 31.3 61.5 184 -1 0
0 1 0 31.3 61.5 181 -1 0
0 1 0 31.3 61.5 176 -1 0
0 1 0 31.2 61.5 164 -1 0
0 1 0 31.3 61.5 164 -1 0
0 1 0 31.4 61.5 168 -1 0
0 1 0 31.3 61.5 173 -1 0
0 1 0 31.3 61.5 177 -1 0
0 1 0 31.3 61.5 179 -1 0
0 1 0 31.4 61.5 192 -1 0
0 1 0 31.4 61.5 197 -1 0
0 1 0 31.3 61.5 202 -1 0
0 1 0 31.3 61.5 204 -1 0
0 1 0 31.3 61.0 206 -1 0
0 1 0 31.4 61.5 197 -1 0
0 1 0 31.4 61.5 187 -1 0
0 1 0 31.4 61.5 189 -1 0
0 1 0 31.4 61.5 189 -1 0
0 1 0 31.5 61.5 184 -1 0
0 1 0 31.4 61.0 184 -1 0
0 1 0 31.4 61.0 183 -1 0
0 1 0 31.4 60.5 172 -1 0
0 1 0 31.4 60.0 157 c26 0
0 1 8 31.4 60.0 167 c26 0
1 1 18 31.4 57.0 174 c26 1
1 1 7 31.1 55.5 184 c26 1
1 1 4 31.0 54.5 178 c26 1
1 1 0 30.7 54.0 175 c26 1
1 1 1 30.6 54.0 172 c26 1
1 1 1 30.5 53.5 170 c26 1
1 1 0 30.3 53.0 184 c26 1
1 1 0 30.3 53.0 174 c26 1
1 1 2 30.2 52.5 166 c26 1
1 1 0 30.2 52.5 159 c26 1
1 1 1 30.0 52.0 151 c26 1
1 1 1 29.9 52.0 144 c26 1
1 1 1 29.8 51.5 138 c26 1
1 1 0 29.8 51.5 144 c26 1
1 1 0 29.8 51.5 145 c26 1
1 1 0 29.7 51.0 145 c26 1
1 1 1 29.6 51.0 145 c26 1
1 1 3 29.6 50.5 142 c26 1
1 1 0 29.5 50.5 140 c26 1
1 1 5 29.5 50.5 142 c26 1
1 1 8 29.4 50.5 142 c26 1
1 1 2 29.3 50.0 140 c26 1
1 1 0 29.3 50.5 146 c26 1
1 1 0 29.2 50.5 146 c26 1
1 1 0 29.3 50.0 151 c26 1
1 1 2 29.1 50.0 151 c26 1
1 1 22 29.0 50.0 152 c26 1
1 1 0 29.0 50.0 156 c26 1
1 1 0 29.0 50.0 156 c26 1
1 1 0 29.0 50.0 151 c26 1
1 1 0 28.9 50.0 148 c26 1
1 1 0 28.7 49.5 141 c26 1
1 1 0 28.7 49.5 141 c26 1
1 1 0 28.7 49.5 139 c26 1
1 1 0 28.7 49.5 141 c26 1
1 1 0 28.6 49.5 145 c26 1
1 1 0 28.6 49.5 152 c26 1
1 1 0 28.5 49.0 143 c26 1
1 1 13 28.4 49.0 134 c26 1
1 1 15 28.4 49.0 127 c26 1
1 1 18 28.3 48.5 131 c26 1
1 1 5 28.4 49.0 142 c26 1
1 1 16 28.3 49.0 148 c26 1
1 1 7 28.2 49.0 145 c26 1
1 1 0 28.3 49.0 144 c26 1
1 1 2 28.2 49.0 135 c26 1
1 1 12 28.2 49.0 134 c26 1
1 1 4 28.2 49.5 138 c26 1
1 1 4 28.1 49.5 150 c26 1
1 1 1 28.1 49.5 156 c26 1
1 1 4 28.1 49.5 160 c26 1
1 1 3 28.1 49.5 153 c26 1
1 1 0 28.0 49.5 160 c26 1
1 1 0 28.0 49.5 148 c26 1
1 1 0 28.0 49.5 133 c26 1
1 1 1 27.9 50.0 132 c26 1
1 1 1 28.0 50.0 126 c26 1
1 1 11 28.0 50.0 133 c26 1
1 1 6 27.9 50.5 137 c26 1
1 1 4 28.0 50.0 142 c26 1
1 1 8 27.8 50.0 142 c26 1
1 1 6 27.9 50.0 147 c26 1
1 1 1 27.8 49.5 145 c26 1
1 1 8 27.7 49.5 147 c26 1
1 1 6 27.8 49.5 142 c26 1
1 1 2 27.7 49.0 142 c26 1
1 1 5 27.6 49.0 150 c26 1
1 1 2 27.6 49.0 151 c26 1
1 1 3 27.6 48.5 150 c26 1
1 1 1 27.5 49.0 147 c26 1
1 1 2 27.6 49.0 142 c26 1
1 1 1 27.5 49.0 140 c26 1
1 1 7 27.5 48.5 137 c26 1
1 1 0 27.4 48.5 133 c26 1
1 1 8 27.5 48.5 133 c26 1
1 1 6 27.5 49.0 134 c26 1
1 1 6 27.5 49.0 136 c26 1
1 1 3 27.4 49.5 132 c26 1
1 1 16 27.4 49.5 136 c26 1
1 1 0 27.4 49.0 134 c26 1
1 1 14 27.3 49.0 134 c26 1
1 1 3 27.3 49.5 134 c26 1
1 1 1 27.2 49.5 138 c26 1
1 1 8 27.2 50.0 138 c26 1
1 1 0 27.3 50.0 133 c26 1
1 1 3 27.3 50.0 136 c26 1
1 1 1 27.3 50.5 136 c26 1
1 1 5 27.3 50.5 141 c26 1
1 1 7 27.3 50.5 143 c26 1
1 1 6 27.2 50.5 139 c26 1
1 1 1 27.2 50.5 135 c26 1
1 1 3 27.2 50.5 139 c26 1
1 1 0 27.1 50.0 136 c26 1
1 1 11 27.1 50.5 134 c26 1
1 1 11 27.1 50.5 134 c26 1
1 1 5 27.1 50.0 137 c26 1
1 1 1 27.1 50.5 141 c26 1
1 1 8 27.0 50.5 145 c26 1
1 1 9 27.1 50.5 145 c26 1
1 1 5 27.1 50.5 142 c26 1
1 1 3 27.1 50.5 142 c26 1
1 1 3 27.1 50.5 140 c26 1
1 1 3 27.0 50.5 148 c26 1
1 1 0 27.0 50.5 150 c26 1
1 1 1 27.0 51.0 147 c26 1
1 1 0 27.0 51.5 144 c26 1
1 1 3 27.0 52.0 141 c26 1
1 1 6 27.1 52.0 139 c26 1
1 1 0 27.1 52.5 137 c26 1
1 1 7 27.2 52.5 136 c26 1
1 1 6 27.2 53.0 127 c26 1
1 1 6 27.2 53.5 129 c26 1
1 1 9 27.2 53.5 129 c26 1
1 1 6 27.1 53.0 132 c26 1
1 1 5 27.2 53.0 131 c26 1
1 1 8 27.2 53.0 128 c26 1
1 1 4 27.1 53.0 131 c26 1
1 1 3 27.2 52.5 133 c26 1
1 1 8 27.1 52.5 134 c26 1
1 1 1 27.1 52.5 138 c26 1
1 1 9 27.1 52.5 134 c26 1
1 1 12 27.1 52.5 137 c26 1
1 1 0 27.1 53.0 133 c26 1
1 1 0 27.1 53.0 133 c26 1
1 1 0 27.1 53.0 133 c26 1
1 1 0 27.0 53.0 135 c26 1
1 1 0 27.0 53.0 136 c26 1
1 1 0 27.0 53.0 140 c26 1
1 1 15 27.0 52.5 135 c26 1
1 1 0 27.0 52.5 135 c26 1
1 1 3 27.0 53.0 132 c26 1
1 1 0 27.0 53.0 129 c26 1
1 1 6 27.0 52.5 126 c26 1
1 1 6 26.9 52.5 124 c26 1
1 1 3 27.0 52.5 122 c26 1
1 1 3 26.9 53.0 122 c26 1
1 1 5 27.0 52.5 124 c26 1
1 1 1 27.0 52.5 127 c26 1
1 1 0 26.9 52.5 125 c26 1
1 1 0 26.9 52.5 127 c26 1
1 1 4 26.9 52.5 120 c26 1
1 1 4 26.9 52.5 120 c26 1
1 1 1 26.9 52.5 120 c26 1
1 1 2 26.9 52.5 120 c26 1
1 1 4 26.9 53.0 116 c26 1
1 1 1 27.0 53.0 117 c26 1
1 1 0 27.0 53.5 115 c26 1
1 1 0 27.0 53.5 117 c26 1
1 1 5 27.0 54.0 115 c26 1
1 1 1 27.0 54.0 113 c26 1
1 1 2 27.0 54.0 119 c26 1
1 1 1 27.0 54.0 122 c26 1
1 1 3 27.0 54.0 123 c26 1
1 1 3 27.0 53.5 125 c26 1
1 1 5 26.9 53.5 119 c26 1
1 1 6 26.9 53.0 119 c26 1
0 1 56 26.8 53.0 123 c26 1
0 1 62 26.9 53.0 124 c26 1
0 1 28 26.9 52.5 129 c26 1
0 1 0 26.9 52.5 127 c26 1
0 1 0 26.8 52.0 127 c26 1
0 1 2 26.8 52.0 125 c26 1
0 1 3 26.7 52.0 129 c26 1
0 1 0 26.7 52.0 122 c26 1
0 1 0 26.6 51.5 119 c26 1
0 1 0 26.7 52.0 112 c26 1
0 1 15 26.7 52.0 100 c26 1
0 1 1 26.7 52.5 90 c26 1
0 1 6 26.7 52.5 83 c26 1
0 1 6 26.7 53.0 80 c26 1
0 1 20 26.7 53.0 80 c26 1
1 1 1 26.6 53.0 84 c26 1
1 1 0 26.6 53.0 87 c26 1
1 1 0 26.6 53.0 92 c26 1
1 1 0 26.6 53.0 97 c26 1
1 1 8 26.6 53.0 99 c26 1
1 1 40 26.5 53.0 97 c26 1
1 1 22 26.6 53.5 104 c26 1
1 1 26 26.6 53.5 103 c26 1
1 1 6 26.6 53.5 100 c26 1
1 1 7 26.6 54.0 102 c26 1
1 1 8 26.6 54.0 106 c26 1
1 1 10 26.7 54.5 105 c26 1
1 1 14 26.7 54.5 107 c26 1
1 1 11 26.8 54.5 109 c26 1
1 1 16 26.8 55.0 107 c26 1
1 1 14 26.8 55.0 114 c26 1
1 1 13 26.9 55.5 114 c26 1
1 1 16 26.9 55.5 119 c26 1
1 1 11 27.0 55.5 111 c26 1
1 1 12 26.9 55.5 115 c26 1
1 1 22 27.0 55.5 119 c26 1
1 1 14 27.0 55.5 126 c26 1
1 1 8 27.0 56.0 127 c26 1
1 1 7 27.0 57.5 124 c26 1
1 1 6 27.1 57.5 122 c26 1
1 1 12 27.1 57.0 116 c26 1
1 1 38 27.1 57.0 113 c26 1
1 1 40 27.1 57.5 91 c26 0
0 1 0 27.1 57.0 85 c26 0
0 1 0 27.1 56.5 83 c26 0
0 1 7 27.1 56.5 83 c26 0
0 1 7 26.9 56.5 87 c26 0
0 1 0 27.0 56.5 85 c26 0
0 1 3 26.9 56.0 89 c26 0
0 1 3 26.9 56.0 91 c26 0
0 1 2 26.9 56.0 92 c26 0
0 1 0 26.9 56.0 83 c26 0
0 1 1 27.0 56.0 82 c26 0
0 1 2 26.9 56.5 78 c26 0
0 1 1 26.9 56.5 83 c26 0
0 1 1 26.9 56.5 80 c26 0
0 1 0 26.9 56.0 80 c26 0
0 1 1 26.9 56.0 80 c26 0
0 1 0 26.9 56.0 78 c26 0
0 1 0 27.0 56.5 76 c26 0
0 1 0 26.9 56.5 75 c26 0
0 1 0 26.9 56.5 73 c26 0
0 1 6 26.9 56.0 76 c26 0
0 1 1 26.8 56.5 74 c26 0
0 1 0 26.9 56.0 75 c26 0
0 1 2 26.9 56.0 76 c26 0
0 1 11 26.8 56.0 81 c26 0
0 1 0 26.9 56.0 84 c26 0
0 1 0 26.9 56.0 80 c26 0
0 1 0 26.8 56.0 85 c26 0
0 1 0 26.9 56.0 88 c26 0
0 1 0 26.9 57.0 88 c26 0
0 1 0 26.9 57.5 88 c26 0
0 1 0 26.9 57.5 88 c26 0
0 1 0 27.0 57.0 83 c26 0
0 1 0 27.0 57.5 84 c26 0
0 1 0 27.0 58.5 89 c26 0
0 1 0 27.1 58.5 95 c26 0
0 1 0 27.0 58.0 90 c26 0
0 1 0 27.1 58.0 91 c26 0
0 1 0 27.1 57.5 86 c26 0
0 1 0 27.0 57.0 86 c26 0
0 1 0 27.0 57.5 84 c26 0
0 1 0 27.1 58.0 84 c26 0
0 1 0 27.1 58.0 84 c26 0
0 1 0 27.1 59.0 82 c26 0
0 1 0 27.1 58.0 81 c26 0
0 1 0 27.1 58.0 80 c26 0
0 1 0 27.1 58.5 82 c26 0
0 1 0 27.1 58.0 82 c26 0
0 1 0 27.1 58.0 80 c26 0
0 1 0 27.1 58.5 80 c26 0
0 1 0 27.1 58.0 80 c26 0
0 1 0 27.1 57.5 82 c26 0
0 1 0 27.1 58.0 79 c26 0
0 1 0 27.1 57.5 77 c26 0
0 1 0 27.1 58.0 79 c26 0
0 1 0 27.1 58.5 83 c26 0
0 1 0 27.2 59.5 80 c26 0
0 1 0 27.2 59.5 82 c26 0
0 1 0 27.1 58.5 77 c26 0
0 1 0 27.2 58.0 79 c26 0
0 1 0 27.1 58.0 77 c26 0
0 1 0 27.1 58.0 77 c26 0
0 1 0 27.1 59.0 77 c26 0
0 1 0 27.2 59.0 75 c26 0
0 1 0 27.1 58.5 75 c26 0
0 1 0 27.1 58.0 77 c26 0
0 1 0 27.1 57.5 78 c26 0
0 1 0 27.0 57.5 80 c26 0
0 1 0 27.0 59.0 77 c26 0
0 1 0 27.1 59.5 79 c26 0
0 1 0 27.1 59.0 77 c26 0
0 1 0 27.1 59.0 75 c26 0
0 1 0 27.2 58.0 76 c26 0
0 1 0 27.2 58.0 74 c26 0
0 1 0 27.2 58.0 71 c26 0
0 1 0 27.1 59.0 72 c26 0
0 1 0 27.2 59.0 75 c26 0
0 1 0 27.1 59.0 65 c26 0
0 1 0 27.1 58.0 77 c26 0
0 1 0 27.1 58.0 76 c26 0
0 1 0 27.1 57.5 80 c26 0
0 1 0 27.1 57.5 80 c26 0
0 1 0 27.0 57.0 79 c26 0
0 1 0 26.9 57.5 74 c26 0
0 1 0 27.0 58.0 68 c26 0
0 1 9 26.9 58.5 56 c26 0
1 1 0 27.0 58.5 64 c26 0
1 1 0 27.1 59.0 63 c26 0
1 1 0 27.2 59.5 71 c26 0
1 1 0 27.3 60.0 76 c26 0
1 1 0 27.2 59.0 76 c26 0
1 1 16 27.2 58.5 73 c26 0
1 1 25 27.2 59.5 76 c26 0
1 1 25 27.2 59.5 76 c26 0
1 1 4 27.3 60.0 79 c26 0
1 1 30 27.3 60.0 79 c26 0
1 1 9 27.3 60.0 80 c26 0
1 1 2 27.4 60.0 82 c26 0
1 1 4 27.3 59.0 74 c26 0
1 1 12 27.2 59.0 68 c26 0
1 1 6 27.3 59.5 77 c26 0
1 1 0 27.3 60.0 76 c26 0
1 1 0 27.3 60.5 73 c26 0
1 1 5 27.4 60.0 77 c26 0
1 1 7 27.4 60.5 75 c26 0
1 1 8 27.5 59.5 77 c26 0
1 1 8 27.4 59.5 80 c26 0
1 1 6 27.3 59.0 82 c26 0
1 1 8 27.4 59.5 81 c26 0
1 1 6 27.4 59.5 74 c26 0
1 1 10 27.4 59.0 63 c26 0
1 1 10 27.3 59.0 62 c26 0
1 1 11 27.3 59.0 55 c26 0
1 1 7 27.3 58.5 53 c26 0
1 1 7 27.3 59.0 50 c26 0
1 1 4 27.4 59.5 50 c26 0
1 1 4 27.4 59.0 50 c26 0
1 1 6 27.4 59.5 46 c26 0
1 1 6 27.5 60.0 45 c26 0
1 1 6 27.5 60.0 45 c26 0
1 1 4 27.4 59.0 50 c26 0
1 1 3 27.3 59.0 47 c26 0
1 1 1 27.3 59.5 45 c26 0
1 1 6 27.4 59.0 49 c26 0
1 1 8 27.4 59.5 52 c26 0
1 1 7 27.4 59.5 56 c26 0
1 1 3 27.4 59.0 63 c26 0
1 1 2 27.5 59.5 73 c26 0
1 1 0 27.4 59.0 76 c26 0
1 1 3 27.4 59.0 79 c26 0
1 1 5 27.4 59.0 75 c26 0
1 1 2 27.4 59.5 69 c26 0
1 1 0 27.4 59.0 58 c26 0
1 1 0 27.3 59.0 48 c26 0
1 1 2 27.4 59.5 59 c26 0
1 1 2 27.3 59.0 51 c26 0
1 1 5 27.3 59.0 53 c26 0
1 1 2 27.4 59.0 56 c26 0
1 1 2 27.3 59.0 61 c26 0
1 1 1 27.3 59.0 61 c26 0
1 1 4 27.3 59.0 60 c26 0
1 1 13 27.3 58.5 56 c26 0
1 1 7 27.2 58.0 55 c26 0
1 1 4 27.2 58.0 52 c26 0
1 1 5 27.1 58.5 52 c26 0
1 1 0 27.2 59.0 48 c26 0
1 1 4 27.3 60.0 45 c26 0
1 1 7 27.3 59.5 43 c26 0
1 1 16 27.3 59.5 38 c26 0
1 1 16 27.2 59.5 61 c26 1
1 1 3 27.3 59.0 63 c26 1
1 1 1 27.3 59.0 61 c26 1
1 1 3 27.3 59.0 59 c26 1
1 1 4 27.3 59.0 59 c26 1
1 1 5 27.3 58.5 63 c26 1
1 1 6 27.2 58.5 59 c26 1
1 1 6 27.1 58.5 59 c26 1
1 1 6 27.1 58.5 59 c26 1
1 1 6 27.1 60.0 63 c26 1
1 1 4 27.3 59.5 59 c26 1
1 1 12 27.2 59.5 61 c26 1
1 1 3 27.2 59.0 61 c26 1
1 1 2 27.2 59.0 59 c26 1
1 1 6 27.2 58.5 59 c26 1
1 1 13 27.1 58.5 57 c26 1
1 1 4 27.1 58.5 57 c26 1
1 1 8 27.0 58.0 57 c26 1
1 1 7 27.1 58.5 57 c26 1
1 1 13 27.1 59.0 55 c26 1
1 1 10 27.0 59.0 53 c26 1
1 1 8 27.1 59.0 56 c26 1
1 1 6 27.1 59.5 54 c26 1
1 1 1 27.2 59.5 51 c26 1
1 1 0 27.1 59.5 49 c26 1
1 1 8 27.1 59.5 49 c26 1
1 1 3 27.1 58.5 51 c26 1
1 1 7 27.0 59.0 54 c26 1
1 1 8 27.1 60.0 58 c26 1
1 1 11 27.1 59.0 58 c26 1
1 1 5 27.1 59.0 61 c26 1
1 1 6 27.1 59.5 63 c26 1
1 1 8 27.1 59.5 63 c26 1
1 1 2 27.1 58.5 68 c26 1
1 1 14 27.0 58.5 64 c26 1
1 1 2 26.9 58.0 66 c26 1
1 1 3 26.8 58.0 66 c26 1
1 1 5 26.9 58.0 68 c26 1
1 1 2 26.9 58.0 66 c26 1
1 1 4 26.9 58.0 66 c26 1
1 1 2 26.9 58.5 68 c26 1
1 1 7 26.9 58.5 68 c26 1
1 1 0 26.8 58.0 68 c26 1
1 1 4 26.8 58.0 66 c26 1
1 1 6 26.8 58.0 68 c26 1
1 1 3 26.8 58.0 64 c26 1
1 1 4 26.7 57.5 65 c26 1
1 1 2 26.7 57.5 61 c26 1
1 1 3 26.7 57.5 61 c26 1
1 1 7 26.6 58.0 63 c26 1
1 1 9 26.7 58.0 59 c26 1
1 1 5 26.7 58.0 57 c26 1
1 1 6 26.7 58.0 57 c26 1
1 1 6 26.7 58.0 59 c26 1
1 1 10 26.7 57.5 59 c26 1
1 1 7 26.6 57.5 59 c26 1
1 1 5 26.7 58.0 57 c26 1
1 1 7 26.6 57.5 57 c26 1
1 1 0 26.7 58.0 57 c26 1
1 1 8 26.7 59.0 54 c26 1
1 1 5 26.8 59.0 52 c26 1
1 1 2 26.8 58.5 47 c26 1
1 1 4 26.7 58.5 45 c26 1
1 1 2 26.8 59.0 42 c26 1
1 1 6 26.7 58.5 42 c26 1
1 1 0 26.7 58.5 42 c26 1
1 1 3 26.7 58.5 44 c26 1
1 1 2 26.7 58.5 42 c26 1
1 1 14 26.7 58.0 43 c26 1
1 1 9 26.6 58.0 45 c26 1
1 1 5 26.6 58.0 44 c26 1
1 1 8 26.5 58.0 42 c26 1
1 1 8 26.6 58.0 44 c26 1
1 1 6 26.4 57.5 44 c26 1
1 1 5 26.5 58.0 44 c26 1
1 1 3 26.5 57.5 42 c26 1
1 1 5 26.5 57.5 45 c26 1
1 1 9 26.5 57.5 47 c26 1
1 1 8 26.5 57.5 49 c26 1
1 1 7 26.5 57.5 50 c26 1
1 1 6 26.4 57.5 52 c26 1
1 1 9 26.5 58.5 51 c26 1
1 1 6 26.5 58.0 51 c26 1
1 1 7 26.5 59.0 47 c26 1
1 1 3 26.6 59.5 47 c26 1
1 1 11 26.5 58.5 47 c26 1
1 1 3 26.6 60.5 45 c26 1
1 1 1 26.6 60.5 45 c26 1
1 1 2 26.6 59.5 44 c26 1
1 1 2 26.7 59.5 44 c26 1
1 1 5 26.6 59.0 40 c26 1
1 1 2 26.5 59.0 40 c26 1
1 1 1 26.5 58.5 39 c26 1
1 1 4 26.5 58.5 39 c26 1
1 1 10 26.6 59.5 37 c26 1
1 1 18 26.6 59.0 35 c26 1
1 1 28 26.6 59.0 37 c26 1
1 1 39 26.5 59.0 37 -1 1
1 1 35 26.5 59.5 12 -1 0
0 1 0 26.5 60.5 16 -1 0
0 1 0 26.6 62.0 14 -1 0
0 1 0 26.8 62.5 14 -1 0
0 1 0 26.9 62.5 14 -1 0
0 1 0 26.9 62.5 14 -1 0
0 1 0 26.9 63.0 14 -1 0
0 1 0 27.0 63.0 14 -1 0
0 1 0 27.1 63.0 12 -1 0
0 1 0 27.1 63.5 14 -1 0
0 1 0 27.2 63.0 12 -1 0
0 1 0 27.2 63.0 14 -1 0
0 1 0 27.2 63.0 12 -1 0
0 1 0 27.3 63.0 12 -1 0
0 1 0 27.3 63.5 8 -1 0
0 1 0 27.3 64.0 9 -1 0
0 1 0 27.5 64.0 7 -1 0
0 1 0 27.5 64.5 9 -1 0
0 1 0 27.5 64.5 9 -1 0
0 1 0 27.6 64.5 9 -1 0
0 1 0 27.6 65.0 7 -1 0
0 1 0 27.6 65.0 7 -1 0
0 1 0 27.6 65.0 9 -1 0
0 1 0 27.7 65.0 9 -1 0
0 1 0 27.6 65.0 5 -1 0
0 1 0 27.6 64.5 9 -1 0
0 1 0 27.6 64.5 9 -1 0
0 1 0 27.6 64.5 9 -1 0
0 1 0 27.7 64.5 7 -1 0
0 1 0 27.7 64.5 7 -1 0
0 1 0 27.7 64.5 7 -1 0
0 1 0 27.7 64.5 9 -1 0
0 1 0 27.7 65.0 9 -1 0
0 1 0 27.8 64.5 7 -1 0
0 1 0 27.7 64.5 7 -1 0
0 1 0 27.8 65.0 9 -1 0
0 1 0 27.8 65.0 11 -1 0
0 1 0 27.8 65.5 8 -1 0
0 1 0 27.8 65.5 8 -1 0
0 1 0 27.9 65.5 8 -1 0
0 1 0 27.9 65.5 8 -1 0
0 1 0 28.0 65.5 10 -1 0
0 1 0 27.9 65.5 10 -1 0
0 1 0 27.9 65.5 10 -1 0
0 1 0 27.9 65.5 8 -1 0
0 1 0 27.9 65.0 11 -1 0
0 1 0 27.9 65.0 9 -1 0
0 1 0 27.9 65.0 9 -1 0
0 1 0 27.9 65.0 9 -1 0
0 1 0 28.0 65.0 9 -1 0
0 1 0 27.9 65.0 9 -1 0
0 1 0 28.0 65.0 7 -1 0
0 1 0 27.9 65.0 7 -1 0
0 1 0 27.9 64.5 7 -1 0
0 1 0 27.9 65.0 7 -1 0
0 1 0 27.9 65.0 7 -1 0
0 1 0 28.0 65.0 7 -1 0
0 1 0 27.9 64.5 7 -1 0
0 1 0 28.0 64.5 7 -1 0
0 1 0 27.9 64.0 7 -1 0
0 1 0 28.0 64.5 9 -1 0
0 1 0 27.9 64.5 7 -1 0
0 1 0 27.9 64.5 5 -1 0
0 1 0 28.0 64.5 5 -1 0
0 1 0 27.9 64.5 7 -1 0
0 1 0 27.9 64.5 7 -1 0
0 1 0 28.0 64.5 5 -1 0
0 1 0 28.0 65.0 5 -1 0
0 1 0 27.9 65.0 5 -1 0
0 1 0 27.9 65.0 7 -1 0
0 1 0 28.0 65.0 7 -1 0
0 1 0 28.0 65.0 7 -1 0
0 1 0 27.9 65.0 5 -1 0
0 1 0 28.0 65.0 3 -1 0
0 1 0 27.9 65.0 6 -1 0
0 1 0 27.9 65.0 4 -1 0
0 1 0 28.0 65.0 4 -1 0
0 1 0 27.9 64.5 4 -1 0
0 1 0 27.9 65.0 4 -1 0
0 1 0 27.9 65.0 4 -1 0
0 1 0 27.9 64.5 4 -1 0
0 1 0 27.9 64.5 4 -1 0
0 1 0 27.9 64.5 4 -1 0
0 1 0 27.9 64.0 4 -1 0
0 1 0 27.9 64.0 4 -1 0
0 1 0 27.9 64.0 4 -1 0
0 1 0 27.9 64.0 4 -1 0
0 1 0 27.9 64.0 4 -1 0
0 1 0 27.9 63.5 4 -1 0
0 1 0 27.9 64.0 6 -1 0
0 1 0 27.8 63.5 6 -1 0
0 1 0 27.8 63.0 6 -1 0
0 1 0 27.8 63.0 4 -1 0
0 1 0 27.9 63.0 4 -1 0
0 1 0 27.8 63.0 4 -1 0
0 1 0 27.8 63.5 2 -1 0
0 1 0 27.8 63.5 2 -1 0
0 1 0 27.8 63.5 1 -1 0
0 1 0 27.8 63.5 4 -1 0
0 1 0 27.9 63.5 2 -1 0
0 1 0 27.9 64.0 2 -1 0
0 1 0 27.8 63.5 2 -1 0
0 1 0 27.9 64.0 1 -1 0
0 1 0 27.9 64.0 1 -1 0
0 1 0 27.9 64.0 1 -1 0
0 1 0 27.9 64.0 3 -1 0
0 1 0 27.9 64.0 2 -1 0
0 1 0 27.9 64.0 2 -1 0
0 1 0 27.9 64.0 0 -1 0
0 1 0 27.9 64.0 0 -1 0
0 1 0 27.8 64.0 0 -1 0
0 1 0 27.9 64.0 0 -1 0
0 1 0 27.9 64.0 0 -1 0
0 1 0 27.9 64.0 0 -1 0
0 1 0 27.9 64.0 0 -1 0
0 1 0 27.9 64.0 0 -1 0
0 1 0 27.9 64.0 1 -1 0
0 1 0 27.9 64.0 1 -1 0
0 1 0 27.9 64.0 1 -1 0
0 1 0 27.9 64.0 1 -1 0
0 1 0 27.8 64.0 1 -1 0
0 1 0 27.9 64.0 1 -1 0
0 1 0 27.9 64.0 1 -1 0
0 1 0 27.9 63.5 1 -1 0
0 1 0 27.9 64.0 1 -1 0
0 1 0 27.9 64.0 1 -1 0
0 1 0 27.9 64.0 1 -1 0
0 1 0 28.0 64.0 1 -1 0
0 1 0 28.0 64.0 1 -1 0
0 1 0 28.0 63.5 1 -1 0
0 1 0 28.0 63.5 1 -1 0
0 1 0 27.9 64.0 1 -1 0
0 1 0 28.0 64.0 1 -1 0
0 1 0 28.0 64.0 1 -1 0
0 1 0 27.9 64.0 1 -1 0
0 1 0 27.9 64.0 1 -1 0
0 1 0 27.9 63.5 1 -1 0
0 1 0 27.9 63.5 2 -1 0
0 1 0 27.9 63.5 2 -1 0
0 1 0 27.9 63.5 2 -1 0
0 1 0 27.9 63.5 2 -1 0
0 1 0 27.9 63.5 2 -1 0
0 1 0 27.9 64.0 2 -1 0
0 1 0 28.0 64.0 2 -1 0
0 1 0 27.9 64.0 2 -1 0
0 1 0 27.9 64.0 2 -1 0
0 1 0 28.0 64.5 2 -1 0
0 1 0 27.9 64.0 2 -1 0
0 1 0 28.0 64.0 2 -1 0
0 1 0 28.0 64.5 2 -1 0
0 1 0 27.9 64.5 2 -1 0
0 1 0 28.0 64.0 2 -1 0
0 1 0 28.0 64.5 2 -1 0
0 1 0 27.9 64.5 2 -1 0
0 1 0 28.0 64.5 2 -1 0
0 1 0 27.9 64.5 2 -1 0
0 1 0 28.0 64.5 2 -1 0
0 1 0 28.1 64.5 2 -1 0
0 1 0 28.0 64.5 2 -1 0
0 1 0 28.0 64.5 2 -1 0
0 1 0 28.0 64.5 2 -1 0
0 1 0 28.1 64.5 2 -1 0
0 1 0 28.1 64.5 2 -1 0
0 1 0 28.1 64.5 2 -1 0
0 1 0 28.0 64.5 2 -1 0
0 1 0 28.0 64.5 2 -1 0
0 1 0 28.0 64.5 2 -1 0
0 1 0 28.0 64.5 2 -1 0
0 1 0 28.0 64.5 2 -1 0
0 1 0 28.0 65.0 2 -1 0
0 1 0 28.0 64.5 2 -1 0
0 1 0 28.1 64.5 2 -1 0
0 1 0 28.0 64.5 2 -1 0
0 1 0 28.0 64.5 2 -1 0
0 1 0 28.0 64.5 2 -1 0
0 1 0 28.0 64.5 2 -1 0
0 1 0 28.0 64.0 2 -1 0
0 1 0 28.0 64.0 2 -1 0
0 1 0 27.9 64.0 2 -1 0
0 1 0 27.9 64.0 2 -1 0
0 1 0 28.0 63.5 2 -1 0
0 1 0 27.9 63.5 2 -1 0
0 1 0 27.9 63.5 2 -1 0
0 1 0 27.9 63.5 2 -1 0
0 1 0 27.9 63.5 2 -1 0
0 1 0 27.9 63.5 2 -1 0
0 1 0 27.9 63.5 2 -1 0
0 1 0 27.9 63.0 2 -1 0
0 1 0 27.9 63.5 2 -1 0
0 1 0 27.9 63.0 2 -1 0
0 1 0 27.9 63.5 2 -1 0
0 1 0 27.9 63.5 2 -1 0
0 1 0 27.9 63.5 2 -1 0
0 1 0 28.0 63.5 2 -1 0
0 1 0 28.0 63.5 2 -1 0
0 1 0 27.9 63.5 2 -1 0
0 1 0 28.0 64.0 2 -1 0
0 1 0 27.9 64.0 2 -1 0
0 1 0 27.9 64.0 2 -1 0
0 1 0 27.9 64.0 2 -1 0
0 1 0 28.0 64.5 2 -1 0
0 1 0 28.0 64.5 2 -1 0
0 1 0 28.0 64.5 2 -1 0
0 1 0 28.0 64.5 2 -1 0
0 1 0 27.9 64.5 2 -1 0
0 1 0 28.0 64.5 2 -1 0
0 1 0 28.0 65.0 2 -1 0
0 1 0 28.0 65.0 2 -1 0
0 1 0 28.0 65.0 2 -1 0
0 1 0 28.0 65.0 2 -1 0
0 1 0 28.0 65.0 2 -1 0
0 1 0 27.9 65.0 2 -1 0
0 1 0 28.0 65.0 2 -1 0
0 1 0 28.0 65.0 2 -1 0
0 1 0 28.0 65.0 2 -1 0
0 1 0 28.0 65.0 2 -1 0
0 1 0 28.0 65.0 2 -1 0
0 1 0 28.0 65.5 2 -1 0
0 1 0 28.0 65.5 2 -1 0
0 1 0 28.0 65.0 2 -1 0
0 1 0 28.0 65.5 2 -1 0
0 1 0 28.0 65.5 2 -1 0
0 1 0 27.9 65.5 2 -1 0
0 1 0 28.0 65.5 2 -1 0
0 1 0 27.9 65.0 2 -1 0
0 1 0 28.0 65.0 2 -1 0
0 1 0 28.0 65.0 2 -1 0
0 1 0 28.0 64.5 2 -1 0
0 1 0 27.9 64.5 2 -1 0
0 1 0 27.9 64.5 2 -1 0
0 1 0 27.9 64.0 2 -1 0
0 1 0 27.9 64.5 2 -1 0
0 1 0 27.9 64.5 2 -1 0
0 1 0 27.9 65.0 2 -1 0
0 1 0 28.0 65.0 2 -1 0
0 1 0 27.9 64.5 2 -1 0
0 1 0 27.9 64.5 2 -1 0
0 1 0 27.8 65.0 2 -1 0
0 1 0 27.9 64.5 2 -1 0
0 1 0 27.9 64.5 2 -1 0
0 1 0 27.9 64.5 2 -1 0
0 1 0 27.9 64.5 2 -1 0
0 1 0 27.9 64.5 2 -1 0
0 1 0 27.9 64.5 2 -1 0
0 1 0 27.8 64.0 2 -1 0
0 1 0 27.9 64.0 2 -1 0
0 1 0 27.8 64.0 2 -1 0
0 1 0 27.8 64.0 2 -1 0
0 1 0 27.8 63.5 2 -1 0
0 1 0 27.8 64.0 2 -1 0
0 1 0 27.8 64.0 2 -1 0
0 1 0 27.8 63.5 2 -1 0
0 1 0 27.8 63.5 2 -1 0
0 1 0 27.8 63.5 2 -1 0
0 1 0 27.7 63.5 2 -1 0
0 1 0 27.8 63.5 2 -1 0
0 1 0 27.7 63.0 2 -1 0
0 1 0 27.7 63.0 2 -1 0
0 1 0 27.7 63.0 2 -1 0
0 1 0 27.8 63.0 2 -1 0
0 1 0 27.6 63.0 2 -1 0
0 1 0 27.7 62.5 2 -1 0
0 1 0 27.7 62.5 2 -1 0
0 1 0 27.7 62.5 2 -1 0
0 1 0 27.6 62.5 2 -1 0
0 1 0 27.6 62.0 2 -1 0
0 1 0 27.6 62.0 2 -1 0
0 1 0 27.6 62.0 2 -1 0
0 1 0 27.6 61.5 2 -1 0
0 1 0 27.6 61.5 2 -1 0
0 1 0 27.5 61.5 2 -1 0
0 1 0 27.6 61.5 2 -1 0
0 1 0 27.5 61.0 2 -1 0
0 1 0 27.5 61.0 2 -1 0
0 1 0 27.5 61.0 2 -1 0
0 1 0 27.5 61.0 2 -1 0
0 1 0 27.5 61.0 2 -1 0
0 1 0 27.5 60.5 2 -1 0
0 1 0 27.4 60.5 2 -1 0
0 1 0 27.4 60.0 2 -1 0
0 1 0 27.4 60.0 2 -1 0
0 1 0 27.4 60.0 2 -1 0
0 1 0 27.4 59.5 2 -1 0
0 1 0 27.4 59.5 2 -1 0
0 1 0 27.4 59.0 2 -1 0
0 1 0 27.3 59.0 2 -1 0
0 1 0 27.3 59.0 2 -1 0
0 1 0 27.3 59.0 2 -1 0
0 1 0 27.2 58.5 2 -1 0
0 1 0 27.2 58.5 2 -1 0
0 1 0 27.3 58.0 2 -1 0
0 1 0 27.2 58.0 2 -1 0
0 1 0 27.2 58.0 2 -1 0
0 1 0 27.3 58.0 2 -1 0
0 1 0 27.2 58.0 2 -1 0
0 1 0 27.2 57.5 2 -1 0
0 1 0 27.2 57.5 2 -1 0
0 1 0 27.1 57.5 2 -1 0
0 1 0 27.2 57.5 2 -1 0
0 1 0 27.1 57.5 2 -1 0
0 1 0 27.1 57.0 2 -1 0
0 1 0 27.1 57.0 2 -1 0
0 1 0 27.1 57.0 2 -1 0
0 1 0 27.1 57.0 2 -1 0
0 1 0 27.1 57.0 2 -1 0
0 1 0 27.1 57.0 2 -1 0
0 1 0 27.0 57.0 2 -1 0
0 1 0 27.1 57.0 2 -1 0
0 1 0 27.1 57.0 2 -1 0
0 1 0 27.1 57.0 2 -1 0
0 1 0 27.0 57.0 2 -1 0
0 1 0 27.0 57.0 2 -1 0
0 1 0 27.0 57.0 2 -1 0
0 1 0 27.0 57.0 2 -1 0
0 1 0 27.0 57.0 2 -1 0
0 1 0 27.0 57.0 2 -1 0
0 1 0 26.9 57.0 2 -1 0
0 1 0 27.0 57.0 2 -1 0
0 1 0 27.1 57.0 2 -1 0
0 1 0 27.0 57.0 2 -1 0
0 1 0 27.0 57.0 2 -1 0
0 1 0 27.0 57.0 2 -1 0
0 1 0 27.0 57.0 2 -1 0
0 1 0 27.0 57.0 2 -1 0
0 1 0 27.0 57.0 2 -1 0
0 1 0 27.0 57.0 2 -1 0
0 1 0 27.0 57.0 2 -1 0
0 1 0 27.0 57.5 2 -1 0
0 1 0 27.0 57.5 2 -1 0
0 1 0 27.0 57.5 2 -1 0
0 1 0 27.0 57.5 2 -1 0
0 1 0 27.0 58.0 2 -1 0
0 1 0 27.0 58.5 2 -1 0
0 1 0 27.0 58.5 2 -1 0
0 1 0 27.1 58.5 2 -1 0
0 1 0 27.1 59.0 2 -1 0
0 1 0 27.1 59.0 2 -1 0
0 1 0 27.1 59.5 2 -1 0
0 1 0 27.1 59.5 2 -1 0
0 1 0 27.1 59.5 2 -1 0
0 1 0 27.1 59.5 2 -1 0
0 1 0 27.2 59.5 2 -1 0
0 1 0 27.1 60.0 2 -1 0
0 1 0 27.2 60.0 2 -1 0
0 1 0 27.2 60.0 2 -1 0
0 1 0 27.2 60.0 2 -1 0
0 1 0 27.2 60.0 2 -1 0
0 1 0 27.2 60.0 2 -1 0
0 1 0 27.2 60.0 2 -1 0
0 1 0 27.2 60.0 2 -1 0
0 1 0 27.2 60.0 2 -1 0
0 1 0 27.2 60.5 2 -1 0
0 1 0 27.3 60.5 2 -1 0
0 1 0 27.2 60.5 2 -1 0
0 1 0 27.3 60.5 2 -1 0
0 1 0 27.3 60.5 2 -1 0
0 1 0 27.3 60.5 2 -1 0
0 1 0 27.3 60.5 2 -1 0
0 1 0 27.2 60.5 2 -1 0
0 1 0 27.3 60.5 2 -1 0
0 1 0 27.3 60.5 2 -1 0
0 1 0 27.3 60.5 2 -1 0
0 1 0 27.4 60.5 2 -1 0
0 1 0 27.3 60.5 2 -1 0
0 1 0 27.3 60.0 2 -1 0
0 1 0 27.4 60.0 2 -1 0
0 1 0 27.4 60.0 2 -1 0
0 1 0 27.3 60.0 2 -1 0
0 1 0 27.3 60.0 2 -1 0
0 1 0 27.4 60.0 2 -1 0
0 1 0 27.3 60.5 2 -1 0
0 1 0 27.4 60.5 2 -1 0
0 1 0 27.4 60.0 2 -1 0
0 1 0 27.4 60.0 2 -1 0
0 1 0 27.4 60.0 2 -1 0
0 1 0 27.4 60.0 2 -1 0
0 1 0 27.4 60.0 2 -1 0
0 1 0 27.4 60.0 2 -1 0
0 1 0 27.5 60.0 2 -1 0
0 1 0 27.4 60.0 2 -1 0
0 1 0 27.5 60.0 2 -1 0
0 1 0 27.5 60.0 2 -1 0
0 1 0 27.5 60.0 2 -1 0
0 1 0 27.5 60.0 2 -1 0
0 1 0 27.5 60.0 2 -1 0
0 1 0 27.5 60.5 2 -1 0
0 1 0 27.5 60.5 2 -1 0
0 1 0 27.5 60.5 2 -1 0
0 1 0 27.4 60.5 2 -1 0
0 1 0 27.5 60.5 2 -1 0
0 1 0 27.5 60.5 2 -1 0
0 1 0 27.5 60.5 2 -1 0
0 1 0 27.5 60.5 2 -1 0
0 1 0 27.5 60.0 2 -1 0
0 1 0 27.5 59.5 2 -1 0
0 1 0 27.6 60.0 2 -1 0
0 1 0 27.5 60.0 2 -1 0
0 1 0 27.6 60.0 2 -1 0
0 1 0 27.6 60.0 2 -1 0
0 1 0 27.6 59.5 2 -1 0
0 1 0 27.6 59.5 2 -1 0
0 1 0 27.6 60.0 2 -1 0
0 1 0 27.6 60.0 2 -1 0
0 1 0 27.6 60.0 2 -1 0
0 1 0 27.6 60.0 2 -1 0
0 1 0 27.5 60.0 2 -1 0
0 1 0 27.6 60.0 2 -1 0
0 1 0 27.6 59.5 2 -1 0
0 1 0 27.6 59.0 2 -1 0
0 1 0 27.6 59.0 2 -1 0
0 1 0 27.6 59.0 2 -1 0
0 1 0 27.7 58.5 2 -1 0
0 1 0 27.6 58.5 2 -1 0
0 1 0 27.7 58.5 2 -1 0
0 1 0 27.7 58.5 2 -1 0
0 1 0 27.7 58.5 2 -1 0
0 1 0 27.7 59.0 2 -1 0
0 1 0 27.7 59.0 2 -1 0
0 1 0 27.6 59.0 2 -1 0
0 1 0 27.7 59.5 2 -1 0
0 1 0 27.7 60.0 2 -1 0
0 1 0 27.7 60.0 2 -1 0
0 1 0 27.7 60.0 2 -1 0
