0 1 0 29.6 51.0 2 -1 0
0 1 0 29.6 51.0 2 -1 0
0 1 0 29.6 51.0 2 -1 0
0 1 0 29.7 51.0 2 -1 0
0 1 0 29.7 51.0 2 -1 0
0 1 0 29.7 51.0 2 -1 0
0 1 0 29.6 51.0 2 -1 0
0 1 0 29.7 51.0 2 -1 0
0 1 0 29.7 51.0 2 -1 0
0 1 0 29.7 51.0 2 -1 0
0 1 0 29.8 51.0 2 -1 0
0 1 0 29.7 51.0 2 -1 0
0 1 0 29.7 51.0 2 -1 0
0 1 0 29.7 51.0 2 -1 0
0 1 0 29.7 51.5 2 -1 0
0 1 0 29.8 51.0 2 -1 0
0 1 0 29.7 51.0 2 -1 0
0 1 0 29.7 51.0 2 -1 0
0 1 0 29.8 51.0 2 -1 0
0 1 0 29.8 51.0 2 -1 0
0 1 0 29.8 51.0 2 -1 0
0 1 0 29.8 51.0 2 -1 0
0 1 0 29.8 51.0 2 -1 0
0 1 0 29.8 51.0 2 -1 0
0 1 0 29.9 51.0 2 -1 0
0 1 0 29.8 51.0 2 -1 0
0 1 0 29.9 51.0 2 -1 0
0 1 0 29.9 51.0 2 -1 0
0 1 0 29.8 51.0 2 -1 0
0 1 0 29.9 51.5 2 -1 0
0 1 0 29.9 51.5 2 -1 0
0 1 0 29.9 51.5 2 -1 0
0 1 0 29.9 51.5 2 -1 0
0 1 0 29.9 51.5 2 -1 0
0 1 0 29.9 51.5 2 -1 0
0 1 0 29.9 51.5 2 -1 0
0 1 0 29.9 51.5 2 -1 0
0 1 0 30.0 51.5 2 -1 0
0 1 0 30.0 51.5 2 -1 0
0 1 0 29.9 51.5 2 -1 0
0 1 0 30.0 51.5 2 -1 0
0 1 0 29.9 51.5 2 -1 0
0 1 0 30.0 51.5 2 -1 0
0 1 0 29.9 51.5 2 -1 0
0 1 0 30.0 51.5 2 -1 0
0 1 0 30.0 51.5 2 -1 0
0 1 0 30.0 51.5 2 -1 0
0 1 0 30.0 51.5 2 -1 0
0 1 0 30.1 51.5 2 -1 0
0 1 0 30.1 51.5 2 -1 0
0 1 0 30.0 51.5 2 -1 0
0 1 0 30.0 51.5 2 -1 0
0 1 0 30.1 51.5 2 -1 0
0 1 0 30.1 51.5 2 -1 0
0 1 0 30.1 51.5 2 -1 0
0 1 0 30.0 51.5 2 -1 0
0 1 0 30.1 51.5 2 -1 0
0 1 0 30.0 51.5 2 -1 0
0 1 0 30.1 51.5 2 -1 0
0 1 0 30.1 51.5 2 -1 0
0 1 0 30.1 51.5 2 -1 0
0 1 0 30.2 51.5 2 -1 0
0 1 0 30.1 51.5 2 -1 0
0 1 0 30.2 51.5 2 -1 0
0 1 0 30.1 52.0 2 -1 0
0 1 0 30.1 51.5 2 -1 0
0 1 0 30.1 51.5 2 -1 0
0 1 0 30.2 52.0 2 -1 0
0 1 0 30.2 51.5 2 -1 0
0 1 0 30.2 51.5 2 -1 0
0 1 0 30.2 51.5 2 -1 0
0 1 0 30.2 52.0 2 -1 0
0 1 0 30.1 52.0 2 -1 0
0 1 0 30.2 52.0 2 -1 0
0 1 0 30.3 52.0 2 -1 0
0 1 0 30.2 52.0 2 -1 0
0 1 0 30.2 52.0 2 -1 0
0 1 0 30.2 52.0 2 -1 0
0 1 0 30.2 52.0 2 -1 0
0 1 0 30.2 52.0 2 -1 0
0 1 0 30.3 52.0 2 -1 0
0 1 0 30.3 52.0 2 -1 0
0 1 0 30.3 52.5 2 -1 0
0 1 0 30.3 52.5 2 -1 0
0 1 0 30.2 52.5 2 -1 0
0 1 0 30.3 52.5 2 -1 0
0 1 0 30.3 52.5 2 -1 0
0 1 0 30.3 52.5 2 -1 0
0 1 0 30.3 52.5 2 -1 0
0 1 0 30.3 52.5 2 -1 0
0 1 0 30.2 52.5 2 -1 0
0 1 0 30.3 52.5 2 -1 0
0 1 0 30.3 52.5 2 -1 0
0 1 0 30.3 52.5 2 -1 0
0 1 0 30.3 52.5 2 -1 0
0 1 0 30.4 52.5 2 -1 0
0 1 0 30.3 52.5 2 -1 0
0 1 0 30.3 52.5 2 -1 0
0 1 0 30.4 52.5 2 -1 0
0 1 0 30.3 52.5 2 -1 0
0 1 0 30.3 52.5 2 -1 0
0 1 0 30.4 52.5 2 -1 0
0 1 0 30.3 52.5 2 -1 0
0 1 0 30.3 52.5 2 -1 0
0 1 0 30.3 52.5 2 -1 0
0 1 0 30.4 52.5 2 -1 0
0 1 0 30.4 52.5 2 -1 0
0 1 0 30.4 52.5 2 -1 0
0 1 0 30.4 52.5 2 -1 0
0 1 0 30.4 52.5 2 -1 0
0 1 0 30.4 52.5 2 -1 0
0 1 0 30.4 52.5 2 -1 0
0 1 0 30.4 53.0 2 -1 0
0 1 0 30.4 53.0 2 -1 0
0 1 0 30.4 52.5 2 -1 0
0 1 0 30.4 53.0 2 -1 0
0 1 0 30.5 53.0 2 -1 0
0 1 0 30.4 53.0 2 -1 0
0 1 0 30.4 53.0 2 -1 0
0 1 0 30.4 53.0 2 -1 0
0 1 0 30.5 53.0 2 -1 0
0 1 0 30.5 53.0 2 -1 0
0 1 0 30.5 53.0 2 -1 0
0 1 0 30.5 53.0 2 -1 0
0 1 0 30.5 53.0 2 -1 0
0 1 0 30.5 53.0 2 -1 0
0 1 0 30.5 53.0 2 -1 0
0 1 0 30.5 53.0 2 -1 0
0 1 0 30.5 53.0 2 -1 0
0 1 0 30.5 53.0 2 -1 0
0 1 0 30.5 53.0 2 -1 0
0 1 0 30.5 53.0 2 -1 0
0 1 0 30.5 53.0 2 -1 0
0 1 0 30.6 53.0 2 -1 0
0 1 0 30.6 53.0 2 -1 0
0 1 0 30.6 53.0 2 -1 0
0 1 0 30.5 53.0 2 -1 0
0 1 0 30.6 53.0 2 -1 0
0 1 0 30.5 53.0 2 -1 0
0 1 0 30.5 53.0 2 -1 0
0 1 0 30.5 53.0 2 -1 0
0 1 0 30.6 53.5 2 -1 0
0 1 0 30.5 53.5 2 -1 0
0 1 0 30.6 53.5 2 -1 0
0 1 0 30.6 53.5 2 -1 0
0 1 0 30.5 53.5 2 -1 0
0 1 0 30.6 53.5 2 -1 0
0 1 0 30.5 53.5 2 -1 0
0 1 0 30.6 53.5 2 -1 0
0 1 0 30.5 53.5 2 -1 0
0 1 0 30.6 53.5 2 -1 0
0 1 0 30.5 54.0 2 -1 0
0 1 0 30.6 53.5 2 -1 0
0 1 0 30.6 53.5 2 -1 0
0 1 0 30.6 53.5 2 -1 0
0 1 0 30.6 53.5 2 -1 0
0 1 0 30.6 54.0 2 -1 0
0 1 0 30.6 53.5 2 -1 0
0 1 0 30.6 53.5 2 -1 0
0 1 0 30.6 53.5 2 -1 0
0 1 0 30.6 53.5 2 -1 0
0 1 0 30.6 54.0 2 -1 0
0 1 0 30.6 54.0 2 -1 0
0 1 0 30.6 53.5 2 -1 0
0 1 0 30.6 53.5 2 -1 0
0 1 0 30.6 54.0 2 -1 0
0 1 0 30.7 54.0 2 -1 0
0 1 0 30.7 54.0 2 -1 0
0 1 0 30.6 53.5 2 -1 0
0 1 0 30.7 54.0 2 -1 0
0 1 0 30.7 54.0 2 -1 0
0 1 0 30.7 53.5 2 -1 0
0 1 0 30.7 53.5 2 -1 0
0 1 0 30.7 53.5 2 -1 0
0 1 0 30.7 53.5 2 -1 0
0 1 0 30.7 54.0 2 -1 0
0 1 0 30.7 54.0 2 -1 0
0 1 0 30.7 53.5 2 -1 0
0 1 0 30.7 54.0 2 -1 0
0 1 0 30.7 53.5 2 -1 0
0 1 0 30.7 54.0 2 -1 0
0 1 0 30.7 54.0 2 -1 0
0 1 0 30.7 53.5 2 -1 0
0 1 0 30.7 53.5 2 -1 0
0 1 0 30.7 54.0 2 -1 0
0 1 0 30.7 54.0 2 -1 0
0 1 0 30.7 53.5 2 -1 0
0 1 0 30.7 54.0 2 -1 0
0 1 0 30.7 53.5 2 -1 0
0 1 0 30.7 54.0 2 -1 0
0 1 0 30.7 54.0 2 -1 0
0 1 0 30.7 54.0 2 -1 0
0 1 0 30.7 54.0 2 -1 0
0 1 0 30.7 54.0 2 -1 0
0 1 0 30.7 54.0 2 -1 0
0 1 0 30.8 54.0 2 -1 0
0 1 0 30.7 54.0 2 -1 0
0 1 0 30.7 54.0 2 -1 0
0 1 0 30.7 54.0 2 -1 0
0 1 0 30.8 54.0 2 -1 0
0 1 0 30.7 54.0 2 -1 0
0 1 0 30.7 54.0 2 -1 0
0 1 0 30.7 54.0 2 -1 0
0 1 0 30.8 54.0 2 -1 0
0 1 0 30.7 54.0 2 -1 0
0 1 0 30.8 54.0 2 -1 0
0 1 0 30.7 54.0 2 -1 0
0 1 0 30.8 54.0 2 -1 0
0 1 0 30.8 54.0 2 -1 0
0 1 0 30.8 54.0 2 -1 0
0 1 0 30.7 54.0 2 -1 0
0 1 0 30.7 54.0 2 -1 0
0 1 0 30.8 54.0 2 -1 0
0 1 0 30.8 54.0 2 -1 0
0 1 0 30.8 54.0 2 -1 0
0 1 0 30.8 54.0 2 -1 0
0 1 0 30.8 54.0 2 -1 0
0 1 0 30.8 54.0 2 -1 0
0 1 0 30.8 54.0 2 -1 0
0 1 0 30.8 54.0 2 -1 0
0 1 0 30.8 54.0 2 -1 0
0 1 0 30.7 54.0 2 -1 0
0 1 0 30.8 54.0 2 -1 0
0 1 0 30.8 54.0 2 -1 0
0 1 0 30.8 54.0 2 -1 0
0 1 0 30.8 54.0 2 -1 0
0 1 0 30.8 54.0 2 -1 0
0 1 0 30.8 54.0 2 -1 0
0 1 0 30.8 54.0 2 -1 0
0 1 0 30.8 54.0 2 -1 0
0 1 0 30.8 54.0 2 -1 0
0 1 0 30.8 54.0 2 -1 0
0 1 0 30.8 54.0 2 -1 0
0 1 0 30.8 54.0 2 -1 0
0 1 0 30.9 54.0 2 -1 0
0 1 0 30.9 54.0 2 -1 0
0 1 0 30.8 54.0 2 -1 0
0 1 0 30.9 54.0 2 -1 0
0 1 0 30.8 54.0 2 -1 0
0 1 0 30.8 54.0 2 -1 0
0 1 0 30.8 54.0 2 -1 0
0 1 0 30.8 54.0 2 -1 0
0 1 0 30.9 54.0 2 -1 0
0 1 0 30.8 54.0 2 -1 0
0 1 0 30.9 54.0 2 -1 0
0 1 0 30.8 54.0 2 -1 0
0 1 0 30.9 54.0 2 -1 0
0 1 0 30.8 54.0 2 -1 0
0 1 0 30.8 54.0 2 -1 0
0 1 0 30.9 54.0 2 -1 0
0 1 0 30.9 54.0 2 -1 0
0 1 0 30.8 54.0 2 -1 0
0 1 0 30.8 54.0 2 -1 0
0 1 0 30.8 54.0 2 -1 0
0 1 0 30.9 54.0 2 -1 0
0 1 0 30.9 54.0 2 -1 0
0 1 0 30.9 54.0 2 -1 0
0 1 0 30.9 54.0 2 -1 0
0 1 0 30.8 54.0 2 -1 0
0 1 0 30.9 54.0 2 -1 0
0 1 0 30.9 54.0 2 -1 0
0 1 0 30.9 54.0 2 -1 0
0 1 0 30.9 54.0 2 -1 0
0 1 0 30.9 54.0 2 -1 0
0 1 0 30.8 54.0 2 -1 0
0 1 0 30.9 54.0 2 -1 0
0 1 0 30.9 54.0 2 -1 0
0 1 0 30.9 54.0 2 -1 0
0 1 0 30.9 54.0 2 -1 0
0 1 0 30.9 54.0 2 -1 0
0 1 0 30.9 54.0 2 -1 0
0 1 0 30.9 54.0 2 -1 0
0 1 0 30.9 54.0 2 -1 0
0 1 0 30.9 54.0 2 -1 0
0 1 0 30.9 54.0 2 -1 0
0 1 0 30.9 54.0 2 -1 0
0 1 0 31.0 54.0 2 -1 0
0 1 0 30.9 54.0 2 -1 0
0 1 0 30.9 54.0 2 -1 0
0 1 0 30.9 54.0 2 -1 0
0 1 0 31.0 54.0 2 -1 0
0 1 0 30.9 54.0 2 -1 0
0 1 0 31.0 54.0 2 -1 0
0 1 0 30.9 54.0 2 -1 0
0 1 0 30.9 54.0 2 -1 0
0 1 0 30.9 54.0 2 -1 0
0 1 0 31.0 54.0 2 -1 0
0 1 0 30.9 54.0 2 -1 0
0 1 0 31.0 54.0 2 -1 0
0 1 0 31.0 54.0 2 -1 0
0 1 0 31.0 54.0 2 -1 0
0 1 0 30.9 54.0 2 -1 0
0 1 0 31.0 54.0 2 -1 0
0 1 0 30.9 54.0 2 -1 0
0 1 0 31.0 54.0 2 -1 0
0 1 0 30.9 54.0 2 -1 0
0 1 0 30.9 54.0 2 -1 0
0 1 0 31.0 54.0 1 -1 0
0 1 0 30.9 54.0 1 -1 0
0 1 0 30.9 54.0 1 -1 0
0 1 0 31.0 54.0 1 -1 0
0 1 0 31.0 54.0 1 -1 0
0 1 0 31.0 54.0 1 -1 0
0 1 0 31.0 54.0 1 -1 0
0 1 0 30.9 54.5 1 -1 0
0 1 0 30.9 54.5 1 -1 0
0 1 0 31.0 54.0 1 -1 0
0 1 0 31.0 54.5 1 -1 0
0 1 0 31.0 54.0 1 -1 0
0 1 0 31.0 54.0 1 -1 0
0 1 0 31.0 54.5 1 -1 0
0 1 0 30.9 54.0 1 -1 0
0 1 0 31.0 54.0 0 -1 0
0 1 0 30.9 54.0 0 -1 0
0 1 0 31.0 54.0 0 -1 0
0 1 0 30.9 54.0 0 -1 0
0 1 0 31.0 54.0 0 -1 0
0 1 0 31.0 54.0 2 -1 0
0 1 0 30.9 54.0 3 -1 0
0 1 0 31.0 54.0 1 -1 0
0 1 0 31.0 54.0 2 -1 0
0 1 0 31.0 54.0 2 -1 0
0 1 0 31.0 54.0 4 -1 0
0 1 0 31.0 54.0 1 -1 0
0 1 0 31.0 54.0 2 -1 0
0 1 0 31.1 54.0 4 -1 0
0 1 0 31.0 54.0 3 -1 0
0 1 0 31.0 54.0 5 -1 0
0 1 0 31.0 54.0 7 -1 0
0 1 0 31.0 54.0 3 -1 0
0 1 0 31.0 54.0 5 -1 0
0 1 0 31.0 54.0 7 -1 0
0 1 0 31.0 54.0 5 -1 0
0 1 0 31.0 54.0 7 -1 0
0 1 0 31.1 54.0 9 -1 0
0 1 0 31.1 54.0 8 -1 0
0 1 0 31.1 54.0 12 -1 0
0 1 0 31.1 54.0 10 -1 0
0 1 0 31.0 54.0 12 -1 0
0 1 0 31.1 54.0 14 -1 0
0 1 0 31.0 54.0 12 -1 0
0 1 0 31.0 54.0 14 -1 0
0 1 0 31.1 54.0 12 -1 0
0 1 0 31.0 54.0 17 -1 0
0 1 0 31.0 54.0 15 -1 0
0 1 0 31.1 54.0 19 -1 0
0 1 0 31.0 54.0 19 -1 0
0 1 0 31.0 54.0 17 -1 0
0 1 0 31.1 54.0 21 -1 0
0 1 0 31.1 54.0 20 -1 0
0 1 0 31.1 54.0 24 -1 0
0 1 0 31.1 54.0 24 -1 0
0 1 0 31.1 54.0 26 -1 0
0 1 0 31.1 54.0 27 -1 0
0 1 0 31.0 54.0 31 -1 0
0 1 0 31.2 54.0 30 -1 0
0 1 0 31.1 54.0 32 -1 0
0 1 0 31.1 54.0 34 -1 0
0 1 0 31.1 54.0 34 -1 0
0 1 0 31.1 54.0 41 -1 0
0 1 0 31.1 54.0 41 -1 0
0 1 0 31.1 54.0 43 -1 0
0 1 0 31.1 54.0 43 -1 0
0 1 0 31.1 54.0 44 -1 0
0 1 0 31.1 54.0 46 -1 0
0 1 0 31.1 54.0 48 -1 0
0 1 0 31.1 54.0 44 -1 0
0 1 0 31.0 54.0 46 -1 0
0 1 0 31.1 54.0 48 -1 0
0 1 0 31.2 54.5 48 -1 0
0 1 0 31.1 54.5 50 -1 0
0 1 0 31.1 54.5 48 -1 0
0 1 0 31.1 54.5 48 -1 0
0 1 0 31.2 54.5 48 -1 0
0 1 0 31.2 54.5 50 -1 0
0 1 0 31.2 54.5 48 -1 0
0 1 0 31.1 54.5 53 -1 0
0 1 0 31.2 54.5 55 -1 0
0 1 0 31.2 54.5 57 -1 0
0 1 0 31.2 54.5 59 -1 0
0 1 0 31.2 54.5 64 -1 0
0 1 0 31.2 54.5 64 -1 0
0 1 0 31.2 54.5 69 -1 0
0 1 0 31.3 54.5 67 -1 0
0 1 0 31.3 54.5 70 -1 0
0 1 0 31.3 54.5 74 -1 0
0 1 0 31.2 54.0 74 -1 0
0 1 0 31.2 54.5 78 -1 0
0 1 0 31.2 54.5 77 -1 0
0 1 0 31.2 54.5 79 -1 0
0 1 0 31.3 54.5 81 -1 0
0 1 0 31.3 54.5 81 -1 0
0 1 0 31.3 54.5 84 -1 0
0 1 0 31.2 54.5 86 -1 0
0 1 0 31.3 54.5 85 -1 0
0 1 0 31.3 54.5 85 -1 0
0 1 0 31.2 54.5 86 -1 0
0 1 0 31.3 54.5 88 -1 0
0 1 0 31.3 54.5 95 -1 0
0 1 0 31.3 54.5 102 -1 0
0 1 0 31.3 54.5 105 -1 0
0 1 0 31.3 54.5 111 -1 0
0 1 0 31.3 54.5 114 -1 0
0 1 0 31.4 54.5 121 -1 0
0 1 0 31.4 54.5 128 -1 0
0 1 0 31.4 54.5 129 -1 0
0 1 0 31.4 54.0 135 -1 0
0 1 0 31.3 54.0 133 -1 0
0 1 0 31.4 54.0 135 -1 0
0 1 0 31.4 54.0 137 -1 0
0 1 0 31.4 54.0 142 -1 0
0 1 0 31.4 54.0 150 -1 0
0 1 0 31.4 54.0 156 -1 0
0 1 0 31.5 54.0 157 -1 0
0 1 0 31.4 54.0 163 -1 0
0 1 0 31.5 54.0 166 -1 0
0 1 0 31.5 54.0 166 -1 0
0 1 0 31.5 54.0 166 -1 0
0 1 0 31.5 54.0 173 -1 0
0 1 0 31.5 54.0 175 -1 0
0 1 0 31.6 54.0 176 -1 0
0 1 0 31.6 54.5 176 -1 0
0 1 0 31.6 54.5 173 -1 0
0 1 0 31.6 54.0 168 -1 0
0 1 0 31.6 54.5 173 -1 0
0 1 0 31.6 54.0 181 -1 0
0 1 0 31.6 54.0 176 -1 0
0 1 0 31.6 54.5 178 -1 0
0 1 0 31.6 54.5 177 -1 0
0 1 0 31.6 54.5 177 -1 0
0 1 0 31.6 54.5 178 -1 0
0 1 0 31.7 54.5 182 -1 0
0 1 0 31.7 54.5 189 -1 0
0 1 0 31.7 54.5 190 -1 0
0 1 0 31.6 54.5 198 -1 0
0 1 0 31.7 54.0 200 -1 0
0 1 0 31.7 54.0 201 -1 0
0 1 0 31.7 53.5 201 -1 0
0 1 0 31.7 54.0 199 -1 0
0 1 0 31.6 53.5 198 -1 0
0 1 0 31.7 53.5 203 -1 0
0 1 0 31.7 53.5 203 -1 0
0 1 0 31.7 53.5 205 -1 0
0 1 0 31.7 53.5 198 -1 0
0 1 0 31.7 53.5 198 -1 0
0 1 0 31.7 53.5 198 -1 0
0 1 0 31.7 53.5 192 -1 0
0 1 0 31.7 53.0 195 -1 0
0 1 0 31.7 53.0 193 -1 0
0 1 0 31.7 53.0 193 -1 0
0 1 0 31.7 53.5 195 -1 0
0 1 0 31.7 53.0 191 -1 0
0 1 0 31.7 53.0 193 -1 0
0 1 0 31.7 53.5 195 -1 0
0 1 0 31.7 53.5 193 -1 0
0 1 0 31.7 54.0 198 -1 0
0 1 0 31.8 54.5 198 -1 0
0 1 0 31.7 54.5 198 -1 0
0 1 0 31.8 55.0 198 -1 0
0 1 0 31.8 55.0 200 -1 0
0 1 0 31.7 55.0 200 -1 0
0 1 0 31.7 55.5 202 -1 0
0 1 0 31.8 55.5 203 -1 0
0 1 0 31.9 55.5 202 -1 0
0 1 0 31.9 56.0 200 -1 0
0 1 0 31.8 56.0 200 -1 0
0 1 0 31.8 56.0 200 -1 0
0 1 0 31.8 56.5 197 -1 0
0 1 0 31.8 56.5 193 -1 0
0 1 0 31.8 56.5 191 -1 0
0 1 0 31.9 56.0 191 -1 0
0 1 0 31.9 56.5 195 -1 0
0 1 0 31.8 56.5 193 -1 0
0 1 0 31.9 56.5 193 -1 0
0 1 0 31.9 56.5 195 -1 0
0 1 0 31.9 56.0 191 -1 0
0 1 0 31.9 55.5 186 -1 0
0 1 0 31.8 55.5 185 -1 0
0 1 0 31.9 56.0 181 -1 0
0 1 0 31.8 56.0 179 -1 0
0 1 0 31.8 56.0 178 -1 0
0 1 0 31.9 56.0 181 -1 0
0 1 0 31.9 56.5 179 -1 0
0 1 0 31.8 56.5 177 -1 0
0 1 0 31.9 56.5 176 -1 0
0 1 0 31.9 56.5 176 -1 0
0 1 0 31.9 56.0 181 -1 0
0 1 0 31.9 56.0 179 -1 0
0 1 0 31.8 56.5 183 -1 0
0 1 0 31.9 56.5 184 -1 0
0 1 0 31.8 56.0 183 -1 0
0 1 0 31.9 55.5 186 -1 0
0 1 0 31.8 55.0 186 -1 0
0 1 0 31.8 55.5 186 -1 0
0 1 0 31.8 55.0 184 -1 0
0 1 0 31.8 55.0 184 -1 0
0 1 0 31.8 55.5 179 -1 0
0 1 0 31.8 55.5 179 -1 0
0 1 0 31.9 56.0 181 -1 0
0 1 0 31.8 56.0 181 -1 0
0 1 0 31.9 56.0 181 -1 0
0 1 0 31.9 56.5 179 -1 0
0 1 0 31.9 56.5 177 -1 0
0 1 0 31.8 56.5 177 -1 0
0 1 0 31.9 57.0 175 -1 0
0 1 0 31.9 57.0 179 -1 0
0 1 0 31.9 57.5 174 -1 0
0 1 0 31.9 57.5 174 -1 0
0 1 0 32.0 57.5 181 -1 0
0 1 0 31.9 57.0 172 -1 0
0 1 0 31.9 57.0 172 -1 0
0 1 0 32.0 57.0 174 -1 0
0 1 0 32.0 57.5 177 -1 0
0 1 0 31.9 57.5 177 -1 0
0 1 0 31.9 57.5 174 -1 0
0 1 0 32.0 58.0 170 -1 0
0 1 0 32.0 58.0 174 -1 0
0 1 0 32.0 58.0 174 -1 0
0 1 0 32.0 58.0 174 -1 0
0 1 0 32.0 58.0 172 -1 0
0 1 0 32.1 58.0 179 -1 0
0 1 0 32.0 58.0 175 -1 0
0 1 0 32.0 58.5 179 -1 0
0 1 0 32.0 58.5 177 -1 0
0 1 0 32.1 58.5 179 -1 0
0 1 0 32.1 59.0 172 -1 0
0 1 0 32.1 59.0 170 -1 0
0 1 0 32.1 59.0 167 -1 0
0 1 0 32.1 58.5 165 -1 0
0 1 0 32.1 58.5 163 -1 0
0 1 0 32.1 58.5 158 -1 0
0 1 0 32.1 58.5 163 -1 0
0 1 0 32.0 58.5 158 -1 0
0 1 0 32.1 59.0 158 -1 0
0 1 0 32.0 58.5 158 -1 0
0 1 0 32.1 59.0 157 -1 0
0 1 0 32.1 59.0 153 -1 0
0 1 0 32.1 59.0 153 -1 0
0 1 0 32.1 59.0 153 -1 0
0 1 0 32.2 59.0 148 -1 0
0 1 0 32.1 59.0 146 -1 0
0 1 0 32.1 58.5 146 -1 0
0 1 0 32.1 58.0 139 -1 0
0 1 0 32.1 57.5 141 -1 0
0 1 0 32.0 57.5 142 -1 0
0 1 0 32.1 58.0 142 -1 0
0 1 0 32.1 58.0 142 -1 0
0 1 0 32.0 58.0 144 -1 0
0 1 0 32.0 57.5 142 -1 0
0 1 0 32.0 57.5 144 -1 0
0 1 0 32.0 58.0 142 -1 0
0 1 0 32.0 58.0 139 -1 0
0 1 0 32.0 58.0 130 -1 0
0 1 0 32.1 57.5 134 -1 0
0 1 0 32.0 57.5 135 -1 0
0 1 0 32.0 58.0 132 -1 0
0 1 0 32.1 57.5 132 -1 0
0 1 0 32.0 57.5 132 -1 0
0 1 0 32.0 57.5 132 -1 0
0 1 0 32.0 57.5 130 -1 0
0 1 0 32.0 58.0 128 -1 0
0 1 0 32.0 58.0 127 -1 0
0 1 0 32.0 58.0 129 -1 0
0 1 0 32.1 58.0 128 -1 0
0 1 0 32.1 58.0 123 -1 0
0 1 0 32.1 58.0 117 -1 0
0 1 0 32.0 58.0 123 -1 0
0 1 0 32.1 58.5 125 -1 0
0 1 0 32.1 58.5 125 -1 0
0 1 0 32.1 59.0 123 -1 0
0 1 0 32.1 59.0 127 -1 0
0 1 0 32.1 59.0 123 -1 0
0 1 0 32.1 59.0 121 -1 0
0 1 0 32.1 59.0 123 -1 0
0 1 0 32.1 59.0 121 -1 0
0 1 0 32.1 59.0 121 -1 0
0 1 0 32.1 59.0 123 -1 0
0 1 0 32.1 59.0 121 -1 0
0 1 0 32.1 59.0 120 -1 0
0 1 0 32.1 59.0 118 -1 0
0 1 0 32.1 59.0 116 -1 0
0 1 0 32.1 59.5 114 -1 0
0 1 0 32.1 59.5 116 -1 0
0 1 0 32.1 59.0 114 -1 0
0 1 0 32.0 59.5 112 -1 0
0 1 0 32.1 59.5 114 -1 0
0 1 0 32.1 59.5 114 -1 0
0 1 0 32.2 59.5 112 -1 0
0 1 0 32.2 59.5 110 -1 0
0 1 0 32.1 59.5 107 -1 0
0 1 0 32.1 59.5 109 -1 0
0 1 0 32.1 59.5 109 -1 0
0 1 0 32.0 59.5 105 -1 0
0 1 0 32.0 59.0 109 -1 0
0 1 0 32.0 59.0 112 -1 0
0 1 0 32.0 59.0 112 -1 0
0 1 0 31.9 58.5 108 -1 0
0 1 0 32.0 58.5 108 -1 0
0 1 0 31.9 58.5 105 -1 0
0 1 0 31.9 58.0 103 -1 0
0 1 0 31.8 58.0 104 -1 0
0 1 0 31.8 58.0 102 -1 0
0 1 0 31.8 58.0 98 -1 0
0 1 0 31.8 58.5 95 -1 0
0 1 0 31.8 58.5 84 -1 0
0 1 0 31.9 58.5 105 -1 0
0 1 0 31.9 58.5 104 -1 0
0 1 0 31.9 58.5 100 -1 0
0 1 0 31.8 59.0 98 -1 0
0 1 0 31.8 58.5 100 -1 0
0 1 0 31.8 59.0 96 -1 0
0 1 0 31.8 59.0 88 -1 0
0 1 0 31.8 59.0 93 -1 0
0 1 0 31.8 59.0 60 -1 0
0 1 0 31.7 58.5 73 -1 0
0 1 0 31.7 58.5 91 -1 0
0 1 0 31.6 58.0 91 -1 0
0 1 0 31.6 58.5 91 -1 0
0 1 0 31.6 58.5 91 -1 0
0 1 0 31.6 58.0 95 -1 0
0 1 0 31.6 57.5 91 -1 0
0 1 0 31.5 57.0 89 -1 0
0 1 0 31.4 56.5 91 -1 0
0 1 0 31.4 57.0 89 -1 0
0 1 0 31.4 57.0 89 -1 0
0 1 0 31.4 57.5 91 -1 0
0 1 0 31.4 57.5 84 -1 0
0 1 0 31.5 57.5 89 -1 0
0 1 0 31.5 57.5 88 -1 0
0 1 0 31.5 58.0 88 -1 0
0 1 0 31.5 58.0 88 -1 0
0 1 0 31.5 58.0 86 -1 0
0 1 0 31.5 58.0 91 -1 0
0 1 0 31.5 58.0 91 -1 0
0 1 0 31.5 58.0 91 -1 0
0 1 0 31.5 58.0 84 -1 0
0 1 0 31.4 58.5 85 -1 0
0 1 0 31.4 58.5 78 -1 0
0 1 0 31.5 58.5 84 -1 0
0 1 0 31.5 58.5 82 -1 0
0 1 0 31.5 58.5 84 -1 0
0 1 0 31.4 58.5 86 -1 0
0 1 0 31.5 58.5 83 -1 0
0 1 0 31.4 58.5 82 -1 0
0 1 0 31.4 58.5 85 -1 0
0 1 0 31.4 58.5 80 -1 0
0 1 0 31.3 58.5 78 -1 0
0 1 0 31.3 58.5 79 -1 0
0 1 0 31.3 58.0 73 -1 0
0 1 0 31.3 58.0 81 -1 0
0 1 0 31.2 58.0 77 -1 0
0 1 0 31.3 58.0 77 -1 0
0 1 0 31.2 58.0 77 -1 0
0 1 0 31.2 58.0 77 -1 0
0 1 0 31.2 58.0 66 -1 0
0 1 0 31.1 58.0 64 -1 0
0 1 0 31.2 58.0 80 -1 0
0 1 0 31.2 58.0 76 -1 0
0 1 0 31.1 58.0 80 -1 0
0 1 0 31.2 58.0 81 -1 0
0 1 0 31.2 58.0 77 -1 0
0 1 0 31.2 58.5 75 -1 0
0 1 0 31.2 58.0 70 -1 0
0 1 0 31.2 58.5 70 -1 0
0 1 0 31.1 58.5 72 -1 0
0 1 0 31.1 58.0 72 -1 0
0 1 0 31.2 58.0 70 -1 0
0 1 0 31.2 58.0 68 -1 0
0 1 0 31.2 58.5 68 -1 0
0 1 0 31.2 58.0 70 -1 0
0 1 0 31.2 58.5 68 -1 0
0 1 0 31.2 59.0 70 -1 0
0 1 0 31.2 59.0 70 -1 0
0 1 0 31.2 59.0 70 -1 0
0 1 0 31.2 59.0 68 -1 0
0 1 0 31.2 59.0 64 -1 0
0 1 0 31.3 59.0 66 -1 0
0 1 0 31.2 59.0 63 -1 0
0 1 0 31.2 59.0 68 -1 0
0 1 0 31.2 59.0 66 -1 0
0 1 0 31.2 59.0 66 -1 0
0 1 0 31.2 58.5 63 -1 0
0 1 0 31.2 58.5 65 -1 0
0 1 0 31.2 58.5 63 -1 0
0 1 0 31.1 58.5 65 -1 0
0 1 0 31.2 58.5 66 -1 0
0 1 0 31.1 58.5 62 -1 0
0 1 0 31.1 58.5 62 -1 0
0 1 0 31.1 58.5 64 -1 0
0 1 0 31.1 58.5 54 -1 0
0 1 0 31.2 58.5 62 -1 0
0 1 0 31.1 58.5 64 -1 0
0 1 0 31.0 58.5 62 -1 0
0 1 0 31.1 58.5 68 -1 0
0 1 0 31.2 58.5 66 -1 0
0 1 0 31.1 58.5 62 -1 0
0 1 0 31.0 58.5 64 -1 0
0 1 0 31.0 58.5 64 -1 0
0 1 0 31.0 58.5 64 -1 0
0 1 0 31.0 58.5 64 -1 0
0 1 0 31.0 58.5 67 -1 0
0 1 0 31.0 58.0 69 -1 0
0 1 0 31.0 58.0 63 -1 0
0 1 0 31.0 58.0 65 -1 0
0 1 0 31.0 58.0 62 -1 0
0 1 0 30.9 58.0 69 -1 0
0 1 0 30.9 58.0 70 -1 0
0 1 0 30.9 57.5 71 -1 0
0 1 0 31.0 57.5 68 -1 0
0 1 0 30.9 57.5 66 -1 0
0 1 0 31.0 57.5 67 -1 0
0 1 0 31.0 57.5 67 -1 0
0 1 0 31.0 57.5 67 -1 0
0 1 0 30.9 57.5 60 -1 0
0 1 0 30.9 57.5 63 -1 0
0 1 0 30.9 57.5 61 -1 0
0 1 0 30.9 57.5 67 -1 0
0 1 0 30.9 57.5 67 -1 0
0 1 0 30.9 57.5 69 -1 0
0 1 0 30.9 57.5 66 -1 0
0 1 0 30.9 57.5 65 -1 0
0 1 0 30.8 57.5 59 -1 0
0 1 0 30.9 57.5 61 -1 0
0 1 0 30.9 57.5 65 -1 0
0 1 0 30.8 57.5 69 -1 0
0 1 0 30.8 57.5 72 -1 0
0 1 0 30.9 57.5 68 -1 0
0 1 0 30.8 57.5 63 -1 0
0 1 0 30.8 57.5 66 -1 0
0 1 0 30.8 57.0 65 -1 0
0 1 0 30.8 57.0 70 -1 0
0 1 0 30.8 57.0 68 -1 0
0 1 0 30.8 57.0 65 -1 0
0 1 0 30.8 57.5 69 -1 0
0 1 0 30.9 57.5 67 -1 0
0 1 0 30.8 57.5 62 -1 0
0 1 0 30.9 57.5 62 -1 0
0 1 0 30.9 57.5 64 -1 0
0 1 0 30.9 57.5 59 -1 0
0 1 0 30.9 57.5 54 -1 0
0 1 0 30.9 58.0 63 -1 0
0 1 0 30.9 58.0 59 -1 0
0 1 0 31.0 58.0 59 -1 0
0 1 0 30.9 58.5 59 -1 0
0 1 0 30.9 58.0 59 -1 0
0 1 0 30.9 58.0 67 -1 0
0 1 0 30.9 58.0 65 -1 0
0 1 0 30.9 58.5 69 -1 0
0 1 0 31.0 58.5 72 -1 0
0 1 0 30.9 58.5 72 -1 0
0 1 0 31.0 58.5 72 -1 0
0 1 0 30.9 58.5 72 -1 0
0 1 0 30.9 58.5 72 -1 0
0 1 0 31.0 58.5 70 -1 0
0 1 0 30.9 58.5 67 -1 0
0 1 0 31.0 58.5 69 -1 0
0 1 0 31.0 58.5 67 -1 0
0 1 0 30.9 58.5 65 -1 0
0 1 0 31.0 58.0 62 -1 0
0 1 0 30.9 57.5 60 -1 0
0 1 0 30.9 58.0 60 -1 0
0 1 0 30.9 58.0 55 -1 0
0 1 0 30.9 58.0 55 -1 0
0 1 0 30.9 58.0 58 -1 0
0 1 0 31.0 58.0 57 -1 0
0 1 0 31.0 58.0 55 -1 0
0 1 0 31.0 58.0 55 -1 0
0 1 0 31.0 58.0 53 -1 0
0 1 0 30.9 58.0 52 -1 0
0 1 0 31.0 58.0 50 -1 0
0 1 0 30.9 58.0 50 -1 0
0 1 0 30.9 57.5 52 -1 0
0 1 0 30.9 58.0 52 -1 0
0 1 0 30.9 58.0 50 -1 0
0 1 0 30.9 58.0 50 -1 0
0 1 0 31.0 58.0 52 -1 0
0 1 0 30.9 58.0 50 -1 0
0 1 0 30.9 58.0 40 -1 0
0 1 0 30.9 58.0 52 -1 0
0 1 0 30.9 57.5 53 -1 0
0 1 0 30.9 58.0 53 -1 0
0 1 0 30.9 58.0 51 -1 0
0 1 0 30.9 58.0 53 -1 0
0 1 0 30.9 58.0 55 -1 0
0 1 0 30.9 58.0 57 -1 0
0 1 0 31.0 58.0 52 -1 0
0 1 0 30.9 58.0 57 -1 0
0 1 0 31.0 58.0 57 -1 0
0 1 0 31.0 58.5 58 -1 0
0 1 0 31.0 58.0 60 -1 0
0 1 0 31.0 58.5 58 -1 0
0 1 0 31.1 58.5 60 -1 0
0 1 0 31.0 58.5 60 -1 0
0 1 0 30.9 58.5 58 -1 0
0 1 0 31.0 58.5 60 -1 0
0 1 0 31.0 58.5 60 -1 0
0 1 0 31.0 58.5 57 -1 0
0 1 0 31.0 58.0 55 -1 0
0 1 0 31.0 58.0 57 -1 0
0 1 0 31.0 58.0 59 -1 0
0 1 0 31.0 58.0 60 -1 0
0 1 0 31.0 58.0 60 -1 0
0 1 0 31.0 58.0 59 -1 0
0 1 0 31.0 58.0 58 -1 0
0 1 0 31.0 58.0 60 -1 0
0 1 0 30.9 58.0 58 -1 0
0 1 0 30.9 58.0 59 -1 0
0 1 0 30.9 57.5 55 -1 0
0 1 0 30.9 57.5 49 -1 0
0 1 0 30.9 57.5 45 -1 0
0 1 0 30.9 57.5 54 -1 0
0 1 0 30.9 57.5 53 -1 0
0 1 0 30.8 57.5 54 -1 0
0 1 0 30.9 57.5 57 -1 0
0 1 0 30.9 57.5 57 -1 0
0 1 0 30.9 57.5 55 -1 0
0 1 0 30.9 57.5 55 -1 0
0 1 0 31.0 57.5 55 -1 0
0 1 0 31.0 57.5 59 -1 0
0 1 0 30.9 58.0 64 -1 0
0 1 0 31.0 58.0 62 -1 0
0 1 0 30.9 58.0 67 -1 0
0 1 0 31.0 58.0 65 -1 0
0 1 0 31.0 57.5 65 -1 0
0 1 0 31.0 58.0 69 -1 0
0 1 0 30.9 57.5 64 -1 0
0 1 0 30.9 57.5 59 -1 0
0 1 0 31.0 57.5 68 -1 0
0 1 0 31.0 57.5 70 -1 0
0 1 0 31.0 57.5 66 -1 0
0 1 0 31.0 57.5 70 -1 0
0 1 0 30.9 57.5 55 -1 0
0 1 0 30.9 57.5 72 -1 0
0 1 0 30.9 57.5 60 -1 0
0 1 0 30.9 57.5 65 -1 0
0 1 0 30.9 57.5 69 -1 0
0 1 0 30.9 57.5 65 -1 0
0 1 0 30.9 57.0 67 -1 0
0 1 0 30.8 57.0 70 -1 0
0 1 0 30.9 57.5 64 -1 0
0 1 0 30.9 57.5 55 -1 0
0 1 0 31.0 57.5 57 -1 0
0 1 0 30.9 57.5 57 -1 0
0 1 0 30.9 57.5 59 -1 0
0 1 0 30.9 57.5 57 -1 0
0 1 0 30.9 57.5 59 -1 0
0 1 0 30.9 57.0 62 -1 0
0 1 0 30.9 57.0 57 -1 0
0 1 0 30.9 57.0 60 -1 0
0 1 0 30.9 57.0 66 -1 0
0 1 0 30.9 57.0 64 -1 0
0 1 0 30.9 57.0 55 -1 0
0 1 0 30.9 57.0 54 -1 0
0 1 0 30.9 57.0 67 -1 0
0 1 0 31.1 57.0 65 -1 0
0 1 0 31.0 57.0 61 -1 0
0 1 0 31.0 57.0 61 -1 0
0 1 0 31.1 57.0 60 -1 0
0 1 0 31.1 57.0 49 -1 0
0 1 0 31.1 57.0 49 -1 0
0 1 0 31.1 57.0 47 -1 0
0 1 0 31.0 57.0 51 -1 0
0 1 0 31.1 57.0 49 -1 0
0 1 0 31.1 57.0 47 -1 0
0 1 0 31.0 57.0 45 -1 0
0 1 0 31.0 57.0 52 -1 0
0 1 0 31.1 57.0 50 -1 0
0 1 0 30.9 56.0 44 -1 0
0 1 0 30.9 56.0 42 -1 0
0 1 0 30.9 55.5 40 -1 0
0 1 0 30.8 55.0 44 -1 0
0 1 0 30.9 54.5 42 -1 0
0 1 0 30.8 54.0 42 -1 0
0 1 0 30.7 54.0 38 -1 0
0 1 0 30.7 53.5 40 -1 0
0 1 0 30.6 53.5 42 -1 0
0 1 0 30.6 53.0 42 -1 0
0 1 0 30.6 53.0 55 -1 0
0 1 0 30.6 53.0 58 -1 0
0 1 0 30.5 54.5 59 -1 0
0 1 0 30.6 55.0 58 -1 0
0 1 0 30.6 55.0 42 -1 0
0 1 0 30.6 55.5 37 -1 0
0 1 0 30.7 55.5 37 -1 0
0 1 0 30.7 55.5 37 -1 0
0 1 0 30.8 55.5 37 -1 0
0 1 0 30.8 55.5 39 -1 0
0 1 0 31.0 55.5 39 -1 0
0 1 0 30.9 55.5 44 -1 0
0 1 0 30.9 55.5 55 -1 0
0 1 0 30.8 56.0 49 -1 0
0 1 0 30.9 56.0 40 -1 0
0 1 0 30.8 55.0 55 -1 0
0 1 0 30.7 55.5 56 -1 0
0 1 0 30.8 56.0 56 -1 0
0 1 0 30.8 55.5 58 -1 0
0 1 0 30.7 55.0 54 -1 0
0 1 0 30.7 54.5 54 -1 0
0 1 0 30.7 54.0 56 -1 0
0 1 0 30.6 54.0 58 -1 0
0 1 0 30.5 54.0 58 -1 0
0 1 0 30.5 54.5 58 -1 0
0 1 0 30.5 54.5 59 -1 0
0 1 0 30.6 53.0 61 -1 0
0 1 0 30.5 53.0 61 -1 0
0 1 0 30.4 52.5 61 -1 0
0 1 0 30.4 52.5 61 -1 0
0 1 0 30.3 52.0 62 -1 0
0 1 0 30.3 52.0 64 -1 0
0 1 0 30.2 51.5 66 -1 0
0 1 0 30.2 51.5 66 -1 0
0 1 0 30.2 51.5 53 -1 0
0 1 0 30.1 52.0 46 -1 0
0 1 0 30.1 51.5 49 -1 0
0 1 0 30.1 51.0 44 -1 0
0 1 0 30.1 51.5 44 -1 0
0 1 0 30.1 51.5 42 -1 0
0 1 0 30.0 51.0 40 -1 0
0 1 0 30.0 51.0 42 -1 0
0 1 0 30.0 52.0 44 -1 0
0 1 0 30.0 51.5 40 -1 0
0 1 0 30.0 51.0 60 -1 0
0 1 0 30.0 51.5 61 -1 0
0 1 0 29.9 51.0 61 -1 0
0 1 0 30.0 50.5 58 -1 0
0 1 0 29.8 50.5 58 -1 0
0 1 0 29.9 50.0 58 -1 0
0 1 0 29.8 50.0 60 -1 0
0 1 0 29.8 49.5 58 -1 0
0 1 0 29.8 49.5 56 -1 0
0 1 0 29.7 49.5 56 -1 0
0 1 0 29.8 49.5 58 -1 0
0 1 0 29.7 49.5 54 -1 0
0 1 0 29.7 50.0 58 -1 0
0 1 0 29.7 51.0 56 -1 0
0 1 0 29.7 51.0 56 -1 0
0 1 0 29.8 50.5 56 -1 0
0 1 0 29.7 50.0 56 -1 0
0 1 0 29.7 50.0 56 -1 0
0 1 0 29.7 50.0 56 -1 0
0 1 0 29.7 49.5 57 -1 0
0 1 0 29.7 49.5 57 -1 0
0 1 0 29.7 49.5 57 -1 0
0 1 0 29.7 49.5 57 -1 0
0 1 0 29.7 50.5 57 -1 0
0 1 0 29.7 51.0 57 -1 0
0 1 0 29.7 51.5 36 -1 0
0 1 0 29.7 52.0 32 -1 0
0 1 0 29.7 52.0 32 -1 0
0 1 0 29.7 52.5 32 -1 0
0 1 0 29.8 52.5 34 -1 0
0 1 0 29.7 52.5 39 -1 0
0 1 0 29.8 52.5 34 -1 0
0 1 0 29.9 52.5 37 -1 0
0 1 0 29.8 52.0 47 -1 0
0 1 0 29.8 51.5 38 -1 0
0 1 0 29.8 51.0 34 -1 0
0 1 0 29.7 51.0 39 -1 0
0 1 0 29.7 51.0 47 -1 0
0 1 0 29.7 50.5 58 -1 0
0 1 0 29.7 50.5 60 -1 0
0 1 0 29.6 50.5 57 -1 0
0 1 0 29.6 50.0 44 -1 0
0 1 0 29.6 50.0 36 -1 0
0 1 0 29.6 49.5 32 -1 0
0 1 0 29.6 49.5 36 -1 0
0 1 0 29.5 49.5 47 -1 0
0 1 0 29.5 49.0 62 -1 0
0 1 0 29.5 49.0 60 -1 0
0 1 0 29.5 49.0 58 -1 0
0 1 0 29.5 49.0 59 -1 0
0 1 0 29.5 49.0 57 -1 0
0 1 0 29.4 48.5 57 -1 0
0 1 0 29.4 48.5 59 -1 0
0 1 0 29.4 48.5 39 -1 0
0 1 0 29.3 48.5 42 -1 0
0 1 0 29.4 48.5 34 -1 0
0 1 0 29.4 48.5 34 -1 0
0 1 0 29.3 48.5 55 -1 0
0 1 0 29.3 48.0 55 -1 0
0 1 0 29.3 48.0 55 -1 0
0 1 0 29.3 48.0 55 -1 0
0 1 0 29.3 48.0 59 -1 0
0 1 0 29.3 48.0 55 -1 0
0 1 0 29.3 48.0 55 -1 0
0 1 0 29.2 47.5 57 -1 0
0 1 0 29.2 47.5 57 -1 0
0 1 0 29.1 47.5 55 -1 0
0 1 0 29.1 47.5 55 -1 0
0 1 0 29.1 47.5 57 -1 0
0 1 0 29.1 47.5 57 -1 0
0 1 0 29.1 47.5 57 -1 0
0 1 0 29.1 47.5 57 -1 0
0 1 0 29.1 47.5 55 -1 0
0 1 0 29.1 47.0 53 -1 0
0 1 0 29.0 47.5 54 -1 0
0 1 0 29.0 47.5 56 -1 0
0 1 0 29.0 47.5 56 -1 0
0 1 0 29.0 47.0 56 -1 0
0 1 0 29.1 47.0 56 -1 0
0 1 0 29.0 47.5 54 -1 0
0 1 0 29.0 47.5 54 -1 0
0 1 0 29.0 47.5 54 -1 0
0 1 0 29.0 47.0 52 -1 0
0 1 0 28.9 48.0 52 -1 0
0 1 0 29.0 48.5 52 -1 0
0 1 0 28.9 48.5 56 -1 0
0 1 0 28.9 49.0 54 -1 0
0 1 0 29.0 49.0 54 -1 0
0 1 0 29.0 49.5 54 -1 0
0 1 0 29.0 49.5 54 -1 0
0 1 0 29.0 49.0 52 -1 0
0 1 0 29.0 49.5 52 -1 0
0 1 0 29.0 50.0 54 -1 0
0 1 0 29.1 50.0 54 -1 0
0 1 0 29.1 50.0 52 -1 0
0 1 0 29.0 49.0 52 -1 0
0 1 0 29.0 49.0 53 -1 0
0 1 0 29.0 48.5 50 -1 0
0 1 0 28.9 48.5 51 -1 0
0 1 0 29.0 49.0 49 -1 0
0 1 0 29.0 49.0 49 -1 0
0 1 0 28.9 48.5 51 -1 0
0 1 0 29.0 48.5 49 -1 0
0 1 0 28.9 49.0 49 -1 0
0 1 0 29.0 49.5 49 -1 0
0 1 0 29.0 49.0 47 -1 0
0 1 0 29.0 49.0 47 -1 0
0 1 0 28.9 48.5 47 -1 0
0 1 0 28.9 48.5 47 -1 0
0 1 0 29.0 48.5 49 -1 0
0 1 0 28.9 48.5 49 -1 0
0 1 0 28.9 48.5 47 -1 0
0 1 0 29.0 48.0 47 -1 0
0 1 0 28.9 48.0 49 -1 0
0 1 0 28.8 48.0 47 -1 0
0 1 0 28.9 48.0 47 -1 0
0 1 0 28.8 48.0 44 -1 0
0 1 0 28.9 48.0 44 -1 0
0 1 0 28.9 48.0 42 -1 0
0 1 0 28.9 48.0 46 -1 0
0 1 0 28.9 48.0 46 -1 0
0 1 0 28.8 48.0 46 -1 0
0 1 0 28.9 48.0 44 -1 0
0 1 0 28.8 48.0 44 -1 0
0 1 0 28.9 48.0 42 -1 0
0 1 0 28.8 47.5 42 -1 0
0 1 0 28.8 48.0 42 -1 0
0 1 0 28.8 47.5 44 -1 0
0 1 0 28.8 47.5 44 -1 0
0 1 0 28.9 47.5 42 -1 0
0 1 0 28.8 47.5 42 -1 0
0 1 0 28.8 47.5 40 -1 0
0 1 0 28.7 47.0 40 -1 0
0 1 0 28.7 47.0 44 -1 0
0 1 0 28.7 47.0 42 -1 0
0 1 0 28.7 47.5 42 -1 0
0 1 0 28.7 47.0 40 -1 0
0 1 0 28.6 47.0 37 -1 0
0 1 0 28.7 47.0 41 -1 0
0 1 0 28.7 47.0 39 -1 0
0 1 0 28.7 47.0 37 -1 0
0 1 0 28.7 47.0 37 -1 0
0 1 0 28.6 47.5 39 -1 0
0 1 0 28.7 47.5 37 -1 0
0 1 0 28.7 47.5 37 -1 0
0 1 0 28.7 47.5 35 -1 0
0 1 0 28.6 47.5 35 -1 0
0 1 0 28.6 47.5 35 -1 0
0 1 0 28.6 47.0 35 -1 0
0 1 0 28.7 47.0 35 -1 0
0 1 0 28.6 47.0 34 -1 0
0 1 0 28.6 47.0 32 -1 0
0 1 0 28.6 47.0 32 -1 0
0 1 0 28.6 47.0 32 -1 0
0 1 0 28.7 47.0 30 -1 0
0 1 0 28.6 47.5 30 -1 0
0 1 0 28.7 47.5 30 -1 0
0 1 0 28.7 47.5 32 -1 0
0 1 0 28.7 47.5 28 -1 0
0 1 0 28.7 47.5 30 -1 0
0 1 0 28.7 47.5 30 -1 0
0 1 0 28.7 47.5 28 -1 0
0 1 0 28.7 47.5 26 -1 0
0 1 0 28.6 47.5 27 -1 0
0 1 0 28.6 47.5 27 -1 0
0 1 0 28.7 47.5 25 -1 0
0 1 0 28.7 47.5 23 -1 0
0 1 0 28.7 47.5 25 -1 0
0 1 0 28.6 47.5 23 -1 0
0 1 0 28.7 47.5 25 -1 0
0 1 0 28.7 47.5 23 -1 0
0 1 0 28.7 47.5 22 -1 0
0 1 0 28.7 47.5 18 -1 0
0 1 0 28.6 47.0 20 -1 0
0 1 0 28.6 47.5 20 -1 0
0 1 0 28.6 47.0 18 -1 0
0 1 0 28.7 47.0 13 -1 0
0 1 0 28.6 47.0 15 -1 0
0 1 0 28.6 47.0 13 -1 0
0 1 0 28.6 47.0 11 -1 0
0 1 0 28.6 47.0 11 -1 0
0 1 0 28.6 47.0 9 -1 0
0 1 0 28.6 47.0 9 -1 0
0 1 0 28.6 47.0 11 -1 0
0 1 0 28.5 47.0 11 -1 0
0 1 0 28.6 47.0 11 -1 0
0 1 0 28.6 47.0 9 -1 0
0 1 0 28.6 47.0 9 -1 0
0 1 0 28.6 46.5 7 -1 0
0 1 0 28.6 46.5 7 -1 0
0 1 0 28.5 46.5 7 -1 0
0 1 0 28.5 46.5 5 -1 0
0 1 0 28.5 46.5 9 -1 0
0 1 0 28.5 46.5 9 -1 0
0 1 0 28.5 46.5 6 -1 0
0 1 0 28.5 46.0 6 -1 0
0 1 0 28.3 46.0 4 -1 0
0 1 0 28.4 46.0 4 -1 0
0 1 0 28.4 46.0 2 -1 0
0 1 0 28.3 46.0 2 -1 0
0 1 0 28.3 46.0 6 -1 0
0 1 0 28.2 46.0 4 -1 0
0 1 0 28.3 46.0 4 -1 0
0 1 0 28.2 46.0 4 -1 0
0 1 0 28.2 46.0 2 -1 0
0 1 0 28.2 46.0 2 -1 0
0 1 0 28.2 46.0 1 -1 0
0 1 0 28.2 46.0 1 -1 0
0 1 0 28.1 46.0 4 -1 0
0 1 0 28.2 46.0 2 -1 0
0 1 0 28.2 46.0 2 -1 0
0 1 0 28.2 46.0 2 -1 0
0 1 0 28.1 46.0 2 -1 0
0 1 0 28.1 46.0 0 -1 0
0 1 0 28.1 46.0 0 -1 0
0 1 0 28.1 46.0 0 -1 0
0 1 0 28.1 46.0 0 -1 0
0 1 0 28.1 46.0 0 -1 0
0 1 0 28.1 46.0 0 -1 0
0 1 0 28.2 46.0 1 -1 0
0 1 0 28.1 46.0 1 -1 0
0 1 0 28.1 46.0 1 -1 0
0 1 0 28.2 46.0 1 -1 0
0 1 0 28.2 46.0 1 -1 0
0 1 0 28.2 46.5 1 -1 0
0 1 0 28.1 46.5 1 -1 0
0 1 0 28.2 47.5 1 -1 0
0 1 0 28.3 48.5 1 -1 0
0 1 0 28.3 48.5 1 -1 0
0 1 0 28.4 50.0 1 -1 0
0 1 0 28.3 50.5 1 -1 0
0 1 0 28.4 51.0 1 -1 0
0 1 0 28.5 51.5 1 -1 0
0 1 0 28.5 52.0 1 -1 0
0 1 0 28.5 52.5 1 -1 0
0 1 0 28.5 53.0 1 -1 0
0 1 0 28.6 53.0 2 -1 0
0 1 0 28.7 53.0 2 -1 0
0 1 0 28.6 53.0 2 -1 0
0 1 0 28.6 52.0 2 -1 0
0 1 0 28.6 51.0 2 -1 0
0 1 0 28.6 51.0 2 -1 0
0 1 0 28.6 51.0 2 -1 0
0 1 0 28.6 50.0 2 -1 0
0 1 0 28.5 50.0 2 -1 0
0 1 0 28.5 50.0 2 -1 0
0 1 0 28.5 49.5 2 -1 0
0 1 0 28.5 49.5 2 -1 0
0 1 0 28.6 50.5 2 -1 0
0 1 0 28.5 49.5 2 -1 0
0 1 0 28.6 49.0 2 -1 0
0 1 0 28.5 49.0 2 -1 0
0 1 0 28.6 49.0 2 -1 0
0 1 0 28.6 49.5 2 -1 0
0 1 0 28.6 49.0 2 -1 0
0 1 0 28.6 49.0 2 -1 0
0 1 0 28.5 49.0 2 -1 0
0 1 0 28.5 49.0 2 -1 0
0 1 0 28.5 49.0 2 -1 0
0 1 0 28.6 48.5 2 -1 0
0 1 0 28.6 48.5 2 -1 0
0 1 0 28.6 48.5 2 -1 0
0 1 0 28.5 48.5 2 -1 0
0 1 0 28.6 48.5 2 -1 0
0 1 0 28.5 48.5 2 -1 0
0 1 0 28.5 48.0 2 -1 0
0 1 0 28.5 48.0 2 -1 0
0 1 0 28.5 47.5 2 -1 0
0 1 0 28.4 47.5 2 -1 0
0 1 0 28.5 47.5 2 -1 0
0 1 0 28.4 47.5 2 -1 0
0 1 0 28.4 47.5 2 -1 0
0 1 0 28.4 47.5 2 -1 0
0 1 0 28.4 47.0 2 -1 0
0 1 0 28.4 47.0 2 -1 0
0 1 0 28.3 47.0 2 -1 0
0 1 0 28.4 47.0 2 -1 0
0 1 0 28.4 47.0 2 -1 0
0 1 0 28.3 47.0 2 -1 0
0 1 0 28.3 47.0 2 -1 0
0 1 0 28.4 47.0 2 -1 0
0 1 0 28.3 46.5 2 -1 0
0 1 0 28.3 46.5 2 -1 0
0 1 0 28.3 46.5 2 -1 0
0 1 0 28.3 46.5 2 -1 0
0 1 0 28.3 46.5 2 -1 0
0 1 0 28.3 46.5 2 -1 0
0 1 0 28.2 46.5 2 -1 0
0 1 0 28.3 46.5 2 -1 0
0 1 0 28.3 46.5 2 -1 0
0 1 0 28.2 46.5 2 -1 0
0 1 0 28.3 46.5 2 -1 0
0 1 0 28.2 46.0 2 -1 0
0 1 0 28.2 46.0 2 -1 0
0 1 0 28.3 46.0 2 -1 0
0 1 0 28.2 46.0 2 -1 0
0 1 0 28.2 46.0 2 -1 0
0 1 0 28.2 46.0 2 -1 0
0 1 0 28.3 46.0 2 -1 0
0 1 0 28.2 46.5 2 -1 0
0 1 0 28.2 46.5 2 -1 0
0 1 0 28.2 46.0 2 -1 0
0 1 0 28.2 46.0 2 -1 0
0 1 0 28.3 46.0 2 -1 0
0 1 0 28.3 46.0 2 -1 0
0 1 0 28.2 46.0 2 -1 0
0 1 0 28.3 46.0 2 -1 0
0 1 0 28.2 46.0 2 -1 0
0 1 0 28.3 46.0 2 -1 0
0 1 0 28.2 46.0 2 -1 0
0 1 0 28.2 46.0 2 -1 0
0 1 0 28.2 46.0 2 -1 0
0 1 0 28.2 46.0 2 -1 0
0 1 0 28.2 46.0 2 -1 0
0 1 0 28.2 46.0 2 -1 0
0 1 0 28.2 46.0 2 -1 0
0 1 0 28.2 46.0 2 -1 0
0 1 0 28.3 46.5 2 -1 0
0 1 0 28.2 46.5 2 -1 0
0 1 0 28.2 46.5 2 -1 0
0 1 0 28.2 47.0 2 -1 0
0 1 0 28.3 47.0 2 -1 0
0 1 0 28.3 47.5 2 -1 0
0 1 0 28.3 48.0 2 -1 0
0 1 0 28.3 48.0 2 -1 0
0 1 0 28.4 47.5 2 -1 0
0 1 0 28.3 47.5 2 -1 0
0 1 0 28.3 47.5 2 -1 0
0 1 0 28.3 47.5 2 -1 0
0 1 0 28.4 48.5 2 -1 0
0 1 0 28.4 48.0 2 -1 0
0 1 0 28.4 47.5 2 -1 0
0 1 0 28.3 47.5 2 -1 0
0 1 0 28.5 48.0 2 -1 0
0 1 0 28.3 48.0 2 -1 0
0 1 0 28.3 48.0 2 -1 0
0 1 0 28.4 48.0 2 -1 0
0 1 0 28.4 48.5 2 -1 0
0 1 0 28.5 49.0 2 -1 0
0 1 0 28.4 50.0 2 -1 0
0 1 0 28.4 50.5 2 -1 0
0 1 0 28.4 51.0 2 -1 0
0 1 0 28.5 51.0 2 -1 0
0 1 0 28.4 51.0 2 -1 0
0 1 0 28.5 51.0 2 -1 0
0 1 0 28.5 50.0 2 -1 0
0 1 0 28.5 50.0 2 -1 0
0 1 0 28.5 50.0 2 -1 0
0 1 0 28.5 50.0 2 -1 0
0 1 0 28.5 50.0 2 -1 0
0 1 0 28.5 50.5 2 -1 0
0 1 0 28.5 49.5 2 -1 0
0 1 0 28.6 49.5 2 -1 0
0 1 0 28.6 49.0 2 -1 0
0 1 0 28.5 49.0 2 -1 0
0 1 0 28.6 49.0 2 -1 0
0 1 0 28.6 49.5 2 -1 0
0 1 0 28.6 50.0 2 -1 0
0 1 0 28.5 49.5 2 -1 0
0 1 0 28.6 49.0 2 -1 0
0 1 0 28.6 49.0 2 -1 0
0 1 0 28.6 48.5 2 -1 0
0 1 0 28.5 48.5 2 -1 0
0 1 0 28.6 48.5 2 -1 0
0 1 0 28.5 48.5 2 -1 0
0 1 0 28.5 48.5 2 -1 0
0 1 0 28.5 48.5 2 -1 0
0 1 0 28.6 48.0 2 -1 0
0 1 0 28.5 48.5 2 -1 0
0 1 0 28.5 48.0 2 -1 0
0 1 0 28.5 48.0 2 -1 0
0 1 0 28.5 48.0 2 -1 0
0 1 0 28.5 48.0 2 -1 0
0 1 0 28.5 48.0 2 -1 0
0 1 0 28.6 47.5 2 -1 0
0 1 0 28.6 47.5 2 -1 0
0 1 0 28.5 47.5 2 -1 0
0 1 0 28.5 47.5 2 -1 0
0 1 0 28.5 47.5 2 -1 0
0 1 0 28.6 47.5 2 -1 0
0 1 0 28.6 47.5 2 -1 0
0 1 0 28.6 47.5 2 -1 0
0 1 0 28.5 47.5 2 -1 0
0 1 0 28.5 47.5 2 -1 0
0 1 0 28.6 47.5 2 -1 0
0 1 0 28.6 47.5 2 -1 0
0 1 0 28.5 47.5 2 -1 0
0 1 0 28.5 47.5 2 -1 0
0 1 0 28.5 47.5 2 -1 0
0 1 0 28.6 47.5 2 -1 0
0 1 0 28.5 47.5 2 -1 0
0 1 0 28.6 47.5 2 -1 0
0 1 0 28.6 47.0 2 -1 0
0 1 0 28.5 47.0 2 -1 0
0 1 0 28.5 47.0 2 -1 0
0 1 0 28.5 47.0 2 -1 0
0 1 0 28.6 47.5 2 -1 0
0 1 0 28.5 47.0 2 -1 0
0 1 0 28.5 47.0 2 -1 0
0 1 0 28.5 47.0 2 -1 0
0 1 0 28.5 48.0 2 -1 0
0 1 0 28.5 48.5 2 -1 0
0 1 0 28.6 47.5 2 -1 0
0 1 0 28.6 47.5 2 -1 0
0 1 0 28.6 47.5 2 -1 0
0 1 0 28.6 47.5 2 -1 0
0 1 0 28.6 49.0 2 -1 0
0 1 0 28.5 49.5 2 -1 0
0 1 0 28.6 48.0 2 -1 0
0 1 0 28.6 48.5 2 -1 0
0 1 0 28.5 48.5 2 -1 0
0 1 0 28.6 48.5 0 -1 0
0 1 0 28.6 48.0 2 -1 0
0 1 0 28.6 48.0 2 -1 0
0 1 0 28.6 48.0 2 -1 0
0 1 0 28.7 48.0 2 -1 0
0 1 0 28.6 48.0 2 -1 0
0 1 0 28.6 48.0 2 -1 0
0 1 0 28.6 48.0 2 -1 0
0 1 0 28.6 48.0 2 -1 0
0 1 0 28.6 48.0 2 -1 0
0 1 0 28.6 48.5 2 -1 0
0 1 0 28.7 48.5 2 -1 0
0 1 0 28.6 49.0 2 -1 0
0 1 0 28.6 49.0 2 -1 0
0 1 0 28.7 49.0 2 -1 0
0 1 0 28.7 49.0 2 -1 0
0 1 0 28.6 49.0 2 -1 0
0 1 0 28.7 49.0 2 -1 0
0 1 0 28.7 49.5 2 -1 0
0 1 0 28.7 49.5 2 -1 0
0 1 0 28.7 49.5 2 -1 0
0 1 0 28.7 49.5 2 -1 0
0 1 0 28.7 49.5 2 -1 0
0 1 0 28.7 49.5 2 -1 0
0 1 0 28.8 49.5 2 -1 0
0 1 0 28.7 49.5 2 -1 0
0 1 0 28.8 50.0 2 -1 0
0 1 0 28.8 50.0 2 -1 0
0 1 0 28.8 50.0 2 -1 0
0 1 0 28.9 50.0 2 -1 0
0 1 0 28.8 50.0 2 -1 0
0 1 0 28.9 50.5 2 -1 0
0 1 0 28.8 50.5 2 -1 0
0 1 0 28.9 50.5 2 -1 0
0 1 0 28.9 50.5 2 -1 0
0 1 0 28.9 51.0 2 -1 0
0 1 0 28.9 50.0 2 -1 0
0 1 0 29.0 50.5 2 -1 0
0 1 0 29.0 50.5 2 -1 0
0 1 0 28.9 51.0 2 -1 0
0 1 0 29.0 51.0 2 -1 0
0 1 0 29.0 51.0 2 -1 0
0 1 0 29.0 51.0 2 -1 0
0 1 0 29.0 51.5 2 -1 0
0 1 0 29.0 51.5 2 -1 0
0 1 0 29.0 51.5 2 -1 0
0 1 0 29.0 51.5 2 -1 0
0 1 0 29.1 51.5 2 -1 0
0 1 0 29.1 51.5 2 -1 0
0 1 0 29.1 51.5 2 -1 0
0 1 0 29.1 52.0 2 -1 0
0 1 0 29.1 52.0 2 -1 0
0 1 0 29.1 51.5 2 -1 0
0 1 0 29.2 51.5 2 -1 0
0 1 0 29.2 51.5 2 -1 0
0 1 0 29.1 51.5 2 -1 0
0 1 0 29.2 52.0 2 -1 0
0 1 0 29.2 51.5 2 -1 0
0 1 0 29.2 51.5 2 -1 0
0 1 0 29.1 51.5 2 -1 0
0 1 0 29.2 51.5 2 -1 0
0 1 0 29.2 51.5 2 -1 0
0 1 0 29.3 51.5 2 -1 0
0 1 0 29.2 51.5 2 -1 0
0 1 0 29.2 51.5 2 -1 0
0 1 0 29.2 51.5 2 -1 0
0 1 0 29.3 52.0 2 -1 0
0 1 0 29.3 52.0 2 -1 0
0 1 0 29.3 52.0 2 -1 0
0 1 0 29.3 52.5 2 -1 0
0 1 0 29.4 52.5 2 -1 0
0 1 0 29.4 52.5 2 -1 0
0 1 0 29.3 53.0 2 -1 0
0 1 0 29.4 53.0 2 -1 0
0 1 0 29.4 52.5 2 -1 0
0 1 0 29.3 52.5 2 -1 0
0 1 0 29.4 52.5 2 -1 0
0 1 0 29.4 52.5 2 -1 0
0 1 0 29.4 53.0 2 -1 0
0 1 0 29.4 53.0 2 -1 0
0 1 0 29.5 53.0 2 -1 0
0 1 0 29.5 53.0 2 -1 0
0 1 0 29.5 53.0 2 -1 0
0 1 0 29.5 53.0 2 -1 0
0 1 0 29.5 53.0 2 -1 0
0 1 0 29.5 53.0 2 -1 0
0 1 0 29.6 53.5 2 -1 0
0 1 0 29.6 53.5 2 -1 0
0 1 0 29.6 53.5 2 -1 0
0 1 0 29.5 54.0 2 -1 0
0 1 0 29.6 54.0 2 -1 0
0 1 0 29.6 54.0 2 -1 0
0 1 0 29.6 54.0 2 -1 0
0 1 0 29.6 54.0 2 -1 0
0 1 0 29.6 54.0 2 -1 0
0 1 0 29.7 54.0 2 -1 0
0 1 0 29.6 54.0 2 -1 0
0 1 0 29.6 54.0 0 -1 0
0 1 0 29.6 54.0 2 -1 0
0 1 0 29.6 54.0 2 -1 0
0 1 0 29.7 54.5 2 -1 0
0 1 0 29.7 54.5 2 -1 0
0 1 0 29.7 54.5 2 -1 0
0 1 0 29.7 54.5 2 -1 0
0 1 0 29.7 54.5 2 -1 0
0 1 0 29.8 55.0 2 -1 0
0 1 0 29.7 55.0 2 -1 0
0 1 0 29.8 55.0 2 -1 0
