0 1 0 27.1 69.5 2 -1 0
0 1 0 27.1 69.5 2 -1 0
0 1 0 27.1 69.0 2 -1 0
0 1 0 27.2 69.5 2 -1 0
0 1 0 27.1 69.0 2 -1 0
0 1 0 27.1 69.0 2 -1 0
0 1 0 27.1 69.0 2 -1 0
0 1 0 27.1 69.0 2 -1 0
0 1 0 27.0 68.5 2 -1 0
0 1 0 27.2 68.5 2 -1 0
0 1 0 27.1 68.5 2 -1 0
0 1 0 27.1 68.5 2 -1 0
0 1 0 27.1 68.5 2 -1 0
0 1 0 27.1 68.5 2 -1 0
0 1 0 27.1 68.5 2 -1 0
0 1 0 27.2 69.0 2 -1 0
0 1 0 27.2 69.0 2 -1 0
0 1 0 27.1 69.0 2 -1 0
0 1 0 27.2 68.5 2 -1 0
0 1 0 27.2 69.0 2 -1 0
0 1 0 27.1 69.0 2 -1 0
0 1 0 27.2 69.5 2 -1 0
0 1 0 27.2 69.5 2 -1 0
0 1 0 27.2 69.5 2 -1 0
0 1 0 27.2 69.5 2 -1 0
0 1 0 27.2 69.0 2 -1 0
0 1 0 27.2 69.5 2 -1 0
0 1 0 27.2 69.5 2 -1 0
0 1 0 27.3 69.0 2 -1 0
0 1 0 27.2 69.0 2 -1 0
0 1 0 27.2 69.5 2 -1 0
0 1 0 27.2 69.5 2 -1 0
0 1 0 27.2 69.5 2 -1 0
0 1 0 27.2 69.5 2 -1 0
0 1 0 27.2 69.0 2 -1 0
0 1 0 27.3 69.5 2 -1 0
0 1 0 27.2 70.0 2 -1 0
0 1 0 27.3 70.0 2 -1 0
0 1 0 27.3 69.5 2 -1 0
0 1 0 27.3 69.5 2 -1 0
0 1 0 27.2 69.5 2 -1 0
0 1 0 27.3 69.5 2 -1 0
0 1 0 27.3 69.5 2 -1 0
0 1 0 27.3 69.5 2 -1 0
0 1 0 27.3 69.0 2 -1 0
0 1 0 27.3 69.0 2 -1 0
0 1 0 27.3 69.0 2 -1 0
0 1 0 27.3 69.0 2 -1 0
0 1 0 27.3 69.0 2 -1 0
0 1 0 27.3 69.0 2 -1 0
0 1 0 27.3 69.0 2 -1 0
0 1 0 27.2 69.0 2 -1 0
0 1 0 27.3 69.0 2 -1 0
0 1 0 27.3 69.0 2 -1 0
0 1 0 27.3 69.0 2 -1 0
0 1 0 27.3 68.5 2 -1 0
0 1 0 27.3 68.5 2 -1 0
0 1 0 27.3 68.5 2 -1 0
0 1 0 27.3 68.5 2 -1 0
0 1 0 27.3 69.0 2 -1 0
0 1 0 27.3 69.0 2 -1 0
0 1 0 27.4 69.0 2 -1 0
0 1 0 27.2 69.0 2 -1 0
0 1 0 27.3 69.0 2 -1 0
0 1 0 27.3 69.0 2 -1 0
0 1 0 27.4 69.0 2 -1 0
0 1 0 27.3 69.0 2 -1 0
0 1 0 27.3 69.0 2 -1 0
0 1 0 27.4 69.0 2 -1 0
0 1 0 27.3 69.0 2 -1 0
0 1 0 27.3 69.0 2 -1 0
0 1 0 27.4 69.0 2 -1 0
0 1 0 27.4 69.0 2 -1 0
0 1 0 27.4 69.0 2 -1 0
0 1 0 27.4 69.0 2 -1 0
0 1 0 27.3 69.0 2 -1 0
0 1 0 27.4 69.0 2 -1 0
0 1 0 27.4 69.0 2 -1 0
0 1 0 27.3 69.0 2 -1 0
0 1 0 27.3 69.0 2 -1 0
0 1 0 27.3 69.0 2 -1 0
0 1 0 27.3 69.0 2 -1 0
0 1 0 27.4 69.0 2 -1 0
0 1 0 27.4 69.5 2 -1 0
0 1 0 27.3 69.5 2 -1 0
0 1 0 27.4 69.5 2 -1 0
0 1 0 27.4 70.0 2 -1 0
0 1 0 27.4 70.0 2 -1 0
0 1 0 27.4 69.5 2 -1 0
0 1 0 27.3 69.5 2 -1 0
0 1 0 27.3 69.5 2 -1 0
0 1 0 27.4 69.5 2 -1 0
0 1 0 27.4 70.0 2 -1 0
0 1 0 27.4 70.0 2 -1 0
0 1 0 27.3 69.5 2 -1 0
0 1 0 27.4 70.0 2 -1 0
0 1 0 27.4 69.5 2 -1 0
0 1 0 27.4 70.0 2 -1 0
0 1 0 27.4 70.0 2 -1 0
0 1 0 27.4 70.0 2 -1 0
0 1 0 27.4 70.0 2 -1 0
0 1 0 27.4 70.0 2 -1 0
0 1 0 27.4 70.0 2 -1 0
0 1 0 27.4 69.5 2 -1 0
0 1 0 27.4 69.5 2 -1 0
0 1 0 27.4 69.5 2 -1 0
0 1 0 27.4 69.5 2 -1 0
0 1 0 27.5 69.5 2 -1 0
0 1 0 27.4 69.5 2 -1 0
0 1 0 27.5 69.5 2 -1 0
0 1 0 27.4 70.0 2 -1 0
0 1 0 27.4 70.0 2 -1 0
0 1 0 27.4 70.0 2 -1 0
0 1 0 27.4 70.0 2 -1 0
0 1 0 27.5 70.0 2 -1 0
0 1 0 27.5 70.0 2 -1 0
0 1 0 27.4 70.0 2 -1 0
0 1 0 27.4 70.0 2 -1 0
0 1 0 27.5 70.0 2 -1 0
0 1 0 27.5 70.0 2 -1 0
0 1 0 27.4 70.0 2 -1 0
0 1 0 27.5 70.0 2 -1 0
0 1 0 27.5 70.0 2 -1 0
0 1 0 27.6 70.0 2 -1 0
0 1 0 27.5 70.5 2 -1 0
0 1 0 27.5 70.5 2 -1 0
0 1 0 27.5 70.5 2 -1 0
0 1 0 27.5 70.5 2 -1 0
0 1 0 27.5 70.5 2 -1 0
0 1 0 27.5 70.5 2 -1 0
0 1 0 27.5 70.5 2 -1 0
0 1 0 27.5 70.5 2 -1 0
0 1 0 27.5 70.5 2 -1 0
0 1 0 27.5 70.5 2 -1 0
0 1 0 27.5 70.0 2 -1 0
0 1 0 27.5 70.5 2 -1 0
0 1 0 27.5 70.5 2 -1 0
0 1 0 27.6 70.5 2 -1 0
0 1 0 27.5 70.5 2 -1 0
0 1 0 27.6 70.5 2 -1 0
0 1 0 27.6 70.5 2 -1 0
0 1 0 27.6 70.5 2 -1 0
0 1 0 27.5 70.5 2 -1 0
0 1 0 27.6 70.0 2 -1 0
0 1 0 27.6 70.0 2 -1 0
0 1 0 27.5 70.0 2 -1 0
0 1 0 27.6 70.0 2 -1 0
0 1 0 27.5 70.0 2 -1 0
0 1 0 27.6 70.0 2 -1 0
0 1 0 27.5 70.0 2 -1 0
0 1 0 27.5 70.0 2 -1 0
0 1 0 27.5 70.0 2 -1 0
0 1 0 27.5 70.0 2 -1 0
0 1 0 27.6 70.0 2 -1 0
0 1 0 27.5 70.0 2 -1 0
0 1 0 27.5 70.0 2 -1 0
0 1 0 27.6 70.0 2 -1 0
0 1 0 27.6 70.0 2 -1 0
0 1 0 27.6 70.0 2 -1 0
0 1 0 27.6 70.0 2 -1 0
0 1 0 27.6 70.0 2 -1 0
0 1 0 27.6 69.5 2 -1 0
0 1 0 27.6 69.5 2 -1 0
0 1 0 27.6 69.5 2 -1 0
0 1 0 27.6 69.5 2 -1 0
0 1 0 27.6 69.5 2 -1 0
0 1 0 27.6 69.5 2 -1 0
0 1 0 27.5 69.5 2 -1 0
0 1 0 27.5 69.5 2 -1 0
0 1 0 27.6 70.0 2 -1 0
0 1 0 27.6 70.0 2 -1 0
0 1 0 27.6 70.0 2 -1 0
0 1 0 27.6 70.0 2 -1 0
0 1 0 27.6 70.0 2 -1 0
0 1 0 27.5 70.0 2 -1 0
0 1 0 27.6 70.0 2 -1 0
0 1 0 27.5 70.0 2 -1 0
0 1 0 27.6 70.0 2 -1 0
0 1 0 27.6 70.0 2 -1 0
0 1 0 27.6 70.0 2 -1 0
0 1 0 27.6 70.0 2 -1 0
0 1 0 27.6 69.5 2 -1 0
0 1 0 27.6 69.5 2 -1 0
0 1 0 27.6 69.5 2 -1 0
0 1 0 27.6 70.0 2 -1 0
0 1 0 27.6 70.0 2 -1 0
0 1 0 27.6 70.0 2 -1 0
0 1 0 27.6 70.0 2 -1 0
0 1 0 27.6 70.0 2 -1 0
0 1 0 27.6 70.0 2 -1 0
0 1 0 27.6 70.0 2 -1 0
0 1 0 27.6 70.0 2 -1 0
0 1 0 27.6 70.0 2 -1 0
0 1 0 27.6 70.0 2 -1 0
0 1 0 27.5 70.0 2 -1 0
0 1 0 27.6 70.0 2 -1 0
0 1 0 27.6 70.0 2 -1 0
0 1 0 27.6 69.5 2 -1 0
0 1 0 27.6 69.5 2 -1 0
0 1 0 27.6 69.5 2 -1 0
0 1 0 27.6 69.5 2 -1 0
0 1 0 27.6 69.5 2 -1 0
0 1 0 27.6 69.5 2 -1 0
0 1 0 27.6 69.5 2 -1 0
0 1 0 27.6 69.5 2 -1 0
0 1 0 27.6 69.5 2 -1 0
0 1 0 27.6 69.5 2 -1 0
0 1 0 27.6 70.0 2 -1 0
0 1 0 27.6 70.0 2 -1 0
0 1 0 27.6 70.0 2 -1 0
0 1 0 27.6 70.0 2 -1 0
0 1 0 27.6 70.0 2 -1 0
0 1 0 27.6 70.0 2 -1 0
0 1 0 27.6 70.0 2 -1 0
0 1 0 27.6 70.0 2 -1 0
0 1 0 27.6 70.0 2 -1 0
0 1 0 27.6 70.0 2 -1 0
0 1 0 27.6 70.0 2 -1 0
0 1 0 27.6 70.0 2 -1 0
0 1 0 27.6 70.0 2 -1 0
0 1 0 27.6 70.0 2 -1 0
0 1 0 27.6 70.0 2 -1 0
0 1 0 27.6 70.0 2 -1 0
0 1 0 27.6 70.5 2 -1 0
0 1 0 27.6 70.5 2 -1 0
0 1 0 27.7 70.5 2 -1 0
0 1 0 27.6 71.0 2 -1 0
0 1 0 27.7 71.0 2 -1 0
0 1 0 27.6 71.0 2 -1 0
0 1 0 27.6 71.5 2 -1 0
0 1 0 27.6 71.5 2 -1 0
0 1 0 27.6 72.0 2 -1 0
0 1 0 27.6 72.0 2 -1 0
0 1 0 27.6 72.0 2 -1 0
0 1 0 27.6 72.0 2 -1 0
0 1 0 27.6 72.0 2 -1 0
0 1 0 27.7 72.5 2 -1 0
0 1 0 27.7 72.5 2 -1 0
0 1 0 27.7 72.5 2 -1 0
0 1 0 27.7 73.0 2 -1 0
0 1 0 27.7 73.0 2 -1 0
0 1 0 27.7 73.0 2 -1 0
0 1 0 27.7 73.0 2 -1 0
0 1 0 27.7 73.0 2 -1 0
0 1 0 27.7 73.5 2 -1 0
0 1 0 27.7 73.5 2 -1 0
0 1 0 27.7 73.5 2 -1 0
0 1 0 27.7 73.5 2 -1 0
0 1 0 27.8 73.5 2 -1 0
0 1 0 27.7 73.0 2 -1 0
0 1 0 27.7 73.0 2 -1 0
0 1 0 27.7 72.5 2 -1 0
0 1 0 27.7 72.5 2 -1 0
0 1 0 27.7 72.5 2 -1 0
0 1 0 27.8 72.5 2 -1 0
0 1 0 27.8 72.0 2 -1 0
0 1 0 27.8 72.0 2 -1 0
0 1 0 27.7 72.0 2 -1 0
0 1 0 27.7 72.0 2 -1 0
0 1 0 27.8 72.0 2 -1 0
0 1 0 27.8 71.5 2 -1 0
0 1 0 27.7 71.5 2 -1 0
0 1 0 27.8 71.5 2 -1 0
0 1 0 27.8 71.0 2 -1 0
0 1 0 27.8 71.0 2 -1 0
0 1 0 27.7 71.0 2 -1 0
0 1 0 27.8 71.0 2 -1 0
0 1 0 27.7 71.0 2 -1 0
0 1 0 27.8 71.0 2 -1 0
0 1 0 27.8 71.0 2 -1 0
0 1 0 27.8 70.5 2 -1 0
0 1 0 27.7 70.5 2 -1 0
0 1 0 27.7 70.5 2 -1 0
0 1 0 27.8 71.0 2 -1 0
0 1 0 27.8 71.0 2 -1 0
0 1 0 27.7 70.5 2 -1 0
0 1 0 27.7 70.5 2 -1 0
0 1 0 27.7 70.5 2 -1 0
0 1 0 27.8 70.5 2 -1 0
0 1 0 27.8 70.5 2 -1 0
0 1 0 27.7 70.5 2 -1 0
0 1 0 27.8 70.0 2 -1 0
0 1 0 27.7 70.5 2 -1 0
0 1 0 27.7 70.5 2 -1 0
0 1 0 27.7 70.5 2 -1 0
0 1 0 27.7 70.5 2 -1 0
0 1 0 27.7 70.0 2 -1 0
0 1 0 27.7 70.0 2 -1 0
0 1 0 27.8 70.0 2 -1 0
0 1 0 27.7 70.0 2 -1 0
0 1 0 27.7 70.5 2 -1 0
0 1 0 27.7 70.5 2 -1 0
0 1 0 27.7 70.5 2 -1 0
0 1 0 27.7 70.5 1 -1 0
0 1 0 27.7 70.5 1 -1 0
0 1 0 27.7 70.5 1 -1 0
0 1 0 27.7 70.5 1 -1 0
0 1 0 27.7 70.5 1 -1 0
0 1 0 27.7 70.5 1 -1 0
0 1 0 27.8 70.5 1 -1 0
0 1 0 27.7 70.5 1 -1 0
0 1 0 27.7 70.5 1 -1 0
0 1 0 27.7 70.5 0 -1 0
0 1 0 27.7 70.5 0 -1 0
0 1 0 27.7 70.5 0 -1 0
0 1 0 27.7 70.5 2 -1 0
0 1 0 27.7 70.5 2 -1 0
0 1 0 27.7 70.5 3 -1 0
0 1 0 27.7 70.5 3 -1 0
0 1 0 27.8 70.5 3 -1 0
0 1 0 27.7 70.5 3 -1 0
0 1 0 27.7 70.5 1 -1 0
0 1 0 27.7 70.5 1 -1 0
0 1 0 27.7 71.0 1 -1 0
0 1 0 27.7 71.0 2 -1 0
0 1 0 27.7 71.0 2 -1 0
0 1 0 27.7 71.0 1 -1 0
0 1 0 27.7 71.0 2 -1 0
0 1 0 27.8 71.0 2 -1 0
0 1 0 27.6 71.0 2 -1 0
0 1 0 27.8 71.0 2 -1 0
0 1 0 27.7 71.0 2 -1 0
0 1 0 27.8 71.0 5 -1 0
0 1 0 27.7 71.0 7 -1 0
0 1 0 27.7 71.0 5 -1 0
0 1 0 27.7 71.5 5 -1 0
0 1 0 27.8 71.5 8 -1 0
0 1 0 27.7 71.5 6 -1 0
0 1 0 27.7 71.5 8 -1 0
0 1 0 27.8 71.5 7 -1 0
0 1 0 27.7 71.5 8 -1 0
0 1 0 27.7 72.0 10 -1 0
0 1 0 27.8 72.0 12 -1 0
0 1 0 27.7 72.0 13 -1 0
0 1 0 27.8 72.0 15 -1 0
0 1 0 27.8 72.0 16 -1 0
0 1 0 27.8 72.0 19 -1 0
0 1 0 27.8 72.0 21 -1 0
0 1 0 27.8 72.0 23 -1 0
0 1 0 27.8 72.0 24 -1 0
0 1 0 27.8 72.0 23 -1 0
0 1 0 27.8 72.0 23 -1 0
0 1 0 27.8 72.0 26 -1 0
0 1 0 27.8 71.5 26 -1 0
0 1 0 27.9 71.5 22 -1 0
0 1 0 27.9 71.5 25 -1 0
0 1 0 27.9 71.5 24 -1 0
0 1 0 27.8 71.5 18 -1 0
0 1 0 27.8 71.5 17 -1 0
0 1 0 27.8 71.5 15 -1 0
0 1 0 27.8 71.5 12 -1 0
0 1 0 27.9 71.5 10 -1 0
0 1 0 27.8 71.5 14 -1 0
0 1 0 27.8 71.5 12 -1 0
0 1 0 27.8 72.0 15 -1 0
0 1 0 27.8 72.0 17 -1 0
0 1 0 27.9 72.0 15 -1 0
0 1 0 27.8 72.0 17 -1 0
0 1 0 27.9 72.0 19 -1 0
0 1 0 27.9 72.0 25 -1 0
0 1 0 27.9 72.0 19 -1 0
0 1 0 27.9 72.0 17 -1 0
0 1 0 27.8 72.0 17 -1 0
0 1 0 27.9 72.0 17 -1 0
0 1 0 27.8 72.0 17 -1 0
0 1 0 27.9 72.0 15 -1 0
0 1 0 28.0 72.0 15 -1 0
0 1 0 27.9 71.5 17 -1 0
0 1 0 27.9 72.0 19 -1 0
0 1 0 27.8 71.5 19 -1 0
0 1 0 27.9 71.5 19 -1 0
0 1 0 27.9 71.5 17 -1 0
0 1 0 27.9 71.5 19 -1 0
0 1 0 27.9 72.0 21 -1 0
0 1 0 27.9 72.0 24 -1 0
0 1 0 27.9 72.0 22 -1 0
0 1 0 27.9 71.5 24 -1 0
0 1 0 27.9 71.5 22 -1 0
0 1 0 28.0 71.5 24 -1 0
0 1 0 27.9 71.5 26 -1 0
0 1 0 27.9 71.5 26 -1 0
0 1 0 27.9 71.5 27 -1 0
0 1 0 27.9 71.5 31 -1 0
0 1 0 27.9 71.5 33 -1 0
0 1 0 27.9 71.5 33 -1 0
0 1 0 28.0 71.5 32 -1 0
0 1 0 27.9 71.5 34 -1 0
0 1 0 27.9 71.5 38 -1 0
0 1 0 27.9 71.5 36 -1 0
0 1 0 27.9 71.0 40 -1 0
0 1 0 27.9 71.0 39 -1 0
0 1 0 28.0 71.0 41 -1 0
0 1 0 27.9 71.0 41 -1 0
0 1 0 28.0 71.0 41 -1 0
0 1 0 28.0 71.5 45 -1 0
0 1 0 28.0 72.0 46 -1 0
0 1 0 28.1 71.5 44 -1 0
0 1 0 27.9 72.0 46 -1 0
0 1 0 28.0 72.5 48 -1 0
0 1 0 28.0 72.5 46 -1 0
0 1 0 28.0 72.5 48 -1 0
0 1 0 27.9 72.5 50 -1 0
0 1 0 28.0 73.0 46 -1 0
0 1 0 28.0 72.5 48 -1 0
0 1 0 28.0 73.0 48 -1 0
0 1 0 28.0 73.0 50 -1 0
0 1 0 28.0 73.0 50 -1 0
0 1 0 28.0 73.0 50 -1 0
0 1 0 28.0 73.0 48 -1 0
0 1 0 28.0 73.5 46 -1 0
0 1 0 28.1 73.5 46 -1 0
0 1 0 28.0 73.5 48 -1 0
0 1 0 28.0 74.0 46 -1 0
0 1 0 28.0 74.0 43 -1 0
0 1 0 28.0 74.0 43 -1 0
0 1 0 28.0 74.0 43 -1 0
0 1 0 28.1 74.0 41 -1 0
0 1 0 28.1 74.0 39 -1 0
0 1 0 28.1 74.0 41 -1 0
0 1 0 28.1 74.5 39 -1 0
0 1 0 28.1 74.5 39 -1 0
0 1 0 28.1 74.5 37 -1 0
0 1 0 28.1 74.5 37 -1 0
0 1 0 28.1 74.5 39 -1 0
0 1 0 28.1 74.5 43 -1 0
0 1 0 28.1 74.5 41 -1 0
0 1 0 28.1 75.0 41 -1 0
0 1 0 28.1 75.0 39 -1 0
0 1 0 28.2 74.5 43 -1 0
0 1 0 28.2 75.0 41 -1 0
0 1 0 28.2 75.0 41 -1 0
0 1 0 28.2 75.0 48 -1 0
0 1 0 28.1 75.0 46 -1 0
0 1 0 28.1 75.0 50 -1 0
0 1 0 28.2 75.0 53 -1 0
0 1 0 28.2 75.0 55 -1 0
0 1 0 28.2 75.0 55 -1 0
0 1 0 28.1 75.0 58 -1 0
0 1 0 28.2 75.0 58 -1 0
0 1 0 28.2 74.5 58 -1 0
0 1 0 28.2 75.0 62 -1 0
0 1 0 28.2 75.0 61 -1 0
0 1 0 28.2 75.0 63 -1 0
0 1 0 28.2 75.0 63 -1 0
0 1 0 28.3 75.0 67 -1 0
0 1 0 28.3 75.0 65 -1 0
0 1 0 28.3 75.0 65 -1 0
0 1 0 28.2 75.0 65 -1 0
0 1 0 28.3 75.0 67 -1 0
0 1 0 28.3 74.5 69 -1 0
0 1 0 28.3 74.5 69 -1 0
0 1 0 28.3 74.5 68 -1 0
0 1 0 28.3 74.0 68 -1 0
0 1 0 28.3 74.5 68 -1 0
0 1 0 28.4 74.0 70 -1 0
0 1 0 28.3 74.5 70 -1 0
0 1 0 28.4 74.5 72 -1 0
0 1 0 28.3 74.5 72 -1 0
0 1 0 28.3 74.5 68 -1 0
0 1 0 28.3 74.5 70 -1 0
0 1 0 28.3 74.0 74 -1 0
0 1 0 28.4 74.0 72 -1 0
0 1 0 28.3 74.5 78 -1 0
0 1 0 28.4 74.5 76 -1 0
0 1 0 28.4 74.5 77 -1 0
0 1 0 28.4 74.5 79 -1 0
0 1 0 28.4 74.5 83 -1 0
0 1 0 28.4 74.5 85 -1 0
0 1 0 28.4 74.5 83 -1 0
0 1 0 28.4 74.5 92 -1 0
0 1 0 28.4 74.5 102 -1 0
0 1 0 28.5 74.5 93 -1 0
0 1 0 28.4 74.5 95 -1 0
0 1 0 28.5 74.5 138 -1 0
0 1 0 28.5 74.5 184 -1 0
0 1 0 28.5 74.5 185 -1 0
0 1 0 28.5 75.0 197 -1 0
0 1 0 28.5 74.5 221 -1 0
0 1 0 28.5 75.0 194 -1 0
0 1 0 28.6 75.0 202 -1 0
0 1 0 28.6 75.0 185 -1 0
0 1 0 28.6 75.0 178 -1 0
0 1 0 28.6 75.0 163 -1 0
0 1 0 28.6 75.5 179 -1 0
0 1 0 28.6 75.5 187 -1 0
0 1 0 28.6 75.5 187 -1 0
0 1 0 28.7 75.5 190 -1 0
0 1 0 28.6 75.5 194 -1 0
0 1 0 28.7 75.5 196 -1 0
0 1 0 28.7 75.0 189 -1 0
0 1 0 28.7 75.0 188 -1 0
0 1 0 28.8 75.0 190 -1 0
0 1 0 28.7 75.0 189 -1 0
0 1 0 28.8 75.5 189 -1 0
0 1 0 28.8 75.5 199 -1 0
0 1 0 28.8 75.0 202 -1 0
0 1 0 28.8 75.0 201 -1 0
0 1 0 28.9 75.0 194 -1 0
0 1 0 28.9 75.0 160 -1 0
0 1 0 28.8 75.0 190 -1 0
0 1 0 28.9 75.0 199 -1 0
0 1 0 28.9 75.0 197 -1 0
0 1 0 28.9 75.0 199 -1 0
0 1 0 28.9 75.0 197 -1 0
0 1 0 28.9 75.0 201 -1 0
0 1 0 28.9 75.0 200 -1 0
0 1 0 28.9 74.5 202 -1 0
0 1 0 28.9 74.5 195 -1 0
0 1 0 28.9 74.5 188 -1 0
0 1 0 28.9 74.5 192 -1 0
0 1 0 28.9 74.5 153 -1 0
0 1 0 28.9 74.5 131 -1 0
0 1 0 29.0 74.5 120 -1 0
0 1 0 28.9 74.5 124 -1 0
0 1 0 29.0 74.5 119 -1 0
0 1 0 29.0 74.5 119 -1 0
0 1 0 28.9 74.5 132 -1 0
0 1 0 29.0 74.5 192 -1 0
0 1 0 29.0 74.5 193 -1 0
0 1 0 28.9 74.5 202 -1 0
0 1 0 29.0 74.5 191 -1 0
0 1 0 28.9 74.5 185 -1 0
0 1 0 29.0 74.5 176 -1 0
0 1 0 28.9 74.5 173 -1 0
0 1 0 28.9 74.5 186 -1 0
0 1 0 28.9 74.5 183 -1 0
0 1 0 29.0 74.0 171 -1 0
0 1 0 29.0 74.0 158 -1 0
0 1 0 28.9 74.0 157 -1 0
0 1 0 28.9 74.0 150 -1 0
0 1 0 29.0 74.0 150 -1 0
0 1 0 28.9 73.5 135 -1 0
0 1 0 28.8 74.0 137 -1 0
0 1 0 28.8 74.0 135 -1 0
0 1 0 28.9 73.5 137 -1 0
0 1 0 28.8 73.5 135 -1 0
0 1 0 28.8 73.5 138 -1 0
0 1 0 28.9 73.5 135 -1 0
0 1 0 28.8 73.5 135 -1 0
0 1 0 28.8 73.5 138 -1 0
0 1 0 28.7 73.5 128 -1 0
0 1 0 28.7 73.5 126 -1 0
0 1 0 28.7 73.5 131 -1 0
0 1 0 28.7 73.5 138 -1 0
0 1 0 28.7 73.5 155 -1 0
0 1 0 28.7 73.5 135 -1 0
0 1 0 28.7 73.0 177 -1 0
0 1 0 28.7 73.0 176 -1 0
0 1 0 28.6 73.0 178 -1 0
0 1 0 28.6 73.0 189 -1 0
0 1 0 28.6 73.0 193 -1 0
0 1 0 28.6 72.5 164 -1 0
0 1 0 28.6 73.0 163 -1 0
0 1 0 28.6 73.0 151 -1 0
0 1 0 28.6 72.5 154 -1 0
0 1 0 28.5 72.5 162 -1 0
0 1 0 28.5 72.5 172 -1 0
0 1 0 28.5 72.5 161 -1 0
0 1 0 28.6 72.5 142 -1 0
0 1 0 28.5 72.5 138 -1 0
0 1 0 28.5 72.5 142 -1 0
0 1 0 28.5 72.5 147 -1 0
0 1 1 28.5 72.5 129 -1 0
1 1 36 28.5 72.0 138 -1 0
1 1 21 28.4 70.0 129 -1 0
1 1 5 28.2 68.5 139 -1 0
1 1 10 28.2 68.5 121 -1 0
1 1 22 28.1 67.5 138 c26 0
1 1 15 28.1 67.0 133 c26 0
1 1 17 27.9 66.0 136 c26 0
1 1 3 27.8 65.0 135 c26 0
1 1 17 27.6 65.0 141 c26 0
1 1 3 27.6 64.5 143 c26 0
1 1 6 27.4 64.0 139 c26 0
1 1 10 27.3 63.5 136 c26 0
1 1 2 27.1 63.0 127 c26 0
1 1 0 27.0 62.5 122 c26 0
1 1 4 27.0 63.0 129 c26 0
1 1 9 26.9 62.5 121 c26 0
1 1 4 26.8 62.0 129 c26 0
1 1 6 26.7 62.0 132 c26 0
1 1 9 26.8 62.5 129 c26 0
1 1 6 26.7 63.0 130 c26 0
1 1 3 26.7 63.5 135 c26 0
1 1 1 26.7 63.0 135 c26 0
1 1 2 26.6 62.5 137 c26 0
1 1 2 26.6 62.5 122 c26 0
1 1 0 26.4 62.5 133 c26 0
1 1 1 26.5 62.5 135 c26 0
1 1 3 26.4 62.5 137 c26 0
1 1 3 26.4 62.0 138 c26 0
1 1 1 26.3 62.0 142 c26 0
1 1 14 26.3 62.0 140 c26 0
1 1 5 26.2 62.0 139 c26 0
1 1 8 26.3 62.5 127 c26 0
1 1 3 26.2 62.5 116 c26 0
1 1 0 26.2 62.5 114 c26 0
1 1 3 26.2 62.5 123 c26 0
1 1 4 26.1 62.0 127 c26 0
1 1 5 26.0 61.5 127 c26 0
1 1 3 26.0 61.5 127 c26 0
1 1 9 25.9 61.0 129 c26 0
1 1 6 25.9 61.0 132 c26 0
1 1 2 25.9 61.0 130 c26 0
1 1 6 25.8 61.0 123 c26 0
1 1 10 25.9 61.5 131 c26 0
1 1 2 25.9 62.0 131 c26 0
1 1 8 25.9 62.0 138 c26 0
1 1 6 25.9 62.5 136 c26 0
1 1 5 25.9 61.5 127 c26 0
1 1 14 26.0 62.0 118 c26 0
1 1 5 25.9 61.5 120 c26 0
1 1 4 25.8 61.5 115 c26 0
1 1 8 25.7 61.5 112 c26 0
1 1 5 25.7 61.5 108 c26 0
1 1 1 25.7 61.5 110 c26 0
1 1 3 25.7 61.5 111 c26 0
1 1 8 25.7 61.5 113 c26 0
1 1 12 25.6 61.5 110 c26 0
1 1 23 25.6 61.0 112 c26 0
1 1 14 25.6 60.5 116 c26 0
1 1 6 25.5 60.0 123 c26 0
1 1 14 25.5 59.5 133 c26 0
1 1 10 25.4 59.5 126 c26 0
1 1 15 25.4 59.5 123 c26 0
1 1 0 25.3 60.0 129 c26 0
1 1 8 25.3 60.5 129 c26 0
1 1 11 25.4 61.0 133 c26 0
1 1 3 25.5 61.0 129 c26 0
1 1 10 25.5 61.5 129 c26 0
1 1 7 25.5 61.5 131 c26 0
1 1 9 25.5 62.5 134 c26 0
1 1 12 25.6 63.5 127 c26 0
1 1 6 25.6 62.0 129 c26 0
1 1 11 25.6 62.0 125 c26 0
1 1 10 25.4 61.5 122 c26 0
1 1 6 25.4 61.0 117 c26 0
1 1 9 25.4 61.0 121 c26 0
1 1 2 25.4 60.5 121 c26 0
1 1 10 25.3 60.5 115 c26 0
1 1 9 25.3 62.0 117 c26 0
1 1 30 25.4 62.5 111 c26 0
1 1 24 25.4 63.0 106 c26 0
1 1 8 25.5 62.5 107 c26 0
1 1 9 25.5 62.0 104 c26 0
1 1 28 25.4 62.0 102 c26 0
1 1 17 25.4 62.0 100 c26 0
1 1 23 25.4 61.5 107 c26 0
1 1 11 25.3 61.5 99 c26 0
1 1 9 25.3 61.0 99 c26 0
1 1 9 25.3 61.0 101 c26 0
1 1 11 25.3 61.0 99 c26 0
1 1 6 25.3 61.0 101 c26 0
1 1 4 25.3 61.5 99 c26 0
1 1 0 25.3 61.5 98 c26 0
1 1 3 25.3 62.0 96 c26 0
1 1 5 25.3 62.0 99 c26 0
1 1 13 25.3 63.0 99 c26 0
1 1 10 25.4 64.0 97 c26 0
1 1 8 25.5 63.5 97 c26 0
1 1 7 25.4 64.5 101 c26 0
1 1 8 25.5 63.5 101 c26 0
1 1 16 25.5 64.0 102 c26 0
1 1 6 25.5 63.5 110 c26 0
1 1 5 25.5 62.5 109 c26 0
1 1 5 25.5 62.5 109 c26 0
1 1 6 25.4 62.0 104 c26 0
1 1 1 25.4 62.0 101 c26 0
1 1 0 25.4 62.0 104 c26 0
1 1 18 25.3 62.0 105 c26 0
1 1 3 25.3 62.0 107 c26 0
1 1 9 25.3 61.5 107 c26 0
1 1 14 25.3 61.5 98 c26 0
1 1 7 25.2 61.5 109 c26 0
1 1 0 25.1 61.0 107 c26 0
1 1 0 25.1 60.5 109 c26 0
1 1 0 25.1 60.5 106 c26 0
1 1 0 25.0 60.5 106 c26 0
1 1 0 25.0 60.5 106 c26 0
1 1 0 25.0 60.5 108 c26 0
1 1 0 24.9 60.5 106 c26 0
1 1 3 25.0 60.5 97 c26 0
1 1 23 25.0 60.5 107 c26 0
1 1 17 25.0 60.5 109 c26 0
1 1 12 24.9 60.0 109 -1 0
1 1 33 25.0 60.0 107 -1 0
0 1 2 24.9 60.5 113 -1 0
0 1 0 24.9 60.5 111 -1 0
0 1 0 25.0 61.0 110 -1 0
0 1 0 25.1 63.0 104 -1 0
0 1 0 25.3 64.0 106 -1 0
0 1 0 25.4 64.5 108 -1 0
0 1 0 25.5 65.5 111 -1 0
0 1 0 25.5 65.5 109 -1 0
0 1 0 25.6 66.0 108 -1 0
0 1 0 25.6 66.0 107 -1 0
0 1 18 25.7 66.5 109 -1 0
0 1 12 25.8 67.5 107 -1 0
0 1 19 26.0 67.5 106 -1 0
0 1 5 26.0 67.5 102 -1 0
0 1 4 26.0 68.0 102 -1 0
0 1 4 26.1 68.0 104 -1 0
0 1 4 26.2 68.5 105 -1 0
0 1 5 26.3 68.5 109 -1 0
0 1 0 26.3 69.0 109 -1 0
0 1 9 26.4 69.5 111 -1 0
0 1 23 26.4 69.0 109 -1 0
0 1 14 26.4 69.5 111 -1 0
0 1 2 26.4 69.5 109 -1 0
0 1 1 26.5 69.5 107 -1 0
0 1 6 26.5 69.5 108 -1 0
0 1 4 26.5 69.5 108 -1 0
0 1 7 26.6 69.5 101 -1 0
1 1 33 26.6 68.0 101 -1 0
1 1 0 26.5 67.5 97 -1 0
1 1 6 26.5 67.0 97 -1 0
1 1 0 26.6 66.0 96 -1 0
1 1 10 26.4 65.5 96 -1 0
1 1 10 26.4 65.0 96 -1 0
1 1 1 26.4 64.5 99 -1 0
1 1 4 26.4 64.5 97 -1 0
1 1 3 26.3 64.0 97 -1 0
1 1 4 26.4 64.0 95 -1 0
1 1 4 26.3 63.5 97 -1 0
1 1 3 26.3 63.5 95 -1 0
1 1 0 26.3 63.0 97 -1 0
1 1 1 26.2 62.5 97 -1 0
1 1 23 26.3 62.5 90 -1 0
1 1 9 26.3 62.5 101 -1 0
1 1 6 26.3 62.0 101 -1 0
1 1 3 26.1 62.0 102 -1 0
1 1 0 26.2 61.5 103 -1 0
1 1 2 26.2 61.5 106 -1 0
1 1 3 26.2 61.5 113 -1 0
1 1 8 26.2 61.5 115 -1 0
1 1 5 26.3 62.0 115 -1 0
1 1 3 26.3 63.5 113 -1 0
1 1 8 26.3 63.0 115 -1 0
1 1 5 26.4 63.0 117 -1 0
1 1 0 26.3 61.5 117 -1 0
1 1 5 26.3 61.5 120 -1 0
1 1 0 26.3 61.0 118 -1 0
1 1 5 26.3 61.0 119 -1 0
1 1 9 26.3 63.0 119 -1 0
1 1 0 26.3 61.5 119 -1 0
1 1 1 26.3 61.0 118 -1 0
1 1 4 26.3 60.5 114 -1 0
1 1 0 26.2 60.5 112 -1 0
1 1 21 26.2 60.5 97 -1 0
0 1 0 26.3 61.5 107 -1 0
0 1 0 26.3 62.0 107 -1 0
0 1 0 26.3 63.5 105 -1 0
0 1 0 26.3 64.0 103 -1 0
0 1 0 26.4 64.5 105 -1 0
0 1 0 26.5 65.0 103 -1 0
0 1 0 26.5 65.5 100 -1 0
0 1 0 26.6 65.5 101 -1 0
0 1 0 26.6 66.0 96 -1 0
0 1 0 26.7 66.5 96 -1 0
0 1 0 26.7 66.5 94 -1 0
0 1 0 26.7 67.0 96 -1 0
0 1 0 26.8 67.0 93 -1 0
0 1 0 26.8 67.0 90 -1 0
0 1 0 26.8 66.5 88 -1 0
0 1 0 26.9 66.0 92 -1 0
0 1 0 26.8 66.5 87 -1 0
0 1 0 26.8 66.0 87 -1 0
0 1 0 26.8 66.5 83 -1 0
0 1 0 26.8 67.0 87 -1 0
0 1 0 26.8 67.0 83 -1 0
0 1 0 26.8 67.0 85 -1 0
0 1 0 26.8 67.0 83 -1 0
0 1 0 26.9 67.5 85 -1 0
0 1 0 26.9 68.0 90 -1 0
0 1 0 26.9 68.0 90 -1 0
0 1 0 26.9 67.5 91 -1 0
0 1 0 26.9 68.0 93 -1 0
0 1 0 27.0 68.0 93 -1 0
0 1 0 27.0 68.0 90 -1 0
0 1 0 27.1 68.5 90 -1 0
0 1 0 27.1 68.0 89 -1 0
0 1 0 27.1 68.5 83 -1 0
0 1 0 27.2 68.5 85 -1 0
0 1 0 27.2 68.5 82 -1 0
0 1 0 27.2 68.5 78 -1 0
0 1 0 27.2 69.0 78 -1 0
0 1 0 27.2 69.0 80 -1 0
0 1 0 27.3 69.0 82 -1 0
0 1 0 27.3 69.0 83 -1 0
0 1 0 27.3 69.5 83 -1 0
0 1 0 27.3 69.5 85 -1 0
0 1 0 27.3 69.5 83 -1 0
0 1 0 27.4 69.5 85 -1 0
0 1 0 27.4 70.0 83 -1 0
0 1 0 27.4 70.0 83 -1 0
0 1 0 27.5 70.0 81 -1 0
0 1 0 27.6 70.5 83 -1 0
0 1 0 27.7 70.0 87 -1 0
0 1 0 27.7 70.0 83 -1 0
0 1 0 27.7 70.0 83 -1 0
0 1 0 27.7 70.5 83 -1 0
0 1 0 27.7 70.5 87 -1 0
0 1 0 27.7 70.5 82 -1 0
0 1 0 27.7 70.5 78 -1 0
0 1 0 27.7 70.5 76 -1 0
0 1 0 27.7 70.5 77 -1 0
0 1 0 27.7 70.0 79 -1 0
0 1 0 27.7 70.5 76 -1 0
0 1 0 27.7 70.5 78 -1 0
0 1 0 27.8 70.5 77 -1 0
0 1 0 27.8 71.0 81 -1 0
0 1 0 27.8 70.5 80 -1 0
0 1 0 27.8 70.5 85 -1 0
0 1 0 27.8 70.5 88 -1 0
0 1 0 27.8 70.5 92 -1 0
0 1 0 27.8 70.0 94 -1 0
0 1 0 27.8 70.0 84 -1 0
0 1 14 27.9 70.0 79 -1 0
0 1 1 27.8 68.0 92 -1 0
0 1 3 27.7 67.5 94 -1 0
0 1 0 27.7 66.5 92 -1 0
0 1 16 27.5 65.5 92 -1 0
0 1 15 27.3 64.5 87 -1 0
0 1 12 27.2 64.0 89 -1 0
0 1 13 27.0 63.5 84 -1 0
0 1 0 26.9 63.0 93 -1 0
0 1 0 26.8 62.5 92 -1 0
0 1 0 26.7 62.0 95 -1 0
0 1 0 26.5 61.5 86 -1 0
0 1 0 26.5 61.0 80 -1 0
0 1 0 26.4 60.5 79 -1 0
0 1 0 26.3 60.5 80 -1 0
0 1 0 26.3 60.0 83 -1 0
0 1 0 26.2 59.5 76 -1 0
0 1 0 26.0 59.0 78 -1 0
0 1 0 26.0 59.0 78 -1 0
0 1 0 25.9 58.5 83 -1 0
0 1 0 25.8 58.5 86 -1 0
0 1 0 25.8 58.0 88 -1 0
0 1 0 25.7 57.5 86 -1 0
0 1 0 25.7 57.5 81 -1 0
0 1 0 25.6 57.0 82 -1 0
0 1 0 25.6 57.0 86 -1 0
0 1 0 25.5 57.0 85 -1 0
0 1 0 25.4 57.0 89 -1 0
0 1 0 25.4 56.5 91 -1 0
0 1 0 25.4 56.5 92 -1 0
0 1 0 25.3 56.5 89 -1 0
0 1 0 25.3 56.5 97 -1 0
0 1 0 25.3 56.5 92 -1 0
0 1 0 25.2 57.0 91 -1 0
0 1 0 25.2 57.5 84 -1 0
0 1 0 25.2 57.5 81 -1 0
0 1 4 25.2 57.5 78 -1 0
0 1 3 25.2 58.0 76 -1 0
0 1 28 25.2 58.0 71 -1 0
1 1 0 25.1 58.5 78 -1 0
1 1 0 25.2 59.5 78 -1 0
1 1 19 25.4 60.0 73 -1 0
1 1 18 25.5 60.5 73 -1 0
1 1 33 25.4 61.0 73 -1 0
1 1 6 25.5 60.5 75 -1 0
1 1 4 25.5 60.5 73 -1 0
1 1 4 25.5 61.0 73 -1 0
1 1 10 25.6 60.5 71 -1 0
1 1 7 25.5 60.5 73 -1 0
1 1 0 25.6 61.0 78 -1 0
1 1 3 25.5 61.0 79 -1 0
1 1 3 25.6 61.0 78 -1 0
1 1 4 25.7 61.0 77 -1 0
1 1 1 25.6 61.0 77 -1 0
1 1 5 25.7 61.0 71 -1 0
1 1 11 25.6 61.0 70 -1 0
1 1 8 25.6 61.0 70 -1 0
1 1 13 25.6 61.0 68 -1 0
1 1 8 25.5 61.0 65 -1 0
1 1 7 25.6 61.0 63 -1 0
1 1 6 25.6 60.5 62 -1 0
1 1 7 25.6 61.0 58 -1 0
1 1 2 25.6 61.0 58 -1 0
1 1 2 25.5 61.0 58 -1 0
1 1 16 25.6 61.0 60 -1 0
1 1 22 25.5 60.5 58 -1 0
1 1 0 25.6 60.5 63 -1 0
1 1 0 25.5 60.5 63 -1 0
1 1 0 25.5 60.5 61 -1 0
1 1 0 25.4 60.5 63 -1 0
1 1 0 25.5 60.5 65 -1 0
1 1 0 25.5 60.5 63 -1 0
1 1 0 25.5 60.5 65 -1 0
1 1 0 25.4 60.5 61 -1 0
1 1 0 25.4 60.0 59 -1 0
1 1 0 25.4 60.0 61 -1 0
1 1 0 25.4 59.5 58 -1 0
1 1 0 25.2 59.5 58 -1 0
1 1 0 25.3 59.0 56 -1 0
1 1 0 25.2 59.5 56 -1 0
1 1 0 25.2 59.5 58 -1 0
1 1 0 25.2 59.0 56 -1 0
1 1 0 25.2 59.0 58 -1 0
1 1 0 25.2 59.0 58 -1 0
1 1 0 25.2 59.0 61 -1 0
1 1 0 25.2 59.0 63 -1 0
1 1 0 25.1 59.5 63 -1 0
1 1 0 25.1 59.5 61 -1 0
1 1 0 25.1 59.5 63 -1 0
1 1 0 25.1 59.5 63 -1 0
1 1 0 25.2 59.5 63 -1 0
1 1 0 25.1 59.0 58 -1 0
1 1 0 25.1 59.5 60 -1 0
1 1 0 25.1 59.5 56 -1 0
1 1 0 25.1 59.5 58 -1 0
1 1 0 25.1 59.5 58 -1 0
1 1 0 25.1 59.5 56 -1 0
1 1 0 25.1 59.5 58 -1 0
1 1 0 25.1 59.5 58 -1 0
1 1 0 25.1 59.5 60 -1 0
1 1 0 25.0 60.0 58 -1 0
1 1 0 25.1 60.0 56 -1 0
1 1 0 25.1 60.0 58 -1 0
1 1 0 25.1 60.0 58 -1 0
1 1 0 25.1 60.0 56 -1 0
1 1 0 25.1 60.5 58 -1 0
1 1 0 25.0 60.0 60 -1 0
1 1 0 25.0 59.5 58 -1 0
1 1 0 25.0 59.5 58 -1 0
1 1 0 25.0 60.0 60 -1 0
1 1 10 25.0 59.0 46 -1 0
1 1 4 25.0 59.5 56 -1 0
1 1 0 24.9 59.5 60 -1 0
1 1 0 25.0 59.5 58 -1 0
1 1 0 25.0 59.5 56 -1 0
1 1 0 25.0 59.5 61 -1 0
1 1 0 24.9 59.5 60 -1 0
1 1 0 25.0 59.5 60 -1 0
1 1 0 24.9 59.5 62 -1 0
1 1 0 24.9 60.0 58 -1 0
1 1 0 24.9 60.0 58 -1 0
1 1 0 25.0 60.5 62 -1 0
1 1 0 25.1 61.0 65 -1 0
1 1 0 25.1 62.0 68 -1 0
1 1 0 25.2 62.0 68 -1 0
1 1 0 25.3 62.5 65 -1 0
1 1 0 25.4 62.5 68 -1 0
1 1 0 25.4 62.5 68 -1 0
1 1 0 25.4 63.0 63 -1 0
1 1 0 25.5 62.5 63 -1 0
1 1 0 25.4 63.0 62 -1 0
1 1 0 25.4 63.0 58 -1 0
1 1 0 25.5 63.0 57 -1 0
1 1 0 25.5 62.5 55 -1 0
1 1 0 25.5 62.5 53 -1 0
1 1 0 25.5 62.5 52 -1 0
1 1 0 25.5 62.5 46 -1 0
1 1 0 25.5 63.0 46 -1 0
1 1 0 25.6 63.0 48 -1 0
1 1 0 25.6 63.0 46 -1 0
1 1 0 25.6 62.5 43 -1 0
1 1 0 25.6 63.0 45 -1 0
1 1 0 25.5 63.0 41 -1 0
1 1 0 25.6 62.5 41 -1 0
1 1 0 25.6 63.0 41 -1 0
1 1 0 25.5 62.5 41 -1 0
1 1 12 25.6 62.5 38 -1 0
1 1 41 25.5 63.0 55 -1 0
1 1 14 25.5 63.0 66 -1 1
1 1 16 25.6 62.5 66 -1 1
1 1 10 25.6 62.5 66 -1 1
1 1 11 25.6 62.5 70 -1 1
1 1 7 25.6 62.5 66 -1 1
1 1 10 25.7 62.5 68 -1 1
1 1 7 25.5 62.5 70 -1 1
1 1 4 25.6 62.0 70 -1 1
1 1 5 25.5 62.0 69 -1 1
1 1 10 25.5 61.5 75 -1 1
1 1 6 25.5 61.5 76 -1 1
1 1 3 25.5 61.0 76 -1 1
1 1 8 25.4 61.0 78 -1 1
1 1 8 25.4 61.0 85 -1 1
1 1 9 25.4 60.5 91 -1 1
1 1 9 25.4 60.5 80 -1 1
1 1 5 25.3 60.0 73 -1 1
1 1 0 25.3 60.0 75 -1 1
1 1 5 25.3 60.0 75 -1 1
1 1 4 25.3 60.0 73 -1 1
1 1 2 25.3 60.0 73 -1 1
1 1 3 25.3 60.0 71 -1 1
1 1 5 25.2 60.0 71 -1 1
1 1 4 25.3 60.0 71 -1 1
1 1 11 25.3 60.5 69 -1 1
1 1 2 25.3 60.5 70 -1 1
1 1 9 25.3 61.0 70 -1 1
1 1 3 25.3 61.0 70 -1 1
1 1 1 25.3 60.5 73 -1 1
1 1 10 25.2 60.5 70 -1 1
1 1 9 25.2 60.5 70 -1 1
1 1 1 25.3 60.5 68 -1 1
1 1 8 25.3 60.5 68 -1 1
1 1 6 25.3 61.0 70 -1 1
1 1 10 25.3 61.0 73 -1 1
1 1 12 25.3 61.5 75 -1 1
1 1 7 25.4 61.5 77 -1 1
1 1 5 25.5 61.5 82 -1 1
1 1 7 25.4 61.5 87 -1 1
1 1 5 25.6 61.5 90 -1 1
1 1 5 25.5 62.0 93 -1 1
1 1 11 25.6 62.0 89 -1 1
1 1 10 25.6 62.5 91 -1 1
1 1 10 25.6 62.0 91 -1 1
1 1 14 25.7 62.0 90 -1 1
1 1 12 25.6 62.5 83 -1 1
1 1 7 25.6 62.5 80 -1 1
1 1 5 25.7 62.0 80 -1 1
1 1 13 25.6 62.0 81 -1 1
1 1 10 25.7 62.0 86 -1 1
1 1 6 25.7 62.5 86 -1 1
1 1 10 25.7 62.0 80 -1 1
1 1 7 25.6 62.5 75 -1 1
1 1 15 25.7 62.5 80 -1 1
1 1 8 25.7 62.5 92 -1 1
1 1 13 25.7 62.5 86 -1 1
1 1 7 25.8 62.5 88 -1 1
1 1 14 25.7 62.5 88 -1 1
1 1 16 25.7 62.0 88 -1 1
1 1 13 25.7 62.5 88 -1 1
1 1 10 25.8 62.5 84 -1 1
1 1 20 25.7 62.5 86 -1 1
1 1 9 25.8 62.5 88 -1 1
1 1 11 25.7 62.5 86 -1 1
1 1 12 25.7 62.5 88 -1 1
1 1 7 25.7 62.5 86 -1 1
1 1 8 25.8 62.5 86 -1 1
1 1 17 25.8 62.0 83 -1 1
1 1 16 25.8 62.0 83 -1 1
1 1 11 25.8 62.5 81 -1 1
1 1 5 25.8 62.5 81 -1 1
1 1 11 25.8 62.5 76 -1 1
1 1 12 25.8 62.5 70 -1 1
1 1 5 25.8 62.0 68 -1 1
1 1 4 25.8 62.5 66 -1 1
1 1 21 25.8 62.0 63 -1 1
1 1 5 25.7 62.0 63 -1 1
1 1 10 25.7 62.0 61 -1 1
1 1 4 25.8 62.0 59 -1 1
1 1 13 25.7 62.0 57 -1 1
1 1 6 25.7 61.5 58 -1 1
1 1 6 25.7 61.0 57 -1 1
1 1 4 25.7 61.5 63 -1 1
1 1 5 25.6 61.0 68 -1 1
1 1 5 25.6 61.0 73 -1 1
1 1 11 25.5 61.0 74 -1 1
1 1 32 25.6 61.0 67 -1 1
1 1 31 25.6 61.5 67 -1 1
1 1 43 25.6 61.5 66 -1 1
1 1 50 25.6 61.0 62 -1 1
1 1 14 25.6 61.0 68 -1 1
1 1 0 25.6 61.0 64 -1 1
1 1 0 25.6 61.0 63 -1 1
1 1 0 25.6 61.0 54 -1 1
1 1 0 25.5 61.0 52 -1 1
1 1 0 25.6 61.0 49 -1 1
1 1 23 25.5 61.0 47 -1 1
1 1 0 25.5 61.0 47 -1 1
1 1 5 25.5 61.0 47 -1 1
1 1 1 25.5 61.0 47 -1 1
1 1 4 25.5 61.0 45 -1 1
1 1 35 25.5 61.0 38 -1 1
1 1 22 25.5 60.5 42 -1 1
1 1 25 25.4 60.5 42 -1 1
1 1 33 25.4 60.0 36 -1 1
1 1 51 25.4 59.5 39 -1 1
1 1 31 25.4 59.5 42 -1 1
1 1 10 25.3 59.0 46 -1 1
1 1 5 25.3 59.0 47 -1 1
1 1 4 25.2 59.0 52 -1 1
1 1 1 25.2 59.0 52 -1 1
1 1 0 25.2 59.0 50 -1 1
1 1 2 25.2 59.0 52 -1 1
1 1 2 25.2 59.5 50 -1 1
1 1 1 25.2 60.0 50 -1 1
1 1 0 25.2 60.0 45 -1 1
1 1 3 25.2 60.5 45 -1 1
1 1 5 25.2 60.5 47 -1 1
1 1 8 25.2 61.0 40 -1 1
1 1 0 25.2 60.5 37 -1 1
1 1 3 25.2 61.0 39 -1 1
1 1 6 25.2 60.5 37 -1 1
1 1 5 25.2 60.5 37 -1 1
1 1 2 25.2 60.5 37 -1 1
1 1 6 25.2 60.5 35 -1 1
1 1 3 25.1 60.5 35 -1 1
1 1 4 25.2 61.0 35 -1 1
1 1 5 25.1 61.0 33 -1 1
1 1 9 25.1 60.5 35 -1 1
1 1 3 25.1 61.0 32 -1 1
1 1 1 25.2 61.0 32 -1 1
1 1 0 25.2 61.0 30 -1 1
1 1 0 25.2 61.0 34 -1 1
1 1 0 25.2 61.5 32 -1 1
1 1 0 25.2 61.5 32 -1 1
1 1 8 25.3 61.5 32 -1 1
1 1 33 25.2 62.0 19 -1 1
0 1 0 25.4 64.0 7 -1 0
0 1 0 25.5 66.5 5 -1 0
0 1 0 25.6 67.5 5 -1 0
0 1 0 25.7 68.5 3 -1 0
0 1 0 25.8 68.5 3 -1 0
0 1 0 25.9 69.0 6 -1 0
0 1 0 26.0 69.5 4 -1 0
0 1 0 26.2 69.5 4 -1 0
0 1 0 26.1 69.0 4 -1 0
0 1 0 26.3 68.5 2 -1 0
0 1 0 26.3 68.0 2 -1 0
0 1 0 26.2 67.0 1 -1 0
0 1 0 26.3 67.0 1 -1 0
0 1 0 26.2 67.0 4 -1 0
0 1 0 26.3 66.5 2 -1 0
0 1 0 26.3 65.5 2 -1 0
0 1 0 26.2 65.5 2 -1 0
0 1 0 26.3 65.5 1 -1 0
0 1 0 26.3 65.5 1 -1 0
0 1 0 26.3 65.0 2 -1 0
0 1 0 26.2 64.5 2 -1 0
0 1 0 26.3 64.5 2 -1 0
0 1 0 26.3 64.0 2 -1 0
0 1 0 26.3 64.0 0 -1 0
0 1 0 26.3 64.0 0 -1 0
0 1 0 26.3 63.5 0 -1 0
0 1 0 26.3 63.5 0 -1 0
0 1 0 26.3 63.5 0 -1 0
0 1 0 26.3 63.5 0 -1 0
0 1 0 26.3 63.0 0 -1 0
0 1 0 26.2 63.0 1 -1 0
0 1 0 26.3 63.0 1 -1 0
0 1 0 26.3 63.0 1 -1 0
0 1 0 26.4 63.5 1 -1 0
0 1 0 26.3 63.0 1 -1 0
0 1 0 26.3 63.5 1 -1 0
0 1 0 26.4 64.0 1 -1 0
0 1 0 26.4 63.5 1 -1 0
0 1 0 26.3 63.0 1 -1 0
0 1 0 26.4 63.0 1 -1 0
0 1 0 26.4 63.0 1 -1 0
0 1 0 26.4 63.0 1 -1 0
0 1 0 26.4 63.5 1 -1 0
0 1 0 26.3 63.0 1 -1 0
0 1 0 26.4 62.5 1 -1 0
0 1 0 26.4 62.5 1 -1 0
0 1 0 26.4 62.5 1 -1 0
0 1 0 26.4 63.0 1 -1 0
0 1 0 26.5 63.0 1 -1 0
0 1 0 26.4 62.5 1 -1 0
0 1 0 26.4 62.5 1 -1 0
0 1 0 26.4 62.0 2 -1 0
0 1 0 26.4 62.0 2 -1 0
0 1 0 26.4 62.0 2 -1 0
0 1 0 26.4 62.0 2 -1 0
0 1 0 26.4 62.0 2 -1 0
0 1 0 26.4 62.0 2 -1 0
0 1 0 26.4 62.0 2 -1 0
0 1 0 26.4 62.0 2 -1 0
0 1 0 26.4 62.0 2 -1 0
0 1 0 26.4 62.0 2 -1 0
0 1 0 26.4 62.0 2 -1 0
0 1 0 26.4 62.0 2 -1 0
0 1 0 26.5 61.5 2 -1 0
0 1 0 26.4 62.0 2 -1 0
0 1 0 26.4 62.0 2 -1 0
0 1 0 26.4 62.0 2 -1 0
0 1 0 26.4 62.5 2 -1 0
0 1 0 26.4 62.5 2 -1 0
0 1 0 26.5 62.5 2 -1 0
0 1 0 26.5 62.0 2 -1 0
0 1 0 26.5 62.0 2 -1 0
0 1 0 26.5 62.0 2 -1 0
0 1 0 26.5 62.5 2 -1 0
0 1 0 26.5 62.0 2 -1 0
0 1 0 26.4 62.5 2 -1 0
0 1 0 26.4 62.0 2 -1 0
0 1 0 26.4 62.0 2 -1 0
0 1 0 26.5 62.0 2 -1 0
0 1 0 26.4 61.5 2 -1 0
0 1 0 26.5 61.5 2 -1 0
0 1 0 26.5 61.5 2 -1 0
0 1 0 26.4 62.0 2 -1 0
0 1 0 26.4 62.0 2 -1 0
0 1 0 26.5 62.0 2 -1 0
0 1 0 26.4 62.0 2 -1 0
0 1 0 26.4 62.0 2 -1 0
0 1 0 26.5 62.0 2 -1 0
0 1 0 26.4 61.5 2 -1 0
0 1 0 26.4 61.5 2 -1 0
0 1 0 26.4 61.5 2 -1 0
0 1 0 26.5 62.0 2 -1 0
0 1 0 26.4 62.0 2 -1 0
0 1 0 26.4 62.0 2 -1 0
0 1 0 26.4 61.5 2 -1 0
0 1 0 26.4 61.5 2 -1 0
0 1 0 26.4 61.5 2 -1 0
0 1 0 26.4 61.5 2 -1 0
0 1 0 26.4 61.5 2 -1 0
0 1 0 26.4 61.5 2 -1 0
0 1 0 26.4 61.5 2 -1 0
0 1 0 26.4 61.5 2 -1 0
0 1 0 26.4 61.5 2 -1 0
0 1 0 26.4 61.5 2 -1 0
0 1 0 26.4 61.0 2 -1 0
0 1 0 26.4 61.0 2 -1 0
0 1 0 26.4 61.0 2 -1 0
0 1 0 26.4 61.0 2 -1 0
0 1 0 26.4 61.0 2 -1 0
0 1 0 26.4 60.5 2 -1 0
0 1 0 26.4 60.5 2 -1 0
0 1 0 26.4 61.0 2 -1 0
0 1 0 26.4 61.0 2 -1 0
0 1 0 26.3 61.0 2 -1 0
0 1 0 26.4 61.0 2 -1 0
0 1 0 26.3 60.5 2 -1 0
0 1 0 26.5 60.5 2 -1 0
0 1 0 26.4 60.5 2 -1 0
0 1 0 26.4 60.5 2 -1 0
0 1 0 26.4 60.5 2 -1 0
0 1 0 26.4 60.5 2 -1 0
0 1 0 26.4 60.5 2 -1 0
0 1 0 26.4 60.0 2 -1 0
0 1 0 26.4 60.0 2 -1 0
0 1 0 26.4 60.0 2 -1 0
0 1 0 26.5 60.5 2 -1 0
0 1 0 26.4 60.5 2 -1 0
0 1 0 26.4 60.0 2 -1 0
0 1 0 26.5 60.0 2 -1 0
0 1 0 26.4 60.0 2 -1 0
0 1 0 26.4 60.0 2 -1 0
0 1 0 26.4 60.0 2 -1 0
0 1 0 26.4 60.0 2 -1 0
0 1 0 26.4 60.0 2 -1 0
0 1 0 26.5 60.0 2 -1 0
0 1 0 26.4 60.0 2 -1 0
0 1 0 26.4 60.0 2 -1 0
0 1 0 26.4 60.0 2 -1 0
0 1 0 26.4 60.0 2 -1 0
0 1 0 26.4 60.0 2 -1 0
0 1 0 26.4 60.5 2 -1 0
0 1 0 26.4 60.0 2 -1 0
0 1 0 26.4 60.0 2 -1 0
0 1 0 26.4 60.5 2 -1 0
0 1 0 26.4 60.5 2 -1 0
0 1 0 26.4 60.0 2 -1 0
0 1 0 26.4 60.0 2 -1 0
0 1 0 26.5 60.0 2 -1 0
0 1 0 26.5 60.0 2 -1 0
0 1 0 26.4 60.0 2 -1 0
0 1 0 26.4 60.0 2 -1 0
0 1 0 26.4 60.0 2 -1 0
0 1 0 26.5 60.5 2 -1 0
0 1 0 26.4 60.5 2 -1 0
0 1 0 26.4 60.5 2 -1 0
0 1 0 26.5 60.5 2 -1 0
0 1 0 26.4 60.5 2 -1 0
0 1 0 26.4 60.0 2 -1 0
0 1 0 26.4 60.0 2 -1 0
0 1 0 26.5 60.0 2 -1 0
0 1 0 26.4 60.0 2 -1 0
0 1 0 26.5 60.0 2 -1 0
0 1 0 26.4 60.0 2 -1 0
0 1 0 26.4 60.0 2 -1 0
0 1 0 26.5 59.5 2 -1 0
0 1 0 26.4 59.5 2 -1 0
0 1 0 26.5 59.5 2 -1 0
0 1 0 26.4 59.5 2 -1 0
0 1 0 26.4 59.5 2 -1 0
0 1 0 26.5 59.5 2 -1 0
0 1 0 26.4 59.5 2 -1 0
0 1 0 26.4 59.5 2 -1 0
0 1 0 26.5 60.0 2 -1 0
0 1 0 26.4 60.5 2 -1 0
0 1 0 26.5 60.0 2 -1 0
0 1 0 26.4 60.0 2 -1 0
0 1 0 26.4 60.0 2 -1 0
0 1 0 26.4 60.0 2 -1 0
0 1 0 26.4 60.0 2 -1 0
0 1 0 26.4 59.5 2 -1 0
0 1 0 26.3 59.5 2 -1 0
0 1 0 26.4 59.5 2 -1 0
0 1 0 26.4 59.5 2 -1 0
0 1 0 26.4 59.5 2 -1 0
0 1 0 26.4 59.5 2 -1 0
0 1 0 26.4 59.5 2 -1 0
0 1 0 26.4 59.0 2 -1 0
0 1 0 26.4 59.5 2 -1 0
0 1 0 26.4 59.5 2 -1 0
0 1 0 26.5 59.5 2 -1 0
0 1 0 26.4 59.5 2 -1 0
0 1 0 26.4 59.5 2 -1 0
0 1 0 26.4 59.5 2 -1 0
0 1 0 26.4 59.0 2 -1 0
0 1 0 26.4 59.0 2 -1 0
0 1 0 26.4 59.0 2 -1 0
0 1 0 26.4 59.0 2 -1 0
0 1 0 26.4 59.0 2 -1 0
0 1 0 26.4 59.0 2 -1 0
0 1 0 26.5 59.0 2 -1 0
0 1 0 26.4 59.0 2 -1 0
0 1 0 26.4 59.0 2 -1 0
0 1 0 26.5 59.0 2 -1 0
0 1 0 26.4 59.0 2 -1 0
0 1 0 26.4 59.0 2 -1 0
0 1 0 26.4 59.0 2 -1 0
0 1 0 26.5 59.0 2 -1 0
0 1 0 26.4 59.0 2 -1 0
0 1 0 26.5 59.0 2 -1 0
0 1 0 26.4 59.0 2 -1 0
0 1 0 26.4 59.0 2 -1 0
0 1 0 26.4 59.0 2 -1 0
0 1 0 26.5 59.0 2 -1 0
0 1 0 26.4 58.5 2 -1 0
0 1 0 26.5 58.5 2 -1 0
0 1 0 26.4 58.5 2 -1 0
0 1 0 26.4 58.5 2 -1 0
0 1 0 26.5 58.5 2 -1 0
0 1 0 26.4 58.5 2 -1 0
0 1 0 26.4 58.5 2 -1 0
0 1 0 26.5 58.5 2 -1 0
0 1 0 26.4 59.0 2 -1 0
0 1 0 26.5 59.5 2 -1 0
0 1 0 26.4 59.0 2 -1 0
0 1 0 26.4 59.0 2 -1 0
0 1 0 26.5 59.0 2 -1 0
0 1 0 26.5 59.0 2 -1 0
0 1 0 26.5 59.0 2 -1 0
0 1 0 26.5 59.0 2 -1 0
0 1 0 26.4 59.0 2 -1 0
0 1 0 26.5 59.0 2 -1 0
0 1 0 26.4 59.0 2 -1 0
0 1 0 26.4 59.0 2 -1 0
0 1 0 26.5 59.0 2 -1 0
0 1 0 26.4 59.0 2 -1 0
0 1 0 26.5 59.0 2 -1 0
0 1 0 26.6 59.0 2 -1 0
0 1 0 26.5 59.0 2 -1 0
0 1 0 26.5 59.0 2 -1 0
0 1 0 26.5 59.0 2 -1 0
0 1 0 26.5 59.0 2 -1 0
0 1 0 26.6 59.5 2 -1 0
0 1 0 26.6 59.5 2 -1 0
0 1 0 26.5 59.5 2 -1 0
0 1 0 26.5 60.0 2 -1 0
0 1 0 26.5 59.5 2 -1 0
0 1 0 26.6 59.5 2 -1 0
0 1 0 26.6 60.0 2 -1 0
0 1 0 26.6 60.0 2 -1 0
0 1 0 26.6 60.0 2 -1 0
0 1 0 26.6 60.0 2 -1 0
0 1 0 26.6 60.5 2 -1 0
0 1 0 26.7 60.5 2 -1 0
0 1 0 26.6 60.5 2 -1 0
0 1 0 26.6 60.5 2 -1 0
0 1 0 26.7 60.5 2 -1 0
0 1 0 26.7 60.5 2 -1 0
0 1 0 26.7 60.5 2 -1 0
0 1 0 26.8 61.0 2 -1 0
0 1 0 26.7 61.0 2 -1 0
0 1 0 26.7 61.0 2 -1 0
0 1 0 26.8 61.0 2 -1 0
0 1 0 26.8 61.0 2 -1 0
0 1 0 26.7 61.0 2 -1 0
0 1 0 26.8 61.0 2 -1 0
0 1 0 26.8 61.5 2 -1 0
0 1 0 26.8 61.5 2 -1 0
0 1 0 26.8 61.5 2 -1 0
0 1 0 26.8 61.5 2 -1 0
0 1 0 26.9 61.5 2 -1 0
0 1 0 26.9 61.5 2 -1 0
0 1 0 26.9 61.5 2 -1 0
0 1 0 26.9 62.0 2 -1 0
0 1 0 26.9 61.5 2 -1 0
0 1 0 26.9 61.5 2 -1 0
0 1 0 26.9 62.0 2 -1 0
0 1 0 27.0 62.0 2 -1 0
0 1 0 26.9 62.0 2 -1 0
0 1 0 26.9 62.0 2 -1 0
0 1 0 26.9 62.0 2 -1 0
0 1 0 27.0 62.5 2 -1 0
0 1 0 27.0 62.5 2 -1 0
0 1 0 27.0 62.5 2 -1 0
0 1 0 27.0 62.5 2 -1 0
0 1 0 27.0 62.5 2 -1 0
0 1 0 27.0 62.5 2 -1 0
0 1 0 27.1 62.5 2 -1 0
0 1 0 27.1 62.5 2 -1 0
0 1 0 27.1 62.5 2 -1 0
0 1 0 27.0 63.0 2 -1 0
0 1 0 27.1 63.0 2 -1 0
0 1 0 27.0 63.0 2 -1 0
0 1 0 27.1 63.0 2 -1 0
0 1 0 27.1 63.0 2 -1 0
0 1 0 27.2 63.0 2 -1 0
0 1 0 27.2 63.0 2 -1 0
0 1 0 27.2 63.0 2 -1 0
0 1 0 27.2 63.0 2 -1 0
0 1 0 27.2 63.0 2 -1 0
0 1 0 27.3 63.0 2 -1 0
0 1 0 27.2 63.0 2 -1 0
0 1 0 27.2 63.5 2 -1 0
0 1 0 27.2 63.0 2 -1 0
0 1 0 27.2 63.5 2 -1 0
0 1 0 27.2 63.0 2 -1 0
0 1 0 27.3 63.5 2 -1 0
0 1 0 27.3 63.5 2 -1 0
0 1 0 27.3 63.5 2 -1 0
0 1 0 27.3 63.5 2 -1 0
0 1 0 27.3 63.5 2 -1 0
0 1 0 27.4 63.5 2 -1 0
0 1 0 27.3 63.5 2 -1 0
0 1 0 27.4 63.5 2 -1 0
0 1 0 27.4 63.5 2 -1 0
0 1 0 27.4 63.5 2 -1 0
0 1 0 27.3 63.5 2 -1 0
0 1 0 27.4 63.5 2 -1 0
0 1 0 27.4 63.5 2 -1 0
0 1 0 27.4 64.0 2 -1 0
0 1 0 27.4 64.0 2 -1 0
0 1 0 27.4 64.0 2 -1 0
0 1 0 27.4 64.0 2 -1 0
0 1 0 27.5 64.0 2 -1 0
0 1 0 27.4 64.0 2 -1 0
0 1 0 27.5 64.0 2 -1 0
0 1 0 27.4 64.0 2 -1 0
0 1 0 27.5 64.0 2 -1 0
0 1 0 27.5 64.0 2 -1 0
0 1 0 27.5 64.0 2 -1 0
0 1 0 27.5 64.0 2 -1 0
0 1 0 27.5 64.5 2 -1 0
0 1 0 27.6 64.5 2 -1 0
0 1 0 27.5 64.5 2 -1 0
0 1 0 27.5 64.5 2 -1 0
0 1 0 27.5 64.5 2 -1 0
0 1 0 27.6 64.5 2 -1 0
0 1 0 27.7 64.5 2 -1 0
0 1 0 27.6 64.5 2 -1 0
