0 1 0 28.6 61.0 2 -1 0
0 1 0 28.6 61.0 2 -1 0
0 1 0 28.7 61.0 2 -1 0
0 1 0 28.7 61.0 2 -1 0
0 1 0 28.7 61.0 2 -1 0
0 1 0 28.6 61.0 2 -1 0
0 1 0 28.6 61.0 2 -1 0
0 1 0 28.7 61.0 2 -1 0
0 1 0 28.6 61.0 2 -1 0
0 1 0 28.6 61.0 2 -1 0
0 1 0 28.6 61.0 2 -1 0
0 1 0 28.6 61.0 2 -1 0
0 1 0 28.6 61.0 2 -1 0
0 1 0 28.6 61.0 2 -1 0
0 1 0 28.6 61.0 2 -1 0
0 1 0 28.7 61.0 2 -1 0
0 1 0 28.7 61.0 2 -1 0
0 1 0 28.6 61.0 2 -1 0
0 1 0 28.7 61.0 2 -1 0
0 1 0 28.7 61.0 2 -1 0
0 1 0 28.7 61.0 2 -1 0
0 1 0 28.6 61.0 2 -1 0
0 1 0 28.7 61.0 2 -1 0
0 1 0 28.7 61.0 2 -1 0
0 1 0 28.7 61.5 2 -1 0
0 1 0 28.6 61.5 2 -1 0
0 1 0 28.7 61.5 2 -1 0
0 1 0 28.7 61.5 2 -1 0
0 1 0 28.7 61.5 2 -1 0
0 1 0 28.7 61.5 2 -1 0
0 1 0 28.6 61.5 2 -1 0
0 1 0 28.7 61.5 2 -1 0
0 1 0 28.6 61.5 2 -1 0
0 1 0 28.7 61.5 2 -1 0
0 1 0 28.7 61.5 2 -1 0
0 1 0 28.7 61.5 2 -1 0
0 1 0 28.7 61.5 2 -1 0
0 1 0 28.7 61.5 2 -1 0
0 1 0 28.7 61.5 2 -1 0
0 1 0 28.7 61.5 2 -1 0
0 1 0 28.7 61.5 2 -1 0
0 1 0 28.7 61.5 2 -1 0
0 1 0 28.6 61.5 2 -1 0
0 1 0 28.7 61.5 2 -1 0
0 1 0 28.6 61.5 2 -1 0
0 1 0 28.7 61.5 2 -1 0
0 1 0 28.7 61.5 2 -1 0
0 1 0 28.7 61.5 2 -1 0
0 1 0 28.7 61.5 2 -1 0
0 1 0 28.7 61.5 2 -1 0
0 1 0 28.7 61.5 2 -1 0
0 1 0 28.7 61.5 2 -1 0
0 1 0 28.7 61.5 2 -1 0
0 1 0 28.7 62.0 2 -1 0
0 1 0 28.7 61.5 2 -1 0
0 1 0 28.6 61.5 2 -1 0
0 1 0 28.7 61.5 2 -1 0
0 1 0 28.7 61.5 2 -1 0
0 1 0 28.7 61.5 2 -1 0
0 1 0 28.7 61.5 2 -1 0
0 1 0 28.7 61.5 2 -1 0
0 1 0 28.7 61.5 2 -1 0
0 1 0 28.7 61.5 2 -1 0
0 1 0 28.7 61.5 2 -1 0
0 1 0 28.7 62.0 2 -1 0
0 1 0 28.7 61.5 2 -1 0
0 1 0 28.7 62.0 2 -1 0
0 1 0 28.8 61.5 2 -1 0
0 1 0 28.7 61.5 2 -1 0
0 1 0 28.7 62.0 2 -1 0
0 1 0 28.7 62.0 2 -1 0
0 1 0 28.6 62.0 2 -1 0
0 1 0 28.7 62.0 2 -1 0
0 1 0 28.7 62.0 2 -1 0
0 1 0 28.7 62.0 2 -1 0
0 1 0 28.7 62.0 2 -1 0
0 1 0 28.8 62.0 2 -1 0
0 1 0 28.7 62.0 2 -1 0
0 1 0 28.7 62.0 2 -1 0
0 1 0 28.8 62.0 2 -1 0
0 1 0 28.7 62.0 2 -1 0
0 1 0 28.7 62.0 2 -1 0
0 1 0 28.7 62.0 2 -1 0
0 1 0 28.7 62.0 2 -1 0
0 1 0 28.8 62.0 2 -1 0
0 1 0 28.8 62.0 2 -1 0
0 1 0 28.7 62.0 2 -1 0
0 1 0 28.7 62.0 2 -1 0
0 1 0 28.7 62.0 2 -1 0
0 1 0 28.7 62.0 2 -1 0
0 1 0 28.7 62.0 2 -1 0
0 1 0 28.7 62.0 2 -1 0
0 1 0 28.7 62.0 2 -1 0
0 1 0 28.8 62.0 2 -1 0
0 1 0 28.8 62.5 2 -1 0
0 1 0 28.7 62.5 2 -1 0
0 1 0 28.7 62.5 2 -1 0
0 1 0 28.7 62.5 2 -1 0
0 1 0 28.7 62.5 2 -1 0
0 1 0 28.7 62.5 2 -1 0
0 1 0 28.8 63.0 2 -1 0
0 1 0 28.7 62.5 2 -1 0
0 1 0 28.8 62.5 2 -1 0
0 1 0 28.7 62.5 2 -1 0
0 1 0 28.7 62.5 2 -1 0
0 1 0 28.7 63.0 2 -1 0
0 1 0 28.8 63.0 2 -1 0
0 1 0 28.8 62.5 2 -1 0
0 1 0 28.8 63.0 2 -1 0
0 1 0 28.7 62.5 2 -1 0
0 1 0 28.8 63.0 2 -1 0
0 1 0 28.8 62.5 2 -1 0
0 1 0 28.7 62.5 2 -1 0
0 1 0 28.8 62.5 2 -1 0
0 1 0 28.8 62.5 2 -1 0
0 1 0 28.7 62.5 2 -1 0
0 1 0 28.7 62.5 2 -1 0
0 1 0 28.7 63.0 2 -1 0
0 1 0 28.7 62.5 2 -1 0
0 1 0 28.8 62.5 2 -1 0
0 1 0 28.8 62.5 2 -1 0
0 1 0 28.8 62.5 2 -1 0
0 1 0 28.8 62.5 2 -1 0
0 1 0 28.8 63.0 2 -1 0
0 1 0 28.8 63.0 2 -1 0
0 1 0 28.8 62.5 2 -1 0
0 1 0 28.8 62.5 2 -1 0
0 1 0 28.8 63.0 2 -1 0
0 1 0 28.8 62.5 2 -1 0
0 1 0 28.8 63.0 2 -1 0
0 1 0 28.9 62.5 2 -1 0
0 1 0 28.7 62.5 2 -1 0
0 1 0 28.8 62.5 2 -1 0
0 1 0 28.8 62.5 2 -1 0
0 1 0 28.7 62.5 2 -1 0
0 1 0 28.7 62.5 2 -1 0
0 1 0 28.8 62.5 2 -1 0
0 1 0 28.8 62.5 2 -1 0
0 1 0 28.8 62.5 2 -1 0
0 1 0 28.8 62.5 2 -1 0
0 1 0 28.8 62.5 2 -1 0
0 1 0 28.8 62.5 2 -1 0
0 1 0 28.8 62.5 2 -1 0
0 1 0 28.7 62.5 2 -1 0
0 1 0 28.8 62.5 2 -1 0
0 1 0 28.8 62.5 2 -1 0
0 1 0 28.8 63.0 2 -1 0
0 1 0 28.8 63.0 2 -1 0
0 1 0 28.8 63.0 2 -1 0
0 1 0 28.8 63.0 2 -1 0
0 1 0 28.8 63.0 2 -1 0
0 1 0 28.9 63.0 2 -1 0
0 1 0 28.8 63.0 2 -1 0
0 1 0 28.8 63.0 2 -1 0
0 1 0 28.8 63.0 2 -1 0
0 1 0 28.8 63.0 2 -1 0
0 1 0 28.7 63.0 2 -1 0
0 1 0 28.8 63.0 2 -1 0
0 1 0 28.8 63.0 2 -1 0
0 1 0 28.8 63.0 2 -1 0
0 1 0 28.8 63.0 2 -1 0
0 1 0 28.8 63.0 2 -1 0
0 1 0 28.9 63.0 2 -1 0
0 1 0 28.8 63.5 2 -1 0
0 1 0 28.8 63.5 2 -1 0
0 1 0 28.9 64.0 2 -1 0
0 1 0 28.8 64.0 2 -1 0
0 1 0 28.8 64.0 2 -1 0
0 1 0 28.8 64.0 2 -1 0
0 1 0 28.7 64.0 2 -1 0
0 1 0 28.8 64.5 2 -1 0
0 1 0 28.8 64.0 2 -1 0
0 1 0 28.8 64.0 2 -1 0
0 1 0 28.8 64.5 2 -1 0
0 1 0 28.8 64.0 2 -1 0
0 1 0 28.8 64.0 2 -1 0
0 1 0 28.8 64.0 2 -1 0
0 1 0 28.8 64.0 2 -1 0
0 1 0 28.9 64.0 2 -1 0
0 1 0 28.8 64.0 2 -1 0
0 1 0 28.9 64.0 2 -1 0
0 1 0 28.9 64.0 2 -1 0
0 1 0 28.9 64.0 2 -1 0
0 1 0 28.8 64.0 2 -1 0
0 1 0 28.8 64.0 2 -1 0
0 1 0 28.8 64.0 2 -1 0
0 1 0 28.8 64.0 2 -1 0
0 1 0 28.9 64.0 2 -1 0
0 1 0 28.9 64.0 2 -1 0
0 1 0 28.8 64.0 2 -1 0
0 1 0 28.8 64.0 2 -1 0
0 1 0 28.8 64.0 2 -1 0
0 1 0 28.8 64.0 2 -1 0
0 1 0 28.9 64.0 2 -1 0
0 1 0 28.8 64.0 2 -1 0
0 1 0 28.9 64.0 2 -1 0
0 1 0 28.9 64.0 2 -1 0
0 1 0 28.9 64.0 2 -1 0
0 1 0 28.9 64.0 2 -1 0
0 1 0 28.8 64.0 2 -1 0
0 1 0 28.9 64.0 2 -1 0
0 1 0 28.8 64.0 2 -1 0
0 1 0 28.9 64.0 2 -1 0
0 1 0 28.9 64.0 2 -1 0
0 1 0 28.8 64.0 2 -1 0
0 1 0 28.8 64.5 2 -1 0
0 1 0 28.9 64.5 2 -1 0
0 1 0 28.9 64.5 2 -1 0
0 1 0 28.8 64.5 2 -1 0
0 1 0 28.8 64.5 2 -1 0
0 1 0 28.9 64.5 2 -1 0
0 1 0 28.8 64.5 2 -1 0
0 1 0 28.8 64.5 2 -1 0
0 1 0 28.8 64.5 2 -1 0
0 1 0 28.9 65.0 2 -1 0
0 1 0 28.8 64.5 2 -1 0
0 1 0 28.9 64.5 2 -1 0
0 1 0 28.8 64.5 2 -1 0
0 1 0 28.8 64.5 2 -1 0
0 1 0 28.9 64.5 2 -1 0
0 1 0 28.8 64.5 2 -1 0
0 1 0 28.9 64.5 2 -1 0
0 1 0 28.8 64.5 2 -1 0
0 1 0 28.8 64.5 2 -1 0
0 1 0 28.9 64.5 2 -1 0
0 1 0 28.8 64.5 2 -1 0
0 1 0 28.8 64.5 2 -1 0
0 1 0 28.8 64.5 2 -1 0
0 1 0 28.9 64.5 2 -1 0
0 1 0 28.8 64.5 2 -1 0
0 1 0 28.9 64.5 2 -1 0
0 1 0 28.9 64.5 2 -1 0
0 1 0 28.8 64.5 2 -1 0
0 1 0 28.8 64.5 2 -1 0
0 1 0 28.9 64.5 2 -1 0
0 1 0 28.9 64.5 2 -1 0
0 1 0 28.9 64.5 2 -1 0
0 1 0 28.8 64.5 2 -1 0
0 1 0 28.8 64.5 2 -1 0
0 1 0 28.9 64.5 2 -1 0
0 1 0 28.9 64.5 2 -1 0
0 1 0 28.8 64.5 2 -1 0
0 1 0 28.9 65.0 2 -1 0
0 1 0 28.8 65.0 2 -1 0
0 1 0 28.9 65.0 2 -1 0
0 1 0 28.8 65.5 2 -1 0
0 1 0 28.9 65.5 2 -1 0
0 1 0 28.8 65.5 2 -1 0
0 1 0 28.9 65.5 2 -1 0
0 1 0 28.8 65.5 2 -1 0
0 1 0 28.8 65.5 2 -1 0
0 1 0 28.8 65.5 2 -1 0
0 1 0 28.8 65.5 2 -1 0
0 1 0 28.9 65.5 2 -1 0
0 1 0 28.9 65.5 2 -1 0
0 1 0 28.9 65.5 2 -1 0
0 1 0 28.9 65.5 2 -1 0
0 1 0 28.9 65.5 2 -1 0
0 1 0 28.9 65.5 2 -1 0
0 1 0 28.9 65.5 2 -1 0
0 1 0 28.8 65.5 2 -1 0
0 1 0 28.8 65.5 2 -1 0
0 1 0 28.8 65.5 2 -1 0
0 1 0 28.8 65.5 2 -1 0
0 1 0 28.9 65.5 0 -1 0
0 1 0 28.8 66.0 2 -1 0
0 1 0 28.8 66.0 2 -1 0
0 1 0 28.9 66.0 2 -1 0
0 1 0 28.8 66.0 2 -1 0
0 1 0 28.9 66.0 2 -1 0
0 1 0 28.9 66.0 2 -1 0
0 1 0 28.9 66.0 2 -1 0
0 1 0 28.9 66.0 2 -1 0
0 1 0 28.9 66.0 2 -1 0
0 1 0 28.9 65.5 2 -1 0
0 1 0 28.9 66.0 2 -1 0
0 1 0 28.9 65.5 2 -1 0
0 1 0 28.9 65.5 2 -1 0
0 1 0 28.9 65.5 2 -1 0
0 1 0 28.9 65.5 2 -1 0
0 1 0 28.9 65.5 2 -1 0
0 1 0 28.9 65.5 2 -1 0
0 1 0 28.9 65.5 2 -1 0
0 1 0 28.9 65.5 2 -1 0
0 1 0 28.8 65.5 2 -1 0
0 1 0 28.8 65.5 2 -1 0
0 1 0 28.9 65.5 2 -1 0
0 1 0 28.9 65.5 2 -1 0
0 1 0 28.9 65.5 2 -1 0
0 1 0 28.9 65.5 2 -1 0
0 1 0 28.9 65.5 2 -1 0
0 1 0 28.8 65.5 2 -1 0
0 1 0 28.9 65.5 2 -1 0
0 1 0 28.9 65.5 2 -1 0
0 1 0 28.9 65.5 2 -1 0
0 1 0 28.8 65.5 2 -1 0
0 1 0 28.9 65.5 2 -1 0
0 1 0 28.9 65.5 1 -1 0
0 1 0 28.9 65.5 1 -1 0
0 1 0 28.8 65.5 1 -1 0
0 1 0 28.8 65.5 1 -1 0
0 1 0 28.9 65.5 1 -1 0
0 1 0 28.8 65.5 1 -1 0
0 1 0 28.8 65.5 1 -1 0
0 1 0 28.8 65.5 1 -1 0
0 1 0 28.8 65.5 1 -1 0
0 1 0 28.8 65.5 0 -1 0
0 1 0 28.9 65.5 0 -1 0
0 1 0 28.9 65.5 0 -1 0
0 1 0 28.8 65.5 0 -1 0
0 1 0 28.8 65.5 0 -1 0
0 1 0 28.8 65.5 2 -1 0
0 1 0 28.9 65.5 2 -1 0
0 1 0 28.9 65.5 2 -1 0
0 1 0 28.9 65.5 1 -1 0
0 1 0 28.8 65.5 1 -1 0
0 1 0 28.8 65.5 1 -1 0
0 1 0 28.9 65.5 2 -1 0
0 1 0 28.9 65.5 2 -1 0
0 1 0 28.8 65.5 4 -1 0
0 1 0 28.9 65.5 4 -1 0
0 1 0 28.8 65.5 2 -1 0
0 1 0 28.8 65.5 2 -1 0
0 1 0 28.9 65.5 4 -1 0
0 1 0 28.9 65.5 6 -1 0
0 1 0 28.9 65.5 5 -1 0
0 1 0 28.8 65.5 7 -1 0
0 1 0 28.9 65.5 7 -1 0
0 1 0 28.8 65.5 11 -1 0
0 1 0 28.8 65.5 10 -1 0
0 1 0 28.8 65.5 13 -1 0
0 1 0 28.9 65.5 15 -1 0
0 1 0 28.9 65.5 18 -1 0
0 1 0 28.9 65.0 18 -1 0
0 1 0 28.8 65.5 23 -1 0
0 1 0 28.9 65.5 23 -1 0
0 1 0 28.9 65.0 27 -1 0
0 1 0 28.8 65.0 28 -1 0
0 1 0 28.9 65.0 32 -1 0
0 1 0 28.9 65.0 31 -1 0
0 1 0 28.9 65.0 35 -1 0
0 1 0 28.9 65.0 36 -1 0
0 1 0 28.9 65.0 40 -1 0
0 1 0 28.9 65.0 40 -1 0
0 1 0 28.9 65.0 43 -1 0
0 1 0 28.9 65.0 42 -1 0
0 1 0 28.9 65.0 29 -1 0
0 1 0 28.9 65.0 21 -1 0
0 1 0 28.9 65.0 21 -1 0
0 1 0 28.9 65.0 20 -1 0
0 1 0 28.9 65.0 17 -1 0
0 1 0 29.0 65.0 19 -1 0
0 1 0 28.9 65.0 19 -1 0
0 1 0 28.9 65.5 21 -1 0
0 1 0 28.9 65.0 19 -1 0
0 1 0 28.9 65.5 21 -1 0
0 1 0 28.9 65.5 23 -1 0
0 1 0 28.9 65.5 21 -1 0
0 1 0 28.9 65.5 23 -1 0
0 1 0 28.9 65.5 24 -1 0
0 1 0 28.9 65.5 26 -1 0
0 1 0 28.9 65.5 26 -1 0
0 1 0 28.9 65.5 28 -1 0
0 1 0 28.9 65.5 28 -1 0
0 1 0 28.9 65.5 28 -1 0
0 1 0 28.9 65.5 35 -1 0
0 1 0 28.9 65.5 33 -1 0
0 1 0 28.9 65.5 33 -1 0
0 1 0 28.9 65.5 37 -1 0
0 1 0 28.9 65.5 35 -1 0
0 1 0 29.0 65.5 42 -1 0
0 1 0 29.0 65.0 47 -1 0
0 1 0 28.9 65.5 43 -1 0
0 1 0 29.0 65.0 44 -1 0
0 1 0 29.0 65.0 40 -1 0
0 1 0 28.9 65.0 42 -1 0
0 1 0 29.0 65.5 42 -1 0
0 1 0 29.0 65.0 53 -1 0
0 1 0 29.0 65.0 51 -1 0
0 1 0 29.0 65.0 77 -1 0
0 1 0 29.0 65.0 118 -1 0
0 1 0 29.0 65.0 139 -1 0
0 1 0 29.0 65.0 112 -1 0
0 1 0 29.0 65.0 70 -1 0
0 1 0 29.0 65.0 111 -1 0
0 1 0 29.1 65.0 133 -1 0
0 1 0 29.0 65.0 143 -1 0
0 1 0 29.1 65.0 145 -1 0
0 1 0 29.0 65.0 145 -1 0
0 1 0 29.0 65.0 145 -1 0
0 1 0 29.1 65.0 145 -1 0
0 1 0 29.1 65.0 149 -1 0
0 1 0 29.1 65.0 149 -1 0
0 1 0 29.1 64.5 151 -1 0
0 1 0 29.1 64.5 150 -1 0
0 1 0 29.2 64.5 154 -1 0
0 1 0 29.1 64.5 156 -1 0
0 1 0 29.2 64.5 154 -1 0
0 1 0 29.1 64.5 158 -1 0
0 1 0 29.1 64.5 158 -1 0
0 1 0 29.1 64.5 161 -1 0
0 1 0 29.2 65.0 161 -1 0
0 1 0 29.2 65.0 161 -1 0
0 1 0 29.2 65.0 165 -1 0
0 1 0 29.2 65.0 165 -1 0
0 1 0 29.3 65.0 167 -1 0
0 1 0 29.3 65.0 168 -1 0
0 1 0 29.2 65.0 170 -1 0
0 1 0 29.3 65.0 170 -1 0
0 1 0 29.3 65.0 172 -1 0
0 1 0 29.3 65.0 170 -1 0
0 1 0 29.3 65.0 174 -1 0
0 1 0 29.3 65.0 177 -1 0
0 1 0 29.4 65.0 177 -1 0
0 1 0 29.4 65.0 179 -1 0
0 1 0 29.4 65.0 177 -1 0
0 1 0 29.3 65.0 179 -1 0
0 1 0 29.4 65.0 181 -1 0
0 1 0 29.4 65.0 179 -1 0
0 1 0 29.4 65.0 183 -1 0
0 1 0 29.4 65.0 182 -1 0
0 1 0 29.4 65.0 186 -1 0
0 1 0 29.4 65.0 186 -1 0
0 1 0 29.4 65.0 188 -1 0
0 1 0 29.5 65.5 186 -1 0
0 1 0 29.4 65.5 186 -1 0
0 1 0 29.5 65.5 186 -1 0
0 1 0 29.5 65.5 188 -1 0
0 1 0 29.5 65.5 190 -1 0
0 1 0 29.5 65.0 188 -1 0
0 1 0 29.5 65.0 190 -1 0
0 1 0 29.5 65.5 193 -1 0
0 1 0 29.5 65.0 193 -1 0
0 1 0 29.5 65.0 195 -1 0
0 1 0 29.5 65.5 193 -1 0
0 1 0 29.6 65.5 190 -1 0
0 1 0 29.5 65.5 190 -1 0
0 1 0 29.6 65.5 190 -1 0
0 1 0 29.7 65.5 190 -1 0
0 1 0 29.6 65.5 192 -1 0
0 1 0 29.7 65.5 190 -1 0
0 1 0 29.6 65.5 188 -1 0
0 1 0 29.6 65.5 190 -1 0
0 1 0 29.6 65.5 190 -1 0
0 1 0 29.6 65.5 192 -1 0
0 1 0 29.7 66.0 190 -1 0
0 1 0 29.7 66.0 190 -1 0
0 1 0 29.7 66.0 192 -1 0
0 1 0 29.8 65.5 190 -1 0
0 1 0 29.8 65.5 190 -1 0
0 1 0 29.8 66.0 190 -1 0
0 1 0 29.7 66.0 190 -1 0
0 1 0 29.7 66.0 188 -1 0
0 1 0 29.8 66.0 189 -1 0
0 1 0 29.8 66.0 187 -1 0
0 1 0 29.8 66.0 186 -1 0
0 1 0 29.8 66.0 186 -1 0
0 1 0 29.9 66.0 188 -1 0
0 1 0 29.8 66.0 190 -1 0
0 1 0 29.8 66.0 188 -1 0
0 1 0 29.9 66.0 189 -1 0
0 1 0 29.9 66.0 185 -1 0
0 1 0 29.9 66.0 185 -1 0
0 1 0 29.9 66.0 185 -1 0
0 1 0 29.9 66.0 181 -1 0
0 1 0 30.0 66.5 181 -1 0
0 1 0 29.9 66.5 183 -1 0
0 1 0 29.9 67.0 185 -1 0
0 1 0 30.0 66.5 187 -1 0
0 1 0 29.9 66.5 187 -1 0
0 1 0 29.9 66.5 187 -1 0
0 1 0 30.0 67.0 185 -1 0
0 1 0 30.0 67.0 185 -1 0
0 1 0 30.0 67.0 181 -1 0
0 1 0 30.0 67.0 180 -1 0
0 1 0 30.0 67.0 180 -1 0
0 1 0 30.0 67.0 180 -1 0
0 1 0 30.1 67.0 178 -1 0
0 1 0 30.1 67.0 176 -1 0
0 1 0 30.0 67.0 178 -1 0
0 1 0 30.1 67.0 176 -1 0
0 1 0 30.0 67.0 176 -1 0
0 1 0 30.1 67.0 174 -1 0
0 1 0 30.1 67.0 173 -1 0
0 1 0 30.1 67.0 171 -1 0
0 1 0 30.1 67.0 169 -1 0
0 1 0 30.1 67.0 171 -1 0
0 1 0 30.2 67.0 171 -1 0
0 1 0 30.1 67.0 165 -1 0
0 1 0 30.2 67.0 166 -1 0
0 1 0 30.2 67.5 166 -1 0
0 1 0 30.2 67.5 164 -1 0
0 1 0 30.1 67.5 160 -1 0
0 1 0 30.2 67.5 162 -1 0
0 1 0 30.2 67.5 160 -1 0
0 1 0 30.2 67.5 158 -1 0
0 1 0 30.2 67.5 159 -1 0
0 1 0 30.2 67.5 157 -1 0
0 1 0 30.3 67.5 155 -1 0
0 1 0 30.2 67.5 157 -1 0
0 1 0 30.2 67.5 157 -1 0
0 1 0 30.2 67.5 157 -1 0
0 1 0 30.2 67.5 155 -1 0
0 1 0 30.2 67.5 151 -1 0
0 1 0 30.3 67.5 149 -1 0
0 1 0 30.2 67.5 151 -1 0
0 1 0 30.3 67.5 153 -1 0
0 1 0 30.2 67.5 151 -1 0
0 1 0 30.2 67.5 151 -1 0
0 1 0 30.2 67.5 153 -1 0
0 1 0 30.2 67.5 153 -1 0
0 1 0 30.2 67.5 156 -1 0
0 1 0 30.2 67.5 160 -1 0
0 1 0 30.2 67.0 165 -1 0
0 1 0 30.2 67.0 156 -1 0
0 1 0 30.3 67.0 135 -1 0
0 1 0 30.2 67.0 151 -1 0
0 1 0 30.2 67.0 161 -1 0
0 1 0 30.2 67.0 140 -1 0
0 1 0 30.2 67.0 165 -1 0
0 1 0 30.3 67.0 182 -1 0
0 1 0 30.3 67.0 175 -1 0
0 1 0 30.2 67.0 184 -1 0
0 1 0 30.2 67.0 189 -1 0
0 1 0 30.2 67.0 163 -1 0
0 1 0 30.2 67.0 169 -1 0
0 1 0 30.3 67.0 185 -1 0
0 1 0 30.3 67.0 191 -1 0
0 1 0 30.3 67.0 182 -1 0
0 1 0 30.2 67.0 182 -1 0
0 1 0 30.3 67.0 170 -1 0
0 1 0 30.3 66.5 173 -1 0
0 1 0 30.3 67.0 170 -1 0
0 1 0 30.2 66.5 180 -1 0
0 1 0 30.2 66.5 180 -1 0
0 1 0 30.2 66.5 168 -1 0
0 1 0 30.2 66.5 163 -1 0
0 1 0 30.3 66.5 178 -1 0
0 1 0 30.3 66.5 173 -1 0
0 1 0 30.3 66.5 173 -1 0
0 1 0 30.4 66.5 197 -1 0
0 1 0 30.3 66.5 193 -1 0
0 1 0 30.4 67.0 200 -1 0
0 1 0 30.3 66.5 183 -1 0
0 1 0 30.4 67.0 147 -1 0
0 1 0 30.3 66.5 134 -1 0
0 1 0 30.3 66.5 130 -1 0
0 1 0 30.3 66.5 135 -1 0
0 1 0 30.3 66.5 134 -1 0
0 1 0 30.3 66.5 125 -1 0
0 1 0 30.4 66.5 133 -1 0
0 1 0 30.3 66.5 137 -1 0
0 1 0 30.3 66.5 135 -1 0
0 1 0 30.4 66.5 132 -1 0
0 1 0 30.3 66.5 123 -1 0
0 1 0 30.3 66.5 114 -1 0
0 1 0 30.4 66.5 107 -1 0
0 1 0 30.3 66.5 98 -1 0
0 1 0 30.3 66.5 123 -1 0
0 1 0 30.2 66.0 130 -1 0
0 1 0 30.3 66.5 123 -1 0
0 1 0 30.2 66.0 106 -1 0
0 1 0 30.3 66.0 105 -1 0
0 1 0 30.2 66.0 125 -1 0
0 1 0 30.2 66.0 148 -1 0
0 1 0 30.3 66.0 155 -1 0
0 1 0 30.3 66.0 165 -1 0
0 1 0 30.2 66.0 145 -1 0
0 1 0 30.3 66.0 116 -1 0
0 1 0 30.3 66.0 139 -1 0
0 1 0 30.2 66.0 134 -1 0
0 1 0 30.4 66.0 125 -1 0
0 1 0 30.3 66.0 123 -1 0
0 1 0 30.3 65.5 109 -1 0
0 1 0 30.3 65.5 109 -1 0
0 1 0 30.4 66.0 112 -1 0
0 1 0 30.3 66.0 119 -1 0
0 1 0 30.3 66.0 117 -1 0
0 1 0 30.3 66.0 107 -1 0
0 1 0 30.3 66.0 104 -1 0
0 1 0 30.2 66.0 100 -1 0
0 1 0 30.3 66.0 104 -1 0
0 1 0 30.3 66.0 107 -1 0
0 1 0 30.3 66.0 114 -1 0
0 1 0 30.3 66.0 117 -1 0
0 1 0 30.3 66.0 119 -1 0
0 1 0 30.3 66.0 118 -1 0
0 1 0 30.2 66.0 115 -1 0
0 1 0 30.2 66.0 112 -1 0
0 1 0 30.3 66.0 107 -1 0
0 1 0 30.3 66.0 104 -1 0
0 1 0 30.3 66.0 98 -1 0
0 1 0 30.3 65.5 104 -1 0
0 1 0 30.3 65.5 111 -1 0
0 1 0 30.3 65.5 110 -1 0
0 1 0 30.2 65.5 114 -1 0
0 1 0 30.2 65.5 116 -1 0
0 1 0 30.3 65.5 120 -1 0
0 1 0 30.2 65.5 114 -1 0
0 1 0 30.3 65.5 114 -1 0
0 1 0 30.3 65.5 134 -1 0
0 1 0 30.3 65.5 124 -1 0
0 1 0 30.3 65.5 144 -1 0
0 1 0 30.3 65.5 140 -1 0
0 1 0 30.2 65.5 136 -1 0
0 1 0 30.2 65.5 115 -1 0
0 1 0 30.3 65.5 104 -1 0
0 1 0 30.2 65.5 104 -1 0
0 1 0 30.2 65.0 109 -1 0
0 1 0 30.1 65.0 128 -1 0
0 1 0 30.2 65.0 94 -1 0
0 1 0 30.2 65.0 113 -1 0
0 1 0 30.2 65.0 115 -1 0
0 1 0 30.1 65.0 103 -1 0
0 1 0 30.2 65.0 103 -1 0
0 1 0 30.1 65.0 110 -1 0
0 1 0 30.2 65.0 108 -1 0
0 1 0 30.2 65.0 105 -1 0
0 1 0 30.2 65.0 113 -1 0
0 1 0 30.2 65.0 122 -1 0
0 1 0 30.1 65.0 96 -1 0
0 1 0 30.2 65.0 105 -1 0
0 1 0 30.2 65.0 121 -1 0
0 1 0 30.2 65.0 134 -1 0
0 1 0 30.2 65.0 134 -1 0
0 1 0 30.2 65.0 123 -1 0
0 1 0 30.2 65.0 108 -1 0
0 1 0 30.3 65.0 118 -1 0
0 1 0 30.2 65.0 130 -1 0
0 1 0 30.3 65.5 124 -1 0
0 1 0 30.3 65.0 88 -1 0
0 1 0 30.2 65.0 86 -1 0
0 1 0 30.2 65.0 88 -1 0
0 1 0 30.2 65.0 99 -1 0
0 1 0 30.2 65.0 129 -1 0
0 1 0 30.2 65.0 121 -1 0
0 1 0 30.2 65.5 93 -1 0
0 1 0 30.3 65.5 90 -1 0
0 1 0 30.3 65.5 102 -1 0
0 1 0 30.2 65.5 123 -1 0
0 1 0 30.3 65.5 106 -1 0
0 1 0 30.3 65.5 120 -1 0
0 1 0 30.3 65.5 124 -1 0
0 1 0 30.3 65.0 110 -1 0
0 1 0 30.2 65.0 87 -1 0
0 1 0 30.3 65.0 110 -1 0
0 1 0 30.2 65.0 121 -1 0
0 1 0 30.2 65.0 114 -1 0
0 1 0 30.2 65.0 103 -1 0
0 1 0 30.2 65.0 87 -1 0
0 1 0 30.3 65.0 89 -1 0
0 1 0 30.2 65.0 83 -1 0
0 1 0 30.2 65.0 78 -1 0
0 1 0 30.2 65.0 77 -1 0
0 1 0 30.3 65.0 80 -1 0
0 1 0 30.2 65.0 88 -1 0
0 1 0 30.3 65.0 88 -1 0
0 1 0 30.3 65.0 85 -1 0
0 1 0 30.2 65.0 88 -1 0
0 1 0 30.2 65.0 101 -1 0
0 1 0 30.3 65.0 101 -1 0
0 1 0 30.3 65.5 91 -1 0
0 1 0 30.2 65.5 80 -1 0
0 1 0 30.3 65.5 71 -1 0
0 1 0 30.3 65.5 73 -1 0
0 1 0 30.3 66.0 71 -1 0
0 1 0 30.3 66.0 72 -1 0
0 1 0 30.4 66.0 78 -1 0
0 1 0 30.3 66.0 81 -1 0
0 1 0 30.4 66.0 88 -1 0
0 1 0 30.3 65.5 89 -1 0
0 1 0 30.3 65.0 86 -1 0
0 1 0 30.3 64.5 86 -1 0
0 1 0 30.2 64.0 86 -1 0
0 1 0 30.2 64.0 86 -1 0
0 1 0 30.2 63.5 83 -1 0
0 1 0 30.1 63.0 79 -1 0
0 1 0 30.1 63.0 80 -1 0
0 1 0 30.1 63.0 78 -1 0
0 1 0 30.1 63.0 87 -1 0
0 1 0 30.0 63.5 99 -1 0
0 1 0 30.0 63.5 107 -1 0
0 1 0 30.0 63.0 93 -1 0
0 1 0 30.0 63.5 85 -1 0
0 1 0 30.0 63.5 92 -1 0
0 1 0 30.1 63.5 85 -1 0
0 1 0 30.0 64.0 90 -1 0
0 1 0 30.1 64.0 94 -1 0
0 1 0 30.1 64.0 94 -1 0
0 1 0 30.1 64.0 94 -1 0
0 1 0 30.1 64.0 94 -1 0
0 1 0 30.2 64.5 87 -1 0
0 1 0 30.2 64.5 98 -1 0
0 1 0 30.1 64.5 105 -1 0
0 1 0 30.2 64.5 110 -1 0
0 1 0 30.2 64.5 96 -1 0
0 1 0 30.3 65.0 93 -1 0
0 1 0 30.3 65.0 100 -1 0
0 1 0 30.3 65.0 95 -1 0
0 1 0 30.2 65.0 93 -1 0
0 1 0 30.3 65.0 93 -1 0
0 1 0 30.3 65.0 96 -1 0
0 1 0 30.2 65.5 103 -1 0
0 1 0 30.3 65.5 111 -1 0
0 1 0 30.3 65.5 105 -1 0
0 1 0 30.3 65.5 113 -1 0
0 1 0 30.4 65.0 108 -1 0
0 1 0 30.3 65.0 100 -1 0
0 1 0 30.3 65.0 106 -1 0
0 1 0 30.3 65.0 108 -1 0
0 1 0 30.3 65.0 100 -1 0
0 1 0 30.3 65.0 97 -1 0
0 1 0 30.3 65.0 97 -1 0
0 1 0 30.4 65.0 100 -1 0
0 1 0 30.3 65.0 105 -1 0
0 1 0 30.4 65.0 109 -1 0
0 1 0 30.4 65.0 101 -1 0
0 1 0 30.4 65.0 96 -1 0
0 1 0 30.4 65.0 88 -1 0
0 1 0 30.5 65.0 83 -1 0
0 1 0 30.4 65.0 81 -1 0
0 1 0 30.4 65.0 83 -1 0
0 1 0 30.5 65.0 85 -1 0
0 1 0 30.5 65.5 83 -1 0
0 1 0 30.4 65.0 78 -1 0
0 1 0 30.4 65.5 78 -1 0
0 1 0 30.4 65.5 85 -1 0
0 1 0 30.5 65.5 83 -1 0
0 1 0 30.4 65.5 85 -1 0
0 1 0 30.5 65.5 78 -1 0
0 1 0 30.5 65.5 78 -1 0
0 1 0 30.5 65.5 73 -1 0
0 1 0 30.5 65.5 71 -1 0
0 1 0 30.4 65.5 71 -1 0
0 1 0 30.5 65.5 73 -1 0
0 1 0 30.5 66.0 69 -1 0
0 1 0 30.5 66.0 69 -1 0
0 1 0 30.5 66.0 73 -1 0
0 1 0 30.4 65.5 78 -1 0
0 1 0 30.4 65.5 81 -1 0
0 1 0 30.4 65.5 83 -1 0
0 1 0 30.4 65.5 85 -1 0
0 1 0 30.4 65.5 83 -1 0
0 1 0 30.4 65.5 80 -1 0
0 1 0 30.4 65.5 75 -1 0
0 1 0 30.5 65.5 73 -1 0
0 1 0 30.4 65.5 71 -1 0
0 1 0 30.3 65.5 71 -1 0
0 1 0 30.3 65.0 74 -1 0
0 1 0 30.4 65.0 82 -1 0
0 1 0 30.4 65.5 82 -1 0
0 1 0 30.3 65.5 89 -1 0
0 1 0 30.4 65.5 89 -1 0
0 1 0 30.4 65.5 86 -1 0
0 1 0 30.4 65.0 86 -1 0
0 1 0 30.4 65.0 84 -1 0
0 1 0 30.4 65.5 81 -1 0
0 1 0 30.4 65.5 85 -1 0
0 1 0 30.4 65.5 83 -1 0
0 1 0 30.4 65.0 77 -1 0
0 1 0 30.5 65.0 77 -1 0
0 1 0 30.4 65.5 77 -1 0
0 1 0 30.4 65.5 77 -1 0
0 1 0 30.5 65.0 80 -1 0
0 1 0 30.6 65.0 82 -1 0
0 1 0 30.5 65.0 81 -1 0
0 1 0 30.6 65.5 84 -1 0
0 1 0 30.5 65.5 83 -1 0
0 1 0 30.6 65.5 82 -1 0
0 1 0 30.5 65.5 81 -1 0
0 1 0 30.5 65.5 83 -1 0
0 1 0 30.6 65.5 82 -1 0
0 1 0 30.6 65.5 82 -1 0
0 1 0 30.6 65.5 79 -1 0
0 1 0 30.6 65.5 79 -1 0
0 1 0 30.6 65.5 82 -1 0
0 1 0 30.6 65.5 80 -1 0
0 1 0 30.7 65.5 79 -1 0
0 1 0 30.7 65.5 80 -1 0
0 1 0 30.7 66.0 77 -1 0
0 1 0 30.7 65.5 76 -1 0
0 1 0 30.7 66.0 76 -1 0
0 1 0 30.7 65.5 75 -1 0
0 1 0 30.7 66.0 77 -1 0
0 1 0 30.7 66.0 77 -1 0
0 1 0 30.7 66.0 71 -1 0
0 1 0 30.7 65.5 68 -1 0
0 1 0 30.7 65.0 73 -1 0
0 1 0 30.8 65.0 79 -1 0
0 1 0 30.7 65.0 77 -1 0
0 1 0 30.7 65.0 79 -1 0
0 1 0 30.7 65.0 75 -1 0
0 1 0 30.8 65.0 77 -1 0
0 1 0 30.7 65.0 81 -1 0
0 1 0 30.8 65.0 80 -1 0
0 1 0 30.8 65.0 80 -1 0
0 1 0 30.8 65.0 82 -1 0
0 1 0 30.8 65.0 80 -1 0
0 1 0 30.8 65.0 81 -1 0
0 1 0 30.8 65.0 73 -1 0
0 1 0 30.8 65.0 77 -1 0
0 1 0 30.8 65.0 77 -1 0
0 1 0 30.9 65.0 77 -1 0
0 1 0 30.8 65.0 71 -1 0
0 1 0 30.9 65.0 73 -1 0
0 1 0 30.9 64.5 69 -1 0
0 1 0 30.9 64.5 66 -1 0
0 1 0 30.9 64.5 74 -1 0
0 1 0 30.9 64.5 65 -1 0
0 1 0 31.0 64.5 66 -1 0
0 1 0 31.0 64.5 62 -1 0
0 1 0 31.0 64.5 62 -1 0
0 1 0 31.0 64.5 62 -1 0
0 1 0 31.1 64.5 64 -1 0
0 1 0 31.0 64.5 64 -1 0
0 1 0 31.1 64.5 62 -1 0
0 1 0 31.0 64.5 62 -1 0
0 1 0 31.0 64.5 62 -1 0
0 1 0 31.1 64.5 64 -1 0
0 1 0 31.0 64.5 64 -1 0
0 1 0 31.0 64.5 66 -1 0
0 1 0 31.1 64.5 66 -1 0
0 1 0 31.1 65.0 66 -1 0
0 1 0 31.1 64.5 65 -1 0
0 1 0 31.1 64.5 67 -1 0
0 1 0 31.1 64.5 69 -1 0
0 1 0 31.1 64.5 67 -1 0
0 1 0 31.1 64.5 67 -1 0
0 1 0 31.1 64.5 68 -1 0
0 1 0 31.0 64.5 71 -1 0
0 1 0 31.0 64.5 79 -1 0
0 1 0 31.0 64.5 72 -1 0
0 1 0 31.0 64.5 77 -1 0
0 1 0 31.0 64.5 77 -1 0
0 1 0 31.0 64.5 67 -1 0
0 1 0 31.0 64.5 64 -1 0
0 1 0 31.1 64.5 62 -1 0
0 1 0 31.0 65.0 66 -1 0
0 1 0 31.0 65.0 65 -1 0
0 1 0 31.0 65.0 67 -1 0
0 1 0 31.0 65.0 64 -1 0
0 1 0 31.0 65.0 62 -1 0
0 1 0 31.0 64.5 62 -1 0
0 1 0 30.9 64.5 64 -1 0
0 1 0 30.9 64.5 62 -1 0
0 1 0 31.0 64.5 66 -1 0
0 1 0 30.9 64.5 57 -1 0
0 1 0 31.0 64.5 56 -1 0
0 1 0 30.9 65.0 54 -1 0
0 1 0 31.0 65.0 48 -1 0
0 1 0 31.0 65.0 52 -1 0
0 1 0 31.1 65.0 50 -1 0
0 1 0 31.0 65.0 50 -1 0
0 1 0 31.0 65.0 48 -1 0
0 1 0 31.0 65.0 52 -1 0
0 1 0 31.0 65.0 53 -1 0
0 1 0 31.0 65.0 59 -1 0
0 1 0 31.0 65.0 69 -1 0
0 1 0 31.0 65.0 69 -1 0
0 1 0 30.9 65.0 65 -1 0
0 1 0 30.9 64.5 67 -1 0
0 1 0 30.9 64.5 67 -1 0
0 1 0 30.8 64.0 60 -1 0
0 1 0 30.8 64.0 59 -1 0
0 1 0 30.8 64.0 59 -1 0
0 1 0 30.8 64.0 58 -1 0
0 1 0 30.8 64.0 56 -1 0
0 1 0 30.7 64.0 52 -1 0
0 1 0 30.7 64.0 58 -1 0
0 1 0 30.8 64.0 67 -1 0
0 1 0 30.8 64.5 71 -1 0
0 1 0 30.8 64.0 69 -1 0
0 1 0 30.8 64.0 67 -1 0
0 1 0 30.7 64.0 64 -1 0
0 1 0 30.7 64.0 64 -1 0
0 1 0 30.8 64.0 66 -1 0
0 1 0 30.8 64.0 66 -1 0
0 1 0 30.8 64.0 62 -1 0
0 1 0 30.8 64.0 66 -1 0
0 1 0 30.7 64.0 63 -1 0
0 1 0 30.8 64.0 53 -1 0
0 1 0 30.8 64.0 44 -1 0
0 1 0 30.9 64.0 54 -1 0
0 1 0 30.8 64.0 64 -1 0
0 1 0 30.8 64.0 60 -1 0
0 1 0 30.8 64.0 60 -1 0
0 1 0 30.8 64.0 43 -1 0
0 1 0 30.9 64.0 54 -1 0
0 1 0 30.8 64.0 61 -1 0
0 1 0 30.8 64.0 59 -1 0
0 1 0 31.0 64.0 63 -1 0
0 1 0 30.9 64.0 71 -1 0
0 1 0 30.9 64.0 71 -1 0
0 1 0 30.9 64.5 57 -1 0
0 1 0 30.9 64.5 61 -1 0
0 1 0 31.0 64.5 56 -1 0
0 1 0 31.0 64.5 56 -1 0
0 1 0 30.9 64.5 58 -1 0
0 1 0 30.9 64.5 61 -1 0
0 1 0 30.9 64.5 61 -1 0
0 1 0 31.0 64.5 66 -1 0
0 1 0 31.0 64.5 61 -1 0
0 1 0 30.9 64.5 41 -1 0
0 1 0 31.0 64.5 39 -1 0
0 1 0 30.9 64.5 41 -1 0
0 1 0 30.9 64.5 49 -1 0
0 1 0 31.0 64.5 55 -1 0
0 1 0 31.0 64.5 53 -1 0
0 1 0 30.9 64.5 63 -1 0
0 1 0 30.9 64.5 61 -1 0
0 1 0 30.9 64.5 58 -1 0
0 1 0 30.9 64.5 63 -1 0
0 1 0 31.0 64.5 60 -1 0
0 1 0 30.9 64.5 53 -1 0
0 1 0 30.9 64.5 53 -1 0
0 1 0 31.0 64.5 38 -1 0
0 1 0 30.9 64.5 36 -1 0
0 1 0 31.0 64.5 34 -1 0
0 1 0 31.0 64.5 36 -1 0
0 1 0 30.9 64.5 36 -1 0
0 1 0 30.9 64.5 36 -1 0
0 1 0 30.9 64.5 41 -1 0
0 1 0 30.9 64.5 41 -1 0
0 1 0 30.8 64.5 37 -1 0
0 1 0 30.8 64.0 39 -1 0
0 1 0 30.8 64.0 39 -1 0
0 1 0 30.8 64.0 53 -1 0
0 1 0 30.8 64.0 65 -1 0
0 1 0 30.8 64.0 66 -1 0
0 1 0 30.8 64.0 63 -1 0
0 1 0 30.9 64.0 55 -1 0
0 1 0 30.7 64.0 36 -1 0
0 1 0 30.8 64.0 37 -1 0
0 1 0 30.8 64.0 52 -1 0
0 1 0 30.8 64.0 44 -1 0
0 1 0 30.9 64.0 37 -1 0
0 1 0 30.8 64.5 41 -1 0
0 1 0 30.8 64.5 56 -1 0
0 1 0 30.8 64.0 65 -1 0
0 1 0 30.8 64.0 42 -1 0
0 1 0 30.7 64.0 38 -1 0
0 1 0 30.7 64.0 34 -1 0
0 1 0 30.7 64.0 32 -1 0
0 1 0 30.7 64.0 29 -1 0
0 1 0 30.7 63.5 32 -1 0
0 1 0 30.7 63.5 32 -1 0
0 1 0 30.7 63.5 32 -1 0
0 1 0 30.6 63.5 51 -1 0
0 1 0 30.6 63.5 34 -1 0
0 1 0 30.6 63.5 34 -1 0
0 1 0 30.7 63.5 61 -1 0
0 1 0 30.7 63.5 65 -1 0
0 1 0 30.7 63.5 47 -1 0
0 1 0 30.7 63.5 47 -1 0
0 1 0 30.6 63.5 60 -1 0
0 1 0 30.6 63.5 44 -1 0
0 1 0 30.7 63.5 41 -1 0
0 1 0 30.7 63.5 43 -1 0
0 1 0 30.6 63.5 55 -1 0
0 1 0 30.5 63.0 48 -1 0
0 1 0 30.6 62.5 68 -1 0
0 1 0 30.5 62.0 70 -1 0
0 1 0 30.6 62.0 70 -1 0
0 1 0 30.6 62.0 72 -1 0
0 1 0 30.5 62.5 73 -1 0
0 1 0 30.4 62.5 69 -1 0
0 1 0 30.5 62.5 69 -1 0
0 1 0 30.5 62.5 68 -1 0
0 1 0 30.4 62.5 70 -1 0
0 1 0 30.4 62.5 70 -1 0
0 1 0 30.4 62.5 72 -1 0
0 1 0 30.4 62.5 72 -1 0
0 1 0 30.5 62.5 74 -1 0
0 1 0 30.5 62.5 72 -1 0
0 1 0 30.4 62.5 70 -1 0
0 1 0 30.4 62.0 71 -1 0
0 1 0 30.4 62.0 67 -1 0
0 1 0 30.4 62.0 67 -1 0
0 1 0 30.3 62.0 67 -1 0
0 1 0 30.4 62.5 67 -1 0
0 1 0 30.5 62.5 69 -1 0
0 1 0 30.4 62.5 56 -1 0
0 1 0 30.4 62.5 66 -1 0
0 1 0 30.5 63.0 64 -1 0
0 1 0 30.5 63.0 66 -1 0
0 1 0 30.5 63.0 62 -1 0
0 1 0 30.5 63.0 66 -1 0
0 1 0 30.6 63.0 64 -1 0
0 1 0 30.6 63.0 66 -1 0
0 1 0 30.5 63.5 66 -1 0
0 1 0 30.6 63.5 64 -1 0
0 1 0 30.5 63.5 66 -1 0
0 1 0 30.6 63.5 64 -1 0
0 1 0 30.5 63.5 64 -1 0
0 1 0 30.6 63.5 66 -1 0
0 1 0 30.5 63.5 62 -1 0
0 1 0 30.5 63.5 64 -1 0
0 1 0 30.5 63.5 69 -1 0
0 1 0 30.5 63.5 65 -1 0
0 1 0 30.5 63.5 69 -1 0
0 1 0 30.6 63.5 67 -1 0
0 1 0 30.7 63.5 66 -1 0
0 1 0 30.6 64.0 66 -1 0
0 1 0 30.6 64.0 64 -1 0
0 1 0 30.6 64.0 61 -1 0
0 1 0 30.6 64.0 61 -1 0
0 1 0 30.7 64.0 56 -1 0
0 1 0 30.7 64.0 59 -1 0
0 1 0 30.7 64.0 59 -1 0
0 1 0 30.7 64.5 61 -1 0
0 1 0 30.6 64.5 61 -1 0
0 1 0 30.7 64.5 61 -1 0
0 1 0 30.7 64.5 61 -1 0
0 1 0 30.7 64.5 61 -1 0
0 1 0 30.7 64.5 61 -1 0
0 1 0 30.7 64.5 61 -1 0
0 1 0 30.7 64.5 59 -1 0
0 1 0 30.7 64.5 59 -1 0
0 1 0 30.7 64.5 57 -1 0
0 1 0 30.8 64.5 61 -1 0
0 1 0 30.7 64.5 59 -1 0
0 1 0 30.7 64.5 59 -1 0
0 1 0 30.7 64.5 59 -1 0
0 1 0 30.7 64.5 59 -1 0
0 1 0 30.7 64.5 61 -1 0
0 1 0 30.7 64.5 61 -1 0
0 1 0 30.7 64.5 61 -1 0
0 1 0 30.7 64.5 59 -1 0
0 1 0 30.7 64.5 59 -1 0
0 1 0 30.7 64.5 59 -1 0
0 1 0 30.7 64.5 59 -1 0
0 1 0 30.8 65.0 59 -1 0
0 1 0 30.8 65.0 57 -1 0
0 1 0 30.8 65.0 58 -1 0
0 1 0 30.8 65.0 58 -1 0
0 1 0 30.9 65.0 56 -1 0
0 1 0 30.9 65.5 56 -1 0
0 1 0 31.0 65.5 58 -1 0
0 1 0 30.9 65.5 58 -1 0
0 1 0 31.0 65.5 58 -1 0
0 1 0 30.9 65.5 57 -1 0
0 1 0 30.9 65.5 58 -1 0
0 1 0 30.9 65.5 56 -1 0
0 1 0 31.0 65.5 56 -1 0
0 1 0 31.0 66.0 54 -1 0
0 1 0 30.9 65.5 54 -1 0
0 1 0 31.0 65.5 54 -1 0
0 1 0 30.9 66.0 54 -1 0
0 1 0 31.0 66.0 56 -1 0
0 1 0 31.0 66.0 51 -1 0
0 1 0 30.9 66.0 29 -1 0
0 1 0 31.0 66.0 34 -1 0
0 1 0 30.9 66.0 49 -1 0
0 1 0 31.0 66.0 51 -1 0
0 1 0 30.9 66.0 49 -1 0
0 1 0 31.0 66.0 44 -1 0
0 1 0 30.9 66.0 41 -1 0
0 1 0 30.9 66.0 32 -1 0
0 1 0 30.9 66.0 49 -1 0
0 1 0 30.9 66.0 46 -1 0
0 1 0 30.8 65.5 34 -1 0
0 1 0 30.9 65.5 39 -1 0
0 1 0 30.8 64.5 47 -1 0
0 1 0 30.8 64.0 47 -1 0
0 1 0 30.7 63.5 34 -1 0
0 1 0 30.8 63.5 40 -1 0
0 1 0 30.7 63.5 46 -1 0
0 1 0 30.7 63.0 44 -1 0
0 1 0 30.6 63.0 44 -1 0
0 1 0 30.7 63.5 44 -1 0
0 1 0 30.7 64.0 42 -1 0
0 1 0 30.6 64.0 42 -1 0
0 1 0 30.6 64.0 44 -1 0
0 1 0 30.6 64.0 42 -1 0
0 1 0 30.6 64.0 37 -1 0
0 1 0 30.6 64.0 41 -1 0
0 1 0 30.6 64.0 40 -1 0
0 1 0 30.6 64.0 39 -1 0
0 1 0 30.6 64.0 37 -1 0
0 1 0 30.6 63.5 39 -1 0
0 1 0 30.7 64.0 35 -1 0
0 1 0 30.6 64.0 25 -1 0
0 1 0 30.6 64.0 20 -1 0
0 1 0 30.7 64.0 33 -1 0
0 1 0 30.6 64.0 33 -1 0
0 1 0 30.6 64.0 33 -1 0
0 1 0 30.5 64.0 32 -1 0
0 1 0 30.6 63.5 30 -1 0
0 1 0 30.5 63.0 30 -1 0
0 1 0 30.6 63.5 30 -1 0
0 1 0 30.6 63.0 23 -1 0
0 1 0 30.6 63.0 20 -1 0
0 1 0 30.5 62.5 18 -1 0
0 1 0 30.5 62.0 18 -1 0
0 1 0 30.5 62.0 16 -1 0
0 1 0 30.5 62.0 16 -1 0
0 1 0 30.4 61.5 18 -1 0
0 1 0 30.5 61.5 18 -1 0
0 1 0 30.3 61.5 13 -1 0
0 1 0 30.4 61.5 16 -1 0
0 1 0 30.4 61.5 13 -1 0
0 1 0 30.4 61.5 15 -1 0
0 1 0 30.4 61.5 15 -1 0
0 1 0 30.4 61.0 13 -1 0
0 1 0 30.4 61.5 11 -1 0
0 1 0 30.4 61.5 11 -1 0
0 1 0 30.3 61.0 13 -1 0
0 1 0 30.3 61.5 11 -1 0
0 1 0 30.4 61.5 11 -1 0
0 1 0 30.3 62.0 9 -1 0
0 1 0 30.3 62.0 9 -1 0
0 1 0 30.3 62.0 7 -1 0
0 1 0 30.3 62.5 11 -1 0
0 1 0 30.4 62.5 11 -1 0
0 1 0 30.3 62.5 9 -1 0
0 1 0 30.3 62.5 9 -1 0
0 1 0 30.3 62.5 6 -1 0
0 1 0 30.3 62.5 6 -1 0
0 1 0 30.3 63.0 4 -1 0
0 1 0 30.3 63.0 8 -1 0
0 1 0 30.3 62.0 6 -1 0
0 1 0 30.3 62.5 6 -1 0
0 1 0 30.3 62.0 6 -1 0
0 1 0 30.2 62.0 4 -1 0
0 1 0 30.3 62.0 4 -1 0
0 1 0 30.3 61.5 4 -1 0
0 1 0 30.3 61.5 2 -1 0
0 1 0 30.3 61.0 2 -1 0
0 1 0 30.3 61.0 2 -1 0
0 1 0 30.2 61.0 2 -1 0
0 1 0 30.2 60.0 1 -1 0
0 1 0 30.2 60.0 4 -1 0
0 1 0 30.2 60.0 4 -1 0
0 1 0 30.2 60.0 2 -1 0
0 1 0 30.1 59.5 2 -1 0
0 1 0 30.1 59.5 2 -1 0
0 1 0 30.2 59.5 2 -1 0
0 1 0 30.1 59.5 0 -1 0
0 1 0 30.1 59.5 0 -1 0
0 1 0 30.2 59.5 0 -1 0
0 1 0 30.1 60.0 0 -1 0
0 1 0 30.1 60.0 0 -1 0
0 1 0 30.1 60.0 0 -1 0
0 1 0 30.1 60.0 1 -1 0
0 1 0 30.1 60.0 1 -1 0
0 1 0 30.1 59.5 1 -1 0
0 1 0 30.1 59.5 1 -1 0
0 1 0 30.0 59.5 1 -1 0
0 1 0 30.1 59.5 1 -1 0
0 1 0 30.0 59.5 1 -1 0
0 1 0 30.1 59.0 1 -1 0
0 1 0 30.0 59.5 1 -1 0
0 1 0 30.1 59.0 1 -1 0
0 1 0 30.0 59.0 1 -1 0
0 1 0 30.1 59.5 1 -1 0
0 1 0 30.0 59.0 2 -1 0
0 1 0 30.0 60.0 2 -1 0
0 1 0 30.0 59.5 2 -1 0
0 1 0 30.0 60.0 2 -1 0
0 1 0 30.0 60.5 2 -1 0
0 1 0 30.0 60.5 2 -1 0
0 1 0 30.0 61.0 2 -1 0
0 1 0 30.0 61.0 2 -1 0
0 1 0 30.1 61.5 2 -1 0
0 1 0 30.0 61.5 2 -1 0
0 1 0 30.0 61.5 2 -1 0
0 1 0 30.1 61.5 2 -1 0
0 1 0 30.0 62.0 2 -1 0
0 1 0 30.1 62.0 2 -1 0
0 1 0 30.0 62.0 2 -1 0
0 1 0 30.0 61.5 2 -1 0
0 1 0 30.0 61.5 2 -1 0
0 1 0 30.1 61.0 2 -1 0
0 1 0 30.0 60.5 2 -1 0
0 1 0 30.0 60.5 2 -1 0
0 1 0 30.0 60.0 2 -1 0
0 1 0 30.1 60.0 2 -1 0
0 1 0 30.0 59.5 2 -1 0
0 1 0 30.0 59.5 2 -1 0
0 1 0 29.9 59.0 2 -1 0
0 1 0 30.0 59.5 2 -1 0
0 1 0 29.9 59.0 2 -1 0
0 1 0 30.0 60.0 2 -1 0
0 1 0 30.0 60.0 2 -1 0
0 1 0 29.9 59.5 2 -1 0
0 1 0 29.9 59.5 2 -1 0
0 1 0 29.9 59.5 2 -1 0
0 1 0 29.9 59.0 2 -1 0
0 1 0 29.9 59.0 2 -1 0
0 1 0 29.9 59.0 2 -1 0
0 1 0 29.9 59.0 2 -1 0
0 1 0 29.9 59.0 2 -1 0
0 1 0 29.9 59.0 2 -1 0
0 1 0 29.9 58.5 2 -1 0
0 1 0 29.9 59.0 2 -1 0
0 1 0 29.9 58.5 2 -1 0
0 1 0 29.9 58.5 2 -1 0
0 1 0 29.8 58.0 2 -1 0
0 1 0 29.8 58.5 2 -1 0
0 1 0 29.8 58.5 2 -1 0
0 1 0 29.8 58.5 2 -1 0
0 1 0 29.9 59.0 2 -1 0
0 1 0 29.8 59.5 2 -1 0
0 1 0 29.8 60.0 2 -1 0
0 1 0 29.9 60.0 2 -1 0
0 1 0 29.9 60.5 2 -1 0
0 1 0 29.9 60.5 2 -1 0
0 1 0 29.8 60.5 2 -1 0
0 1 0 29.8 61.0 2 -1 0
0 1 0 29.9 61.0 2 -1 0
0 1 0 29.9 61.0 2 -1 0
0 1 0 29.9 61.5 2 -1 0
0 1 0 29.8 61.5 2 -1 0
0 1 0 29.8 61.5 2 -1 0
0 1 0 29.9 61.5 2 -1 0
0 1 0 29.8 62.0 2 -1 0
0 1 0 29.8 62.0 2 -1 0
0 1 0 29.9 62.0 2 -1 0
0 1 0 29.9 62.0 2 -1 0
0 1 0 29.9 62.5 2 -1 0
0 1 0 29.9 62.0 2 -1 0
0 1 0 29.9 62.5 2 -1 0
0 1 0 29.9 62.5 2 -1 0
0 1 0 29.9 62.5 2 -1 0
0 1 0 29.9 61.5 2 -1 0
0 1 0 29.9 61.0 2 -1 0
0 1 0 29.9 60.5 2 -1 0
0 1 0 29.9 61.0 2 -1 0
0 1 0 29.9 61.0 2 -1 0
0 1 0 29.9 61.0 2 -1 0
0 1 0 29.9 61.0 2 -1 0
0 1 0 29.9 61.0 2 -1 0
0 1 0 29.8 60.5 2 -1 0
0 1 0 29.8 60.0 2 -1 0
0 1 0 29.8 59.5 2 -1 0
0 1 0 29.8 59.5 2 -1 0
0 1 0 29.8 59.5 2 -1 0
0 1 0 29.8 59.0 2 -1 0
0 1 0 29.8 59.0 2 -1 0
0 1 0 29.8 59.0 2 -1 0
0 1 0 29.8 59.0 2 -1 0
0 1 0 29.8 59.0 2 -1 0
0 1 0 29.8 58.5 2 -1 0
0 1 0 29.8 58.5 2 -1 0
0 1 0 29.8 59.0 2 -1 0
0 1 0 29.7 58.5 2 -1 0
0 1 0 29.8 58.0 2 -1 0
0 1 0 29.7 58.5 2 -1 0
0 1 0 29.7 58.5 2 -1 0
0 1 0 29.8 58.5 2 -1 0
0 1 0 29.8 58.5 2 -1 0
0 1 0 29.8 58.0 2 -1 0
0 1 0 29.8 57.5 2 -1 0
0 1 0 29.7 57.5 2 -1 0
0 1 0 29.7 58.0 2 -1 0
0 1 0 29.7 58.0 2 -1 0
0 1 0 29.8 58.0 2 -1 0
0 1 0 29.7 58.0 2 -1 0
0 1 0 29.7 58.0 2 -1 0
0 1 0 29.7 58.0 2 -1 0
0 1 0 29.8 58.0 2 -1 0
0 1 0 29.7 58.5 2 -1 0
0 1 0 29.8 58.0 2 -1 0
0 1 0 29.7 58.0 2 -1 0
0 1 0 29.7 57.5 2 -1 0
0 1 0 29.7 57.5 2 -1 0
0 1 0 29.8 58.0 2 -1 0
0 1 0 29.7 58.0 2 -1 0
0 1 0 29.7 58.0 2 -1 0
0 1 0 29.7 58.0 2 -1 0
0 1 0 29.6 57.5 2 -1 0
0 1 0 29.6 57.5 2 -1 0
0 1 0 29.7 58.0 2 -1 0
0 1 0 29.8 58.0 2 -1 0
0 1 0 29.7 58.0 2 -1 0
0 1 0 29.7 58.0 2 -1 0
0 1 0 29.7 58.0 2 -1 0
0 1 0 29.7 58.0 2 -1 0
0 1 0 29.7 58.0 2 -1 0
0 1 0 29.7 58.0 2 -1 0
0 1 0 29.7 58.0 2 -1 0
0 1 0 29.7 58.0 2 -1 0
0 1 0 29.7 58.0 2 -1 0
0 1 0 29.7 58.5 2 -1 0
0 1 0 29.7 58.5 2 -1 0
0 1 0 29.7 58.0 2 -1 0
0 1 0 29.7 58.0 2 -1 0
0 1 0 29.7 58.5 2 -1 0
0 1 0 29.8 58.0 2 -1 0
0 1 0 29.7 58.5 2 -1 0
0 1 0 29.8 58.5 2 -1 0
0 1 0 29.7 58.5 2 -1 0
0 1 0 29.7 58.5 2 -1 0
0 1 0 29.7 58.0 2 -1 0
0 1 0 29.7 57.5 2 -1 0
0 1 0 29.7 57.5 2 -1 0
0 1 0 29.7 58.0 2 -1 0
0 1 0 29.7 58.0 2 -1 0
0 1 0 29.7 58.0 2 -1 0
0 1 0 29.7 58.0 2 -1 0
0 1 0 29.7 58.0 2 -1 0
0 1 0 29.7 57.5 2 -1 0
0 1 0 29.7 58.0 2 -1 0
0 1 0 29.7 58.0 2 -1 0
0 1 0 29.7 58.0 2 -1 0
0 1 0 29.7 58.0 2 -1 0
0 1 0 29.8 58.0 2 -1 0
0 1 0 29.8 57.5 2 -1 0
0 1 0 29.7 57.0 2 -1 0
0 1 0 29.7 57.5 2 -1 0
0 1 0 29.8 57.5 2 -1 0
0 1 0 29.8 58.0 2 -1 0
0 1 0 29.7 58.5 2 -1 0
0 1 0 29.7 58.5 2 -1 0
0 1 0 29.7 58.5 2 -1 0
0 1 0 29.7 59.0 2 -1 0
0 1 0 29.7 59.5 2 -1 0
0 1 0 29.7 59.5 2 -1 0
0 1 0 29.7 59.5 2 -1 0
0 1 0 29.8 59.5 2 -1 0
0 1 0 29.8 59.5 2 -1 0
0 1 0 29.7 59.5 2 -1 0
0 1 0 29.8 59.5 2 -1 0
0 1 0 29.8 59.0 2 -1 0
0 1 0 29.8 59.0 2 -1 0
0 1 0 29.8 58.5 2 -1 0
0 1 0 29.8 58.5 2 -1 0
0 1 0 29.8 59.0 2 -1 0
0 1 0 29.7 59.0 2 -1 0
0 1 0 29.8 59.0 2 -1 0
0 1 0 29.8 58.5 2 -1 0
0 1 0 29.7 58.5 2 -1 0
0 1 0 29.8 58.0 2 -1 0
0 1 0 29.8 57.5 2 -1 0
0 1 0 29.8 57.5 2 -1 0
0 1 0 29.8 57.5 2 -1 0
0 1 0 29.7 57.5 2 -1 0
0 1 0 29.7 57.5 2 -1 0
0 1 0 29.8 57.5 2 -1 0
0 1 0 29.7 57.5 2 -1 0
0 1 0 29.9 58.0 2 -1 0
0 1 0 29.7 58.0 2 -1 0
0 1 0 29.8 58.5 2 -1 0
0 1 0 29.8 58.5 2 -1 0
0 1 0 29.8 59.0 2 -1 0
0 1 0 29.8 59.0 2 -1 0
0 1 0 29.8 59.0 2 -1 0
0 1 0 29.8 59.5 2 -1 0
0 1 0 29.9 60.0 2 -1 0
0 1 0 29.8 60.5 2 -1 0
0 1 0 29.8 60.5 2 -1 0
0 1 0 29.8 60.5 2 -1 0
0 1 0 29.9 60.5 2 -1 0
0 1 0 29.9 61.0 2 -1 0
0 1 0 29.9 60.5 2 -1 0
0 1 0 29.8 60.5 2 -1 0
0 1 0 29.8 60.5 2 -1 0
0 1 0 29.8 60.5 2 -1 0
0 1 0 29.8 60.0 2 -1 0
0 1 0 29.9 60.0 2 -1 0
0 1 0 29.9 60.0 2 -1 0
0 1 0 29.8 60.0 2 -1 0
0 1 0 29.9 59.5 2 -1 0
0 1 0 29.9 59.5 2 -1 0
0 1 0 29.9 59.0 2 -1 0
0 1 0 29.9 59.0 2 -1 0
0 1 0 29.8 59.0 2 -1 0
0 1 0 29.9 59.0 2 -1 0
0 1 0 29.9 58.5 2 -1 0
0 1 0 29.9 59.0 2 -1 0
0 1 0 29.8 59.0 2 -1 0
0 1 0 29.8 59.0 2 -1 0
0 1 0 29.8 58.5 2 -1 0
0 1 0 29.8 59.0 2 -1 0
0 1 0 29.8 58.5 2 -1 0
0 1 0 29.8 58.5 2 -1 0
0 1 0 29.9 58.5 2 -1 0
0 1 0 29.8 58.5 2 -1 0
0 1 0 29.8 58.0 2 -1 0
0 1 0 29.9 58.0 2 -1 0
0 1 0 29.8 58.0 2 -1 0
0 1 0 29.9 58.5 2 -1 0
0 1 0 29.8 58.5 2 -1 0
0 1 0 29.9 58.5 2 -1 0
0 1 0 29.9 58.5 2 -1 0
0 1 0 29.9 58.5 2 -1 0
0 1 0 29.8 58.0 2 -1 0
0 1 0 29.8 58.0 2 -1 0
0 1 0 29.8 58.5 2 -1 0
0 1 0 29.8 59.0 2 -1 0
0 1 0 29.9 59.5 2 -1 0
0 1 0 29.9 59.0 2 -1 0
0 1 0 29.9 59.0 2 -1 0
0 1 0 29.9 59.0 2 -1 0
0 1 0 29.9 58.5 2 -1 0
0 1 0 29.8 58.5 2 -1 0
0 1 0 29.8 58.0 2 -1 0
0 1 0 29.9 58.0 2 -1 0
0 1 0 29.9 58.0 2 -1 0
0 1 0 29.8 58.0 2 -1 0
0 1 0 29.8 58.0 2 -1 0
0 1 0 29.8 57.5 2 -1 0
0 1 0 29.8 57.5 2 -1 0
0 1 0 29.9 57.5 2 -1 0
0 1 0 29.9 57.5 2 -1 0
0 1 0 29.8 57.5 2 -1 0
0 1 0 29.9 57.5 2 -1 0
0 1 0 29.9 57.0 2 -1 0
0 1 0 29.8 57.0 2 -1 0
0 1 0 29.8 57.0 2 -1 0
0 1 0 29.9 57.0 2 -1 0
0 1 0 29.8 57.0 2 -1 0
0 1 0 29.8 57.0 2 -1 0
0 1 0 29.8 57.0 2 -1 0
0 1 0 29.9 57.0 2 -1 0
0 1 0 29.8 57.0 2 -1 0
0 1 0 29.9 57.0 2 -1 0
0 1 0 29.8 57.0 2 -1 0
0 1 0 29.8 57.0 2 -1 0
0 1 0 29.8 57.0 2 -1 0
0 1 0 29.9 57.0 2 -1 0
0 1 0 30.0 56.5 2 -1 0
0 1 0 29.9 56.5 2 -1 0
0 1 0 29.9 56.5 2 -1 0
0 1 0 29.9 56.5 2 -1 0
0 1 0 29.8 57.0 2 -1 0
0 1 0 29.9 57.0 2 -1 0
0 1 0 29.9 57.0 2 -1 0
0 1 0 29.8 57.0 2 -1 0
0 1 0 29.9 57.0 2 -1 0
0 1 0 29.9 57.0 2 -1 0
0 1 0 29.9 57.0 2 -1 0
0 1 0 29.9 57.5 2 -1 0
0 1 0 29.9 57.5 2 -1 0
0 1 0 29.9 57.5 2 -1 0
0 1 0 29.9 58.0 2 -1 0
0 1 0 29.9 58.0 2 -1 0
0 1 0 29.9 58.0 2 -1 0
0 1 0 29.9 58.5 2 -1 0
0 1 0 29.8 58.5 2 -1 0
