0 1 0 27.0 51.5 2 -1 0
0 1 0 26.9 51.5 2 -1 0
0 1 0 27.0 51.5 2 -1 0
0 1 0 26.9 51.5 2 -1 0
0 1 0 27.0 51.5 2 -1 0
0 1 0 27.0 51.5 2 -1 0
0 1 0 27.0 51.5 2 -1 0
0 1 0 26.9 51.5 2 -1 0
0 1 0 27.0 51.5 2 -1 0
0 1 0 27.0 51.5 2 -1 0
0 1 0 27.0 51.5 2 -1 0
0 1 0 27.0 51.5 2 -1 0
0 1 0 26.9 51.5 2 -1 0
0 1 0 27.0 51.5 2 -1 0
0 1 0 27.0 51.5 2 -1 0
0 1 0 27.0 51.5 2 -1 0
0 1 0 27.0 51.5 2 -1 0
0 1 0 27.0 51.5 2 -1 0
0 1 0 27.0 52.0 2 -1 0
0 1 0 27.0 52.0 2 -1 0
0 1 0 27.0 52.0 2 -1 0
0 1 0 26.9 51.5 2 -1 0
0 1 0 27.0 51.5 2 -1 0
0 1 0 27.0 52.0 2 -1 0
0 1 0 27.0 51.5 2 -1 0
0 1 0 27.0 52.0 2 -1 0
0 1 0 27.0 52.0 2 -1 0
0 1 0 27.0 52.0 2 -1 0
0 1 0 27.0 52.0 2 -1 0
0 1 0 26.9 52.0 2 -1 0
0 1 0 27.0 52.0 2 -1 0
0 1 0 27.0 52.0 2 -1 0
0 1 0 27.0 52.0 2 -1 0
0 1 0 26.9 52.0 2 -1 0
0 1 0 27.0 52.0 2 -1 0
0 1 0 27.0 52.0 2 -1 0
0 1 0 26.9 52.0 2 -1 0
0 1 0 27.0 52.0 2 -1 0
0 1 0 27.0 52.0 2 -1 0
0 1 0 27.0 52.0 2 -1 0
0 1 0 27.0 52.0 2 -1 0
0 1 0 27.0 52.0 2 -1 0
0 1 0 26.9 52.0 2 -1 0
0 1 0 26.9 52.0 2 -1 0
0 1 0 26.9 52.0 2 -1 0
0 1 0 26.9 52.0 2 -1 0
0 1 0 27.0 52.0 2 -1 0
0 1 0 26.9 52.0 2 -1 0
0 1 0 26.9 52.0 2 -1 0
0 1 0 26.9 52.0 2 -1 0
0 1 0 27.0 52.0 2 -1 0
0 1 0 27.0 52.5 2 -1 0
0 1 0 27.0 52.5 2 -1 0
0 1 0 27.0 53.5 2 -1 0
0 1 0 27.0 54.0 2 -1 0
0 1 0 27.0 54.5 2 -1 0
0 1 0 27.0 55.0 2 -1 0
0 1 0 27.0 55.0 2 -1 0
0 1 0 27.0 55.0 2 -1 0
0 1 0 27.0 55.0 2 -1 0
0 1 0 27.0 55.0 2 -1 0
0 1 0 27.0 55.0 2 -1 0
0 1 0 27.0 54.5 2 -1 0
0 1 0 27.0 54.5 2 -1 0
0 1 0 27.1 54.0 2 -1 0
0 1 0 27.0 54.0 2 -1 0
0 1 0 27.0 54.0 2 -1 0
0 1 0 27.1 54.0 2 -1 0
0 1 0 27.0 54.0 2 -1 0
0 1 0 27.1 53.5 2 -1 0
0 1 0 27.0 53.5 2 -1 0
0 1 0 27.0 53.5 2 -1 0
0 1 0 27.1 53.5 2 -1 0
0 1 0 27.0 53.5 2 -1 0
0 1 0 27.1 53.5 2 -1 0
0 1 0 27.0 53.5 2 -1 0
0 1 0 27.0 53.5 2 -1 0
0 1 0 27.1 53.5 2 -1 0
0 1 0 27.0 53.5 2 -1 0
0 1 0 27.1 53.5 2 -1 0
0 1 0 27.0 53.5 2 -1 0
0 1 0 27.0 53.5 2 -1 0
0 1 0 27.0 53.5 2 -1 0
0 1 0 27.1 53.5 2 -1 0
0 1 0 27.0 53.5 2 -1 0
0 1 0 27.1 53.5 2 -1 0
0 1 0 27.0 53.5 2 -1 0
0 1 0 27.0 53.5 2 -1 0
0 1 0 27.0 53.5 2 -1 0
0 1 0 27.1 53.5 2 -1 0
0 1 0 27.1 53.5 2 -1 0
0 1 0 26.9 53.5 2 -1 0
0 1 0 27.0 53.5 2 -1 0
0 1 0 27.0 53.5 2 -1 0
0 1 0 27.0 53.5 2 -1 0
0 1 0 27.1 53.5 2 -1 0
0 1 0 27.1 53.5 2 -1 0
0 1 0 27.0 53.5 2 -1 0
0 1 0 27.1 53.5 0 -1 0
0 1 0 27.0 53.5 2 -1 0
0 1 0 27.0 53.5 2 -1 0
0 1 0 27.0 54.0 2 -1 0
0 1 0 27.0 55.0 2 -1 0
0 1 0 27.0 55.5 2 -1 0
0 1 0 27.0 55.5 2 -1 0
0 1 0 27.1 55.5 2 -1 0
0 1 0 27.0 55.5 2 -1 0
0 1 0 27.0 55.0 2 -1 0
0 1 0 27.1 54.5 2 -1 0
0 1 0 27.0 54.5 2 -1 0
0 1 0 27.1 54.5 2 -1 0
0 1 0 27.1 54.5 2 -1 0
0 1 0 27.0 54.5 2 -1 0
0 1 0 27.0 54.5 2 -1 0
0 1 0 27.0 54.5 2 -1 0
0 1 0 27.1 54.5 2 -1 0
0 1 0 27.0 54.5 2 -1 0
0 1 0 27.0 54.5 2 -1 0
0 1 0 27.0 54.5 2 -1 0
0 1 0 27.0 54.5 2 -1 0
0 1 0 27.0 54.0 2 -1 0
0 1 0 27.0 54.5 2 -1 0
0 1 0 27.1 54.5 2 -1 0
0 1 0 27.1 54.0 2 -1 0
0 1 0 27.0 54.0 2 -1 0
0 1 0 27.0 54.0 2 -1 0
0 1 0 27.0 54.0 2 -1 0
0 1 0 27.0 54.0 2 -1 0
0 1 0 27.0 54.0 2 -1 0
0 1 0 27.0 54.0 2 -1 0
0 1 0 27.0 54.0 2 -1 0
0 1 0 27.1 54.0 2 -1 0
0 1 0 27.0 54.0 2 -1 0
0 1 0 27.0 54.0 2 -1 0
0 1 0 27.0 54.0 2 -1 0
0 1 0 27.0 54.0 2 -1 0
0 1 0 27.0 54.0 2 -1 0
0 1 0 27.0 54.0 2 -1 0
0 1 0 27.0 54.0 2 -1 0
0 1 0 26.9 54.0 2 -1 0
0 1 0 27.0 54.0 2 -1 0
0 1 0 27.0 54.0 2 -1 0
0 1 0 27.0 54.0 2 -1 0
0 1 0 27.0 54.0 2 -1 0
0 1 0 27.0 54.0 2 -1 0
0 1 0 27.0 54.0 2 -1 0
0 1 0 27.0 53.5 2 -1 0
0 1 0 27.0 53.5 2 -1 0
0 1 0 26.9 54.0 2 -1 0
0 1 0 27.0 54.0 2 -1 0
0 1 0 26.9 53.5 2 -1 0
0 1 0 27.0 54.0 2 -1 0
0 1 0 27.0 54.0 2 -1 0
0 1 0 26.9 54.0 2 -1 0
0 1 0 27.0 54.0 2 -1 0
0 1 0 27.0 54.5 2 -1 0
0 1 0 27.0 55.0 2 -1 0
0 1 0 27.0 55.0 2 -1 0
0 1 0 27.0 55.0 2 -1 0
0 1 0 27.0 55.0 2 -1 0
0 1 0 26.9 55.0 2 -1 0
0 1 0 27.0 55.0 2 -1 0
0 1 0 26.9 54.5 2 -1 0
0 1 0 27.0 54.5 2 -1 0
0 1 0 27.0 54.5 2 -1 0
0 1 0 26.9 54.0 2 -1 0
0 1 0 27.0 54.5 2 -1 0
0 1 0 27.0 54.5 2 -1 0
0 1 0 27.0 54.5 2 -1 0
0 1 0 27.0 54.5 2 -1 0
0 1 0 27.0 54.5 2 -1 0
0 1 0 27.0 54.5 2 -1 0
0 1 0 27.0 54.0 2 -1 0
0 1 0 27.0 54.0 2 -1 0
0 1 0 26.9 54.0 2 -1 0
0 1 0 27.0 54.0 2 -1 0
0 1 0 27.0 54.0 2 -1 0
0 1 0 26.9 54.5 2 -1 0
0 1 0 27.0 54.5 2 -1 0
0 1 0 27.0 54.5 0 -1 0
0 1 0 27.0 54.5 2 -1 0
0 1 0 27.0 54.0 2 -1 0
0 1 0 27.0 54.0 2 -1 0
0 1 0 27.0 54.0 2 -1 0
0 1 0 27.0 54.0 2 -1 0
0 1 0 27.0 54.0 2 -1 0
0 1 0 26.9 54.0 2 -1 0
0 1 0 27.0 54.0 2 -1 0
0 1 0 27.0 54.0 2 -1 0
0 1 0 27.0 54.0 2 -1 0
0 1 0 27.0 54.0 2 -1 0
0 1 0 26.9 54.0 2 -1 0
0 1 0 27.0 54.0 2 -1 0
0 1 0 27.0 54.0 2 -1 0
0 1 0 27.0 54.0 2 -1 0
0 1 0 27.0 54.0 2 -1 0
0 1 0 26.9 54.0 2 -1 0
0 1 0 27.0 54.0 2 -1 0
0 1 0 26.9 54.0 2 -1 0
0 1 0 27.0 54.0 2 -1 0
0 1 0 27.0 54.0 2 -1 0
0 1 0 27.0 54.0 2 -1 0
0 1 0 26.9 54.0 2 -1 0
0 1 0 27.0 54.0 2 -1 0
0 1 0 26.9 54.0 2 -1 0
0 1 0 26.9 54.0 2 -1 0
0 1 0 27.0 54.0 2 -1 0
0 1 0 26.9 54.0 2 -1 0
0 1 0 26.9 54.0 2 -1 0
0 1 0 26.9 54.0 2 -1 0
0 1 0 26.9 54.0 2 -1 0
0 1 0 26.9 54.0 2 -1 0
0 1 0 26.9 54.0 2 -1 0
0 1 0 26.9 54.0 2 -1 0
0 1 0 26.9 54.0 2 -1 0
0 1 0 27.0 54.0 2 -1 0
0 1 0 26.9 54.0 2 -1 0
0 1 0 26.9 53.5 2 -1 0
0 1 0 27.0 53.5 2 -1 0
0 1 0 26.9 53.5 2 -1 0
0 1 0 26.8 53.5 2 -1 0
0 1 0 27.0 53.5 2 -1 0
0 1 0 26.9 53.5 2 -1 0
0 1 0 26.9 53.5 2 -1 0
0 1 0 26.9 54.0 2 -1 0
0 1 0 26.9 53.5 2 -1 0
0 1 0 26.9 54.0 2 -1 0
0 1 0 26.9 54.0 2 -1 0
0 1 0 27.0 54.5 2 -1 0
0 1 0 26.9 55.0 2 -1 0
0 1 0 26.9 54.5 2 -1 0
0 1 0 26.9 54.0 2 -1 0
0 1 0 27.0 54.0 2 -1 0
0 1 0 26.9 54.0 2 -1 0
0 1 0 26.9 54.0 2 -1 0
0 1 0 26.9 54.0 2 -1 0
0 1 0 27.0 54.0 2 -1 0
0 1 0 26.9 54.0 2 -1 0
0 1 0 26.9 54.0 2 -1 0
0 1 0 26.9 54.0 2 -1 0
0 1 0 26.9 54.0 2 -1 0
0 1 0 26.9 54.0 2 -1 0
0 1 0 26.9 54.0 2 -1 0
0 1 0 27.0 54.0 2 -1 0
0 1 0 26.9 54.0 2 -1 0
0 1 0 27.0 54.0 2 -1 0
0 1 0 26.9 54.0 2 -1 0
0 1 0 26.9 54.0 2 -1 0
0 1 0 27.0 54.0 2 -1 0
0 1 0 27.0 54.0 2 -1 0
0 1 0 26.9 54.0 2 -1 0
0 1 0 27.0 54.0 2 -1 0
0 1 0 27.0 54.0 2 -1 0
0 1 0 27.0 54.0 2 -1 0
0 1 0 27.0 54.0 2 -1 0
0 1 0 26.9 54.0 2 -1 0
0 1 0 26.9 54.0 2 -1 0
0 1 0 26.9 55.0 2 -1 0
0 1 0 27.0 55.5 2 -1 0
0 1 0 26.9 56.0 2 -1 0
0 1 0 27.0 56.5 2 -1 0
0 1 0 27.0 56.5 2 -1 0
0 1 0 26.9 56.5 2 -1 0
0 1 0 27.0 55.5 2 -1 0
0 1 0 26.9 55.5 2 -1 0
0 1 0 27.0 55.5 2 -1 0
0 1 0 26.9 55.5 2 -1 0
0 1 0 26.9 55.0 2 -1 0
0 1 0 27.0 55.0 2 -1 0
0 1 0 26.9 55.0 2 -1 0
0 1 0 27.0 55.0 2 -1 0
0 1 0 26.9 55.0 2 -1 0
0 1 0 27.0 55.0 2 -1 0
0 1 0 26.9 55.0 2 -1 0
0 1 0 27.0 55.0 2 -1 0
0 1 0 27.0 55.0 2 -1 0
0 1 0 26.9 55.0 2 -1 0
0 1 0 26.9 55.0 2 -1 0
0 1 0 27.0 55.0 2 -1 0
0 1 0 27.0 55.0 2 -1 0
0 1 0 27.0 55.0 2 -1 0
0 1 0 26.9 55.0 2 -1 0
0 1 0 27.0 54.5 2 -1 0
0 1 0 27.0 54.5 2 -1 0
0 1 0 27.0 54.5 2 -1 0
0 1 0 27.0 54.5 2 -1 0
0 1 0 27.0 54.5 2 -1 0
0 1 0 27.0 54.5 2 -1 0
0 1 0 27.0 54.5 2 -1 0
0 1 0 26.9 54.5 2 -1 0
0 1 0 27.0 54.5 2 -1 0
0 1 0 27.0 54.5 2 -1 0
0 1 0 26.9 54.5 2 -1 0
0 1 0 27.0 54.5 2 -1 0
0 1 0 27.0 54.5 2 -1 0
0 1 0 27.0 54.5 2 -1 0
0 1 0 26.9 54.5 2 -1 0
0 1 0 26.9 54.5 2 -1 0
0 1 0 26.9 54.5 2 -1 0
0 1 0 27.0 54.5 2 -1 0
0 1 0 27.0 54.5 2 -1 0
0 1 0 27.0 54.5 2 -1 0
0 1 0 26.9 54.5 2 -1 0
0 1 0 26.9 54.5 2 -1 0
0 1 0 26.9 54.5 1 -1 0
0 1 0 26.9 54.5 1 -1 0
0 1 0 26.9 54.5 1 -1 0
0 1 0 26.9 54.5 1 -1 0
0 1 0 26.9 54.5 1 -1 0
0 1 0 27.0 54.5 1 -1 0
0 1 0 26.9 54.5 1 -1 0
0 1 0 26.9 54.5 1 -1 0
0 1 0 26.9 54.5 1 -1 0
0 1 0 26.9 54.5 1 -1 0
0 1 0 26.9 54.0 1 -1 0
0 1 0 26.9 54.5 1 -1 0
0 1 0 26.9 54.5 1 -1 0
0 1 0 26.9 54.5 1 -1 0
0 1 0 26.9 54.5 1 -1 0
0 1 0 26.9 54.5 1 -1 0
0 1 0 26.9 54.5 1 -1 0
0 1 0 26.9 55.0 1 -1 0
0 1 0 26.9 55.5 0 -1 0
0 1 0 26.9 56.0 0 -1 0
0 1 0 26.9 55.5 0 -1 0
0 1 0 26.9 55.0 0 -1 0
0 1 0 26.9 55.0 0 -1 0
0 1 0 26.9 55.0 0 -1 0
0 1 0 26.9 55.0 2 -1 0
0 1 0 26.9 55.0 2 -1 0
0 1 0 26.9 55.0 1 -1 0
0 1 0 26.9 55.0 1 -1 0
0 1 0 26.9 55.0 2 -1 0
0 1 0 26.9 55.0 2 -1 0
0 1 0 26.9 55.0 2 -1 0
0 1 0 26.9 55.0 2 -1 0
0 1 0 26.9 55.0 4 -1 0
0 1 0 26.9 55.0 2 -1 0
0 1 0 26.9 55.0 4 -1 0
0 1 0 26.9 54.5 3 -1 0
0 1 0 26.9 55.0 5 -1 0
0 1 0 26.9 54.5 5 -1 0
0 1 0 27.0 55.0 7 -1 0
0 1 0 26.9 54.5 7 -1 0
0 1 0 26.8 54.5 7 -1 0
0 1 0 26.9 55.0 5 -1 0
0 1 0 26.9 55.0 5 -1 0
0 1 0 26.9 55.0 5 -1 0
0 1 0 27.0 54.5 7 -1 0
0 1 0 26.9 54.5 7 -1 0
0 1 0 26.9 55.0 9 -1 0
0 1 0 26.9 55.0 9 -1 0
0 1 0 26.9 55.0 5 -1 0
0 1 0 26.9 55.0 7 -1 0
0 1 0 26.9 55.0 7 -1 0
0 1 0 26.9 55.0 9 -1 0
0 1 0 26.9 55.0 9 -1 0
0 1 0 26.9 55.0 8 -1 0
0 1 0 27.0 55.0 10 -1 0
0 1 0 27.0 55.0 8 -1 0
0 1 0 26.9 55.0 11 -1 0
0 1 0 26.9 55.0 11 -1 0
0 1 0 27.0 55.0 11 -1 0
0 1 0 26.9 55.5 8 -1 0
0 1 0 26.9 55.5 10 -1 0
0 1 0 26.9 55.0 14 -1 0
0 1 0 26.9 55.0 14 -1 0
0 1 0 27.0 55.5 14 -1 0
0 1 0 26.9 55.5 15 -1 0
0 1 0 27.0 55.5 15 -1 0
0 1 0 26.9 55.0 16 -1 0
0 1 0 27.0 55.0 16 -1 0
0 1 0 26.9 55.0 16 -1 0
0 1 0 27.0 55.0 16 -1 0
0 1 0 26.9 55.5 16 -1 0
0 1 0 26.9 55.5 16 -1 0
0 1 0 27.0 55.0 14 -1 0
0 1 0 26.9 55.0 14 -1 0
0 1 0 26.9 55.0 14 -1 0
0 1 0 26.9 55.5 16 -1 0
0 1 0 27.0 55.5 17 -1 0
0 1 0 26.9 55.0 17 -1 0
0 1 0 26.9 55.0 19 -1 0
0 1 0 27.0 55.0 19 -1 0
0 1 0 27.0 55.5 23 -1 0
0 1 0 27.0 55.5 21 -1 0
0 1 0 27.0 55.5 24 -1 0
0 1 0 27.0 55.5 22 -1 0
0 1 0 26.9 56.0 24 -1 0
0 1 0 27.0 56.0 26 -1 0
0 1 0 27.0 56.0 24 -1 0
0 1 0 27.0 56.0 26 -1 0
0 1 0 27.0 56.0 28 -1 0
0 1 0 27.0 56.0 26 -1 0
0 1 0 27.0 56.5 28 -1 0
0 1 0 27.0 56.5 31 -1 0
0 1 0 27.0 56.5 29 -1 0
0 1 0 27.0 57.0 33 -1 0
0 1 0 27.0 57.0 31 -1 0
0 1 0 27.0 57.0 33 -1 0
0 1 0 27.0 57.0 33 -1 0
0 1 0 27.0 57.0 37 -1 0
0 1 0 27.0 56.5 40 -1 0
0 1 0 27.1 56.5 40 -1 0
0 1 0 27.0 56.5 40 -1 0
0 1 0 27.1 57.0 45 -1 0
0 1 0 27.1 57.0 49 -1 0
0 1 0 27.0 57.5 52 -1 0
0 1 0 27.1 57.0 61 -1 0
0 1 0 27.1 57.5 66 -1 0
0 1 0 27.1 57.5 73 -1 0
0 1 0 27.0 57.5 83 -1 0
0 1 0 27.1 57.5 95 -1 0
0 1 0 27.1 57.5 98 -1 0
0 1 0 27.1 58.0 109 -1 0
0 1 0 27.1 58.0 114 -1 0
0 1 0 27.2 58.5 124 -1 0
0 1 0 27.2 58.5 133 -1 0
0 1 0 27.2 58.5 131 -1 0
0 1 0 27.1 58.5 123 -1 0
0 1 0 27.1 59.0 107 -1 0
0 1 0 27.2 59.0 113 -1 0
0 1 0 27.2 59.0 151 -1 0
0 1 0 27.2 59.5 156 -1 0
0 1 0 27.3 60.0 132 -1 0
0 1 0 27.2 60.0 132 -1 0
0 1 0 27.2 60.0 168 -1 0
0 1 0 27.2 60.5 178 -1 0
0 1 0 27.3 60.5 149 -1 0
0 1 0 27.3 60.5 149 -1 0
0 1 0 27.4 60.5 144 -1 0
0 1 0 27.3 60.5 164 -1 0
0 1 0 27.3 60.5 197 -1 0
0 1 0 27.4 60.0 187 -1 0
0 1 0 27.4 60.0 168 -1 0
0 1 0 27.4 60.5 149 -1 0
0 1 0 27.4 60.5 172 -1 0
0 1 0 27.5 60.5 187 -1 0
0 1 0 27.4 60.5 170 -1 0
0 1 0 27.5 60.5 165 -1 0
0 1 0 27.5 60.5 182 -1 0
0 1 0 27.5 60.5 167 -1 0
0 1 0 27.5 60.5 163 -1 0
0 1 0 27.4 60.5 152 -1 0
0 1 0 27.5 59.5 158 -1 0
0 1 0 27.5 60.0 199 -1 0
0 1 0 27.6 59.5 248 -1 0
0 1 0 27.6 60.0 255 -1 0
0 1 0 27.6 60.0 217 -1 0
0 1 0 27.6 60.5 161 -1 0
0 1 0 27.6 60.5 116 -1 0
0 1 0 27.5 61.0 95 -1 0
0 1 0 27.6 61.5 86 -1 0
0 1 0 27.6 62.0 80 -1 0
0 1 0 27.7 62.0 75 -1 0
0 1 0 27.7 62.0 71 -1 0
0 1 0 27.7 62.0 62 -1 0
0 1 0 27.7 62.0 59 -1 0
0 1 0 27.6 62.0 54 -1 0
0 1 0 27.6 62.0 50 -1 0
0 1 0 27.7 62.5 49 -1 0
0 1 0 27.7 62.5 43 -1 0
0 1 0 27.7 62.5 40 -1 0
0 1 0 27.6 62.5 38 -1 0
0 1 0 27.7 62.5 36 -1 0
0 1 0 27.6 62.5 36 -1 0
0 1 0 27.7 62.5 38 -1 0
0 1 0 27.7 62.5 38 -1 0
0 1 0 27.7 62.5 38 -1 0
0 1 0 27.7 62.5 40 -1 0
0 1 0 27.7 62.5 43 -1 0
0 1 0 27.7 62.5 47 -1 0
0 1 0 27.7 62.5 52 -1 0
0 1 0 27.7 62.5 55 -1 0
0 1 0 27.7 62.5 62 -1 0
0 1 0 27.8 62.0 74 -1 0
0 1 0 27.7 62.5 88 -1 0
0 1 0 27.7 62.5 105 -1 0
0 1 0 27.7 62.5 74 -1 0
0 1 0 27.7 62.5 69 -1 0
0 1 0 27.7 62.5 64 -1 0
0 1 0 27.8 62.5 69 -1 0
0 1 0 27.7 62.5 69 -1 0
0 1 0 27.7 62.5 77 -1 0
0 1 0 27.7 62.5 90 -1 0
0 1 0 27.7 62.5 95 -1 0
0 1 0 27.8 62.5 93 -1 0
0 1 0 27.8 62.5 94 -1 0
0 1 0 27.7 63.0 88 -1 0
0 1 0 27.8 63.0 92 -1 0
0 1 0 27.8 63.0 95 -1 0
0 1 0 27.9 63.5 107 -1 0
0 1 0 27.8 63.5 98 -1 0
0 1 0 27.8 63.5 104 -1 0
0 1 0 27.8 64.0 97 -1 0
0 1 0 27.8 64.0 91 -1 0
0 1 0 27.8 64.0 98 -1 0
0 1 0 27.8 64.5 107 -1 0
0 1 0 27.9 64.5 102 -1 0
0 1 0 27.9 64.5 109 -1 0
0 1 0 27.9 64.5 126 -1 0
0 1 0 27.9 64.5 130 -1 0
0 1 0 27.9 64.5 128 -1 0
0 1 0 27.9 64.5 111 -1 0
0 1 0 27.9 64.5 109 -1 0
0 1 0 27.9 64.5 128 -1 0
0 1 0 28.0 64.5 203 -1 0
0 1 0 27.9 64.5 166 -1 0
0 1 0 28.0 64.5 127 -1 0
0 1 0 27.9 64.5 127 -1 0
0 1 0 28.0 65.0 123 -1 0
0 1 0 28.0 65.0 132 -1 0
0 1 0 28.0 65.0 125 -1 0
0 1 0 28.1 65.0 127 -1 0
0 1 0 28.1 65.5 125 -1 0
0 1 0 28.1 65.5 114 -1 0
0 1 0 28.1 65.5 104 -1 0
0 1 0 28.1 65.5 95 -1 0
0 1 0 28.1 65.0 92 -1 0
0 1 0 28.1 65.0 90 -1 0
0 1 0 28.1 65.5 90 -1 0
0 1 0 28.1 65.5 88 -1 0
0 1 0 28.1 65.5 79 -1 0
0 1 0 28.1 65.5 71 -1 0
0 1 0 28.0 65.5 67 -1 0
0 1 0 28.1 65.5 64 -1 0
0 1 0 28.1 66.0 62 -1 0
0 1 0 28.2 66.0 60 -1 0
0 1 0 28.1 66.0 60 -1 0
0 1 0 28.2 66.0 59 -1 0
0 1 0 28.2 66.0 57 -1 0
0 1 0 28.2 66.5 50 -1 0
0 1 0 28.2 66.5 57 -1 0
0 1 0 28.1 66.5 62 -1 0
0 1 0 28.2 66.0 72 -1 0
0 1 0 28.2 66.0 86 -1 0
0 1 0 28.1 66.0 95 -1 0
0 1 0 28.2 66.0 100 -1 0
0 1 0 28.2 66.5 105 -1 0
0 1 0 28.2 66.5 117 -1 0
0 1 0 28.2 66.5 131 -1 0
0 1 0 28.2 66.5 124 -1 0
0 1 0 28.2 66.5 136 -1 0
0 1 0 28.2 66.5 157 -1 0
0 1 0 28.3 66.5 167 -1 0
0 1 0 28.3 66.5 169 -1 0
0 1 0 28.2 66.5 147 -1 0
0 1 0 28.3 66.5 140 -1 0
0 1 0 28.3 66.5 155 -1 0
0 1 0 28.3 66.5 155 -1 0
0 1 0 28.3 66.5 134 -1 0
0 1 0 28.3 66.5 155 -1 0
0 1 0 28.3 66.0 128 -1 0
0 1 0 28.4 66.0 131 -1 0
0 1 0 28.3 66.0 114 -1 0
0 1 0 28.3 66.0 122 -1 0
0 1 0 28.3 65.5 102 -1 0
0 1 0 28.3 66.0 97 -1 0
0 1 0 28.3 65.5 91 -1 0
0 1 0 28.3 65.5 100 c26 0
1 1 1 28.4 65.5 106 c26 0
1 1 20 28.3 63.5 122 c26 1
1 1 29 28.1 60.5 117 c26 1
1 1 0 28.0 60.5 150 c26 1
1 1 15 27.8 59.5 128 c26 1
1 1 18 27.6 59.0 137 c26 1
1 1 24 27.4 58.5 132 c26 1
1 1 3 27.3 58.0 127 c26 1
1 1 1 27.2 57.5 133 c26 1
1 1 1 27.2 57.5 159 c26 1
1 1 2 27.0 57.0 148 c26 1
1 1 7 26.9 56.5 133 c26 1
1 1 5 26.8 56.0 131 c26 1
1 1 0 26.8 56.0 133 c26 1
1 1 0 26.6 55.5 128 c26 1
1 1 0 26.6 55.0 129 c26 1
1 1 1 26.5 55.0 135 c26 1
1 1 1 26.4 54.5 126 c26 1
1 1 1 26.3 54.0 120 c26 1
1 1 0 26.3 54.0 118 c26 1
1 1 3 26.2 53.5 122 c26 1
1 1 0 26.2 54.0 123 c26 1
1 1 2 26.2 54.0 124 c26 1
1 1 0 26.1 54.5 132 c26 1
1 1 0 26.0 54.5 130 c26 1
1 1 0 26.0 54.5 150 c26 1
1 1 0 26.0 54.5 144 c26 1
1 1 0 25.9 54.5 160 c26 1
1 1 1 25.9 54.5 172 c26 1
1 1 1 25.9 54.5 185 c26 1
1 1 4 25.9 54.0 176 c26 1
1 1 1 25.9 54.0 178 c26 1
1 1 6 25.8 53.5 171 c26 1
1 1 10 25.8 53.5 150 c26 1
1 1 9 25.8 53.5 186 c26 1
1 1 0 25.8 54.0 195 c26 1
1 1 8 25.7 54.0 152 c26 1
1 1 3 25.7 54.5 141 c26 1
1 1 0 25.7 54.5 134 c26 1
1 1 4 25.8 54.5 121 c26 1
1 1 4 25.7 55.0 107 c26 1
1 1 0 25.7 55.0 90 c26 1
1 1 4 25.7 55.0 82 c26 1
1 1 5 25.7 55.0 76 c26 1
1 1 3 25.6 55.0 80 c26 1
1 1 5 25.7 55.0 81 c26 1
1 1 12 25.6 54.5 90 c26 1
1 1 2 25.6 54.0 96 c26 1
1 1 2 25.5 54.0 105 c26 1
1 1 3 25.4 53.5 110 c26 1
1 1 0 25.5 53.5 115 c26 1
1 1 4 25.4 53.0 117 c26 1
1 1 0 25.4 53.0 121 c26 1
1 1 41 25.3 53.0 115 c26 1
1 1 26 25.4 54.0 131 c26 1
1 1 9 25.4 55.0 138 c26 1
1 1 6 25.5 55.0 146 c26 1
1 1 10 25.5 55.5 143 c26 1
1 1 6 25.5 56.0 136 c26 1
1 1 0 25.5 57.5 129 c26 1
1 1 9 25.7 61.5 141 c26 1
1 1 7 25.7 59.5 154 c26 1
1 1 6 25.7 57.5 146 c26 1
1 1 2 25.7 57.5 145 c26 1
1 1 2 25.6 57.5 136 c26 1
1 1 4 25.7 58.0 134 c26 1
1 1 2 25.7 57.0 136 c26 1
1 1 7 25.7 57.0 138 c26 1
1 1 0 25.6 56.5 139 c26 1
1 1 2 25.6 56.5 154 c26 1
1 1 8 25.5 56.0 144 c26 1
1 1 2 25.5 55.0 144 c26 1
1 1 0 25.4 55.0 142 c26 1
1 1 1 25.4 55.5 141 c26 1
1 1 0 25.4 55.5 143 c26 1
1 1 0 25.4 56.5 143 c26 1
1 1 0 25.5 59.5 152 c26 1
1 1 7 25.6 61.5 152 c26 1
1 1 6 25.6 64.5 147 c26 1
1 1 4 25.7 63.0 143 c26 1
1 1 7 25.8 63.0 149 c26 1
1 1 6 25.9 62.0 161 c26 1
1 1 5 25.9 60.0 154 c26 1
1 1 4 25.9 60.0 153 c26 1
1 1 5 25.9 62.0 164 c26 1
1 1 3 25.9 62.5 161 c26 1
1 1 5 26.0 65.5 168 c26 1
1 1 2 26.2 69.0 161 c26 1
1 1 8 26.2 65.5 138 c26 1
1 1 11 26.2 62.5 130 c26 1
1 1 3 26.2 61.5 128 c26 1
1 1 6 26.2 61.5 142 c26 1
1 1 7 26.1 64.5 157 c26 1
1 1 5 26.2 67.0 143 c26 1
1 1 8 26.3 66.0 138 c26 1
1 1 8 26.3 65.5 140 c26 1
1 1 0 26.3 62.5 145 c26 1
1 1 0 26.2 61.5 138 c26 1
1 1 2 26.1 60.5 134 c26 1
1 1 5 26.0 60.0 135 c26 1
1 1 5 25.9 59.5 136 c26 1
1 1 3 26.0 62.5 138 c26 1
1 1 6 26.1 63.5 130 c26 1
1 1 10 26.0 61.0 128 c26 1
1 1 4 26.1 63.5 131 c26 1
1 1 0 26.2 68.5 138 c26 1
1 1 1 26.5 70.0 143 c26 1
1 1 8 26.7 70.0 133 c26 1
1 1 12 26.8 69.5 125 c26 1
1 1 10 26.8 70.0 119 c26 1
1 1 10 26.8 69.0 116 c26 1
1 1 13 26.9 69.0 118 c26 1
1 1 14 26.9 70.0 116 c26 1
1 1 10 26.9 67.0 112 c26 1
1 1 0 26.7 64.5 112 c26 1
1 1 0 26.5 62.5 111 c26 1
1 1 0 26.4 61.0 113 c26 1
1 1 1 26.3 60.5 114 c26 1
1 1 2 26.3 64.0 121 c26 1
1 1 3 26.3 66.0 126 c26 1
1 1 10 26.4 63.5 123 c26 1
1 1 0 26.4 61.5 123 c26 1
1 1 3 26.2 61.0 128 c26 1
1 1 5 26.1 60.0 134 c26 1
1 1 8 26.0 60.0 145 c26 1
1 1 6 26.0 60.5 143 c26 1
1 1 6 26.1 62.0 148 c26 1
1 1 13 26.1 61.5 150 c26 1
1 1 4 26.1 60.5 154 c26 1
1 1 12 26.1 60.5 157 c26 1
1 1 2 26.2 60.5 150 c26 1
1 1 5 26.2 59.5 145 c26 1
1 1 11 26.1 59.0 132 c26 1
1 1 8 26.0 59.5 128 c26 1
1 1 10 26.0 59.5 124 c26 1
1 1 12 26.0 60.0 112 c26 1
1 1 6 26.1 62.5 130 c26 1
1 1 16 26.2 66.0 125 c26 1
1 1 4 26.4 68.0 125 c26 1
1 1 11 26.4 64.5 127 c26 1
1 1 0 26.4 63.5 121 c26 1
1 1 2 26.3 65.5 123 c26 1
1 1 9 26.5 67.5 116 c26 1
1 1 3 26.6 64.5 111 c26 1
1 1 1 26.5 64.5 111 c26 1
1 1 4 26.5 65.0 109 c26 1
1 1 2 26.6 65.5 103 c26 1
1 1 3 26.5 66.5 102 c26 1
1 1 4 26.4 64.5 95 c26 1
1 1 1 26.6 66.5 99 c26 1
1 1 4 26.7 68.0 97 c26 1
1 1 17 26.7 67.0 103 c26 1
1 1 9 26.7 65.5 104 c26 1
1 1 0 26.6 64.0 113 c26 1
1 1 2 26.5 63.0 109 c26 1
1 1 2 26.5 62.5 106 c26 1
1 1 2 26.4 61.0 103 c26 1
1 1 0 26.3 60.5 103 c26 1
1 1 9 26.3 60.5 101 c26 1
1 1 8 26.1 60.0 101 c26 1
1 1 6 26.2 59.5 103 c26 1
1 1 5 26.2 62.0 104 c26 1
1 1 15 26.3 64.5 106 c26 1
1 1 8 26.3 63.0 111 c26 1
1 1 4 26.4 63.0 118 c26 1
1 1 7 26.4 65.5 124 c26 1
1 1 5 26.6 67.5 124 c26 1
1 1 4 26.7 67.5 126 c26 1
1 1 3 26.7 65.5 127 c26 1
1 1 3 26.7 65.5 121 c26 1
1 1 2 26.6 65.5 119 c26 1
1 1 0 26.6 63.5 121 c26 1
1 1 0 26.6 64.0 123 c26 1
1 1 0 26.6 68.0 119 c26 1
1 1 9 26.7 69.5 114 c26 1
1 1 4 26.9 69.5 110 c26 1
1 1 7 27.0 69.0 107 c26 1
1 1 5 27.0 67.5 105 c26 1
1 1 0 27.0 66.5 106 c26 1
1 1 0 26.9 67.0 112 c26 1
1 1 0 27.0 67.5 112 c26 1
1 1 0 27.0 68.5 115 c26 1
1 1 0 27.1 69.5 119 c26 1
1 1 0 27.2 70.0 119 c26 1
1 1 0 27.5 71.5 124 c26 1
1 1 2 27.7 73.0 126 c26 1
1 1 0 27.9 72.5 120 c26 1
1 1 2 27.9 71.5 118 c26 1
1 1 1 27.9 70.0 123 c26 1
1 1 0 27.9 69.0 121 c26 1
1 1 20 27.8 69.5 119 c26 1
1 1 0 27.7 68.0 121 c26 1
1 1 0 27.7 70.0 118 c26 1
1 1 0 27.7 70.0 120 c26 1
1 1 0 27.8 69.0 115 c26 1
1 1 0 27.8 68.0 111 c26 1
1 1 0 27.6 68.0 108 c26 1
1 1 0 27.7 69.0 102 c26 1
1 1 0 27.7 69.5 104 c26 1
1 1 0 27.7 69.5 104 c26 1
1 1 0 27.7 66.5 106 c26 1
1 1 0 27.5 65.0 106 c26 1
1 1 0 27.4 63.5 102 c26 1
1 1 0 27.2 62.5 97 c26 1
1 1 0 27.1 65.5 92 c26 1
1 1 0 27.2 66.0 90 c26 1
1 1 0 27.2 67.0 92 c26 1
1 1 0 27.3 68.0 99 c26 1
1 1 0 27.3 68.0 99 c26 1
1 1 0 27.6 69.5 113 c26 1
1 1 0 27.7 69.5 117 c26 1
1 1 0 27.7 71.0 123 c26 1
1 1 0 27.9 71.0 119 c26 1
1 1 0 28.0 70.0 120 c26 1
1 1 0 28.0 69.0 118 c26 1
1 1 0 27.8 66.5 113 c26 1
1 1 0 27.6 65.0 110 c26 1
1 1 0 27.5 64.5 111 c26 1
1 1 0 27.4 64.0 106 c26 1
1 1 0 27.4 65.5 105 c26 1
1 1 0 27.4 65.5 101 c26 1
1 1 0 27.3 64.0 102 c26 1
1 1 0 27.3 63.0 101 c26 1
1 1 0 27.1 63.0 102 c26 1
1 1 0 27.1 62.5 103 c26 1
1 1 0 27.1 63.0 104 c26 1
1 1 0 27.2 66.0 104 c26 1
1 1 0 27.3 67.5 97 c26 1
1 1 0 27.4 69.0 100 c26 1
1 1 0 27.6 69.5 107 c26 1
1 1 0 27.8 69.5 102 c26 1
1 1 0 27.9 69.0 95 c26 1
1 1 0 28.0 70.0 95 c26 1
1 1 0 28.0 69.5 97 c26 1
1 1 0 28.0 68.0 97 c26 1
1 1 0 28.0 68.5 99 c26 1
1 1 0 27.9 66.0 104 c26 1
1 1 0 27.7 64.5 107 c26 1
1 1 0 27.5 63.0 113 c26 1
1 1 0 27.3 62.5 115 c26 1
1 1 0 27.3 63.0 115 c26 1
1 1 0 27.2 62.5 121 c26 1
1 1 0 27.2 62.0 114 c26 1
1 1 0 27.1 62.0 106 c26 1
1 1 0 27.0 61.5 106 c26 1
1 1 0 27.0 61.0 102 c26 1
1 1 0 27.0 61.0 100 c26 1
1 1 0 26.9 60.5 97 c26 1
1 1 0 26.9 60.0 88 c26 1
1 1 0 26.8 59.5 87 c26 1
1 1 0 26.7 60.5 82 c26 1
1 1 0 26.8 65.0 79 c26 1
1 1 0 27.0 67.5 75 c26 1
1 1 0 27.2 68.0 73 c26 1
1 1 0 27.3 68.5 71 c26 1
1 1 0 27.4 68.0 77 c26 1
1 1 0 27.4 67.5 77 c26 1
1 1 35 27.4 67.5 73 c26 1
1 1 32 27.4 69.0 83 c26 1
1 1 21 27.6 70.0 85 c26 1
1 1 18 27.7 70.0 91 c26 1
1 1 16 27.7 69.0 94 c26 1
1 1 21 27.7 69.5 96 c26 1
1 1 18 27.7 69.0 98 c26 1
1 1 20 27.6 66.5 100 c26 1
0 1 53 27.6 67.5 82 c26 0
0 1 0 27.6 68.0 79 c26 0
0 1 0 27.6 67.5 79 c26 0
0 1 0 27.6 66.5 79 c26 0
0 1 0 27.5 66.0 79 c26 0
0 1 0 27.4 65.0 77 c26 0
0 1 0 27.4 65.5 78 c26 0
0 1 0 27.4 65.5 75 c26 0
0 1 0 27.2 65.0 77 c26 0
0 1 0 27.2 65.0 77 c26 0
0 1 0 27.2 65.0 84 c26 0
0 1 0 27.2 64.5 86 c26 0
0 1 0 27.2 64.5 89 c26 0
0 1 0 27.2 64.5 96 c26 0
0 1 0 27.2 64.5 96 c26 0
0 1 0 27.1 64.0 99 c26 0
0 1 0 27.0 64.0 105 c26 0
0 1 0 27.0 63.5 101 c26 0
0 1 0 27.0 64.0 96 c26 0
0 1 0 27.0 64.5 96 c26 0
0 1 0 27.1 64.5 95 c26 0
0 1 0 27.1 65.0 90 c26 0
0 1 0 27.1 66.5 85 c26 0
0 1 0 27.1 65.5 78 c26 0
0 1 0 27.1 65.5 71 c26 0
0 1 0 27.2 65.5 69 c26 0
0 1 0 27.1 65.5 64 c26 0
0 1 0 27.0 64.0 64 c26 0
0 1 0 27.0 63.5 59 c26 0
0 1 0 26.8 62.0 54 c26 0
1 1 36 26.7 61.0 43 c26 0
1 1 0 26.8 61.0 45 c26 0
1 1 27 26.6 60.5 41 c26 0
1 1 4 26.6 60.0 41 c26 0
1 1 5 26.5 59.5 41 c26 0
1 1 12 26.4 60.0 57 c26 1
1 1 12 26.4 60.0 72 c26 1
1 1 6 26.3 60.0 68 c26 1
1 1 6 26.3 59.5 66 c26 1
1 1 14 26.2 58.5 68 c26 1
1 1 6 26.1 57.5 70 c26 1
1 1 9 26.1 58.5 74 c26 1
1 1 5 26.0 58.0 75 c26 1
1 1 5 25.9 56.5 75 c26 1
1 1 9 25.9 56.5 75 c26 1
1 1 11 25.8 56.5 75 c26 1
1 1 7 25.8 56.0 82 c26 1
1 1 9 25.7 56.0 80 c26 1
1 1 7 25.7 56.0 94 c26 1
1 1 10 25.6 55.5 97 c26 1
1 1 6 25.7 55.5 95 c26 1
1 1 21 25.6 55.5 97 c26 1
1 1 12 25.5 56.0 96 c26 1
1 1 6 25.5 56.5 92 c26 1
1 1 11 25.6 57.0 92 c26 1
1 1 9 25.6 57.5 92 c26 1
1 1 4 25.6 57.0 91 c26 1
1 1 8 25.6 57.0 89 c26 1
1 1 9 25.5 56.5 89 c26 1
1 1 8 25.5 56.5 91 c26 1
1 1 5 25.5 56.0 89 c26 1
1 1 10 25.3 56.5 89 c26 1
1 1 4 25.4 56.5 89 c26 1
1 1 14 25.4 57.5 89 c26 1
1 1 3 25.4 59.0 89 c26 1
1 1 11 25.5 59.0 91 c26 1
1 1 5 25.6 60.0 82 c26 1
1 1 5 25.7 62.0 77 c26 1
1 1 15 25.7 61.0 81 c26 1
1 1 5 25.7 61.0 79 c26 1
1 1 19 25.8 63.5 90 c26 1
1 1 18 26.0 64.5 85 c26 1
1 1 10 25.9 64.0 83 c26 1
1 1 8 26.0 63.0 86 c26 1
1 1 6 25.9 62.0 91 c26 1
1 1 4 26.0 62.0 86 c26 1
1 1 5 25.9 61.5 83 c26 1
1 1 6 25.9 62.0 77 c26 1
1 1 8 26.0 62.0 77 c26 1
1 1 7 25.9 61.5 74 c26 1
1 1 12 25.8 60.5 83 c26 1
1 1 5 25.8 60.0 89 c26 1
1 1 7 25.7 60.0 94 c26 1
1 1 10 25.6 60.0 94 c26 1
1 1 6 25.7 60.0 85 c26 1
1 1 9 25.7 60.0 80 c26 1
1 1 5 25.6 60.0 93 c26 1
1 1 10 25.7 59.5 94 c26 1
1 1 7 25.5 58.5 101 c26 1
1 1 6 25.5 59.0 101 c26 1
1 1 5 25.5 59.5 99 c26 1
1 1 10 25.5 59.0 96 c26 1
1 1 8 25.6 59.5 98 c26 1
1 1 3 25.6 59.5 97 c26 1
1 1 8 25.5 59.0 96 c26 1
1 1 2 25.4 59.0 82 c26 1
1 1 15 25.4 59.5 79 c26 1
1 1 19 25.5 60.0 79 c26 1
1 1 6 25.5 60.5 81 c26 1
1 1 14 25.5 60.5 86 c26 1
1 1 9 25.5 60.0 79 c26 1
1 1 8 25.4 59.5 81 c26 1
1 1 8 25.5 60.0 81 c26 1
1 1 8 25.5 60.5 77 c26 1
1 1 3 25.5 60.5 76 c26 1
1 1 2 25.6 60.5 74 c26 1
1 1 14 25.5 61.0 72 c26 1
1 1 10 25.6 61.0 74 c26 1
1 1 9 25.6 60.5 76 c26 1
1 1 1 25.6 60.5 73 c26 1
1 1 9 25.5 60.0 76 c26 1
1 1 19 25.5 59.5 75 c26 1
1 1 4 25.4 58.5 75 c26 1
1 1 2 25.4 59.0 74 c26 1
1 1 1 25.4 60.0 76 c26 1
1 1 8 25.4 59.5 72 c26 1
1 1 8 25.4 59.5 76 c26 1
1 1 2 25.3 59.5 71 c26 1
1 1 21 25.4 60.0 71 c26 1
1 1 16 25.4 60.0 69 c26 1
1 1 10 25.4 60.0 69 c26 1
1 1 6 25.3 59.5 69 c26 1
1 1 8 25.4 59.0 71 c26 1
1 1 4 25.3 58.5 81 c26 1
1 1 3 25.3 58.5 69 c26 1
1 1 11 25.3 59.5 82 c26 1
1 1 17 25.3 60.0 87 c26 1
1 1 9 25.4 60.5 76 c26 1
1 1 4 25.5 60.5 79 c26 1
1 1 5 25.3 60.0 83 c26 1
1 1 4 25.4 60.0 93 c26 1
1 1 5 25.3 60.0 93 c26 1
1 1 7 25.4 60.0 98 c26 1
1 1 16 25.3 61.0 102 c26 1
1 1 10 25.4 60.5 98 c26 1
1 1 11 25.4 60.5 100 c26 1
1 1 7 25.3 59.5 93 c26 1
1 1 6 25.2 59.5 98 c26 1
1 1 3 25.3 59.0 83 c26 1
1 1 14 25.3 59.5 90 c26 1
1 1 14 25.4 61.0 101 c26 1
1 1 14 25.4 62.0 88 c26 1
1 1 11 25.4 61.0 77 c26 1
1 1 13 25.5 61.5 75 c26 1
1 1 15 25.5 61.0 75 c26 1
1 1 9 25.5 61.0 92 c26 1
1 1 8 25.5 61.0 90 c26 1
1 1 6 25.5 60.5 84 c26 1
1 1 1 25.5 60.5 89 c26 1
1 1 9 25.4 60.0 81 c26 1
1 1 2 25.4 59.5 68 c26 1
1 1 4 25.3 59.0 64 c26 1
1 1 1 25.3 59.0 61 c26 1
1 1 2 25.2 59.0 54 c26 1
1 1 2 25.1 58.5 49 c26 1
1 1 11 25.2 58.5 46 c26 1
1 1 7 25.2 59.0 44 c26 1
1 1 5 25.2 58.5 39 c26 1
1 1 1 25.2 58.0 37 c26 1
1 1 1 25.1 57.5 37 c26 1
1 1 3 25.0 57.5 37 c26 1
1 1 4 25.0 57.5 35 c26 1
1 1 10 25.1 57.5 32 c26 1
1 1 10 24.9 56.5 32 c26 1
1 1 9 24.8 56.0 32 c26 1
1 1 8 24.9 56.5 35 c26 1
1 1 9 24.8 56.5 37 c26 1
1 1 3 24.9 56.0 39 c26 1
1 1 7 24.8 56.0 39 c26 1
1 1 7 24.8 56.0 42 c26 1
1 1 28 24.8 55.5 42 c26 1
1 1 10 24.8 55.5 46 c26 1
1 1 3 24.7 56.0 49 c26 1
1 1 3 24.7 56.0 49 c26 1
1 1 16 24.7 56.0 49 c26 1
1 1 21 24.5 55.5 51 c26 1
1 1 0 24.6 55.5 49 c26 1
1 1 0 24.5 55.5 49 c26 1
1 1 23 24.5 55.0 47 c26 1
1 1 30 24.5 55.5 47 c26 1
1 1 49 24.5 56.0 46 -1 1
0 1 39 24.4 55.0 21 -1 0
0 1 0 24.5 55.5 21 -1 0
0 1 0 24.6 55.5 21 -1 0
0 1 0 24.6 55.5 23 -1 0
0 1 0 24.7 56.0 17 -1 0
0 1 0 24.7 56.0 17 -1 0
0 1 0 24.8 57.0 21 -1 0
0 1 0 24.9 57.5 19 -1 0
0 1 0 24.9 57.5 19 -1 0
0 1 0 25.0 58.0 17 -1 0
0 1 0 25.1 58.0 17 -1 0
0 1 0 25.1 58.5 20 -1 0
0 1 0 25.2 59.5 17 -1 0
0 1 0 25.3 60.5 17 -1 0
0 1 0 25.3 61.0 17 -1 0
0 1 0 25.3 61.0 17 -1 0
0 1 0 25.4 61.0 17 -1 0
0 1 0 25.4 61.0 17 -1 0
0 1 0 25.4 61.0 19 -1 0
0 1 0 25.5 61.0 19 -1 0
0 1 0 25.6 61.0 19 -1 0
0 1 0 25.5 61.0 19 -1 0
0 1 0 25.6 61.5 19 -1 0
0 1 0 25.6 61.5 19 -1 0
0 1 0 25.6 61.5 19 -1 0
0 1 0 25.7 61.5 17 -1 0
0 1 0 25.7 61.5 17 -1 0
0 1 0 25.6 61.5 17 -1 0
0 1 0 25.7 61.0 17 -1 0
0 1 0 25.8 61.5 20 -1 0
0 1 0 25.7 61.0 18 -1 0
0 1 0 25.8 60.5 18 -1 0
0 1 0 25.8 61.0 16 -1 0
0 1 0 25.8 61.0 16 -1 0
0 1 0 25.8 61.5 14 -1 0
0 1 0 25.8 61.5 18 -1 0
0 1 0 25.8 61.5 18 -1 0
0 1 0 25.9 62.0 16 -1 0
0 1 0 25.8 61.5 16 -1 0
0 1 0 25.9 61.5 16 -1 0
0 1 0 25.9 61.0 14 -1 0
0 1 0 25.9 61.5 14 -1 0
0 1 0 26.0 61.5 14 -1 0
0 1 0 26.0 61.0 14 -1 0
0 1 0 26.0 61.0 14 -1 0
0 1 0 26.1 61.0 12 -1 0
0 1 0 26.0 61.5 12 -1 0
0 1 0 26.1 62.0 12 -1 0
0 1 0 26.0 61.5 12 -1 0
0 1 0 26.1 61.5 12 -1 0
0 1 0 26.0 61.5 16 -1 0
0 1 0 26.1 61.0 16 -1 0
0 1 0 26.1 61.5 16 -1 0
0 1 0 26.1 61.5 16 -1 0
0 1 0 26.1 62.0 16 -1 0
0 1 0 26.2 62.0 12 -1 0
0 1 0 26.1 62.0 12 -1 0
0 1 0 26.2 61.5 12 -1 0
0 1 0 26.2 61.5 12 -1 0
0 1 0 26.1 61.5 12 -1 0
0 1 0 26.2 61.0 12 -1 0
0 1 0 26.2 61.0 12 -1 0
0 1 0 26.2 61.0 16 -1 0
0 1 0 26.2 61.0 14 -1 0
0 1 0 26.1 60.5 14 -1 0
0 1 0 26.2 60.5 14 -1 0
0 1 0 26.2 61.0 14 -1 0
0 1 0 26.1 61.0 14 -1 0
0 1 0 26.2 61.0 14 -1 0
0 1 0 26.2 60.5 14 -1 0
0 1 0 26.2 60.5 12 -1 0
0 1 0 26.2 60.5 12 -1 0
0 1 0 26.2 60.5 12 -1 0
0 1 0 26.2 60.5 10 -1 0
0 1 0 26.2 60.5 13 -1 0
0 1 0 26.2 60.0 13 -1 0
0 1 0 26.2 60.0 13 -1 0
0 1 0 26.3 60.0 11 -1 0
0 1 0 26.2 60.0 9 -1 0
0 1 0 26.2 60.0 9 -1 0
0 1 0 26.2 59.5 9 -1 0
0 1 0 26.2 59.5 7 -1 0
0 1 0 26.2 59.5 11 -1 0
0 1 0 26.2 59.5 11 -1 0
0 1 0 26.2 59.0 9 -1 0
0 1 0 26.3 59.0 9 -1 0
0 1 0 26.2 58.5 9 -1 0
0 1 0 26.2 58.5 7 -1 0
0 1 0 26.1 58.5 7 -1 0
0 1 0 26.2 58.5 7 -1 0
0 1 0 26.1 58.5 5 -1 0
0 1 0 26.2 58.5 9 -1 0
0 1 0 26.2 58.0 9 -1 0
0 1 0 26.2 58.0 7 -1 0
0 1 0 26.2 58.0 7 -1 0
0 1 0 26.1 58.5 7 -1 0
0 1 0 26.2 58.0 7 -1 0
0 1 0 26.1 58.0 5 -1 0
0 1 0 26.2 58.0 5 -1 0
0 1 0 26.2 58.0 5 -1 0
0 1 0 26.2 58.0 3 -1 0
0 1 0 26.2 58.0 6 -1 0
0 1 0 26.1 58.0 6 -1 0
0 1 0 26.1 57.5 6 -1 0
0 1 0 26.2 57.5 4 -1 0
0 1 0 26.2 57.5 4 -1 0
0 1 0 26.2 57.5 4 -1 0
0 1 0 26.1 57.5 2 -1 0
0 1 0 26.1 57.5 2 -1 0
0 1 0 26.1 57.5 2 -1 0
0 1 0 26.1 57.5 1 -1 0
0 1 0 26.2 57.5 4 -1 0
0 1 0 26.2 57.5 4 -1 0
0 1 0 26.2 57.5 2 -1 0
0 1 0 26.2 57.5 2 -1 0
0 1 0 26.2 57.0 2 -1 0
0 1 0 26.2 57.5 1 -1 0
0 1 0 26.2 57.5 1 -1 0
0 1 0 26.2 57.5 1 -1 0
0 1 0 26.3 58.0 2 -1 0
0 1 0 26.2 58.0 2 -1 0
0 1 0 26.2 57.5 2 -1 0
0 1 0 26.2 57.0 2 -1 0
0 1 0 26.2 57.5 0 -1 0
0 1 0 26.2 57.5 0 -1 0
0 1 0 26.2 57.5 0 -1 0
0 1 0 26.2 57.5 0 -1 0
0 1 0 26.3 57.5 0 -1 0
0 1 0 26.2 57.5 0 -1 0
0 1 0 26.2 57.5 1 -1 0
0 1 0 26.2 57.5 1 -1 0
0 1 0 26.2 57.5 1 -1 0
0 1 0 26.2 57.0 1 -1 0
0 1 0 26.2 57.5 1 -1 0
0 1 0 26.3 57.0 1 -1 0
0 1 0 26.2 57.0 1 -1 0
0 1 0 26.3 57.0 1 -1 0
0 1 0 26.2 57.0 1 -1 0
0 1 0 26.2 57.0 1 -1 0
0 1 0 26.2 57.0 1 -1 0
0 1 0 26.2 57.0 1 -1 0
0 1 0 26.2 57.0 1 -1 0
0 1 0 26.2 57.0 1 -1 0
0 1 0 26.2 57.0 1 -1 0
0 1 0 26.2 57.0 1 -1 0
0 1 0 26.3 57.0 1 -1 0
0 1 0 26.2 57.0 2 -1 0
0 1 0 26.2 56.5 2 -1 0
0 1 0 26.3 57.0 2 -1 0
0 1 0 26.3 56.5 2 -1 0
0 1 0 26.3 57.0 2 -1 0
0 1 0 26.2 57.0 2 -1 0
0 1 0 26.3 57.0 2 -1 0
0 1 0 26.3 56.5 2 -1 0
0 1 0 26.3 57.0 2 -1 0
0 1 0 26.3 57.0 2 -1 0
0 1 0 26.4 56.5 2 -1 0
0 1 0 26.3 56.5 2 -1 0
0 1 0 26.3 56.5 2 -1 0
0 1 0 26.2 56.5 2 -1 0
0 1 0 26.3 56.5 2 -1 0
0 1 0 26.3 56.5 2 -1 0
0 1 0 26.3 56.5 2 -1 0
0 1 0 26.3 56.5 2 -1 0
0 1 0 26.2 56.5 2 -1 0
0 1 0 26.3 56.5 2 -1 0
0 1 0 26.3 56.5 2 -1 0
0 1 0 26.3 56.5 2 -1 0
0 1 0 26.3 56.5 2 -1 0
0 1 0 26.4 57.0 2 -1 0
0 1 0 26.4 57.0 2 -1 0
0 1 0 26.4 57.0 2 -1 0
0 1 0 26.4 57.0 2 -1 0
0 1 0 26.4 57.5 2 -1 0
0 1 0 26.3 57.0 2 -1 0
0 1 0 26.3 57.0 2 -1 0
0 1 0 26.4 57.0 2 -1 0
0 1 0 26.4 57.0 2 -1 0
0 1 0 26.4 57.0 2 -1 0
0 1 0 26.4 57.0 2 -1 0
0 1 0 26.4 57.0 2 -1 0
0 1 0 26.4 57.0 2 -1 0
0 1 0 26.4 57.0 2 -1 0
0 1 0 26.5 57.0 2 -1 0
0 1 0 26.4 56.5 2 -1 0
0 1 0 26.4 57.0 2 -1 0
0 1 0 26.5 57.0 2 -1 0
0 1 0 26.4 57.5 2 -1 0
0 1 0 26.4 57.5 2 -1 0
0 1 0 26.5 57.0 2 -1 0
0 1 0 26.5 57.0 2 -1 0
0 1 0 26.5 56.5 2 -1 0
0 1 0 26.4 57.0 2 -1 0
0 1 0 26.5 57.0 2 -1 0
0 1 0 26.4 57.0 2 -1 0
0 1 0 26.5 57.0 2 -1 0
0 1 0 26.5 57.0 2 -1 0
0 1 0 26.5 57.0 2 -1 0
0 1 0 26.5 57.0 2 -1 0
0 1 0 26.4 57.0 2 -1 0
0 1 0 26.4 57.0 2 -1 0
0 1 0 26.4 57.0 2 -1 0
0 1 0 26.5 57.0 2 -1 0
0 1 0 26.4 57.0 2 -1 0
0 1 0 26.5 57.0 2 -1 0
0 1 0 26.5 57.0 2 -1 0
0 1 0 26.4 56.5 2 -1 0
0 1 0 26.5 57.0 2 -1 0
0 1 0 26.5 57.0 2 -1 0
0 1 0 26.4 57.0 2 -1 0
0 1 0 26.4 56.5 2 -1 0
0 1 0 26.5 56.5 2 -1 0
0 1 0 26.5 56.5 2 -1 0
0 1 0 26.4 56.5 2 -1 0
0 1 0 26.4 56.5 2 -1 0
0 1 0 26.5 56.5 2 -1 0
0 1 0 26.5 56.5 2 -1 0
0 1 0 26.5 56.5 2 -1 0
0 1 0 26.5 56.5 2 -1 0
0 1 0 26.5 56.5 2 -1 0
0 1 0 26.5 56.5 2 -1 0
0 1 0 26.5 56.5 2 -1 0
0 1 0 26.5 56.5 2 -1 0
0 1 0 26.5 56.5 2 -1 0
0 1 0 26.5 56.5 2 -1 0
0 1 0 26.5 56.5 2 -1 0
0 1 0 26.5 56.5 2 -1 0
0 1 0 26.4 56.5 2 -1 0
0 1 0 26.4 56.5 2 -1 0
0 1 0 26.4 56.5 2 -1 0
0 1 0 26.4 56.5 2 -1 0
0 1 0 26.5 56.5 2 -1 0
0 1 0 26.4 56.5 2 -1 0
0 1 0 26.4 56.5 2 -1 0
0 1 0 26.5 56.5 2 -1 0
0 1 0 26.5 56.5 2 -1 0
0 1 0 26.5 56.5 2 -1 0
0 1 0 26.4 56.5 2 -1 0
0 1 0 26.5 56.5 2 -1 0
0 1 0 26.5 56.5 2 -1 0
0 1 0 26.4 56.5 2 -1 0
0 1 0 26.5 56.0 2 -1 0
0 1 0 26.6 56.5 2 -1 0
0 1 0 26.4 56.5 2 -1 0
0 1 0 26.5 56.5 2 -1 0
0 1 0 26.5 56.5 2 -1 0
0 1 0 26.5 56.5 2 -1 0
0 1 0 26.5 56.5 2 -1 0
0 1 0 26.5 56.5 2 -1 0
0 1 0 26.5 56.5 2 -1 0
0 1 0 26.5 56.5 2 -1 0
0 1 0 26.5 56.5 2 -1 0
0 1 0 26.5 56.5 2 -1 0
0 1 0 26.5 56.5 2 -1 0
0 1 0 26.5 56.5 2 -1 0
0 1 0 26.5 56.0 2 -1 0
0 1 0 26.5 56.0 2 -1 0
0 1 0 26.5 56.0 2 -1 0
0 1 0 26.6 56.0 2 -1 0
0 1 0 26.5 56.0 2 -1 0
0 1 0 26.5 56.0 2 -1 0
0 1 0 26.5 56.0 2 -1 0
0 1 0 26.5 56.0 2 -1 0
0 1 0 26.5 56.0 2 -1 0
0 1 0 26.5 56.0 2 -1 0
0 1 0 26.5 56.0 2 -1 0
0 1 0 26.5 55.5 2 -1 0
0 1 0 26.5 55.5 2 -1 0
0 1 0 26.4 55.5 2 -1 0
0 1 0 26.5 55.5 2 -1 0
0 1 0 26.5 55.5 2 -1 0
0 1 0 26.5 55.5 2 -1 0
0 1 0 26.5 55.5 2 -1 0
0 1 0 26.5 55.5 2 -1 0
0 1 0 26.5 55.5 2 -1 0
0 1 0 26.5 55.5 2 -1 0
0 1 0 26.5 55.5 2 -1 0
0 1 0 26.5 55.5 2 -1 0
0 1 0 26.5 55.5 2 -1 0
0 1 0 26.5 55.5 2 -1 0
0 1 0 26.5 55.5 2 -1 0
0 1 0 26.6 55.5 2 -1 0
0 1 0 26.5 55.5 2 -1 0
0 1 0 26.5 55.5 2 -1 0
0 1 0 26.5 55.5 2 -1 0
0 1 0 26.5 55.5 2 -1 0
0 1 0 26.5 55.5 2 -1 0
0 1 0 26.5 55.5 2 -1 0
0 1 0 26.5 55.5 2 -1 0
0 1 0 26.5 55.5 2 -1 0
0 1 0 26.5 55.5 2 -1 0
0 1 0 26.5 55.5 2 -1 0
0 1 0 26.5 55.5 2 -1 0
0 1 0 26.5 55.5 2 -1 0
0 1 0 26.5 55.5 2 -1 0
0 1 0 26.5 55.5 2 -1 0
0 1 0 26.5 55.5 2 -1 0
0 1 0 26.5 55.5 2 -1 0
0 1 0 26.5 55.5 2 -1 0
0 1 0 26.5 55.5 2 -1 0
0 1 0 26.5 55.5 2 -1 0
0 1 0 26.6 55.5 2 -1 0
0 1 0 26.6 55.5 2 -1 0
0 1 0 26.5 55.5 2 -1 0
0 1 0 26.5 55.5 2 -1 0
0 1 0 26.5 55.5 2 -1 0
0 1 0 26.6 55.5 2 -1 0
0 1 0 26.5 55.5 2 -1 0
0 1 0 26.6 55.5 2 -1 0
0 1 0 26.6 55.5 2 -1 0
0 1 0 26.5 55.5 2 -1 0
0 1 0 26.6 55.5 2 -1 0
0 1 0 26.5 55.5 2 -1 0
0 1 0 26.5 55.5 2 -1 0
0 1 0 26.5 55.5 2 -1 0
0 1 0 26.6 55.5 2 -1 0
0 1 0 26.5 55.5 2 -1 0
0 1 0 26.5 55.5 2 -1 0
0 1 0 26.6 55.5 2 -1 0
0 1 0 26.5 55.5 2 -1 0
0 1 0 26.6 55.5 2 -1 0
0 1 0 26.6 55.5 2 -1 0
0 1 0 26.6 55.5 2 -1 0
0 1 0 26.5 55.5 2 -1 0
0 1 0 26.6 55.5 2 -1 0
0 1 0 26.6 55.5 2 -1 0
0 1 0 26.6 55.5 2 -1 0
0 1 0 26.6 55.5 2 -1 0
0 1 0 26.5 55.5 2 -1 0
0 1 0 26.5 55.5 2 -1 0
0 1 0 26.6 55.5 2 -1 0
0 1 0 26.6 55.5 2 -1 0
0 1 0 26.6 55.5 2 -1 0
0 1 0 26.5 55.5 2 -1 0
0 1 0 26.6 55.5 2 -1 0
0 1 0 26.6 55.5 2 -1 0
0 1 0 26.6 55.5 2 -1 0
0 1 0 26.6 56.0 2 -1 0
0 1 0 26.6 56.0 2 -1 0
0 1 0 26.5 56.0 2 -1 0
0 1 0 26.6 56.0 2 -1 0
0 1 0 26.6 56.5 2 -1 0
0 1 0 26.7 57.0 2 -1 0
0 1 0 26.7 57.0 2 -1 0
0 1 0 26.7 57.0 2 -1 0
0 1 0 26.6 57.5 2 -1 0
0 1 0 26.7 57.0 2 -1 0
0 1 0 26.8 57.0 2 -1 0
0 1 0 26.7 57.0 2 -1 0
0 1 0 26.7 57.0 2 -1 0
0 1 0 26.7 57.0 2 -1 0
0 1 0 26.8 57.5 2 -1 0
0 1 0 26.8 58.5 2 -1 0
0 1 0 26.8 58.0 2 -1 0
0 1 0 26.8 58.0 2 -1 0
0 1 0 26.8 58.0 2 -1 0
0 1 0 26.8 58.5 2 -1 0
0 1 0 26.8 58.5 2 -1 0
0 1 0 26.9 59.0 2 -1 0
0 1 0 26.8 59.0 2 -1 0
0 1 0 26.8 59.0 2 -1 0
0 1 0 26.8 58.5 2 -1 0
0 1 0 26.8 59.0 2 -1 0
0 1 0 26.8 59.0 2 -1 0
0 1 0 26.9 59.0 2 -1 0
0 1 0 26.9 59.0 2 -1 0
0 1 0 26.9 59.0 2 -1 0
0 1 0 26.9 59.0 2 -1 0
0 1 0 26.9 59.0 2 -1 0
0 1 0 27.0 58.5 2 -1 0
0 1 0 27.0 58.5 2 -1 0
0 1 0 27.0 58.5 2 -1 0
0 1 0 27.0 58.5 2 -1 0
0 1 0 27.0 58.5 2 -1 0
0 1 0 27.0 58.5 2 -1 0
0 1 0 27.0 58.5 2 -1 0
0 1 0 27.0 58.5 2 -1 0
0 1 0 27.0 58.5 2 -1 0
0 1 0 27.0 58.5 2 -1 0
0 1 0 27.0 58.5 2 -1 0
0 1 0 27.0 58.5 2 -1 0
0 1 0 27.0 58.5 2 -1 0
0 1 0 27.0 58.5 2 -1 0
0 1 0 27.1 58.5 2 -1 0
0 1 0 27.1 58.5 2 -1 0
0 1 0 27.1 58.5 2 -1 0
0 1 0 27.1 58.5 2 -1 0
0 1 0 27.1 58.0 2 -1 0
0 1 0 27.0 58.5 2 -1 0
0 1 0 27.1 58.5 2 -1 0
0 1 0 27.1 58.5 2 -1 0
0 1 0 27.2 58.5 2 -1 0
0 1 0 27.1 58.5 2 -1 0
0 1 0 27.1 58.5 2 -1 0
0 1 0 27.2 58.5 2 -1 0
0 1 0 27.1 59.0 2 -1 0
0 1 0 27.2 59.0 2 -1 0
0 1 0 27.2 59.5 2 -1 0
0 1 0 27.2 59.5 2 -1 0
0 1 0 27.2 59.5 2 -1 0
0 1 0 27.2 60.0 2 -1 0
0 1 0 27.1 59.5 2 -1 0
0 1 0 27.2 59.5 2 -1 0
0 1 0 27.2 59.0 2 -1 0
0 1 0 27.1 59.0 2 -1 0
0 1 0 27.2 59.0 2 -1 0
0 1 0 27.2 59.0 2 -1 0
0 1 0 27.3 58.5 2 -1 0
0 1 0 27.3 58.5 2 -1 0
0 1 0 27.2 58.5 2 -1 0
0 1 0 27.2 59.0 2 -1 0
0 1 0 27.3 59.0 2 -1 0
0 1 0 27.2 59.0 2 -1 0
0 1 0 27.2 59.0 2 -1 0
0 1 0 27.2 59.0 2 -1 0
0 1 0 27.2 59.0 2 -1 0
0 1 0 27.2 59.0 2 -1 0
0 1 0 27.2 59.0 2 -1 0
0 1 0 27.3 59.5 2 -1 0
0 1 0 27.3 59.5 2 -1 0
0 1 0 27.3 59.5 2 -1 0
0 1 0 27.4 59.0 2 -1 0
0 1 0 27.3 59.5 2 -1 0
0 1 0 27.3 59.0 2 -1 0
0 1 0 27.3 59.0 2 -1 0
0 1 0 27.3 59.5 2 -1 0
0 1 0 27.3 60.0 2 -1 0
0 1 0 27.3 60.0 2 -1 0
0 1 0 27.3 60.0 2 -1 0
0 1 0 27.2 60.0 2 -1 0
0 1 0 27.4 59.5 2 -1 0
0 1 0 27.3 59.5 2 -1 0
0 1 0 27.3 60.0 2 -1 0
0 1 0 27.4 60.0 2 -1 0
