0 1 0 30.4 61.5 2 -1 0
0 1 0 30.3 61.5 2 -1 0
0 1 0 30.4 61.0 2 -1 0
0 1 0 30.4 61.0 2 -1 0
0 1 0 30.5 61.0 2 -1 0
0 1 0 30.4 61.0 2 -1 0
0 1 0 30.4 61.0 2 -1 0
0 1 0 30.4 61.0 2 -1 0
0 1 0 30.4 61.0 2 -1 0
0 1 0 30.4 61.5 2 -1 0
0 1 0 30.4 62.0 2 -1 0
0 1 0 30.4 62.0 2 -1 0
0 1 0 30.4 62.0 2 -1 0
0 1 0 30.4 62.0 2 -1 0
0 1 0 30.3 62.5 2 -1 0
0 1 0 30.4 62.5 2 -1 0
0 1 0 30.4 62.5 2 -1 0
0 1 0 30.4 62.5 2 -1 0
0 1 0 30.4 62.5 2 -1 0
0 1 0 30.4 62.5 2 -1 0
0 1 0 30.4 62.5 2 -1 0
0 1 0 30.4 62.5 2 -1 0
0 1 0 30.4 63.0 2 -1 0
0 1 0 30.5 63.0 2 -1 0
0 1 0 30.4 63.0 2 -1 0
0 1 0 30.4 62.5 2 -1 0
0 1 0 30.4 62.5 2 -1 0
0 1 0 30.5 62.5 2 -1 0
0 1 0 30.4 62.5 2 -1 0
0 1 0 30.4 62.5 2 -1 0
0 1 0 30.4 62.5 2 -1 0
0 1 0 30.4 63.0 2 -1 0
0 1 0 30.4 62.5 2 -1 0
0 1 0 30.4 63.0 2 -1 0
0 1 0 30.5 63.0 2 -1 0
0 1 0 30.4 63.0 2 -1 0
0 1 0 30.4 63.0 2 -1 0
0 1 0 30.5 63.0 2 -1 0
0 1 0 30.5 63.0 2 -1 0
0 1 0 30.5 63.0 2 -1 0
0 1 0 30.5 63.0 2 -1 0
0 1 0 30.5 62.5 2 -1 0
0 1 0 30.5 62.5 2 -1 0
0 1 0 30.5 63.0 2 -1 0
0 1 0 30.5 62.5 2 -1 0
0 1 0 30.5 62.5 2 -1 0
0 1 0 30.5 62.5 2 -1 0
0 1 0 30.5 62.5 2 -1 0
0 1 0 30.5 62.5 2 -1 0
0 1 0 30.5 62.5 2 -1 0
0 1 0 30.5 62.5 2 -1 0
0 1 0 30.5 62.0 2 -1 0
0 1 0 30.5 62.0 2 -1 0
0 1 0 30.5 62.5 2 -1 0
0 1 0 30.5 62.5 2 -1 0
0 1 0 30.4 62.5 2 -1 0
0 1 0 30.5 62.5 2 -1 0
0 1 0 30.4 62.5 2 -1 0
0 1 0 30.5 62.5 2 -1 0
0 1 0 30.5 63.0 2 -1 0
0 1 0 30.5 63.0 2 -1 0
0 1 0 30.5 62.5 2 -1 0
0 1 0 30.5 62.5 2 -1 0
0 1 0 30.5 62.5 2 -1 0
0 1 0 30.5 62.5 2 -1 0
0 1 0 30.5 62.5 2 -1 0
0 1 0 30.5 62.5 2 -1 0
0 1 0 30.5 62.5 2 -1 0
0 1 0 30.5 62.5 2 -1 0
0 1 0 30.5 62.5 2 -1 0
0 1 0 30.5 62.5 2 -1 0
0 1 0 30.5 62.5 2 -1 0
0 1 0 30.6 62.5 2 -1 0
0 1 0 30.5 62.0 2 -1 0
0 1 0 30.6 62.5 2 -1 0
0 1 0 30.6 62.0 2 -1 0
0 1 0 30.6 62.0 2 -1 0
0 1 0 30.5 62.0 2 -1 0
0 1 0 30.6 61.5 2 -1 0
0 1 0 30.5 61.5 2 -1 0
0 1 0 30.6 61.5 2 -1 0
0 1 0 30.5 61.5 2 -1 0
0 1 0 30.6 61.5 2 -1 0
0 1 0 30.6 61.5 2 -1 0
0 1 0 30.6 61.0 2 -1 0
0 1 0 30.5 61.0 2 -1 0
0 1 0 30.5 61.0 2 -1 0
0 1 0 30.5 61.0 2 -1 0
0 1 0 30.6 61.0 2 -1 0
0 1 0 30.6 61.0 2 -1 0
0 1 0 30.6 61.0 2 -1 0
0 1 0 30.5 61.0 2 -1 0
0 1 0 30.5 61.0 2 -1 0
0 1 0 30.6 61.5 2 -1 0
0 1 0 30.5 61.5 2 -1 0
0 1 0 30.6 61.5 2 -1 0
0 1 0 30.5 61.5 2 -1 0
0 1 0 30.5 62.0 2 -1 0
0 1 0 30.5 62.0 2 -1 0
0 1 0 30.5 62.0 2 -1 0
0 1 0 30.5 62.0 2 -1 0
0 1 0 30.5 62.0 2 -1 0
0 1 0 30.5 62.5 2 -1 0
0 1 0 30.5 62.5 2 -1 0
0 1 0 30.6 62.5 2 -1 0
0 1 0 30.6 62.5 2 -1 0
0 1 0 30.5 62.5 2 -1 0
0 1 0 30.5 62.5 2 -1 0
0 1 0 30.5 62.5 2 -1 0
0 1 0 30.6 62.0 2 -1 0
0 1 0 30.6 62.0 2 -1 0
0 1 0 30.6 62.5 2 -1 0
0 1 0 30.6 62.0 2 -1 0
0 1 0 30.6 62.0 2 -1 0
0 1 0 30.6 62.0 2 -1 0
0 1 0 30.6 62.0 2 -1 0
0 1 0 30.6 62.5 2 -1 0
0 1 0 30.6 62.5 2 -1 0
0 1 0 30.6 62.5 2 -1 0
0 1 0 30.6 62.5 2 -1 0
0 1 0 30.6 62.5 2 -1 0
0 1 0 30.6 62.5 2 -1 0
0 1 0 30.6 62.5 2 -1 0
0 1 0 30.6 62.5 2 -1 0
0 1 0 30.6 62.5 2 -1 0
0 1 0 30.6 62.5 2 -1 0
0 1 0 30.6 62.5 2 -1 0
0 1 0 30.6 62.5 2 -1 0
0 1 0 30.6 62.0 2 -1 0
0 1 0 30.6 62.0 2 -1 0
0 1 0 30.7 61.5 2 -1 0
0 1 0 30.7 61.5 2 -1 0
0 1 0 30.6 61.5 2 -1 0
0 1 0 30.6 61.5 2 -1 0
0 1 0 30.6 61.5 2 -1 0
0 1 0 30.6 61.5 2 -1 0
0 1 0 30.6 61.5 0 -1 0
0 1 0 30.6 61.5 2 -1 0
0 1 0 30.6 61.5 2 -1 0
0 1 0 30.7 61.5 2 -1 0
0 1 0 30.6 61.5 2 -1 0
0 1 0 30.6 61.5 2 -1 0
0 1 0 30.6 61.5 2 -1 0
0 1 0 30.7 61.5 2 -1 0
0 1 0 30.6 61.5 2 -1 0
0 1 0 30.7 61.5 2 -1 0
0 1 0 30.7 61.0 2 -1 0
0 1 0 30.7 61.0 2 -1 0
0 1 0 30.7 61.0 2 -1 0
0 1 0 30.7 60.5 2 -1 0
0 1 0 30.7 61.0 2 -1 0
0 1 0 30.7 61.0 2 -1 0
0 1 0 30.6 60.5 2 -1 0
0 1 0 30.7 60.5 2 -1 0
0 1 0 30.6 60.5 2 -1 0
0 1 0 30.7 60.5 2 -1 0
0 1 0 30.7 60.5 2 -1 0
0 1 0 30.6 60.5 2 -1 0
0 1 0 30.6 60.5 2 -1 0
0 1 0 30.6 61.0 2 -1 0
0 1 0 30.6 61.0 2 -1 0
0 1 0 30.6 61.0 2 -1 0
0 1 0 30.7 61.0 2 -1 0
0 1 0 30.6 61.0 2 -1 0
0 1 0 30.6 61.5 2 -1 0
0 1 0 30.6 61.5 2 -1 0
0 1 0 30.6 61.5 2 -1 0
0 1 0 30.7 61.5 2 -1 0
0 1 0 30.6 61.0 2 -1 0
0 1 0 30.6 61.0 2 -1 0
0 1 0 30.6 61.0 2 -1 0
0 1 0 30.6 61.0 2 -1 0
0 1 0 30.7 61.0 2 -1 0
0 1 0 30.7 61.0 2 -1 0
0 1 0 30.7 61.0 2 -1 0
0 1 0 30.7 60.5 2 -1 0
0 1 0 30.7 60.5 2 -1 0
0 1 0 30.6 60.5 2 -1 0
0 1 0 30.7 60.5 2 -1 0
0 1 0 30.7 60.5 2 -1 0
0 1 0 30.7 60.5 2 -1 0
0 1 0 30.7 60.5 2 -1 0
0 1 0 30.7 60.5 2 -1 0
0 1 0 30.6 60.5 2 -1 0
0 1 0 30.7 60.5 2 -1 0
0 1 0 30.7 60.5 2 -1 0
0 1 0 30.7 60.5 2 -1 0
0 1 0 30.7 60.0 2 -1 0
0 1 0 30.7 60.5 2 -1 0
0 1 0 30.7 60.5 2 -1 0
0 1 0 30.7 60.0 2 -1 0
0 1 0 30.7 60.0 2 -1 0
0 1 0 30.7 60.0 2 -1 0
0 1 0 30.7 60.5 2 -1 0
0 1 0 30.6 60.5 2 -1 0
0 1 0 30.7 60.0 2 -1 0
0 1 0 30.7 60.5 2 -1 0
0 1 0 30.7 60.5 2 -1 0
0 1 0 30.7 60.5 2 -1 0
0 1 0 30.7 60.5 2 -1 0
0 1 0 30.7 61.0 2 -1 0
0 1 0 30.7 61.0 2 -1 0
0 1 0 30.7 60.5 2 -1 0
0 1 0 30.7 60.5 2 -1 0
0 1 0 30.7 60.5 2 -1 0
0 1 0 30.7 60.5 2 -1 0
0 1 0 30.7 60.5 2 -1 0
0 1 0 30.7 60.5 2 -1 0
0 1 0 30.7 60.5 2 -1 0
0 1 0 30.7 60.0 2 -1 0
0 1 0 30.7 60.5 2 -1 0
0 1 0 30.7 60.0 2 -1 0
0 1 0 30.7 60.0 2 -1 0
0 1 0 30.7 60.0 2 -1 0
0 1 0 30.8 60.0 2 -1 0
0 1 0 30.7 60.0 2 -1 0
0 1 0 30.8 60.0 2 -1 0
0 1 0 30.7 60.0 2 -1 0
0 1 0 30.8 60.0 2 -1 0
0 1 0 30.7 60.5 2 -1 0
0 1 0 30.7 60.5 2 -1 0
0 1 0 30.7 60.5 2 -1 0
0 1 0 30.6 60.5 2 -1 0
0 1 0 30.7 60.5 2 -1 0
0 1 0 30.7 60.5 2 -1 0
0 1 0 30.7 60.5 2 -1 0
0 1 0 30.7 60.5 2 -1 0
0 1 0 30.7 60.5 2 -1 0
0 1 0 30.7 60.5 2 -1 0
0 1 0 30.8 60.5 2 -1 0
0 1 0 30.7 60.5 2 -1 0
0 1 0 30.8 60.5 2 -1 0
0 1 0 30.8 60.0 2 -1 0
0 1 0 30.8 60.0 2 -1 0
0 1 0 30.7 60.0 2 -1 0
0 1 0 30.7 60.0 2 -1 0
0 1 0 30.7 60.0 2 -1 0
0 1 0 30.7 59.5 2 -1 0
0 1 0 30.8 59.5 2 -1 0
0 1 0 30.7 59.5 2 -1 0
0 1 0 30.8 59.5 2 -1 0
0 1 0 30.7 59.5 2 -1 0
0 1 0 30.8 59.5 2 -1 0
0 1 0 30.8 59.5 2 -1 0
0 1 0 30.8 59.5 2 -1 0
0 1 0 30.8 59.5 0 -1 0
0 1 0 30.8 59.5 2 -1 0
0 1 0 30.8 59.5 2 -1 0
0 1 0 30.8 59.5 2 -1 0
0 1 0 30.8 59.5 2 -1 0
0 1 0 30.8 59.5 2 -1 0
0 1 0 30.7 59.0 2 -1 0
0 1 0 30.7 59.0 2 -1 0
0 1 0 30.8 59.0 2 -1 0
0 1 0 30.7 59.5 2 -1 0
0 1 0 30.8 59.5 2 -1 0
0 1 0 30.7 59.5 2 -1 0
0 1 0 30.7 59.5 2 -1 0
0 1 0 30.7 59.5 2 -1 0
0 1 0 30.8 59.0 2 -1 0
0 1 0 30.7 59.5 2 -1 0
0 1 0 30.8 59.0 2 -1 0
0 1 0 30.7 59.0 2 -1 0
0 1 0 30.8 59.0 2 -1 0
0 1 0 30.8 59.0 2 -1 0
0 1 0 30.7 59.0 2 -1 0
0 1 0 30.8 59.0 2 -1 0
0 1 0 30.7 59.0 2 -1 0
0 1 0 30.8 59.0 2 -1 0
0 1 0 30.8 59.0 2 -1 0
0 1 0 30.8 59.0 2 -1 0
0 1 0 30.8 59.0 2 -1 0
0 1 0 30.8 59.0 2 -1 0
0 1 0 30.8 59.0 2 -1 0
0 1 0 30.8 59.0 2 -1 0
0 1 0 30.8 59.0 2 -1 0
0 1 0 30.8 59.0 2 -1 0
0 1 0 30.8 59.0 2 -1 0
0 1 0 30.8 59.0 2 -1 0
0 1 0 30.8 59.5 2 -1 0
0 1 0 30.8 59.5 2 -1 0
0 1 0 30.7 60.0 2 -1 0
0 1 0 30.7 60.0 2 -1 0
0 1 0 30.8 60.0 2 -1 0
0 1 0 30.8 60.0 2 -1 0
0 1 0 30.7 60.0 2 -1 0
0 1 0 30.7 60.0 2 -1 0
0 1 0 30.8 60.0 2 -1 0
0 1 0 30.8 60.5 2 -1 0
0 1 0 30.8 60.0 2 -1 0
0 1 0 30.8 60.0 2 -1 0
0 1 0 30.8 60.0 2 -1 0
0 1 0 30.8 60.0 2 -1 0
0 1 0 30.8 60.0 2 -1 0
0 1 0 30.8 60.0 1 -1 0
0 1 0 30.8 60.0 1 -1 0
0 1 0 30.8 60.0 1 -1 0
0 1 0 30.8 60.0 1 -1 0
0 1 0 30.8 60.0 1 -1 0
0 1 0 30.8 60.0 1 -1 0
0 1 0 30.8 59.5 1 -1 0
0 1 0 30.8 59.5 1 -1 0
0 1 0 30.8 59.5 1 -1 0
0 1 0 30.8 59.5 1 -1 0
0 1 0 30.8 60.0 1 -1 0
0 1 0 30.8 59.5 1 -1 0
0 1 0 30.8 59.5 1 -1 0
0 1 0 30.8 59.5 1 -1 0
0 1 0 30.8 59.5 0 -1 0
0 1 0 30.8 59.5 0 -1 0
0 1 0 30.8 59.0 0 -1 0
0 1 0 30.9 59.5 0 -1 0
0 1 0 30.9 59.0 0 -1 0
0 1 0 30.8 59.0 2 -1 0
0 1 0 30.9 59.0 2 -1 0
0 1 0 30.8 59.0 2 -1 0
0 1 0 30.9 59.0 2 -1 0
0 1 0 30.8 59.0 1 -1 0
0 1 0 30.8 59.0 1 -1 0
0 1 0 30.9 59.0 2 -1 0
0 1 0 30.8 59.0 2 -1 0
0 1 0 30.8 59.5 4 -1 0
0 1 0 30.8 59.5 4 -1 0
0 1 0 30.8 59.5 2 -1 0
0 1 0 30.8 59.5 4 -1 0
0 1 0 30.8 59.5 6 -1 0
0 1 0 30.8 59.0 3 -1 0
0 1 0 30.8 59.0 7 -1 0
0 1 0 30.8 59.0 5 -1 0
0 1 0 30.9 59.5 6 -1 0
0 1 0 30.8 59.5 10 -1 0
0 1 0 30.8 59.5 10 -1 0
0 1 0 30.8 59.0 12 -1 0
0 1 0 30.8 59.5 13 -1 0
0 1 0 30.8 59.5 17 -1 0
0 1 0 30.9 59.5 18 -1 0
0 1 0 30.8 59.5 20 -1 0
0 1 0 30.9 59.5 18 -1 0
0 1 0 30.9 59.5 21 -1 0
0 1 0 30.9 59.5 21 -1 0
0 1 0 30.9 59.5 25 -1 0
0 1 0 30.8 59.5 28 -1 0
0 1 0 30.9 59.0 33 -1 0
0 1 0 30.9 59.0 37 -1 0
0 1 0 30.8 59.0 42 -1 0
0 1 0 30.9 59.0 40 -1 0
0 1 0 30.9 59.0 42 -1 0
0 1 0 30.9 59.0 47 -1 0
0 1 0 30.9 59.0 51 -1 0
0 1 0 30.9 59.5 54 -1 0
0 1 0 30.9 59.5 54 -1 0
0 1 0 30.9 60.0 63 -1 0
0 1 0 30.9 60.0 68 -1 0
0 1 0 30.9 60.0 70 -1 0
0 1 0 30.9 60.0 68 -1 0
0 1 0 31.0 60.0 70 -1 0
0 1 0 30.9 60.0 71 -1 0
0 1 0 30.9 60.0 75 -1 0
0 1 0 30.9 60.0 76 -1 0
0 1 0 30.9 60.0 80 -1 0
0 1 0 31.0 60.0 82 -1 0
0 1 0 31.0 60.0 84 -1 0
0 1 0 31.1 60.0 85 -1 0
0 1 0 31.0 59.5 87 -1 0
0 1 0 31.0 59.5 89 -1 0
0 1 0 31.0 59.5 92 -1 0
0 1 0 31.0 60.0 92 -1 0
0 1 0 31.1 60.0 98 -1 0
0 1 0 31.1 59.5 98 -1 0
0 1 0 31.1 59.5 101 -1 0
0 1 0 31.1 59.5 103 -1 0
0 1 0 31.0 59.5 105 -1 0
0 1 0 31.1 59.5 108 -1 0
0 1 0 31.1 59.5 110 -1 0
0 1 0 31.1 59.5 112 -1 0
0 1 0 31.1 60.0 115 -1 0
0 1 0 31.1 60.0 117 -1 0
0 1 0 31.1 60.0 119 -1 0
0 1 0 31.2 60.0 122 -1 0
0 1 0 31.1 60.0 124 -1 0
0 1 0 31.1 60.0 126 -1 0
0 1 0 31.2 60.0 129 -1 0
0 1 0 31.1 60.5 129 -1 0
0 1 0 31.2 60.5 131 -1 0
0 1 0 31.2 60.5 135 -1 0
0 1 0 31.2 60.5 133 -1 0
0 1 0 31.2 60.5 138 -1 0
0 1 0 31.2 60.5 138 -1 0
0 1 0 31.3 60.5 142 -1 0
0 1 0 31.2 60.5 142 -1 0
0 1 0 31.2 60.5 142 -1 0
0 1 0 31.2 60.5 143 -1 0
0 1 0 31.2 60.5 147 -1 0
0 1 0 31.2 60.5 147 -1 0
0 1 0 31.3 60.5 151 -1 0
0 1 0 31.4 60.5 151 -1 0
0 1 0 31.3 60.5 156 -1 0
0 1 0 31.4 61.0 156 -1 0
0 1 0 31.3 61.0 156 -1 0
0 1 0 31.4 61.0 158 -1 0
0 1 0 31.4 61.0 158 -1 0
0 1 0 31.4 61.5 161 -1 0
0 1 0 31.4 61.0 163 -1 0
0 1 0 31.4 61.0 163 -1 0
0 1 0 31.4 61.0 165 -1 0
0 1 0 31.4 61.0 163 -1 0
0 1 0 31.4 61.0 167 -1 0
0 1 0 31.4 61.5 165 -1 0
0 1 0 31.5 61.5 170 -1 0
0 1 0 31.4 61.5 170 -1 0
0 1 0 31.4 61.5 172 -1 0
0 1 0 31.5 61.5 172 -1 0
0 1 0 31.5 61.5 176 -1 0
0 1 0 31.5 61.5 174 -1 0
0 1 0 31.6 61.5 179 -1 0
0 1 0 31.5 61.5 177 -1 0
0 1 0 31.5 61.5 179 -1 0
0 1 0 31.6 61.5 177 -1 0
0 1 0 31.6 61.5 181 -1 0
0 1 0 31.6 61.5 183 -1 0
0 1 0 31.6 61.5 181 -1 0
0 1 0 31.6 61.5 183 -1 0
0 1 0 31.6 61.5 184 -1 0
0 1 0 31.6 61.5 186 -1 0
0 1 0 31.6 62.0 186 -1 0
0 1 0 31.6 62.0 188 -1 0
0 1 0 31.7 62.0 186 -1 0
0 1 0 31.7 62.0 188 -1 0
0 1 0 31.7 62.0 190 -1 0
0 1 0 31.7 62.0 190 -1 0
0 1 0 31.7 62.5 188 -1 0
0 1 0 31.8 62.5 190 -1 0
0 1 0 31.7 62.0 193 -1 0
0 1 0 31.7 62.5 193 -1 0
0 1 0 31.8 62.5 193 -1 0
0 1 0 31.8 62.5 195 -1 0
0 1 0 31.8 63.0 195 -1 0
0 1 0 31.9 63.0 195 -1 0
0 1 0 31.9 63.0 195 -1 0
0 1 0 31.8 63.0 195 -1 0
0 1 0 31.8 63.0 195 -1 0
0 1 0 31.9 63.0 195 -1 0
0 1 0 31.9 63.0 193 -1 0
0 1 0 31.9 63.0 193 -1 0
0 1 0 31.9 63.0 193 -1 0
0 1 0 31.9 63.0 193 -1 0
0 1 0 31.9 63.0 193 -1 0
0 1 0 31.9 63.0 190 -1 0
0 1 0 31.9 63.0 190 -1 0
0 1 0 32.0 63.0 194 -1 0
0 1 0 32.0 63.0 194 -1 0
0 1 0 31.9 63.0 194 -1 0
0 1 0 32.0 63.0 194 -1 0
0 1 0 32.0 63.0 194 -1 0
0 1 0 32.0 63.0 192 -1 0
0 1 0 32.0 63.0 192 -1 0
0 1 0 32.0 63.0 192 -1 0
0 1 0 32.0 63.0 190 -1 0
0 1 0 31.9 63.0 188 -1 0
0 1 0 32.0 63.0 190 -1 0
0 1 0 32.0 63.0 190 -1 0
0 1 0 32.0 63.0 190 -1 0
0 1 0 32.0 63.0 188 -1 0
0 1 0 32.0 63.0 186 -1 0
0 1 0 32.0 63.5 186 -1 0
0 1 0 32.0 63.0 190 -1 0
0 1 0 32.0 63.5 188 -1 0
0 1 0 32.0 63.5 186 -1 0
0 1 0 32.1 63.5 183 -1 0
0 1 0 32.1 63.5 187 -1 0
0 1 0 32.0 63.5 185 -1 0
0 1 0 32.1 63.5 185 -1 0
0 1 0 32.0 63.5 183 -1 0
0 1 0 32.1 63.5 181 -1 0
0 1 0 32.1 63.5 185 -1 0
0 1 0 32.0 63.5 181 -1 0
0 1 0 32.1 63.5 183 -1 0
0 1 0 32.1 63.5 181 -1 0
0 1 0 32.1 63.5 177 -1 0
0 1 0 32.1 63.5 180 -1 0
0 1 0 32.1 63.5 176 -1 0
0 1 0 32.0 63.5 174 -1 0
0 1 0 32.1 63.5 176 -1 0
0 1 0 32.1 63.5 174 -1 0
0 1 0 32.1 63.5 172 -1 0
0 1 0 32.1 63.5 174 -1 0
0 1 0 32.1 63.5 172 -1 0
0 1 0 32.0 63.5 173 -1 0
0 1 0 32.1 63.5 169 -1 0
0 1 0 32.1 63.5 169 -1 0
0 1 0 32.1 64.0 167 -1 0
0 1 0 32.1 63.5 167 -1 0
0 1 0 32.1 64.0 166 -1 0
0 1 0 32.1 64.0 164 -1 0
0 1 0 32.1 64.0 162 -1 0
0 1 0 32.1 64.0 162 -1 0
0 1 0 32.1 64.0 162 -1 0
0 1 0 32.1 64.0 158 -1 0
0 1 0 32.1 64.0 159 -1 0
0 1 0 32.1 64.0 155 -1 0
0 1 0 32.1 64.0 157 -1 0
0 1 0 32.1 64.0 155 -1 0
0 1 0 32.1 64.0 153 -1 0
0 1 0 32.1 64.0 155 -1 0
0 1 0 32.1 64.0 153 -1 0
0 1 0 32.1 64.0 151 -1 0
0 1 0 32.1 64.0 152 -1 0
0 1 0 32.1 64.0 148 -1 0
0 1 0 32.1 64.0 148 -1 0
0 1 0 32.1 64.0 146 -1 0
0 1 0 32.1 64.0 146 -1 0
0 1 0 32.1 64.0 150 -1 0
0 1 0 32.1 64.0 148 -1 0
0 1 0 32.1 64.0 148 -1 0
0 1 0 32.1 64.0 146 -1 0
0 1 0 32.1 64.0 146 -1 0
0 1 0 32.1 64.0 146 -1 0
0 1 0 32.1 64.0 144 -1 0
0 1 0 32.1 64.0 148 -1 0
0 1 0 32.1 64.0 146 -1 0
0 1 0 32.1 64.0 144 -1 0
0 1 0 32.1 64.0 144 -1 0
0 1 0 32.1 64.0 144 -1 0
0 1 0 32.1 64.0 144 -1 0
0 1 0 32.2 64.0 142 -1 0
0 1 0 32.2 64.0 145 -1 0
0 1 0 32.1 64.0 143 -1 0
0 1 0 32.2 64.0 143 -1 0
0 1 0 32.2 64.0 141 -1 0
0 1 0 32.2 64.0 139 -1 0
0 1 0 32.2 64.0 139 -1 0
0 1 0 32.2 64.0 141 -1 0
0 1 0 32.2 64.0 139 -1 0
0 1 0 32.2 64.0 139 -1 0
0 1 0 32.2 64.5 137 -1 0
0 1 0 32.2 64.0 135 -1 0
0 1 0 32.2 64.0 136 -1 0
0 1 0 32.2 64.0 136 -1 0
0 1 0 32.2 64.0 134 -1 0
0 1 0 32.2 64.0 134 -1 0
0 1 0 32.2 64.0 132 -1 0
0 1 0 32.2 64.0 134 -1 0
0 1 0 32.2 64.0 134 -1 0
0 1 0 32.2 64.0 132 -1 0
0 1 0 32.2 64.5 130 -1 0
0 1 0 32.2 64.0 132 -1 0
0 1 0 32.1 64.0 130 -1 0
0 1 0 32.2 64.0 128 -1 0
0 1 0 32.2 64.0 128 -1 0
0 1 0 32.3 64.0 127 -1 0
0 1 0 32.2 64.0 125 -1 0
0 1 0 32.2 64.0 127 -1 0
0 1 0 32.2 64.0 123 -1 0
0 1 0 32.2 64.0 125 -1 0
0 1 0 32.2 64.0 123 -1 0
0 1 0 32.3 64.0 123 -1 0
0 1 0 32.2 64.0 123 -1 0
0 1 0 32.2 64.0 123 -1 0
0 1 0 32.2 64.0 120 -1 0
0 1 0 32.2 64.0 122 -1 0
0 1 0 32.2 64.0 116 -1 0
0 1 0 32.2 64.0 120 -1 0
0 1 0 32.1 64.0 118 -1 0
0 1 0 32.2 64.0 118 -1 0
0 1 0 32.2 64.0 116 -1 0
0 1 0 32.3 64.0 114 -1 0
0 1 0 32.2 64.0 118 -1 0
0 1 0 32.2 64.0 116 -1 0
0 1 0 32.2 64.0 116 -1 0
0 1 0 32.2 64.0 114 -1 0
0 1 0 32.3 64.0 112 -1 0
0 1 0 32.2 64.0 116 -1 0
0 1 0 32.3 64.0 113 -1 0
0 1 0 32.2 64.0 111 -1 0
0 1 0 32.2 64.0 109 -1 0
0 1 0 32.3 64.0 109 -1 0
0 1 0 32.3 64.0 111 -1 0
0 1 0 32.3 64.0 111 -1 0
0 1 0 32.2 64.0 109 -1 0
0 1 0 32.3 64.0 107 -1 0
0 1 0 32.3 64.0 107 -1 0
0 1 0 32.2 64.0 107 -1 0
0 1 0 32.3 64.0 109 -1 0
0 1 0 32.3 64.0 109 -1 0
0 1 0 32.3 64.0 107 -1 0
0 1 0 32.3 64.0 107 -1 0
0 1 0 32.4 64.0 105 -1 0
0 1 0 32.2 64.0 103 -1 0
0 1 0 32.3 64.0 107 -1 0
0 1 0 32.2 64.0 104 -1 0
0 1 0 32.2 64.0 102 -1 0
0 1 0 32.2 64.0 100 -1 0
0 1 0 32.2 64.0 104 -1 0
0 1 0 32.2 64.0 102 -1 0
0 1 0 32.2 63.5 100 -1 0
0 1 0 32.2 63.5 100 -1 0
0 1 0 32.2 63.5 100 -1 0
0 1 0 32.3 63.5 100 -1 0
0 1 0 32.3 63.0 100 -1 0
0 1 0 32.3 63.0 102 -1 0
0 1 0 32.3 63.0 100 -1 0
0 1 0 32.3 63.0 98 -1 0
0 1 0 32.3 63.0 96 -1 0
0 1 0 32.3 63.5 97 -1 0
0 1 0 32.4 63.5 95 -1 0
0 1 0 32.4 63.5 93 -1 0
0 1 0 32.3 63.5 97 -1 0
0 1 0 32.3 63.5 95 -1 0
0 1 0 32.4 63.5 93 -1 0
0 1 0 32.4 63.5 95 -1 0
0 1 0 32.4 63.5 93 -1 0
0 1 0 32.3 63.5 93 -1 0
0 1 0 32.3 63.0 91 -1 0
0 1 0 32.3 63.0 91 -1 0
0 1 0 32.3 63.0 89 -1 0
0 1 0 32.3 63.0 89 -1 0
0 1 0 32.3 63.0 93 -1 0
0 1 0 32.3 63.0 91 -1 0
0 1 0 32.2 62.5 91 -1 0
0 1 0 32.2 62.5 88 -1 0
0 1 0 32.2 62.5 86 -1 0
0 1 0 32.2 63.0 86 -1 0
0 1 0 32.2 62.5 86 -1 0
0 1 0 32.2 62.5 86 -1 0
0 1 0 32.2 62.5 86 -1 0
0 1 0 32.2 62.5 84 -1 0
0 1 0 32.2 62.5 84 -1 0
0 1 0 32.3 62.5 86 -1 0
0 1 0 32.3 62.0 84 -1 0
0 1 0 32.3 62.5 84 -1 0
0 1 0 32.3 62.5 86 -1 0
0 1 0 32.3 62.5 81 -1 0
0 1 0 32.2 62.5 81 -1 0
0 1 0 32.2 62.5 79 -1 0
0 1 0 32.2 62.5 79 -1 0
0 1 0 32.2 62.0 79 -1 0
0 1 0 32.2 61.5 81 -1 0
0 1 0 32.1 61.5 81 -1 0
0 1 0 32.1 62.0 81 -1 0
0 1 0 32.1 62.0 79 -1 0
0 1 0 32.1 62.0 77 -1 0
0 1 0 32.2 62.0 77 -1 0
0 1 0 32.2 62.0 81 -1 0
0 1 0 32.2 62.0 79 -1 0
0 1 0 32.2 62.0 75 -1 0
0 1 0 32.2 62.0 77 -1 0
0 1 0 32.2 62.5 77 -1 0
0 1 0 32.1 62.5 76 -1 0
0 1 0 32.1 62.0 56 -1 0
0 1 0 32.1 62.0 73 -1 0
0 1 0 32.2 62.0 75 -1 0
0 1 0 32.1 62.0 73 -1 0
0 1 0 32.2 62.0 75 -1 0
0 1 0 32.2 62.5 72 -1 0
0 1 0 32.2 62.5 72 -1 0
0 1 0 32.2 62.5 75 -1 0
0 1 0 32.2 62.0 72 -1 0
0 1 0 32.2 62.0 72 -1 0
0 1 0 32.2 62.0 72 -1 0
0 1 0 32.1 62.0 74 -1 0
0 1 0 32.2 62.0 74 -1 0
0 1 0 32.1 62.0 74 -1 0
0 1 0 32.2 62.0 74 -1 0
0 1 0 32.2 62.0 70 -1 0
0 1 0 32.2 62.5 70 -1 0
0 1 0 32.2 62.5 70 -1 0
0 1 0 32.2 62.5 70 -1 0
0 1 0 32.2 62.0 72 -1 0
0 1 0 32.2 62.0 72 -1 0
0 1 0 32.1 62.0 70 -1 0
0 1 0 32.2 62.5 70 -1 0
0 1 0 32.1 62.0 68 -1 0
0 1 0 32.1 62.0 70 -1 0
0 1 0 32.2 62.5 68 -1 0
0 1 0 32.1 62.5 70 -1 0
0 1 0 32.1 62.0 68 -1 0
0 1 0 32.2 62.0 64 -1 0
0 1 0 32.2 62.0 68 -1 0
0 1 0 32.2 62.0 68 -1 0
0 1 0 32.2 62.5 68 -1 0
0 1 0 32.2 62.5 68 -1 0
0 1 0 32.2 62.5 64 -1 0
0 1 0 32.3 62.5 66 -1 0
0 1 0 32.3 62.5 66 -1 0
0 1 0 32.3 62.5 68 -1 0
0 1 0 32.4 62.5 68 -1 0
0 1 0 32.4 62.5 68 -1 0
0 1 0 32.4 62.5 66 -1 0
0 1 0 32.4 62.5 66 -1 0
0 1 0 32.4 62.5 64 -1 0
0 1 0 32.4 62.5 65 -1 0
0 1 0 32.4 62.5 63 -1 0
0 1 0 32.4 63.0 63 -1 0
0 1 0 32.4 63.0 59 -1 0
0 1 0 32.4 63.0 58 -1 0
0 1 0 32.4 63.0 56 -1 0
0 1 0 32.3 63.0 58 -1 0
0 1 0 32.3 62.5 54 -1 0
0 1 0 32.3 63.0 56 -1 0
0 1 0 32.2 63.0 56 -1 0
0 1 0 32.3 62.5 56 -1 0
0 1 0 32.3 62.5 54 -1 0
0 1 0 32.3 62.5 56 -1 0
0 1 0 32.2 62.0 58 -1 0
0 1 0 32.2 62.0 57 -1 0
0 1 0 32.3 62.5 59 -1 0
0 1 0 32.3 62.0 61 -1 0
0 1 0 32.3 62.0 59 -1 0
0 1 0 32.4 62.0 61 -1 0
0 1 0 32.5 62.0 61 -1 0
0 1 0 32.4 62.5 59 -1 0
0 1 0 32.4 62.5 61 -1 0
0 1 0 32.4 62.5 61 -1 0
0 1 0 32.4 62.5 59 -1 0
0 1 0 32.3 62.0 61 -1 0
0 1 0 32.3 61.5 63 -1 0
0 1 0 32.2 61.5 59 -1 0
0 1 0 32.1 61.5 61 -1 0
0 1 0 32.2 61.5 64 -1 0
0 1 0 32.2 61.5 66 -1 0
0 1 0 32.2 61.5 68 -1 0
0 1 0 32.1 61.5 67 -1 0
0 1 0 32.2 62.0 67 -1 0
0 1 0 32.1 61.5 67 -1 0
0 1 0 32.1 61.5 69 -1 0
0 1 0 32.2 61.5 64 -1 0
0 1 0 32.2 61.5 64 -1 0
0 1 0 32.2 62.0 64 -1 0
0 1 0 32.3 62.0 67 -1 0
0 1 0 32.3 62.0 67 -1 0
0 1 0 32.3 62.0 71 -1 0
0 1 0 32.3 62.0 69 -1 0
0 1 0 32.3 62.0 64 -1 0
0 1 0 32.3 62.0 64 -1 0
0 1 0 32.3 62.0 64 -1 0
0 1 0 32.3 62.0 60 -1 0
0 1 0 32.4 62.0 61 -1 0
0 1 0 32.3 62.0 56 -1 0
0 1 0 32.3 62.5 61 -1 0
0 1 0 32.4 62.5 55 -1 0
0 1 0 32.4 62.5 57 -1 0
0 1 0 32.4 62.5 59 -1 0
0 1 0 32.3 62.5 56 -1 0
0 1 0 32.4 62.5 59 -1 0
0 1 0 32.4 62.0 57 -1 0
0 1 0 32.4 62.0 59 -1 0
0 1 0 32.4 62.0 59 -1 0
0 1 0 32.3 62.0 59 -1 0
0 1 0 32.3 62.0 59 -1 0
0 1 0 32.4 62.0 57 -1 0
0 1 0 32.3 62.0 54 -1 0
0 1 0 32.4 62.0 55 -1 0
0 1 0 32.4 62.0 54 -1 0
0 1 0 32.5 62.0 55 -1 0
0 1 0 32.5 62.5 56 -1 0
0 1 0 32.4 62.5 57 -1 0
0 1 0 32.4 62.0 53 -1 0
0 1 0 32.4 62.0 52 -1 0
0 1 0 32.4 62.0 52 -1 0
0 1 0 32.5 62.0 54 -1 0
0 1 0 32.5 62.0 54 -1 0
0 1 0 32.4 62.0 54 -1 0
0 1 0 32.4 61.5 54 -1 0
0 1 0 32.3 61.0 54 -1 0
0 1 0 32.3 61.5 54 -1 0
0 1 0 32.3 62.0 57 -1 0
0 1 0 32.3 61.5 57 -1 0
0 1 0 32.3 61.5 55 -1 0
0 1 0 32.2 61.5 59 -1 0
0 1 0 32.2 61.0 53 -1 0
0 1 0 32.2 61.5 54 -1 0
0 1 0 32.2 61.5 50 -1 0
0 1 0 32.2 61.5 52 -1 0
0 1 0 32.2 61.0 52 -1 0
0 1 0 32.2 61.0 52 -1 0
0 1 0 32.2 61.0 50 -1 0
0 1 0 32.2 61.0 52 -1 0
0 1 0 32.3 61.0 54 -1 0
0 1 0 32.3 61.0 53 -1 0
0 1 0 32.3 61.0 53 -1 0
0 1 0 32.3 61.0 53 -1 0
0 1 0 32.3 60.5 54 -1 0
0 1 0 32.3 60.5 52 -1 0
0 1 0 32.2 60.5 52 -1 0
0 1 0 32.2 60.5 50 -1 0
0 1 0 32.2 60.5 50 -1 0
0 1 0 32.3 60.5 52 -1 0
0 1 0 32.3 60.5 47 -1 0
0 1 0 32.2 60.5 45 -1 0
0 1 0 32.2 60.5 47 -1 0
0 1 0 32.2 60.5 47 -1 0
0 1 0 32.2 60.5 49 -1 0
0 1 0 32.2 60.0 48 -1 0
0 1 0 32.3 60.5 50 -1 0
0 1 0 32.2 60.5 50 -1 0
0 1 0 32.3 60.5 50 -1 0
0 1 0 32.3 60.5 52 -1 0
0 1 0 32.3 60.5 53 -1 0
0 1 0 32.4 60.5 53 -1 0
0 1 0 32.3 60.5 52 -1 0
0 1 0 32.4 60.5 52 -1 0
0 1 0 32.4 60.5 52 -1 0
0 1 0 32.3 60.5 50 -1 0
0 1 0 32.3 60.5 50 -1 0
0 1 0 32.3 60.5 52 -1 0
0 1 0 32.3 60.5 52 -1 0
0 1 0 32.3 60.5 52 -1 0
0 1 0 32.3 60.0 52 -1 0
0 1 0 32.3 60.0 50 -1 0
0 1 0 32.3 60.0 52 -1 0
0 1 0 32.3 60.5 50 -1 0
0 1 0 32.3 60.5 50 -1 0
0 1 0 32.3 60.5 52 -1 0
0 1 0 32.3 60.5 50 -1 0
0 1 0 32.2 60.5 50 -1 0
0 1 0 32.3 60.5 48 -1 0
0 1 0 32.2 60.0 50 -1 0
0 1 0 32.2 59.5 52 -1 0
0 1 0 32.1 59.0 52 -1 0
0 1 0 32.1 59.5 54 -1 0
0 1 0 32.1 60.0 52 -1 0
0 1 0 32.1 60.0 52 -1 0
0 1 0 32.1 59.5 52 -1 0
0 1 0 32.1 59.5 54 -1 0
0 1 0 32.1 59.5 52 -1 0
0 1 0 32.2 59.5 50 -1 0
0 1 0 32.2 59.5 54 -1 0
0 1 0 32.3 59.5 50 -1 0
0 1 0 32.2 60.0 50 -1 0
0 1 0 32.2 59.0 50 -1 0
0 1 0 32.2 59.0 54 -1 0
0 1 0 32.1 59.5 56 -1 0
0 1 0 32.2 59.0 52 -1 0
0 1 0 32.1 59.5 53 -1 0
0 1 0 32.1 59.5 53 -1 0
0 1 0 32.2 59.5 52 -1 0
0 1 0 32.2 59.5 51 -1 0
0 1 0 32.1 59.5 56 -1 0
0 1 0 32.2 59.0 55 -1 0
0 1 0 32.1 59.5 53 -1 0
0 1 0 32.1 59.5 55 -1 0
0 1 0 32.1 59.5 53 -1 0
0 1 0 32.1 59.5 53 -1 0
0 1 0 32.1 59.5 54 -1 0
0 1 0 32.1 59.0 52 -1 0
0 1 0 32.1 59.0 52 -1 0
0 1 0 32.2 59.0 54 -1 0
0 1 0 32.2 59.5 53 -1 0
0 1 0 32.1 59.5 57 -1 0
0 1 0 32.1 59.0 57 -1 0
0 1 0 32.1 59.0 53 -1 0
0 1 0 32.1 59.5 52 -1 0
0 1 0 32.1 59.5 52 -1 0
0 1 0 32.0 59.5 54 -1 0
0 1 0 32.2 59.5 54 -1 0
0 1 0 32.2 59.5 56 -1 0
0 1 0 32.2 59.5 52 -1 0
0 1 0 32.2 59.5 52 -1 0
0 1 0 32.3 59.5 52 -1 0
0 1 0 32.4 60.0 52 -1 0
0 1 0 32.3 60.0 54 -1 0
0 1 0 32.3 60.0 54 -1 0
0 1 0 32.3 60.0 56 -1 0
0 1 0 32.3 59.5 55 -1 0
0 1 0 32.2 59.0 55 -1 0
0 1 0 32.2 58.5 56 -1 0
0 1 0 32.1 58.0 55 -1 0
0 1 0 32.1 58.5 55 -1 0
0 1 0 32.0 58.0 56 -1 0
0 1 0 32.0 58.0 56 -1 0
0 1 0 32.0 57.5 55 -1 0
0 1 0 31.9 57.0 57 -1 0
0 1 0 31.9 56.5 59 -1 0
0 1 0 31.8 57.0 57 -1 0
0 1 0 31.9 57.5 55 -1 0
0 1 0 31.9 58.0 59 -1 0
0 1 0 31.9 58.0 55 -1 0
0 1 0 31.9 58.0 54 -1 0
0 1 0 31.8 57.5 56 -1 0
0 1 0 31.9 57.0 54 -1 0
0 1 0 31.9 57.5 54 -1 0
0 1 0 31.9 57.0 52 -1 0
0 1 0 31.8 57.0 54 -1 0
0 1 0 31.8 57.0 54 -1 0
0 1 0 31.8 57.5 54 -1 0
0 1 0 31.8 58.0 54 -1 0
0 1 0 32.0 58.5 54 -1 0
0 1 0 31.9 58.5 52 -1 0
0 1 0 32.1 59.0 54 -1 0
0 1 0 32.1 59.0 52 -1 0
0 1 0 32.0 59.0 54 -1 0
0 1 0 32.1 59.0 52 -1 0
0 1 0 32.0 59.5 52 -1 0
0 1 0 32.1 59.5 52 -1 0
0 1 0 32.1 60.0 54 -1 0
0 1 0 32.2 60.0 52 -1 0
0 1 0 32.2 59.5 54 -1 0
0 1 0 32.3 60.0 56 -1 0
0 1 0 32.3 60.0 54 -1 0
0 1 0 32.3 60.0 56 -1 0
0 1 0 32.3 60.0 54 -1 0
0 1 0 32.3 60.0 56 -1 0
0 1 0 32.3 60.0 58 -1 0
0 1 0 32.3 60.5 58 -1 0
0 1 0 32.3 60.0 56 -1 0
0 1 0 32.3 60.5 56 -1 0
0 1 0 32.3 60.5 58 -1 0
0 1 0 32.3 60.5 54 -1 0
0 1 0 32.3 60.5 56 -1 0
0 1 0 32.3 60.5 56 -1 0
0 1 0 32.4 60.5 56 -1 0
0 1 0 32.3 60.5 54 -1 0
0 1 0 32.3 60.0 54 -1 0
0 1 0 32.2 59.5 56 -1 0
0 1 0 32.3 60.0 56 -1 0
0 1 0 32.2 60.0 56 -1 0
0 1 0 32.2 60.0 56 -1 0
0 1 0 32.2 60.0 56 -1 0
0 1 0 32.2 60.0 56 -1 0
0 1 0 32.2 60.0 56 -1 0
0 1 0 32.2 59.5 54 -1 0
0 1 0 32.3 59.5 54 -1 0
0 1 0 32.2 59.5 56 -1 0
0 1 0 32.1 59.5 56 -1 0
0 1 0 32.1 59.5 58 -1 0
0 1 0 32.1 59.5 58 -1 0
0 1 0 32.1 59.0 46 -1 0
0 1 0 32.1 58.5 34 -1 0
0 1 0 32.0 58.5 37 -1 0
0 1 0 32.0 59.0 39 -1 0
0 1 0 32.0 59.0 48 -1 0
0 1 0 32.1 58.5 56 -1 0
0 1 0 32.0 58.5 57 -1 0
0 1 0 32.0 58.0 38 -1 0
0 1 0 32.0 57.0 37 -1 0
0 1 0 31.9 57.0 44 -1 0
0 1 0 31.9 56.5 44 -1 0
0 1 0 31.8 57.0 60 -1 0
0 1 0 31.8 56.5 50 -1 0
0 1 0 31.8 56.0 60 -1 0
0 1 0 31.7 56.0 36 -1 0
0 1 0 31.7 56.5 40 -1 0
0 1 0 31.7 57.0 53 -1 0
0 1 0 31.7 57.5 60 -1 0
0 1 0 31.8 57.5 58 -1 0
0 1 0 31.7 57.5 58 -1 0
0 1 0 31.8 58.0 62 -1 0
0 1 0 31.9 58.0 60 -1 0
0 1 0 31.9 58.0 58 -1 0
0 1 0 31.8 58.0 58 -1 0
0 1 0 31.9 57.5 58 -1 0
0 1 0 31.8 57.5 60 -1 0
0 1 0 31.7 58.0 59 -1 0
0 1 0 31.8 58.0 40 -1 0
0 1 0 31.8 58.0 34 -1 0
0 1 0 31.8 58.0 32 -1 0
0 1 0 31.8 58.0 34 -1 0
0 1 0 31.9 58.5 39 -1 0
0 1 0 31.9 58.5 32 -1 0
0 1 0 31.9 58.5 57 -1 0
0 1 0 31.9 59.0 60 -1 0
0 1 0 32.0 59.0 60 -1 0
0 1 0 32.0 59.0 60 -1 0
0 1 0 32.0 59.0 49 -1 0
0 1 0 32.0 59.0 36 -1 0
0 1 0 32.0 59.0 44 -1 0
0 1 0 32.1 59.5 62 -1 0
0 1 0 32.1 59.5 58 -1 0
0 1 0 32.1 59.5 59 -1 0
0 1 0 32.1 59.5 58 -1 0
0 1 0 32.0 59.0 58 -1 0
0 1 0 32.1 59.5 42 -1 0
0 1 0 32.1 59.5 48 -1 0
0 1 0 32.0 59.5 34 -1 0
0 1 0 32.1 59.5 37 -1 0
0 1 0 32.1 59.5 49 -1 0
0 1 0 32.1 59.5 35 -1 0
0 1 0 32.2 59.5 44 -1 0
0 1 0 32.2 59.5 60 -1 0
0 1 0 32.1 59.5 60 -1 0
0 1 0 32.0 59.5 58 -1 0
0 1 0 32.1 59.5 59 -1 0
0 1 0 32.1 59.5 57 -1 0
0 1 0 32.0 59.0 53 -1 0
0 1 0 32.0 59.0 61 -1 0
0 1 0 32.0 58.5 59 -1 0
0 1 0 32.0 58.0 44 -1 0
0 1 0 32.0 57.5 49 -1 0
0 1 0 31.9 58.0 42 -1 0
0 1 0 31.9 58.0 49 -1 0
0 1 0 31.9 58.5 34 -1 0
0 1 0 31.9 58.5 54 -1 0
0 1 0 32.0 58.5 34 -1 0
0 1 0 32.0 58.5 37 -1 0
0 1 0 31.9 58.0 29 -1 0
0 1 0 31.9 58.0 31 -1 0
0 1 0 31.9 57.5 29 -1 0
0 1 0 31.8 57.0 29 -1 0
0 1 0 31.8 57.0 30 -1 0
0 1 0 31.7 57.0 47 -1 0
0 1 0 31.7 57.0 52 -1 0
0 1 0 31.7 57.5 57 -1 0
0 1 0 31.7 58.0 57 -1 0
0 1 0 31.7 57.5 59 -1 0
0 1 0 31.7 57.5 57 -1 0
0 1 0 31.7 57.5 57 -1 0
0 1 0 31.7 57.0 55 -1 0
0 1 0 31.7 57.0 55 -1 0
0 1 0 31.7 56.5 59 -1 0
0 1 0 31.7 56.5 57 -1 0
0 1 0 31.7 57.0 57 -1 0
0 1 0 31.7 57.5 55 -1 0
0 1 0 31.7 57.0 56 -1 0
0 1 0 31.7 57.0 54 -1 0
0 1 0 31.7 57.0 36 -1 0
0 1 0 31.7 57.0 27 -1 0
0 1 0 31.6 56.5 27 -1 0
0 1 0 31.6 56.0 27 -1 0
0 1 0 31.5 55.5 29 -1 0
0 1 0 31.5 55.5 27 -1 0
0 1 0 31.5 56.5 25 -1 0
0 1 0 31.5 56.0 32 -1 0
0 1 0 31.4 56.5 29 -1 0
0 1 0 31.5 57.0 36 -1 0
0 1 0 31.5 57.0 52 -1 0
0 1 0 31.5 56.5 52 -1 0
0 1 0 31.5 56.5 52 -1 0
0 1 0 31.5 56.0 48 -1 0
0 1 0 31.5 55.5 30 -1 0
0 1 0 31.5 55.0 32 -1 0
0 1 0 31.4 55.0 34 -1 0
0 1 0 31.3 54.5 29 -1 0
0 1 0 31.3 54.5 27 -1 0
0 1 0 31.3 54.0 25 -1 0
0 1 0 31.3 53.5 25 -1 0
0 1 0 31.2 53.5 25 -1 0
0 1 0 31.2 53.5 25 -1 0
0 1 0 31.2 53.5 25 -1 0
0 1 0 31.2 53.0 23 -1 0
0 1 0 31.2 53.0 23 -1 0
0 1 0 31.1 53.0 27 -1 0
0 1 0 31.1 53.0 25 -1 0
0 1 0 31.1 52.5 25 -1 0
0 1 0 31.1 52.5 27 -1 0
0 1 0 31.1 52.5 42 -1 0
0 1 0 31.1 52.5 46 -1 0
0 1 0 31.0 52.0 47 -1 0
0 1 0 30.9 51.5 45 -1 0
0 1 0 31.0 51.5 47 -1 0
0 1 0 31.0 51.5 47 -1 0
0 1 0 30.9 51.5 27 -1 0
0 1 0 30.9 51.5 24 -1 0
0 1 0 30.9 51.5 22 -1 0
0 1 0 30.9 51.5 24 -1 0
0 1 0 30.9 51.0 22 -1 0
0 1 0 30.9 51.0 22 -1 0
0 1 0 30.8 51.0 22 -1 0
0 1 0 30.8 51.0 20 -1 0
0 1 0 30.8 51.0 20 -1 0
0 1 0 30.8 51.0 22 -1 0
0 1 0 30.8 51.0 22 -1 0
0 1 0 30.7 50.5 22 -1 0
0 1 0 30.7 50.5 24 -1 0
0 1 0 30.7 50.5 29 -1 0
0 1 0 30.7 50.5 37 -1 0
0 1 0 30.7 50.5 37 -1 0
0 1 0 30.6 50.5 33 -1 0
0 1 0 30.6 50.5 35 -1 0
0 1 0 30.6 50.5 32 -1 0
0 1 0 30.5 50.0 27 -1 0
0 1 0 30.5 50.0 18 -1 0
0 1 0 30.5 50.0 24 -1 0
0 1 0 30.5 50.0 20 -1 0
0 1 0 30.5 50.0 18 -1 0
0 1 0 30.4 50.0 20 -1 0
0 1 0 30.4 49.5 18 -1 0
0 1 0 30.4 49.5 16 -1 0
0 1 0 30.4 49.5 18 -1 0
0 1 0 30.3 49.5 16 -1 0
0 1 0 30.3 49.5 17 -1 0
0 1 0 30.4 49.0 15 -1 0
0 1 0 30.2 49.0 13 -1 0
0 1 0 30.2 49.0 11 -1 0
0 1 0 30.2 49.0 11 -1 0
0 1 0 30.3 49.0 13 -1 0
0 1 0 30.2 49.0 13 -1 0
0 1 0 30.2 49.0 11 -1 0
0 1 0 30.2 49.0 11 -1 0
0 1 0 30.2 49.0 9 -1 0
0 1 0 30.2 49.0 9 -1 0
0 1 0 30.2 49.0 9 -1 0
0 1 0 30.1 49.0 7 -1 0
0 1 0 30.1 49.0 11 -1 0
0 1 0 30.1 48.5 11 -1 0
0 1 0 30.0 48.5 9 -1 0
0 1 0 30.0 48.5 9 -1 0
0 1 0 30.1 48.5 9 -1 0
0 1 0 30.1 48.5 9 -1 0
0 1 0 29.9 48.5 6 -1 0
0 1 0 30.0 48.5 6 -1 0
0 1 0 29.9 48.0 6 -1 0
0 1 0 29.9 48.0 6 -1 0
0 1 0 29.9 48.0 4 -1 0
0 1 0 29.9 48.0 4 -1 0
0 1 0 29.9 48.0 4 -1 0
0 1 0 29.9 48.0 4 -1 0
0 1 0 29.9 48.0 4 -1 0
0 1 0 29.8 48.0 4 -1 0
0 1 0 29.8 48.0 4 -1 0
0 1 0 29.8 48.0 2 -1 0
0 1 0 29.8 48.0 6 -1 0
0 1 0 29.7 48.0 6 -1 0
0 1 0 29.8 48.0 6 -1 0
0 1 0 29.7 48.0 4 -1 0
0 1 0 29.8 47.5 4 -1 0
0 1 0 29.8 47.5 4 -1 0
0 1 0 29.7 47.5 4 -1 0
0 1 0 29.7 47.5 2 -1 0
0 1 0 29.6 47.5 2 -1 0
0 1 0 29.6 47.5 2 -1 0
0 1 0 29.6 47.5 2 -1 0
0 1 0 29.6 47.5 2 -1 0
0 1 0 29.6 47.5 2 -1 0
0 1 0 29.6 47.5 2 -1 0
0 1 0 29.5 47.0 2 -1 0
0 1 0 29.6 47.0 2 -1 0
0 1 0 29.5 47.0 2 -1 0
0 1 0 29.5 47.0 2 -1 0
0 1 0 29.5 47.0 1 -1 0
0 1 0 29.5 47.0 1 -1 0
0 1 0 29.4 47.0 4 -1 0
0 1 0 29.5 47.0 2 -1 0
0 1 0 29.4 47.0 2 -1 0
0 1 0 29.4 47.0 2 -1 0
0 1 0 29.4 47.0 2 -1 0
0 1 0 29.3 46.5 2 -1 0
0 1 0 29.3 47.0 2 -1 0
0 1 0 29.3 46.5 2 -1 0
0 1 0 29.3 46.5 0 -1 0
0 1 0 29.2 46.5 0 -1 0
0 1 0 29.3 46.5 0 -1 0
0 1 0 29.3 46.5 0 -1 0
0 1 0 29.3 46.5 0 -1 0
0 1 0 29.2 46.5 0 -1 0
0 1 0 29.2 46.5 1 -1 0
0 1 0 29.3 46.5 1 -1 0
0 1 0 29.2 46.5 1 -1 0
0 1 0 29.2 46.5 1 -1 0
0 1 0 29.2 46.5 1 -1 0
0 1 0 29.2 46.5 1 -1 0
0 1 0 29.2 46.5 1 -1 0
0 1 0 29.2 46.5 1 -1 0
0 1 0 29.1 46.5 1 -1 0
0 1 0 29.2 46.5 1 -1 0
0 1 0 29.2 46.5 1 -1 0
0 1 0 29.2 46.5 1 -1 0
0 1 0 29.1 46.5 1 -1 0
0 1 0 29.1 47.0 1 -1 0
0 1 0 29.2 47.0 2 -1 0
0 1 0 29.1 47.0 2 -1 0
0 1 0 29.1 47.0 2 -1 0
0 1 0 29.2 47.0 2 -1 0
0 1 0 29.1 47.0 2 -1 0
0 1 0 29.1 47.0 2 -1 0
0 1 0 29.2 47.0 2 -1 0
0 1 0 29.1 47.0 2 -1 0
0 1 0 29.1 47.0 2 -1 0
0 1 0 29.1 47.0 2 -1 0
0 1 0 29.1 47.0 2 -1 0
0 1 0 29.0 47.0 2 -1 0
0 1 0 29.1 47.0 2 -1 0
0 1 0 29.1 47.0 2 -1 0
0 1 0 29.0 47.0 2 -1 0
0 1 0 29.1 47.0 2 -1 0
0 1 0 29.0 47.0 2 -1 0
0 1 0 29.0 47.0 2 -1 0
0 1 0 29.0 46.5 2 -1 0
0 1 0 29.0 47.0 2 -1 0
0 1 0 28.9 47.0 2 -1 0
0 1 0 29.0 46.5 2 -1 0
0 1 0 29.0 46.5 2 -1 0
0 1 0 29.0 46.5 2 -1 0
0 1 0 28.9 46.5 2 -1 0
0 1 0 29.0 46.5 2 -1 0
0 1 0 29.0 46.5 2 -1 0
0 1 0 29.0 46.5 2 -1 0
0 1 0 28.9 46.5 2 -1 0
0 1 0 29.0 46.5 2 -1 0
0 1 0 29.0 46.5 2 -1 0
0 1 0 29.0 46.5 2 -1 0
0 1 0 29.0 46.5 2 -1 0
0 1 0 29.0 47.0 2 -1 0
0 1 0 29.0 47.5 2 -1 0
0 1 0 29.0 47.5 2 -1 0
0 1 0 28.9 47.5 2 -1 0
0 1 0 29.0 48.5 2 -1 0
0 1 0 29.1 49.0 2 -1 0
0 1 0 29.0 49.5 2 -1 0
0 1 0 29.1 50.5 2 -1 0
0 1 0 29.1 51.0 2 -1 0
0 1 0 29.1 51.5 2 -1 0
0 1 0 29.1 52.0 2 -1 0
0 1 0 29.1 51.5 2 -1 0
0 1 0 29.1 51.5 2 -1 0
0 1 0 29.0 51.0 2 -1 0
0 1 0 29.2 51.0 2 -1 0
0 1 0 29.1 51.0 2 -1 0
0 1 0 29.1 50.5 2 -1 0
0 1 0 29.1 50.0 2 -1 0
0 1 0 29.2 49.5 2 -1 0
0 1 0 29.1 50.0 2 -1 0
0 1 0 29.2 50.5 2 -1 0
0 1 0 29.2 50.0 2 -1 0
0 1 0 29.2 51.0 2 -1 0
0 1 0 29.3 51.0 2 -1 0
0 1 0 29.2 50.5 2 -1 0
0 1 0 29.2 50.5 2 -1 0
0 1 0 29.3 51.0 2 -1 0
0 1 0 29.2 51.0 2 -1 0
0 1 0 29.2 50.5 2 -1 0
0 1 0 29.3 52.5 2 -1 0
0 1 0 29.3 53.0 2 -1 0
0 1 0 29.3 53.0 2 -1 0
0 1 0 29.3 53.0 2 -1 0
0 1 0 29.3 53.0 2 -1 0
0 1 0 29.4 53.5 2 -1 0
0 1 0 29.3 53.0 2 -1 0
0 1 0 29.4 53.5 2 -1 0
0 1 0 29.4 53.0 2 -1 0
0 1 0 29.4 53.0 2 -1 0
0 1 0 29.4 52.5 2 -1 0
0 1 0 29.4 53.0 2 -1 0
0 1 0 29.4 53.5 2 -1 0
0 1 0 29.5 54.0 2 -1 0
0 1 0 29.4 54.0 2 -1 0
0 1 0 29.5 54.0 2 -1 0
0 1 0 29.4 54.0 2 -1 0
0 1 0 29.5 53.5 2 -1 0
0 1 0 29.5 53.5 2 -1 0
0 1 0 29.5 53.0 2 -1 0
0 1 0 29.5 53.0 2 -1 0
0 1 0 29.5 53.0 2 -1 0
0 1 0 29.6 53.0 2 -1 0
0 1 0 29.5 52.5 2 -1 0
0 1 0 29.6 52.5 2 -1 0
0 1 0 29.6 52.0 2 -1 0
0 1 0 29.6 52.5 2 -1 0
0 1 0 29.6 52.5 2 -1 0
0 1 0 29.6 52.0 2 -1 0
0 1 0 29.6 52.5 2 -1 0
0 1 0 29.6 52.5 2 -1 0
0 1 0 29.5 53.0 2 -1 0
0 1 0 29.6 53.5 2 -1 0
0 1 0 29.6 54.5 2 -1 0
0 1 0 29.6 54.5 2 -1 0
0 1 0 29.6 54.5 2 -1 0
0 1 0 29.7 54.5 2 -1 0
0 1 0 29.7 54.0 2 -1 0
0 1 0 29.6 53.5 2 -1 0
0 1 0 29.6 53.0 2 -1 0
0 1 0 29.7 53.0 2 -1 0
0 1 0 29.7 53.0 2 -1 0
0 1 0 29.7 53.0 2 -1 0
0 1 0 29.6 53.5 2 -1 0
0 1 0 29.7 54.0 2 -1 0
0 1 0 29.7 54.0 2 -1 0
0 1 0 29.7 54.0 2 -1 0
0 1 0 29.7 54.0 2 -1 0
0 1 0 29.8 53.5 2 -1 0
0 1 0 29.7 53.5 2 -1 0
0 1 0 29.7 53.0 2 -1 0
0 1 0 29.8 53.0 2 -1 0
0 1 0 29.7 53.0 2 -1 0
0 1 0 29.7 52.5 2 -1 0
0 1 0 29.7 53.0 2 -1 0
0 1 0 29.8 52.5 2 -1 0
0 1 0 29.7 52.5 2 -1 0
0 1 0 29.8 52.5 2 -1 0
0 1 0 29.8 52.5 2 -1 0
0 1 0 29.8 52.5 2 -1 0
0 1 0 29.8 52.5 2 -1 0
0 1 0 29.8 52.0 2 -1 0
0 1 0 29.7 52.5 2 -1 0
0 1 0 29.7 52.5 2 -1 0
0 1 0 29.7 52.5 2 -1 0
0 1 0 29.8 52.5 2 -1 0
0 1 0 29.8 52.0 2 -1 0
0 1 0 29.8 52.0 2 -1 0
0 1 0 29.8 52.0 2 -1 0
0 1 0 29.8 52.0 2 -1 0
0 1 0 29.8 52.0 2 -1 0
0 1 0 29.8 52.0 2 -1 0
0 1 0 29.8 52.0 2 -1 0
0 1 0 29.8 52.0 2 -1 0
0 1 0 29.8 52.0 2 -1 0
0 1 0 29.8 52.0 2 -1 0
0 1 0 29.8 52.0 2 -1 0
0 1 0 29.9 52.0 2 -1 0
0 1 0 29.9 52.0 2 -1 0
0 1 0 29.9 52.0 2 -1 0
0 1 0 29.8 52.0 2 -1 0
0 1 0 29.8 52.0 2 -1 0
0 1 0 29.9 52.0 2 -1 0
0 1 0 29.9 52.0 2 -1 0
0 1 0 29.9 52.0 2 -1 0
0 1 0 29.9 52.5 2 -1 0
0 1 0 29.9 52.0 2 -1 0
0 1 0 30.0 52.5 2 -1 0
0 1 0 30.0 52.5 2 -1 0
0 1 0 29.9 52.0 2 -1 0
0 1 0 29.9 52.0 2 -1 0
0 1 0 29.9 52.5 2 -1 0
0 1 0 29.9 52.5 2 -1 0
0 1 0 29.9 52.0 2 -1 0
0 1 0 29.9 52.5 2 -1 0
0 1 0 29.9 52.5 2 -1 0
0 1 0 29.9 52.5 2 -1 0
0 1 0 30.0 52.5 2 -1 0
0 1 0 30.0 52.5 2 -1 0
0 1 0 30.0 52.5 2 -1 0
0 1 0 30.0 52.5 2 -1 0
0 1 0 30.0 52.5 2 -1 0
0 1 0 30.0 53.0 2 -1 0
0 1 0 30.1 52.5 2 -1 0
0 1 0 29.9 52.5 2 -1 0
0 1 0 30.0 52.5 2 -1 0
0 1 0 30.0 53.0 2 -1 0
0 1 0 30.1 53.0 2 -1 0
0 1 0 30.2 53.0 2 -1 0
0 1 0 30.2 53.0 2 -1 0
0 1 0 30.1 53.0 2 -1 0
0 1 0 30.1 53.0 2 -1 0
0 1 0 30.1 53.0 2 -1 0
0 1 0 30.1 53.0 2 -1 0
0 1 0 30.1 53.0 2 -1 0
0 1 0 30.2 53.0 2 -1 0
0 1 0 30.1 53.0 2 -1 0
0 1 0 30.1 53.5 2 -1 0
0 1 0 30.2 53.5 2 -1 0
0 1 0 30.1 53.5 2 -1 0
0 1 0 30.2 53.5 2 -1 0
0 1 0 30.2 53.5 2 -1 0
0 1 0 30.2 53.5 2 -1 0
0 1 0 30.2 53.0 2 -1 0
0 1 0 30.2 53.0 2 -1 0
0 1 0 30.2 53.0 2 -1 0
0 1 0 30.2 53.0 2 -1 0
0 1 0 30.3 53.0 2 -1 0
0 1 0 30.3 53.0 2 -1 0
0 1 0 30.3 53.0 2 -1 0
0 1 0 30.3 53.5 2 -1 0
0 1 0 30.3 54.0 2 -1 0
0 1 0 30.3 54.0 2 -1 0
0 1 0 30.3 54.0 2 -1 0
0 1 0 30.4 54.5 2 -1 0
0 1 0 30.3 54.5 2 -1 0
0 1 0 30.3 54.0 2 -1 0
0 1 0 30.3 54.0 2 -1 0
0 1 0 30.3 54.5 2 -1 0
0 1 0 30.4 54.0 2 -1 0
0 1 0 30.4 54.0 0 -1 0
0 1 0 30.3 54.0 2 -1 0
0 1 0 30.3 54.0 2 -1 0
0 1 0 30.4 53.5 2 -1 0
0 1 0 30.4 53.5 2 -1 0
0 1 0 30.4 53.5 2 -1 0
0 1 0 30.4 53.5 2 -1 0
0 1 0 30.5 53.5 2 -1 0
0 1 0 30.4 53.0 2 -1 0
0 1 0 30.4 53.5 2 -1 0
0 1 0 30.4 53.5 2 -1 0
0 1 0 30.5 54.0 2 -1 0
0 1 0 30.4 54.0 2 -1 0
0 1 0 30.4 54.0 2 -1 0
0 1 0 30.5 54.0 2 -1 0
0 1 0 30.5 54.0 2 -1 0
0 1 0 30.5 53.5 2 -1 0
0 1 0 30.5 53.5 2 -1 0
0 1 0 30.5 54.0 2 -1 0
0 1 0 30.5 54.0 2 -1 0
0 1 0 30.4 53.5 2 -1 0
0 1 0 30.5 53.5 2 -1 0
0 1 0 30.5 53.5 2 -1 0
0 1 0 30.4 53.5 2 -1 0
0 1 0 30.5 53.5 2 -1 0
0 1 0 30.6 53.5 2 -1 0
0 1 0 30.5 53.5 2 -1 0
0 1 0 30.5 53.5 2 -1 0
0 1 0 30.5 53.5 2 -1 0
0 1 0 30.5 53.5 2 -1 0
0 1 0 30.5 53.5 2 -1 0
0 1 0 30.6 53.5 2 -1 0
0 1 0 30.6 53.5 2 -1 0
0 1 0 30.5 53.5 2 -1 0
0 1 0 30.6 53.5 2 -1 0
0 1 0 30.6 53.5 2 -1 0
0 1 0 30.6 53.5 2 -1 0
0 1 0 30.6 53.5 2 -1 0
0 1 0 30.5 53.5 2 -1 0
0 1 0 30.6 53.5 2 -1 0
0 1 0 30.6 53.5 2 -1 0
0 1 0 30.6 53.5 2 -1 0
0 1 0 30.7 53.5 2 -1 0
0 1 0 30.6 53.5 2 -1 0
0 1 0 30.7 53.5 2 -1 0
0 1 0 30.7 53.5 2 -1 0
0 1 0 30.7 53.5 2 -1 0
0 1 0 30.7 53.5 2 -1 0
0 1 0 30.7 53.5 2 -1 0
0 1 0 30.7 53.5 2 -1 0
0 1 0 30.8 53.5 2 -1 0
0 1 0 30.7 53.5 2 -1 0
0 1 0 30.7 53.5 2 -1 0
0 1 0 30.7 53.5 2 -1 0
0 1 0 30.7 53.5 2 -1 0
0 1 0 30.7 53.5 2 -1 0
0 1 0 30.7 53.5 2 -1 0
0 1 0 30.7 53.5 2 -1 0
0 1 0 30.8 54.0 2 -1 0
0 1 0 30.8 54.0 2 -1 0
0 1 0 30.8 53.5 2 -1 0
0 1 0 30.7 54.0 2 -1 0
0 1 0 30.7 54.0 2 -1 0
0 1 0 30.8 54.0 2 -1 0
0 1 0 30.8 54.0 2 -1 0
0 1 0 30.8 54.0 2 -1 0
0 1 0 30.8 54.0 2 -1 0
0 1 0 30.8 54.0 2 -1 0
0 1 0 30.8 54.0 2 -1 0
0 1 0 30.8 54.0 2 -1 0
0 1 0 30.8 54.0 2 -1 0
0 1 0 30.9 54.0 2 -1 0
0 1 0 30.8 54.0 2 -1 0
0 1 0 30.8 54.0 2 -1 0
0 1 0 30.8 54.5 2 -1 0
0 1 0 30.9 54.5 2 -1 0
0 1 0 30.8 54.5 2 -1 0
0 1 0 30.8 54.5 2 -1 0
0 1 0 30.9 54.5 2 -1 0
0 1 0 30.9 54.5 2 -1 0
