0 1 0 28.7 55.0 2 -1 0
0 1 0 28.8 55.0 2 -1 0
0 1 0 28.8 55.0 2 -1 0
0 1 0 28.8 55.0 2 -1 0
0 1 0 28.7 55.0 2 -1 0
0 1 0 28.8 55.0 2 -1 0
0 1 0 28.8 55.0 2 -1 0
0 1 0 28.8 55.0 2 -1 0
0 1 0 28.8 55.0 2 -1 0
0 1 0 28.8 55.0 2 -1 0
0 1 0 28.8 55.0 2 -1 0
0 1 0 28.8 55.0 2 -1 0
0 1 0 28.8 55.0 2 -1 0
0 1 0 28.8 55.0 2 -1 0
0 1 0 28.8 55.0 2 -1 0
0 1 0 28.8 55.0 2 -1 0
0 1 0 28.8 55.0 2 -1 0
0 1 0 28.8 55.0 2 -1 0
0 1 0 28.8 55.0 2 -1 0
0 1 0 28.9 55.0 2 -1 0
0 1 0 28.9 55.0 2 -1 0
0 1 0 28.8 55.0 2 -1 0
0 1 0 28.9 55.0 2 -1 0
0 1 0 28.9 55.0 2 -1 0
0 1 0 28.9 55.0 2 -1 0
0 1 0 28.9 55.0 2 -1 0
0 1 0 28.9 55.0 2 -1 0
0 1 0 28.9 55.0 2 -1 0
0 1 0 28.9 55.0 2 -1 0
0 1 0 28.9 55.0 2 -1 0
0 1 0 29.0 55.0 2 -1 0
0 1 0 28.9 55.0 2 -1 0
0 1 0 28.9 55.0 2 -1 0
0 1 0 29.0 55.0 2 -1 0
0 1 0 29.0 55.0 2 -1 0
0 1 0 28.9 55.0 2 -1 0
0 1 0 29.0 55.0 2 -1 0
0 1 0 29.0 55.0 2 -1 0
0 1 0 28.9 55.0 2 -1 0
0 1 0 28.9 55.0 2 -1 0
0 1 0 29.0 55.0 2 -1 0
0 1 0 28.9 55.0 2 -1 0
0 1 0 29.0 55.0 2 -1 0
0 1 0 29.1 55.0 2 -1 0
0 1 0 28.9 55.0 2 -1 0
0 1 0 29.0 55.0 2 -1 0
0 1 0 29.0 55.0 2 -1 0
0 1 0 29.0 54.5 2 -1 0
0 1 0 29.0 55.0 2 -1 0
0 1 0 29.0 55.0 2 -1 0
0 1 0 29.0 55.0 2 -1 0
0 1 0 29.0 55.0 2 -1 0
0 1 0 29.0 55.0 2 -1 0
0 1 0 29.1 55.0 2 -1 0
0 1 0 29.1 55.0 2 -1 0
0 1 0 29.0 55.0 2 -1 0
0 1 0 29.1 55.0 2 -1 0
0 1 0 29.0 55.0 2 -1 0
0 1 0 29.0 55.0 2 -1 0
0 1 0 29.0 55.0 2 -1 0
0 1 0 29.1 55.0 2 -1 0
0 1 0 29.1 55.0 2 -1 0
0 1 0 29.0 55.0 2 -1 0
0 1 0 29.0 55.0 2 -1 0
0 1 0 29.1 55.0 2 -1 0
0 1 0 29.0 55.0 2 -1 0
0 1 0 29.1 55.0 2 -1 0
0 1 0 29.1 55.0 2 -1 0
0 1 0 29.1 55.0 2 -1 0
0 1 0 29.1 55.0 2 -1 0
0 1 0 29.1 55.0 2 -1 0
0 1 0 29.1 55.0 2 -1 0
0 1 0 29.1 55.0 2 -1 0
0 1 0 29.1 55.0 2 -1 0
0 1 0 29.1 55.0 2 -1 0
0 1 0 29.1 55.0 2 -1 0
0 1 0 29.1 55.0 2 -1 0
0 1 0 29.1 55.0 2 -1 0
0 1 0 29.1 55.0 2 -1 0
0 1 0 29.1 55.0 2 -1 0
0 1 0 29.1 55.0 2 -1 0
0 1 0 29.1 55.0 2 -1 0
0 1 0 29.1 55.0 2 -1 0
0 1 0 29.1 55.0 2 -1 0
0 1 0 29.2 55.0 2 -1 0
0 1 0 29.2 55.0 2 -1 0
0 1 0 29.2 55.0 2 -1 0
0 1 0 29.2 55.0 2 -1 0
0 1 0 29.2 55.0 2 -1 0
0 1 0 29.2 55.0 2 -1 0
0 1 0 29.2 55.0 2 -1 0
0 1 0 29.2 55.0 2 -1 0
0 1 0 29.2 55.0 2 -1 0
0 1 0 29.1 55.0 2 -1 0
0 1 0 29.1 55.0 2 -1 0
0 1 0 29.2 55.0 2 -1 0
0 1 0 29.1 55.0 2 -1 0
0 1 0 29.2 55.0 2 -1 0
0 1 0 29.2 55.0 2 -1 0
0 1 0 29.2 55.0 2 -1 0
0 1 0 29.2 55.0 2 -1 0
0 1 0 29.2 55.5 2 -1 0
0 1 0 29.2 55.5 2 -1 0
0 1 0 29.2 55.5 2 -1 0
0 1 0 29.3 55.0 2 -1 0
0 1 0 29.2 55.5 2 -1 0
0 1 0 29.2 55.5 2 -1 0
0 1 0 29.3 55.5 2 -1 0
0 1 0 29.2 55.5 2 -1 0
0 1 0 29.2 55.5 2 -1 0
0 1 0 29.3 55.5 2 -1 0
0 1 0 29.2 55.5 2 -1 0
0 1 0 29.3 55.5 2 -1 0
0 1 0 29.3 55.0 2 -1 0
0 1 0 29.2 55.5 2 -1 0
0 1 0 29.2 55.0 2 -1 0
0 1 0 29.3 55.0 2 -1 0
0 1 0 29.2 55.0 2 -1 0
0 1 0 29.3 55.5 2 -1 0
0 1 0 29.3 55.5 2 -1 0
0 1 0 29.3 55.5 2 -1 0
0 1 0 29.3 55.5 2 -1 0
0 1 0 29.3 55.5 2 -1 0
0 1 0 29.3 55.5 2 -1 0
0 1 0 29.3 55.5 2 -1 0
0 1 0 29.3 55.5 2 -1 0
0 1 0 29.3 55.5 2 -1 0
0 1 0 29.3 55.5 2 -1 0
0 1 0 29.3 55.5 2 -1 0
0 1 0 29.3 55.5 2 -1 0
0 1 0 29.3 55.5 2 -1 0
0 1 0 29.3 55.5 2 -1 0
0 1 0 29.3 55.5 2 -1 0
0 1 0 29.3 55.5 2 -1 0
0 1 0 29.4 55.5 2 -1 0
0 1 0 29.3 55.5 2 -1 0
0 1 0 29.4 55.5 2 -1 0
0 1 0 29.4 55.5 2 -1 0
0 1 0 29.3 55.5 2 -1 0
0 1 0 29.3 55.5 2 -1 0
0 1 0 29.4 55.5 2 -1 0
0 1 0 29.3 55.5 2 -1 0
0 1 0 29.3 55.5 2 -1 0
0 1 0 29.4 55.5 2 -1 0
0 1 0 29.3 55.5 2 -1 0
0 1 0 29.4 55.5 2 -1 0
0 1 0 29.4 55.5 2 -1 0
0 1 0 29.4 55.5 2 -1 0
0 1 0 29.4 55.5 2 -1 0
0 1 0 29.3 55.5 2 -1 0
0 1 0 29.3 55.5 2 -1 0
0 1 0 29.3 55.5 2 -1 0
0 1 0 29.3 55.5 2 -1 0
0 1 0 29.4 55.5 2 -1 0
0 1 0 29.4 55.5 2 -1 0
0 1 0 29.4 55.5 2 -1 0
0 1 0 29.4 55.5 2 -1 0
0 1 0 29.3 55.5 2 -1 0
0 1 0 29.4 55.5 2 -1 0
0 1 0 29.4 55.5 2 -1 0
0 1 0 29.4 55.5 2 -1 0
0 1 0 29.4 55.5 2 -1 0
0 1 0 29.4 55.5 2 -1 0
0 1 0 29.5 55.5 2 -1 0
0 1 0 29.4 56.0 2 -1 0
0 1 0 29.4 56.0 2 -1 0
0 1 0 29.4 56.0 2 -1 0
0 1 0 29.5 56.0 2 -1 0
0 1 0 29.4 55.5 2 -1 0
0 1 0 29.4 55.5 2 -1 0
0 1 0 29.4 55.5 2 -1 0
0 1 0 29.4 55.5 2 -1 0
0 1 0 29.5 55.5 2 -1 0
0 1 0 29.4 55.5 2 -1 0
0 1 0 29.4 55.5 2 -1 0
0 1 0 29.4 55.5 2 -1 0
0 1 0 29.4 56.0 2 -1 0
0 1 0 29.4 55.5 2 -1 0
0 1 0 29.4 55.5 2 -1 0
0 1 0 29.5 56.0 2 -1 0
0 1 0 29.4 56.0 2 -1 0
0 1 0 29.5 56.0 2 -1 0
0 1 0 29.5 56.0 2 -1 0
0 1 0 29.5 56.0 2 -1 0
0 1 0 29.5 56.0 2 -1 0
0 1 0 29.5 56.0 2 -1 0
0 1 0 29.4 56.0 2 -1 0
0 1 0 29.4 56.0 2 -1 0
0 1 0 29.5 56.0 2 -1 0
0 1 0 29.5 56.0 2 -1 0
0 1 0 29.4 56.0 2 -1 0
0 1 0 29.5 56.0 2 -1 0
0 1 0 29.5 56.0 2 -1 0
0 1 0 29.5 56.0 2 -1 0
0 1 0 29.5 56.0 2 -1 0
0 1 0 29.5 56.0 2 -1 0
0 1 0 29.5 56.0 2 -1 0
0 1 0 29.5 56.0 2 -1 0
0 1 0 29.5 56.0 2 -1 0
0 1 0 29.5 56.0 2 -1 0
0 1 0 29.6 56.0 2 -1 0
0 1 0 29.5 56.0 2 -1 0
0 1 0 29.5 56.0 2 -1 0
0 1 0 29.5 56.0 2 -1 0
0 1 0 29.5 56.0 2 -1 0
0 1 0 29.5 56.0 2 -1 0
0 1 0 29.6 56.0 2 -1 0
0 1 0 29.5 56.0 2 -1 0
0 1 0 29.5 56.0 2 -1 0
0 1 0 29.5 56.0 2 -1 0
0 1 0 29.6 56.0 2 -1 0
0 1 0 29.5 56.0 2 -1 0
0 1 0 29.4 56.0 2 -1 0
0 1 0 29.5 56.0 2 -1 0
0 1 0 29.5 56.0 2 -1 0
0 1 0 29.5 56.0 2 -1 0
0 1 0 29.6 56.0 2 -1 0
0 1 0 29.6 56.0 2 -1 0
0 1 0 29.6 56.0 2 -1 0
0 1 0 29.5 56.0 2 -1 0
0 1 0 29.5 56.0 2 -1 0
0 1 0 29.5 56.0 2 -1 0
0 1 0 29.5 56.0 2 -1 0
0 1 0 29.5 56.0 2 -1 0
0 1 0 29.6 56.0 2 -1 0
0 1 0 29.6 56.0 2 -1 0
0 1 0 29.6 56.0 2 -1 0
0 1 0 29.6 56.0 2 -1 0
0 1 0 29.6 56.0 2 -1 0
0 1 0 29.6 56.5 2 -1 0
0 1 0 29.6 56.0 2 -1 0
0 1 0 29.6 56.0 2 -1 0
0 1 0 29.5 56.0 2 -1 0
0 1 0 29.6 56.0 2 -1 0
0 1 0 29.6 56.0 2 -1 0
0 1 0 29.5 56.0 2 -1 0
0 1 0 29.5 56.0 2 -1 0
0 1 0 29.6 56.5 2 -1 0
0 1 0 29.6 56.0 2 -1 0
0 1 0 29.6 56.5 2 -1 0
0 1 0 29.6 56.5 2 -1 0
0 1 0 29.6 56.5 2 -1 0
0 1 0 29.6 56.5 2 -1 0
0 1 0 29.6 56.5 2 -1 0
0 1 0 29.6 56.5 2 -1 0
0 1 0 29.6 56.5 2 -1 0
0 1 0 29.7 56.5 2 -1 0
0 1 0 29.6 56.5 2 -1 0
0 1 0 29.6 56.5 2 -1 0
0 1 0 29.6 56.5 2 -1 0
0 1 0 29.7 56.5 2 -1 0
0 1 0 29.6 57.0 2 -1 0
0 1 0 29.6 57.0 2 -1 0
0 1 0 29.6 57.0 2 -1 0
0 1 0 29.6 57.0 2 -1 0
0 1 0 29.6 57.0 2 -1 0
0 1 0 29.6 57.0 2 -1 0
0 1 0 29.6 57.0 2 -1 0
0 1 0 29.7 57.0 2 -1 0
0 1 0 29.6 57.0 2 -1 0
0 1 0 29.6 57.0 2 -1 0
0 1 0 29.6 57.0 2 -1 0
0 1 0 29.7 57.0 2 -1 0
0 1 0 29.6 57.0 2 -1 0
0 1 0 29.6 57.0 2 -1 0
0 1 0 29.6 57.0 2 -1 0
0 1 0 29.6 57.0 2 -1 0
0 1 0 29.7 57.0 2 -1 0
0 1 0 29.6 57.0 2 -1 0
0 1 0 29.6 57.5 2 -1 0
0 1 0 29.6 57.5 2 -1 0
0 1 0 29.6 58.0 2 -1 0
0 1 0 29.6 58.0 2 -1 0
0 1 0 29.7 58.5 2 -1 0
0 1 0 29.7 58.5 2 -1 0
0 1 0 29.7 58.5 2 -1 0
0 1 0 29.7 58.5 2 -1 0
0 1 0 29.6 58.5 2 -1 0
0 1 0 29.7 58.5 2 -1 0
0 1 0 29.7 58.5 2 -1 0
0 1 0 29.7 58.5 2 -1 0
0 1 0 29.6 58.5 2 -1 0
0 1 0 29.7 58.5 2 -1 0
0 1 0 29.7 58.5 2 -1 0
0 1 0 29.6 58.5 2 -1 0
0 1 0 29.7 58.5 2 -1 0
0 1 0 29.7 58.5 2 -1 0
0 1 0 29.7 58.5 2 -1 0
0 1 0 29.7 58.5 2 -1 0
0 1 0 29.7 58.5 2 -1 0
0 1 0 29.7 58.5 2 -1 0
0 1 0 29.7 58.5 2 -1 0
0 1 0 29.8 58.5 2 -1 0
0 1 0 29.7 58.5 2 -1 0
0 1 0 29.7 58.5 2 -1 0
0 1 0 29.7 58.5 2 -1 0
0 1 0 29.7 58.0 2 -1 0
0 1 0 29.7 58.5 2 -1 0
0 1 0 29.6 58.5 2 -1 0
0 1 0 29.7 58.5 2 -1 0
0 1 0 29.7 58.5 2 -1 0
0 1 0 29.7 59.0 2 -1 0
0 1 0 29.7 59.0 2 -1 0
0 1 0 29.7 59.0 2 -1 0
0 1 0 29.7 59.0 2 -1 0
0 1 0 29.7 59.0 1 -1 0
0 1 0 29.8 59.0 1 -1 0
0 1 0 29.7 59.5 1 -1 0
0 1 0 29.7 59.5 2 -1 0
0 1 0 29.7 59.5 2 -1 0
0 1 0 29.7 59.5 2 -1 0
0 1 0 29.7 59.5 2 -1 0
0 1 0 29.7 59.5 2 -1 0
0 1 0 29.7 60.0 2 -1 0
0 1 0 29.7 60.0 2 -1 0
0 1 0 29.7 60.0 2 -1 0
0 1 0 29.7 60.0 2 -1 0
0 1 0 29.8 60.0 2 -1 0
0 1 0 29.7 60.0 2 -1 0
0 1 0 29.7 60.0 1 -1 0
0 1 0 29.7 60.0 1 -1 0
0 1 0 29.7 60.0 1 -1 0
0 1 0 29.7 60.0 1 -1 0
0 1 0 29.8 60.0 1 -1 0
0 1 0 29.8 60.0 1 -1 0
0 1 0 29.7 60.0 1 -1 0
0 1 0 29.8 60.0 1 -1 0
0 1 0 29.7 60.0 1 -1 0
0 1 0 29.7 60.0 1 -1 0
0 1 0 29.7 59.5 1 -1 0
0 1 0 29.8 59.5 1 -1 0
0 1 0 29.7 59.5 1 -1 0
0 1 0 29.7 59.5 1 -1 0
0 1 0 29.7 59.5 0 -1 0
0 1 0 29.8 59.5 0 -1 0
0 1 0 29.8 59.5 0 -1 0
0 1 0 29.8 59.5 0 -1 0
0 1 0 29.8 59.5 0 -1 0
0 1 0 29.8 59.5 0 -1 0
0 1 0 29.7 59.5 0 -1 0
0 1 0 29.7 59.5 0 -1 0
0 1 0 29.7 59.5 0 -1 0
0 1 0 29.8 59.5 0 -1 0
0 1 0 29.8 59.5 0 -1 0
0 1 0 29.8 59.5 0 -1 0
0 1 0 29.8 59.5 0 -1 0
0 1 0 29.8 59.5 0 -1 0
0 1 0 29.7 59.5 0 -1 0
0 1 0 29.8 59.5 0 -1 0
0 1 0 29.7 59.5 0 -1 0
0 1 0 29.8 59.5 0 -1 0
0 1 0 29.8 59.5 0 -1 0
0 1 0 29.8 59.5 0 -1 0
0 1 0 29.8 59.5 0 -1 0
0 1 0 29.8 59.5 0 -1 0
0 1 0 29.8 59.5 0 -1 0
0 1 0 29.8 59.5 0 -1 0
0 1 0 29.8 59.5 0 -1 0
0 1 0 29.7 59.5 0 -1 0
0 1 0 29.8 59.5 2 -1 0
0 1 0 29.8 59.5 2 -1 0
0 1 0 29.8 59.5 2 -1 0
0 1 0 29.7 59.5 2 -1 0
0 1 0 29.8 59.5 2 -1 0
0 1 0 29.7 59.5 2 -1 0
0 1 0 29.8 59.5 2 -1 0
0 1 0 29.8 59.5 3 -1 0
0 1 0 29.8 59.5 1 -1 0
0 1 0 29.8 59.5 1 -1 0
0 1 0 29.8 59.5 1 -1 0
0 1 0 29.8 59.5 2 -1 0
0 1 0 29.8 59.5 2 -1 0
0 1 0 29.8 59.5 2 -1 0
0 1 0 29.8 59.5 2 -1 0
0 1 0 29.8 59.5 2 -1 0
0 1 0 29.8 59.5 2 -1 0
0 1 0 29.8 59.0 2 -1 0
0 1 0 29.9 59.0 2 -1 0
0 1 0 29.8 59.0 4 -1 0
0 1 0 29.8 59.0 4 -1 0
0 1 0 29.8 59.5 4 -1 0
0 1 0 29.8 59.0 1 -1 0
0 1 0 29.8 59.0 2 -1 0
0 1 0 29.8 59.5 2 -1 0
0 1 0 29.8 59.5 4 -1 0
0 1 0 29.8 59.0 4 -1 0
0 1 0 29.7 59.0 3 -1 0
0 1 0 29.8 59.0 5 -1 0
0 1 0 29.8 59.0 5 -1 0
0 1 0 29.8 59.0 7 -1 0
0 1 0 29.8 59.0 5 -1 0
0 1 0 29.7 59.0 7 -1 0
0 1 0 29.8 59.0 7 -1 0
0 1 0 29.8 59.0 9 -1 0
0 1 0 29.8 59.0 9 -1 0
0 1 0 29.7 59.0 7 -1 0
0 1 0 29.8 59.0 9 -1 0
0 1 0 29.8 59.0 9 -1 0
0 1 0 29.8 59.0 11 -1 0
0 1 0 29.8 59.0 10 -1 0
0 1 0 29.8 59.0 10 -1 0
0 1 0 29.8 59.0 12 -1 0
0 1 0 29.7 59.0 12 -1 0
0 1 0 29.8 59.0 12 -1 0
0 1 0 29.8 59.0 10 -1 0
0 1 0 29.8 59.0 8 -1 0
0 1 0 29.8 59.0 9 -1 0
0 1 0 29.8 59.0 9 -1 0
0 1 0 29.8 59.0 7 -1 0
0 1 0 29.8 59.0 9 -1 0
0 1 0 29.8 59.0 7 -1 0
0 1 0 29.8 59.0 5 -1 0
0 1 0 29.8 59.0 7 -1 0
0 1 0 29.8 59.0 7 -1 0
0 1 0 29.7 59.0 7 -1 0
0 1 0 29.8 59.0 7 -1 0
0 1 0 29.8 59.0 7 -1 0
0 1 0 29.8 59.0 7 -1 0
0 1 0 29.8 59.0 7 -1 0
0 1 0 29.8 59.0 9 -1 0
0 1 0 29.8 59.0 5 -1 0
0 1 0 29.8 59.0 7 -1 0
0 1 0 29.8 59.0 9 -1 0
0 1 0 29.8 59.0 9 -1 0
0 1 0 29.8 59.0 11 -1 0
0 1 0 29.9 59.0 9 -1 0
0 1 0 29.8 59.0 9 -1 0
0 1 0 29.8 59.0 9 -1 0
0 1 0 29.8 59.0 11 -1 0
0 1 0 29.9 59.0 9 -1 0
0 1 0 29.8 59.0 9 -1 0
0 1 0 29.8 59.0 9 -1 0
0 1 0 29.9 59.0 7 -1 0
0 1 0 29.8 59.0 11 -1 0
0 1 0 29.8 59.0 9 -1 0
0 1 0 29.9 59.0 7 -1 0
0 1 0 29.8 59.0 7 -1 0
0 1 0 29.8 59.0 7 -1 0
0 1 0 29.8 59.0 7 -1 0
0 1 0 29.8 59.0 7 -1 0
0 1 0 29.8 59.0 9 -1 0
0 1 0 29.8 59.0 9 -1 0
0 1 0 29.8 58.5 11 -1 0
0 1 0 29.7 58.5 7 -1 0
0 1 0 29.8 58.5 7 -1 0
0 1 0 29.8 58.5 9 -1 0
0 1 0 29.7 58.0 9 -1 0
0 1 0 29.7 58.0 9 -1 0
0 1 0 29.8 58.0 7 -1 0
0 1 0 29.8 58.0 7 -1 0
0 1 0 29.7 58.0 7 -1 0
0 1 0 29.7 57.5 11 -1 0
0 1 0 29.7 57.5 11 -1 0
0 1 0 29.7 57.5 7 -1 0
0 1 0 29.6 57.0 7 -1 0
0 1 0 29.6 57.0 7 -1 0
0 1 0 29.6 57.0 11 -1 0
0 1 0 29.6 57.0 11 -1 0
0 1 0 29.6 56.5 11 -1 0
0 1 0 29.6 56.5 11 -1 0
0 1 0 29.6 56.5 11 -1 0
0 1 0 29.6 56.5 7 -1 0
0 1 0 29.5 56.5 9 -1 0
0 1 0 29.6 56.0 9 -1 0
0 1 0 29.5 56.0 11 -1 0
0 1 0 29.5 56.0 10 -1 0
0 1 0 29.5 56.0 12 -1 0
0 1 0 29.5 55.5 14 -1 0
0 1 0 29.5 55.5 12 -1 0
0 1 0 29.4 55.5 14 -1 0
0 1 0 29.5 55.5 12 -1 0
0 1 0 29.5 55.5 14 -1 0
0 1 0 29.4 55.5 16 -1 0
0 1 0 29.4 55.0 16 -1 0
0 1 0 29.4 55.0 15 -1 0
0 1 0 29.4 55.0 15 -1 0
0 1 0 29.4 55.0 16 -1 0
0 1 0 29.3 55.0 16 -1 0
0 1 0 29.3 55.0 16 -1 0
0 1 0 29.3 54.5 16 -1 0
0 1 0 29.4 54.5 16 -1 0
0 1 0 29.4 54.5 16 -1 0
0 1 0 29.4 54.5 16 -1 0
0 1 0 29.3 54.5 12 -1 0
0 1 0 29.3 54.5 15 -1 0
0 1 0 29.3 54.5 17 -1 0
0 1 0 29.3 54.5 17 -1 0
0 1 0 29.3 54.0 19 -1 0
0 1 0 29.3 54.0 19 -1 0
0 1 0 29.3 54.0 22 -1 0
0 1 0 29.2 54.0 24 -1 0
0 1 0 29.3 54.0 24 -1 0
0 1 0 29.2 54.0 26 -1 0
0 1 0 29.3 54.0 28 -1 0
0 1 0 29.3 54.0 29 -1 0
0 1 0 29.2 53.5 29 -1 0
0 1 0 29.3 53.5 29 -1 0
0 1 0 29.2 53.5 31 -1 0
0 1 0 29.3 53.5 31 -1 0
0 1 0 29.2 53.5 29 -1 0
0 1 0 29.2 53.5 26 -1 0
0 1 0 29.2 53.5 24 -1 0
0 1 0 29.2 53.5 29 -1 0
0 1 0 29.2 53.5 33 -1 0
0 1 0 29.2 53.5 38 -1 0
0 1 0 29.2 53.5 48 -1 0
0 1 0 29.1 53.5 53 -1 0
0 1 0 29.2 53.0 64 -1 0
0 1 0 29.2 53.0 72 -1 0
0 1 0 29.2 53.0 78 -1 0
0 1 0 29.1 53.0 81 -1 0
0 1 0 29.1 53.0 83 -1 0
0 1 0 29.2 53.0 90 -1 0
0 1 0 29.1 53.0 92 -1 0
0 1 0 29.1 53.0 95 -1 0
0 1 0 29.2 53.0 102 -1 0
0 1 0 29.2 53.0 111 -1 0
0 1 0 29.2 53.0 120 -1 0
0 1 0 29.2 52.5 119 -1 0
0 1 0 29.2 52.5 125 -1 0
0 1 0 29.2 53.0 126 -1 0
0 1 0 29.2 52.5 133 -1 0
0 1 0 29.2 52.5 137 -1 0
0 1 0 29.3 53.0 142 -1 0
0 1 0 29.2 52.5 147 -1 0
0 1 0 29.2 52.5 154 -1 0
0 1 0 29.2 52.5 157 -1 0
0 1 0 29.2 52.5 150 -1 0
0 1 0 29.2 52.0 154 -1 0
0 1 0 29.2 52.0 152 -1 0
0 1 0 29.2 52.0 140 -1 0
0 1 0 29.3 52.0 125 -1 0
0 1 0 29.2 52.0 114 -1 0
0 1 0 29.2 52.0 111 -1 0
0 1 0 29.2 52.0 111 -1 0
0 1 0 29.2 52.5 107 -1 0
0 1 0 29.2 52.0 104 -1 0
0 1 0 29.2 52.5 100 -1 0
0 1 0 29.2 52.5 98 -1 0
0 1 0 29.3 52.5 96 -1 0
0 1 0 29.2 52.5 97 -1 0
0 1 0 29.3 52.0 95 -1 0
0 1 0 29.3 52.5 93 -1 0
0 1 0 29.3 52.5 91 -1 0
0 1 0 29.2 52.0 89 -1 0
0 1 0 29.3 52.0 89 -1 0
0 1 0 29.2 52.0 89 -1 0
0 1 0 29.2 52.0 91 -1 0
0 1 0 29.2 52.0 88 -1 0
0 1 0 29.3 52.0 86 -1 0
0 1 0 29.2 52.0 88 -1 0
0 1 0 29.2 51.5 84 -1 0
0 1 0 29.2 51.5 84 -1 0
0 1 0 29.2 51.5 82 -1 0
0 1 0 29.2 51.5 86 -1 0
0 1 0 29.2 51.5 82 -1 0
0 1 0 29.2 51.5 86 -1 0
0 1 0 29.2 51.0 88 -1 0
0 1 0 29.2 51.0 88 -1 0
0 1 0 29.2 51.0 89 -1 0
0 1 0 29.2 51.0 93 -1 0
0 1 0 29.2 51.0 95 -1 0
0 1 0 29.2 51.0 94 -1 0
0 1 0 29.2 51.0 98 -1 0
0 1 0 29.2 51.0 98 -1 0
0 1 0 29.2 51.5 98 -1 0
0 1 0 29.2 51.0 98 -1 0
0 1 0 29.2 51.0 98 -1 0
0 1 0 29.2 51.0 100 -1 0
0 1 0 29.3 51.5 98 -1 0
0 1 0 29.2 51.5 102 -1 0
0 1 0 29.2 51.5 107 -1 0
0 1 0 29.2 51.5 107 -1 0
0 1 0 29.3 51.5 111 -1 0
0 1 0 29.2 51.5 116 -1 0
0 1 0 29.2 51.5 118 -1 0
0 1 0 29.2 51.0 123 -1 0
0 1 0 29.2 51.0 122 -1 0
0 1 0 29.3 51.0 124 -1 0
0 1 0 29.2 51.5 128 -1 0
0 1 0 29.3 51.5 129 -1 0
0 1 0 29.3 51.0 129 -1 0
0 1 0 29.3 51.5 129 -1 0
0 1 0 29.3 51.5 131 -1 0
0 1 0 29.3 51.5 124 -1 0
0 1 0 29.3 51.5 124 -1 0
0 1 0 29.3 52.0 124 -1 0
0 1 0 29.3 52.0 117 -1 0
0 1 0 29.3 52.5 108 -1 0
0 1 0 29.3 53.5 99 -1 0
0 1 0 29.3 53.5 97 -1 0
0 1 0 29.4 53.5 91 -1 0
0 1 0 29.3 53.5 88 -1 0
0 1 0 29.3 53.5 91 -1 0
0 1 0 29.4 53.5 95 -1 0
0 1 0 29.3 53.5 96 -1 0
0 1 0 29.3 52.5 106 -1 0
0 1 0 29.3 52.0 117 -1 0
0 1 0 29.3 51.5 124 -1 0
0 1 0 29.3 51.5 136 -1 0
0 1 0 29.4 51.5 141 -1 0
0 1 0 29.3 51.0 149 -1 0
0 1 0 29.3 51.0 160 -1 0
0 1 0 29.3 51.0 170 -1 0
0 1 0 29.3 50.5 180 -1 0
0 1 0 29.3 50.5 188 -1 0
0 1 0 29.3 50.0 190 -1 0
0 1 0 29.3 50.0 186 -1 0
0 1 0 29.3 50.0 188 -1 0
0 1 0 29.3 50.0 178 -1 0
0 1 0 29.3 50.0 173 -1 0
0 1 0 29.3 50.0 170 -1 0
0 1 0 29.4 50.0 172 -1 0
0 1 0 29.3 50.0 178 -1 0
0 1 0 29.3 50.0 184 -1 0
0 1 0 29.2 51.0 181 -1 0
0 1 0 29.3 51.0 185 -1 0
0 1 0 29.3 51.0 175 -1 0
0 1 0 29.3 51.5 170 -1 0
0 1 0 29.3 51.5 167 -1 0
0 1 0 29.3 51.5 164 -1 0
0 1 0 29.4 52.0 151 -1 0
0 1 0 29.4 52.0 143 -1 0
0 1 0 29.3 52.0 136 -1 0
0 1 0 29.4 52.5 134 -1 0
0 1 0 29.3 52.5 137 -1 0
0 1 0 29.3 52.5 134 -1 0
0 1 0 29.4 52.0 129 -1 0
0 1 0 29.3 51.5 127 -1 0
0 1 0 29.3 51.0 137 -1 0
0 1 0 29.3 51.0 135 -1 0
0 1 0 29.2 51.0 132 -1 0
0 1 0 29.2 50.5 132 -1 0
0 1 0 29.3 50.5 127 -1 0
0 1 0 29.3 50.5 132 -1 0
0 1 0 29.3 50.5 130 -1 0
0 1 0 29.3 50.5 127 -1 0
0 1 0 29.2 50.5 118 -1 0
0 1 0 29.2 50.5 108 -1 0
0 1 0 29.3 51.5 102 -1 0
0 1 0 29.2 52.0 103 -1 0
0 1 0 29.3 51.5 107 -1 0
0 1 0 29.3 52.0 106 -1 0
0 1 0 29.2 52.0 108 -1 0
0 1 0 29.2 52.5 106 -1 0
0 1 0 29.2 53.0 106 -1 0
0 1 0 29.2 53.0 108 -1 0
0 1 0 29.2 53.5 113 -1 0
0 1 0 29.3 54.0 121 -1 0
0 1 0 29.3 54.5 126 -1 0
0 1 0 29.3 55.0 125 -1 0
0 1 0 29.3 54.5 123 -1 0
0 1 0 29.3 55.0 121 -1 0
0 1 0 29.3 55.5 119 -1 0
0 1 0 29.3 55.0 118 -1 0
0 1 0 29.3 55.0 114 -1 0
0 1 0 29.3 54.5 111 -1 0
0 1 0 29.3 55.0 110 -1 0
0 1 0 29.3 55.0 106 -1 0
0 1 0 29.3 55.5 103 -1 0
0 1 0 29.3 55.5 99 -1 0
0 1 0 29.3 56.0 103 -1 0
0 1 0 29.3 56.0 102 -1 0
0 1 0 29.3 56.0 106 -1 0
0 1 0 29.4 55.5 101 -1 0
0 1 0 29.3 55.0 98 -1 0
0 1 0 29.3 55.0 95 -1 0
0 1 0 29.4 54.5 91 -1 0
0 1 0 29.3 54.5 88 -1 0
0 1 0 29.3 55.5 86 -1 0
0 1 0 29.3 55.5 85 -1 0
0 1 0 29.3 55.5 81 -1 0
0 1 0 29.2 55.0 78 -1 0
0 1 0 29.2 55.0 74 -1 0
0 1 0 29.3 55.0 70 -1 0
0 1 0 29.2 55.0 70 -1 0
0 1 0 29.2 55.5 68 -1 0
0 1 0 29.3 55.5 69 -1 0
0 1 0 29.2 56.0 69 -1 0
0 1 0 29.3 56.0 67 -1 0
0 1 0 29.3 56.0 71 -1 0
0 1 0 29.3 55.5 67 -1 0
0 1 0 29.3 55.0 69 -1 0
0 1 0 29.2 55.0 71 -1 0
0 1 0 29.1 54.5 73 -1 0
0 1 0 29.2 54.5 70 -1 0
0 1 0 29.1 54.5 70 -1 0
0 1 0 29.1 54.0 70 -1 0
0 1 0 29.2 54.0 72 -1 0
0 1 0 29.2 54.5 76 -1 0
0 1 0 29.2 55.0 74 -1 0
0 1 0 29.1 55.5 72 -1 0
0 1 0 29.2 56.0 73 -1 0
0 1 0 29.2 56.0 71 -1 0
0 1 0 29.2 56.5 71 -1 0
0 1 0 29.2 57.0 69 -1 0
0 1 0 29.2 57.5 69 -1 0
0 1 0 29.2 57.5 69 -1 0
0 1 0 29.2 58.0 73 -1 0
0 1 0 29.2 58.0 74 -1 0
0 1 0 29.2 58.5 74 -1 0
0 1 0 29.3 58.5 79 -1 0
0 1 0 29.2 58.5 81 -1 0
0 1 0 29.3 58.0 82 -1 0
0 1 0 29.3 58.0 87 -1 0
0 1 0 29.2 58.0 87 -1 0
0 1 0 29.3 58.0 90 -1 0
0 1 0 29.2 58.5 94 -1 0
0 1 0 29.2 58.5 99 -1 0
0 1 0 29.3 58.5 97 -1 0
0 1 0 29.3 58.5 103 -1 0
0 1 0 29.3 59.0 102 -1 0
0 1 0 29.4 59.0 104 -1 0
0 1 0 29.3 59.0 103 -1 0
0 1 0 29.3 58.5 103 -1 0
0 1 0 29.3 58.5 109 -1 0
0 1 0 29.3 58.5 112 -1 0
0 1 0 29.3 59.0 116 -1 0
0 1 0 29.3 59.0 120 -1 0
0 1 0 29.3 59.5 117 -1 0
0 1 0 29.4 59.5 107 -1 0
0 1 0 29.4 60.0 109 -1 0
0 1 0 29.4 60.0 109 -1 0
0 1 0 29.4 60.0 113 -1 0
0 1 0 29.4 59.5 115 -1 0
0 1 0 29.4 59.5 122 -1 0
0 1 0 29.5 59.5 117 -1 0
0 1 0 29.4 59.5 111 -1 0
0 1 0 29.4 59.5 103 -1 0
0 1 0 29.4 59.5 101 -1 0
0 1 0 29.4 59.5 100 -1 0
0 1 0 29.4 59.5 96 -1 0
0 1 0 29.5 60.0 92 -1 0
0 1 0 29.5 60.0 92 -1 0
0 1 0 29.4 60.0 91 -1 0
0 1 0 29.5 60.0 91 -1 0
0 1 0 29.5 60.0 91 -1 0
0 1 0 29.4 60.0 91 -1 0
0 1 0 29.5 60.0 91 -1 0
0 1 0 29.5 60.5 93 -1 0
0 1 0 29.5 60.5 93 -1 0
0 1 0 29.5 60.5 91 -1 0
0 1 0 29.5 60.5 88 -1 0
0 1 0 29.4 60.5 84 -1 0
0 1 0 29.5 60.5 82 -1 0
0 1 0 29.4 60.5 86 -1 0
0 1 0 29.5 60.5 84 -1 0
0 1 0 29.6 60.5 81 -1 0
0 1 0 29.4 60.5 84 -1 0
0 1 0 29.5 61.0 88 -1 0
0 1 0 29.5 61.0 88 -1 0
0 1 0 29.6 61.0 89 -1 0
0 1 0 29.6 61.0 91 -1 0
0 1 0 29.5 61.0 89 -1 0
0 1 0 29.6 61.0 89 -1 0
0 1 0 29.5 61.0 89 -1 0
0 1 0 29.6 61.0 86 -1 0
0 1 0 29.6 61.0 82 -1 0
0 1 0 29.5 61.0 75 -1 0
0 1 0 29.6 61.0 73 -1 0
0 1 0 29.6 61.0 67 -1 0
0 1 0 29.6 60.5 64 -1 0
0 1 0 29.5 60.0 57 -1 0
0 1 0 29.6 60.0 55 -1 0
0 1 0 29.5 60.0 48 -1 0
0 1 0 29.5 60.5 45 -1 0
0 1 0 29.5 60.5 40 -1 0
0 1 0 29.5 60.5 38 -1 0
0 1 0 29.5 60.5 38 -1 0
0 1 0 29.5 60.5 42 -1 0
0 1 0 29.5 60.5 40 -1 0
0 1 0 29.5 61.0 43 -1 0
0 1 0 29.6 61.0 43 -1 0
0 1 0 29.6 61.5 43 -1 0
0 1 0 29.6 61.5 43 -1 0
0 1 0 29.5 62.0 41 -1 0
0 1 0 29.6 62.0 44 -1 0
0 1 0 29.5 62.5 38 -1 0
0 1 0 29.6 62.5 39 -1 0
0 1 0 29.6 62.5 33 -1 0
0 1 0 29.6 62.5 32 -1 0
0 1 0 29.6 62.0 30 -1 0
0 1 0 29.6 62.0 26 -1 0
0 1 0 29.6 62.5 26 -1 0
0 1 0 29.6 62.5 25 -1 0
0 1 0 29.6 62.5 25 -1 0
0 1 0 29.7 62.5 23 -1 0
0 1 0 29.6 63.0 20 -1 0
0 1 0 29.7 63.0 18 -1 0
0 1 0 29.7 63.5 16 -1 0
0 1 0 29.6 63.5 16 -1 0
0 1 0 29.6 64.0 16 -1 0
0 1 0 29.6 64.5 18 -1 0
0 1 0 29.5 64.5 16 -1 0
0 1 0 29.6 64.5 12 -1 0
0 1 0 29.6 64.5 13 -1 0
0 1 0 29.6 64.5 11 -1 0
0 1 0 29.5 64.5 13 -1 0
0 1 0 29.5 64.5 11 -1 0
0 1 0 29.6 64.0 9 -1 0
0 1 0 29.6 64.0 11 -1 0
0 1 0 29.5 63.5 9 -1 0
0 1 0 29.5 63.0 9 -1 0
0 1 0 29.5 62.0 9 -1 0
0 1 0 29.4 62.0 11 -1 0
0 1 0 29.4 61.5 9 -1 0
0 1 0 29.4 61.0 11 -1 0
0 1 0 29.4 60.5 11 -1 0
0 1 0 29.3 60.0 13 -1 0
0 1 0 29.4 60.0 11 -1 0
0 1 0 29.2 59.5 11 -1 0
0 1 0 29.2 59.0 11 -1 0
0 1 0 29.2 59.0 11 -1 0
0 1 0 29.3 59.0 11 -1 0
0 1 0 29.2 58.5 11 -1 0
0 1 0 29.2 58.5 11 -1 0
0 1 0 29.2 58.0 13 -1 0
0 1 0 29.1 58.0 13 -1 0
0 1 0 29.1 58.0 13 -1 0
0 1 0 29.1 57.5 13 -1 0
0 1 0 29.1 57.5 16 -1 0
0 1 0 29.0 57.5 16 -1 0
0 1 0 29.0 57.0 16 -1 0
0 1 0 29.0 57.5 14 -1 0
0 1 0 29.0 57.5 14 -1 0
0 1 0 29.0 57.5 14 -1 0
0 1 0 29.0 57.5 14 -1 0
0 1 0 28.9 57.0 14 -1 0
0 1 0 28.9 57.0 16 -1 0
0 1 0 28.9 57.5 16 -1 0
0 1 0 28.9 57.0 18 -1 0
0 1 0 28.9 57.0 14 -1 0
0 1 0 28.9 57.0 16 -1 0
0 1 0 28.8 57.0 20 -1 0
0 1 0 28.8 57.0 18 -1 0
0 1 0 28.7 56.5 20 -1 0
0 1 0 28.8 56.5 20 -1 0
0 1 0 28.8 56.5 19 -1 0
0 1 0 28.7 56.0 19 -1 0
0 1 0 28.8 56.0 21 -1 0
0 1 0 28.7 56.0 21 -1 0
0 1 0 28.7 55.5 21 -1 0
0 1 0 28.7 56.0 21 -1 0
0 1 0 28.7 55.5 23 -1 0
0 1 0 28.7 55.5 23 -1 0
0 1 0 28.7 55.5 23 -1 0
0 1 0 28.7 55.5 19 -1 0
0 1 0 28.7 55.0 19 -1 0
0 1 0 28.6 55.0 21 -1 0
0 1 0 28.7 55.0 23 -1 0
0 1 0 28.6 55.0 25 -1 0
0 1 0 28.6 55.0 23 -1 0
0 1 0 28.6 55.0 23 -1 0
0 1 0 28.7 55.0 25 -1 0
0 1 0 28.6 55.0 24 -1 0
0 1 0 28.6 55.0 24 -1 0
0 1 0 28.6 55.0 24 -1 0
0 1 0 28.5 55.0 24 -1 0
0 1 0 28.6 54.5 24 -1 0
0 1 0 28.5 54.5 24 -1 0
0 1 0 28.5 54.5 24 -1 0
0 1 0 28.5 54.5 24 -1 0
0 1 0 28.6 54.5 24 -1 0
0 1 0 28.6 54.5 26 -1 0
0 1 0 28.5 54.0 26 -1 0
0 1 0 28.5 54.0 28 -1 0
0 1 0 28.5 54.0 24 -1 0
0 1 0 28.5 54.0 26 -1 0
0 1 0 28.5 53.5 26 -1 0
0 1 0 28.6 53.5 28 -1 0
0 1 0 28.5 53.5 30 -1 0
0 1 0 28.5 53.5 26 -1 0
0 1 0 28.5 53.5 28 -1 0
0 1 0 28.5 53.5 28 -1 0
0 1 0 28.5 53.5 28 -1 0
0 1 0 28.4 53.5 28 -1 0
0 1 0 28.5 53.5 30 -1 0
0 1 0 28.5 53.0 30 -1 0
0 1 0 28.5 53.0 30 -1 0
0 1 0 28.4 53.5 28 -1 0
0 1 0 28.5 53.5 31 -1 0
0 1 0 28.5 53.5 29 -1 0
0 1 0 28.4 53.5 33 -1 0
0 1 0 28.5 54.0 33 -1 0
0 1 0 28.5 54.0 33 -1 0
0 1 0 28.4 53.5 35 -1 0
0 1 0 28.5 53.5 35 -1 0
0 1 0 28.5 53.5 37 -1 0
0 1 0 28.5 53.5 37 -1 0
0 1 0 28.5 53.0 34 -1 0
0 1 0 28.4 53.0 36 -1 0
0 1 0 28.4 53.0 38 -1 0
0 1 0 28.4 53.0 38 -1 0
0 1 0 28.4 53.0 36 -1 0
0 1 0 28.4 52.5 38 -1 0
0 1 0 28.4 52.5 40 -1 0
0 1 0 28.4 52.5 38 -1 0
0 1 0 28.4 52.0 40 -1 0
0 1 0 28.4 52.0 40 -1 0
0 1 0 28.3 52.0 38 -1 0
0 1 0 28.4 52.0 38 -1 0
0 1 0 28.3 52.0 36 -1 0
0 1 0 28.4 52.0 36 -1 0
0 1 0 28.4 52.0 34 -1 0
0 1 0 28.3 52.0 36 -1 0
0 1 0 28.3 52.5 34 -1 0
0 1 0 28.4 52.5 34 -1 0
0 1 0 28.4 52.5 34 -1 0
0 1 0 28.3 52.5 36 -1 0
0 1 0 28.4 52.5 34 -1 0
0 1 0 28.4 52.5 34 -1 0
0 1 0 28.3 52.0 38 -1 0
0 1 0 28.3 52.0 37 -1 0
0 1 0 28.3 52.0 39 -1 0
0 1 0 28.3 52.0 39 -1 0
0 1 0 28.3 52.0 39 -1 0
0 1 0 28.3 52.0 37 -1 0
0 1 0 28.3 51.5 38 -1 0
0 1 0 28.3 51.5 34 -1 0
0 1 0 28.4 51.5 34 -1 0
0 1 0 28.3 51.5 34 -1 0
0 1 0 28.3 51.5 31 -1 0
0 1 0 28.2 52.5 29 -1 0
0 1 0 28.3 52.5 27 -1 0
0 1 0 28.3 52.5 24 -1 0
0 1 0 28.3 53.0 26 -1 0
0 1 0 28.3 53.5 24 -1 0
0 1 0 28.2 53.5 24 -1 0
0 1 0 28.3 54.0 24 -1 0
0 1 0 28.2 54.0 26 -1 0
0 1 0 28.4 54.0 24 -1 0
0 1 0 28.2 54.5 24 -1 0
0 1 0 28.3 54.5 24 -1 0
0 1 0 28.3 54.5 26 -1 0
0 1 0 28.3 54.5 26 -1 0
0 1 0 28.3 54.5 26 -1 0
0 1 0 28.3 54.0 28 -1 0
0 1 0 28.3 54.0 28 -1 0
0 1 0 28.3 54.0 28 -1 0
0 1 0 28.3 54.0 27 -1 0
0 1 0 28.3 53.5 27 -1 0
0 1 0 28.3 53.5 29 -1 0
0 1 0 28.3 54.0 29 -1 0
0 1 0 28.3 54.0 29 -1 0
0 1 0 28.3 54.0 31 -1 0
0 1 0 28.3 54.0 31 -1 0
0 1 0 28.4 54.0 31 -1 0
0 1 0 28.3 54.0 31 -1 0
0 1 0 28.3 54.0 29 -1 0
0 1 0 28.3 54.5 27 -1 0
0 1 0 28.2 54.0 28 -1 0
0 1 0 28.3 54.0 26 -1 0
0 1 0 28.2 54.0 26 -1 0
0 1 0 28.3 54.0 28 -1 0
0 1 0 28.3 54.5 28 -1 0
0 1 0 28.3 54.0 27 -1 0
0 1 0 28.3 54.5 29 -1 0
0 1 0 28.3 54.5 31 -1 0
0 1 0 28.3 54.5 31 -1 0
0 1 0 28.3 54.5 29 -1 0
0 1 0 28.3 54.5 27 -1 0
0 1 0 28.3 54.5 27 -1 0
0 1 0 28.2 54.5 29 -1 0
0 1 0 28.3 54.0 31 -1 0
0 1 0 28.3 54.0 29 -1 0
0 1 0 28.2 54.0 33 -1 0
0 1 0 28.3 54.0 31 -1 0
0 1 0 28.3 54.0 31 -1 0
0 1 0 28.3 53.5 33 -1 0
0 1 0 28.2 53.5 29 -1 0
0 1 0 28.3 53.5 31 -1 0
0 1 0 28.3 53.5 31 -1 0
0 1 0 28.2 53.5 31 -1 0
0 1 0 28.2 53.5 29 -1 0
0 1 0 28.3 53.5 33 -1 0
0 1 0 28.2 53.5 33 -1 0
0 1 0 28.2 53.5 36 -1 0
0 1 0 28.2 53.0 38 -1 0
0 1 0 28.2 53.5 40 -1 0
0 1 0 28.2 53.5 39 -1 0
0 1 0 28.3 53.0 41 -1 0
0 1 0 28.2 53.0 41 -1 0
0 1 0 28.2 53.0 46 -1 0
0 1 0 28.2 53.0 46 -1 0
0 1 0 28.2 53.0 48 -1 0
0 1 0 28.2 52.5 48 -1 0
0 1 0 28.2 52.5 48 -1 0
0 1 0 28.2 52.5 50 -1 0
0 1 0 28.2 52.5 48 -1 0
0 1 0 28.2 52.5 50 -1 0
0 1 0 28.2 52.5 46 -1 0
0 1 0 28.2 52.5 48 -1 0
0 1 0 28.3 52.5 48 -1 0
0 1 0 28.2 52.5 46 -1 0
0 1 0 28.2 52.0 46 -1 0
0 1 0 28.2 52.5 46 -1 0
0 1 0 28.2 52.0 47 -1 0
0 1 0 28.2 52.0 43 -1 0
0 1 0 28.2 52.0 43 -1 0
0 1 0 28.2 52.0 41 -1 0
0 1 0 28.2 52.0 40 -1 0
0 1 0 28.2 52.0 36 -1 0
0 1 0 28.2 52.0 38 -1 0
0 1 0 28.1 52.0 36 -1 0
0 1 0 28.2 52.0 36 -1 0
0 1 0 28.2 51.5 36 -1 0
0 1 0 28.2 51.5 34 -1 0
0 1 0 28.2 51.5 35 -1 0
0 1 0 28.2 51.5 35 -1 0
0 1 0 28.1 51.5 33 -1 0
0 1 0 28.2 51.5 33 -1 0
0 1 0 28.2 51.5 31 -1 0
0 1 0 28.1 51.0 33 -1 0
0 1 0 28.2 51.5 33 -1 0
0 1 0 28.2 51.0 29 -1 0
0 1 0 28.1 51.0 33 -1 0
0 1 0 28.1 51.0 31 -1 0
0 1 0 28.2 51.0 29 -1 0
0 1 0 28.1 51.0 29 -1 0
0 1 0 28.1 51.0 29 -1 0
0 1 0 28.2 50.5 33 -1 0
0 1 0 28.1 50.5 31 -1 0
0 1 0 28.1 50.5 31 -1 0
0 1 0 28.1 50.5 28 -1 0
0 1 0 28.1 50.5 28 -1 0
0 1 0 28.1 50.5 28 -1 0
0 1 0 28.2 50.5 26 -1 0
0 1 0 28.1 50.5 24 -1 0
0 1 0 28.1 50.5 26 -1 0
0 1 0 28.1 50.0 24 -1 0
0 1 0 28.1 50.5 26 -1 0
0 1 0 28.1 50.5 21 -1 0
0 1 0 28.1 50.5 23 -1 0
0 1 0 28.1 50.0 21 -1 0
0 1 0 28.1 50.5 19 -1 0
0 1 0 28.1 50.0 23 -1 0
0 1 0 28.1 50.0 21 -1 0
0 1 0 28.1 50.0 21 -1 0
0 1 0 28.1 50.0 19 -1 0
0 1 0 28.2 50.0 19 -1 0
0 1 0 28.1 50.0 17 -1 0
0 1 0 28.1 50.0 21 -1 0
0 1 0 28.1 50.0 21 -1 0
0 1 0 28.2 50.0 21 -1 0
0 1 0 28.1 50.0 21 -1 0
0 1 0 28.1 50.0 17 -1 0
0 1 0 28.1 50.0 19 -1 0
0 1 0 28.1 50.0 19 -1 0
0 1 0 28.1 49.5 19 -1 0
0 1 0 28.1 50.0 21 -1 0
0 1 0 28.1 50.0 21 -1 0
0 1 0 28.2 50.0 21 -1 0
0 1 0 28.1 50.0 21 -1 0
0 1 0 28.1 50.0 21 -1 0
0 1 0 28.1 50.0 21 -1 0
0 1 0 28.1 49.5 21 -1 0
0 1 0 28.1 49.5 19 -1 0
0 1 0 28.1 49.5 17 -1 0
0 1 0 28.1 49.5 17 -1 0
0 1 0 28.0 49.5 19 -1 0
0 1 0 28.1 49.5 19 -1 0
0 1 0 28.1 49.5 17 -1 0
0 1 0 28.1 49.5 17 -1 0
0 1 0 28.1 49.5 15 -1 0
0 1 0 28.1 49.5 18 -1 0
0 1 0 28.1 49.5 16 -1 0
0 1 0 28.1 49.5 16 -1 0
0 1 0 28.1 49.5 14 -1 0
0 1 0 28.1 49.5 14 -1 0
0 1 0 28.1 49.5 14 -1 0
0 1 0 28.1 49.5 14 -1 0
0 1 0 28.1 49.5 12 -1 0
0 1 0 28.1 49.5 16 -1 0
0 1 0 28.1 49.5 16 -1 0
0 1 0 28.0 49.5 16 -1 0
0 1 0 28.1 49.5 14 -1 0
0 1 0 28.1 49.0 14 -1 0
0 1 0 28.1 49.5 12 -1 0
0 1 0 28.0 49.0 12 -1 0
0 1 0 28.0 49.0 14 -1 0
0 1 0 28.1 49.0 12 -1 0
0 1 0 28.1 49.0 10 -1 0
0 1 0 28.1 49.0 11 -1 0
0 1 0 28.1 49.0 9 -1 0
0 1 0 28.1 49.0 7 -1 0
0 1 0 28.0 49.0 9 -1 0
0 1 0 28.1 49.0 7 -1 0
0 1 0 28.1 49.0 7 -1 0
0 1 0 28.1 49.0 5 -1 0
0 1 0 28.0 49.0 6 -1 0
0 1 0 28.1 49.0 6 -1 0
0 1 0 28.1 49.0 4 -1 0
0 1 0 28.1 49.0 4 -1 0
0 1 0 28.0 49.0 4 -1 0
0 1 0 28.1 49.0 4 -1 0
0 1 0 28.0 49.0 4 -1 0
0 1 0 28.0 49.0 4 -1 0
0 1 0 28.1 49.0 4 -1 0
0 1 0 28.0 49.0 4 -1 0
0 1 0 28.0 49.0 4 -1 0
0 1 0 28.0 49.0 4 -1 0
0 1 0 28.0 49.0 4 -1 0
0 1 0 28.0 49.0 4 -1 0
0 1 0 28.0 49.0 4 -1 0
0 1 0 28.1 49.0 4 -1 0
0 1 0 28.1 49.0 4 -1 0
0 1 0 28.1 49.0 2 -1 0
0 1 0 28.1 49.0 2 -1 0
0 1 0 28.0 49.0 2 -1 0
0 1 0 28.0 49.0 2 -1 0
0 1 0 28.0 49.0 2 -1 0
0 1 0 28.0 49.0 4 -1 0
0 1 0 28.0 49.0 4 -1 0
0 1 0 28.0 49.0 4 -1 0
0 1 0 28.0 49.0 4 -1 0
0 1 0 28.0 49.0 4 -1 0
0 1 0 28.0 48.5 2 -1 0
0 1 0 28.0 48.5 2 -1 0
0 1 0 28.0 48.5 2 -1 0
0 1 0 27.9 48.5 2 -1 0
0 1 0 28.0 48.5 1 -1 0
0 1 0 27.9 48.5 1 -1 0
0 1 0 28.0 48.5 1 -1 0
0 1 0 27.9 48.5 1 -1 0
0 1 0 28.0 48.5 4 -1 0
0 1 0 27.9 48.5 2 -1 0
0 1 0 27.9 48.5 2 -1 0
0 1 0 28.0 48.5 2 -1 0
0 1 0 28.0 48.5 2 -1 0
0 1 0 27.9 48.5 0 -1 0
0 1 0 27.9 48.5 0 -1 0
0 1 0 27.9 48.5 0 -1 0
0 1 0 27.9 48.5 0 -1 0
0 1 0 27.9 48.5 0 -1 0
0 1 0 27.9 48.5 0 -1 0
0 1 0 27.9 48.5 0 -1 0
0 1 0 27.9 48.0 1 -1 0
0 1 0 27.9 48.0 1 -1 0
0 1 0 27.9 48.0 1 -1 0
0 1 0 27.8 48.0 1 -1 0
0 1 0 27.9 48.0 1 -1 0
0 1 0 27.8 48.0 1 -1 0
0 1 0 27.9 48.0 1 -1 0
0 1 0 27.9 48.5 1 -1 0
0 1 0 27.8 48.5 1 -1 0
0 1 0 27.8 48.0 1 -1 0
0 1 0 27.8 48.0 1 -1 0
0 1 0 27.7 48.0 1 -1 0
0 1 0 27.8 48.0 1 -1 0
0 1 0 27.8 48.0 1 -1 0
0 1 0 27.8 48.0 1 -1 0
0 1 0 27.8 48.0 1 -1 0
0 1 0 27.8 48.0 1 -1 0
0 1 0 27.8 48.0 2 -1 0
0 1 0 27.8 48.0 2 -1 0
0 1 0 27.8 48.0 2 -1 0
0 1 0 27.8 48.0 2 -1 0
0 1 0 27.8 48.0 2 -1 0
0 1 0 27.8 48.0 2 -1 0
0 1 0 27.8 48.0 2 -1 0
0 1 0 27.8 47.5 2 -1 0
0 1 0 27.8 48.0 2 -1 0
0 1 0 27.7 48.0 2 -1 0
0 1 0 27.7 47.5 2 -1 0
0 1 0 27.8 47.5 2 -1 0
0 1 0 27.7 47.5 2 -1 0
0 1 0 27.7 47.5 2 -1 0
0 1 0 27.7 47.5 2 -1 0
0 1 0 27.6 47.5 2 -1 0
0 1 0 27.7 47.5 2 -1 0
0 1 0 27.7 47.5 2 -1 0
0 1 0 27.7 47.5 2 -1 0
0 1 0 27.7 47.5 2 -1 0
0 1 0 27.7 47.5 2 -1 0
0 1 0 27.7 47.5 2 -1 0
0 1 0 27.7 47.5 2 -1 0
0 1 0 27.7 47.5 2 -1 0
0 1 0 27.7 47.5 2 -1 0
0 1 0 27.7 47.5 2 -1 0
0 1 0 27.7 47.5 2 -1 0
0 1 0 27.7 47.5 2 -1 0
0 1 0 27.7 47.5 2 -1 0
0 1 0 27.6 47.5 2 -1 0
0 1 0 27.6 47.5 2 -1 0
0 1 0 27.7 47.5 2 -1 0
0 1 0 27.6 47.5 2 -1 0
0 1 0 27.6 47.5 2 -1 0
0 1 0 27.6 47.5 2 -1 0
0 1 0 27.6 47.5 2 -1 0
0 1 0 27.6 47.5 2 -1 0
0 1 0 27.6 47.0 2 -1 0
0 1 0 27.6 47.5 2 -1 0
0 1 0 27.6 47.0 2 -1 0
0 1 0 27.6 47.5 2 -1 0
0 1 0 27.6 47.0 2 -1 0
0 1 0 27.6 47.0 2 -1 0
0 1 0 27.7 47.0 2 -1 0
0 1 0 27.6 47.0 2 -1 0
0 1 0 27.6 47.0 2 -1 0
0 1 0 27.6 47.0 2 -1 0
0 1 0 27.6 47.0 2 -1 0
0 1 0 27.6 47.0 2 -1 0
0 1 0 27.6 47.0 2 -1 0
0 1 0 27.6 47.0 2 -1 0
0 1 0 27.6 47.0 2 -1 0
0 1 0 27.5 47.0 2 -1 0
0 1 0 27.6 47.0 2 -1 0
0 1 0 27.5 47.0 2 -1 0
0 1 0 27.5 47.0 2 -1 0
0 1 0 27.5 47.0 2 -1 0
0 1 0 27.5 47.0 2 -1 0
0 1 0 27.6 47.0 2 -1 0
0 1 0 27.5 47.0 2 -1 0
0 1 0 27.5 47.0 2 -1 0
0 1 0 27.4 47.0 2 -1 0
0 1 0 27.5 47.0 2 -1 0
0 1 0 27.5 47.0 2 -1 0
0 1 0 27.5 47.0 2 -1 0
0 1 0 27.5 47.0 2 -1 0
0 1 0 27.4 47.0 2 -1 0
0 1 0 27.5 47.0 2 -1 0
0 1 0 27.4 47.0 2 -1 0
0 1 0 27.5 47.0 2 -1 0
0 1 0 27.5 47.0 2 -1 0
0 1 0 27.5 47.0 2 -1 0
0 1 0 27.5 47.0 2 -1 0
0 1 0 27.5 47.0 2 -1 0
0 1 0 27.4 47.0 2 -1 0
0 1 0 27.5 47.0 2 -1 0
0 1 0 27.5 47.0 2 -1 0
0 1 0 27.4 46.5 2 -1 0
0 1 0 27.5 46.5 2 -1 0
0 1 0 27.5 47.0 2 -1 0
0 1 0 27.4 46.5 2 -1 0
0 1 0 27.4 46.5 2 -1 0
0 1 0 27.5 46.5 2 -1 0
0 1 0 27.4 46.5 2 -1 0
0 1 0 27.4 46.5 2 -1 0
0 1 0 27.4 46.5 2 -1 0
0 1 0 27.4 46.5 2 -1 0
0 1 0 27.5 46.5 2 -1 0
0 1 0 27.5 46.5 2 -1 0
0 1 0 27.4 46.5 2 -1 0
0 1 0 27.4 46.5 2 -1 0
0 1 0 27.5 46.5 2 -1 0
0 1 0 27.4 46.5 2 -1 0
0 1 0 27.5 46.5 2 -1 0
0 1 0 27.5 46.5 2 -1 0
0 1 0 27.5 46.5 2 -1 0
0 1 0 27.5 46.5 2 -1 0
0 1 0 27.5 46.5 2 -1 0
0 1 0 27.5 47.0 2 -1 0
0 1 0 27.4 47.0 2 -1 0
0 1 0 27.5 47.0 2 -1 0
0 1 0 27.5 47.0 2 -1 0
0 1 0 27.5 47.0 2 -1 0
0 1 0 27.5 47.0 2 -1 0
0 1 0 27.5 47.0 2 -1 0
0 1 0 27.4 47.0 2 -1 0
0 1 0 27.5 47.0 2 -1 0
0 1 0 27.5 47.0 2 -1 0
0 1 0 27.4 47.0 2 -1 0
0 1 0 27.4 47.0 2 -1 0
0 1 0 27.5 47.0 2 -1 0
0 1 0 27.5 47.0 0 -1 0
0 1 0 27.5 47.0 2 -1 0
0 1 0 27.5 47.0 2 -1 0
0 1 0 27.5 47.0 2 -1 0
0 1 0 27.5 47.0 2 -1 0
0 1 0 27.6 47.0 2 -1 0
0 1 0 27.5 47.0 2 -1 0
0 1 0 27.4 47.0 2 -1 0
0 1 0 27.4 47.0 2 -1 0
0 1 0 27.5 47.0 2 -1 0
0 1 0 27.5 47.0 2 -1 0
0 1 0 27.5 47.0 2 -1 0
0 1 0 27.5 47.0 2 -1 0
0 1 0 27.5 47.0 2 -1 0
0 1 0 27.5 47.0 2 -1 0
0 1 0 27.5 47.0 2 -1 0
0 1 0 27.5 47.0 2 -1 0
0 1 0 27.5 47.0 2 -1 0
0 1 0 27.5 47.0 2 -1 0
0 1 0 27.5 47.0 2 -1 0
0 1 0 27.4 47.0 2 -1 0
0 1 0 27.5 47.0 2 -1 0
0 1 0 27.4 47.0 2 -1 0
0 1 0 27.4 47.0 2 -1 0
0 1 0 27.5 47.0 2 -1 0
0 1 0 27.5 47.0 2 -1 0
0 1 0 27.5 47.0 2 -1 0
0 1 0 27.5 47.0 2 -1 0
0 1 0 27.5 47.0 2 -1 0
0 1 0 27.5 47.0 2 -1 0
0 1 0 27.4 47.0 2 -1 0
0 1 0 27.4 47.0 2 -1 0
0 1 0 27.4 47.0 2 -1 0
0 1 0 27.5 47.0 2 -1 0
0 1 0 27.5 47.0 2 -1 0
0 1 0 27.5 47.0 2 -1 0
0 1 0 27.5 47.0 2 -1 0
0 1 0 27.5 47.0 2 -1 0
0 1 0 27.5 47.0 2 -1 0
0 1 0 27.5 47.0 2 -1 0
0 1 0 27.5 47.0 2 -1 0
0 1 0 27.5 47.0 2 -1 0
0 1 0 27.5 47.0 2 -1 0
0 1 0 27.6 47.0 2 -1 0
0 1 0 27.4 47.0 2 -1 0
0 1 0 27.5 47.0 2 -1 0
0 1 0 27.5 47.0 2 -1 0
0 1 0 27.5 47.0 2 -1 0
0 1 0 27.5 47.0 2 -1 0
0 1 0 27.5 47.0 2 -1 0
0 1 0 27.5 47.0 2 -1 0
0 1 0 27.5 47.0 2 -1 0
0 1 0 27.5 47.0 2 -1 0
0 1 0 27.5 47.0 2 -1 0
0 1 0 27.4 47.0 2 -1 0
0 1 0 27.5 47.0 2 -1 0
0 1 0 27.5 47.0 2 -1 0
0 1 0 27.5 47.0 2 -1 0
0 1 0 27.5 47.0 2 -1 0
0 1 0 27.5 47.0 2 -1 0
0 1 0 27.5 47.0 2 -1 0
0 1 0 27.6 47.0 2 -1 0
0 1 0 27.5 47.0 2 -1 0
0 1 0 27.6 47.0 2 -1 0
0 1 0 27.5 47.0 2 -1 0
0 1 0 27.5 47.0 2 -1 0
0 1 0 27.5 47.0 2 -1 0
0 1 0 27.5 47.0 2 -1 0
0 1 0 27.5 47.0 2 -1 0
0 1 0 27.5 47.0 2 -1 0
0 1 0 27.5 47.0 2 -1 0
0 1 0 27.5 47.0 2 -1 0
0 1 0 27.5 47.0 2 -1 0
0 1 0 27.6 47.0 2 -1 0
0 1 0 27.5 47.0 2 -1 0
0 1 0 27.5 47.0 2 -1 0
0 1 0 27.5 47.0 2 -1 0
0 1 0 27.6 47.0 2 -1 0
0 1 0 27.5 47.0 2 -1 0
0 1 0 27.6 47.0 2 -1 0
0 1 0 27.5 47.0 2 -1 0
0 1 0 27.5 47.0 2 -1 0
0 1 0 27.5 47.0 2 -1 0
0 1 0 27.5 47.0 2 -1 0
0 1 0 27.5 47.0 2 -1 0
0 1 0 27.6 47.0 2 -1 0
0 1 0 27.5 47.0 2 -1 0
0 1 0 27.5 47.0 2 -1 0
0 1 0 27.5 47.0 2 -1 0
0 1 0 27.5 47.0 2 -1 0
0 1 0 27.5 47.5 2 -1 0
0 1 0 27.6 47.0 2 -1 0
0 1 0 27.5 47.0 2 -1 0
0 1 0 27.5 47.5 2 -1 0
0 1 0 27.5 47.0 2 -1 0
0 1 0 27.5 47.5 2 -1 0
0 1 0 27.6 47.5 2 -1 0
0 1 0 27.5 47.5 2 -1 0
0 1 0 27.6 47.0 2 -1 0
0 1 0 27.5 47.5 2 -1 0
0 1 0 27.5 47.5 2 -1 0
0 1 0 27.5 47.5 2 -1 0
0 1 0 27.6 47.5 2 -1 0
0 1 0 27.6 47.5 2 -1 0
0 1 0 27.5 47.5 2 -1 0
0 1 0 27.5 47.5 2 -1 0
0 1 0 27.5 47.5 2 -1 0
0 1 0 27.5 47.5 2 -1 0
0 1 0 27.5 47.5 0 -1 0
0 1 0 27.5 47.5 2 -1 0
0 1 0 27.6 47.5 2 -1 0
0 1 0 27.5 47.5 2 -1 0
0 1 0 27.5 47.5 2 -1 0
0 1 0 27.6 47.5 2 -1 0
0 1 0 27.6 47.5 2 -1 0
0 1 0 27.6 47.5 2 -1 0
0 1 0 27.5 47.5 2 -1 0
0 1 0 27.5 47.5 2 -1 0
0 1 0 27.5 47.5 2 -1 0
0 1 0 27.5 47.5 2 -1 0
0 1 0 27.5 47.5 2 -1 0
0 1 0 27.5 47.5 2 -1 0
0 1 0 27.6 47.5 2 -1 0
0 1 0 27.6 47.5 2 -1 0
0 1 0 27.5 47.5 2 -1 0
0 1 0 27.5 47.5 2 -1 0
0 1 0 27.6 47.5 2 -1 0
0 1 0 27.6 47.5 2 -1 0
0 1 0 27.5 47.5 2 -1 0
0 1 0 27.5 47.5 2 -1 0
0 1 0 27.5 47.5 2 -1 0
0 1 0 27.5 47.5 2 -1 0
0 1 0 27.6 47.5 2 -1 0
0 1 0 27.6 47.5 2 -1 0
0 1 0 27.5 47.5 2 -1 0
0 1 0 27.5 47.5 2 -1 0
0 1 0 27.5 47.5 2 -1 0
0 1 0 27.6 47.5 2 -1 0
0 1 0 27.5 47.5 2 -1 0
0 1 0 27.5 47.5 2 -1 0
0 1 0 27.6 47.5 2 -1 0
0 1 0 27.5 47.5 2 -1 0
0 1 0 27.5 47.5 2 -1 0
0 1 0 27.5 47.5 2 -1 0
0 1 0 27.6 47.5 2 -1 0
0 1 0 27.6 47.5 2 -1 0
0 1 0 27.5 47.5 2 -1 0
0 1 0 27.5 47.5 2 -1 0
0 1 0 27.5 47.5 2 -1 0
0 1 0 27.5 47.5 2 -1 0
0 1 0 27.6 47.5 2 -1 0
0 1 0 27.6 47.5 2 -1 0
0 1 0 27.5 47.5 2 -1 0
0 1 0 27.6 47.5 2 -1 0
0 1 0 27.5 47.5 2 -1 0
0 1 0 27.6 47.5 2 -1 0
0 1 0 27.6 47.5 2 -1 0
0 1 0 27.5 47.5 2 -1 0
0 1 0 27.6 47.5 2 -1 0
0 1 0 27.6 47.5 2 -1 0
0 1 0 27.6 47.5 2 -1 0
0 1 0 27.5 47.5 2 -1 0
0 1 0 27.6 47.5 2 -1 0
0 1 0 27.5 47.5 2 -1 0
0 1 0 27.6 47.5 2 -1 0
0 1 0 27.5 47.5 2 -1 0
0 1 0 27.5 47.5 2 -1 0
0 1 0 27.6 47.5 2 -1 0
0 1 0 27.6 47.5 2 -1 0
0 1 0 27.5 47.5 2 -1 0
0 1 0 27.5 47.5 2 -1 0
0 1 0 27.6 47.5 2 -1 0
0 1 0 27.6 47.5 2 -1 0
0 1 0 27.5 47.5 2 -1 0
0 1 0 27.5 47.5 2 -1 0
0 1 0 27.5 47.5 2 -1 0
