0 1 0 27.4 60.0 2 -1 0
0 1 0 27.3 60.5 2 -1 0
0 1 0 27.4 60.0 2 -1 0
0 1 0 27.3 60.5 2 -1 0
0 1 0 27.4 60.5 2 -1 0
0 1 0 27.4 60.5 2 -1 0
0 1 0 27.4 60.5 2 -1 0
0 1 0 27.4 60.5 2 -1 0
0 1 0 27.4 60.5 2 -1 0
0 1 0 27.5 60.5 2 -1 0
0 1 0 27.5 60.5 2 -1 0
0 1 0 27.4 61.0 2 -1 0
0 1 0 27.4 61.0 2 -1 0
0 1 0 27.4 61.0 2 -1 0
0 1 0 27.4 61.0 2 -1 0
0 1 0 27.4 61.0 2 -1 0
0 1 0 27.5 61.0 2 -1 0
0 1 0 27.4 60.5 2 -1 0
0 1 0 27.5 60.5 2 -1 0
0 1 0 27.4 60.5 2 -1 0
0 1 0 27.4 60.5 2 -1 0
0 1 0 27.5 61.0 2 -1 0
0 1 0 27.4 60.5 2 -1 0
0 1 0 27.4 60.5 2 -1 0
0 1 0 27.4 61.0 2 -1 0
0 1 0 27.5 61.0 2 -1 0
0 1 0 27.5 61.5 2 -1 0
0 1 0 27.5 61.5 2 -1 0
0 1 0 27.5 61.5 2 -1 0
0 1 0 27.5 61.0 2 -1 0
0 1 0 27.5 61.0 2 -1 0
0 1 0 27.5 61.0 2 -1 0
0 1 0 27.5 61.0 2 -1 0
0 1 0 27.5 61.0 2 -1 0
0 1 0 27.6 61.0 2 -1 0
0 1 0 27.5 61.0 2 -1 0
0 1 0 27.5 61.0 2 -1 0
0 1 0 27.5 61.5 2 -1 0
0 1 0 27.6 61.5 2 -1 0
0 1 0 27.6 61.5 2 -1 0
0 1 0 27.5 61.5 2 -1 0
0 1 0 27.5 61.0 2 -1 0
0 1 0 27.6 61.5 2 -1 0
0 1 0 27.5 61.5 2 -1 0
0 1 0 27.6 61.5 2 -1 0
0 1 0 27.6 61.5 2 -1 0
0 1 0 27.6 61.5 2 -1 0
0 1 0 27.5 61.5 2 -1 0
0 1 0 27.6 61.5 2 -1 0
0 1 0 27.6 61.5 2 -1 0
0 1 0 27.6 61.5 2 -1 0
0 1 0 27.6 61.5 2 -1 0
0 1 0 27.5 61.5 2 -1 0
0 1 0 27.6 62.0 2 -1 0
0 1 0 27.6 62.0 2 -1 0
0 1 0 27.6 62.0 2 -1 0
0 1 0 27.6 62.0 2 -1 0
0 1 0 27.6 62.5 2 -1 0
0 1 0 27.7 62.0 2 -1 0
0 1 0 27.6 62.0 2 -1 0
0 1 0 27.7 62.0 2 -1 0
0 1 0 27.6 62.0 2 -1 0
0 1 0 27.6 62.0 2 -1 0
0 1 0 27.6 62.0 2 -1 0
0 1 0 27.7 62.0 2 -1 0
0 1 0 27.6 62.0 2 -1 0
0 1 0 27.6 62.0 2 -1 0
0 1 0 27.7 62.0 2 -1 0
0 1 0 27.7 62.0 2 -1 0
0 1 0 27.6 62.5 2 -1 0
0 1 0 27.6 62.5 2 -1 0
0 1 0 27.7 62.0 2 -1 0
0 1 0 27.7 62.0 2 -1 0
0 1 0 27.7 62.0 2 -1 0
0 1 0 27.7 62.0 2 -1 0
0 1 0 27.7 62.0 2 -1 0
0 1 0 27.7 62.0 2 -1 0
0 1 0 27.7 62.0 2 -1 0
0 1 0 27.7 62.0 2 -1 0
0 1 0 27.7 62.0 2 -1 0
0 1 0 27.7 62.0 2 -1 0
0 1 0 27.7 62.0 2 -1 0
0 1 0 27.7 61.5 2 -1 0
0 1 0 27.7 62.0 2 -1 0
0 1 0 27.7 61.5 2 -1 0
0 1 0 27.7 61.5 2 -1 0
0 1 0 27.7 62.0 2 -1 0
0 1 0 27.6 61.5 2 -1 0
0 1 0 27.7 62.0 2 -1 0
0 1 0 27.8 62.0 2 -1 0
0 1 0 27.7 62.5 2 -1 0
0 1 0 27.7 62.5 2 -1 0
0 1 0 27.7 62.0 2 -1 0
0 1 0 27.8 62.0 2 -1 0
0 1 0 27.7 62.0 2 -1 0
0 1 0 27.8 62.0 2 -1 0
0 1 0 27.7 62.0 2 -1 0
0 1 0 27.8 62.0 2 -1 0
0 1 0 27.8 62.0 2 -1 0
0 1 0 27.7 62.0 2 -1 0
0 1 0 27.8 62.0 2 -1 0
0 1 0 27.8 62.0 2 -1 0
0 1 0 27.8 62.0 2 -1 0
0 1 0 27.7 62.0 2 -1 0
0 1 0 27.7 62.0 2 -1 0
0 1 0 27.7 62.0 2 -1 0
0 1 0 27.8 62.0 2 -1 0
0 1 0 27.8 62.0 2 -1 0
0 1 0 27.8 62.0 2 -1 0
0 1 0 27.8 62.5 2 -1 0
0 1 0 27.8 62.5 2 -1 0
0 1 0 27.8 63.0 2 -1 0
0 1 0 27.8 63.0 2 -1 0
0 1 0 27.8 63.0 2 -1 0
0 1 0 27.8 63.0 2 -1 0
0 1 0 27.8 62.5 2 -1 0
0 1 0 27.8 62.5 2 -1 0
0 1 0 27.8 62.5 2 -1 0
0 1 0 27.9 62.5 2 -1 0
0 1 0 27.9 62.5 2 -1 0
0 1 0 27.9 62.5 2 -1 0
0 1 0 27.8 62.5 2 -1 0
0 1 0 27.8 62.5 2 -1 0
0 1 0 27.8 62.5 2 -1 0
0 1 0 27.8 62.5 2 -1 0
0 1 0 27.8 62.5 2 -1 0
0 1 0 27.8 62.5 2 -1 0
0 1 0 27.8 62.5 2 -1 0
0 1 0 27.8 62.5 2 -1 0
0 1 0 27.9 62.5 2 -1 0
0 1 0 27.9 62.5 2 -1 0
0 1 0 27.9 62.5 2 -1 0
0 1 0 27.9 62.5 2 -1 0
0 1 0 27.9 62.5 2 -1 0
0 1 0 27.9 62.5 2 -1 0
0 1 0 27.8 62.5 2 -1 0
0 1 0 27.9 62.5 2 -1 0
0 1 0 27.8 62.5 2 -1 0
0 1 0 27.8 62.5 2 -1 0
0 1 0 27.9 62.5 2 -1 0
0 1 0 27.9 62.5 2 -1 0
0 1 0 27.9 62.5 2 -1 0
0 1 0 27.9 62.5 2 -1 0
0 1 0 27.9 62.5 2 -1 0
0 1 0 27.9 62.0 2 -1 0
0 1 0 27.8 62.5 2 -1 0
0 1 0 27.9 62.5 2 -1 0
0 1 0 27.8 63.0 2 -1 0
0 1 0 27.9 63.0 2 -1 0
0 1 0 27.9 63.0 2 -1 0
0 1 0 28.0 63.0 2 -1 0
0 1 0 28.0 63.0 2 -1 0
0 1 0 27.9 63.0 2 -1 0
0 1 0 28.0 63.0 2 -1 0
0 1 0 27.9 63.0 2 -1 0
0 1 0 28.0 63.0 2 -1 0
0 1 0 27.9 63.0 2 -1 0
0 1 0 27.9 63.0 2 -1 0
0 1 0 27.9 63.0 2 -1 0
0 1 0 27.9 63.0 2 -1 0
0 1 0 27.8 63.0 2 -1 0
0 1 0 27.9 63.0 2 -1 0
0 1 0 27.9 63.0 2 -1 0
0 1 0 28.0 63.0 2 -1 0
0 1 0 27.9 63.0 2 -1 0
0 1 0 27.9 63.0 2 -1 0
0 1 0 27.9 63.0 2 -1 0
0 1 0 27.9 63.0 2 -1 0
0 1 0 28.0 63.0 2 -1 0
0 1 0 27.9 63.0 2 -1 0
0 1 0 27.9 63.0 2 -1 0
0 1 0 27.9 63.0 2 -1 0
0 1 0 27.9 63.0 2 -1 0
0 1 0 27.9 63.0 2 -1 0
0 1 0 27.9 63.0 2 -1 0
0 1 0 27.9 63.0 2 -1 0
0 1 0 28.0 63.0 2 -1 0
0 1 0 28.0 63.0 2 -1 0
0 1 0 27.9 63.0 2 -1 0
0 1 0 27.9 63.0 2 -1 0
0 1 0 27.9 63.0 2 -1 0
0 1 0 28.0 63.0 2 -1 0
0 1 0 27.9 63.0 2 -1 0
0 1 0 27.9 63.0 2 -1 0
0 1 0 28.0 63.0 2 -1 0
0 1 0 28.0 63.0 2 -1 0
0 1 0 28.0 63.0 2 -1 0
0 1 0 28.0 63.0 2 -1 0
0 1 0 27.9 63.0 2 -1 0
0 1 0 27.9 63.0 2 -1 0
0 1 0 27.9 63.0 2 -1 0
0 1 0 28.0 63.0 2 -1 0
0 1 0 28.0 63.0 2 -1 0
0 1 0 27.9 63.0 2 -1 0
0 1 0 28.0 63.0 2 -1 0
0 1 0 27.9 63.0 2 -1 0
0 1 0 28.0 63.0 2 -1 0
0 1 0 28.0 63.0 2 -1 0
0 1 0 27.9 63.0 2 -1 0
0 1 0 28.0 63.0 2 -1 0
0 1 0 27.9 63.0 2 -1 0
0 1 0 27.9 63.0 2 -1 0
0 1 0 28.0 63.0 2 -1 0
0 1 0 27.9 63.0 2 -1 0
0 1 0 28.0 63.0 2 -1 0
0 1 0 28.0 63.0 2 -1 0
0 1 0 28.0 63.0 2 -1 0
0 1 0 27.9 63.0 2 -1 0
0 1 0 27.9 63.0 2 -1 0
0 1 0 28.0 63.0 2 -1 0
0 1 0 27.9 63.0 2 -1 0
0 1 0 28.0 63.0 2 -1 0
0 1 0 27.9 63.0 2 -1 0
0 1 0 28.0 63.0 2 -1 0
0 1 0 27.9 63.0 2 -1 0
0 1 0 28.0 63.0 2 -1 0
0 1 0 28.0 63.0 2 -1 0
0 1 0 28.0 63.0 2 -1 0
0 1 0 28.0 63.0 2 -1 0
0 1 0 27.9 63.0 2 -1 0
0 1 0 28.0 63.0 2 -1 0
0 1 0 28.0 63.0 2 -1 0
0 1 0 28.0 63.0 2 -1 0
0 1 0 28.0 63.0 2 -1 0
0 1 0 27.9 63.0 2 -1 0
0 1 0 28.0 63.0 2 -1 0
0 1 0 28.0 63.0 2 -1 0
0 1 0 28.0 63.0 2 -1 0
0 1 0 28.0 63.0 2 -1 0
0 1 0 27.9 63.0 2 -1 0
0 1 0 27.9 63.0 2 -1 0
0 1 0 27.9 63.0 2 -1 0
0 1 0 28.0 63.0 2 -1 0
0 1 0 27.9 63.0 2 -1 0
0 1 0 27.9 63.0 2 -1 0
0 1 0 28.0 63.0 2 -1 0
0 1 0 27.9 63.0 2 -1 0
0 1 0 28.0 63.0 2 -1 0
0 1 0 28.0 63.0 2 -1 0
0 1 0 28.0 63.0 2 -1 0
0 1 0 28.0 63.0 2 -1 0
0 1 0 27.9 63.0 2 -1 0
0 1 0 27.9 63.0 2 -1 0
0 1 0 27.9 63.0 2 -1 0
0 1 0 28.0 63.0 2 -1 0
0 1 0 27.9 63.0 2 -1 0
0 1 0 28.0 63.0 2 -1 0
0 1 0 27.9 63.0 2 -1 0
0 1 0 28.0 63.0 2 -1 0
0 1 0 28.0 63.0 2 -1 0
0 1 0 28.0 63.0 2 -1 0
0 1 0 28.0 63.0 2 -1 0
0 1 0 28.0 63.5 2 -1 0
0 1 0 28.0 64.5 2 -1 0
0 1 0 28.0 64.5 2 -1 0
0 1 0 27.9 65.0 2 -1 0
0 1 0 28.0 65.0 2 -1 0
0 1 0 28.0 65.5 2 -1 0
0 1 0 27.9 65.5 2 -1 0
0 1 0 28.0 66.0 2 -1 0
0 1 0 28.0 66.0 2 -1 0
0 1 0 28.0 66.0 2 -1 0
0 1 0 28.0 66.0 2 -1 0
0 1 0 28.0 66.0 2 -1 0
0 1 0 28.0 66.0 2 -1 0
0 1 0 28.0 65.5 2 -1 0
0 1 0 28.0 65.5 2 -1 0
0 1 0 28.0 65.5 2 -1 0
0 1 0 28.1 65.5 2 -1 0
0 1 0 28.0 65.5 2 -1 0
0 1 0 28.0 65.5 2 -1 0
0 1 0 28.0 65.0 2 -1 0
0 1 0 28.0 65.0 2 -1 0
0 1 0 28.1 65.0 2 -1 0
0 1 0 28.0 65.0 2 -1 0
0 1 0 28.0 65.0 2 -1 0
0 1 0 28.0 65.0 2 -1 0
0 1 0 28.1 65.0 2 -1 0
0 1 0 28.1 65.0 2 -1 0
0 1 0 28.0 64.5 2 -1 0
0 1 0 28.0 64.5 2 -1 0
0 1 0 28.0 64.5 2 -1 0
0 1 0 28.0 64.5 2 -1 0
0 1 0 28.0 64.5 2 -1 0
0 1 0 28.0 64.5 2 -1 0
0 1 0 28.0 64.5 2 -1 0
0 1 0 28.1 64.5 2 -1 0
0 1 0 28.0 64.5 2 -1 0
0 1 0 28.0 64.5 2 -1 0
0 1 0 28.1 64.5 2 -1 0
0 1 0 28.0 64.0 2 -1 0
0 1 0 28.1 64.0 2 -1 0
0 1 0 28.0 64.0 2 -1 0
0 1 0 28.1 64.0 2 -1 0
0 1 0 28.0 64.0 2 -1 0
0 1 0 28.1 64.0 2 -1 0
0 1 0 28.0 64.0 2 -1 0
0 1 0 28.0 64.0 1 -1 0
0 1 0 28.0 64.0 1 -1 0
0 1 0 28.1 64.0 1 -1 0
0 1 0 28.0 64.0 1 -1 0
0 1 0 28.0 64.0 1 -1 0
0 1 0 28.0 64.0 1 -1 0
0 1 0 28.0 64.0 1 -1 0
0 1 0 28.0 64.5 1 -1 0
0 1 0 28.0 64.5 1 -1 0
0 1 0 28.1 64.5 1 -1 0
0 1 0 28.0 65.0 0 -1 0
0 1 0 28.0 65.0 0 -1 0
0 1 0 28.0 65.0 0 -1 0
0 1 0 28.0 65.0 0 -1 0
0 1 0 28.1 65.0 0 -1 0
0 1 0 28.0 65.0 0 -1 0
0 1 0 28.0 65.0 0 -1 0
0 1 0 28.1 65.0 0 -1 0
0 1 0 28.1 65.0 0 -1 0
0 1 0 28.0 65.0 0 -1 0
0 1 0 28.1 64.5 0 -1 0
0 1 0 28.1 64.5 0 -1 0
0 1 0 28.0 64.5 0 -1 0
0 1 0 28.0 64.5 0 -1 0
0 1 0 28.1 64.5 0 -1 0
0 1 0 28.0 64.5 2 -1 0
0 1 0 28.0 64.5 2 -1 0
0 1 0 28.1 64.5 2 -1 0
0 1 0 28.0 64.5 3 -1 0
0 1 0 28.1 64.5 3 -1 0
0 1 0 28.1 64.5 1 -1 0
0 1 0 28.1 64.5 1 -1 0
0 1 0 28.1 64.5 2 -1 0
0 1 0 28.1 64.5 2 -1 0
0 1 0 28.1 64.5 2 -1 0
0 1 0 28.0 64.5 1 -1 0
0 1 0 28.0 64.5 1 -1 0
0 1 0 28.0 64.5 2 -1 0
0 1 0 28.1 64.5 2 -1 0
0 1 0 28.1 64.5 2 -1 0
0 1 0 28.1 64.5 1 -1 0
0 1 0 28.1 64.5 4 -1 0
0 1 0 28.1 65.0 2 -1 0
0 1 0 28.1 65.5 2 -1 0
0 1 0 28.1 65.5 2 -1 0
0 1 0 28.1 65.5 2 -1 0
0 1 0 28.1 66.0 2 -1 0
0 1 0 28.2 66.0 2 -1 0
0 1 0 28.1 66.0 4 -1 0
0 1 0 28.1 66.0 4 -1 0
0 1 0 28.1 66.0 2 -1 0
0 1 0 28.1 66.0 2 -1 0
0 1 0 28.1 66.0 4 -1 0
0 1 0 28.1 66.0 4 -1 0
0 1 0 28.1 66.0 4 -1 0
0 1 0 28.1 66.0 4 -1 0
0 1 0 28.2 66.0 4 -1 0
0 1 0 28.1 66.0 4 -1 0
0 1 0 28.1 66.0 4 -1 0
0 1 0 28.2 66.0 6 -1 0
0 1 0 28.1 66.0 3 -1 0
0 1 0 28.2 66.0 5 -1 0
0 1 0 28.2 66.0 7 -1 0
0 1 0 28.2 66.0 5 -1 0
0 1 0 28.2 66.0 7 -1 0
0 1 0 28.1 66.5 7 -1 0
0 1 0 28.2 66.5 11 -1 0
0 1 0 28.1 66.5 14 -1 0
0 1 0 28.2 66.5 16 -1 0
0 1 0 28.2 66.5 16 -1 0
0 1 0 28.2 66.5 17 -1 0
0 1 0 28.2 67.0 15 -1 0
0 1 0 28.2 67.0 19 -1 0
0 1 0 28.2 67.0 15 -1 0
0 1 0 28.2 67.0 16 -1 0
0 1 0 28.2 67.0 14 -1 0
0 1 0 28.2 67.0 9 -1 0
0 1 0 28.2 67.0 9 -1 0
0 1 0 28.2 67.0 7 -1 0
0 1 0 28.3 67.0 5 -1 0
0 1 0 28.3 67.0 5 -1 0
0 1 0 28.3 67.0 5 -1 0
0 1 0 28.3 67.0 5 -1 0
0 1 0 28.3 67.0 5 -1 0
0 1 0 28.3 67.0 5 -1 0
0 1 0 28.3 67.0 7 -1 0
0 1 0 28.3 67.0 9 -1 0
0 1 0 28.3 67.0 7 -1 0
0 1 0 28.2 67.0 9 -1 0
0 1 0 28.2 66.5 9 -1 0
0 1 0 28.3 66.5 10 -1 0
0 1 0 28.3 67.0 12 -1 0
0 1 0 28.4 67.0 12 -1 0
0 1 0 28.3 66.5 16 -1 0
0 1 0 28.4 67.0 17 -1 0
0 1 0 28.3 67.0 17 -1 0
0 1 0 28.3 67.5 19 -1 0
0 1 0 28.3 67.0 21 -1 0
0 1 0 28.4 67.5 19 -1 0
0 1 0 28.4 67.5 21 -1 0
0 1 0 28.4 67.5 17 -1 0
0 1 0 28.3 67.5 19 -1 0
0 1 0 28.4 67.5 17 -1 0
0 1 0 28.4 67.0 21 -1 0
0 1 0 28.3 67.0 19 -1 0
0 1 0 28.3 67.0 17 -1 0
0 1 0 28.4 67.0 19 -1 0
0 1 0 28.4 67.0 19 -1 0
0 1 0 28.4 67.0 19 -1 0
0 1 0 28.4 67.0 19 -1 0
0 1 0 28.4 67.0 17 -1 0
0 1 0 28.5 67.0 17 -1 0
0 1 0 28.4 67.0 15 -1 0
0 1 0 28.4 67.0 14 -1 0
0 1 0 28.4 67.0 14 -1 0
0 1 0 28.4 67.0 14 -1 0
0 1 0 28.4 67.0 12 -1 0
0 1 0 28.4 67.0 12 -1 0
0 1 0 28.4 67.0 14 -1 0
0 1 0 28.5 67.0 12 -1 0
0 1 0 28.5 66.5 14 -1 0
0 1 0 28.5 67.0 12 -1 0
0 1 0 28.4 66.5 16 -1 0
0 1 0 28.5 66.5 19 -1 0
0 1 0 28.5 66.5 19 -1 0
0 1 0 28.5 66.5 21 -1 0
0 1 0 28.5 66.5 17 -1 0
0 1 0 28.5 66.5 17 -1 0
0 1 0 28.6 66.5 21 -1 0
0 1 0 28.5 66.5 21 -1 0
0 1 0 28.5 66.5 21 -1 0
0 1 0 28.5 66.5 21 -1 0
0 1 0 28.5 66.5 17 -1 0
0 1 0 28.5 66.5 19 -1 0
0 1 0 28.5 66.5 21 -1 0
0 1 0 28.6 66.5 21 -1 0
0 1 0 28.5 66.0 24 -1 0
0 1 0 28.6 66.5 24 -1 0
0 1 0 28.5 66.0 24 -1 0
0 1 0 28.5 66.0 26 -1 0
0 1 0 28.6 66.0 26 -1 0
0 1 0 28.5 66.0 26 -1 0
0 1 0 28.6 66.5 26 -1 0
0 1 0 28.5 66.5 24 -1 0
0 1 0 28.5 66.5 24 -1 0
0 1 0 28.6 66.5 26 -1 0
0 1 0 28.6 66.5 24 -1 0
0 1 0 28.6 66.5 24 -1 0
0 1 0 28.5 66.5 21 -1 0
0 1 0 28.5 66.5 23 -1 0
0 1 0 28.6 66.5 21 -1 0
0 1 0 28.6 66.5 21 -1 0
0 1 0 28.6 66.5 19 -1 0
0 1 0 28.5 66.5 19 -1 0
0 1 0 28.5 66.5 19 -1 0
0 1 0 28.6 66.5 21 -1 0
0 1 0 28.6 66.5 23 -1 0
0 1 0 28.7 66.5 21 -1 0
0 1 0 28.6 66.0 19 -1 0
0 1 0 28.7 66.5 21 -1 0
0 1 0 28.6 66.5 23 -1 0
0 1 0 28.6 66.5 21 -1 0
0 1 0 28.6 66.5 23 -1 0
0 1 0 28.6 66.5 21 -1 0
0 1 0 28.5 66.5 24 -1 0
0 1 0 28.7 66.5 24 -1 0
0 1 0 28.6 66.5 26 -1 0
0 1 0 28.6 66.5 24 -1 0
0 1 0 28.6 66.5 26 -1 0
0 1 0 28.7 66.5 28 -1 0
0 1 0 28.6 66.5 28 -1 0
0 1 0 28.6 66.5 31 -1 0
0 1 0 28.6 66.5 31 -1 0
0 1 0 28.7 66.5 33 -1 0
0 1 0 28.6 67.0 35 -1 0
0 1 0 28.7 66.5 40 -1 0
0 1 0 28.7 66.5 40 -1 0
0 1 0 28.7 66.5 42 -1 0
0 1 0 28.7 66.5 43 -1 0
0 1 0 28.7 66.5 43 -1 0
0 1 0 28.7 66.5 45 -1 0
0 1 0 28.6 66.5 45 -1 0
0 1 0 28.8 66.5 49 -1 0
0 1 0 28.7 66.5 45 -1 0
0 1 0 28.7 66.5 45 -1 0
0 1 0 28.7 66.5 44 -1 0
0 1 0 28.7 66.5 40 -1 0
0 1 0 28.7 66.5 40 -1 0
0 1 0 28.7 66.5 40 -1 0
0 1 0 28.7 66.5 38 -1 0
0 1 0 28.7 66.5 36 -1 0
0 1 0 28.8 66.5 36 -1 0
0 1 0 28.7 66.5 35 -1 0
0 1 0 28.7 66.5 37 -1 0
0 1 0 28.7 66.5 35 -1 0
0 1 0 28.7 66.5 31 -1 0
0 1 0 28.7 66.5 33 -1 0
0 1 0 28.7 66.5 33 -1 0
0 1 0 28.7 67.0 35 -1 0
0 1 0 28.7 67.0 35 -1 0
0 1 0 28.7 67.0 35 -1 0
0 1 0 28.7 67.0 35 -1 0
0 1 0 28.7 67.0 37 -1 0
0 1 0 28.7 67.5 37 -1 0
0 1 0 28.7 67.5 35 -1 0
0 1 0 28.7 67.5 33 -1 0
0 1 0 28.7 67.5 31 -1 0
0 1 0 28.7 67.5 31 -1 0
0 1 0 28.8 67.5 31 -1 0
0 1 0 28.8 68.0 33 -1 0
0 1 0 28.7 68.0 35 -1 0
0 1 0 28.7 68.0 31 -1 0
0 1 0 28.7 68.0 33 -1 0
0 1 0 28.7 67.5 33 -1 0
0 1 0 28.7 68.0 33 -1 0
0 1 0 28.8 68.0 31 -1 0
0 1 0 28.6 67.5 33 -1 0
0 1 0 28.7 67.5 35 -1 0
0 1 0 28.8 67.5 37 -1 0
0 1 0 28.7 67.5 38 -1 0
0 1 0 28.7 68.0 38 -1 0
0 1 0 28.8 68.0 41 -1 0
0 1 0 28.7 68.0 43 -1 0
0 1 0 28.7 68.0 43 -1 0
0 1 0 28.7 68.5 45 -1 0
0 1 0 28.7 68.5 45 -1 0
0 1 0 28.7 68.5 43 -1 0
0 1 0 28.7 68.5 43 -1 0
0 1 0 28.8 68.5 45 -1 0
0 1 0 28.7 68.5 45 -1 0
0 1 0 28.7 68.5 45 -1 0
0 1 0 28.7 68.0 50 -1 0
0 1 0 28.7 68.0 52 -1 0
0 1 0 28.7 68.0 57 -1 0
0 1 0 28.7 68.5 64 -1 0
0 1 0 28.6 68.5 69 -1 0
0 1 0 28.7 68.5 75 -1 0
0 1 0 28.7 68.5 80 -1 0
0 1 0 28.7 68.5 85 -1 0
0 1 0 28.8 68.5 102 -1 0
0 1 0 28.8 68.5 109 -1 0
0 1 0 28.8 68.5 113 -1 0
0 1 0 28.7 69.0 107 -1 0
0 1 0 28.7 69.0 108 -1 0
0 1 0 28.7 69.0 109 -1 0
0 1 0 28.7 69.0 109 -1 0
0 1 0 28.8 69.0 105 -1 0
0 1 0 28.7 69.0 109 -1 0
0 1 0 28.8 69.0 112 -1 0
0 1 0 28.8 69.0 112 -1 0
0 1 0 28.8 69.0 112 -1 0
0 1 0 28.8 69.0 114 -1 0
0 1 0 28.8 69.0 116 -1 0
0 1 0 28.8 69.0 118 -1 0
0 1 0 28.9 69.0 114 -1 0
0 1 0 28.8 69.0 107 -1 0
0 1 0 28.8 69.5 112 -1 0
0 1 0 28.8 69.5 114 -1 0
0 1 0 28.9 69.5 115 -1 0
0 1 0 28.9 69.5 116 -1 0
0 1 0 28.8 69.5 117 -1 0
0 1 0 28.9 69.5 114 -1 0
0 1 0 28.8 69.5 114 -1 0
0 1 0 28.8 69.5 114 -1 0
0 1 1 28.8 69.5 105 c26 0
1 1 20 28.9 68.5 109 c26 0
1 1 27 28.8 66.5 107 c26 0
1 1 4 28.8 63.5 112 c26 0
1 1 3 28.5 63.5 114 c26 0
1 1 0 28.3 62.5 112 c26 0
1 1 3 28.2 61.5 117 c26 0
1 1 18 28.1 61.0 117 c26 0
1 1 2 27.9 59.5 121 c26 0
1 1 6 27.8 59.5 117 c26 0
1 1 34 27.7 59.5 117 c26 0
1 1 23 27.7 59.0 117 c26 0
1 1 12 27.6 59.5 117 c26 0
1 1 0 27.6 59.5 126 c26 0
1 1 2 27.5 59.0 127 c26 0
1 1 0 27.5 59.0 127 c26 0
1 1 0 27.4 58.5 129 c26 0
1 1 3 27.4 59.0 121 c26 0
1 1 3 27.3 58.5 122 c26 0
1 1 14 27.3 58.5 122 c26 0
1 1 0 27.2 58.0 130 c26 0
1 1 2 27.2 58.0 129 c26 0
1 1 0 27.1 57.0 124 c26 0
1 1 1 27.0 57.5 116 c26 0
1 1 0 27.0 57.5 119 c26 0
1 1 1 26.9 56.5 112 c26 0
1 1 0 26.9 56.5 115 c26 0
1 1 2 26.8 56.5 115 c26 0
1 1 1 26.8 56.5 118 c26 0
1 1 0 26.8 56.0 117 c26 0
1 1 0 26.7 55.5 112 c26 0
1 1 1 26.6 55.0 120 c26 0
1 1 5 26.5 54.5 131 c26 0
1 1 0 26.5 54.0 163 c26 0
1 1 3 26.5 54.0 149 c26 0
1 1 0 26.5 54.0 144 c26 0
1 1 0 26.4 55.0 120 c26 0
1 1 0 26.5 55.5 124 c26 0
1 1 2 26.4 55.0 129 c26 0
1 1 0 26.4 54.5 154 c26 0
1 1 3 26.3 54.5 168 c26 0
1 1 0 26.3 54.5 132 c26 0
1 1 4 26.3 55.0 112 c26 0
1 1 2 26.3 55.5 107 c26 0
1 1 0 26.3 55.0 112 c26 0
1 1 3 26.2 55.0 119 c26 0
1 1 0 26.2 55.5 120 c26 0
1 1 1 26.2 55.5 122 c26 0
1 1 1 26.2 56.0 126 c26 0
1 1 2 26.1 55.5 119 c26 0
1 1 4 26.1 56.0 120 c26 0
1 1 0 26.1 56.0 111 c26 0
1 1 0 26.1 56.0 98 c26 0
1 1 2 26.0 56.5 93 c26 0
1 1 5 26.0 56.0 89 c26 0
1 1 1 26.0 56.5 89 c26 0
1 1 1 26.0 56.5 85 c26 0
1 1 0 26.1 57.0 84 c26 0
1 1 35 26.0 57.0 79 c26 0
1 1 15 26.0 57.0 77 c26 0
1 1 16 26.1 57.5 70 c26 0
1 1 6 26.0 58.0 80 c26 0
1 1 0 26.1 58.0 76 c26 0
1 1 0 26.0 58.0 72 c26 0
1 1 0 26.1 58.5 69 c26 0
1 1 0 26.0 58.5 66 c26 0
1 1 0 26.0 58.5 59 c26 0
1 1 0 26.0 58.5 57 c26 0
1 1 0 26.0 57.5 52 c26 0
1 1 0 25.8 57.5 47 c26 0
1 1 0 25.8 57.0 47 c26 0
1 1 0 25.8 56.5 44 c26 0
1 1 0 25.7 55.5 40 c26 0
1 1 0 25.6 55.0 37 c26 0
1 1 0 25.6 55.5 37 c26 0
1 1 0 25.6 55.0 40 c26 0
1 1 0 25.5 55.0 40 c26 0
1 1 0 25.4 55.0 37 c26 0
1 1 0 25.5 55.0 35 c26 0
1 1 0 25.4 55.5 33 c26 0
1 1 0 25.4 55.5 35 c26 0
1 1 0 25.3 55.0 35 c26 0
1 1 0 25.3 55.0 31 c26 0
1 1 0 25.3 54.5 33 c26 0
1 1 0 25.2 54.5 36 c26 0
1 1 0 25.2 54.0 43 c26 0
1 1 0 25.2 54.0 53 c26 0
1 1 0 25.1 54.0 62 c26 0
1 1 0 25.0 54.0 69 c26 0
1 1 0 25.0 54.0 76 c26 0
1 1 0 25.1 53.5 83 c26 0
1 1 0 25.0 53.5 93 c26 0
1 1 0 25.0 53.5 100 c26 0
1 1 0 25.0 53.5 107 c26 0
1 1 0 24.9 53.0 105 c26 0
1 1 0 24.9 53.5 96 c26 0
1 1 0 24.9 53.0 91 c26 0
1 1 0 24.8 53.5 81 c26 0
1 1 0 24.9 53.5 75 c26 0
1 1 0 24.8 53.5 73 c26 0
1 1 0 24.9 54.0 72 c26 0
1 1 0 24.9 54.0 70 c26 0
1 1 0 24.9 54.0 68 c26 0
1 1 0 24.9 54.5 75 c26 0
1 1 0 24.9 54.5 68 c26 0
1 1 0 24.8 55.0 65 c26 0
1 1 0 24.8 54.5 62 c26 0
1 1 0 24.8 54.5 58 c26 0
1 1 0 24.7 54.0 60 c26 0
1 1 0 24.7 54.0 58 c26 0
1 1 0 24.7 54.0 58 c26 0
1 1 0 24.7 54.0 60 c26 0
1 1 0 24.6 53.5 62 c26 0
1 1 0 24.6 53.5 62 c26 0
1 1 0 24.5 53.5 67 c26 0
1 1 0 24.6 53.5 77 c26 0
1 1 0 24.5 53.5 88 c26 0
1 1 6 24.5 53.5 91 -1 0
1 1 43 24.6 53.5 94 -1 0
1 1 12 24.6 53.5 105 -1 0
1 1 5 24.7 54.0 115 -1 0
1 1 3 24.8 54.0 123 -1 0
1 1 7 24.9 54.0 121 -1 0
1 1 15 25.0 54.0 123 -1 0
1 1 4 25.0 54.5 126 -1 0
1 1 7 25.0 54.5 125 -1 0
1 1 1 25.2 54.5 124 -1 0
1 1 8 25.3 54.5 126 -1 0
1 1 2 25.3 54.0 113 -1 0
1 1 5 25.3 54.0 110 -1 0
1 1 9 25.3 54.0 103 -1 0
1 1 4 25.4 54.0 94 -1 0
1 1 3 25.4 54.5 88 -1 0
1 1 1 25.5 54.5 84 -1 0
1 1 0 25.5 54.5 77 -1 0
1 1 2 25.5 54.5 69 -1 0
1 1 0 25.6 54.5 64 -1 0
1 1 5 25.6 54.5 60 -1 0
1 1 1 25.7 55.0 57 -1 0
1 1 6 25.7 55.0 55 -1 0
1 1 10 25.7 55.5 55 -1 0
1 1 5 25.8 55.5 58 -1 0
1 1 5 25.8 55.5 60 -1 0
1 1 2 25.8 55.5 60 -1 0
1 1 6 25.9 55.5 58 -1 0
1 1 2 25.9 56.5 57 -1 0
1 1 1 26.0 57.0 53 -1 0
1 1 1 26.0 56.5 48 -1 0
1 1 3 25.9 56.0 47 -1 0
1 1 2 26.0 55.5 45 -1 0
1 1 3 26.0 55.5 37 -1 0
1 1 3 26.1 55.0 39 -1 0
1 1 3 26.0 55.0 41 -1 0
1 1 1 26.0 55.0 45 -1 0
1 1 0 26.0 55.0 48 -1 0
1 1 0 26.0 54.5 53 -1 0
1 1 4 26.1 54.5 60 -1 0
1 1 7 26.1 54.5 67 -1 0
1 1 7 26.1 55.0 65 -1 0
1 1 8 26.1 55.0 70 -1 0
1 1 3 26.2 55.0 69 -1 0
1 1 5 26.2 54.5 63 -1 0
1 1 5 26.2 54.5 61 -1 0
1 1 9 26.2 54.0 63 -1 0
1 1 0 26.2 54.0 61 -1 0
1 1 3 26.2 54.0 54 -1 0
1 1 3 26.3 54.0 50 -1 0
1 1 0 26.3 54.0 48 -1 0
1 1 7 26.3 54.0 47 -1 0
1 1 2 26.3 54.0 41 -1 0
1 1 3 26.3 53.5 40 -1 0
1 1 2 26.3 53.5 36 -1 0
1 1 9 26.3 53.5 35 -1 0
1 1 4 26.4 54.0 33 -1 0
1 1 0 26.4 54.5 33 -1 0
1 1 5 26.4 55.5 30 -1 1
1 1 17 26.5 55.0 53 -1 1
1 1 4 26.4 55.5 49 -1 1
1 1 4 26.4 54.5 46 -1 1
1 1 4 26.5 54.0 42 -1 1
1 1 0 26.4 53.5 40 -1 1
1 1 1 26.4 53.5 42 -1 1
1 1 7 26.5 53.5 46 -1 1
1 1 4 26.5 54.5 51 -1 1
1 1 4 26.5 54.0 55 -1 1
1 1 9 26.4 54.5 58 -1 1
1 1 2 26.5 55.0 58 -1 1
1 1 13 26.5 56.0 65 -1 1
1 1 1 26.5 56.0 69 -1 1
1 1 3 26.5 57.5 72 -1 1
1 1 5 26.5 57.5 74 -1 1
1 1 6 26.6 58.0 72 -1 1
1 1 5 26.6 59.0 72 -1 1
1 1 7 26.6 59.5 68 -1 1
1 1 0 26.7 60.0 68 -1 1
1 1 7 26.6 60.0 68 -1 1
1 1 2 26.7 60.0 72 -1 1
1 1 7 26.7 60.5 68 -1 1
1 1 11 26.8 60.0 70 -1 1
1 1 7 26.7 60.0 72 -1 1
1 1 10 26.8 61.0 70 -1 1
1 1 7 26.8 60.5 70 -1 1
1 1 7 26.8 60.5 68 -1 1
1 1 6 26.8 60.5 68 -1 1
1 1 29 26.8 58.5 68 -1 1
1 1 16 26.8 58.0 68 -1 1
1 1 0 26.8 57.5 73 -1 1
1 1 0 26.8 56.5 73 -1 1
1 1 0 26.8 56.0 75 -1 1
1 1 0 26.7 56.0 75 -1 1
1 1 0 26.7 56.0 73 -1 1
1 1 0 26.8 58.5 73 -1 1
1 1 30 26.7 59.0 71 -1 1
1 1 22 26.8 59.0 73 -1 1
1 1 21 26.8 58.0 71 -1 1
1 1 20 26.8 59.5 71 -1 1
1 1 17 26.8 59.5 70 -1 1
1 1 12 26.9 59.0 70 -1 1
1 1 13 26.8 58.0 70 -1 1
1 1 11 26.8 60.0 70 -1 1
1 1 20 26.9 59.0 68 -1 1
1 1 16 26.8 57.5 68 -1 1
1 1 9 26.8 56.5 68 -1 1
1 1 9 26.8 56.5 66 -1 1
1 1 10 26.8 56.5 68 -1 1
1 1 23 26.9 59.0 66 -1 1
1 1 0 26.9 60.0 66 -1 1
1 1 28 26.9 58.5 64 -1 1
1 1 20 26.8 57.0 64 -1 1
1 1 19 26.8 56.5 66 -1 1
1 1 7 26.7 56.0 68 -1 1
1 1 14 26.8 55.5 66 -1 1
1 1 7 26.9 55.5 68 -1 1
1 1 16 26.8 55.0 70 -1 1
1 1 27 26.8 56.0 68 -1 1
1 1 41 26.8 56.0 69 -1 1
1 1 5 26.8 57.5 71 -1 1
1 1 0 26.9 57.0 75 -1 1
1 1 10 26.8 55.5 73 -1 1
1 1 5 26.8 55.0 75 -1 1
1 1 6 26.7 55.0 77 -1 1
1 1 8 26.9 55.0 77 -1 1
1 1 8 26.8 55.0 76 -1 1
1 1 6 26.8 56.0 80 -1 1
1 1 8 26.8 58.5 80 -1 1
1 1 6 26.8 59.0 82 -1 1
1 1 5 26.9 58.5 78 -1 1
1 1 7 26.8 57.5 80 -1 1
1 1 6 26.9 58.0 82 -1 1
1 1 6 26.8 56.0 83 -1 1
1 1 11 26.9 58.0 87 -1 1
1 1 0 26.9 59.0 90 -1 1
1 1 5 26.9 60.5 88 -1 1
1 1 1 27.0 62.0 90 -1 1
1 1 7 27.0 62.0 90 -1 1
1 1 5 27.0 62.5 92 -1 1
1 1 6 27.1 65.0 92 -1 1
1 1 0 27.1 64.5 97 -1 1
1 1 26 27.1 64.0 95 -1 1
1 1 24 27.2 63.5 102 -1 1
1 1 24 27.1 63.5 102 -1 1
1 1 9 27.1 63.5 102 -1 1
1 1 24 27.2 63.0 104 -1 1
1 1 15 27.2 63.0 102 -1 1
0 1 10 27.2 62.5 100 -1 1
0 1 0 27.2 62.5 104 -1 1
0 1 0 27.3 64.5 102 -1 1
0 1 0 27.3 65.0 100 -1 1
0 1 0 27.3 66.0 102 -1 1
0 1 0 27.4 66.5 102 -1 1
0 1 0 27.3 67.0 102 -1 1
0 1 0 27.4 67.0 102 -1 1
0 1 0 27.4 67.0 102 -1 1
0 1 0 27.4 69.0 102 -1 1
0 1 0 27.5 69.5 104 -1 1
0 1 0 27.6 69.0 104 -1 1
0 1 0 27.6 69.5 100 -1 1
0 1 0 27.7 70.0 102 -1 1
0 1 0 27.7 70.5 102 -1 1
0 1 0 27.7 70.5 98 -1 1
0 1 0 27.7 71.0 97 -1 1
0 1 0 27.7 71.0 95 -1 1
0 1 0 27.8 71.5 88 -1 1
0 1 21 27.8 71.5 92 -1 1
0 1 2 27.9 72.0 96 -1 1
0 1 7 27.9 72.5 92 -1 1
0 1 1 27.9 72.5 95 -1 1
0 1 10 27.9 72.5 92 -1 1
0 1 9 28.0 72.5 89 -1 1
0 1 7 28.0 73.0 89 -1 1
0 1 5 28.0 72.0 85 -1 1
0 1 5 28.1 72.0 89 -1 1
1 1 5 28.1 72.0 89 -1 1
1 1 6 28.0 71.0 82 -1 1
1 1 4 28.0 69.5 80 -1 1
1 1 3 27.9 67.5 82 -1 1
1 1 6 27.9 66.5 78 -1 1
1 1 3 27.8 65.5 80 -1 1
1 1 0 27.8 64.5 82 -1 1
1 1 3 27.7 64.0 80 -1 1
1 1 8 27.7 63.5 77 -1 1
1 1 0 27.7 64.0 80 -1 1
1 1 2 27.7 65.5 82 -1 1
1 1 3 27.7 65.0 80 -1 1
1 1 1 27.7 65.0 82 -1 1
1 1 2 27.7 64.5 78 -1 1
1 1 3 27.7 63.5 77 -1 1
1 1 6 27.6 62.5 79 -1 1
1 1 2 27.6 62.0 75 -1 1
1 1 1 27.5 61.5 73 -1 1
1 1 3 27.5 61.0 75 -1 1
1 1 2 27.5 61.0 73 -1 1
1 1 1 27.4 60.5 70 -1 1
1 1 1 27.5 60.0 68 -1 1
1 1 3 27.4 59.5 70 -1 1
1 1 6 27.4 59.5 66 -1 1
1 1 6 27.4 59.5 66 -1 1
1 1 8 27.4 59.0 68 -1 1
1 1 2 27.4 59.0 68 -1 1
1 1 5 27.3 58.5 66 -1 1
1 1 11 27.3 58.5 66 -1 1
1 1 15 27.2 58.0 66 -1 1
1 1 15 27.2 58.0 66 -1 1
1 1 0 27.2 58.5 66 -1 1
1 1 4 27.1 58.0 68 -1 1
1 1 11 27.2 58.0 68 -1 1
1 1 11 27.1 58.0 68 -1 1
1 1 2 27.2 57.5 68 -1 1
1 1 14 27.1 57.5 66 -1 1
1 1 11 27.1 58.5 66 -1 1
1 1 2 27.1 58.5 68 -1 1
1 1 2 27.1 58.5 70 -1 1
1 1 2 27.2 58.5 68 -1 1
1 1 14 27.1 58.0 68 -1 1
1 1 5 27.1 57.5 68 -1 1
1 1 11 27.0 57.5 68 -1 1
1 1 14 27.1 58.5 66 -1 1
1 1 6 27.1 58.0 70 -1 1
1 1 0 27.1 57.5 70 -1 1
1 1 0 27.0 57.5 70 -1 1
1 1 0 27.1 58.0 70 -1 1
1 1 0 27.1 58.5 70 -1 1
1 1 0 27.1 59.0 72 -1 1
1 1 0 27.1 58.0 70 -1 1
1 1 0 27.0 57.5 70 -1 1
1 1 0 27.1 57.0 66 -1 1
1 1 0 27.0 57.0 66 -1 1
1 1 0 27.0 57.0 65 -1 1
1 1 11 27.1 57.0 63 -1 1
1 1 12 27.0 57.0 61 -1 1
1 1 39 27.0 56.5 59 -1 1
1 1 32 27.0 56.5 33 -1 0
0 1 0 27.0 56.5 33 -1 0
0 1 0 26.9 56.5 35 -1 0
0 1 0 26.9 56.5 35 -1 0
0 1 0 27.0 57.0 33 -1 0
0 1 0 27.0 57.0 33 -1 0
0 1 0 27.0 57.5 33 -1 0
0 1 0 27.0 59.0 33 -1 0
0 1 0 27.0 60.0 31 -1 0
0 1 0 27.2 61.0 31 -1 0
0 1 0 27.2 61.5 31 -1 0
0 1 0 27.2 62.0 33 -1 0
0 1 0 27.2 63.0 33 -1 0
0 1 0 27.3 63.0 31 -1 0
0 1 0 27.3 63.0 33 -1 0
0 1 0 27.2 64.0 35 -1 0
0 1 0 27.3 64.0 33 -1 0
0 1 0 27.3 64.0 35 -1 0
0 1 0 27.3 64.0 37 -1 0
0 1 0 27.4 63.5 36 -1 0
0 1 0 27.4 63.5 38 -1 0
0 1 0 27.3 64.5 38 -1 0
0 1 0 27.3 64.5 40 -1 0
0 1 0 27.4 64.5 40 -1 0
0 1 0 27.4 65.0 40 -1 0
0 1 0 27.4 65.5 36 -1 0
0 1 0 27.4 66.0 40 -1 0
0 1 0 27.5 67.0 40 -1 0
0 1 0 27.5 67.0 38 -1 0
0 1 0 27.5 67.0 38 -1 0
0 1 0 27.5 67.5 38 -1 0
0 1 0 27.5 68.0 40 -1 0
0 1 0 27.6 68.0 38 -1 0
0 1 0 27.5 68.0 38 -1 0
0 1 0 27.5 68.0 38 -1 0
0 1 0 27.5 69.0 36 -1 0
0 1 0 27.6 68.5 36 -1 0
0 1 0 27.6 69.5 37 -1 0
0 1 0 27.6 70.0 37 -1 0
0 1 0 27.6 70.0 37 -1 0
0 1 0 27.7 70.5 37 -1 0
0 1 0 27.7 70.5 37 -1 0
0 1 0 27.7 71.0 37 -1 0
0 1 0 27.7 70.5 37 -1 0
0 1 0 27.7 71.0 37 -1 0
0 1 0 27.7 71.5 37 -1 0
0 1 0 27.7 71.5 34 -1 0
0 1 0 27.7 71.5 40 -1 0
0 1 0 27.8 71.5 36 -1 0
0 1 0 27.8 72.0 34 -1 0
0 1 0 27.7 72.0 37 -1 0
0 1 0 27.7 72.0 37 -1 0
0 1 0 27.7 72.0 35 -1 0
0 1 0 27.8 72.0 35 -1 0
0 1 0 27.8 72.0 37 -1 0
0 1 0 27.7 72.0 37 -1 0
0 1 0 27.8 72.5 37 -1 0
0 1 0 27.8 72.5 35 -1 0
0 1 0 27.8 72.0 35 -1 0
0 1 0 27.8 72.5 35 -1 0
0 1 0 27.8 72.0 35 -1 0
0 1 0 27.7 72.0 37 -1 0
0 1 0 27.8 72.0 37 -1 0
0 1 0 27.8 72.0 37 -1 0
0 1 0 27.8 72.0 37 -1 0
0 1 0 27.8 71.5 37 -1 0
0 1 0 27.8 71.5 37 -1 0
0 1 0 27.8 71.5 37 -1 0
0 1 0 27.8 71.5 37 -1 0
0 1 0 27.8 71.0 35 -1 0
0 1 0 27.8 70.5 39 -1 0
0 1 0 27.8 70.0 37 -1 0
0 1 0 27.7 69.5 37 -1 0
0 1 0 27.7 69.5 37 -1 0
0 1 0 27.8 69.5 37 -1 0
0 1 0 27.7 70.0 37 -1 0
0 1 0 27.7 70.5 37 -1 0
0 1 0 27.7 70.0 35 -1 0
0 1 0 27.7 70.0 35 -1 0
0 1 0 27.7 69.5 35 -1 0
0 1 0 27.7 69.5 35 -1 0
0 1 0 27.7 69.0 35 -1 0
0 1 0 27.7 68.5 35 -1 0
0 1 0 27.6 68.0 39 -1 0
0 1 0 27.7 67.5 37 -1 0
0 1 0 27.6 67.5 37 -1 0
0 1 0 27.7 68.0 37 -1 0
0 1 0 27.6 69.0 35 -1 0
0 1 0 27.6 69.0 35 -1 0
0 1 0 27.7 69.0 33 -1 0
0 1 0 27.6 69.0 37 -1 0
0 1 0 27.6 69.0 35 -1 0
0 1 0 27.6 69.0 35 -1 0
0 1 0 27.6 69.0 33 -1 0
0 1 0 27.6 68.0 33 -1 0
0 1 0 27.7 67.5 33 -1 0
0 1 0 27.6 67.0 33 -1 0
0 1 0 27.6 67.0 33 -1 0
0 1 0 27.5 67.0 33 -1 0
0 1 0 27.5 66.5 33 -1 0
0 1 0 27.6 67.0 33 -1 0
0 1 0 27.5 67.0 31 -1 0
0 1 0 27.6 67.0 33 -1 0
0 1 0 27.6 67.5 31 -1 0
0 1 0 27.6 67.5 34 -1 0
0 1 0 27.5 67.5 34 -1 0
0 1 0 27.6 67.0 32 -1 0
0 1 0 27.6 67.0 32 -1 0
0 1 0 27.5 66.5 32 -1 0
0 1 0 27.6 66.5 30 -1 0
0 1 0 27.5 67.0 30 -1 0
0 1 0 27.5 67.5 30 -1 0
0 1 0 27.5 67.5 32 -1 0
0 1 0 27.5 67.5 30 -1 0
0 1 0 27.6 67.5 32 -1 0
0 1 0 27.5 67.5 30 -1 0
0 1 0 27.5 67.5 30 -1 0
0 1 0 27.6 68.0 30 -1 0
0 1 0 27.6 68.0 32 -1 0
0 1 0 27.5 68.0 28 -1 0
0 1 0 27.6 68.0 32 -1 0
0 1 0 27.6 68.0 32 -1 0
0 1 0 27.5 68.5 28 -1 0
0 1 0 27.6 68.0 28 -1 0
0 1 0 27.5 67.0 28 -1 0
0 1 0 27.6 67.0 30 -1 0
0 1 0 27.5 66.5 28 -1 0
0 1 0 27.6 66.0 30 -1 0
0 1 0 27.5 66.0 30 -1 0
0 1 0 27.5 66.0 30 -1 0
0 1 0 27.5 65.5 34 -1 0
0 1 0 27.5 65.5 32 -1 0
0 1 0 27.5 65.5 30 -1 0
0 1 0 27.5 65.0 30 -1 0
0 1 0 27.5 65.0 28 -1 0
0 1 0 27.5 64.5 30 -1 0
0 1 0 27.4 64.5 30 -1 0
0 1 0 27.5 64.0 29 -1 0
0 1 0 27.5 64.0 29 -1 0
0 1 0 27.5 64.0 27 -1 0
0 1 0 27.4 63.5 29 -1 0
0 1 0 27.4 63.5 25 -1 0
0 1 0 27.4 63.0 27 -1 0
0 1 0 27.4 63.0 29 -1 0
0 1 0 27.4 63.0 27 -1 0
0 1 0 27.4 62.5 27 -1 0
0 1 0 27.4 62.5 29 -1 0
0 1 0 27.4 62.5 25 -1 0
0 1 0 27.4 62.5 27 -1 0
0 1 0 27.4 63.0 23 -1 0
0 1 0 27.3 63.0 25 -1 0
0 1 0 27.4 63.5 23 -1 0
0 1 0 27.3 63.5 21 -1 0
0 1 0 27.4 63.0 25 -1 0
0 1 0 27.3 63.0 22 -1 0
0 1 0 27.3 63.0 22 -1 0
0 1 0 27.4 62.5 20 -1 0
0 1 0 27.3 62.5 20 -1 0
0 1 0 27.3 62.5 22 -1 0
0 1 0 27.3 62.5 20 -1 0
0 1 0 27.3 62.5 18 -1 0
0 1 0 27.3 62.0 18 -1 0
0 1 0 27.2 62.0 16 -1 0
0 1 0 27.3 62.0 20 -1 0
0 1 0 27.2 62.0 18 -1 0
0 1 0 27.3 61.5 18 -1 0
0 1 0 27.2 61.5 18 -1 0
0 1 0 27.3 61.5 16 -1 0
0 1 0 27.2 61.5 16 -1 0
0 1 0 27.2 61.5 14 -1 0
0 1 0 27.2 61.5 14 -1 0
0 1 0 27.2 61.0 18 -1 0
0 1 0 27.2 61.0 16 -1 0
0 1 0 27.2 61.0 16 -1 0
0 1 0 27.2 60.5 13 -1 0
0 1 0 27.2 60.5 13 -1 0
0 1 0 27.2 60.5 13 -1 0
0 1 0 27.2 60.5 11 -1 0
0 1 0 27.1 60.0 15 -1 0
0 1 0 27.2 60.0 15 -1 0
0 1 0 27.1 60.0 13 -1 0
0 1 0 27.1 60.0 13 -1 0
0 1 0 27.1 60.0 11 -1 0
0 1 0 27.1 60.0 11 -1 0
0 1 0 27.1 59.5 11 -1 0
0 1 0 27.1 59.5 11 -1 0
0 1 0 27.1 59.5 9 -1 0
0 1 0 27.1 59.5 9 -1 0
0 1 0 27.1 59.0 13 -1 0
0 1 0 27.0 59.0 13 -1 0
0 1 0 27.0 59.0 11 -1 0
0 1 0 27.1 59.0 11 -1 0
0 1 0 27.0 59.0 9 -1 0
0 1 0 27.0 59.0 9 -1 0
0 1 0 27.0 58.5 9 -1 0
0 1 0 27.0 58.5 9 -1 0
0 1 0 27.0 58.5 7 -1 0
0 1 0 27.0 58.5 7 -1 0
0 1 0 27.0 58.5 11 -1 0
0 1 0 27.0 58.5 9 -1 0
0 1 0 26.9 58.5 9 -1 0
0 1 0 27.0 58.5 9 -1 0
0 1 0 27.0 58.0 6 -1 0
0 1 0 27.0 58.0 6 -1 0
0 1 0 27.0 58.0 6 -1 0
0 1 0 27.0 58.0 8 -1 0
0 1 0 27.0 58.0 4 -1 0
0 1 0 27.0 58.0 4 -1 0
0 1 0 27.0 57.5 4 -1 0
0 1 0 27.0 58.0 6 -1 0
0 1 0 26.9 57.5 6 -1 0
0 1 0 26.9 57.5 6 -1 0
0 1 0 26.9 57.5 4 -1 0
0 1 0 26.9 57.5 4 -1 0
0 1 0 26.9 57.5 4 -1 0
0 1 0 26.9 57.5 4 -1 0
0 1 0 27.0 57.0 2 -1 0
0 1 0 26.9 57.0 2 -1 0
0 1 0 26.9 57.0 2 -1 0
0 1 0 26.9 57.0 4 -1 0
0 1 0 26.8 57.0 4 -1 0
0 1 0 26.9 57.0 4 -1 0
0 1 0 26.9 56.5 4 -1 0
0 1 0 26.8 57.0 4 -1 0
0 1 0 26.8 57.0 2 -1 0
0 1 0 26.8 56.5 2 -1 0
0 1 0 26.9 56.5 2 -1 0
0 1 0 26.9 56.5 2 -1 0
0 1 0 26.8 56.5 2 -1 0
0 1 0 26.8 56.5 2 -1 0
0 1 0 26.8 56.5 2 -1 0
0 1 0 26.8 56.5 2 -1 0
0 1 0 26.8 56.5 2 -1 0
0 1 0 26.8 56.5 2 -1 0
0 1 0 26.8 57.0 2 -1 0
0 1 0 26.8 56.5 2 -1 0
0 1 0 26.8 56.5 2 -1 0
0 1 0 26.9 57.0 2 -1 0
0 1 0 26.8 56.5 2 -1 0
0 1 0 26.7 56.5 0 -1 0
0 1 0 26.7 56.5 0 -1 0
0 1 0 26.8 56.5 0 -1 0
0 1 0 26.9 56.5 0 -1 0
0 1 0 26.8 56.5 0 -1 0
0 1 0 26.8 56.5 0 -1 0
0 1 0 26.8 57.0 0 -1 0
0 1 0 26.8 56.5 0 -1 0
0 1 0 26.8 56.5 0 -1 0
0 1 0 26.9 56.5 0 -1 0
0 1 0 26.7 56.5 0 -1 0
0 1 0 26.9 56.5 0 -1 0
0 1 0 26.8 56.5 0 -1 0
0 1 0 26.8 56.5 0 -1 0
0 1 0 26.8 56.5 0 -1 0
0 1 0 26.8 56.5 0 -1 0
0 1 0 26.8 56.5 0 -1 0
0 1 0 26.9 57.0 0 -1 0
0 1 0 26.9 56.5 0 -1 0
0 1 0 26.8 56.5 0 -1 0
0 1 0 26.8 56.5 0 -1 0
0 1 0 26.8 56.5 0 -1 0
0 1 0 26.8 56.5 0 -1 0
0 1 0 26.8 56.5 0 -1 0
0 1 0 26.8 56.5 0 -1 0
0 1 0 26.8 56.5 0 -1 0
0 1 0 26.8 56.5 0 -1 0
0 1 0 26.8 56.5 0 -1 0
0 1 0 26.8 56.5 0 -1 0
0 1 0 26.8 56.5 0 -1 0
0 1 0 26.8 56.5 0 -1 0
0 1 0 26.8 56.5 0 -1 0
0 1 0 26.8 56.5 0 -1 0
0 1 0 26.8 56.5 0 -1 0
0 1 0 26.9 56.5 0 -1 0
0 1 0 26.8 56.5 0 -1 0
0 1 0 26.9 56.5 0 -1 0
0 1 0 26.8 56.5 0 -1 0
0 1 0 26.9 56.5 0 -1 0
0 1 0 26.8 56.5 0 -1 0
0 1 0 26.9 56.5 0 -1 0
0 1 0 26.9 56.5 0 -1 0
0 1 0 26.8 56.5 0 -1 0
0 1 0 26.9 56.5 0 -1 0
0 1 0 26.8 56.5 0 -1 0
0 1 0 26.9 56.5 0 -1 0
0 1 0 26.8 56.5 0 -1 0
0 1 0 26.9 56.5 0 -1 0
0 1 0 26.8 56.5 0 -1 0
0 1 0 26.9 56.5 0 -1 0
0 1 0 26.8 56.5 0 -1 0
0 1 0 26.9 56.5 0 -1 0
0 1 0 26.8 56.5 0 -1 0
0 1 0 26.8 56.5 0 -1 0
0 1 0 26.8 56.5 0 -1 0
0 1 0 26.8 56.5 0 -1 0
0 1 0 26.8 56.5 0 -1 0
0 1 0 26.8 56.5 0 -1 0
0 1 0 26.9 56.5 0 -1 0
0 1 0 26.9 56.5 0 -1 0
0 1 0 26.8 56.5 0 -1 0
0 1 0 26.9 56.5 0 -1 0
0 1 0 26.9 56.5 0 -1 0
0 1 0 26.9 56.5 0 -1 0
0 1 0 26.9 56.5 0 -1 0
0 1 0 26.8 56.5 0 -1 0
0 1 0 26.9 56.5 0 -1 0
0 1 0 26.9 56.5 0 -1 0
0 1 0 27.0 56.5 0 -1 0
0 1 0 26.9 56.5 0 -1 0
0 1 0 26.8 56.5 0 -1 0
0 1 0 26.9 56.5 0 -1 0
0 1 0 26.9 56.5 0 -1 0
0 1 0 26.9 57.0 0 -1 0
0 1 0 26.9 57.5 0 -1 0
0 1 0 26.9 57.5 0 -1 0
0 1 0 26.9 57.0 0 -1 0
0 1 0 26.9 57.5 0 -1 0
0 1 0 26.9 57.0 0 -1 0
0 1 0 26.9 57.0 0 -1 0
0 1 0 26.9 57.0 0 -1 0
0 1 0 26.9 57.0 0 -1 0
0 1 0 26.9 57.0 0 -1 0
0 1 0 26.9 57.0 0 -1 0
0 1 0 26.9 57.0 0 -1 0
0 1 0 27.0 57.0 0 -1 0
0 1 0 26.9 57.0 0 -1 0
0 1 0 26.9 57.0 0 -1 0
0 1 0 26.9 57.0 0 -1 0
0 1 0 26.9 57.0 0 -1 0
0 1 0 27.0 57.0 0 -1 0
0 1 0 26.9 57.0 0 -1 0
0 1 0 27.0 57.0 0 -1 0
0 1 0 26.9 57.0 0 -1 0
0 1 0 26.9 57.0 0 -1 0
0 1 0 26.9 57.0 0 -1 0
0 1 0 26.9 57.0 0 -1 0
0 1 0 27.0 57.0 0 -1 0
0 1 0 26.9 57.0 0 -1 0
0 1 0 27.0 57.0 0 -1 0
0 1 0 26.9 57.0 0 -1 0
0 1 0 27.0 56.5 0 -1 0
0 1 0 26.9 56.5 0 -1 0
0 1 0 27.0 56.5 0 -1 0
0 1 0 26.9 56.5 0 -1 0
0 1 0 26.9 56.5 0 -1 0
0 1 0 26.9 56.5 0 -1 0
0 1 0 27.0 56.5 0 -1 0
0 1 0 27.0 56.5 0 -1 0
0 1 0 26.9 56.5 0 -1 0
0 1 0 27.0 56.5 0 -1 0
0 1 0 27.0 56.5 0 -1 0
0 1 0 26.9 56.5 0 -1 0
0 1 0 27.0 56.5 0 -1 0
0 1 0 27.0 56.5 0 -1 0
0 1 0 26.9 56.5 0 -1 0
0 1 0 26.9 56.5 0 -1 0
0 1 0 26.9 56.5 0 -1 0
0 1 0 26.9 56.5 0 -1 0
0 1 0 27.0 56.5 0 -1 0
0 1 0 27.0 56.5 0 -1 0
0 1 0 26.9 56.5 0 -1 0
0 1 0 26.9 56.5 0 -1 0
0 1 0 26.9 56.5 0 -1 0
0 1 0 26.9 56.5 0 -1 0
0 1 0 26.9 56.5 0 -1 0
0 1 0 26.9 56.5 0 -1 0
0 1 0 27.0 56.5 0 -1 0
0 1 0 26.9 56.5 0 -1 0
0 1 0 26.9 56.5 0 -1 0
0 1 0 27.0 56.5 0 -1 0
0 1 0 26.9 56.5 0 -1 0
0 1 0 26.9 56.5 0 -1 0
0 1 0 27.0 56.5 0 -1 0
0 1 0 27.0 56.5 0 -1 0
0 1 0 27.0 56.5 0 -1 0
0 1 0 26.9 56.5 0 -1 0
0 1 0 26.9 56.5 0 -1 0
0 1 0 27.1 56.5 0 -1 0
0 1 0 27.0 56.5 0 -1 0
0 1 0 27.0 56.5 0 -1 0
0 1 0 27.0 56.5 0 -1 0
0 1 0 27.0 56.5 0 -1 0
0 1 0 27.0 56.5 0 -1 0
0 1 0 27.0 56.5 0 -1 0
0 1 0 27.0 56.5 0 -1 0
0 1 0 27.0 56.5 0 -1 0
0 1 0 26.9 56.5 0 -1 0
0 1 0 27.0 56.5 0 -1 0
0 1 0 27.0 56.5 0 -1 0
0 1 0 27.0 56.5 0 -1 0
0 1 0 27.0 56.5 0 -1 0
0 1 0 27.0 56.5 0 -1 0
0 1 0 27.0 56.5 0 -1 0
0 1 0 27.0 56.5 0 -1 0
0 1 0 27.0 56.5 0 -1 0
0 1 0 27.1 56.5 0 -1 0
0 1 0 27.0 56.5 0 -1 0
0 1 0 27.0 56.5 0 -1 0
0 1 0 27.0 56.5 0 -1 0
0 1 0 27.0 56.5 0 -1 0
0 1 0 27.0 56.5 0 -1 0
0 1 0 27.0 56.5 0 -1 0
0 1 0 27.0 56.5 0 -1 0
0 1 0 27.0 56.5 0 -1 0
0 1 0 27.0 56.0 0 -1 0
0 1 0 27.0 56.0 0 -1 0
0 1 0 26.9 56.0 0 -1 0
0 1 0 27.0 56.0 0 -1 0
0 1 0 27.0 56.5 0 -1 0
0 1 0 27.0 56.5 0 -1 0
0 1 0 27.0 56.5 0 -1 0
0 1 0 27.0 56.5 0 -1 0
0 1 0 27.0 56.5 0 -1 0
0 1 0 27.0 56.5 0 -1 0
0 1 0 27.0 56.5 0 -1 0
0 1 0 27.0 56.5 0 -1 0
0 1 0 27.0 56.5 0 -1 0
0 1 0 27.0 56.5 0 -1 0
0 1 0 27.0 56.5 0 -1 0
0 1 0 27.0 56.5 0 -1 0
0 1 0 27.0 56.5 0 -1 0
0 1 0 27.0 56.5 0 -1 0
0 1 0 27.0 56.5 0 -1 0
0 1 0 27.0 56.5 0 -1 0
0 1 0 27.0 56.5 0 -1 0
0 1 0 27.0 56.5 0 -1 0
0 1 0 27.0 56.5 0 -1 0
0 1 0 27.0 56.5 0 -1 0
0 1 0 27.0 56.5 0 -1 0
0 1 0 27.0 56.5 0 -1 0
0 1 0 27.1 56.5 0 -1 0
0 1 0 27.0 57.0 2 -1 0
0 1 0 27.1 57.5 2 -1 0
0 1 0 27.0 57.5 2 -1 0
0 1 0 27.0 57.5 2 -1 0
0 1 0 27.0 57.5 2 -1 0
0 1 0 27.1 57.5 2 -1 0
0 1 0 27.0 57.5 2 -1 0
0 1 0 27.1 57.5 2 -1 0
0 1 0 27.0 57.5 2 -1 0
0 1 0 27.1 57.5 2 -1 0
0 1 0 27.1 57.5 2 -1 0
0 1 0 27.1 57.5 2 -1 0
0 1 0 27.1 58.0 2 -1 0
0 1 0 27.1 58.0 2 -1 0
0 1 0 27.1 58.0 2 -1 0
0 1 0 27.1 57.5 2 -1 0
0 1 0 27.1 58.0 2 -1 0
0 1 0 27.1 58.0 2 -1 0
0 1 0 27.1 58.0 2 -1 0
0 1 0 27.2 58.0 2 -1 0
0 1 0 27.1 58.0 2 -1 0
0 1 0 27.1 58.0 2 -1 0
0 1 0 27.2 58.5 2 -1 0
0 1 0 27.2 58.5 2 -1 0
0 1 0 27.2 58.5 2 -1 0
0 1 0 27.2 58.5 2 -1 0
0 1 0 27.2 58.5 2 -1 0
0 1 0 27.2 58.5 2 -1 0
0 1 0 27.2 58.5 2 -1 0
0 1 0 27.2 59.0 2 -1 0
0 1 0 27.2 59.0 2 -1 0
0 1 0 27.2 59.0 2 -1 0
0 1 0 27.2 59.0 2 -1 0
0 1 0 27.2 59.5 2 -1 0
0 1 0 27.3 59.0 2 -1 0
0 1 0 27.2 59.5 2 -1 0
0 1 0 27.2 59.5 2 -1 0
0 1 0 27.2 59.5 2 -1 0
0 1 0 27.3 59.5 2 -1 0
0 1 0 27.2 59.5 2 -1 0
0 1 0 27.3 59.5 2 -1 0
0 1 0 27.4 60.0 2 -1 0
0 1 0 27.4 60.0 2 -1 0
0 1 0 27.3 60.0 2 -1 0
0 1 0 27.3 60.0 2 -1 0
0 1 0 27.4 60.0 2 -1 0
0 1 0 27.4 60.0 2 -1 0
0 1 0 27.4 60.0 2 -1 0
0 1 0 27.3 60.0 2 -1 0
0 1 0 27.4 60.0 2 -1 0
0 1 0 27.4 60.0 2 -1 0
0 1 0 27.4 60.0 2 -1 0
0 1 0 27.4 60.0 2 -1 0
0 1 0 27.4 60.0 2 -1 0
0 1 0 27.4 60.0 2 -1 0
0 1 0 27.4 60.0 2 -1 0
0 1 0 27.4 60.0 2 -1 0
0 1 0 27.4 60.0 2 -1 0
0 1 0 27.5 60.0 2 -1 0
0 1 0 27.4 60.0 2 -1 0
0 1 0 27.4 60.0 2 -1 0
0 1 0 27.4 60.0 2 -1 0
0 1 0 27.4 60.0 2 -1 0
0 1 0 27.5 60.0 2 -1 0
0 1 0 27.5 60.0 2 -1 0
0 1 0 27.5 60.0 2 -1 0
0 1 0 27.5 60.0 2 -1 0
0 1 0 27.5 60.0 2 -1 0
0 1 0 27.5 60.0 2 -1 0
0 1 0 27.5 60.0 2 -1 0
0 1 0 27.5 60.0 2 -1 0
0 1 0 27.5 60.0 2 -1 0
0 1 0 27.5 60.0 2 -1 0
0 1 0 27.5 60.0 2 -1 0
0 1 0 27.5 60.0 2 -1 0
0 1 0 27.6 60.0 2 -1 0
0 1 0 27.5 60.0 2 -1 0
0 1 0 27.5 60.0 2 -1 0
0 1 0 27.6 60.0 2 -1 0
0 1 0 27.5 60.0 2 -1 0
0 1 0 27.5 60.0 2 -1 0
0 1 0 27.6 60.0 2 -1 0
0 1 0 27.6 60.0 2 -1 0
0 1 0 27.6 60.0 2 -1 0
0 1 0 27.6 60.0 2 -1 0
0 1 0 27.6 60.0 2 -1 0
0 1 0 27.6 60.0 2 -1 0
0 1 0 27.5 60.0 2 -1 0
0 1 0 27.6 60.0 2 -1 0
0 1 0 27.6 60.0 2 -1 0
0 1 0 27.6 60.0 2 -1 0
0 1 0 27.6 60.0 2 -1 0
0 1 0 27.6 60.0 2 -1 0
0 1 0 27.6 60.0 2 -1 0
0 1 0 27.6 60.0 2 -1 0
0 1 0 27.6 60.0 2 -1 0
0 1 0 27.6 60.0 2 -1 0
