0 1 0 27.6 47.5 2 -1 0
0 1 0 27.6 47.5 2 -1 0
0 1 0 27.6 47.5 2 -1 0
0 1 0 27.6 47.5 2 -1 0
0 1 0 27.6 47.5 2 -1 0
0 1 0 27.5 47.5 2 -1 0
0 1 0 27.6 47.5 2 -1 0
0 1 0 27.6 47.5 2 -1 0
0 1 0 27.5 47.5 2 -1 0
0 1 0 27.6 47.5 2 -1 0
0 1 0 27.5 47.5 2 -1 0
0 1 0 27.6 47.5 2 -1 0
0 1 0 27.6 47.5 2 -1 0
0 1 0 27.6 48.0 2 -1 0
0 1 0 27.6 47.5 2 -1 0
0 1 0 27.6 47.5 2 -1 0
0 1 0 27.6 47.5 2 -1 0
0 1 0 27.5 47.5 2 -1 0
0 1 0 27.6 47.5 2 -1 0
0 1 0 27.6 48.0 2 -1 0
0 1 0 27.6 47.5 2 -1 0
0 1 0 27.6 47.5 2 -1 0
0 1 0 27.6 47.5 2 -1 0
0 1 0 27.5 47.5 2 -1 0
0 1 0 27.6 47.5 2 -1 0
0 1 0 27.5 47.5 2 -1 0
0 1 0 27.6 47.5 2 -1 0
0 1 0 27.6 47.5 2 -1 0
0 1 0 27.5 47.5 2 -1 0
0 1 0 27.6 47.5 2 -1 0
0 1 0 27.5 47.5 2 -1 0
0 1 0 27.5 47.5 2 -1 0
0 1 0 27.6 47.5 2 -1 0
0 1 0 27.5 47.5 2 -1 0
0 1 0 27.5 47.5 2 -1 0
0 1 0 27.5 47.5 2 -1 0
0 1 0 27.6 47.5 2 -1 0
0 1 0 27.6 48.0 2 -1 0
0 1 0 27.5 48.0 2 -1 0
0 1 0 27.6 48.0 2 -1 0
0 1 0 27.5 48.0 2 -1 0
0 1 0 27.6 48.0 2 -1 0
0 1 0 27.5 48.0 2 -1 0
0 1 0 27.6 48.0 2 -1 0
0 1 0 27.6 48.0 2 -1 0
0 1 0 27.5 48.0 2 -1 0
0 1 0 27.5 48.0 2 -1 0
0 1 0 27.6 48.0 2 -1 0
0 1 0 27.5 48.0 2 -1 0
0 1 0 27.6 48.0 2 -1 0
0 1 0 27.5 48.0 2 -1 0
0 1 0 27.6 48.0 2 -1 0
0 1 0 27.6 48.0 2 -1 0
0 1 0 27.6 48.0 2 -1 0
0 1 0 27.5 48.0 2 -1 0
0 1 0 27.5 48.0 2 -1 0
0 1 0 27.6 48.0 2 -1 0
0 1 0 27.5 48.0 2 -1 0
0 1 0 27.6 48.0 2 -1 0
0 1 0 27.5 48.0 2 -1 0
0 1 0 27.6 48.0 2 -1 0
0 1 0 27.5 48.0 2 -1 0
0 1 0 27.5 48.0 2 -1 0
0 1 0 27.5 48.0 2 -1 0
0 1 0 27.5 48.0 2 -1 0
0 1 0 27.5 48.0 2 -1 0
0 1 0 27.5 48.0 2 -1 0
0 1 0 27.6 48.0 2 -1 0
0 1 0 27.6 48.0 2 -1 0
0 1 0 27.6 48.0 2 -1 0
0 1 0 27.5 48.0 2 -1 0
0 1 0 27.6 48.0 2 -1 0
0 1 0 27.5 48.0 2 -1 0
0 1 0 27.5 48.0 2 -1 0
0 1 0 27.5 48.0 2 -1 0
0 1 0 27.5 48.0 2 -1 0
0 1 0 27.5 48.0 2 -1 0
0 1 0 27.5 48.0 2 -1 0
0 1 0 27.5 48.0 2 -1 0
0 1 0 27.5 48.0 2 -1 0
0 1 0 27.6 48.0 2 -1 0
0 1 0 27.5 48.0 2 -1 0
0 1 0 27.6 48.0 2 -1 0
0 1 0 27.6 48.0 2 -1 0
0 1 0 27.5 48.0 2 -1 0
0 1 0 27.5 48.0 2 -1 0
0 1 0 27.5 48.0 2 -1 0
0 1 0 27.6 48.0 2 -1 0
0 1 0 27.6 48.0 2 -1 0
0 1 0 27.6 48.0 2 -1 0
0 1 0 27.6 48.0 2 -1 0
0 1 0 27.6 48.0 2 -1 0
0 1 0 27.6 48.0 2 -1 0
0 1 0 27.5 48.0 2 -1 0
0 1 0 27.5 48.5 2 -1 0
0 1 0 27.6 48.0 2 -1 0
0 1 0 27.5 48.0 2 -1 0
0 1 0 27.5 48.5 2 -1 0
0 1 0 27.5 48.5 2 -1 0
0 1 0 27.5 48.5 2 -1 0
0 1 0 27.6 48.5 2 -1 0
0 1 0 27.5 48.5 2 -1 0
0 1 0 27.5 48.5 2 -1 0
0 1 0 27.6 48.5 2 -1 0
0 1 0 27.6 48.5 2 -1 0
0 1 0 27.5 48.5 2 -1 0
0 1 0 27.6 48.5 2 -1 0
0 1 0 27.6 48.5 2 -1 0
0 1 0 27.5 48.5 2 -1 0
0 1 0 27.5 48.5 2 -1 0
0 1 0 27.5 48.5 2 -1 0
0 1 0 27.5 48.5 2 -1 0
0 1 0 27.5 48.5 2 -1 0
0 1 0 27.5 48.5 2 -1 0
0 1 0 27.5 48.5 2 -1 0
0 1 0 27.5 48.5 2 -1 0
0 1 0 27.5 48.5 2 -1 0
0 1 0 27.6 48.5 2 -1 0
0 1 0 27.5 48.5 2 -1 0
0 1 0 27.6 48.5 2 -1 0
0 1 0 27.6 48.5 2 -1 0
0 1 0 27.5 48.5 2 -1 0
0 1 0 27.5 48.5 2 -1 0
0 1 0 27.6 48.5 2 -1 0
0 1 0 27.6 48.5 2 -1 0
0 1 0 27.5 48.5 2 -1 0
0 1 0 27.6 48.5 2 -1 0
0 1 0 27.5 48.5 2 -1 0
0 1 0 27.6 48.5 2 -1 0
0 1 0 27.5 48.5 2 -1 0
0 1 0 27.5 48.5 2 -1 0
0 1 0 27.6 48.5 2 -1 0
0 1 0 27.6 48.5 2 -1 0
0 1 0 27.6 48.5 2 -1 0
0 1 0 27.6 48.5 2 -1 0
0 1 0 27.6 48.5 2 -1 0
0 1 0 27.5 48.5 2 -1 0
0 1 0 27.5 48.5 2 -1 0
0 1 0 27.5 48.5 2 -1 0
0 1 0 27.5 48.5 2 -1 0
0 1 0 27.5 48.5 2 -1 0
0 1 0 27.5 48.5 2 -1 0
0 1 0 27.5 48.5 2 -1 0
0 1 0 27.5 48.5 2 -1 0
0 1 0 27.5 48.5 2 -1 0
0 1 0 27.5 48.5 2 -1 0
0 1 0 27.6 48.5 2 -1 0
0 1 0 27.5 48.5 2 -1 0
0 1 0 27.5 48.5 2 -1 0
0 1 0 27.6 48.5 2 -1 0
0 1 0 27.5 49.0 2 -1 0
0 1 0 27.6 48.5 2 -1 0
0 1 0 27.5 49.0 2 -1 0
0 1 0 27.5 49.0 2 -1 0
0 1 0 27.6 49.0 2 -1 0
0 1 0 27.5 49.0 2 -1 0
0 1 0 27.5 49.0 2 -1 0
0 1 0 27.6 49.0 2 -1 0
0 1 0 27.5 49.0 2 -1 0
0 1 0 27.5 49.0 2 -1 0
0 1 0 27.6 49.0 2 -1 0
0 1 0 27.5 49.0 2 -1 0
0 1 0 27.5 49.0 2 -1 0
0 1 0 27.5 48.5 2 -1 0
0 1 0 27.5 49.0 2 -1 0
0 1 0 27.5 49.0 2 -1 0
0 1 0 27.5 49.0 2 -1 0
0 1 0 27.5 48.5 2 -1 0
0 1 0 27.6 49.0 2 -1 0
0 1 0 27.6 49.0 2 -1 0
0 1 0 27.5 48.5 2 -1 0
0 1 0 27.5 49.0 2 -1 0
0 1 0 27.6 49.0 2 -1 0
0 1 0 27.5 49.0 2 -1 0
0 1 0 27.5 49.0 2 -1 0
0 1 0 27.5 49.0 2 -1 0
0 1 0 27.5 49.0 2 -1 0
0 1 0 27.5 49.0 2 -1 0
0 1 0 27.5 49.0 2 -1 0
0 1 0 27.5 49.0 2 -1 0
0 1 0 27.5 49.0 2 -1 0
0 1 0 27.5 49.0 2 -1 0
0 1 0 27.6 49.0 2 -1 0
0 1 0 27.5 49.0 2 -1 0
0 1 0 27.6 49.0 2 -1 0
0 1 0 27.6 49.0 2 -1 0
0 1 0 27.5 49.0 2 -1 0
0 1 0 27.5 49.0 2 -1 0
0 1 0 27.6 49.0 2 -1 0
0 1 0 27.5 49.0 2 -1 0
0 1 0 27.5 49.0 2 -1 0
0 1 0 27.5 49.0 2 -1 0
0 1 0 27.5 49.0 2 -1 0
0 1 0 27.5 49.0 2 -1 0
0 1 0 27.5 49.0 2 -1 0
0 1 0 27.6 49.0 2 -1 0
0 1 0 27.5 49.0 2 -1 0
0 1 0 27.5 49.0 2 -1 0
0 1 0 27.6 49.0 2 -1 0
0 1 0 27.5 49.0 2 -1 0
0 1 0 27.6 49.0 2 -1 0
0 1 0 27.5 49.0 2 -1 0
0 1 0 27.5 49.0 2 -1 0
0 1 0 27.5 49.0 2 -1 0
0 1 0 27.5 49.0 2 -1 0
0 1 0 27.5 49.0 2 -1 0
0 1 0 27.5 49.0 2 -1 0
0 1 0 27.5 49.0 2 -1 0
0 1 0 27.5 49.0 2 -1 0
0 1 0 27.5 49.0 2 -1 0
0 1 0 27.5 49.0 2 -1 0
0 1 0 27.5 49.0 2 -1 0
0 1 0 27.5 49.0 2 -1 0
0 1 0 27.5 49.0 2 -1 0
0 1 0 27.5 49.0 2 -1 0
0 1 0 27.5 49.0 2 -1 0
0 1 0 27.5 49.0 2 -1 0
0 1 0 27.6 49.0 2 -1 0
0 1 0 27.5 49.0 2 -1 0
0 1 0 27.5 49.0 2 -1 0
0 1 0 27.5 49.0 2 -1 0
0 1 0 27.5 49.0 2 -1 0
0 1 0 27.5 49.0 2 -1 0
0 1 0 27.5 49.5 2 -1 0
0 1 0 27.5 49.5 2 -1 0
0 1 0 27.5 49.5 2 -1 0
0 1 0 27.5 49.5 2 -1 0
0 1 0 27.5 49.5 2 -1 0
0 1 0 27.4 49.5 2 -1 0
0 1 0 27.5 49.5 2 -1 0
0 1 0 27.5 49.5 2 -1 0
0 1 0 27.6 49.5 2 -1 0
0 1 0 27.5 49.5 2 -1 0
0 1 0 27.5 49.5 2 -1 0
0 1 0 27.4 49.5 2 -1 0
0 1 0 27.5 49.5 2 -1 0
0 1 0 27.5 49.5 2 -1 0
0 1 0 27.5 49.5 2 -1 0
0 1 0 27.5 49.5 2 -1 0
0 1 0 27.5 49.5 2 -1 0
0 1 0 27.5 49.5 2 -1 0
0 1 0 27.5 49.5 2 -1 0
0 1 0 27.5 49.5 2 -1 0
0 1 0 27.5 49.5 2 -1 0
0 1 0 27.6 49.5 2 -1 0
0 1 0 27.5 49.5 2 -1 0
0 1 0 27.5 49.5 2 -1 0
0 1 0 27.5 49.5 2 -1 0
0 1 0 27.6 49.5 2 -1 0
0 1 0 27.6 49.5 2 -1 0
0 1 0 27.5 49.5 2 -1 0
0 1 0 27.6 49.5 2 -1 0
0 1 0 27.5 49.5 2 -1 0
0 1 0 27.5 49.5 2 -1 0
0 1 0 27.5 49.5 2 -1 0
0 1 0 27.4 49.5 2 -1 0
0 1 0 27.5 49.5 2 -1 0
0 1 0 27.5 49.5 2 -1 0
0 1 0 27.5 49.5 2 -1 0
0 1 0 27.5 49.5 2 -1 0
0 1 0 27.5 49.5 2 -1 0
0 1 0 27.5 49.5 2 -1 0
0 1 0 27.5 49.5 2 -1 0
0 1 0 27.5 49.5 2 -1 0
0 1 0 27.5 49.5 2 -1 0
0 1 0 27.5 49.5 2 -1 0
0 1 0 27.5 49.5 2 -1 0
0 1 0 27.4 49.5 2 -1 0
0 1 0 27.5 49.5 2 -1 0
0 1 0 27.5 49.5 2 -1 0
0 1 0 27.5 49.5 2 -1 0
0 1 0 27.5 49.5 2 -1 0
0 1 0 27.5 49.5 2 -1 0
0 1 0 27.5 49.5 2 -1 0
0 1 0 27.5 49.5 2 -1 0
0 1 0 27.5 49.5 2 -1 0
0 1 0 27.4 49.5 2 -1 0
0 1 0 27.4 49.5 2 -1 0
0 1 0 27.5 49.5 2 -1 0
0 1 0 27.5 49.5 2 -1 0
0 1 0 27.4 49.5 2 -1 0
0 1 0 27.4 49.5 2 -1 0
0 1 0 27.4 49.5 2 -1 0
0 1 0 27.4 49.5 2 -1 0
0 1 0 27.5 49.5 2 -1 0
0 1 0 27.5 49.5 2 -1 0
0 1 0 27.5 49.5 2 -1 0
0 1 0 27.4 49.5 2 -1 0
0 1 0 27.4 49.5 2 -1 0
0 1 0 27.4 49.5 2 -1 0
0 1 0 27.5 49.5 2 -1 0
0 1 0 27.5 49.5 2 -1 0
0 1 0 27.4 49.5 2 -1 0
0 1 0 27.5 49.5 2 -1 0
0 1 0 27.5 49.5 2 -1 0
0 1 0 27.5 49.5 2 -1 0
0 1 0 27.4 49.5 2 -1 0
0 1 0 27.4 49.5 2 -1 0
0 1 0 27.4 49.5 2 -1 0
0 1 0 27.4 49.5 2 -1 0
0 1 0 27.4 49.5 2 -1 0
0 1 0 27.5 49.5 1 -1 0
0 1 0 27.4 49.5 1 -1 0
0 1 0 27.5 49.5 1 -1 0
0 1 0 27.5 49.5 1 -1 0
0 1 0 27.4 49.5 1 -1 0
0 1 0 27.5 49.5 1 -1 0
0 1 0 27.4 49.5 1 -1 0
0 1 0 27.4 49.5 1 -1 0
0 1 0 27.5 49.5 1 -1 0
0 1 0 27.5 49.5 1 -1 0
0 1 0 27.4 49.5 1 -1 0
0 1 0 27.5 49.5 1 -1 0
0 1 0 27.4 49.5 1 -1 0
0 1 0 27.5 49.5 1 -1 0
0 1 0 27.5 49.5 1 -1 0
0 1 0 27.4 49.5 1 -1 0
0 1 0 27.4 49.5 1 -1 0
0 1 0 27.5 49.5 1 -1 0
0 1 0 27.4 49.5 1 -1 0
0 1 0 27.5 49.5 0 -1 0
0 1 0 27.5 49.5 0 -1 0
0 1 0 27.4 49.5 2 -1 0
0 1 0 27.4 49.5 3 -1 0
0 1 0 27.4 49.5 3 -1 0
0 1 0 27.4 49.5 2 -1 0
0 1 0 27.4 49.5 2 -1 0
0 1 0 27.5 49.5 2 -1 0
0 1 0 27.5 49.5 2 -1 0
0 1 0 27.5 49.5 0 -1 0
0 1 0 27.4 49.5 2 -1 0
0 1 0 27.4 49.5 2 -1 0
0 1 0 27.5 49.5 2 -1 0
0 1 0 27.5 49.5 2 -1 0
0 1 0 27.5 49.5 2 -1 0
0 1 0 27.4 49.5 2 -1 0
0 1 0 27.4 49.5 2 -1 0
0 1 0 27.4 49.5 1 -1 0
0 1 0 27.4 49.5 1 -1 0
0 1 0 27.4 49.5 1 -1 0
0 1 0 27.4 49.5 1 -1 0
0 1 0 27.4 49.5 1 -1 0
0 1 0 27.4 49.5 1 -1 0
0 1 0 27.4 49.5 1 -1 0
0 1 0 27.5 49.5 1 -1 0
0 1 0 27.4 49.5 1 -1 0
0 1 0 27.4 49.5 1 -1 0
0 1 0 27.4 49.5 1 -1 0
0 1 0 27.4 49.5 2 -1 0
0 1 0 27.4 49.5 2 -1 0
0 1 0 27.4 49.5 2 -1 0
0 1 0 27.4 49.5 4 -1 0
0 1 0 27.4 49.5 1 -1 0
0 1 0 27.3 49.5 2 -1 0
0 1 0 27.4 49.5 2 -1 0
0 1 0 27.4 49.5 2 -1 0
0 1 0 27.3 49.5 2 -1 0
0 1 0 27.4 49.5 2 -1 0
0 1 0 27.4 49.5 2 -1 0
0 1 0 27.4 49.5 4 -1 0
0 1 0 27.4 49.5 6 -1 0
0 1 0 27.4 49.5 3 -1 0
0 1 0 27.3 49.5 5 -1 0
0 1 0 27.4 49.5 7 -1 0
0 1 0 27.4 49.5 7 -1 0
0 1 0 27.4 49.5 5 -1 0
0 1 0 27.4 49.5 5 -1 0
0 1 0 27.4 49.5 7 -1 0
0 1 0 27.4 49.5 9 -1 0
0 1 0 27.4 49.5 7 -1 0
0 1 0 27.4 49.5 11 -1 0
0 1 0 27.4 49.5 8 -1 0
0 1 0 27.4 49.5 10 -1 0
0 1 0 27.4 49.5 12 -1 0
0 1 0 27.4 49.5 12 -1 0
0 1 0 27.5 49.5 10 -1 0
0 1 0 27.4 49.5 10 -1 0
0 1 0 27.4 49.5 10 -1 0
0 1 0 27.4 49.5 12 -1 0
0 1 0 27.4 49.5 12 -1 0
0 1 0 27.4 49.5 12 -1 0
0 1 0 27.4 49.5 12 -1 0
0 1 0 27.4 49.5 12 -1 0
0 1 0 27.4 49.5 10 -1 0
0 1 0 27.3 49.5 10 -1 0
0 1 0 27.4 49.5 10 -1 0
0 1 0 27.3 49.5 10 -1 0
0 1 0 27.4 49.5 12 -1 0
0 1 0 27.4 49.5 12 -1 0
0 1 0 27.4 49.5 12 -1 0
0 1 0 27.4 49.5 12 -1 0
0 1 0 27.4 49.5 10 -1 0
0 1 0 27.4 49.5 10 -1 0
0 1 0 27.4 49.5 10 -1 0
0 1 0 27.4 49.5 12 -1 0
0 1 0 27.4 49.5 10 -1 0
0 1 0 27.4 49.5 10 -1 0
0 1 0 27.4 49.5 10 -1 0
0 1 0 27.4 49.5 10 -1 0
0 1 0 27.4 49.5 8 -1 0
0 1 0 27.4 49.5 9 -1 0
0 1 0 27.4 49.5 7 -1 0
0 1 0 27.4 49.5 5 -1 0
0 1 0 27.4 49.5 5 -1 0
0 1 0 27.4 50.0 7 -1 0
0 1 0 27.3 50.0 11 -1 0
0 1 0 27.4 50.0 10 -1 0
0 1 0 27.4 49.5 10 -1 0
0 1 0 27.4 49.5 8 -1 0
0 1 0 27.4 50.0 11 -1 0
0 1 0 27.4 49.5 9 -1 0
0 1 0 27.4 49.5 11 -1 0
0 1 0 27.4 49.5 10 -1 0
0 1 0 27.4 50.0 12 -1 0
0 1 0 27.4 49.5 14 -1 0
0 1 0 27.5 49.5 15 -1 0
0 1 0 27.4 49.5 17 -1 0
0 1 0 27.5 49.5 17 -1 0
0 1 0 27.4 49.5 17 -1 0
0 1 0 27.4 49.5 17 -1 0
0 1 0 27.4 49.5 17 -1 0
0 1 0 27.4 49.5 15 -1 0
0 1 0 27.4 49.5 15 -1 0
0 1 0 27.4 49.5 15 -1 0
0 1 0 27.5 49.5 19 -1 0
0 1 0 27.5 49.5 19 -1 0
0 1 0 27.4 49.5 19 -1 0
0 1 0 27.4 49.5 21 -1 0
0 1 0 27.4 49.5 26 -1 0
0 1 0 27.5 49.5 31 -1 0
0 1 0 27.4 49.5 29 -1 0
0 1 0 27.4 49.5 33 -1 0
0 1 0 27.4 49.5 28 -1 0
0 1 0 27.5 49.5 26 -1 0
0 1 0 27.4 49.5 28 -1 0
0 1 0 27.5 49.5 31 -1 0
0 1 0 27.4 49.5 31 -1 0
0 1 0 27.4 49.5 31 -1 0
0 1 0 27.4 49.5 31 -1 0
0 1 0 27.4 49.5 33 -1 0
0 1 0 27.4 49.5 34 -1 0
0 1 0 27.5 49.5 36 -1 0
0 1 0 27.4 49.5 40 -1 0
0 1 0 27.4 49.5 43 -1 0
0 1 0 27.5 49.5 46 -1 0
0 1 0 27.4 49.5 46 -1 0
0 1 0 27.4 49.5 48 -1 0
0 1 0 27.4 49.5 50 -1 0
0 1 0 27.4 49.0 46 -1 0
0 1 0 27.4 49.0 46 -1 0
0 1 0 27.5 49.5 46 -1 0
0 1 0 27.4 49.5 41 -1 0
0 1 0 27.5 49.5 40 -1 0
0 1 0 27.5 49.5 34 -1 0
0 1 0 27.4 49.5 29 -1 0
0 1 0 27.5 49.5 28 -1 0
0 1 0 27.5 49.5 26 -1 0
0 1 0 27.5 49.5 26 -1 0
0 1 0 27.4 49.0 22 -1 0
0 1 0 27.5 49.5 22 -1 0
0 1 0 27.5 49.0 24 -1 0
0 1 0 27.5 49.0 24 -1 0
0 1 0 27.5 49.5 24 -1 0
0 1 0 27.4 49.5 24 -1 0
0 1 0 27.5 49.5 26 -1 0
0 1 0 27.5 49.5 26 -1 0
0 1 0 27.5 49.0 26 -1 0
0 1 0 27.5 49.5 22 -1 0
0 1 0 27.5 49.5 24 -1 0
0 1 0 27.5 49.5 26 -1 0
0 1 0 27.5 49.5 24 -1 0
0 1 0 27.6 49.5 26 -1 0
0 1 0 27.5 49.0 25 -1 0
0 1 0 27.4 49.5 29 -1 0
0 1 0 27.5 49.5 29 -1 0
0 1 0 27.5 49.0 29 -1 0
0 1 0 27.5 49.5 34 -1 0
0 1 0 27.5 49.5 36 -1 0
0 1 0 27.5 49.5 43 -1 0
0 1 0 27.5 49.5 43 -1 0
0 1 0 27.5 49.5 46 -1 0
0 1 0 27.5 49.5 46 -1 0
0 1 0 27.5 49.5 46 -1 0
0 1 0 27.5 50.0 44 -1 0
0 1 0 27.5 50.0 44 -1 0
0 1 0 27.5 50.0 46 -1 0
0 1 0 27.5 50.5 48 -1 0
0 1 0 27.6 50.5 50 -1 0
0 1 0 27.6 50.5 50 -1 0
0 1 0 27.5 50.5 51 -1 0
0 1 0 27.6 51.0 53 -1 0
0 1 0 27.6 51.0 51 -1 0
0 1 0 27.6 51.0 55 -1 0
0 1 0 27.6 51.5 53 -1 0
0 1 0 27.6 51.5 53 -1 0
0 1 0 27.6 52.0 53 -1 0
0 1 0 27.6 52.5 51 -1 0
0 1 0 27.6 53.0 55 -1 0
0 1 0 27.6 53.5 60 -1 0
0 1 0 27.6 54.0 62 -1 0
0 1 0 27.6 54.5 65 -1 0
0 1 0 27.6 54.0 71 -1 0
0 1 0 27.7 55.0 76 -1 0
0 1 0 27.7 55.0 77 -1 0
0 1 0 27.7 54.5 77 -1 0
0 1 0 27.7 55.0 75 -1 0
0 1 0 27.7 55.5 72 -1 0
0 1 0 27.7 55.0 74 -1 0
0 1 0 27.7 55.5 74 -1 0
0 1 0 27.8 56.0 74 -1 0
0 1 0 27.8 56.0 74 -1 0
0 1 0 27.7 56.0 77 -1 0
0 1 0 27.8 56.5 81 -1 0
0 1 0 27.8 57.0 79 -1 0
0 1 0 27.8 57.5 75 -1 0
0 1 0 27.8 57.5 79 -1 0
0 1 0 27.8 57.5 81 -1 0
0 1 0 27.8 57.5 79 -1 0
0 1 0 27.8 58.0 81 -1 0
0 1 0 27.9 58.0 77 -1 0
0 1 0 28.0 58.5 81 -1 0
0 1 0 27.9 58.5 84 -1 0
0 1 0 27.9 58.5 84 -1 0
0 1 0 27.9 59.0 86 -1 0
0 1 0 28.0 59.5 91 -1 0
0 1 0 28.0 60.0 98 -1 0
0 1 0 28.0 60.0 108 -1 0
0 1 0 28.0 60.0 117 -1 0
0 1 0 28.1 60.5 131 -1 0
0 1 0 28.0 60.5 142 -1 0
0 1 0 28.0 60.5 131 -1 0
0 1 0 28.1 61.0 131 -1 0
0 1 0 28.1 60.5 144 -1 0
0 1 0 28.1 61.0 156 -1 0
0 1 0 28.1 61.0 195 -1 0
0 1 0 28.2 61.0 225 -1 0
0 1 0 28.2 61.5 235 -1 0
0 1 0 28.2 61.5 230 -1 0
0 1 0 28.2 62.0 210 -1 0
0 1 0 28.3 62.0 195 -1 0
0 1 0 28.3 62.5 208 -1 0
0 1 0 28.3 62.5 219 -1 0
0 1 0 28.3 62.5 194 -1 0
0 1 0 28.4 62.5 187 -1 0
0 1 0 28.4 62.5 202 -1 0
0 1 0 28.4 63.0 209 -1 0
0 1 0 28.5 63.0 186 -1 0
0 1 0 28.4 63.0 179 -1 0
0 1 0 28.5 63.5 165 -1 0
0 1 0 28.5 63.0 152 -1 0
0 1 0 28.5 63.0 134 -1 0
0 1 0 28.5 63.0 115 -1 0
0 1 0 28.5 63.0 108 -1 0
0 1 0 28.6 63.0 96 -1 0
0 1 0 28.6 63.0 86 -1 0
0 1 0 28.6 63.0 81 -1 0
0 1 0 28.6 63.0 76 -1 0
0 1 0 28.6 63.0 70 -1 0
0 1 0 28.6 62.5 67 -1 0
0 1 0 28.6 62.5 65 -1 0
0 1 0 28.5 62.0 65 -1 0
0 1 0 28.5 61.5 63 -1 0
0 1 0 28.5 61.5 65 -1 0
0 1 0 28.6 61.5 67 -1 0
0 1 0 28.5 61.5 70 -1 0
0 1 0 28.5 61.0 77 -1 0
0 1 0 28.6 61.0 79 -1 0
0 1 0 28.5 61.5 77 -1 0
0 1 0 28.5 62.0 77 -1 0
0 1 0 28.6 61.5 75 -1 0
0 1 0 28.6 62.0 72 -1 0
0 1 0 28.5 62.0 72 -1 0
0 1 0 28.6 62.0 72 -1 0
0 1 0 28.6 62.0 72 -1 0
0 1 0 28.6 62.0 77 -1 0
0 1 0 28.5 61.5 81 -1 0
0 1 0 28.5 61.0 81 -1 0
0 1 0 28.5 60.5 86 -1 0
0 1 0 28.5 60.5 89 -1 0
0 1 0 28.5 60.0 94 -1 0
0 1 0 28.5 60.0 99 -1 0
0 1 0 28.5 59.5 108 -1 0
0 1 0 28.5 59.5 115 -1 0
0 1 0 28.4 59.5 117 -1 0
0 1 0 28.4 59.5 120 -1 0
0 1 0 28.5 60.0 118 -1 0
0 1 0 28.5 60.0 120 -1 0
0 1 0 28.5 60.0 118 -1 0
0 1 0 28.5 60.5 118 -1 0
0 1 0 28.5 60.5 122 -1 0
0 1 0 28.4 60.5 120 -1 0
0 1 0 28.5 60.5 124 -1 0
0 1 0 28.5 60.5 139 -1 0
0 1 0 28.4 60.5 137 -1 0
0 1 0 28.5 60.5 146 -1 0
0 1 0 28.5 60.5 149 -1 0
0 1 0 28.5 60.5 151 -1 0
0 1 0 28.5 60.5 158 -1 0
0 1 0 28.5 60.5 169 -1 0
0 1 0 28.5 60.5 168 -1 0
0 1 0 28.5 60.0 181 -1 0
0 1 0 28.5 60.0 180 -1 0
0 1 0 28.6 60.0 170 -1 0
0 1 0 28.5 60.0 183 -1 0
0 1 0 28.5 60.5 183 -1 0
0 1 0 28.5 61.0 165 -1 0
0 1 0 28.5 61.0 175 -1 0
0 1 0 28.5 61.0 166 -1 0
0 1 0 28.6 61.0 155 -1 0
0 1 0 28.6 61.0 170 -1 0
0 1 0 28.6 60.5 168 -1 0
0 1 0 28.6 60.5 161 -1 0
0 1 0 28.7 60.0 154 -1 0
0 1 0 28.6 60.5 148 -1 0
0 1 0 28.6 61.0 142 -1 0
0 1 0 28.6 61.0 137 -1 0
0 1 0 28.6 61.5 130 -1 0
0 1 0 28.6 61.5 120 -1 0
0 1 0 28.6 61.5 125 -1 0
0 1 0 28.6 61.5 112 -1 0
0 1 0 28.6 61.5 103 -1 0
0 1 0 28.6 61.5 96 -1 0
0 1 0 28.6 61.5 100 -1 0
0 1 0 28.7 61.5 100 -1 0
0 1 0 28.6 61.5 100 -1 0
0 1 0 28.6 61.0 100 -1 0
0 1 0 28.6 61.0 100 -1 0
0 1 0 28.6 61.5 95 -1 0
0 1 0 28.7 61.5 91 -1 0
0 1 0 28.7 61.5 86 -1 0
0 1 0 28.6 61.0 82 -1 0
0 1 0 28.6 61.0 86 -1 0
0 1 0 28.6 60.5 94 -1 0
0 1 0 28.6 60.5 96 -1 0
0 1 0 28.6 60.0 91 -1 0
0 1 0 28.6 60.0 91 -1 0
0 1 0 28.6 60.5 96 -1 0
0 1 0 28.6 61.0 106 -1 0
0 1 0 28.5 61.5 117 -1 0
0 1 0 28.6 61.5 123 -1 0
0 1 0 28.7 61.0 140 -1 0
0 1 0 28.6 61.0 138 -1 0
0 1 0 28.6 61.0 134 -1 0
0 1 0 28.7 61.5 135 -1 0
0 1 0 28.6 61.5 125 -1 0
0 1 0 28.7 61.0 120 -1 0
0 1 0 28.6 61.0 115 -1 0
0 1 0 28.7 61.0 112 -1 0
0 1 0 28.7 60.5 110 -1 0
0 1 0 28.6 60.5 103 -1 0
0 1 0 28.7 60.0 96 -1 0
0 1 0 28.6 60.0 89 -1 0
0 1 0 28.7 60.5 83 -1 0
0 1 0 28.7 60.5 69 -1 0
0 1 0 28.6 60.0 60 -1 0
0 1 0 28.6 60.0 57 -1 0
0 1 0 28.6 60.0 52 -1 0
0 1 0 28.6 59.5 47 -1 0
0 1 0 28.6 60.0 45 -1 0
0 1 0 28.5 60.0 40 -1 0
0 1 0 28.5 60.5 38 -1 0
0 1 0 28.5 60.5 38 -1 0
0 1 0 28.5 60.5 37 -1 0
0 1 0 28.6 60.5 37 -1 0
0 1 0 28.5 60.5 37 -1 0
0 1 0 28.5 60.5 35 -1 0
0 1 0 28.6 60.5 30 -1 0
0 1 0 28.6 60.5 28 -1 0
0 1 0 28.6 60.5 28 -1 0
0 1 0 28.5 60.5 28 -1 0
0 1 0 28.5 61.0 28 -1 0
0 1 0 28.5 60.5 32 -1 0
0 1 0 28.6 60.0 35 -1 0
0 1 0 28.5 60.5 40 -1 0
0 1 0 28.6 60.0 44 -1 0
0 1 0 28.5 60.0 49 -1 0
0 1 0 28.5 60.5 50 -1 0
0 1 0 28.5 60.5 55 -1 0
0 1 0 28.5 60.0 63 -1 0
0 1 0 28.5 60.5 68 -1 0
0 1 0 28.5 60.0 73 -1 0
0 1 0 28.5 59.5 76 -1 0
0 1 0 28.4 59.0 83 -1 0
0 1 0 28.4 58.5 85 -1 0
0 1 0 28.5 58.5 90 -1 0
0 1 0 28.5 58.5 90 -1 0
0 1 0 28.5 58.0 90 -1 0
0 1 0 28.4 58.0 94 -1 0
0 1 0 28.4 57.5 93 -1 0
0 1 0 28.5 57.5 95 -1 0
0 1 0 28.4 57.5 97 -1 0
0 1 0 28.4 57.0 95 -1 0
0 1 0 28.4 57.0 94 -1 0
0 1 0 28.4 57.0 90 -1 0
0 1 0 28.4 57.0 90 -1 0
0 1 0 28.3 57.0 94 -1 0
0 1 0 28.4 57.0 97 -1 0
0 1 0 28.4 56.5 99 -1 0
0 1 0 28.3 56.5 100 -1 0
0 1 0 28.4 57.0 104 -1 0
0 1 0 28.4 56.5 104 -1 0
0 1 0 28.4 56.5 107 -1 0
0 1 0 28.4 56.5 107 -1 0
0 1 0 28.4 56.5 112 -1 0
0 1 0 28.4 56.0 114 -1 0
0 1 0 28.4 57.0 118 -1 0
0 1 0 28.4 57.0 116 -1 0
0 1 0 28.4 57.5 114 -1 0
0 1 0 28.4 57.5 111 -1 0
0 1 0 28.4 57.0 107 -1 0
0 1 0 28.4 56.5 104 -1 0
0 1 0 28.4 56.0 99 -1 0
0 1 0 28.4 56.0 97 -1 0
0 1 0 28.4 56.0 92 -1 0
0 1 0 28.3 56.0 87 -1 0
0 1 0 28.4 56.0 83 -1 0
0 1 0 28.4 56.0 81 -1 0
0 1 0 28.4 55.5 78 -1 0
0 1 0 28.3 55.5 71 -1 0
0 1 0 28.4 55.5 66 -1 0
0 1 0 28.3 55.5 62 -1 0
0 1 0 28.3 55.0 62 -1 0
0 1 0 28.3 55.0 61 -1 0
0 1 0 28.3 55.0 55 -1 0
0 1 0 28.3 55.0 56 -1 0
0 1 0 28.3 55.0 52 -1 0
0 1 0 28.3 55.0 52 -1 0
0 1 0 28.3 55.0 52 -1 0
0 1 0 28.3 54.5 52 -1 0
0 1 0 28.2 54.5 54 -1 0
0 1 0 28.3 54.5 50 -1 0
0 1 0 28.3 54.5 46 -1 0
0 1 0 28.2 54.5 48 -1 0
0 1 0 28.2 54.5 52 -1 0
0 1 0 28.2 54.5 50 -1 0
0 1 0 28.2 55.0 50 -1 0
0 1 0 28.2 55.0 50 -1 0
0 1 0 28.3 54.5 49 -1 0
0 1 0 28.2 54.5 47 -1 0
0 1 0 28.2 54.5 45 -1 0
0 1 0 28.2 54.5 44 -1 0
0 1 0 28.2 55.0 42 -1 0
0 1 0 28.2 55.0 42 -1 0
0 1 0 28.2 55.0 38 -1 0
0 1 0 28.2 55.0 38 -1 0
0 1 0 28.2 55.0 39 -1 0
0 1 0 28.2 54.5 35 -1 0
0 1 0 28.2 54.5 31 -1 0
0 1 0 28.2 54.5 28 -1 0
0 1 0 28.2 54.0 28 -1 0
0 1 0 28.2 54.0 24 -1 0
0 1 0 28.2 54.0 19 -1 0
0 1 0 28.2 54.0 14 -1 0
0 1 0 28.1 54.0 11 -1 0
0 1 0 28.1 54.0 7 -1 0
0 1 0 28.2 54.0 11 -1 0
0 1 0 28.1 55.0 9 -1 0
0 1 0 28.1 55.5 13 -1 0
0 1 0 28.1 56.0 18 -1 0
0 1 0 28.1 56.0 18 -1 0
0 1 0 28.1 56.0 19 -1 0
0 1 0 28.2 55.5 21 -1 0
0 1 0 28.2 56.0 23 -1 0
0 1 0 28.1 55.5 25 -1 0
0 1 0 28.1 56.0 26 -1 0
0 1 0 28.1 56.0 28 -1 0
0 1 0 28.2 56.5 26 -1 0
0 1 0 28.1 56.5 30 -1 0
0 1 0 28.1 57.0 28 -1 0
0 1 0 28.2 57.0 30 -1 0
0 1 0 28.1 57.5 32 -1 0
0 1 0 28.2 57.5 30 -1 0
0 1 0 28.1 57.5 32 -1 0
0 1 0 28.1 57.5 32 -1 0
0 1 0 28.2 58.0 30 -1 0
0 1 0 28.2 58.0 28 -1 0
0 1 0 28.2 58.0 26 -1 0
0 1 0 28.2 57.5 30 -1 0
0 1 0 28.2 57.0 30 -1 0
0 1 0 28.1 57.0 30 -1 0
0 1 0 28.2 56.5 30 -1 0
0 1 0 28.1 56.0 28 -1 0
0 1 0 28.1 56.0 28 -1 0
0 1 0 28.1 56.0 28 -1 0
0 1 0 28.1 56.0 28 -1 0
0 1 0 28.1 55.5 26 -1 0
0 1 0 28.1 55.5 26 -1 0
0 1 0 28.1 55.0 26 -1 0
0 1 0 28.1 55.0 26 -1 0
0 1 0 28.0 55.0 24 -1 0
0 1 0 28.0 54.5 25 -1 0
0 1 0 28.0 54.5 25 -1 0
0 1 0 28.0 54.5 23 -1 0
0 1 0 28.0 54.5 25 -1 0
0 1 0 28.0 54.5 21 -1 0
0 1 0 28.0 54.5 28 -1 0
0 1 0 27.9 55.0 30 -1 0
0 1 0 28.0 55.0 30 -1 0
0 1 0 28.0 54.5 30 -1 0
0 1 0 27.9 54.5 28 -1 0
0 1 0 27.9 54.5 30 -1 0
0 1 0 27.9 54.5 32 -1 0
0 1 0 27.9 54.5 31 -1 0
0 1 0 27.9 54.5 33 -1 0
0 1 0 27.9 54.5 35 -1 0
0 1 0 28.0 54.5 35 -1 0
0 1 0 28.0 54.5 33 -1 0
0 1 0 27.9 54.5 33 -1 0
0 1 0 27.9 54.5 33 -1 0
0 1 0 27.9 55.0 35 -1 0
0 1 0 28.0 55.0 33 -1 0
0 1 0 27.9 55.0 35 -1 0
0 1 0 27.9 55.0 35 -1 0
0 1 0 27.9 55.0 33 -1 0
0 1 0 27.9 55.0 35 -1 0
0 1 0 27.9 55.5 37 -1 0
0 1 0 28.0 56.0 35 -1 0
0 1 0 27.9 56.0 35 -1 0
0 1 0 27.9 55.5 37 -1 0
0 1 0 28.0 56.0 37 -1 0
0 1 0 27.9 56.0 40 -1 0
0 1 0 27.9 56.5 40 -1 0
0 1 0 28.0 56.5 40 -1 0
0 1 0 27.9 56.5 40 -1 0
0 1 0 27.9 56.5 40 -1 0
0 1 0 28.0 56.5 40 -1 0
0 1 0 27.9 56.5 40 -1 0
0 1 0 27.9 56.5 36 -1 0
0 1 0 28.0 56.5 36 -1 0
0 1 0 27.9 57.0 36 -1 0
0 1 0 27.9 57.5 36 -1 0
0 1 0 28.0 58.0 38 -1 0
0 1 0 27.9 58.5 40 -1 0
0 1 0 27.9 58.5 38 -1 0
0 1 0 28.0 59.0 40 -1 0
0 1 0 28.0 59.0 38 -1 0
0 1 0 28.0 59.0 40 -1 0
0 1 0 28.0 59.0 40 -1 0
0 1 0 28.0 58.5 42 -1 0
0 1 0 28.0 58.5 39 -1 0
0 1 0 27.9 58.5 41 -1 0
0 1 0 28.0 58.5 41 -1 0
0 1 0 28.0 58.5 41 -1 0
0 1 0 28.0 58.5 43 -1 0
0 1 0 28.0 59.0 43 -1 0
0 1 0 28.0 59.5 41 -1 0
0 1 0 28.0 59.5 41 -1 0
0 1 0 28.0 60.0 41 -1 0
0 1 0 28.0 60.0 43 -1 0
0 1 0 28.1 60.0 43 -1 0
0 1 0 28.1 60.0 41 -1 0
0 1 0 28.0 59.5 39 -1 0
0 1 0 28.0 59.0 39 -1 0
0 1 0 28.0 59.5 43 -1 0
0 1 0 28.0 59.5 45 -1 0
0 1 0 28.1 60.0 49 -1 0
0 1 0 28.1 60.5 48 -1 0
0 1 0 28.1 60.5 50 -1 0
0 1 0 28.1 60.5 53 -1 0
0 1 0 28.1 61.0 53 -1 0
0 1 0 28.1 61.0 57 -1 0
0 1 0 28.1 61.5 57 -1 0
0 1 0 28.1 61.5 57 -1 0
0 1 0 28.1 61.5 58 -1 0
0 1 0 28.2 62.0 62 -1 0
0 1 0 28.1 62.0 60 -1 0
0 1 0 28.1 62.0 64 -1 0
0 1 0 28.2 62.0 64 -1 0
0 1 0 28.1 62.5 63 -1 0
0 1 0 28.1 62.0 67 -1 0
0 1 0 28.1 62.5 67 -1 0
0 1 0 28.2 62.5 67 -1 0
0 1 0 28.2 62.5 69 -1 0
0 1 0 28.2 62.5 68 -1 0
0 1 0 28.2 63.0 72 -1 0
0 1 0 28.2 63.0 72 -1 0
0 1 0 28.2 63.0 70 -1 0
0 1 0 28.2 63.0 70 -1 0
0 1 0 28.2 63.0 72 -1 0
0 1 0 28.3 63.0 72 -1 0
0 1 0 28.3 63.0 74 -1 0
0 1 0 28.3 63.0 76 -1 0
0 1 0 28.3 63.0 75 -1 0
0 1 0 28.3 63.0 77 -1 0
0 1 0 28.2 62.5 77 -1 0
0 1 0 28.2 62.0 72 -1 0
0 1 0 28.4 62.0 75 -1 0
0 1 0 28.3 62.0 76 -1 0
0 1 0 28.3 61.0 76 -1 0
0 1 0 28.2 61.0 78 -1 0
0 1 0 28.2 60.5 75 -1 0
0 1 0 28.2 60.0 79 -1 0
0 1 0 28.3 60.0 77 -1 0
0 1 0 28.2 59.5 79 -1 0
0 1 0 28.2 59.5 77 -1 0
0 1 0 28.2 59.0 79 -1 0
0 1 0 28.1 59.0 79 -1 0
0 1 0 28.2 58.5 79 -1 0
0 1 0 28.2 58.5 79 -1 0
0 1 0 28.2 58.0 81 -1 0
0 1 0 28.1 58.0 79 -1 0
0 1 0 28.1 58.0 77 -1 0
0 1 0 28.1 58.0 77 -1 0
0 1 0 28.1 58.0 77 -1 0
0 1 0 28.0 58.0 77 -1 0
0 1 0 28.0 58.0 79 -1 0
0 1 0 28.0 58.0 81 -1 0
0 1 0 28.0 57.5 81 -1 0
0 1 0 28.0 57.5 81 -1 0
0 1 0 28.0 57.5 82 -1 0
0 1 0 28.0 58.0 84 -1 0
0 1 0 27.9 58.0 84 -1 0
0 1 0 27.9 58.0 84 -1 0
0 1 0 27.9 58.0 82 -1 0
0 1 0 27.9 58.0 84 -1 0
0 1 0 27.9 58.0 82 -1 0
0 1 0 27.9 58.0 80 -1 0
0 1 0 27.9 58.0 80 -1 0
0 1 0 27.8 58.0 81 -1 0
0 1 0 27.9 57.5 79 -1 0
0 1 0 27.8 57.0 75 -1 0
0 1 0 27.8 57.5 75 -1 0
0 1 0 27.8 57.0 76 -1 0
0 1 0 27.8 58.0 74 -1 0
0 1 0 27.8 58.0 70 -1 0
0 1 0 27.8 58.5 70 -1 0
0 1 0 27.8 58.5 72 -1 0
0 1 0 27.7 57.5 70 -1 0
0 1 0 27.7 57.5 70 -1 0
0 1 0 27.8 57.5 67 -1 0
0 1 0 27.7 58.0 67 -1 0
0 1 0 27.7 58.0 64 -1 0
0 1 0 27.7 57.0 62 -1 0
0 1 0 27.6 56.5 57 -1 0
0 1 0 27.6 56.0 56 -1 0
0 1 0 27.7 56.0 50 -1 0
0 1 0 27.7 56.5 47 -1 0
0 1 0 27.6 56.0 45 -1 0
0 1 0 27.5 56.5 40 -1 0
0 1 0 27.6 56.5 40 -1 0
0 1 0 27.6 57.0 37 -1 0
0 1 0 27.6 57.0 37 -1 0
0 1 0 27.6 57.0 35 -1 0
0 1 0 27.5 57.0 33 -1 0
0 1 0 27.5 56.5 32 -1 0
0 1 0 27.5 56.0 30 -1 0
0 1 0 27.4 55.5 26 -1 0
0 1 0 27.4 55.5 26 -1 0
0 1 0 27.4 55.5 24 -1 0
0 1 0 27.4 55.0 24 -1 0
0 1 0 27.4 55.5 25 -1 0
0 1 0 27.4 55.5 23 -1 0
0 1 0 27.3 55.5 23 -1 0
0 1 0 27.3 55.5 21 -1 0
0 1 0 27.3 56.0 21 -1 0
0 1 0 27.3 56.5 21 -1 0
0 1 0 27.3 56.5 23 -1 0
0 1 0 27.3 56.5 21 -1 0
0 1 0 27.2 56.5 21 -1 0
0 1 0 27.2 56.5 19 -1 0
0 1 0 27.2 56.5 21 -1 0
0 1 0 27.2 56.5 21 -1 0
0 1 0 27.2 56.5 19 -1 0
0 1 0 27.2 56.5 19 -1 0
0 1 0 27.1 56.5 19 -1 0
0 1 0 27.0 56.5 19 -1 0
0 1 0 27.1 56.5 17 -1 0
0 1 0 27.1 56.5 17 -1 0
0 1 0 27.1 56.0 17 -1 0
0 1 0 27.1 55.5 17 -1 0
0 1 0 27.1 55.5 17 -1 0
0 1 0 27.1 55.5 17 -1 0
0 1 0 27.0 55.0 17 -1 0
0 1 0 27.0 54.5 17 -1 0
0 1 0 27.0 54.5 19 -1 0
0 1 0 27.0 54.5 19 -1 0
0 1 0 27.0 54.0 19 -1 0
0 1 0 27.0 54.0 21 -1 0
0 1 0 26.9 54.0 19 -1 0
0 1 0 27.0 54.0 19 -1 0
0 1 0 26.9 54.0 21 -1 0
0 1 0 26.9 54.5 19 -1 0
0 1 0 26.9 54.5 21 -1 0
0 1 0 26.9 54.5 25 -1 0
0 1 0 26.9 54.5 24 -1 0
0 1 0 26.9 54.5 26 -1 0
0 1 0 26.9 54.5 24 -1 0
0 1 0 26.8 54.5 24 -1 0
0 1 0 26.9 54.5 26 -1 0
0 1 0 26.9 54.5 28 -1 0
0 1 0 26.8 55.0 28 -1 0
0 1 0 26.8 55.5 28 -1 0
0 1 0 26.8 56.0 28 -1 0
0 1 0 26.8 56.0 28 -1 0
0 1 0 26.8 56.0 26 -1 0
0 1 0 26.8 56.0 26 -1 0
0 1 0 26.8 56.5 22 -1 0
0 1 0 26.8 56.5 24 -1 0
0 1 0 26.8 56.5 21 -1 0
0 1 0 26.7 56.5 21 -1 0
0 1 0 26.7 56.5 19 -1 0
0 1 0 26.7 56.0 21 -1 0
0 1 0 26.7 56.0 21 -1 0
0 1 0 26.7 55.5 21 -1 0
0 1 0 26.8 55.5 21 -1 0
0 1 0 26.8 55.0 21 -1 0
0 1 0 26.7 55.0 21 -1 0
0 1 0 26.7 55.0 21 -1 0
0 1 0 26.7 54.5 21 -1 0
0 1 0 26.7 54.5 21 -1 0
0 1 0 26.6 54.5 21 -1 0
0 1 0 26.7 54.0 21 -1 0
0 1 0 26.7 54.0 19 -1 0
0 1 0 26.6 54.0 19 -1 0
0 1 0 26.6 54.0 17 -1 0
0 1 0 26.6 54.0 21 -1 0
0 1 0 26.6 54.0 21 -1 0
0 1 0 26.6 54.0 19 -1 0
0 1 0 26.6 54.0 19 -1 0
0 1 0 26.6 54.5 19 -1 0
0 1 0 26.6 55.0 17 -1 0
0 1 0 26.5 55.5 17 -1 0
0 1 0 26.6 55.5 17 -1 0
0 1 0 26.6 55.5 15 -1 0
0 1 0 26.6 56.0 18 -1 0
0 1 0 26.6 56.5 18 -1 0
0 1 0 26.6 57.0 18 -1 0
0 1 0 26.6 57.5 17 -1 0
0 1 0 26.5 57.5 17 -1 0
0 1 0 26.6 57.5 17 -1 0
0 1 0 26.6 57.5 19 -1 0
0 1 0 26.7 57.5 21 -1 0
0 1 0 26.6 57.5 17 -1 0
0 1 0 26.6 58.0 19 -1 0
0 1 0 26.5 58.5 19 -1 0
0 1 0 26.7 58.5 19 -1 0
0 1 0 26.5 59.0 19 -1 0
0 1 0 26.6 59.0 19 -1 0
0 1 0 26.6 59.0 17 -1 0
0 1 0 26.6 58.5 17 -1 0
0 1 0 26.6 58.5 17 -1 0
0 1 0 26.6 58.5 17 -1 0
0 1 0 26.5 58.5 21 -1 0
0 1 0 26.6 58.5 19 -1 0
0 1 0 26.6 58.5 19 -1 0
0 1 0 26.7 58.5 19 -1 0
0 1 0 26.6 59.0 19 -1 0
0 1 0 26.6 58.5 19 -1 0
0 1 0 26.6 58.5 19 -1 0
0 1 0 26.5 58.5 17 -1 0
0 1 0 26.6 58.5 17 -1 0
0 1 0 26.5 58.5 17 -1 0
0 1 0 26.6 58.5 17 -1 0
0 1 0 26.6 58.5 17 -1 0
0 1 0 26.6 58.0 17 -1 0
0 1 0 26.6 58.0 17 -1 0
0 1 0 26.5 57.5 17 -1 0
0 1 0 26.5 57.5 17 -1 0
0 1 0 26.6 58.0 15 -1 0
0 1 0 26.5 57.5 15 -1 0
0 1 0 26.5 57.5 18 -1 0
0 1 0 26.5 57.5 16 -1 0
0 1 0 26.6 57.5 16 -1 0
0 1 0 26.5 57.0 16 -1 0
0 1 0 26.5 57.0 16 -1 0
0 1 0 26.5 57.0 18 -1 0
0 1 0 26.5 56.5 14 -1 0
0 1 0 26.5 57.0 14 -1 0
0 1 0 26.5 57.0 16 -1 0
0 1 0 26.6 57.0 16 -1 0
0 1 0 26.6 57.0 14 -1 0
0 1 0 26.5 57.5 14 -1 0
0 1 0 26.5 57.5 14 -1 0
0 1 0 26.5 57.5 12 -1 0
0 1 0 26.5 57.0 12 -1 0
0 1 0 26.6 57.0 14 -1 0
0 1 0 26.5 57.0 14 -1 0
0 1 0 26.6 56.5 12 -1 0
0 1 0 26.6 56.5 12 -1 0
0 1 0 26.6 56.0 10 -1 0
0 1 0 26.6 56.0 10 -1 0
0 1 0 26.6 56.0 11 -1 0
0 1 0 26.7 56.0 11 -1 0
0 1 0 26.6 56.5 9 -1 0
0 1 0 26.6 56.5 7 -1 0
0 1 0 26.6 56.0 9 -1 0
0 1 0 26.6 56.0 9 -1 0
0 1 0 26.5 56.0 7 -1 0
0 1 0 26.6 56.0 7 -1 0
0 1 0 26.6 56.0 5 -1 0
0 1 0 26.6 56.0 9 -1 0
0 1 0 26.6 56.0 9 -1 0
0 1 0 26.6 56.0 9 -1 0
0 1 0 26.6 56.0 9 -1 0
0 1 0 26.6 56.0 9 -1 0
0 1 0 26.6 56.0 7 -1 0
0 1 0 26.7 55.5 7 -1 0
0 1 0 26.7 55.5 7 -1 0
0 1 0 26.6 55.5 7 -1 0
0 1 0 26.7 55.5 5 -1 0
0 1 0 26.6 55.5 5 -1 0
0 1 0 26.6 55.5 5 -1 0
0 1 0 26.6 55.0 5 -1 0
0 1 0 26.6 55.0 6 -1 0
0 1 0 26.5 55.0 6 -1 0
0 1 0 26.6 54.5 6 -1 0
0 1 0 26.6 55.0 6 -1 0
0 1 0 26.6 54.5 6 -1 0
0 1 0 26.6 54.5 6 -1 0
0 1 0 26.6 54.5 6 -1 0
0 1 0 26.6 54.5 4 -1 0
0 1 0 26.5 54.5 4 -1 0
0 1 0 26.6 54.5 2 -1 0
0 1 0 26.6 54.0 6 -1 0
0 1 0 26.6 54.0 4 -1 0
0 1 0 26.5 54.0 4 -1 0
0 1 0 26.6 54.0 4 -1 0
0 1 0 26.6 54.0 2 -1 0
0 1 0 26.6 54.0 2 -1 0
0 1 0 26.6 54.0 2 -1 0
0 1 0 26.5 53.5 2 -1 0
0 1 0 26.6 53.5 2 -1 0
0 1 0 26.6 53.5 1 -1 0
0 1 0 26.5 53.5 1 -1 0
0 1 0 26.5 53.5 4 -1 0
0 1 0 26.5 53.5 4 -1 0
0 1 0 26.5 53.5 4 -1 0
0 1 0 26.5 53.5 4 -1 0
0 1 0 26.5 53.0 2 -1 0
0 1 0 26.4 53.0 2 -1 0
0 1 0 26.5 53.0 2 -1 0
0 1 0 26.5 53.0 2 -1 0
0 1 0 26.5 53.0 2 -1 0
0 1 0 26.5 53.0 2 -1 0
0 1 0 26.5 53.0 2 -1 0
0 1 0 26.5 53.0 2 -1 0
0 1 0 26.5 53.0 2 -1 0
0 1 0 26.5 53.0 2 -1 0
0 1 0 26.5 52.5 2 -1 0
0 1 0 26.5 52.5 2 -1 0
0 1 0 26.5 52.5 2 -1 0
0 1 0 26.5 52.5 2 -1 0
0 1 0 26.5 52.5 0 -1 0
0 1 0 26.4 52.5 0 -1 0
0 1 0 26.5 52.5 0 -1 0
0 1 0 26.5 52.5 0 -1 0
0 1 0 26.5 52.5 0 -1 0
0 1 0 26.4 52.5 0 -1 0
0 1 0 26.4 52.5 0 -1 0
0 1 0 26.5 52.5 0 -1 0
0 1 0 26.4 52.5 0 -1 0
0 1 0 26.4 52.5 0 -1 0
0 1 0 26.4 52.5 0 -1 0
0 1 0 26.4 52.0 0 -1 0
0 1 0 26.4 52.0 0 -1 0
0 1 0 26.5 52.0 0 -1 0
0 1 0 26.4 52.0 0 -1 0
0 1 0 26.4 52.0 0 -1 0
0 1 0 26.5 52.0 0 -1 0
0 1 0 26.5 52.0 0 -1 0
0 1 0 26.4 52.0 0 -1 0
0 1 0 26.5 52.0 0 -1 0
0 1 0 26.5 52.0 0 -1 0
0 1 0 26.4 52.0 0 -1 0
0 1 0 26.4 52.0 0 -1 0
0 1 0 26.5 52.0 0 -1 0
0 1 0 26.5 52.0 0 -1 0
0 1 0 26.4 52.0 0 -1 0
0 1 0 26.5 52.0 0 -1 0
0 1 0 26.4 52.0 0 -1 0
0 1 0 26.4 52.0 0 -1 0
0 1 0 26.4 52.0 0 -1 0
0 1 0 26.4 52.0 0 -1 0
0 1 0 26.4 52.0 0 -1 0
0 1 0 26.4 52.0 0 -1 0
0 1 0 26.4 52.0 0 -1 0
0 1 0 26.4 52.0 0 -1 0
0 1 0 26.5 51.5 0 -1 0
0 1 0 26.5 51.5 0 -1 0
0 1 0 26.4 51.5 0 -1 0
0 1 0 26.4 51.5 0 -1 0
0 1 0 26.4 51.5 0 -1 0
0 1 0 26.4 51.5 0 -1 0
0 1 0 26.5 51.5 0 -1 0
0 1 0 26.4 51.5 0 -1 0
0 1 0 26.5 51.5 0 -1 0
0 1 0 26.4 51.5 0 -1 0
0 1 0 26.5 51.5 0 -1 0
0 1 0 26.5 51.0 0 -1 0
0 1 0 26.4 51.0 0 -1 0
0 1 0 26.5 51.0 0 -1 0
0 1 0 26.5 51.0 0 -1 0
0 1 0 26.5 51.0 0 -1 0
0 1 0 26.5 51.0 0 -1 0
0 1 0 26.5 51.0 0 -1 0
0 1 0 26.4 51.0 0 -1 0
0 1 0 26.5 51.0 0 -1 0
0 1 0 26.5 51.0 0 -1 0
0 1 0 26.4 51.0 0 -1 0
0 1 0 26.4 51.0 0 -1 0
0 1 0 26.5 51.0 0 -1 0
0 1 0 26.5 51.0 0 -1 0
0 1 0 26.5 51.0 0 -1 0
0 1 0 26.5 51.0 0 -1 0
0 1 0 26.5 51.0 0 -1 0
0 1 0 26.5 51.0 0 -1 0
0 1 0 26.5 51.0 0 -1 0
0 1 0 26.5 51.0 0 -1 0
0 1 0 26.5 51.0 0 -1 0
0 1 0 26.5 51.0 0 -1 0
0 1 0 26.5 51.0 0 -1 0
0 1 0 26.5 51.0 0 -1 0
0 1 0 26.5 51.0 0 -1 0
0 1 0 26.5 51.0 0 -1 0
0 1 0 26.6 51.0 0 -1 0
0 1 0 26.6 51.0 0 -1 0
0 1 0 26.6 51.0 0 -1 0
0 1 0 26.5 51.0 0 -1 0
0 1 0 26.6 51.0 0 -1 0
0 1 0 26.6 51.0 0 -1 0
0 1 0 26.5 51.0 0 -1 0
0 1 0 26.6 51.0 0 -1 0
0 1 0 26.6 51.0 0 -1 0
0 1 0 26.6 51.0 0 -1 0
0 1 0 26.5 51.0 0 -1 0
0 1 0 26.5 51.0 0 -1 0
0 1 0 26.5 51.0 0 -1 0
0 1 0 26.6 51.0 0 -1 0
0 1 0 26.5 50.5 0 -1 0
0 1 0 26.5 51.0 0 -1 0
0 1 0 26.6 51.0 0 -1 0
0 1 0 26.6 51.0 0 -1 0
0 1 0 26.6 51.0 0 -1 0
0 1 0 26.6 51.0 0 -1 0
0 1 0 26.6 50.5 0 -1 0
0 1 0 26.6 50.5 0 -1 0
0 1 0 26.6 50.5 0 -1 0
0 1 0 26.6 50.5 0 -1 0
0 1 0 26.6 50.5 0 -1 0
0 1 0 26.6 50.5 0 -1 0
0 1 0 26.6 50.5 0 -1 0
0 1 0 26.6 50.5 0 -1 0
0 1 0 26.6 50.5 0 -1 0
0 1 0 26.6 50.5 0 -1 0
0 1 0 26.6 50.5 0 -1 0
0 1 0 26.6 50.5 0 -1 0
0 1 0 26.6 50.5 0 -1 0
0 1 0 26.6 50.5 0 -1 0
0 1 0 26.6 50.5 0 -1 0
0 1 0 26.6 50.5 0 -1 0
0 1 0 26.7 50.5 0 -1 0
0 1 0 26.7 50.5 0 -1 0
0 1 0 26.7 50.5 0 -1 0
0 1 0 26.7 50.5 0 -1 0
0 1 0 26.6 50.5 0 -1 0
0 1 0 26.6 50.5 0 -1 0
0 1 0 26.7 50.5 0 -1 0
0 1 0 26.7 50.5 0 -1 0
0 1 0 26.7 50.5 0 -1 0
0 1 0 26.7 50.5 0 -1 0
0 1 0 26.7 50.5 0 -1 0
0 1 0 26.7 50.5 0 -1 0
0 1 0 26.6 50.5 0 -1 0
0 1 0 26.7 50.5 0 -1 0
0 1 0 26.6 50.5 0 -1 0
0 1 0 26.7 50.5 0 -1 0
0 1 0 26.7 50.5 0 -1 0
0 1 0 26.7 50.5 0 -1 0
0 1 0 26.7 50.5 0 -1 0
0 1 0 26.7 50.5 0 -1 0
0 1 0 26.7 50.5 0 -1 0
0 1 0 26.6 50.5 0 -1 0
0 1 0 26.8 50.5 0 -1 0
0 1 0 26.7 50.5 0 -1 0
0 1 0 26.7 50.5 0 -1 0
0 1 0 26.7 50.5 0 -1 0
0 1 0 26.7 50.0 0 -1 0
0 1 0 26.7 50.5 0 -1 0
0 1 0 26.7 50.0 0 -1 0
0 1 0 26.7 50.0 0 -1 0
0 1 0 26.7 50.0 0 -1 0
0 1 0 26.7 50.0 0 -1 0
0 1 0 26.7 50.0 0 -1 0
0 1 0 26.7 50.0 0 -1 0
0 1 0 26.7 50.0 0 -1 0
0 1 0 26.8 50.5 0 -1 0
0 1 0 26.7 50.5 0 -1 0
0 1 0 26.7 50.5 0 -1 0
0 1 0 26.7 50.5 0 -1 0
0 1 0 26.7 50.0 0 -1 0
0 1 0 26.7 50.0 0 -1 0
0 1 0 26.7 50.0 0 -1 0
0 1 0 26.7 50.0 0 -1 0
0 1 0 26.8 50.0 0 -1 0
0 1 0 26.8 50.5 0 -1 0
0 1 0 26.8 50.5 0 -1 0
0 1 0 26.8 50.0 0 -1 0
0 1 0 26.8 50.5 0 -1 0
0 1 0 26.8 50.5 0 -1 0
0 1 0 26.7 50.5 0 -1 0
0 1 0 26.7 50.5 0 -1 0
0 1 0 26.7 50.5 0 -1 0
0 1 0 26.7 50.5 0 -1 0
0 1 0 26.8 50.5 0 -1 0
0 1 0 26.8 50.5 0 -1 0
0 1 0 26.8 50.5 0 -1 0
0 1 0 26.8 50.5 0 -1 0
0 1 0 26.8 50.5 0 -1 0
0 1 0 26.7 50.0 0 -1 0
0 1 0 26.8 50.0 0 -1 0
0 1 0 26.8 50.5 0 -1 0
0 1 0 26.8 50.5 0 -1 0
0 1 0 26.8 50.5 0 -1 0
0 1 0 26.8 50.5 0 -1 0
0 1 0 26.8 50.5 0 -1 0
0 1 0 26.8 50.0 0 -1 0
0 1 0 26.8 50.0 0 -1 0
0 1 0 26.8 50.0 0 -1 0
0 1 0 26.8 50.0 0 -1 0
0 1 0 26.9 50.0 0 -1 0
0 1 0 26.8 50.0 0 -1 0
0 1 0 26.8 50.0 0 -1 0
0 1 0 26.8 50.0 0 -1 0
0 1 0 26.8 50.0 0 -1 0
0 1 0 26.8 50.0 0 -1 0
0 1 0 26.8 50.0 0 -1 0
0 1 0 26.8 50.0 0 -1 0
0 1 0 26.8 50.0 0 -1 0
0 1 0 26.9 50.0 0 -1 0
0 1 0 26.8 50.0 0 -1 0
0 1 0 26.8 50.0 2 -1 0
0 1 0 26.8 50.0 2 -1 0
0 1 0 26.9 50.0 2 -1 0
0 1 0 26.9 50.0 2 -1 0
0 1 0 26.9 50.0 2 -1 0
0 1 0 26.9 50.0 2 -1 0
0 1 0 26.9 50.0 2 -1 0
0 1 0 26.8 50.0 2 -1 0
0 1 0 26.8 50.0 2 -1 0
0 1 0 26.9 50.0 2 -1 0
0 1 0 26.9 50.0 2 -1 0
0 1 0 26.9 50.0 2 -1 0
0 1 0 26.9 50.0 2 -1 0
0 1 0 26.9 50.0 2 -1 0
0 1 0 26.8 50.0 2 -1 0
0 1 0 26.8 50.0 2 -1 0
0 1 0 26.9 50.0 2 -1 0
0 1 0 26.9 50.0 2 -1 0
0 1 0 26.9 50.0 2 -1 0
0 1 0 26.9 50.0 2 -1 0
0 1 0 26.9 50.0 2 -1 0
0 1 0 26.8 50.0 2 -1 0
0 1 0 26.9 50.0 2 -1 0
0 1 0 26.9 50.0 2 -1 0
0 1 0 26.9 50.0 2 -1 0
0 1 0 26.9 50.0 2 -1 0
0 1 0 26.9 50.0 2 -1 0
0 1 0 26.9 50.0 2 -1 0
0 1 0 26.9 50.0 2 -1 0
0 1 0 26.8 50.0 2 -1 0
0 1 0 26.9 50.0 2 -1 0
0 1 0 26.8 50.0 2 -1 0
0 1 0 26.8 50.0 2 -1 0
0 1 0 26.9 50.0 2 -1 0
0 1 0 26.8 50.0 2 -1 0
0 1 0 26.8 50.0 2 -1 0
0 1 0 26.8 50.0 2 -1 0
0 1 0 26.8 50.0 2 -1 0
0 1 0 26.9 50.0 2 -1 0
0 1 0 26.9 49.5 2 -1 0
0 1 0 26.8 50.0 2 -1 0
0 1 0 26.9 50.0 2 -1 0
0 1 0 26.8 50.0 2 -1 0
0 1 0 26.8 50.0 2 -1 0
0 1 0 26.8 50.0 2 -1 0
0 1 0 26.8 50.0 2 -1 0
0 1 0 26.8 50.0 2 -1 0
0 1 0 26.9 50.0 2 -1 0
0 1 0 26.8 50.0 2 -1 0
0 1 0 26.9 50.0 2 -1 0
0 1 0 26.9 50.0 2 -1 0
0 1 0 26.9 50.0 2 -1 0
0 1 0 26.8 50.0 2 -1 0
0 1 0 26.9 50.0 2 -1 0
0 1 0 26.8 50.0 2 -1 0
0 1 0 26.9 50.0 2 -1 0
0 1 0 26.9 50.0 2 -1 0
0 1 0 26.9 50.0 2 -1 0
0 1 0 26.9 50.0 2 -1 0
0 1 0 26.9 50.0 2 -1 0
0 1 0 26.9 50.0 2 -1 0
0 1 0 27.0 50.0 2 -1 0
0 1 0 26.9 50.0 2 -1 0
0 1 0 26.9 50.0 2 -1 0
0 1 0 26.8 50.0 2 -1 0
0 1 0 26.9 50.0 2 -1 0
0 1 0 26.9 50.0 2 -1 0
0 1 0 26.9 50.0 2 -1 0
0 1 0 26.9 50.0 2 -1 0
0 1 0 26.9 50.0 2 -1 0
0 1 0 26.9 50.0 2 -1 0
0 1 0 26.9 50.0 2 -1 0
0 1 0 26.9 50.0 2 -1 0
0 1 0 26.9 50.0 2 -1 0
0 1 0 26.9 50.0 2 -1 0
0 1 0 26.9 50.0 2 -1 0
0 1 0 26.9 50.0 2 -1 0
0 1 0 26.9 50.0 2 -1 0
0 1 0 26.9 50.0 2 -1 0
0 1 0 26.9 50.0 2 -1 0
0 1 0 26.9 50.0 2 -1 0
0 1 0 26.9 50.0 2 -1 0
0 1 0 26.9 50.0 2 -1 0
0 1 0 26.9 50.5 2 -1 0
0 1 0 26.9 50.5 2 -1 0
0 1 0 26.9 50.5 2 -1 0
0 1 0 26.9 50.5 2 -1 0
0 1 0 26.9 50.5 2 -1 0
0 1 0 26.8 50.5 2 -1 0
0 1 0 26.9 50.5 2 -1 0
0 1 0 26.9 50.5 2 -1 0
0 1 0 26.9 50.5 2 -1 0
0 1 0 26.9 50.5 2 -1 0
0 1 0 26.9 50.5 2 -1 0
0 1 0 26.9 51.0 2 -1 0
0 1 0 26.9 50.5 2 -1 0
0 1 0 26.9 51.0 2 -1 0
0 1 0 26.9 51.0 2 -1 0
0 1 0 26.9 51.0 2 -1 0
0 1 0 27.0 51.0 2 -1 0
0 1 0 26.9 51.0 2 -1 0
0 1 0 26.9 51.0 2 -1 0
0 1 0 27.0 51.0 2 -1 0
0 1 0 27.0 51.5 2 -1 0
0 1 0 26.9 51.5 2 -1 0
0 1 0 26.9 51.5 2 -1 0
0 1 0 27.0 51.5 2 -1 0
0 1 0 27.0 51.5 2 -1 0
0 1 0 27.0 51.5 2 -1 0
0 1 0 27.0 51.5 2 -1 0
