0 1 0 29.9 58.5 2 -1 0
0 1 0 29.9 58.5 2 -1 0
0 1 0 29.9 58.5 2 -1 0
0 1 0 29.8 58.0 2 -1 0
0 1 0 29.9 58.5 2 -1 0
0 1 0 29.9 58.5 2 -1 0
0 1 0 29.9 58.0 2 -1 0
0 1 0 29.8 58.0 2 -1 0
0 1 0 29.9 58.0 2 -1 0
0 1 0 29.9 58.0 2 -1 0
0 1 0 29.9 58.5 2 -1 0
0 1 0 29.9 58.5 2 -1 0
0 1 0 29.9 58.5 2 -1 0
0 1 0 29.9 58.5 2 -1 0
0 1 0 29.9 58.5 2 -1 0
0 1 0 29.9 59.0 2 -1 0
0 1 0 29.9 59.0 2 -1 0
0 1 0 29.9 59.0 2 -1 0
0 1 0 29.9 59.0 2 -1 0
0 1 0 29.9 59.0 2 -1 0
0 1 0 29.9 59.0 2 -1 0
0 1 0 29.9 59.0 2 -1 0
0 1 0 29.9 59.0 2 -1 0
0 1 0 29.9 59.0 2 -1 0
0 1 0 29.9 59.0 2 -1 0
0 1 0 29.9 58.5 2 -1 0
0 1 0 30.0 59.0 2 -1 0
0 1 0 30.0 58.5 2 -1 0
0 1 0 29.9 58.5 2 -1 0
0 1 0 29.9 59.0 2 -1 0
0 1 0 30.0 59.0 2 -1 0
0 1 0 30.0 59.5 2 -1 0
0 1 0 29.9 59.5 2 -1 0
0 1 0 29.9 59.5 2 -1 0
0 1 0 30.0 59.5 2 -1 0
0 1 0 30.0 59.5 2 -1 0
0 1 0 30.0 59.5 2 -1 0
0 1 0 30.0 59.5 2 -1 0
0 1 0 30.0 59.5 2 -1 0
0 1 0 29.9 59.5 2 -1 0
0 1 0 29.9 60.0 2 -1 0
0 1 0 30.0 60.0 2 -1 0
0 1 0 30.0 60.5 2 -1 0
0 1 0 29.9 60.5 2 -1 0
0 1 0 30.1 60.5 2 -1 0
0 1 0 30.0 61.0 2 -1 0
0 1 0 30.0 61.0 2 -1 0
0 1 0 30.0 61.0 2 -1 0
0 1 0 30.0 61.0 2 -1 0
0 1 0 30.0 61.5 2 -1 0
0 1 0 30.1 61.0 2 -1 0
0 1 0 30.1 61.0 2 -1 0
0 1 0 30.1 60.5 2 -1 0
0 1 0 30.0 60.5 2 -1 0
0 1 0 30.0 60.5 2 -1 0
0 1 0 30.1 60.5 2 -1 0
0 1 0 30.0 60.0 2 -1 0
0 1 0 30.1 60.0 2 -1 0
0 1 0 30.1 60.0 2 -1 0
0 1 0 30.0 60.0 2 -1 0
0 1 0 30.0 60.0 2 -1 0
0 1 0 30.0 60.0 2 -1 0
0 1 0 30.0 60.5 2 -1 0
0 1 0 30.0 60.5 2 -1 0
0 1 0 30.1 60.0 2 -1 0
0 1 0 30.0 60.5 2 -1 0
0 1 0 30.1 60.0 2 -1 0
0 1 0 30.1 60.0 2 -1 0
0 1 0 30.1 60.0 2 -1 0
0 1 0 30.1 60.0 2 -1 0
0 1 0 30.0 60.0 2 -1 0
0 1 0 30.1 60.0 2 -1 0
0 1 0 30.1 60.0 2 -1 0
0 1 0 30.0 60.0 2 -1 0
0 1 0 30.0 60.0 2 -1 0
0 1 0 30.1 60.0 2 -1 0
0 1 0 30.1 60.0 2 -1 0
0 1 0 30.1 60.0 2 -1 0
0 1 0 30.1 60.0 2 -1 0
0 1 0 30.1 60.0 2 -1 0
0 1 0 30.1 60.0 2 -1 0
0 1 0 30.1 60.0 2 -1 0
0 1 0 30.0 60.5 2 -1 0
0 1 0 30.1 60.5 2 -1 0
0 1 0 30.1 60.5 2 -1 0
0 1 0 30.1 61.0 2 -1 0
0 1 0 30.0 61.0 2 -1 0
0 1 0 30.1 60.5 2 -1 0
0 1 0 30.1 61.0 2 -1 0
0 1 0 30.1 60.5 2 -1 0
0 1 0 30.0 60.5 2 -1 0
0 1 0 30.1 60.5 2 -1 0
0 1 0 30.1 60.5 2 -1 0
0 1 0 30.1 60.5 2 -1 0
0 1 0 30.1 60.5 2 -1 0
0 1 0 30.1 60.5 2 -1 0
0 1 0 30.1 60.5 2 -1 0
0 1 0 30.1 60.5 2 -1 0
0 1 0 30.1 60.5 2 -1 0
0 1 0 30.0 60.0 2 -1 0
0 1 0 30.1 60.0 2 -1 0
0 1 0 30.1 60.0 2 -1 0
0 1 0 30.1 60.0 2 -1 0
0 1 0 30.1 60.0 2 -1 0
0 1 0 30.1 60.0 2 -1 0
0 1 0 30.1 60.0 2 -1 0
0 1 0 30.1 60.0 2 -1 0
0 1 0 30.1 60.0 2 -1 0
0 1 0 30.1 60.0 2 -1 0
0 1 0 30.1 60.0 2 -1 0
0 1 0 30.1 60.0 2 -1 0
0 1 0 30.1 60.0 2 -1 0
0 1 0 30.1 60.5 2 -1 0
0 1 0 30.1 60.0 2 -1 0
0 1 0 30.1 60.5 2 -1 0
0 1 0 30.1 60.5 2 -1 0
0 1 0 30.1 60.0 2 -1 0
0 1 0 30.1 60.0 2 -1 0
0 1 0 30.1 60.0 2 -1 0
0 1 0 30.1 60.0 2 -1 0
0 1 0 30.1 60.0 2 -1 0
0 1 0 30.1 60.0 2 -1 0
0 1 0 30.1 60.0 2 -1 0
0 1 0 30.0 60.0 2 -1 0
0 1 0 30.0 60.0 2 -1 0
0 1 0 30.0 60.0 2 -1 0
0 1 0 30.0 60.0 2 -1 0
0 1 0 30.1 60.0 2 -1 0
0 1 0 30.1 60.0 2 -1 0
0 1 0 30.1 60.0 2 -1 0
0 1 0 30.1 60.0 2 -1 0
0 1 0 30.1 60.0 2 -1 0
0 1 0 30.2 60.0 2 -1 0
0 1 0 30.1 60.0 2 -1 0
0 1 0 30.1 60.0 2 -1 0
0 1 0 30.1 60.5 2 -1 0
0 1 0 30.0 60.5 2 -1 0
0 1 0 30.1 60.5 2 -1 0
0 1 0 30.1 60.5 2 -1 0
0 1 0 30.0 60.5 2 -1 0
0 1 0 30.1 60.5 2 -1 0
0 1 0 30.1 60.5 2 -1 0
0 1 0 30.1 60.5 2 -1 0
0 1 0 30.0 60.5 2 -1 0
0 1 0 30.1 60.5 2 -1 0
0 1 0 30.1 60.5 2 -1 0
0 1 0 30.1 60.5 2 -1 0
0 1 0 30.1 60.5 2 -1 0
0 1 0 30.1 60.5 2 -1 0
0 1 0 30.1 60.5 2 -1 0
0 1 0 30.1 60.0 2 -1 0
0 1 0 30.1 60.0 2 -1 0
0 1 0 30.1 60.5 2 -1 0
0 1 0 30.2 60.5 2 -1 0
0 1 0 30.1 60.5 2 -1 0
0 1 0 30.1 60.0 2 -1 0
0 1 0 30.1 60.0 2 -1 0
0 1 0 30.1 60.0 2 -1 0
0 1 0 30.1 60.0 2 -1 0
0 1 0 30.1 60.5 2 -1 0
0 1 0 30.1 60.5 2 -1 0
0 1 0 30.2 60.5 2 -1 0
0 1 0 30.1 60.5 2 -1 0
0 1 0 30.1 60.5 2 -1 0
0 1 0 30.1 60.5 2 -1 0
0 1 0 30.1 60.5 2 -1 0
0 1 0 30.1 60.5 2 -1 0
0 1 0 30.1 60.5 2 -1 0
0 1 0 30.2 60.5 2 -1 0
0 1 0 30.1 60.5 2 -1 0
0 1 0 30.2 60.5 2 -1 0
0 1 0 30.1 60.5 2 -1 0
0 1 0 30.1 60.5 2 -1 0
0 1 0 30.1 60.5 2 -1 0
0 1 0 30.1 60.5 2 -1 0
0 1 0 30.1 60.5 2 -1 0
0 1 0 30.1 60.5 2 -1 0
0 1 0 30.1 61.0 2 -1 0
0 1 0 30.1 61.0 2 -1 0
0 1 0 30.1 61.0 2 -1 0
0 1 0 30.1 61.0 2 -1 0
0 1 0 30.1 61.0 2 -1 0
0 1 0 30.1 61.0 2 -1 0
0 1 0 30.2 61.0 2 -1 0
0 1 0 30.1 61.0 2 -1 0
0 1 0 30.1 61.0 2 -1 0
0 1 0 30.2 61.0 2 -1 0
0 1 0 30.2 61.0 2 -1 0
0 1 0 30.2 61.0 2 -1 0
0 1 0 30.1 61.0 2 -1 0
0 1 0 30.1 61.0 2 -1 0
0 1 0 30.1 61.0 2 -1 0
0 1 0 30.1 61.0 2 -1 0
0 1 0 30.1 61.0 2 -1 0
0 1 0 30.1 61.0 2 -1 0
0 1 0 30.1 61.0 2 -1 0
0 1 0 30.1 61.0 2 -1 0
0 1 0 30.1 61.0 2 -1 0
0 1 0 30.2 61.0 2 -1 0
0 1 0 30.2 61.0 2 -1 0
0 1 0 30.1 61.0 2 -1 0
0 1 0 30.1 61.0 2 -1 0
0 1 0 30.1 61.0 2 -1 0
0 1 0 30.1 61.5 2 -1 0
0 1 0 30.1 61.5 2 -1 0
0 1 0 30.1 61.5 2 -1 0
0 1 0 30.1 61.5 2 -1 0
0 1 0 30.1 61.5 2 -1 0
0 1 0 30.1 61.5 2 -1 0
0 1 0 30.1 61.5 2 -1 0
0 1 0 30.2 61.5 2 -1 0
0 1 0 30.1 61.5 2 -1 0
0 1 0 30.1 61.5 2 -1 0
0 1 0 30.2 61.5 2 -1 0
0 1 0 30.1 61.5 2 -1 0
0 1 0 30.1 61.5 2 -1 0
0 1 0 30.1 61.5 2 -1 0
0 1 0 30.2 61.5 2 -1 0
0 1 0 30.2 61.5 2 -1 0
0 1 0 30.2 61.5 2 -1 0
0 1 0 30.2 61.5 2 -1 0
0 1 0 30.2 61.5 2 -1 0
0 1 0 30.1 61.5 2 -1 0
0 1 0 30.2 61.5 2 -1 0
0 1 0 30.2 62.0 2 -1 0
0 1 0 30.2 62.0 2 -1 0
0 1 0 30.1 62.0 2 -1 0
0 1 0 30.1 62.0 2 -1 0
0 1 0 30.2 62.0 2 -1 0
0 1 0 30.2 62.0 2 -1 0
0 1 0 30.1 62.0 2 -1 0
0 1 0 30.1 62.0 2 -1 0
0 1 0 30.1 62.0 2 -1 0
0 1 0 30.1 62.0 2 -1 0
0 1 0 30.2 62.0 2 -1 0
0 1 0 30.1 61.5 2 -1 0
0 1 0 30.1 61.5 2 -1 0
0 1 0 30.2 62.0 2 -1 0
0 1 0 30.2 62.0 2 -1 0
0 1 0 30.3 62.0 2 -1 0
0 1 0 30.2 62.0 2 -1 0
0 1 0 30.1 61.5 2 -1 0
0 1 0 30.2 61.5 2 -1 0
0 1 0 30.1 61.5 2 -1 0
0 1 0 30.1 61.5 2 -1 0
0 1 0 30.2 61.5 2 -1 0
0 1 0 30.2 61.5 2 -1 0
0 1 0 30.2 61.5 2 -1 0
0 1 0 30.1 61.5 2 -1 0
0 1 0 30.2 61.5 2 -1 0
0 1 0 30.2 61.5 2 -1 0
0 1 0 30.2 61.5 2 -1 0
0 1 0 30.2 61.5 2 -1 0
0 1 0 30.1 61.5 2 -1 0
0 1 0 30.2 61.5 2 -1 0
0 1 0 30.1 61.5 2 -1 0
0 1 0 30.1 61.5 2 -1 0
0 1 0 30.1 61.5 2 -1 0
0 1 0 30.2 61.5 2 -1 0
0 1 0 30.2 61.5 2 -1 0
0 1 0 30.2 61.5 2 -1 0
0 1 0 30.1 61.5 2 -1 0
0 1 0 30.1 61.5 2 -1 0
0 1 0 30.1 62.0 2 -1 0
0 1 0 30.1 62.0 2 -1 0
0 1 0 30.2 62.0 2 -1 0
0 1 0 30.1 62.0 2 -1 0
0 1 0 30.2 62.0 2 -1 0
0 1 0 30.1 62.0 2 -1 0
0 1 0 30.1 62.5 2 -1 0
0 1 0 30.1 62.5 2 -1 0
0 1 0 30.1 62.5 2 -1 0
0 1 0 30.1 63.0 2 -1 0
0 1 0 30.1 63.0 2 -1 0
0 1 0 30.2 63.0 2 -1 0
0 1 0 30.1 63.0 2 -1 0
0 1 0 30.1 63.0 2 -1 0
0 1 0 30.1 63.0 2 -1 0
0 1 0 30.1 63.0 2 -1 0
0 1 0 30.1 63.0 2 -1 0
0 1 0 30.2 63.0 2 -1 0
0 1 0 30.1 63.0 2 -1 0
0 1 0 30.1 63.0 2 -1 0
0 1 0 30.2 63.0 2 -1 0
0 1 0 30.2 63.0 2 -1 0
0 1 0 30.1 63.5 2 -1 0
0 1 0 30.2 63.5 2 -1 0
0 1 0 30.1 63.5 2 -1 0
0 1 0 30.1 63.5 2 -1 0
0 1 0 30.2 63.5 2 -1 0
0 1 0 30.2 63.5 2 -1 0
0 1 0 30.1 63.5 2 -1 0
0 1 0 30.1 63.5 2 -1 0
0 1 0 30.2 63.5 2 -1 0
0 1 0 30.2 63.5 2 -1 0
0 1 0 30.1 63.5 2 -1 0
0 1 0 30.1 63.5 2 -1 0
0 1 0 30.1 63.5 1 -1 0
0 1 0 30.1 63.5 1 -1 0
0 1 0 30.1 63.5 1 -1 0
0 1 0 30.2 63.5 1 -1 0
0 1 0 30.2 63.5 1 -1 0
0 1 0 30.2 63.5 1 -1 0
0 1 0 30.2 63.5 1 -1 0
0 1 0 30.2 63.5 1 -1 0
0 1 0 30.2 63.5 1 -1 0
0 1 0 30.2 63.0 1 -1 0
0 1 0 30.2 63.0 0 -1 0
0 1 0 30.2 63.0 0 -1 0
0 1 0 30.2 63.0 0 -1 0
0 1 0 30.2 63.0 0 -1 0
0 1 0 30.2 63.0 0 -1 0
0 1 0 30.2 63.0 2 -1 0
0 1 0 30.2 63.0 2 -1 0
0 1 0 30.2 63.0 2 -1 0
0 1 0 30.2 63.0 2 -1 0
0 1 0 30.2 63.0 1 -1 0
0 1 0 30.2 63.5 1 -1 0
0 1 0 30.1 63.5 2 -1 0
0 1 0 30.1 63.5 2 -1 0
0 1 0 30.1 63.0 2 -1 0
0 1 0 30.1 63.0 4 -1 0
0 1 0 30.1 63.0 4 -1 0
0 1 0 30.1 63.0 2 -1 0
0 1 0 30.1 63.0 4 -1 0
0 1 0 30.2 63.0 4 -1 0
0 1 0 30.2 63.0 6 -1 0
0 1 0 30.2 63.0 5 -1 0
0 1 0 30.2 63.0 9 -1 0
0 1 0 30.1 63.0 9 -1 0
0 1 0 30.1 63.0 10 -1 0
0 1 0 30.2 63.0 13 -1 0
0 1 0 30.2 63.0 13 -1 0
0 1 0 30.2 63.0 15 -1 0
0 1 0 30.2 63.0 19 -1 0
0 1 0 30.2 63.0 20 -1 0
0 1 0 30.2 63.0 25 -1 0
0 1 0 30.2 63.0 26 -1 0
0 1 0 30.2 63.0 28 -1 0
0 1 0 30.1 63.0 28 -1 0
0 1 0 30.2 63.0 32 -1 0
0 1 0 30.2 63.0 32 -1 0
0 1 0 30.2 63.0 35 -1 0
0 1 0 30.3 62.5 38 -1 0
0 1 0 30.2 63.0 43 -1 0
0 1 0 30.2 62.5 43 -1 0
0 1 0 30.3 62.5 47 -1 0
0 1 0 30.2 62.5 49 -1 0
0 1 0 30.2 62.5 54 -1 0
0 1 0 30.2 62.5 56 -1 0
0 1 0 30.2 62.5 59 -1 0
0 1 0 30.3 62.5 62 -1 0
0 1 0 30.3 62.5 68 -1 0
0 1 0 30.2 62.5 68 -1 0
0 1 0 30.2 62.5 68 -1 0
0 1 0 30.2 63.0 71 -1 0
0 1 0 30.2 63.0 75 -1 0
0 1 0 30.2 63.0 77 -1 0
0 1 0 30.2 63.0 78 -1 0
0 1 0 30.3 63.0 80 -1 0
0 1 0 30.3 63.0 82 -1 0
0 1 0 30.3 63.0 83 -1 0
0 1 0 30.3 63.0 89 -1 0
0 1 0 30.3 63.0 91 -1 0
0 1 0 30.3 63.0 90 -1 0
0 1 0 30.3 63.0 92 -1 0
0 1 0 30.3 63.0 98 -1 0
0 1 0 30.3 63.0 100 -1 0
0 1 0 30.3 63.0 103 -1 0
0 1 0 30.3 63.0 103 -1 0
0 1 0 30.3 63.5 109 -1 0
0 1 0 30.4 63.5 110 -1 0
0 1 0 30.4 63.5 112 -1 0
0 1 0 30.3 63.5 115 -1 0
0 1 0 30.4 64.0 119 -1 0
0 1 0 30.3 64.0 121 -1 0
0 1 0 30.4 64.0 124 -1 0
0 1 0 30.4 63.5 126 -1 0
0 1 0 30.4 63.5 128 -1 0
0 1 0 30.4 63.5 133 -1 0
0 1 0 30.4 63.5 133 -1 0
0 1 0 30.4 63.5 135 -1 0
0 1 0 30.4 63.5 136 -1 0
0 1 0 30.4 63.5 140 -1 0
0 1 0 30.5 63.5 142 -1 0
0 1 0 30.5 63.5 142 -1 0
0 1 0 30.5 63.5 142 -1 0
0 1 0 30.5 63.5 145 -1 0
0 1 0 30.5 63.5 145 -1 0
0 1 0 30.5 63.5 147 -1 0
0 1 0 30.5 63.5 149 -1 0
0 1 0 30.6 63.5 147 -1 0
0 1 0 30.6 63.5 153 -1 0
0 1 0 30.6 63.5 151 -1 0
0 1 0 30.6 63.5 155 -1 0
0 1 0 30.6 64.0 156 -1 0
0 1 0 30.6 64.0 158 -1 0
0 1 0 30.6 64.0 162 -1 0
0 1 0 30.7 64.0 165 -1 0
0 1 0 30.6 63.5 161 -1 0
0 1 0 30.6 64.0 165 -1 0
0 1 0 30.6 64.0 165 -1 0
0 1 0 30.7 64.0 167 -1 0
0 1 0 30.7 64.0 167 -1 0
0 1 0 30.7 64.0 167 -1 0
0 1 0 30.7 64.0 171 -1 0
0 1 0 30.7 64.5 170 -1 0
0 1 0 30.7 64.5 174 -1 0
0 1 0 30.7 64.5 174 -1 0
0 1 0 30.7 64.5 174 -1 0
0 1 0 30.8 64.5 174 -1 0
0 1 0 30.8 64.5 179 -1 0
0 1 0 30.7 64.5 177 -1 0
0 1 0 30.7 64.5 181 -1 0
0 1 0 30.7 64.5 181 -1 0
0 1 0 30.8 65.0 181 -1 0
0 1 0 30.8 65.0 179 -1 0
0 1 0 30.8 65.0 178 -1 0
0 1 0 30.8 65.0 176 -1 0
0 1 0 30.9 65.0 181 -1 0
0 1 0 30.9 65.0 183 -1 0
0 1 0 30.8 65.0 183 -1 0
0 1 0 30.9 65.0 190 -1 0
0 1 0 30.9 65.5 190 -1 0
0 1 0 30.9 65.5 193 -1 0
0 1 0 30.9 65.0 195 -1 0
0 1 0 31.0 65.0 195 -1 0
0 1 0 31.0 65.0 197 -1 0
0 1 0 30.9 65.0 195 -1 0
0 1 0 31.0 65.0 195 -1 0
0 1 0 31.0 65.0 199 -1 0
0 1 0 31.0 65.5 199 -1 0
0 1 0 31.1 65.5 199 -1 0
0 1 0 31.1 65.5 199 -1 0
0 1 0 31.0 65.5 199 -1 0
0 1 0 31.1 65.5 199 -1 0
0 1 0 31.1 65.5 197 -1 0
0 1 0 31.1 65.5 197 -1 0
0 1 0 31.0 65.5 199 -1 0
0 1 0 31.1 65.5 197 -1 0
0 1 0 31.1 65.5 199 -1 0
0 1 0 31.1 65.5 197 -1 0
0 1 0 31.1 65.5 197 -1 0
0 1 0 31.1 65.5 199 -1 0
0 1 0 31.2 65.5 197 -1 0
0 1 0 31.1 65.5 195 -1 0
0 1 0 31.2 65.5 197 -1 0
0 1 0 31.1 65.5 195 -1 0
0 1 0 31.1 65.5 195 -1 0
0 1 0 31.1 65.5 193 -1 0
0 1 0 31.2 65.5 190 -1 0
0 1 0 31.2 65.5 194 -1 0
0 1 0 31.2 65.5 194 -1 0
0 1 0 31.2 65.5 192 -1 0
0 1 0 31.3 66.0 194 -1 0
0 1 0 31.2 65.5 194 -1 0
0 1 0 31.2 66.0 194 -1 0
0 1 0 31.3 66.0 194 -1 0
0 1 0 31.3 65.5 192 -1 0
0 1 0 31.3 65.5 190 -1 0
0 1 0 31.3 65.5 192 -1 0
0 1 0 31.3 66.0 190 -1 0
0 1 0 31.3 65.5 188 -1 0
0 1 0 31.2 65.5 188 -1 0
0 1 0 31.2 65.5 190 -1 0
0 1 0 31.3 66.0 183 -1 0
0 1 0 31.3 66.0 186 -1 0
0 1 0 31.2 65.5 186 -1 0
0 1 0 31.3 65.5 186 -1 0
0 1 0 31.2 65.5 185 -1 0
0 1 0 31.4 65.5 183 -1 0
0 1 0 31.3 66.0 179 -1 0
0 1 0 31.3 65.5 183 -1 0
0 1 0 31.3 66.0 179 -1 0
0 1 0 31.3 66.0 179 -1 0
0 1 0 31.3 66.0 181 -1 0
0 1 0 31.3 66.0 179 -1 0
0 1 0 31.3 66.0 179 -1 0
0 1 0 31.3 66.0 180 -1 0
0 1 0 31.3 66.0 176 -1 0
0 1 0 31.3 66.0 178 -1 0
0 1 0 31.3 66.0 174 -1 0
0 1 0 31.3 66.0 174 -1 0
0 1 0 31.3 66.0 172 -1 0
0 1 0 31.3 66.0 173 -1 0
0 1 0 31.3 66.0 171 -1 0
0 1 0 31.4 66.0 171 -1 0
0 1 0 31.3 66.0 167 -1 0
0 1 0 31.3 66.0 167 -1 0
0 1 0 31.4 66.0 165 -1 0
0 1 0 31.3 66.0 166 -1 0
0 1 0 31.3 66.0 162 -1 0
0 1 0 31.4 66.0 162 -1 0
0 1 0 31.4 66.0 160 -1 0
0 1 0 31.3 66.0 159 -1 0
0 1 0 31.4 66.0 155 -1 0
0 1 0 31.4 66.0 157 -1 0
0 1 0 31.3 66.0 155 -1 0
0 1 0 31.4 66.0 153 -1 0
0 1 0 31.3 66.0 153 -1 0
0 1 0 31.3 66.0 151 -1 0
0 1 0 31.3 66.0 151 -1 0
0 1 0 31.3 66.0 149 -1 0
0 1 0 31.3 65.5 150 -1 0
0 1 0 31.4 65.5 148 -1 0
0 1 0 31.3 65.5 146 -1 0
0 1 0 31.3 65.5 150 -1 0
0 1 0 31.3 65.5 148 -1 0
0 1 0 31.3 65.5 146 -1 0
0 1 0 31.3 65.5 146 -1 0
0 1 0 31.3 65.0 144 -1 0
0 1 0 31.3 65.5 144 -1 0
0 1 0 31.3 65.5 146 -1 0
0 1 0 31.3 65.5 144 -1 0
0 1 0 31.3 65.5 142 -1 0
0 1 0 31.3 65.5 143 -1 0
0 1 0 31.3 65.5 143 -1 0
0 1 0 31.3 65.0 143 -1 0
0 1 0 31.3 65.0 143 -1 0
0 1 0 31.3 65.0 143 -1 0
0 1 0 31.3 65.0 139 -1 0
0 1 0 31.3 65.0 141 -1 0
0 1 0 31.3 65.0 139 -1 0
0 1 0 31.3 65.0 139 -1 0
0 1 0 31.2 65.0 139 -1 0
0 1 0 31.2 65.0 139 -1 0
0 1 0 31.3 65.0 137 -1 0
0 1 0 31.3 65.0 137 -1 0
0 1 0 31.2 65.0 139 -1 0
0 1 0 31.3 65.0 139 -1 0
0 1 0 31.3 65.0 137 -1 0
0 1 0 31.3 65.0 135 -1 0
0 1 0 31.3 65.0 136 -1 0
0 1 0 31.3 65.0 134 -1 0
0 1 0 31.2 65.0 130 -1 0
0 1 0 31.3 65.0 132 -1 0
0 1 0 31.3 65.0 130 -1 0
0 1 0 31.3 65.0 128 -1 0
0 1 0 31.3 65.0 128 -1 0
0 1 0 31.3 65.0 130 -1 0
0 1 0 31.3 65.0 130 -1 0
0 1 0 31.2 64.5 126 -1 0
0 1 0 31.2 64.5 127 -1 0
0 1 0 31.3 64.5 123 -1 0
0 1 0 31.3 64.5 125 -1 0
0 1 0 31.3 64.5 121 -1 0
0 1 0 31.2 64.5 121 -1 0
0 1 0 31.3 64.5 123 -1 0
0 1 0 31.2 64.5 121 -1 0
0 1 0 31.2 64.5 120 -1 0
0 1 0 31.2 64.5 118 -1 0
0 1 0 31.2 64.5 116 -1 0
0 1 0 31.3 64.5 118 -1 0
0 1 0 31.3 64.5 116 -1 0
0 1 0 31.3 64.5 114 -1 0
0 1 0 31.3 64.5 114 -1 0
0 1 0 31.4 64.5 114 -1 0
0 1 0 31.3 64.5 114 -1 0
0 1 0 31.4 64.5 116 -1 0
0 1 0 31.3 64.5 114 -1 0
0 1 0 31.3 64.5 112 -1 0
0 1 0 31.3 64.5 112 -1 0
0 1 0 31.3 64.5 112 -1 0
0 1 0 31.3 64.5 112 -1 0
0 1 0 31.2 64.5 114 -1 0
0 1 0 31.3 64.5 114 -1 0
0 1 0 31.3 64.5 114 -1 0
0 1 0 31.3 64.5 113 -1 0
0 1 0 31.4 64.5 113 -1 0
0 1 0 31.4 64.5 110 -1 0
0 1 0 31.4 64.5 113 -1 0
0 1 0 31.4 64.5 111 -1 0
0 1 0 31.4 64.5 111 c26 0
1 1 0 31.4 64.5 111 c26 0
1 1 17 31.3 63.0 128 c26 1
1 1 18 31.2 61.0 134 c26 1
1 1 11 31.0 59.5 128 c26 1
1 1 13 30.9 59.5 128 c26 1
1 1 13 30.7 58.5 128 c26 1
1 1 7 30.6 58.0 126 c26 1
1 1 0 30.5 58.0 126 c26 1
1 1 4 30.5 57.5 128 c26 1
1 1 0 30.3 57.0 126 c26 1
1 1 6 30.2 55.5 128 c26 1
1 1 1 30.0 55.5 130 c26 1
1 1 6 29.9 55.0 125 c26 1
1 1 2 29.7 55.0 123 c26 1
1 1 1 29.7 54.5 121 c26 1
1 1 3 29.6 55.0 121 c26 1
1 1 3 29.6 54.5 121 c26 1
1 1 0 29.5 54.5 121 c26 1
1 1 3 29.4 54.0 121 c26 1
1 1 7 29.4 53.5 119 c26 1
1 1 2 29.3 53.5 117 c26 1
1 1 11 29.2 53.5 118 c26 1
1 1 26 29.1 53.5 118 c26 1
1 1 7 29.1 53.5 117 c26 1
1 1 16 29.1 53.5 119 c26 1
1 1 14 29.1 54.0 118 c26 1
1 1 0 29.2 54.0 121 c26 1
1 1 2 29.1 53.5 119 c26 1
1 1 0 29.0 53.5 121 c26 1
1 1 3 28.9 53.5 119 c26 1
1 1 0 28.9 53.5 117 c26 1
1 1 3 28.9 54.0 117 c26 1
1 1 4 28.9 54.0 114 c26 1
1 1 2 28.8 54.0 117 c26 1
1 1 1 28.8 53.5 114 c26 1
1 1 3 28.7 53.5 119 c26 1
1 1 2 28.8 54.0 114 c26 1
1 1 12 28.7 54.0 116 c26 1
1 1 9 28.7 54.0 112 c26 1
1 1 6 28.7 54.0 114 c26 1
1 1 0 28.7 54.0 114 c26 1
1 1 1 28.6 54.5 110 c26 1
1 1 2 28.7 54.5 110 c26 1
1 1 5 28.7 54.5 112 c26 1
1 1 8 28.6 54.5 112 c26 1
1 1 3 28.6 54.0 109 c26 1
1 1 0 28.6 54.5 109 c26 1
1 1 6 28.6 54.0 109 c26 1
1 1 4 28.5 54.0 109 c26 1
1 1 4 28.4 54.0 107 c26 1
1 1 7 28.3 53.5 105 c26 1
1 1 4 28.2 53.5 107 c26 1
1 1 7 28.2 53.5 107 c26 1
1 1 1 28.2 53.5 103 c26 1
1 1 2 28.1 54.0 105 c26 1
1 1 0 28.2 54.0 103 c26 1
1 1 1 28.1 54.0 102 c26 1
1 1 1 28.1 53.5 100 c26 1
1 1 4 28.0 53.5 100 c26 1
1 1 7 28.0 54.0 98 c26 1
1 1 5 28.1 54.0 100 c26 1
1 1 0 28.1 55.0 98 c26 1
1 1 2 28.1 54.5 100 c26 1
1 1 0 28.1 55.0 100 c26 1
1 1 1 28.1 54.5 96 c26 1
1 1 2 28.0 55.0 98 c26 1
1 1 1 28.1 55.0 98 c26 1
1 1 1 28.1 55.0 94 c26 1
1 1 0 28.1 54.5 95 c26 1
1 1 5 28.0 54.5 95 c26 1
1 1 1 28.0 54.5 95 c26 1
1 1 0 27.9 54.5 95 c26 1
1 1 1 28.0 54.5 95 c26 1
1 1 0 27.9 55.0 93 c26 1
1 1 0 28.0 55.5 91 c26 1
1 1 2 28.0 55.5 91 c26 1
1 1 0 28.1 55.5 93 c26 1
1 1 0 28.1 55.0 91 c26 1
1 1 0 28.0 55.5 91 c26 1
1 1 4 27.9 55.5 95 c26 1
1 1 0 27.9 55.5 93 c26 1
1 1 0 27.9 57.0 95 c26 1
1 1 2 28.0 57.5 93 c26 1
1 1 2 28.0 56.5 93 c26 1
1 1 3 28.0 56.5 95 c26 1
1 1 2 28.0 56.5 95 c26 1
1 1 2 27.9 55.5 96 c26 1
1 1 2 27.9 55.5 94 c26 1
1 1 14 27.8 55.5 93 c26 1
1 1 0 27.8 55.5 91 c26 1
1 1 3 27.8 55.5 89 c26 1
1 1 0 27.8 55.0 91 c26 1
1 1 4 27.8 55.0 89 c26 1
1 1 14 27.8 55.5 93 c26 1
1 1 14 27.8 56.0 89 c26 1
1 1 2 27.8 55.5 93 c26 1
1 1 5 27.7 55.0 91 c26 1
1 1 3 27.7 55.0 89 c26 1
1 1 3 27.6 54.5 87 c26 1
1 1 16 27.5 54.5 87 c26 1
1 1 1 27.5 54.0 89 c26 1
1 1 2 27.5 54.0 87 c26 1
1 1 0 27.5 54.5 89 c26 1
1 1 2 27.4 54.0 87 c26 1
1 1 3 27.4 54.0 86 c26 1
1 1 3 27.4 53.5 82 c26 1
1 1 9 27.3 53.5 86 c26 1
1 1 1 27.3 53.5 84 c26 1
1 1 2 27.2 53.5 84 c26 1
1 1 23 27.3 53.5 84 c26 1
0 1 14 27.3 54.0 84 c26 1
0 1 14 27.3 54.5 90 c26 1
0 1 13 27.3 54.0 87 c26 1
0 1 4 27.2 54.0 84 c26 1
0 1 15 27.2 54.0 84 c26 1
0 1 0 27.2 54.5 84 c26 1
0 1 5 27.2 54.0 81 c26 1
0 1 15 27.2 54.0 80 c26 1
0 1 15 27.1 54.0 80 c26 1
0 1 17 27.0 54.0 81 c26 1
0 1 5 27.1 54.0 77 c26 1
0 1 16 27.0 54.0 77 c26 1
0 1 8 26.9 53.5 76 c26 1
0 1 1 26.9 54.0 75 c26 1
0 1 3 26.9 53.5 75 c26 1
0 1 0 26.9 53.5 73 c26 1
0 1 0 26.9 53.5 75 c26 1
0 1 15 26.8 53.5 75 c26 1
0 1 11 26.8 53.5 77 c26 1
0 1 4 26.8 53.5 77 c26 1
0 1 13 26.7 53.5 73 c26 1
0 1 4 26.7 53.5 75 c26 1
0 1 8 26.7 53.5 77 c26 1
0 1 8 26.8 54.5 77 c26 1
0 1 13 26.8 54.5 77 c26 1
0 1 12 26.8 55.0 75 c26 1
0 1 2 26.9 55.5 75 c26 1
0 1 5 26.8 56.0 77 c26 1
0 1 18 26.9 56.5 75 c26 1
0 1 10 26.9 56.5 73 c26 1
0 1 9 26.9 56.5 77 c26 1
0 1 0 26.9 56.5 75 c26 1
0 1 14 26.9 56.5 73 c26 1
0 1 8 26.9 56.5 73 c26 1
0 1 13 26.8 56.5 75 c26 1
0 1 19 26.9 56.0 75 c26 1
0 1 21 26.8 56.0 75 c26 1
0 1 31 26.9 56.5 66 c26 1
0 1 17 26.8 56.5 77 c26 1
0 1 7 26.9 56.5 71 c26 1
0 1 1 26.8 56.0 73 c26 1
0 1 14 26.8 56.0 72 c26 1
0 1 21 26.7 55.5 72 c26 1
0 1 24 26.8 55.5 71 c26 1
0 1 6 26.7 56.0 70 c26 1
0 1 2 26.7 55.5 69 c26 1
0 1 7 26.7 55.5 70 c26 1
0 1 5 26.7 55.5 64 c26 1
0 1 6 26.7 55.5 66 c26 1
0 1 5 26.6 55.5 68 c26 1
0 1 2 26.6 55.5 66 c26 1
0 1 0 26.6 55.0 68 c26 1
0 1 2 26.5 55.0 68 c26 1
0 1 0 26.5 55.0 68 c26 1
0 1 7 26.6 55.0 68 c26 1
0 1 1 26.5 55.0 66 c26 1
0 1 4 26.5 55.0 66 c26 1
0 1 2 26.4 55.0 66 c26 1
0 1 7 26.4 55.0 66 c26 1
0 1 11 26.4 55.0 66 c26 1
0 1 3 26.4 55.0 66 c26 1
0 1 6 26.4 55.0 68 c26 1
0 1 5 26.5 55.0 64 c26 1
0 1 0 26.5 55.5 66 c26 1
0 1 0 26.4 55.5 64 c26 1
0 1 5 26.5 55.5 68 c26 1
0 1 5 26.4 55.5 66 c26 1
0 1 0 26.3 55.5 68 c26 1
0 1 0 26.4 55.5 70 c26 1
0 1 0 26.4 55.5 68 c26 1
0 1 1 26.4 55.5 65 c26 1
0 1 1 26.4 55.5 63 c26 1
0 1 5 26.3 55.5 66 c26 1
0 1 11 26.3 55.0 66 c26 1
0 1 2 26.2 55.0 66 c26 1
0 1 0 26.3 55.5 66 c26 1
0 1 1 26.3 55.5 66 c26 1
0 1 3 26.3 55.5 64 c26 1
0 1 2 26.3 55.5 66 c26 1
0 1 1 26.3 55.5 68 c26 1
0 1 0 26.2 55.5 66 c26 1
0 1 3 26.2 55.0 68 c26 1
0 1 5 26.3 55.0 70 c26 1
0 1 4 26.2 55.5 68 c26 1
0 1 18 26.3 55.5 72 c26 1
0 1 13 26.2 55.5 75 c26 1
0 1 0 26.2 55.5 77 c26 1
0 1 0 26.2 55.5 78 c26 1
0 1 0 26.2 55.5 75 c26 1
0 1 0 26.1 55.5 75 c26 1
0 1 0 26.1 55.0 75 c26 1
1 1 7 26.1 55.0 75 c26 1
1 1 20 26.0 55.0 75 c26 1
1 1 8 26.0 55.0 71 c26 1
1 1 22 26.0 54.5 71 c26 1
1 1 0 26.0 54.5 71 c26 1
1 1 6 26.0 54.5 66 c26 1
1 1 15 26.1 55.0 66 c26 1
1 1 17 26.1 55.5 70 c26 1
1 1 13 26.2 55.5 68 c26 1
1 1 11 26.2 56.5 68 c26 1
1 1 16 26.2 56.0 64 c26 1
1 1 20 26.3 57.0 68 c26 1
1 1 23 26.4 56.5 68 c26 1
1 1 8 26.4 57.5 68 c26 1
1 1 3 26.5 58.5 68 c26 1
1 1 0 26.5 60.5 65 c26 1
1 1 13 26.6 59.0 65 c26 1
1 1 2 26.6 58.0 70 c26 1
1 1 2 26.6 57.5 70 c26 1
1 1 2 26.6 57.0 64 c26 1
1 1 1 26.5 57.0 68 c26 1
1 1 1 26.5 57.5 68 c26 1
1 1 1 26.4 57.5 68 c26 1
1 1 1 26.5 58.5 68 c26 1
1 1 9 26.6 58.5 70 c26 1
1 1 3 26.6 58.5 66 c26 1
1 1 0 26.5 57.5 66 c26 1
1 1 1 26.7 57.0 64 c26 1
1 1 0 26.6 57.0 64 c26 1
1 1 2 26.6 57.5 66 c26 1
1 1 2 26.7 58.0 65 c26 1
1 1 1 26.7 59.0 68 c26 1
1 1 3 26.8 61.0 66 c26 1
1 1 5 26.8 60.0 66 c26 1
1 1 0 26.9 58.0 63 c26 1
1 1 5 26.8 58.0 66 c26 1
1 1 16 26.8 58.0 68 c26 1
1 1 17 26.9 57.5 64 c26 1
1 1 11 26.8 58.0 68 c26 1
1 1 6 26.9 58.5 66 c26 1
1 1 12 26.9 59.5 66 c26 1
1 1 4 26.9 58.0 66 c26 1
1 1 10 26.9 58.0 68 c26 1
1 1 8 26.9 57.5 68 c26 1
1 1 3 27.0 58.0 66 c26 1
1 1 0 26.9 57.5 68 c26 1
1 1 3 26.9 57.5 68 c26 1
1 1 5 26.9 57.5 61 c26 1
1 1 4 26.9 57.5 61 c26 1
1 1 6 27.0 57.0 61 c26 1
1 1 1 27.0 58.0 66 c26 1
1 1 2 27.0 57.5 68 c26 1
1 1 2 27.0 57.5 68 c26 1
1 1 2 27.0 58.0 68 c26 1
1 1 5 27.0 58.0 66 c26 1
1 1 3 27.2 58.0 68 c26 1
1 1 6 27.2 58.5 68 c26 1
1 1 5 27.2 60.5 66 c26 1
1 1 6 27.3 62.0 66 c26 1
1 1 4 27.4 59.5 66 c26 1
1 1 3 27.5 59.0 70 c26 1
1 1 3 27.4 58.5 70 c26 1
1 1 1 27.4 58.0 68 c26 1
1 1 5 27.3 58.0 68 c26 1
1 1 4 27.3 58.0 68 c26 1
1 1 21 27.3 57.5 70 c26 1
1 1 7 27.2 57.5 70 c26 1
1 1 5 27.2 57.5 70 c26 1
1 1 16 27.2 57.5 71 c26 1
1 1 4 27.3 57.5 71 c26 1
1 1 9 27.3 57.5 73 c26 1
1 1 5 27.3 57.5 71 c26 1
1 1 6 27.3 57.0 71 c26 1
1 1 1 27.2 56.0 71 c26 1
1 1 0 27.1 56.0 73 c26 1
1 1 4 27.1 56.5 73 c26 1
1 1 0 27.2 57.0 71 c26 1
1 1 3 27.2 57.0 73 c26 1
1 1 2 27.2 57.0 75 c26 1
1 1 1 27.2 57.5 73 c26 1
1 1 3 27.2 57.5 73 c26 1
1 1 3 27.2 57.0 75 c26 1
1 1 0 27.2 56.5 75 c26 1
1 1 1 27.1 56.5 77 c26 1
1 1 2 27.2 56.0 75 c26 1
1 1 1 27.0 56.0 73 c26 1
1 1 6 27.1 56.0 75 c26 1
1 1 5 27.1 56.0 71 c26 1
1 1 10 27.0 55.5 73 c26 1
1 1 3 27.1 55.5 71 c26 1
1 1 2 27.0 56.0 72 c26 1
1 1 2 27.0 56.0 72 c26 1
1 1 6 27.0 56.0 72 c26 1
1 1 1 27.0 56.0 71 c26 1
1 1 6 27.0 55.5 74 c26 1
1 1 2 26.9 55.5 73 c26 1
1 1 1 26.9 55.5 73 c26 1
1 1 4 26.9 55.5 73 c26 1
1 1 13 26.9 56.0 73 c26 1
1 1 19 27.0 56.5 73 c26 1
1 1 2 27.0 58.0 71 c26 1
1 1 1 27.1 57.5 73 c26 1
1 1 7 27.2 58.0 73 c26 1
1 1 7 27.2 57.5 73 c26 1
1 1 3 27.2 57.0 73 c26 1
1 1 3 27.1 57.0 60 c26 1
1 1 5 27.2 57.0 72 c26 1
1 1 0 27.2 57.0 71 c26 1
1 1 0 27.1 57.0 70 c26 1
1 1 5 27.1 56.5 67 c26 1
1 1 10 27.0 56.5 75 c26 1
1 1 4 27.0 56.5 73 c26 1
1 1 0 26.9 56.0 73 c26 1
1 1 8 27.0 55.5 75 c26 1
1 1 3 26.9 55.5 79 c26 1
1 1 1 26.8 55.5 78 c26 1
1 1 2 26.9 55.5 78 c26 1
1 1 3 26.8 56.0 80 c26 1
1 1 2 26.9 55.5 80 c26 1
1 1 7 26.8 55.5 78 c26 1
1 1 2 26.8 55.5 78 c26 1
1 1 7 26.9 55.0 80 c26 1
1 1 16 26.8 55.0 82 c26 1
1 1 1 26.7 55.0 82 c26 1
1 1 4 26.7 55.0 81 c26 1
1 1 10 26.7 55.0 82 c26 1
1 1 15 26.7 55.0 68 c26 1
1 1 5 26.7 54.5 83 c26 1
1 1 6 26.6 54.5 81 c26 1
1 1 6 26.6 54.5 74 c26 1
1 1 19 26.6 54.5 68 c26 1
1 1 13 26.6 54.5 82 c26 1
1 1 9 26.6 54.5 84 c26 1
1 1 1 26.5 54.0 82 c26 1
1 1 4 26.6 54.0 82 c26 1
1 1 4 26.5 54.0 82 c26 1
1 1 2 26.5 54.0 83 c26 1
1 1 4 26.5 54.0 70 c26 1
1 1 1 26.4 53.5 80 c26 1
1 1 2 26.4 53.5 82 c26 1
1 1 7 26.4 53.5 82 c26 1
1 1 3 26.3 53.0 82 c26 1
1 1 4 26.3 53.0 82 c26 1
1 1 2 26.2 52.5 82 c26 1
1 1 5 26.2 52.5 85 c26 1
1 1 8 26.2 53.0 81 c26 1
1 1 5 26.2 53.0 83 c26 1
1 1 8 26.3 53.5 84 c26 1
1 1 2 26.3 53.5 63 c26 1
1 1 10 26.3 53.5 62 c26 1
1 1 2 26.3 54.0 75 c26 1
1 1 4 26.3 54.0 72 c26 1
1 1 2 26.3 54.0 73 c26 1
1 1 9 26.3 54.0 86 c26 1
1 1 6 26.3 54.0 87 c26 1
1 1 8 26.2 54.0 69 c26 1
1 1 0 26.2 54.5 83 c26 1
1 1 0 26.2 54.5 82 c26 1
1 1 6 26.3 54.5 78 c26 1
1 1 10 26.3 54.5 89 c26 1
1 1 6 26.3 54.5 87 c26 1
1 1 3 26.2 54.0 89 c26 1
1 1 5 26.3 54.0 89 c26 1
1 1 3 26.2 53.5 75 c26 1
1 1 2 26.1 53.5 91 c26 1
1 1 2 26.1 53.5 89 c26 1
1 1 0 26.0 53.0 89 c26 1
1 1 12 26.1 53.0 91 c26 1
1 1 13 26.0 53.0 89 c26 1
1 1 3 26.0 53.0 87 c26 1
1 1 6 26.0 53.0 86 c26 1
1 1 8 26.1 53.5 86 c26 1
1 1 6 26.1 53.5 84 c26 1
1 1 1 26.1 53.5 86 c26 1
1 1 7 26.0 53.5 84 c26 1
1 1 6 26.1 54.0 84 c26 1
1 1 28 26.1 54.0 82 c26 1
1 1 8 26.1 54.0 84 c26 1
1 1 5 26.1 54.0 84 c26 1
1 1 8 26.1 54.0 84 c26 1
1 1 8 26.1 54.5 86 c26 1
1 1 5 26.2 54.5 84 c26 1
1 1 6 26.1 54.5 83 c26 1
1 1 7 26.1 54.5 86 c26 1
1 1 6 26.1 54.5 82 c26 1
1 1 17 26.1 54.5 86 c26 1
1 1 9 26.2 54.5 81 c26 1
1 1 11 26.1 54.5 83 c26 1
1 1 10 26.1 54.5 83 c26 1
1 1 4 26.1 54.5 83 c26 1
1 1 5 26.1 54.0 81 c26 1
1 1 22 26.1 54.0 81 c26 1
1 1 10 26.1 54.0 79 c26 1
1 1 6 26.0 54.0 83 c26 1
1 1 9 26.1 54.0 83 c26 1
1 1 5 26.1 53.5 80 c26 1
1 1 24 26.0 53.5 76 c26 1
1 1 5 26.0 53.5 68 c26 1
1 1 8 26.0 54.0 71 c26 1
1 1 9 26.1 54.0 79 c26 1
1 1 8 26.0 54.0 65 c26 1
1 1 9 26.0 54.0 80 c26 1
1 1 1 26.0 54.0 79 c26 1
1 1 2 26.0 54.0 81 c26 1
1 1 4 26.0 53.5 83 c26 1
1 1 6 26.0 53.5 73 c26 1
1 1 13 25.9 53.5 68 c26 1
1 1 8 26.0 53.0 79 c26 1
1 1 6 25.9 53.0 85 c26 1
1 1 6 25.9 53.0 83 c26 1
1 1 9 25.9 53.0 58 c26 1
1 1 11 25.8 53.0 55 c26 1
1 1 9 25.9 53.0 75 c26 1
1 1 4 25.8 53.0 81 c26 1
1 1 10 25.9 53.0 79 c26 1
1 1 13 25.8 53.5 83 c26 1
1 1 1 25.9 53.5 83 c26 1
1 1 5 25.8 53.5 83 c26 1
1 1 2 25.8 53.5 81 c26 1
1 1 3 25.8 53.5 81 c26 1
1 1 1 25.8 53.5 80 c26 1
1 1 12 25.8 53.5 80 c26 1
1 1 3 25.8 53.0 80 c26 1
1 1 5 25.8 53.0 80 c26 1
1 1 5 25.7 53.0 78 c26 1
1 1 12 25.7 53.0 82 c26 1
1 1 10 25.8 53.0 82 c26 1
1 1 12 25.8 53.0 80 c26 1
1 1 7 25.8 53.0 80 c26 1
1 1 5 25.8 53.0 80 c26 1
1 1 9 25.8 53.0 78 c26 1
1 1 9 25.8 53.0 78 c26 1
1 1 13 25.8 53.0 82 c26 1
1 1 9 25.8 53.5 80 c26 1
1 1 7 25.8 53.5 80 c26 1
1 1 3 25.8 53.5 80 c26 1
1 1 3 25.8 53.5 78 c26 1
1 1 9 25.7 53.5 80 c26 1
1 1 4 25.8 53.5 80 c26 1
1 1 25 25.7 53.5 80 c26 1
1 1 11 25.8 53.5 80 c26 1
1 1 10 25.8 53.5 80 c26 1
1 1 11 25.8 53.0 78 c26 1
1 1 3 25.7 53.0 76 c26 1
1 1 11 25.7 53.0 80 c26 1
1 1 21 25.7 53.0 78 c26 1
1 1 4 25.7 53.0 77 c26 1
1 1 2 25.7 53.0 75 c26 1
1 1 3 25.7 53.0 75 c26 1
1 1 2 25.7 52.5 77 c26 1
1 1 8 25.7 52.5 77 c26 1
1 1 15 25.7 52.5 75 c26 1
1 1 5 25.7 52.5 77 c26 1
1 1 8 25.7 53.0 75 c26 1
1 1 10 25.7 53.0 75 c26 1
1 1 4 25.7 53.0 75 c26 1
1 1 2 25.8 53.0 65 c26 1
1 1 9 25.8 53.0 58 c26 1
1 1 13 25.8 53.5 76 c26 1
1 1 5 25.8 53.5 77 c26 1
1 1 2 25.8 53.5 77 c26 1
1 1 2 25.8 53.5 77 c26 1
1 1 2 25.8 54.0 75 c26 1
1 1 9 25.8 54.0 77 c26 1
1 1 10 25.8 53.5 75 c26 1
1 1 12 25.8 53.5 75 c26 1
1 1 3 25.8 53.5 73 c26 1
1 1 4 25.8 53.5 73 c26 1
1 1 5 25.8 54.0 75 c26 1
1 1 11 25.8 54.0 75 c26 1
1 1 28 25.9 54.0 75 c26 1
1 1 13 25.9 54.5 73 c26 1
1 1 16 25.9 54.5 73 c26 1
1 1 13 25.9 54.5 72 c26 1
1 1 9 26.0 55.0 74 c26 1
1 1 10 26.0 55.0 74 c26 1
1 1 20 26.0 55.0 72 c26 1
1 1 5 26.0 55.5 68 c26 1
1 1 2 26.0 55.5 68 c26 1
1 1 2 26.0 55.5 70 c26 1
1 1 18 26.0 55.5 70 c26 1
1 1 10 26.0 55.0 72 c26 1
1 1 11 26.1 55.0 72 c26 1
1 1 6 26.1 54.5 70 c26 1
1 1 20 26.1 54.5 70 c26 1
1 1 18 26.1 54.5 72 c26 1
1 1 22 26.1 54.5 68 c26 1
1 1 30 26.1 54.0 68 c26 1
1 1 9 26.0 54.0 69 c26 1
1 1 17 26.0 53.5 67 c26 1
1 1 8 26.0 53.0 67 c26 1
1 1 6 25.9 53.0 67 c26 1
1 1 21 25.9 52.5 69 c26 1
1 1 0 25.9 52.5 69 c26 1
1 1 0 25.8 52.5 67 c26 1
1 1 8 25.9 52.5 67 c26 1
1 1 0 25.8 52.0 63 c26 1
1 1 11 25.8 52.0 63 c26 1
1 1 25 25.8 52.0 60 c26 1
1 1 20 25.8 52.0 62 c26 1
1 1 42 25.8 52.5 54 -1 1
0 1 33 25.8 52.0 48 -1 1
0 1 0 25.7 52.0 39 -1 0
0 1 0 25.8 52.5 39 -1 0
0 1 0 25.9 52.5 37 -1 0
0 1 0 25.9 52.5 35 -1 0
0 1 0 26.0 52.5 37 -1 0
0 1 0 26.2 52.5 35 -1 0
0 1 0 26.2 53.0 35 -1 0
0 1 0 26.3 53.0 37 -1 0
0 1 0 26.4 53.0 35 -1 0
0 1 0 26.4 53.0 33 -1 0
0 1 0 26.5 53.0 34 -1 0
0 1 0 26.6 53.5 32 -1 0
0 1 0 26.5 53.5 30 -1 0
0 1 0 26.7 53.5 28 -1 0
0 1 0 26.7 53.5 32 -1 0
0 1 0 26.7 53.5 30 -1 0
0 1 0 26.8 54.0 28 -1 0
0 1 0 26.8 54.0 28 -1 0
0 1 0 26.8 54.5 26 -1 0
0 1 0 26.9 54.5 25 -1 0
0 1 0 26.9 55.0 23 -1 0
0 1 0 26.9 55.5 18 -1 0
0 1 0 27.0 56.0 17 -1 0
0 1 0 27.1 56.5 15 -1 0
0 1 0 27.0 56.5 15 -1 0
0 1 0 27.1 57.0 13 -1 0
0 1 0 27.2 58.0 13 -1 0
0 1 0 27.2 58.5 15 -1 0
0 1 0 27.2 58.5 15 -1 0
0 1 0 27.3 59.0 15 -1 0
0 1 0 27.3 59.0 13 -1 0
0 1 0 27.3 59.5 13 -1 0
0 1 0 27.4 59.0 13 -1 0
0 1 0 27.4 59.5 13 -1 0
0 1 0 27.4 60.0 11 -1 0
0 1 0 27.5 60.0 11 -1 0
0 1 0 27.5 60.5 11 -1 0
0 1 0 27.6 61.0 9 -1 0
0 1 0 27.6 61.0 9 -1 0
0 1 0 27.7 62.0 9 -1 0
0 1 0 27.7 62.0 7 -1 0
0 1 0 27.8 62.5 11 -1 0
0 1 0 27.9 62.5 11 -1 0
0 1 0 27.8 63.0 9 -1 0
0 1 0 27.9 63.0 9 -1 0
0 1 0 27.9 63.0 9 -1 0
0 1 0 28.0 63.5 6 -1 0
0 1 0 28.0 63.5 6 -1 0
0 1 0 28.0 63.5 6 -1 0
0 1 0 28.0 62.5 4 -1 0
0 1 0 28.0 63.0 4 -1 0
0 1 0 28.1 63.5 6 -1 0
0 1 0 28.1 63.5 6 -1 0
0 1 0 28.2 63.5 4 -1 0
0 1 0 28.2 63.0 4 -1 0
0 1 0 28.2 62.5 4 -1 0
0 1 0 28.3 62.0 2 -1 0
0 1 0 28.2 61.5 2 -1 0
0 1 0 28.4 61.5 2 -1 0
0 1 0 28.3 62.0 1 -1 0
0 1 0 28.3 61.5 1 -1 0
0 1 0 28.3 61.0 4 -1 0
0 1 0 28.3 61.5 2 -1 0
0 1 0 28.4 62.0 2 -1 0
0 1 0 28.4 62.0 2 -1 0
0 1 0 28.5 62.0 2 -1 0
0 1 0 28.4 62.0 2 -1 0
0 1 0 28.5 62.0 0 -1 0
0 1 0 28.4 62.0 0 -1 0
0 1 0 28.5 62.0 0 -1 0
0 1 0 28.5 62.5 0 -1 0
0 1 0 28.5 62.5 0 -1 0
0 1 0 28.6 63.0 1 -1 0
0 1 0 28.6 63.5 1 -1 0
0 1 0 28.6 63.5 1 -1 0
0 1 0 28.6 64.0 1 -1 0
0 1 0 28.7 64.0 1 -1 0
0 1 0 28.8 64.0 1 -1 0
0 1 0 28.7 63.5 1 -1 0
0 1 0 28.8 62.5 1 -1 0
0 1 0 28.7 62.5 1 -1 0
0 1 0 28.8 62.5 1 -1 0
0 1 0 28.7 62.5 2 -1 0
0 1 0 28.9 62.0 2 -1 0
0 1 0 28.8 62.0 2 -1 0
0 1 0 28.8 62.0 2 -1 0
0 1 0 28.8 61.0 2 -1 0
0 1 0 28.8 61.0 2 -1 0
0 1 0 28.8 61.5 2 -1 0
0 1 0 28.8 62.0 2 -1 0
0 1 0 28.8 61.0 2 -1 0
0 1 0 28.8 61.0 2 -1 0
0 1 0 28.8 61.5 2 -1 0
0 1 0 28.9 61.5 2 -1 0
0 1 0 28.9 61.0 2 -1 0
0 1 0 28.8 61.5 2 -1 0
0 1 0 28.9 60.5 2 -1 0
0 1 0 28.9 60.5 2 -1 0
0 1 0 28.9 61.0 2 -1 0
0 1 0 28.9 60.0 2 -1 0
0 1 0 29.0 59.5 2 -1 0
0 1 0 28.9 59.5 2 -1 0
0 1 0 28.9 59.5 2 -1 0
0 1 0 29.0 59.5 2 -1 0
0 1 0 29.0 59.0 2 -1 0
0 1 0 28.9 59.0 2 -1 0
0 1 0 28.9 59.0 2 -1 0
0 1 0 29.0 58.5 2 -1 0
0 1 0 29.0 58.5 2 -1 0
0 1 0 29.0 58.0 2 -1 0
0 1 0 29.0 57.5 2 -1 0
0 1 0 29.0 58.0 2 -1 0
0 1 0 29.1 58.0 2 -1 0
0 1 0 29.0 57.5 2 -1 0
0 1 0 29.0 57.5 2 -1 0
0 1 0 29.1 57.0 2 -1 0
0 1 0 29.0 57.0 2 -1 0
0 1 0 29.0 56.5 2 -1 0
0 1 0 29.0 56.5 2 -1 0
0 1 0 29.0 56.5 2 -1 0
0 1 0 29.1 56.5 2 -1 0
0 1 0 29.0 56.5 2 -1 0
0 1 0 29.0 56.5 2 -1 0
0 1 0 29.1 56.5 2 -1 0
0 1 0 29.1 56.0 2 -1 0
0 1 0 29.0 56.0 2 -1 0
0 1 0 29.1 56.0 2 -1 0
0 1 0 29.1 56.0 2 -1 0
0 1 0 29.1 56.0 2 -1 0
0 1 0 29.1 56.0 2 -1 0
0 1 0 29.1 56.0 2 -1 0
0 1 0 29.1 56.0 2 -1 0
0 1 0 29.1 56.0 2 -1 0
0 1 0 29.1 55.5 2 -1 0
0 1 0 29.1 55.5 2 -1 0
0 1 0 29.2 55.5 2 -1 0
0 1 0 29.1 56.0 2 -1 0
0 1 0 29.1 56.0 2 -1 0
0 1 0 29.2 56.0 2 -1 0
0 1 0 29.2 55.5 2 -1 0
0 1 0 29.2 55.5 2 -1 0
0 1 0 29.2 55.5 2 -1 0
0 1 0 29.2 56.0 2 -1 0
0 1 0 29.2 56.0 2 -1 0
0 1 0 29.2 56.0 2 -1 0
0 1 0 29.2 56.0 2 -1 0
0 1 0 29.1 56.0 2 -1 0
0 1 0 29.2 56.0 2 -1 0
0 1 0 29.1 56.0 2 -1 0
0 1 0 29.1 56.0 2 -1 0
0 1 0 29.2 56.5 2 -1 0
0 1 0 29.2 56.5 2 -1 0
0 1 0 29.2 57.0 2 -1 0
0 1 0 29.3 57.5 2 -1 0
0 1 0 29.3 57.5 2 -1 0
0 1 0 29.3 58.0 2 -1 0
0 1 0 29.4 58.5 2 -1 0
0 1 0 29.4 59.0 2 -1 0
0 1 0 29.4 59.0 2 -1 0
0 1 0 29.4 59.5 2 -1 0
0 1 0 29.4 59.5 2 -1 0
0 1 0 29.4 60.0 2 -1 0
0 1 0 29.5 60.0 2 -1 0
0 1 0 29.4 60.5 2 -1 0
0 1 0 29.5 60.5 2 -1 0
0 1 0 29.4 60.5 2 -1 0
0 1 0 29.5 60.5 2 -1 0
0 1 0 29.6 61.0 0 -1 0
0 1 0 29.6 61.0 2 -1 0
0 1 0 29.5 61.0 2 -1 0
0 1 0 29.5 61.0 2 -1 0
0 1 0 29.6 60.5 2 -1 0
0 1 0 29.6 60.5 2 -1 0
0 1 0 29.6 60.0 2 -1 0
0 1 0 29.6 59.5 2 -1 0
0 1 0 29.6 59.5 2 -1 0
0 1 0 29.6 58.5 2 -1 0
0 1 0 29.5 58.0 2 -1 0
0 1 0 29.6 57.5 2 -1 0
0 1 0 29.5 57.5 2 -1 0
0 1 0 29.6 57.5 2 -1 0
0 1 0 29.6 57.5 2 -1 0
0 1 0 29.6 57.5 2 -1 0
0 1 0 29.6 57.0 2 -1 0
0 1 0 29.6 57.0 2 -1 0
0 1 0 29.6 56.5 2 -1 0
0 1 0 29.6 56.0 2 -1 0
0 1 0 29.5 56.0 2 -1 0
0 1 0 29.6 56.0 2 -1 0
0 1 0 29.6 56.0 2 -1 0
0 1 0 29.6 55.5 2 -1 0
0 1 0 29.5 55.5 2 -1 0
0 1 0 29.6 55.5 2 -1 0
0 1 0 29.6 55.0 2 -1 0
0 1 0 29.6 55.5 2 -1 0
0 1 0 29.5 55.5 2 -1 0
0 1 0 29.6 55.0 2 -1 0
0 1 0 29.6 55.0 2 -1 0
0 1 0 29.6 55.0 2 -1 0
0 1 0 29.6 55.0 2 -1 0
0 1 0 29.6 55.0 2 -1 0
0 1 0 29.6 55.0 2 -1 0
0 1 0 29.6 55.0 2 -1 0
0 1 0 29.5 55.0 2 -1 0
0 1 0 29.6 55.0 2 -1 0
0 1 0 29.6 55.0 2 -1 0
0 1 0 29.6 55.0 2 -1 0
0 1 0 29.6 55.0 2 -1 0
0 1 0 29.6 55.0 2 -1 0
0 1 0 29.5 55.0 2 -1 0
0 1 0 29.5 55.0 2 -1 0
0 1 0 29.6 55.0 2 -1 0
0 1 0 29.6 55.0 2 -1 0
0 1 0 29.5 54.5 2 -1 0
0 1 0 29.6 54.5 2 -1 0
0 1 0 29.5 55.0 2 -1 0
0 1 0 29.5 55.0 2 -1 0
0 1 0 29.6 55.0 2 -1 0
0 1 0 29.6 55.0 2 -1 0
0 1 0 29.6 55.0 2 -1 0
0 1 0 29.6 55.0 2 -1 0
0 1 0 29.6 55.0 2 -1 0
0 1 0 29.6 55.0 2 -1 0
0 1 0 29.6 54.5 2 -1 0
0 1 0 29.6 54.5 2 -1 0
0 1 0 29.7 54.5 2 -1 0
0 1 0 29.7 54.5 2 -1 0
0 1 0 29.6 55.0 2 -1 0
0 1 0 29.6 54.5 2 -1 0
0 1 0 29.6 55.0 2 -1 0
0 1 0 29.6 55.0 2 -1 0
0 1 0 29.6 54.5 2 -1 0
0 1 0 29.6 54.5 2 -1 0
0 1 0 29.6 54.5 2 -1 0
0 1 0 29.6 54.5 2 -1 0
0 1 0 29.6 54.5 2 -1 0
0 1 0 29.6 54.5 2 -1 0
0 1 0 29.6 54.5 2 -1 0
0 1 0 29.7 54.5 2 -1 0
0 1 0 29.6 55.0 2 -1 0
0 1 0 29.7 54.5 2 -1 0
0 1 0 29.7 55.0 2 -1 0
0 1 0 29.7 55.0 2 -1 0
0 1 0 29.6 55.0 2 -1 0
0 1 0 29.7 55.0 2 -1 0
0 1 0 29.6 55.0 2 -1 0
0 1 0 29.7 55.5 2 -1 0
0 1 0 29.7 55.5 2 -1 0
0 1 0 29.7 55.5 2 -1 0
0 1 0 29.7 55.5 2 -1 0
0 1 0 29.7 55.0 2 -1 0
0 1 0 29.7 55.0 2 -1 0
0 1 0 29.7 55.0 2 -1 0
0 1 0 29.7 55.0 2 -1 0
0 1 0 29.7 55.5 2 -1 0
0 1 0 29.8 55.5 2 -1 0
0 1 0 29.7 55.5 2 -1 0
0 1 0 29.7 55.5 2 -1 0
0 1 0 29.7 55.5 2 -1 0
0 1 0 29.8 56.0 2 -1 0
0 1 0 29.8 56.0 2 -1 0
0 1 0 29.8 56.0 2 -1 0
0 1 0 29.7 56.0 2 -1 0
0 1 0 29.8 56.5 2 -1 0
0 1 0 29.7 57.0 2 -1 0
0 1 0 29.8 57.5 2 -1 0
0 1 0 29.9 57.5 2 -1 0
0 1 0 29.9 57.5 2 -1 0
0 1 0 29.8 58.0 2 -1 0
0 1 0 29.9 58.5 2 -1 0
0 1 0 29.8 58.5 2 -1 0
0 1 0 29.9 58.5 2 -1 0
0 1 0 29.8 58.5 2 -1 0
0 1 0 29.9 58.5 2 -1 0
0 1 0 29.9 58.5 2 -1 0
0 1 0 29.9 58.5 2 -1 0
0 1 0 29.8 58.0 2 -1 0
0 1 0 29.9 58.5 2 -1 0
0 1 0 29.9 58.5 2 -1 0
0 1 0 30.0 58.5 2 -1 0
0 1 0 29.9 58.5 2 -1 0
0 1 0 29.9 59.0 2 -1 0
0 1 0 30.0 59.0 2 -1 0
0 1 0 30.0 58.5 2 -1 0
0 1 0 30.0 58.5 2 -1 0
0 1 0 30.0 58.5 2 -1 0
0 1 0 30.0 58.5 2 -1 0
0 1 0 30.0 58.5 2 -1 0
0 1 0 30.0 58.5 2 -1 0
0 1 0 30.0 58.5 2 -1 0
0 1 0 30.1 58.5 2 -1 0
0 1 0 30.1 59.0 2 -1 0
0 1 0 30.0 59.5 2 -1 0
0 1 0 30.1 59.5 2 -1 0
0 1 0 30.1 60.0 2 -1 0
0 1 0 30.1 60.5 2 -1 0
0 1 0 30.1 60.0 2 -1 0
0 1 0 30.1 60.0 2 -1 0
0 1 0 30.1 60.5 2 -1 0
0 1 0 30.2 60.5 2 -1 0
0 1 0 30.1 60.5 2 -1 0
0 1 0 30.1 60.5 2 -1 0
0 1 0 30.1 60.5 2 -1 0
0 1 0 30.1 61.0 2 -1 0
0 1 0 30.1 61.5 2 -1 0
0 1 0 30.2 61.5 2 -1 0
0 1 0 30.1 61.5 2 -1 0
0 1 0 30.2 61.5 2 -1 0
0 1 0 30.1 61.5 2 -1 0
0 1 0 30.2 62.0 2 -1 0
0 1 0 30.2 62.0 2 -1 0
0 1 0 30.2 62.0 2 -1 0
0 1 0 30.2 62.0 2 -1 0
0 1 0 30.2 62.0 2 -1 0
0 1 0 30.2 62.0 2 -1 0
0 1 0 30.2 62.0 2 -1 0
0 1 0 30.2 62.0 2 -1 0
0 1 0 30.2 62.0 2 -1 0
0 1 0 30.2 62.0 2 -1 0
0 1 0 30.3 62.0 2 -1 0
0 1 0 30.3 62.5 2 -1 0
0 1 0 30.2 62.5 2 -1 0
0 1 0 30.3 63.0 2 -1 0
0 1 0 30.2 63.0 2 -1 0
0 1 0 30.3 63.0 2 -1 0
0 1 0 30.3 63.0 2 -1 0
0 1 0 30.3 62.5 2 -1 0
0 1 0 30.3 62.5 2 -1 0
0 1 0 30.3 62.5 2 -1 0
0 1 0 30.2 62.0 2 -1 0
0 1 0 30.3 62.0 2 -1 0
0 1 0 30.3 62.0 2 -1 0
0 1 0 30.2 61.5 2 -1 0
0 1 0 30.3 61.5 2 -1 0
0 1 0 30.3 61.5 2 -1 0
0 1 0 30.3 61.5 2 -1 0
0 1 0 30.3 61.5 2 -1 0
0 1 0 30.3 61.5 2 -1 0
0 1 0 30.4 61.5 2 -1 0
0 1 0 30.3 61.5 2 -1 0
0 1 0 30.3 61.5 2 -1 0
0 1 0 30.3 61.5 2 -1 0
0 1 0 30.3 62.0 2 -1 0
0 1 0 30.4 62.0 2 -1 0
0 1 0 30.3 62.0 2 -1 0
0 1 0 30.3 62.5 2 -1 0
0 1 0 30.3 62.5 2 -1 0
0 1 0 30.4 62.5 2 -1 0
0 1 0 30.3 62.5 2 -1 0
0 1 0 30.3 62.0 2 -1 0
0 1 0 30.4 62.0 2 -1 0
0 1 0 30.3 62.0 2 -1 0
0 1 0 30.3 62.0 2 -1 0
0 1 0 30.4 62.0 2 -1 0
0 1 0 30.4 62.0 2 -1 0
0 1 0 30.4 62.0 2 -1 0
0 1 0 30.4 61.5 2 -1 0
0 1 0 30.3 61.5 2 -1 0
0 1 0 30.4 61.5 2 -1 0
0 1 0 30.4 61.5 2 -1 0
0 1 0 30.3 61.5 2 -1 0
0 1 0 30.3 61.5 2 -1 0
0 1 0 30.4 61.5 2 -1 0
0 1 0 30.3 61.5 2 -1 0
