0 1 0 24.4 83.0 2 -1 0
0 1 0 24.5 83.0 2 -1 0
0 1 0 24.4 83.0 2 -1 0
0 1 0 24.5 83.0 2 -1 0
0 1 0 24.4 83.0 2 -1 0
0 1 0 24.4 83.0 2 -1 0
0 1 0 24.4 83.0 2 -1 0
0 1 0 24.5 83.0 2 -1 0
0 1 0 24.5 83.0 2 -1 0
0 1 0 24.5 83.0 2 -1 0
0 1 0 24.4 83.0 2 -1 0
0 1 0 24.5 83.0 2 -1 0
0 1 0 24.4 83.0 2 -1 0
0 1 0 24.5 83.0 2 -1 0
0 1 0 24.5 83.0 2 -1 0
0 1 0 24.4 83.0 2 -1 0
0 1 0 24.5 83.0 2 -1 0
0 1 0 24.5 83.0 2 -1 0
0 1 0 24.5 83.0 2 -1 0
0 1 0 24.5 83.0 2 -1 0
0 1 0 24.5 83.0 2 -1 0
0 1 0 24.5 83.0 2 -1 0
0 1 0 24.5 83.0 2 -1 0
0 1 0 24.5 83.0 2 -1 0
0 1 0 24.5 83.0 2 -1 0
0 1 0 24.5 83.0 2 -1 0
0 1 0 24.5 83.0 2 -1 0
0 1 0 24.5 83.0 2 -1 0
0 1 0 24.5 83.0 2 -1 0
0 1 0 24.5 83.0 2 -1 0
0 1 0 24.5 83.0 2 -1 0
0 1 0 24.5 83.0 2 -1 0
0 1 0 24.5 83.0 2 -1 0
0 1 0 24.5 83.0 2 -1 0
0 1 0 24.6 83.0 2 -1 0
0 1 0 24.6 83.0 2 -1 0
0 1 0 24.5 83.0 2 -1 0
0 1 0 24.5 83.0 2 -1 0
0 1 0 24.5 83.0 2 -1 0
0 1 0 24.6 83.0 2 -1 0
0 1 0 24.6 83.0 2 -1 0
0 1 0 24.6 83.0 2 -1 0
0 1 0 24.5 83.0 2 -1 0
0 1 0 24.5 83.0 2 -1 0
0 1 0 24.6 83.0 2 -1 0
0 1 0 24.5 83.0 2 -1 0
0 1 0 24.5 83.0 2 -1 0
0 1 0 24.5 83.0 2 -1 0
0 1 0 24.6 83.0 2 -1 0
0 1 0 24.6 83.0 2 -1 0
0 1 0 24.5 83.0 2 -1 0
0 1 0 24.6 83.0 2 -1 0
0 1 0 24.5 83.0 2 -1 0
0 1 0 24.6 83.0 2 -1 0
0 1 0 24.6 83.0 2 -1 0
0 1 0 24.6 83.0 2 -1 0
0 1 0 24.5 83.0 2 -1 0
0 1 0 24.6 83.0 2 -1 0
0 1 0 24.5 83.0 2 -1 0
0 1 0 24.6 83.0 2 -1 0
0 1 0 24.6 83.0 2 -1 0
0 1 0 24.6 83.0 2 -1 0
0 1 0 24.6 83.0 2 -1 0
0 1 0 24.5 83.0 2 -1 0
0 1 0 24.6 83.0 2 -1 0
0 1 0 24.6 83.0 2 -1 0
0 1 0 24.5 83.0 2 -1 0
0 1 0 24.6 83.0 2 -1 0
0 1 0 24.6 83.0 2 -1 0
0 1 0 24.6 83.0 2 -1 0
0 1 0 24.5 83.0 2 -1 0
0 1 0 24.6 83.0 2 -1 0
0 1 0 24.6 83.0 2 -1 0
0 1 0 24.6 83.0 2 -1 0
0 1 0 24.6 83.0 2 -1 0
0 1 0 24.6 83.0 2 -1 0
0 1 0 24.6 83.0 2 -1 0
0 1 0 24.6 83.0 2 -1 0
0 1 0 24.6 83.0 2 -1 0
0 1 0 24.6 83.0 2 -1 0
0 1 0 24.6 83.0 2 -1 0
0 1 0 24.6 83.0 2 -1 0
0 1 0 24.6 83.0 2 -1 0
0 1 0 24.6 83.0 2 -1 0
0 1 0 24.6 83.0 2 -1 0
0 1 0 24.6 83.0 2 -1 0
0 1 0 24.6 83.0 2 -1 0
0 1 0 24.6 83.0 2 -1 0
0 1 0 24.6 83.0 2 -1 0
0 1 0 24.6 83.0 2 -1 0
0 1 0 24.7 83.0 2 -1 0
0 1 0 24.6 83.0 2 -1 0
0 1 0 24.6 83.0 2 -1 0
0 1 0 24.7 83.0 2 -1 0
0 1 0 24.6 83.0 2 -1 0
0 1 0 24.6 83.0 2 -1 0
0 1 0 24.6 83.0 2 -1 0
0 1 0 24.6 83.0 2 -1 0
0 1 0 24.6 83.0 2 -1 0
0 1 0 24.7 83.0 2 -1 0
0 1 0 24.6 83.0 2 -1 0
0 1 0 24.6 83.0 2 -1 0
0 1 0 24.6 83.0 2 -1 0
0 1 0 24.6 83.0 2 -1 0
0 1 0 24.6 83.0 2 -1 0
0 1 0 24.6 83.0 2 -1 0
0 1 0 24.6 82.5 2 -1 0
0 1 0 24.6 83.0 2 -1 0
0 1 0 24.6 82.5 2 -1 0
0 1 0 24.6 83.0 2 -1 0
0 1 0 24.7 83.0 2 -1 0
0 1 0 24.6 83.0 2 -1 0
0 1 0 24.7 83.0 2 -1 0
0 1 0 24.7 82.5 2 -1 0
0 1 0 24.6 83.0 2 -1 0
0 1 0 24.6 82.5 2 -1 0
0 1 0 24.7 83.0 2 -1 0
0 1 0 24.7 82.5 2 -1 0
0 1 0 24.6 83.0 2 -1 0
0 1 0 24.6 83.0 2 -1 0
0 1 0 24.6 82.5 2 -1 0
0 1 0 24.7 83.0 2 -1 0
0 1 0 24.6 82.5 2 -1 0
0 1 0 24.7 82.5 2 -1 0
0 1 0 24.6 82.5 2 -1 0
0 1 0 24.7 82.5 2 -1 0
0 1 0 24.7 82.5 2 -1 0
0 1 0 24.6 82.5 2 -1 0
0 1 0 24.6 82.5 2 -1 0
0 1 0 24.6 82.5 2 -1 0
0 1 0 24.6 82.5 2 -1 0
0 1 0 24.6 82.5 2 -1 0
0 1 0 24.7 82.5 2 -1 0
0 1 0 24.6 82.5 2 -1 0
0 1 0 24.7 82.5 2 -1 0
0 1 0 24.6 82.5 2 -1 0
0 1 0 24.6 82.5 2 -1 0
0 1 0 24.6 82.5 2 -1 0
0 1 0 24.7 82.5 2 -1 0
0 1 0 24.7 82.5 2 -1 0
0 1 0 24.6 82.5 2 -1 0
0 1 0 24.7 82.5 2 -1 0
0 1 0 24.6 82.5 2 -1 0
0 1 0 24.7 82.5 2 -1 0
0 1 0 24.7 82.5 2 -1 0
0 1 0 24.7 82.5 2 -1 0
0 1 0 24.6 82.5 2 -1 0
0 1 0 24.7 82.5 2 -1 0
0 1 0 24.6 82.5 2 -1 0
0 1 0 24.7 82.5 2 -1 0
0 1 0 24.7 82.5 2 -1 0
0 1 0 24.7 82.5 2 -1 0
0 1 0 24.6 82.5 2 -1 0
0 1 0 24.7 82.5 2 -1 0
0 1 0 24.7 82.5 2 -1 0
0 1 0 24.7 82.5 2 -1 0
0 1 0 24.7 82.5 2 -1 0
0 1 0 24.7 82.5 2 -1 0
0 1 0 24.7 82.5 2 -1 0
0 1 0 24.6 82.5 2 -1 0
0 1 0 24.7 82.5 2 -1 0
0 1 0 24.7 82.5 2 -1 0
0 1 0 24.7 82.5 2 -1 0
0 1 0 24.7 82.5 2 -1 0
0 1 0 24.6 82.5 2 -1 0
0 1 0 24.7 82.5 2 -1 0
0 1 0 24.6 82.5 2 -1 0
0 1 0 24.7 82.5 2 -1 0
0 1 0 24.7 82.5 2 -1 0
0 1 0 24.7 82.5 2 -1 0
0 1 0 24.6 82.5 2 -1 0
0 1 0 24.6 82.5 2 -1 0
0 1 0 24.7 82.5 2 -1 0
0 1 0 24.7 82.5 2 -1 0
0 1 0 24.7 82.5 2 -1 0
0 1 0 24.7 82.5 2 -1 0
0 1 0 24.6 82.5 2 -1 0
0 1 0 24.6 82.5 2 -1 0
0 1 0 24.6 82.5 2 -1 0
0 1 0 24.6 82.5 2 -1 0
0 1 0 24.6 82.5 2 -1 0
0 1 0 24.7 82.5 2 -1 0
0 1 0 24.7 82.5 2 -1 0
0 1 0 24.6 82.5 2 -1 0
0 1 0 24.7 82.5 2 -1 0
0 1 0 24.6 82.5 2 -1 0
0 1 0 24.6 82.5 2 -1 0
0 1 0 24.6 82.5 2 -1 0
0 1 0 24.7 82.5 2 -1 0
0 1 0 24.6 82.5 2 -1 0
0 1 0 24.6 82.5 2 -1 0
0 1 0 24.7 82.5 2 -1 0
0 1 0 24.6 82.5 2 -1 0
0 1 0 24.7 82.5 2 -1 0
0 1 0 24.7 82.5 2 -1 0
0 1 0 24.7 82.5 2 -1 0
0 1 0 24.6 82.5 2 -1 0
0 1 0 24.7 82.5 2 -1 0
0 1 0 24.6 82.5 2 -1 0
0 1 0 24.7 82.5 2 -1 0
0 1 0 24.7 82.5 2 -1 0
0 1 0 24.6 82.5 2 -1 0
0 1 0 24.6 82.5 2 -1 0
0 1 0 24.7 82.5 2 -1 0
0 1 0 24.7 82.5 2 -1 0
0 1 0 24.7 82.5 2 -1 0
0 1 0 24.7 82.5 2 -1 0
0 1 0 24.7 82.5 2 -1 0
0 1 0 24.6 82.5 2 -1 0
0 1 0 24.7 82.5 2 -1 0
0 1 0 24.7 82.5 2 -1 0
0 1 0 24.7 82.5 2 -1 0
0 1 0 24.7 82.5 2 -1 0
0 1 0 24.7 82.5 2 -1 0
0 1 0 24.6 82.5 2 -1 0
0 1 0 24.7 82.5 2 -1 0
0 1 0 24.7 82.5 2 -1 0
0 1 0 24.6 82.5 2 -1 0
0 1 0 24.6 82.5 2 -1 0
0 1 0 24.7 82.5 2 -1 0
0 1 0 24.7 82.5 2 -1 0
0 1 0 24.7 82.5 2 -1 0
0 1 0 24.7 82.5 2 -1 0
0 1 0 24.7 82.5 2 -1 0
0 1 0 24.6 82.5 2 -1 0
0 1 0 24.6 82.5 2 -1 0
0 1 0 24.6 82.5 2 -1 0
0 1 0 24.7 82.5 2 -1 0
0 1 0 24.7 82.5 2 -1 0
0 1 0 24.6 82.5 2 -1 0
0 1 0 24.7 82.5 2 -1 0
0 1 0 24.7 82.5 2 -1 0
0 1 0 24.7 82.5 2 -1 0
0 1 0 24.7 82.5 2 -1 0
0 1 0 24.7 82.5 2 -1 0
0 1 0 24.6 82.5 2 -1 0
0 1 0 24.6 82.5 2 -1 0
0 1 0 24.7 82.5 2 -1 0
0 1 0 24.7 82.5 2 -1 0
0 1 0 24.7 82.5 2 -1 0
0 1 0 24.7 82.5 2 -1 0
0 1 0 24.7 82.5 2 -1 0
0 1 0 24.7 82.5 2 -1 0
0 1 0 24.6 82.5 2 -1 0
0 1 0 24.6 82.5 2 -1 0
0 1 0 24.7 82.5 2 -1 0
0 1 0 24.7 82.5 2 -1 0
0 1 0 24.7 82.5 2 -1 0
0 1 0 24.7 82.5 2 -1 0
0 1 0 24.6 82.5 2 -1 0
0 1 0 24.6 82.5 2 -1 0
0 1 0 24.7 82.5 2 -1 0
0 1 0 24.7 82.5 2 -1 0
0 1 0 24.7 82.5 2 -1 0
0 1 0 24.7 82.5 2 -1 0
0 1 0 24.7 82.5 2 -1 0
0 1 0 24.6 82.5 2 -1 0
0 1 0 24.7 82.5 2 -1 0
0 1 0 24.7 82.5 2 -1 0
0 1 0 24.7 82.5 2 -1 0
0 1 0 24.8 82.5 2 -1 0
0 1 0 24.7 82.5 2 -1 0
0 1 0 24.6 82.5 2 -1 0
0 1 0 24.6 82.5 2 -1 0
0 1 0 24.6 82.5 2 -1 0
0 1 0 24.7 82.5 2 -1 0
0 1 0 24.7 82.5 2 -1 0
0 1 0 24.7 82.5 2 -1 0
0 1 0 24.7 82.5 2 -1 0
0 1 0 24.7 82.5 2 -1 0
0 1 0 24.7 82.5 2 -1 0
0 1 0 24.7 82.5 2 -1 0
0 1 0 24.7 82.5 2 -1 0
0 1 0 24.7 82.5 2 -1 0
0 1 0 24.7 82.5 2 -1 0
0 1 0 24.7 82.5 2 -1 0
0 1 0 24.6 82.5 2 -1 0
0 1 0 24.7 82.5 2 -1 0
0 1 0 24.7 82.5 2 -1 0
0 1 0 24.7 82.0 2 -1 0
0 1 0 24.7 82.5 2 -1 0
0 1 0 24.7 82.5 2 -1 0
0 1 0 24.7 82.5 2 -1 0
0 1 0 24.7 82.0 2 -1 0
0 1 0 24.7 82.5 2 -1 0
0 1 0 24.7 82.0 2 -1 0
0 1 0 24.7 82.0 2 -1 0
0 1 0 24.7 82.0 2 -1 0
0 1 0 24.6 82.0 2 -1 0
0 1 0 24.7 82.0 2 -1 0
0 1 0 24.7 82.0 2 -1 0
0 1 0 24.7 82.0 2 -1 0
0 1 0 24.7 82.0 2 -1 0
0 1 0 24.7 82.5 2 -1 0
0 1 0 24.7 82.0 2 -1 0
0 1 0 24.7 82.0 2 -1 0
0 1 0 24.6 82.0 2 -1 0
0 1 0 24.7 82.0 2 -1 0
0 1 0 24.7 82.0 2 -1 0
0 1 0 24.7 82.0 2 -1 0
0 1 0 24.7 82.0 2 -1 0
0 1 0 24.7 82.5 2 -1 0
0 1 0 24.7 82.5 2 -1 0
0 1 0 24.6 82.0 2 -1 0
0 1 0 24.7 82.5 2 -1 0
0 1 0 24.7 82.5 2 -1 0
0 1 0 24.6 82.0 2 -1 0
0 1 0 24.6 82.0 2 -1 0
0 1 0 24.7 82.0 1 -1 0
0 1 0 24.7 82.0 1 -1 0
0 1 0 24.7 82.0 1 -1 0
0 1 0 24.7 82.5 1 -1 0
0 1 0 24.7 82.5 1 -1 0
0 1 0 24.7 82.0 1 -1 0
0 1 0 24.7 82.0 1 -1 0
0 1 0 24.6 82.0 1 -1 0
0 1 0 24.7 82.5 1 -1 0
0 1 0 24.7 82.5 1 -1 0
0 1 0 24.7 82.0 1 -1 0
0 1 0 24.7 82.5 1 -1 0
0 1 0 24.6 82.0 0 -1 0
0 1 0 24.7 82.0 0 -1 0
0 1 0 24.6 82.0 0 -1 0
0 1 0 24.7 82.0 0 -1 0
0 1 0 24.6 82.5 0 -1 0
0 1 0 24.7 82.5 0 -1 0
0 1 0 24.6 82.5 2 -1 0
0 1 0 24.7 82.5 0 -1 0
0 1 0 24.7 82.0 2 -1 0
0 1 0 24.7 82.0 2 -1 0
0 1 0 24.6 82.0 2 -1 0
0 1 0 24.7 82.5 2 -1 0
0 1 0 24.7 82.0 3 -1 0
0 1 0 24.6 82.0 1 -1 0
0 1 0 24.6 82.5 1 -1 0
0 1 0 24.6 82.0 1 -1 0
0 1 0 24.6 82.5 1 -1 0
0 1 0 24.7 82.5 2 -1 0
0 1 0 24.6 82.0 2 -1 0
0 1 0 24.6 82.5 2 -1 0
0 1 0 24.6 82.5 4 -1 0
0 1 0 24.6 82.5 1 -1 0
0 1 0 24.7 82.5 2 -1 0
0 1 0 24.6 82.5 2 -1 0
0 1 0 24.7 82.5 4 -1 0
0 1 0 24.7 82.0 4 -1 0
0 1 0 24.7 82.0 3 -1 0
0 1 0 24.7 82.0 5 -1 0
0 1 0 24.7 82.0 5 -1 0
0 1 0 24.7 82.0 7 -1 0
0 1 0 24.7 82.0 7 -1 0
0 1 0 24.6 82.0 5 -1 0
0 1 0 24.7 82.0 5 -1 0
0 1 0 24.7 82.0 7 -1 0
0 1 0 24.6 82.0 9 -1 0
0 1 0 24.7 82.0 5 -1 0
0 1 0 24.6 82.0 7 -1 0
0 1 0 24.7 82.0 7 -1 0
0 1 0 24.6 82.0 7 -1 0
0 1 0 24.6 82.0 11 -1 0
0 1 0 24.7 82.0 7 -1 0
0 1 0 24.7 82.0 7 -1 0
0 1 0 24.7 82.0 7 -1 0
0 1 0 24.7 82.0 7 -1 0
0 1 0 24.6 82.0 7 -1 0
0 1 0 24.6 82.0 9 -1 0
0 1 0 24.7 82.0 9 -1 0
0 1 0 24.6 82.0 9 -1 0
0 1 0 24.6 82.0 9 -1 0
0 1 0 24.7 82.0 9 -1 0
0 1 0 24.6 82.0 11 -1 0
0 1 0 24.6 82.0 10 -1 0
0 1 0 24.7 82.0 12 -1 0
0 1 0 24.6 82.0 12 -1 0
0 1 0 24.6 82.0 12 -1 0
0 1 0 24.7 82.0 16 -1 0
0 1 0 24.6 82.0 17 -1 0
0 1 0 24.6 82.0 17 -1 0
0 1 0 24.7 82.0 17 -1 0
0 1 0 24.6 82.0 21 -1 0
0 1 0 24.7 82.0 21 -1 0
0 1 0 24.7 82.0 24 -1 0
0 1 0 24.7 82.0 24 -1 0
0 1 0 24.6 82.0 24 -1 0
0 1 0 24.6 82.0 21 -1 0
0 1 0 24.7 82.0 19 -1 0
0 1 0 24.6 82.0 21 -1 0
0 1 0 24.7 82.0 24 -1 0
0 1 0 24.7 82.0 24 -1 0
0 1 0 24.7 82.0 24 -1 0
0 1 0 24.7 82.0 26 -1 0
0 1 0 24.7 82.0 24 -1 0
0 1 0 24.6 82.0 24 -1 0
0 1 0 24.7 82.0 23 -1 0
0 1 0 24.7 82.0 23 -1 0
0 1 0 24.7 82.0 21 -1 0
0 1 0 24.7 82.0 26 -1 0
0 1 0 24.7 82.0 24 -1 0
0 1 0 24.7 82.0 24 -1 0
0 1 0 24.7 82.0 26 -1 0
0 1 0 24.7 82.0 31 -1 0
0 1 0 24.7 82.0 28 -1 0
0 1 0 24.7 82.0 26 -1 0
0 1 0 24.7 82.0 26 -1 0
0 1 0 24.7 82.0 24 -1 0
0 1 0 24.7 82.0 24 -1 0
0 1 0 24.7 82.0 23 -1 0
0 1 0 24.7 82.0 21 -1 0
0 1 0 24.7 82.5 19 -1 0
0 1 0 24.7 82.0 19 -1 0
0 1 0 24.7 82.0 19 -1 0
0 1 0 24.7 82.0 21 -1 0
0 1 0 24.7 82.0 21 -1 0
0 1 0 24.7 82.0 26 -1 0
0 1 0 24.7 82.5 26 -1 0
0 1 0 24.7 82.5 28 -1 0
0 1 0 24.7 82.0 28 -1 0
0 1 0 24.7 82.5 29 -1 0
0 1 0 24.7 82.5 31 -1 0
0 1 0 24.7 82.5 35 -1 0
0 1 0 24.7 82.5 40 -1 0
0 1 0 24.7 82.5 40 -1 0
0 1 0 24.7 82.5 44 -1 0
0 1 0 24.7 82.5 47 -1 0
0 1 0 24.7 82.5 45 -1 0
0 1 0 24.7 82.5 44 -1 0
0 1 0 24.7 82.5 38 -1 0
0 1 0 24.7 82.5 40 -1 0
0 1 0 24.7 82.5 44 -1 0
0 1 0 24.7 82.5 45 -1 0
0 1 0 24.7 82.5 48 -1 0
0 1 0 24.7 82.5 53 -1 0
0 1 0 24.7 82.5 59 -1 0
0 1 0 24.7 82.5 62 -1 0
0 1 0 24.7 82.5 74 -1 0
0 1 0 24.7 82.5 84 -1 0
0 1 0 24.7 82.5 104 -1 0
0 1 0 24.6 82.5 111 -1 0
0 1 0 24.8 82.5 102 -1 0
0 1 0 24.8 82.5 93 -1 0
0 1 0 24.7 82.5 95 -1 0
0 1 0 24.7 82.5 95 -1 0
0 1 0 24.8 82.5 74 -1 0
0 1 0 24.8 82.5 67 -1 0
0 1 0 24.7 82.5 65 -1 0
0 1 0 24.7 82.5 69 -1 0
0 1 0 24.8 82.5 72 -1 0
0 1 0 24.8 82.5 76 -1 0
0 1 0 24.8 82.5 76 -1 0
0 1 0 24.8 82.5 74 -1 0
0 1 0 24.8 82.5 67 -1 0
0 1 0 24.8 82.5 64 -1 0
0 1 0 24.7 82.5 59 -1 0
0 1 0 24.8 82.5 62 -1 0
0 1 0 24.8 82.5 67 -1 0
0 1 0 24.7 82.5 74 -1 0
0 1 0 24.8 82.5 76 -1 0
0 1 0 24.8 82.5 78 -1 0
0 1 0 24.9 82.5 93 -1 0
0 1 0 24.8 82.5 100 -1 0
0 1 0 24.8 82.5 98 -1 0
0 1 0 24.8 82.5 119 -1 0
0 1 0 24.8 82.5 121 -1 0
0 1 0 24.8 82.5 167 -1 0
0 1 0 24.8 82.0 188 -1 0
0 1 0 24.9 82.0 173 -1 0
0 1 0 24.9 82.0 157 -1 0
0 1 0 24.9 82.0 161 -1 0
0 1 0 24.9 82.0 152 -1 0
0 1 0 25.0 82.0 147 -1 0
0 1 0 24.9 82.0 150 -1 0
0 1 0 24.9 82.0 153 -1 0
0 1 0 25.0 82.0 150 -1 0
0 1 0 24.9 82.0 141 -1 0
0 1 0 25.0 82.0 140 -1 0
0 1 0 25.0 82.0 150 -1 0
0 1 0 25.0 82.0 188 -1 0
0 1 0 25.0 82.0 184 -1 0
0 1 0 25.0 82.0 171 -1 0
0 1 0 25.0 82.0 154 -1 0
0 1 0 25.0 82.0 148 -1 0
0 1 0 25.1 82.0 138 -1 0
0 1 0 25.0 82.0 131 -1 0
0 1 0 25.1 82.0 128 -1 0
0 1 0 25.1 82.0 118 -1 0
0 1 0 25.0 82.0 116 -1 0
0 1 0 25.1 82.0 114 -1 0
0 1 0 25.1 82.0 118 -1 0
0 1 0 25.1 82.0 119 -1 0
0 1 0 25.1 82.0 135 -1 0
0 1 0 25.1 82.0 126 -1 0
0 1 0 25.0 82.0 117 -1 0
0 1 0 25.1 82.0 114 -1 0
0 1 0 25.1 82.0 116 -1 0
0 1 0 25.1 82.0 128 -1 0
0 1 0 25.2 82.0 153 -1 0
0 1 0 25.1 82.0 136 -1 0
0 1 0 25.1 82.0 131 -1 0
0 1 0 25.1 82.0 133 -1 0
0 1 0 25.2 82.0 179 -1 0
0 1 0 25.2 82.0 172 -1 0
0 1 0 25.2 82.0 218 -1 0
0 1 0 25.2 82.0 213 -1 0
0 1 0 25.3 82.0 233 -1 0
0 1 0 25.3 82.0 248 -1 0
0 1 0 25.2 82.0 189 -1 0
0 1 0 25.2 81.5 170 -1 0
0 1 0 25.3 81.5 162 -1 0
0 1 0 25.3 81.5 145 -1 0
0 1 0 25.2 81.5 140 -1 0
0 1 0 25.3 81.5 131 -1 0
0 1 0 25.2 81.5 128 -1 0
0 1 0 25.3 81.5 119 -1 0
0 1 0 25.3 81.5 112 -1 0
0 1 0 25.3 81.5 104 -1 0
0 1 0 25.3 81.5 95 -1 0
0 1 0 25.3 81.5 92 -1 0
0 1 0 25.3 81.5 88 -1 0
0 1 0 25.2 81.5 86 -1 0
0 1 0 25.3 81.5 85 -1 0
0 1 0 25.3 81.5 83 -1 0
0 1 0 25.2 81.5 79 -1 0
0 1 0 25.3 81.5 78 -1 0
0 1 0 25.2 81.5 74 -1 0
0 1 0 25.3 81.5 76 -1 0
0 1 0 25.3 81.5 78 -1 0
0 1 0 25.3 81.5 79 -1 0
0 1 0 25.3 81.5 81 -1 0
0 1 0 25.3 81.5 83 -1 0
0 1 0 25.3 81.5 81 -1 0
0 1 0 25.3 81.5 86 -1 0
0 1 0 25.3 81.5 86 -1 0
0 1 0 25.2 81.5 88 -1 0
0 1 0 25.4 81.5 88 -1 0
0 1 0 25.3 81.5 86 -1 0
0 1 0 25.3 81.5 84 -1 0
0 1 0 25.3 81.5 84 -1 0
0 1 0 25.3 81.5 83 -1 0
0 1 0 25.4 81.5 81 -1 0
0 1 0 25.3 81.5 77 -1 0
0 1 0 25.3 81.5 76 -1 0
0 1 0 25.3 81.5 74 -1 0
0 1 0 25.3 81.5 72 -1 0
0 1 0 25.3 81.5 72 -1 0
0 1 0 25.3 81.5 74 -1 0
0 1 0 25.3 81.5 72 -1 0
0 1 0 25.3 81.5 74 -1 0
0 1 0 25.4 81.5 72 -1 0
0 1 0 25.3 81.5 72 -1 0
0 1 0 25.3 81.5 72 -1 0
0 1 0 25.3 81.5 74 -1 0
0 1 0 25.3 81.5 77 -1 0
0 1 0 25.3 81.5 82 -1 0
0 1 0 25.3 81.5 94 -1 0
0 1 0 25.3 81.5 99 -1 0
0 1 0 25.2 81.5 96 -1 0
0 1 0 25.3 81.5 89 -1 0
0 1 0 25.3 81.5 84 -1 0
0 1 0 25.3 81.5 79 -1 0
0 1 0 25.4 81.5 81 -1 0
0 1 0 25.3 81.5 77 -1 0
0 1 0 25.3 81.5 79 -1 0
0 1 0 25.3 81.5 81 -1 0
0 1 0 25.3 81.5 75 -1 0
0 1 0 25.3 81.5 75 -1 0
0 1 0 25.3 81.5 76 -1 0
0 1 0 25.3 81.5 74 -1 0
0 1 0 25.3 81.5 76 -1 0
0 1 0 25.4 81.5 75 -1 0
0 1 0 25.3 81.5 75 -1 0
0 1 0 25.3 81.5 79 -1 0
0 1 0 25.4 81.5 77 -1 0
0 1 0 25.3 81.5 79 -1 0
0 1 0 25.3 81.5 77 -1 0
0 1 0 25.4 81.5 77 -1 0
0 1 0 25.3 81.5 81 -1 0
0 1 0 25.3 81.5 82 -1 0
0 1 0 25.3 81.5 81 -1 0
0 1 0 25.3 81.5 84 -1 0
0 1 0 25.3 81.5 84 -1 0
0 1 0 25.3 81.5 86 -1 0
0 1 0 25.3 81.5 84 -1 0
0 1 0 25.3 81.5 84 -1 0
0 1 0 25.3 81.5 91 -1 0
0 1 0 25.3 81.5 89 -1 0
0 1 0 25.2 81.0 86 -1 0
0 1 0 25.3 81.0 84 -1 0
0 1 0 25.2 81.0 79 -1 0
0 1 0 25.2 81.0 81 -1 0
0 1 0 25.2 81.0 77 -1 0
0 1 0 25.2 81.0 76 -1 0
0 1 0 25.2 81.0 72 -1 0
0 1 0 25.2 81.0 72 -1 0
0 1 0 25.1 81.0 68 -1 0
0 1 0 25.1 81.0 70 -1 0
0 1 0 25.1 81.0 69 -1 0
0 1 0 25.0 81.0 67 -1 0
0 1 0 25.0 80.5 69 -1 0
0 1 0 25.0 80.5 70 -1 0
0 1 0 25.0 80.5 72 -1 0
0 1 0 25.0 80.5 72 -1 0
0 1 0 25.0 80.5 72 -1 0
0 1 0 24.9 80.5 75 -1 0
0 1 0 24.9 80.5 77 -1 0
0 1 0 24.9 80.0 79 -1 0
0 1 0 24.9 80.0 81 -1 0
0 1 0 24.9 80.0 82 -1 0
0 1 0 24.9 80.0 86 -1 0
0 1 0 24.9 80.0 86 -1 0
0 1 0 24.9 80.0 86 -1 0
0 1 0 24.8 80.0 86 -1 0
0 1 0 24.8 79.5 86 -1 0
0 1 0 24.9 79.5 82 -1 0
0 1 0 24.8 79.5 82 -1 0
0 1 0 24.8 79.5 84 -1 0
0 1 0 24.8 79.5 84 -1 0
0 1 0 24.8 79.5 82 -1 0
0 1 0 24.7 79.5 84 -1 0
0 1 0 24.8 79.5 79 -1 0
0 1 0 24.8 79.5 79 -1 0
0 1 0 24.7 79.5 79 -1 0
0 1 0 24.7 79.5 77 -1 0
0 1 0 24.7 79.5 72 -1 0
0 1 0 24.8 79.5 70 -1 0
0 1 0 24.8 79.5 68 -1 0
0 1 0 24.7 79.5 67 -1 0
0 1 0 24.7 79.5 65 -1 0
0 1 0 24.8 79.5 63 -1 0
0 1 0 24.7 80.0 61 -1 0
0 1 0 24.7 80.0 63 -1 0
0 1 0 24.7 80.0 67 -1 0
0 1 0 24.7 80.0 70 -1 0
0 1 0 24.7 80.0 70 -1 0
0 1 0 24.6 80.0 79 -1 0
0 1 0 24.6 80.0 82 -1 0
0 1 0 24.7 80.0 86 -1 0
0 1 0 24.7 80.0 91 -1 0
0 1 0 24.7 80.0 93 -1 0
0 1 0 24.7 80.0 92 -1 0
0 1 0 24.7 80.0 96 -1 0
0 1 0 24.7 80.0 96 -1 0
0 1 0 24.7 80.0 94 -1 0
0 1 0 24.7 80.0 89 -1 0
0 1 0 24.7 80.0 89 -1 0
0 1 0 24.8 80.0 89 -1 0
0 1 0 24.7 80.0 85 -1 0
0 1 0 24.7 80.0 84 -1 0
0 1 0 24.7 80.0 84 -1 0
0 1 0 24.6 80.0 84 -1 0
0 1 0 24.7 80.0 84 -1 0
0 1 0 24.7 80.0 82 -1 0
0 1 0 24.6 79.5 84 -1 0
0 1 0 24.7 80.0 86 -1 0
0 1 0 24.7 79.5 82 -1 0
0 1 0 24.7 79.5 86 -1 0
0 1 0 24.7 79.5 86 -1 0
0 1 0 24.7 79.5 84 -1 0
0 1 0 24.7 80.0 86 -1 0
0 1 0 24.7 80.0 91 -1 0
0 1 0 24.7 80.0 92 -1 0
0 1 0 24.7 80.0 94 -1 0
0 1 0 24.8 79.5 92 -1 0
0 1 0 24.7 79.5 91 -1 0
0 1 0 24.7 80.0 89 -1 0
0 1 0 24.7 79.5 89 -1 0
0 1 0 24.7 79.5 91 -1 0
0 1 0 24.7 79.5 91 -1 0
0 1 0 24.7 79.5 89 -1 0
0 1 0 24.7 79.5 85 -1 0
0 1 0 24.6 79.5 86 -1 0
0 1 0 24.7 80.0 84 -1 0
0 1 0 24.7 79.5 86 -1 0
0 1 0 24.7 80.0 84 -1 0
0 1 0 24.8 79.5 79 -1 0
0 1 0 24.7 80.0 77 -1 0
0 1 0 24.8 80.0 81 -1 0
0 1 0 24.8 80.0 81 -1 0
0 1 0 24.8 80.0 81 -1 0
0 1 0 24.8 80.0 77 -1 0
0 1 0 24.9 80.5 79 -1 0
0 1 0 24.8 80.5 79 -1 0
0 1 0 24.8 80.5 78 -1 0
0 1 0 24.9 80.5 82 -1 0
0 1 0 24.8 80.5 84 -1 0
0 1 0 24.8 80.5 84 -1 0
0 1 0 24.9 80.5 85 -1 0
0 1 0 24.8 80.5 87 -1 0
0 1 0 25.0 81.0 90 -1 0
0 1 0 25.0 80.5 92 -1 0
0 1 0 25.0 80.5 94 -1 0
0 1 0 25.0 81.0 92 -1 0
0 1 0 25.0 80.5 92 -1 0
0 1 0 25.0 81.0 94 -1 0
0 1 0 25.0 81.0 94 -1 0
0 1 0 25.1 81.0 94 -1 0
0 1 0 25.0 81.0 92 -1 0
0 1 0 25.0 81.0 92 -1 0
0 1 0 25.1 81.0 99 -1 0
0 1 0 25.1 81.0 99 -1 0
0 1 0 25.1 81.0 104 -1 0
0 1 0 25.1 81.0 105 -1 0
0 1 0 25.1 81.0 112 -1 0
0 1 0 25.2 81.0 111 -1 0
0 1 0 25.1 81.0 111 -1 0
0 1 0 25.2 81.0 116 -1 0
0 1 0 25.2 81.0 115 -1 0
0 1 0 25.2 81.0 113 -1 0
0 1 0 25.2 81.0 113 -1 0
0 1 0 25.3 81.0 113 -1 0
0 1 0 25.3 81.0 109 -1 0
0 1 0 25.2 81.0 110 -1 0
0 1 0 25.3 81.0 108 -1 0
0 1 0 25.3 81.0 106 -1 0
0 1 0 25.3 81.0 103 -1 0
0 1 0 25.3 81.0 103 -1 0
0 1 0 25.4 81.0 99 -1 0
0 1 0 25.4 81.0 99 -1 0
0 1 0 25.4 81.0 99 -1 0
0 1 0 25.4 81.0 97 -1 0
0 1 0 25.5 81.0 99 -1 0
0 1 0 25.4 81.0 97 -1 0
0 1 0 25.5 81.0 97 -1 0
0 1 0 25.4 81.0 97 -1 0
0 1 0 25.4 81.0 97 -1 0
0 1 0 25.4 81.0 97 -1 0
0 1 0 25.4 81.0 97 -1 0
0 1 0 25.5 81.0 98 -1 0
0 1 0 25.5 81.0 102 -1 0
0 1 0 25.4 81.0 105 -1 0
0 1 0 25.4 81.0 107 -1 0
0 1 0 25.5 81.0 109 -1 0
0 1 0 25.5 81.0 107 -1 0
0 1 0 25.4 80.5 109 -1 0
0 1 0 25.4 80.5 109 -1 0
0 1 0 25.5 80.5 111 -1 0
0 1 0 25.5 80.5 115 -1 0
0 1 0 25.4 80.5 112 -1 0
0 1 0 25.5 80.5 114 -1 0
0 1 0 25.5 80.5 118 -1 0
0 1 0 25.5 80.5 120 -1 0
0 1 0 25.5 80.5 122 -1 0
0 1 0 25.6 80.5 122 -1 0
0 1 0 25.6 80.5 119 -1 0
0 1 0 25.6 80.5 117 -1 0
0 1 0 25.6 80.5 114 -1 0
0 1 0 25.6 80.5 114 -1 0
0 1 0 25.6 80.5 118 -1 0
0 1 0 25.6 80.5 114 -1 0
0 1 0 25.6 80.5 114 -1 0
0 1 0 25.6 80.5 112 -1 0
0 1 0 25.6 80.5 116 -1 0
0 1 0 25.6 80.0 111 -1 0
0 1 0 25.6 80.0 111 -1 0
0 1 0 25.6 80.0 112 -1 0
0 1 0 25.6 80.0 110 -1 0
0 1 0 25.6 80.0 112 -1 0
0 1 0 25.6 80.0 116 -1 0
0 1 0 25.7 80.0 117 -1 0
0 1 0 25.7 80.0 115 -1 0
0 1 0 25.6 80.0 115 -1 0
0 1 0 25.7 80.0 113 -1 0
0 1 0 25.6 80.0 117 -1 0
0 1 0 25.6 80.0 113 -1 0
0 1 0 25.6 80.0 112 -1 0
0 1 0 25.6 80.0 110 -1 0
0 1 0 25.6 80.0 109 -1 0
0 1 0 25.7 80.0 108 -1 0
0 1 0 25.6 80.0 115 -1 0
0 1 0 25.6 80.0 113 -1 0
0 1 0 25.6 80.0 110 -1 0
0 1 0 25.6 80.0 109 -1 0
0 1 0 25.6 80.0 109 -1 0
0 1 0 25.5 80.0 107 -1 0
0 1 0 25.5 79.5 107 -1 0
0 1 0 25.6 80.0 109 -1 0
0 1 0 25.5 80.0 104 -1 0
0 1 0 25.6 80.0 102 -1 0
0 1 0 25.6 80.0 104 -1 0
0 1 0 25.6 80.0 98 -1 0
0 1 0 25.6 80.0 99 -1 0
0 1 0 25.6 80.0 97 -1 0
0 1 0 25.6 80.0 99 -1 0
0 1 0 25.6 80.0 99 -1 0
0 1 0 25.6 80.0 99 -1 0
0 1 0 25.6 80.0 99 -1 0
0 1 0 25.6 80.0 97 -1 0
0 1 0 25.7 80.0 101 -1 0
0 1 0 25.6 80.0 102 -1 0
0 1 0 25.7 80.0 104 -1 0
0 1 0 25.7 80.0 104 -1 0
0 1 0 25.7 80.0 106 -1 0
0 1 0 25.7 80.0 102 -1 0
0 1 0 25.7 80.0 104 -1 0
0 1 0 25.7 80.0 102 -1 0
0 1 0 25.7 80.0 101 -1 0
0 1 0 25.8 80.0 101 -1 0
0 1 0 25.7 80.0 102 -1 0
0 1 0 25.8 80.0 104 -1 0
0 1 0 25.8 80.0 106 -1 0
0 1 0 25.8 80.0 102 -1 0
0 1 0 25.7 79.5 101 -1 0
0 1 0 25.8 79.5 99 -1 0
0 1 0 25.7 79.5 94 -1 0
0 1 0 25.7 79.5 99 -1 0
0 1 0 25.7 79.5 100 -1 0
0 1 0 25.7 79.5 101 -1 0
0 1 0 25.8 79.5 100 -1 0
0 1 0 25.8 80.0 98 -1 0
0 1 0 25.7 79.5 98 -1 0
0 1 0 25.7 79.5 94 -1 0
0 1 0 25.8 79.5 90 -1 0
0 1 0 25.7 80.0 89 -1 0
0 1 0 25.7 79.5 84 -1 0
0 1 0 25.7 79.5 84 -1 0
0 1 0 25.7 79.5 80 -1 0
0 1 0 25.7 79.5 80 -1 0
0 1 0 25.7 79.5 82 -1 0
0 1 0 25.7 79.5 80 -1 0
0 1 0 25.7 79.5 83 -1 0
0 1 0 25.7 79.5 85 -1 0
0 1 0 25.7 79.5 85 -1 0
0 1 0 25.7 79.5 85 -1 0
0 1 0 25.8 79.5 87 -1 0
0 1 0 25.7 79.5 90 -1 0
0 1 0 25.8 79.5 88 -1 0
0 1 0 25.7 79.5 90 -1 0
0 1 0 25.7 79.5 88 -1 0
0 1 0 25.7 79.5 90 -1 0
0 1 0 25.8 79.5 90 -1 0
0 1 0 25.7 79.5 87 -1 0
0 1 0 25.8 79.5 89 -1 0
0 1 0 25.8 79.5 87 -1 0
0 1 0 25.8 79.5 85 -1 0
0 1 0 25.8 79.5 89 -1 0
0 1 0 25.8 79.5 85 -1 0
0 1 0 25.8 79.5 87 -1 0
0 1 0 25.8 79.5 82 -1 0
0 1 0 25.8 79.5 82 -1 0
0 1 0 25.8 79.5 82 -1 0
0 1 0 25.8 79.5 82 -1 0
0 1 0 25.8 79.5 82 -1 0
0 1 0 25.8 79.5 82 -1 0
0 1 0 25.8 79.5 85 -1 0
0 1 0 25.7 79.5 88 -1 0
0 1 0 25.8 79.5 88 -1 0
0 1 0 25.8 79.5 83 -1 0
0 1 0 25.8 79.5 85 -1 0
0 1 0 25.7 79.5 82 -1 0
0 1 0 25.7 79.5 82 -1 0
0 1 0 25.8 79.5 78 -1 0
0 1 0 25.8 79.5 79 -1 0
0 1 0 25.7 80.0 79 -1 0
0 1 0 25.8 80.0 77 -1 0
0 1 0 25.8 79.5 79 -1 0
0 1 0 25.8 79.5 77 -1 0
0 1 0 25.8 80.0 77 -1 0
0 1 0 25.8 80.0 77 -1 0
0 1 0 25.8 80.0 79 -1 0
0 1 0 25.9 80.0 79 -1 0
0 1 0 25.8 79.5 79 -1 0
0 1 0 25.8 79.5 75 -1 0
0 1 0 25.8 79.5 77 -1 0
0 1 0 25.8 79.5 78 -1 0
0 1 0 25.7 79.5 82 -1 0
0 1 0 25.8 79.5 82 -1 0
0 1 0 25.9 79.5 80 -1 0
0 1 0 25.7 79.5 84 -1 0
0 1 0 25.8 79.5 85 -1 0
0 1 0 25.8 79.5 82 -1 0
0 1 0 25.9 79.5 82 -1 0
0 1 0 25.9 79.5 84 -1 0
0 1 0 25.8 79.5 80 -1 0
0 1 0 25.8 79.5 82 -1 0
0 1 0 25.9 79.5 82 -1 0
0 1 0 25.8 79.5 82 -1 0
0 1 0 25.9 79.5 80 -1 0
0 1 0 25.9 79.5 82 -1 0
0 1 0 25.9 79.5 82 -1 0
0 1 0 25.9 79.5 80 -1 0
0 1 0 26.0 79.5 78 -1 0
0 1 0 26.0 79.5 82 -1 0
0 1 0 25.9 79.5 82 -1 0
0 1 0 26.0 79.5 82 -1 0
0 1 0 25.9 79.5 82 -1 0
0 1 0 25.9 79.5 78 -1 0
0 1 0 26.0 79.5 79 -1 0
0 1 0 26.0 79.5 77 -1 0
0 1 0 25.9 79.5 77 -1 0
0 1 0 26.0 79.5 77 -1 0
0 1 0 25.9 79.5 73 -1 0
0 1 0 25.9 79.5 72 -1 0
0 1 0 26.0 79.5 72 -1 0
0 1 0 26.0 79.5 72 -1 0
0 1 0 26.0 79.5 70 -1 0
0 1 0 26.0 79.5 70 -1 0
0 1 0 25.9 79.5 65 -1 0
0 1 0 26.0 79.5 67 -1 0
0 1 0 26.1 79.5 65 -1 0
0 1 0 26.0 79.5 67 -1 0
0 1 0 26.0 79.5 65 -1 0
0 1 0 26.0 79.5 61 -1 0
0 1 0 26.0 79.5 63 -1 0
0 1 0 26.1 79.5 61 -1 0
0 1 0 26.0 79.5 62 -1 0
0 1 0 25.9 79.5 60 -1 0
0 1 0 26.0 79.5 58 -1 0
0 1 0 26.0 79.0 58 -1 0
0 1 0 26.0 79.0 56 -1 0
0 1 0 26.0 79.0 58 -1 0
0 1 0 26.0 79.0 56 -1 0
0 1 0 25.9 79.0 54 -1 0
0 1 0 26.0 79.0 57 -1 0
0 1 0 25.9 79.0 57 -1 0
0 1 0 25.9 79.0 55 -1 0
0 1 0 25.9 79.0 55 -1 0
0 1 0 25.9 79.0 53 -1 0
0 1 0 25.8 79.0 55 -1 0
0 1 0 25.9 79.0 51 -1 0
0 1 0 25.8 79.0 53 -1 0
0 1 0 25.8 79.0 53 -1 0
0 1 0 25.8 79.0 51 -1 0
0 1 0 25.8 79.0 53 -1 0
0 1 0 25.8 79.0 48 -1 0
0 1 0 25.8 79.0 50 -1 0
0 1 0 25.8 79.0 50 -1 0
0 1 0 25.9 78.5 48 -1 0
0 1 0 25.8 78.5 48 -1 0
0 1 0 25.8 78.5 48 -1 0
0 1 0 25.8 78.5 48 -1 0
0 1 0 25.8 78.5 50 -1 0
0 1 0 25.8 78.0 46 -1 0
0 1 0 25.8 78.0 48 -1 0
0 1 0 25.8 78.0 48 -1 0
0 1 0 25.8 78.0 48 -1 0
0 1 0 25.8 78.0 48 -1 0
0 1 0 25.8 78.0 48 -1 0
0 1 0 25.8 78.0 48 -1 0
0 1 0 25.8 78.0 48 -1 0
0 1 0 25.7 78.0 48 -1 0
0 1 0 25.8 78.0 48 -1 0
0 1 0 25.7 78.0 50 -1 0
0 1 0 25.8 78.0 50 -1 0
0 1 0 25.7 78.0 49 -1 0
0 1 0 25.8 78.0 51 -1 0
0 1 0 25.8 78.0 53 -1 0
0 1 0 25.7 78.0 51 -1 0
0 1 0 25.7 78.0 51 -1 0
0 1 0 25.8 78.0 53 -1 0
0 1 0 25.7 78.0 51 -1 0
0 1 0 25.7 78.0 53 -1 0
0 1 0 25.7 77.5 53 -1 0
0 1 0 25.8 77.5 53 -1 0
0 1 0 25.8 78.0 51 -1 0
0 1 0 25.8 77.5 53 -1 0
0 1 0 25.8 77.5 51 -1 0
0 1 0 25.7 77.5 51 -1 0
0 1 0 25.7 77.5 50 -1 0
0 1 0 25.8 77.5 46 -1 0
0 1 0 25.8 77.5 46 -1 0
0 1 0 25.7 77.5 48 -1 0
0 1 0 25.8 77.5 44 -1 0
0 1 0 25.8 77.5 46 -1 0
0 1 0 25.8 77.5 43 -1 0
0 1 0 25.7 77.5 41 -1 0
0 1 0 25.8 77.5 45 -1 0
0 1 0 25.7 77.5 41 -1 0
0 1 0 25.8 77.5 41 -1 0
0 1 0 25.8 77.5 43 -1 0
0 1 0 25.8 77.5 43 -1 0
0 1 0 25.8 78.0 44 -1 0
0 1 0 25.9 78.0 46 -1 0
0 1 0 25.8 78.0 46 -1 0
0 1 0 25.8 78.0 46 -1 0
0 1 0 25.8 78.0 48 -1 0
0 1 0 25.8 78.0 49 -1 0
0 1 0 25.8 78.0 53 -1 0
0 1 0 25.9 78.0 56 -1 0
0 1 0 25.9 78.0 61 -1 0
0 1 0 25.8 78.0 58 -1 0
0 1 0 25.9 78.0 54 -1 0
0 1 0 25.9 78.0 52 -1 0
0 1 0 25.9 78.0 52 -1 0
0 1 0 25.9 78.0 53 -1 0
0 1 0 25.8 78.0 53 -1 0
0 1 0 25.9 78.0 53 -1 0
0 1 0 25.9 77.5 53 -1 0
0 1 0 25.9 77.5 55 -1 0
0 1 0 25.9 77.5 55 -1 0
0 1 0 26.0 77.5 53 -1 0
0 1 0 25.9 77.5 53 -1 0
0 1 0 26.0 77.5 52 -1 0
0 1 0 25.9 77.0 48 -1 0
0 1 0 26.0 77.5 43 -1 0
0 1 0 26.0 77.5 43 -1 0
0 1 0 26.0 77.5 43 -1 0
0 1 0 26.0 77.5 39 -1 0
0 1 0 26.0 77.5 41 -1 0
0 1 0 26.0 77.5 41 -1 0
0 1 0 26.0 77.5 43 -1 0
0 1 0 26.0 77.5 41 -1 0
0 1 0 26.0 77.5 41 -1 0
0 1 0 26.0 77.5 41 -1 0
0 1 0 26.0 77.5 41 -1 0
0 1 0 26.0 77.5 39 -1 0
0 1 0 26.0 78.0 39 -1 0
0 1 0 26.0 78.0 39 -1 0
0 1 0 26.0 78.0 39 -1 0
0 1 0 26.0 78.0 38 -1 0
0 1 0 26.0 78.0 36 -1 0
0 1 0 26.1 78.0 36 -1 0
0 1 0 26.0 78.0 34 -1 0
0 1 0 26.0 77.5 33 -1 0
0 1 0 26.0 77.5 33 -1 0
0 1 0 26.0 78.0 29 -1 0
0 1 0 26.0 77.5 31 -1 0
0 1 0 26.0 78.0 27 -1 0
0 1 0 26.0 77.5 28 -1 0
0 1 0 26.0 77.5 26 -1 0
0 1 0 26.0 77.5 28 -1 0
0 1 0 26.0 77.5 26 -1 0
0 1 0 26.0 77.5 24 -1 0
0 1 0 26.0 77.5 22 -1 0
0 1 0 26.0 77.5 24 -1 0
0 1 0 26.0 78.0 22 -1 0
0 1 0 26.1 78.0 24 -1 0
0 1 0 26.0 78.0 21 -1 0
0 1 0 26.0 78.0 19 -1 0
0 1 0 26.0 78.0 21 -1 0
0 1 0 25.9 78.0 19 -1 0
0 1 0 26.0 78.0 17 -1 0
0 1 0 26.0 78.0 19 -1 0
0 1 0 26.0 77.5 19 -1 0
0 1 0 26.0 77.5 17 -1 0
0 1 0 25.9 77.5 15 -1 0
0 1 0 25.9 77.5 19 -1 0
0 1 0 25.9 77.5 17 -1 0
0 1 0 26.0 77.5 17 -1 0
0 1 0 26.0 77.5 15 -1 0
0 1 0 25.9 77.5 15 -1 0
0 1 0 25.9 77.5 15 -1 0
0 1 0 25.9 77.5 15 -1 0
0 1 0 25.9 77.5 15 -1 0
0 1 0 25.8 77.5 15 -1 0
0 1 0 25.9 77.5 15 -1 0
0 1 0 25.9 77.5 17 -1 0
0 1 0 25.9 77.5 17 -1 0
0 1 0 25.8 77.5 17 -1 0
0 1 0 25.9 77.0 17 -1 0
0 1 0 25.8 77.0 17 -1 0
0 1 0 25.9 77.0 17 -1 0
0 1 0 25.9 77.0 15 -1 0
0 1 0 25.9 77.0 15 -1 0
0 1 0 25.9 77.0 15 -1 0
0 1 0 25.8 77.0 16 -1 0
0 1 0 25.8 77.0 14 -1 0
0 1 0 25.9 77.0 14 -1 0
0 1 0 25.8 77.0 12 -1 0
0 1 0 25.9 77.0 14 -1 0
0 1 0 25.9 77.5 12 -1 0
0 1 0 25.8 77.0 10 -1 0
0 1 0 25.8 77.0 14 -1 0
0 1 0 25.8 77.0 12 -1 0
0 1 0 25.8 77.0 10 -1 0
0 1 0 25.8 77.0 10 -1 0
0 1 0 25.8 77.5 8 -1 0
0 1 0 25.9 77.5 11 -1 0
0 1 0 25.8 77.5 9 -1 0
0 1 0 25.8 77.0 9 -1 0
0 1 0 25.8 77.5 7 -1 0
0 1 0 25.8 77.5 7 -1 0
0 1 0 25.8 77.5 5 -1 0
0 1 0 25.8 77.5 9 -1 0
0 1 0 25.8 77.5 9 -1 0
0 1 0 25.8 77.5 7 -1 0
0 1 0 25.7 77.5 7 -1 0
0 1 0 25.7 77.5 5 -1 0
0 1 0 25.8 77.5 5 -1 0
0 1 0 25.8 77.5 9 -1 0
0 1 0 25.8 77.5 7 -1 0
0 1 0 25.7 77.5 7 -1 0
0 1 0 25.8 77.5 5 -1 0
0 1 0 25.8 77.5 5 -1 0
0 1 0 25.8 77.5 3 -1 0
0 1 0 25.7 77.5 6 -1 0
0 1 0 25.7 78.0 4 -1 0
0 1 0 25.7 78.0 4 -1 0
0 1 0 25.8 78.0 4 -1 0
0 1 0 25.8 78.0 4 -1 0
0 1 0 25.8 78.0 4 -1 0
0 1 0 25.8 78.0 2 -1 0
0 1 0 25.8 77.5 2 -1 0
0 1 0 25.8 77.5 2 -1 0
0 1 0 25.8 77.5 2 -1 0
0 1 0 25.8 77.5 1 -1 0
0 1 0 25.7 77.5 4 -1 0
0 1 0 25.7 77.5 4 -1 0
0 1 0 25.7 77.5 2 -1 0
0 1 0 25.7 77.5 2 -1 0
0 1 0 25.7 77.0 2 -1 0
0 1 0 25.8 77.0 1 -1 0
0 1 0 25.7 77.0 1 -1 0
0 1 0 25.7 77.0 1 -1 0
0 1 0 25.7 77.0 1 -1 0
0 1 0 25.7 77.0 1 -1 0
0 1 0 25.6 77.0 1 -1 0
0 1 0 25.6 77.0 2 -1 0
0 1 0 25.6 76.5 2 -1 0
0 1 0 25.6 76.5 2 -1 0
0 1 0 25.7 76.5 2 -1 0
0 1 0 25.6 76.5 2 -1 0
0 1 0 25.7 76.5 2 -1 0
0 1 0 25.6 76.5 2 -1 0
0 1 0 25.6 76.0 2 -1 0
0 1 0 25.6 76.0 2 -1 0
0 1 0 25.6 76.0 2 -1 0
0 1 0 25.5 76.0 2 -1 0
0 1 0 25.5 76.5 0 -1 0
0 1 0 25.6 76.5 0 -1 0
0 1 0 25.5 76.5 0 -1 0
0 1 0 25.5 76.0 0 -1 0
0 1 0 25.5 76.5 0 -1 0
0 1 0 25.5 76.5 0 -1 0
0 1 0 25.6 76.5 0 -1 0
0 1 0 25.5 76.5 0 -1 0
0 1 0 25.5 76.5 0 -1 0
0 1 0 25.5 76.5 0 -1 0
0 1 0 25.5 76.5 1 -1 0
0 1 0 25.5 76.5 1 -1 0
0 1 0 25.5 76.5 1 -1 0
0 1 0 25.5 76.5 1 -1 0
0 1 0 25.5 76.5 1 -1 0
0 1 0 25.4 76.0 1 -1 0
0 1 0 25.4 76.0 1 -1 0
0 1 0 25.4 76.0 1 -1 0
0 1 0 25.4 76.0 1 -1 0
0 1 0 25.4 76.0 1 -1 0
0 1 0 25.4 76.0 1 -1 0
0 1 0 25.4 76.0 1 -1 0
0 1 0 25.4 76.0 1 -1 0
0 1 0 25.4 76.0 1 -1 0
0 1 0 25.3 76.0 1 -1 0
0 1 0 25.3 76.0 1 -1 0
0 1 0 25.3 76.0 1 -1 0
0 1 0 25.4 76.0 1 -1 0
0 1 0 25.4 76.0 1 -1 0
0 1 0 25.4 76.0 1 -1 0
0 1 0 25.3 76.0 1 -1 0
0 1 0 25.3 75.5 1 -1 0
0 1 0 25.4 75.5 1 -1 0
0 1 0 25.3 76.0 1 -1 0
0 1 0 25.3 76.5 2 -1 0
0 1 0 25.4 76.5 2 -1 0
0 1 0 25.3 76.5 2 -1 0
0 1 0 25.3 76.5 2 -1 0
0 1 0 25.4 76.5 2 -1 0
0 1 0 25.3 76.0 2 -1 0
0 1 0 25.3 76.0 2 -1 0
0 1 0 25.3 76.0 2 -1 0
0 1 0 25.4 76.5 2 -1 0
0 1 0 25.4 76.5 2 -1 0
0 1 0 25.4 76.5 2 -1 0
0 1 0 25.4 76.0 2 -1 0
0 1 0 25.4 76.0 2 -1 0
0 1 0 25.4 76.0 2 -1 0
0 1 0 25.4 76.0 2 -1 0
0 1 0 25.3 76.0 2 -1 0
0 1 0 25.3 75.5 2 -1 0
0 1 0 25.3 75.5 2 -1 0
0 1 0 25.3 75.5 2 -1 0
0 1 0 25.3 75.5 2 -1 0
0 1 0 25.4 75.5 2 -1 0
0 1 0 25.3 75.5 2 -1 0
0 1 0 25.3 75.5 2 -1 0
0 1 0 25.3 75.5 2 -1 0
0 1 0 25.3 75.5 2 -1 0
0 1 0 25.3 75.5 2 -1 0
0 1 0 25.3 75.5 2 -1 0
0 1 0 25.3 76.0 2 -1 0
0 1 0 25.2 76.0 2 -1 0
0 1 0 25.3 76.0 2 -1 0
0 1 0 25.2 75.5 2 -1 0
0 1 0 25.3 76.0 2 -1 0
0 1 0 25.3 76.0 2 -1 0
0 1 0 25.3 76.0 2 -1 0
0 1 0 25.2 76.0 2 -1 0
0 1 0 25.2 75.5 2 -1 0
0 1 0 25.3 75.5 2 -1 0
0 1 0 25.2 75.5 2 -1 0
0 1 0 25.3 75.5 2 -1 0
0 1 0 25.2 75.5 2 -1 0
0 1 0 25.2 76.0 2 -1 0
0 1 0 25.3 76.0 2 -1 0
0 1 0 25.2 76.5 2 -1 0
0 1 0 25.3 76.5 2 -1 0
0 1 0 25.3 76.5 2 -1 0
0 1 0 25.2 76.5 2 -1 0
0 1 0 25.2 76.5 2 -1 0
0 1 0 25.3 77.0 2 -1 0
0 1 0 25.3 77.0 2 -1 0
0 1 0 25.2 77.5 2 -1 0
0 1 0 25.3 77.5 2 -1 0
0 1 0 25.3 78.0 2 -1 0
0 1 0 25.3 78.0 2 -1 0
0 1 0 25.3 78.0 2 -1 0
0 1 0 25.3 78.0 2 -1 0
0 1 0 25.3 78.0 2 -1 0
0 1 0 25.3 78.0 2 -1 0
0 1 0 25.3 78.0 2 -1 0
0 1 0 25.4 78.0 2 -1 0
0 1 0 25.3 77.5 2 -1 0
0 1 0 25.3 77.5 2 -1 0
0 1 0 25.3 77.5 2 -1 0
0 1 0 25.3 77.5 2 -1 0
0 1 0 25.3 77.0 2 -1 0
0 1 0 25.3 77.0 2 -1 0
0 1 0 25.3 77.0 2 -1 0
0 1 0 25.3 77.0 2 -1 0
0 1 0 25.3 77.0 2 -1 0
0 1 0 25.3 76.5 2 -1 0
0 1 0 25.3 76.5 2 -1 0
0 1 0 25.3 76.5 2 -1 0
0 1 0 25.2 76.5 2 -1 0
0 1 0 25.2 76.5 2 -1 0
0 1 0 25.2 76.0 2 -1 0
0 1 0 25.3 76.0 2 -1 0
0 1 0 25.3 76.0 2 -1 0
0 1 0 25.2 76.0 2 -1 0
0 1 0 25.2 76.0 2 -1 0
0 1 0 25.2 76.0 2 -1 0
0 1 0 25.2 76.0 2 -1 0
0 1 0 25.2 76.0 2 -1 0
0 1 0 25.2 76.0 2 -1 0
0 1 0 25.2 76.0 2 -1 0
0 1 0 25.2 76.0 2 -1 0
0 1 0 25.2 76.0 2 -1 0
0 1 0 25.2 75.5 2 -1 0
0 1 0 25.2 75.5 2 -1 0
0 1 0 25.2 75.5 2 -1 0
0 1 0 25.2 75.5 2 -1 0
0 1 0 25.2 75.5 2 -1 0
0 1 0 25.2 75.5 2 -1 0
0 1 0 25.2 75.0 2 -1 0
0 1 0 25.2 75.5 2 -1 0
0 1 0 25.2 75.0 2 -1 0
0 1 0 25.1 75.0 2 -1 0
0 1 0 25.1 75.0 2 -1 0
0 1 0 25.2 75.0 2 -1 0
0 1 0 25.2 75.5 2 -1 0
0 1 0 25.2 75.5 2 -1 0
0 1 0 25.1 75.5 2 -1 0
0 1 0 25.2 75.5 2 -1 0
0 1 0 25.2 75.5 2 -1 0
0 1 0 25.2 75.0 2 -1 0
0 1 0 25.1 75.0 2 -1 0
0 1 0 25.1 75.5 2 -1 0
0 1 0 25.1 75.0 2 -1 0
0 1 0 25.1 75.0 2 -1 0
0 1 0 25.1 75.0 2 -1 0
0 1 0 25.2 75.0 2 -1 0
0 1 0 25.1 75.0 2 -1 0
0 1 0 25.2 75.5 2 -1 0
0 1 0 25.2 75.5 2 -1 0
0 1 0 25.1 76.5 2 -1 0
0 1 0 25.1 76.5 2 -1 0
0 1 0 25.2 77.0 2 -1 0
0 1 0 25.1 77.5 2 -1 0
0 1 0 25.2 77.5 2 -1 0
0 1 0 25.1 76.5 2 -1 0
0 1 0 25.2 76.5 2 -1 0
0 1 0 25.1 76.5 2 -1 0
0 1 0 25.2 76.5 2 -1 0
0 1 0 25.2 76.5 2 -1 0
0 1 0 25.1 76.5 2 -1 0
0 1 0 25.1 76.5 2 -1 0
0 1 0 25.2 76.5 2 -1 0
0 1 0 25.2 76.0 2 -1 0
0 1 0 25.1 76.5 2 -1 0
0 1 0 25.2 76.0 2 -1 0
0 1 0 25.2 76.0 2 -1 0
0 1 0 25.2 76.0 2 -1 0
0 1 0 25.1 76.0 2 -1 0
0 1 0 25.2 76.0 2 -1 0
0 1 0 25.2 76.0 2 -1 0
0 1 0 25.1 76.0 2 -1 0
0 1 0 25.2 76.0 2 -1 0
0 1 0 25.2 76.0 2 -1 0
0 1 0 25.1 76.0 2 -1 0
0 1 0 25.2 76.0 2 -1 0
0 1 0 25.1 76.0 2 -1 0
0 1 0 25.1 76.0 2 -1 0
0 1 0 25.2 75.5 2 -1 0
0 1 0 25.1 75.5 2 -1 0
0 1 0 25.1 75.5 2 -1 0
0 1 0 25.2 75.5 2 -1 0
0 1 0 25.1 75.5 2 -1 0
0 1 0 25.2 75.5 2 -1 0
0 1 0 25.1 75.5 2 -1 0
0 1 0 25.1 75.5 2 -1 0
0 1 0 25.1 75.5 2 -1 0
0 1 0 25.1 75.5 2 -1 0
0 1 0 25.1 75.5 2 -1 0
0 1 0 25.1 75.5 2 -1 0
0 1 0 25.1 75.0 2 -1 0
0 1 0 25.1 75.5 2 -1 0
0 1 0 25.1 75.5 2 -1 0
0 1 0 25.1 75.0 2 -1 0
0 1 0 25.1 75.0 2 -1 0
0 1 0 25.1 75.0 2 -1 0
0 1 0 25.1 75.0 2 -1 0
0 1 0 25.1 75.0 2 -1 0
0 1 0 25.1 75.0 2 -1 0
0 1 0 25.1 75.0 2 -1 0
0 1 0 25.1 75.0 2 -1 0
0 1 0 25.1 75.0 2 -1 0
0 1 0 25.1 75.0 2 -1 0
0 1 0 25.0 75.0 2 -1 0
0 1 0 25.0 75.0 2 -1 0
0 1 0 25.1 75.0 2 -1 0
0 1 0 25.1 75.0 2 -1 0
0 1 0 25.1 75.5 2 -1 0
0 1 0 25.1 75.5 2 -1 0
0 1 0 25.0 75.5 2 -1 0
0 1 0 25.1 75.5 2 -1 0
0 1 0 25.1 75.5 2 -1 0
0 1 0 25.1 75.5 2 -1 0
0 1 0 25.0 75.5 2 -1 0
0 1 0 25.1 75.5 2 -1 0
0 1 0 25.1 75.5 2 -1 0
0 1 0 25.1 75.5 2 -1 0
0 1 0 25.1 75.5 2 -1 0
0 1 0 25.0 75.5 2 -1 0
0 1 0 25.1 75.5 2 -1 0
0 1 0 25.1 75.5 2 -1 0
0 1 0 25.1 75.5 2 -1 0
0 1 0 25.1 75.5 2 -1 0
0 1 0 25.0 75.5 2 -1 0
0 1 0 25.1 76.0 2 -1 0
0 1 0 25.1 76.0 2 -1 0
0 1 0 25.1 76.0 2 -1 0
0 1 0 25.0 75.5 2 -1 0
0 1 0 25.1 76.0 2 -1 0
0 1 0 25.1 76.0 2 -1 0
0 1 0 25.1 76.0 2 -1 0
0 1 0 25.1 76.0 2 -1 0
0 1 0 25.0 76.0 2 -1 0
0 1 0 25.1 76.0 2 -1 0
0 1 0 25.1 77.0 2 -1 0
0 1 0 25.1 77.0 2 -1 0
0 1 0 25.2 77.5 2 -1 0
0 1 0 25.1 78.0 2 -1 0
0 1 0 25.2 78.5 2 -1 0
0 1 0 25.2 78.5 2 -1 0
0 1 0 25.1 78.5 2 -1 0
0 1 0 25.1 78.0 2 -1 0
0 1 0 25.2 78.5 2 -1 0
0 1 0 25.2 79.0 2 -1 0
0 1 0 25.2 79.0 2 -1 0
0 1 0 25.3 79.5 2 -1 0
0 1 0 25.3 79.5 2 -1 0
0 1 0 25.3 79.5 2 -1 0
0 1 0 25.3 80.0 2 -1 0
0 1 0 25.3 79.5 2 -1 0
0 1 0 25.2 79.5 2 -1 0
0 1 0 25.3 79.5 2 -1 0
0 1 0 25.3 79.5 2 -1 0
0 1 0 25.3 79.5 2 -1 0
0 1 0 25.3 79.0 2 -1 0
0 1 0 25.3 79.0 2 -1 0
0 1 0 25.3 79.0 2 -1 0
0 1 0 25.3 79.0 2 -1 0
0 1 0 25.3 79.5 2 -1 0
0 1 0 25.3 79.5 2 -1 0
0 1 0 25.3 79.5 2 -1 0
0 1 0 25.3 79.0 2 -1 0
0 1 0 25.3 79.5 2 -1 0
0 1 0 25.3 79.0 2 -1 0
0 1 0 25.3 79.0 2 -1 0
0 1 0 25.3 79.0 2 -1 0
0 1 0 25.4 79.0 2 -1 0
0 1 0 25.4 79.0 2 -1 0
0 1 0 25.3 79.0 2 -1 0
0 1 0 25.4 79.0 2 -1 0
0 1 0 25.3 79.0 2 -1 0
0 1 0 25.3 79.5 2 -1 0
0 1 0 25.4 79.5 2 -1 0
0 1 0 25.3 79.0 2 -1 0
0 1 0 25.4 79.0 2 -1 0
0 1 0 25.4 79.0 2 -1 0
0 1 0 25.4 79.0 2 -1 0
0 1 0 25.4 79.0 2 -1 0
0 1 0 25.4 79.0 2 -1 0
0 1 0 25.4 79.0 2 -1 0
0 1 0 25.4 79.0 2 -1 0
0 1 0 25.4 79.0 2 -1 0
0 1 0 25.4 79.0 2 -1 0
0 1 0 25.4 79.0 2 -1 0
0 1 0 25.3 79.0 2 -1 0
0 1 0 25.4 79.0 2 -1 0
0 1 0 25.4 79.0 2 -1 0
0 1 0 25.4 79.0 2 -1 0
0 1 0 25.4 79.0 2 -1 0
0 1 0 25.5 79.0 2 -1 0
0 1 0 25.4 79.0 2 -1 0
0 1 0 25.4 79.0 2 -1 0
0 1 0 25.4 79.0 2 -1 0
0 1 0 25.5 79.0 2 -1 0
0 1 0 25.5 79.0 2 -1 0
0 1 0 25.4 79.0 2 -1 0
0 1 0 25.5 79.0 2 -1 0
0 1 0 25.4 79.0 2 -1 0
0 1 0 25.5 79.0 2 -1 0
0 1 0 25.4 79.0 2 -1 0
0 1 0 25.4 79.0 2 -1 0
0 1 0 25.5 79.0 2 -1 0
0 1 0 25.4 79.0 2 -1 0
0 1 0 25.4 79.0 2 -1 0
0 1 0 25.5 79.0 2 -1 0
0 1 0 25.4 79.0 2 -1 0
0 1 0 25.4 79.0 2 -1 0
0 1 0 25.5 79.5 2 -1 0
0 1 0 25.5 79.5 2 -1 0
0 1 0 25.5 80.0 2 -1 0
0 1 0 25.5 80.0 2 -1 0
0 1 0 25.5 80.0 2 -1 0
0 1 0 25.5 80.0 2 -1 0
0 1 0 25.5 80.0 2 -1 0
0 1 0 25.5 80.0 2 -1 0
0 1 0 25.5 80.5 2 -1 0
0 1 0 25.5 80.5 2 -1 0
0 1 0 25.5 80.0 2 -1 0
0 1 0 25.5 80.0 2 -1 0
0 1 0 25.5 80.0 2 -1 0
0 1 0 25.5 80.0 2 -1 0
0 1 0 25.5 80.0 2 -1 0
0 1 0 25.5 80.0 2 -1 0
0 1 0 25.5 80.0 2 -1 0
0 1 0 25.5 80.0 2 -1 0
0 1 0 25.6 80.0 2 -1 0
0 1 0 25.5 80.0 2 -1 0
0 1 0 25.5 80.0 2 -1 0
