0 1 0 25.1 76.5 2 -1 0
0 1 0 25.1 76.5 2 -1 0
0 1 0 25.1 76.5 2 -1 0
0 1 0 25.2 76.5 2 -1 0
0 1 0 25.1 76.5 2 -1 0
0 1 0 25.2 76.5 2 -1 0
0 1 0 25.1 76.5 2 -1 0
0 1 0 25.2 76.5 2 -1 0
0 1 0 25.1 76.5 2 -1 0
0 1 0 25.1 76.5 2 -1 0
0 1 0 25.2 76.5 2 -1 0
0 1 0 25.1 77.0 2 -1 0
0 1 0 25.1 77.0 2 -1 0
0 1 0 25.2 77.0 2 -1 0
0 1 0 25.2 77.0 2 -1 0
0 1 0 25.2 77.0 2 -1 0
0 1 0 25.2 77.0 2 -1 0
0 1 0 25.1 77.0 2 -1 0
0 1 0 25.2 77.0 2 -1 0
0 1 0 25.2 77.0 2 -1 0
0 1 0 25.1 77.0 2 -1 0
0 1 0 25.2 77.0 2 -1 0
0 1 0 25.1 77.0 2 -1 0
0 1 0 25.2 77.0 2 -1 0
0 1 0 25.2 77.0 2 -1 0
0 1 0 25.2 77.0 2 -1 0
0 1 0 25.2 77.0 2 -1 0
0 1 0 25.2 77.0 2 -1 0
0 1 0 25.3 77.5 2 -1 0
0 1 0 25.2 77.5 2 -1 0
0 1 0 25.2 77.5 2 -1 0
0 1 0 25.2 77.0 2 -1 0
0 1 0 25.1 77.5 2 -1 0
0 1 0 25.2 77.5 2 -1 0
0 1 0 25.2 77.5 2 -1 0
0 1 0 25.2 77.5 2 -1 0
0 1 0 25.2 78.0 2 -1 0
0 1 0 25.2 78.0 2 -1 0
0 1 0 25.2 77.5 2 -1 0
0 1 0 25.2 77.5 2 -1 0
0 1 0 25.2 77.5 2 -1 0
0 1 0 25.2 77.5 2 -1 0
0 1 0 25.2 78.0 2 -1 0
0 1 0 25.3 78.0 2 -1 0
0 1 0 25.2 77.5 2 -1 0
0 1 0 25.2 78.0 2 -1 0
0 1 0 25.3 78.0 2 -1 0
0 1 0 25.2 78.0 2 -1 0
0 1 0 25.2 77.5 2 -1 0
0 1 0 25.2 77.5 2 -1 0
0 1 0 25.3 77.5 2 -1 0
0 1 0 25.2 77.5 2 -1 0
0 1 0 25.3 77.5 2 -1 0
0 1 0 25.2 77.5 2 -1 0
0 1 0 25.2 77.5 2 -1 0
0 1 0 25.2 77.5 2 -1 0
0 1 0 25.2 77.5 2 -1 0
0 1 0 25.2 77.5 2 -1 0
0 1 0 25.3 77.5 2 -1 0
0 1 0 25.3 77.5 2 -1 0
0 1 0 25.2 77.5 2 -1 0
0 1 0 25.3 77.5 2 -1 0
0 1 0 25.2 77.5 2 -1 0
0 1 0 25.2 77.5 2 -1 0
0 1 0 25.2 77.5 2 -1 0
0 1 0 25.3 77.5 2 -1 0
0 1 0 25.2 77.5 2 -1 0
0 1 0 25.2 77.5 2 -1 0
0 1 0 25.2 77.5 2 -1 0
0 1 0 25.2 77.5 2 -1 0
0 1 0 25.3 77.0 2 -1 0
0 1 0 25.3 77.0 2 -1 0
0 1 0 25.2 77.0 2 -1 0
0 1 0 25.3 77.0 2 -1 0
0 1 0 25.3 77.0 2 -1 0
0 1 0 25.2 77.0 2 -1 0
0 1 0 25.3 77.0 2 -1 0
0 1 0 25.3 77.0 2 -1 0
0 1 0 25.2 77.5 2 -1 0
0 1 0 25.3 77.5 2 -1 0
0 1 0 25.3 77.5 2 -1 0
0 1 0 25.3 77.5 2 -1 0
0 1 0 25.3 77.5 2 -1 0
0 1 0 25.3 77.5 2 -1 0
0 1 0 25.3 77.5 2 -1 0
0 1 0 25.3 77.5 2 -1 0
0 1 0 25.3 78.0 2 -1 0
0 1 0 25.3 78.0 2 -1 0
0 1 0 25.3 78.0 2 -1 0
0 1 0 25.3 78.0 2 -1 0
0 1 0 25.3 78.0 2 -1 0
0 1 0 25.3 78.0 2 -1 0
0 1 0 25.3 78.0 2 -1 0
0 1 0 25.3 78.0 2 -1 0
0 1 0 25.4 78.0 2 -1 0
0 1 0 25.4 78.0 2 -1 0
0 1 0 25.3 78.0 2 -1 0
0 1 0 25.3 78.0 2 -1 0
0 1 0 25.3 78.0 2 -1 0
0 1 0 25.3 78.0 2 -1 0
0 1 0 25.3 78.0 2 -1 0
0 1 0 25.3 78.0 2 -1 0
0 1 0 25.3 78.0 2 -1 0
0 1 0 25.3 78.0 2 -1 0
0 1 0 25.4 78.0 2 -1 0
0 1 0 25.3 78.0 2 -1 0
0 1 0 25.3 78.0 2 -1 0
0 1 0 25.3 77.5 2 -1 0
0 1 0 25.3 77.5 2 -1 0
0 1 0 25.3 77.5 2 -1 0
0 1 0 25.3 77.5 2 -1 0
0 1 0 25.3 77.5 2 -1 0
0 1 0 25.4 77.5 2 -1 0
0 1 0 25.3 77.5 2 -1 0
0 1 0 25.3 77.5 2 -1 0
0 1 0 25.3 77.5 2 -1 0
0 1 0 25.3 77.5 2 -1 0
0 1 0 25.2 77.5 2 -1 0
0 1 0 25.2 77.5 2 -1 0
0 1 0 25.3 77.5 2 -1 0
0 1 0 25.3 77.5 2 -1 0
0 1 0 25.4 77.5 2 -1 0
0 1 0 25.3 77.5 2 -1 0
0 1 0 25.3 77.5 2 -1 0
0 1 0 25.3 77.5 2 -1 0
0 1 0 25.4 77.5 2 -1 0
0 1 0 25.4 77.5 2 -1 0
0 1 0 25.3 77.5 2 -1 0
0 1 0 25.3 77.5 2 -1 0
0 1 0 25.3 77.5 2 -1 0
0 1 0 25.4 77.5 2 -1 0
0 1 0 25.3 77.5 2 -1 0
0 1 0 25.3 77.5 2 -1 0
0 1 0 25.3 77.5 2 -1 0
0 1 0 25.3 77.5 2 -1 0
0 1 0 25.3 77.5 2 -1 0
0 1 0 25.4 77.5 2 -1 0
0 1 0 25.4 77.5 2 -1 0
0 1 0 25.3 77.5 2 -1 0
0 1 0 25.4 77.5 2 -1 0
0 1 0 25.4 77.5 2 -1 0
0 1 0 25.4 77.5 2 -1 0
0 1 0 25.4 77.5 2 -1 0
0 1 0 25.4 77.5 2 -1 0
0 1 0 25.4 78.0 2 -1 0
0 1 0 25.4 78.0 2 -1 0
0 1 0 25.3 78.0 2 -1 0
0 1 0 25.3 78.0 2 -1 0
0 1 0 25.3 78.0 2 -1 0
0 1 0 25.4 78.0 2 -1 0
0 1 0 25.3 78.0 2 -1 0
0 1 0 25.4 78.0 2 -1 0
0 1 0 25.4 78.0 2 -1 0
0 1 0 25.3 78.0 2 -1 0
0 1 0 25.4 78.0 2 -1 0
0 1 0 25.4 78.0 2 -1 0
0 1 0 25.3 78.0 2 -1 0
0 1 0 25.4 78.0 2 -1 0
0 1 0 25.3 77.5 2 -1 0
0 1 0 25.4 77.5 2 -1 0
0 1 0 25.4 77.5 2 -1 0
0 1 0 25.4 77.5 2 -1 0
0 1 0 25.3 78.0 2 -1 0
0 1 0 25.4 78.0 2 -1 0
0 1 0 25.4 78.0 2 -1 0
0 1 0 25.4 78.0 2 -1 0
0 1 0 25.4 78.0 2 -1 0
0 1 0 25.3 78.5 2 -1 0
0 1 0 25.4 78.5 2 -1 0
0 1 0 25.4 78.5 2 -1 0
0 1 0 25.4 78.5 2 -1 0
0 1 0 25.3 78.5 2 -1 0
0 1 0 25.3 79.0 2 -1 0
0 1 0 25.4 79.0 2 -1 0
0 1 0 25.4 79.0 2 -1 0
0 1 0 25.4 79.0 2 -1 0
0 1 0 25.4 79.0 2 -1 0
0 1 0 25.4 79.0 2 -1 0
0 1 0 25.3 79.0 2 -1 0
0 1 0 25.4 79.0 2 -1 0
0 1 0 25.4 79.0 2 -1 0
0 1 0 25.4 79.5 2 -1 0
0 1 0 25.4 79.0 2 -1 0
0 1 0 25.5 79.5 2 -1 0
0 1 0 25.4 79.0 2 -1 0
0 1 0 25.4 79.0 2 -1 0
0 1 0 25.4 79.0 2 -1 0
0 1 0 25.4 79.0 2 -1 0
0 1 0 25.4 78.5 2 -1 0
0 1 0 25.5 79.0 2 -1 0
0 1 0 25.4 79.0 2 -1 0
0 1 0 25.5 79.0 2 -1 0
0 1 0 25.4 79.0 2 -1 0
0 1 0 25.4 78.5 2 -1 0
0 1 0 25.4 78.5 2 -1 0
0 1 0 25.4 78.5 2 -1 0
0 1 0 25.4 78.5 2 -1 0
0 1 0 25.4 78.5 2 -1 0
0 1 0 25.5 78.5 2 -1 0
0 1 0 25.5 78.5 2 -1 0
0 1 0 25.4 78.5 2 -1 0
0 1 0 25.4 78.5 2 -1 0
0 1 0 25.4 78.5 2 -1 0
0 1 0 25.4 78.5 2 -1 0
0 1 0 25.4 78.5 2 -1 0
0 1 0 25.5 78.5 2 -1 0
0 1 0 25.4 78.5 2 -1 0
0 1 0 25.5 78.5 2 -1 0
0 1 0 25.4 78.5 2 -1 0
0 1 0 25.4 78.5 2 -1 0
0 1 0 25.5 79.0 2 -1 0
0 1 0 25.4 79.0 2 -1 0
0 1 0 25.4 79.0 2 -1 0
0 1 0 25.4 79.0 2 -1 0
0 1 0 25.4 79.0 2 -1 0
0 1 0 25.5 79.0 2 -1 0
0 1 0 25.4 79.0 2 -1 0
0 1 0 25.4 79.0 2 -1 0
0 1 0 25.5 79.0 2 -1 0
0 1 0 25.5 79.0 2 -1 0
0 1 0 25.5 79.0 2 -1 0
0 1 0 25.4 79.0 2 -1 0
0 1 0 25.4 79.0 2 -1 0
0 1 0 25.5 79.0 2 -1 0
0 1 0 25.4 79.0 2 -1 0
0 1 0 25.4 79.0 2 -1 0
0 1 0 25.4 79.0 2 -1 0
0 1 0 25.5 79.0 2 -1 0
0 1 0 25.5 79.0 2 -1 0
0 1 0 25.5 79.0 2 -1 0
0 1 0 25.4 78.5 2 -1 0
0 1 0 25.5 78.5 2 -1 0
0 1 0 25.5 79.0 2 -1 0
0 1 0 25.5 78.5 2 -1 0
0 1 0 25.5 78.5 2 -1 0
0 1 0 25.4 78.5 2 -1 0
0 1 0 25.5 78.5 2 -1 0
0 1 0 25.4 78.5 2 -1 0
0 1 0 25.5 78.5 2 -1 0
0 1 0 25.4 78.5 2 -1 0
0 1 0 25.5 78.5 2 -1 0
0 1 0 25.5 78.5 2 -1 0
0 1 0 25.4 78.5 2 -1 0
0 1 0 25.4 78.5 2 -1 0
0 1 0 25.5 78.5 2 -1 0
0 1 0 25.4 78.5 2 -1 0
0 1 0 25.5 78.5 2 -1 0
0 1 0 25.5 78.5 2 -1 0
0 1 0 25.5 78.5 2 -1 0
0 1 0 25.5 78.5 2 -1 0
0 1 0 25.5 78.5 2 -1 0
0 1 0 25.5 78.5 2 -1 0
0 1 0 25.5 78.5 2 -1 0
0 1 0 25.5 78.5 2 -1 0
0 1 0 25.5 78.5 2 -1 0
0 1 0 25.4 78.5 2 -1 0
0 1 0 25.5 78.5 2 -1 0
0 1 0 25.5 78.5 2 -1 0
0 1 0 25.5 78.5 2 -1 0
0 1 0 25.4 78.5 2 -1 0
0 1 0 25.4 78.5 2 -1 0
0 1 0 25.5 78.5 2 -1 0
0 1 0 25.4 78.5 2 -1 0
0 1 0 25.4 78.5 2 -1 0
0 1 0 25.5 78.5 2 -1 0
0 1 0 25.4 78.5 2 -1 0
0 1 0 25.5 78.5 2 -1 0
0 1 0 25.4 78.5 2 -1 0
0 1 0 25.5 78.5 2 -1 0
0 1 0 25.5 78.5 2 -1 0
0 1 0 25.4 78.5 2 -1 0
0 1 0 25.5 78.5 2 -1 0
0 1 0 25.5 78.5 2 -1 0
0 1 0 25.5 78.5 2 -1 0
0 1 0 25.5 78.5 2 -1 0
0 1 0 25.4 78.5 2 -1 0
0 1 0 25.5 78.5 2 -1 0
0 1 0 25.4 78.5 2 -1 0
0 1 0 25.4 78.5 2 -1 0
0 1 0 25.5 78.5 2 -1 0
0 1 0 25.4 78.5 2 -1 0
0 1 0 25.5 78.5 2 -1 0
0 1 0 25.5 78.5 2 -1 0
0 1 0 25.5 79.0 2 -1 0
0 1 0 25.4 79.0 2 -1 0
0 1 0 25.5 79.0 2 -1 0
0 1 0 25.4 79.0 2 -1 0
0 1 0 25.4 79.0 2 -1 0
0 1 0 25.5 79.0 2 -1 0
0 1 0 25.4 79.0 2 -1 0
0 1 0 25.5 79.0 2 -1 0
0 1 0 25.4 79.0 2 -1 0
0 1 0 25.5 79.0 2 -1 0
0 1 0 25.5 79.0 2 -1 0
0 1 0 25.5 79.0 2 -1 0
0 1 0 25.5 79.0 2 -1 0
0 1 0 25.5 79.0 2 -1 0
0 1 0 25.5 79.5 2 -1 0
0 1 0 25.5 79.5 2 -1 0
0 1 0 25.5 79.5 2 -1 0
0 1 0 25.4 79.5 2 -1 0
0 1 0 25.5 79.5 2 -1 0
0 1 0 25.5 79.0 2 -1 0
0 1 0 25.4 79.0 2 -1 0
0 1 0 25.5 79.0 2 -1 0
0 1 0 25.4 79.0 2 -1 0
0 1 0 25.5 79.5 2 -1 0
0 1 0 25.5 79.5 2 -1 0
0 1 0 25.5 79.5 2 -1 0
0 1 0 25.4 79.5 2 -1 0
0 1 0 25.5 79.5 2 -1 0
0 1 0 25.4 79.5 1 -1 0
0 1 0 25.6 79.5 1 -1 0
0 1 0 25.4 79.5 1 -1 0
0 1 0 25.5 79.5 1 -1 0
0 1 0 25.5 79.5 1 -1 0
0 1 0 25.5 79.5 1 -1 0
0 1 0 25.5 79.5 1 -1 0
0 1 0 25.5 79.5 1 -1 0
0 1 0 25.4 79.5 1 -1 0
0 1 0 25.5 79.5 1 -1 0
0 1 0 25.5 79.5 1 -1 0
0 1 0 25.5 79.5 1 -1 0
0 1 0 25.5 79.5 1 -1 0
0 1 0 25.4 79.5 1 -1 0
0 1 0 25.5 79.5 0 -1 0
0 1 0 25.5 79.5 0 -1 0
0 1 0 25.5 79.5 0 -1 0
0 1 0 25.5 79.5 0 -1 0
0 1 0 25.5 79.5 0 -1 0
0 1 0 25.5 79.5 0 -1 0
0 1 0 25.5 79.5 0 -1 0
0 1 0 25.6 79.5 0 -1 0
0 1 0 25.5 79.5 2 -1 0
0 1 0 25.4 79.5 2 -1 0
0 1 0 25.4 80.0 2 -1 0
0 1 0 25.4 79.5 2 -1 0
0 1 0 25.4 80.0 2 -1 0
0 1 0 25.5 79.5 2 -1 0
0 1 0 25.6 80.0 2 -1 0
0 1 0 25.5 80.0 2 -1 0
0 1 0 25.6 80.0 3 -1 0
0 1 0 25.5 80.0 1 -1 0
0 1 0 25.6 79.5 1 -1 0
0 1 0 25.5 80.0 1 -1 0
0 1 0 25.5 79.5 1 -1 0
0 1 0 25.5 79.5 1 -1 0
0 1 0 25.5 79.5 1 -1 0
0 1 0 25.5 79.5 1 -1 0
0 1 0 25.5 79.5 1 -1 0
0 1 0 25.5 79.5 1 -1 0
0 1 0 25.6 79.5 1 -1 0
0 1 0 25.5 79.5 1 -1 0
0 1 0 25.5 79.5 1 -1 0
0 1 0 25.4 79.5 1 -1 0
0 1 0 25.5 79.5 2 -1 0
0 1 0 25.5 79.5 2 -1 0
0 1 0 25.5 79.5 2 -1 0
0 1 0 25.5 79.5 2 -1 0
0 1 0 25.5 79.5 2 -1 0
0 1 0 25.5 80.0 2 -1 0
0 1 0 25.5 80.0 2 -1 0
0 1 0 25.6 80.0 2 -1 0
0 1 0 25.5 80.0 2 -1 0
0 1 0 25.5 80.0 4 -1 0
0 1 0 25.5 80.0 4 -1 0
0 1 0 25.6 80.0 1 -1 0
0 1 0 25.6 80.0 2 -1 0
0 1 0 25.5 80.0 2 -1 0
0 1 0 25.5 80.0 2 -1 0
0 1 0 25.5 80.0 4 -1 0
0 1 0 25.6 80.0 4 -1 0
0 1 0 25.6 80.0 6 -1 0
0 1 0 25.5 80.0 6 -1 0
0 1 0 25.5 80.0 6 -1 0
0 1 0 25.5 80.0 6 -1 0
0 1 0 25.4 80.0 3 -1 0
0 1 0 25.6 80.0 3 -1 0
0 1 0 25.5 79.5 3 -1 0
0 1 0 25.5 79.5 5 -1 0
0 1 0 25.5 80.0 5 -1 0
0 1 0 25.6 80.0 7 -1 0
0 1 0 25.6 80.0 7 -1 0
0 1 0 25.6 80.0 9 -1 0
0 1 0 25.5 80.0 5 -1 0
0 1 0 25.5 80.0 5 -1 0
0 1 0 25.6 80.0 5 -1 0
0 1 0 25.6 80.0 5 -1 0
0 1 0 25.5 80.0 5 -1 0
0 1 0 25.6 80.5 5 -1 0
0 1 0 25.6 80.5 5 -1 0
0 1 0 25.6 80.5 5 -1 0
0 1 0 25.5 80.5 5 -1 0
0 1 0 25.6 80.5 5 -1 0
0 1 0 25.5 80.5 5 -1 0
0 1 0 25.6 80.5 5 -1 0
0 1 0 25.5 80.5 7 -1 0
0 1 0 25.5 80.5 7 -1 0
0 1 0 25.6 80.5 7 -1 0
0 1 0 25.6 80.5 7 -1 0
0 1 0 25.5 80.5 7 -1 0
0 1 0 25.6 80.5 7 -1 0
0 1 0 25.5 80.5 7 -1 0
0 1 0 25.6 80.5 7 -1 0
0 1 0 25.6 80.5 7 -1 0
0 1 0 25.5 80.5 7 -1 0
0 1 0 25.6 80.5 5 -1 0
0 1 0 25.6 80.0 7 -1 0
0 1 0 25.5 80.0 5 -1 0
0 1 0 25.6 80.0 5 -1 0
0 1 0 25.6 79.5 5 -1 0
0 1 0 25.5 79.5 5 -1 0
0 1 0 25.5 79.5 5 -1 0
0 1 0 25.6 79.5 5 -1 0
0 1 0 25.6 79.5 5 -1 0
0 1 0 25.6 80.0 5 -1 0
0 1 0 25.6 80.0 5 -1 0
0 1 0 25.6 80.0 5 -1 0
0 1 0 25.6 80.0 5 -1 0
0 1 0 25.6 80.0 7 -1 0
0 1 0 25.6 80.0 7 -1 0
0 1 0 25.5 80.0 5 -1 0
0 1 0 25.6 80.0 5 -1 0
0 1 0 25.5 80.0 5 -1 0
0 1 0 25.6 80.0 5 -1 0
0 1 0 25.6 80.0 7 -1 0
0 1 0 25.6 80.0 7 -1 0
0 1 0 25.6 80.0 9 -1 0
0 1 0 25.6 80.0 7 -1 0
0 1 0 25.6 80.0 7 -1 0
0 1 0 25.6 80.0 9 -1 0
0 1 0 25.6 80.0 9 -1 0
0 1 0 25.5 80.0 11 -1 0
0 1 0 25.6 80.5 8 -1 0
0 1 0 25.6 80.5 10 -1 0
0 1 0 25.5 80.5 12 -1 0
0 1 0 25.6 80.5 12 -1 0
0 1 0 25.5 80.5 10 -1 0
0 1 0 25.6 80.5 10 -1 0
0 1 0 25.6 80.5 12 -1 0
0 1 0 25.6 80.5 12 -1 0
0 1 0 25.5 80.5 10 -1 0
0 1 0 25.6 80.5 10 -1 0
0 1 0 25.6 80.0 12 -1 0
0 1 0 25.6 80.0 12 -1 0
0 1 0 25.6 80.0 12 -1 0
0 1 0 25.6 80.0 14 -1 0
0 1 0 25.6 80.0 14 -1 0
0 1 0 25.6 80.0 12 -1 0
0 1 0 25.6 80.0 12 -1 0
0 1 0 25.6 79.5 14 -1 0
0 1 0 25.6 80.0 14 -1 0
0 1 0 25.6 80.0 16 -1 0
0 1 0 25.6 80.0 15 -1 0
0 1 0 25.6 80.0 17 -1 0
0 1 0 25.7 80.0 15 -1 0
0 1 0 25.6 79.5 17 -1 0
0 1 0 25.6 79.5 17 -1 0
0 1 0 25.6 79.5 17 -1 0
0 1 0 25.6 79.5 19 -1 0
0 1 0 25.6 79.5 19 -1 0
0 1 0 25.7 79.5 21 -1 0
0 1 0 25.6 79.5 17 -1 0
0 1 0 25.6 79.5 19 -1 0
0 1 0 25.6 79.5 19 -1 0
0 1 0 25.6 79.5 19 -1 0
0 1 0 25.6 79.5 19 -1 0
0 1 0 25.6 79.5 21 -1 0
0 1 0 25.6 79.5 19 -1 0
0 1 0 25.6 79.5 21 -1 0
0 1 0 25.6 79.5 22 -1 0
0 1 0 25.6 79.5 24 -1 0
0 1 0 25.6 79.5 22 -1 0
0 1 0 25.7 79.5 24 -1 0
0 1 0 25.6 79.5 26 -1 0
0 1 0 25.6 79.5 28 -1 0
0 1 0 25.7 80.0 24 -1 0
0 1 0 25.6 80.0 24 -1 0
0 1 0 25.6 80.0 24 -1 0
0 1 0 25.7 80.0 24 -1 0
0 1 0 25.6 80.0 24 -1 0
0 1 0 25.6 79.5 24 -1 0
0 1 0 25.6 79.5 24 -1 0
0 1 0 25.7 80.0 28 -1 0
0 1 0 25.6 80.0 26 -1 0
0 1 0 25.7 79.5 24 -1 0
0 1 0 25.7 80.0 22 -1 0
0 1 0 25.7 80.0 26 -1 0
0 1 0 25.7 80.0 24 -1 0
0 1 0 25.6 80.0 24 -1 0
0 1 0 25.7 80.0 24 -1 0
0 1 0 25.7 80.0 22 -1 0
0 1 0 25.7 80.0 22 -1 0
0 1 0 25.6 80.0 22 -1 0
0 1 0 25.7 80.0 24 -1 0
0 1 0 25.7 80.0 24 -1 0
0 1 0 25.7 80.0 24 -1 0
0 1 0 25.7 80.0 24 -1 0
0 1 0 25.7 80.0 24 -1 0
0 1 0 25.7 80.0 24 -1 0
0 1 0 25.7 80.0 22 -1 0
0 1 0 25.7 80.5 20 -1 0
0 1 0 25.7 80.0 24 -1 0
0 1 0 25.7 80.0 24 -1 0
0 1 0 25.7 80.0 22 -1 0
0 1 0 25.7 80.0 22 -1 0
0 1 0 25.8 80.5 24 -1 0
0 1 0 25.6 80.5 24 -1 0
0 1 0 25.7 80.0 26 -1 0
0 1 0 25.8 80.0 26 -1 0
0 1 0 25.7 80.0 22 -1 0
0 1 0 25.8 80.5 24 -1 0
0 1 0 25.8 80.5 26 -1 0
0 1 0 25.8 80.5 28 -1 0
0 1 0 25.7 80.5 26 -1 0
0 1 0 25.7 80.0 31 -1 0
0 1 0 25.8 80.5 29 -1 0
0 1 0 25.8 80.5 31 -1 0
0 1 0 25.8 80.5 29 -1 0
0 1 0 25.8 80.5 33 -1 0
0 1 0 25.8 80.5 31 -1 0
0 1 0 25.8 80.5 31 -1 0
0 1 0 25.8 80.5 31 -1 0
0 1 0 25.8 80.5 29 -1 0
0 1 0 25.8 80.5 31 -1 0
0 1 0 25.8 80.5 31 -1 0
0 1 0 25.8 80.5 31 -1 0
0 1 0 25.8 80.5 31 -1 0
0 1 0 25.8 80.5 31 -1 0
0 1 0 25.7 80.5 32 -1 0
0 1 0 25.8 80.5 34 -1 0
0 1 0 25.8 80.5 32 -1 0
0 1 0 25.8 80.5 34 -1 0
0 1 0 25.8 80.5 36 -1 0
0 1 0 25.8 80.5 38 -1 0
0 1 0 25.8 80.5 38 -1 0
0 1 0 25.8 80.5 38 -1 0
0 1 0 25.8 80.5 38 -1 0
0 1 0 25.8 80.5 36 -1 0
0 1 0 25.8 80.5 34 -1 0
0 1 0 25.8 80.5 36 -1 0
0 1 0 25.9 80.5 34 -1 0
0 1 0 25.8 81.0 34 -1 0
0 1 0 25.9 81.0 34 -1 0
0 1 0 25.9 81.0 36 -1 0
0 1 0 25.8 81.0 34 -1 0
0 1 0 25.9 81.0 36 -1 0
0 1 0 25.8 81.0 34 -1 0
0 1 0 25.9 81.0 36 -1 0
0 1 0 25.8 81.0 36 -1 0
0 1 0 25.9 81.0 36 -1 0
0 1 0 25.8 80.5 34 -1 0
0 1 0 25.9 80.5 38 -1 0
0 1 0 25.8 80.5 36 -1 0
0 1 0 25.9 80.5 38 -1 0
0 1 0 25.9 80.5 38 -1 0
0 1 0 25.9 80.5 36 -1 0
0 1 0 25.9 81.0 38 -1 0
0 1 0 25.9 81.0 34 -1 0
0 1 0 25.9 81.5 36 -1 0
0 1 0 26.0 81.5 32 -1 0
0 1 0 25.9 81.5 33 -1 0
0 1 0 26.0 81.0 31 -1 0
0 1 0 25.9 81.0 31 -1 0
0 1 0 26.0 81.0 31 -1 0
0 1 0 25.9 81.5 33 -1 0
0 1 0 25.9 81.0 34 -1 0
0 1 0 25.9 81.0 38 -1 0
0 1 0 25.9 81.0 42 -1 0
0 1 0 25.9 81.0 45 -1 0
0 1 0 25.9 81.0 48 -1 0
0 1 0 25.9 81.0 50 -1 0
0 1 0 26.0 81.0 50 -1 0
0 1 0 25.9 81.0 48 -1 0
0 1 0 26.0 81.0 48 -1 0
0 1 0 25.9 80.5 48 -1 0
0 1 0 26.0 80.5 48 -1 0
0 1 0 25.9 80.5 43 -1 0
0 1 0 25.9 80.5 43 -1 0
0 1 0 26.0 80.5 40 -1 0
0 1 0 25.9 80.5 36 -1 0
0 1 0 25.9 80.5 38 -1 0
0 1 0 25.9 80.0 38 -1 0
0 1 0 25.8 80.5 38 -1 0
0 1 0 25.9 80.0 43 -1 0
0 1 0 25.9 80.0 43 -1 0
0 1 0 25.9 80.0 43 -1 0
0 1 0 25.9 80.0 46 -1 0
0 1 0 25.9 80.0 48 -1 0
0 1 0 25.9 80.0 50 -1 0
0 1 0 25.9 80.0 50 -1 0
0 1 0 25.9 80.0 57 -1 0
0 1 0 25.9 80.0 62 -1 0
0 1 0 25.9 80.5 62 -1 0
0 1 0 25.9 80.5 64 -1 0
0 1 0 26.0 80.5 63 -1 0
0 1 0 25.9 80.0 66 -1 0
0 1 0 25.9 80.0 64 -1 0
0 1 0 25.9 80.0 62 -1 0
0 1 0 26.0 80.0 62 -1 0
0 1 0 25.9 80.5 60 -1 0
0 1 0 25.9 80.5 62 -1 0
0 1 0 26.0 80.5 57 -1 0
0 1 0 26.0 80.5 53 -1 0
0 1 0 25.9 80.5 52 -1 0
0 1 0 26.0 81.0 46 -1 0
0 1 0 25.9 81.0 43 -1 0
0 1 0 26.0 81.0 43 -1 0
0 1 0 26.0 81.0 43 -1 0
0 1 0 25.9 81.0 47 -1 0
0 1 0 25.9 81.0 46 -1 0
0 1 0 26.0 80.5 50 -1 0
0 1 0 25.9 80.5 46 -1 0
0 1 0 26.0 80.5 50 -1 0
0 1 0 26.0 80.0 48 -1 0
0 1 0 26.0 80.0 50 -1 0
0 1 0 26.0 80.0 55 -1 0
0 1 0 26.1 80.0 55 -1 0
0 1 0 25.9 80.0 55 -1 0
0 1 0 26.0 80.0 57 -1 0
0 1 0 26.0 80.0 57 -1 0
0 1 0 26.0 80.0 55 -1 0
0 1 0 25.9 79.5 57 -1 0
0 1 0 26.0 79.5 54 -1 0
0 1 0 25.9 79.5 52 -1 0
0 1 0 26.0 80.0 47 -1 0
0 1 0 25.9 80.0 45 -1 0
0 1 0 25.9 80.0 45 -1 0
0 1 0 26.0 80.5 41 -1 0
0 1 0 26.0 80.5 40 -1 0
0 1 0 26.0 81.0 38 -1 0
0 1 0 26.0 80.5 38 -1 0
0 1 0 25.9 80.5 36 -1 0
0 1 0 26.0 80.5 36 -1 0
0 1 0 25.9 80.5 36 -1 0
0 1 0 25.9 80.5 38 -1 0
0 1 0 26.0 80.5 38 -1 0
0 1 0 26.0 80.5 38 -1 0
0 1 0 26.0 80.5 36 -1 0
0 1 0 26.0 80.0 38 -1 0
0 1 0 25.9 80.0 36 -1 0
0 1 0 26.0 80.0 38 -1 0
0 1 0 26.0 80.0 38 -1 0
0 1 0 26.0 80.0 38 -1 0
0 1 0 26.0 80.0 36 -1 0
0 1 0 26.0 80.0 40 -1 0
0 1 0 26.0 80.0 38 -1 0
0 1 0 25.9 79.5 36 -1 0
0 1 0 25.9 79.5 38 -1 0
0 1 0 25.9 79.5 36 -1 0
0 1 0 25.9 79.5 34 -1 0
0 1 0 25.9 79.5 35 -1 0
0 1 0 25.9 79.5 35 -1 0
0 1 0 26.0 79.5 34 -1 0
0 1 0 26.0 79.5 36 -1 0
0 1 0 26.0 79.5 38 -1 0
0 1 0 26.0 79.5 36 -1 0
0 1 0 26.0 79.5 38 -1 0
0 1 0 25.9 79.5 38 -1 0
0 1 0 26.0 79.5 40 -1 0
0 1 0 26.0 79.5 39 -1 0
0 1 0 25.9 79.5 41 -1 0
0 1 0 26.0 79.0 41 -1 0
0 1 0 26.0 79.0 39 -1 0
0 1 0 26.0 79.0 40 -1 0
0 1 0 25.9 79.0 38 -1 0
0 1 0 25.9 79.0 38 -1 0
0 1 0 26.0 79.0 36 -1 0
0 1 0 25.9 79.0 36 -1 0
0 1 0 26.0 79.5 34 -1 0
0 1 0 25.9 79.5 38 -1 0
0 1 0 25.9 80.0 38 -1 0
0 1 0 26.0 80.5 38 -1 0
0 1 0 26.0 80.5 38 -1 0
0 1 0 26.0 80.5 36 -1 0
0 1 0 26.0 80.5 36 -1 0
0 1 0 26.0 80.5 38 -1 0
0 1 0 26.0 80.5 34 -1 0
0 1 0 26.0 80.5 36 -1 0
0 1 0 25.9 80.5 36 -1 0
0 1 0 25.9 80.5 36 -1 0
0 1 0 26.0 80.5 36 -1 0
0 1 0 26.0 80.5 36 -1 0
0 1 0 25.9 80.0 38 -1 0
0 1 0 25.9 80.0 38 -1 0
0 1 0 26.0 80.0 39 -1 0
0 1 0 25.9 80.0 41 -1 0
0 1 0 25.9 80.0 43 -1 0
0 1 0 26.0 80.5 46 -1 0
0 1 0 26.0 80.5 48 -1 0
0 1 0 26.0 80.5 50 -1 0
0 1 0 26.0 80.5 50 -1 0
0 1 0 26.0 80.5 55 -1 0
0 1 0 26.0 80.5 55 -1 0
0 1 0 26.0 81.0 57 -1 0
0 1 0 26.0 80.5 59 -1 0
0 1 0 26.0 80.5 62 -1 0
0 1 0 26.0 80.5 62 -1 0
0 1 0 26.0 80.5 62 -1 0
0 1 0 26.0 80.5 65 -1 0
0 1 0 26.1 80.5 65 -1 0
0 1 0 26.0 80.5 65 -1 0
0 1 0 26.0 80.5 69 -1 0
0 1 0 26.0 80.5 71 -1 0
0 1 0 26.1 80.5 70 -1 0
0 1 0 26.1 81.0 70 -1 0
0 1 0 26.0 81.0 72 -1 0
0 1 0 26.1 81.5 70 -1 0
0 1 0 26.1 81.5 70 -1 0
0 1 0 26.1 81.5 72 -1 0
0 1 0 26.1 81.5 74 -1 0
0 1 0 26.0 81.5 72 -1 0
0 1 0 26.1 81.5 72 -1 0
0 1 0 26.1 81.5 74 -1 0
0 1 0 26.2 81.5 74 -1 0
0 1 0 26.2 81.0 72 -1 0
0 1 0 26.1 81.0 77 -1 0
0 1 0 26.2 80.5 75 -1 0
0 1 0 26.1 81.0 75 -1 0
0 1 0 26.2 81.0 75 -1 0
0 1 0 26.1 81.5 72 -1 0
0 1 0 26.1 81.5 74 -1 0
0 1 0 26.2 81.5 74 -1 0
0 1 0 26.1 81.5 70 -1 0
0 1 0 26.2 81.5 72 -1 0
0 1 0 26.2 81.5 72 -1 0
0 1 0 26.2 81.5 75 -1 0
0 1 0 26.1 81.5 79 -1 0
0 1 0 26.2 81.5 79 -1 0
0 1 0 26.2 81.5 79 -1 0
0 1 0 26.2 81.5 79 -1 0
0 1 0 26.1 81.0 77 -1 0
0 1 0 26.3 81.0 74 -1 0
0 1 0 26.2 81.0 72 -1 0
0 1 0 26.2 81.0 70 -1 0
0 1 0 26.1 81.0 68 -1 0
0 1 0 26.2 81.0 68 -1 0
0 1 0 26.2 81.0 72 -1 0
0 1 0 26.2 81.5 70 -1 0
0 1 0 26.2 81.0 69 -1 0
0 1 0 26.2 81.0 65 -1 0
0 1 0 26.2 81.5 65 -1 0
0 1 0 26.2 81.5 67 -1 0
0 1 0 26.3 81.5 69 -1 0
0 1 0 26.2 81.5 70 -1 0
0 1 0 26.3 81.5 72 -1 0
0 1 0 26.3 82.0 72 -1 0
0 1 0 26.2 82.0 72 -1 0
0 1 0 26.3 82.0 70 -1 0
0 1 0 26.2 82.0 72 -1 0
0 1 0 26.3 82.0 77 -1 0
0 1 0 26.3 82.0 84 -1 0
0 1 0 26.2 82.5 88 -1 0
0 1 0 26.3 82.5 87 -1 0
0 1 0 26.3 82.5 91 -1 0
0 1 0 26.3 82.5 91 -1 0
0 1 0 26.3 83.0 94 -1 0
0 1 0 26.4 83.0 92 -1 0
0 1 0 26.3 82.5 94 -1 0
0 1 0 26.3 82.5 94 -1 0
0 1 0 26.3 82.5 94 -1 0
0 1 0 26.3 82.5 96 -1 0
0 1 0 26.4 82.5 96 -1 0
0 1 0 26.3 82.5 94 -1 0
0 1 0 26.4 82.5 92 -1 0
0 1 0 26.4 82.5 91 -1 0
0 1 0 26.4 82.5 91 -1 0
0 1 0 26.4 82.5 89 -1 0
0 1 0 26.4 82.5 87 -1 0
0 1 0 26.4 82.5 89 -1 0
0 1 0 26.4 82.5 87 -1 0
0 1 0 26.4 83.0 85 -1 0
0 1 0 26.5 83.0 85 -1 0
0 1 0 26.5 83.0 85 -1 0
0 1 0 26.5 83.0 85 -1 0
0 1 0 26.5 83.0 87 -1 0
0 1 0 26.5 83.0 89 -1 0
0 1 0 26.5 83.0 87 -1 0
0 1 0 26.5 83.0 89 -1 0
0 1 0 26.5 83.0 87 -1 0
0 1 0 26.5 83.0 87 -1 0
0 1 0 26.6 83.0 89 -1 0
0 1 0 26.5 83.0 87 -1 0
0 1 0 26.5 83.0 87 -1 0
0 1 0 26.5 83.0 91 -1 0
0 1 0 26.5 83.0 92 -1 0
0 1 0 26.5 83.0 92 -1 0
0 1 0 26.6 83.0 96 -1 0
0 1 0 26.6 83.0 94 -1 0
0 1 0 26.5 83.0 96 -1 0
0 1 0 26.5 83.0 94 -1 0
0 1 0 26.6 83.0 94 -1 0
0 1 0 26.6 83.0 91 -1 0
0 1 0 26.6 83.0 89 -1 0
0 1 0 26.5 83.0 91 -1 0
0 1 0 26.6 83.0 86 -1 0
0 1 0 26.6 83.0 84 -1 0
0 1 0 26.6 83.0 77 -1 0
0 1 0 26.6 83.0 75 -1 0
0 1 0 26.6 83.0 72 -1 0
0 1 0 26.6 83.0 74 -1 0
0 1 0 26.6 83.0 74 -1 0
0 1 0 26.7 83.0 72 -1 0
0 1 0 26.6 83.0 72 -1 0
0 1 0 26.6 83.0 72 -1 0
0 1 0 26.7 83.0 72 -1 0
0 1 0 26.6 83.0 72 -1 0
0 1 0 26.6 83.0 68 -1 0
0 1 0 26.6 83.0 69 -1 0
0 1 0 26.7 83.0 69 -1 0
0 1 0 26.6 83.0 69 -1 0
0 1 0 26.6 83.0 67 -1 0
0 1 0 26.7 83.0 65 -1 0
0 1 0 26.6 83.0 65 -1 0
0 1 0 26.7 83.0 65 -1 0
0 1 0 26.7 83.0 64 -1 0
0 1 0 26.7 83.0 60 -1 0
0 1 0 26.7 83.0 62 -1 0
0 1 0 26.6 83.0 60 -1 0
0 1 0 26.6 82.5 60 -1 0
0 1 0 26.6 82.0 58 -1 0
0 1 0 26.7 82.0 57 -1 0
0 1 0 26.6 82.0 55 -1 0
0 1 0 26.6 82.0 55 -1 0
0 1 0 26.6 82.0 57 -1 0
0 1 0 26.6 82.0 56 -1 0
0 1 0 26.6 82.0 58 -1 0
0 1 0 26.5 82.0 58 -1 0
0 1 0 26.6 82.0 62 -1 0
0 1 0 26.5 82.0 60 -1 0
0 1 0 26.5 82.0 60 -1 0
0 1 0 26.5 82.0 60 -1 0
0 1 0 26.5 82.0 62 -1 0
0 1 0 26.6 82.0 58 -1 0
0 1 0 26.6 82.0 62 -1 0
0 1 0 26.5 82.0 55 -1 0
0 1 0 26.5 82.5 51 -1 0
0 1 0 26.6 82.5 53 -1 0
0 1 0 26.5 82.5 52 -1 0
0 1 0 26.6 83.0 50 -1 0
0 1 0 26.6 83.0 52 -1 0
0 1 0 26.6 83.0 50 -1 0
0 1 0 26.6 83.0 50 -1 0
0 1 0 26.6 83.0 50 -1 0
0 1 0 26.6 82.5 50 -1 0
0 1 0 26.6 83.0 45 -1 0
0 1 0 26.6 83.0 45 -1 0
0 1 0 26.6 83.0 47 -1 0
0 1 0 26.6 83.5 50 -1 0
0 1 0 26.6 83.5 53 -1 0
0 1 0 26.6 83.5 53 -1 0
0 1 0 26.5 83.5 53 -1 0
0 1 0 26.6 83.5 55 -1 0
0 1 0 26.6 83.5 57 -1 0
0 1 0 26.6 83.5 55 -1 0
0 1 0 26.6 83.5 55 -1 0
0 1 0 26.6 83.5 52 -1 0
0 1 0 26.6 83.5 50 -1 0
0 1 0 26.6 83.5 43 -1 0
0 1 0 26.6 83.5 43 -1 0
0 1 0 26.6 83.5 47 -1 0
0 1 0 26.6 83.5 48 -1 0
0 1 0 26.6 83.5 48 -1 0
0 1 0 26.6 83.5 51 -1 0
0 1 0 26.6 83.5 53 -1 0
0 1 0 26.6 83.5 53 -1 0
0 1 0 26.7 83.5 55 -1 0
0 1 0 26.6 83.5 55 -1 0
0 1 0 26.6 83.5 56 -1 0
0 1 0 26.6 83.5 58 -1 0
0 1 0 26.6 83.5 58 -1 0
0 1 0 26.6 83.0 58 -1 0
0 1 0 26.6 83.0 58 -1 0
0 1 0 26.6 83.0 62 -1 0
0 1 0 26.6 83.0 65 -1 0
0 1 0 26.6 83.5 65 -1 0
0 1 0 26.7 83.5 65 -1 0
0 1 0 26.6 83.5 67 -1 0
0 1 0 26.6 83.5 65 -1 0
0 1 0 26.6 83.5 67 -1 0
0 1 0 26.6 83.0 67 -1 0
0 1 0 26.5 83.0 65 -1 0
0 1 0 26.6 83.5 67 -1 0
0 1 0 26.6 83.5 68 -1 0
0 1 0 26.6 83.5 72 -1 0
0 1 0 26.6 83.5 74 -1 0
0 1 0 26.6 83.0 75 -1 0
0 1 0 26.6 83.0 73 -1 0
0 1 0 26.6 83.0 73 -1 0
0 1 0 26.6 83.0 79 -1 0
0 1 0 26.6 83.0 75 -1 0
0 1 0 26.6 83.0 75 -1 0
0 1 0 26.6 83.5 75 -1 0
0 1 0 26.6 83.5 73 -1 0
0 1 0 26.5 83.5 75 -1 0
0 1 0 26.6 83.5 72 -1 0
0 1 0 26.6 83.5 70 -1 0
0 1 0 26.6 83.5 74 -1 0
0 1 0 26.7 83.5 72 -1 0
0 1 0 26.7 83.5 70 -1 0
0 1 0 26.6 83.5 70 -1 0
0 1 0 26.7 83.5 70 -1 0
0 1 0 26.7 83.5 70 -1 0
0 1 0 26.7 84.0 70 -1 0
0 1 0 26.7 84.0 65 -1 0
0 1 0 26.7 84.0 65 -1 0
0 1 0 26.7 83.5 67 -1 0
0 1 0 26.6 84.0 63 -1 0
0 1 0 26.7 84.0 60 -1 0
0 1 0 26.8 84.0 58 -1 0
0 1 0 26.8 84.0 58 -1 0
0 1 0 26.7 84.0 56 -1 0
0 1 0 26.7 84.0 57 -1 0
0 1 0 26.7 84.0 55 -1 0
0 1 0 26.7 84.0 53 -1 0
0 1 0 26.8 84.0 57 -1 0
0 1 0 26.7 84.0 55 -1 0
0 1 0 26.8 84.0 53 -1 0
0 1 0 26.8 84.0 51 -1 0
0 1 0 26.8 84.0 53 -1 0
0 1 0 26.8 84.0 51 -1 0
0 1 0 26.7 84.0 51 -1 0
0 1 0 26.8 84.0 53 -1 0
0 1 0 26.8 84.0 50 -1 0
0 1 0 26.8 84.0 50 -1 0
0 1 0 26.8 84.0 50 -1 0
0 1 0 26.8 84.0 50 -1 0
0 1 0 26.8 84.0 48 -1 0
0 1 0 26.8 84.0 50 -1 0
0 1 0 26.8 84.0 46 -1 0
0 1 0 26.8 84.0 46 -1 0
0 1 0 26.8 84.0 46 -1 0
0 1 0 26.8 84.0 46 -1 0
0 1 0 26.9 84.0 48 -1 0
0 1 0 26.9 84.0 48 -1 0
0 1 0 26.9 84.0 48 -1 0
0 1 0 26.9 84.0 44 -1 0
0 1 0 26.8 84.0 46 -1 0
0 1 0 26.8 84.0 43 -1 0
0 1 0 26.9 84.0 45 -1 0
0 1 0 26.8 84.0 43 -1 0
0 1 0 26.8 84.0 41 -1 0
0 1 0 26.9 84.0 41 -1 0
0 1 0 26.8 84.0 43 -1 0
0 1 0 26.9 84.0 41 -1 0
0 1 0 26.9 84.0 43 -1 0
0 1 0 26.8 84.0 41 -1 0
0 1 0 26.8 84.0 39 -1 0
0 1 0 26.8 84.0 39 -1 0
0 1 0 26.8 84.0 43 -1 0
0 1 0 26.8 84.0 41 -1 0
0 1 0 26.8 84.0 43 -1 0
0 1 0 26.8 84.0 43 -1 0
0 1 0 26.8 84.0 43 -1 0
0 1 0 26.8 84.0 43 -1 0
0 1 0 26.8 84.0 43 -1 0
0 1 0 26.8 84.0 45 -1 0
0 1 0 26.8 84.0 45 -1 0
0 1 0 26.8 84.0 43 -1 0
0 1 0 26.9 84.0 43 -1 0
0 1 0 26.7 83.5 39 -1 0
0 1 0 26.8 83.5 41 -1 0
0 1 0 26.8 83.0 39 -1 0
0 1 0 26.7 83.0 37 -1 0
0 1 0 26.7 83.0 39 -1 0
0 1 0 26.7 82.5 41 -1 0
0 1 0 26.6 82.5 39 -1 0
0 1 0 26.7 82.5 41 -1 0
0 1 0 26.6 82.0 43 -1 0
0 1 0 26.6 81.5 43 -1 0
0 1 0 26.6 81.0 48 -1 0
0 1 0 26.6 80.5 48 -1 0
0 1 0 26.5 80.5 53 -1 0
0 1 0 26.5 80.0 53 -1 0
0 1 0 26.5 80.5 55 -1 0
0 1 0 26.5 80.5 53 -1 0
0 1 0 26.5 80.5 57 -1 0
0 1 0 26.5 80.0 58 -1 0
0 1 0 26.4 79.5 57 -1 0
0 1 0 26.5 79.5 55 -1 0
0 1 0 26.5 79.5 55 -1 0
0 1 0 26.4 79.0 56 -1 0
0 1 0 26.3 79.0 61 -1 0
0 1 0 26.4 79.0 58 -1 0
0 1 0 26.4 78.5 58 -1 0
0 1 0 26.3 79.0 56 -1 0
0 1 0 26.3 79.0 55 -1 0
0 1 0 26.3 79.0 48 -1 0
0 1 0 26.3 78.5 48 -1 0
0 1 0 26.3 78.5 41 -1 0
0 1 0 26.3 78.5 41 -1 0
0 1 0 26.3 78.5 41 -1 0
0 1 0 26.3 78.5 41 -1 0
0 1 0 26.2 78.0 37 -1 0
0 1 0 26.2 78.5 38 -1 0
0 1 0 26.2 79.0 36 -1 0
0 1 0 26.2 79.0 34 -1 0
0 1 0 26.3 79.5 36 -1 0
0 1 0 26.2 79.5 34 -1 0
0 1 0 26.2 79.0 34 -1 0
0 1 0 26.2 80.0 32 -1 0
0 1 0 26.2 80.0 33 -1 0
0 1 0 26.3 80.5 31 -1 0
0 1 0 26.3 81.0 33 -1 0
0 1 0 26.2 81.0 33 -1 0
0 1 0 26.3 81.5 33 -1 0
0 1 0 26.3 81.5 31 -1 0
0 1 0 26.3 81.5 31 -1 0
0 1 0 26.3 81.5 31 -1 0
0 1 0 26.3 81.5 29 -1 0
0 1 0 26.3 81.5 31 -1 0
0 1 0 26.2 81.5 29 -1 0
0 1 0 26.3 81.5 29 -1 0
0 1 0 26.3 81.5 29 -1 0
0 1 0 26.3 81.5 29 -1 0
0 1 0 26.3 81.5 31 -1 0
0 1 0 26.3 81.5 31 -1 0
0 1 0 26.3 81.0 29 -1 0
0 1 0 26.2 81.0 31 -1 0
0 1 0 26.2 81.0 29 -1 0
0 1 0 26.2 81.0 35 -1 0
0 1 0 26.3 81.0 32 -1 0
0 1 0 26.2 81.0 33 -1 0
0 1 0 26.2 80.5 28 -1 0
0 1 0 26.2 81.0 24 -1 0
0 1 0 26.3 81.0 22 -1 0
0 1 0 26.3 81.5 26 -1 0
0 1 0 26.2 81.0 22 -1 0
0 1 0 26.2 81.5 21 -1 0
0 1 0 26.2 81.5 19 -1 0
0 1 0 26.2 81.5 19 -1 0
0 1 0 26.2 81.5 17 -1 0
0 1 0 26.2 81.5 17 -1 0
0 1 0 26.2 82.0 19 -1 0
0 1 0 26.3 82.0 19 -1 0
0 1 0 26.2 82.0 19 -1 0
0 1 0 26.4 82.0 19 -1 0
0 1 0 26.3 82.5 19 -1 0
0 1 0 26.3 82.5 17 -1 0
0 1 0 26.3 82.5 17 -1 0
0 1 0 26.3 82.5 19 -1 0
0 1 0 26.3 82.5 21 -1 0
0 1 0 26.3 82.5 19 -1 0
0 1 0 26.3 82.0 19 -1 0
0 1 0 26.3 81.5 21 -1 0
0 1 0 26.3 81.5 24 -1 0
0 1 0 26.2 81.5 20 -1 0
0 1 0 26.2 81.5 22 -1 0
0 1 0 26.2 81.0 24 -1 0
0 1 0 26.2 80.5 22 -1 0
0 1 0 26.3 80.5 22 -1 0
0 1 0 26.2 80.5 24 -1 0
0 1 0 26.2 80.5 26 -1 0
0 1 0 26.2 81.0 26 -1 0
0 1 0 26.2 81.5 31 -1 0
0 1 0 26.3 81.5 27 -1 0
0 1 0 26.2 81.5 29 -1 0
0 1 0 26.2 81.5 26 -1 0
0 1 0 26.2 81.0 26 -1 0
0 1 0 26.2 81.0 26 -1 0
0 1 0 26.2 81.0 26 -1 0
0 1 0 26.2 81.0 24 -1 0
0 1 0 26.2 81.0 22 -1 0
0 1 0 26.2 81.0 24 -1 0
0 1 0 26.2 81.5 19 -1 0
0 1 0 26.2 82.0 17 -1 0
0 1 0 26.2 82.0 19 -1 0
0 1 0 26.2 82.0 19 -1 0
0 1 0 26.2 82.0 17 -1 0
0 1 0 26.2 82.0 17 -1 0
0 1 0 26.2 82.0 17 -1 0
0 1 0 26.2 82.0 17 -1 0
0 1 0 26.2 82.0 19 -1 0
0 1 0 26.3 82.0 19 -1 0
0 1 0 26.2 82.5 17 -1 0
0 1 0 26.3 82.5 17 -1 0
0 1 0 26.2 82.5 15 -1 0
0 1 0 26.3 82.5 19 -1 0
0 1 0 26.3 82.5 17 -1 0
0 1 0 26.4 83.0 15 -1 0
0 1 0 26.3 82.5 12 -1 0
0 1 0 26.3 82.5 16 -1 0
0 1 0 26.3 83.0 14 -1 0
0 1 0 26.3 83.0 12 -1 0
0 1 0 26.3 83.0 14 -1 0
0 1 0 26.2 83.0 14 -1 0
0 1 0 26.4 83.0 12 -1 0
0 1 0 26.4 83.0 10 -1 0
0 1 0 26.4 83.5 14 -1 0
0 1 0 26.4 83.0 12 -1 0
0 1 0 26.4 83.0 10 -1 0
0 1 0 26.4 83.0 10 -1 0
0 1 0 26.4 83.0 11 -1 0
0 1 0 26.4 83.0 9 -1 0
0 1 0 26.4 83.0 9 -1 0
0 1 0 26.3 83.5 7 -1 0
0 1 0 26.4 83.5 9 -1 0
0 1 0 26.4 83.5 9 -1 0
0 1 0 26.4 83.0 7 -1 0
0 1 0 26.3 82.5 7 -1 0
0 1 0 26.3 82.0 5 -1 0
0 1 0 26.3 82.0 9 -1 0
0 1 0 26.3 82.0 7 -1 0
0 1 0 26.3 82.0 7 -1 0
0 1 0 26.3 81.5 7 -1 0
0 1 0 26.3 81.5 5 -1 0
0 1 0 26.2 81.0 5 -1 0
0 1 0 26.3 81.0 5 -1 0
0 1 0 26.2 81.0 3 -1 0
0 1 0 26.2 80.5 6 -1 0
0 1 0 26.2 80.5 4 -1 0
0 1 0 26.2 80.5 4 -1 0
0 1 0 26.2 80.5 2 -1 0
0 1 0 26.2 81.0 2 -1 0
0 1 0 26.2 81.5 1 -1 0
0 1 0 26.2 81.5 4 -1 0
0 1 0 26.2 81.0 2 -1 0
0 1 0 26.2 80.5 2 -1 0
0 1 0 26.2 80.5 2 -1 0
0 1 0 26.1 80.0 1 -1 0
0 1 0 26.2 80.0 1 -1 0
0 1 0 26.2 79.5 1 -1 0
0 1 0 26.2 79.5 1 -1 0
0 1 0 26.1 79.0 2 -1 0
0 1 0 26.1 79.0 2 -1 0
0 1 0 26.2 79.0 2 -1 0
0 1 0 26.1 78.5 2 -1 0
0 1 0 26.0 78.5 0 -1 0
0 1 0 26.0 78.0 0 -1 0
0 1 0 26.0 78.0 0 -1 0
0 1 0 26.1 78.0 0 -1 0
0 1 0 26.0 78.0 0 -1 0
0 1 0 26.1 78.0 0 -1 0
0 1 0 26.0 77.5 1 -1 0
0 1 0 26.1 77.5 1 -1 0
0 1 0 26.0 78.0 1 -1 0
0 1 0 26.0 77.5 1 -1 0
0 1 0 26.0 77.5 1 -1 0
0 1 0 26.0 77.5 1 -1 0
0 1 0 26.0 77.0 1 -1 0
0 1 0 26.0 77.0 1 -1 0
0 1 0 26.0 77.0 1 -1 0
0 1 0 26.0 77.0 1 -1 0
0 1 0 26.0 77.0 1 -1 0
0 1 0 25.9 77.0 1 -1 0
0 1 0 25.9 77.0 1 -1 0
0 1 0 25.9 77.0 1 -1 0
0 1 0 25.9 77.0 1 -1 0
0 1 0 25.9 77.0 1 -1 0
0 1 0 25.9 77.5 1 -1 0
0 1 0 25.8 76.5 1 -1 0
0 1 0 25.8 76.5 2 -1 0
0 1 0 25.8 76.5 2 -1 0
0 1 0 25.8 76.0 2 -1 0
0 1 0 25.8 76.0 2 -1 0
0 1 0 25.8 76.0 2 -1 0
0 1 0 25.7 76.0 2 -1 0
0 1 0 25.8 76.0 2 -1 0
0 1 0 25.7 76.0 2 -1 0
0 1 0 25.7 76.0 2 -1 0
0 1 0 25.8 75.5 2 -1 0
0 1 0 25.7 75.5 2 -1 0
0 1 0 25.7 75.5 2 -1 0
0 1 0 25.7 75.5 2 -1 0
0 1 0 25.7 75.5 2 -1 0
0 1 0 25.7 75.5 2 -1 0
0 1 0 25.7 75.0 2 -1 0
0 1 0 25.6 75.0 2 -1 0
0 1 0 25.7 74.5 2 -1 0
0 1 0 25.7 74.5 2 -1 0
0 1 0 25.7 75.0 2 -1 0
0 1 0 25.7 75.5 2 -1 0
0 1 0 25.7 75.0 2 -1 0
0 1 0 25.7 75.0 2 -1 0
0 1 0 25.7 75.0 2 -1 0
0 1 0 25.7 75.0 2 -1 0
0 1 0 25.6 75.0 2 -1 0
0 1 0 25.6 75.0 2 -1 0
0 1 0 25.6 75.0 2 -1 0
0 1 0 25.6 75.0 2 -1 0
0 1 0 25.7 75.0 2 -1 0
0 1 0 25.6 75.0 2 -1 0
0 1 0 25.6 74.5 2 -1 0
0 1 0 25.6 74.5 2 -1 0
0 1 0 25.5 74.5 2 -1 0
0 1 0 25.6 74.5 2 -1 0
0 1 0 25.6 74.0 2 -1 0
0 1 0 25.6 74.0 2 -1 0
0 1 0 25.5 74.0 2 -1 0
0 1 0 25.5 74.0 2 -1 0
0 1 0 25.5 74.0 2 -1 0
0 1 0 25.5 74.0 2 -1 0
0 1 0 25.5 74.0 2 -1 0
0 1 0 25.5 74.0 2 -1 0
0 1 0 25.5 74.0 2 -1 0
0 1 0 25.5 74.0 2 -1 0
0 1 0 25.6 74.0 2 -1 0
0 1 0 25.6 74.0 2 -1 0
0 1 0 25.5 74.0 2 -1 0
0 1 0 25.5 74.0 2 -1 0
0 1 0 25.5 74.0 2 -1 0
0 1 0 25.5 74.0 2 -1 0
0 1 0 25.6 73.5 2 -1 0
0 1 0 25.4 73.5 2 -1 0
0 1 0 25.5 74.0 2 -1 0
0 1 0 25.5 74.0 2 -1 0
0 1 0 25.5 73.5 2 -1 0
0 1 0 25.5 73.5 2 -1 0
0 1 0 25.5 74.0 2 -1 0
0 1 0 25.5 74.0 2 -1 0
0 1 0 25.5 74.0 2 -1 0
0 1 0 25.5 74.0 2 -1 0
0 1 0 25.5 74.0 2 -1 0
0 1 0 25.5 74.0 2 -1 0
0 1 0 25.5 74.0 2 -1 0
0 1 0 25.5 74.0 2 -1 0
0 1 0 25.4 74.0 2 -1 0
0 1 0 25.5 74.0 2 -1 0
0 1 0 25.5 73.5 2 -1 0
0 1 0 25.4 73.5 2 -1 0
0 1 0 25.4 73.5 2 -1 0
0 1 0 25.5 74.0 2 -1 0
0 1 0 25.4 74.0 2 -1 0
0 1 0 25.5 73.5 2 -1 0
0 1 0 25.4 73.5 2 -1 0
0 1 0 25.3 73.5 2 -1 0
0 1 0 25.4 73.5 2 -1 0
0 1 0 25.4 73.5 2 -1 0
0 1 0 25.4 73.0 2 -1 0
0 1 0 25.4 73.0 2 -1 0
0 1 0 25.4 73.0 2 -1 0
0 1 0 25.4 73.0 2 -1 0
0 1 0 25.4 73.0 2 -1 0
0 1 0 25.4 73.0 2 -1 0
0 1 0 25.4 73.0 2 -1 0
0 1 0 25.4 73.0 2 -1 0
0 1 0 25.4 73.0 2 -1 0
0 1 0 25.4 73.0 2 -1 0
0 1 0 25.4 73.0 2 -1 0
0 1 0 25.3 73.0 2 -1 0
0 1 0 25.4 73.0 2 -1 0
0 1 0 25.4 73.0 2 -1 0
0 1 0 25.3 73.0 2 -1 0
0 1 0 25.4 73.0 2 -1 0
0 1 0 25.3 73.0 2 -1 0
0 1 0 25.3 73.0 2 -1 0
0 1 0 25.4 73.0 2 -1 0
0 1 0 25.3 73.0 2 -1 0
0 1 0 25.4 73.0 2 -1 0
0 1 0 25.4 73.0 2 -1 0
0 1 0 25.4 73.0 2 -1 0
0 1 0 25.3 73.0 2 -1 0
0 1 0 25.4 73.0 2 -1 0
0 1 0 25.4 73.0 2 -1 0
0 1 0 25.3 73.0 2 -1 0
0 1 0 25.4 73.0 2 -1 0
0 1 0 25.4 73.0 2 -1 0
0 1 0 25.3 73.0 2 -1 0
0 1 0 25.3 73.0 2 -1 0
0 1 0 25.3 72.5 2 -1 0
0 1 0 25.3 72.5 2 -1 0
0 1 0 25.3 72.5 2 -1 0
0 1 0 25.3 72.5 2 -1 0
0 1 0 25.3 72.5 2 -1 0
0 1 0 25.3 72.5 2 -1 0
0 1 0 25.3 72.0 2 -1 0
0 1 0 25.2 72.0 2 -1 0
0 1 0 25.3 72.5 2 -1 0
0 1 0 25.3 72.5 2 -1 0
0 1 0 25.4 72.5 2 -1 0
0 1 0 25.3 72.5 2 -1 0
0 1 0 25.3 72.5 2 -1 0
0 1 0 25.3 72.5 2 -1 0
0 1 0 25.3 72.5 2 -1 0
0 1 0 25.3 72.5 2 -1 0
0 1 0 25.3 72.5 2 -1 0
0 1 0 25.3 72.5 2 -1 0
0 1 0 25.3 73.0 2 -1 0
0 1 0 25.3 73.0 2 -1 0
0 1 0 25.3 73.0 2 -1 0
0 1 0 25.3 72.5 2 -1 0
0 1 0 25.3 72.5 2 -1 0
0 1 0 25.4 72.5 2 -1 0
0 1 0 25.3 72.5 2 -1 0
0 1 0 25.3 72.5 2 -1 0
0 1 0 25.3 73.0 2 -1 0
0 1 0 25.3 73.0 2 -1 0
0 1 0 25.4 72.5 2 -1 0
0 1 0 25.3 73.0 2 -1 0
0 1 0 25.3 73.0 2 -1 0
0 1 0 25.3 73.0 2 -1 0
0 1 0 25.4 73.5 2 -1 0
0 1 0 25.3 74.0 2 -1 0
0 1 0 25.4 73.5 2 -1 0
0 1 0 25.3 73.0 2 -1 0
0 1 0 25.3 73.5 2 -1 0
0 1 0 25.4 73.5 2 -1 0
0 1 0 25.3 73.5 2 -1 0
0 1 0 25.4 73.5 2 -1 0
0 1 0 25.3 73.5 2 -1 0
0 1 0 25.3 73.5 2 -1 0
0 1 0 25.4 73.5 2 -1 0
0 1 0 25.4 73.5 2 -1 0
0 1 0 25.4 73.5 2 -1 0
0 1 0 25.4 73.5 2 -1 0
0 1 0 25.3 73.5 2 -1 0
0 1 0 25.4 73.5 2 -1 0
0 1 0 25.4 74.0 2 -1 0
0 1 0 25.4 74.0 2 -1 0
0 1 0 25.4 74.0 2 -1 0
0 1 0 25.4 74.0 2 -1 0
0 1 0 25.4 74.0 2 -1 0
0 1 0 25.4 74.0 2 -1 0
0 1 0 25.4 74.0 2 -1 0
0 1 0 25.4 73.5 2 -1 0
0 1 0 25.4 73.5 2 -1 0
0 1 0 25.4 74.0 2 -1 0
0 1 0 25.4 73.5 2 -1 0
0 1 0 25.4 73.5 2 -1 0
0 1 0 25.3 74.0 2 -1 0
0 1 0 25.3 74.0 2 -1 0
0 1 0 25.4 74.0 2 -1 0
0 1 0 25.4 74.0 2 -1 0
0 1 0 25.5 74.0 2 -1 0
0 1 0 25.4 74.0 2 -1 0
0 1 0 25.4 74.0 2 -1 0
0 1 0 25.5 74.0 2 -1 0
0 1 0 25.4 74.0 2 -1 0
0 1 0 25.4 74.0 2 -1 0
0 1 0 25.4 74.0 2 -1 0
0 1 0 25.4 74.5 2 -1 0
0 1 0 25.4 74.5 2 -1 0
0 1 0 25.4 74.5 2 -1 0
0 1 0 25.5 74.0 2 -1 0
0 1 0 25.4 74.0 2 -1 0
0 1 0 25.5 74.5 2 -1 0
0 1 0 25.5 74.5 2 -1 0
0 1 0 25.5 74.5 2 -1 0
0 1 0 25.6 74.5 2 -1 0
0 1 0 25.5 74.5 2 -1 0
0 1 0 25.4 74.5 2 -1 0
0 1 0 25.4 74.5 2 -1 0
0 1 0 25.5 74.5 2 -1 0
0 1 0 25.4 74.5 2 -1 0
0 1 0 25.5 74.5 2 -1 0
0 1 0 25.5 74.5 2 -1 0
0 1 0 25.6 74.5 2 -1 0
0 1 0 25.5 74.5 2 -1 0
0 1 0 25.5 74.5 2 -1 0
0 1 0 25.5 74.5 2 -1 0
0 1 0 25.5 74.5 2 -1 0
0 1 0 25.5 74.5 2 -1 0
0 1 0 25.6 74.5 2 -1 0
0 1 0 25.5 74.5 2 -1 0
0 1 0 25.5 74.5 2 -1 0
0 1 0 25.5 74.5 2 -1 0
0 1 0 25.5 74.5 2 -1 0
0 1 0 25.5 74.5 2 -1 0
0 1 0 25.6 74.5 2 -1 0
0 1 0 25.5 74.5 2 -1 0
0 1 0 25.5 74.5 2 -1 0
0 1 0 25.5 75.0 2 -1 0
0 1 0 25.5 74.5 2 -1 0
0 1 0 25.6 74.5 2 -1 0
0 1 0 25.5 74.5 2 -1 0
0 1 0 25.6 74.5 2 -1 0
0 1 0 25.6 75.0 2 -1 0
0 1 0 25.6 75.0 2 -1 0
0 1 0 25.6 74.5 2 -1 0
0 1 0 25.6 74.5 2 -1 0
0 1 0 25.5 74.5 2 -1 0
0 1 0 25.6 74.5 2 -1 0
0 1 0 25.7 74.5 2 -1 0
0 1 0 25.6 74.5 2 -1 0
0 1 0 25.6 75.0 2 -1 0
0 1 0 25.6 75.0 2 -1 0
0 1 0 25.7 75.0 2 -1 0
0 1 0 25.6 75.0 2 -1 0
0 1 0 25.6 75.0 2 -1 0
0 1 0 25.6 75.0 2 -1 0
0 1 0 25.7 75.5 2 -1 0
0 1 0 25.6 75.5 2 -1 0
0 1 0 25.7 75.5 2 -1 0
0 1 0 25.7 75.5 2 -1 0
0 1 0 25.6 75.5 2 -1 0
0 1 0 25.7 75.5 2 -1 0
0 1 0 25.6 75.5 2 -1 0
0 1 0 25.7 75.5 2 -1 0
0 1 0 25.6 75.0 2 -1 0
0 1 0 25.7 75.5 2 -1 0
0 1 0 25.7 75.5 2 -1 0
0 1 0 25.7 75.0 2 -1 0
0 1 0 25.7 75.0 2 -1 0
0 1 0 25.7 75.5 2 -1 0
0 1 0 25.7 75.0 2 -1 0
0 1 0 25.7 75.5 2 -1 0
0 1 0 25.7 75.5 2 -1 0
0 1 0 25.7 75.5 2 -1 0
0 1 0 25.8 75.5 2 -1 0
0 1 0 25.7 75.0 2 -1 0
0 1 0 25.7 75.5 2 -1 0
0 1 0 25.7 75.5 2 -1 0
0 1 0 25.8 75.5 2 -1 0
0 1 0 25.7 75.5 2 -1 0
0 1 0 25.8 75.5 2 -1 0
0 1 0 25.7 75.5 2 -1 0
0 1 0 25.7 75.5 2 -1 0
0 1 0 25.8 75.5 2 -1 0
0 1 0 25.8 75.5 2 -1 0
0 1 0 25.7 75.5 2 -1 0
0 1 0 25.8 75.5 2 -1 0
0 1 0 25.8 75.5 2 -1 0
0 1 0 25.8 76.0 2 -1 0
0 1 0 25.7 76.0 2 -1 0
0 1 0 25.7 76.0 2 -1 0
0 1 0 25.8 76.0 2 -1 0
0 1 0 25.8 76.0 2 -1 0
0 1 0 25.7 76.0 2 -1 0
0 1 0 25.8 76.0 2 -1 0
0 1 0 25.8 75.5 2 -1 0
0 1 0 25.8 76.0 2 -1 0
0 1 0 25.8 75.5 2 -1 0
0 1 0 25.8 76.0 2 -1 0
0 1 0 25.8 76.0 2 -1 0
0 1 0 25.8 76.0 2 -1 0
0 1 0 25.9 76.0 2 -1 0
0 1 0 25.8 76.0 2 -1 0
0 1 0 25.7 76.0 2 -1 0
0 1 0 25.8 76.0 2 -1 0
0 1 0 25.8 76.0 2 -1 0
0 1 0 25.8 76.0 2 -1 0
0 1 0 25.8 76.0 2 -1 0
0 1 0 25.8 76.0 2 -1 0
0 1 0 25.8 76.0 2 -1 0
0 1 0 25.9 76.0 2 -1 0
0 1 0 25.8 76.0 2 -1 0
0 1 0 25.8 76.0 2 -1 0
0 1 0 25.8 76.0 2 -1 0
0 1 0 25.8 75.5 2 -1 0
0 1 0 25.8 75.5 2 -1 0
