0 1 0 25.9 75.5 2 -1 0
0 1 0 25.8 76.0 2 -1 0
0 1 0 25.8 76.0 2 -1 0
0 1 0 25.8 76.0 2 -1 0
0 1 0 25.9 76.0 2 -1 0
0 1 0 25.9 76.0 2 -1 0
0 1 0 25.9 76.0 2 -1 0
0 1 0 25.8 76.0 2 -1 0
0 1 0 25.9 76.0 2 -1 0
0 1 0 25.8 75.5 2 -1 0
0 1 0 25.9 76.0 2 -1 0
0 1 0 25.9 76.0 2 -1 0
0 1 0 25.9 75.5 2 -1 0
0 1 0 25.8 76.0 2 -1 0
0 1 0 25.9 76.0 2 -1 0
0 1 0 25.9 76.0 2 -1 0
0 1 0 25.9 75.5 2 -1 0
0 1 0 25.8 75.5 2 -1 0
0 1 0 25.9 75.5 2 -1 0
0 1 0 25.9 75.5 2 -1 0
0 1 0 25.9 76.0 2 -1 0
0 1 0 25.9 76.0 2 -1 0
0 1 0 25.9 75.5 2 -1 0
0 1 0 25.8 75.5 2 -1 0
0 1 0 25.9 76.0 2 -1 0
0 1 0 25.8 76.0 2 -1 0
0 1 0 25.9 76.0 2 -1 0
0 1 0 25.9 77.0 2 -1 0
0 1 0 25.9 77.0 2 -1 0
0 1 0 25.9 77.5 2 -1 0
0 1 0 26.0 77.0 2 -1 0
0 1 0 25.9 77.0 2 -1 0
0 1 0 25.9 77.0 2 -1 0
0 1 0 25.9 77.0 2 -1 0
0 1 0 25.9 77.0 2 -1 0
0 1 0 25.9 77.0 2 -1 0
0 1 0 25.9 77.0 2 -1 0
0 1 0 25.9 76.5 2 -1 0
0 1 0 25.9 76.5 2 -1 0
0 1 0 26.0 76.5 2 -1 0
0 1 0 25.9 76.5 2 -1 0
0 1 0 26.0 76.5 2 -1 0
0 1 0 25.9 76.5 2 -1 0
0 1 0 26.0 76.5 2 -1 0
0 1 0 25.9 76.5 2 -1 0
0 1 0 25.9 76.5 2 -1 0
0 1 0 25.9 76.5 2 -1 0
0 1 0 26.0 76.5 2 -1 0
0 1 0 26.0 76.5 2 -1 0
0 1 0 25.9 76.5 2 -1 0
0 1 0 26.0 76.5 2 -1 0
0 1 0 25.9 76.5 2 -1 0
0 1 0 26.0 76.0 2 -1 0
0 1 0 26.0 76.0 2 -1 0
0 1 0 26.0 76.0 2 -1 0
0 1 0 25.9 76.0 2 -1 0
0 1 0 25.9 76.0 2 -1 0
0 1 0 26.0 76.0 2 -1 0
0 1 0 26.0 76.0 2 -1 0
0 1 0 25.9 76.0 2 -1 0
0 1 0 26.0 76.0 2 -1 0
0 1 0 26.0 76.5 2 -1 0
0 1 0 25.9 76.5 2 -1 0
0 1 0 26.0 76.5 2 -1 0
0 1 0 26.0 76.0 2 -1 0
0 1 0 26.0 76.5 2 -1 0
0 1 0 26.0 76.5 2 -1 0
0 1 0 26.0 76.5 2 -1 0
0 1 0 25.9 76.5 2 -1 0
0 1 0 26.0 76.5 2 -1 0
0 1 0 26.0 76.5 2 -1 0
0 1 0 26.1 76.5 2 -1 0
0 1 0 26.0 76.5 2 -1 0
0 1 0 26.0 76.5 2 -1 0
0 1 0 26.0 76.0 2 -1 0
0 1 0 26.0 76.5 2 -1 0
0 1 0 25.9 76.0 2 -1 0
0 1 0 26.0 76.5 2 -1 0
0 1 0 26.0 76.5 2 -1 0
0 1 0 26.0 76.5 2 -1 0
0 1 0 26.0 76.0 2 -1 0
0 1 0 26.0 76.0 2 -1 0
0 1 0 26.0 76.0 2 -1 0
0 1 0 26.0 76.5 2 -1 0
0 1 0 26.0 76.0 2 -1 0
0 1 0 26.0 76.0 2 -1 0
0 1 0 26.0 76.5 2 -1 0
0 1 0 26.0 76.0 2 -1 0
0 1 0 26.0 76.0 2 -1 0
0 1 0 26.0 76.0 2 -1 0
0 1 0 26.0 76.0 2 -1 0
0 1 0 26.0 76.5 2 -1 0
0 1 0 26.1 76.0 2 -1 0
0 1 0 26.0 76.0 2 -1 0
0 1 0 26.0 76.0 2 -1 0
0 1 0 26.0 76.0 2 -1 0
0 1 0 26.0 76.0 2 -1 0
0 1 0 26.0 76.0 2 -1 0
0 1 0 26.0 76.0 2 -1 0
0 1 0 26.0 76.0 2 -1 0
0 1 0 26.1 76.5 2 -1 0
0 1 0 26.1 76.5 2 -1 0
0 1 0 26.0 76.5 2 -1 0
0 1 0 26.0 76.5 2 -1 0
0 1 0 26.0 76.5 2 -1 0
0 1 0 26.0 76.5 2 -1 0
0 1 0 26.0 76.5 2 -1 0
0 1 0 26.0 76.5 2 -1 0
0 1 0 26.1 76.5 2 -1 0
0 1 0 26.0 76.5 2 -1 0
0 1 0 26.1 76.5 2 -1 0
0 1 0 26.1 76.5 2 -1 0
0 1 0 26.0 76.5 2 -1 0
0 1 0 26.0 76.5 2 -1 0
0 1 0 26.0 76.5 2 -1 0
0 1 0 26.0 76.5 2 -1 0
0 1 0 26.0 76.5 2 -1 0
0 1 0 26.1 76.5 2 -1 0
0 1 0 26.1 77.5 2 -1 0
0 1 0 26.0 77.0 2 -1 0
0 1 0 26.0 77.5 2 -1 0
0 1 0 26.0 77.5 2 -1 0
0 1 0 26.0 77.0 2 -1 0
0 1 0 26.1 77.0 2 -1 0
0 1 0 26.1 77.0 2 -1 0
0 1 0 26.0 77.0 2 -1 0
0 1 0 26.0 77.0 0 -1 0
0 1 0 26.1 77.0 2 -1 0
0 1 0 26.0 77.0 2 -1 0
0 1 0 26.0 77.0 2 -1 0
0 1 0 26.1 77.0 2 -1 0
0 1 0 26.1 77.0 2 -1 0
0 1 0 26.1 77.0 2 -1 0
0 1 0 26.1 77.0 2 -1 0
0 1 0 26.1 77.0 2 -1 0
0 1 0 26.0 77.0 2 -1 0
0 1 0 26.1 77.0 2 -1 0
0 1 0 26.0 77.0 2 -1 0
0 1 0 26.1 77.0 2 -1 0
0 1 0 26.0 77.0 2 -1 0
0 1 0 26.1 77.0 2 -1 0
0 1 0 26.0 77.0 2 -1 0
0 1 0 26.1 77.0 2 -1 0
0 1 0 26.1 76.5 2 -1 0
0 1 0 26.1 76.5 2 -1 0
0 1 0 26.1 76.5 2 -1 0
0 1 0 26.1 77.0 2 -1 0
0 1 0 26.1 76.5 2 -1 0
0 1 0 26.1 77.0 2 -1 0
0 1 0 26.1 76.5 2 -1 0
0 1 0 26.1 76.5 2 -1 0
0 1 0 26.1 76.5 2 -1 0
0 1 0 26.0 76.5 2 -1 0
0 1 0 26.1 77.0 2 -1 0
0 1 0 26.1 77.0 2 -1 0
0 1 0 26.1 77.0 2 -1 0
0 1 0 26.1 77.0 2 -1 0
0 1 0 26.2 77.0 2 -1 0
0 1 0 26.1 77.0 2 -1 0
0 1 0 26.1 77.0 2 -1 0
0 1 0 26.2 77.0 2 -1 0
0 1 0 26.2 77.0 2 -1 0
0 1 0 26.1 77.0 2 -1 0
0 1 0 26.1 77.0 2 -1 0
0 1 0 26.1 77.0 2 -1 0
0 1 0 26.1 77.0 2 -1 0
0 1 0 26.1 77.0 2 -1 0
0 1 0 26.1 77.0 2 -1 0
0 1 0 26.1 77.5 2 -1 0
0 1 0 26.2 77.0 2 -1 0
0 1 0 26.1 77.5 2 -1 0
0 1 0 26.2 77.5 2 -1 0
0 1 0 26.1 77.5 2 -1 0
0 1 0 26.2 77.5 2 -1 0
0 1 0 26.2 77.5 2 -1 0
0 1 0 26.1 77.5 2 -1 0
0 1 0 26.2 77.5 2 -1 0
0 1 0 26.1 77.5 2 -1 0
0 1 0 26.1 77.0 2 -1 0
0 1 0 26.1 77.0 2 -1 0
0 1 0 26.1 77.5 2 -1 0
0 1 0 26.1 77.5 2 -1 0
0 1 0 26.1 77.5 2 -1 0
0 1 0 26.1 77.0 2 -1 0
0 1 0 26.1 77.0 2 -1 0
0 1 0 26.1 77.0 2 -1 0
0 1 0 26.1 77.0 2 -1 0
0 1 0 26.1 77.0 2 -1 0
0 1 0 26.1 77.0 2 -1 0
0 1 0 26.2 77.0 2 -1 0
0 1 0 26.2 77.5 2 -1 0
0 1 0 26.2 77.5 2 -1 0
0 1 0 26.2 78.0 2 -1 0
0 1 0 26.2 78.0 2 -1 0
0 1 0 26.2 78.0 2 -1 0
0 1 0 26.2 78.0 2 -1 0
0 1 0 26.1 78.0 2 -1 0
0 1 0 26.2 77.5 2 -1 0
0 1 0 26.1 78.0 2 -1 0
0 1 0 26.1 78.0 2 -1 0
0 1 0 26.2 78.0 2 -1 0
0 1 0 26.1 78.0 2 -1 0
0 1 0 26.2 78.0 2 -1 0
0 1 0 26.2 77.5 2 -1 0
0 1 0 26.2 77.5 2 -1 0
0 1 0 26.2 77.5 2 -1 0
0 1 0 26.2 77.5 2 -1 0
0 1 0 26.2 77.5 2 -1 0
0 1 0 26.1 77.5 2 -1 0
0 1 0 26.2 77.5 2 -1 0
0 1 0 26.2 77.5 2 -1 0
0 1 0 26.2 77.5 2 -1 0
0 1 0 26.2 77.5 2 -1 0
0 1 0 26.1 77.5 2 -1 0
0 1 0 26.1 77.0 2 -1 0
0 1 0 26.2 77.0 2 -1 0
0 1 0 26.1 77.0 2 -1 0
0 1 0 26.1 77.0 2 -1 0
0 1 0 26.2 77.0 2 -1 0
0 1 0 26.2 77.0 2 -1 0
0 1 0 26.2 77.0 2 -1 0
0 1 0 26.1 77.0 2 -1 0
0 1 0 26.2 77.0 2 -1 0
0 1 0 26.1 77.0 2 -1 0
0 1 0 26.2 77.0 2 -1 0
0 1 0 26.2 77.0 2 -1 0
0 1 0 26.2 77.0 2 -1 0
0 1 0 26.2 77.0 2 -1 0
0 1 0 26.2 77.0 2 -1 0
0 1 0 26.2 77.0 2 -1 0
0 1 0 26.2 77.0 2 -1 0
0 1 0 26.2 77.0 2 -1 0
0 1 0 26.3 77.5 2 -1 0
0 1 0 26.1 77.5 2 -1 0
0 1 0 26.2 77.5 2 -1 0
0 1 0 26.1 77.5 2 -1 0
0 1 0 26.1 77.5 2 -1 0
0 1 0 26.2 77.5 2 -1 0
0 1 0 26.1 77.5 2 -1 0
0 1 0 26.2 77.5 2 -1 0
0 1 0 26.1 77.5 2 -1 0
0 1 0 26.1 77.5 2 -1 0
0 1 0 26.2 77.5 2 -1 0
0 1 0 26.2 77.0 2 -1 0
0 1 0 26.2 77.0 2 -1 0
0 1 0 26.2 77.0 2 -1 0
0 1 0 26.1 77.0 2 -1 0
0 1 0 26.2 77.0 2 -1 0
0 1 0 26.1 77.0 2 -1 0
0 1 0 26.2 77.0 2 -1 0
0 1 0 26.2 77.0 2 -1 0
0 1 0 26.2 77.0 2 -1 0
0 1 0 26.2 77.0 2 -1 0
0 1 0 26.2 77.0 2 -1 0
0 1 0 26.2 77.0 2 -1 0
0 1 0 26.2 77.0 2 -1 0
0 1 0 26.2 77.0 2 -1 0
0 1 0 26.2 77.0 2 -1 0
0 1 0 26.2 77.0 2 -1 0
0 1 0 26.2 77.0 2 -1 0
0 1 0 26.2 77.0 2 -1 0
0 1 0 26.2 77.0 2 -1 0
0 1 0 26.2 77.0 2 -1 0
0 1 0 26.1 77.0 2 -1 0
0 1 0 26.2 77.0 2 -1 0
0 1 0 26.2 77.0 2 -1 0
0 1 0 26.1 77.0 2 -1 0
0 1 0 26.2 77.5 2 -1 0
0 1 0 26.2 77.5 2 -1 0
0 1 0 26.1 77.5 2 -1 0
0 1 0 26.2 77.5 2 -1 0
0 1 0 26.2 77.5 2 -1 0
0 1 0 26.1 77.5 2 -1 0
0 1 0 26.2 78.0 2 -1 0
0 1 0 26.2 78.0 2 -1 0
0 1 0 26.2 78.0 2 -1 0
0 1 0 26.2 78.0 2 -1 0
0 1 0 26.2 78.0 2 -1 0
0 1 0 26.2 78.0 2 -1 0
0 1 0 26.2 78.0 2 -1 0
0 1 0 26.2 78.0 2 -1 0
0 1 0 26.2 78.0 2 -1 0
0 1 0 26.2 78.0 2 -1 0
0 1 0 26.2 78.0 2 -1 0
0 1 0 26.2 78.0 2 -1 0
0 1 0 26.2 78.0 2 -1 0
0 1 0 26.2 78.0 2 -1 0
0 1 0 26.2 78.0 2 -1 0
0 1 0 26.2 78.0 2 -1 0
0 1 0 26.2 78.0 2 -1 0
0 1 0 26.2 78.0 2 -1 0
0 1 0 26.2 78.0 2 -1 0
0 1 0 26.2 78.0 2 -1 0
0 1 0 26.2 78.0 2 -1 0
0 1 0 26.2 78.5 2 -1 0
0 1 0 26.2 78.5 2 -1 0
0 1 0 26.2 78.5 2 -1 0
0 1 0 26.2 78.5 2 -1 0
0 1 0 26.2 78.5 2 -1 0
0 1 0 26.3 78.0 2 -1 0
0 1 0 26.2 78.5 2 -1 0
0 1 0 26.2 78.5 2 -1 0
0 1 0 26.2 78.0 1 -1 0
0 1 0 26.1 78.0 1 -1 0
0 1 0 26.2 78.5 1 -1 0
0 1 0 26.2 78.0 1 -1 0
0 1 0 26.2 78.0 1 -1 0
0 1 0 26.2 78.0 1 -1 0
0 1 0 26.3 78.0 1 -1 0
0 1 0 26.2 78.0 1 -1 0
0 1 0 26.2 78.0 1 -1 0
0 1 0 26.2 78.0 1 -1 0
0 1 0 26.2 78.0 1 -1 0
0 1 0 26.3 78.0 1 -1 0
0 1 0 26.2 78.0 1 -1 0
0 1 0 26.2 78.0 1 -1 0
0 1 0 26.3 78.0 1 -1 0
0 1 0 26.3 78.0 0 -1 0
0 1 0 26.2 78.0 0 -1 0
0 1 0 26.3 78.0 0 -1 0
0 1 0 26.2 78.0 0 -1 0
0 1 0 26.2 78.0 0 -1 0
0 1 0 26.2 78.0 0 -1 0
0 1 0 26.2 78.0 0 -1 0
0 1 0 26.2 78.0 2 -1 0
0 1 0 26.2 78.0 2 -1 0
0 1 0 26.2 78.0 2 -1 0
0 1 0 26.3 78.5 2 -1 0
0 1 0 26.3 78.5 2 -1 0
0 1 0 26.2 78.5 2 -1 0
0 1 0 26.2 78.5 2 -1 0
0 1 0 26.2 78.5 2 -1 0
0 1 0 26.2 78.5 1 -1 0
0 1 0 26.2 78.5 1 -1 0
0 1 0 26.3 78.5 1 -1 0
0 1 0 26.3 78.5 1 -1 0
0 1 0 26.2 78.5 1 -1 0
0 1 0 26.2 78.5 2 -1 0
0 1 0 26.2 78.5 2 -1 0
0 1 0 26.2 79.0 2 -1 0
0 1 0 26.2 79.0 4 -1 0
0 1 0 26.2 79.0 1 -1 0
0 1 0 26.2 79.0 2 -1 0
0 1 0 26.2 79.0 2 -1 0
0 1 0 26.2 79.0 4 -1 0
0 1 0 26.2 79.0 6 -1 0
0 1 0 26.2 79.0 5 -1 0
0 1 0 26.3 79.0 7 -1 0
0 1 0 26.2 79.0 5 -1 0
0 1 0 26.2 79.0 7 -1 0
0 1 0 26.3 79.0 9 -1 0
0 1 0 26.3 78.5 5 -1 0
0 1 0 26.3 78.5 7 -1 0
0 1 0 26.2 78.5 11 -1 0
0 1 0 26.3 78.5 10 -1 0
0 1 0 26.2 78.5 10 -1 0
0 1 0 26.3 78.5 12 -1 0
0 1 0 26.3 78.5 12 -1 0
0 1 0 26.3 78.5 14 -1 0
0 1 0 26.3 78.5 15 -1 0
0 1 0 26.3 78.5 19 -1 0
0 1 0 26.3 78.5 17 -1 0
0 1 0 26.3 78.0 19 -1 0
0 1 0 26.3 78.0 19 -1 0
0 1 0 26.2 78.0 17 -1 0
0 1 0 26.2 78.5 21 -1 0
0 1 0 26.3 78.5 22 -1 0
0 1 0 26.3 78.5 24 -1 0
0 1 0 26.3 78.5 24 -1 0
0 1 0 26.3 79.0 22 -1 0
0 1 0 26.3 79.0 26 -1 0
0 1 0 26.3 79.0 27 -1 0
0 1 0 26.3 79.0 29 -1 0
0 1 0 26.3 78.5 31 -1 0
0 1 0 26.3 78.5 27 -1 0
0 1 0 26.2 78.5 29 -1 0
0 1 0 26.3 78.5 31 -1 0
0 1 0 26.3 78.5 29 -1 0
0 1 0 26.3 78.5 33 -1 0
0 1 0 26.3 79.0 35 -1 0
0 1 0 26.3 79.0 34 -1 0
0 1 0 26.3 78.5 36 -1 0
0 1 0 26.3 78.5 38 -1 0
0 1 0 26.4 79.0 38 -1 0
0 1 0 26.3 79.0 34 -1 0
0 1 0 26.3 79.0 40 -1 0
0 1 0 26.3 79.0 43 -1 0
0 1 0 26.3 79.5 45 -1 0
0 1 0 26.4 79.5 49 -1 0
0 1 0 26.3 79.5 52 -1 0
0 1 0 26.3 79.5 64 -1 0
0 1 0 26.3 79.5 84 -1 0
0 1 0 26.4 79.5 62 -1 0
0 1 0 26.4 79.5 43 -1 0
0 1 0 26.4 79.0 40 -1 0
0 1 0 26.4 79.5 38 -1 0
0 1 0 26.4 79.5 38 -1 0
0 1 0 26.4 79.5 43 -1 0
0 1 0 26.4 79.5 40 -1 0
0 1 0 26.4 79.5 31 -1 0
0 1 0 26.4 79.5 26 -1 0
0 1 0 26.3 79.5 24 -1 0
0 1 0 26.5 79.5 26 -1 0
0 1 0 26.4 79.5 24 -1 0
0 1 0 26.5 79.0 22 -1 0
0 1 0 26.4 79.5 22 -1 0
0 1 0 26.4 79.5 22 -1 0
0 1 0 26.4 79.5 24 -1 0
0 1 0 26.5 79.5 24 -1 0
0 1 0 26.4 79.5 22 -1 0
0 1 0 26.4 79.5 24 -1 0
0 1 0 26.4 79.5 26 -1 0
0 1 0 26.5 79.5 24 -1 0
0 1 0 26.4 79.5 26 -1 0
0 1 0 26.4 79.5 28 -1 0
0 1 0 26.4 79.5 27 -1 0
0 1 0 26.5 79.5 27 -1 0
0 1 0 26.5 79.5 27 -1 0
0 1 0 26.5 79.5 31 -1 0
0 1 0 26.5 79.5 31 -1 0
0 1 0 26.5 79.0 27 -1 0
0 1 0 26.5 79.0 27 -1 0
0 1 0 26.5 79.0 29 -1 0
0 1 0 26.5 79.0 31 -1 0
0 1 0 26.5 79.5 33 -1 0
0 1 0 26.5 79.5 29 -1 0
0 1 0 26.5 79.0 31 -1 0
0 1 0 26.5 79.0 33 -1 0
0 1 0 26.5 79.0 35 -1 0
0 1 0 26.5 79.0 35 -1 0
0 1 0 26.5 79.5 36 -1 0
0 1 0 26.5 79.5 36 -1 0
0 1 0 26.5 79.5 38 -1 0
0 1 0 26.5 79.5 41 -1 0
0 1 0 26.5 79.5 43 -1 0
0 1 0 26.5 79.5 45 -1 0
0 1 0 26.5 79.5 46 -1 0
0 1 0 26.5 79.5 48 -1 0
0 1 0 26.5 79.5 50 -1 0
0 1 0 26.6 79.5 50 -1 0
0 1 0 26.6 79.5 51 -1 0
0 1 0 26.5 79.5 55 -1 0
0 1 0 26.6 79.5 53 -1 0
0 1 0 26.5 79.0 57 -1 0
0 1 0 26.5 79.0 60 -1 0
0 1 0 26.6 79.5 62 -1 0
0 1 0 26.6 79.5 62 -1 0
0 1 0 26.5 79.5 72 -1 0
0 1 0 26.6 79.5 148 -1 0
0 1 0 26.6 79.5 129 -1 0
0 1 0 26.6 79.5 90 -1 0
0 1 0 26.7 79.5 80 -1 0
0 1 0 26.7 79.5 71 -1 0
0 1 0 26.6 79.5 69 -1 0
0 1 0 26.6 79.5 64 -1 0
0 1 0 26.6 79.5 62 -1 0
0 1 0 26.6 79.5 66 -1 0
0 1 0 26.7 79.5 55 -1 0
0 1 0 26.6 79.5 50 -1 0
0 1 0 26.7 80.0 43 -1 0
0 1 0 26.7 80.0 41 -1 0
0 1 0 26.7 80.0 45 -1 0
0 1 0 26.6 80.0 39 -1 0
0 1 0 26.7 80.0 38 -1 0
0 1 0 26.7 80.0 36 -1 0
0 1 0 26.7 80.0 36 -1 0
0 1 0 26.7 79.5 38 -1 0
0 1 0 26.7 79.5 38 -1 0
0 1 0 26.7 80.0 38 -1 0
0 1 0 26.6 79.5 38 -1 0
0 1 0 26.6 79.5 36 -1 0
0 1 0 26.6 79.5 38 -1 0
0 1 0 26.7 79.5 38 -1 0
0 1 0 26.7 79.5 38 -1 0
0 1 0 26.7 79.5 38 -1 0
0 1 0 26.6 79.5 38 -1 0
0 1 0 26.7 79.5 38 -1 0
0 1 0 26.7 79.5 38 -1 0
0 1 0 26.7 79.5 38 -1 0
0 1 0 26.7 79.5 38 -1 0
0 1 0 26.7 79.5 36 -1 0
0 1 0 26.7 79.5 36 -1 0
0 1 0 26.7 79.5 38 -1 0
0 1 0 26.7 79.5 40 -1 0
0 1 0 26.7 79.5 37 -1 0
0 1 0 26.7 79.5 39 -1 0
0 1 0 26.8 80.0 41 -1 0
0 1 0 26.8 80.0 41 -1 0
0 1 0 26.7 79.5 43 -1 0
0 1 0 26.7 80.0 43 -1 0
0 1 0 26.7 80.0 45 -1 0
0 1 0 26.7 80.0 43 -1 0
0 1 0 26.7 80.0 46 -1 0
0 1 0 26.7 80.0 46 -1 0
0 1 0 26.8 80.0 46 -1 0
0 1 0 26.8 80.0 46 -1 0
0 1 0 26.7 80.0 46 -1 0
0 1 0 26.8 80.0 46 -1 0
0 1 0 26.8 80.0 49 -1 0
0 1 0 26.8 80.0 43 -1 0
0 1 0 26.7 80.0 43 -1 0
0 1 0 26.8 80.0 45 -1 0
0 1 0 26.8 80.0 45 -1 0
0 1 0 26.8 80.0 43 -1 0
0 1 0 26.8 80.5 41 -1 0
0 1 0 26.8 80.5 45 -1 0
0 1 0 26.7 80.0 43 -1 0
0 1 0 26.8 80.5 43 -1 0
0 1 0 26.8 80.5 41 -1 0
0 1 0 26.8 80.5 43 -1 0
0 1 0 26.7 80.5 45 -1 0
0 1 0 26.9 80.5 46 -1 0
0 1 0 26.8 80.5 46 -1 0
0 1 0 26.9 80.5 48 -1 0
0 1 0 26.8 80.5 46 -1 0
0 1 0 26.8 80.5 48 -1 0
0 1 0 26.9 80.5 48 -1 0
0 1 0 26.9 80.5 50 -1 0
0 1 0 26.9 81.0 48 -1 0
0 1 0 26.8 81.0 50 -1 0
0 1 0 26.8 81.0 53 -1 0
0 1 0 26.9 81.0 51 -1 0
0 1 0 26.9 81.0 53 -1 0
0 1 0 26.9 81.0 51 -1 0
0 1 0 26.9 81.0 53 -1 0
0 1 0 26.9 81.0 55 -1 0
0 1 0 27.0 81.0 53 -1 0
0 1 0 26.9 81.0 57 -1 0
0 1 0 26.9 81.0 58 -1 0
0 1 0 26.9 81.0 60 -1 0
0 1 0 27.0 81.0 64 -1 0
0 1 0 26.9 81.0 63 -1 0
0 1 0 26.9 81.0 67 -1 0
0 1 0 27.0 81.0 70 -1 0
0 1 0 26.9 81.0 70 -1 0
0 1 0 27.0 81.0 75 -1 0
0 1 0 27.0 81.0 77 -1 0
0 1 0 27.0 81.0 86 -1 0
0 1 0 27.0 81.0 84 -1 0
0 1 0 27.0 81.0 86 -1 0
0 1 0 27.0 81.0 82 -1 0
0 1 0 27.0 81.0 84 -1 0
0 1 0 27.0 81.0 86 -1 0
0 1 0 27.0 81.0 86 -1 0
0 1 0 27.0 81.0 87 -1 0
0 1 0 27.0 81.0 87 -1 0
0 1 0 27.1 81.0 89 -1 0
0 1 0 27.1 80.5 87 -1 0
0 1 0 27.0 80.5 91 -1 0
0 1 0 27.1 81.0 91 -1 0
0 1 0 27.1 81.0 89 -1 0
0 1 0 27.0 81.0 91 -1 0
0 1 0 27.1 81.0 92 -1 0
0 1 0 27.1 81.0 93 -1 0
0 1 0 27.0 81.0 88 -1 0
0 1 0 27.1 81.0 84 -1 0
0 1 0 27.1 81.0 84 -1 0
0 1 0 27.2 81.0 80 -1 0
0 1 0 27.1 81.0 79 -1 0
0 1 0 27.1 81.0 81 -1 0
0 1 0 27.1 81.0 79 -1 0
0 1 0 27.1 81.0 77 -1 0
0 1 0 27.1 81.0 77 -1 0
0 1 0 27.1 80.5 72 -1 0
0 1 0 27.0 80.5 72 -1 0
0 1 0 27.1 81.0 74 -1 0
0 1 0 27.1 81.0 69 -1 0
0 1 0 27.1 80.5 65 -1 0
0 1 0 27.1 80.5 63 -1 0
0 1 0 27.1 81.0 60 -1 0
0 1 0 27.1 81.0 62 -1 0
0 1 0 27.1 80.5 59 -1 0
0 1 0 27.1 81.0 57 -1 0
0 1 0 27.1 81.0 57 -1 0
0 1 0 27.1 81.0 55 -1 0
0 1 0 27.1 81.0 55 -1 0
0 1 0 27.1 81.0 55 -1 0
0 1 0 27.2 81.0 55 -1 0
0 1 0 27.1 81.0 55 -1 0
0 1 0 27.1 81.0 55 -1 0
0 1 0 27.2 80.5 55 -1 0
0 1 0 27.1 80.5 55 -1 0
0 1 0 27.1 80.5 55 -1 0
0 1 0 27.1 80.5 55 -1 0
0 1 0 27.2 80.5 53 -1 0
0 1 0 27.2 80.5 55 -1 0
0 1 0 27.2 80.5 57 -1 0
0 1 0 27.1 80.5 57 -1 0
0 1 0 27.1 80.5 55 -1 0
0 1 0 27.1 80.5 57 -1 0
0 1 0 27.2 81.0 56 -1 0
0 1 0 27.2 81.0 60 -1 0
0 1 0 27.3 81.0 58 -1 0
0 1 0 27.2 81.0 62 -1 0
0 1 0 27.1 81.0 62 -1 0
0 1 0 27.2 81.0 62 -1 0
0 1 0 27.2 81.0 63 -1 0
0 1 0 27.2 81.0 63 -1 0
0 1 0 27.2 81.0 69 -1 0
0 1 0 27.3 81.0 71 -1 0
0 1 0 27.2 81.0 70 -1 0
0 1 0 27.1 81.0 72 -1 0
0 1 0 27.2 81.0 75 -1 0
0 1 0 27.2 81.0 77 -1 0
0 1 0 27.2 81.0 81 -1 0
0 1 0 27.3 81.0 82 -1 0
0 1 0 27.3 81.0 84 -1 0
0 1 0 27.3 81.0 88 -1 0
0 1 0 27.2 81.0 91 -1 0
0 1 0 27.2 81.0 93 -1 0
0 1 0 27.2 81.0 96 -1 0
0 1 0 27.2 81.0 92 -1 0
0 1 0 27.3 81.0 96 -1 0
0 1 0 27.3 81.0 101 -1 0
0 1 0 27.2 81.0 101 -1 0
0 1 0 27.3 81.0 101 -1 0
0 1 0 27.3 81.0 105 -1 0
0 1 0 27.3 81.0 101 -1 0
0 1 0 27.3 81.0 103 -1 0
0 1 0 27.3 81.0 103 -1 0
0 1 0 27.3 81.0 99 -1 0
0 1 0 27.3 81.0 103 -1 0
0 1 0 27.3 81.0 108 -1 0
0 1 0 27.3 81.0 110 -1 0
0 1 0 27.4 80.5 113 -1 0
0 1 0 27.4 81.0 115 -1 0
0 1 0 27.4 81.0 113 -1 0
0 1 0 27.3 81.0 110 -1 0
0 1 0 27.4 81.0 113 -1 0
0 1 0 27.4 81.0 115 -1 0
0 1 0 27.4 81.0 113 -1 0
0 1 0 27.4 81.0 118 -1 0
0 1 0 27.4 81.0 120 -1 0
0 1 0 27.4 81.0 117 -1 0
0 1 0 27.4 81.0 117 -1 0
0 1 0 27.5 81.0 115 -1 0
0 1 0 27.5 81.0 111 -1 0
0 1 0 27.4 81.0 108 -1 0
0 1 0 27.5 81.0 110 -1 0
0 1 0 27.5 81.0 112 -1 0
0 1 0 27.6 81.0 110 -1 0
0 1 0 27.6 81.0 113 -1 0
0 1 0 27.6 81.0 113 -1 0
0 1 0 27.6 81.0 108 -1 0
0 1 0 27.6 81.0 108 -1 0
0 1 0 27.6 81.0 105 -1 0
0 1 0 27.6 81.0 105 -1 0
0 1 0 27.6 81.0 108 -1 0
0 1 0 27.7 81.0 114 -1 0
0 1 0 27.6 81.0 121 -1 0
0 1 0 27.6 81.0 119 -1 0
0 1 0 27.6 81.0 121 -1 0
0 1 0 27.7 81.0 122 -1 0
0 1 0 27.7 81.0 123 -1 0
0 1 0 27.7 81.0 117 -1 0
0 1 0 27.6 81.0 121 -1 0
0 1 0 27.7 81.0 135 -1 0
0 1 0 27.7 81.0 138 -1 0
0 1 0 27.7 81.0 131 -1 0
0 1 0 27.8 81.0 120 -1 0
0 1 0 27.8 81.0 106 -1 0
0 1 0 27.8 81.0 105 -1 0
0 1 0 27.8 81.0 106 -1 0
0 1 0 27.8 80.5 108 -1 0
0 1 0 27.8 81.0 103 -1 0
0 1 0 27.8 80.5 101 -1 0
0 1 0 27.8 80.5 105 -1 0
0 1 0 27.8 81.0 103 -1 0
0 1 0 27.8 81.0 103 -1 0
0 1 0 27.8 81.0 103 -1 0
0 1 0 27.8 81.0 103 -1 0
0 1 0 27.9 81.0 105 -1 0
0 1 0 27.9 81.0 105 -1 0
0 1 0 27.8 81.0 107 -1 0
0 1 0 27.8 81.0 108 -1 0
0 1 0 27.9 81.0 101 -1 0
0 1 0 27.9 81.0 103 -1 0
0 1 0 28.0 81.0 99 -1 0
0 1 0 27.9 81.0 103 -1 0
0 1 0 28.0 81.0 111 -1 0
0 1 0 27.9 81.0 126 -1 0
0 1 0 28.0 81.0 123 -1 0
0 1 0 27.9 81.0 123 -1 0
0 1 0 28.0 81.0 120 -1 0
0 1 0 28.0 81.0 125 -1 0
0 1 0 28.0 81.0 134 -1 0
0 1 0 27.9 81.0 122 -1 0
0 1 0 28.0 81.0 108 -1 0
0 1 0 28.0 81.0 105 -1 0
0 1 0 28.0 81.0 103 -1 0
0 1 0 28.0 81.5 103 -1 0
0 1 0 28.0 81.0 103 -1 0
0 1 0 28.0 81.0 108 -1 0
0 1 0 28.1 81.0 108 -1 0
0 1 0 28.1 81.0 108 -1 0
0 1 0 28.1 81.0 108 -1 0
0 1 0 28.1 81.0 108 -1 0
0 1 0 28.0 81.0 108 -1 0
0 1 0 28.0 81.0 106 -1 0
0 1 0 28.1 81.0 107 -1 0
0 1 0 28.0 81.0 101 -1 0
0 1 0 28.1 81.0 105 -1 0
0 1 0 28.1 81.0 105 -1 0
0 1 0 28.1 81.0 105 -1 0
0 1 0 28.1 81.0 108 -1 0
0 1 0 28.0 81.0 103 -1 0
0 1 0 28.1 81.0 103 -1 0
0 1 0 28.1 81.0 110 -1 0
0 1 0 28.0 81.0 112 -1 0
0 1 0 28.1 81.0 112 -1 0
0 1 0 28.1 81.0 119 -1 0
0 1 0 28.1 81.0 111 -1 0
0 1 0 28.1 81.0 101 -1 0
0 1 0 28.2 81.0 96 -1 0
0 1 0 28.2 81.0 91 -1 0
0 1 0 28.1 81.0 89 -1 0
0 1 0 28.1 80.5 87 -1 0
0 1 0 28.2 81.0 93 -1 0
0 1 0 28.2 81.0 98 -1 0
0 1 0 28.2 80.5 101 -1 0
0 1 0 28.1 80.5 101 -1 0
0 1 0 28.3 80.5 107 -1 0
0 1 0 28.2 80.5 114 -1 0
0 1 0 28.1 80.5 111 -1 0
0 1 0 28.2 80.5 114 -1 0
0 1 0 28.2 80.0 114 -1 0
0 1 0 28.2 80.5 112 -1 0
0 1 0 28.1 80.0 104 -1 0
0 1 0 28.1 80.0 102 -1 0
0 1 0 28.2 80.0 105 -1 0
0 1 0 28.1 80.0 107 -1 0
0 1 0 28.1 80.0 102 -1 0
0 1 0 28.2 80.0 101 -1 0
0 1 0 28.2 80.0 101 -1 0
0 1 0 28.3 79.5 97 -1 0
0 1 0 28.3 79.5 90 -1 0
0 1 0 28.2 79.5 87 -1 0
0 1 0 28.3 79.5 89 -1 0
0 1 0 28.4 79.5 91 -1 0
0 1 0 28.4 79.5 95 -1 0
0 1 0 28.3 79.5 104 -1 0
0 1 0 28.3 79.5 110 -1 0
0 1 0 28.3 79.5 114 -1 0
0 1 0 28.4 79.5 108 -1 0
0 1 0 28.3 79.0 103 -1 0
0 1 0 28.3 79.0 103 -1 0
0 1 0 28.3 79.0 108 -1 0
0 1 0 28.4 79.0 105 -1 0
0 1 0 28.4 79.0 105 -1 0
0 1 0 28.4 79.0 107 -1 0
0 1 0 28.4 79.0 95 -1 0
0 1 0 28.3 79.0 94 -1 0
0 1 0 28.4 79.5 92 -1 0
0 1 0 28.3 79.5 94 -1 0
0 1 0 28.4 79.0 92 -1 0
0 1 0 28.3 79.0 88 -1 0
0 1 0 28.4 79.0 88 -1 0
0 1 0 28.3 79.0 86 -1 0
0 1 0 28.3 79.0 79 -1 0
0 1 0 28.3 79.0 79 -1 0
0 1 0 28.3 79.0 79 -1 0
0 1 0 28.3 79.0 79 -1 0
0 1 0 28.3 79.0 81 -1 0
0 1 0 28.3 78.5 81 -1 0
0 1 0 28.4 78.5 79 -1 0
0 1 0 28.4 78.5 79 -1 0
0 1 0 28.4 79.0 86 -1 0
0 1 0 28.3 79.0 85 -1 0
0 1 0 28.3 79.0 84 -1 0
0 1 0 28.3 79.0 86 -1 0
0 1 0 28.3 79.0 84 -1 0
0 1 0 28.3 79.0 89 -1 0
0 1 0 28.3 79.0 89 -1 0
0 1 0 28.3 79.0 89 -1 0
0 1 0 28.3 79.0 88 -1 0
0 1 0 28.3 79.0 86 -1 0
0 1 0 28.2 79.0 81 -1 0
0 1 0 28.2 79.0 79 -1 0
0 1 0 28.2 78.5 83 -1 0
0 1 0 28.2 78.5 79 -1 0
0 1 0 28.2 78.5 81 -1 0
0 1 0 28.1 78.5 82 -1 0
0 1 0 28.2 78.5 84 -1 0
0 1 0 28.2 78.5 85 -1 0
0 1 0 28.2 78.5 86 -1 0
0 1 0 28.2 78.5 89 -1 0
0 1 0 28.2 78.0 92 -1 0
0 1 0 28.2 78.0 93 -1 0
0 1 0 28.2 78.0 93 -1 0
0 1 0 28.2 78.0 93 -1 0
0 1 0 28.2 78.0 93 -1 0
0 1 0 28.2 78.0 90 -1 0
0 1 0 28.3 78.0 87 -1 0
0 1 0 28.3 78.0 85 -1 0
0 1 0 28.3 78.0 87 -1 0
0 1 0 28.4 78.0 86 -1 0
0 1 0 28.4 78.0 88 -1 0
0 1 0 28.3 78.0 88 -1 0
0 1 0 28.4 78.0 91 -1 0
0 1 0 28.3 78.0 91 -1 0
0 1 0 28.4 78.0 93 -1 0
0 1 0 28.3 78.0 90 -1 0
0 1 0 28.3 78.0 92 -1 0
0 1 0 28.3 78.0 92 -1 0
0 1 0 28.4 77.5 98 -1 0
0 1 0 28.4 77.5 98 -1 0
0 1 0 28.4 77.5 91 -1 0
0 1 0 28.3 78.0 91 -1 0
0 1 0 28.4 78.0 92 -1 0
0 1 0 28.4 78.0 86 -1 0
0 1 0 28.3 78.0 83 -1 0
0 1 0 28.4 78.0 77 -1 0
0 1 0 28.4 78.0 77 -1 0
0 1 0 28.4 78.0 72 -1 0
0 1 0 28.4 78.0 70 -1 0
0 1 0 28.4 78.0 78 -1 0
0 1 0 28.4 78.0 83 -1 0
0 1 0 28.4 78.0 89 -1 0
0 1 0 28.4 78.0 91 -1 0
0 1 0 28.4 78.0 94 -1 0
0 1 0 28.4 78.0 98 -1 0
0 1 0 28.4 78.0 93 -1 0
0 1 0 28.4 78.0 85 -1 0
0 1 0 28.4 77.5 88 -1 0
0 1 0 28.4 78.0 90 -1 0
0 1 0 28.4 78.0 90 -1 0
0 1 0 28.4 78.0 88 -1 0
0 1 0 28.4 78.0 87 -1 0
0 1 0 28.4 78.0 79 -1 0
0 1 0 28.4 78.0 75 -1 0
0 1 0 28.4 78.0 78 -1 0
0 1 0 28.3 78.0 75 -1 0
0 1 0 28.4 78.0 79 -1 0
0 1 0 28.3 77.5 76 -1 0
0 1 0 28.4 77.5 74 -1 0
0 1 0 28.4 77.0 74 -1 0
0 1 0 28.3 77.5 72 -1 0
0 1 0 28.4 77.5 72 -1 0
0 1 0 28.3 77.0 70 -1 0
0 1 0 28.4 77.0 70 -1 0
0 1 0 28.3 77.0 72 -1 0
0 1 0 28.3 76.5 74 -1 0
0 1 0 28.4 76.5 76 -1 0
0 1 0 28.3 76.5 77 -1 0
0 1 0 28.3 76.5 79 -1 0
0 1 0 28.2 76.5 81 -1 0
0 1 0 28.2 76.0 82 -1 0
0 1 0 28.3 76.0 78 -1 0
0 1 0 28.2 76.0 78 -1 0
0 1 0 28.2 76.0 82 -1 0
0 1 0 28.2 76.0 88 -1 0
0 1 0 28.2 77.0 90 -1 0
0 1 0 28.3 77.0 90 -1 0
0 1 0 28.3 77.0 90 -1 0
0 1 0 28.2 77.0 90 -1 0
0 1 0 28.3 77.0 90 -1 0
0 1 0 28.3 77.0 88 -1 0
0 1 0 28.4 77.0 92 -1 0
0 1 0 28.4 77.0 92 -1 0
0 1 0 28.4 76.5 92 -1 0
0 1 0 28.4 76.0 90 -1 0
0 1 0 28.3 76.0 84 -1 0
0 1 0 28.3 76.5 86 -1 0
0 1 0 28.3 76.5 78 -1 0
0 1 0 28.3 75.5 81 -1 0
0 1 0 28.3 75.5 85 -1 0
0 1 0 28.3 76.0 91 -1 0
0 1 0 28.2 76.0 86 -1 0
0 1 0 28.2 75.5 90 -1 0
0 1 0 28.2 75.5 90 -1 0
0 1 0 28.3 76.0 89 -1 0
0 1 0 28.2 75.5 94 -1 0
0 1 0 28.2 75.5 96 -1 0
0 1 0 28.2 75.5 96 -1 0
0 1 0 28.2 76.0 98 -1 0
0 1 0 28.2 76.0 96 -1 0
0 1 0 28.3 75.5 86 -1 0
0 1 0 28.4 76.0 81 -1 0
0 1 0 28.4 76.0 87 -1 0
0 1 0 28.4 76.0 91 -1 0
0 1 0 28.4 76.0 87 -1 0
0 1 0 28.4 76.0 75 -1 0
0 1 0 28.5 76.0 75 -1 0
0 1 0 28.4 76.0 70 -1 0
0 1 0 28.4 76.5 69 -1 0
0 1 0 28.4 76.5 67 -1 0
0 1 0 28.5 76.5 69 -1 0
0 1 0 28.5 76.5 72 -1 0
0 1 0 28.5 76.5 81 -1 0
0 1 0 28.5 76.5 77 -1 0
0 1 0 28.5 76.5 70 -1 0
0 1 0 28.4 76.5 75 -1 0
0 1 0 28.5 76.5 78 -1 0
0 1 0 28.5 76.5 79 -1 0
0 1 0 28.4 76.5 75 -1 0
0 1 0 28.5 76.5 74 -1 0
0 1 0 28.5 76.5 74 -1 0
0 1 0 28.5 76.0 72 -1 0
0 1 0 28.5 76.0 72 -1 0
0 1 0 28.6 76.0 71 -1 0
0 1 0 28.5 76.0 71 -1 0
0 1 0 28.5 76.0 64 -1 0
0 1 0 28.5 76.0 62 -1 0
0 1 0 28.6 76.0 62 -1 0
0 1 0 28.5 76.0 60 -1 0
0 1 0 28.6 76.0 60 -1 0
0 1 0 28.5 76.0 62 -1 0
0 1 0 28.5 76.0 62 -1 0
0 1 0 28.5 76.0 62 -1 0
0 1 0 28.5 75.5 60 -1 0
0 1 0 28.5 75.5 59 -1 0
0 1 0 28.5 75.5 57 -1 0
0 1 0 28.4 75.0 59 -1 0
0 1 0 28.4 75.0 60 -1 0
0 1 0 28.3 75.0 62 -1 0
0 1 0 28.4 75.0 62 -1 0
0 1 0 28.4 75.0 62 -1 0
0 1 0 28.3 74.5 60 -1 0
0 1 0 28.3 74.5 60 -1 0
0 1 0 28.3 74.5 62 -1 0
0 1 0 28.3 74.0 60 -1 0
0 1 0 28.2 74.0 58 -1 0
0 1 0 28.3 74.0 58 -1 0
0 1 0 28.2 74.0 58 -1 0
0 1 0 28.3 74.0 60 -1 0
0 1 0 28.3 74.0 58 -1 0
0 1 0 28.3 74.0 58 -1 0
0 1 0 28.2 74.0 62 -1 0
0 1 0 28.2 74.0 62 -1 0
0 1 0 28.1 73.5 62 -1 0
0 1 0 28.2 73.5 62 -1 0
0 1 0 28.2 73.5 60 -1 0
0 1 0 28.2 73.0 58 -1 0
0 1 0 28.2 73.0 59 -1 0
0 1 0 28.2 73.0 55 -1 0
0 1 0 28.1 73.0 55 -1 0
0 1 0 28.1 73.0 55 -1 0
0 1 0 28.1 73.0 57 -1 0
0 1 0 28.2 73.0 57 -1 0
0 1 0 28.2 73.0 55 -1 0
0 1 0 28.1 73.0 55 -1 0
0 1 0 28.2 73.0 53 -1 0
0 1 0 28.1 73.0 55 -1 0
0 1 0 28.1 73.0 53 -1 0
0 1 0 28.1 73.0 51 -1 0
0 1 0 28.1 73.0 53 -1 0
0 1 0 28.0 73.0 50 -1 0
0 1 0 28.0 73.0 48 -1 0
0 1 0 28.1 73.0 50 -1 0
0 1 0 28.0 73.0 48 -1 0
0 1 0 28.0 73.0 48 -1 0
0 1 0 28.0 73.0 48 -1 0
0 1 0 28.0 73.0 48 -1 0
0 1 0 28.0 73.0 48 -1 0
0 1 0 28.0 72.5 48 -1 0
0 1 0 28.1 72.5 48 -1 0
0 1 0 28.0 72.5 48 -1 0
0 1 0 28.0 72.5 48 -1 0
0 1 0 28.0 72.5 48 -1 0
0 1 0 27.9 72.5 48 -1 0
0 1 0 27.9 72.0 48 -1 0
0 1 0 28.0 72.0 48 -1 0
0 1 0 28.0 72.0 48 -1 0
0 1 0 27.9 72.0 46 -1 0
0 1 0 27.9 72.0 46 -1 0
0 1 0 27.9 71.5 46 -1 0
0 1 0 27.9 71.5 48 -1 0
0 1 0 27.9 71.5 46 -1 0
0 1 0 28.0 71.5 46 -1 0
0 1 0 27.9 71.5 44 -1 0
0 1 0 27.9 72.0 44 -1 0
0 1 0 27.8 71.5 46 -1 0
0 1 0 27.9 71.5 46 -1 0
0 1 0 27.9 71.5 43 -1 0
0 1 0 27.9 71.5 41 -1 0
0 1 0 27.8 71.5 43 -1 0
0 1 0 27.9 71.5 43 -1 0
0 1 0 27.8 71.5 41 -1 0
0 1 0 27.8 71.5 43 -1 0
0 1 0 27.8 71.5 41 -1 0
0 1 0 27.8 71.5 39 -1 0
0 1 0 27.9 72.0 37 -1 0
0 1 0 27.8 71.5 41 -1 0
0 1 0 27.9 72.0 39 -1 0
0 1 0 27.8 72.0 37 -1 0
0 1 0 27.8 72.0 38 -1 0
0 1 0 27.8 72.0 38 -1 0
0 1 0 27.8 72.0 36 -1 0
0 1 0 27.9 72.0 34 -1 0
0 1 0 27.8 71.5 38 -1 0
0 1 0 27.8 72.0 36 -1 0
0 1 0 27.8 72.0 36 -1 0
0 1 0 27.8 72.0 34 -1 0
0 1 0 27.8 72.0 34 -1 0
0 1 0 27.8 72.0 36 -1 0
0 1 0 27.8 72.5 36 -1 0
0 1 0 27.8 72.5 34 -1 0
0 1 0 27.8 72.5 34 -1 0
0 1 0 27.8 72.0 32 -1 0
0 1 0 27.8 72.5 35 -1 0
0 1 0 27.8 72.0 33 -1 0
0 1 0 27.8 72.5 31 -1 0
0 1 0 27.8 72.5 31 -1 0
0 1 0 27.8 72.5 33 -1 0
0 1 0 27.8 72.5 31 -1 0
0 1 0 27.8 72.5 31 -1 0
0 1 0 27.9 72.0 29 -1 0
0 1 0 27.7 72.5 31 -1 0
0 1 0 27.8 72.5 29 -1 0
0 1 0 27.8 72.5 29 -1 0
0 1 0 27.8 73.0 27 -1 0
0 1 0 27.8 73.5 27 -1 0
0 1 0 27.8 73.5 28 -1 0
0 1 0 27.9 74.0 26 -1 0
0 1 0 27.9 74.5 26 -1 0
0 1 0 27.9 75.0 24 -1 0
0 1 0 27.9 75.0 24 -1 0
0 1 0 27.9 74.5 26 -1 0
0 1 0 27.9 74.5 26 -1 0
0 1 0 27.9 74.5 26 -1 0
0 1 0 27.9 74.5 26 -1 0
0 1 0 27.9 74.5 24 -1 0
0 1 0 27.9 75.0 24 -1 0
0 1 0 27.9 74.5 24 -1 0
0 1 0 27.9 74.5 22 -1 0
0 1 0 27.9 74.5 22 -1 0
0 1 0 27.9 74.5 22 -1 0
0 1 0 27.9 74.0 26 -1 0
0 1 0 27.9 74.0 24 -1 0
0 1 0 27.9 74.0 24 -1 0
0 1 0 27.9 74.0 24 -1 0
0 1 0 27.9 74.0 22 -1 0
0 1 0 27.9 74.0 22 -1 0
0 1 0 27.9 73.5 20 -1 0
0 1 0 27.9 74.0 24 -1 0
0 1 0 27.9 74.0 21 -1 0
0 1 0 27.9 74.0 21 -1 0
0 1 0 27.9 74.0 19 -1 0
0 1 0 27.9 74.0 19 -1 0
0 1 0 27.9 73.5 21 -1 0
0 1 0 27.9 73.5 19 -1 0
0 1 0 27.9 73.5 19 -1 0
0 1 0 27.9 74.0 17 -1 0
0 1 0 27.9 74.0 19 -1 0
0 1 0 27.8 74.0 19 -1 0
0 1 0 27.9 74.0 17 -1 0
0 1 0 27.8 74.0 15 -1 0
0 1 0 27.9 74.5 19 -1 0
0 1 0 27.9 74.5 17 -1 0
0 1 0 27.9 75.0 17 -1 0
0 1 0 27.9 75.0 15 -1 0
0 1 0 28.0 75.0 12 -1 0
0 1 0 27.8 75.0 16 -1 0
0 1 0 27.8 75.0 14 -1 0
0 1 0 27.9 75.0 14 -1 0
0 1 0 27.9 75.0 12 -1 0
0 1 0 27.9 75.0 12 -1 0
0 1 0 27.9 74.5 12 -1 0
0 1 0 27.9 74.5 14 -1 0
0 1 0 27.9 74.5 14 -1 0
0 1 0 27.8 74.5 12 -1 0
0 1 0 27.9 74.5 12 -1 0
0 1 0 27.9 74.5 12 -1 0
0 1 0 27.9 74.5 10 -1 0
0 1 0 27.9 74.5 10 -1 0
0 1 0 27.8 74.5 10 -1 0
0 1 0 27.9 74.5 10 -1 0
0 1 0 27.9 74.5 12 -1 0
0 1 0 27.9 74.0 12 -1 0
0 1 0 27.9 74.0 12 -1 0
0 1 0 27.8 74.0 12 -1 0
0 1 0 27.9 74.0 12 -1 0
0 1 0 27.8 74.0 10 -1 0
0 1 0 27.8 74.0 10 -1 0
0 1 0 27.9 74.0 10 -1 0
0 1 0 27.8 74.0 10 -1 0
0 1 0 27.8 74.0 8 -1 0
0 1 0 27.9 74.0 8 -1 0
0 1 0 27.8 74.0 11 -1 0
0 1 0 27.8 74.0 11 -1 0
0 1 0 27.8 74.0 9 -1 0
0 1 0 27.8 74.0 9 -1 0
0 1 0 27.8 74.0 9 -1 0
0 1 0 27.8 74.0 9 -1 0
0 1 0 27.8 74.0 7 -1 0
0 1 0 27.8 74.0 7 -1 0
0 1 0 27.8 74.0 5 -1 0
0 1 0 27.8 74.0 9 -1 0
0 1 0 27.8 74.0 7 -1 0
0 1 0 27.8 74.0 7 -1 0
0 1 0 27.8 74.0 7 -1 0
0 1 0 27.8 74.0 5 -1 0
0 1 0 27.7 74.0 5 -1 0
0 1 0 27.8 74.0 7 -1 0
0 1 0 27.8 74.0 7 -1 0
0 1 0 27.8 74.0 7 -1 0
0 1 0 27.8 74.0 5 -1 0
0 1 0 27.7 74.0 5 -1 0
0 1 0 27.8 74.0 3 -1 0
0 1 0 27.8 74.0 3 -1 0
0 1 0 27.7 74.0 3 -1 0
0 1 0 27.7 74.0 4 -1 0
0 1 0 27.8 74.0 4 -1 0
0 1 0 27.7 73.5 4 -1 0
0 1 0 27.8 73.5 4 -1 0
0 1 0 27.8 74.0 2 -1 0
0 1 0 27.7 74.0 2 -1 0
0 1 0 27.7 74.0 2 -1 0
0 1 0 27.7 73.5 1 -1 0
0 1 0 27.7 74.0 1 -1 0
0 1 0 27.7 74.0 4 -1 0
0 1 0 27.7 74.0 4 -1 0
0 1 0 27.8 74.0 2 -1 0
0 1 0 27.7 74.0 2 -1 0
0 1 0 27.7 74.0 2 -1 0
0 1 0 27.7 74.0 1 -1 0
0 1 0 27.7 74.0 1 -1 0
0 1 0 27.7 73.5 1 -1 0
0 1 0 27.7 74.0 1 -1 0
0 1 0 27.7 74.0 3 -1 0
0 1 0 27.7 74.0 2 -1 0
0 1 0 27.7 74.0 2 -1 0
0 1 0 27.7 74.5 2 -1 0
0 1 0 27.7 74.5 0 -1 0
0 1 0 27.8 74.5 0 -1 0
0 1 0 27.8 74.5 0 -1 0
0 1 0 27.7 74.5 0 -1 0
0 1 0 27.7 74.5 0 -1 0
0 1 0 27.7 74.5 1 -1 0
0 1 0 27.6 74.0 1 -1 0
0 1 0 27.7 74.0 1 -1 0
0 1 0 27.7 74.0 1 -1 0
0 1 0 27.7 74.0 1 -1 0
0 1 0 27.7 74.0 1 -1 0
0 1 0 27.6 74.0 1 -1 0
0 1 0 27.7 74.0 1 -1 0
0 1 0 27.7 74.0 1 -1 0
0 1 0 27.7 74.0 1 -1 0
0 1 0 27.7 74.0 1 -1 0
0 1 0 27.6 74.0 1 -1 0
0 1 0 27.6 74.0 1 -1 0
0 1 0 27.6 74.0 1 -1 0
0 1 0 27.6 73.5 1 -1 0
0 1 0 27.6 73.5 1 -1 0
0 1 0 27.6 74.0 1 -1 0
0 1 0 27.6 73.5 2 -1 0
0 1 0 27.6 74.0 2 -1 0
0 1 0 27.6 73.5 2 -1 0
0 1 0 27.6 74.0 2 -1 0
0 1 0 27.6 74.0 2 -1 0
0 1 0 27.7 74.0 2 -1 0
0 1 0 27.6 74.0 2 -1 0
0 1 0 27.6 74.0 0 -1 0
0 1 0 27.6 74.0 2 -1 0
0 1 0 27.6 74.0 2 -1 0
0 1 0 27.7 74.0 2 -1 0
0 1 0 27.6 74.5 2 -1 0
0 1 0 27.6 74.5 2 -1 0
0 1 0 27.6 74.5 2 -1 0
0 1 0 27.6 74.5 2 -1 0
0 1 0 27.6 74.5 2 -1 0
0 1 0 27.6 74.5 2 -1 0
0 1 0 27.6 75.0 2 -1 0
0 1 0 27.6 75.0 2 -1 0
0 1 0 27.6 75.0 2 -1 0
0 1 0 27.7 74.5 2 -1 0
0 1 0 27.6 74.5 2 -1 0
0 1 0 27.6 74.5 2 -1 0
0 1 0 27.5 75.0 2 -1 0
0 1 0 27.7 75.0 2 -1 0
0 1 0 27.6 75.0 2 -1 0
0 1 0 27.7 75.0 2 -1 0
0 1 0 27.6 74.5 2 -1 0
0 1 0 27.6 74.5 2 -1 0
0 1 0 27.7 75.0 2 -1 0
0 1 0 27.7 74.5 2 -1 0
0 1 0 27.6 74.5 2 -1 0
0 1 0 27.6 74.5 2 -1 0
0 1 0 27.6 74.5 2 -1 0
0 1 0 27.7 74.5 2 -1 0
0 1 0 27.7 74.5 2 -1 0
0 1 0 27.7 74.5 2 -1 0
0 1 0 27.6 74.5 2 -1 0
0 1 0 27.6 74.5 2 -1 0
0 1 0 27.7 74.5 2 -1 0
0 1 0 27.6 74.5 2 -1 0
0 1 0 27.6 74.0 2 -1 0
0 1 0 27.6 74.0 2 -1 0
0 1 0 27.6 74.0 2 -1 0
0 1 0 27.5 73.5 2 -1 0
0 1 0 27.6 74.0 2 -1 0
0 1 0 27.6 74.0 2 -1 0
0 1 0 27.6 74.0 2 -1 0
0 1 0 27.6 73.5 2 -1 0
0 1 0 27.6 73.5 2 -1 0
0 1 0 27.6 73.5 2 -1 0
0 1 0 27.6 73.5 2 -1 0
0 1 0 27.6 73.5 2 -1 0
0 1 0 27.6 73.5 2 -1 0
0 1 0 27.6 73.5 2 -1 0
0 1 0 27.5 73.5 2 -1 0
0 1 0 27.6 73.5 2 -1 0
0 1 0 27.5 73.5 2 -1 0
0 1 0 27.5 73.0 2 -1 0
0 1 0 27.5 73.5 2 -1 0
0 1 0 27.5 73.0 2 -1 0
0 1 0 27.5 73.5 2 -1 0
0 1 0 27.5 73.0 2 -1 0
0 1 0 27.5 73.0 2 -1 0
0 1 0 27.4 73.0 2 -1 0
0 1 0 27.5 73.0 2 -1 0
0 1 0 27.5 73.0 2 -1 0
0 1 0 27.5 73.0 2 -1 0
0 1 0 27.5 73.0 2 -1 0
0 1 0 27.5 73.0 2 -1 0
0 1 0 27.5 73.0 2 -1 0
0 1 0 27.5 73.0 2 -1 0
0 1 0 27.4 73.0 2 -1 0
0 1 0 27.4 73.0 2 -1 0
0 1 0 27.5 73.0 2 -1 0
0 1 0 27.5 72.5 2 -1 0
0 1 0 27.5 72.5 2 -1 0
0 1 0 27.4 72.5 2 -1 0
0 1 0 27.5 72.5 2 -1 0
0 1 0 27.4 72.5 2 -1 0
0 1 0 27.5 72.5 2 -1 0
0 1 0 27.4 72.5 2 -1 0
0 1 0 27.4 72.5 2 -1 0
0 1 0 27.4 72.5 2 -1 0
0 1 0 27.4 72.5 2 -1 0
0 1 0 27.4 72.5 2 -1 0
0 1 0 27.5 72.5 2 -1 0
0 1 0 27.4 72.5 2 -1 0
0 1 0 27.4 72.5 2 -1 0
0 1 0 27.4 72.5 2 -1 0
0 1 0 27.4 72.5 2 -1 0
0 1 0 27.4 72.5 2 -1 0
0 1 0 27.4 72.5 2 -1 0
0 1 0 27.3 73.0 2 -1 0
0 1 0 27.4 72.5 2 -1 0
0 1 0 27.4 73.0 2 -1 0
0 1 0 27.4 73.0 2 -1 0
0 1 0 27.4 73.0 2 -1 0
0 1 0 27.4 73.0 2 -1 0
0 1 0 27.5 73.0 2 -1 0
0 1 0 27.5 73.5 2 -1 0
0 1 0 27.4 73.0 2 -1 0
0 1 0 27.4 73.0 2 -1 0
0 1 0 27.4 73.0 2 -1 0
0 1 0 27.4 73.0 2 -1 0
0 1 0 27.4 73.0 2 -1 0
0 1 0 27.4 73.0 2 -1 0
0 1 0 27.4 73.0 2 -1 0
0 1 0 27.4 73.0 2 -1 0
0 1 0 27.4 72.5 2 -1 0
0 1 0 27.4 72.5 2 -1 0
0 1 0 27.5 72.5 2 -1 0
0 1 0 27.4 72.5 2 -1 0
0 1 0 27.4 72.5 2 -1 0
0 1 0 27.4 72.5 2 -1 0
0 1 0 27.4 72.5 2 -1 0
0 1 0 27.4 72.5 2 -1 0
0 1 0 27.4 72.5 2 -1 0
0 1 0 27.3 72.5 2 -1 0
0 1 0 27.4 72.0 2 -1 0
0 1 0 27.3 72.5 2 -1 0
0 1 0 27.4 72.5 2 -1 0
0 1 0 27.4 72.5 2 -1 0
0 1 0 27.4 72.5 2 -1 0
0 1 0 27.4 72.5 2 -1 0
0 1 0 27.4 72.5 2 -1 0
0 1 0 27.4 72.5 2 -1 0
0 1 0 27.4 72.0 2 -1 0
0 1 0 27.4 72.0 2 -1 0
0 1 0 27.3 72.0 2 -1 0
0 1 0 27.3 72.0 2 -1 0
0 1 0 27.4 72.0 2 -1 0
0 1 0 27.3 72.0 2 -1 0
0 1 0 27.3 72.0 2 -1 0
0 1 0 27.4 72.0 2 -1 0
0 1 0 27.3 72.0 2 -1 0
0 1 0 27.4 72.0 2 -1 0
0 1 0 27.4 72.0 2 -1 0
0 1 0 27.3 72.0 2 -1 0
0 1 0 27.3 72.0 2 -1 0
0 1 0 27.4 72.0 2 -1 0
0 1 0 27.3 72.0 2 -1 0
0 1 0 27.4 72.0 2 -1 0
0 1 0 27.3 72.0 2 -1 0
0 1 0 27.4 72.0 2 -1 0
0 1 0 27.4 72.0 2 -1 0
0 1 0 27.3 72.0 2 -1 0
0 1 0 27.4 72.5 2 -1 0
0 1 0 27.4 72.5 2 -1 0
0 1 0 27.4 72.5 2 -1 0
0 1 0 27.3 72.5 2 -1 0
0 1 0 27.3 72.5 2 -1 0
0 1 0 27.4 72.5 2 -1 0
0 1 0 27.4 72.5 2 -1 0
0 1 0 27.3 72.5 2 -1 0
0 1 0 27.4 72.5 2 -1 0
0 1 0 27.4 73.0 2 -1 0
0 1 0 27.3 73.0 2 -1 0
0 1 0 27.4 73.0 2 -1 0
0 1 0 27.3 73.0 2 -1 0
0 1 0 27.4 73.0 2 -1 0
0 1 0 27.4 73.5 2 -1 0
0 1 0 27.3 73.0 2 -1 0
0 1 0 27.3 73.5 2 -1 0
0 1 0 27.3 73.0 2 -1 0
0 1 0 27.3 73.0 2 -1 0
0 1 0 27.4 73.0 2 -1 0
0 1 0 27.4 73.0 2 -1 0
0 1 0 27.4 73.0 2 -1 0
0 1 0 27.3 73.0 2 -1 0
0 1 0 27.4 73.0 2 -1 0
0 1 0 27.4 73.0 2 -1 0
0 1 0 27.3 73.0 2 -1 0
0 1 0 27.4 73.0 2 -1 0
0 1 0 27.4 73.0 2 -1 0
0 1 0 27.3 72.5 2 -1 0
0 1 0 27.3 72.5 2 -1 0
0 1 0 27.3 72.5 2 -1 0
0 1 0 27.4 72.5 2 -1 0
0 1 0 27.4 72.5 2 -1 0
0 1 0 27.4 72.5 2 -1 0
0 1 0 27.3 72.5 2 -1 0
0 1 0 27.3 72.5 2 -1 0
0 1 0 27.3 72.5 2 -1 0
0 1 0 27.4 72.5 2 -1 0
0 1 0 27.4 72.5 2 -1 0
0 1 0 27.3 72.5 2 -1 0
0 1 0 27.3 72.5 2 -1 0
0 1 0 27.3 72.5 2 -1 0
0 1 0 27.3 72.5 2 -1 0
0 1 0 27.3 72.5 2 -1 0
0 1 0 27.4 72.5 2 -1 0
0 1 0 27.4 72.5 2 -1 0
0 1 0 27.4 72.5 2 -1 0
0 1 0 27.3 72.5 2 -1 0
0 1 0 27.3 72.5 2 -1 0
0 1 0 27.4 72.5 2 -1 0
0 1 0 27.4 72.5 2 -1 0
0 1 0 27.3 72.5 2 -1 0
0 1 0 27.4 72.5 2 -1 0
0 1 0 27.4 72.5 2 -1 0
0 1 0 27.4 72.5 2 -1 0
0 1 0 27.4 72.5 0 -1 0
0 1 0 27.3 72.5 2 -1 0
0 1 0 27.3 72.5 2 -1 0
0 1 0 27.3 72.5 2 -1 0
0 1 0 27.4 72.5 2 -1 0
0 1 0 27.3 72.5 2 -1 0
0 1 0 27.4 72.5 2 -1 0
0 1 0 27.4 72.5 2 -1 0
0 1 0 27.4 72.5 2 -1 0
0 1 0 27.4 72.5 2 -1 0
0 1 0 27.4 72.0 2 -1 0
0 1 0 27.3 72.0 2 -1 0
0 1 0 27.4 72.0 2 -1 0
0 1 0 27.3 72.0 2 -1 0
0 1 0 27.4 72.0 2 -1 0
0 1 0 27.3 72.0 2 -1 0
0 1 0 27.3 72.0 2 -1 0
0 1 0 27.3 72.5 2 -1 0
0 1 0 27.3 72.0 2 -1 0
0 1 0 27.4 72.5 2 -1 0
0 1 0 27.4 72.0 2 -1 0
0 1 0 27.4 72.0 2 -1 0
0 1 0 27.4 72.0 2 -1 0
0 1 0 27.4 72.0 2 -1 0
0 1 0 27.4 72.0 2 -1 0
0 1 0 27.3 72.0 2 -1 0
0 1 0 27.4 72.0 2 -1 0
0 1 0 27.4 72.0 2 -1 0
0 1 0 27.3 72.0 2 -1 0
0 1 0 27.4 72.0 2 -1 0
0 1 0 27.3 72.0 2 -1 0
0 1 0 27.4 72.0 2 -1 0
0 1 0 27.3 72.0 2 -1 0
0 1 0 27.4 72.0 2 -1 0
0 1 0 27.3 72.5 2 -1 0
0 1 0 27.3 72.5 2 -1 0
0 1 0 27.4 72.5 2 -1 0
0 1 0 27.3 72.5 2 -1 0
0 1 0 27.3 72.0 2 -1 0
0 1 0 27.4 72.5 2 -1 0
0 1 0 27.4 72.5 2 -1 0
0 1 0 27.4 72.5 2 -1 0
0 1 0 27.3 72.5 2 -1 0
0 1 0 27.4 72.5 2 -1 0
0 1 0 27.3 72.5 2 -1 0
0 1 0 27.3 72.5 2 -1 0
0 1 0 27.4 73.0 2 -1 0
0 1 0 27.4 72.5 2 -1 0
0 1 0 27.4 72.5 2 -1 0
0 1 0 27.4 72.5 2 -1 0
0 1 0 27.4 72.5 2 -1 0
0 1 0 27.3 72.5 2 -1 0
0 1 0 27.4 72.5 2 -1 0
0 1 0 27.4 72.5 2 -1 0
0 1 0 27.4 72.5 2 -1 0
0 1 0 27.4 72.5 2 -1 0
0 1 0 27.4 72.5 2 -1 0
0 1 0 27.4 72.5 2 -1 0
0 1 0 27.4 72.5 2 -1 0
0 1 0 27.4 72.5 2 -1 0
0 1 0 27.4 72.5 2 -1 0
0 1 0 27.3 72.5 2 -1 0
0 1 0 27.4 72.5 2 -1 0
0 1 0 27.4 72.0 2 -1 0
0 1 0 27.4 72.0 2 -1 0
0 1 0 27.4 72.5 2 -1 0
0 1 0 27.4 72.0 2 -1 0
0 1 0 27.4 72.0 2 -1 0
0 1 0 27.4 72.5 2 -1 0
0 1 0 27.4 72.0 2 -1 0
0 1 0 27.4 72.0 2 -1 0
0 1 0 27.4 72.5 2 -1 0
0 1 0 27.4 72.0 2 -1 0
0 1 0 27.4 72.0 2 -1 0
0 1 0 27.4 72.0 2 -1 0
0 1 0 27.4 72.0 2 -1 0
0 1 0 27.3 72.5 2 -1 0
0 1 0 27.4 72.5 2 -1 0
0 1 0 27.4 72.0 2 -1 0
0 1 0 27.4 72.0 2 -1 0
0 1 0 27.4 72.5 2 -1 0
0 1 0 27.4 72.0 2 -1 0
0 1 0 27.4 72.0 2 -1 0
0 1 0 27.3 72.5 2 -1 0
0 1 0 27.4 72.5 2 -1 0
0 1 0 27.4 72.5 2 -1 0
0 1 0 27.4 72.5 2 -1 0
0 1 0 27.4 73.0 2 -1 0
0 1 0 27.4 73.5 2 -1 0
0 1 0 27.4 73.5 2 -1 0
0 1 0 27.5 73.5 2 -1 0
0 1 0 27.5 73.5 2 -1 0
0 1 0 27.4 73.5 2 -1 0
