0 1 0 27.4 73.5 2 -1 0
0 1 0 27.4 73.0 2 -1 0
0 1 0 27.5 73.0 2 -1 0
0 1 0 27.4 73.0 2 -1 0
0 1 0 27.4 73.0 2 -1 0
0 1 0 27.4 73.0 2 -1 0
0 1 0 27.4 73.0 2 -1 0
0 1 0 27.4 73.0 2 -1 0
0 1 0 27.5 73.0 2 -1 0
0 1 0 27.4 73.0 2 -1 0
0 1 0 27.4 73.0 2 -1 0
0 1 0 27.4 73.0 2 -1 0
0 1 0 27.5 73.5 2 -1 0
0 1 0 27.5 73.5 2 -1 0
0 1 0 27.4 73.5 2 -1 0
0 1 0 27.4 73.5 2 -1 0
0 1 0 27.4 73.5 2 -1 0
0 1 0 27.4 73.5 2 -1 0
0 1 0 27.4 73.5 2 -1 0
0 1 0 27.4 73.5 2 -1 0
0 1 0 27.4 73.0 2 -1 0
0 1 0 27.4 73.5 2 -1 0
0 1 0 27.4 73.5 2 -1 0
0 1 0 27.5 73.5 2 -1 0
0 1 0 27.4 73.5 2 -1 0
0 1 0 27.5 73.5 2 -1 0
0 1 0 27.5 73.5 2 -1 0
0 1 0 27.4 73.5 2 -1 0
0 1 0 27.5 73.5 2 -1 0
0 1 0 27.5 73.5 2 -1 0
0 1 0 27.5 73.5 2 -1 0
0 1 0 27.5 73.5 2 -1 0
0 1 0 27.5 73.5 2 -1 0
0 1 0 27.5 74.0 2 -1 0
0 1 0 27.5 74.0 2 -1 0
0 1 0 27.5 74.0 2 -1 0
0 1 0 27.4 74.0 2 -1 0
0 1 0 27.5 74.0 2 -1 0
0 1 0 27.5 74.0 2 -1 0
0 1 0 27.5 74.0 2 -1 0
0 1 0 27.5 73.5 2 -1 0
0 1 0 27.5 73.5 2 -1 0
0 1 0 27.4 73.5 2 -1 0
0 1 0 27.5 74.0 2 -1 0
0 1 0 27.5 74.0 2 -1 0
0 1 0 27.4 74.0 2 -1 0
0 1 0 27.5 73.5 2 -1 0
0 1 0 27.4 74.0 2 -1 0
0 1 0 27.5 74.0 2 -1 0
0 1 0 27.5 73.5 2 -1 0
0 1 0 27.5 73.5 2 -1 0
0 1 0 27.5 73.5 2 -1 0
0 1 0 27.5 74.0 2 -1 0
0 1 0 27.5 74.0 2 -1 0
0 1 0 27.5 74.0 2 -1 0
0 1 0 27.5 74.0 2 -1 0
0 1 0 27.5 74.0 2 -1 0
0 1 0 27.4 74.0 2 -1 0
0 1 0 27.5 74.0 2 -1 0
0 1 0 27.5 74.0 2 -1 0
0 1 0 27.5 74.0 2 -1 0
0 1 0 27.5 74.0 2 -1 0
0 1 0 27.5 74.0 2 -1 0
0 1 0 27.5 74.0 2 -1 0
0 1 0 27.5 74.5 2 -1 0
0 1 0 27.5 74.0 2 -1 0
0 1 0 27.5 74.0 2 -1 0
0 1 0 27.6 74.0 2 -1 0
0 1 0 27.5 74.0 2 -1 0
0 1 0 27.5 74.0 2 -1 0
0 1 0 27.6 74.0 2 -1 0
0 1 0 27.6 74.0 2 -1 0
0 1 0 27.5 74.0 2 -1 0
0 1 0 27.5 74.5 2 -1 0
0 1 0 27.5 74.0 2 -1 0
0 1 0 27.5 74.0 2 -1 0
0 1 0 27.6 74.0 2 -1 0
0 1 0 27.5 74.0 2 -1 0
0 1 0 27.5 74.5 2 -1 0
0 1 0 27.5 74.5 2 -1 0
0 1 0 27.5 74.5 2 -1 0
0 1 0 27.5 74.5 2 -1 0
0 1 0 27.5 74.5 2 -1 0
0 1 0 27.5 74.5 2 -1 0
0 1 0 27.5 74.5 2 -1 0
0 1 0 27.6 74.5 2 -1 0
0 1 0 27.5 74.5 2 -1 0
0 1 0 27.5 74.5 2 -1 0
0 1 0 27.5 74.5 2 -1 0
0 1 0 27.5 74.5 2 -1 0
0 1 0 27.5 74.5 2 -1 0
0 1 0 27.5 74.0 2 -1 0
0 1 0 27.5 74.0 2 -1 0
0 1 0 27.5 74.0 2 -1 0
0 1 0 27.5 74.0 2 -1 0
0 1 0 27.5 74.0 2 -1 0
0 1 0 27.5 74.5 2 -1 0
0 1 0 27.5 74.5 2 -1 0
0 1 0 27.5 74.5 2 -1 0
0 1 0 27.5 74.5 2 -1 0
0 1 0 27.5 74.5 2 -1 0
0 1 0 27.5 74.5 2 -1 0
0 1 0 27.5 74.5 2 -1 0
0 1 0 27.5 74.5 2 -1 0
0 1 0 27.6 75.0 2 -1 0
0 1 0 27.5 75.0 2 -1 0
0 1 0 27.6 75.0 2 -1 0
0 1 0 27.5 75.0 2 -1 0
0 1 0 27.5 74.5 2 -1 0
0 1 0 27.6 74.5 2 -1 0
0 1 0 27.5 74.0 2 -1 0
0 1 0 27.5 74.0 2 -1 0
0 1 0 27.5 74.0 2 -1 0
0 1 0 27.5 74.5 2 -1 0
0 1 0 27.5 74.5 2 -1 0
0 1 0 27.5 74.5 2 -1 0
0 1 0 27.5 74.5 2 -1 0
0 1 0 27.5 74.5 2 -1 0
0 1 0 27.5 74.5 2 -1 0
0 1 0 27.5 75.0 2 -1 0
0 1 0 27.6 75.0 2 -1 0
0 1 0 27.5 75.0 2 -1 0
0 1 0 27.5 75.0 2 -1 0
0 1 0 27.5 75.0 2 -1 0
0 1 0 27.5 75.0 2 -1 0
0 1 0 27.5 75.0 2 -1 0
0 1 0 27.5 75.0 2 -1 0
0 1 0 27.6 75.0 2 -1 0
0 1 0 27.5 75.0 2 -1 0
0 1 0 27.6 75.0 2 -1 0
0 1 0 27.5 75.0 2 -1 0
0 1 0 27.5 75.0 2 -1 0
0 1 0 27.6 75.0 2 -1 0
0 1 0 27.5 75.0 2 -1 0
0 1 0 27.6 75.0 2 -1 0
0 1 0 27.6 75.0 2 -1 0
0 1 0 27.6 75.0 2 -1 0
0 1 0 27.5 75.0 2 -1 0
0 1 0 27.5 75.0 2 -1 0
0 1 0 27.5 75.0 2 -1 0
0 1 0 27.5 75.0 2 -1 0
0 1 0 27.6 75.0 2 -1 0
0 1 0 27.5 75.0 2 -1 0
0 1 0 27.6 75.0 2 -1 0
0 1 0 27.5 75.0 2 -1 0
0 1 0 27.5 75.0 2 -1 0
0 1 0 27.5 75.0 2 -1 0
0 1 0 27.5 75.0 2 -1 0
0 1 0 27.6 75.0 2 -1 0
0 1 0 27.6 75.0 2 -1 0
0 1 0 27.6 75.0 2 -1 0
0 1 0 27.6 75.0 2 -1 0
0 1 0 27.6 75.0 2 -1 0
0 1 0 27.6 75.0 2 -1 0
0 1 0 27.6 75.0 2 -1 0
0 1 0 27.5 75.0 2 -1 0
0 1 0 27.6 75.0 2 -1 0
0 1 0 27.6 75.0 2 -1 0
0 1 0 27.5 75.0 2 -1 0
0 1 0 27.5 75.0 2 -1 0
0 1 0 27.6 75.0 2 -1 0
0 1 0 27.5 75.0 2 -1 0
0 1 0 27.5 75.0 2 -1 0
0 1 0 27.5 75.0 2 -1 0
0 1 0 27.5 75.0 2 -1 0
0 1 0 27.5 75.0 2 -1 0
0 1 0 27.5 75.0 2 -1 0
0 1 0 27.5 75.0 2 -1 0
0 1 0 27.5 75.0 2 -1 0
0 1 0 27.6 75.0 2 -1 0
0 1 0 27.6 75.0 2 -1 0
0 1 0 27.6 75.0 2 -1 0
0 1 0 27.5 75.0 2 -1 0
0 1 0 27.5 75.0 2 -1 0
0 1 0 27.5 75.0 2 -1 0
0 1 0 27.5 75.0 2 -1 0
0 1 0 27.5 75.0 2 -1 0
0 1 0 27.5 75.0 2 -1 0
0 1 0 27.5 75.0 2 -1 0
0 1 0 27.6 75.0 2 -1 0
0 1 0 27.5 75.0 2 -1 0
0 1 0 27.5 75.0 2 -1 0
0 1 0 27.6 75.0 2 -1 0
0 1 0 27.5 74.5 2 -1 0
0 1 0 27.5 75.0 2 -1 0
0 1 0 27.5 75.0 2 -1 0
0 1 0 27.5 75.0 2 -1 0
0 1 0 27.5 75.0 2 -1 0
0 1 0 27.5 75.0 2 -1 0
0 1 0 27.5 75.0 2 -1 0
0 1 0 27.5 75.0 2 -1 0
0 1 0 27.5 75.0 2 -1 0
0 1 0 27.5 75.0 2 -1 0
0 1 0 27.6 75.0 2 -1 0
0 1 0 27.5 75.0 2 -1 0
0 1 0 27.5 75.0 2 -1 0
0 1 0 27.6 75.0 2 -1 0
0 1 0 27.5 75.0 2 -1 0
0 1 0 27.5 75.0 2 -1 0
0 1 0 27.6 74.5 2 -1 0
0 1 0 27.6 75.0 2 -1 0
0 1 0 27.5 75.0 2 -1 0
0 1 0 27.6 75.0 2 -1 0
0 1 0 27.6 75.0 2 -1 0
0 1 0 27.5 75.0 2 -1 0
0 1 0 27.5 75.0 2 -1 0
0 1 0 27.5 75.0 2 -1 0
0 1 0 27.5 75.0 2 -1 0
0 1 0 27.5 75.0 2 -1 0
0 1 0 27.6 75.0 2 -1 0
0 1 0 27.6 75.0 2 -1 0
0 1 0 27.6 75.0 2 -1 0
0 1 0 27.5 75.0 2 -1 0
0 1 0 27.5 75.0 2 -1 0
0 1 0 27.6 75.0 2 -1 0
0 1 0 27.5 75.0 2 -1 0
0 1 0 27.6 75.0 2 -1 0
0 1 0 27.5 75.0 2 -1 0
0 1 0 27.5 75.0 2 -1 0
0 1 0 27.5 75.0 2 -1 0
0 1 0 27.5 75.0 2 -1 0
0 1 0 27.5 75.0 2 -1 0
0 1 0 27.5 75.0 2 -1 0
0 1 0 27.5 75.0 2 -1 0
0 1 0 27.5 75.0 2 -1 0
0 1 0 27.5 75.0 2 -1 0
0 1 0 27.5 75.0 2 -1 0
0 1 0 27.5 75.0 2 -1 0
0 1 0 27.5 75.0 2 -1 0
0 1 0 27.5 75.0 2 -1 0
0 1 0 27.5 75.0 2 -1 0
0 1 0 27.5 75.0 2 -1 0
0 1 0 27.5 75.0 2 -1 0
0 1 0 27.5 75.0 2 -1 0
0 1 0 27.6 75.0 2 -1 0
0 1 0 27.5 75.0 2 -1 0
0 1 0 27.5 75.0 2 -1 0
0 1 0 27.5 75.0 2 -1 0
0 1 0 27.5 75.0 2 -1 0
0 1 0 27.5 75.0 2 -1 0
0 1 0 27.5 75.0 2 -1 0
0 1 0 27.5 75.0 2 -1 0
0 1 0 27.5 75.0 2 -1 0
0 1 0 27.5 75.0 2 -1 0
0 1 0 27.5 75.0 2 -1 0
0 1 0 27.6 75.0 2 -1 0
0 1 0 27.5 75.0 2 -1 0
0 1 0 27.6 75.0 2 -1 0
0 1 0 27.5 75.0 2 -1 0
0 1 0 27.5 75.0 2 -1 0
0 1 0 27.5 75.0 2 -1 0
0 1 0 27.5 75.0 2 -1 0
0 1 0 27.5 75.0 2 -1 0
0 1 0 27.5 74.5 2 -1 0
0 1 0 27.6 75.0 2 -1 0
0 1 0 27.5 75.0 2 -1 0
0 1 0 27.5 75.0 2 -1 0
0 1 0 27.5 75.0 2 -1 0
0 1 0 27.5 75.0 2 -1 0
0 1 0 27.5 75.0 2 -1 0
0 1 0 27.5 75.0 2 -1 0
0 1 0 27.5 75.0 2 -1 0
0 1 0 27.5 75.0 2 -1 0
0 1 0 27.5 75.0 2 -1 0
0 1 0 27.5 75.0 2 -1 0
0 1 0 27.5 74.5 2 -1 0
0 1 0 27.5 74.5 2 -1 0
0 1 0 27.5 74.5 2 -1 0
0 1 0 27.5 74.5 2 -1 0
0 1 0 27.5 74.5 2 -1 0
0 1 0 27.5 74.5 2 -1 0
0 1 0 27.5 74.5 2 -1 0
0 1 0 27.5 75.0 2 -1 0
0 1 0 27.5 75.0 2 -1 0
0 1 0 27.5 75.0 2 -1 0
0 1 0 27.5 75.0 2 -1 0
0 1 0 27.5 75.0 2 -1 0
0 1 0 27.5 75.0 2 -1 0
0 1 0 27.5 75.0 2 -1 0
0 1 0 27.5 75.0 2 -1 0
0 1 0 27.5 75.0 2 -1 0
0 1 0 27.5 75.5 2 -1 0
0 1 0 27.5 75.5 2 -1 0
0 1 0 27.5 75.5 2 -1 0
0 1 0 27.5 75.5 2 -1 0
0 1 0 27.5 75.5 2 -1 0
0 1 0 27.5 75.5 2 -1 0
0 1 0 27.6 75.5 2 -1 0
0 1 0 27.5 75.5 2 -1 0
0 1 0 27.5 75.5 2 -1 0
0 1 0 27.5 75.5 2 -1 0
0 1 0 27.5 75.5 2 -1 0
0 1 0 27.5 75.5 2 -1 0
0 1 0 27.5 75.5 2 -1 0
0 1 0 27.5 75.5 2 -1 0
0 1 0 27.5 75.5 2 -1 0
0 1 0 27.5 75.5 2 -1 0
0 1 0 27.5 75.5 2 -1 0
0 1 0 27.5 75.5 1 -1 0
0 1 0 27.6 75.5 1 -1 0
0 1 0 27.6 75.5 1 -1 0
0 1 0 27.5 75.5 1 -1 0
0 1 0 27.5 75.5 1 -1 0
0 1 0 27.5 75.5 1 -1 0
0 1 0 27.5 75.5 1 -1 0
0 1 0 27.5 75.5 1 -1 0
0 1 0 27.5 75.5 1 -1 0
0 1 0 27.5 75.5 1 -1 0
0 1 0 27.6 75.5 1 -1 0
0 1 0 27.5 75.5 0 -1 0
0 1 0 27.5 75.5 0 -1 0
0 1 0 27.6 75.5 0 -1 0
0 1 0 27.5 75.5 0 -1 0
0 1 0 27.5 75.5 0 -1 0
0 1 0 27.5 75.5 0 -1 0
0 1 0 27.5 75.5 2 -1 0
0 1 0 27.5 75.5 2 -1 0
0 1 0 27.5 75.5 2 -1 0
0 1 0 27.5 75.5 2 -1 0
0 1 0 27.5 75.5 3 -1 0
0 1 0 27.5 75.5 1 -1 0
0 1 0 27.5 75.5 1 -1 0
0 1 0 27.5 75.5 1 -1 0
0 1 0 27.5 75.5 2 -1 0
0 1 0 27.5 75.5 2 -1 0
0 1 0 27.5 75.5 1 -1 0
0 1 0 27.5 75.0 2 -1 0
0 1 0 27.6 75.5 2 -1 0
0 1 0 27.5 75.5 4 -1 0
0 1 0 27.5 75.5 4 -1 0
0 1 0 27.5 75.5 3 -1 0
0 1 0 27.6 75.5 5 -1 0
0 1 0 27.6 75.5 7 -1 0
0 1 0 27.6 75.5 5 -1 0
0 1 0 27.5 75.5 7 -1 0
0 1 0 27.5 75.5 9 -1 0
0 1 0 27.6 75.5 7 -1 0
0 1 0 27.5 75.5 9 -1 0
0 1 0 27.6 75.5 8 -1 0
0 1 0 27.6 75.5 10 -1 0
0 1 0 27.6 75.5 10 -1 0
0 1 0 27.5 75.5 12 -1 0
0 1 0 27.6 75.5 10 -1 0
0 1 0 27.5 75.5 12 -1 0
0 1 0 27.5 75.5 14 -1 0
0 1 0 27.5 75.5 12 -1 0
0 1 0 27.5 75.5 14 -1 0
0 1 0 27.6 75.5 14 -1 0
0 1 0 27.5 75.5 16 -1 0
0 1 0 27.5 75.5 12 -1 0
0 1 0 27.5 75.5 12 -1 0
0 1 0 27.5 75.5 15 -1 0
0 1 0 27.6 75.5 15 -1 0
0 1 0 27.5 75.5 15 -1 0
0 1 0 27.6 75.5 15 -1 0
0 1 0 27.5 75.5 17 -1 0
0 1 0 27.6 75.5 17 -1 0
0 1 0 27.6 75.5 19 -1 0
0 1 0 27.5 75.5 19 -1 0
0 1 0 27.5 75.5 17 -1 0
0 1 0 27.6 75.5 19 -1 0
0 1 0 27.5 75.5 19 -1 0
0 1 0 27.6 75.5 21 -1 0
0 1 0 27.6 75.5 19 -1 0
0 1 0 27.6 75.5 19 -1 0
0 1 0 27.6 76.0 21 -1 0
0 1 0 27.5 76.0 19 -1 0
0 1 0 27.6 76.0 24 -1 0
0 1 0 27.6 75.5 24 -1 0
0 1 0 27.5 76.0 24 -1 0
0 1 0 27.6 76.0 26 -1 0
0 1 0 27.6 75.5 26 -1 0
0 1 0 27.6 75.5 24 -1 0
0 1 0 27.6 75.5 24 -1 0
0 1 0 27.6 75.5 26 -1 0
0 1 0 27.6 75.5 28 -1 0
0 1 0 27.6 76.0 26 -1 0
0 1 0 27.6 76.0 26 -1 0
0 1 0 27.6 76.0 26 -1 0
0 1 0 27.7 75.5 28 -1 0
0 1 0 27.6 75.5 28 -1 0
0 1 0 27.7 75.5 30 -1 0
0 1 0 27.6 76.0 28 -1 0
0 1 0 27.6 75.5 28 -1 0
0 1 0 27.6 76.0 31 -1 0
0 1 0 27.7 76.0 31 -1 0
0 1 0 27.6 76.0 39 -1 0
0 1 0 27.6 76.0 48 -1 0
0 1 0 27.6 75.5 67 -1 0
0 1 0 27.7 75.5 45 -1 0
0 1 0 27.6 75.5 37 -1 0
0 1 0 27.6 75.5 35 -1 0
0 1 0 27.7 75.5 35 -1 0
0 1 0 27.7 75.5 42 -1 0
0 1 0 27.6 75.5 49 -1 0
0 1 0 27.6 75.5 58 -1 0
0 1 0 27.7 75.5 68 -1 0
0 1 0 27.7 75.5 77 -1 0
0 1 0 27.6 75.5 122 -1 0
0 1 0 27.7 75.0 97 -1 0
0 1 0 27.7 75.5 94 -1 0
0 1 0 27.7 75.0 121 -1 0
0 1 0 27.7 75.0 143 -1 0
0 1 0 27.7 75.0 143 -1 0
0 1 0 27.7 75.0 150 -1 0
0 1 0 27.8 75.0 150 -1 0
0 1 0 27.7 75.0 152 -1 0
0 1 0 27.8 75.0 152 -1 0
0 1 0 27.8 75.0 147 -1 0
0 1 0 27.8 75.0 98 -1 0
0 1 0 27.8 75.0 84 -1 0
0 1 0 27.8 75.0 101 -1 0
0 1 0 27.8 75.0 145 -1 0
0 1 0 27.9 75.0 154 -1 0
0 1 0 27.8 75.0 157 -1 0
0 1 0 27.8 75.0 142 -1 0
0 1 0 27.9 75.0 120 -1 0
0 1 0 27.8 75.0 127 -1 0
0 1 0 27.9 75.5 118 -1 0
0 1 0 27.9 75.5 137 -1 0
0 1 0 27.9 75.5 165 -1 0
0 1 0 27.8 75.5 134 -1 0
0 1 0 28.0 75.5 144 -1 0
0 1 0 27.9 76.0 125 -1 0
0 1 0 28.0 76.0 107 -1 0
0 1 0 27.9 76.0 101 -1 0
0 1 0 27.9 76.0 115 -1 0
0 1 0 28.0 76.0 99 -1 0
0 1 0 28.0 75.5 123 -1 0
0 1 0 28.0 75.5 156 -1 0
0 1 0 28.0 75.5 110 -1 0
0 1 0 28.0 76.0 101 -1 0
0 1 0 28.0 75.5 108 -1 0
0 1 0 28.0 75.5 117 -1 0
0 1 0 28.0 75.5 116 -1 0
0 1 0 28.0 75.5 120 -1 0
0 1 0 28.0 75.5 107 -1 0
0 1 0 28.0 75.5 131 -1 0
0 1 0 28.0 75.5 102 -1 0
0 1 0 28.0 75.5 120 -1 0
0 1 0 28.0 75.5 103 -1 0
0 1 0 28.0 75.5 96 -1 0
0 1 0 28.0 75.5 89 -1 0
0 1 0 28.0 75.5 80 -1 0
0 1 0 28.1 75.5 75 -1 0
0 1 0 28.0 75.5 75 -1 0
0 1 0 28.0 76.0 74 -1 0
0 1 0 28.1 76.0 87 -1 0
0 1 0 28.0 76.0 138 -1 0
0 1 0 28.1 76.0 143 -1 0
0 1 0 28.0 76.0 127 -1 0
0 1 0 28.0 76.0 101 -1 0
0 1 0 28.1 76.0 87 -1 0
0 1 0 28.1 76.0 98 -1 0
0 1 0 28.1 76.0 99 -1 0
0 1 0 28.1 76.5 124 -1 0
0 1 0 28.1 76.5 146 -1 0
0 1 0 28.1 76.5 168 -1 0
0 1 0 28.1 76.5 175 -1 0
0 1 0 28.1 76.5 168 -1 0
0 1 0 28.2 76.5 154 -1 0
0 1 0 28.2 76.5 145 -1 0
0 1 0 28.2 76.5 103 -1 0
0 1 0 28.2 76.5 98 -1 0
0 1 0 28.2 76.5 105 -1 0
0 1 0 28.1 76.5 96 -1 0
0 1 0 28.2 76.5 99 -1 0
0 1 0 28.2 76.5 134 -1 0
0 1 0 28.2 76.5 192 -1 0
0 1 0 28.2 76.5 178 -1 0
0 1 0 28.2 76.5 170 -1 0
0 1 0 28.3 77.0 177 -1 0
0 1 0 28.4 77.0 189 -1 0
0 1 0 28.3 77.0 199 -1 0
0 1 0 28.3 77.0 195 -1 0
0 1 0 28.3 77.0 185 -1 0
0 1 0 28.4 77.0 105 -1 0
0 1 0 28.3 77.0 94 -1 0
0 1 0 28.4 77.0 96 -1 0
0 1 0 28.4 77.0 98 -1 0
0 1 0 28.4 77.0 99 -1 0
0 1 0 28.4 77.0 105 -1 0
0 1 0 28.4 77.0 122 -1 0
0 1 0 28.4 77.0 175 -1 0
0 1 0 28.4 77.0 168 -1 0
0 1 0 28.5 77.0 130 -1 0
0 1 0 28.4 77.5 109 -1 0
0 1 0 28.5 77.0 104 -1 0
0 1 0 28.4 77.0 100 -1 0
0 1 0 28.4 77.0 102 -1 0
0 1 0 28.5 77.0 106 -1 0
0 1 0 28.4 77.0 116 -1 0
0 1 0 28.5 77.0 132 -1 0
0 1 0 28.5 77.0 174 -1 0
0 1 0 28.5 77.0 136 -1 0
0 1 0 28.5 77.0 125 -1 0
0 1 0 28.5 77.0 123 -1 0
0 1 0 28.6 77.0 133 -1 0
0 1 0 28.5 77.0 132 -1 0
0 1 0 28.5 77.0 140 -1 0
0 1 0 28.4 77.0 149 -1 0
0 1 0 28.6 77.0 171 -1 0
0 1 0 28.6 77.0 154 -1 0
0 1 0 28.5 77.0 186 -1 0
0 1 0 28.6 77.0 154 -1 0
0 1 0 28.6 77.0 151 -1 0
0 1 0 28.6 77.0 149 -1 0
0 1 0 28.6 77.0 146 -1 0
0 1 0 28.7 77.0 144 -1 0
0 1 0 28.7 77.0 134 -1 0
0 1 0 28.6 77.0 128 -1 0
0 1 0 28.6 77.0 134 -1 0
0 1 0 28.7 77.0 134 -1 0
0 1 0 28.7 77.0 150 -1 0
0 1 0 28.7 77.0 144 -1 0
0 1 0 28.7 77.0 134 -1 0
0 1 0 28.7 77.0 128 -1 0
0 1 0 28.7 77.0 123 -1 0
0 1 0 28.7 77.0 120 -1 0
0 1 0 28.7 77.0 113 -1 0
0 1 0 28.8 77.0 109 -1 0
0 1 0 28.7 77.0 109 -1 0
0 1 0 28.8 77.0 107 -1 0
0 1 0 28.8 77.0 106 -1 0
0 1 0 28.8 77.0 104 -1 0
0 1 0 28.8 77.0 97 -1 0
0 1 0 28.8 77.0 93 -1 0
0 1 0 28.8 77.0 93 -1 0
0 1 0 28.8 77.0 92 -1 0
0 1 0 28.8 77.0 92 -1 0
0 1 0 28.8 77.0 86 -1 0
0 1 0 28.8 77.0 88 -1 0
0 1 0 28.8 77.0 87 -1 0
0 1 0 28.9 77.0 85 -1 0
0 1 0 28.8 77.0 85 -1 0
0 1 0 28.8 77.0 86 -1 0
0 1 0 28.8 77.0 88 -1 0
0 1 0 28.9 77.0 88 -1 0
0 1 0 28.8 77.0 90 -1 0
0 1 0 28.9 77.0 86 -1 0
0 1 0 28.9 77.0 88 -1 0
0 1 0 28.8 77.0 86 -1 0
0 1 0 28.8 77.0 86 -1 0
0 1 0 28.8 77.0 88 -1 0
0 1 0 28.9 77.0 86 -1 0
0 1 0 28.9 77.0 86 -1 0
0 1 0 28.9 77.0 88 -1 0
0 1 0 28.8 77.0 84 -1 0
0 1 0 28.9 77.0 83 -1 0
0 1 0 28.8 76.5 83 -1 0
0 1 0 28.9 76.5 83 -1 0
0 1 0 28.9 76.5 83 -1 0
0 1 0 28.9 76.5 86 -1 0
0 1 0 28.9 76.5 90 -1 0
0 1 0 28.9 76.5 92 -1 0
0 1 0 28.8 76.5 91 -1 0
0 1 0 28.9 76.5 93 -1 0
0 1 0 28.9 76.5 93 -1 0
0 1 0 28.9 76.5 91 -1 0
0 1 0 28.9 76.5 93 -1 0
0 1 0 28.8 76.0 95 -1 0
0 1 0 28.9 76.0 95 -1 0
0 1 0 28.8 76.0 98 -1 0
0 1 0 28.8 76.0 102 -1 0
0 1 0 28.8 76.0 100 -1 0
0 1 0 28.8 76.0 102 -1 0
0 1 0 28.8 76.0 100 -1 0
0 1 0 28.8 76.0 104 -1 0
0 1 0 28.8 76.0 107 -1 0
0 1 0 28.8 75.5 107 -1 0
0 1 0 28.7 75.5 105 -1 0
0 1 0 28.8 75.5 108 -1 0
0 1 0 28.7 75.5 112 -1 0
0 1 0 28.8 75.5 114 -1 0
0 1 0 28.7 75.5 112 -1 0
0 1 0 28.7 75.0 114 -1 0
0 1 0 28.6 75.0 114 -1 0
0 1 0 28.6 75.0 117 -1 0
0 1 0 28.7 75.0 117 -1 0
0 1 0 28.7 75.0 117 -1 0
0 1 0 28.6 75.0 119 -1 0
0 1 0 28.6 75.0 119 -1 0
0 1 0 28.6 74.5 117 -1 0
0 1 0 28.6 74.5 117 -1 0
0 1 0 28.5 74.5 117 -1 0
0 1 0 28.5 74.5 115 -1 0
0 1 0 28.5 74.5 112 -1 0
0 1 0 28.5 74.5 114 -1 0
0 1 0 28.4 74.5 107 -1 0
0 1 0 28.5 74.5 103 -1 0
0 1 0 28.4 74.5 100 -1 0
0 1 0 28.4 74.0 102 -1 0
0 1 0 28.4 74.0 100 -1 0
0 1 0 28.3 74.0 100 -1 0
0 1 0 28.3 74.0 98 -1 0
0 1 0 28.3 74.0 96 -1 0
0 1 0 28.3 74.0 98 -1 0
0 1 0 28.2 74.0 96 -1 0
0 1 0 28.2 74.0 94 -1 0
0 1 0 28.2 74.0 94 -1 0
0 1 0 28.2 74.0 95 -1 0
0 1 0 28.2 74.0 95 -1 0
0 1 0 28.2 74.0 91 -1 0
0 1 0 28.1 73.5 91 -1 0
0 1 0 28.0 73.0 91 -1 0
0 1 0 28.0 73.0 86 -1 0
0 1 0 28.0 73.5 88 -1 0
0 1 0 28.0 73.5 88 -1 0
0 1 0 28.0 73.5 84 -1 0
0 1 0 27.9 73.5 86 -1 0
0 1 0 27.9 73.5 81 -1 0
0 1 0 27.9 73.0 81 -1 0
0 1 0 27.9 73.0 81 -1 0
0 1 0 27.8 71.5 77 -1 0
0 1 0 27.8 70.5 79 -1 0
0 1 0 27.7 70.0 75 -1 0
0 1 0 27.7 69.5 75 -1 0
0 1 0 27.7 69.0 77 -1 0
0 1 0 27.7 68.5 79 -1 0
0 1 0 27.6 68.0 77 -1 0
0 1 0 27.5 67.5 79 -1 0
0 1 0 27.5 67.5 82 -1 0
0 1 0 27.4 67.5 84 -1 0
0 1 0 27.5 67.0 88 -1 0
0 1 0 27.5 67.0 89 -1 0
0 1 0 27.4 66.5 91 -1 0
0 1 0 27.4 66.5 93 -1 0
0 1 0 27.3 66.5 94 -1 0
0 1 0 27.4 67.5 94 -1 0
0 1 0 27.3 69.0 96 -1 0
0 1 0 27.3 68.0 96 -1 0
0 1 0 27.3 67.5 96 -1 0
0 1 0 27.3 68.0 96 -1 0
0 1 0 27.3 67.0 94 -1 0
0 1 0 27.2 66.5 94 -1 0
0 1 0 27.2 66.0 95 -1 0
0 1 0 27.2 66.0 93 -1 0
0 1 0 27.2 67.5 91 -1 0
0 1 0 27.2 69.5 91 -1 0
0 1 0 27.1 70.0 89 -1 0
0 1 0 27.2 69.5 91 -1 0
0 1 0 27.2 70.0 89 -1 0
0 1 0 27.1 68.5 88 -1 0
0 1 0 27.1 68.5 88 -1 0
0 1 0 27.1 68.5 84 -1 0
0 1 0 27.1 70.0 84 -1 0
0 1 0 27.1 71.0 86 -1 0
0 1 0 27.1 71.0 81 -1 0
0 1 0 27.1 71.5 81 -1 0
0 1 0 27.1 71.5 81 -1 0
0 1 0 27.1 71.5 79 -1 0
0 1 0 27.1 72.0 78 -1 0
0 1 0 27.1 72.0 76 -1 0
0 1 0 27.1 72.0 72 -1 0
0 1 0 27.2 72.0 70 -1 0
0 1 0 27.2 72.5 69 -1 0
0 1 0 27.1 72.5 67 -1 0
0 1 0 27.2 72.5 67 -1 0
0 1 0 27.2 72.5 65 -1 0
0 1 0 27.2 73.0 63 -1 0
0 1 0 27.2 73.0 64 -1 0
0 1 0 27.2 73.0 64 -1 0
0 1 0 27.1 73.0 62 -1 0
0 1 0 27.2 73.0 64 -1 0
0 1 0 27.2 73.0 62 -1 0
0 1 0 27.2 73.0 62 -1 0
0 1 0 27.2 72.5 62 -1 0
0 1 0 27.1 73.0 64 -1 0
0 1 0 27.1 73.0 62 -1 0
0 1 0 27.2 73.5 63 -1 0
0 1 0 27.1 73.5 63 -1 0
0 1 0 27.2 73.5 67 -1 0
0 1 0 27.2 73.5 67 -1 0
0 1 0 27.2 73.5 71 -1 0
0 1 0 27.2 73.5 70 -1 0
0 1 0 27.2 73.5 72 -1 0
0 1 0 27.3 74.0 72 -1 0
0 1 0 27.3 74.0 74 -1 0
0 1 0 27.3 74.0 72 -1 0
0 1 0 27.2 74.5 74 -1 0
0 1 0 27.3 74.0 74 -1 0
0 1 0 27.3 74.5 72 -1 0
0 1 0 27.3 74.0 72 -1 0
0 1 0 27.3 74.0 74 -1 0
0 1 0 27.3 74.0 72 -1 0
0 1 0 27.3 74.0 72 -1 0
0 1 0 27.3 74.0 72 -1 0
0 1 0 27.3 74.5 72 -1 0
0 1 0 27.3 74.5 72 -1 0
0 1 0 27.2 74.5 72 -1 0
0 1 0 27.3 74.5 74 -1 0
0 1 0 27.3 74.5 72 -1 0
0 1 0 27.3 74.5 77 -1 0
0 1 0 27.4 75.0 75 -1 0
0 1 0 27.4 74.5 77 -1 0
0 1 0 27.4 75.0 77 -1 0
0 1 0 27.5 75.0 81 -1 0
0 1 0 27.5 75.0 81 -1 0
0 1 0 27.5 75.0 82 -1 0
0 1 0 27.6 75.0 86 -1 0
0 1 0 27.6 75.0 84 -1 0
0 1 0 27.6 75.0 86 -1 0
0 1 0 27.5 75.0 88 -1 0
0 1 0 27.5 75.0 88 -1 0
0 1 0 27.5 75.0 84 -1 0
0 1 0 27.5 75.0 86 -1 0
0 1 0 27.6 75.0 88 -1 0
0 1 0 27.6 75.0 89 -1 0
0 1 0 27.6 75.0 89 -1 0
0 1 0 27.7 75.0 91 -1 0
0 1 0 27.7 75.0 93 -1 0
0 1 0 27.6 75.0 93 -1 0
0 1 0 27.7 75.5 93 -1 0
0 1 0 27.7 75.5 89 -1 0
0 1 0 27.8 75.5 95 -1 0
0 1 0 27.7 75.0 91 -1 0
0 1 0 27.8 75.0 93 -1 0
0 1 0 27.8 75.5 92 -1 0
0 1 0 27.8 75.5 96 -1 0
0 1 0 27.8 75.5 94 -1 0
0 1 0 27.8 75.5 96 -1 0
0 1 0 27.8 75.0 96 -1 0
0 1 0 27.9 75.0 94 -1 0
0 1 0 28.0 75.0 94 -1 0
0 1 0 27.9 75.0 94 -1 0
0 1 0 27.9 74.5 94 -1 0
0 1 0 28.0 74.5 94 -1 0
0 1 0 27.9 74.5 96 -1 0
0 1 0 28.0 74.5 96 -1 0
0 1 0 27.9 74.5 98 -1 0
0 1 0 27.9 74.5 100 -1 0
0 1 0 28.0 74.5 96 -1 0
0 1 0 27.9 74.5 98 -1 0
0 1 0 27.9 74.5 100 -1 0
0 1 0 28.0 74.5 96 -1 0
0 1 0 27.9 74.0 99 -1 0
0 1 0 27.9 74.0 99 -1 0
0 1 0 27.9 74.0 99 -1 0
0 1 0 27.9 74.0 101 -1 0
0 1 0 27.9 74.0 103 -1 0
0 1 0 27.9 74.0 103 -1 0
0 1 0 27.8 74.0 103 -1 0
0 1 0 27.9 74.0 103 -1 0
0 1 0 27.9 74.0 101 -1 0
0 1 0 27.9 74.0 101 -1 0
0 1 0 27.9 74.0 103 -1 0
0 1 0 27.9 74.0 99 -1 0
0 1 0 28.0 74.0 98 -1 0
0 1 0 28.0 74.5 96 -1 0
0 1 0 28.1 74.0 98 -1 0
0 1 0 28.2 74.0 94 -1 0
0 1 0 28.2 74.0 96 -1 0
0 1 0 28.2 74.0 94 -1 0
0 1 0 28.2 74.0 92 -1 0
0 1 0 28.2 74.0 92 -1 0
0 1 0 28.2 74.0 92 -1 0
0 1 0 28.2 74.0 92 -1 0
0 1 0 28.2 74.0 92 -1 0
0 1 0 28.2 74.0 92 -1 0
0 1 0 28.1 74.0 95 -1 0
0 1 0 28.2 74.0 92 -1 0
0 1 0 28.2 74.0 94 -1 0
0 1 0 28.1 74.0 96 -1 0
0 1 0 28.1 74.0 96 -1 0
0 1 0 28.2 74.0 94 -1 0
0 1 0 28.2 74.0 96 -1 0
0 1 0 28.1 74.0 98 -1 0
0 1 0 28.1 74.0 98 -1 0
0 1 0 28.1 74.0 96 -1 0
0 1 0 28.1 74.0 96 -1 0
0 1 0 28.1 74.0 96 -1 0
0 1 0 28.1 74.0 98 -1 0
0 1 0 28.2 74.0 100 -1 0
0 1 0 28.1 73.5 99 -1 0
0 1 0 28.1 73.5 101 -1 0
0 1 0 28.2 73.5 101 -1 0
0 1 0 28.1 73.5 101 -1 0
0 1 0 28.1 73.5 101 -1 0
0 1 0 28.1 73.5 101 -1 0
0 1 0 28.1 73.5 99 -1 0
0 1 0 28.1 73.5 101 -1 0
0 1 0 28.1 73.5 101 -1 0
0 1 0 28.1 73.5 99 -1 0
0 1 0 28.1 73.0 99 -1 0
0 1 0 28.1 73.0 99 -1 0
0 1 0 28.1 73.0 103 -1 0
0 1 0 28.1 73.0 99 -1 0
0 1 0 28.1 73.0 101 -1 0
0 1 0 28.0 72.5 100 -1 0
0 1 0 28.1 71.5 94 -1 0
0 1 0 28.0 71.5 94 -1 0
0 1 0 28.0 72.0 94 -1 0
0 1 0 27.9 72.0 91 -1 0
0 1 0 27.9 70.5 89 -1 0
0 1 0 27.9 70.5 89 -1 0
0 1 0 27.8 70.5 93 -1 0
0 1 0 27.8 71.5 94 -1 0
0 1 0 27.8 72.0 96 -1 0
0 1 0 27.9 72.0 98 -1 0
0 1 0 28.0 72.0 99 -1 0
0 1 0 28.0 72.0 99 -1 0
0 1 0 28.0 72.0 99 -1 0
0 1 0 28.0 72.5 101 -1 0
0 1 0 27.9 72.0 103 -1 0
0 1 0 28.0 71.0 101 -1 0
0 1 0 28.0 70.5 99 -1 0
0 1 0 27.9 71.0 101 -1 0
0 1 0 27.9 71.5 101 -1 0
0 1 0 27.9 72.0 103 -1 0
0 1 0 28.0 72.0 104 -1 0
0 1 0 28.1 72.0 104 -1 0
0 1 0 28.2 72.0 104 -1 0
0 1 0 28.3 72.0 108 -1 0
0 1 0 28.3 72.0 104 -1 0
0 1 0 28.3 72.0 108 -1 0
0 1 0 28.4 72.0 109 -1 0
0 1 0 28.3 72.5 108 -1 0
0 1 0 28.2 72.5 108 -1 0
0 1 0 28.3 72.5 108 -1 0
0 1 0 28.3 72.5 106 -1 0
0 1 0 28.4 72.5 109 -1 0
0 1 0 28.5 72.5 112 -1 0
0 1 0 28.5 72.5 112 -1 0
0 1 0 28.6 72.5 107 -1 0
0 1 0 28.5 72.5 104 -1 0
0 1 0 28.6 72.5 101 -1 0
0 1 0 28.5 72.5 101 -1 0
0 1 0 28.5 72.5 101 -1 0
0 1 0 28.5 72.5 101 -1 0
0 1 0 28.7 72.5 99 -1 0
0 1 0 28.6 72.5 96 -1 0
0 1 0 28.6 72.5 96 -1 0
0 1 0 28.7 72.5 96 -1 0
0 1 0 28.7 72.5 94 -1 0
0 1 0 28.6 72.0 94 -1 0
0 1 0 28.5 71.5 97 -1 0
0 1 0 28.5 71.0 99 -1 0
0 1 0 28.5 71.0 100 -1 0
0 1 0 28.4 70.5 100 -1 0
0 1 0 28.4 70.0 102 -1 0
0 1 0 28.3 70.0 103 -1 0
0 1 0 28.3 69.5 104 -1 0
0 1 0 28.2 69.5 103 -1 0
0 1 0 28.2 69.0 97 -1 0
0 1 0 28.2 69.0 92 -1 0
1 1 12 28.2 69.5 87 -1 0
1 1 35 28.2 69.5 74 -1 0
1 1 15 28.3 69.5 88 -1 0
1 1 0 28.3 69.5 84 -1 0
1 1 9 28.2 68.0 81 -1 0
1 1 10 28.1 67.0 79 -1 0
1 1 24 28.0 66.5 75 -1 0
1 1 0 27.9 66.5 75 -1 0
1 1 0 27.8 67.0 72 -1 0
1 1 20 27.9 66.5 70 -1 0
1 1 12 27.8 66.0 77 -1 0
1 1 18 27.8 65.5 75 -1 0
1 1 22 27.7 65.5 75 -1 0
1 1 23 27.6 65.0 75 -1 0
1 1 16 27.6 65.0 75 -1 0
1 1 13 27.6 65.0 75 -1 0
1 1 20 27.5 65.0 77 -1 0
1 1 20 27.5 65.0 75 -1 0
1 1 12 27.5 65.5 70 -1 0
1 1 15 27.5 66.5 70 -1 0
1 1 25 27.6 67.5 66 -1 0
1 1 8 27.6 67.5 74 -1 0
1 1 0 27.7 66.5 72 -1 0
1 1 14 27.6 65.5 77 -1 0
1 1 10 27.5 65.0 77 -1 0
1 1 11 27.5 65.0 77 -1 0
1 1 2 27.4 65.0 79 -1 0
1 1 12 27.4 65.0 79 -1 0
1 1 3 27.3 64.5 77 -1 0
1 1 3 27.3 65.0 75 -1 0
1 1 3 27.4 65.5 73 -1 0
1 1 3 27.4 66.0 75 -1 0
1 1 5 27.4 66.5 72 -1 0
1 1 2 27.5 66.0 72 -1 0
1 1 4 27.5 65.0 70 -1 0
1 1 18 27.4 65.0 68 -1 0
1 1 16 27.4 65.0 69 -1 0
1 1 7 27.4 64.5 69 -1 0
1 1 32 27.4 64.5 67 -1 0
1 1 4 27.3 64.0 69 -1 0
1 1 15 27.3 64.0 65 -1 0
1 1 21 27.3 63.5 65 -1 0
1 1 43 27.2 63.0 63 -1 0
1 1 0 27.1 63.0 70 -1 0
1 1 0 27.1 63.0 72 -1 0
1 1 0 27.2 63.0 72 -1 0
1 1 0 27.1 63.0 70 -1 0
1 1 0 27.1 63.0 70 -1 0
1 1 0 27.0 62.5 70 -1 0
1 1 0 27.0 62.5 72 -1 0
1 1 0 27.0 62.5 74 -1 0
1 1 0 27.0 62.0 72 -1 0
1 1 20 27.0 62.0 72 -1 0
1 1 0 27.0 62.0 70 -1 0
1 1 21 26.9 62.0 72 -1 0
1 1 12 26.9 62.0 75 -1 0
1 1 5 26.9 62.0 75 -1 0
1 1 7 26.9 62.0 75 -1 0
1 1 8 26.9 61.5 73 -1 0
1 1 2 26.9 61.5 75 -1 0
1 1 10 26.9 61.5 75 -1 0
1 1 10 26.9 61.5 77 -1 0
1 1 5 26.9 61.0 73 -1 0
1 1 14 26.8 61.0 75 -1 0
1 1 7 26.9 61.0 75 -1 0
1 1 6 26.9 61.0 72 -1 0
1 1 7 26.8 61.0 72 -1 0
1 1 5 26.8 61.0 70 -1 0
1 1 7 26.9 61.0 68 -1 0
1 1 6 26.9 62.0 68 -1 0
1 1 3 26.9 61.0 69 -1 0
1 1 1 26.8 60.5 65 -1 0
1 1 2 26.9 60.5 65 -1 0
1 1 1 26.8 60.5 68 -1 0
1 1 6 26.9 60.5 68 -1 0
1 1 5 26.9 60.5 66 -1 0
1 1 6 26.9 61.0 70 -1 0
1 1 6 26.8 60.5 65 -1 0
1 1 14 26.9 60.5 67 -1 0
1 1 5 26.8 60.5 67 -1 0
1 1 7 26.9 62.0 63 -1 0
1 1 4 26.9 64.0 63 -1 0
1 1 2 27.0 64.5 64 -1 0
1 1 7 27.1 64.0 60 -1 0
1 1 5 27.0 64.0 60 -1 0
1 1 16 27.0 65.0 58 -1 0
1 1 3 27.1 65.0 57 -1 0
1 1 1 27.2 65.5 55 -1 0
1 1 3 27.1 65.0 53 -1 0
1 1 2 27.2 64.0 55 -1 0
1 1 20 27.1 64.0 52 -1 0
1 1 25 27.2 65.0 50 -1 0
0 1 18 27.2 64.5 50 -1 0
0 1 10 27.2 66.0 46 -1 0
0 1 27 27.2 67.0 47 -1 0
0 1 14 27.3 67.5 46 -1 0
0 1 9 27.4 68.0 45 -1 0
0 1 5 27.4 68.0 41 -1 0
0 1 11 27.5 68.0 41 -1 0
0 1 4 27.5 68.5 43 -1 0
0 1 8 27.5 68.5 43 -1 0
0 1 10 27.6 68.5 43 -1 0
0 1 11 27.6 68.5 41 -1 0
0 1 2 27.6 69.0 41 -1 0
0 1 6 27.6 69.5 43 -1 0
0 1 5 27.6 69.5 45 -1 0
0 1 10 27.7 69.5 45 -1 0
0 1 13 27.7 69.5 43 -1 0
0 1 16 27.7 69.5 43 -1 0
0 1 1 27.7 69.5 43 -1 0
0 1 10 27.7 69.0 43 -1 0
0 1 12 27.7 68.0 41 -1 0
0 1 10 27.7 67.5 41 -1 0
0 1 3 27.7 67.0 41 -1 0
0 1 4 27.7 67.0 41 -1 0
0 1 0 27.7 67.5 41 -1 0
0 1 8 27.6 68.0 41 -1 0
0 1 13 27.7 68.5 39 -1 0
0 1 12 27.7 69.0 41 -1 0
0 1 17 27.7 69.5 43 -1 0
0 1 4 27.7 69.5 48 -1 0
0 1 13 27.8 70.0 44 -1 0
0 1 10 27.7 70.0 48 -1 0
0 1 8 27.8 70.0 44 -1 0
0 1 5 27.9 70.0 46 -1 0
0 1 8 27.8 70.0 48 -1 0
0 1 1 27.8 70.0 55 -1 0
0 1 23 27.8 70.0 56 -1 0
0 1 21 27.8 70.0 49 -1 0
0 1 16 27.9 70.5 48 -1 0
0 1 31 27.9 70.5 48 -1 0
0 1 23 27.9 70.5 43 -1 0
0 1 17 27.9 70.5 41 -1 0
0 1 20 27.9 70.5 41 -1 0
0 1 4 27.9 70.5 39 -1 0
0 1 2 27.8 70.5 43 -1 0
0 1 5 27.9 70.0 39 -1 0
0 1 9 27.9 70.0 41 -1 0
0 1 3 27.9 69.5 39 -1 0
0 1 1 27.8 70.0 38 -1 0
0 1 2 27.8 69.5 38 -1 0
0 1 3 27.8 69.5 34 -1 0
0 1 0 27.8 69.0 38 -1 0
0 1 2 27.8 69.0 34 -1 0
0 1 1 27.8 68.0 36 -1 0
0 1 0 27.8 67.5 34 -1 0
0 1 5 27.7 67.0 34 -1 0
0 1 0 27.7 67.0 32 -1 0
0 1 1 27.7 67.0 32 -1 0
0 1 5 27.7 66.5 32 -1 0
0 1 3 27.7 66.5 34 -1 0
0 1 2 27.6 66.0 32 -1 0
0 1 4 27.6 66.0 33 -1 0
0 1 2 27.6 66.0 33 -1 0
0 1 7 27.6 65.5 29 -1 0
0 1 4 27.6 66.0 29 -1 0
0 1 1 27.6 65.5 33 -1 0
0 1 34 27.6 65.5 33 -1 0
1 1 7 27.5 65.0 31 -1 0
1 1 0 27.5 64.0 29 -1 0
1 1 0 27.4 63.0 31 -1 0
1 1 0 27.4 62.5 29 -1 0
1 1 0 27.3 62.0 27 -1 0
1 1 0 27.2 62.0 28 -1 0
1 1 0 27.2 62.0 28 -1 0
1 1 0 27.1 61.5 26 -1 0
1 1 0 27.1 61.0 26 -1 0
1 1 14 27.0 61.0 24 -1 0
1 1 4 26.9 60.5 24 -1 0
1 1 4 26.9 60.5 26 -1 0
1 1 5 27.0 60.5 24 -1 0
1 1 6 27.0 60.5 24 -1 0
1 1 5 27.0 60.0 22 -1 0
1 1 4 26.8 60.0 24 -1 0
1 1 11 26.9 60.0 22 -1 0
1 1 8 26.9 59.5 22 -1 0
1 1 2 26.8 59.5 20 -1 0
1 1 6 26.8 59.5 24 -1 0
1 1 5 26.8 59.5 24 -1 0
1 1 2 26.7 59.5 24 -1 0
1 1 0 26.7 59.5 20 -1 0
1 1 4 26.7 59.0 20 -1 0
1 1 6 26.7 59.0 24 -1 0
1 1 5 26.7 59.0 24 -1 0
1 1 5 26.6 59.0 21 -1 0
1 1 3 26.7 59.0 19 -1 0
1 1 18 26.6 59.0 19 -1 0
1 1 4 26.7 58.5 17 -1 0
1 1 4 26.6 58.5 19 -1 0
1 1 7 26.5 58.5 21 -1 0
1 1 42 26.6 58.5 19 -1 0
1 1 6 26.5 58.0 19 -1 0
1 1 40 26.5 58.0 19 -1 0
0 1 0 26.5 58.0 19 -1 0
0 1 0 26.5 58.5 19 -1 0
0 1 0 26.5 59.0 19 -1 0
0 1 0 26.5 59.0 17 -1 0
0 1 0 26.5 59.5 21 -1 0
0 1 0 26.6 59.5 19 -1 0
0 1 0 26.6 60.0 17 -1 0
0 1 0 26.7 60.5 15 -1 0
0 1 0 26.6 61.0 19 -1 0
0 1 0 26.7 61.5 17 -1 0
0 1 0 26.7 61.5 17 -1 0
0 1 0 26.7 61.5 15 -1 0
0 1 0 26.7 62.0 15 -1 0
0 1 0 26.8 62.0 15 -1 0
0 1 0 26.7 61.5 16 -1 0
0 1 0 26.7 61.5 16 -1 0
0 1 0 26.7 62.0 14 -1 0
0 1 0 26.7 62.0 14 -1 0
0 1 0 26.7 61.5 12 -1 0
0 1 0 26.7 61.5 12 -1 0
0 1 0 26.8 61.5 14 -1 0
0 1 0 26.7 61.5 14 -1 0
0 1 0 26.7 61.5 12 -1 0
0 1 0 26.7 62.0 10 -1 0
0 1 0 26.7 61.5 10 -1 0
0 1 0 26.7 61.5 12 -1 0
0 1 0 26.8 61.5 12 -1 0
0 1 0 26.7 61.5 12 -1 0
0 1 0 26.7 61.0 12 -1 0
0 1 0 26.8 61.0 10 -1 0
0 1 0 26.7 60.5 10 -1 0
0 1 0 26.7 60.5 10 -1 0
0 1 0 26.8 60.5 11 -1 0
0 1 0 26.8 60.5 11 -1 0
0 1 0 26.8 61.0 9 -1 0
0 1 0 26.7 61.0 9 -1 0
0 1 0 26.8 62.0 7 -1 0
0 1 0 26.7 62.0 7 -1 0
0 1 0 26.8 62.0 5 -1 0
0 1 0 26.8 62.0 9 -1 0
0 1 0 26.8 61.5 7 -1 0
0 1 0 26.7 61.5 7 -1 0
0 1 0 26.7 61.5 5 -1 0
0 1 0 26.7 61.5 5 -1 0
0 1 0 26.7 61.5 7 -1 0
0 1 0 26.7 62.0 7 -1 0
0 1 0 26.7 61.5 7 -1 0
0 1 0 26.6 61.5 5 -1 0
0 1 0 26.7 61.5 5 -1 0
0 1 0 26.7 61.5 5 -1 0
0 1 0 26.7 61.5 5 -1 0
0 1 0 26.6 61.5 3 -1 0
0 1 0 26.7 61.5 3 -1 0
0 1 0 26.7 61.5 3 -1 0
0 1 0 26.7 61.5 6 -1 0
0 1 0 26.7 61.5 6 -1 0
0 1 0 26.6 61.5 4 -1 0
0 1 0 26.6 61.5 4 -1 0
0 1 0 26.7 61.5 4 -1 0
0 1 0 26.6 61.5 2 -1 0
0 1 0 26.6 61.5 2 -1 0
0 1 0 26.7 61.5 2 -1 0
0 1 0 26.7 62.0 2 -1 0
0 1 0 26.6 62.0 2 -1 0
0 1 0 26.6 62.0 1 -1 0
0 1 0 26.6 62.0 4 -1 0
0 1 0 26.6 61.5 4 -1 0
0 1 0 26.6 62.0 4 -1 0
0 1 0 26.6 61.5 4 -1 0
0 1 0 26.6 61.5 4 -1 0
0 1 0 26.6 61.5 2 -1 0
0 1 0 26.6 61.5 2 -1 0
0 1 0 26.6 61.5 2 -1 0
0 1 0 26.6 61.0 2 -1 0
0 1 0 26.6 61.5 2 -1 0
0 1 0 26.7 61.5 2 -1 0
0 1 0 26.6 61.0 1 -1 0
0 1 0 26.6 61.5 1 -1 0
0 1 0 26.6 62.0 1 -1 0
0 1 0 26.6 61.5 1 -1 0
0 1 0 26.6 62.0 1 -1 0
0 1 0 26.6 63.0 1 -1 0
0 1 0 26.6 63.0 2 -1 0
0 1 0 26.7 64.5 2 -1 0
0 1 0 26.7 66.0 2 -1 0
0 1 0 26.7 66.0 2 -1 0
0 1 0 26.7 66.5 2 -1 0
0 1 0 26.7 66.0 2 -1 0
0 1 0 26.8 65.5 0 -1 0
0 1 0 26.7 66.0 0 -1 0
0 1 0 26.8 66.0 0 -1 0
0 1 0 26.7 65.0 0 -1 0
0 1 0 26.7 64.5 0 -1 0
0 1 0 26.7 64.5 0 -1 0
0 1 0 26.7 64.0 0 -1 0
0 1 0 26.7 64.0 1 -1 0
0 1 0 26.7 63.5 1 -1 0
0 1 0 26.8 63.5 1 -1 0
0 1 0 26.7 63.5 1 -1 0
0 1 0 26.8 63.5 1 -1 0
0 1 0 26.7 64.0 1 -1 0
0 1 0 26.7 64.0 1 -1 0
0 1 0 26.7 64.0 1 -1 0
0 1 0 26.7 63.5 1 -1 0
0 1 0 26.7 63.5 1 -1 0
0 1 0 26.7 63.5 1 -1 0
0 1 0 26.8 65.0 1 -1 0
0 1 0 26.7 66.5 1 -1 0
0 1 0 26.8 66.5 1 -1 0
0 1 0 26.7 66.0 1 -1 0
0 1 0 26.8 65.5 1 -1 0
0 1 0 26.7 65.5 1 -1 0
0 1 0 26.8 65.0 1 -1 0
0 1 0 26.7 64.5 1 -1 0
0 1 0 26.7 64.5 2 -1 0
0 1 0 26.7 64.5 2 -1 0
0 1 0 26.7 65.0 2 -1 0
0 1 0 26.8 66.0 2 -1 0
0 1 0 26.7 66.0 2 -1 0
0 1 0 26.8 65.5 2 -1 0
0 1 0 26.7 65.5 2 -1 0
0 1 0 26.7 65.5 2 -1 0
0 1 0 26.7 65.5 2 -1 0
0 1 0 26.8 66.0 2 -1 0
0 1 0 26.7 65.5 2 -1 0
0 1 0 26.7 65.5 2 -1 0
0 1 0 26.8 65.0 2 -1 0
0 1 0 26.7 64.5 2 -1 0
0 1 0 26.7 64.5 2 -1 0
0 1 0 26.7 64.5 2 -1 0
0 1 0 26.7 64.5 2 -1 0
0 1 0 26.7 64.0 2 -1 0
0 1 0 26.7 64.0 2 -1 0
0 1 0 26.7 64.0 2 -1 0
0 1 0 26.6 63.5 2 -1 0
0 1 0 26.6 63.5 2 -1 0
0 1 0 26.7 64.0 2 -1 0
0 1 0 26.7 63.5 2 -1 0
0 1 0 26.7 64.0 2 -1 0
0 1 0 26.7 64.0 2 -1 0
0 1 0 26.7 64.0 2 -1 0
0 1 0 26.7 64.0 2 -1 0
0 1 0 26.7 64.0 2 -1 0
0 1 0 26.7 65.5 2 -1 0
0 1 0 26.7 66.0 2 -1 0
0 1 0 26.7 66.0 2 -1 0
0 1 0 26.8 67.0 2 -1 0
0 1 0 26.8 67.0 2 -1 0
0 1 0 26.8 67.0 2 -1 0
0 1 0 26.8 66.0 2 -1 0
0 1 0 26.8 66.0 2 -1 0
0 1 0 26.8 66.0 2 -1 0
0 1 0 26.7 66.0 2 -1 0
0 1 0 26.8 65.5 2 -1 0
0 1 0 26.8 65.5 2 -1 0
0 1 0 26.8 65.5 2 -1 0
0 1 0 26.7 65.5 2 -1 0
0 1 0 26.7 65.5 2 -1 0
0 1 0 26.7 65.0 2 -1 0
0 1 0 26.8 65.0 2 -1 0
0 1 0 26.8 65.0 2 -1 0
0 1 0 26.7 65.5 2 -1 0
0 1 0 26.8 66.0 2 -1 0
0 1 0 26.8 66.5 2 -1 0
0 1 0 26.7 66.0 2 -1 0
0 1 0 26.7 66.5 2 -1 0
0 1 0 26.8 66.0 2 -1 0
0 1 0 26.8 66.0 2 -1 0
0 1 0 26.8 65.5 2 -1 0
0 1 0 26.7 66.0 2 -1 0
0 1 0 26.8 65.5 2 -1 0
0 1 0 26.8 66.0 2 -1 0
0 1 0 26.8 66.5 2 -1 0
0 1 0 26.8 67.5 2 -1 0
0 1 0 26.9 68.0 2 -1 0
0 1 0 26.9 68.0 2 -1 0
0 1 0 26.9 68.5 2 -1 0
0 1 0 26.8 69.0 2 -1 0
0 1 0 26.8 69.0 2 -1 0
0 1 0 26.8 69.5 2 -1 0
0 1 0 26.9 69.5 2 -1 0
0 1 0 26.9 70.0 2 -1 0
0 1 0 27.0 70.0 2 -1 0
0 1 0 26.9 70.0 2 -1 0
0 1 0 26.9 69.5 2 -1 0
0 1 0 26.9 69.5 2 -1 0
0 1 0 26.9 69.0 2 -1 0
0 1 0 26.9 69.0 2 -1 0
0 1 0 26.9 68.5 2 -1 0
0 1 0 26.9 68.5 2 -1 0
0 1 0 26.9 68.5 2 -1 0
0 1 0 26.8 68.0 2 -1 0
0 1 0 26.9 67.5 2 -1 0
0 1 0 26.9 67.5 2 -1 0
0 1 0 26.9 67.0 2 -1 0
0 1 0 26.9 67.5 2 -1 0
0 1 0 26.8 67.5 2 -1 0
0 1 0 26.8 67.0 2 -1 0
0 1 0 26.8 67.0 2 -1 0
0 1 0 26.9 67.0 2 -1 0
0 1 0 26.8 66.5 2 -1 0
0 1 0 26.8 66.5 2 -1 0
0 1 0 26.8 66.0 2 -1 0
0 1 0 26.7 66.0 2 -1 0
0 1 0 26.8 66.0 2 -1 0
0 1 0 26.7 65.5 2 -1 0
0 1 0 26.8 65.5 2 -1 0
0 1 0 26.7 65.5 2 -1 0
0 1 0 26.7 65.5 2 -1 0
0 1 0 26.7 65.5 2 -1 0
0 1 0 26.7 65.0 2 -1 0
0 1 0 26.7 65.0 2 -1 0
0 1 0 26.7 65.0 2 -1 0
0 1 0 26.7 65.0 2 -1 0
0 1 0 26.7 64.5 2 -1 0
0 1 0 26.6 65.0 2 -1 0
0 1 0 26.6 64.5 2 -1 0
0 1 0 26.6 64.5 2 -1 0
0 1 0 26.7 64.0 2 -1 0
0 1 0 26.6 64.0 2 -1 0
0 1 0 26.6 64.0 2 -1 0
0 1 0 26.6 64.0 2 -1 0
0 1 0 26.6 64.0 2 -1 0
0 1 0 26.6 64.0 2 -1 0
0 1 0 26.5 64.0 2 -1 0
0 1 0 26.6 64.0 2 -1 0
0 1 0 26.5 64.0 2 -1 0
0 1 0 26.5 64.0 2 -1 0
0 1 0 26.5 63.5 2 -1 0
0 1 0 26.5 63.5 2 -1 0
0 1 0 26.5 63.5 2 -1 0
0 1 0 26.5 63.5 2 -1 0
0 1 0 26.4 63.5 2 -1 0
0 1 0 26.4 63.0 2 -1 0
0 1 0 26.4 63.0 2 -1 0
0 1 0 26.4 63.0 2 -1 0
0 1 0 26.5 63.0 2 -1 0
0 1 0 26.4 63.0 2 -1 0
0 1 0 26.4 63.0 2 -1 0
0 1 0 26.4 63.0 2 -1 0
0 1 0 26.4 63.0 2 -1 0
0 1 0 26.3 63.0 2 -1 0
0 1 0 26.3 62.5 2 -1 0
0 1 0 26.3 62.5 2 -1 0
0 1 0 26.3 62.5 2 -1 0
0 1 0 26.3 62.5 2 -1 0
0 1 0 26.3 62.5 2 -1 0
0 1 0 26.3 62.5 2 -1 0
0 1 0 26.3 62.5 2 -1 0
0 1 0 26.3 62.0 2 -1 0
0 1 0 26.2 62.0 2 -1 0
0 1 0 26.3 62.0 2 -1 0
0 1 0 26.2 62.0 2 -1 0
0 1 0 26.2 62.0 2 -1 0
0 1 0 26.2 62.0 2 -1 0
0 1 0 26.2 62.0 2 -1 0
0 1 0 26.2 62.0 2 -1 0
0 1 0 26.2 62.0 2 -1 0
0 1 0 26.2 62.0 2 -1 0
0 1 0 26.2 62.0 2 -1 0
0 1 0 26.1 62.0 2 -1 0
0 1 0 26.1 61.5 2 -1 0
0 1 0 26.2 61.5 2 -1 0
0 1 0 26.1 61.5 2 -1 0
0 1 0 26.1 61.5 2 -1 0
0 1 0 26.2 61.5 2 -1 0
0 1 0 26.1 62.0 2 -1 0
0 1 0 26.1 61.5 2 -1 0
0 1 0 26.1 61.5 2 -1 0
0 1 0 26.2 62.0 2 -1 0
0 1 0 26.1 62.0 2 -1 0
0 1 0 26.1 62.0 2 -1 0
0 1 0 26.2 62.5 2 -1 0
0 1 0 26.2 62.0 2 -1 0
0 1 0 26.2 62.5 2 -1 0
0 1 0 26.2 62.5 2 -1 0
0 1 0 26.2 63.0 2 -1 0
0 1 0 26.2 63.0 2 -1 0
0 1 0 26.2 63.0 2 -1 0
0 1 0 26.3 62.5 2 -1 0
0 1 0 26.2 62.5 2 -1 0
0 1 0 26.2 62.5 2 -1 0
0 1 0 26.2 62.5 2 -1 0
0 1 0 26.3 63.0 2 -1 0
0 1 0 26.3 62.5 2 -1 0
0 1 0 26.3 63.0 2 -1 0
0 1 0 26.2 62.5 2 -1 0
0 1 0 26.3 62.5 2 -1 0
0 1 0 26.3 63.0 2 -1 0
0 1 0 26.3 63.0 2 -1 0
0 1 0 26.4 63.0 2 -1 0
0 1 0 26.4 64.0 2 -1 0
0 1 0 26.3 64.5 2 -1 0
0 1 0 26.4 64.0 2 -1 0
0 1 0 26.4 64.0 2 -1 0
0 1 0 26.4 64.5 2 -1 0
0 1 0 26.4 64.5 2 -1 0
0 1 0 26.3 65.0 2 -1 0
0 1 0 26.4 65.0 2 -1 0
0 1 0 26.4 65.0 2 -1 0
0 1 0 26.5 65.0 2 -1 0
0 1 0 26.4 65.0 2 -1 0
0 1 0 26.5 65.0 2 -1 0
0 1 0 26.5 65.0 2 -1 0
0 1 0 26.5 65.0 2 -1 0
0 1 0 26.5 65.0 2 -1 0
0 1 0 26.5 65.0 2 -1 0
0 1 0 26.5 65.0 2 -1 0
0 1 0 26.6 65.0 2 -1 0
0 1 0 26.6 65.0 2 -1 0
0 1 0 26.5 65.5 2 -1 0
0 1 0 26.6 66.0 2 -1 0
0 1 0 26.7 67.0 2 -1 0
0 1 0 26.6 67.5 2 -1 0
0 1 0 26.6 67.5 2 -1 0
0 1 0 26.7 67.5 2 -1 0
0 1 0 26.7 67.5 2 -1 0
0 1 0 26.6 68.0 2 -1 0
0 1 0 26.7 68.0 2 -1 0
0 1 0 26.7 68.0 2 -1 0
0 1 0 26.7 68.0 2 -1 0
0 1 0 26.8 67.5 2 -1 0
0 1 0 26.8 67.5 2 -1 0
0 1 0 26.8 67.5 2 -1 0
0 1 0 26.8 67.5 2 -1 0
0 1 0 26.8 67.5 0 -1 0
0 1 0 26.8 67.5 2 -1 0
0 1 0 26.8 67.5 2 -1 0
0 1 0 26.8 67.5 2 -1 0
0 1 0 26.8 67.5 2 -1 0
0 1 0 26.8 67.5 2 -1 0
0 1 0 26.8 67.5 2 -1 0
0 1 0 26.9 67.0 2 -1 0
0 1 0 26.9 67.0 2 -1 0
0 1 0 26.9 67.0 2 -1 0
0 1 0 26.9 67.0 2 -1 0
0 1 0 26.9 67.0 2 -1 0
0 1 0 26.9 67.0 2 -1 0
0 1 0 26.9 67.0 2 -1 0
0 1 0 26.9 67.0 2 -1 0
0 1 0 26.9 67.0 2 -1 0
0 1 0 26.9 67.0 2 -1 0
0 1 0 26.9 67.0 2 -1 0
0 1 0 27.0 67.0 2 -1 0
0 1 0 26.9 67.5 2 -1 0
0 1 0 26.9 67.5 2 -1 0
0 1 0 27.0 67.5 2 -1 0
0 1 0 26.9 67.5 2 -1 0
0 1 0 27.0 67.5 2 -1 0
0 1 0 26.9 67.5 2 -1 0
0 1 0 27.0 67.5 2 -1 0
0 1 0 27.1 67.5 2 -1 0
0 1 0 27.0 67.5 2 -1 0
0 1 0 27.0 67.5 2 -1 0
0 1 0 27.1 67.5 2 -1 0
0 1 0 27.1 68.0 2 -1 0
0 1 0 27.1 68.0 2 -1 0
0 1 0 27.0 68.0 2 -1 0
0 1 0 27.1 67.5 2 -1 0
0 1 0 27.1 67.5 2 -1 0
0 1 0 27.2 67.5 2 -1 0
0 1 0 27.1 67.5 2 -1 0
0 1 0 27.0 67.5 2 -1 0
0 1 0 27.0 67.5 2 -1 0
0 1 0 27.1 67.5 2 -1 0
0 1 0 27.1 67.5 2 -1 0
0 1 0 27.1 67.5 2 -1 0
0 1 0 27.1 67.5 2 -1 0
0 1 0 27.1 67.5 2 -1 0
0 1 0 27.2 67.5 2 -1 0
0 1 0 27.2 67.5 2 -1 0
0 1 0 27.1 67.5 2 -1 0
0 1 0 27.1 67.5 2 -1 0
0 1 0 27.1 67.0 2 -1 0
0 1 0 27.1 67.0 2 -1 0
0 1 0 27.2 67.0 2 -1 0
0 1 0 27.1 67.0 2 -1 0
0 1 0 27.1 67.0 2 -1 0
0 1 0 27.2 67.0 2 -1 0
0 1 0 27.1 67.0 2 -1 0
0 1 0 27.1 67.0 2 -1 0
0 1 0 27.2 67.0 2 -1 0
0 1 0 27.1 67.0 2 -1 0
0 1 0 27.2 67.0 2 -1 0
0 1 0 27.2 67.0 2 -1 0
0 1 0 27.2 67.0 2 -1 0
0 1 0 27.2 67.0 2 -1 0
0 1 0 27.2 67.5 2 -1 0
0 1 0 27.2 67.5 2 -1 0
0 1 0 27.2 67.0 2 -1 0
0 1 0 27.2 67.5 2 -1 0
0 1 0 27.2 68.0 2 -1 0
0 1 0 27.3 68.5 2 -1 0
0 1 0 27.3 69.0 2 -1 0
0 1 0 27.3 69.5 2 -1 0
0 1 0 27.2 69.5 2 -1 0
0 1 0 27.3 69.5 2 -1 0
0 1 0 27.3 69.0 2 -1 0
0 1 0 27.2 69.0 2 -1 0
0 1 0 27.3 69.0 2 -1 0
0 1 0 27.2 68.5 2 -1 0
0 1 0 27.3 68.5 2 -1 0
