0 1 0 27.3 68.5 2 -1 0
0 1 0 27.3 68.5 2 -1 0
0 1 0 27.3 68.5 2 -1 0
0 1 0 27.3 68.5 2 -1 0
0 1 0 27.3 68.5 2 -1 0
0 1 0 27.3 68.5 2 -1 0
0 1 0 27.3 68.5 2 -1 0
0 1 0 27.4 68.5 2 -1 0
0 1 0 27.3 68.5 2 -1 0
0 1 0 27.3 68.5 2 -1 0
0 1 0 27.3 68.5 2 -1 0
0 1 0 27.3 68.5 2 -1 0
0 1 0 27.3 68.0 2 -1 0
0 1 0 27.3 68.5 2 -1 0
0 1 0 27.3 69.0 2 -1 0
0 1 0 27.3 69.5 2 -1 0
0 1 0 27.3 69.5 2 -1 0
0 1 0 27.4 69.5 2 -1 0
0 1 0 27.3 69.0 2 -1 0
0 1 0 27.4 69.0 2 -1 0
0 1 0 27.4 69.0 2 -1 0
0 1 0 27.4 69.0 2 -1 0
0 1 0 27.4 69.0 2 -1 0
0 1 0 27.4 69.0 2 -1 0
0 1 0 27.4 69.0 2 -1 0
0 1 0 27.4 68.5 2 -1 0
0 1 0 27.4 68.5 2 -1 0
0 1 0 27.4 68.5 2 -1 0
0 1 0 27.4 68.5 2 -1 0
0 1 0 27.4 68.5 2 -1 0
0 1 0 27.4 68.5 2 -1 0
0 1 0 27.4 68.5 2 -1 0
0 1 0 27.4 68.5 2 -1 0
0 1 0 27.4 68.5 2 -1 0
0 1 0 27.4 68.5 2 -1 0
0 1 0 27.4 68.0 2 -1 0
0 1 0 27.4 68.0 2 -1 0
0 1 0 27.4 68.0 2 -1 0
0 1 0 27.4 68.0 2 -1 0
0 1 0 27.4 68.0 2 -1 0
0 1 0 27.5 68.0 2 -1 0
0 1 0 27.4 68.0 2 -1 0
0 1 0 27.4 68.0 2 -1 0
0 1 0 27.4 68.0 2 -1 0
0 1 0 27.4 68.0 2 -1 0
0 1 0 27.4 68.0 2 -1 0
0 1 0 27.4 68.0 2 -1 0
0 1 0 27.4 67.5 2 -1 0
0 1 0 27.4 67.5 2 -1 0
0 1 0 27.5 67.5 2 -1 0
0 1 0 27.4 68.0 2 -1 0
0 1 0 27.5 69.0 2 -1 0
0 1 0 27.4 69.0 2 -1 0
0 1 0 27.5 69.5 2 -1 0
0 1 0 27.5 70.0 2 -1 0
0 1 0 27.5 70.0 2 -1 0
0 1 0 27.5 70.0 2 -1 0
0 1 0 27.4 70.5 2 -1 0
0 1 0 27.5 70.5 2 -1 0
0 1 0 27.5 70.5 2 -1 0
0 1 0 27.5 70.5 2 -1 0
0 1 0 27.5 70.5 2 -1 0
0 1 0 27.5 70.0 2 -1 0
0 1 0 27.5 69.5 2 -1 0
0 1 0 27.6 69.5 2 -1 0
0 1 0 27.5 69.5 2 -1 0
0 1 0 27.5 69.5 2 -1 0
0 1 0 27.5 69.5 2 -1 0
0 1 0 27.5 69.5 2 -1 0
0 1 0 27.5 69.5 2 -1 0
0 1 0 27.5 69.5 2 -1 0
0 1 0 27.5 69.5 2 -1 0
0 1 0 27.5 69.5 2 -1 0
0 1 0 27.6 69.5 2 -1 0
0 1 0 27.6 69.0 2 -1 0
0 1 0 27.5 69.0 2 -1 0
0 1 0 27.6 69.0 2 -1 0
0 1 0 27.5 69.0 2 -1 0
0 1 0 27.6 69.0 2 -1 0
0 1 0 27.6 68.5 2 -1 0
0 1 0 27.5 68.5 2 -1 0
0 1 0 27.5 68.5 2 -1 0
0 1 0 27.6 68.5 2 -1 0
0 1 0 27.6 68.5 2 -1 0
0 1 0 27.6 68.5 2 -1 0
0 1 0 27.6 68.5 2 -1 0
0 1 0 27.6 68.5 2 -1 0
0 1 0 27.5 68.5 2 -1 0
0 1 0 27.6 68.5 2 -1 0
0 1 0 27.6 69.0 2 -1 0
0 1 0 27.6 69.0 2 -1 0
0 1 0 27.6 68.5 2 -1 0
0 1 0 27.6 69.0 2 -1 0
0 1 0 27.6 69.0 2 -1 0
0 1 0 27.6 69.0 2 -1 0
0 1 0 27.6 69.5 2 -1 0
0 1 0 27.6 70.0 2 -1 0
0 1 0 27.5 70.0 2 -1 0
0 1 0 27.6 70.0 2 -1 0
0 1 0 27.6 70.0 2 -1 0
0 1 0 27.6 70.0 2 -1 0
0 1 0 27.6 70.0 2 -1 0
0 1 0 27.6 70.5 2 -1 0
0 1 0 27.6 70.5 2 -1 0
0 1 0 27.7 70.5 2 -1 0
0 1 0 27.6 70.5 2 -1 0
0 1 0 27.6 70.5 2 -1 0
0 1 0 27.7 71.0 2 -1 0
0 1 0 27.6 71.0 2 -1 0
0 1 0 27.6 71.0 2 -1 0
0 1 0 27.6 71.0 2 -1 0
0 1 0 27.7 71.0 2 -1 0
0 1 0 27.6 71.0 2 -1 0
0 1 0 27.7 71.0 2 -1 0
0 1 0 27.7 70.5 2 -1 0
0 1 0 27.7 70.5 2 -1 0
0 1 0 27.6 70.5 2 -1 0
0 1 0 27.7 70.5 2 -1 0
0 1 0 27.8 70.5 2 -1 0
0 1 0 27.7 70.0 2 -1 0
0 1 0 27.7 70.0 2 -1 0
0 1 0 27.7 70.0 2 -1 0
0 1 0 27.7 70.0 2 -1 0
0 1 0 27.7 69.5 2 -1 0
0 1 0 27.7 69.5 2 -1 0
0 1 0 27.7 69.5 2 -1 0
0 1 0 27.7 69.5 2 -1 0
0 1 0 27.6 69.5 2 -1 0
0 1 0 27.7 69.5 2 -1 0
0 1 0 27.7 69.5 2 -1 0
0 1 0 27.7 69.0 2 -1 0
0 1 0 27.7 69.0 2 -1 0
0 1 0 27.7 69.0 2 -1 0
0 1 0 27.7 69.0 2 -1 0
0 1 0 27.7 69.0 2 -1 0
0 1 0 27.7 69.0 2 -1 0
0 1 0 27.7 69.0 2 -1 0
0 1 0 27.7 69.0 2 -1 0
0 1 0 27.7 69.0 2 -1 0
0 1 0 27.7 69.0 2 -1 0
0 1 0 27.7 69.0 2 -1 0
0 1 0 27.7 69.0 2 -1 0
0 1 0 27.7 69.0 2 -1 0
0 1 0 27.7 68.5 2 -1 0
0 1 0 27.7 68.5 2 -1 0
0 1 0 27.7 68.5 2 -1 0
0 1 0 27.7 68.5 2 -1 0
0 1 0 27.7 68.5 2 -1 0
0 1 0 27.7 68.5 2 -1 0
0 1 0 27.7 68.5 2 -1 0
0 1 0 27.7 68.5 2 -1 0
0 1 0 27.7 68.5 2 -1 0
0 1 0 27.7 68.5 2 -1 0
0 1 0 27.6 68.5 2 -1 0
0 1 0 27.6 68.5 2 -1 0
0 1 0 27.7 68.5 2 -1 0
0 1 0 27.6 68.5 2 -1 0
0 1 0 27.7 68.5 2 -1 0
0 1 0 27.7 68.5 2 -1 0
0 1 0 27.6 68.5 2 -1 0
0 1 0 27.7 68.5 2 -1 0
0 1 0 27.7 68.5 2 -1 0
0 1 0 27.7 68.5 2 -1 0
0 1 0 27.7 68.5 2 -1 0
0 1 0 27.7 68.5 2 -1 0
0 1 0 27.6 68.5 2 -1 0
0 1 0 27.6 68.5 2 -1 0
0 1 0 27.7 68.5 2 -1 0
0 1 0 27.7 68.5 2 -1 0
0 1 0 27.7 68.5 2 -1 0
0 1 0 27.6 68.5 2 -1 0
0 1 0 27.6 68.0 2 -1 0
0 1 0 27.6 68.5 2 -1 0
0 1 0 27.7 68.5 2 -1 0
0 1 0 27.7 68.5 2 -1 0
0 1 0 27.7 68.5 2 -1 0
0 1 0 27.7 68.5 2 -1 0
0 1 0 27.7 68.5 2 -1 0
0 1 0 27.7 68.5 2 -1 0
0 1 0 27.7 68.5 2 -1 0
0 1 0 27.7 69.0 2 -1 0
0 1 0 27.7 69.0 2 -1 0
0 1 0 27.7 68.5 2 -1 0
0 1 0 27.7 68.5 2 -1 0
0 1 0 27.7 68.5 2 -1 0
0 1 0 27.7 68.5 2 -1 0
0 1 0 27.7 68.5 2 -1 0
0 1 0 27.7 68.5 2 -1 0
0 1 0 27.7 68.5 2 -1 0
0 1 0 27.7 68.5 2 -1 0
0 1 0 27.7 68.5 2 -1 0
0 1 0 27.7 68.5 2 -1 0
0 1 0 27.6 68.5 2 -1 0
0 1 0 27.7 68.5 2 -1 0
0 1 0 27.7 68.5 2 -1 0
0 1 0 27.7 68.5 2 -1 0
0 1 0 27.7 68.5 2 -1 0
0 1 0 27.7 68.5 2 -1 0
0 1 0 27.7 68.5 2 -1 0
0 1 0 27.7 68.5 2 -1 0
0 1 0 27.7 68.5 2 -1 0
0 1 0 27.8 68.5 2 -1 0
0 1 0 27.7 68.5 2 -1 0
0 1 0 27.7 68.5 2 -1 0
0 1 0 27.7 68.5 2 -1 0
0 1 0 27.6 68.5 2 -1 0
0 1 0 27.7 69.0 2 -1 0
0 1 0 27.7 69.0 2 -1 0
0 1 0 27.7 69.5 2 -1 0
0 1 0 27.7 69.5 2 -1 0
0 1 0 27.7 69.5 2 -1 0
0 1 0 27.7 70.0 2 -1 0
0 1 0 27.7 70.0 2 -1 0
0 1 0 27.7 70.0 2 -1 0
0 1 0 27.7 70.0 2 -1 0
0 1 0 27.7 70.0 2 -1 0
0 1 0 27.8 70.0 2 -1 0
0 1 0 27.7 70.0 2 -1 0
0 1 0 27.7 70.0 2 -1 0
0 1 0 27.7 70.0 2 -1 0
0 1 0 27.8 70.0 2 -1 0
0 1 0 27.8 70.0 2 -1 0
0 1 0 27.8 70.0 2 -1 0
0 1 0 27.8 70.0 2 -1 0
0 1 0 27.7 70.5 2 -1 0
0 1 0 27.7 70.5 2 -1 0
0 1 0 27.8 70.5 2 -1 0
0 1 0 27.7 70.0 2 -1 0
0 1 0 27.8 70.0 2 -1 0
0 1 0 27.8 70.0 2 -1 0
0 1 0 27.8 70.0 2 -1 0
0 1 0 27.8 69.5 2 -1 0
0 1 0 27.8 69.5 2 -1 0
0 1 0 27.8 70.0 2 -1 0
0 1 0 27.8 70.0 2 -1 0
0 1 0 27.9 70.0 2 -1 0
0 1 0 27.8 70.0 2 -1 0
0 1 0 27.8 70.0 2 -1 0
0 1 0 27.8 70.0 2 -1 0
0 1 0 27.8 70.5 2 -1 0
0 1 0 27.8 70.0 2 -1 0
0 1 0 27.9 70.0 2 -1 0
0 1 0 27.8 70.0 2 -1 0
0 1 0 27.8 70.0 2 -1 0
0 1 0 27.8 70.0 2 -1 0
0 1 0 27.8 70.0 2 -1 0
0 1 0 27.9 70.0 2 -1 0
0 1 0 27.8 69.5 2 -1 0
0 1 0 27.9 69.5 2 -1 0
0 1 0 27.9 69.5 2 -1 0
0 1 0 27.8 69.5 2 -1 0
0 1 0 27.8 69.5 2 -1 0
0 1 0 27.8 69.5 2 -1 0
0 1 0 27.8 69.5 2 -1 0
0 1 0 27.8 69.5 2 -1 0
0 1 0 27.8 69.5 2 -1 0
0 1 0 27.8 69.5 2 -1 0
0 1 0 27.9 69.5 2 -1 0
0 1 0 27.8 69.5 2 -1 0
0 1 0 27.9 69.5 2 -1 0
0 1 0 27.8 69.5 2 -1 0
0 1 0 27.8 69.5 2 -1 0
0 1 0 27.8 69.5 2 -1 0
0 1 0 27.8 69.5 2 -1 0
0 1 0 27.8 69.5 2 -1 0
0 1 0 27.9 69.5 2 -1 0
0 1 0 27.8 69.5 2 -1 0
0 1 0 27.8 69.5 2 -1 0
0 1 0 27.9 69.5 2 -1 0
0 1 0 27.8 69.5 2 -1 0
0 1 0 27.8 69.5 2 -1 0
0 1 0 27.9 69.5 2 -1 0
0 1 0 27.8 69.5 2 -1 0
0 1 0 27.8 69.5 2 -1 0
0 1 0 27.8 69.5 2 -1 0
0 1 0 27.8 69.5 2 -1 0
0 1 0 27.8 69.5 2 -1 0
0 1 0 27.8 69.5 2 -1 0
0 1 0 27.8 69.5 2 -1 0
0 1 0 27.8 69.0 2 -1 0
0 1 0 27.8 69.5 2 -1 0
0 1 0 27.8 69.5 2 -1 0
0 1 0 27.8 69.5 2 -1 0
0 1 0 27.8 69.5 2 -1 0
0 1 0 27.8 69.5 2 -1 0
0 1 0 27.8 69.5 2 -1 0
0 1 0 27.8 69.5 2 -1 0
0 1 0 27.8 69.5 2 -1 0
0 1 0 27.9 69.5 2 -1 0
0 1 0 27.8 69.5 2 -1 0
0 1 0 27.8 69.5 2 -1 0
0 1 0 27.8 69.5 2 -1 0
0 1 0 27.8 69.5 2 -1 0
0 1 0 27.8 69.5 2 -1 0
0 1 0 27.8 69.5 2 -1 0
0 1 0 27.9 69.5 2 -1 0
0 1 0 27.8 69.5 2 -1 0
0 1 0 27.9 70.0 2 -1 0
0 1 0 27.8 70.0 2 -1 0
0 1 0 27.9 70.0 2 -1 0
0 1 0 27.9 70.0 2 -1 0
0 1 0 27.8 70.0 2 -1 0
0 1 0 27.8 70.0 2 -1 0
0 1 0 27.9 70.0 2 -1 0
0 1 0 27.9 70.0 2 -1 0
0 1 0 27.8 70.0 2 -1 0
0 1 0 27.8 70.0 2 -1 0
0 1 0 27.9 70.0 2 -1 0
0 1 0 27.8 69.5 2 -1 0
0 1 0 27.8 69.5 2 -1 0
0 1 0 27.8 69.5 2 -1 0
0 1 0 27.8 69.5 2 -1 0
0 1 0 27.9 69.5 2 -1 0
0 1 0 27.9 69.5 1 -1 0
0 1 0 27.8 70.0 1 -1 0
0 1 0 27.9 70.5 1 -1 0
0 1 0 27.8 71.0 1 -1 0
0 1 0 27.9 71.0 1 -1 0
0 1 0 27.8 71.0 1 -1 0
0 1 0 27.8 71.0 1 -1 0
0 1 0 27.9 71.0 1 -1 0
0 1 0 27.8 70.5 1 -1 0
0 1 0 27.8 71.0 1 -1 0
0 1 0 27.9 70.5 1 -1 0
0 1 0 27.9 70.5 1 -1 0
0 1 0 27.8 70.5 1 -1 0
0 1 0 27.9 70.5 1 -1 0
0 1 0 27.9 70.5 1 -1 0
0 1 0 27.9 70.5 1 -1 0
0 1 0 27.9 70.0 1 -1 0
0 1 0 27.9 70.5 1 -1 0
0 1 0 27.9 70.5 1 -1 0
0 1 0 27.9 70.0 1 -1 0
0 1 0 27.9 70.0 0 -1 0
0 1 0 27.9 70.0 0 -1 0
0 1 0 27.9 70.0 0 -1 0
0 1 0 27.9 70.0 0 -1 0
0 1 0 27.9 70.0 0 -1 0
0 1 0 27.9 69.5 0 -1 0
0 1 0 27.9 69.5 0 -1 0
0 1 0 27.9 69.5 0 -1 0
0 1 0 27.9 69.5 0 -1 0
0 1 0 27.9 69.5 0 -1 0
0 1 0 27.8 69.5 0 -1 0
0 1 0 27.9 69.5 0 -1 0
0 1 0 27.9 69.0 0 -1 0
0 1 0 27.8 69.0 0 -1 0
0 1 0 27.9 69.0 0 -1 0
0 1 0 27.9 69.0 0 -1 0
0 1 0 27.9 69.0 0 -1 0
0 1 0 27.9 69.0 0 -1 0
0 1 0 27.8 69.0 2 -1 0
0 1 0 27.9 69.0 2 -1 0
0 1 0 27.8 69.0 2 -1 0
0 1 0 27.9 69.0 2 -1 0
0 1 0 27.9 68.5 2 -1 0
0 1 0 27.9 68.5 2 -1 0
0 1 0 27.9 68.5 2 -1 0
0 1 0 27.9 68.5 2 -1 0
0 1 0 27.9 68.5 2 -1 0
0 1 0 27.9 68.5 2 -1 0
0 1 0 27.9 68.5 2 -1 0
0 1 0 27.8 68.5 2 -1 0
0 1 0 27.8 68.5 2 -1 0
0 1 0 27.9 68.5 2 -1 0
0 1 0 27.9 68.5 3 -1 0
0 1 0 27.9 68.5 1 -1 0
0 1 0 27.9 68.5 1 -1 0
0 1 0 27.9 68.5 1 -1 0
0 1 0 27.9 68.5 1 -1 0
0 1 0 27.9 68.5 1 -1 0
0 1 0 27.8 68.5 1 -1 0
0 1 0 27.9 68.0 1 -1 0
0 1 0 27.9 68.0 1 -1 0
0 1 0 27.8 68.0 1 -1 0
0 1 0 27.9 68.0 1 -1 0
0 1 0 27.8 68.0 1 -1 0
0 1 0 27.9 68.0 1 -1 0
0 1 0 27.9 68.5 2 -1 0
0 1 0 27.8 68.0 2 -1 0
0 1 0 27.9 68.0 2 -1 0
0 1 0 27.9 68.0 2 -1 0
0 1 0 27.9 68.0 2 -1 0
0 1 0 27.9 68.0 2 -1 0
0 1 0 27.9 68.0 2 -1 0
0 1 0 27.9 68.0 4 -1 0
0 1 0 27.9 68.0 4 -1 0
0 1 0 27.9 68.0 4 -1 0
0 1 0 27.9 68.0 1 -1 0
0 1 0 27.9 68.0 2 -1 0
0 1 0 27.8 68.0 2 -1 0
0 1 0 27.8 68.0 2 -1 0
0 1 0 27.9 68.0 4 -1 0
0 1 0 27.8 68.0 6 -1 0
0 1 0 27.9 68.0 3 -1 0
0 1 0 27.9 68.0 5 -1 0
0 1 0 27.9 68.0 5 -1 0
0 1 0 27.9 68.0 7 -1 0
0 1 0 27.9 68.0 7 -1 0
0 1 0 27.9 68.0 5 -1 0
0 1 0 27.8 68.0 5 -1 0
0 1 0 27.8 68.0 5 -1 0
0 1 0 27.9 68.0 7 -1 0
0 1 0 27.9 68.0 7 -1 0
0 1 0 27.8 67.5 9 -1 0
0 1 0 27.9 68.0 9 -1 0
0 1 0 27.9 68.0 5 -1 0
0 1 0 27.9 68.0 7 -1 0
0 1 0 27.9 68.0 7 -1 0
0 1 0 27.9 68.0 7 -1 0
0 1 0 27.8 68.0 7 -1 0
0 1 0 27.8 68.0 7 -1 0
0 1 0 27.9 68.0 7 -1 0
0 1 0 27.9 68.0 7 -1 0
0 1 0 27.8 68.0 7 -1 0
0 1 0 27.8 68.0 7 -1 0
0 1 0 27.9 68.0 7 -1 0
0 1 0 27.8 68.0 7 -1 0
0 1 0 27.9 68.5 7 -1 0
0 1 0 27.9 68.5 7 -1 0
0 1 0 27.9 68.5 7 -1 0
0 1 0 27.9 68.5 7 -1 0
0 1 0 27.9 68.5 7 -1 0
0 1 0 27.9 68.5 7 -1 0
0 1 0 27.8 68.5 7 -1 0
0 1 0 27.9 68.0 7 -1 0
0 1 0 27.9 68.0 7 -1 0
0 1 0 27.9 68.0 7 -1 0
0 1 0 27.9 68.0 7 -1 0
0 1 0 27.8 68.0 7 -1 0
0 1 0 27.9 68.0 7 -1 0
0 1 0 27.8 68.0 7 -1 0
0 1 0 27.9 68.0 7 -1 0
0 1 0 27.9 68.0 7 -1 0
0 1 0 27.9 68.0 7 -1 0
0 1 0 27.9 68.0 9 -1 0
0 1 0 27.9 68.0 9 -1 0
0 1 0 27.9 68.0 9 -1 0
0 1 0 27.9 68.0 9 -1 0
0 1 0 27.9 68.0 9 -1 0
0 1 0 28.0 68.0 7 -1 0
0 1 0 27.9 68.0 7 -1 0
0 1 0 27.9 68.0 7 -1 0
0 1 0 27.9 68.0 7 -1 0
0 1 0 27.9 68.0 7 -1 0
0 1 0 27.9 68.5 7 -1 0
0 1 0 27.9 69.0 7 -1 0
0 1 0 27.9 69.0 7 -1 0
0 1 0 27.9 69.0 7 -1 0
0 1 0 27.9 69.0 7 -1 0
0 1 0 27.9 69.0 7 -1 0
0 1 0 27.9 69.0 9 -1 0
0 1 0 27.9 69.5 9 -1 0
0 1 0 27.9 69.5 9 -1 0
0 1 0 27.9 70.0 9 -1 0
0 1 0 27.9 70.0 9 -1 0
0 1 0 27.9 70.5 9 -1 0
0 1 0 27.9 70.5 9 -1 0
0 1 0 28.0 70.5 5 -1 0
0 1 0 27.9 70.0 7 -1 0
0 1 0 27.9 70.0 7 -1 0
0 1 0 27.9 70.0 9 -1 0
0 1 0 27.9 69.5 9 -1 0
0 1 0 28.0 69.5 11 -1 0
0 1 0 28.0 69.5 8 -1 0
0 1 0 28.0 69.0 10 -1 0
0 1 0 28.0 69.0 12 -1 0
0 1 0 28.0 69.5 12 -1 0
0 1 0 27.9 69.5 10 -1 0
0 1 0 28.0 69.5 12 -1 0
0 1 0 28.1 69.5 14 -1 0
0 1 0 28.0 69.5 14 -1 0
0 1 0 28.0 69.5 12 -1 0
0 1 0 28.0 69.0 14 -1 0
0 1 0 28.1 69.5 14 -1 0
0 1 0 28.0 69.0 16 -1 0
0 1 0 28.0 69.5 14 -1 0
0 1 0 28.0 69.5 14 -1 0
0 1 0 28.0 69.5 14 -1 0
0 1 0 28.0 69.5 14 -1 0
0 1 0 28.0 70.0 14 -1 0
0 1 0 28.0 70.0 16 -1 0
0 1 0 28.0 70.0 16 -1 0
0 1 0 28.0 70.0 16 -1 0
0 1 0 28.0 70.0 16 -1 0
0 1 0 28.0 70.0 16 -1 0
0 1 0 28.0 69.5 16 -1 0
0 1 0 28.0 69.5 16 -1 0
0 1 0 28.0 69.0 14 -1 0
0 1 0 28.1 69.0 14 -1 0
0 1 0 28.1 69.0 14 -1 0
0 1 0 28.0 69.0 16 -1 0
0 1 0 28.0 69.0 16 -1 0
0 1 0 28.0 69.0 15 -1 0
0 1 0 28.1 69.0 17 -1 0
0 1 0 28.1 69.0 17 -1 0
0 1 0 28.0 69.5 19 -1 0
0 1 0 28.1 69.5 17 -1 0
0 1 0 28.0 69.5 17 -1 0
0 1 0 28.1 69.5 19 -1 0
0 1 0 28.1 69.5 19 -1 0
0 1 0 28.0 69.5 21 -1 0
0 1 0 28.0 69.5 21 -1 0
0 1 0 28.0 69.5 19 -1 0
0 1 0 28.0 69.5 19 -1 0
0 1 0 28.1 69.0 21 -1 0
0 1 0 28.0 69.5 23 -1 0
0 1 0 28.1 70.0 19 -1 0
0 1 0 28.0 70.0 21 -1 0
0 1 0 28.0 70.0 24 -1 0
0 1 0 28.0 70.5 22 -1 0
0 1 0 28.1 70.5 22 -1 0
0 1 0 28.0 70.5 24 -1 0
0 1 0 28.0 70.5 22 -1 0
0 1 0 28.0 70.0 26 -1 0
0 1 0 28.0 70.0 24 -1 0
0 1 0 28.0 70.0 28 -1 0
0 1 0 28.0 70.0 29 -1 0
0 1 0 28.0 70.0 29 -1 0
0 1 0 28.0 70.0 33 -1 0
0 1 0 28.0 70.0 31 -1 0
0 1 0 28.0 69.5 32 -1 0
0 1 0 28.0 69.5 36 -1 0
0 1 0 28.0 69.0 36 -1 0
0 1 0 27.9 69.0 36 -1 0
0 1 0 28.0 69.0 42 -1 0
0 1 0 27.9 68.5 43 -1 0
0 1 0 27.9 68.5 45 -1 0
0 1 0 27.9 68.5 45 -1 0
0 1 0 28.0 68.5 46 -1 0
0 1 0 27.9 68.0 43 -1 0
0 1 0 27.9 68.0 45 -1 0
0 1 0 27.9 68.5 41 -1 0
0 1 0 27.9 69.0 43 -1 0
0 1 0 27.9 69.0 41 -1 0
0 1 0 28.0 70.0 41 -1 0
0 1 0 28.0 70.5 41 -1 0
0 1 0 28.0 70.5 41 -1 0
0 1 0 28.0 70.5 43 -1 0
0 1 0 28.0 70.5 43 -1 0
0 1 0 27.9 71.0 43 -1 0
0 1 0 27.9 71.0 46 -1 0
0 1 0 27.9 71.5 48 -1 0
0 1 0 27.9 71.0 53 -1 0
0 1 0 27.9 71.0 55 -1 0
0 1 0 28.0 71.0 55 -1 0
0 1 0 28.0 70.5 58 -1 0
0 1 0 27.9 70.0 60 -1 0
0 1 0 27.9 69.5 62 -1 0
0 1 0 27.9 69.5 63 -1 0
0 1 0 27.9 69.0 63 -1 0
0 1 0 27.9 68.5 65 -1 0
0 1 0 27.9 68.5 65 -1 0
0 1 0 27.9 68.5 70 -1 0
0 1 0 27.9 68.0 68 -1 0
0 1 0 27.9 68.0 70 -1 0
0 1 0 27.8 68.0 69 -1 0
0 1 0 27.8 68.0 65 -1 0
0 1 0 27.8 69.0 63 -1 0
0 1 0 27.8 70.0 64 -1 0
0 1 0 27.9 70.0 61 -1 0
0 1 0 27.9 70.5 62 -1 0
0 1 0 27.9 71.0 62 -1 0
0 1 0 27.8 71.0 60 -1 0
0 1 0 27.8 70.5 57 -1 0
0 1 0 27.9 71.0 53 -1 0
0 1 0 27.9 71.0 53 -1 0
0 1 0 27.8 69.5 53 -1 0
0 1 0 27.8 69.0 50 -1 0
0 1 0 27.8 68.5 50 -1 0
0 1 0 27.8 68.0 48 -1 0
0 1 0 27.7 67.5 48 -1 0
0 1 0 27.7 67.0 43 -1 0
0 1 0 27.7 67.5 43 -1 0
0 1 0 27.7 67.0 43 -1 0
0 1 0 27.7 69.0 43 -1 0
0 1 0 27.6 70.0 45 -1 0
0 1 0 27.7 70.5 43 -1 0
0 1 0 27.6 70.5 47 -1 0
0 1 0 27.6 70.0 45 -1 0
0 1 0 27.6 70.5 43 -1 0
0 1 0 27.6 71.0 43 -1 0
0 1 0 27.6 71.0 43 -1 0
0 1 0 27.6 71.0 43 -1 0
1 1 33 27.6 70.0 53 -1 1
1 1 23 27.6 70.5 75 -1 1
1 1 2 27.6 71.5 77 -1 1
1 1 2 27.7 72.5 75 -1 1
1 1 3 27.6 73.0 75 -1 1
1 1 31 27.6 72.5 73 -1 1
1 1 0 27.6 69.0 75 -1 1
1 1 0 27.5 67.5 71 -1 1
1 1 0 27.4 66.5 75 -1 1
1 1 0 27.4 69.5 75 -1 1
1 1 0 27.4 71.5 75 -1 1
1 1 0 27.4 70.5 73 -1 1
1 1 0 27.4 72.0 70 -1 1
1 1 0 27.5 71.0 70 -1 1
1 1 0 27.5 72.0 72 -1 1
1 1 0 27.4 69.0 70 -1 1
1 1 0 27.4 67.5 70 -1 1
1 1 0 27.4 70.5 70 -1 1
1 1 0 27.4 72.0 68 -1 1
1 1 0 27.4 71.0 68 -1 1
1 1 0 27.5 72.5 68 -1 1
1 1 0 27.4 73.0 70 -1 1
1 1 0 27.5 73.5 68 -1 1
1 1 0 27.5 73.5 68 -1 1
1 1 0 27.5 69.5 68 -1 1
1 1 0 27.3 67.5 70 -1 1
1 1 0 27.2 66.5 70 -1 1
1 1 0 27.1 66.0 70 -1 1
1 1 0 27.0 65.0 73 -1 1
1 1 0 26.9 65.0 69 -1 1
1 1 0 26.9 64.0 71 -1 1
1 1 0 26.8 64.0 71 -1 1
1 1 0 26.7 63.5 71 -1 1
1 1 0 26.7 63.5 73 -1 1
1 1 0 26.6 63.5 73 -1 1
1 1 0 26.6 63.0 75 -1 1
1 1 0 26.5 62.5 75 -1 1
1 1 0 26.5 62.5 73 -1 1
1 1 0 26.5 63.0 73 -1 1
1 1 0 26.5 65.5 75 -1 1
1 1 0 26.6 62.5 75 -1 1
1 1 0 26.6 63.0 75 -1 1
1 1 22 26.6 65.5 73 -1 1
0 1 3 26.6 65.5 75 -1 1
0 1 35 26.7 67.0 75 -1 1
0 1 20 26.7 69.0 77 -1 1
0 1 11 26.7 70.5 75 -1 1
1 1 0 26.8 71.5 77 -1 1
1 1 8 26.8 72.0 73 -1 1
1 1 45 26.8 70.0 73 -1 1
1 1 22 26.8 71.0 75 -1 1
1 1 7 26.9 70.5 73 -1 1
1 1 5 26.8 69.0 71 -1 1
1 1 5 26.9 72.5 71 -1 1
1 1 7 26.9 73.5 71 -1 1
1 1 1 26.9 74.5 71 -1 1
1 1 13 27.0 73.5 71 -1 1
1 1 12 27.0 71.5 69 -1 1
1 1 7 26.8 69.0 69 -1 1
1 1 8 26.8 67.0 69 -1 1
1 1 9 26.8 66.5 71 -1 1
1 1 2 26.7 65.0 73 -1 1
1 1 9 26.7 65.0 73 -1 1
1 1 9 26.6 64.0 73 -1 1
1 1 16 26.5 63.5 73 -1 1
1 1 4 26.5 64.0 71 -1 1
1 1 3 26.5 63.5 75 -1 1
1 1 3 26.5 62.5 75 -1 1
1 1 21 26.4 62.0 73 -1 1
1 1 12 26.3 62.5 75 -1 1
1 1 16 26.4 63.0 73 -1 1
1 1 9 26.4 64.0 73 -1 1
1 1 9 26.3 63.5 73 -1 1
1 1 2 26.4 66.5 73 -1 1
1 1 0 26.4 69.5 73 -1 1
1 1 14 26.6 71.0 75 -1 1
1 1 8 26.6 72.0 75 -1 1
1 1 11 26.6 68.5 77 -1 1
1 1 24 26.6 65.5 73 -1 1
1 1 4 26.6 64.0 75 -1 1
1 1 12 26.5 66.5 76 -1 1
1 1 21 26.6 71.5 76 -1 1
1 1 8 26.6 68.0 80 -1 1
1 1 14 26.5 67.5 82 -1 1
1 1 16 26.5 65.5 83 -1 1
1 1 11 26.4 64.5 83 -1 1
1 1 20 26.5 63.5 85 -1 1
1 1 14 26.4 63.0 85 -1 1
1 1 16 26.3 63.0 88 -1 1
1 1 12 26.3 62.5 92 -1 1
1 1 8 26.3 63.5 92 -1 1
1 1 27 26.3 62.5 94 -1 1
1 1 17 26.3 63.5 95 -1 1
1 1 15 26.3 62.5 97 -1 1
1 1 12 26.3 62.0 99 -1 1
1 1 5 26.2 61.5 97 -1 1
1 1 5 26.3 62.0 98 -1 1
1 1 6 26.2 61.5 100 -1 1
1 1 6 26.1 62.5 100 -1 1
1 1 1 26.2 62.0 104 -1 1
1 1 0 26.2 61.5 104 -1 1
1 1 9 26.2 62.0 102 -1 1
1 1 5 26.2 61.5 102 -1 1
1 1 4 26.2 61.0 106 -1 1
1 1 2 26.3 61.0 106 -1 1
1 1 8 26.2 60.5 105 -1 1
1 1 11 26.2 62.0 102 -1 1
1 1 12 26.2 67.0 105 -1 1
1 1 8 26.3 69.0 106 -1 1
1 1 11 26.4 71.0 104 -1 1
1 1 5 26.5 71.5 104 -1 1
1 1 20 26.6 73.0 100 -1 1
1 1 2 26.7 73.0 102 -1 1
1 1 3 26.7 73.5 99 -1 1
1 1 9 26.9 74.0 101 -1 1
1 1 4 26.8 74.0 99 -1 1
1 1 6 26.8 74.5 99 -1 1
1 1 7 26.9 74.5 97 -1 1
1 1 4 26.9 74.5 101 -1 1
1 1 8 27.0 74.5 99 -1 1
1 1 17 27.0 75.0 97 -1 1
1 1 9 27.0 75.0 92 -1 1
1 1 0 27.0 75.0 92 -1 1
1 1 3 27.1 75.5 90 -1 1
1 1 7 27.2 75.5 94 -1 1
1 1 12 27.2 76.0 94 -1 1
1 1 17 27.3 76.0 90 -1 1
1 1 9 27.3 76.0 92 -1 1
1 1 3 27.4 76.0 90 -1 1
1 1 3 27.4 76.0 90 -1 1
1 1 0 27.5 76.5 90 -1 1
1 1 5 27.6 76.5 90 -1 1
1 1 6 27.5 76.5 90 -1 1
1 1 0 27.6 76.5 88 -1 1
1 1 7 27.6 77.0 92 -1 1
1 1 3 27.7 75.5 90 -1 1
1 1 2 27.6 76.0 92 -1 1
1 1 3 27.6 76.0 92 -1 1
1 1 18 27.5 75.0 92 -1 1
1 1 8 27.5 72.5 90 -1 1
1 1 1 27.5 73.5 94 -1 1
1 1 2 27.4 75.5 92 -1 1
1 1 0 27.5 76.0 90 -1 1
1 1 0 27.6 76.0 92 -1 1
1 1 2 27.6 76.0 92 -1 1
1 1 0 27.6 76.0 92 -1 1
1 1 0 27.6 74.0 92 -1 1
1 1 0 27.6 74.5 94 -1 1
1 1 3 27.6 76.5 94 -1 1
1 1 0 27.6 75.5 94 -1 1
1 1 2 27.5 72.0 95 -1 1
1 1 0 27.5 70.5 97 -1 1
1 1 6 27.4 70.0 95 -1 1
1 1 8 27.4 70.5 95 -1 1
1 1 8 27.4 71.5 97 -1 1
1 1 6 27.4 72.0 97 -1 1
1 1 12 27.3 70.0 99 -1 1
1 1 6 27.3 70.5 99 -1 1
1 1 1 27.4 69.5 95 -1 1
1 1 8 27.3 69.0 99 -1 1
1 1 23 27.3 68.0 99 -1 1
1 1 6 27.2 68.5 101 -1 1
1 1 6 27.2 68.0 101 -1 1
1 1 28 27.2 67.0 101 -1 1
1 1 0 27.1 67.0 99 -1 1
1 1 0 27.1 69.0 103 -1 1
1 1 0 27.1 68.5 102 -1 1
1 1 0 27.1 68.5 102 -1 1
1 1 0 27.2 72.0 106 -1 1
1 1 0 27.3 73.5 104 -1 1
1 1 0 27.4 74.0 108 -1 1
1 1 0 27.5 74.5 108 -1 1
1 1 0 27.7 75.0 108 -1 1
1 1 0 27.7 75.0 108 -1 1
1 1 0 27.8 75.5 108 -1 1
1 1 0 27.9 75.5 108 -1 1
1 1 0 28.0 75.5 108 -1 1
1 1 0 28.0 76.5 108 -1 1
1 1 0 28.1 76.5 108 -1 1
1 1 0 28.3 77.0 108 -1 1
1 1 0 28.3 76.5 108 -1 1
1 1 0 28.3 76.0 106 -1 1
1 1 0 28.3 76.5 106 -1 1
1 1 0 28.2 76.5 106 -1 1
1 1 0 28.2 76.5 106 -1 1
1 1 0 28.2 76.5 104 -1 1
1 1 0 28.2 75.0 106 -1 1
1 1 0 28.1 75.5 107 -1 1
1 1 0 28.0 74.5 109 -1 1
1 1 0 28.1 75.5 113 -1 1
1 1 0 28.1 76.0 109 -1 1
1 1 0 28.1 75.5 111 -1 1
1 1 0 28.1 76.0 113 -1 1
1 1 0 28.1 76.0 113 -1 1
1 1 0 28.1 74.5 113 -1 1
1 1 0 28.1 75.5 113 -1 1
1 1 0 28.1 76.0 115 -1 1
1 1 0 28.2 76.0 115 -1 1
1 1 0 28.2 76.5 113 -1 1
1 1 0 28.3 76.5 113 -1 1
1 1 0 28.3 76.0 111 -1 1
1 1 0 28.3 76.5 113 -1 1
1 1 0 28.3 76.5 113 -1 1
1 1 0 28.4 76.5 113 -1 1
1 1 0 28.4 76.5 111 -1 1
1 1 0 28.5 76.5 113 -1 1
1 1 0 28.5 77.0 114 -1 1
1 1 0 28.6 77.0 118 -1 1
1 1 0 28.6 77.0 116 -1 1
1 1 0 28.5 77.0 116 -1 1
1 1 0 28.6 77.0 118 -1 1
1 1 0 28.5 76.5 120 -1 1
1 1 0 28.5 74.5 119 -1 1
1 1 0 28.4 73.5 121 -1 1
1 1 0 28.3 74.5 123 -1 1
1 1 0 28.3 75.5 121 -1 1
1 1 0 28.3 76.0 125 -1 1
1 1 0 28.3 75.5 123 -1 1
1 1 0 28.3 75.0 125 -1 1
1 1 0 28.3 75.0 123 -1 1
1 1 0 28.2 73.0 123 -1 1
1 1 0 28.2 74.5 125 -1 1
1 1 0 28.2 73.0 123 -1 1
1 1 0 28.0 70.5 123 -1 1
1 1 0 28.0 70.0 121 -1 1
1 1 0 27.9 71.5 123 -1 1
1 1 0 27.8 70.0 121 -1 1
1 1 0 27.7 69.0 121 -1 1
1 1 0 27.6 68.5 121 -1 1
1 1 0 27.6 67.5 119 -1 1
1 1 0 27.4 67.5 122 -1 1
1 1 0 27.5 68.5 120 -1 1
1 1 0 27.5 72.0 118 -1 1
1 1 0 27.6 73.0 116 -1 1
1 1 0 27.7 73.5 120 -1 1
1 1 0 27.8 74.0 118 -1 1
1 1 0 27.8 74.0 116 -1 1
1 1 0 27.9 74.5 118 -1 1
1 1 0 28.0 74.5 116 -1 1
1 1 0 27.9 74.5 118 -1 1
1 1 0 27.9 74.0 115 -1 1
1 1 0 28.0 74.0 111 -1 1
1 1 0 28.0 74.5 113 -1 1
1 1 0 28.0 74.5 111 -1 1
1 1 0 27.9 73.0 111 -1 1
1 1 0 27.9 72.0 109 -1 1
1 1 0 27.8 70.0 108 -1 1
1 1 0 27.7 72.0 106 -1 1
1 1 0 27.6 73.5 108 -1 1
1 1 0 27.7 74.0 106 -1 1
1 1 0 27.8 74.0 104 -1 1
1 1 0 27.9 74.5 104 -1 1
1 1 11 27.9 74.5 102 -1 1
1 1 3 28.0 72.5 102 -1 1
1 1 1 27.8 72.0 102 -1 1
1 1 3 27.8 74.0 102 -1 1
1 1 4 27.9 75.0 102 -1 1
1 1 10 27.9 75.0 102 -1 1
1 1 4 27.9 75.0 102 -1 1
1 1 6 27.9 75.5 102 -1 1
1 1 4 28.0 75.0 102 -1 1
1 1 4 28.0 75.5 104 -1 1
1 1 7 28.0 75.5 100 -1 1
1 1 3 28.1 75.5 102 -1 1
1 1 23 28.1 75.0 97 -1 1
1 1 13 28.0 73.5 88 -1 1
1 1 5 28.0 72.5 88 -1 1
1 1 6 27.9 72.0 86 -1 1
1 1 9 27.8 71.0 88 -1 1
1 1 11 27.8 70.5 90 -1 1
1 1 8 27.7 70.5 90 -1 1
1 1 0 27.5 69.5 90 -1 1
1 1 3 27.5 69.0 88 -1 1
1 1 6 27.5 69.0 86 -1 1
1 1 10 27.5 68.5 86 -1 1
1 1 11 27.4 68.0 86 -1 1
1 1 6 27.4 68.0 86 -1 1
1 1 13 27.3 67.5 86 -1 1
1 1 12 27.4 67.5 88 -1 1
1 1 9 27.3 68.0 86 -1 1
1 1 8 27.4 67.5 86 -1 1
1 1 10 27.4 67.0 83 -1 1
1 1 8 27.3 67.0 83 -1 1
1 1 11 27.3 67.0 86 -1 1
1 1 3 27.2 66.5 86 -1 1
1 1 9 27.3 66.5 86 -1 1
1 1 10 27.2 66.0 88 -1 1
1 1 12 27.1 66.0 84 -1 1
1 1 4 27.2 66.0 86 -1 1
1 1 10 27.1 65.5 88 -1 1
1 1 3 27.1 65.5 88 -1 1
1 1 9 27.1 65.5 90 -1 1
1 1 9 27.1 65.5 90 -1 1
1 1 6 27.1 65.0 88 -1 1
1 1 7 27.1 65.0 86 -1 1
1 1 2 27.0 64.5 90 -1 1
1 1 11 27.0 64.5 92 -1 1
1 1 7 26.9 64.0 90 -1 1
1 1 12 26.9 64.0 90 -1 1
1 1 14 26.9 63.5 92 -1 1
1 1 14 26.9 63.5 88 -1 1
1 1 11 26.9 63.0 90 -1 1
1 1 19 26.8 63.0 90 -1 1
1 1 11 26.9 63.0 90 -1 1
1 1 3 26.8 62.5 92 -1 1
1 1 5 26.9 63.0 90 -1 1
1 1 8 26.8 63.5 90 -1 1
1 1 5 26.8 63.0 90 -1 1
1 1 16 26.7 62.5 90 -1 1
1 1 18 26.7 62.5 90 -1 1
1 1 3 26.6 62.5 88 -1 1
1 1 5 26.6 62.0 88 -1 1
1 1 16 26.6 62.0 88 -1 1
1 1 5 26.5 61.5 90 -1 1
1 1 14 26.6 61.5 92 -1 1
0 1 24 26.5 61.5 84 -1 1
0 1 0 26.5 61.5 90 -1 1
0 1 0 26.5 61.5 90 -1 1
0 1 0 26.4 62.0 94 -1 1
0 1 0 26.5 62.0 92 -1 1
0 1 0 26.5 62.5 90 -1 1
0 1 0 26.5 62.5 88 -1 1
0 1 0 26.5 63.0 90 -1 1
0 1 20 26.5 63.5 88 -1 1
0 1 8 26.5 65.0 86 -1 1
0 1 6 26.5 65.5 86 -1 1
0 1 13 26.6 66.0 88 -1 1
0 1 4 26.7 66.5 88 -1 1
0 1 13 26.6 67.0 90 -1 1
0 1 9 26.7 67.5 88 -1 1
0 1 5 26.7 67.5 88 -1 1
0 1 10 26.7 68.5 86 -1 1
0 1 1 26.8 68.5 86 -1 1
0 1 6 26.8 69.0 86 -1 1
0 1 4 26.9 69.0 83 -1 1
0 1 14 26.9 69.5 83 -1 1
0 1 17 26.8 69.5 83 -1 1
0 1 2 26.9 69.5 85 -1 1
0 1 8 27.0 70.0 83 -1 1
0 1 6 26.9 70.0 81 -1 1
0 1 7 27.0 70.5 81 -1 1
0 1 11 27.0 70.5 79 -1 1
0 1 3 27.0 70.0 79 -1 1
0 1 14 26.9 70.0 79 -1 1
0 1 9 26.9 70.0 79 -1 1
0 1 10 26.9 70.0 81 -1 1
0 1 16 26.9 70.0 81 -1 1
0 1 25 26.9 69.5 81 -1 1
1 1 24 26.9 67.5 81 -1 1
1 1 5 26.8 66.0 79 -1 1
1 1 8 26.8 65.5 81 -1 1
1 1 12 26.6 64.5 83 -1 1
1 1 6 26.6 64.0 81 -1 1
1 1 5 26.6 63.5 83 -1 1
1 1 4 26.5 63.5 84 -1 1
1 1 9 26.5 63.5 88 -1 1
1 1 4 26.6 63.5 93 -1 1
1 1 8 26.5 63.0 89 -1 1
1 1 8 26.5 62.5 91 -1 1
1 1 11 26.4 63.0 89 -1 1
1 1 8 26.4 63.5 90 -1 1
1 1 8 26.4 63.0 92 -1 1
1 1 6 26.4 63.5 88 -1 1
1 1 6 26.4 63.0 90 -1 1
1 1 1 26.4 63.0 90 -1 1
1 1 3 26.4 62.5 86 -1 1
1 1 12 26.3 62.0 86 -1 1
1 1 3 26.3 62.0 86 -1 1
1 1 4 26.3 61.5 83 -1 1
1 1 7 26.2 61.5 81 -1 1
1 1 7 26.1 61.0 85 -1 1
1 1 6 26.2 61.0 85 -1 1
1 1 5 26.1 60.5 83 -1 1
1 1 5 26.1 62.0 83 -1 1
1 1 5 26.1 61.0 81 -1 1
1 1 15 26.1 60.5 81 -1 1
1 1 9 26.0 60.5 79 -1 1
1 1 9 26.0 60.5 78 -1 1
1 1 3 26.0 61.5 78 -1 1
1 1 8 26.1 63.5 78 -1 1
1 1 15 26.1 64.5 78 -1 1
1 1 4 26.2 65.0 78 -1 1
1 1 4 26.2 64.0 74 -1 1
1 1 10 26.2 64.5 78 -1 1
1 1 2 26.3 64.5 76 -1 1
1 1 5 26.1 64.0 74 -1 1
1 1 8 26.2 64.0 75 -1 1
1 1 1 26.2 64.0 75 -1 1
1 1 6 26.2 65.5 73 -1 1
1 1 20 26.3 67.0 71 -1 1
1 1 5 26.3 67.5 71 -1 1
1 1 6 26.3 66.5 73 -1 1
1 1 8 26.3 64.5 71 -1 1
1 1 5 26.3 64.0 69 -1 1
1 1 2 26.4 63.5 71 -1 1
1 1 0 26.3 63.0 71 -1 1
1 1 0 26.2 63.0 69 -1 1
1 1 3 26.3 63.0 67 -1 1
1 1 0 26.2 62.5 68 -1 1
1 1 2 26.2 62.5 68 -1 1
1 1 10 26.2 62.0 64 -1 1
1 1 6 26.2 62.0 68 -1 1
1 1 7 26.2 62.0 66 -1 1
1 1 4 26.2 61.5 64 -1 1
1 1 19 26.2 61.5 66 -1 1
1 1 13 26.2 61.5 66 -1 1
1 1 10 26.3 61.5 64 -1 1
1 1 14 26.2 61.5 64 -1 1
1 1 9 26.2 61.5 61 -1 1
1 1 9 26.2 62.0 61 -1 1
1 1 5 26.3 61.5 61 -1 1
1 1 1 26.3 61.5 61 -1 1
1 1 2 26.3 61.5 61 -1 1
1 1 6 26.3 61.5 61 -1 1
1 1 6 26.3 61.5 59 -1 1
1 1 11 26.3 61.0 63 -1 1
1 1 4 26.3 61.5 61 -1 1
1 1 4 26.2 61.5 59 -1 1
1 1 7 26.2 61.0 57 -1 1
1 1 8 26.3 61.0 61 -1 1
1 1 4 26.3 61.0 59 -1 1
1 1 2 26.3 61.0 57 -1 1
1 1 3 26.3 61.0 57 -1 1
1 1 4 26.2 61.0 59 -1 1
1 1 6 26.2 60.5 59 -1 1
1 1 12 26.3 60.5 59 -1 1
1 1 4 26.3 61.0 54 -1 1
1 1 1 26.3 60.5 57 -1 1
1 1 6 26.3 60.5 54 -1 1
1 1 7 26.2 60.5 54 -1 1
1 1 8 26.2 60.5 54 -1 1
1 1 3 26.3 60.5 54 -1 1
1 1 4 26.2 60.5 54 -1 1
1 1 5 26.3 60.5 54 -1 1
1 1 0 26.2 60.5 56 -1 1
1 1 10 26.2 60.5 54 -1 1
1 1 9 26.2 60.5 56 -1 1
1 1 3 26.2 60.0 56 -1 1
1 1 12 26.2 60.0 54 -1 1
1 1 4 26.2 60.0 54 -1 1
1 1 6 26.3 60.0 54 -1 1
1 1 7 26.3 60.0 52 -1 1
1 1 1 26.3 60.0 54 -1 1
1 1 2 26.3 60.0 54 -1 1
1 1 8 26.3 60.5 56 -1 1
1 1 4 26.3 60.0 54 -1 1
1 1 5 26.3 60.5 54 -1 1
1 1 22 26.3 60.5 52 -1 1
1 1 1 26.3 60.0 54 -1 1
1 1 0 26.3 60.0 54 -1 1
1 1 0 26.3 60.0 52 -1 1
1 1 0 26.4 60.0 52 -1 1
1 1 0 26.3 60.0 50 -1 1
1 1 0 26.3 60.0 50 -1 1
1 1 9 26.3 60.0 53 -1 1
1 1 16 26.4 60.0 51 -1 1
1 1 1 26.3 60.0 49 -1 1
1 1 1 26.4 60.0 47 -1 1
1 1 8 26.4 60.0 51 -1 1
1 1 6 26.3 60.0 49 -1 1
1 1 12 26.3 60.0 49 -1 1
1 1 8 26.3 59.5 47 -1 1
1 1 4 26.3 59.5 47 -1 1
1 1 9 26.3 59.5 45 -1 1
1 1 12 26.3 59.5 49 -1 1
1 1 8 26.4 59.5 47 -1 1
1 1 7 26.3 59.5 47 -1 1
1 1 9 26.3 59.5 45 -1 1
1 1 5 26.3 59.5 45 -1 1
1 1 3 26.3 59.5 45 -1 1
1 1 5 26.3 59.5 46 -1 1
1 1 5 26.3 59.5 46 -1 1
1 1 2 26.3 59.0 44 -1 1
1 1 0 26.3 59.5 44 -1 1
1 1 1 26.3 59.0 42 -1 1
1 1 11 26.3 59.0 44 -1 1
1 1 8 26.3 59.0 42 -1 1
1 1 7 26.2 59.0 42 -1 1
1 1 13 26.3 59.0 42 -1 1
1 1 2 26.2 59.0 42 -1 1
1 1 37 26.3 59.0 39 -1 0
0 1 32 26.3 58.5 12 -1 0
0 1 0 26.2 59.0 12 -1 0
0 1 0 26.3 59.5 16 -1 0
0 1 0 26.3 59.5 14 -1 0
0 1 0 26.3 59.5 12 -1 0
0 1 0 26.3 60.0 10 -1 0
0 1 0 26.3 60.0 14 -1 0
0 1 0 26.4 60.0 12 -1 0
0 1 0 26.3 60.5 10 -1 0
0 1 0 26.5 60.5 12 -1 0
0 1 0 26.4 60.5 12 -1 0
0 1 0 26.4 61.0 10 -1 0
0 1 0 26.5 61.0 10 -1 0
0 1 0 26.4 61.0 8 -1 0
0 1 0 26.5 61.5 9 -1 0
0 1 0 26.5 61.5 9 -1 0
0 1 0 26.4 61.5 7 -1 0
0 1 0 26.5 62.0 7 -1 0
0 1 0 26.5 61.5 5 -1 0
0 1 0 26.5 61.5 9 -1 0
0 1 0 26.5 61.5 7 -1 0
0 1 0 26.5 61.5 7 -1 0
0 1 0 26.5 61.5 5 -1 0
0 1 0 26.6 62.0 7 -1 0
0 1 0 26.5 62.0 7 -1 0
0 1 0 26.6 62.0 5 -1 0
0 1 0 26.6 62.0 5 -1 0
0 1 0 26.5 61.5 3 -1 0
0 1 0 26.5 61.5 6 -1 0
0 1 0 26.6 61.5 4 -1 0
0 1 0 26.6 62.0 4 -1 0
0 1 0 26.6 61.5 4 -1 0
0 1 0 26.6 61.5 4 -1 0
0 1 0 26.6 62.0 2 -1 0
0 1 0 26.6 62.0 2 -1 0
0 1 0 26.5 61.5 4 -1 0
0 1 0 26.5 62.0 4 -1 0
0 1 0 26.6 62.0 4 -1 0
0 1 0 26.6 62.0 2 -1 0
0 1 0 26.6 62.0 2 -1 0
0 1 0 26.6 62.0 2 -1 0
0 1 0 26.6 61.5 2 -1 0
0 1 0 26.5 61.5 2 -1 0
0 1 0 26.6 61.5 1 -1 0
0 1 0 26.6 61.5 1 -1 0
0 1 0 26.6 61.5 1 -1 0
0 1 0 26.5 61.5 1 -1 0
0 1 0 26.5 61.5 4 -1 0
0 1 0 26.5 61.5 4 -1 0
0 1 0 26.5 61.5 2 -1 0
0 1 0 26.5 61.5 2 -1 0
0 1 0 26.5 61.5 2 -1 0
0 1 0 26.6 61.5 2 -1 0
0 1 0 26.6 61.0 2 -1 0
0 1 0 26.6 61.0 2 -1 0
0 1 0 26.5 61.0 2 -1 0
0 1 0 26.6 61.0 2 -1 0
0 1 0 26.5 61.5 0 -1 0
0 1 0 26.5 61.5 0 -1 0
0 1 0 26.5 61.5 0 -1 0
0 1 0 26.5 61.5 0 -1 0
0 1 0 26.5 61.5 0 -1 0
0 1 0 26.4 61.0 0 -1 0
0 1 0 26.5 61.5 0 -1 0
0 1 0 26.4 61.0 0 -1 0
0 1 0 26.4 61.0 0 -1 0
0 1 0 26.4 61.0 0 -1 0
0 1 0 26.4 61.0 0 -1 0
0 1 0 26.4 60.5 1 -1 0
0 1 0 26.5 60.5 1 -1 0
0 1 0 26.4 60.5 1 -1 0
0 1 0 26.4 60.5 1 -1 0
0 1 0 26.4 60.5 1 -1 0
0 1 0 26.4 60.5 1 -1 0
0 1 0 26.4 60.5 1 -1 0
0 1 0 26.4 60.5 1 -1 0
0 1 0 26.4 60.5 1 -1 0
0 1 0 26.4 60.5 1 -1 0
0 1 0 26.4 60.5 1 -1 0
0 1 0 26.4 60.5 1 -1 0
0 1 0 26.4 60.0 1 -1 0
0 1 0 26.3 60.5 1 -1 0
0 1 0 26.4 60.5 1 -1 0
0 1 0 26.4 60.5 1 -1 0
0 1 0 26.3 60.5 1 -1 0
0 1 0 26.3 60.5 1 -1 0
0 1 0 26.3 60.5 1 -1 0
0 1 0 26.3 60.0 1 -1 0
0 1 0 26.3 60.0 1 -1 0
0 1 0 26.4 60.5 2 -1 0
0 1 0 26.3 60.0 2 -1 0
0 1 0 26.3 60.0 2 -1 0
0 1 0 26.3 60.5 2 -1 0
0 1 0 26.3 60.0 2 -1 0
0 1 0 26.3 60.0 2 -1 0
0 1 0 26.3 60.5 2 -1 0
0 1 0 26.3 60.5 0 -1 0
0 1 0 26.3 60.0 2 -1 0
0 1 0 26.3 60.0 2 -1 0
0 1 0 26.4 60.0 2 -1 0
0 1 0 26.3 60.0 2 -1 0
0 1 0 26.3 60.0 2 -1 0
0 1 0 26.3 60.0 2 -1 0
0 1 0 26.3 60.0 2 -1 0
0 1 0 26.3 60.0 2 -1 0
0 1 0 26.3 60.0 2 -1 0
0 1 0 26.3 60.0 2 -1 0
0 1 0 26.3 60.0 2 -1 0
0 1 0 26.3 60.0 2 -1 0
0 1 0 26.3 60.5 2 -1 0
0 1 0 26.3 60.0 2 -1 0
0 1 0 26.2 60.0 2 -1 0
0 1 0 26.3 60.0 2 -1 0
0 1 0 26.2 60.0 2 -1 0
0 1 0 26.2 60.0 2 -1 0
0 1 0 26.2 60.0 2 -1 0
0 1 0 26.2 60.0 2 -1 0
0 1 0 26.2 59.5 2 -1 0
0 1 0 26.2 60.0 2 -1 0
0 1 0 26.2 59.5 2 -1 0
0 1 0 26.2 60.0 2 -1 0
0 1 0 26.2 60.0 2 -1 0
0 1 0 26.2 59.5 2 -1 0
0 1 0 26.2 59.5 2 -1 0
0 1 0 26.1 59.5 2 -1 0
0 1 0 26.2 59.5 2 -1 0
0 1 0 26.2 59.5 2 -1 0
0 1 0 26.2 59.5 2 -1 0
0 1 0 26.2 59.5 2 -1 0
0 1 0 26.2 59.5 2 -1 0
0 1 0 26.1 59.0 2 -1 0
0 1 0 26.1 59.0 2 -1 0
0 1 0 26.1 59.0 2 -1 0
0 1 0 26.2 59.0 2 -1 0
0 1 0 26.1 59.0 2 -1 0
0 1 0 26.1 59.0 2 -1 0
0 1 0 26.1 59.0 2 -1 0
0 1 0 26.2 59.0 2 -1 0
0 1 0 26.2 59.0 2 -1 0
0 1 0 26.1 59.0 2 -1 0
0 1 0 26.1 59.0 2 -1 0
0 1 0 26.1 59.5 2 -1 0
0 1 0 26.1 59.5 2 -1 0
0 1 0 26.1 59.5 2 -1 0
0 1 0 26.2 59.5 2 -1 0
0 1 0 26.1 59.5 2 -1 0
0 1 0 26.2 59.5 2 -1 0
0 1 0 26.1 59.5 2 -1 0
0 1 0 26.1 59.5 2 -1 0
0 1 0 26.1 59.5 2 -1 0
0 1 0 26.1 59.5 2 -1 0
0 1 0 26.1 59.5 2 -1 0
0 1 0 26.2 59.5 2 -1 0
0 1 0 26.2 59.5 2 -1 0
0 1 0 26.1 59.5 2 -1 0
0 1 0 26.2 60.0 2 -1 0
0 1 0 26.1 59.5 2 -1 0
0 1 0 26.1 59.5 2 -1 0
0 1 0 26.2 59.5 2 -1 0
0 1 0 26.1 59.5 2 -1 0
0 1 0 26.1 59.5 2 -1 0
0 1 0 26.2 59.5 2 -1 0
0 1 0 26.0 59.5 2 -1 0
0 1 0 26.1 59.5 2 -1 0
0 1 0 26.1 59.5 2 -1 0
0 1 0 26.1 59.5 2 -1 0
0 1 0 26.1 59.5 2 -1 0
0 1 0 26.1 59.5 2 -1 0
0 1 0 26.1 59.5 2 -1 0
0 1 0 26.1 59.5 2 -1 0
0 1 0 26.1 59.5 2 -1 0
0 1 0 26.1 59.5 2 -1 0
0 1 0 26.1 59.0 2 -1 0
0 1 0 26.1 59.0 2 -1 0
0 1 0 26.1 59.0 2 -1 0
0 1 0 26.1 59.0 2 -1 0
0 1 0 26.1 59.5 2 -1 0
0 1 0 26.1 59.0 2 -1 0
0 1 0 26.1 59.0 2 -1 0
0 1 0 26.2 59.5 2 -1 0
0 1 0 26.2 59.5 2 -1 0
0 1 0 26.1 59.5 2 -1 0
0 1 0 26.1 59.5 2 -1 0
0 1 0 26.1 59.5 2 -1 0
0 1 0 26.1 59.5 2 -1 0
0 1 0 26.2 59.5 2 -1 0
0 1 0 26.1 59.5 2 -1 0
0 1 0 26.1 59.5 2 -1 0
0 1 0 26.2 59.5 2 -1 0
0 1 0 26.1 59.5 2 -1 0
0 1 0 26.1 59.5 2 -1 0
0 1 0 26.1 59.5 2 -1 0
0 1 0 26.1 59.5 2 -1 0
0 1 0 26.1 59.5 2 -1 0
0 1 0 26.1 59.5 2 -1 0
0 1 0 26.1 59.5 2 -1 0
0 1 0 26.1 59.5 2 -1 0
0 1 0 26.1 59.5 2 -1 0
0 1 0 26.1 59.5 2 -1 0
0 1 0 26.1 59.5 2 -1 0
0 1 0 26.0 59.5 2 -1 0
0 1 0 26.1 59.5 2 -1 0
0 1 0 26.1 59.5 2 -1 0
0 1 0 26.1 59.0 2 -1 0
0 1 0 26.1 59.0 2 -1 0
0 1 0 26.1 59.0 2 -1 0
0 1 0 26.1 59.0 2 -1 0
0 1 0 26.1 59.0 2 -1 0
0 1 0 26.1 59.0 2 -1 0
0 1 0 26.1 59.0 2 -1 0
0 1 0 26.1 60.0 2 -1 0
0 1 0 26.1 60.0 2 -1 0
0 1 0 26.1 60.0 2 -1 0
0 1 0 26.2 60.0 2 -1 0
0 1 0 26.1 60.0 2 -1 0
0 1 0 26.1 60.0 2 -1 0
0 1 0 26.1 60.0 2 -1 0
0 1 0 26.1 60.0 2 -1 0
0 1 0 26.1 60.0 2 -1 0
0 1 0 26.1 60.0 2 -1 0
0 1 0 26.0 60.0 2 -1 0
0 1 0 26.1 60.0 2 -1 0
0 1 0 26.1 60.0 2 -1 0
0 1 0 26.1 60.0 2 -1 0
0 1 0 26.1 60.0 2 -1 0
0 1 0 26.1 59.5 2 -1 0
0 1 0 26.1 60.0 2 -1 0
0 1 0 26.1 60.0 2 -1 0
0 1 0 26.1 60.0 2 -1 0
0 1 0 26.2 60.0 2 -1 0
0 1 0 26.1 60.0 2 -1 0
0 1 0 26.2 60.0 2 -1 0
0 1 0 26.1 60.0 2 -1 0
0 1 0 26.1 60.0 2 -1 0
0 1 0 26.2 60.0 2 -1 0
0 1 0 26.2 60.0 2 -1 0
0 1 0 26.1 60.0 2 -1 0
0 1 0 26.1 60.0 2 -1 0
0 1 0 26.1 60.0 2 -1 0
0 1 0 26.1 60.0 2 -1 0
0 1 0 26.2 60.0 2 -1 0
0 1 0 26.1 59.5 2 -1 0
0 1 0 26.1 59.5 2 -1 0
0 1 0 26.1 59.5 2 -1 0
0 1 0 26.1 59.5 2 -1 0
0 1 0 26.1 59.5 2 -1 0
0 1 0 26.2 59.5 2 -1 0
0 1 0 26.2 59.5 2 -1 0
0 1 0 26.1 59.5 2 -1 0
0 1 0 26.1 59.5 2 -1 0
0 1 0 26.2 59.5 2 -1 0
0 1 0 26.1 59.5 2 -1 0
0 1 0 26.1 59.5 2 -1 0
0 1 0 26.1 59.5 2 -1 0
0 1 0 26.1 59.5 2 -1 0
0 1 0 26.1 59.5 2 -1 0
0 1 0 26.2 59.5 2 -1 0
0 1 0 26.1 59.5 2 -1 0
0 1 0 26.2 59.5 2 -1 0
0 1 0 26.1 60.0 2 -1 0
0 1 0 26.1 60.0 2 -1 0
0 1 0 26.2 60.0 2 -1 0
0 1 0 26.1 60.0 2 -1 0
0 1 0 26.2 60.0 2 -1 0
0 1 0 26.2 60.0 2 -1 0
0 1 0 26.2 60.0 2 -1 0
0 1 0 26.2 60.0 2 -1 0
0 1 0 26.1 60.0 2 -1 0
0 1 0 26.2 60.0 2 -1 0
0 1 0 26.1 60.0 2 -1 0
0 1 0 26.1 60.0 2 -1 0
0 1 0 26.1 60.0 2 -1 0
0 1 0 26.2 60.0 2 -1 0
0 1 0 26.2 60.0 2 -1 0
0 1 0 26.2 60.0 2 -1 0
0 1 0 26.2 60.0 2 -1 0
0 1 0 26.2 60.0 2 -1 0
0 1 0 26.1 60.0 2 -1 0
0 1 0 26.2 60.0 2 -1 0
0 1 0 26.1 60.5 2 -1 0
0 1 0 26.2 60.5 2 -1 0
0 1 0 26.1 61.0 2 -1 0
0 1 0 26.2 62.5 2 -1 0
0 1 0 26.2 62.0 2 -1 0
0 1 0 26.2 62.0 2 -1 0
0 1 0 26.3 63.0 2 -1 0
0 1 0 26.3 64.0 2 -1 0
0 1 0 26.3 63.5 2 -1 0
0 1 0 26.3 63.5 2 -1 0
0 1 0 26.3 63.5 2 -1 0
0 1 0 26.3 64.0 2 -1 0
0 1 0 26.3 64.0 2 -1 0
0 1 0 26.3 64.0 2 -1 0
0 1 0 26.3 64.0 2 -1 0
0 1 0 26.3 64.0 2 -1 0
0 1 0 26.3 64.0 2 -1 0
0 1 0 26.3 64.0 2 -1 0
0 1 0 26.3 64.0 2 -1 0
0 1 0 26.4 64.0 2 -1 0
0 1 0 26.3 64.0 2 -1 0
0 1 0 26.4 64.0 2 -1 0
0 1 0 26.4 64.5 2 -1 0
0 1 0 26.4 64.0 2 -1 0
0 1 0 26.3 64.5 2 -1 0
0 1 0 26.5 64.5 2 -1 0
0 1 0 26.4 64.5 2 -1 0
0 1 0 26.4 64.5 2 -1 0
0 1 0 26.4 65.0 2 -1 0
0 1 0 26.4 65.0 2 -1 0
0 1 0 26.5 65.0 2 -1 0
0 1 0 26.5 65.0 2 -1 0
0 1 0 26.4 65.0 2 -1 0
0 1 0 26.5 65.0 2 -1 0
0 1 0 26.4 65.0 2 -1 0
0 1 0 26.5 65.0 2 -1 0
0 1 0 26.6 65.5 2 -1 0
0 1 0 26.6 66.0 2 -1 0
0 1 0 26.6 66.0 2 -1 0
0 1 0 26.6 66.5 2 -1 0
0 1 0 26.7 67.0 2 -1 0
0 1 0 26.6 67.0 2 -1 0
0 1 0 26.6 67.0 2 -1 0
0 1 0 26.5 67.0 2 -1 0
0 1 0 26.7 66.5 2 -1 0
0 1 0 26.7 67.5 2 -1 0
0 1 0 26.7 68.0 2 -1 0
0 1 0 26.7 68.5 2 -1 0
0 1 0 26.7 69.0 2 -1 0
0 1 0 26.7 69.0 2 -1 0
0 1 0 26.8 69.0 2 -1 0
0 1 0 26.7 68.5 2 -1 0
0 1 0 26.7 68.5 2 -1 0
0 1 0 26.8 68.5 2 -1 0
0 1 0 26.7 68.0 2 -1 0
0 1 0 26.8 68.0 2 -1 0
0 1 0 26.8 67.5 2 -1 0
0 1 0 26.8 67.5 2 -1 0
0 1 0 26.8 67.5 2 -1 0
0 1 0 26.8 67.5 2 -1 0
0 1 0 26.8 67.0 2 -1 0
0 1 0 26.8 67.0 2 -1 0
0 1 0 26.9 67.0 2 -1 0
0 1 0 26.8 67.0 2 -1 0
0 1 0 26.9 67.0 2 -1 0
0 1 0 26.9 67.0 2 -1 0
0 1 0 26.9 67.0 2 -1 0
0 1 0 26.9 67.0 2 -1 0
0 1 0 26.9 66.5 2 -1 0
0 1 0 26.9 66.5 2 -1 0
0 1 0 26.9 66.5 2 -1 0
0 1 0 26.9 66.5 2 -1 0
0 1 0 26.9 66.5 2 -1 0
0 1 0 26.8 66.5 2 -1 0
0 1 0 26.9 66.5 2 -1 0
0 1 0 26.9 66.5 2 -1 0
0 1 0 26.9 67.0 2 -1 0
0 1 0 26.9 67.0 2 -1 0
0 1 0 26.9 67.0 2 -1 0
0 1 0 27.0 67.0 2 -1 0
0 1 0 27.0 67.0 2 -1 0
0 1 0 27.0 67.5 2 -1 0
0 1 0 27.0 67.5 2 -1 0
0 1 0 27.0 68.0 2 -1 0
0 1 0 27.0 68.0 2 -1 0
0 1 0 27.0 68.5 2 -1 0
0 1 0 27.0 68.5 2 -1 0
0 1 0 27.0 69.0 2 -1 0
0 1 0 27.0 69.0 2 -1 0
0 1 0 27.0 69.0 2 -1 0
0 1 0 27.0 68.5 2 -1 0
0 1 0 27.0 68.5 2 -1 0
0 1 0 27.0 69.0 2 -1 0
0 1 0 27.0 69.0 2 -1 0
0 1 0 27.0 69.5 2 -1 0
0 1 0 27.1 70.0 2 -1 0
