0 1 0 24.0 78.5 0 -1 0 -1 -1
0 1 0 24.0 78.5 0 -1 0 -1 -1
0 1 0 24.1 78.5 0 -1 0 -1 -1
0 1 0 24.0 78.5 0 -1 0 -1 -1
0 1 0 24.0 78.5 0 -1 0 -1 -1
0 1 0 24.0 78.5 0 -1 0 -1 -1
0 1 0 24.0 78.5 0 -1 0 -1 -1
0 1 0 24.0 78.5 0 -1 0 -1 -1
0 1 0 24.0 78.5 0 -1 0 -1 -1
0 1 0 24.0 78.5 0 -1 0 -1 -1
0 1 0 24.0 78.5 0 -1 0 -1 -1
0 1 0 24.0 78.5 0 -1 0 -1 -1
0 1 0 24.0 78.5 0 -1 0 -1 -1
0 1 0 24.0 78.5 0 -1 0 -1 -1
0 1 0 24.0 78.5 0 -1 0 -1 -1
0 1 0 23.9 78.5 0 -1 0 -1 -1
0 1 0 23.9 78.5 0 -1 0 -1 -1
0 1 0 24.0 78.5 0 -1 0 -1 -1
0 1 0 24.0 78.5 0 -1 0 -1 -1
0 1 0 24.0 78.5 0 -1 0 -1 -1
0 1 0 24.0 78.5 0 -1 0 -1 -1
0 1 0 23.9 78.5 0 -1 0 -1 -1
0 1 0 24.0 78.5 0 -1 0 -1 -1
0 1 0 24.0 78.5 0 -1 0 -1 -1
0 1 0 24.0 78.5 0 -1 0 -1 -1
0 1 0 24.0 78.5 0 -1 0 -1 -1
0 1 0 23.9 78.5 0 -1 0 -1 -1
0 1 0 23.9 78.5 0 -1 0 -1 -1
0 1 0 23.9 78.5 0 -1 0 -1 -1
0 1 0 23.9 78.5 0 -1 0 -1 -1
0 1 0 24.0 78.5 0 -1 0 -1 -1
0 1 0 24.0 78.5 0 -1 0 -1 -1
0 1 0 24.0 78.5 0 -1 0 -1 -1
0 1 0 24.0 78.5 0 -1 0 -1 -1
0 1 0 24.0 78.5 0 -1 0 -1 -1
0 1 0 24.0 78.5 0 -1 0 -1 -1
0 1 0 23.9 78.5 0 -1 0 -1 -1
0 1 0 23.9 78.5 0 -1 0 -1 -1
0 1 0 23.9 78.5 0 -1 0 -1 -1
0 1 0 24.0 78.5 0 -1 0 -1 -1
0 1 0 23.9 78.5 0 -1 0 -1 -1
0 1 0 24.0 78.5 0 -1 0 -1 -1
0 1 0 23.9 78.5 0 -1 0 -1 -1
0 1 0 24.0 78.5 0 -1 0 -1 -1
0 1 0 24.0 78.5 0 -1 0 -1 -1
0 1 0 23.9 78.5 0 -1 0 -1 -1
0 1 0 24.0 78.5 0 -1 0 -1 -1
0 1 0 24.0 78.5 0 -1 0 -1 -1
0 1 0 23.9 78.5 0 -1 0 -1 -1
0 1 0 24.0 78.5 0 -1 0 -1 -1
0 1 0 24.0 78.5 0 -1 0 -1 -1
0 1 0 23.9 78.5 0 -1 0 -1 -1
0 1 0 23.9 78.5 0 -1 0 -1 -1
0 1 0 24.0 78.5 0 -1 0 -1 -1
0 1 0 24.0 78.5 0 -1 0 -1 -1
0 1 0 24.0 78.5 0 -1 0 -1 -1
0 1 0 23.9 78.5 0 -1 0 -1 -1
0 1 0 24.0 78.5 0 -1 0 -1 -1
0 1 0 23.9 78.5 0 -1 0 -1 -1
0 1 0 24.0 78.5 0 -1 0 -1 -1
0 1 0 24.0 78.5 0 -1 0 -1 -1
0 1 0 24.0 78.5 0 -1 0 -1 -1
0 1 0 24.0 78.5 0 -1 0 -1 -1
0 1 0 23.9 78.5 0 -1 0 -1 -1
0 1 0 23.9 78.5 0 -1 0 -1 -1
0 1 0 23.9 78.5 0 -1 0 -1 -1
0 1 0 24.0 78.5 0 -1 0 -1 -1
0 1 0 24.0 78.5 0 -1 0 -1 -1
0 1 0 24.0 78.5 0 -1 0 -1 -1
0 1 0 23.9 78.5 0 -1 0 -1 -1
0 1 0 24.0 78.5 0 -1 0 -1 -1
0 1 0 24.0 78.5 0 -1 0 -1 -1
0 1 0 23.9 78.5 0 -1 0 -1 -1
0 1 0 23.9 78.5 0 -1 0 -1 -1
0 1 0 24.0 78.5 0 -1 0 -1 -1
0 1 0 24.0 78.5 0 -1 0 -1 -1
0 1 0 23.9 78.5 0 -1 0 -1 -1
0 1 0 24.0 78.5 0 -1 0 -1 -1
0 1 0 24.0 78.5 0 -1 0 -1 -1
0 1 0 24.0 78.5 0 -1 0 -1 -1
0 1 0 24.0 78.5 0 -1 0 -1 -1
0 1 0 23.9 78.5 0 -1 0 -1 -1
0 1 0 24.1 78.5 0 -1 0 -1 -1
0 1 0 24.0 78.5 0 -1 0 -1 -1
0 1 0 24.0 78.5 0 -1 0 -1 -1
0 1 0 23.9 78.5 0 -1 0 -1 -1
0 1 0 23.9 78.5 0 -1 0 -1 -1
0 1 0 24.0 78.5 0 -1 0 -1 -1
0 1 0 24.0 78.5 0 -1 0 -1 -1
0 1 0 24.0 78.5 0 -1 0 -1 -1
0 1 0 24.0 78.5 0 -1 0 -1 -1
0 1 0 23.9 78.5 0 -1 0 -1 -1
0 1 0 23.9 78.5 0 -1 0 -1 -1
0 1 0 24.0 78.5 0 -1 0 -1 -1
0 1 0 24.0 78.5 0 -1 0 -1 -1
0 1 0 23.9 78.5 0 -1 0 -1 -1
0 1 0 24.0 78.5 0 -1 0 -1 -1
0 1 0 23.9 78.5 0 -1 0 -1 -1
0 1 0 23.9 78.5 0 -1 0 -1 -1
0 1 0 24.0 78.5 0 -1 0 -1 -1
0 1 0 24.0 78.5 0 -1 0 -1 -1
0 1 0 23.9 78.5 0 -1 0 -1 -1
0 1 0 24.0 78.5 0 -1 0 -1 -1
0 1 0 24.0 78.5 0 -1 0 -1 -1
0 1 0 24.0 78.5 0 -1 0 -1 -1
0 1 0 23.9 78.5 0 -1 0 -1 -1
0 1 0 24.0 78.5 0 -1 0 -1 -1
0 1 0 24.0 78.5 0 -1 0 -1 -1
0 1 0 24.0 78.5 0 -1 0 -1 -1
0 1 0 24.0 78.5 0 -1 0 -1 -1
0 1 0 24.0 78.5 0 -1 0 -1 -1
0 1 0 24.0 78.5 0 -1 0 -1 -1
0 1 0 24.0 78.5 0 -1 0 -1 -1
0 1 0 23.9 78.5 0 -1 0 -1 -1
0 1 0 23.9 78.5 0 -1 0 -1 -1
0 1 0 23.9 78.5 0 -1 0 -1 -1
0 1 0 24.0 78.5 0 -1 0 -1 -1
0 1 0 24.0 78.5 0 -1 0 -1 -1
0 1 0 24.0 78.5 0 -1 0 -1 -1
0 1 0 23.9 78.5 0 -1 0 -1 -1
0 1 0 24.0 78.5 0 -1 0 -1 -1
0 1 0 23.9 78.5 0 -1 0 -1 -1
0 1 0 23.9 78.5 0 -1 0 -1 -1
0 1 0 23.9 78.5 0 -1 0 -1 -1
0 1 0 23.9 78.5 0 -1 0 -1 -1
0 1 0 23.9 78.5 0 -1 0 -1 -1
0 1 0 24.0 78.5 0 -1 0 -1 -1
0 1 0 23.9 78.5 0 -1 0 -1 -1
0 1 0 24.0 78.5 0 -1 0 -1 -1
0 1 0 24.0 78.5 0 -1 0 -1 -1
0 1 0 23.9 78.5 0 -1 0 -1 -1
0 1 0 23.9 78.5 0 -1 0 -1 -1
0 1 0 24.0 78.5 0 -1 0 -1 -1
0 1 0 23.9 78.5 0 -1 0 -1 -1
0 1 0 24.0 78.5 0 -1 0 -1 -1
0 1 0 23.9 78.5 0 -1 0 -1 -1
0 1 0 23.9 78.5 0 -1 0 -1 -1
0 1 0 23.9 78.5 0 -1 0 -1 -1
0 1 0 23.9 78.5 0 -1 0 -1 -1
0 1 0 23.9 78.5 0 -1 0 -1 -1
0 1 0 23.9 78.5 0 -1 0 -1 -1
0 1 0 24.0 78.5 0 -1 0 -1 -1
0 1 0 24.0 78.5 0 -1 0 -1 -1
0 1 0 24.0 78.5 0 -1 0 -1 -1
0 1 0 24.0 78.5 0 -1 0 -1 -1
0 1 0 23.9 78.5 0 -1 0 -1 -1
0 1 0 24.0 78.5 0 -1 0 -1 -1
0 1 0 23.9 78.5 0 -1 0 -1 -1
0 1 0 23.9 78.5 0 -1 0 -1 -1
0 1 0 24.0 78.5 0 -1 0 -1 -1
0 1 0 24.0 78.5 0 -1 0 -1 -1
0 1 0 23.9 78.5 0 -1 0 -1 -1
0 1 0 24.0 78.5 0 -1 0 -1 -1
0 1 0 23.9 78.5 0 -1 0 -1 -1
0 1 0 24.0 78.5 0 -1 0 -1 -1
0 1 0 23.9 78.5 0 -1 0 -1 -1
0 1 0 23.9 78.5 0 -1 0 -1 -1
0 1 0 23.9 78.5 0 -1 0 -1 -1
0 1 0 24.0 78.5 0 -1 0 -1 -1
0 1 0 23.9 78.5 0 -1 0 -1 -1
0 1 0 24.0 78.5 0 -1 0 -1 -1
0 1 0 24.0 78.5 0 -1 0 -1 -1
0 1 0 23.9 78.5 0 -1 0 -1 -1
0 1 0 24.0 78.5 0 -1 0 -1 -1
0 1 0 24.0 78.5 0 -1 0 -1 -1
0 1 0 24.0 78.5 0 -1 0 -1 -1
0 1 0 23.9 78.5 0 -1 0 -1 -1
0 1 0 24.0 78.5 0 -1 0 -1 -1
0 1 0 23.9 78.5 0 -1 0 -1 -1
0 1 0 23.9 78.5 0 -1 0 -1 -1
0 1 0 24.0 78.5 0 -1 0 -1 -1
0 1 0 24.0 78.5 0 -1 0 -1 -1
0 1 0 23.9 78.5 0 -1 0 -1 -1
0 1 0 23.9 78.5 0 -1 0 -1 -1
0 1 0 23.9 78.5 0 -1 0 -1 -1
0 1 0 23.9 78.5 0 -1 0 -1 -1
0 1 0 23.9 78.5 0 -1 0 -1 -1
0 1 0 24.0 78.5 0 -1 0 -1 -1
0 1 0 23.9 78.5 0 -1 0 -1 -1
0 1 0 24.0 78.5 0 -1 0 -1 -1
0 1 0 24.0 78.5 0 -1 0 -1 -1
0 1 0 24.0 78.5 0 -1 0 -1 -1
0 1 0 23.9 78.5 0 -1 0 -1 -1
0 1 0 24.0 78.5 0 -1 0 -1 -1
0 1 0 23.9 78.5 0 -1 0 -1 -1
0 1 0 23.9 78.5 0 -1 0 -1 -1
0 1 0 24.0 78.5 0 -1 0 -1 -1
0 1 0 24.0 78.5 0 -1 0 -1 -1
0 1 0 23.9 78.5 0 -1 0 -1 -1
0 1 0 23.9 78.5 0 -1 0 -1 -1
0 1 0 23.9 78.5 0 -1 0 -1 -1
0 1 0 24.0 78.5 0 -1 0 -1 -1
0 1 0 23.9 78.5 0 -1 0 -1 -1
0 1 0 24.0 78.5 0 -1 0 -1 -1
0 1 0 23.9 78.5 0 -1 0 -1 -1
0 1 0 23.9 78.5 0 -1 0 -1 -1
0 1 0 23.9 78.5 0 -1 0 -1 -1
0 1 0 24.0 78.5 0 -1 0 -1 -1
0 1 0 23.9 78.5 0 -1 0 -1 -1
0 1 0 23.9 78.5 0 -1 0 -1 -1
0 1 0 23.9 78.5 0 -1 0 -1 -1
0 1 0 24.0 78.5 0 -1 0 -1 -1
0 1 0 23.9 78.5 0 -1 0 -1 -1
0 1 0 24.0 78.5 0 -1 0 -1 -1
0 1 0 23.9 78.5 0 -1 0 -1 -1
0 1 0 23.9 78.5 0 -1 0 -1 -1
0 1 0 23.9 78.5 0 -1 0 -1 -1
0 1 0 23.9 78.5 0 -1 0 -1 -1
0 1 0 23.9 78.5 0 -1 0 -1 -1
0 1 0 23.9 78.5 0 -1 0 -1 -1
0 1 0 23.9 78.5 0 -1 0 -1 -1
0 1 0 23.9 78.5 0 -1 0 -1 -1
0 1 0 23.9 78.5 0 -1 0 -1 -1
0 1 0 23.9 78.5 0 -1 0 -1 -1
0 1 0 23.9 78.5 0 -1 0 -1 -1
0 1 0 23.9 78.5 0 -1 0 -1 -1
0 1 0 23.9 78.5 0 -1 0 -1 -1
0 1 0 24.0 78.5 0 -1 0 -1 -1
0 1 0 23.9 78.5 0 -1 0 -1 -1
0 1 0 23.9 78.5 0 -1 0 -1 -1
0 1 0 23.9 78.5 0 -1 0 -1 -1
0 1 0 23.9 78.5 0 -1 0 -1 -1
0 1 0 23.9 78.5 0 -1 0 -1 -1
0 1 0 23.9 78.5 0 -1 0 -1 -1
0 1 0 23.9 78.5 0 -1 0 -1 -1
0 1 0 23.9 78.5 0 -1 0 -1 -1
0 1 0 23.9 78.5 0 -1 0 -1 -1
0 1 0 24.0 78.5 0 -1 0 -1 -1
0 1 0 23.9 78.5 0 -1 0 -1 -1
0 1 0 23.9 78.5 0 -1 0 -1 -1
0 1 0 23.9 78.5 0 -1 0 -1 -1
0 1 0 23.9 78.5 0 -1 0 -1 -1
0 1 0 23.9 78.5 0 -1 0 -1 -1
0 1 0 23.9 78.5 0 -1 0 -1 -1
0 1 0 23.9 78.5 0 -1 0 -1 -1
0 1 0 23.9 78.5 0 -1 0 -1 -1
0 1 0 23.9 78.5 0 -1 0 -1 -1
0 1 0 23.9 78.5 0 -1 0 -1 -1
0 1 0 23.9 78.5 0 -1 0 -1 -1
0 1 0 23.9 78.5 0 -1 0 -1 -1
0 1 0 23.9 78.5 0 -1 0 -1 -1
0 1 0 23.9 78.5 0 -1 0 -1 -1
0 1 0 23.9 78.5 0 -1 0 -1 -1
0 1 0 23.9 78.5 0 -1 0 -1 -1
0 1 0 23.9 78.5 0 -1 0 -1 -1
0 1 0 23.9 78.5 0 -1 0 -1 -1
0 1 0 23.9 78.5 0 -1 0 -1 -1
0 1 0 23.9 78.5 0 -1 0 -1 -1
0 1 0 23.9 78.5 0 -1 0 -1 -1
0 1 0 23.9 78.5 0 -1 0 -1 -1
0 1 0 23.9 78.5 0 -1 0 -1 -1
0 1 0 23.9 78.5 0 -1 0 -1 -1
0 1 0 23.9 78.5 0 -1 0 -1 -1
0 1 0 23.9 78.5 0 -1 0 -1 -1
0 1 0 23.9 78.5 0 -1 0 -1 -1
0 1 0 23.9 78.5 0 -1 0 -1 -1
0 1 0 23.9 78.5 0 -1 0 -1 -1
0 1 0 23.9 78.5 0 -1 0 -1 -1
0 1 0 23.8 78.5 0 -1 0 -1 -1
0 1 0 23.9 78.5 0 -1 0 -1 -1
0 1 0 23.8 78.5 0 -1 0 -1 -1
0 1 0 23.9 78.5 0 -1 0 -1 -1
0 1 0 23.9 78.5 0 -1 0 -1 -1
0 1 0 23.9 78.5 0 -1 0 -1 -1
0 1 0 23.9 78.5 0 -1 0 -1 -1
0 1 0 23.9 78.5 0 -1 0 -1 -1
0 1 0 23.9 78.5 0 -1 0 -1 -1
0 1 0 23.9 78.5 0 -1 0 -1 -1
0 1 0 23.9 78.5 0 -1 0 -1 -1
0 1 0 23.9 78.5 0 -1 0 -1 -1
0 1 0 23.9 78.5 0 -1 0 -1 -1
0 1 0 23.9 78.5 0 -1 0 -1 -1
0 1 0 23.9 78.5 0 -1 0 -1 -1
0 1 0 23.9 78.5 0 -1 0 -1 -1
0 1 0 23.9 78.5 0 -1 0 -1 -1
0 1 0 23.9 78.5 0 -1 0 -1 -1
0 1 0 23.9 78.5 0 -1 0 -1 -1
0 1 0 23.9 78.5 0 -1 0 -1 -1
0 1 0 23.9 78.5 0 -1 0 -1 -1
0 1 0 23.9 78.5 0 -1 0 -1 -1
0 1 0 23.9 78.5 0 -1 0 -1 -1
0 1 0 23.9 78.5 0 -1 0 -1 -1
0 1 0 23.9 78.5 0 -1 0 -1 -1
0 1 0 23.9 78.5 0 -1 0 -1 -1
0 1 0 23.9 78.5 0 -1 0 -1 -1
0 1 0 23.8 78.5 0 -1 0 -1 -1
0 1 0 23.9 78.5 0 -1 0 -1 -1
0 1 0 23.9 78.5 0 -1 0 -1 -1
0 1 0 23.9 78.5 0 -1 0 -1 -1
0 1 0 23.9 78.5 0 -1 0 -1 -1
0 1 0 23.9 78.5 0 -1 0 -1 -1
0 1 0 23.9 78.5 0 -1 0 -1 -1
0 1 0 23.8 78.5 0 -1 0 -1 -1
0 1 0 23.9 78.5 0 -1 0 -1 -1
0 1 0 23.9 78.5 0 -1 0 -1 -1
0 1 0 23.9 78.5 0 -1 0 -1 -1
0 1 0 23.9 78.5 0 -1 0 -1 -1
0 1 0 23.9 78.5 0 -1 0 -1 -1
0 1 0 23.9 78.5 0 -1 0 -1 -1
0 1 0 23.8 78.5 0 -1 0 -1 -1
0 1 0 23.9 78.5 0 -1 0 -1 -1
0 1 0 23.9 78.5 0 -1 0 -1 -1
0 1 0 23.9 78.5 0 -1 0 -1 -1
0 1 0 23.9 78.5 2 -1 0 -1 -1
0 1 0 23.8 78.5 2 -1 0 -1 -1
0 1 0 23.8 78.5 2 -1 0 -1 -1
0 1 0 23.9 78.5 2 -1 0 -1 -1
0 1 0 23.8 78.5 2 -1 0 -1 -1
0 1 0 23.9 78.5 2 -1 0 -1 -1
0 1 0 23.9 78.5 2 -1 0 -1 -1
0 1 0 23.9 78.5 2 -1 0 -1 -1
0 1 0 23.9 78.5 2 -1 0 -1 -1
0 1 0 23.9 78.5 2 -1 0 -1 -1
0 1 0 23.8 78.5 2 -1 0 -1 -1
0 1 0 23.9 78.5 2 -1 0 -1 -1
0 1 0 23.9 78.5 2 -1 0 -1 -1
0 1 0 23.9 78.5 2 -1 0 -1 -1
0 1 0 23.9 78.5 2 -1 0 -1 -1
0 1 0 23.9 78.5 2 -1 0 -1 -1
0 1 0 23.9 78.5 2 -1 0 -1 -1
0 1 0 23.8 78.5 2 -1 0 -1 -1
0 1 0 23.9 78.5 2 -1 0 -1 -1
0 1 0 23.8 78.5 1 -1 0 -1 -1
0 1 0 23.9 78.5 1 -1 0 -1 -1
0 1 0 23.8 78.5 1 -1 0 -1 -1
0 1 0 24.0 78.5 1 -1 0 -1 -1
0 1 0 23.8 78.5 1 -1 0 -1 -1
0 1 0 23.9 78.5 1 -1 0 -1 -1
0 1 0 23.9 78.5 1 -1 0 -1 -1
0 1 0 23.9 78.5 1 -1 0 -1 -1
0 1 0 23.9 78.5 1 -1 0 -1 -1
0 1 0 23.9 78.5 1 -1 0 -1 -1
0 1 0 23.9 78.5 1 -1 0 -1 -1
0 1 0 23.8 78.5 1 -1 0 -1 -1
0 1 0 23.8 78.5 1 -1 0 -1 -1
0 1 0 23.9 78.5 1 -1 0 -1 -1
0 1 0 23.9 78.5 1 -1 0 -1 -1
0 1 0 23.9 78.5 1 -1 0 -1 -1
0 1 0 23.8 78.5 1 -1 0 -1 -1
0 1 0 23.8 78.5 1 -1 0 -1 -1
0 1 0 23.8 78.5 1 -1 0 -1 -1
0 1 0 23.8 78.5 1 -1 0 -1 -1
0 1 0 23.8 78.5 1 -1 0 -1 -1
0 1 0 23.9 78.5 1 -1 0 -1 -1
0 1 0 23.8 78.5 1 -1 0 -1 -1
0 1 0 23.9 78.5 1 -1 0 -1 -1
0 1 0 23.9 78.5 1 -1 0 -1 -1
0 1 0 23.9 78.5 1 -1 0 -1 -1
0 1 0 23.9 78.5 1 -1 0 -1 -1
0 1 0 23.8 78.5 1 -1 0 -1 -1
0 1 0 23.9 78.5 1 -1 0 -1 -1
0 1 0 23.9 78.5 1 -1 0 -1 -1
0 1 0 23.9 78.5 1 -1 0 -1 -1
0 1 0 23.8 78.5 1 -1 0 -1 -1
0 1 0 23.8 78.5 1 -1 0 -1 -1
0 1 0 23.8 78.5 1 -1 0 -1 -1
0 1 0 23.8 78.5 1 -1 0 -1 -1
0 1 0 23.9 78.5 1 -1 0 -1 -1
0 1 0 23.9 78.5 0 -1 0 -1 -1
0 1 0 23.9 78.5 0 -1 0 -1 -1
0 1 0 23.8 78.5 0 -1 0 -1 -1
0 1 0 23.9 78.5 0 -1 0 -1 -1
0 1 0 23.9 78.5 0 -1 0 -1 -1
0 1 0 23.9 78.5 0 -1 0 -1 -1
0 1 0 23.9 78.5 0 -1 0 -1 -1
0 1 0 23.9 78.5 0 -1 0 -1 -1
0 1 0 23.9 78.5 0 -1 0 -1 -1
0 1 0 23.9 78.5 0 -1 0 -1 -1
0 1 0 23.9 78.5 0 -1 0 -1 -1
0 1 0 23.8 78.5 0 -1 0 -1 -1
0 1 0 23.8 78.5 0 -1 0 -1 -1
0 1 0 23.9 78.5 0 -1 0 -1 -1
0 1 0 23.9 78.5 0 -1 0 -1 -1
0 1 0 23.9 78.5 0 -1 0 -1 -1
0 1 0 23.9 78.5 0 -1 0 -1 -1
0 1 0 23.9 78.5 0 -1 0 -1 -1
0 1 0 23.8 78.5 2 -1 0 -1 -1
0 1 0 23.9 78.5 2 -1 0 -1 -1
0 1 0 23.9 78.5 2 -1 0 -1 -1
0 1 0 23.9 78.5 2 -1 0 -1 -1
0 1 0 23.8 78.5 2 -1 0 -1 -1
0 1 0 23.9 78.5 2 -1 0 -1 -1
0 1 0 23.8 78.5 2 -1 0 -1 -1
0 1 0 23.9 78.5 2 -1 0 -1 -1
0 1 0 23.9 78.5 2 -1 0 -1 -1
0 1 0 23.9 78.5 2 -1 0 -1 -1
0 1 0 23.9 78.5 2 -1 0 -1 -1
0 1 0 23.9 78.5 2 -1 0 -1 -1
0 1 0 23.9 78.5 2 -1 0 -1 -1
0 1 0 23.9 78.5 2 -1 0 -1 -1
0 1 0 23.9 78.5 2 -1 0 -1 -1
0 1 0 23.9 78.5 2 -1 0 -1 -1
0 1 0 23.9 78.5 2 -1 0 -1 -1
0 1 0 23.8 78.5 2 -1 0 -1 -1
0 1 0 23.9 78.5 2 -1 0 -1 -1
0 1 0 23.9 78.5 2 -1 0 -1 -1
0 1 0 23.8 78.5 2 -1 0 -1 -1
0 1 0 23.9 78.5 2 -1 0 -1 -1
0 1 0 23.9 78.5 2 -1 0 -1 -1
0 1 0 23.8 78.5 2 -1 0 -1 -1
0 1 0 23.9 78.5 2 -1 0 -1 -1
0 1 0 23.8 78.5 2 -1 0 -1 -1
0 1 0 23.9 78.5 2 -1 0 -1 -1
0 1 0 23.9 78.5 2 -1 0 -1 -1
0 1 0 23.9 78.5 2 -1 0 -1 -1
0 1 0 23.9 78.5 2 -1 0 -1 -1
0 1 0 23.8 78.5 2 -1 0 -1 -1
0 1 0 23.9 78.5 2 -1 0 -1 -1
0 1 0 23.9 78.5 4 -1 0 -1 -1
0 1 0 23.9 78.5 1 -1 0 -1 -1
0 1 0 23.8 78.5 1 -1 0 -1 -1
0 1 0 23.8 78.5 1 -1 0 -1 -1
0 1 0 23.9 78.5 1 -1 0 -1 -1
0 1 0 23.9 78.5 1 -1 0 -1 -1
0 1 0 23.9 78.5 1 -1 0 -1 -1
0 1 0 23.8 78.5 1 -1 0 -1 -1
0 1 0 23.9 78.5 1 -1 0 -1 -1
0 1 0 23.9 78.5 1 -1 0 -1 -1
0 1 0 23.9 78.5 2 -1 0 -1 -1
0 1 0 23.9 78.5 2 -1 0 -1 -1
0 1 0 23.9 78.5 2 -1 0 -1 -1
0 1 0 23.8 78.5 2 -1 0 -1 -1
0 1 0 23.9 78.5 2 -1 0 -1 -1
0 1 0 23.9 78.5 2 -1 0 -1 -1
0 1 0 24.0 78.5 2 -1 0 -1 -1
0 1 0 23.9 78.5 2 -1 0 -1 -1
0 1 0 23.9 78.5 2 -1 0 -1 -1
0 1 0 23.9 78.5 2 -1 0 -1 -1
0 1 0 23.8 78.5 2 -1 0 -1 -1
0 1 0 23.9 78.5 2 -1 0 -1 -1
0 1 0 23.9 78.5 2 -1 0 -1 -1
0 1 0 23.9 78.5 2 -1 0 -1 -1
0 1 0 24.0 78.5 2 -1 0 -1 -1
0 1 0 23.9 78.5 2 -1 0 -1 -1
0 1 0 23.9 78.5 2 -1 0 -1 -1
0 1 0 23.9 78.5 4 -1 0 -1 -1
0 1 0 24.0 78.5 2 -1 0 -1 -1
0 1 0 23.9 78.5 2 -1 0 -1 -1
0 1 0 23.9 78.5 2 -1 0 -1 -1
0 1 0 23.9 78.5 2 -1 0 -1 -1
0 1 0 23.9 78.5 2 -1 0 -1 -1
0 1 0 23.9 78.5 1 -1 0 -1 -1
0 1 0 23.9 78.5 1 -1 0 -1 -1
0 1 0 23.9 78.5 1 -1 0 -1 -1
0 1 0 23.9 78.5 2 -1 0 -1 -1
0 1 0 24.0 78.5 2 -1 0 -1 -1
0 1 0 23.9 78.5 2 -1 0 -1 -1
0 1 0 23.9 78.5 2 -1 0 -1 -1
0 1 0 23.9 78.5 2 -1 0 -1 -1
0 1 0 23.9 78.5 2 -1 0 -1 -1
0 1 0 24.0 78.5 2 -1 0 -1 -1
0 1 0 23.9 78.5 2 -1 0 -1 -1
0 1 0 23.9 78.5 2 -1 0 -1 -1
0 1 0 23.9 78.5 4 -1 0 -1 -1
0 1 0 23.9 78.5 4 -1 0 -1 -1
0 1 0 23.9 78.5 4 -1 0 -1 -1
0 1 0 23.9 78.5 4 -1 0 -1 -1
0 1 0 23.9 78.5 4 -1 0 -1 -1
0 1 0 23.9 78.5 4 -1 0 -1 -1
0 1 0 23.9 78.5 4 -1 0 -1 -1
0 1 0 23.9 78.5 4 -1 0 -1 -1
0 1 0 23.9 78.5 2 -1 0 -1 -1
0 1 0 24.0 78.5 2 -1 0 -1 -1
0 1 0 24.0 78.5 2 -1 0 -1 -1
0 1 0 23.9 78.5 2 -1 0 -1 -1
0 1 0 23.9 78.5 1 -1 0 -1 -1
0 1 0 23.9 78.5 1 -1 0 -1 -1
0 1 0 23.9 78.5 1 -1 0 -1 -1
0 1 0 24.0 78.5 1 -1 0 -1 -1
0 1 0 23.9 78.5 1 -1 0 -1 -1
0 1 0 23.9 78.5 4 -1 0 -1 -1
0 1 0 23.9 78.5 2 -1 0 -1 -1
0 1 0 23.9 78.5 2 -1 0 -1 -1
0 1 0 23.9 78.5 2 -1 0 -1 -1
0 1 0 23.9 78.5 2 -1 0 -1 -1
0 1 0 23.9 78.5 2 -1 0 -1 -1
0 1 0 23.9 78.5 2 -1 0 -1 -1
0 1 0 24.0 78.5 2 -1 0 -1 -1
0 1 0 23.8 78.5 2 -1 0 -1 -1
0 1 0 23.9 78.5 2 -1 0 -1 -1
0 1 0 23.9 78.5 2 -1 0 -1 -1
0 1 0 23.9 78.5 2 -1 0 -1 -1
0 1 0 23.9 78.5 2 -1 0 -1 -1
0 1 0 23.9 78.5 2 -1 0 -1 -1
0 1 0 23.9 78.5 2 -1 0 -1 -1
0 1 0 24.0 78.5 4 -1 0 -1 -1
0 1 0 24.0 78.5 1 -1 0 -1 -1
0 1 0 23.9 78.5 1 -1 0 -1 -1
0 1 0 23.9 78.5 2 -1 0 -1 -1
0 1 0 23.9 78.5 2 -1 0 -1 -1
0 1 0 23.9 78.5 2 -1 0 -1 -1
0 1 0 23.9 78.5 2 -1 0 -1 -1
0 1 0 24.0 78.5 2 -1 0 -1 -1
0 1 0 23.9 78.5 2 -1 0 -1 -1
0 1 0 23.9 78.5 2 -1 0 -1 -1
0 1 0 23.9 78.5 2 -1 0 -1 -1
0 1 0 23.9 78.5 2 -1 0 -1 -1
0 1 0 23.9 78.5 2 -1 0 -1 -1
0 1 0 24.0 78.5 2 -1 0 -1 -1
0 1 0 23.9 78.5 4 -1 0 -1 -1
0 1 0 24.0 78.5 4 -1 0 -1 -1
0 1 0 23.9 78.5 4 -1 0 -1 -1
0 1 0 23.9 78.5 4 -1 0 -1 -1
0 1 0 23.9 78.5 4 -1 0 -1 -1
0 1 0 24.0 78.5 4 -1 0 -1 -1
0 1 0 23.9 78.5 2 -1 0 -1 -1
0 1 0 24.0 78.5 4 -1 0 -1 -1
0 1 0 23.9 78.5 6 -1 0 -1 -1
0 1 0 23.9 78.5 6 -1 0 -1 -1
0 1 0 23.9 78.5 6 -1 0 -1 -1
0 1 0 24.0 78.5 6 -1 0 -1 -1
0 1 0 23.9 78.5 4 -1 0 -1 -1
0 1 0 23.9 78.5 2 -1 0 -1 -1
0 1 0 23.9 78.5 2 -1 0 -1 -1
0 1 0 24.0 78.5 2 -1 0 -1 -1
0 1 0 23.9 78.5 2 -1 0 -1 -1
0 1 0 24.0 78.5 2 -1 0 -1 -1
0 1 0 23.9 78.5 6 -1 0 -1 -1
0 1 0 24.0 78.5 6 -1 0 -1 -1
0 1 0 24.0 78.5 2 -1 0 -1 -1
0 1 0 23.9 78.5 2 -1 0 -1 -1
0 1 0 23.9 78.5 2 -1 0 -1 -1
0 1 0 24.0 78.5 6 -1 0 -1 -1
0 1 0 23.9 78.5 6 -1 0 -1 -1
0 1 0 24.0 78.5 4 -1 0 -1 -1
0 1 0 24.0 78.5 4 -1 0 -1 -1
0 1 0 23.9 78.5 4 -1 0 -1 -1
0 1 0 23.9 78.5 4 -1 0 -1 -1
0 1 0 24.0 78.5 6 -1 0 -1 -1
0 1 0 24.0 78.5 6 -1 0 -1 -1
0 1 0 24.0 78.5 6 -1 0 -1 -1
0 1 0 24.0 78.5 6 -1 0 -1 -1
0 1 0 24.0 78.5 4 -1 0 -1 -1
0 1 0 24.0 78.5 4 -1 0 -1 -1
0 1 0 24.0 78.5 2 -1 0 -1 -1
0 1 0 24.0 78.5 2 -1 0 -1 -1
0 1 0 24.0 78.5 2 -1 0 -1 -1
0 1 0 24.0 78.5 2 -1 0 -1 -1
0 1 0 24.1 78.5 6 -1 0 -1 -1
0 1 0 24.0 78.5 2 -1 0 -1 -1
0 1 0 24.0 78.5 1 -1 0 -1 -1
0 1 0 24.0 78.5 1 -1 0 -1 -1
0 1 0 24.0 78.5 1 -1 0 -1 -1
0 1 1 24.0 78.5 1 -1 0 -1 -1
1 1 4 24.0 78.5 43 -1 0 100 -1
1 1 16 24.0 78.5 76 -1 0 100 100
1 1 20 24.1 78.5 76 -1 0 100 100
1 1 12 24.0 78.5 79 -1 0 100 100
1 1 17 24.0 78.5 88 -1 0 100 100
1 1 9 24.0 79.0 95 -1 0 100 100
1 1 5 24.1 79.5 93 -1 0 100 100
1 1 0 24.1 79.5 95 -1 0 100 100
1 1 4 24.1 79.5 104 -1 0 100 100
1 1 15 24.1 79.5 100 -1 0 100 100
1 1 9 24.1 79.5 102 -1 0 100 100
1 1 2 24.1 79.5 99 -1 0 100 100
1 1 0 24.1 79.5 87 -1 0 100 100
1 1 5 24.1 79.5 71 -1 0 100 100
1 1 10 24.1 79.5 65 -1 0 100 100
1 1 7 24.1 80.0 67 -1 0 100 100
1 1 0 24.1 80.0 69 -1 0 100 100
1 1 3 24.1 80.0 74 -1 0 100 100
1 1 0 24.2 80.0 80 -1 0 100 100
1 1 0 24.2 80.0 82 -1 0 100 100
1 1 0 24.2 80.0 78 -1 0 100 100
1 1 0 24.1 80.0 78 -1 0 100 100
1 1 3 24.2 80.0 74 -1 0 100 100
1 1 4 24.2 80.0 78 -1 0 100 100
1 1 2 24.2 80.0 87 -1 0 100 100
1 1 0 24.1 80.0 85 -1 0 100 100
1 1 0 24.2 79.5 87 -1 0 100 100
1 1 2 24.2 80.0 85 -1 0 100 100
1 1 1 24.2 79.5 89 -1 0 100 100
1 1 0 24.2 79.5 92 -1 0 100 100
1 1 0 24.2 79.5 97 -1 0 100 100
1 1 0 24.2 79.5 103 -1 0 100 100
1 1 1 24.2 79.5 101 -1 0 100 100
1 1 0 24.2 79.5 97 -1 0 100 100
1 1 0 24.3 79.5 97 -1 0 100 100
1 1 0 24.2 79.5 95 -1 0 100 100
1 1 0 24.2 79.5 97 -1 0 100 100
1 1 0 24.2 79.5 101 -1 0 100 100
1 1 2 24.2 79.5 102 -1 0 100 100
1 1 0 24.3 79.5 108 -1 0 100 100
1 1 0 24.2 79.5 111 -1 0 100 100
1 1 0 24.2 79.5 108 -1 0 100 100
1 1 0 24.2 79.5 111 -1 0 100 100
1 1 1 24.2 79.5 115 -1 0 100 100
1 1 0 24.2 80.0 116 -1 0 100 100
1 1 0 24.3 79.5 107 -1 0 100 100
1 1 0 24.2 79.5 97 -1 0 100 100
1 1 7 24.2 79.5 97 -1 0 100 100
1 1 0 24.3 79.5 102 -1 0 100 100
1 1 0 24.3 79.5 106 -1 0 100 100
1 1 0 24.2 79.5 109 -1 0 100 100
1 1 0 24.2 80.0 116 -1 0 100 100
1 1 0 24.3 80.0 102 -1 0 100 100
1 1 11 24.3 80.0 120 -1 0 100 100
1 1 3 24.2 80.0 123 -1 0 100 100
1 1 0 24.2 80.0 128 -1 0 100 100
1 1 0 24.2 80.0 141 -1 0 100 100
1 1 0 24.2 80.0 146 -1 0 100 100
1 1 0 24.3 80.0 146 -1 0 100 100
1 1 0 24.3 79.5 146 -1 0 100 100
1 1 0 24.2 80.0 142 -1 0 100 100
1 1 0 24.2 80.0 146 -1 0 100 100
1 1 0 24.3 80.0 148 -1 0 100 100
1 1 0 24.3 80.0 154 -1 0 100 100
1 1 0 24.3 80.0 153 -1 0 100 100
1 1 0 24.2 80.5 155 -1 0 100 100
1 1 0 24.3 80.5 155 -1 0 100 100
1 1 0 24.3 80.5 152 -1 0 100 100
1 1 0 24.3 80.5 147 -1 0 100 100
1 1 12 24.3 81.0 140 -1 0 100 100
1 1 7 24.2 80.5 122 -1 0 100 100
1 1 0 24.3 80.5 106 -1 0 100 100
1 1 0 24.2 80.5 96 -1 0 100 100
1 1 11 24.3 81.0 92 -1 0 100 100
1 1 0 24.3 81.0 92 -1 0 100 100
1 1 0 24.2 81.0 92 -1 0 100 100
1 1 0 24.3 81.0 98 -1 0 100 100
1 1 0 24.3 81.0 101 -1 0 100 100
1 1 1 24.4 81.5 108 -1 0 100 100
1 1 2 24.3 81.5 108 -1 0 100 100
1 1 10 24.3 81.5 108 -1 0 100 100
1 1 0 24.3 82.0 106 -1 0 100 100
1 1 0 24.3 82.0 112 -1 0 100 100
1 1 0 24.3 82.5 110 -1 0 100 100
1 1 0 24.4 82.5 99 -1 0 100 100
1 1 0 24.3 82.5 89 -1 0 100 100
1 1 0 24.3 82.5 83 -1 0 100 100
1 1 0 24.4 82.5 74 -1 0 100 100
1 1 0 24.3 82.5 66 -1 0 100 100
1 1 0 24.3 82.0 60 -1 0 100 100
1 1 16 24.3 82.5 65 -1 0 100 100
1 1 5 24.4 82.5 82 -1 0 100 100
1 1 0 24.4 82.5 90 -1 0 100 100
1 1 0 24.4 82.5 99 -1 0 100 100
1 1 14 24.4 82.5 110 -1 0 100 100
1 1 13 24.3 82.5 117 -1 0 100 100
1 1 0 24.4 82.5 115 -1 0 100 100
1 1 5 24.4 82.0 117 -1 0 100 100
1 1 7 24.4 82.0 122 -1 0 100 100
1 1 1 24.4 82.0 127 -1 0 100 100
1 1 0 24.4 82.0 127 -1 0 100 100
1 1 4 24.4 82.5 122 -1 0 100 100
1 1 12 24.4 82.5 116 -1 0 100 100
1 1 2 24.5 83.0 120 -1 0 100 100
1 1 0 24.5 83.0 125 -1 0 100 100
1 1 0 24.4 83.0 127 -1 0 100 100
1 1 0 24.4 83.0 127 -1 0 100 100
1 1 0 24.4 83.0 130 -1 0 100 100
1 1 0 24.4 83.0 139 -1 0 100 100
1 1 0 24.4 83.0 146 -1 0 100 100
1 1 1 24.4 83.0 151 -1 0 100 100
1 1 2 24.5 82.5 114 -1 0 100 100
1 1 11 24.5 82.5 160 -1 0 100 100
1 1 0 24.4 82.5 166 -1 0 100 100
1 1 0 24.4 82.5 177 -1 0 100 100
1 1 0 24.5 82.5 182 -1 0 100 100
1 1 0 24.5 82.5 186 -1 0 100 100
1 1 6 24.5 82.5 179 -1 0 100 100
1 1 1 24.5 82.5 157 -1 0 100 100
1 1 0 24.5 82.5 142 -1 0 100 100
1 1 0 24.4 82.5 145 -1 0 100 100
1 1 1 24.5 82.5 157 -1 0 100 100
1 1 1 24.6 82.5 150 -1 0 100 100
1 1 0 24.5 83.0 138 -1 0 100 100
1 1 0 24.6 83.0 136 -1 0 100 100
1 1 4 24.6 82.5 133 -1 0 100 100
1 1 0 24.5 82.5 138 -1 0 100 100
1 1 0 24.5 82.5 152 -1 0 100 100
1 1 0 24.5 82.5 164 -1 0 100 100
1 1 0 24.6 82.5 173 -1 0 100 100
1 1 0 24.6 82.5 179 -1 0 100 100
1 1 1 24.5 82.5 190 -1 0 100 100
1 1 0 24.6 83.0 195 -1 0 100 100
1 1 1 24.6 83.0 199 -1 0 100 100
1 1 0 24.6 83.0 202 -1 0 100 100
1 1 2 24.6 83.0 211 -1 0 100 100
1 1 0 24.6 83.5 206 -1 0 100 100
1 1 0 24.6 83.5 192 -1 0 100 100
1 1 1 24.6 83.5 176 -1 0 100 100
1 1 2 24.6 83.0 171 -1 0 100 100
1 1 0 24.6 83.0 168 -1 0 100 100
1 1 0 24.6 83.0 166 -1 0 100 100
1 1 14 24.6 83.0 166 -1 0 100 100
1 1 6 24.6 83.0 149 -1 0 100 100
1 1 1 24.6 83.0 127 -1 0 100 100
1 1 0 24.6 83.0 117 -1 0 100 100
1 1 12 24.7 83.0 116 -1 0 100 100
1 1 2 24.7 83.0 111 -1 0 100 100
1 1 1 24.7 83.0 109 -1 0 100 100
1 1 0 24.7 83.5 100 -1 0 100 100
1 1 1 24.7 83.5 98 -1 0 100 100
1 1 10 24.8 83.5 102 -1 0 100 100
1 1 0 24.7 83.5 105 -1 0 100 100
1 1 0 24.7 83.5 102 -1 0 100 100
1 1 2 24.7 83.5 104 -1 0 100 100
1 1 0 24.7 83.5 112 -1 0 100 100
1 1 0 24.7 83.5 119 -1 0 100 100
1 1 0 24.7 84.0 126 -1 0 100 100
1 1 0 24.7 84.0 135 -1 0 100 100
1 1 4 24.8 84.0 133 -1 0 100 100
1 1 2 24.7 84.0 126 -1 0 100 100
1 1 0 24.7 83.5 126 -1 0 100 100
1 1 0 24.7 83.5 128 -1 0 100 100
1 1 3 24.7 83.5 128 -1 0 100 100
1 1 3 24.7 83.5 124 -1 0 100 100
1 1 0 24.7 84.0 127 -1 0 100 100
1 1 8 24.7 84.0 121 -1 0 100 100
1 1 1 24.7 84.0 120 -1 0 100 100
1 1 0 24.7 84.0 120 -1 0 100 100
1 1 5 24.7 84.0 118 -1 0 100 100
1 1 0 24.7 84.0 113 -1 0 100 100
1 1 3 24.7 84.0 106 -1 0 100 100
1 1 0 24.7 84.0 95 -1 0 100 100
1 1 1 24.8 84.0 85 -1 0 100 100
1 1 4 24.7 84.5 81 -1 0 100 100
1 1 0 24.7 84.5 79 -1 0 100 100
1 1 0 24.7 84.0 83 -1 0 100 100
1 1 0 24.7 84.0 85 -1 0 100 100
1 1 6 24.7 84.0 85 -1 0 100 100
1 1 6 24.7 84.0 85 -1 0 100 100
1 1 8 24.7 84.0 84 -1 0 100 100
1 1 0 24.7 84.0 82 -1 0 100 100
1 1 0 24.8 84.0 89 -1 0 100 100
1 1 0 24.7 84.0 93 -1 0 100 100
1 1 2 24.8 84.0 89 -1 0 100 100
1 1 3 24.8 84.0 86 -1 0 100 100
1 1 0 24.8 83.5 82 -1 0 100 100
1 1 0 24.7 83.5 75 -1 0 100 100
1 1 0 24.7 83.5 77 -1 0 100 100
1 1 1 24.8 83.5 79 -1 0 100 100
1 1 0 24.8 83.5 81 -1 0 100 100
1 1 2 24.8 84.0 81 -1 0 100 100
1 1 0 24.8 84.0 81 -1 0 100 100
1 1 0 24.8 84.0 81 -1 0 100 100
1 1 0 24.7 83.5 83 -1 0 100 100
1 1 0 24.8 83.5 83 -1 0 100 100
1 1 0 24.8 83.5 77 -1 0 100 100
1 1 4 24.8 83.5 75 -1 0 100 100
1 1 0 24.8 83.5 79 -1 0 100 100
1 1 2 24.8 84.0 81 -1 0 100 100
1 1 9 24.8 84.0 88 -1 0 100 100
1 1 2 24.8 84.0 90 -1 0 100 100
1 1 12 24.9 84.5 95 -1 0 100 100
1 1 0 24.7 84.5 93 -1 0 100 100
1 1 0 24.8 84.5 93 -1 0 100 100
1 1 12 24.8 84.0 93 -1 0 100 100
1 1 6 24.8 84.0 91 -1 0 100 100
1 1 0 24.8 84.0 88 -1 0 100 100
1 1 0 24.8 84.0 86 -1 0 100 100
1 1 0 24.8 84.0 84 -1 0 100 100
1 1 0 24.7 84.0 86 -1 0 100 100
1 1 0 24.8 84.5 91 -1 0 100 100
1 1 12 24.8 84.5 96 -1 0 100 100
1 1 11 24.8 84.5 109 -1 0 100 100
1 1 2 24.8 84.5 118 -1 0 100 100
1 1 2 24.8 84.5 121 -1 0 100 100
1 1 0 24.8 84.5 123 -1 0 100 100
1 1 2 24.8 84.5 120 -1 0 100 100
1 1 4 24.8 84.5 112 -1 0 100 100
1 1 0 24.8 84.0 107 -1 0 100 100
1 1 0 24.8 84.0 105 -1 0 100 100
1 1 2 24.9 84.0 105 -1 0 100 100
1 1 2 24.8 84.0 107 -1 0 100 100
1 1 0 24.9 84.0 103 -1 0 100 100
1 1 0 24.9 84.0 98 -1 0 100 100
1 1 2 24.9 84.0 96 -1 0 100 100
1 1 0 24.9 84.0 93 -1 0 100 100
1 1 0 24.8 84.0 93 -1 0 100 100
1 1 0 24.8 84.0 91 -1 0 100 100
1 1 5 24.8 84.0 89 -1 0 100 100
1 1 4 24.8 84.0 84 -1 0 100 100
1 1 0 24.9 84.0 84 -1 0 100 100
1 1 0 24.9 84.0 89 -1 0 100 100
1 1 0 24.9 83.5 89 -1 0 100 100
1 1 12 24.9 83.5 91 -1 0 100 100
1 1 24 24.9 83.5 91 -1 0 100 100
1 1 2 24.8 83.5 105 -1 0 100 100
1 1 0 24.9 83.5 123 -1 0 100 100
1 1 1 24.9 83.5 130 -1 0 100 100
1 1 0 24.9 83.5 139 -1 0 100 100
1 1 0 24.9 83.5 142 -1 0 100 100
1 1 3 24.9 83.5 139 -1 0 100 100
1 1 1 24.8 83.5 128 -1 0 100 100
1 1 8 24.9 83.5 110 -1 0 100 100
1 1 0 24.9 83.5 92 -1 0 100 100
1 1 0 24.9 83.5 89 -1 0 100 100
1 1 1 24.9 83.5 85 -1 0 100 100
1 1 2 24.9 83.5 91 -1 0 100 100
1 1 2 24.9 83.5 98 -1 0 100 100
1 1 8 24.9 83.5 96 -1 0 100 100
1 1 4 24.9 83.5 96 -1 0 100 100
1 1 4 24.9 83.5 99 -1 0 100 100
1 1 2 24.9 83.5 97 -1 0 100 100
1 1 9 25.0 83.5 101 -1 0 100 100
1 1 8 24.9 83.5 99 -1 0 100 100
1 1 5 24.9 83.5 101 -1 0 100 100
1 1 6 25.0 83.5 103 -1 0 100 100
1 1 5 24.9 83.5 110 -1 0 100 100
1 1 9 25.0 83.5 122 -1 0 100 100
1 1 7 24.9 83.5 136 -1 0 100 100
1 1 5 25.0 83.5 140 -1 0 100 100
1 1 1 24.9 83.5 134 -1 0 100 100
1 1 0 24.9 83.5 126 -1 0 100 100
1 1 0 25.0 83.5 111 -1 0 100 100
1 1 4 24.9 83.5 104 -1 0 100 100
1 1 19 25.0 83.5 97 -1 0 100 100
1 1 0 24.9 83.5 92 -1 0 100 100
1 1 23 25.0 83.5 90 -1 0 15 100
0 1 13 25.0 83.5 25 -1 0 15 14
0 1 19 25.0 83.5 4 -1 0 15 14
0 1 14 25.0 83.5 4 -1 0 15 14
0 1 0 25.0 83.5 4 -1 0 15 14
0 1 6 24.9 83.5 4 -1 0 15 14
0 1 0 25.0 83.5 4 -1 0 15 14
0 1 3 25.0 83.5 4 -1 0 15 14
0 1 0 24.9 83.5 4 -1 0 15 14
0 1 0 24.9 83.5 4 -1 0 15 14
0 1 0 24.9 83.5 6 -1 0 15 14
0 1 0 24.9 83.5 4 -1 0 15 14
0 1 0 25.0 83.5 4 -1 0 15 14
0 1 0 25.0 83.5 4 -1 0 15 14
0 1 0 25.0 83.5 4 -1 0 15 14
0 1 0 24.9 83.0 4 -1 0 15 14
0 1 0 24.9 83.5 4 -1 0 15 14
0 1 0 24.9 83.5 4 -1 0 15 14
0 1 0 24.9 83.5 4 -1 0 15 14
0 1 3 24.9 83.0 4 -1 0 15 14
0 1 0 25.0 83.0 4 -1 0 15 14
0 1 0 25.0 83.0 4 -1 0 15 14
0 1 0 25.0 83.0 4 -1 0 15 14
0 1 0 24.9 83.0 4 -1 0 15 14
0 1 0 25.0 83.0 4 -1 0 15 14
0 1 0 25.0 83.0 6 -1 0 15 14
0 1 0 24.9 83.0 6 -1 0 15 14
0 1 0 24.9 83.0 2 -1 0 15 14
0 1 2 24.9 83.0 4 -1 0 15 14
0 1 0 25.0 83.0 6 -1 0 15 14
0 1 0 25.0 83.0 6 -1 0 15 14
0 1 0 25.0 83.0 9 -1 0 15 14
0 1 0 25.0 83.0 9 -1 0 15 14
0 1 0 25.0 83.0 6 -1 0 15 14
0 1 1 25.0 83.0 4 -1 0 15 14
0 1 1 24.9 83.0 4 -1 0 15 14
1 1 18 25.0 83.0 41 -1 0 100 14
1 1 17 25.0 83.0 82 -1 0 100 100
1 1 0 25.0 83.5 85 -1 0 100 100
1 1 0 25.0 83.5 76 -1 0 100 100
1 1 0 25.0 83.0 71 -1 0 100 100
1 1 0 25.0 83.0 66 -1 0 100 100
1 1 0 25.0 83.0 64 -1 0 100 100
1 1 0 24.9 83.0 57 -1 0 100 100
1 1 0 25.0 83.0 64 -1 0 100 100
1 1 0 25.0 83.0 73 -1 0 100 100
1 1 0 25.0 83.0 77 -1 0 100 100
1 1 3 25.0 83.0 87 -1 0 100 100
1 1 0 25.0 83.0 103 -1 0 100 100
1 1 0 25.1 83.0 114 -1 0 100 100
1 1 0 24.9 83.0 130 -1 0 100 100
1 1 0 25.1 83.0 140 -1 0 100 100
1 1 0 25.0 83.0 150 -1 0 100 100
1 1 0 24.9 83.0 159 -1 0 100 100
1 1 0 25.0 83.0 159 -1 0 100 100
1 1 0 24.9 83.0 157 -1 0 100 100
1 1 0 25.0 83.0 150 -1 0 100 100
1 1 0 25.0 83.0 152 -1 0 100 100
1 1 2 25.1 83.0 150 -1 0 100 100
1 1 0 25.0 83.0 145 -1 0 100 100
1 1 0 25.0 83.0 147 -1 0 100 100
1 1 0 25.1 83.0 150 -1 0 100 100
1 1 2 25.0 83.0 159 -1 0 100 100
1 1 0 25.0 83.0 166 -1 0 100 100
1 1 0 25.0 83.0 176 -1 0 100 100
1 1 0 25.0 83.0 184 -1 0 100 100
1 1 12 25.0 83.0 193 -1 0 100 100
1 1 0 25.1 83.0 200 -1 0 100 100
1 1 0 25.1 83.0 203 -1 0 100 100
1 1 0 25.1 83.0 203 c26 0 100 100
1 1 0 25.0 83.0 203 c26 0 100 100
1 1 16 25.0 83.0 196 c26 0 100 100
1 1 9 25.0 83.0 184 c26 0 100 100
1 1 0 25.0 82.5 170 c26 0 100 100
1 1 0 24.8 81.5 154 c26 0 100 100
1 1 4 24.8 80.5 147 c26 0 100 100
1 1 0 24.7 80.0 144 c26 0 100 100
1 1 0 24.6 79.5 140 c26 0 100 100
1 1 0 24.5 79.0 140 c26 0 100 100
1 1 6 24.4 79.0 133 c26 0 100 100
1 1 17 24.4 78.5 129 c26 0 100 100
1 1 0 24.4 78.5 122 c26 0 100 100
1 1 0 24.3 78.0 126 c26 0 100 100
1 1 0 24.3 78.0 137 c26 0 100 100
1 1 0 24.2 78.0 142 c26 0 100 100
1 1 0 24.2 77.5 152 c26 0 100 100
1 1 7 24.1 77.5 163 c26 0 100 100
1 1 6 24.1 77.0 171 c26 0 100 100
1 1 1 24.0 76.5 178 c26 0 100 100
1 1 1 24.0 76.0 180 c26 0 100 100
1 1 0 23.9 76.5 182 c26 0 100 100
1 1 0 23.9 76.5 180 c26 0 100 100
1 1 0 23.9 76.5 175 c26 0 100 100
1 1 0 23.9 76.0 168 c26 0 100 100
1 1 0 23.8 76.0 157 c26 0 100 100
1 1 9 23.8 76.0 155 c26 0 100 100
1 1 0 23.8 76.0 157 c26 0 100 100
1 1 0 23.7 76.0 157 c26 0 100 100
1 1 0 23.7 76.0 161 c26 0 100 100
1 1 0 23.7 75.5 168 c26 0 100 100
1 1 0 23.7 75.5 180 c26 0 100 100
1 1 0 23.6 75.5 201 c26 0 100 100
1 1 0 23.6 75.5 215 c26 0 100 100
1 1 3 23.6 75.5 217 c26 0 100 100
1 1 0 23.6 75.5 206 c26 0 100 100
1 1 0 23.6 75.0 197 c26 0 100 100
1 1 0 23.5 75.0 187 c26 0 100 100
1 1 0 23.5 75.0 166 c26 0 100 100
1 1 2 23.5 75.0 147 c26 0 100 100
1 1 2 23.5 75.0 138 c26 0 100 100
1 1 5 23.4 74.5 143 c26 0 100 100
1 1 0 23.4 74.5 145 c26 0 100 100
1 1 16 23.3 74.5 143 c26 0 100 100
1 1 1 23.3 74.5 134 c26 0 100 100
1 1 3 23.3 74.5 126 c26 0 100 100
1 1 2 23.3 74.5 126 c26 0 100 100
1 1 0 23.2 74.5 131 c26 0 100 100
1 1 2 23.2 74.5 124 c26 0 100 100
1 1 1 23.2 74.5 120 c26 0 100 100
1 1 4 23.2 74.5 120 c26 0 100 100
1 1 0 23.2 74.5 115 c26 0 100 100
1 1 0 23.1 74.0 112 c26 0 100 100
1 1 0 23.1 74.0 108 c26 0 100 100
1 1 0 23.0 74.0 107 c26 0 100 100
1 1 0 23.1 74.0 103 c26 0 100 100
1 1 8 23.0 74.0 91 c26 0 100 100
1 1 0 22.9 74.0 80 c26 0 100 100
1 1 9 23.0 74.0 70 c26 0 100 100
1 1 0 23.0 74.0 65 c26 0 100 100
1 1 5 22.9 74.0 54 c26 0 100 100
1 1 24 23.0 74.0 51 c26 0 100 100
1 1 5 22.9 74.5 53 c26 0 100 100
1 1 1 22.9 74.5 58 c26 0 100 100
1 1 4 22.9 74.5 61 c26 0 100 100
1 1 0 23.0 74.5 68 c26 0 100 100
1 1 2 22.9 74.5 74 c26 0 100 100
1 1 2 22.9 74.5 79 c26 0 100 100
1 1 9 22.9 74.5 84 c26 0 100 100
1 1 0 22.8 74.5 86 c26 0 100 100
1 1 0 22.8 74.5 86 c26 0 100 100
1 1 4 22.8 74.5 88 c26 0 100 100
1 1 0 22.8 74.5 83 c26 0 100 100
1 1 6 22.8 74.5 79 c26 0 100 100
1 1 0 22.8 74.5 68 c26 0 100 100
1 1 10 22.7 74.5 65 c26 0 100 100
1 1 0 22.8 74.0 62 c26 0 100 100
1 1 0 22.7 74.0 58 c26 0 100 100
1 1 0 22.7 74.0 53 c26 0 100 100
1 1 9 22.7 74.0 53 c26 0 100 100
1 1 3 22.7 74.0 56 c26 0 100 100
1 1 0 22.7 74.0 63 c26 0 100 100
1 1 4 22.7 74.0 65 c26 0 100 100
1 1 7 22.6 74.0 67 c26 0 100 100
1 1 6 22.6 74.0 69 c26 0 100 100
1 1 11 22.7 74.0 67 c26 0 100 100
1 1 11 22.6 74.0 69 c26 0 100 100
1 1 9 22.7 74.0 70 c26 0 100 100
1 1 0 22.6 74.0 67 c26 0 100 100
1 1 0 22.6 74.0 62 -1 0 100 100
1 1 5 22.6 74.0 54 -1 0 100 100
1 1 15 22.6 75.0 56 -1 0 100 100
1 1 0 22.7 76.5 58 -1 0 100 100
1 1 0 22.8 77.5 62 -1 0 100 100
1 1 0 22.8 78.5 61 -1 0 100 100
1 1 20 22.9 79.0 65 -1 0 100 100
1 1 2 23.0 79.0 65 -1 0 100 100
1 1 0 23.1 79.5 65 -1 0 100 100
1 1 1 23.2 79.5 60 -1 0 100 100
1 1 0 23.2 79.5 63 -1 0 100 100
1 1 0 23.2 80.0 65 -1 0 100 100
1 1 0 23.3 80.0 67 -1 0 100 100
1 1 5 23.5 80.5 68 -1 0 100 100
1 1 0 23.4 80.5 70 -1 0 100 100
1 1 3 23.4 80.5 68 -1 0 100 100
1 1 0 23.5 80.5 68 -1 0 100 100
1 1 0 23.5 81.0 70 -1 0 100 100
1 1 0 23.6 81.0 70 -1 0 100 100
1 1 1 23.6 81.0 72 -1 0 100 100
1 1 0 23.6 81.0 72 -1 0 100 100
1 1 0 23.7 81.0 70 -1 0 100 100
1 1 0 23.6 81.5 68 -1 0 100 100
1 1 0 23.7 81.5 70 -1 0 100 100
1 1 0 23.7 81.5 74 -1 0 100 100
1 1 5 23.8 81.5 70 -1 0 100 100
1 1 5 23.8 81.5 68 -1 0 100 100
1 1 4 23.8 82.0 67 -1 0 100 100
1 1 4 23.8 82.0 67 -1 0 100 100
1 1 0 23.8 82.0 65 -1 0 100 100
1 1 6 23.9 82.0 67 -1 0 100 100
1 1 5 23.9 82.0 63 -1 0 100 100
1 1 7 23.9 82.5 58 -1 0 100 100
1 1 2 24.0 82.5 58 -1 0 100 100
1 1 0 24.0 82.5 51 -1 0 100 100
1 1 4 24.0 82.5 53 -1 0 100 100
1 1 10 24.0 82.5 49 -1 0 100 100
1 1 9 24.0 82.5 51 -1 0 100 100
1 1 0 24.1 82.5 53 -1 0 100 100
1 1 0 24.1 83.0 53 -1 0 100 100
1 1 0 24.1 83.0 55 -1 0 100 100
1 1 5 24.1 83.0 49 -1 0 100 100
1 1 1 24.1 83.0 49 -1 0 100 100
1 1 0 24.1 83.0 47 -1 0 100 100
1 1 0 24.1 83.0 49 -1 0 100 100
1 1 1 24.2 83.0 47 -1 0 100 100
1 1 1 24.2 83.0 45 -1 0 100 100
1 1 0 24.2 83.5 47 -1 0 100 100
1 1 4 24.2 83.5 44 -1 0 100 100
1 1 2 24.2 83.5 44 -1 0 100 100
1 1 0 24.2 83.5 44 -1 0 100 100
1 1 0 24.3 83.5 44 -1 0 100 100
1 1 3 24.2 83.5 44 -1 0 100 100
1 1 7 24.2 83.5 45 -1 0 100 100
1 1 0 24.3 83.5 47 -1 0 100 100
1 1 1 24.3 83.5 47 -1 0 100 100
1 1 0 24.4 83.5 45 -1 0 100 100
1 1 1 24.3 83.5 47 -1 0 100 100
1 1 0 24.4 83.5 44 -1 0 100 100
1 1 5 24.5 83.5 42 -1 0 100 100
1 1 3 24.4 83.5 44 -1 0 100 100
1 1 1 24.4 83.5 44 -1 0 100 100
1 1 0 24.4 83.5 44 -1 0 100 100
1 1 2 24.5 84.0 44 -1 0 100 100
1 1 0 24.5 84.0 40 -1 0 100 100
1 1 2 24.5 84.0 40 -1 0 100 100
1 1 0 24.4 83.5 37 -1 0 100 100
1 1 2 24.4 84.0 37 -1 0 100 100
1 1 0 24.5 84.0 35 -1 0 100 100
1 1 2 24.5 84.0 35 -1 0 100 100
1 1 0 24.5 84.0 37 -1 0 100 100
1 1 2 24.5 84.0 37 -1 0 100 100
1 1 5 24.5 84.0 35 -1 0 100 100
1 1 0 24.5 84.0 35 -1 0 100 100
1 1 0 24.5 84.0 37 -1 0 100 100
1 1 0 24.6 84.0 37 -1 0 100 100
1 1 5 24.5 83.5 35 -1 0 100 100
1 1 12 24.5 83.5 39 -1 0 100 100
1 1 8 24.6 83.5 37 -1 0 100 100
1 1 11 24.6 83.5 37 -1 0 100 100
1 1 0 24.6 84.0 37 -1 0 100 100
1 1 0 24.6 84.0 35 -1 0 100 100
1 1 2 24.6 84.0 35 -1 0 100 100
1 1 0 24.6 83.5 35 -1 0 100 100
1 1 7 24.7 84.0 31 -1 0 100 100
1 1 0 24.7 84.0 30 -1 0 100 100
1 1 7 24.7 84.0 30 -1 0 100 100
1 1 0 24.6 84.0 28 -1 0 100 100
1 1 1 24.6 84.0 26 -1 0 100 100
1 1 15 24.6 84.0 28 -1 0 100 100
1 1 2 24.7 84.0 26 -1 0 100 100
1 1 0 24.7 84.0 21 -1 0 100 100
1 1 4 24.6 84.0 23 -1 0 100 100
1 1 1 24.7 84.0 21 -1 0 100 100
1 1 0 24.7 84.0 23 -1 0 100 100
1 1 3 24.7 84.0 21 -1 0 100 100
1 1 1 24.7 84.0 19 -1 1 100 100
1 1 16 24.7 84.0 34 -1 1 100 100
1 1 0 24.7 84.0 34 -1 1 100 100
1 1 4 24.7 84.0 34 -1 1 100 100
1 1 5 24.7 84.0 34 -1 1 100 100
1 1 0 24.7 84.0 36 -1 1 100 100
1 1 0 24.7 84.0 36 -1 1 100 100
1 1 0 24.7 84.0 34 -1 1 100 100
1 1 9 24.8 84.0 34 -1 1 100 100
1 1 4 24.7 84.0 34 -1 1 100 100
1 1 0 24.8 84.0 34 -1 1 100 100
1 1 2 24.8 84.0 34 -1 1 100 100
1 1 0 24.7 84.0 34 -1 1 100 100
1 1 0 24.8 84.0 34 -1 1 100 100
1 1 1 24.7 84.0 34 -1 1 100 100
1 1 0 24.8 84.0 32 -1 1 100 100
1 1 0 24.8 84.0 32 -1 1 100 100
1 1 0 24.8 84.0 35 -1 1 100 100
1 1 0 24.8 84.0 33 -1 1 100 100
1 1 0 24.9 84.0 33 -1 1 100 100
1 1 0 24.8 84.0 31 -1 1 100 100
1 1 0 24.8 83.5 29 -1 1 100 100
1 1 0 24.8 84.0 31 -1 1 100 100
1 1 2 24.8 84.0 29 -1 1 100 100
1 1 0 24.8 84.0 27 -1 1 100 100
1 1 5 24.8 84.0 29 -1 1 100 100
1 1 0 24.8 84.0 27 -1 1 100 100
1 1 0 24.9 84.0 27 -1 1 100 100
1 1 0 24.9 84.0 25 -1 1 100 100
1 1 0 24.9 84.0 25 -1 1 100 100
1 1 0 24.8 83.5 28 -1 1 100 100
1 1 6 24.9 84.0 24 -1 1 100 100
1 1 2 24.9 84.0 26 -1 1 100 100
1 1 2 24.9 84.0 22 -1 1 100 100
1 1 0 24.9 84.0 20 -1 1 100 100
1 1 0 24.9 84.0 20 -1 1 100 100
1 1 0 24.9 84.0 20 -1 1 100 100
1 1 2 24.9 84.0 20 -1 1 100 100
1 1 0 24.9 84.0 20 -1 1 100 100
1 1 0 25.0 84.0 22 -1 1 100 100
1 1 3 25.0 84.0 22 -1 1 100 100
1 1 8 25.0 84.0 20 -1 1 100 100
1 1 4 24.9 84.0 20 -1 1 100 100
1 1 11 24.9 84.0 20 -1 1 100 100
1 1 0 24.9 84.0 20 -1 1 100 100
1 1 1 24.9 84.0 20 -1 1 100 100
1 1 4 24.9 84.0 18 -1 1 100 100
1 1 10 25.0 84.0 21 -1 1 100 100
1 1 0 25.0 84.0 21 -1 1 100 100
1 1 12 24.9 84.0 21 -1 1 100 100
1 1 0 24.9 84.0 19 -1 1 100 100
1 1 0 24.9 84.0 19 -1 1 100 100
1 1 0 25.0 84.0 19 -1 1 100 100
1 1 0 24.9 84.0 17 -1 1 100 100
1 1 0 24.9 84.0 17 -1 1 100 100
1 1 0 25.0 83.5 19 -1 1 100 100
1 1 1 24.9 84.0 19 -1 1 100 100
1 1 0 24.9 84.0 19 -1 1 100 100
1 1 0 25.0 84.0 17 -1 1 100 100
1 1 0 25.0 84.0 17 -1 1 100 100
1 1 0 24.9 84.0 15 -1 1 100 100
1 1 0 24.9 84.0 15 -1 1 100 100
1 1 0 25.0 83.5 17 -1 1 100 100
1 1 0 25.0 83.5 17 -1 1 100 100
1 1 4 25.0 84.0 17 -1 1 100 100
1 1 0 25.0 83.5 17 -1 1 100 100
1 1 0 25.0 83.5 15 -1 1 100 100
1 1 2 24.9 83.5 15 -1 1 100 100
1 1 0 25.0 83.5 13 -1 1 100 100
1 1 0 25.0 83.5 13 -1 1 100 100
1 1 0 25.0 83.5 16 -1 1 100 100
1 1 0 25.0 83.5 16 -1 1 100 100
1 1 0 25.0 83.5 16 -1 1 100 100
1 1 10 25.0 83.5 16 -1 1 100 100
1 1 0 25.0 83.5 14 -1 1 100 100
1 1 0 25.0 83.5 14 -1 1 100 100
1 1 0 25.0 83.5 14 -1 1 100 100
1 1 0 25.0 84.0 14 -1 1 100 100
1 1 0 25.1 83.5 14 -1 1 100 100
1 1 0 25.0 83.5 14 -1 1 100 100
1 1 0 25.1 83.5 14 -1 1 100 100
1 1 1 25.0 83.5 14 -1 1 100 100
1 1 2 25.0 83.5 14 -1 1 100 100
1 1 0 25.1 83.5 14 -1 1 100 100
1 1 0 25.0 83.5 14 -1 1 100 100
1 1 3 25.1 83.5 14 -1 1 100 100
1 1 0 25.0 83.5 14 -1 1 100 100
1 1 10 25.0 83.5 14 -1 1 100 100
1 1 0 25.0 83.5 14 -1 1 100 100
1 1 0 25.0 83.5 14 -1 1 100 100
1 1 0 25.0 83.5 14 -1 1 100 100
1 1 0 25.1 83.5 14 -1 1 100 100
1 1 3 25.0 83.5 14 -1 1 100 100
1 1 0 25.0 83.5 14 -1 1 100 100
1 1 0 25.0 83.5 14 -1 1 100 100
1 1 9 25.0 83.5 14 -1 1 100 100
1 1 0 25.1 83.5 14 -1 1 100 100
1 1 0 25.0 83.5 14 -1 1 100 100
1 1 0 25.0 83.5 14 -1 1 100 100
1 1 3 25.1 83.5 14 -1 1 100 100
1 1 0 25.0 83.5 14 -1 1 100 100
1 1 0 25.1 83.5 14 -1 1 100 100
1 1 0 25.1 83.5 14 -1 1 100 100
1 1 0 25.0 83.5 14 -1 1 100 100
1 1 1 25.1 83.5 14 -1 1 100 100
1 1 0 25.0 83.5 14 -1 1 100 100
1 1 0 25.1 83.5 14 -1 1 100 100
1 1 5 25.1 83.5 14 -1 1 100 100
1 1 1 25.1 83.5 14 -1 1 100 100
1 1 2 25.0 83.5 14 -1 1 100 100
1 1 2 25.1 83.5 14 -1 1 100 100
1 1 0 25.1 83.5 14 -1 1 100 100
1 1 0 25.1 83.5 14 -1 1 100 100
1 1 1 25.1 83.5 14 -1 1 100 100
1 1 7 25.0 83.5 14 -1 1 100 100
1 1 0 25.1 83.5 14 -1 1 100 100
1 1 0 25.1 83.5 14 -1 1 100 100
1 1 0 25.0 83.5 14 -1 1 100 100
1 1 0 25.1 83.5 14 -1 1 100 100
1 1 0 25.1 83.5 14 -1 1 100 100
1 1 5 25.1 83.5 14 -1 1 100 100
1 1 4 25.1 83.5 14 -1 1 100 100
1 1 0 25.1 83.5 14 -1 1 100 100
1 1 0 25.1 83.5 14 -1 1 100 100
1 1 0 25.0 83.5 14 -1 1 100 100
1 1 0 25.1 83.5 14 -1 1 100 100
1 1 0 25.1 83.5 14 -1 1 100 100
1 1 0 25.0 83.5 14 -1 1 100 100
1 1 2 25.1 83.5 14 -1 1 100 100
1 1 2 25.1 83.5 14 -1 1 100 100
1 1 0 25.1 83.5 14 -1 1 100 100
1 1 0 25.0 83.5 14 -1 1 100 100
1 1 3 25.0 83.5 14 -1 1 100 100
1 1 0 25.1 83.5 14 -1 1 100 100
1 1 0 25.1 83.5 14 -1 1 100 100
1 1 1 25.1 83.5 14 -1 1 100 100
1 1 2 25.1 83.5 14 -1 1 100 100
1 1 1 25.1 83.5 14 -1 1 100 100
1 1 0 25.1 83.5 14 -1 1 100 100
1 1 10 25.1 83.5 14 -1 1 100 100
1 1 0 25.2 83.5 14 -1 1 100 100
1 1 1 25.0 83.5 14 -1 1 100 100
1 1 0 25.0 83.5 14 -1 1 100 100
1 1 2 25.0 83.5 14 -1 1 100 100
1 1 2 25.1 83.0 14 -1 1 100 100
1 1 1 25.1 83.5 14 -1 1 100 100
1 1 0 25.1 83.0 14 -1 1 100 100
1 1 0 25.1 83.0 14 -1 1 100 100
1 1 0 25.1 83.5 14 -1 1 100 100
1 1 0 25.1 83.0 14 -1 1 100 100
1 1 1 25.0 83.0 14 -1 1 100 100
1 1 8 25.1 83.0 14 -1 1 100 100
1 1 4 25.1 83.0 14 -1 1 100 100
1 1 8 25.1 83.0 12 -1 1 100 100
1 1 2 25.0 83.0 14 -1 1 100 100
1 1 2 25.1 83.0 14 -1 1 100 100
1 1 2 25.1 83.0 14 -1 1 100 100
1 1 0 25.1 83.0 14 -1 1 100 100
1 1 1 25.1 83.0 14 -1 1 100 100
1 1 8 25.1 83.0 14 -1 1 100 100
1 1 0 25.1 83.0 14 -1 1 100 100
1 1 1 25.1 83.0 14 -1 1 100 100
1 1 3 25.1 83.5 14 -1 1 100 100
1 1 0 25.1 83.0 14 -1 1 100 100
1 1 0 25.1 83.0 14 -1 1 100 100
1 1 0 25.1 83.0 14 -1 1 100 100
1 1 0 25.2 83.5 14 -1 1 100 100
1 1 0 25.1 83.5 14 -1 1 100 100
1 1 0 25.1 83.5 14 -1 1 100 100
1 1 5 25.1 83.0 14 -1 1 100 100
1 1 0 25.1 83.0 14 -1 1 100 100
1 1 0 25.1 83.5 14 -1 1 100 100
1 1 0 25.1 83.0 14 -1 1 100 100
1 1 1 25.1 83.0 14 -1 1 100 100
1 1 3 25.1 83.0 14 -1 1 100 100
1 1 0 25.1 83.0 14 -1 1 100 100
1 1 2 25.2 83.0 14 -1 1 100 100
1 1 0 25.1 83.5 14 -1 1 100 100
1 1 1 25.0 83.0 14 -1 1 100 100
1 1 0 25.1 83.5 14 -1 1 100 100
1 1 0 25.1 83.5 14 -1 1 100 100
1 1 0 25.1 83.5 14 -1 1 100 100
1 1 0 25.1 83.5 14 -1 1 100 100
1 1 0 25.1 83.5 14 -1 1 100 100
1 1 0 25.1 83.5 14 -1 1 100 100
1 1 0 25.1 83.5 14 -1 1 100 100
1 1 0 25.1 83.5 14 -1 1 100 100
1 1 0 25.1 83.5 14 -1 1 100 100
1 1 0 25.1 83.5 14 -1 1 100 100
1 1 0 25.1 83.0 14 -1 1 100 100
1 1 0 25.2 83.5 14 -1 1 100 100
1 1 0 25.1 83.5 14 -1 1 100 100
1 1 7 25.1 83.5 14 -1 1 100 100
1 1 1 25.2 83.0 14 -1 1 100 100
1 1 0 25.0 83.0 14 -1 1 100 100
1 1 0 25.2 83.0 14 -1 1 100 100
1 1 1 25.1 83.0 14 -1 1 100 100
1 1 2 25.1 83.0 14 -1 1 100 100
1 1 5 25.1 83.0 14 -1 1 100 100
1 1 0 25.1 83.0 14 -1 1 100 100
1 1 0 25.1 83.0 14 -1 1 100 100
1 1 0 25.1 83.0 14 -1 1 100 100
1 1 0 25.1 83.0 14 -1 1 100 100
1 1 0 25.1 83.0 14 -1 1 100 100
1 1 0 25.1 83.0 14 -1 1 100 100
1 1 0 25.1 83.0 14 -1 1 100 100
1 1 0 25.1 83.0 14 -1 1 100 100
1 1 0 25.1 83.0 14 -1 1 100 100
1 1 0 25.1 83.0 14 -1 1 100 100
1 1 0 25.1 83.0 14 -1 1 100 100
1 1 0 25.0 83.0 14 -1 1 100 100
1 1 0 25.1 83.0 14 -1 1 100 100
1 1 0 25.1 83.0 14 -1 1 100 100
1 1 11 25.2 83.0 14 -1 1 100 100
1 1 0 25.2 83.0 14 -1 1 100 100
1 1 9 25.1 83.0 14 -1 1 100 100
1 1 19 25.1 83.0 14 -1 1 100 100
1 1 9 25.1 83.0 14 -1 1 100 100
1 1 6 25.1 83.0 14 -1 1 100 100
1 1 17 25.1 83.0 14 -1 1 100 100
1 1 12 25.2 83.0 14 -1 1 100 100
1 1 4 25.1 83.0 14 -1 1 100 100
1 1 11 25.2 83.0 14 -1 1 100 100
1 1 21 25.1 83.0 12 -1 1 100 100
1 1 13 25.2 83.0 12 -1 1 100 100
1 1 4 25.1 83.0 14 -1 1 15 100
1 1 27 25.1 83.0 14 -1 0 15 13
0 1 6 25.2 83.0 1 -1 0 15 13
0 1 0 25.1 83.0 1 -1 0 15 13
0 1 0 25.1 83.0 1 -1 0 15 13
0 1 0 25.2 83.0 1 -1 0 15 13
0 1 0 25.1 83.0 1 -1 0 15 13
0 1 0 25.1 83.0 1 -1 0 15 13
0 1 0 25.1 83.0 1 -1 0 15 13
0 1 0 25.1 83.0 1 -1 0 15 13
0 1 0 25.1 83.0 1 -1 0 15 13
0 1 0 25.1 83.0 1 -1 0 15 13
0 1 0 25.1 83.0 1 -1 0 15 13
0 1 0 25.1 83.0 1 -1 0 15 13
0 1 0 25.0 83.0 1 -1 0 15 13
0 1 0 25.1 83.0 1 -1 0 15 13
0 1 0 25.0 83.0 1 -1 0 15 13
0 1 0 25.1 83.0 1 -1 0 15 13
0 1 0 25.0 83.0 1 -1 0 15 13
0 1 0 25.0 83.0 1 -1 0 15 13
0 1 0 25.1 83.0 1 -1 0 15 13
0 1 0 25.0 83.0 1 -1 0 15 13
0 1 0 25.0 83.0 1 -1 0 15 13
0 1 0 25.1 83.0 1 -1 0 15 13
0 1 0 25.1 83.0 1 -1 0 15 13
0 1 0 25.0 83.0 1 -1 0 15 13
0 1 0 25.0 83.0 1 -1 0 15 13
0 1 0 25.0 83.0 1 -1 0 15 13
0 1 0 25.0 83.0 1 -1 0 15 13
0 1 0 25.1 83.0 1 -1 0 15 13
0 1 0 25.0 83.0 1 -1 0 15 13
0 1 0 25.0 83.0 1 -1 0 15 13
0 1 0 25.0 83.0 1 -1 0 15 13
0 1 0 25.0 83.0 1 -1 0 15 13
0 1 0 25.1 83.0 1 -1 0 15 13
0 1 0 25.0 83.0 2 -1 0 15 13
0 1 0 25.0 83.0 0 -1 0 15 13
0 1 0 25.0 83.0 0 -1 0 15 13
0 1 0 25.0 83.0 0 -1 0 15 13
0 1 0 25.0 83.0 0 -1 0 15 13
0 1 0 24.9 83.0 0 -1 0 15 13
0 1 0 25.0 83.0 0 -1 0 15 13
0 1 0 25.0 83.0 0 -1 0 15 13
0 1 0 24.9 83.0 0 -1 0 15 13
0 1 0 25.0 83.0 0 -1 0 15 13
0 1 0 24.9 83.0 0 -1 0 15 13
0 1 0 24.9 83.0 0 -1 0 15 13
0 1 0 25.0 83.0 0 -1 0 15 13
0 1 0 24.9 83.0 0 -1 0 15 13
0 1 0 24.9 83.0 0 -1 0 15 13
0 1 0 24.9 83.0 0 -1 0 15 13
0 1 0 24.9 83.0 0 -1 0 15 13
0 1 0 24.9 83.0 0 -1 0 15 13
0 1 0 24.9 83.0 0 -1 0 15 13
0 1 0 24.9 83.0 0 -1 0 15 13
0 1 0 24.9 83.0 0 -1 0 15 13
0 1 0 24.9 83.0 0 -1 0 15 13
0 1 0 24.8 83.0 0 -1 0 15 13
0 1 0 24.9 83.0 0 -1 0 15 13
0 1 0 24.9 83.0 0 -1 0 15 13
0 1 0 24.9 83.0 0 -1 0 15 13
0 1 0 24.9 83.0 0 -1 0 15 13
0 1 0 24.9 83.0 0 -1 0 15 13
0 1 0 24.8 83.0 0 -1 0 15 13
0 1 0 24.8 83.0 0 -1 0 15 13
0 1 0 24.9 83.0 0 -1 0 15 13
0 1 0 24.9 83.0 0 -1 0 15 13
0 1 0 24.9 83.0 0 -1 0 15 13
0 1 0 24.8 83.0 0 -1 0 15 13
0 1 0 24.9 83.0 0 -1 0 15 13
0 1 0 24.8 83.0 0 -1 0 15 13
0 1 0 24.8 83.0 0 -1 0 15 13
0 1 0 24.9 83.0 0 -1 0 15 13
0 1 0 24.8 83.0 0 -1 0 15 13
0 1 0 24.8 83.0 0 -1 0 15 13
0 1 0 24.9 83.0 0 -1 0 15 13
0 1 0 24.9 83.0 0 -1 0 15 13
0 1 0 24.9 83.0 0 -1 0 15 13
0 1 0 24.9 83.0 0 -1 0 15 13
0 1 0 24.8 83.0 0 -1 0 15 13
0 1 0 24.7 83.0 0 -1 0 15 13
0 1 0 24.8 83.0 0 -1 0 15 13
0 1 0 24.8 83.0 0 -1 0 15 13
0 1 0 24.8 83.0 0 -1 0 15 13
0 1 0 24.8 83.0 0 -1 0 15 13
0 1 0 24.7 83.0 0 -1 0 15 13
0 1 0 24.8 83.0 0 -1 0 15 13
0 1 0 24.8 83.0 0 -1 0 15 13
0 1 0 24.8 83.0 0 -1 0 15 13
0 1 0 24.9 83.0 0 -1 0 15 13
0 1 0 24.7 83.0 0 -1 0 15 13
0 1 0 24.8 83.0 0 -1 0 15 13
0 1 0 24.8 83.0 0 -1 0 15 13
0 1 0 24.8 83.0 0 -1 0 15 13
0 1 0 24.8 83.0 0 -1 0 15 13
0 1 0 24.8 83.0 0 -1 0 15 13
0 1 0 24.7 83.0 0 -1 0 15 13
0 1 0 24.8 83.0 0 -1 0 15 13
0 1 0 24.8 83.0 0 -1 0 15 13
0 1 0 24.7 83.0 0 -1 0 15 13
0 1 0 24.8 83.0 0 -1 0 15 13
0 1 0 24.8 83.0 0 -1 0 15 13
0 1 0 24.8 83.0 0 -1 0 15 13
0 1 0 24.8 83.0 0 -1 0 15 13
0 1 0 24.7 83.0 0 -1 0 15 13
0 1 0 24.8 83.0 0 -1 0 15 13
0 1 0 24.7 83.0 0 -1 0 15 13
0 1 0 24.8 83.0 0 -1 0 15 13
0 1 0 24.8 83.0 0 -1 0 15 13
0 1 0 24.7 83.0 0 -1 0 15 13
0 1 0 24.7 83.0 0 -1 0 15 13
0 1 0 24.8 83.0 0 -1 0 15 13
0 1 0 24.7 83.0 0 -1 0 15 13
0 1 0 24.8 83.0 0 -1 0 15 13
0 1 0 24.7 83.0 0 -1 0 15 13
0 1 0 24.8 83.0 0 -1 0 15 13
0 1 0 24.8 83.0 0 -1 0 15 13
0 1 0 24.8 83.0 0 -1 0 15 13
0 1 0 24.8 83.0 0 -1 0 15 13
0 1 0 24.7 83.0 0 -1 0 15 13
0 1 0 24.7 83.0 0 -1 0 15 13
0 1 0 24.8 83.0 0 -1 0 15 13
0 1 0 24.8 83.0 0 -1 0 15 13
0 1 0 24.7 83.0 0 -1 0 15 13
0 1 0 24.7 83.0 0 -1 0 15 13
0 1 0 24.7 83.0 0 -1 0 15 13
0 1 0 24.7 83.0 0 -1 0 15 13
0 1 0 24.7 83.0 0 -1 0 15 13
0 1 0 24.7 83.0 0 -1 0 15 13
0 1 0 24.7 83.0 0 -1 0 15 13
0 1 0 24.7 83.0 0 -1 0 15 13
0 1 0 24.7 83.0 0 -1 0 15 13
0 1 0 24.7 83.0 0 -1 0 15 13
0 1 0 24.7 83.0 0 -1 0 15 13
0 1 0 24.7 83.0 0 -1 0 15 13
0 1 0 24.7 83.0 0 -1 0 15 13
0 1 0 24.7 83.0 0 -1 0 15 13
0 1 0 24.7 83.0 0 -1 0 15 13
0 1 0 24.7 83.0 0 -1 0 15 13
0 1 0 24.7 83.0 0 -1 0 15 13
0 1 0 24.7 83.0 0 -1 0 15 13
0 1 0 24.7 83.0 0 -1 0 15 13
0 1 0 24.7 83.0 0 -1 0 15 13
0 1 0 24.7 83.0 0 -1 0 15 13
0 1 0 24.7 83.0 0 -1 0 15 13
0 1 0 24.7 83.0 0 -1 0 15 13
0 1 0 24.7 83.0 0 -1 0 15 13
0 1 0 24.7 83.0 0 -1 0 15 13
0 1 0 24.7 83.0 0 -1 0 15 13
0 1 0 24.6 83.0 0 -1 0 15 13
