0 1 0 28.6 54.0 0 -1 0 -1 -1
0 1 0 28.7 54.0 0 -1 0 -1 -1
0 1 0 28.6 54.0 0 -1 0 -1 -1
0 1 0 28.7 54.0 0 -1 0 -1 -1
0 1 0 28.7 54.0 0 -1 0 -1 -1
0 1 0 28.7 54.0 0 -1 0 -1 -1
0 1 0 28.7 54.0 0 -1 0 -1 -1
0 1 0 28.7 54.0 0 -1 0 -1 -1
0 1 0 28.8 54.0 0 -1 0 -1 -1
0 1 0 28.8 54.0 0 -1 0 -1 -1
0 1 0 28.8 54.0 0 -1 0 -1 -1
0 1 0 28.8 54.0 0 -1 0 -1 -1
0 1 0 28.8 54.0 0 -1 0 -1 -1
0 1 0 28.8 54.0 0 -1 0 -1 -1
0 1 0 28.8 54.0 0 -1 0 -1 -1
0 1 0 28.8 54.0 0 -1 0 -1 -1
0 1 0 28.9 54.0 0 -1 0 -1 -1
0 1 0 28.9 54.0 0 -1 0 -1 -1
0 1 0 28.9 54.0 0 -1 0 -1 -1
0 1 0 28.9 54.0 0 -1 0 -1 -1
0 1 0 28.9 54.0 0 -1 0 -1 -1
0 1 0 28.9 54.0 0 -1 0 -1 -1
0 1 0 28.9 54.0 0 -1 0 -1 -1
0 1 0 29.0 54.0 0 -1 0 -1 -1
0 1 0 28.9 54.0 0 -1 0 -1 -1
0 1 0 29.0 54.0 0 -1 0 -1 -1
0 1 0 29.0 54.0 0 -1 0 -1 -1
0 1 0 29.0 54.0 0 -1 0 -1 -1
0 1 0 29.0 54.0 0 -1 0 -1 -1
0 1 0 29.1 54.0 0 -1 0 -1 -1
0 1 0 29.0 54.0 0 -1 0 -1 -1
0 1 0 29.0 54.0 0 -1 0 -1 -1
0 1 0 29.0 54.0 0 -1 0 -1 -1
0 1 0 29.1 54.0 0 -1 0 -1 -1
0 1 0 29.1 54.0 0 -1 0 -1 -1
0 1 0 29.1 54.0 0 -1 0 -1 -1
0 1 0 29.1 54.0 0 -1 0 -1 -1
0 1 0 29.2 54.0 0 -1 0 -1 -1
0 1 0 29.1 54.0 0 -1 0 -1 -1
0 1 0 29.1 54.0 0 -1 0 -1 -1
0 1 0 29.1 54.0 0 -1 0 -1 -1
0 1 0 29.2 54.0 0 -1 0 -1 -1
0 1 0 29.2 54.0 0 -1 0 -1 -1
0 1 0 29.2 54.0 0 -1 0 -1 -1
0 1 0 29.1 54.0 0 -1 0 -1 -1
0 1 0 29.2 54.0 0 -1 0 -1 -1
0 1 0 29.2 54.0 0 -1 0 -1 -1
0 1 0 29.2 54.0 0 -1 0 -1 -1
0 1 0 29.3 54.0 0 -1 0 -1 -1
0 1 0 29.3 54.0 0 -1 0 -1 -1
0 1 0 29.3 54.0 0 -1 0 -1 -1
0 1 0 29.2 54.0 0 -1 0 -1 -1
0 1 0 29.3 54.5 0 -1 0 -1 -1
0 1 0 29.3 54.5 0 -1 0 -1 -1
0 1 0 29.3 54.5 0 -1 0 -1 -1
0 1 0 29.2 54.5 0 -1 0 -1 -1
0 1 0 29.3 54.5 0 -1 0 -1 -1
0 1 0 29.3 54.5 0 -1 0 -1 -1
0 1 0 29.3 54.5 0 -1 0 -1 -1
0 1 0 29.3 54.5 0 -1 0 -1 -1
0 1 0 29.4 54.5 0 -1 0 -1 -1
0 1 0 29.4 54.5 0 -1 0 -1 -1
0 1 0 29.4 54.5 0 -1 0 -1 -1
0 1 0 29.3 54.5 0 -1 0 -1 -1
0 1 0 29.4 54.5 0 -1 0 -1 -1
0 1 0 29.4 54.5 0 -1 0 -1 -1
0 1 0 29.4 54.5 0 -1 0 -1 -1
0 1 0 29.3 54.5 0 -1 0 -1 -1
0 1 0 29.4 54.5 0 -1 0 -1 -1
0 1 0 29.4 54.5 0 -1 0 -1 -1
0 1 0 29.4 54.5 0 -1 0 -1 -1
0 1 0 29.4 54.5 0 -1 0 -1 -1
0 1 0 29.4 54.5 0 -1 0 -1 -1
0 1 0 29.4 54.5 0 -1 0 -1 -1
0 1 0 29.4 54.5 0 -1 0 -1 -1
0 1 0 29.5 54.5 0 -1 0 -1 -1
0 1 0 29.5 54.5 0 -1 0 -1 -1
0 1 0 29.4 54.5 0 -1 0 -1 -1
0 1 0 29.5 55.0 0 -1 0 -1 -1
0 1 0 29.5 55.0 0 -1 0 -1 -1
0 1 0 29.5 55.0 0 -1 0 -1 -1
0 1 0 29.5 55.0 0 -1 0 -1 -1
0 1 0 29.5 55.0 0 -1 0 -1 -1
0 1 0 29.5 55.0 0 -1 0 -1 -1
0 1 0 29.5 55.0 0 -1 0 -1 -1
0 1 0 29.5 55.0 0 -1 0 -1 -1
0 1 0 29.5 55.0 0 -1 0 -1 -1
0 1 0 29.6 55.0 0 -1 0 -1 -1
0 1 0 29.6 55.0 0 -1 0 -1 -1
0 1 0 29.6 55.0 0 -1 0 -1 -1
0 1 0 29.5 55.0 0 -1 0 -1 -1
0 1 0 29.6 55.0 0 -1 0 -1 -1
0 1 0 29.6 55.0 0 -1 0 -1 -1
0 1 0 29.6 55.0 0 -1 0 -1 -1
0 1 0 29.6 55.0 0 -1 0 -1 -1
0 1 0 29.6 55.0 0 -1 0 -1 -1
0 1 0 29.6 55.0 0 -1 0 -1 -1
0 1 0 29.6 55.0 0 -1 0 -1 -1
0 1 0 29.7 55.0 0 -1 0 -1 -1
0 1 0 29.6 55.0 0 -1 0 -1 -1
0 1 0 29.7 55.0 0 -1 0 -1 -1
0 1 0 29.6 55.5 0 -1 0 -1 -1
0 1 0 29.7 55.5 0 -1 0 -1 -1
0 1 0 29.7 55.5 0 -1 0 -1 -1
0 1 0 29.7 55.5 0 -1 0 -1 -1
0 1 0 29.6 55.5 0 -1 0 -1 -1
0 1 0 29.6 55.5 0 -1 0 -1 -1
0 1 0 29.7 55.5 0 -1 0 -1 -1
0 1 0 29.7 55.5 0 -1 0 -1 -1
0 1 0 29.7 55.5 0 -1 0 -1 -1
0 1 0 29.7 55.5 0 -1 0 -1 -1
0 1 0 29.7 55.5 0 -1 0 -1 -1
0 1 0 29.7 55.5 0 -1 0 -1 -1
0 1 0 29.7 55.5 0 -1 0 -1 -1
0 1 0 29.7 55.5 0 -1 0 -1 -1
0 1 0 29.7 55.5 0 -1 0 -1 -1
0 1 0 29.7 55.5 0 -1 0 -1 -1
0 1 0 29.8 55.5 0 -1 0 -1 -1
0 1 0 29.7 55.5 0 -1 0 -1 -1
0 1 0 29.7 55.5 0 -1 0 -1 -1
0 1 0 29.7 55.5 0 -1 0 -1 -1
0 1 0 29.8 55.5 0 -1 0 -1 -1
0 1 0 29.7 55.5 0 -1 0 -1 -1
0 1 0 29.7 56.0 0 -1 0 -1 -1
0 1 0 29.8 55.5 0 -1 0 -1 -1
0 1 0 29.8 55.5 0 -1 0 -1 -1
0 1 0 29.8 56.0 0 -1 0 -1 -1
0 1 0 29.8 55.5 0 -1 0 -1 -1
0 1 0 29.8 56.0 0 -1 0 -1 -1
0 1 0 29.8 56.0 0 -1 0 -1 -1
0 1 0 29.8 56.0 0 -1 0 -1 -1
0 1 0 29.8 56.0 0 -1 0 -1 -1
0 1 0 29.9 56.0 0 -1 0 -1 -1
0 1 0 29.9 56.0 0 -1 0 -1 -1
0 1 0 29.8 56.0 0 -1 0 -1 -1
0 1 0 29.9 56.0 0 -1 0 -1 -1
0 1 0 29.9 56.0 0 -1 0 -1 -1
0 1 0 29.9 56.0 0 -1 0 -1 -1
0 1 0 29.9 56.0 0 -1 0 -1 -1
0 1 0 29.9 56.0 0 -1 0 -1 -1
0 1 0 29.9 56.0 0 -1 0 -1 -1
0 1 0 29.8 56.0 0 -1 0 -1 -1
0 1 0 29.9 56.0 0 -1 0 -1 -1
0 1 0 29.9 56.0 0 -1 0 -1 -1
0 1 0 29.9 56.0 0 -1 0 -1 -1
0 1 0 29.9 56.0 0 -1 0 -1 -1
0 1 0 30.0 56.0 0 -1 0 -1 -1
0 1 0 29.9 56.0 0 -1 0 -1 -1
0 1 0 29.9 56.0 0 -1 0 -1 -1
0 1 0 30.0 56.0 0 -1 0 -1 -1
0 1 0 30.0 56.0 0 -1 0 -1 -1
0 1 0 29.9 56.0 0 -1 0 -1 -1
0 1 0 29.9 56.5 0 -1 0 -1 -1
0 1 0 29.9 56.5 0 -1 0 -1 -1
0 1 0 29.9 56.0 0 -1 0 -1 -1
0 1 0 29.9 56.5 0 -1 0 -1 -1
0 1 0 30.0 56.0 0 -1 0 -1 -1
0 1 0 29.9 56.5 0 -1 0 -1 -1
0 1 0 29.9 56.5 0 -1 0 -1 -1
0 1 0 30.0 56.5 0 -1 0 -1 -1
0 1 0 30.0 56.5 0 -1 0 -1 -1
0 1 0 30.0 56.5 0 -1 0 -1 -1
0 1 0 30.0 56.5 0 -1 0 -1 -1
0 1 0 30.0 56.5 0 -1 0 -1 -1
0 1 0 30.0 56.5 0 -1 0 -1 -1
0 1 0 30.1 56.5 0 -1 0 -1 -1
0 1 0 30.1 56.5 0 -1 0 -1 -1
0 1 0 30.0 56.5 0 -1 0 -1 -1
0 1 0 30.0 56.5 0 -1 0 -1 -1
0 1 0 30.0 56.5 0 -1 0 -1 -1
0 1 0 30.0 56.5 0 -1 0 -1 -1
0 1 0 30.0 56.5 0 -1 0 -1 -1
0 1 0 30.0 56.5 0 -1 0 -1 -1
0 1 0 30.0 56.5 0 -1 0 -1 -1
0 1 0 30.0 56.5 0 -1 0 -1 -1
0 1 0 30.0 56.5 0 -1 0 -1 -1
0 1 0 30.0 56.5 0 -1 0 -1 -1
0 1 0 30.0 56.5 0 -1 0 -1 -1
0 1 0 30.0 56.5 0 -1 0 -1 -1
0 1 0 30.1 56.5 0 -1 0 -1 -1
0 1 0 30.0 56.5 0 -1 0 -1 -1
0 1 0 30.1 56.5 0 -1 0 -1 -1
0 1 0 30.0 56.5 0 -1 0 -1 -1
0 1 0 30.0 56.5 0 -1 0 -1 -1
0 1 0 30.0 56.5 0 -1 0 -1 -1
0 1 0 30.1 56.5 0 -1 0 -1 -1
0 1 0 30.1 56.5 0 -1 0 -1 -1
0 1 0 30.1 56.5 0 -1 0 -1 -1
0 1 0 30.1 57.0 0 -1 0 -1 -1
0 1 0 30.1 57.0 0 -1 0 -1 -1
0 1 0 30.1 57.0 0 -1 0 -1 -1
0 1 0 30.1 57.0 0 -1 0 -1 -1
0 1 0 30.1 56.5 0 -1 0 -1 -1
0 1 0 30.0 57.0 0 -1 0 -1 -1
0 1 0 30.1 57.0 0 -1 0 -1 -1
0 1 0 30.1 57.0 0 -1 0 -1 -1
0 1 0 30.1 57.0 0 -1 0 -1 -1
0 1 0 30.2 57.0 0 -1 0 -1 -1
0 1 0 30.1 57.0 0 -1 0 -1 -1
0 1 0 30.1 57.0 0 -1 0 -1 -1
0 1 0 30.1 57.0 0 -1 0 -1 -1
0 1 0 30.1 57.0 0 -1 0 -1 -1
0 1 0 30.1 57.0 0 -1 0 -1 -1
0 1 0 30.2 57.0 0 -1 0 -1 -1
0 1 0 30.2 57.0 0 -1 0 -1 -1
0 1 0 30.1 57.0 0 -1 0 -1 -1
0 1 0 30.1 57.0 0 -1 0 -1 -1
0 1 0 30.1 57.0 0 -1 0 -1 -1
0 1 0 30.2 57.0 0 -1 0 -1 -1
0 1 0 30.2 57.0 0 -1 0 -1 -1
0 1 0 30.1 57.0 0 -1 0 -1 -1
0 1 0 30.2 57.0 0 -1 0 -1 -1
0 1 0 30.1 57.0 0 -1 0 -1 -1
0 1 0 30.1 57.0 0 -1 0 -1 -1
0 1 0 30.1 57.0 0 -1 0 -1 -1
0 1 0 30.1 57.0 0 -1 0 -1 -1
0 1 0 30.2 57.0 0 -1 0 -1 -1
0 1 0 30.2 57.0 0 -1 0 -1 -1
0 1 0 30.2 57.5 0 -1 0 -1 -1
0 1 0 30.1 57.0 0 -1 0 -1 -1
0 1 0 30.1 57.5 0 -1 0 -1 -1
0 1 0 30.2 57.5 0 -1 0 -1 -1
0 1 0 30.2 57.5 0 -1 0 -1 -1
0 1 0 30.1 57.5 0 -1 0 -1 -1
0 1 0 30.2 57.5 0 -1 0 -1 -1
0 1 0 30.2 57.5 0 -1 0 -1 -1
0 1 0 30.2 57.5 0 -1 0 -1 -1
0 1 0 30.2 57.5 0 -1 0 -1 -1
0 1 0 30.2 57.5 0 -1 0 -1 -1
0 1 0 30.2 57.5 0 -1 0 -1 -1
0 1 0 30.2 57.5 0 -1 0 -1 -1
0 1 0 30.2 57.5 0 -1 0 -1 -1
0 1 0 30.2 57.5 0 -1 0 -1 -1
0 1 0 30.2 57.5 0 -1 0 -1 -1
0 1 0 30.2 57.5 0 -1 0 -1 -1
0 1 0 30.3 57.5 0 -1 0 -1 -1
0 1 0 30.3 57.5 0 -1 0 -1 -1
0 1 0 30.2 57.5 0 -1 0 -1 -1
0 1 0 30.2 57.5 0 -1 0 -1 -1
0 1 0 30.3 57.5 0 -1 0 -1 -1
0 1 0 30.2 57.5 0 -1 0 -1 -1
0 1 0 30.2 57.5 0 -1 0 -1 -1
0 1 0 30.3 57.5 0 -1 0 -1 -1
0 1 0 30.2 57.5 0 -1 0 -1 -1
0 1 0 30.3 57.5 0 -1 0 -1 -1
0 1 0 30.2 57.5 0 -1 0 -1 -1
0 1 0 30.2 57.5 0 -1 0 -1 -1
0 1 0 30.3 58.0 0 -1 0 -1 -1
0 1 0 30.3 58.0 0 -1 0 -1 -1
0 1 0 30.2 58.0 0 -1 0 -1 -1
0 1 0 30.2 58.0 0 -1 0 -1 -1
0 1 0 30.3 58.0 0 -1 0 -1 -1
0 1 0 30.3 58.0 0 -1 0 -1 -1
0 1 0 30.3 58.0 0 -1 0 -1 -1
0 1 0 30.3 58.0 0 -1 0 -1 -1
0 1 0 30.3 58.0 0 -1 0 -1 -1
0 1 0 30.3 58.0 0 -1 0 -1 -1
0 1 0 30.2 58.0 0 -1 0 -1 -1
0 1 0 30.2 58.0 0 -1 0 -1 -1
0 1 0 30.3 58.0 0 -1 0 -1 -1
0 1 0 30.3 58.0 0 -1 0 -1 -1
0 1 0 30.3 58.0 0 -1 0 -1 -1
0 1 0 30.4 58.0 0 -1 0 -1 -1
0 1 0 30.3 58.0 0 -1 0 -1 -1
0 1 0 30.3 58.0 0 -1 0 -1 -1
0 1 0 30.3 58.0 0 -1 0 -1 -1
0 1 0 30.3 58.0 0 -1 0 -1 -1
0 1 0 30.3 58.0 0 -1 0 -1 -1
0 1 0 30.3 58.0 0 -1 0 -1 -1
0 1 0 30.3 58.0 0 -1 0 -1 -1
0 1 0 30.3 58.5 0 -1 0 -1 -1
0 1 0 30.2 58.0 0 -1 0 -1 -1
0 1 0 30.3 58.0 0 -1 0 -1 -1
0 1 0 30.3 58.5 0 -1 0 -1 -1
0 1 0 30.3 58.5 0 -1 0 -1 -1
0 1 0 30.3 58.5 0 -1 0 -1 -1
0 1 0 30.3 58.5 0 -1 0 -1 -1
0 1 0 30.3 58.5 0 -1 0 -1 -1
0 1 0 30.3 58.5 0 -1 0 -1 -1
0 1 0 30.3 58.5 0 -1 0 -1 -1
0 1 0 30.3 58.5 0 -1 0 -1 -1
0 1 0 30.3 58.5 0 -1 0 -1 -1
0 1 0 30.3 58.5 0 -1 0 -1 -1
0 1 0 30.3 58.5 0 -1 0 -1 -1
0 1 0 30.3 58.5 0 -1 0 -1 -1
0 1 0 30.3 58.5 0 -1 0 -1 -1
0 1 0 30.3 58.5 0 -1 0 -1 -1
0 1 0 30.3 58.5 0 -1 0 -1 -1
0 1 0 30.4 58.5 0 -1 0 -1 -1
0 1 0 30.3 58.5 0 -1 0 -1 -1
0 1 0 30.3 58.5 0 -1 0 -1 -1
0 1 0 30.3 58.5 0 -1 0 -1 -1
0 1 0 30.4 58.5 0 -1 0 -1 -1
0 1 0 30.4 58.5 0 -1 0 -1 -1
0 1 0 30.3 58.5 0 -1 0 -1 -1
0 1 0 30.4 58.5 0 -1 0 -1 -1
0 1 0 30.3 58.5 2 -1 0 -1 -1
0 1 0 30.4 58.5 2 -1 0 -1 -1
0 1 0 30.4 58.5 2 -1 0 -1 -1
0 1 0 30.3 58.5 2 -1 0 -1 -1
0 1 0 30.3 58.5 2 -1 0 -1 -1
0 1 0 30.4 58.5 2 -1 0 -1 -1
0 1 0 30.4 58.5 2 -1 0 -1 -1
0 1 0 30.3 59.0 1 -1 0 -1 -1
0 1 0 30.3 58.5 1 -1 0 -1 -1
0 1 0 30.3 58.5 1 -1 0 -1 -1
0 1 0 30.4 59.0 1 -1 0 -1 -1
0 1 0 30.4 59.0 1 -1 0 -1 -1
0 1 0 30.4 59.0 1 -1 0 -1 -1
0 1 0 30.4 59.0 1 -1 0 -1 -1
0 1 0 30.3 58.5 1 -1 0 -1 -1
0 1 0 30.4 59.0 1 -1 0 -1 -1
0 1 0 30.4 59.0 1 -1 0 -1 -1
0 1 0 30.4 59.0 1 -1 0 -1 -1
0 1 0 30.4 59.0 1 -1 0 -1 -1
0 1 0 30.4 59.0 1 -1 0 -1 -1
0 1 0 30.4 59.0 1 -1 0 -1 -1
0 1 0 30.4 59.0 1 -1 0 -1 -1
0 1 0 30.4 59.0 1 -1 0 -1 -1
0 1 0 30.4 59.0 0 -1 0 -1 -1
0 1 0 30.4 59.0 0 -1 0 -1 -1
0 1 0 30.3 59.0 0 -1 0 -1 -1
0 1 0 30.4 59.0 0 -1 0 -1 -1
0 1 0 30.5 59.0 0 -1 0 -1 -1
0 1 0 30.4 59.0 0 -1 0 -1 -1
0 1 0 30.4 59.0 2 -1 0 -1 -1
0 1 0 30.4 59.0 2 -1 0 -1 -1
0 1 0 30.4 59.0 2 -1 0 -1 -1
0 1 0 30.3 59.0 2 -1 0 -1 -1
0 1 0 30.4 59.0 4 -1 0 -1 -1
0 1 0 30.4 59.0 1 -1 0 -1 -1
0 1 0 30.4 59.0 1 -1 0 -1 -1
0 1 0 30.4 59.0 1 -1 0 -1 -1
0 1 0 30.4 59.0 2 -1 0 -1 -1
0 1 0 30.4 59.0 2 -1 0 -1 -1
0 1 0 30.5 59.0 2 -1 0 -1 -1
0 1 0 30.4 59.0 4 -1 0 -1 -1
0 1 0 30.4 59.0 4 -1 0 -1 -1
0 1 0 30.5 59.0 2 -1 0 -1 -1
0 1 0 30.5 59.0 2 -1 0 -1 -1
0 1 0 30.5 59.0 4 -1 0 -1 -1
0 1 0 30.4 59.0 4 -1 0 -1 -1
0 1 0 30.4 59.0 4 -1 0 -1 -1
0 1 0 30.4 59.0 4 -1 0 -1 -1
0 1 0 30.5 59.5 4 -1 0 -1 -1
0 1 0 30.4 59.5 4 -1 0 -1 -1
0 1 0 30.4 59.5 6 -1 0 -1 -1
0 1 0 30.5 59.5 9 -1 0 -1 -1
0 1 0 30.4 59.5 5 -1 0 -1 -1
0 1 0 30.4 59.5 7 -1 0 -1 -1
0 1 0 30.4 59.5 9 -1 0 -1 -1
0 1 0 30.5 59.5 9 -1 0 -1 -1
0 1 0 30.5 59.5 7 -1 0 -1 -1
0 1 0 30.5 59.5 7 -1 0 -1 -1
0 1 0 30.5 59.5 7 -1 0 -1 -1
0 1 0 30.5 59.5 9 -1 0 -1 -1
0 1 0 30.5 59.5 9 -1 0 -1 -1
0 1 0 30.5 59.5 9 -1 0 -1 -1
0 1 0 30.5 59.5 9 -1 0 -1 -1
0 1 0 30.5 59.5 11 -1 0 -1 -1
0 1 0 30.5 59.5 11 -1 0 -1 -1
0 1 0 30.5 59.5 9 -1 0 -1 -1
0 1 0 30.5 59.5 9 -1 0 -1 -1
0 1 0 30.5 59.5 11 -1 0 -1 -1
0 1 0 30.5 59.5 11 -1 0 -1 -1
0 1 0 30.5 59.5 13 -1 0 -1 -1
0 1 0 30.5 59.5 12 -1 0 -1 -1
0 1 0 30.5 59.5 14 -1 0 -1 -1
0 1 0 30.4 59.5 16 -1 0 -1 -1
0 1 0 30.5 59.5 16 -1 0 -1 -1
0 1 0 30.5 59.5 16 -1 0 -1 -1
0 1 0 30.5 59.5 18 -1 0 -1 -1
0 1 0 30.5 59.5 14 -1 0 -1 -1
0 1 0 30.5 59.5 16 -1 0 -1 -1
0 1 0 30.6 59.5 16 -1 0 -1 -1
0 1 0 30.5 59.5 18 -1 0 -1 -1
0 1 0 30.6 59.5 18 -1 0 -1 -1
0 1 0 30.6 59.5 18 -1 0 -1 -1
0 1 0 30.6 59.5 16 -1 0 -1 -1
0 1 0 30.6 59.5 18 -1 0 -1 -1
0 1 0 30.6 59.5 18 -1 0 -1 -1
0 1 0 30.6 59.5 18 -1 0 -1 -1
0 1 0 30.6 59.5 18 -1 0 -1 -1
0 1 0 30.6 59.5 20 -1 0 -1 -1
0 1 0 30.6 59.5 19 -1 0 -1 -1
0 1 0 30.6 59.5 21 -1 0 -1 -1
0 1 0 30.6 59.5 23 -1 0 -1 -1
0 1 0 30.6 59.5 25 -1 0 -1 -1
0 1 0 30.6 59.5 21 -1 0 -1 -1
0 1 0 30.6 59.5 23 -1 0 -1 -1
0 1 0 30.6 59.5 25 -1 0 -1 -1
0 1 0 30.6 59.5 27 -1 0 -1 -1
0 1 0 30.6 59.5 23 -1 0 -1 -1
0 1 0 30.6 59.5 25 -1 0 -1 -1
0 1 0 30.6 59.5 25 -1 0 -1 -1
0 1 0 30.7 59.5 27 -1 0 -1 -1
0 1 0 30.7 59.5 29 -1 0 -1 -1
0 1 0 30.7 59.5 28 -1 0 -1 -1
0 1 0 30.7 59.5 32 -1 0 -1 -1
0 1 0 30.7 59.5 32 -1 0 -1 -1
0 1 0 30.7 59.0 30 -1 0 -1 -1
0 1 0 30.7 59.5 30 -1 0 -1 -1
0 1 0 30.7 59.5 32 -1 0 -1 -1
0 1 0 30.7 59.5 32 -1 0 -1 -1
0 1 0 30.7 59.5 34 -1 0 -1 -1
0 1 0 30.7 59.0 32 -1 0 -1 -1
0 1 0 30.8 59.5 34 -1 0 -1 -1
0 1 0 30.8 59.5 34 -1 0 -1 -1
0 1 0 30.8 59.5 36 -1 0 -1 -1
0 1 0 30.7 59.5 36 -1 0 -1 -1
0 1 0 30.8 59.5 36 -1 0 -1 -1
0 1 0 30.8 59.5 36 -1 0 -1 -1
0 1 0 30.8 59.5 36 -1 0 -1 -1
0 1 0 30.8 59.5 35 -1 0 -1 -1
0 1 0 30.8 59.5 37 -1 0 -1 -1
0 1 0 30.8 59.5 39 -1 0 -1 -1
0 1 0 30.8 59.5 39 -1 0 -1 -1
0 1 0 30.9 59.5 41 -1 0 -1 -1
0 1 0 30.8 59.5 37 -1 0 -1 -1
0 1 0 30.8 59.5 39 -1 0 -1 -1
0 1 0 30.9 59.5 39 -1 0 -1 -1
0 1 0 30.8 59.5 39 -1 0 -1 -1
0 1 0 30.9 59.5 41 -1 0 -1 -1
0 1 0 30.9 59.5 41 -1 0 -1 -1
0 1 0 30.9 59.5 43 -1 0 -1 -1
0 1 0 30.9 59.5 39 -1 0 -1 -1
0 1 0 30.9 59.5 41 -1 0 -1 -1
0 1 0 30.9 59.5 41 -1 0 -1 -1
0 1 0 31.0 59.5 41 -1 0 -1 -1
0 1 0 30.9 59.5 43 -1 0 -1 -1
0 1 0 30.9 59.5 43 -1 0 -1 -1
0 1 0 30.9 59.5 43 -1 0 -1 -1
0 1 0 30.9 59.5 45 -1 0 -1 -1
0 1 0 31.0 59.5 44 -1 0 -1 -1
0 1 0 31.0 59.5 44 -1 0 -1 -1
0 1 0 31.0 59.5 46 -1 0 -1 -1
0 1 0 30.9 59.5 50 -1 0 -1 -1
0 1 0 31.0 59.5 48 -1 0 -1 -1
0 1 0 31.0 59.5 48 -1 0 -1 -1
0 1 0 31.0 59.5 48 -1 0 -1 -1
0 1 0 31.0 59.5 48 -1 0 -1 -1
0 1 0 31.1 59.5 50 -1 0 -1 -1
0 1 0 31.0 59.5 48 -1 0 -1 -1
0 1 0 31.0 59.5 48 -1 0 -1 -1
0 1 0 31.0 59.5 50 -1 0 -1 -1
0 1 0 31.0 59.5 52 -1 0 -1 -1
0 1 0 31.0 59.5 52 -1 0 -1 -1
0 1 0 31.1 59.5 52 -1 0 -1 -1
0 1 0 31.1 59.5 51 -1 0 -1 -1
0 1 0 31.1 59.5 52 -1 0 -1 -1
0 1 0 31.2 59.5 50 -1 0 -1 -1
0 1 0 31.1 59.5 50 -1 0 -1 -1
0 1 0 31.1 59.5 51 -1 0 -1 -1
0 1 0 31.1 59.5 51 -1 0 -1 -1
0 1 0 31.1 59.5 51 -1 0 -1 -1
0 1 0 31.1 59.5 51 -1 0 -1 -1
0 1 0 31.1 59.5 53 -1 0 -1 -1
0 1 0 31.2 59.5 55 -1 0 -1 -1
0 1 0 31.1 59.5 55 -1 0 -1 -1
0 1 0 31.1 59.5 53 -1 0 -1 -1
0 1 0 31.1 59.5 53 -1 0 -1 -1
0 1 0 31.2 59.5 51 -1 0 -1 -1
0 1 0 31.1 59.5 51 -1 0 -1 -1
0 1 0 31.2 59.5 51 -1 0 -1 -1
0 1 0 31.2 59.5 57 -1 0 -1 -1
0 1 0 31.2 59.5 53 -1 0 -1 -1
0 1 0 31.2 59.5 55 -1 0 -1 -1
0 1 0 31.2 59.5 53 -1 0 -1 -1
0 1 0 31.2 60.0 53 -1 0 -1 -1
0 1 0 31.2 60.0 51 -1 0 -1 -1
0 1 0 31.2 60.0 52 -1 0 -1 -1
0 1 0 31.3 60.0 52 -1 0 -1 -1
0 1 0 31.3 60.0 52 -1 0 -1 -1
0 1 0 31.2 60.0 54 -1 0 -1 -1
0 1 0 31.3 60.0 52 -1 0 -1 -1
0 1 0 31.3 60.0 52 -1 0 -1 -1
0 1 0 31.3 60.0 52 -1 0 -1 -1
0 1 0 31.3 60.0 48 -1 0 -1 -1
0 1 0 31.2 60.0 48 -1 0 -1 -1
0 1 0 31.3 60.0 50 -1 0 -1 -1
0 1 0 31.3 60.0 50 -1 0 -1 -1
0 1 0 31.3 60.0 48 -1 0 -1 -1
0 1 0 31.2 60.0 50 -1 0 -1 -1
0 1 0 31.3 60.0 50 -1 0 -1 -1
0 1 0 31.4 60.0 52 -1 0 -1 -1
0 1 0 31.4 60.0 48 -1 0 -1 -1
0 1 0 31.4 60.0 48 -1 0 -1 -1
0 1 0 31.4 60.0 50 -1 0 -1 -1
0 1 0 31.3 60.0 50 -1 0 -1 -1
0 1 0 31.4 60.5 48 -1 0 -1 -1
0 1 0 31.5 60.5 50 -1 0 -1 -1
0 1 0 31.4 60.5 50 -1 0 -1 -1
0 1 0 31.4 60.5 51 -1 0 -1 -1
0 1 0 31.4 60.5 53 -1 0 -1 -1
0 1 0 31.4 60.5 50 -1 0 -1 -1
0 1 0 31.5 60.5 51 -1 0 -1 -1
0 1 0 31.5 60.5 52 -1 0 -1 -1
0 1 0 31.5 60.5 51 -1 0 -1 -1
0 1 0 31.5 60.5 55 -1 0 -1 -1
0 1 0 31.5 60.5 53 -1 0 -1 -1
0 1 0 31.5 61.0 53 -1 0 -1 -1
0 1 0 31.5 61.0 51 -1 0 -1 -1
0 1 0 31.6 61.0 52 -1 0 -1 -1
0 1 0 31.6 61.0 52 -1 0 -1 -1
0 1 0 31.5 61.0 54 -1 0 -1 -1
0 1 0 31.6 61.0 48 -1 0 -1 -1
0 1 0 31.6 61.0 49 -1 0 -1 -1
0 1 0 31.6 61.0 53 -1 0 -1 -1
0 1 0 31.6 61.0 53 -1 0 -1 -1
0 1 0 31.6 61.0 55 -1 0 -1 -1
0 1 0 31.6 61.5 53 -1 0 -1 -1
0 1 0 31.6 61.5 44 -1 0 -1 -1
0 1 0 31.6 61.5 48 -1 0 -1 -1
0 1 0 31.7 61.5 53 -1 0 -1 -1
0 1 0 31.7 61.5 50 -1 0 -1 -1
0 1 0 31.7 61.5 48 -1 0 -1 -1
0 1 0 31.7 61.5 48 -1 0 -1 -1
0 1 0 31.7 61.5 46 -1 0 -1 -1
0 1 0 31.7 61.5 50 -1 0 -1 -1
0 1 0 31.7 61.5 48 -1 0 -1 -1
0 1 0 31.7 61.5 48 -1 0 -1 -1
0 1 0 31.7 61.5 48 -1 0 -1 -1
0 1 0 31.7 61.5 43 -1 0 -1 -1
0 1 0 31.7 61.5 45 -1 0 -1 -1
0 1 0 31.7 61.5 50 -1 0 -1 -1
0 1 0 31.7 61.5 46 -1 0 -1 -1
0 1 0 31.7 61.5 50 -1 0 -1 -1
0 1 0 31.8 62.0 53 -1 0 -1 -1
0 1 0 31.8 61.5 51 -1 0 -1 -1
0 1 0 31.8 61.5 43 -1 0 -1 -1
0 1 0 31.8 61.5 48 -1 0 -1 -1
0 1 0 31.8 61.5 45 -1 0 -1 -1
0 1 0 31.7 61.5 43 -1 0 -1 -1
0 1 0 31.8 61.5 43 -1 0 -1 -1
0 1 0 31.7 61.5 52 -1 0 -1 -1
0 1 0 31.8 61.5 48 -1 0 -1 -1
0 1 0 31.8 61.5 48 -1 0 -1 -1
0 1 0 31.8 61.5 43 -1 0 -1 -1
0 1 0 31.8 61.5 41 -1 0 -1 -1
0 1 0 31.8 61.5 43 -1 0 -1 -1
0 1 0 31.8 61.5 46 -1 0 -1 -1
0 1 0 31.8 61.5 44 -1 0 -1 -1
0 1 0 31.9 61.5 45 -1 0 -1 -1
0 1 0 31.8 61.5 43 -1 0 -1 -1
0 1 0 31.8 61.5 45 -1 0 -1 -1
0 1 0 31.8 61.5 45 -1 0 -1 -1
0 1 0 31.8 61.5 45 -1 0 -1 -1
0 1 0 31.8 61.5 46 -1 0 -1 -1
0 1 0 31.8 61.5 46 -1 0 -1 -1
0 1 0 31.9 61.5 48 -1 0 -1 -1
0 1 0 31.9 61.5 46 -1 0 -1 -1
0 1 0 31.8 62.0 45 -1 0 -1 -1
0 1 0 31.8 62.0 44 -1 0 -1 -1
0 1 0 31.8 61.5 38 -1 0 -1 -1
0 1 0 31.9 61.5 47 -1 0 -1 -1
0 1 0 31.9 61.5 48 -1 0 -1 -1
0 1 0 31.9 61.5 48 -1 0 -1 -1
0 1 0 31.9 61.5 49 -1 0 -1 -1
0 1 0 31.8 61.5 44 -1 0 -1 -1
0 1 0 31.9 61.5 43 -1 0 -1 -1
0 1 0 31.8 61.5 43 -1 0 -1 -1
0 1 0 31.8 61.5 45 -1 0 -1 -1
0 1 0 31.8 61.5 48 -1 0 -1 -1
0 1 0 31.9 61.5 45 -1 0 -1 -1
0 1 0 31.9 61.5 46 -1 0 -1 -1
0 1 0 31.8 61.5 50 -1 0 -1 -1
0 1 0 31.9 61.5 51 -1 0 -1 -1
0 1 0 31.9 61.5 55 -1 0 -1 -1
0 1 0 31.9 61.5 41 -1 0 -1 -1
0 1 0 31.9 61.5 41 -1 0 -1 -1
0 1 0 31.8 61.5 43 -1 0 -1 -1
0 1 0 31.8 61.5 48 -1 0 -1 -1
0 1 0 31.9 61.5 51 -1 0 -1 -1
0 1 0 31.9 61.5 51 -1 0 -1 -1
0 1 0 31.9 61.5 46 -1 0 -1 -1
0 1 0 31.8 61.5 49 -1 0 -1 -1
0 1 0 31.9 61.5 53 -1 0 -1 -1
0 1 0 31.9 61.5 48 -1 0 -1 -1
0 1 0 31.8 61.5 50 -1 0 -1 -1
0 1 0 31.9 61.5 41 -1 0 -1 -1
0 1 0 31.8 61.0 41 -1 0 -1 -1
0 1 0 31.7 61.0 46 -1 0 -1 -1
0 1 0 31.7 60.5 41 -1 0 -1 -1
0 1 0 31.7 60.5 45 -1 0 -1 -1
0 1 0 31.7 60.5 46 -1 0 -1 -1
0 1 0 31.7 60.0 46 -1 0 -1 -1
0 1 0 31.7 60.5 43 -1 0 -1 -1
0 1 0 31.6 60.5 43 -1 0 -1 -1
0 1 0 31.6 60.0 44 -1 0 -1 -1
0 1 0 31.6 60.0 48 -1 0 -1 -1
0 1 0 31.6 60.0 50 -1 0 -1 -1
0 1 0 31.6 60.0 44 -1 0 -1 -1
0 1 0 31.6 60.0 44 -1 0 -1 -1
0 1 0 31.6 60.0 46 -1 0 -1 -1
0 1 0 31.6 60.0 48 -1 0 -1 -1
0 1 0 31.5 60.0 44 -1 0 -1 -1
0 1 0 31.6 60.0 41 -1 0 -1 -1
0 1 0 31.6 60.0 41 -1 0 -1 -1
0 1 0 31.6 60.0 43 -1 0 -1 -1
0 1 0 31.6 60.0 45 -1 0 -1 -1
0 1 0 31.5 60.0 48 -1 0 -1 -1
0 1 0 31.5 60.0 43 -1 0 -1 -1
0 1 0 31.5 60.0 43 -1 0 -1 -1
0 1 0 31.5 59.5 44 -1 0 -1 -1
0 1 0 31.6 60.0 44 -1 0 -1 -1
0 1 0 31.5 59.5 46 -1 0 -1 -1
0 1 0 31.5 59.5 48 -1 0 -1 -1
0 1 0 31.5 59.5 46 -1 0 -1 -1
0 1 0 31.5 59.5 43 -1 0 -1 -1
0 1 0 31.5 59.5 46 -1 0 -1 -1
0 1 0 31.4 59.5 44 -1 0 -1 -1
0 1 0 31.4 59.5 46 -1 0 -1 -1
0 1 0 31.5 59.5 46 -1 0 -1 -1
0 1 0 31.5 59.5 44 -1 0 -1 -1
0 1 0 31.5 59.5 50 -1 0 -1 -1
0 1 0 31.4 59.5 44 -1 0 -1 -1
0 1 0 31.5 59.5 44 -1 0 -1 -1
0 1 0 31.4 59.5 44 -1 0 -1 -1
0 1 0 31.4 59.5 46 -1 0 -1 -1
0 1 0 31.4 59.5 46 -1 0 -1 -1
0 1 0 31.4 59.5 46 -1 0 -1 -1
0 1 0 31.4 59.5 49 -1 0 -1 -1
0 1 0 31.4 59.5 47 -1 0 -1 -1
0 1 0 31.4 59.5 48 -1 0 -1 -1
0 1 0 31.5 59.5 44 -1 0 -1 -1
0 1 0 31.4 59.5 50 -1 0 -1 -1
0 1 0 31.4 59.5 48 -1 0 -1 -1
0 1 0 31.4 59.5 48 -1 0 -1 -1
0 1 0 31.4 60.0 48 -1 0 -1 -1
0 1 0 31.4 60.0 48 -1 0 -1 -1
0 1 0 31.5 60.0 47 -1 0 -1 -1
0 1 0 31.4 60.0 48 -1 0 -1 -1
0 1 0 31.4 60.0 44 -1 0 -1 -1
0 1 0 31.4 60.0 48 -1 0 -1 -1
0 1 0 31.4 60.0 44 -1 0 -1 -1
0 1 0 31.4 60.0 44 -1 0 -1 -1
0 1 0 31.4 60.0 44 -1 0 -1 -1
0 1 0 31.4 59.5 44 -1 0 -1 -1
0 1 0 31.4 59.5 44 -1 0 -1 -1
0 1 0 31.3 59.5 46 -1 0 -1 -1
0 1 0 31.3 59.5 46 -1 0 -1 -1
0 1 0 31.3 59.0 49 -1 0 -1 -1
0 1 0 31.3 59.5 47 -1 0 -1 -1
0 1 0 31.3 59.0 47 -1 0 -1 -1
0 1 0 31.3 59.0 48 -1 0 -1 -1
0 1 0 31.3 59.0 46 -1 0 -1 -1
0 1 0 31.3 59.0 48 -1 0 -1 -1
0 1 0 31.2 59.0 46 -1 0 -1 -1
0 1 0 31.3 59.0 44 -1 0 -1 -1
0 1 0 31.3 59.0 44 -1 0 -1 -1
0 1 0 31.2 58.5 42 -1 0 -1 -1
0 1 0 31.3 58.5 43 -1 0 -1 -1
0 1 0 31.3 59.0 44 -1 0 -1 -1
0 1 0 31.3 59.0 44 -1 0 -1 -1
0 1 0 31.3 59.0 39 -1 0 -1 -1
0 1 0 31.3 59.0 39 -1 0 -1 -1
0 1 0 31.3 59.0 39 -1 0 -1 -1
0 1 0 31.3 59.0 41 -1 0 -1 -1
0 1 0 31.3 59.0 40 -1 0 -1 -1
0 1 0 31.3 59.0 40 -1 0 -1 -1
0 1 0 31.2 59.0 41 -1 0 -1 -1
0 1 0 31.3 59.0 42 -1 0 -1 -1
0 1 0 31.3 59.0 42 -1 0 -1 -1
0 1 0 31.3 59.0 42 -1 0 -1 -1
0 1 0 31.3 59.5 42 -1 0 -1 -1
0 1 0 31.2 59.0 44 -1 0 -1 -1
0 1 0 31.3 59.0 42 -1 0 -1 -1
0 1 0 31.3 59.0 42 -1 0 -1 -1
0 1 0 31.3 59.0 51 -1 0 -1 -1
0 1 0 31.3 59.0 47 -1 0 -1 -1
0 1 0 31.2 59.0 47 -1 0 -1 -1
0 1 0 31.2 59.0 49 -1 0 -1 -1
0 1 0 31.3 59.0 46 -1 0 -1 -1
0 1 0 31.3 59.0 44 -1 0 -1 -1
0 1 0 31.3 59.0 42 -1 0 -1 -1
0 1 0 31.3 59.0 42 -1 0 -1 -1
0 1 0 31.2 59.0 42 -1 0 -1 -1
0 1 0 31.3 58.5 44 -1 0 -1 -1
0 1 0 31.2 58.5 46 -1 0 -1 -1
0 1 0 31.3 58.5 42 -1 0 -1 -1
0 1 0 31.2 58.5 46 -1 0 -1 -1
0 1 0 31.2 58.5 42 -1 0 -1 -1
0 1 0 31.3 58.5 40 -1 0 -1 -1
0 1 0 31.3 58.5 40 -1 0 -1 -1
0 1 0 31.2 58.5 44 -1 0 -1 -1
0 1 0 31.2 58.5 42 -1 0 -1 -1
0 1 0 31.2 58.5 44 -1 0 -1 -1
0 1 0 31.2 58.5 42 -1 0 -1 -1
0 1 0 31.3 58.5 42 -1 0 -1 -1
0 1 0 31.3 58.5 37 -1 0 -1 -1
0 1 0 31.2 58.5 39 -1 0 -1 -1
0 1 0 31.2 58.5 42 -1 0 -1 -1
0 1 0 31.2 58.5 37 -1 0 -1 -1
0 1 0 31.3 58.5 37 -1 0 -1 -1
0 1 0 31.2 58.5 41 -1 0 -1 -1
0 1 0 31.2 58.5 41 -1 0 -1 -1
0 1 0 31.3 59.0 42 -1 0 -1 -1
0 1 0 31.3 58.5 37 -1 0 -1 -1
0 1 0 31.3 59.0 39 -1 0 -1 -1
0 1 0 31.3 59.0 39 -1 0 -1 -1
0 1 0 31.3 59.0 41 -1 0 -1 -1
0 1 0 31.3 59.0 40 -1 0 -1 -1
0 1 0 31.2 59.0 42 -1 0 -1 -1
0 1 0 31.3 59.0 40 -1 0 -1 -1
0 1 0 31.2 59.0 39 -1 0 -1 -1
0 1 0 31.3 59.0 42 -1 0 -1 -1
0 1 0 31.4 59.0 41 -1 0 -1 -1
0 1 0 31.3 59.0 39 -1 0 -1 -1
0 1 0 31.3 59.0 37 -1 0 -1 -1
0 1 0 31.3 59.0 39 -1 0 -1 -1
0 1 0 31.3 58.5 37 -1 0 -1 -1
0 1 0 31.2 58.5 33 -1 0 -1 -1
0 1 0 31.2 58.5 35 -1 0 -1 -1
0 1 0 31.2 58.5 35 -1 0 -1 -1
0 1 0 31.2 58.5 35 -1 0 -1 -1
0 1 0 31.2 58.5 32 -1 0 -1 -1
0 1 0 31.2 58.5 34 -1 0 -1 -1
0 1 0 31.2 58.0 37 -1 0 -1 -1
0 1 0 31.2 58.0 42 -1 0 -1 -1
0 1 0 31.2 58.0 42 -1 0 -1 -1
0 1 0 31.2 58.0 44 -1 0 -1 -1
0 1 0 31.2 58.0 44 -1 0 -1 -1
0 1 0 31.3 58.5 44 -1 0 -1 -1
0 1 0 31.2 58.5 40 -1 0 -1 -1
0 1 0 31.2 58.5 39 -1 0 -1 -1
0 1 0 31.2 58.5 37 -1 0 -1 -1
0 1 0 31.3 58.0 37 -1 0 -1 -1
0 1 0 31.3 58.0 40 -1 0 -1 -1
0 1 0 31.2 58.0 37 -1 0 -1 -1
0 1 0 31.2 58.0 37 -1 0 -1 -1
0 1 0 31.2 58.0 37 -1 0 -1 -1
0 1 0 31.2 57.5 37 -1 0 -1 -1
0 1 0 31.2 57.5 39 -1 0 -1 -1
0 1 0 31.1 57.0 37 -1 0 -1 -1
0 1 0 31.1 57.0 35 -1 0 -1 -1
0 1 0 31.1 56.5 37 -1 0 -1 -1
0 1 0 31.0 56.5 37 -1 0 -1 -1
0 1 0 31.1 56.5 35 -1 0 -1 -1
0 1 0 31.0 56.5 35 -1 0 -1 -1
0 1 0 31.0 56.5 34 -1 0 -1 -1
0 1 0 31.0 56.5 32 -1 0 -1 -1
0 1 0 31.0 56.5 28 -1 0 -1 -1
0 1 0 31.0 56.5 25 -1 0 -1 -1
0 1 0 31.0 56.0 23 -1 0 -1 -1
0 1 0 31.0 56.0 21 -1 0 -1 -1
0 1 0 30.9 55.5 25 -1 0 -1 -1
0 1 0 30.9 55.5 23 -1 0 -1 -1
0 1 0 30.9 55.0 21 -1 0 -1 -1
0 1 0 30.9 54.5 23 -1 0 -1 -1
0 1 0 30.8 55.0 23 -1 0 -1 -1
0 1 0 30.8 55.0 23 -1 0 -1 -1
0 1 0 30.9 55.0 25 -1 0 -1 -1
0 1 0 30.8 55.0 26 -1 0 -1 -1
0 1 0 30.8 54.5 26 -1 0 -1 -1
0 1 0 30.8 54.5 30 -1 0 -1 -1
0 1 0 30.8 54.5 30 -1 0 -1 -1
0 1 0 30.8 54.5 32 -1 0 -1 -1
0 1 0 30.8 54.5 31 -1 0 -1 -1
0 1 0 30.8 54.5 31 -1 0 -1 -1
0 1 0 30.8 54.5 33 -1 0 -1 -1
0 1 0 30.8 54.0 37 -1 0 -1 -1
0 1 0 30.8 54.0 35 -1 0 -1 -1
0 1 0 30.7 54.0 31 -1 0 -1 -1
0 1 0 30.8 54.0 35 -1 0 -1 -1
0 1 0 30.7 54.0 33 -1 0 -1 -1
0 1 0 30.8 54.5 28 -1 0 -1 -1
0 1 0 30.8 54.5 27 -1 0 -1 -1
0 1 0 30.7 54.5 32 -1 0 -1 -1
0 1 0 30.8 54.5 37 -1 0 -1 -1
0 1 0 30.8 55.0 37 -1 0 -1 -1
0 1 0 30.8 55.0 37 -1 0 -1 -1
0 1 0 30.9 55.0 33 -1 0 -1 -1
0 1 0 30.9 55.5 35 -1 0 -1 -1
0 1 0 30.9 55.5 28 -1 0 -1 -1
0 1 0 30.9 55.5 30 -1 0 -1 -1
0 1 0 30.9 55.5 28 -1 0 -1 -1
0 1 0 30.9 56.0 28 -1 0 -1 -1
0 1 0 30.9 55.5 22 -1 0 -1 -1
0 1 0 30.9 56.0 21 -1 0 -1 -1
0 1 0 31.0 56.0 18 -1 0 -1 -1
0 1 0 30.9 56.0 16 -1 0 -1 -1
0 1 0 30.9 56.5 16 -1 0 -1 -1
0 1 0 31.0 56.5 16 -1 0 -1 -1
0 1 0 31.0 56.5 18 -1 0 -1 -1
0 1 0 30.9 56.5 18 -1 0 -1 -1
0 1 0 30.9 56.5 16 -1 0 -1 -1
0 1 0 31.0 56.5 20 -1 0 -1 -1
0 1 0 31.0 56.5 20 -1 0 -1 -1
0 1 0 31.0 57.0 18 -1 0 -1 -1
0 1 0 31.0 57.0 16 -1 0 -1 -1
0 1 0 31.0 57.0 18 -1 0 -1 -1
0 1 0 31.0 57.5 19 -1 0 -1 -1
0 1 0 31.1 57.5 19 -1 0 -1 -1
0 1 0 31.0 57.5 19 -1 0 -1 -1
0 1 0 31.0 57.5 23 -1 0 -1 -1
0 1 0 31.1 57.5 21 -1 0 -1 -1
0 1 0 31.1 57.5 19 -1 0 -1 -1
0 1 0 31.1 58.0 19 -1 0 -1 -1
0 1 0 31.1 58.0 21 -1 0 -1 -1
0 1 0 31.1 58.0 19 -1 0 -1 -1
0 1 0 31.2 58.0 23 -1 0 -1 -1
0 1 0 31.1 58.0 21 -1 0 -1 -1
0 1 0 31.1 58.0 20 -1 0 -1 -1
0 1 0 31.1 58.0 20 -1 0 -1 -1
0 1 0 31.1 58.5 23 -1 0 -1 -1
0 1 0 31.1 58.5 23 -1 0 -1 -1
0 1 0 31.2 58.5 21 -1 0 -1 -1
0 1 0 31.2 58.5 23 -1 0 -1 -1
0 1 0 31.2 58.5 25 -1 0 -1 -1
0 1 0 31.2 58.5 22 -1 0 -1 -1
0 1 0 31.2 58.5 20 -1 0 -1 -1
0 1 0 31.2 58.5 22 -1 0 -1 -1
0 1 0 31.2 58.5 20 -1 0 -1 -1
0 1 0 31.2 58.5 22 -1 0 -1 -1
0 1 0 31.2 59.0 22 -1 0 -1 -1
0 1 0 31.2 58.5 22 -1 0 -1 -1
0 1 0 31.2 58.5 22 -1 0 -1 -1
0 1 0 31.2 58.5 22 -1 0 -1 -1
0 1 0 31.2 59.0 21 -1 0 -1 -1
0 1 0 31.2 59.0 25 -1 0 -1 -1
0 1 0 31.2 59.0 23 -1 0 -1 -1
0 1 0 31.2 59.0 25 -1 0 -1 -1
0 1 0 31.2 59.0 19 -1 0 -1 -1
0 1 0 31.2 59.0 20 -1 0 -1 -1
0 1 0 31.1 58.5 20 -1 0 -1 -1
0 1 0 31.2 58.5 18 -1 0 -1 -1
0 1 0 31.2 58.5 18 -1 0 -1 -1
0 1 0 31.2 58.5 16 -1 0 -1 -1
0 1 0 31.1 58.5 14 -1 0 -1 -1
0 1 0 31.2 58.5 18 -1 0 -1 -1
0 1 0 31.2 58.5 16 -1 0 -1 -1
0 1 0 31.2 58.5 19 -1 0 -1 -1
0 1 0 31.1 58.5 21 -1 0 -1 -1
0 1 0 31.1 58.5 23 -1 0 -1 -1
0 1 0 31.1 58.5 21 -1 0 -1 -1
0 1 0 31.2 58.5 25 -1 0 -1 -1
0 1 0 31.2 59.0 24 -1 0 -1 -1
0 1 0 31.2 58.5 25 -1 0 -1 -1
0 1 0 31.1 58.5 26 -1 0 -1 -1
0 1 0 31.2 58.5 28 -1 0 -1 -1
0 1 0 31.3 58.5 24 -1 0 -1 -1
0 1 0 31.2 58.5 25 -1 0 -1 -1
0 1 0 31.2 58.5 23 -1 0 -1 -1
0 1 0 31.2 59.0 20 -1 0 -1 -1
0 1 0 31.2 59.0 18 -1 0 -1 -1
0 1 0 31.2 59.0 20 -1 0 -1 -1
0 1 0 31.2 59.0 18 -1 0 -1 -1
0 1 0 31.2 59.0 20 -1 0 -1 -1
0 1 0 31.3 59.0 18 -1 0 -1 -1
0 1 0 31.1 58.5 20 -1 0 -1 -1
0 1 0 31.2 58.5 16 -1 0 -1 -1
0 1 0 31.1 58.5 18 -1 0 -1 -1
0 1 0 31.2 58.5 20 -1 0 -1 -1
0 1 0 31.1 58.5 23 -1 0 -1 -1
0 1 0 31.1 58.5 23 -1 0 -1 -1
0 1 0 31.1 58.5 21 -1 0 -1 -1
0 1 0 31.1 58.0 20 -1 0 -1 -1
0 1 0 31.1 58.0 20 -1 0 -1 -1
0 1 0 31.1 58.0 18 -1 0 -1 -1
0 1 0 31.1 58.0 18 -1 0 -1 -1
0 1 0 31.1 58.0 18 -1 0 -1 -1
0 1 0 31.0 58.0 16 -1 0 -1 -1
0 1 0 31.1 58.0 16 -1 0 -1 -1
0 1 0 31.0 58.0 16 -1 0 -1 -1
0 1 0 31.0 58.0 20 -1 0 -1 -1
0 1 0 31.1 58.0 20 -1 0 -1 -1
0 1 0 31.1 58.0 18 -1 0 -1 -1
0 1 0 31.1 58.0 20 -1 0 -1 -1
0 1 0 31.1 58.0 22 -1 0 -1 -1
0 1 0 31.0 58.0 18 -1 0 -1 -1
0 1 0 31.0 58.0 18 -1 0 -1 -1
0 1 0 31.0 58.0 23 -1 0 -1 -1
0 1 0 31.0 58.0 23 -1 0 -1 -1
0 1 0 31.0 58.0 21 -1 0 -1 -1
0 1 0 31.0 57.5 25 -1 0 -1 -1
0 1 0 30.9 57.5 25 -1 0 -1 -1
0 1 0 31.0 57.0 25 -1 0 -1 -1
0 1 0 31.0 57.0 26 -1 0 -1 -1
0 1 0 30.9 57.0 24 -1 0 -1 -1
0 1 0 30.9 57.0 24 -1 0 -1 -1
0 1 0 31.0 57.0 25 -1 0 -1 -1
0 1 0 30.9 57.0 25 -1 0 -1 -1
0 1 0 31.0 57.0 23 -1 0 -1 -1
0 1 0 31.0 57.0 23 -1 0 -1 -1
0 1 0 31.0 57.0 23 -1 0 -1 -1
0 1 0 31.0 57.0 19 -1 0 -1 -1
0 1 0 31.0 57.0 20 -1 0 -1 -1
0 1 0 31.0 57.0 22 -1 0 -1 -1
0 1 0 31.1 57.0 25 -1 0 -1 -1
0 1 0 31.0 57.0 22 -1 0 -1 -1
0 1 0 31.0 57.0 20 -1 0 -1 -1
0 1 0 31.0 57.0 21 -1 0 -1 -1
0 1 0 31.1 57.0 19 -1 0 -1 -1
0 1 0 31.1 57.5 19 -1 0 -1 -1
0 1 0 31.1 57.5 21 -1 0 -1 -1
0 1 0 31.0 57.5 21 -1 0 -1 -1
0 1 0 31.1 57.5 23 -1 0 -1 -1
0 1 0 31.0 57.5 23 -1 0 -1 -1
0 1 0 31.0 57.0 23 -1 0 -1 -1
0 1 0 31.0 57.0 19 -1 0 -1 -1
0 1 0 31.0 57.0 21 -1 0 -1 -1
0 1 0 31.0 57.0 19 -1 0 -1 -1
0 1 0 31.0 56.5 21 -1 0 -1 -1
0 1 0 30.9 56.5 25 -1 0 -1 -1
0 1 0 31.0 56.5 21 -1 0 -1 -1
0 1 0 30.9 56.5 25 -1 0 -1 -1
0 1 0 30.9 56.5 24 -1 0 -1 -1
0 1 0 31.0 56.5 25 -1 0 -1 -1
0 1 0 31.0 56.5 25 -1 0 -1 -1
0 1 0 31.0 56.5 25 -1 0 -1 -1
0 1 0 31.0 56.5 22 -1 0 -1 -1
0 1 0 31.0 56.5 22 -1 0 -1 -1
0 1 0 31.0 56.5 16 -1 0 -1 -1
0 1 0 31.0 57.0 16 -1 0 -1 -1
0 1 0 31.1 57.0 16 -1 0 -1 -1
0 1 0 31.1 57.0 16 -1 0 -1 -1
0 1 0 31.0 57.0 12 -1 0 -1 -1
0 1 0 31.0 57.0 16 -1 0 -1 -1
0 1 0 31.0 56.5 13 -1 0 -1 -1
0 1 0 31.0 56.5 11 -1 0 -1 -1
0 1 0 31.0 56.5 9 -1 0 -1 -1
0 1 0 31.0 56.5 13 -1 0 -1 -1
0 1 0 31.0 56.5 11 -1 0 -1 -1
0 1 0 31.0 56.5 9 -1 0 -1 -1
0 1 0 31.0 56.5 9 -1 0 -1 -1
0 1 0 31.0 56.5 11 -1 0 -1 -1
0 1 0 31.0 56.5 11 -1 0 -1 -1
0 1 0 31.0 56.5 11 -1 0 -1 -1
0 1 0 31.0 56.5 9 -1 0 -1 -1
0 1 0 31.0 56.5 9 -1 0 -1 -1
0 1 0 31.0 56.5 9 -1 0 -1 -1
0 1 0 31.0 56.5 7 -1 0 -1 -1
0 1 0 31.0 56.5 11 -1 0 -1 -1
0 1 0 31.0 56.5 9 -1 0 -1 -1
0 1 0 31.0 57.0 9 -1 0 -1 -1
0 1 0 31.0 56.5 11 -1 0 -1 -1
0 1 0 31.0 56.5 13 -1 0 -1 -1
0 1 0 31.0 56.5 11 -1 0 -1 -1
0 1 0 31.0 56.5 11 -1 0 -1 -1
0 1 0 31.0 56.5 9 -1 0 -1 -1
0 1 0 31.0 56.5 11 -1 0 -1 -1
0 1 0 31.0 56.5 11 -1 0 -1 -1
0 1 0 30.9 56.0 11 -1 0 -1 -1
0 1 0 30.9 56.0 11 -1 0 -1 -1
0 1 0 30.9 56.0 11 -1 0 -1 -1
0 1 0 30.9 55.5 9 -1 0 -1 -1
0 1 0 30.8 55.5 11 -1 0 -1 -1
0 1 0 30.8 55.5 11 -1 0 -1 -1
0 1 0 30.8 55.5 11 -1 0 -1 -1
0 1 0 30.7 55.5 11 -1 0 -1 -1
0 1 0 30.8 55.0 11 -1 0 -1 -1
0 1 0 30.9 55.0 13 -1 0 -1 -1
0 1 0 30.8 55.0 13 -1 0 -1 -1
0 1 0 30.8 54.5 13 -1 0 -1 -1
0 1 0 30.8 54.5 13 -1 0 -1 -1
0 1 0 30.8 54.5 13 -1 0 -1 -1
0 1 0 30.8 54.5 13 -1 0 -1 -1
0 1 0 30.7 54.5 13 -1 0 -1 -1
0 1 0 30.7 54.5 12 -1 0 -1 -1
0 1 0 30.7 54.5 14 -1 0 -1 -1
0 1 0 30.7 54.5 12 -1 0 -1 -1
0 1 0 30.7 54.5 12 -1 0 -1 -1
0 1 0 30.7 54.5 12 -1 0 -1 -1
0 1 0 30.7 54.5 12 -1 0 -1 -1
0 1 0 30.7 54.5 12 -1 0 -1 -1
0 1 0 30.7 54.5 12 -1 0 -1 -1
0 1 0 30.6 54.0 14 -1 0 -1 -1
0 1 0 30.6 54.0 14 -1 0 -1 -1
0 1 0 30.6 54.0 14 -1 0 -1 -1
0 1 0 30.7 53.5 14 -1 0 -1 -1
0 1 0 30.6 53.5 12 -1 0 -1 -1
0 1 0 30.6 53.5 13 -1 0 -1 -1
0 1 0 30.7 53.5 13 -1 0 -1 -1
0 1 0 30.6 53.0 13 -1 0 -1 -1
0 1 0 30.6 53.0 13 -1 0 -1 -1
0 1 0 30.6 53.0 13 -1 0 -1 -1
0 1 0 30.6 53.0 14 -1 0 -1 -1
0 1 0 30.6 53.0 16 -1 0 -1 -1
0 1 0 30.6 53.0 13 -1 0 -1 -1
0 1 0 30.6 53.0 16 -1 0 -1 -1
0 1 0 30.5 52.5 16 -1 0 -1 -1
0 1 0 30.5 52.5 13 -1 0 -1 -1
0 1 0 30.5 52.5 14 -1 0 -1 -1
0 1 0 30.6 52.5 16 -1 0 -1 -1
0 1 0 30.5 52.5 16 -1 0 -1 -1
0 1 0 30.6 53.0 16 -1 0 -1 -1
0 1 0 30.5 53.0 16 -1 0 -1 -1
0 1 0 30.5 53.0 13 -1 0 -1 -1
0 1 0 30.6 53.0 13 -1 0 -1 -1
0 1 0 30.5 53.0 13 -1 0 -1 -1
0 1 0 30.5 53.0 13 -1 0 -1 -1
0 1 0 30.5 53.0 16 -1 0 -1 -1
0 1 0 30.6 53.0 13 -1 0 -1 -1
0 1 0 30.6 53.0 13 -1 0 -1 -1
0 1 0 30.5 53.5 11 -1 0 -1 -1
0 1 0 30.5 53.5 11 -1 0 -1 -1
0 1 0 30.5 53.5 11 -1 0 -1 -1
0 1 0 30.6 53.5 11 -1 0 -1 -1
0 1 0 30.6 54.0 11 -1 0 -1 -1
0 1 0 30.5 54.0 9 -1 0 -1 -1
0 1 0 30.6 54.0 13 -1 0 -1 -1
0 1 0 30.5 54.0 13 -1 0 -1 -1
0 1 0 30.5 54.0 13 -1 0 -1 -1
0 1 0 30.6 54.0 11 -1 0 -1 -1
0 1 0 30.6 54.0 11 -1 0 -1 -1
0 1 0 30.5 54.5 11 -1 0 -1 -1
0 1 0 30.6 54.0 9 -1 0 -1 -1
0 1 0 30.6 54.0 9 -1 0 -1 -1
0 1 0 30.5 54.0 9 -1 0 -1 -1
0 1 0 30.6 54.0 9 -1 0 -1 -1
0 1 0 30.6 54.0 9 -1 0 -1 -1
0 1 0 30.5 54.0 9 -1 0 -1 -1
0 1 0 30.6 54.0 11 -1 0 -1 -1
0 1 0 30.5 53.5 9 -1 0 -1 -1
0 1 0 30.6 53.5 9 -1 0 -1 -1
0 1 0 30.5 53.5 9 -1 0 -1 -1
0 1 0 30.6 53.0 7 -1 0 -1 -1
0 1 0 30.5 53.0 7 -1 0 -1 -1
0 1 0 30.4 53.0 7 -1 0 -1 -1
0 1 0 30.5 52.5 7 -1 0 -1 -1
0 1 0 30.4 52.5 7 -1 0 -1 -1
0 1 0 30.4 52.5 5 -1 0 -1 -1
0 1 0 30.4 52.0 5 -1 0 -1 -1
0 1 0 30.4 52.0 5 -1 0 -1 -1
0 1 0 30.4 52.0 9 -1 0 -1 -1
0 1 0 30.4 52.0 9 -1 0 -1 -1
0 1 0 30.4 51.5 9 -1 0 -1 -1
0 1 0 30.3 51.5 9 -1 0 -1 -1
0 1 0 30.3 51.5 9 -1 0 -1 -1
0 1 0 30.3 51.0 9 -1 0 -1 -1
0 1 0 30.3 51.0 9 -1 0 -1 -1
0 1 0 30.3 51.5 9 -1 0 -1 -1
0 1 0 30.3 51.5 9 -1 0 -1 -1
0 1 0 30.3 51.5 9 -1 0 -1 -1
0 1 0 30.3 51.5 9 -1 0 -1 -1
0 1 0 30.2 51.5 9 -1 0 -1 -1
0 1 0 30.3 51.5 9 -1 0 -1 -1
0 1 0 30.4 52.0 6 -1 0 -1 -1
0 1 0 30.3 53.0 9 -1 0 -1 -1
0 1 0 30.4 53.0 6 -1 0 -1 -1
0 1 0 30.3 53.5 6 -1 0 -1 -1
0 1 0 30.4 53.5 6 -1 0 -1 -1
0 1 0 30.4 54.0 9 -1 0 -1 -1
0 1 0 30.4 54.5 9 -1 0 -1 -1
0 1 0 30.4 55.0 9 -1 0 -1 -1
0 1 0 30.5 55.0 9 -1 0 -1 -1
0 1 0 30.5 55.5 9 -1 0 -1 -1
0 1 0 30.5 55.5 9 -1 0 -1 -1
0 1 0 30.5 56.0 5 -1 0 -1 -1
0 1 0 30.6 56.0 9 -1 0 -1 -1
0 1 0 30.6 56.5 9 -1 0 -1 -1
0 1 0 30.6 56.5 9 -1 0 -1 -1
0 1 0 30.6 57.0 5 -1 0 -1 -1
0 1 0 30.6 57.0 9 -1 0 -1 -1
0 1 0 30.6 57.5 9 -1 0 -1 -1
0 1 0 30.6 57.5 9 -1 0 -1 -1
0 1 0 30.7 57.5 9 -1 0 -1 -1
0 1 0 30.7 58.0 9 -1 0 -1 -1
0 1 0 30.7 58.0 9 -1 0 -1 -1
0 1 0 30.7 58.5 9 -1 0 -1 -1
0 1 0 30.7 58.5 9 -1 0 -1 -1
0 1 0 30.8 58.5 7 -1 0 -1 -1
0 1 0 30.7 58.5 7 -1 0 -1 -1
0 1 0 30.8 59.0 7 -1 0 -1 -1
0 1 0 30.8 59.0 5 -1 0 -1 -1
0 1 0 30.8 59.0 9 -1 0 -1 -1
0 1 0 30.9 59.0 9 -1 0 -1 -1
0 1 0 30.8 59.5 9 -1 0 -1 -1
0 1 0 30.8 59.5 6 -1 0 -1 -1
0 1 0 30.8 59.5 6 -1 0 -1 -1
0 1 0 30.9 59.5 6 -1 0 -1 -1
0 1 0 30.9 60.0 6 -1 0 -1 -1
0 1 0 30.8 60.0 6 -1 0 -1 -1
0 1 0 30.9 60.0 6 -1 0 -1 -1
0 1 0 30.9 60.0 6 -1 0 -1 -1
0 1 0 30.8 60.0 6 -1 0 -1 -1
0 1 0 31.0 60.0 6 -1 0 -1 -1
0 1 0 31.0 60.5 6 -1 0 -1 -1
0 1 0 30.9 60.5 6 -1 0 -1 -1
0 1 0 31.0 60.5 6 -1 0 -1 -1
0 1 0 31.0 60.5 6 -1 0 -1 -1
0 1 0 31.0 60.5 4 -1 0 -1 -1
0 1 0 31.0 61.0 4 -1 0 -1 -1
0 1 0 30.9 61.0 4 -1 0 -1 -1
0 1 0 31.0 61.0 4 -1 0 -1 -1
0 1 0 31.0 61.0 4 -1 0 -1 -1
0 1 0 31.0 61.0 4 -1 0 -1 -1
0 1 0 31.0 61.0 4 -1 0 -1 -1
0 1 0 31.0 61.0 4 -1 0 -1 -1
0 1 0 31.0 61.0 4 -1 0 -1 -1
0 1 0 31.0 61.0 4 -1 0 -1 -1
0 1 0 31.0 61.0 4 -1 0 -1 -1
0 1 0 31.0 61.0 4 -1 0 -1 -1
0 1 0 31.0 61.0 4 -1 0 -1 -1
0 1 0 31.0 61.0 2 -1 0 -1 -1
0 1 0 31.0 61.0 2 -1 0 -1 -1
0 1 0 31.0 61.0 2 -1 0 -1 -1
0 1 0 31.0 61.0 2 -1 0 -1 -1
0 1 0 31.0 61.0 4 -1 0 -1 -1
0 1 0 31.0 60.5 4 -1 0 -1 -1
0 1 0 30.9 60.5 4 -1 0 -1 -1
0 1 0 30.9 60.5 4 -1 0 -1 -1
0 1 0 30.9 60.5 4 -1 0 -1 -1
0 1 0 30.8 60.5 4 -1 0 -1 -1
0 1 0 30.8 60.5 2 -1 0 -1 -1
0 1 0 30.8 60.0 2 -1 0 -1 -1
0 1 0 30.9 60.0 2 -1 0 -1 -1
0 1 0 30.9 59.5 2 -1 0 -1 -1
0 1 0 30.8 59.5 2 -1 0 -1 -1
0 1 0 30.8 59.5 2 -1 0 -1 -1
0 1 0 30.8 59.5 1 -1 0 -1 -1
0 1 0 30.7 59.0 1 -1 0 -1 -1
0 1 0 30.6 59.0 1 -1 0 -1 -1
0 1 0 30.7 58.5 1 -1 0 -1 -1
0 1 0 30.7 58.5 1 -1 0 -1 -1
0 1 0 30.7 58.0 4 -1 0 -1 -1
0 1 0 30.7 58.0 4 -1 0 -1 -1
0 1 0 30.6 58.0 2 -1 0 -1 -1
0 1 0 30.6 58.0 2 -1 0 -1 -1
0 1 0 30.6 57.5 2 -1 0 -1 -1
0 1 0 30.6 57.0 2 -1 0 -1 -1
0 1 0 30.5 57.0 2 -1 0 -1 -1
0 1 0 30.6 57.0 2 -1 0 -1 -1
0 1 0 30.5 56.5 0 -1 0 -1 -1
0 1 0 30.5 56.5 0 -1 0 -1 -1
0 1 0 30.5 56.5 0 -1 0 -1 -1
0 1 0 30.5 56.5 0 -1 0 -1 -1
0 1 0 30.5 56.0 0 -1 0 -1 -1
0 1 0 30.4 56.0 0 -1 0 -1 -1
0 1 0 30.5 56.0 0 -1 0 -1 -1
0 1 0 30.4 55.5 1 -1 0 -1 -1
0 1 0 30.4 55.5 1 -1 0 -1 -1
0 1 0 30.3 55.5 1 -1 0 -1 -1
0 1 0 30.4 55.5 1 -1 0 -1 -1
0 1 0 30.4 55.5 1 -1 0 -1 -1
0 1 0 30.3 55.5 1 -1 0 -1 -1
0 1 0 30.3 55.0 1 -1 0 -1 -1
0 1 0 30.2 55.0 1 -1 0 -1 -1
0 1 0 30.2 55.0 1 -1 0 -1 -1
0 1 0 30.3 54.5 1 -1 0 -1 -1
0 1 0 30.3 54.5 1 -1 0 -1 -1
0 1 0 30.2 54.5 1 -1 0 -1 -1
0 1 0 30.2 54.5 1 -1 0 -1 -1
0 1 0 30.2 54.5 1 -1 0 -1 -1
0 1 0 30.2 54.5 1 -1 0 -1 -1
0 1 0 30.1 54.0 1 -1 0 -1 -1
0 1 0 30.1 54.0 1 -1 0 -1 -1
0 1 0 30.1 53.5 1 -1 0 -1 -1
0 1 0 30.1 53.5 2 -1 0 -1 -1
0 1 0 30.0 53.5 2 -1 0 -1 -1
0 1 0 30.1 53.5 2 -1 0 -1 -1
0 1 0 30.0 53.5 2 -1 0 -1 -1
0 1 0 30.0 53.0 2 -1 0 -1 -1
0 1 0 30.0 53.0 2 -1 0 -1 -1
0 1 0 30.0 53.0 2 -1 0 -1 -1
0 1 0 30.0 53.0 2 -1 0 -1 -1
0 1 0 29.9 52.5 2 -1 0 -1 -1
0 1 0 29.9 52.5 2 -1 0 -1 -1
0 1 0 29.9 52.5 2 -1 0 -1 -1
0 1 0 29.9 52.0 2 -1 0 -1 -1
0 1 0 29.9 52.0 2 -1 0 -1 -1
0 1 0 29.8 52.0 2 -1 0 -1 -1
0 1 0 29.8 52.0 2 -1 0 -1 -1
0 1 0 29.9 52.0 2 -1 0 -1 -1
0 1 0 29.8 51.5 2 -1 0 -1 -1
0 1 0 29.8 51.5 2 -1 0 -1 -1
0 1 0 29.7 51.5 2 -1 0 -1 -1
0 1 0 29.8 51.5 2 -1 0 -1 -1
0 1 0 29.7 51.0 2 -1 0 -1 -1
0 1 0 29.6 51.0 2 -1 0 -1 -1
0 1 0 29.7 51.0 2 -1 0 -1 -1
0 1 0 29.7 50.5 2 -1 0 -1 -1
0 1 0 29.7 50.5 2 -1 0 -1 -1
0 1 0 29.6 50.5 2 -1 0 -1 -1
0 1 0 29.7 50.5 2 -1 0 -1 -1
0 1 0 29.6 50.5 2 -1 0 -1 -1
0 1 0 29.6 50.0 2 -1 0 -1 -1
0 1 0 29.6 50.0 2 -1 0 -1 -1
0 1 0 29.6 50.0 2 -1 0 -1 -1
0 1 0 29.6 50.0 2 -1 0 -1 -1
0 1 0 29.6 50.0 2 -1 0 -1 -1
0 1 0 29.6 49.5 2 -1 0 -1 -1
0 1 0 29.6 49.5 2 -1 0 -1 -1
0 1 0 29.6 49.5 2 -1 0 -1 -1
0 1 0 29.6 49.5 2 -1 0 -1 -1
0 1 0 29.5 49.5 2 -1 0 -1 -1
0 1 0 29.5 49.5 2 -1 0 -1 -1
0 1 0 29.5 49.5 2 -1 0 -1 -1
0 1 0 29.6 49.5 2 -1 0 -1 -1
0 1 0 29.5 49.0 2 -1 0 -1 -1
0 1 0 29.5 49.0 2 -1 0 -1 -1
0 1 0 29.6 49.0 2 -1 0 -1 -1
0 1 0 29.5 49.0 2 -1 0 -1 -1
0 1 0 29.5 49.0 2 -1 0 -1 -1
0 1 0 29.4 48.5 2 -1 0 -1 -1
0 1 0 29.4 48.5 2 -1 0 -1 -1
0 1 0 29.4 48.5 2 -1 0 -1 -1
0 1 0 29.4 48.5 2 -1 0 -1 -1
0 1 0 29.5 48.5 2 -1 0 -1 -1
0 1 0 29.4 48.5 2 -1 0 -1 -1
0 1 0 29.4 48.5 2 -1 0 -1 -1
0 1 0 29.4 48.0 2 -1 0 -1 -1
0 1 0 29.4 48.0 2 -1 0 -1 -1
0 1 0 29.4 48.0 2 -1 0 -1 -1
0 1 0 29.4 48.0 2 -1 0 -1 -1
0 1 0 29.4 48.0 2 -1 0 -1 -1
0 1 0 29.4 48.0 2 -1 0 -1 -1
0 1 0 29.3 48.0 2 -1 0 -1 -1
0 1 0 29.3 47.5 2 -1 0 -1 -1
0 1 0 29.3 47.5 2 -1 0 -1 -1
0 1 0 29.3 47.5 2 -1 0 -1 -1
0 1 0 29.3 47.5 2 -1 0 -1 -1
0 1 0 29.3 47.5 2 -1 0 -1 -1
0 1 0 29.2 47.5 2 -1 0 -1 -1
0 1 0 29.2 47.0 2 -1 0 -1 -1
0 1 0 29.2 47.0 2 -1 0 -1 -1
0 1 0 29.2 47.0 2 -1 0 -1 -1
0 1 0 29.2 47.0 2 -1 0 -1 -1
0 1 0 29.2 47.0 2 -1 0 -1 -1
0 1 0 29.2 47.0 2 -1 0 -1 -1
0 1 0 29.2 47.0 2 -1 0 -1 -1
0 1 0 29.2 47.0 2 -1 0 -1 -1
0 1 0 29.2 47.0 2 -1 0 -1 -1
0 1 0 29.2 47.0 2 -1 0 -1 -1
0 1 0 29.2 47.0 2 -1 0 -1 -1
0 1 0 29.1 46.5 2 -1 0 -1 -1
0 1 0 29.2 46.5 2 -1 0 -1 -1
0 1 0 29.2 46.5 2 -1 0 -1 -1
0 1 0 29.1 46.5 2 -1 0 -1 -1
0 1 0 29.1 46.5 2 -1 0 -1 -1
0 1 0 29.1 46.5 2 -1 0 -1 -1
0 1 0 29.2 46.5 2 -1 0 -1 -1
0 1 0 29.1 46.5 2 -1 0 -1 -1
0 1 0 29.1 46.5 2 -1 0 -1 -1
0 1 0 29.2 46.0 2 -1 0 -1 -1
0 1 0 29.1 46.0 2 -1 0 -1 -1
0 1 0 29.1 46.0 2 -1 0 -1 -1
0 1 0 29.1 46.0 2 -1 0 -1 -1
0 1 0 29.1 46.0 2 -1 0 -1 -1
0 1 0 29.1 46.0 2 -1 0 -1 -1
0 1 0 29.2 46.0 2 -1 0 -1 -1
0 1 0 29.1 46.0 2 -1 0 -1 -1
0 1 0 29.1 46.0 2 -1 0 -1 -1
0 1 0 29.1 46.0 2 -1 0 -1 -1
0 1 0 29.1 46.0 2 -1 0 -1 -1
0 1 0 29.1 46.0 2 -1 0 -1 -1
0 1 0 29.1 46.0 2 -1 0 -1 -1
0 1 0 29.1 45.5 2 -1 0 -1 -1
0 1 0 29.1 45.5 2 -1 0 -1 -1
0 1 0 29.1 45.5 2 -1 0 -1 -1
0 1 0 29.1 45.5 2 -1 0 -1 -1
0 1 0 29.1 45.5 2 -1 0 -1 -1
0 1 0 29.2 45.5 2 -1 0 -1 -1
0 1 0 29.1 45.5 2 -1 0 -1 -1
0 1 0 29.1 45.5 2 -1 0 -1 -1
0 1 0 29.1 45.5 2 -1 0 -1 -1
0 1 0 29.1 45.5 2 -1 0 -1 -1
0 1 0 29.2 45.5 2 -1 0 -1 -1
0 1 0 29.2 45.5 2 -1 0 -1 -1
0 1 0 29.1 45.5 2 -1 0 -1 -1
0 1 0 29.1 45.5 2 -1 0 -1 -1
0 1 0 29.2 45.5 2 -1 0 -1 -1
0 1 0 29.2 45.5 2 -1 0 -1 -1
0 1 0 29.2 45.5 2 -1 0 -1 -1
0 1 0 29.2 45.5 2 -1 0 -1 -1
0 1 0 29.2 45.5 2 -1 0 -1 -1
0 1 0 29.2 45.5 2 -1 0 -1 -1
0 1 0 29.2 45.5 2 -1 0 -1 -1
0 1 0 29.3 45.5 2 -1 0 -1 -1
0 1 0 29.2 45.5 2 -1 0 -1 -1
0 1 0 29.2 45.5 2 -1 0 -1 -1
0 1 0 29.2 45.5 2 -1 0 -1 -1
0 1 0 29.2 45.5 2 -1 0 -1 -1
0 1 0 29.2 45.5 2 -1 0 -1 -1
0 1 0 29.1 45.5 2 -1 0 -1 -1
0 1 0 29.2 45.5 2 -1 0 -1 -1
0 1 0 29.2 45.5 2 -1 0 -1 -1
0 1 0 29.1 45.5 2 -1 0 -1 -1
0 1 0 29.2 45.5 2 -1 0 -1 -1
0 1 0 29.1 45.5 2 -1 0 -1 -1
0 1 0 29.2 45.5 2 -1 0 -1 -1
0 1 0 29.2 45.5 2 -1 0 -1 -1
0 1 0 29.2 45.5 2 -1 0 -1 -1
0 1 0 29.2 45.5 2 -1 0 -1 -1
0 1 0 29.2 45.0 2 -1 0 -1 -1
0 1 0 29.2 45.0 2 -1 0 -1 -1
0 1 0 29.2 45.0 2 -1 0 -1 -1
0 1 0 29.2 45.0 2 -1 0 -1 -1
0 1 0 29.1 45.0 2 -1 0 -1 -1
0 1 0 29.2 45.0 2 -1 0 -1 -1
0 1 0 29.2 45.0 2 -1 0 -1 -1
0 1 0 29.1 45.0 2 -1 0 -1 -1
0 1 0 29.2 45.0 2 -1 0 -1 -1
0 1 0 29.2 45.0 2 -1 0 -1 -1
0 1 0 29.2 45.0 2 -1 0 -1 -1
0 1 0 29.3 45.0 2 -1 0 -1 -1
0 1 0 29.2 45.0 2 -1 0 -1 -1
0 1 0 29.2 45.0 2 -1 0 -1 -1
0 1 0 29.2 45.0 2 -1 0 -1 -1
0 1 0 29.2 45.0 2 -1 0 -1 -1
0 1 0 29.2 45.0 2 -1 0 -1 -1
0 1 0 29.2 45.0 2 -1 0 -1 -1
0 1 0 29.2 44.5 2 -1 0 -1 -1
0 1 0 29.2 44.5 2 -1 0 -1 -1
0 1 0 29.2 44.5 2 -1 0 -1 -1
0 1 0 29.2 45.0 2 -1 0 -1 -1
0 1 0 29.1 44.5 2 -1 0 -1 -1
0 1 0 29.1 44.5 2 -1 0 -1 -1
0 1 0 29.2 44.5 2 -1 0 -1 -1
0 1 0 29.2 44.5 2 -1 0 -1 -1
0 1 0 29.1 44.5 2 -1 0 -1 -1
0 1 0 29.1 44.5 2 -1 0 -1 -1
0 1 0 29.2 44.5 2 -1 0 -1 -1
0 1 0 29.2 44.5 2 -1 0 -1 -1
0 1 0 29.1 44.5 2 -1 0 -1 -1
0 1 0 29.1 44.5 2 -1 0 -1 -1
0 1 0 29.2 44.5 2 -1 0 -1 -1
0 1 0 29.1 44.5 2 -1 0 -1 -1
0 1 0 29.2 44.5 2 -1 0 -1 -1
0 1 0 29.2 44.5 2 -1 0 -1 -1
0 1 0 29.2 44.5 2 -1 0 -1 -1
0 1 0 29.1 44.5 2 -1 0 -1 -1
0 1 0 29.2 44.5 2 -1 0 -1 -1
0 1 0 29.2 44.0 2 -1 0 -1 -1
0 1 0 29.2 44.0 2 -1 0 -1 -1
0 1 0 29.2 44.0 2 -1 0 -1 -1
0 1 0 29.2 44.0 2 -1 0 -1 -1
0 1 0 29.2 44.0 2 -1 0 -1 -1
0 1 0 29.2 44.0 2 -1 0 -1 -1
0 1 0 29.1 44.0 0 -1 0 -1 -1
0 1 0 29.2 44.0 0 -1 0 -1 -1
0 1 0 29.2 44.0 0 -1 0 -1 -1
0 1 0 29.1 44.0 0 -1 0 -1 -1
0 1 0 29.1 44.0 0 -1 0 -1 -1
0 1 0 29.2 44.0 0 -1 0 -1 -1
0 1 0 29.1 44.0 0 -1 0 -1 -1
0 1 0 29.2 44.0 0 -1 0 -1 -1
0 1 0 29.1 44.0 0 -1 0 -1 -1
0 1 0 29.2 44.0 0 -1 0 -1 -1
0 1 0 29.2 44.0 0 -1 0 -1 -1
0 1 0 29.2 44.0 0 -1 0 -1 -1
0 1 0 29.2 44.0 0 -1 0 -1 -1
0 1 0 29.2 44.0 0 -1 0 -1 -1
0 1 0 29.2 44.0 0 -1 0 -1 -1
0 1 0 29.2 44.0 0 -1 0 -1 -1
0 1 0 29.2 44.0 0 -1 0 -1 -1
0 1 0 29.1 44.0 0 -1 0 -1 -1
0 1 0 29.3 44.0 0 -1 0 -1 -1
0 1 0 29.3 44.0 0 -1 0 -1 -1
0 1 0 29.3 44.0 0 -1 0 -1 -1
0 1 0 29.3 44.0 0 -1 0 -1 -1
0 1 0 29.3 44.0 0 -1 0 -1 -1
0 1 0 29.3 44.0 0 -1 0 -1 -1
0 1 0 29.3 44.0 0 -1 0 -1 -1
0 1 0 29.3 44.0 0 -1 0 -1 -1
0 1 0 29.3 44.0 0 -1 0 -1 -1
0 1 0 29.4 44.0 0 -1 0 -1 -1
0 1 0 29.4 44.0 0 -1 0 -1 -1
0 1 0 29.3 44.0 0 -1 0 -1 -1
0 1 0 29.3 44.0 0 -1 0 -1 -1
0 1 0 29.4 44.0 0 -1 0 -1 -1
0 1 0 29.4 44.0 0 -1 0 -1 -1
0 1 0 29.4 44.0 0 -1 0 -1 -1
0 1 0 29.4 44.0 0 -1 0 -1 -1
0 1 0 29.4 44.5 0 -1 0 -1 -1
0 1 0 29.5 44.0 0 -1 0 -1 -1
0 1 0 29.5 44.5 0 -1 0 -1 -1
0 1 0 29.5 44.0 0 -1 0 -1 -1
0 1 0 29.4 44.0 0 -1 0 -1 -1
0 1 0 29.5 44.5 0 -1 0 -1 -1
0 1 0 29.6 44.5 0 -1 0 -1 -1
0 1 0 29.6 44.5 0 -1 0 -1 -1
0 1 0 29.6 44.5 0 -1 0 -1 -1
0 1 0 29.6 44.5 0 -1 0 -1 -1
0 1 0 29.6 44.5 0 -1 0 -1 -1
0 1 0 29.6 44.5 0 -1 0 -1 -1
0 1 0 29.6 44.5 0 -1 0 -1 -1
0 1 0 29.6 44.5 0 -1 0 -1 -1
0 1 0 29.6 44.5 0 -1 0 -1 -1
0 1 0 29.6 45.0 0 -1 0 -1 -1
0 1 0 29.6 45.0 0 -1 0 -1 -1
0 1 0 29.7 45.0 0 -1 0 -1 -1
0 1 0 29.7 45.0 0 -1 0 -1 -1
0 1 0 29.7 45.0 0 -1 0 -1 -1
0 1 0 29.7 45.0 0 -1 0 -1 -1
0 1 0 29.7 45.0 0 -1 0 -1 -1
0 1 0 29.7 45.5 0 -1 0 -1 -1
0 1 0 29.8 45.5 0 -1 0 -1 -1
0 1 0 29.8 45.5 0 -1 0 -1 -1
0 1 0 29.8 45.5 0 -1 0 -1 -1
0 1 0 29.8 45.5 0 -1 0 -1 -1
0 1 0 29.8 45.5 0 -1 0 -1 -1
0 1 0 29.8 45.5 0 -1 0 -1 -1
0 1 0 29.9 45.5 0 -1 0 -1 -1
0 1 0 29.8 45.5 0 -1 0 -1 -1
0 1 0 29.9 45.5 0 -1 0 -1 -1
0 1 0 29.8 45.5 0 -1 0 -1 -1
0 1 0 29.9 45.5 0 -1 0 -1 -1
0 1 0 29.9 45.5 0 -1 0 -1 -1
0 1 0 29.9 45.5 0 -1 0 -1 -1
0 1 0 29.9 45.5 0 -1 0 -1 -1
0 1 0 29.9 45.5 0 -1 0 -1 -1
0 1 0 29.9 45.5 0 -1 0 -1 -1
0 1 0 29.9 45.5 0 -1 0 -1 -1
0 1 0 30.0 45.5 0 -1 0 -1 -1
0 1 0 30.0 45.5 0 -1 0 -1 -1
0 1 0 29.9 45.5 0 -1 0 -1 -1
0 1 0 30.0 45.5 0 -1 0 -1 -1
0 1 0 30.0 45.5 0 -1 0 -1 -1
0 1 0 30.0 45.5 0 -1 0 -1 -1
0 1 0 30.0 45.5 0 -1 0 -1 -1
0 1 0 30.0 45.5 0 -1 0 -1 -1
0 1 0 30.0 45.5 0 -1 0 -1 -1
0 1 0 30.1 46.0 0 -1 0 -1 -1
0 1 0 30.1 46.0 0 -1 0 -1 -1
0 1 0 30.1 46.0 0 -1 0 -1 -1
0 1 0 30.1 46.0 0 -1 0 -1 -1
0 1 0 30.1 46.0 0 -1 0 -1 -1
0 1 0 30.2 46.0 0 -1 0 -1 -1
0 1 0 30.1 46.0 0 -1 0 -1 -1
0 1 0 30.1 46.0 0 -1 0 -1 -1
0 1 0 30.1 46.0 0 -1 0 -1 -1
0 1 0 30.2 46.0 0 -1 0 -1 -1
0 1 0 30.1 46.0 0 -1 0 -1 -1
0 1 0 30.2 46.0 0 -1 0 -1 -1
0 1 0 30.2 46.0 0 -1 0 -1 -1
0 1 0 30.2 46.5 0 -1 0 -1 -1
0 1 0 30.1 46.5 0 -1 0 -1 -1
0 1 0 30.2 46.5 0 -1 0 -1 -1
0 1 0 30.2 46.5 0 -1 0 -1 -1
0 1 0 30.3 46.5 0 -1 0 -1 -1
0 1 0 30.3 46.5 0 -1 0 -1 -1
0 1 0 30.3 46.5 0 -1 0 -1 -1
0 1 0 30.3 46.5 0 -1 0 -1 -1
0 1 0 30.3 46.5 0 -1 0 -1 -1
0 1 0 30.3 46.5 0 -1 0 -1 -1
0 1 0 30.3 46.5 0 -1 0 -1 -1
0 1 0 30.3 46.5 0 -1 0 -1 -1
0 1 0 30.4 46.5 0 -1 0 -1 -1
0 1 0 30.4 46.5 0 -1 0 -1 -1
