0 1 0 28.8 52.5 0 -1 0 -1 -1
0 1 0 28.8 52.5 0 -1 0 -1 -1
0 1 0 28.7 52.5 0 -1 0 -1 -1
0 1 0 28.8 52.5 0 -1 0 -1 -1
0 1 0 28.8 52.5 0 -1 0 -1 -1
0 1 0 28.8 52.5 0 -1 0 -1 -1
0 1 0 28.9 52.5 0 -1 0 -1 -1
0 1 0 28.9 52.5 0 -1 0 -1 -1
0 1 0 28.9 52.5 0 -1 0 -1 -1
0 1 0 28.9 52.5 0 -1 0 -1 -1
0 1 0 28.9 52.5 0 -1 0 -1 -1
0 1 0 28.9 52.5 0 -1 0 -1 -1
0 1 0 29.0 52.5 0 -1 0 -1 -1
0 1 0 28.9 52.5 0 -1 0 -1 -1
0 1 0 28.9 52.5 0 -1 0 -1 -1
0 1 0 29.0 52.5 0 -1 0 -1 -1
0 1 0 29.0 52.5 0 -1 0 -1 -1
0 1 0 29.0 52.5 0 -1 0 -1 -1
0 1 0 29.0 52.5 0 -1 0 -1 -1
0 1 0 29.0 52.5 0 -1 0 -1 -1
0 1 0 29.0 52.5 0 -1 0 -1 -1
0 1 0 29.1 52.5 0 -1 0 -1 -1
0 1 0 29.1 52.5 0 -1 0 -1 -1
0 1 0 29.1 52.5 0 -1 0 -1 -1
0 1 0 29.1 52.5 0 -1 0 -1 -1
0 1 0 29.1 52.5 0 -1 0 -1 -1
0 1 0 29.1 52.5 0 -1 0 -1 -1
0 1 0 29.1 52.5 0 -1 0 -1 -1
0 1 0 29.2 52.5 0 -1 0 -1 -1
0 1 0 29.2 52.5 0 -1 0 -1 -1
0 1 0 29.1 52.5 0 -1 0 -1 -1
0 1 0 29.2 52.5 0 -1 0 -1 -1
0 1 0 29.2 52.5 0 -1 0 -1 -1
0 1 0 29.2 52.5 0 -1 0 -1 -1
0 1 0 29.2 52.5 0 -1 0 -1 -1
0 1 0 29.3 52.5 0 -1 0 -1 -1
0 1 0 29.3 52.5 0 -1 0 -1 -1
0 1 0 29.2 52.5 0 -1 0 -1 -1
0 1 0 29.3 52.5 0 -1 0 -1 -1
0 1 0 29.2 52.5 0 -1 0 -1 -1
0 1 0 29.2 52.5 0 -1 0 -1 -1
0 1 0 29.3 52.5 0 -1 0 -1 -1
0 1 0 29.3 52.5 0 -1 0 -1 -1
0 1 0 29.3 52.5 0 -1 0 -1 -1
0 1 0 29.3 52.5 0 -1 0 -1 -1
0 1 0 29.3 52.5 0 -1 0 -1 -1
0 1 0 29.4 52.5 0 -1 0 -1 -1
0 1 0 29.4 52.5 0 -1 0 -1 -1
0 1 0 29.4 52.5 0 -1 0 -1 -1
0 1 0 29.4 52.5 0 -1 0 -1 -1
0 1 0 29.4 52.5 0 -1 0 -1 -1
0 1 0 29.4 52.5 0 -1 0 -1 -1
0 1 0 29.4 52.5 0 -1 0 -1 -1
0 1 0 29.4 52.5 0 -1 0 -1 -1
0 1 0 29.4 52.5 0 -1 0 -1 -1
0 1 0 29.5 52.5 0 -1 0 -1 -1
0 1 0 29.4 52.5 0 -1 0 -1 -1
0 1 0 29.5 53.0 0 -1 0 -1 -1
0 1 0 29.5 52.5 0 -1 0 -1 -1
0 1 0 29.4 53.0 0 -1 0 -1 -1
0 1 0 29.5 53.0 0 -1 0 -1 -1
0 1 0 29.5 53.0 0 -1 0 -1 -1
0 1 0 29.5 52.5 0 -1 0 -1 -1
0 1 0 29.5 53.0 0 -1 0 -1 -1
0 1 0 29.5 53.0 0 -1 0 -1 -1
0 1 0 29.5 53.0 0 -1 0 -1 -1
0 1 0 29.5 53.0 0 -1 0 -1 -1
0 1 0 29.6 53.0 0 -1 0 -1 -1
0 1 0 29.6 53.0 0 -1 0 -1 -1
0 1 0 29.6 53.0 0 -1 0 -1 -1
0 1 0 29.6 53.0 0 -1 0 -1 -1
0 1 0 29.6 53.0 0 -1 0 -1 -1
0 1 0 29.6 53.0 0 -1 0 -1 -1
0 1 0 29.6 53.0 0 -1 0 -1 -1
0 1 0 29.6 53.0 0 -1 0 -1 -1
0 1 0 29.6 53.0 0 -1 0 -1 -1
0 1 0 29.6 53.0 0 -1 0 -1 -1
0 1 0 29.6 53.0 0 -1 0 -1 -1
0 1 0 29.6 53.0 0 -1 0 -1 -1
0 1 0 29.7 53.0 0 -1 0 -1 -1
0 1 0 29.7 53.0 0 -1 0 -1 -1
0 1 0 29.7 53.0 0 -1 0 -1 -1
0 1 0 29.7 53.0 0 -1 0 -1 -1
0 1 0 29.7 53.0 0 -1 0 -1 -1
0 1 0 29.7 53.0 0 -1 0 -1 -1
0 1 0 29.6 53.0 0 -1 0 -1 -1
0 1 0 29.8 53.0 0 -1 0 -1 -1
0 1 0 29.7 53.0 0 -1 0 -1 -1
0 1 0 29.8 53.0 0 -1 0 -1 -1
0 1 0 29.7 53.0 0 -1 0 -1 -1
0 1 0 29.8 53.0 0 -1 0 -1 -1
0 1 0 29.8 53.0 0 -1 0 -1 -1
0 1 0 29.8 53.0 0 -1 0 -1 -1
0 1 0 29.8 53.0 0 -1 0 -1 -1
0 1 0 29.8 53.0 0 -1 0 -1 -1
0 1 0 29.8 53.0 0 -1 0 -1 -1
0 1 0 29.8 53.0 0 -1 0 -1 -1
0 1 0 29.8 53.0 0 -1 0 -1 -1
0 1 0 29.8 53.0 0 -1 0 -1 -1
0 1 0 29.9 53.0 0 -1 0 -1 -1
0 1 0 29.8 53.0 0 -1 0 -1 -1
0 1 0 29.8 53.5 0 -1 0 -1 -1
0 1 0 29.8 53.5 0 -1 0 -1 -1
0 1 0 29.9 53.5 0 -1 0 -1 -1
0 1 0 29.9 53.5 0 -1 0 -1 -1
0 1 0 29.9 53.5 0 -1 0 -1 -1
0 1 0 29.9 53.5 0 -1 0 -1 -1
0 1 0 29.9 53.5 0 -1 0 -1 -1
0 1 0 29.9 53.5 0 -1 0 -1 -1
0 1 0 29.9 53.5 0 -1 0 -1 -1
0 1 0 29.9 53.5 0 -1 0 -1 -1
0 1 0 29.9 53.5 0 -1 0 -1 -1
0 1 0 30.0 53.5 0 -1 0 -1 -1
0 1 0 29.9 53.5 0 -1 0 -1 -1
0 1 0 29.9 53.5 0 -1 0 -1 -1
0 1 0 30.0 53.5 0 -1 0 -1 -1
0 1 0 30.0 53.5 0 -1 0 -1 -1
0 1 0 29.9 53.5 0 -1 0 -1 -1
0 1 0 30.0 53.5 0 -1 0 -1 -1
0 1 0 30.0 53.5 0 -1 0 -1 -1
0 1 0 30.0 53.5 0 -1 0 -1 -1
0 1 0 30.0 53.5 0 -1 0 -1 -1
0 1 0 30.1 53.5 0 -1 0 -1 -1
0 1 0 30.0 54.0 0 -1 0 -1 -1
0 1 0 30.0 53.5 0 -1 0 -1 -1
0 1 0 30.1 54.0 0 -1 0 -1 -1
0 1 0 30.0 54.0 0 -1 0 -1 -1
0 1 0 30.1 54.0 0 -1 0 -1 -1
0 1 0 30.1 54.0 0 -1 0 -1 -1
0 1 0 30.0 54.0 0 -1 0 -1 -1
0 1 0 30.1 54.0 0 -1 0 -1 -1
0 1 0 30.0 54.0 0 -1 0 -1 -1
0 1 0 30.1 54.0 0 -1 0 -1 -1
0 1 0 30.1 54.0 0 -1 0 -1 -1
0 1 0 30.1 54.0 0 -1 0 -1 -1
0 1 0 30.0 54.0 0 -1 0 -1 -1
0 1 0 30.1 54.0 0 -1 0 -1 -1
0 1 0 30.1 54.0 0 -1 0 -1 -1
0 1 0 30.1 54.0 0 -1 0 -1 -1
0 1 0 30.1 54.0 0 -1 0 -1 -1
0 1 0 30.1 54.0 0 -1 0 -1 -1
0 1 0 30.1 54.0 0 -1 0 -1 -1
0 1 0 30.1 54.0 0 -1 0 -1 -1
0 1 0 30.2 54.0 0 -1 0 -1 -1
0 1 0 30.1 54.0 0 -1 0 -1 -1
0 1 0 30.2 54.0 0 -1 0 -1 -1
0 1 0 30.1 54.0 0 -1 0 -1 -1
0 1 0 30.1 54.0 0 -1 0 -1 -1
0 1 0 30.2 54.0 0 -1 0 -1 -1
0 1 0 30.2 54.0 0 -1 0 -1 -1
0 1 0 30.2 54.5 0 -1 0 -1 -1
0 1 0 30.2 54.0 0 -1 0 -1 -1
0 1 0 30.2 54.5 0 -1 0 -1 -1
0 1 0 30.1 54.5 0 -1 0 -1 -1
0 1 0 30.3 54.5 0 -1 0 -1 -1
0 1 0 30.2 54.5 0 -1 0 -1 -1
0 1 0 30.2 54.5 0 -1 0 -1 -1
0 1 0 30.2 54.5 0 -1 0 -1 -1
0 1 0 30.2 54.5 0 -1 0 -1 -1
0 1 0 30.2 54.5 0 -1 0 -1 -1
0 1 0 30.2 54.5 0 -1 0 -1 -1
0 1 0 30.2 54.5 0 -1 0 -1 -1
0 1 0 30.2 54.5 0 -1 0 -1 -1
0 1 0 30.3 54.5 0 -1 0 -1 -1
0 1 0 30.3 54.5 0 -1 0 -1 -1
0 1 0 30.2 54.5 0 -1 0 -1 -1
0 1 0 30.2 54.5 0 -1 0 -1 -1
0 1 0 30.2 54.5 0 -1 0 -1 -1
0 1 0 30.3 55.0 0 -1 0 -1 -1
0 1 0 30.2 54.5 0 -1 0 -1 -1
0 1 0 30.2 54.5 0 -1 0 -1 -1
0 1 0 30.3 54.5 0 -1 0 -1 -1
0 1 0 30.3 54.5 0 -1 0 -1 -1
0 1 0 30.3 55.0 0 -1 0 -1 -1
0 1 0 30.3 55.0 0 -1 0 -1 -1
0 1 0 30.3 54.5 0 -1 0 -1 -1
0 1 0 30.3 55.0 0 -1 0 -1 -1
0 1 0 30.3 54.5 0 -1 0 -1 -1
0 1 0 30.4 55.0 0 -1 0 -1 -1
0 1 0 30.3 55.0 0 -1 0 -1 -1
0 1 0 30.3 55.0 0 -1 0 -1 -1
0 1 0 30.3 55.0 0 -1 0 -1 -1
0 1 0 30.3 55.0 0 -1 0 -1 -1
0 1 0 30.4 55.0 0 -1 0 -1 -1
0 1 0 30.3 55.0 0 -1 0 -1 -1
0 1 0 30.3 55.0 0 -1 0 -1 -1
0 1 0 30.3 55.0 0 -1 0 -1 -1
0 1 0 30.4 55.0 0 -1 0 -1 -1
0 1 0 30.3 55.0 0 -1 0 -1 -1
0 1 0 30.3 55.0 0 -1 0 -1 -1
0 1 0 30.4 55.0 0 -1 0 -1 -1
0 1 0 30.4 55.0 0 -1 0 -1 -1
0 1 0 30.4 55.0 0 -1 0 -1 -1
0 1 0 30.4 55.0 0 -1 0 -1 -1
0 1 0 30.4 55.0 0 -1 0 -1 -1
0 1 0 30.4 55.0 0 -1 0 -1 -1
0 1 0 30.3 55.0 0 -1 0 -1 -1
0 1 0 30.4 55.0 0 -1 0 -1 -1
0 1 0 30.4 55.0 0 -1 0 -1 -1
0 1 0 30.5 55.0 0 -1 0 -1 -1
0 1 0 30.4 55.0 0 -1 0 -1 -1
0 1 0 30.4 55.0 0 -1 0 -1 -1
0 1 0 30.4 55.0 0 -1 0 -1 -1
0 1 0 30.4 55.0 0 -1 0 -1 -1
0 1 0 30.5 55.0 0 -1 0 -1 -1
0 1 0 30.4 55.0 0 -1 0 -1 -1
0 1 0 30.4 55.0 0 -1 0 -1 -1
0 1 0 30.4 55.0 0 -1 0 -1 -1
0 1 0 30.5 55.0 0 -1 0 -1 -1
0 1 0 30.4 55.0 0 -1 0 -1 -1
0 1 0 30.5 55.0 0 -1 0 -1 -1
0 1 0 30.5 55.0 0 -1 0 -1 -1
0 1 0 30.5 55.0 0 -1 0 -1 -1
0 1 0 30.5 55.0 0 -1 0 -1 -1
0 1 0 30.5 55.0 0 -1 0 -1 -1
0 1 0 30.5 55.0 0 -1 0 -1 -1
0 1 0 30.5 55.0 0 -1 0 -1 -1
0 1 0 30.5 55.0 0 -1 0 -1 -1
0 1 0 30.4 55.0 0 -1 0 -1 -1
0 1 0 30.5 55.0 0 -1 0 -1 -1
0 1 0 30.5 55.0 0 -1 0 -1 -1
0 1 0 30.5 55.0 0 -1 0 -1 -1
0 1 0 30.5 55.0 0 -1 0 -1 -1
0 1 0 30.5 55.5 0 -1 0 -1 -1
0 1 0 30.5 55.0 0 -1 0 -1 -1
0 1 0 30.5 55.0 0 -1 0 -1 -1
0 1 0 30.5 55.0 0 -1 0 -1 -1
0 1 0 30.5 55.5 0 -1 0 -1 -1
0 1 0 30.5 55.5 0 -1 0 -1 -1
0 1 0 30.5 55.5 0 -1 0 -1 -1
0 1 0 30.5 55.5 0 -1 0 -1 -1
0 1 0 30.6 55.5 0 -1 0 -1 -1
0 1 0 30.5 55.5 0 -1 0 -1 -1
0 1 0 30.5 55.5 0 -1 0 -1 -1
0 1 0 30.5 55.5 0 -1 0 -1 -1
0 1 0 30.6 55.5 0 -1 0 -1 -1
0 1 0 30.5 55.5 0 -1 0 -1 -1
0 1 0 30.6 55.5 0 -1 0 -1 -1
0 1 0 30.5 55.5 0 -1 0 -1 -1
0 1 0 30.6 55.5 0 -1 0 -1 -1
0 1 0 30.5 55.5 0 -1 0 -1 -1
0 1 0 30.6 55.5 0 -1 0 -1 -1
0 1 0 30.5 55.5 0 -1 0 -1 -1
0 1 0 30.6 55.5 0 -1 0 -1 -1
0 1 0 30.6 55.5 0 -1 0 -1 -1
0 1 0 30.6 55.5 0 -1 0 -1 -1
0 1 0 30.6 55.5 0 -1 0 -1 -1
0 1 0 30.6 55.5 0 -1 0 -1 -1
0 1 0 30.5 55.5 0 -1 0 -1 -1
0 1 0 30.6 55.5 0 -1 0 -1 -1
0 1 0 30.6 55.5 0 -1 0 -1 -1
0 1 0 30.6 55.5 0 -1 0 -1 -1
0 1 0 30.6 55.5 0 -1 0 -1 -1
0 1 0 30.6 55.5 0 -1 0 -1 -1
0 1 0 30.6 56.0 0 -1 0 -1 -1
0 1 0 30.6 56.0 0 -1 0 -1 -1
0 1 0 30.6 56.0 0 -1 0 -1 -1
0 1 0 30.6 55.5 0 -1 0 -1 -1
0 1 0 30.6 55.5 0 -1 0 -1 -1
0 1 0 30.7 55.5 0 -1 0 -1 -1
0 1 0 30.6 56.0 0 -1 0 -1 -1
0 1 0 30.6 56.0 0 -1 0 -1 -1
0 1 0 30.6 56.0 0 -1 0 -1 -1
0 1 0 30.7 56.0 0 -1 0 -1 -1
0 1 0 30.6 56.0 0 -1 0 -1 -1
0 1 0 30.6 56.0 0 -1 0 -1 -1
0 1 0 30.7 56.0 0 -1 0 -1 -1
0 1 0 30.7 56.0 0 -1 0 -1 -1
0 1 0 30.6 56.0 0 -1 0 -1 -1
0 1 0 30.6 56.0 0 -1 0 -1 -1
0 1 0 30.6 56.0 0 -1 0 -1 -1
0 1 0 30.7 56.0 0 -1 0 -1 -1
0 1 0 30.6 56.0 0 -1 0 -1 -1
0 1 0 30.7 56.0 0 -1 0 -1 -1
0 1 0 30.7 56.0 0 -1 0 -1 -1
0 1 0 30.7 56.0 0 -1 0 -1 -1
0 1 0 30.6 56.0 0 -1 0 -1 -1
0 1 0 30.7 56.0 0 -1 0 -1 -1
0 1 0 30.7 56.0 0 -1 0 -1 -1
0 1 0 30.6 56.0 0 -1 0 -1 -1
0 1 0 30.7 56.0 0 -1 0 -1 -1
0 1 0 30.7 56.0 0 -1 0 -1 -1
0 1 0 30.7 56.0 0 -1 0 -1 -1
0 1 0 30.7 56.0 0 -1 0 -1 -1
0 1 0 30.7 56.0 0 -1 0 -1 -1
0 1 0 30.6 56.0 0 -1 0 -1 -1
0 1 0 30.7 56.0 0 -1 0 -1 -1
0 1 0 30.7 56.0 0 -1 0 -1 -1
0 1 0 30.7 56.0 0 -1 0 -1 -1
0 1 0 30.7 56.0 0 -1 0 -1 -1
0 1 0 30.7 56.0 0 -1 0 -1 -1
0 1 0 30.7 56.0 0 -1 0 -1 -1
0 1 0 30.7 56.0 0 -1 0 -1 -1
0 1 0 30.7 56.0 0 -1 0 -1 -1
0 1 0 30.7 56.0 0 -1 0 -1 -1
0 1 0 30.7 56.0 2 -1 0 -1 -1
0 1 0 30.7 56.5 2 -1 0 -1 -1
0 1 0 30.7 56.0 2 -1 0 -1 -1
0 1 0 30.7 56.5 2 -1 0 -1 -1
0 1 0 30.7 56.5 2 -1 0 -1 -1
0 1 0 30.7 56.5 1 -1 0 -1 -1
0 1 0 30.7 56.0 1 -1 0 -1 -1
0 1 0 30.8 56.5 1 -1 0 -1 -1
0 1 0 30.7 56.0 1 -1 0 -1 -1
0 1 0 30.7 56.5 1 -1 0 -1 -1
0 1 0 30.7 56.5 1 -1 0 -1 -1
0 1 0 30.7 56.5 1 -1 0 -1 -1
0 1 0 30.7 56.5 1 -1 0 -1 -1
0 1 0 30.7 56.5 1 -1 0 -1 -1
0 1 0 30.8 56.5 1 -1 0 -1 -1
0 1 0 30.7 56.5 1 -1 0 -1 -1
0 1 0 30.8 56.5 1 -1 0 -1 -1
0 1 0 30.8 56.5 1 -1 0 -1 -1
0 1 0 30.8 56.5 1 -1 0 -1 -1
0 1 0 30.8 56.5 1 -1 0 -1 -1
0 1 0 30.8 56.5 0 -1 0 -1 -1
0 1 0 30.8 56.5 0 -1 0 -1 -1
0 1 0 30.8 56.5 0 -1 0 -1 -1
0 1 0 30.8 56.5 0 -1 0 -1 -1
0 1 0 30.7 56.5 0 -1 0 -1 -1
0 1 0 30.7 56.5 0 -1 0 -1 -1
0 1 0 30.8 56.5 2 -1 0 -1 -1
0 1 0 30.7 56.5 2 -1 0 -1 -1
0 1 0 30.8 56.5 2 -1 0 -1 -1
0 1 0 30.7 56.5 2 -1 0 -1 -1
0 1 0 30.7 56.5 1 -1 0 -1 -1
0 1 0 30.8 56.5 1 -1 0 -1 -1
0 1 0 30.7 56.5 1 -1 0 -1 -1
0 1 0 30.7 56.5 1 -1 0 -1 -1
0 1 0 30.8 56.5 2 -1 0 -1 -1
0 1 0 30.8 56.5 2 -1 0 -1 -1
0 1 0 30.8 56.5 2 -1 0 -1 -1
0 1 0 30.8 56.5 2 -1 0 -1 -1
0 1 0 30.7 56.5 4 -1 0 -1 -1
0 1 0 30.8 56.5 2 -1 0 -1 -1
0 1 0 30.7 56.5 2 -1 0 -1 -1
0 1 0 30.8 56.5 2 -1 0 -1 -1
0 1 0 30.8 56.5 1 -1 0 -1 -1
0 1 0 30.8 56.5 2 -1 0 -1 -1
0 1 0 30.8 56.5 4 -1 0 -1 -1
0 1 0 30.8 56.5 6 -1 0 -1 -1
0 1 0 30.8 56.5 5 -1 0 -1 -1
0 1 0 30.9 56.5 7 -1 0 -1 -1
0 1 0 30.8 56.5 9 -1 0 -1 -1
0 1 0 30.9 56.5 7 -1 0 -1 -1
0 1 0 30.8 56.5 7 -1 0 -1 -1
0 1 0 30.8 56.5 7 -1 0 -1 -1
0 1 0 30.8 56.5 7 -1 0 -1 -1
0 1 0 30.8 56.5 7 -1 0 -1 -1
0 1 0 30.9 56.5 9 -1 0 -1 -1
0 1 0 30.8 56.5 7 -1 0 -1 -1
0 1 0 30.9 57.0 11 -1 0 -1 -1
0 1 0 30.9 57.0 11 -1 0 -1 -1
0 1 0 30.9 57.0 9 -1 0 -1 -1
0 1 0 30.9 56.5 9 -1 0 -1 -1
0 1 0 30.9 57.0 11 -1 0 -1 -1
0 1 0 30.9 56.5 9 -1 0 -1 -1
0 1 0 30.9 57.0 9 -1 0 -1 -1
0 1 0 30.9 56.5 9 -1 0 -1 -1
0 1 0 30.9 57.0 11 -1 0 -1 -1
0 1 0 30.9 57.0 9 -1 0 -1 -1
0 1 0 30.9 57.0 11 -1 0 -1 -1
0 1 0 30.9 57.0 13 -1 0 -1 -1
0 1 0 30.9 57.0 13 -1 0 -1 -1
0 1 0 30.9 57.0 12 -1 0 -1 -1
0 1 0 30.9 56.5 14 -1 0 -1 -1
0 1 0 30.9 56.5 14 -1 0 -1 -1
0 1 0 30.9 57.0 16 -1 0 -1 -1
0 1 0 30.9 56.5 16 -1 0 -1 -1
0 1 0 31.0 57.0 16 -1 0 -1 -1
0 1 0 30.9 57.0 18 -1 0 -1 -1
0 1 0 30.9 56.5 14 -1 0 -1 -1
0 1 0 30.9 57.0 16 -1 0 -1 -1
0 1 0 31.0 57.0 16 -1 0 -1 -1
0 1 0 31.0 57.0 16 -1 0 -1 -1
0 1 0 31.0 57.0 18 -1 0 -1 -1
0 1 0 31.0 57.0 18 -1 0 -1 -1
0 1 0 30.9 56.5 20 -1 0 -1 -1
0 1 0 31.0 57.0 18 -1 0 -1 -1
0 1 0 31.0 56.5 18 -1 0 -1 -1
0 1 0 31.0 57.0 18 -1 0 -1 -1
0 1 0 31.0 56.5 20 -1 0 -1 -1
0 1 0 31.0 56.5 19 -1 0 -1 -1
0 1 0 31.0 56.5 21 -1 0 -1 -1
0 1 0 31.0 56.5 23 -1 0 -1 -1
0 1 0 31.0 56.5 23 -1 0 -1 -1
0 1 0 31.0 56.5 25 -1 0 -1 -1
0 1 0 31.1 56.5 23 -1 0 -1 -1
0 1 0 31.0 56.5 23 -1 0 -1 -1
0 1 0 31.0 56.5 25 -1 0 -1 -1
0 1 0 31.0 56.5 27 -1 0 -1 -1
0 1 0 31.0 56.5 27 -1 0 -1 -1
0 1 0 31.0 56.5 25 -1 0 -1 -1
0 1 0 31.0 56.5 25 -1 0 -1 -1
0 1 0 31.0 56.5 27 -1 0 -1 -1
0 1 0 31.0 56.0 29 -1 0 -1 -1
0 1 0 31.0 56.0 28 -1 0 -1 -1
0 1 0 31.0 56.0 28 -1 0 -1 -1
0 1 0 31.0 56.0 30 -1 0 -1 -1
0 1 0 31.0 56.0 30 -1 0 -1 -1
0 1 0 31.0 56.0 30 -1 0 -1 -1
0 1 0 31.0 56.0 32 -1 0 -1 -1
0 1 0 31.0 55.5 32 -1 0 -1 -1
0 1 0 31.0 55.5 30 -1 0 -1 -1
0 1 0 31.0 55.5 32 -1 0 -1 -1
0 1 0 30.9 55.5 32 -1 0 -1 -1
0 1 0 31.0 55.5 30 -1 0 -1 -1
0 1 0 31.0 55.5 32 -1 0 -1 -1
0 1 0 31.0 55.5 34 -1 0 -1 -1
0 1 0 30.9 55.5 32 -1 0 -1 -1
0 1 0 30.9 55.5 34 -1 0 -1 -1
0 1 0 31.0 55.5 34 -1 0 -1 -1
0 1 0 30.9 55.5 34 -1 0 -1 -1
0 1 0 30.9 55.5 36 -1 0 -1 -1
0 1 0 30.9 55.5 36 -1 0 -1 -1
0 1 0 30.9 55.5 38 -1 0 -1 -1
0 1 0 30.9 55.0 38 -1 0 -1 -1
0 1 0 30.9 55.0 38 -1 0 -1 -1
0 1 0 30.9 55.0 35 -1 0 -1 -1
0 1 0 30.9 55.0 37 -1 0 -1 -1
0 1 0 30.9 55.0 37 -1 0 -1 -1
0 1 0 30.9 55.0 39 -1 0 -1 -1
0 1 0 30.8 55.0 39 -1 0 -1 -1
0 1 0 30.9 54.5 39 -1 0 -1 -1
0 1 0 30.8 54.5 39 -1 0 -1 -1
0 1 0 30.8 54.5 39 -1 0 -1 -1
0 1 0 30.8 54.5 39 -1 0 -1 -1
0 1 0 30.8 54.5 39 -1 0 -1 -1
0 1 0 30.7 54.5 39 -1 0 -1 -1
0 1 0 30.9 54.5 39 -1 0 -1 -1
0 1 0 30.8 54.5 41 -1 0 -1 -1
0 1 0 30.8 54.5 39 -1 0 -1 -1
0 1 0 30.7 54.5 39 -1 0 -1 -1
0 1 0 30.7 54.0 37 -1 0 -1 -1
0 1 0 30.8 54.0 41 -1 0 -1 -1
0 1 0 30.7 54.0 43 -1 0 -1 -1
0 1 0 30.7 54.0 39 -1 0 -1 -1
0 1 0 30.7 54.0 41 -1 0 -1 -1
0 1 0 30.7 54.0 43 -1 0 -1 -1
0 1 0 30.7 54.0 43 -1 0 -1 -1
0 1 0 30.7 54.0 43 -1 0 -1 -1
0 1 0 30.7 54.0 45 -1 0 -1 -1
0 1 0 30.7 54.0 44 -1 0 -1 -1
0 1 0 30.7 54.0 46 -1 0 -1 -1
0 1 0 30.7 54.0 46 -1 0 -1 -1
0 1 0 30.7 54.0 48 -1 0 -1 -1
0 1 0 30.7 54.0 46 -1 0 -1 -1
0 1 0 30.8 54.0 46 -1 0 -1 -1
0 1 0 30.7 54.0 48 -1 0 -1 -1
0 1 0 30.7 54.0 48 -1 0 -1 -1
0 1 0 30.6 53.5 48 -1 0 -1 -1
0 1 0 30.7 54.0 50 -1 0 -1 -1
0 1 0 30.7 54.0 50 -1 0 -1 -1
0 1 0 30.7 53.5 51 -1 0 -1 -1
0 1 0 30.7 53.5 51 -1 0 -1 -1
0 1 0 30.7 53.5 55 -1 0 -1 -1
0 1 0 30.7 53.5 55 -1 0 -1 -1
0 1 0 30.7 53.5 55 -1 0 -1 -1
0 1 0 30.7 53.5 51 -1 0 -1 -1
0 1 0 30.7 53.5 51 -1 0 -1 -1
0 1 0 30.7 53.5 51 -1 0 -1 -1
0 1 0 30.7 53.5 51 -1 0 -1 -1
0 1 0 30.7 53.5 55 -1 0 -1 -1
0 1 0 30.7 53.5 51 -1 0 -1 -1
0 1 0 30.7 53.5 51 -1 0 -1 -1
0 1 0 30.7 53.5 51 -1 0 -1 -1
0 1 0 30.7 53.5 55 -1 0 -1 -1
0 1 0 30.8 54.0 53 -1 0 -1 -1
0 1 0 30.7 54.0 50 -1 0 -1 -1
0 1 0 30.7 54.0 48 -1 0 -1 -1
0 1 0 30.8 54.0 50 -1 0 -1 -1
0 1 0 30.8 54.0 50 -1 0 -1 -1
0 1 0 30.7 54.0 48 -1 0 -1 -1
0 1 0 30.8 54.0 50 -1 0 -1 -1
0 1 0 30.7 54.5 52 -1 0 -1 -1
0 1 0 30.7 54.5 48 -1 0 -1 -1
0 1 0 30.8 54.5 48 -1 0 -1 -1
0 1 0 30.7 54.5 44 -1 0 -1 -1
0 1 0 30.7 54.5 45 -1 0 -1 -1
0 1 0 30.8 54.5 43 -1 0 -1 -1
0 1 0 30.7 54.5 41 -1 0 -1 -1
0 1 0 30.8 55.0 41 -1 0 -1 -1
0 1 0 30.8 55.0 43 -1 0 -1 -1
0 1 0 30.8 55.0 39 -1 0 -1 -1
0 1 0 30.9 55.0 37 -1 0 -1 -1
0 1 0 30.8 55.0 35 -1 0 -1 -1
0 1 0 30.9 55.0 36 -1 0 -1 -1
0 1 0 30.9 55.5 34 -1 0 -1 -1
0 1 0 30.8 55.0 36 -1 0 -1 -1
0 1 0 30.8 55.5 36 -1 0 -1 -1
0 1 0 30.8 55.5 36 -1 0 -1 -1
0 1 0 30.8 55.5 34 -1 0 -1 -1
0 1 0 30.9 55.5 36 -1 0 -1 -1
0 1 0 30.8 55.5 34 -1 0 -1 -1
0 1 0 30.9 55.5 32 -1 0 -1 -1
0 1 0 30.9 55.5 34 -1 0 -1 -1
0 1 0 30.8 55.5 32 -1 0 -1 -1
0 1 0 30.8 55.5 34 -1 0 -1 -1
0 1 0 30.9 55.5 34 -1 0 -1 -1
0 1 0 30.9 55.5 36 -1 0 -1 -1
0 1 0 30.8 55.5 34 -1 0 -1 -1
0 1 0 30.9 55.5 34 -1 0 -1 -1
0 1 0 30.9 55.5 34 -1 0 -1 -1
0 1 0 30.9 55.5 34 -1 0 -1 -1
0 1 0 30.9 55.5 36 -1 0 -1 -1
0 1 0 30.9 55.5 36 -1 0 -1 -1
0 1 0 30.9 56.0 36 -1 0 -1 -1
0 1 0 30.9 56.0 36 -1 0 -1 -1
0 1 0 30.9 56.0 36 -1 0 -1 -1
0 1 0 30.9 56.0 36 -1 0 -1 -1
0 1 0 30.9 56.0 36 -1 0 -1 -1
0 1 0 30.9 56.0 34 -1 0 -1 -1
0 1 0 30.9 56.5 36 -1 0 -1 -1
0 1 0 30.9 56.5 32 -1 0 -1 -1
0 1 0 30.9 56.0 34 -1 0 -1 -1
0 1 0 30.9 56.0 34 -1 0 -1 -1
0 1 0 30.8 56.0 36 -1 0 -1 -1
0 1 0 30.9 56.0 34 -1 0 -1 -1
0 1 0 30.9 56.0 36 -1 0 -1 -1
0 1 0 30.9 56.0 36 -1 0 -1 -1
0 1 0 30.9 56.0 36 -1 0 -1 -1
0 1 0 30.9 56.5 34 -1 0 -1 -1
0 1 0 30.9 56.5 34 -1 0 -1 -1
0 1 0 31.0 56.5 32 -1 0 -1 -1
0 1 0 31.0 56.5 34 -1 0 -1 -1
0 1 0 31.0 56.5 34 -1 0 -1 -1
0 1 0 31.0 56.5 36 -1 0 -1 -1
0 1 0 31.0 57.0 34 -1 0 -1 -1
0 1 0 31.0 57.0 34 -1 0 -1 -1
0 1 0 31.0 57.0 36 -1 0 -1 -1
0 1 0 31.0 57.5 36 -1 0 -1 -1
0 1 0 31.0 57.5 34 -1 0 -1 -1
0 1 0 31.1 57.5 36 -1 0 -1 -1
0 1 0 31.1 57.5 32 -1 0 -1 -1
0 1 0 31.0 57.5 30 -1 0 -1 -1
0 1 0 31.1 58.0 30 -1 0 -1 -1
0 1 0 31.1 57.5 34 -1 0 -1 -1
0 1 0 31.0 57.5 30 -1 0 -1 -1
0 1 0 31.1 58.0 32 -1 0 -1 -1
0 1 0 31.1 57.5 34 -1 0 -1 -1
0 1 0 31.1 57.5 34 -1 0 -1 -1
0 1 0 31.1 58.0 32 -1 0 -1 -1
0 1 0 31.0 58.0 32 -1 0 -1 -1
0 1 0 31.1 58.0 32 c26 0 -1 -1
0 1 0 31.1 58.0 32 c26 0 -1 -1
1 1 9 31.1 57.5 181 c26 0 100 100
1 1 11 31.0 55.0 244 c26 0 100 100
1 1 5 30.9 53.5 239 c26 0 100 100
1 1 1 30.6 52.0 237 c26 0 100 100
1 1 0 30.4 51.5 242 c26 0 100 100
1 1 0 30.2 50.5 242 c26 0 100 100
1 1 0 30.1 50.0 247 c26 0 100 100
1 1 0 29.9 50.0 247 c26 0 100 100
1 1 0 29.8 50.0 245 c26 0 100 100
1 1 0 29.7 49.5 245 c26 0 100 100
1 1 0 29.7 49.5 241 c26 0 100 100
1 1 0 29.5 49.0 241 c26 0 100 100
1 1 0 29.5 48.5 240 c26 0 100 100
1 1 0 29.5 48.5 235 c26 0 100 100
1 1 0 29.3 48.0 231 c26 0 100 100
1 1 0 29.3 48.0 226 c26 0 100 100
1 1 0 29.2 48.5 227 c26 0 100 100
1 1 0 29.1 48.0 229 c26 0 100 100
1 1 0 29.0 48.0 229 c26 0 100 100
1 1 0 29.0 48.0 232 c26 0 100 100
1 1 0 29.0 47.5 229 c26 0 100 100
1 1 0 29.0 47.5 232 c26 0 100 100
1 1 0 28.9 47.5 234 c26 0 100 100
1 1 0 28.8 47.0 232 c26 0 100 100
1 1 0 28.7 47.0 232 c26 0 100 100
1 1 0 28.8 47.0 232 c26 0 100 100
1 1 0 28.6 47.0 235 c26 0 100 100
1 1 0 28.6 46.5 239 c26 0 100 100
1 1 0 28.6 46.5 234 c26 0 100 100
1 1 1 28.5 46.5 227 c26 0 100 100
1 1 0 28.5 46.0 227 c26 0 100 100
1 1 1 28.4 46.0 218 c26 0 100 100
1 1 0 28.3 46.0 216 c26 0 100 100
1 1 0 28.3 46.5 211 c26 0 100 100
1 1 0 28.3 46.5 209 c26 0 100 100
1 1 26 28.3 46.5 204 c26 0 100 100
1 1 0 28.3 46.5 203 c26 0 100 100
1 1 0 28.3 46.5 206 c26 0 100 100
1 1 0 28.2 46.5 214 c26 0 100 100
1 1 0 28.2 46.5 218 c26 0 100 100
1 1 0 28.2 46.5 218 c26 0 100 100
1 1 0 28.1 46.5 214 c26 0 100 100
1 1 2 28.1 46.5 213 c26 0 100 100
1 1 0 28.1 46.5 216 c26 0 100 100
1 1 0 28.0 46.5 216 c26 0 100 100
1 1 1 27.9 46.5 214 c26 0 100 100
1 1 1 27.9 46.5 219 c26 0 100 100
1 1 4 27.9 46.5 219 c26 0 100 100
1 1 0 27.9 46.5 221 c26 0 100 100
1 1 0 27.9 46.5 209 c26 0 100 100
1 1 0 27.8 46.5 213 c26 0 100 100
1 1 0 27.7 46.5 218 c26 0 100 100
1 1 2 27.8 46.5 216 c26 0 100 100
1 1 2 27.7 46.5 211 c26 0 100 100
1 1 0 27.7 46.5 210 c26 0 100 100
1 1 1 27.8 46.0 212 c26 0 100 100
1 1 5 27.6 46.0 212 c26 0 100 100
1 1 2 27.6 46.0 210 c26 0 100 100
1 1 0 27.7 46.5 207 c26 0 100 100
1 1 2 27.6 46.5 211 c26 0 100 100
1 1 2 27.6 46.5 215 c26 0 100 100
1 1 2 27.6 47.0 213 c26 0 100 100
1 1 0 27.5 47.0 208 c26 0 100 100
1 1 5 27.5 47.0 208 c26 0 100 100
1 1 4 27.5 47.0 208 c26 0 100 100
1 1 1 27.3 47.0 208 c26 0 100 100
1 1 4 27.5 47.0 211 c26 0 100 100
1 1 2 27.4 47.0 212 c26 0 100 100
1 1 0 27.5 47.0 216 c26 0 100 100
1 1 0 27.4 47.0 218 c26 0 100 100
1 1 0 27.3 47.0 216 c26 0 100 100
1 1 0 27.3 47.0 218 c26 0 100 100
1 1 0 27.3 47.0 208 c26 0 100 100
1 1 0 27.3 47.0 201 c26 0 100 100
1 1 0 27.3 47.5 209 c26 0 100 100
1 1 2 27.3 47.5 219 c26 0 100 100
1 1 0 27.3 48.0 221 c26 0 100 100
1 1 0 27.3 48.0 220 c26 0 100 100
1 1 0 27.3 48.0 222 c26 0 100 100
1 1 0 27.3 48.5 212 c26 0 100 100
1 1 7 27.3 48.5 207 c26 0 100 100
1 1 7 27.4 48.5 171 c26 0 100 100
1 1 2 27.3 48.5 220 c26 0 100 100
1 1 3 27.3 48.0 225 c26 0 100 100
1 1 0 27.3 48.0 225 c26 0 100 100
1 1 0 27.2 48.0 222 c26 0 100 100
1 1 0 27.2 48.0 195 c26 0 100 100
1 1 0 27.2 48.0 224 c26 0 100 100
1 1 1 27.2 48.0 201 c26 0 100 100
1 1 0 27.2 47.5 206 c26 0 100 100
1 1 0 27.2 47.5 206 c26 0 100 100
1 1 0 27.1 47.5 204 c26 0 100 100
1 1 0 27.1 48.0 196 c26 0 100 100
1 1 0 27.1 48.0 192 c26 0 100 100
1 1 0 27.1 48.0 172 c26 0 100 100
1 1 0 27.1 48.0 193 c26 0 100 100
1 1 0 27.1 48.0 193 c26 0 100 100
1 1 4 27.1 48.5 184 c26 0 100 100
1 1 4 27.0 48.5 179 c26 0 100 100
1 1 0 27.1 48.5 176 c26 0 100 100
1 1 0 27.0 48.5 176 c26 0 100 100
1 1 2 27.0 48.5 175 c26 0 100 100
1 1 2 27.0 49.0 166 c26 0 100 100
1 1 0 27.0 49.0 112 c26 0 100 100
1 1 0 27.0 49.0 136 c26 0 100 100
1 1 0 27.0 49.0 165 c26 0 100 100
1 1 1 27.1 49.5 162 c26 0 100 100
1 1 2 27.0 49.5 164 c26 0 100 100
1 1 1 27.0 50.0 170 c26 0 100 100
1 1 2 27.0 50.0 173 c26 0 100 100
1 1 0 27.1 50.0 175 c26 0 100 100
1 1 0 27.0 50.5 177 c26 0 100 100
1 1 1 27.1 50.5 175 c26 0 100 100
1 1 0 27.0 51.0 173 c26 0 100 100
1 1 0 27.0 51.0 168 c26 0 100 100
1 1 0 27.1 51.0 173 c26 0 100 100
1 1 0 27.1 51.5 168 c26 0 100 100
1 1 0 27.1 51.5 168 c26 0 100 100
1 1 3 27.1 51.5 161 c26 0 100 100
1 1 0 27.1 51.5 156 c26 0 100 100
1 1 0 27.1 51.5 149 c26 0 100 100
1 1 1 27.1 51.5 144 c26 0 100 100
1 1 7 27.1 51.5 139 c26 0 100 100
1 1 0 27.1 51.5 147 c26 0 100 100
1 1 0 27.0 51.5 98 c26 0 100 100
1 1 0 27.0 51.5 150 c26 0 100 100
1 1 0 27.0 51.5 159 c26 0 100 100
1 1 0 27.1 51.5 163 c26 0 100 100
1 1 2 27.1 51.5 156 c26 0 100 100
1 1 7 27.1 51.5 134 c26 0 100 100
1 1 0 27.1 51.5 160 c26 0 100 100
1 1 0 27.0 51.5 163 c26 0 100 100
1 1 0 27.0 51.5 169 c26 0 100 100
1 1 0 27.0 51.5 166 c26 0 100 100
1 1 0 27.0 51.5 165 c26 0 100 100
1 1 0 27.0 51.5 170 c26 0 100 100
1 1 0 27.0 51.5 173 c26 0 100 100
1 1 1 27.0 51.5 164 c26 0 100 100
1 1 0 27.1 51.5 166 c26 0 100 100
1 1 0 27.0 51.5 164 c26 0 100 100
1 1 0 27.0 52.0 164 c26 0 100 100
1 1 4 27.1 52.0 165 c26 0 100 100
1 1 0 27.0 52.0 160 c26 0 100 100
1 1 3 27.0 52.0 129 c26 0 100 100
1 1 2 27.0 52.0 134 c26 0 100 100
1 1 0 27.1 52.0 137 c26 0 100 100
1 1 2 27.0 52.0 177 c26 0 100 100
1 1 0 27.0 52.5 172 c26 0 100 100
1 1 0 27.1 52.5 168 c26 0 100 100
1 1 0 27.0 52.5 153 c26 0 100 100
1 1 0 27.1 52.5 142 c26 0 100 100
1 1 0 27.1 52.5 144 c26 0 100 100
1 1 1 27.0 52.5 156 c26 0 100 100
1 1 3 27.1 52.5 117 c26 0 100 100
1 1 0 27.1 52.5 138 c26 0 100 100
1 1 0 27.1 52.5 158 c26 0 100 100
1 1 9 27.0 53.5 154 c26 0 100 100
1 1 5 27.1 54.0 157 c26 0 100 100
1 1 1 27.2 54.0 159 c26 0 100 100
1 1 0 27.2 54.0 161 c26 0 100 100
1 1 0 27.1 53.5 161 c26 0 100 100
1 1 0 27.1 53.5 169 c26 0 100 100
1 1 0 27.2 53.5 185 c26 0 100 100
1 1 0 27.2 53.5 181 c26 0 100 100
1 1 0 27.2 53.0 181 c26 0 100 100
1 1 0 27.1 53.0 181 c26 0 100 100
1 1 13 27.1 52.5 181 c26 0 100 100
1 1 0 27.0 52.5 175 c26 0 100 100
1 1 0 27.0 53.0 166 c26 0 100 100
1 1 7 27.0 53.0 166 c26 0 100 100
1 1 9 27.0 53.0 169 c26 0 100 100
1 1 4 27.0 52.5 176 c26 0 100 100
1 1 1 27.1 52.5 172 c26 0 100 100
1 1 1 27.0 53.0 169 c26 0 100 100
1 1 0 27.1 53.0 163 c26 0 100 100
1 1 0 27.0 53.0 156 c26 0 100 100
1 1 0 27.1 53.0 152 c26 0 100 100
1 1 0 27.0 53.0 135 c26 0 100 100
1 1 0 27.1 53.0 155 c26 0 100 100
1 1 0 27.1 53.0 167 c26 0 100 100
1 1 0 27.0 53.0 165 c26 0 100 100
1 1 9 27.0 53.0 168 c26 0 100 100
1 1 9 27.1 53.0 172 c26 0 100 100
1 1 8 27.1 53.0 185 c26 0 100 100
1 1 0 27.0 53.0 190 c26 0 100 100
1 1 0 27.1 53.0 181 c26 0 100 100
1 1 0 27.0 53.0 182 c26 0 100 100
1 1 0 27.1 53.0 174 c26 0 100 100
1 1 13 27.1 53.0 160 c26 0 100 100
1 1 0 27.0 53.0 147 c26 0 100 100
1 1 0 27.0 53.0 178 c26 0 100 100
1 1 0 27.0 53.0 185 c26 0 100 100
1 1 1 27.0 53.0 187 c26 0 100 100
1 1 0 27.0 53.0 185 c26 0 100 100
1 1 0 27.0 53.0 187 c26 0 100 100
1 1 0 27.0 53.0 176 c26 0 100 100
1 1 0 27.0 52.5 158 c26 0 100 100
1 1 0 27.0 52.5 172 c26 0 100 100
1 1 0 26.9 52.5 171 c26 0 100 100
1 1 0 27.0 52.5 175 c26 0 100 100
1 1 2 26.9 52.5 182 c26 0 100 100
1 1 9 27.0 52.5 187 c26 0 100 100
1 1 9 27.0 52.0 191 c26 0 100 100
1 1 0 27.0 52.5 194 c26 0 100 100
1 1 2 27.0 52.5 198 c26 0 100 100
1 1 4 27.0 52.5 196 c26 0 100 100
1 1 3 27.0 52.5 190 c26 0 100 100
1 1 2 27.0 52.5 184 c26 0 100 100
1 1 1 27.0 52.5 187 c26 0 100 100
1 1 0 27.0 52.5 180 c26 0 100 100
1 1 3 27.0 52.5 158 c26 0 100 100
1 1 5 27.0 52.5 155 c26 0 100 100
1 1 0 26.9 52.5 170 c26 0 100 100
1 1 0 26.8 52.5 171 c26 0 100 100
1 1 3 26.9 52.5 172 c26 0 100 100
1 1 2 26.9 52.5 151 c26 0 100 100
1 1 0 26.9 52.5 186 c26 0 100 100
1 1 0 26.8 52.5 176 c26 0 100 100
1 1 8 26.9 52.5 149 c26 0 100 100
1 1 0 26.9 52.5 148 c26 0 100 100
1 1 2 26.8 52.0 152 c26 0 100 100
1 1 8 26.8 52.0 152 c26 0 100 100
1 1 0 26.8 52.0 154 c26 0 100 100
1 1 0 26.8 51.5 157 c26 0 100 100
1 1 0 26.8 51.5 187 c26 0 100 100
1 1 0 26.7 51.5 186 c26 0 100 100
1 1 0 26.7 51.0 179 c26 0 100 100
1 1 0 26.7 51.0 177 c26 0 100 100
1 1 0 26.7 51.0 177 c26 0 100 100
1 1 1 26.7 51.0 176 c26 0 100 100
1 1 0 26.7 50.5 172 c26 0 100 100
1 1 0 26.7 50.5 167 c26 0 100 100
1 1 0 26.6 50.5 173 c26 0 100 100
1 1 2 26.7 50.5 160 c26 0 100 100
1 1 0 26.7 50.5 159 c26 0 100 100
1 1 0 26.7 50.5 160 c26 0 100 100
1 1 0 26.7 50.5 177 c26 0 100 100
1 1 0 26.6 51.0 175 c26 0 100 100
1 1 0 26.7 51.0 173 c26 0 100 100
1 1 0 26.7 51.0 174 c26 0 100 100
1 1 0 26.6 51.0 176 c26 0 100 100
1 1 5 26.6 51.0 174 c26 0 100 100
1 1 0 26.6 50.5 177 c26 0 100 100
1 1 0 26.6 50.5 180 c26 0 100 100
1 1 0 26.6 50.5 186 c26 0 100 100
1 1 0 26.6 50.5 191 c26 0 100 100
1 1 0 26.6 51.0 198 c26 0 100 100
1 1 0 26.6 51.0 201 c26 0 100 100
1 1 0 26.6 51.0 203 c26 0 100 100
1 1 0 26.6 51.0 207 c26 0 100 100
1 1 1 26.6 51.0 203 c26 0 100 100
1 1 7 26.6 51.0 205 c26 0 100 100
1 1 0 26.6 51.0 207 c26 0 100 100
1 1 0 26.6 51.0 203 c26 0 100 100
1 1 0 26.6 51.0 202 c26 0 100 100
1 1 0 26.7 51.0 177 c26 0 100 100
1 1 0 26.6 51.0 153 c26 0 100 100
1 1 0 26.6 51.5 172 c26 0 100 100
1 1 1 26.6 51.5 141 c26 0 100 100
1 1 0 26.6 52.0 157 c26 0 100 100
1 1 1 26.6 52.0 165 c26 0 100 100
1 1 8 26.7 52.0 205 c26 0 100 100
1 1 0 26.6 52.0 216 c26 0 100 100
1 1 0 26.6 52.0 218 c26 0 100 100
1 1 1 26.6 52.0 205 c26 0 100 100
1 1 0 26.7 52.0 211 c26 0 100 100
1 1 0 26.7 52.0 226 c26 0 100 100
1 1 0 26.7 52.0 228 c26 0 100 100
1 1 0 26.7 52.0 227 c26 0 100 100
1 1 1 26.6 52.0 226 c26 0 100 100
0 1 19 26.6 51.5 133 c26 0 16 15
0 1 4 26.5 51.5 26 c26 0 16 15
0 1 0 26.4 51.0 26 c26 0 16 15
0 1 0 26.3 51.0 28 c26 0 16 15
0 1 0 26.3 50.5 28 c26 0 16 15
0 1 0 26.2 50.5 28 c26 0 16 15
0 1 2 26.2 50.0 28 c26 0 16 15
0 1 0 26.1 50.0 26 c26 0 16 15
0 1 1 26.0 50.0 26 c26 0 16 15
0 1 0 26.0 50.0 26 c26 0 16 15
0 1 0 26.0 49.5 26 c26 0 16 15
0 1 2 25.9 49.5 28 c26 0 16 15
0 1 3 25.8 49.5 26 c26 0 16 15
0 1 0 25.9 49.5 23 c26 0 16 15
0 1 0 25.9 49.5 21 c26 0 16 15
0 1 0 25.8 49.5 21 c26 0 16 15
0 1 0 25.8 49.5 21 c26 0 16 15
0 1 0 25.7 49.5 25 c26 0 16 15
0 1 3 25.8 49.5 25 c26 0 16 15
0 1 0 25.7 49.0 25 c26 0 16 15
0 1 2 25.7 49.5 28 c26 0 16 15
0 1 0 25.5 49.5 26 c26 0 16 15
0 1 1 25.6 49.5 26 c26 0 16 15
0 1 0 25.6 49.5 24 c26 0 16 15
0 1 0 25.5 49.5 28 c26 0 16 15
0 1 4 25.6 49.5 27 c26 0 16 15
0 1 2 25.5 49.5 24 c26 0 16 15
0 1 3 25.5 49.5 27 c26 0 16 15
0 1 0 25.5 49.5 25 c26 0 16 15
0 1 2 25.5 49.5 25 c26 0 16 15
0 1 4 25.4 49.5 25 c26 0 16 15
0 1 1 25.4 49.5 25 c26 0 16 15
1 1 15 25.3 49.5 151 c26 0 100 100
1 1 0 25.4 49.5 5 c26 0 100 100
1 1 8 25.5 50.0 14 c26 0 100 100
1 1 2 25.6 50.0 14 c26 0 100 100
1 1 0 25.7 50.0 18 c26 0 100 100
1 1 4 25.7 50.0 12 c26 0 100 100
1 1 0 25.8 50.5 12 c26 0 100 100
1 1 0 25.8 50.5 12 c26 0 100 100
1 1 0 25.8 50.0 24 c26 0 100 100
1 1 0 25.8 50.0 26 c26 0 100 100
1 1 0 25.8 50.0 23 c26 0 100 100
1 1 0 25.8 50.0 28 c26 0 100 100
1 1 0 25.8 50.0 34 c26 0 100 100
1 1 0 25.8 50.0 43 c26 0 100 100
1 1 0 25.8 50.5 44 c26 0 100 100
1 1 0 25.9 50.5 44 c26 0 100 100
1 1 0 25.9 50.5 45 c26 0 100 100
1 1 0 25.9 50.5 45 c26 0 100 100
1 1 0 25.9 50.5 47 c26 0 100 100
1 1 0 25.9 50.5 47 c26 0 100 100
1 1 0 25.9 51.0 53 c26 0 100 100
1 1 0 25.9 51.0 49 c26 0 100 100
1 1 0 26.0 51.0 53 c26 0 100 100
1 1 0 26.0 51.0 62 c26 0 100 100
1 1 0 25.9 51.0 65 c26 0 100 100
1 1 0 26.0 51.0 72 c26 0 100 100
1 1 0 25.9 51.0 77 c26 0 100 100
1 1 0 25.9 51.0 89 c26 0 100 100
1 1 0 26.0 51.0 83 c26 0 100 100
1 1 0 26.0 51.5 47 c26 0 100 100
1 1 0 26.0 51.5 35 c26 0 100 100
1 1 5 26.0 51.5 244 c26 0 100 100
1 1 0 26.1 52.0 11 c26 0 100 100
1 1 0 26.0 52.0 253 c26 0 100 100
1 1 0 26.1 52.0 171 c26 0 100 100
1 1 0 26.1 52.0 162 c26 0 100 100
1 1 6 26.1 52.5 162 c26 0 100 100
1 1 0 26.1 52.5 166 c26 0 100 100
1 1 0 26.1 53.0 137 c26 0 100 100
1 1 13 26.1 53.0 178 c26 0 100 100
1 1 0 26.2 53.0 105 c26 0 100 100
1 1 5 26.2 53.0 121 c26 0 100 100
1 1 0 26.1 53.0 24 c26 0 100 100
1 1 0 26.1 52.5 50 c26 0 100 100
1 1 1 26.2 52.5 103 c26 0 100 100
1 1 0 26.2 53.0 16 c26 0 100 100
1 1 0 26.2 52.5 141 c26 0 100 100
1 1 1 26.2 52.5 37 c26 0 100 100
1 1 0 26.1 52.5 241 c26 0 100 100
1 1 3 26.1 52.5 203 c26 0 100 100
1 1 0 26.1 52.5 186 c26 0 100 100
1 1 2 26.1 52.0 212 c26 0 100 100
1 1 2 26.1 52.0 39 c26 0 100 100
1 1 0 26.1 52.0 237 c26 0 100 100
1 1 0 26.1 52.0 173 c26 0 100 100
1 1 1 26.1 52.0 171 c26 0 100 100
1 1 1 26.1 52.0 174 c26 0 100 100
1 1 0 26.0 52.0 203 c26 0 100 100
1 1 0 26.1 52.0 213 c26 0 100 100
1 1 5 26.1 52.0 211 c26 0 100 100
1 1 0 26.1 52.0 211 c26 0 100 100
1 1 0 26.2 52.0 217 c26 0 100 100
1 1 0 26.1 52.0 216 c26 0 100 100
1 1 0 26.1 52.0 211 c26 0 100 100
1 1 0 26.1 52.0 230 c26 0 100 100
1 1 0 26.1 51.5 238 c26 0 100 100
1 1 0 26.0 51.5 222 c26 0 100 100
1 1 0 26.1 51.5 222 c26 0 100 100
1 1 2 26.1 51.5 213 c26 0 100 100
1 1 0 26.2 51.5 223 c26 0 100 100
1 1 0 26.1 51.5 216 c26 0 100 100
1 1 0 26.1 51.5 209 c26 0 100 100
1 1 0 26.1 51.5 223 c26 0 100 100
1 1 0 26.1 51.5 239 c26 0 100 100
1 1 0 26.1 52.0 246 c26 0 100 100
1 1 0 26.1 51.5 246 c26 0 100 100
1 1 0 26.1 51.5 250 c26 0 100 100
1 1 0 26.1 51.5 245 c26 0 100 100
1 1 0 26.1 51.5 233 c26 0 100 100
1 1 4 26.1 51.5 245 c26 0 100 100
1 1 0 26.1 52.0 243 c26 0 100 100
1 1 0 26.1 52.0 252 c26 0 100 100
1 1 0 26.1 52.5 254 c26 0 100 100
1 1 6 26.2 52.5 5 c26 0 100 100
1 1 9 26.2 52.5 12 -1 0 100 100
1 1 3 26.2 53.0 13 -1 0 100 100
1 1 18 26.2 53.5 218 -1 0 16 100
1 1 10 26.2 53.0 53 -1 0 16 13
0 1 7 26.3 53.5 21 -1 0 16 13
0 1 0 26.3 53.5 21 -1 0 16 13
0 1 0 26.5 53.5 21 -1 0 16 13
0 1 0 26.6 53.5 19 -1 0 16 13
0 1 0 26.7 53.5 19 -1 0 16 13
0 1 0 26.8 53.5 19 -1 0 16 13
0 1 0 26.8 53.5 17 -1 0 16 13
0 1 0 26.9 53.5 17 -1 0 16 13
0 1 0 27.0 53.5 17 -1 0 16 13
0 1 0 27.0 53.5 20 -1 0 16 13
0 1 0 27.1 53.5 20 -1 0 16 13
0 1 0 27.2 53.5 18 -1 0 16 13
0 1 0 27.2 53.5 18 -1 0 16 13
0 1 0 27.3 53.5 18 -1 0 16 13
0 1 0 27.3 53.5 18 -1 0 16 13
0 1 0 27.3 53.5 16 -1 0 16 13
0 1 0 27.3 53.5 18 -1 0 16 13
0 1 0 27.4 53.5 18 -1 0 16 13
0 1 0 27.5 53.5 18 -1 0 16 13
0 1 0 27.5 53.0 18 -1 0 16 13
0 1 0 27.5 53.0 18 -1 0 16 13
0 1 0 27.6 53.0 20 -1 0 16 13
0 1 0 27.5 53.0 17 -1 0 16 13
0 1 0 27.6 53.0 20 -1 0 16 13
0 1 0 27.6 53.0 20 -1 0 16 13
0 1 0 27.6 53.0 20 -1 0 16 13
0 1 0 27.7 53.0 20 -1 0 16 13
0 1 0 27.7 53.0 18 -1 0 16 13
0 1 0 27.8 53.5 18 -1 0 16 13
0 1 0 27.8 53.5 18 -1 0 16 13
0 1 0 27.9 53.0 20 -1 0 16 13
0 1 0 27.9 53.0 18 -1 0 16 13
0 1 0 27.9 53.0 18 -1 0 16 13
0 1 0 27.9 53.0 18 -1 0 16 13
0 1 0 28.0 53.0 16 -1 0 16 13
0 1 0 28.0 53.0 18 -1 0 16 13
0 1 0 28.0 53.5 16 -1 0 16 13
0 1 0 28.0 53.5 20 -1 0 16 13
0 1 0 28.1 53.5 16 -1 0 16 13
0 1 0 28.1 53.5 18 -1 0 16 13
0 1 0 28.2 53.5 18 -1 0 16 13
0 1 0 28.2 53.5 16 -1 0 16 13
0 1 0 28.2 53.5 18 -1 0 16 13
0 1 0 28.3 53.5 18 -1 0 16 13
0 1 0 28.3 53.5 16 -1 0 16 13
0 1 0 28.4 53.5 16 -1 0 16 13
0 1 0 28.3 53.5 16 -1 0 16 13
0 1 0 28.4 53.5 16 -1 0 16 13
0 1 0 28.3 53.5 16 -1 0 16 13
0 1 0 28.4 53.0 20 -1 0 16 13
0 1 0 28.4 53.0 18 -1 0 16 13
0 1 0 28.4 53.0 18 -1 0 16 13
0 1 0 28.4 53.0 18 -1 0 16 13
0 1 0 28.5 53.0 18 -1 0 16 13
0 1 0 28.5 53.0 16 -1 0 16 13
0 1 0 28.5 53.0 16 -1 0 16 13
0 1 0 28.4 52.5 16 -1 0 16 13
0 1 0 28.6 52.5 14 -1 0 16 13
0 1 0 28.5 52.5 14 -1 0 16 13
0 1 0 28.6 52.5 18 -1 0 16 13
0 1 0 28.6 52.5 14 -1 0 16 13
0 1 0 28.5 52.5 14 -1 0 16 13
0 1 0 28.5 52.5 14 -1 0 16 13
0 1 0 28.6 52.5 18 -1 0 16 13
0 1 0 28.6 52.0 18 -1 0 16 13
0 1 0 28.6 52.5 14 -1 0 16 13
0 1 0 28.6 52.0 18 -1 0 16 13
0 1 0 28.7 52.0 14 -1 0 16 13
0 1 0 28.7 52.0 18 -1 0 16 13
0 1 0 28.7 52.0 16 -1 0 16 13
0 1 0 28.7 52.5 14 -1 0 16 13
0 1 0 28.7 52.0 14 -1 0 16 13
0 1 0 28.7 52.0 14 -1 0 16 13
0 1 0 28.7 52.0 16 -1 0 16 13
0 1 0 28.8 52.0 16 -1 0 16 13
0 1 0 28.8 52.0 16 -1 0 16 13
0 1 0 28.8 52.0 18 -1 0 16 13
0 1 0 28.8 52.0 16 -1 0 16 13
0 1 0 28.8 51.5 16 -1 0 16 13
0 1 0 28.8 51.5 16 -1 0 16 13
0 1 0 28.8 51.5 16 -1 0 16 13
0 1 0 28.8 51.5 14 -1 0 16 13
0 1 0 28.8 51.5 16 -1 0 16 13
0 1 0 28.9 51.5 16 -1 0 16 13
0 1 0 28.9 51.5 16 -1 0 16 13
0 1 0 28.9 51.5 16 -1 0 16 13
0 1 0 28.9 51.0 16 -1 0 16 13
0 1 0 28.9 51.0 16 -1 0 16 13
0 1 0 28.9 51.0 14 -1 0 16 13
0 1 0 28.9 51.0 16 -1 0 16 13
0 1 0 28.8 51.0 14 -1 0 16 13
0 1 0 28.9 51.0 14 -1 0 16 13
0 1 0 28.9 51.0 16 -1 0 16 13
0 1 0 28.9 50.5 16 -1 0 16 13
0 1 0 29.0 50.5 16 -1 0 16 13
0 1 0 28.9 50.5 14 -1 0 16 13
0 1 0 29.0 50.5 14 -1 0 16 13
0 1 0 29.0 50.5 14 -1 0 16 13
0 1 0 29.0 50.5 14 -1 0 16 13
0 1 0 28.9 50.5 14 -1 0 16 13
0 1 0 29.0 50.0 12 -1 0 16 13
0 1 0 29.0 50.0 12 -1 0 16 13
0 1 0 29.0 50.0 12 -1 0 16 13
0 1 0 29.1 50.0 12 -1 0 16 13
0 1 0 29.0 50.0 16 -1 0 16 13
0 1 0 29.1 50.0 12 -1 0 16 13
0 1 0 29.1 50.0 13 -1 0 16 13
0 1 0 29.0 49.5 13 -1 0 16 13
0 1 0 29.1 49.5 13 -1 0 16 13
0 1 0 29.0 49.5 13 -1 0 16 13
0 1 0 29.0 49.5 13 -1 0 16 13
0 1 0 29.1 49.5 13 -1 0 16 13
0 1 0 29.1 49.5 13 -1 0 16 13
0 1 0 29.1 49.5 11 -1 0 16 13
0 1 0 29.1 49.5 11 -1 0 16 13
0 1 0 29.1 49.5 11 -1 0 16 13
0 1 0 29.1 49.5 11 -1 0 16 13
0 1 0 29.1 49.5 11 -1 0 16 13
0 1 0 29.1 49.0 11 -1 0 16 13
0 1 0 29.1 49.5 11 -1 0 16 13
0 1 0 29.1 49.0 13 -1 0 16 13
0 1 0 29.2 49.0 11 -1 0 16 13
0 1 0 29.1 49.0 11 -1 0 16 13
0 1 0 29.2 49.0 11 -1 0 16 13
0 1 0 29.2 49.0 11 -1 0 16 13
0 1 0 29.2 49.0 11 -1 0 16 13
0 1 0 29.2 49.0 9 -1 0 16 13
0 1 0 29.1 49.0 9 -1 0 16 13
0 1 0 29.2 48.5 9 -1 0 16 13
0 1 0 29.2 48.5 11 -1 0 16 13
0 1 0 29.1 48.5 9 -1 0 16 13
0 1 0 29.1 48.5 13 -1 0 16 13
0 1 0 29.2 48.5 11 -1 0 16 13
0 1 0 29.1 48.5 11 -1 0 16 13
0 1 0 29.2 48.5 9 -1 0 16 13
0 1 0 29.2 48.5 9 -1 0 16 13
0 1 0 29.1 48.5 9 -1 0 16 13
0 1 0 29.2 48.5 11 -1 0 16 13
0 1 0 29.2 48.5 7 -1 0 16 13
0 1 0 29.2 48.5 9 -1 0 16 13
0 1 0 29.1 48.0 9 -1 0 16 13
0 1 0 29.2 48.0 11 -1 0 16 13
0 1 0 29.2 48.0 9 -1 0 16 13
0 1 0 29.2 48.0 7 -1 0 16 13
0 1 0 29.2 48.0 7 -1 0 16 13
0 1 0 29.2 48.0 7 -1 0 16 13
0 1 0 29.2 48.0 9 -1 0 16 13
0 1 0 29.2 48.0 7 -1 0 16 13
0 1 0 29.1 47.5 7 -1 0 16 13
0 1 0 29.2 47.5 7 -1 0 16 13
0 1 0 29.2 47.5 7 -1 0 16 13
0 1 0 29.2 47.5 9 -1 0 16 13
0 1 0 29.2 47.5 9 -1 0 16 13
0 1 0 29.3 47.5 7 -1 0 16 13
0 1 0 29.2 47.5 5 -1 0 16 13
0 1 0 29.3 47.5 5 -1 0 16 13
0 1 0 29.2 47.5 7 -1 0 16 13
0 1 0 29.2 47.5 5 -1 0 16 13
0 1 0 29.3 47.5 9 -1 0 16 13
0 1 0 29.2 47.5 7 -1 0 16 13
0 1 0 29.2 47.0 5 -1 0 16 13
0 1 0 29.2 47.0 5 -1 0 16 13
0 1 0 29.3 47.0 4 -1 0 16 13
0 1 0 29.2 47.0 4 -1 0 16 13
0 1 0 29.2 47.0 4 -1 0 16 13
0 1 0 29.3 47.0 2 -1 0 16 13
0 1 0 29.2 47.0 2 -1 0 16 13
0 1 0 29.3 47.0 2 -1 0 16 13
0 1 0 29.3 47.0 2 -1 0 16 13
0 1 0 29.2 47.0 6 -1 0 16 13
0 1 0 29.3 46.5 4 -1 0 16 13
0 1 0 29.2 46.5 4 -1 0 16 13
0 1 0 29.2 46.5 4 -1 0 16 13
0 1 0 29.2 46.5 4 -1 0 16 13
0 1 0 29.3 46.5 4 -1 0 16 13
0 1 0 29.3 46.5 2 -1 0 16 13
0 1 0 29.3 46.5 2 -1 0 16 13
0 1 0 29.3 46.5 2 -1 0 16 13
0 1 0 29.2 46.5 2 -1 0 16 13
0 1 0 29.2 46.5 1 -1 0 16 13
0 1 0 29.2 46.5 1 -1 0 16 13
0 1 0 29.3 46.5 1 -1 0 16 13
0 1 0 29.3 46.5 4 -1 0 16 13
0 1 0 29.3 46.5 2 -1 0 16 13
0 1 0 29.3 46.5 2 -1 0 16 13
0 1 0 29.3 46.5 2 -1 0 16 13
0 1 0 29.3 46.5 2 -1 0 16 13
0 1 0 29.2 46.5 2 -1 0 16 13
0 1 0 29.3 46.5 0 -1 0 16 13
0 1 0 29.3 46.5 0 -1 0 16 13
0 1 0 29.3 46.5 0 -1 0 16 13
0 1 0 29.2 46.5 0 -1 0 16 13
0 1 0 29.3 46.5 0 -1 0 16 13
0 1 0 29.3 46.5 0 -1 0 16 13
0 1 0 29.3 46.5 0 -1 0 16 13
0 1 0 29.3 46.5 1 -1 0 16 13
0 1 0 29.3 46.5 1 -1 0 16 13
0 1 0 29.3 46.5 1 -1 0 16 13
0 1 0 29.3 46.5 1 -1 0 16 13
0 1 0 29.3 46.5 1 -1 0 16 13
0 1 0 29.3 46.5 1 -1 0 16 13
0 1 0 29.3 46.5 1 -1 0 16 13
0 1 0 29.2 46.5 1 -1 0 16 13
0 1 0 29.3 46.5 1 -1 0 16 13
0 1 0 29.3 46.5 1 -1 0 16 13
0 1 0 29.3 46.5 1 -1 0 16 13
0 1 0 29.2 46.5 1 -1 0 16 13
0 1 0 29.2 46.5 1 -1 0 16 13
0 1 0 29.3 46.5 1 -1 0 16 13
0 1 0 29.3 46.5 1 -1 0 16 13
0 1 0 29.2 46.0 1 -1 0 16 13
0 1 0 29.3 46.0 1 -1 0 16 13
0 1 0 29.3 46.0 1 -1 0 16 13
0 1 0 29.3 46.0 2 -1 0 16 13
0 1 0 29.3 46.0 1 -1 0 16 13
0 1 0 29.2 46.0 1 -1 0 16 13
0 1 0 29.3 46.0 1 -1 0 16 13
0 1 0 29.3 46.0 1 -1 0 16 13
0 1 0 29.2 46.0 2 -1 0 16 13
0 1 0 29.2 46.0 2 -1 0 16 13
0 1 0 29.2 46.0 2 -1 0 16 13
0 1 0 29.2 46.0 2 -1 0 16 13
0 1 0 29.2 46.0 2 -1 0 16 13
0 1 0 29.2 46.0 2 -1 0 16 13
0 1 0 29.2 46.0 2 -1 0 16 13
0 1 0 29.2 46.0 2 -1 0 16 13
0 1 0 29.2 46.0 2 -1 0 16 13
0 1 0 29.2 45.5 2 -1 0 16 13
0 1 0 29.3 46.0 2 -1 0 16 13
0 1 0 29.2 45.5 2 -1 0 16 13
0 1 0 29.2 45.5 2 -1 0 16 13
0 1 0 29.2 45.5 2 -1 0 16 13
0 1 0 29.2 45.5 2 -1 0 16 13
0 1 0 29.2 45.5 2 -1 0 16 13
0 1 0 29.2 45.5 2 -1 0 16 13
0 1 0 29.3 45.5 2 -1 0 16 13
0 1 0 29.2 45.5 2 -1 0 16 13
0 1 0 29.2 45.5 2 -1 0 16 13
0 1 0 29.2 45.5 2 -1 0 16 13
0 1 0 29.2 45.5 2 -1 0 16 13
0 1 0 29.2 45.5 2 -1 0 16 13
0 1 0 29.3 45.5 2 -1 0 16 13
0 1 0 29.2 45.5 2 -1 0 16 13
0 1 0 29.2 45.5 2 -1 0 16 13
0 1 0 29.2 45.5 2 -1 0 16 13
0 1 0 29.2 45.5 2 -1 0 16 13
0 1 0 29.2 45.5 2 -1 0 16 13
0 1 0 29.2 45.5 2 -1 0 16 13
0 1 0 29.2 45.5 2 -1 0 16 13
0 1 0 29.2 45.5 2 -1 0 16 13
0 1 0 29.2 45.5 2 -1 0 16 13
0 1 0 29.2 45.5 2 -1 0 16 13
0 1 0 29.3 45.5 2 -1 0 16 13
0 1 0 29.2 45.5 2 -1 0 16 13
0 1 0 29.2 45.5 2 -1 0 16 13
0 1 0 29.1 45.5 2 -1 0 16 13
0 1 0 29.2 45.5 2 -1 0 16 13
0 1 0 29.2 45.5 2 -1 0 16 13
0 1 0 29.1 45.5 2 -1 0 16 13
0 1 0 29.2 45.5 2 -1 0 16 13
0 1 0 29.2 45.5 2 -1 0 16 13
0 1 0 29.1 45.5 2 -1 0 16 13
0 1 0 29.2 45.5 2 -1 0 16 13
0 1 0 29.1 45.5 2 -1 0 16 13
0 1 0 29.2 45.0 2 -1 0 16 13
0 1 0 29.2 45.0 2 -1 0 16 13
0 1 0 29.1 45.5 2 -1 0 16 13
0 1 0 29.2 45.0 2 -1 0 16 13
0 1 0 29.2 45.0 2 -1 0 16 13
0 1 0 29.1 45.0 2 -1 0 16 13
0 1 0 29.1 45.0 2 -1 0 16 13
0 1 0 29.1 45.0 2 -1 0 16 13
0 1 0 29.1 45.0 2 -1 0 16 13
0 1 0 29.2 45.0 2 -1 0 16 13
0 1 0 29.1 45.0 2 -1 0 16 13
0 1 0 29.1 45.0 2 -1 0 16 13
0 1 0 29.2 45.0 2 -1 0 16 13
0 1 0 29.2 45.0 2 -1 0 16 13
0 1 0 29.2 45.0 2 -1 0 16 13
0 1 0 29.1 45.0 2 -1 0 16 13
0 1 0 29.1 45.0 2 -1 0 16 13
0 1 0 29.1 44.5 2 -1 0 16 13
0 1 0 29.1 45.0 2 -1 0 16 13
0 1 0 29.1 44.5 2 -1 0 16 13
0 1 0 29.1 44.5 2 -1 0 16 13
0 1 0 29.1 44.5 2 -1 0 16 13
0 1 0 29.1 44.5 2 -1 0 16 13
0 1 0 29.1 44.5 2 -1 0 16 13
0 1 0 29.1 44.5 2 -1 0 16 13
0 1 0 29.0 44.5 2 -1 0 16 13
0 1 0 29.1 44.5 2 -1 0 16 13
0 1 0 29.1 44.5 2 -1 0 16 13
0 1 0 29.1 44.5 2 -1 0 16 13
0 1 0 29.1 44.5 2 -1 0 16 13
0 1 0 29.0 44.0 2 -1 0 16 13
0 1 0 29.0 44.5 2 -1 0 16 13
0 1 0 29.1 44.0 2 -1 0 16 13
0 1 0 29.1 44.0 2 -1 0 16 13
0 1 0 29.0 44.0 2 -1 0 16 13
0 1 0 29.1 44.0 2 -1 0 16 13
0 1 0 29.0 44.0 2 -1 0 16 13
0 1 0 29.0 44.0 2 -1 0 16 13
0 1 0 29.1 44.0 2 -1 0 16 13
0 1 0 29.0 44.0 2 -1 0 16 13
0 1 0 29.1 44.0 2 -1 0 16 13
0 1 0 29.0 44.0 2 -1 0 16 13
0 1 0 29.0 44.0 2 -1 0 16 13
0 1 0 28.9 44.0 2 -1 0 16 13
0 1 0 29.0 44.0 2 -1 0 16 13
0 1 0 29.0 44.0 2 -1 0 16 13
0 1 0 29.0 44.0 2 -1 0 16 13
0 1 0 29.0 44.0 2 -1 0 16 13
0 1 0 29.0 44.0 2 -1 0 16 13
0 1 0 29.0 44.0 2 -1 0 16 13
0 1 0 29.0 44.0 2 -1 0 16 13
0 1 0 29.1 44.0 2 -1 0 16 13
0 1 0 29.0 44.0 2 -1 0 16 13
0 1 0 29.0 43.5 2 -1 0 16 13
0 1 0 29.0 43.5 2 -1 0 16 13
0 1 0 29.0 43.5 2 -1 0 16 13
0 1 0 29.0 44.0 2 -1 0 16 13
0 1 0 29.0 44.0 2 -1 0 16 13
0 1 0 29.0 44.0 2 -1 0 16 13
0 1 0 29.0 44.0 2 -1 0 16 13
0 1 0 28.9 44.0 2 -1 0 16 13
0 1 0 28.9 43.5 2 -1 0 16 13
0 1 0 29.0 44.0 2 -1 0 16 13
0 1 0 28.9 43.5 2 -1 0 16 13
0 1 0 29.0 43.5 2 -1 0 16 13
0 1 0 29.0 43.5 2 -1 0 16 13
0 1 0 28.9 43.5 2 -1 0 16 13
0 1 0 29.0 43.5 2 -1 0 16 13
0 1 0 29.0 43.5 2 -1 0 16 13
0 1 0 29.0 43.5 2 -1 0 16 13
0 1 0 28.9 43.5 2 -1 0 16 13
0 1 0 28.9 43.5 2 -1 0 16 13
0 1 0 29.0 43.5 2 -1 0 16 13
0 1 0 29.0 43.5 2 -1 0 16 13
0 1 0 29.0 43.5 2 -1 0 16 13
0 1 0 28.9 43.5 2 -1 0 16 13
0 1 0 28.9 43.5 2 -1 0 16 13
0 1 0 28.9 43.5 2 -1 0 16 13
0 1 0 29.0 43.5 2 -1 0 16 13
0 1 0 28.9 43.5 2 -1 0 16 13
0 1 0 29.0 43.5 2 -1 0 16 13
0 1 0 29.0 43.5 2 -1 0 16 13
0 1 0 29.0 43.5 2 -1 0 16 13
0 1 0 29.0 43.5 2 -1 0 16 13
0 1 0 29.0 43.5 2 -1 0 16 13
0 1 0 29.0 43.5 2 -1 0 16 13
0 1 0 29.0 43.5 2 -1 0 16 13
0 1 0 28.9 43.5 2 -1 0 16 13
0 1 0 28.9 43.0 2 -1 0 16 13
0 1 0 29.0 43.0 2 -1 0 16 13
0 1 0 28.9 43.5 2 -1 0 16 13
0 1 0 28.9 43.5 2 -1 0 16 13
0 1 0 28.9 43.0 2 -1 0 16 13
0 1 0 28.9 43.5 2 -1 0 16 13
0 1 0 28.9 43.5 2 -1 0 16 13
0 1 0 29.0 43.5 2 -1 0 16 13
0 1 0 29.0 43.5 2 -1 0 16 13
0 1 0 29.0 43.0 2 -1 0 16 13
0 1 0 28.9 43.0 2 -1 0 16 13
0 1 0 29.0 43.0 2 -1 0 16 13
0 1 0 29.0 43.0 2 -1 0 16 13
0 1 0 29.0 43.0 2 -1 0 16 13
0 1 0 28.9 43.0 2 -1 0 16 13
0 1 0 28.9 43.0 2 -1 0 16 13
0 1 0 28.9 43.0 2 -1 0 16 13
0 1 0 29.0 43.0 2 -1 0 16 13
0 1 0 29.0 43.0 2 -1 0 16 13
0 1 0 28.9 43.0 2 -1 0 16 13
0 1 0 28.9 42.5 2 -1 0 16 13
0 1 0 29.0 43.0 2 -1 0 16 13
0 1 0 29.0 42.5 2 -1 0 16 13
0 1 0 29.0 43.0 2 -1 0 16 13
0 1 0 29.0 43.0 2 -1 0 16 13
0 1 0 29.0 43.0 2 -1 0 16 13
0 1 0 28.9 43.0 2 -1 0 16 13
0 1 0 28.9 43.0 2 -1 0 16 13
0 1 0 28.9 43.0 2 -1 0 16 13
0 1 0 29.0 43.0 2 -1 0 16 13
0 1 0 29.0 43.0 2 -1 0 16 13
0 1 0 29.0 43.0 2 -1 0 16 13
0 1 0 28.9 43.0 2 -1 0 16 13
0 1 0 29.0 43.5 2 -1 0 16 13
0 1 0 29.0 43.5 2 -1 0 16 13
0 1 0 29.0 43.5 2 -1 0 16 13
0 1 0 29.0 43.5 2 -1 0 16 13
0 1 0 29.0 43.5 2 -1 0 16 13
0 1 0 29.0 43.5 2 -1 0 16 13
0 1 0 29.0 43.5 2 -1 0 16 13
0 1 0 29.1 43.5 2 -1 0 16 13
0 1 0 29.1 43.5 2 -1 0 16 13
0 1 0 29.0 43.5 0 -1 0 16 13
0 1 0 29.0 44.0 0 -1 0 16 13
0 1 0 29.1 44.0 0 -1 0 16 13
0 1 0 29.0 44.0 0 -1 0 16 13
0 1 0 29.1 44.0 0 -1 0 16 13
0 1 0 29.1 44.0 0 -1 0 16 13
0 1 0 29.1 44.0 0 -1 0 16 13
0 1 0 29.1 44.0 0 -1 0 16 13
0 1 0 29.0 44.0 0 -1 0 16 13
0 1 0 29.1 44.0 0 -1 0 16 13
0 1 0 29.1 44.0 0 -1 0 16 13
0 1 0 29.1 44.0 0 -1 0 16 13
0 1 0 29.1 44.0 0 -1 0 16 13
0 1 0 29.1 44.0 0 -1 0 16 13
0 1 0 29.1 43.5 0 -1 0 16 13
0 1 0 29.2 43.5 0 -1 0 16 13
0 1 0 29.2 43.5 0 -1 0 16 13
0 1 0 29.1 44.0 0 -1 0 16 13
0 1 0 29.2 44.0 0 -1 0 16 13
0 1 0 29.2 44.0 0 -1 0 16 13
0 1 0 29.3 44.0 0 -1 0 16 13
0 1 0 29.2 44.0 0 -1 0 16 13
0 1 0 29.2 44.0 0 -1 0 16 13
0 1 0 29.2 44.0 0 -1 0 16 13
0 1 0 29.2 43.5 0 -1 0 16 13
0 1 0 29.3 43.5 0 -1 0 16 13
0 1 0 29.3 43.5 0 -1 0 16 13
0 1 0 29.3 44.0 0 -1 0 16 13
0 1 0 29.3 43.5 0 -1 0 16 13
0 1 0 29.3 44.0 0 -1 0 16 13
0 1 0 29.3 44.0 0 -1 0 16 13
0 1 0 29.4 44.0 0 -1 0 16 13
0 1 0 29.4 44.0 0 -1 0 16 13
0 1 0 29.5 44.0 0 -1 0 16 13
0 1 0 29.5 44.0 0 -1 0 16 13
0 1 0 29.4 44.0 0 -1 0 16 13
0 1 0 29.4 44.0 0 -1 0 16 13
0 1 0 29.5 44.0 0 -1 0 16 13
0 1 0 29.5 44.5 0 -1 0 16 13
0 1 0 29.5 44.5 0 -1 0 16 13
0 1 0 29.5 44.5 0 -1 0 16 13
0 1 0 29.5 44.5 0 -1 0 16 13
0 1 0 29.5 44.5 0 -1 0 16 13
0 1 0 29.5 44.5 0 -1 0 16 13
0 1 0 29.5 44.5 0 -1 0 16 13
0 1 0 29.6 44.5 0 -1 0 16 13
0 1 0 29.5 45.0 0 -1 0 16 13
0 1 0 29.6 45.0 0 -1 0 16 13
0 1 0 29.6 45.0 0 -1 0 16 13
0 1 0 29.6 45.0 0 -1 0 16 13
0 1 0 29.6 45.0 0 -1 0 16 13
0 1 0 29.7 45.0 0 -1 0 16 13
0 1 0 29.7 45.0 0 -1 0 16 13
0 1 0 29.6 45.0 0 -1 0 16 13
0 1 0 29.7 44.5 0 -1 0 16 13
0 1 0 29.7 45.0 0 -1 0 16 13
0 1 0 29.8 45.0 0 -1 0 16 13
0 1 0 29.7 45.0 0 -1 0 16 13
0 1 0 29.8 45.0 0 -1 0 16 13
0 1 0 29.8 45.0 0 -1 0 16 13
0 1 0 29.8 45.0 0 -1 0 16 13
0 1 0 29.8 45.0 0 -1 0 16 13
0 1 0 29.8 45.0 0 -1 0 16 13
0 1 0 29.9 45.0 0 -1 0 16 13
0 1 0 29.9 45.0 0 -1 0 16 13
0 1 0 29.9 45.0 0 -1 0 16 13
0 1 0 29.9 45.0 0 -1 0 16 13
0 1 0 29.9 45.0 0 -1 0 16 13
0 1 0 29.9 45.0 0 -1 0 16 13
0 1 0 29.9 45.0 0 -1 0 16 13
0 1 0 29.9 45.0 0 -1 0 16 13
0 1 0 30.0 45.0 0 -1 0 16 13
0 1 0 30.0 45.0 0 -1 0 16 13
0 1 0 29.9 45.0 0 -1 0 16 13
0 1 0 30.1 45.0 0 -1 0 16 13
0 1 0 30.0 45.0 0 -1 0 16 13
0 1 0 30.1 45.5 0 -1 0 16 13
0 1 0 30.0 45.0 0 -1 0 16 13
0 1 0 30.1 45.5 0 -1 0 16 13
0 1 0 30.1 45.5 0 -1 0 16 13
0 1 0 30.1 45.5 0 -1 0 16 13
0 1 0 30.1 45.5 0 -1 0 16 13
0 1 0 30.1 45.5 0 -1 0 16 13
0 1 0 30.1 45.5 0 -1 0 16 13
0 1 0 30.2 45.5 0 -1 0 16 13
0 1 0 30.2 45.5 0 -1 0 16 13
0 1 0 30.2 45.5 0 -1 0 16 13
0 1 0 30.2 45.5 0 -1 0 16 13
0 1 0 30.2 45.5 0 -1 0 16 13
0 1 0 30.2 45.5 0 -1 0 16 13
0 1 0 30.3 45.5 0 -1 0 16 13
0 1 0 30.2 45.5 0 -1 0 16 13
0 1 0 30.3 45.5 0 -1 0 16 13
0 1 0 30.3 45.5 0 -1 0 16 13
0 1 0 30.2 45.5 0 -1 0 16 13
0 1 0 30.3 45.5 0 -1 0 16 13
0 1 0 30.3 45.5 0 -1 0 16 13
0 1 0 30.3 45.5 0 -1 0 16 13
0 1 0 30.3 46.0 0 -1 0 16 13
0 1 0 30.4 46.0 0 -1 0 16 13
0 1 0 30.4 46.0 0 -1 0 16 13
0 1 0 30.4 46.0 0 -1 0 16 13
0 1 0 30.3 46.0 0 -1 0 16 13
0 1 0 30.3 46.0 0 -1 0 16 13
0 1 0 30.4 46.0 0 -1 0 16 13
0 1 0 30.4 46.0 0 -1 0 16 13
0 1 0 30.4 46.0 0 -1 0 16 13
0 1 0 30.4 46.0 0 -1 0 16 13
0 1 0 30.5 46.0 0 -1 0 16 13
0 1 0 30.4 46.0 0 -1 0 16 13
0 1 0 30.5 46.0 0 -1 0 16 13
