0 1 0 30.5 46.0 0 -1 0 -1 -1
0 1 0 30.4 46.0 0 -1 0 -1 -1
0 1 0 30.5 46.5 0 -1 0 -1 -1
0 1 0 30.6 46.5 0 -1 0 -1 -1
0 1 0 30.5 46.5 0 -1 0 -1 -1
0 1 0 30.5 46.5 0 -1 0 -1 -1
0 1 0 30.5 46.5 0 -1 0 -1 -1
0 1 0 30.5 46.5 0 -1 0 -1 -1
0 1 0 30.6 46.5 0 -1 0 -1 -1
0 1 0 30.5 46.5 0 -1 0 -1 -1
0 1 0 30.5 46.5 0 -1 0 -1 -1
0 1 0 30.6 46.5 0 -1 0 -1 -1
0 1 0 30.6 46.5 0 -1 0 -1 -1
0 1 0 30.6 46.5 0 -1 0 -1 -1
0 1 0 30.6 46.5 0 -1 0 -1 -1
0 1 0 30.6 47.0 0 -1 0 -1 -1
0 1 0 30.6 47.0 0 -1 0 -1 -1
0 1 0 30.7 46.5 0 -1 0 -1 -1
0 1 0 30.7 46.5 0 -1 0 -1 -1
0 1 0 30.6 47.0 0 -1 0 -1 -1
0 1 0 30.7 47.0 0 -1 0 -1 -1
0 1 0 30.7 47.0 0 -1 0 -1 -1
0 1 0 30.7 47.0 0 -1 0 -1 -1
0 1 0 30.7 47.0 0 -1 0 -1 -1
0 1 0 30.7 47.0 0 -1 0 -1 -1
0 1 0 30.7 47.0 0 -1 0 -1 -1
0 1 0 30.7 47.0 0 -1 0 -1 -1
0 1 0 30.8 47.0 0 -1 0 -1 -1
0 1 0 30.8 47.0 0 -1 0 -1 -1
0 1 0 30.7 47.0 0 -1 0 -1 -1
0 1 0 30.8 47.0 0 -1 0 -1 -1
0 1 0 30.7 47.0 0 -1 0 -1 -1
0 1 0 30.8 47.0 0 -1 0 -1 -1
0 1 0 30.7 47.0 0 -1 0 -1 -1
0 1 0 30.8 47.0 0 -1 0 -1 -1
0 1 0 30.8 47.0 0 -1 0 -1 -1
0 1 0 30.8 47.0 0 -1 0 -1 -1
0 1 0 30.8 47.5 0 -1 0 -1 -1
0 1 0 30.8 47.5 0 -1 0 -1 -1
0 1 0 30.8 47.5 0 -1 0 -1 -1
0 1 0 30.8 47.5 0 -1 0 -1 -1
0 1 0 30.9 47.5 0 -1 0 -1 -1
0 1 0 30.9 47.5 0 -1 0 -1 -1
0 1 0 30.9 47.5 0 -1 0 -1 -1
0 1 0 30.8 47.5 0 -1 0 -1 -1
0 1 0 30.9 47.5 0 -1 0 -1 -1
0 1 0 30.9 47.5 0 -1 0 -1 -1
0 1 0 30.8 47.5 0 -1 0 -1 -1
0 1 0 30.8 47.5 0 -1 0 -1 -1
0 1 0 30.9 47.5 0 -1 0 -1 -1
0 1 0 30.9 47.5 0 -1 0 -1 -1
0 1 0 30.9 47.5 0 -1 0 -1 -1
0 1 0 30.9 47.5 0 -1 0 -1 -1
0 1 0 30.9 48.0 0 -1 0 -1 -1
0 1 0 30.9 48.0 0 -1 0 -1 -1
0 1 0 31.0 48.0 0 -1 0 -1 -1
0 1 0 31.0 48.0 0 -1 0 -1 -1
0 1 0 30.9 48.0 0 -1 0 -1 -1
0 1 0 31.0 48.0 0 -1 0 -1 -1
0 1 0 31.0 48.0 0 -1 0 -1 -1
0 1 0 31.0 48.0 0 -1 0 -1 -1
0 1 0 31.0 48.0 0 -1 0 -1 -1
0 1 0 31.0 48.0 0 -1 0 -1 -1
0 1 0 31.0 48.0 0 -1 0 -1 -1
0 1 0 30.9 48.0 0 -1 0 -1 -1
0 1 0 31.0 48.0 0 -1 0 -1 -1
0 1 0 31.1 48.0 0 -1 0 -1 -1
0 1 0 31.1 48.0 0 -1 0 -1 -1
0 1 0 31.1 48.0 0 -1 0 -1 -1
0 1 0 31.0 48.5 0 -1 0 -1 -1
0 1 0 31.0 48.5 0 -1 0 -1 -1
0 1 0 31.1 48.5 0 -1 0 -1 -1
0 1 0 31.1 48.5 0 -1 0 -1 -1
0 1 0 31.1 48.5 0 -1 0 -1 -1
0 1 0 31.1 48.5 0 -1 0 -1 -1
0 1 0 31.1 48.5 0 -1 0 -1 -1
0 1 0 31.1 48.5 0 -1 0 -1 -1
0 1 0 31.1 48.5 0 -1 0 -1 -1
0 1 0 31.1 48.5 0 -1 0 -1 -1
0 1 0 31.2 49.0 0 -1 0 -1 -1
0 1 0 31.1 49.0 0 -1 0 -1 -1
0 1 0 31.1 49.0 0 -1 0 -1 -1
0 1 0 31.1 49.0 0 -1 0 -1 -1
0 1 0 31.1 49.0 0 -1 0 -1 -1
0 1 0 31.1 49.0 0 -1 0 -1 -1
0 1 0 31.2 49.0 0 -1 0 -1 -1
0 1 0 31.1 49.0 0 -1 0 -1 -1
0 1 0 31.1 49.0 0 -1 0 -1 -1
0 1 0 31.1 49.0 0 -1 0 -1 -1
0 1 0 31.1 49.0 0 -1 0 -1 -1
0 1 0 31.2 49.0 0 -1 0 -1 -1
0 1 0 31.2 49.0 0 -1 0 -1 -1
0 1 0 31.2 49.5 0 -1 0 -1 -1
0 1 0 31.2 49.5 0 -1 0 -1 -1
0 1 0 31.2 49.5 0 -1 0 -1 -1
0 1 0 31.2 49.5 0 -1 0 -1 -1
0 1 0 31.3 49.5 0 -1 0 -1 -1
0 1 0 31.2 49.5 0 -1 0 -1 -1
0 1 0 31.2 49.5 0 -1 0 -1 -1
0 1 0 31.2 49.5 0 -1 0 -1 -1
0 1 0 31.2 49.5 0 -1 0 -1 -1
0 1 0 31.2 49.5 0 -1 0 -1 -1
0 1 0 31.2 49.5 0 -1 0 -1 -1
0 1 0 31.3 49.5 0 -1 0 -1 -1
0 1 0 31.2 49.5 0 -1 0 -1 -1
0 1 0 31.2 49.5 0 -1 0 -1 -1
0 1 0 31.2 50.0 0 -1 0 -1 -1
0 1 0 31.2 50.0 0 -1 0 -1 -1
0 1 0 31.2 50.0 0 -1 0 -1 -1
0 1 0 31.2 50.0 0 -1 0 -1 -1
0 1 0 31.2 50.0 0 -1 0 -1 -1
0 1 0 31.3 50.0 0 -1 0 -1 -1
0 1 0 31.3 50.0 0 -1 0 -1 -1
0 1 0 31.2 50.0 0 -1 0 -1 -1
0 1 0 31.3 50.0 0 -1 0 -1 -1
0 1 0 31.3 50.0 0 -1 0 -1 -1
0 1 0 31.3 50.0 0 -1 0 -1 -1
0 1 0 31.3 50.0 0 -1 0 -1 -1
0 1 0 31.3 50.0 0 -1 0 -1 -1
0 1 0 31.3 50.0 0 -1 0 -1 -1
0 1 0 31.3 50.0 0 -1 0 -1 -1
0 1 0 31.3 50.0 0 -1 0 -1 -1
0 1 0 31.4 50.0 0 -1 0 -1 -1
0 1 0 31.4 50.0 0 -1 0 -1 -1
0 1 0 31.3 50.0 0 -1 0 -1 -1
0 1 0 31.3 50.0 0 -1 0 -1 -1
0 1 0 31.3 50.0 0 -1 0 -1 -1
0 1 0 31.4 50.0 0 -1 0 -1 -1
0 1 0 31.3 50.0 0 -1 0 -1 -1
0 1 0 31.3 50.0 0 -1 0 -1 -1
0 1 0 31.4 50.0 0 -1 0 -1 -1
0 1 0 31.4 50.5 0 -1 0 -1 -1
0 1 0 31.4 50.5 0 -1 0 -1 -1
0 1 0 31.4 50.0 0 -1 0 -1 -1
0 1 0 31.3 50.5 0 -1 0 -1 -1
0 1 0 31.4 50.5 0 -1 0 -1 -1
0 1 0 31.4 50.5 0 -1 0 -1 -1
0 1 0 31.4 50.5 0 -1 0 -1 -1
0 1 0 31.4 50.5 0 -1 0 -1 -1
0 1 0 31.4 50.5 0 -1 0 -1 -1
0 1 0 31.4 50.5 0 -1 0 -1 -1
0 1 0 31.3 50.5 0 -1 0 -1 -1
0 1 0 31.4 50.5 0 -1 0 -1 -1
0 1 0 31.4 50.5 0 -1 0 -1 -1
0 1 0 31.4 50.5 0 -1 0 -1 -1
0 1 0 31.4 50.5 0 -1 0 -1 -1
0 1 0 31.4 50.5 0 -1 0 -1 -1
0 1 0 31.4 51.0 0 -1 0 -1 -1
0 1 0 31.4 51.0 0 -1 0 -1 -1
0 1 0 31.4 50.5 0 -1 0 -1 -1
0 1 0 31.4 50.5 0 -1 0 -1 -1
0 1 0 31.5 51.0 0 -1 0 -1 -1
0 1 0 31.5 51.0 0 -1 0 -1 -1
0 1 0 31.5 51.0 0 -1 0 -1 -1
0 1 0 31.4 51.0 0 -1 0 -1 -1
0 1 0 31.5 51.0 0 -1 0 -1 -1
0 1 0 31.4 51.0 0 -1 0 -1 -1
0 1 0 31.4 51.0 0 -1 0 -1 -1
0 1 0 31.5 51.0 0 -1 0 -1 -1
0 1 0 31.5 51.0 0 -1 0 -1 -1
0 1 0 31.5 51.0 0 -1 0 -1 -1
0 1 0 31.5 51.0 0 -1 0 -1 -1
0 1 0 31.5 51.0 0 -1 0 -1 -1
0 1 0 31.5 51.0 0 -1 0 -1 -1
0 1 0 31.5 51.0 0 -1 0 -1 -1
0 1 0 31.5 51.0 0 -1 0 -1 -1
0 1 0 31.5 51.0 0 -1 0 -1 -1
0 1 0 31.4 51.0 0 -1 0 -1 -1
0 1 0 31.5 51.0 0 -1 0 -1 -1
0 1 0 31.5 51.0 0 -1 0 -1 -1
0 1 0 31.5 51.0 0 -1 0 -1 -1
0 1 0 31.5 51.0 0 -1 0 -1 -1
0 1 0 31.5 51.0 0 -1 0 -1 -1
0 1 0 31.5 51.0 0 -1 0 -1 -1
0 1 0 31.4 51.0 0 -1 0 -1 -1
0 1 0 31.5 51.5 0 -1 0 -1 -1
0 1 0 31.6 51.5 0 -1 0 -1 -1
0 1 0 31.5 51.5 0 -1 0 -1 -1
0 1 0 31.5 51.5 0 -1 0 -1 -1
0 1 0 31.5 51.0 0 -1 0 -1 -1
0 1 0 31.5 51.5 0 -1 0 -1 -1
0 1 0 31.5 51.5 0 -1 0 -1 -1
0 1 0 31.6 51.5 0 -1 0 -1 -1
0 1 0 31.5 51.0 0 -1 0 -1 -1
0 1 0 31.5 51.5 0 -1 0 -1 -1
0 1 0 31.5 51.5 0 -1 0 -1 -1
0 1 0 31.5 51.5 0 -1 0 -1 -1
0 1 0 31.5 51.5 0 -1 0 -1 -1
0 1 0 31.6 51.5 0 -1 0 -1 -1
0 1 0 31.5 51.5 0 -1 0 -1 -1
0 1 0 31.6 51.5 0 -1 0 -1 -1
0 1 0 31.5 51.5 0 -1 0 -1 -1
0 1 0 31.5 51.5 0 -1 0 -1 -1
0 1 0 31.5 51.5 0 -1 0 -1 -1
0 1 0 31.5 51.5 0 -1 0 -1 -1
0 1 0 31.6 51.5 0 -1 0 -1 -1
0 1 0 31.5 51.5 0 -1 0 -1 -1
0 1 0 31.6 51.5 0 -1 0 -1 -1
0 1 0 31.6 51.5 0 -1 0 -1 -1
0 1 0 31.6 51.5 0 -1 0 -1 -1
0 1 0 31.6 51.5 0 -1 0 -1 -1
0 1 0 31.5 51.5 0 -1 0 -1 -1
0 1 0 31.6 51.5 0 -1 0 -1 -1
0 1 0 31.6 51.5 0 -1 0 -1 -1
0 1 0 31.5 51.5 0 -1 0 -1 -1
0 1 0 31.6 52.0 0 -1 0 -1 -1
0 1 0 31.7 51.5 0 -1 0 -1 -1
0 1 0 31.6 52.0 0 -1 0 -1 -1
0 1 0 31.6 52.0 0 -1 0 -1 -1
0 1 0 31.6 52.0 0 -1 0 -1 -1
0 1 0 31.6 52.0 0 -1 0 -1 -1
0 1 0 31.6 52.0 0 -1 0 -1 -1
0 1 0 31.6 52.0 0 -1 0 -1 -1
0 1 0 31.6 52.0 0 -1 0 -1 -1
0 1 0 31.6 52.0 0 -1 0 -1 -1
0 1 0 31.6 52.0 0 -1 0 -1 -1
0 1 0 31.6 52.0 0 -1 0 -1 -1
0 1 0 31.6 52.0 0 -1 0 -1 -1
0 1 0 31.6 52.0 0 -1 0 -1 -1
0 1 0 31.5 52.0 0 -1 0 -1 -1
0 1 0 31.6 52.0 0 -1 0 -1 -1
0 1 0 31.6 52.0 0 -1 0 -1 -1
0 1 0 31.7 52.0 0 -1 0 -1 -1
0 1 0 31.6 52.0 0 -1 0 -1 -1
0 1 0 31.6 52.0 0 -1 0 -1 -1
0 1 0 31.6 52.0 0 -1 0 -1 -1
0 1 0 31.6 52.0 0 -1 0 -1 -1
0 1 0 31.6 52.0 0 -1 0 -1 -1
0 1 0 31.6 52.0 0 -1 0 -1 -1
0 1 0 31.6 52.0 0 -1 0 -1 -1
0 1 0 31.6 52.0 0 -1 0 -1 -1
0 1 0 31.6 52.5 0 -1 0 -1 -1
0 1 0 31.7 52.5 0 -1 0 -1 -1
0 1 0 31.6 52.5 0 -1 0 -1 -1
0 1 0 31.6 52.5 0 -1 0 -1 -1
0 1 0 31.6 52.5 0 -1 0 -1 -1
0 1 0 31.6 52.5 0 -1 0 -1 -1
0 1 0 31.6 52.5 0 -1 0 -1 -1
0 1 0 31.7 52.5 0 -1 0 -1 -1
0 1 0 31.7 52.5 0 -1 0 -1 -1
0 1 0 31.7 52.5 0 -1 0 -1 -1
0 1 0 31.7 52.5 0 -1 0 -1 -1
0 1 0 31.7 52.5 0 -1 0 -1 -1
0 1 0 31.6 52.5 0 -1 0 -1 -1
0 1 0 31.6 52.5 0 -1 0 -1 -1
0 1 0 31.6 52.5 0 -1 0 -1 -1
0 1 0 31.7 53.0 0 -1 0 -1 -1
0 1 0 31.7 53.0 0 -1 0 -1 -1
0 1 0 31.6 53.0 0 -1 0 -1 -1
0 1 0 31.7 53.0 0 -1 0 -1 -1
0 1 0 31.6 52.5 0 -1 0 -1 -1
0 1 0 31.6 53.0 0 -1 0 -1 -1
0 1 0 31.7 53.0 0 -1 0 -1 -1
0 1 0 31.8 53.0 0 -1 0 -1 -1
0 1 0 31.7 53.0 0 -1 0 -1 -1
0 1 0 31.7 53.0 0 -1 0 -1 -1
0 1 0 31.7 53.0 0 -1 0 -1 -1
0 1 0 31.7 53.0 0 -1 0 -1 -1
0 1 0 31.7 53.0 0 -1 0 -1 -1
0 1 0 31.7 53.0 0 -1 0 -1 -1
0 1 0 31.7 53.0 0 -1 0 -1 -1
0 1 0 31.7 53.0 0 -1 0 -1 -1
0 1 0 31.7 53.0 0 -1 0 -1 -1
0 1 0 31.7 53.0 0 -1 0 -1 -1
0 1 0 31.7 53.0 0 -1 0 -1 -1
0 1 0 31.7 53.0 0 -1 0 -1 -1
0 1 0 31.7 53.0 0 -1 0 -1 -1
0 1 0 31.7 53.0 0 -1 0 -1 -1
0 1 0 31.7 53.0 0 -1 0 -1 -1
0 1 0 31.7 53.0 0 -1 0 -1 -1
0 1 0 31.7 53.5 0 -1 0 -1 -1
0 1 0 31.7 53.5 0 -1 0 -1 -1
0 1 0 31.7 53.5 0 -1 0 -1 -1
0 1 0 31.7 53.5 0 -1 0 -1 -1
0 1 0 31.7 53.5 0 -1 0 -1 -1
0 1 0 31.7 53.5 0 -1 0 -1 -1
0 1 0 31.7 53.5 0 -1 0 -1 -1
0 1 0 31.7 53.5 0 -1 0 -1 -1
0 1 0 31.7 53.5 0 -1 0 -1 -1
0 1 0 31.8 53.5 0 -1 0 -1 -1
0 1 0 31.7 53.5 0 -1 0 -1 -1
0 1 0 31.8 53.5 0 -1 0 -1 -1
0 1 0 31.7 53.5 0 -1 0 -1 -1
0 1 0 31.7 53.5 0 -1 0 -1 -1
0 1 0 31.7 53.5 0 -1 0 -1 -1
0 1 0 31.7 53.5 0 -1 0 -1 -1
0 1 0 31.7 53.5 0 -1 0 -1 -1
0 1 0 31.7 53.5 0 -1 0 -1 -1
0 1 0 31.7 53.5 0 -1 0 -1 -1
0 1 0 31.7 53.5 0 -1 0 -1 -1
0 1 0 31.7 54.0 0 -1 0 -1 -1
0 1 0 31.7 54.0 0 -1 0 -1 -1
0 1 0 31.7 54.0 0 -1 0 -1 -1
0 1 0 31.7 54.0 0 -1 0 -1 -1
0 1 0 31.7 54.0 0 -1 0 -1 -1
0 1 0 31.7 54.0 0 -1 0 -1 -1
0 1 0 31.7 54.0 0 -1 0 -1 -1
0 1 0 31.7 54.0 0 -1 0 -1 -1
0 1 0 31.7 54.0 2 -1 0 -1 -1
0 1 0 31.7 54.0 2 -1 0 -1 -1
0 1 0 31.7 54.0 2 -1 0 -1 -1
0 1 0 31.7 54.0 2 -1 0 -1 -1
0 1 0 31.7 54.0 2 -1 0 -1 -1
0 1 0 31.7 54.0 2 -1 0 -1 -1
0 1 0 31.7 54.0 1 -1 0 -1 -1
0 1 0 31.8 54.0 1 -1 0 -1 -1
0 1 0 31.7 54.0 1 -1 0 -1 -1
0 1 0 31.7 54.0 1 -1 0 -1 -1
0 1 0 31.7 54.0 1 -1 0 -1 -1
0 1 0 31.7 54.0 1 -1 0 -1 -1
0 1 0 31.8 54.5 1 -1 0 -1 -1
0 1 0 31.8 54.0 1 -1 0 -1 -1
0 1 0 31.8 54.0 1 -1 0 -1 -1
0 1 0 31.7 54.0 1 -1 0 -1 -1
0 1 0 31.8 54.5 1 -1 0 -1 -1
0 1 0 31.8 54.0 1 -1 0 -1 -1
0 1 0 31.8 54.5 0 -1 0 -1 -1
0 1 0 31.8 54.5 0 -1 0 -1 -1
0 1 0 31.8 54.5 0 -1 0 -1 -1
0 1 0 31.8 54.0 0 -1 0 -1 -1
0 1 0 31.8 54.5 0 -1 0 -1 -1
0 1 0 31.8 54.5 0 -1 0 -1 -1
0 1 0 31.8 54.5 2 -1 0 -1 -1
0 1 0 31.8 54.5 2 -1 0 -1 -1
0 1 0 31.8 54.5 2 -1 0 -1 -1
0 1 0 31.7 54.5 1 -1 0 -1 -1
0 1 0 31.8 54.5 1 -1 0 -1 -1
0 1 0 31.8 54.5 1 -1 0 -1 -1
0 1 0 31.7 54.5 2 -1 0 -1 -1
0 1 0 31.8 54.5 2 -1 0 -1 -1
0 1 0 31.8 54.5 4 -1 0 -1 -1
0 1 0 31.7 54.5 1 -1 0 -1 -1
0 1 0 31.8 54.5 2 -1 0 -1 -1
0 1 0 31.8 54.5 2 -1 0 -1 -1
0 1 0 31.8 54.5 2 -1 0 -1 -1
0 1 0 31.7 54.5 4 -1 0 -1 -1
0 1 0 31.8 54.5 2 -1 0 -1 -1
0 1 0 31.8 54.5 2 -1 0 -1 -1
0 1 0 31.8 54.5 2 -1 0 -1 -1
0 1 0 31.8 54.5 4 -1 0 -1 -1
0 1 0 31.8 55.0 4 -1 0 -1 -1
0 1 0 31.8 54.5 4 -1 0 -1 -1
0 1 0 31.7 54.5 4 -1 0 -1 -1
0 1 0 31.8 54.5 4 -1 0 -1 -1
0 1 0 31.8 55.0 2 -1 0 -1 -1
0 1 0 31.9 54.5 2 -1 0 -1 -1
0 1 0 31.7 55.0 2 -1 0 -1 -1
0 1 0 31.8 55.0 2 -1 0 -1 -1
0 1 0 31.9 55.0 4 -1 0 -1 -1
0 1 0 31.8 55.0 4 -1 0 -1 -1
0 1 0 31.8 55.0 4 -1 0 -1 -1
0 1 0 31.8 55.0 4 -1 0 -1 -1
0 1 0 31.8 55.0 6 -1 0 -1 -1
0 1 0 31.9 55.0 6 -1 0 -1 -1
0 1 0 31.8 55.0 6 -1 0 -1 -1
0 1 0 31.8 55.0 5 -1 0 -1 -1
0 1 0 31.8 55.0 7 -1 0 -1 -1
0 1 0 31.8 55.0 9 -1 0 -1 -1
0 1 0 31.8 55.0 5 -1 0 -1 -1
0 1 0 31.8 55.0 7 -1 0 -1 -1
0 1 0 31.8 55.5 9 -1 0 -1 -1
0 1 0 31.8 55.0 9 -1 0 -1 -1
0 1 0 31.9 55.0 11 -1 0 -1 -1
0 1 0 31.8 55.5 11 -1 0 -1 -1
0 1 0 31.9 55.5 12 -1 0 -1 -1
0 1 0 31.9 55.0 14 -1 0 -1 -1
0 1 0 31.9 55.0 12 -1 0 -1 -1
0 1 0 31.9 55.0 16 -1 0 -1 -1
0 1 0 31.9 55.0 14 -1 0 -1 -1
0 1 0 31.9 55.0 14 -1 0 -1 -1
0 1 0 31.9 55.0 16 -1 0 -1 -1
0 1 0 31.9 55.0 16 -1 0 -1 -1
0 1 0 31.9 55.0 18 -1 0 -1 -1
0 1 0 31.8 55.0 18 -1 0 -1 -1
0 1 0 31.9 55.0 14 -1 0 -1 -1
0 1 0 31.8 55.0 16 -1 0 -1 -1
0 1 0 31.9 55.0 16 -1 0 -1 -1
0 1 0 31.9 55.0 18 -1 0 -1 -1
0 1 0 31.8 55.0 20 -1 0 -1 -1
0 1 0 32.0 55.0 17 -1 0 -1 -1
0 1 0 32.0 55.0 19 -1 0 -1 -1
0 1 0 32.0 55.0 19 -1 0 -1 -1
0 1 0 32.0 55.0 19 -1 0 -1 -1
0 1 0 31.9 55.0 19 -1 0 -1 -1
0 1 0 31.9 55.0 19 -1 0 -1 -1
0 1 0 32.0 55.0 20 -1 0 -1 -1
0 1 0 31.9 55.0 16 -1 0 -1 -1
0 1 0 32.0 55.0 20 -1 0 -1 -1
0 1 0 31.9 55.0 18 -1 0 -1 -1
0 1 0 32.0 55.0 20 -1 0 -1 -1
0 1 0 32.0 55.0 18 -1 0 -1 -1
0 1 0 32.0 55.0 22 -1 0 -1 -1
0 1 0 32.0 55.0 21 -1 0 -1 -1
0 1 0 32.1 55.0 21 -1 0 -1 -1
0 1 0 32.0 55.0 23 -1 0 -1 -1
0 1 0 32.1 55.0 23 -1 0 -1 -1
0 1 0 32.1 55.0 22 -1 0 -1 -1
0 1 0 32.0 55.0 23 -1 0 -1 -1
0 1 0 32.0 55.5 23 -1 0 -1 -1
0 1 0 32.1 55.0 23 -1 0 -1 -1
0 1 0 32.0 55.0 25 -1 0 -1 -1
0 1 0 32.0 55.0 25 -1 0 -1 -1
0 1 0 32.1 55.0 23 -1 0 -1 -1
0 1 0 32.1 55.0 25 -1 0 -1 -1
0 1 0 32.0 55.0 25 -1 0 -1 -1
0 1 0 32.1 55.0 25 -1 0 -1 -1
0 1 0 32.1 55.0 25 -1 0 -1 -1
0 1 0 32.0 55.0 25 -1 0 -1 -1
0 1 0 32.1 55.0 27 -1 0 -1 -1
0 1 0 32.1 55.0 27 -1 0 -1 -1
0 1 0 32.2 55.0 27 -1 0 -1 -1
0 1 0 32.1 55.0 27 -1 0 -1 -1
0 1 0 32.1 55.0 29 -1 0 -1 -1
0 1 0 32.1 55.5 29 -1 0 -1 -1
0 1 0 32.1 55.5 29 -1 0 -1 -1
0 1 0 32.2 55.5 30 -1 0 -1 -1
0 1 0 32.2 55.5 30 -1 0 -1 -1
0 1 0 32.2 55.5 34 -1 0 -1 -1
0 1 0 32.1 55.5 34 -1 0 -1 -1
0 1 0 32.2 55.5 32 -1 0 -1 -1
0 1 0 32.2 55.5 32 -1 0 -1 -1
0 1 0 32.2 55.5 34 -1 0 -1 -1
0 1 0 32.2 55.5 34 -1 0 -1 -1
0 1 0 32.2 55.5 36 -1 0 -1 -1
0 1 0 32.2 55.5 35 -1 0 -1 -1
0 1 0 32.2 55.5 35 -1 0 -1 -1
0 1 0 32.3 55.5 37 -1 0 -1 -1
0 1 0 32.3 55.5 37 -1 0 -1 -1
0 1 0 32.2 55.5 37 -1 0 -1 -1
0 1 0 32.2 55.5 37 -1 0 -1 -1
0 1 0 32.3 55.5 39 -1 0 -1 -1
0 1 0 32.2 55.5 39 -1 0 -1 -1
0 1 0 32.3 55.5 39 -1 0 -1 -1
0 1 0 32.3 55.5 37 -1 0 -1 -1
0 1 0 32.2 55.5 38 -1 0 -1 -1
0 1 0 32.3 55.5 38 -1 0 -1 -1
0 1 0 32.3 55.5 37 -1 0 -1 -1
0 1 0 32.3 55.5 37 -1 0 -1 -1
0 1 0 32.3 55.5 39 -1 0 -1 -1
0 1 0 32.3 55.5 39 -1 0 -1 -1
0 1 0 32.3 55.5 37 -1 0 -1 -1
0 1 0 32.3 55.5 41 -1 0 -1 -1
0 1 0 32.3 55.5 39 -1 0 -1 -1
0 1 0 32.3 55.5 39 -1 0 -1 -1
0 1 0 32.4 55.5 39 -1 0 -1 -1
0 1 0 32.3 55.5 43 -1 0 -1 -1
0 1 0 32.4 55.5 41 -1 0 -1 -1
0 1 0 32.3 55.5 43 -1 0 -1 -1
0 1 0 32.4 55.5 39 -1 0 -1 -1
0 1 0 32.4 55.5 41 -1 0 -1 -1
0 1 0 32.4 55.5 43 -1 0 -1 -1
0 1 0 32.4 56.0 45 -1 0 -1 -1
0 1 0 32.4 55.5 42 -1 0 -1 -1
0 1 0 32.4 55.5 45 -1 0 -1 -1
0 1 0 32.4 55.5 45 -1 0 -1 -1
0 1 0 32.4 56.0 44 -1 0 -1 -1
0 1 0 32.3 55.5 44 -1 0 -1 -1
0 1 0 32.5 56.0 44 -1 0 -1 -1
0 1 0 32.5 56.0 44 -1 0 -1 -1
0 1 0 32.4 56.0 44 -1 0 -1 -1
0 1 0 32.5 55.5 44 -1 0 -1 -1
0 1 0 32.5 56.0 44 -1 0 -1 -1
0 1 0 32.4 55.5 42 -1 0 -1 -1
0 1 0 32.5 56.0 45 -1 0 -1 -1
0 1 0 32.5 56.0 43 -1 0 -1 -1
0 1 0 32.6 56.0 41 -1 0 -1 -1
0 1 0 32.5 56.0 41 -1 0 -1 -1
0 1 0 32.5 56.0 41 -1 0 -1 -1
0 1 0 32.5 55.5 39 -1 0 -1 -1
0 1 0 32.5 56.0 41 -1 0 -1 -1
0 1 0 32.5 56.0 39 -1 0 -1 -1
0 1 0 32.5 56.0 41 -1 0 -1 -1
0 1 0 32.5 56.0 41 -1 0 -1 -1
0 1 0 32.6 56.0 39 -1 0 -1 -1
0 1 0 32.5 56.0 37 -1 0 -1 -1
0 1 0 32.6 56.0 39 -1 0 -1 -1
0 1 0 32.6 56.0 37 -1 0 -1 -1
0 1 0 32.5 56.0 36 -1 0 -1 -1
0 1 0 32.6 56.0 36 -1 0 -1 -1
0 1 0 32.6 56.0 36 -1 0 -1 -1
0 1 0 32.6 56.0 32 -1 0 -1 -1
0 1 0 32.5 56.0 32 -1 0 -1 -1
0 1 0 32.6 56.0 30 -1 0 -1 -1
0 1 0 32.6 56.0 32 -1 0 -1 -1
0 1 0 32.6 56.0 27 -1 0 -1 -1
0 1 0 32.6 56.0 27 -1 0 -1 -1
0 1 0 32.6 56.0 29 -1 0 -1 -1
0 1 0 32.5 56.0 27 -1 0 -1 -1
0 1 0 32.5 56.0 27 -1 0 -1 -1
0 1 0 32.5 56.0 25 -1 0 -1 -1
0 1 0 32.5 56.0 25 -1 0 -1 -1
0 1 0 32.5 56.0 29 -1 0 -1 -1
0 1 0 32.5 56.0 25 -1 0 -1 -1
0 1 0 32.5 56.0 25 -1 0 -1 -1
0 1 0 32.5 56.0 25 -1 0 -1 -1
0 1 0 32.6 56.0 29 -1 0 -1 -1
0 1 0 32.5 56.0 27 -1 0 -1 -1
0 1 0 32.5 56.0 27 -1 0 -1 -1
0 1 0 32.6 56.0 25 -1 0 -1 -1
0 1 0 32.5 56.0 27 -1 0 -1 -1
0 1 0 32.6 56.0 27 -1 0 -1 -1
0 1 0 32.6 56.0 27 -1 0 -1 -1
0 1 0 32.5 56.5 25 -1 0 -1 -1
0 1 0 32.5 56.5 29 -1 0 -1 -1
0 1 0 32.5 56.5 29 -1 0 -1 -1
0 1 0 32.5 56.5 29 -1 0 -1 -1
0 1 0 32.5 56.5 27 -1 0 -1 -1
0 1 0 32.5 56.5 25 -1 0 -1 -1
0 1 0 32.5 56.5 23 -1 0 -1 -1
0 1 0 32.6 56.5 25 -1 0 -1 -1
0 1 0 32.5 56.5 25 -1 0 -1 -1
0 1 0 32.4 56.5 25 -1 0 -1 -1
0 1 0 32.5 56.5 25 -1 0 -1 -1
0 1 0 32.5 56.5 25 -1 0 -1 -1
0 1 0 32.4 56.5 25 -1 0 -1 -1
0 1 0 32.4 56.5 27 -1 0 -1 -1
0 1 0 32.4 56.5 27 -1 0 -1 -1
0 1 0 32.5 56.5 27 -1 0 -1 -1
0 1 0 32.5 56.5 27 -1 0 -1 -1
0 1 0 32.4 56.5 29 -1 0 -1 -1
0 1 0 32.5 56.5 27 -1 0 -1 -1
0 1 0 32.4 56.5 25 -1 0 -1 -1
0 1 0 32.5 56.5 27 -1 0 -1 -1
0 1 0 32.4 56.5 27 -1 0 -1 -1
0 1 0 32.5 56.5 27 -1 0 -1 -1
0 1 0 32.5 56.5 27 -1 0 -1 -1
0 1 0 32.4 56.5 27 -1 0 -1 -1
0 1 0 32.4 56.5 27 -1 0 -1 -1
0 1 0 32.5 56.5 25 -1 0 -1 -1
0 1 0 32.5 56.5 25 -1 0 -1 -1
0 1 0 32.5 56.5 23 -1 0 -1 -1
0 1 0 32.4 56.5 23 -1 0 -1 -1
0 1 0 32.4 57.0 27 -1 0 -1 -1
0 1 0 32.4 56.5 27 -1 0 -1 -1
0 1 0 32.4 56.5 27 -1 0 -1 -1
0 1 0 32.4 56.5 25 -1 0 -1 -1
0 1 0 32.3 56.5 23 -1 0 -1 -1
0 1 0 32.4 56.5 25 -1 0 -1 -1
0 1 0 32.4 56.5 25 -1 0 -1 -1
0 1 0 32.4 56.5 25 -1 0 -1 -1
0 1 0 32.3 56.5 27 -1 0 -1 -1
0 1 0 32.4 56.5 23 c26 0 -1 -1
0 1 0 32.3 56.5 27 c26 0 -1 -1
1 1 9 32.3 56.0 130 c26 0 100 -1
1 1 16 32.2 53.0 179 c26 0 100 100
1 1 13 32.0 51.0 224 c26 0 100 100
1 1 1 31.7 51.0 223 c26 0 100 100
1 1 3 31.5 51.0 226 c26 0 100 100
1 1 0 31.3 50.5 222 c26 0 100 100
1 1 0 31.2 50.5 222 c26 0 100 100
1 1 2 31.1 49.5 220 c26 0 100 100
1 1 0 31.1 49.0 218 c26 0 100 100
1 1 0 30.9 49.0 218 c26 0 100 100
1 1 1 30.7 48.0 216 c26 0 100 100
1 1 0 30.6 48.0 218 c26 0 100 100
1 1 0 30.5 48.0 216 c26 0 100 100
1 1 0 30.5 47.5 215 c26 0 100 100
1 1 0 30.4 47.0 213 c26 0 100 100
1 1 0 30.3 47.5 213 c26 0 100 100
1 1 0 30.2 47.0 213 c26 0 100 100
1 1 0 30.2 47.0 209 c26 0 100 100
1 1 0 30.0 47.0 209 c26 0 100 100
1 1 0 30.0 47.0 207 c26 0 100 100
1 1 0 29.9 47.0 205 c26 0 100 100
1 1 0 29.9 47.5 206 c26 0 100 100
1 1 1 29.9 47.5 206 c26 0 100 100
1 1 0 29.9 47.5 204 c26 0 100 100
1 1 0 29.8 47.0 204 c26 0 100 100
1 1 0 29.8 47.0 202 c26 0 100 100
1 1 0 29.7 47.0 200 c26 0 100 100
1 1 0 29.7 47.0 198 c26 0 100 100
1 1 0 29.7 47.0 198 c26 0 100 100
1 1 0 29.6 46.5 198 c26 0 100 100
1 1 0 29.6 46.5 196 c26 0 100 100
1 1 3 29.6 47.0 197 c26 0 100 100
1 1 0 29.5 47.0 193 c26 0 100 100
1 1 0 29.4 47.0 193 c26 0 100 100
1 1 0 29.4 47.5 189 c26 0 100 100
1 1 0 29.4 47.5 193 c26 0 100 100
1 1 0 29.3 47.5 187 c26 0 100 100
1 1 0 29.3 47.5 189 c26 0 100 100
1 1 0 29.2 47.5 187 c26 0 100 100
1 1 0 29.3 47.5 182 c26 0 100 100
1 1 0 29.2 47.5 180 c26 0 100 100
1 1 0 29.2 47.5 182 c26 0 100 100
1 1 0 29.2 47.5 180 c26 0 100 100
1 1 2 29.1 47.5 175 c26 0 100 100
1 1 2 29.1 47.5 173 c26 0 100 100
1 1 0 29.1 47.5 171 c26 0 100 100
1 1 0 29.1 47.5 171 c26 0 100 100
1 1 0 29.0 47.5 173 c26 0 100 100
1 1 0 28.9 47.5 171 c26 0 100 100
1 1 0 28.9 47.5 167 c26 0 100 100
1 1 0 28.9 47.0 168 c26 0 100 100
1 1 0 28.9 47.0 164 c26 0 100 100
1 1 0 28.8 47.0 164 c26 0 100 100
1 1 0 28.8 46.5 164 c26 0 100 100
1 1 0 28.7 46.5 164 c26 0 100 100
1 1 0 28.7 46.5 164 c26 0 100 100
1 1 0 28.7 46.5 162 c26 0 100 100
1 1 0 28.7 47.0 164 c26 0 100 100
1 1 9 28.6 47.0 162 c26 0 100 100
1 1 0 28.6 47.5 158 c26 0 100 100
1 1 0 28.6 47.5 158 c26 0 100 100
1 1 0 28.5 47.5 159 c26 0 100 100
1 1 0 28.5 47.5 155 c26 0 100 100
1 1 0 28.6 47.5 157 c26 0 100 100
1 1 7 28.4 47.5 155 c26 0 100 100
1 1 2 28.5 47.5 155 c26 0 100 100
1 1 5 28.4 47.5 155 c26 0 100 100
1 1 0 28.4 47.5 153 c26 0 100 100
1 1 0 28.4 47.5 151 c26 0 100 100
1 1 0 28.3 47.0 153 c26 0 100 100
1 1 0 28.3 47.0 150 c26 0 100 100
1 1 0 28.3 47.0 148 c26 0 100 100
1 1 0 28.4 47.0 149 c26 0 100 100
1 1 0 28.3 47.0 148 c26 0 100 100
1 1 0 28.3 48.0 148 c26 0 100 100
1 1 0 28.3 49.0 148 c26 0 100 100
1 1 0 28.3 50.0 146 c26 0 100 100
1 1 0 28.4 51.0 146 c26 0 100 100
1 1 0 28.4 51.0 144 c26 0 100 100
1 1 0 28.3 50.5 144 c26 0 100 100
1 1 0 28.4 50.5 143 c26 0 100 100
1 1 0 28.4 50.5 141 c26 0 100 100
1 1 1 28.3 50.5 141 c26 0 100 100
1 1 0 28.3 50.5 138 c26 0 100 100
1 1 0 28.3 50.0 139 c26 0 100 100
1 1 0 28.2 50.0 139 c26 0 100 100
1 1 0 28.2 49.5 135 c26 0 100 100
1 1 0 28.2 49.5 137 c26 0 100 100
1 1 0 28.2 49.5 133 c26 0 100 100
1 1 0 28.1 49.5 132 c26 0 100 100
1 1 5 28.1 49.0 134 c26 0 100 100
1 1 2 28.1 49.0 132 c26 0 100 100
1 1 2 28.1 49.0 132 c26 0 100 100
1 1 1 28.1 49.0 132 c26 0 100 100
1 1 6 28.1 49.0 130 c26 0 100 100
1 1 0 28.1 49.0 130 c26 0 100 100
1 1 9 28.0 49.0 128 c26 0 100 100
1 1 0 28.0 49.0 128 c26 0 100 100
1 1 0 28.0 49.0 130 c26 0 100 100
1 1 0 28.0 49.0 130 c26 0 100 100
1 1 0 27.9 49.0 130 c26 0 100 100
1 1 0 28.0 49.0 130 c26 0 100 100
1 1 0 28.0 49.0 131 c26 0 100 100
1 1 0 28.0 49.5 135 c26 0 100 100
1 1 0 27.9 49.5 135 c26 0 100 100
1 1 0 28.0 49.5 138 c26 0 100 100
1 1 6 28.0 49.5 133 c26 0 100 100
1 1 0 28.0 50.0 129 c26 0 100 100
1 1 0 28.0 50.0 126 c26 0 100 100
1 1 2 28.0 50.0 126 c26 0 100 100
1 1 0 28.0 50.0 126 c26 0 100 100
1 1 0 27.9 49.5 126 c26 0 100 100
1 1 1 27.9 49.5 124 c26 0 100 100
1 1 0 27.9 49.5 126 c26 0 100 100
1 1 0 27.8 49.5 126 c26 0 100 100
1 1 0 27.8 49.5 124 c26 0 100 100
1 1 0 27.9 50.0 126 c26 0 100 100
1 1 0 27.8 50.0 122 c26 0 100 100
1 1 0 27.8 50.0 122 c26 0 100 100
1 1 0 27.8 50.0 124 c26 0 100 100
1 1 0 27.8 50.0 126 c26 0 100 100
1 1 0 27.8 50.0 126 c26 0 100 100
1 1 0 27.7 50.0 127 c26 0 100 100
1 1 0 27.8 50.0 126 c26 0 100 100
1 1 2 27.7 50.0 127 c26 0 100 100
1 1 3 27.7 50.0 129 c26 0 100 100
1 1 8 27.7 50.0 127 c26 0 100 100
1 1 1 27.7 50.0 126 c26 0 100 100
1 1 0 27.7 49.5 124 c26 0 100 100
1 1 0 27.7 49.5 124 c26 0 100 100
1 1 0 27.6 49.5 122 c26 0 100 100
1 1 0 27.6 49.5 122 c26 0 100 100
1 1 0 27.6 49.5 124 c26 0 100 100
1 1 3 27.6 49.5 120 c26 0 100 100
1 1 0 27.6 49.5 120 c26 0 100 100
1 1 0 27.5 49.5 124 c26 0 100 100
1 1 4 27.5 49.0 122 c26 0 100 100
1 1 0 27.5 49.0 127 c26 0 100 100
1 1 0 27.5 49.0 131 c26 0 100 100
1 1 0 27.5 49.0 130 c26 0 100 100
1 1 0 27.5 49.0 134 c26 0 100 100
1 1 0 27.4 49.5 134 c26 0 100 100
1 1 0 27.4 49.0 139 c26 0 100 100
1 1 0 27.4 49.5 139 c26 0 100 100
1 1 0 27.4 49.5 144 c26 0 100 100
1 1 3 27.4 50.0 142 c26 0 100 100
1 1 2 27.4 50.0 143 c26 0 100 100
1 1 0 27.4 50.0 147 c26 0 100 100
1 1 0 27.4 50.5 152 c26 0 100 100
1 1 27 27.4 51.0 145 c26 0 100 100
1 1 18 27.3 51.0 147 c26 0 100 100
1 1 22 27.4 51.5 149 c26 0 100 100
1 1 12 27.4 51.5 142 c26 0 100 100
1 1 38 27.3 52.0 119 c26 0 100 100
1 1 2 27.3 52.5 135 c26 0 100 100
1 1 26 27.2 53.0 107 c26 0 100 100
1 1 24 27.2 53.5 135 c26 0 100 100
1 1 7 27.3 54.5 138 c26 0 100 100
1 1 0 27.2 54.5 140 c26 0 100 100
1 1 0 27.1 54.5 147 c26 0 100 100
1 1 0 27.2 54.5 143 c26 0 100 100
1 1 0 27.1 54.0 141 c26 0 100 100
1 1 0 27.2 54.0 141 c26 0 100 100
1 1 0 27.2 53.5 143 c26 0 100 100
1 1 0 27.3 53.5 147 c26 0 100 100
1 1 0 27.2 53.5 146 c26 0 100 100
1 1 0 27.2 53.5 145 c26 0 100 100
1 1 1 27.3 53.5 144 c26 0 100 100
1 1 0 27.3 53.5 144 c26 0 100 100
1 1 0 27.3 53.5 145 c26 0 100 100
1 1 0 27.3 53.5 138 c26 0 100 100
1 1 0 27.3 53.0 143 c26 0 100 100
1 1 0 27.2 53.0 149 c26 0 100 100
1 1 2 27.3 53.0 154 c26 0 100 100
1 1 0 27.3 53.0 156 c26 0 100 100
1 1 0 27.3 53.0 159 c26 0 100 100
1 1 0 27.3 52.5 157 c26 0 100 100
1 1 3 27.2 52.5 154 c26 0 100 100
1 1 0 27.2 52.0 149 c26 0 100 100
1 1 0 27.2 52.0 145 c26 0 100 100
1 1 0 27.2 52.0 142 c26 0 100 100
1 1 0 27.1 51.5 146 c26 0 100 100
1 1 0 27.2 51.5 146 c26 0 100 100
1 1 0 27.1 51.5 142 c26 0 100 100
1 1 2 27.1 51.5 142 c26 0 100 100
1 1 2 27.1 51.5 145 c26 0 100 100
1 1 0 27.1 51.5 145 c26 0 100 100
1 1 2 27.1 51.5 142 c26 0 100 100
1 1 0 27.1 51.5 147 c26 0 100 100
1 1 0 27.0 51.5 145 c26 0 100 100
1 1 0 27.1 51.5 140 c26 0 100 100
1 1 5 27.0 51.5 140 c26 0 100 100
1 1 0 27.1 51.0 134 c26 0 100 100
1 1 2 27.0 51.0 137 c26 0 100 100
1 1 3 27.0 51.0 135 c26 0 100 100
1 1 4 27.0 50.5 137 c26 0 100 100
1 1 6 27.0 50.5 134 c26 0 100 100
1 1 4 26.9 50.5 135 c26 0 100 100
1 1 4 26.9 50.5 131 c26 0 100 100
1 1 0 27.0 50.5 129 c26 0 100 100
1 1 0 27.0 50.5 131 c26 0 100 100
1 1 0 26.9 50.5 134 c26 0 100 100
1 1 0 27.0 50.5 134 c26 0 100 100
1 1 0 27.0 50.5 135 c26 0 100 100
1 1 27 26.9 51.0 140 c26 0 100 100
1 1 0 26.9 50.5 141 c26 0 100 100
1 1 0 27.0 51.0 144 c26 0 100 100
1 1 0 26.9 51.0 148 c26 0 100 100
1 1 0 26.8 51.0 146 c26 0 100 100
1 1 0 26.9 51.0 143 c26 0 100 100
1 1 7 26.9 51.0 140 c26 0 100 100
1 1 5 26.9 51.5 136 c26 0 100 100
1 1 0 26.9 51.0 134 c26 0 100 100
1 1 0 26.8 51.0 134 c26 0 100 100
1 1 1 26.9 51.0 136 c26 0 100 100
1 1 0 26.9 51.0 137 c26 0 100 100
1 1 3 26.9 51.5 143 c26 0 100 100
1 1 0 26.9 52.0 146 c26 0 100 100
1 1 0 27.0 52.0 146 c26 0 100 100
1 1 0 27.0 52.0 149 c26 0 100 100
1 1 7 26.9 52.5 155 c26 0 100 100
1 1 0 26.9 52.5 156 c25 0 100 100
1 1 4 27.0 52.5 165 c25 0 100 100
1 1 4 26.9 52.5 167 c25 0 100 100
1 1 0 26.9 53.0 163 c25 0 100 100
1 1 3 27.0 53.0 164 c25 0 100 100
1 1 4 27.0 53.0 164 c25 0 100 100
1 1 0 27.0 53.0 168 c25 0 100 100
1 1 2 27.0 53.0 172 c25 0 100 100
1 1 2 27.0 53.0 177 c25 0 100 100
1 1 0 27.0 53.0 176 c25 0 100 100
1 1 0 27.0 53.0 177 c25 0 100 100
1 1 0 27.0 53.0 157 c25 0 100 100
1 1 0 27.0 53.0 168 c25 0 100 100
1 1 0 27.0 53.0 162 c25 0 100 100
1 1 1 27.0 53.0 147 c25 0 100 100
1 1 0 27.0 53.0 134 c25 0 100 100
1 1 2 26.9 53.5 111 c25 0 100 100
1 1 0 27.0 53.5 112 c25 0 100 100
1 1 1 26.9 53.5 136 c25 0 100 100
1 1 0 27.0 53.5 168 c25 0 100 100
1 1 0 27.0 53.5 178 c25 0 100 100
1 1 0 27.0 53.5 179 c25 0 100 100
1 1 0 27.0 54.0 158 c25 0 100 100
1 1 0 27.0 54.0 141 c25 0 100 100
1 1 1 26.9 53.5 174 c25 0 100 100
1 1 0 27.0 53.5 173 c25 0 100 100
1 1 0 27.0 53.0 167 c25 0 100 100
1 1 2 26.9 53.0 117 c25 0 100 100
1 1 0 26.9 53.0 113 c25 0 100 100
1 1 4 26.9 53.0 113 c25 0 100 100
1 1 0 26.9 53.0 115 c25 0 100 100
1 1 0 26.9 53.0 109 c25 0 100 100
1 1 2 26.9 53.0 107 c25 0 100 100
1 1 15 26.9 53.5 109 c25 0 100 100
1 1 14 26.9 53.5 157 c25 0 100 100
1 1 0 26.8 53.5 168 c25 0 100 100
1 1 0 26.8 53.5 183 c25 0 100 100
1 1 0 26.9 54.0 185 c25 0 100 100
1 1 0 27.0 54.0 188 c25 0 100 100
1 1 0 27.0 54.0 195 c25 0 100 100
1 1 3 27.0 54.5 197 c25 0 100 100
1 1 2 27.0 54.5 197 c25 0 100 100
1 1 2 27.1 54.5 197 c25 0 100 100
1 1 0 27.0 54.5 196 c25 0 100 100
1 1 4 27.1 54.5 191 c25 0 100 100
1 1 0 27.0 55.0 186 c25 0 100 100
0 1 16 27.0 55.0 27 c25 0 17 14
0 1 9 27.0 55.0 20 c25 0 17 14
0 1 0 26.9 54.5 20 c25 0 17 14
0 1 0 26.8 54.5 16 c25 0 17 14
0 1 0 26.8 54.5 22 c25 0 17 14
0 1 0 26.8 54.0 22 c25 0 17 14
0 1 0 26.7 54.0 16 c25 0 17 14
0 1 0 26.6 54.0 16 c25 0 17 14
0 1 0 26.6 53.5 20 c25 0 17 14
0 1 0 26.6 53.5 21 c25 0 17 14
0 1 0 26.6 53.5 19 c25 0 17 14
0 1 0 26.5 53.5 20 c25 0 17 14
0 1 0 26.5 53.5 18 c25 0 17 14
0 1 0 26.5 54.0 18 c25 0 17 14
0 1 0 26.5 54.0 18 c25 0 17 14
0 1 0 26.5 54.0 20 c25 0 17 14
0 1 0 26.5 54.0 22 c25 0 17 14
0 1 0 26.4 54.0 20 c25 0 17 14
0 1 0 26.5 54.0 18 c25 0 17 14
0 1 0 26.4 54.0 20 c25 0 17 14
0 1 0 26.4 54.0 16 c25 0 17 14
0 1 4 26.4 54.0 20 c25 0 17 14
0 1 0 26.4 54.0 21 c25 0 17 14
0 1 0 26.3 54.0 20 c25 0 17 14
0 1 0 26.4 54.0 18 c25 0 17 14
0 1 0 26.3 54.0 18 c25 0 17 14
0 1 0 26.3 54.0 16 c25 0 17 14
0 1 0 26.3 54.0 18 c25 0 17 14
0 1 0 26.3 54.0 16 c25 0 17 14
0 1 1 26.3 54.0 18 c25 0 17 14
0 1 0 26.3 54.0 18 c25 0 17 14
0 1 0 26.2 54.0 18 c25 0 17 14
0 1 0 26.2 54.0 18 c25 0 17 14
0 1 0 26.3 53.5 18 c25 0 17 14
0 1 0 26.2 54.0 14 c25 0 17 14
0 1 2 26.2 54.0 16 c25 0 17 14
0 1 7 26.2 53.5 16 c25 0 17 14
1 1 19 26.2 53.5 56 c25 0 100 14
1 1 10 26.2 53.5 182 c25 0 100 100
1 1 3 26.3 53.5 163 c25 0 100 100
1 1 0 26.3 54.0 146 c25 0 100 100
1 1 1 26.4 54.0 103 c25 0 100 100
1 1 0 26.3 54.0 103 c25 0 100 100
1 1 0 26.4 54.5 175 c25 0 100 100
1 1 0 26.5 54.5 227 c25 0 100 100
1 1 1 26.5 54.5 191 c25 0 100 100
1 1 0 26.5 55.0 182 c25 0 100 100
1 1 0 26.5 55.0 237 c25 0 100 100
1 1 0 26.6 55.0 251 c25 0 100 100
1 1 0 26.5 55.0 254 c25 0 100 100
1 1 1 26.6 55.5 1 c25 0 100 100
1 1 2 26.6 55.5 5 c25 0 100 100
1 1 0 26.6 55.5 3 c25 0 100 100
1 1 4 26.6 55.0 1 c25 0 100 100
1 1 0 26.6 55.0 26 c25 0 100 100
1 1 0 26.7 55.0 28 c25 0 100 100
1 1 0 26.6 55.0 30 c25 0 100 100
1 1 0 26.6 54.5 33 c25 0 100 100
1 1 4 26.5 54.5 37 c25 0 100 100
1 1 5 26.6 58.5 57 c25 0 100 100
1 1 6 26.8 57.0 53 c25 0 100 100
1 1 9 26.8 56.5 229 c25 0 100 100
1 1 24 26.8 57.0 18 c25 0 100 100
1 1 0 26.8 56.5 69 c25 0 100 100
1 1 0 26.8 56.0 9 c25 0 100 100
1 1 11 26.8 56.0 218 c25 0 100 100
1 1 0 26.8 55.5 196 c25 0 100 100
1 1 0 26.7 55.5 121 c24 0 100 100
1 1 0 26.7 55.5 110 c24 0 100 100
1 1 6 26.6 55.5 85 c24 0 100 100
1 1 7 26.7 55.5 95 c24 0 100 100
1 1 4 26.8 55.5 128 c24 0 100 100
1 1 0 26.8 55.5 166 c24 0 100 100
1 1 0 26.7 55.5 179 c24 0 100 100
1 1 0 26.7 55.0 102 c24 0 100 100
1 1 1 26.7 55.5 187 c24 0 100 100
1 1 2 26.7 55.0 66 c24 0 100 100
1 1 0 26.7 55.0 97 c24 0 100 100
1 1 0 26.7 55.5 101 c24 0 100 100
1 1 0 26.7 55.0 84 c24 0 100 100
1 1 0 26.7 55.0 90 c24 0 100 100
1 1 0 26.7 55.0 114 c24 0 100 100
1 1 0 26.7 55.0 101 c24 0 100 100
1 1 0 26.7 55.0 100 c24 0 100 100
1 1 0 26.7 55.0 98 c24 0 100 100
1 1 0 26.7 55.0 100 c24 0 100 100
1 1 0 26.6 55.0 106 c24 0 100 100
1 1 2 26.7 55.0 101 c24 0 100 100
1 1 0 26.6 55.0 122 c24 0 100 100
1 1 2 26.6 54.5 250 c24 0 100 100
1 1 4 26.6 54.5 224 c24 0 100 100
1 1 0 26.6 54.5 215 c24 0 100 100
1 1 4 26.6 54.5 241 c24 0 100 100
1 1 0 26.6 54.5 6 c24 0 100 100
1 1 0 26.7 55.0 33 c24 0 100 100
1 1 0 26.6 55.0 40 c24 0 100 100
1 1 13 26.6 55.5 63 c24 0 100 100
1 1 11 26.7 55.0 107 c24 0 100 100
1 1 0 26.7 55.0 143 c24 0 100 100
1 1 0 26.6 55.0 151 c24 0 100 100
1 1 1 26.7 55.0 153 c24 0 100 100
1 1 0 26.7 54.5 174 c24 0 100 100
1 1 0 26.6 54.5 193 c24 0 100 100
1 1 1 26.7 54.5 202 c24 0 100 100
1 1 0 26.6 54.5 207 c24 0 100 100
1 1 0 26.6 54.0 213 c24 0 100 100
1 1 5 26.6 54.0 219 c24 0 100 100
1 1 0 26.7 54.0 211 c24 0 100 100
1 1 0 26.6 54.0 213 c24 0 100 100
1 1 0 26.6 54.0 225 c24 0 100 100
1 1 0 26.6 54.0 232 c24 0 100 100
1 1 0 26.6 54.0 233 c24 0 100 100
1 1 0 26.6 54.0 232 c24 0 100 100
1 1 5 26.5 54.0 217 c24 0 100 100
1 1 0 26.6 54.0 208 c24 0 100 100
1 1 0 26.7 54.5 119 c24 0 100 100
1 1 0 26.6 54.5 93 c24 0 100 100
1 1 0 26.7 54.5 70 c24 0 100 100
1 1 0 26.7 54.5 46 c24 0 100 100
1 1 0 26.7 54.5 10 c24 0 100 100
1 1 0 26.7 54.5 224 c24 0 100 100
1 1 7 26.7 54.5 194 c24 0 100 100
1 1 6 26.6 54.0 149 c24 0 100 100
1 1 0 26.6 54.0 128 c24 0 100 100
1 1 0 26.6 54.0 133 c24 0 100 100
1 1 0 26.6 54.0 155 c24 0 100 100
1 1 2 26.5 54.0 136 c24 0 100 100
1 1 2 26.6 54.0 137 c24 0 100 100
1 1 0 26.5 54.0 94 c24 0 100 100
1 1 0 26.6 53.5 111 c24 0 100 100
1 1 0 26.5 53.5 96 c24 0 100 100
1 1 2 26.5 54.0 83 c24 0 100 100
1 1 0 26.5 54.0 76 c24 0 100 100
1 1 0 26.5 54.0 52 c24 0 100 100
1 1 2 26.5 54.0 52 c24 0 100 100
1 1 2 26.5 54.5 57 c24 0 100 100
1 1 1 26.5 54.5 91 c24 0 100 100
1 1 1 26.6 54.5 103 c24 0 100 100
1 1 0 26.5 54.5 118 c24 0 100 100
1 1 0 26.6 54.5 127 c24 0 100 100
1 1 0 26.5 55.0 106 c24 0 100 100
1 1 3 26.6 55.0 149 c24 0 100 100
1 1 3 26.5 55.0 165 c24 0 100 100
1 1 0 26.6 55.0 144 c24 0 100 100
1 1 2 26.5 55.0 201 c24 0 100 100
1 1 5 26.5 55.0 218 c24 0 100 100
1 1 1 26.6 55.0 223 c24 0 100 100
1 1 0 26.5 54.5 218 c24 0 100 100
1 1 2 26.5 54.5 220 c24 0 100 100
1 1 0 26.5 54.5 223 c24 0 100 100
1 1 0 26.5 54.5 223 c24 0 100 100
1 1 2 26.5 54.0 220 c24 0 100 100
1 1 0 26.4 54.0 221 c24 0 100 100
1 1 7 26.5 54.0 223 c24 0 100 100
1 1 0 26.4 54.0 188 c24 0 100 100
1 1 8 26.4 54.0 171 c24 0 100 100
1 1 4 26.4 54.0 162 c24 0 100 100
1 1 3 26.4 54.0 165 c24 0 100 100
1 1 2 26.4 54.0 151 c24 0 100 100
1 1 3 26.4 54.5 141 c24 0 100 100
1 1 0 26.4 54.5 125 c24 0 100 100
1 1 4 26.4 54.0 122 c24 0 100 100
1 1 16 26.4 54.0 122 c24 0 100 100
1 1 12 26.5 54.0 115 c24 0 100 100
1 1 6 26.4 54.0 124 c24 0 100 100
1 1 0 26.4 54.0 120 c24 0 100 100
1 1 0 26.4 54.0 90 c24 0 100 100
1 1 0 26.4 54.0 45 c24 0 100 100
1 1 4 26.5 54.5 28 c24 0 100 100
1 1 0 26.5 54.5 17 c24 0 100 100
1 1 6 26.4 54.5 10 c24 0 100 100
1 1 4 26.4 54.5 7 c24 0 100 100
1 1 6 26.5 55.0 0 c24 0 100 100
1 1 0 26.5 55.0 249 c24 0 100 100
1 1 0 26.5 55.5 241 c24 0 100 100
1 1 0 26.4 55.5 234 c24 0 100 100
1 1 0 26.5 55.5 227 c24 0 100 100
1 1 0 26.5 56.0 220 c24 0 100 100
1 1 0 26.4 56.0 213 c24 0 100 100
1 1 0 26.5 56.0 211 c24 0 100 100
1 1 0 26.5 56.0 206 c24 0 100 100
1 1 0 26.5 56.0 202 c24 0 100 100
1 1 0 26.5 56.5 201 c24 0 100 100
1 1 0 26.5 56.5 197 c24 0 100 100
1 1 0 26.4 56.5 194 c24 0 100 100
1 1 1 26.5 57.0 192 c24 0 100 100
1 1 2 26.5 57.0 191 c24 0 100 100
1 1 1 26.5 57.5 187 c24 0 100 100
1 1 2 26.5 57.5 182 c24 0 100 100
1 1 0 26.5 58.0 178 c24 0 100 100
1 1 0 26.5 58.5 171 c24 0 100 100
1 1 0 26.5 58.5 169 c24 0 100 100
1 1 2 26.6 58.5 164 c24 0 100 100
1 1 5 26.6 59.0 164 c24 0 100 100
1 1 1 26.6 59.0 162 c24 0 100 100
1 1 0 26.5 59.0 160 c24 0 100 100
1 1 1 26.6 58.5 158 c24 0 100 100
1 1 0 26.6 58.5 156 c24 0 100 100
1 1 0 26.6 59.0 158 c24 0 100 100
1 1 3 26.6 59.0 158 c24 0 100 100
1 1 0 26.6 59.0 158 c24 0 100 100
1 1 0 26.5 59.5 154 c24 0 100 100
1 1 0 26.6 59.5 153 c24 0 100 100
1 1 0 26.6 59.5 147 c24 0 100 100
1 1 0 26.6 59.5 146 c24 0 100 100
1 1 0 26.6 59.5 142 c24 0 100 100
1 1 0 26.6 59.5 139 c24 0 100 100
1 1 0 26.7 59.5 137 c24 0 100 100
1 1 0 26.6 59.5 137 c24 0 100 100
1 1 0 26.6 59.5 134 c24 0 100 100
1 1 9 26.6 59.5 130 c24 0 100 100
1 1 9 26.6 59.0 125 c24 0 100 100
1 1 9 26.5 59.0 125 -1 0 100 100
1 1 8 26.6 59.0 120 -1 0 100 100
1 1 13 26.6 59.0 62 -1 0 16 15
0 1 19 26.7 60.0 7 -1 0 16 15
0 1 0 26.8 59.5 7 -1 0 16 15
0 1 0 26.9 60.0 7 -1 0 16 15
0 1 0 27.0 60.0 7 -1 0 16 15
0 1 0 27.0 60.5 9 -1 0 16 15
0 1 0 27.2 60.5 7 -1 0 16 15
0 1 0 27.3 60.5 9 -1 0 16 15
0 1 0 27.3 60.5 9 -1 0 16 15
0 1 0 27.4 61.0 9 -1 0 16 15
0 1 0 27.5 61.5 9 -1 0 16 15
0 1 0 27.6 61.5 9 -1 0 16 15
0 1 0 27.7 61.5 9 -1 0 16 15
0 1 0 27.7 62.0 7 -1 0 16 15
0 1 0 27.8 62.5 7 -1 0 16 15
0 1 0 27.8 62.5 5 -1 0 16 15
0 1 0 27.9 62.5 5 -1 0 16 15
0 1 0 28.0 63.0 7 -1 0 16 15
0 1 0 28.1 63.5 5 -1 0 16 15
0 1 0 28.0 63.5 6 -1 0 16 15
0 1 0 28.1 63.5 5 -1 0 16 15
0 1 0 28.2 64.0 6 -1 0 16 15
0 1 0 28.3 64.0 6 -1 0 16 15
0 1 0 28.3 64.0 6 -1 0 16 15
0 1 0 28.4 64.5 6 -1 0 16 15
0 1 0 28.4 64.5 2 -1 0 16 15
0 1 0 28.4 64.5 2 -1 0 16 15
0 1 0 28.5 64.5 4 -1 0 16 15
0 1 0 28.5 64.5 4 -1 0 16 15
0 1 0 28.7 64.5 2 -1 0 16 15
0 1 0 28.6 64.5 2 -1 0 16 15
0 1 0 28.6 65.0 2 -1 0 16 15
0 1 0 28.7 65.0 1 -1 0 16 15
0 1 0 28.7 64.5 1 -1 0 16 15
0 1 0 28.8 65.0 1 -1 0 16 15
0 1 0 28.8 65.0 4 -1 0 16 15
0 1 0 28.8 65.0 4 -1 0 16 15
0 1 0 28.9 65.0 4 -1 0 16 15
0 1 0 28.9 65.5 1 -1 0 16 15
0 1 0 28.9 65.5 1 -1 0 16 15
0 1 0 28.9 65.5 1 -1 0 16 15
0 1 0 29.0 65.5 1 -1 0 16 15
0 1 0 29.0 65.5 2 -1 0 16 15
0 1 0 29.0 65.0 2 -1 0 16 15
0 1 0 29.0 65.5 2 -1 0 16 15
0 1 0 29.1 65.5 2 -1 0 16 15
0 1 0 29.0 65.0 2 -1 0 16 15
0 1 0 29.1 65.0 2 -1 0 16 15
0 1 0 29.1 64.5 2 -1 0 16 15
0 1 0 29.1 64.5 2 -1 0 16 15
0 1 0 29.1 64.0 2 -1 0 16 15
0 1 0 29.2 63.5 2 -1 0 16 15
0 1 0 29.1 63.0 2 -1 0 16 15
0 1 0 29.1 63.0 2 -1 0 16 15
0 1 0 29.1 62.5 2 -1 0 16 15
0 1 0 29.1 62.5 2 -1 0 16 15
0 1 0 29.1 62.5 4 -1 0 16 15
0 1 0 29.1 62.5 2 -1 0 16 15
0 1 0 29.1 62.5 2 -1 0 16 15
0 1 0 29.1 62.5 2 -1 0 16 15
0 1 0 29.1 62.5 2 -1 0 16 15
0 1 0 29.1 62.5 2 -1 0 16 15
0 1 0 29.1 62.5 2 -1 0 16 15
0 1 0 29.1 62.5 2 -1 0 16 15
0 1 0 29.1 62.5 0 -1 0 16 15
0 1 0 29.1 62.0 0 -1 0 16 15
0 1 0 29.1 62.0 0 -1 0 16 15
0 1 0 29.1 61.5 0 -1 0 16 15
0 1 0 29.1 60.5 0 -1 0 16 15
0 1 0 29.0 60.0 0 -1 0 16 15
0 1 0 29.0 59.0 2 -1 0 16 15
0 1 0 29.0 59.0 0 -1 0 16 15
0 1 0 29.0 59.0 0 -1 0 16 15
0 1 0 29.0 59.5 0 -1 0 16 15
0 1 0 28.9 59.0 0 -1 0 16 15
0 1 0 29.0 59.5 0 -1 0 16 15
0 1 0 29.0 59.0 0 -1 0 16 15
0 1 0 29.0 58.5 0 -1 0 16 15
0 1 0 28.9 58.5 0 -1 0 16 15
0 1 0 29.0 58.5 0 -1 0 16 15
0 1 0 28.9 58.5 0 -1 0 16 15
0 1 0 28.9 58.0 0 -1 0 16 15
0 1 0 28.9 58.0 0 -1 0 16 15
0 1 0 28.9 58.0 1 -1 0 16 15
0 1 0 28.9 57.5 1 -1 0 16 15
0 1 0 28.9 57.5 1 -1 0 16 15
0 1 0 28.9 57.0 1 -1 0 16 15
0 1 0 28.9 57.0 1 -1 0 16 15
0 1 0 28.9 56.5 1 -1 0 16 15
0 1 0 28.9 56.0 1 -1 0 16 15
0 1 0 28.9 56.0 1 -1 0 16 15
0 1 0 28.8 56.0 1 -1 0 16 15
0 1 0 28.8 56.0 1 -1 0 16 15
0 1 0 28.9 56.0 1 -1 0 16 15
0 1 0 28.8 56.0 1 -1 0 16 15
0 1 0 28.8 56.0 1 -1 0 16 15
0 1 0 28.9 55.5 1 -1 0 16 15
0 1 0 28.8 55.5 1 -1 0 16 15
0 1 0 28.8 55.5 1 -1 0 16 15
0 1 0 28.8 55.5 1 -1 0 16 15
0 1 0 28.8 55.5 1 -1 0 16 15
0 1 0 28.8 55.0 1 -1 0 16 15
0 1 0 28.8 55.5 1 -1 0 16 15
0 1 0 28.8 55.0 1 -1 0 16 15
0 1 0 28.8 55.0 1 -1 0 16 15
0 1 0 28.8 55.0 1 -1 0 16 15
0 1 0 28.8 55.0 1 -1 0 16 15
0 1 0 28.8 55.0 1 -1 0 16 15
0 1 0 28.8 54.5 1 -1 0 16 15
0 1 0 28.8 54.5 2 -1 0 16 15
0 1 0 28.8 54.5 2 -1 0 16 15
0 1 0 28.7 54.0 2 -1 0 16 15
0 1 0 28.8 54.0 2 -1 0 16 15
0 1 0 28.8 54.0 2 -1 0 16 15
0 1 0 28.7 53.5 2 -1 0 16 15
0 1 0 28.7 53.5 2 -1 0 16 15
0 1 0 28.7 53.5 2 -1 0 16 15
0 1 0 28.8 53.5 2 -1 0 16 15
0 1 0 28.8 53.5 2 -1 0 16 15
0 1 0 28.8 53.0 2 -1 0 16 15
0 1 0 28.7 53.0 2 -1 0 16 15
0 1 0 28.7 53.0 2 -1 0 16 15
0 1 0 28.7 52.5 2 -1 0 16 15
0 1 0 28.7 53.0 2 -1 0 16 15
0 1 0 28.7 53.0 2 -1 0 16 15
0 1 0 28.6 52.5 2 -1 0 16 15
0 1 0 28.7 52.5 2 -1 0 16 15
0 1 0 28.7 52.5 2 -1 0 16 15
0 1 0 28.7 52.5 2 -1 0 16 15
0 1 0 28.7 52.0 2 -1 0 16 15
0 1 0 28.6 52.0 2 -1 0 16 15
0 1 0 28.6 52.0 2 -1 0 16 15
0 1 0 28.6 52.0 2 -1 0 16 15
0 1 0 28.7 51.5 2 -1 0 16 15
0 1 0 28.6 51.5 2 -1 0 16 15
0 1 0 28.6 51.5 2 -1 0 16 15
0 1 0 28.6 51.5 2 -1 0 16 15
0 1 0 28.6 51.5 2 -1 0 16 15
0 1 0 28.6 51.0 2 -1 0 16 15
0 1 0 28.6 51.0 2 -1 0 16 15
0 1 0 28.7 51.0 2 -1 0 16 15
0 1 0 28.6 50.5 2 -1 0 16 15
0 1 0 28.6 50.5 2 -1 0 16 15
0 1 0 28.6 50.5 2 -1 0 16 15
0 1 0 28.6 50.5 2 -1 0 16 15
0 1 0 28.6 50.5 2 -1 0 16 15
0 1 0 28.5 50.0 2 -1 0 16 15
0 1 0 28.6 50.0 2 -1 0 16 15
0 1 0 28.6 50.0 2 -1 0 16 15
0 1 0 28.6 50.0 2 -1 0 16 15
0 1 0 28.6 50.0 2 -1 0 16 15
0 1 0 28.6 50.0 2 -1 0 16 15
0 1 0 28.6 50.0 2 -1 0 16 15
0 1 0 28.7 50.5 2 -1 0 16 15
0 1 0 28.6 50.5 2 -1 0 16 15
0 1 0 28.7 50.5 2 -1 0 16 15
0 1 0 28.6 50.0 2 -1 0 16 15
0 1 0 28.7 50.0 2 -1 0 16 15
0 1 0 28.7 50.0 2 -1 0 16 15
0 1 0 28.7 50.5 2 -1 0 16 15
0 1 0 28.7 50.5 2 -1 0 16 15
0 1 0 28.7 50.5 2 -1 0 16 15
0 1 0 28.8 51.0 2 -1 0 16 15
0 1 0 28.7 51.0 2 -1 0 16 15
0 1 0 28.8 51.0 2 -1 0 16 15
0 1 0 28.8 51.5 2 -1 0 16 15
0 1 0 28.8 51.5 2 -1 0 16 15
0 1 0 28.8 52.0 2 -1 0 16 15
0 1 0 28.9 52.0 2 -1 0 16 15
0 1 0 28.9 52.5 2 -1 0 16 15
0 1 0 28.9 52.5 2 -1 0 16 15
0 1 0 28.9 52.5 2 -1 0 16 15
0 1 0 28.9 53.0 2 -1 0 16 15
0 1 0 29.0 53.0 2 -1 0 16 15
0 1 0 29.0 53.0 2 -1 0 16 15
0 1 0 29.0 53.0 2 -1 0 16 15
0 1 0 29.0 53.0 2 -1 0 16 15
0 1 0 29.0 53.0 2 -1 0 16 15
0 1 0 28.9 53.0 2 -1 0 16 15
0 1 0 29.1 53.5 2 -1 0 16 15
0 1 0 29.1 53.0 2 -1 0 16 15
0 1 0 29.0 53.0 2 -1 0 16 15
0 1 0 29.1 53.0 2 -1 0 16 15
0 1 0 29.0 53.0 2 -1 0 16 15
0 1 0 29.1 53.0 2 -1 0 16 15
0 1 0 29.0 53.0 2 -1 0 16 15
0 1 0 29.1 53.0 2 -1 0 16 15
0 1 0 29.1 53.0 2 -1 0 16 15
0 1 0 29.1 53.0 2 -1 0 16 15
0 1 0 29.1 53.0 2 -1 0 16 15
0 1 0 29.1 53.0 2 -1 0 16 15
0 1 0 29.1 52.5 2 -1 0 16 15
0 1 0 29.1 52.5 2 -1 0 16 15
0 1 0 29.0 52.5 2 -1 0 16 15
0 1 0 29.0 52.5 2 -1 0 16 15
0 1 0 29.1 52.5 2 -1 0 16 15
0 1 0 29.1 52.0 2 -1 0 16 15
0 1 0 29.1 52.0 2 -1 0 16 15
0 1 0 29.1 52.0 2 -1 0 16 15
0 1 0 29.0 52.0 2 -1 0 16 15
0 1 0 29.0 52.0 2 -1 0 16 15
0 1 0 29.0 51.5 2 -1 0 16 15
0 1 0 29.0 51.5 2 -1 0 16 15
0 1 0 29.0 51.5 2 -1 0 16 15
0 1 0 29.0 51.5 2 -1 0 16 15
0 1 0 29.0 51.5 2 -1 0 16 15
0 1 0 29.0 51.0 2 -1 0 16 15
0 1 0 28.9 51.0 2 -1 0 16 15
0 1 0 29.0 51.0 2 -1 0 16 15
0 1 0 29.0 51.0 2 -1 0 16 15
0 1 0 28.9 50.5 2 -1 0 16 15
0 1 0 28.9 50.5 2 -1 0 16 15
0 1 0 29.0 50.5 2 -1 0 16 15
0 1 0 28.9 50.5 2 -1 0 16 15
0 1 0 28.9 50.0 2 -1 0 16 15
0 1 0 28.9 50.0 2 -1 0 16 15
0 1 0 28.9 50.0 2 -1 0 16 15
0 1 0 28.9 50.0 2 -1 0 16 15
0 1 0 28.9 49.5 2 -1 0 16 15
0 1 0 28.9 49.5 2 -1 0 16 15
0 1 0 28.9 49.5 2 -1 0 16 15
0 1 0 28.9 50.0 2 -1 0 16 15
0 1 0 29.0 50.0 2 -1 0 16 15
0 1 0 28.9 50.0 2 -1 0 16 15
0 1 0 28.9 50.0 2 -1 0 16 15
0 1 0 29.0 50.0 2 -1 0 16 15
0 1 0 28.9 50.0 2 -1 0 16 15
0 1 0 28.9 50.0 2 -1 0 16 15
0 1 0 28.9 50.0 2 -1 0 16 15
0 1 0 28.9 49.5 2 -1 0 16 15
0 1 0 28.9 49.5 2 -1 0 16 15
0 1 0 28.9 50.0 2 -1 0 16 15
0 1 0 28.9 50.0 2 -1 0 16 15
0 1 0 29.0 49.5 2 -1 0 16 15
0 1 0 28.9 49.5 2 -1 0 16 15
0 1 0 29.0 49.5 2 -1 0 16 15
0 1 0 29.0 49.5 2 -1 0 16 15
0 1 0 28.9 49.5 2 -1 0 16 15
0 1 0 29.0 49.5 2 -1 0 16 15
0 1 0 29.0 49.5 2 -1 0 16 15
0 1 0 28.9 49.5 2 -1 0 16 15
0 1 0 29.0 49.5 2 -1 0 16 15
0 1 0 28.9 49.5 2 -1 0 16 15
0 1 0 28.9 49.5 2 -1 0 16 15
0 1 0 28.9 49.5 2 -1 0 16 15
0 1 0 28.9 49.0 2 -1 0 16 15
0 1 0 29.0 49.5 2 -1 0 16 15
0 1 0 28.9 49.0 2 -1 0 16 15
0 1 0 29.0 49.0 2 -1 0 16 15
0 1 0 29.0 49.0 2 -1 0 16 15
0 1 0 28.9 49.0 2 -1 0 16 15
0 1 0 29.0 49.0 2 -1 0 16 15
0 1 0 29.0 49.0 2 -1 0 16 15
0 1 0 29.0 49.0 2 -1 0 16 15
0 1 0 28.9 49.0 2 -1 0 16 15
0 1 0 29.0 48.5 2 -1 0 16 15
0 1 0 29.0 49.0 2 -1 0 16 15
0 1 0 28.9 48.5 2 -1 0 16 15
0 1 0 29.0 49.0 2 -1 0 16 15
0 1 0 28.9 49.0 2 -1 0 16 15
0 1 0 29.0 49.0 2 -1 0 16 15
0 1 0 29.0 48.5 2 -1 0 16 15
0 1 0 29.0 48.5 2 -1 0 16 15
0 1 0 29.0 48.5 2 -1 0 16 15
0 1 0 29.0 49.0 2 -1 0 16 15
0 1 0 29.0 48.5 2 -1 0 16 15
0 1 0 29.0 48.5 2 -1 0 16 15
0 1 0 29.0 49.0 2 -1 0 16 15
0 1 0 29.0 48.5 2 -1 0 16 15
0 1 0 29.0 48.5 2 -1 0 16 15
0 1 0 29.1 48.5 2 -1 0 16 15
0 1 0 29.0 49.0 2 -1 0 16 15
0 1 0 29.1 49.0 2 -1 0 16 15
0 1 0 29.0 49.0 2 -1 0 16 15
0 1 0 29.0 49.0 2 -1 0 16 15
0 1 0 29.1 49.0 2 -1 0 16 15
0 1 0 29.0 49.0 2 -1 0 16 15
0 1 0 29.1 49.0 2 -1 0 16 15
0 1 0 29.1 49.0 2 -1 0 16 15
0 1 0 29.0 49.0 2 -1 0 16 15
0 1 0 29.0 49.0 2 -1 0 16 15
0 1 0 29.0 49.0 2 -1 0 16 15
0 1 0 29.0 49.0 2 -1 0 16 15
0 1 0 29.0 49.5 2 -1 0 16 15
0 1 0 29.0 49.0 2 -1 0 16 15
0 1 0 29.1 49.5 2 -1 0 16 15
0 1 0 29.0 49.0 2 -1 0 16 15
0 1 0 29.0 49.0 2 -1 0 16 15
0 1 0 29.1 49.0 2 -1 0 16 15
0 1 0 29.1 49.0 2 -1 0 16 15
0 1 0 29.0 49.0 2 -1 0 16 15
0 1 0 29.1 49.0 2 -1 0 16 15
0 1 0 29.1 49.0 2 -1 0 16 15
0 1 0 29.1 49.0 2 -1 0 16 15
0 1 0 29.0 49.0 2 -1 0 16 15
0 1 0 29.1 49.0 2 -1 0 16 15
0 1 0 29.0 49.0 2 -1 0 16 15
0 1 0 29.0 49.0 2 -1 0 16 15
0 1 0 29.0 49.0 2 -1 0 16 15
0 1 0 29.1 49.0 2 -1 0 16 15
0 1 0 29.0 49.0 2 -1 0 16 15
0 1 0 29.1 49.0 2 -1 0 16 15
0 1 0 29.1 49.0 2 -1 0 16 15
0 1 0 29.1 49.0 2 -1 0 16 15
0 1 0 29.0 49.0 2 -1 0 16 15
0 1 0 29.0 48.5 2 -1 0 16 15
0 1 0 29.0 49.0 0 -1 0 16 15
0 1 0 29.1 48.5 0 -1 0 16 15
0 1 0 29.0 48.5 0 -1 0 16 15
0 1 0 29.0 48.5 0 -1 0 16 15
0 1 0 29.0 48.5 0 -1 0 16 15
0 1 0 29.0 48.5 0 -1 0 16 15
0 1 0 29.0 48.5 0 -1 0 16 15
0 1 0 29.0 48.5 0 -1 0 16 15
0 1 0 29.0 48.5 0 -1 0 16 15
0 1 0 29.0 48.5 0 -1 0 16 15
0 1 0 29.0 48.0 0 -1 0 16 15
0 1 0 29.1 48.0 0 -1 0 16 15
0 1 0 29.0 48.5 0 -1 0 16 15
0 1 0 29.0 48.5 0 -1 0 16 15
0 1 0 29.1 48.0 0 -1 0 16 15
0 1 0 29.1 48.5 0 -1 0 16 15
0 1 0 29.1 48.0 0 -1 0 16 15
0 1 0 29.0 48.0 0 -1 0 16 15
0 1 0 29.1 48.0 0 -1 0 16 15
0 1 0 29.2 48.0 0 -1 0 16 15
0 1 0 29.1 48.0 0 -1 0 16 15
0 1 0 29.1 48.0 0 -1 0 16 15
0 1 0 29.1 48.0 0 -1 0 16 15
0 1 0 29.2 48.0 0 -1 0 16 15
0 1 0 29.2 48.0 0 -1 0 16 15
0 1 0 29.1 48.0 0 -1 0 16 15
0 1 0 29.1 48.0 0 -1 0 16 15
0 1 0 29.2 48.0 0 -1 0 16 15
0 1 0 29.2 48.5 0 -1 0 16 15
0 1 0 29.3 48.5 0 -1 0 16 15
0 1 0 29.2 48.0 0 -1 0 16 15
0 1 0 29.3 48.5 0 -1 0 16 15
0 1 0 29.3 48.0 0 -1 0 16 15
0 1 0 29.3 48.5 0 -1 0 16 15
0 1 0 29.3 48.5 0 -1 0 16 15
0 1 0 29.4 48.5 0 -1 0 16 15
0 1 0 29.4 48.5 0 -1 0 16 15
0 1 0 29.4 48.5 0 -1 0 16 15
0 1 0 29.3 48.5 0 -1 0 16 15
0 1 0 29.4 48.5 0 -1 0 16 15
0 1 0 29.4 48.5 0 -1 0 16 15
0 1 0 29.5 48.5 0 -1 0 16 15
0 1 0 29.5 48.5 0 -1 0 16 15
0 1 0 29.4 48.5 0 -1 0 16 15
0 1 0 29.4 48.5 0 -1 0 16 15
0 1 0 29.5 48.5 0 -1 0 16 15
0 1 0 29.5 48.5 0 -1 0 16 15
0 1 0 29.5 48.5 0 -1 0 16 15
0 1 0 29.5 48.5 0 -1 0 16 15
0 1 0 29.6 48.5 0 -1 0 16 15
0 1 0 29.5 49.0 0 -1 0 16 15
0 1 0 29.6 49.0 0 -1 0 16 15
0 1 0 29.6 49.0 0 -1 0 16 15
0 1 0 29.6 49.0 0 -1 0 16 15
0 1 0 29.6 49.0 0 -1 0 16 15
0 1 0 29.7 49.5 0 -1 0 16 15
0 1 0 29.7 49.5 0 -1 0 16 15
0 1 0 29.7 49.5 0 -1 0 16 15
0 1 0 29.7 49.5 0 -1 0 16 15
0 1 0 29.7 49.5 0 -1 0 16 15
0 1 0 29.7 49.5 0 -1 0 16 15
0 1 0 29.8 50.0 0 -1 0 16 15
0 1 0 29.8 50.0 0 -1 0 16 15
0 1 0 29.7 50.0 0 -1 0 16 15
0 1 0 29.8 50.0 0 -1 0 16 15
0 1 0 29.8 50.0 0 -1 0 16 15
0 1 0 29.8 50.0 0 -1 0 16 15
0 1 0 29.9 50.5 0 -1 0 16 15
0 1 0 29.8 50.5 0 -1 0 16 15
0 1 0 29.9 50.5 0 -1 0 16 15
0 1 0 29.9 50.5 0 -1 0 16 15
0 1 0 29.9 50.5 0 -1 0 16 15
0 1 0 29.9 50.5 0 -1 0 16 15
0 1 0 29.9 50.5 0 -1 0 16 15
0 1 0 30.0 51.0 0 -1 0 16 15
0 1 0 30.0 51.0 0 -1 0 16 15
0 1 0 30.0 51.0 0 -1 0 16 15
0 1 0 30.1 51.0 0 -1 0 16 15
0 1 0 30.0 51.0 0 -1 0 16 15
0 1 0 30.1 51.0 0 -1 0 16 15
0 1 0 30.1 51.0 0 -1 0 16 15
0 1 0 30.1 51.5 0 -1 0 16 15
0 1 0 30.1 51.5 0 -1 0 16 15
0 1 0 30.1 51.5 0 -1 0 16 15
0 1 0 30.1 51.5 0 -1 0 16 15
0 1 0 30.1 51.5 0 -1 0 16 15
0 1 0 30.1 51.5 0 -1 0 16 15
0 1 0 30.1 51.5 0 -1 0 16 15
0 1 0 30.2 51.5 0 -1 0 16 15
0 1 0 30.2 51.5 0 -1 0 16 15
0 1 0 30.2 51.5 0 -1 0 16 15
0 1 0 30.2 52.0 0 -1 0 16 15
0 1 0 30.2 52.0 0 -1 0 16 15
0 1 0 30.2 52.0 0 -1 0 16 15
0 1 0 30.2 52.0 0 -1 0 16 15
0 1 0 30.3 52.0 0 -1 0 16 15
0 1 0 30.3 52.0 0 -1 0 16 15
0 1 0 30.3 52.0 0 -1 0 16 15
0 1 0 30.3 52.0 0 -1 0 16 15
0 1 0 30.3 52.5 0 -1 0 16 15
0 1 0 30.4 52.5 0 -1 0 16 15
0 1 0 30.4 52.5 0 -1 0 16 15
0 1 0 30.3 53.0 0 -1 0 16 15
0 1 0 30.4 53.0 0 -1 0 16 15
0 1 0 30.4 53.0 0 -1 0 16 15
0 1 0 30.4 53.5 0 -1 0 16 15
0 1 0 30.4 53.5 0 -1 0 16 15
0 1 0 30.4 53.5 0 -1 0 16 15
0 1 0 30.4 53.5 0 -1 0 16 15
0 1 0 30.4 53.5 0 -1 0 16 15
