0 1 0 27.3 61.0 0 -1 0 -1 -1
0 1 0 27.2 61.5 0 -1 0 -1 -1
0 1 0 27.3 61.5 0 -1 0 -1 -1
0 1 0 27.3 61.5 0 -1 0 -1 -1
0 1 0 27.2 61.5 0 -1 0 -1 -1
0 1 0 27.3 61.5 0 -1 0 -1 -1
0 1 0 27.3 61.5 0 -1 0 -1 -1
0 1 0 27.3 61.5 0 -1 0 -1 -1
0 1 0 27.3 61.5 0 -1 0 -1 -1
0 1 0 27.2 61.5 0 -1 0 -1 -1
0 1 0 27.3 61.5 0 -1 0 -1 -1
0 1 0 27.2 61.5 0 -1 0 -1 -1
0 1 0 27.3 61.5 0 -1 0 -1 -1
0 1 0 27.3 61.5 0 -1 0 -1 -1
0 1 0 27.3 61.0 0 -1 0 -1 -1
0 1 0 27.3 61.0 0 -1 0 -1 -1
0 1 0 27.4 61.0 0 -1 0 -1 -1
0 1 0 27.3 61.0 0 -1 0 -1 -1
0 1 0 27.3 61.5 0 -1 0 -1 -1
0 1 0 27.3 61.0 0 -1 0 -1 -1
0 1 0 27.4 61.5 0 -1 0 -1 -1
0 1 0 27.3 61.5 0 -1 0 -1 -1
0 1 0 27.3 61.5 0 -1 0 -1 -1
0 1 0 27.4 61.5 0 -1 0 -1 -1
0 1 0 27.4 61.5 0 -1 0 -1 -1
0 1 0 27.3 61.5 0 -1 0 -1 -1
0 1 0 27.3 61.5 0 -1 0 -1 -1
0 1 0 27.4 61.5 0 -1 0 -1 -1
0 1 0 27.3 61.5 0 -1 0 -1 -1
0 1 0 27.4 61.5 0 -1 0 -1 -1
0 1 0 27.4 61.5 0 -1 0 -1 -1
0 1 0 27.4 61.5 0 -1 0 -1 -1
0 1 0 27.4 61.5 0 -1 0 -1 -1
0 1 0 27.4 61.5 0 -1 0 -1 -1
0 1 0 27.4 61.5 0 -1 0 -1 -1
0 1 0 27.4 61.5 0 -1 0 -1 -1
0 1 0 27.4 61.5 0 -1 0 -1 -1
0 1 0 27.4 62.0 0 -1 0 -1 -1
0 1 0 27.4 62.0 0 -1 0 -1 -1
0 1 0 27.4 62.0 0 -1 0 -1 -1
0 1 0 27.5 62.0 0 -1 0 -1 -1
0 1 0 27.4 62.0 0 -1 0 -1 -1
0 1 0 27.4 62.0 0 -1 0 -1 -1
0 1 0 27.5 62.0 0 -1 0 -1 -1
0 1 0 27.5 61.5 0 -1 0 -1 -1
0 1 0 27.5 61.5 0 -1 0 -1 -1
0 1 0 27.5 61.5 0 -1 0 -1 -1
0 1 0 27.5 62.0 0 -1 0 -1 -1
0 1 0 27.5 62.0 0 -1 0 -1 -1
0 1 0 27.5 62.0 0 -1 0 -1 -1
0 1 0 27.5 62.0 0 -1 0 -1 -1
0 1 0 27.5 62.0 0 -1 0 -1 -1
0 1 0 27.4 62.0 0 -1 0 -1 -1
0 1 0 27.4 62.0 0 -1 0 -1 -1
0 1 0 27.5 62.0 0 -1 0 -1 -1
0 1 0 27.5 62.0 0 -1 0 -1 -1
0 1 0 27.5 62.0 0 -1 0 -1 -1
0 1 0 27.5 62.0 0 -1 0 -1 -1
0 1 0 27.5 62.0 0 -1 0 -1 -1
0 1 0 27.5 62.0 0 -1 0 -1 -1
0 1 0 27.5 62.0 0 -1 0 -1 -1
0 1 0 27.5 62.0 0 -1 0 -1 -1
0 1 0 27.5 62.0 0 -1 0 -1 -1
0 1 0 27.5 62.0 0 -1 0 -1 -1
0 1 0 27.5 62.0 0 -1 0 -1 -1
0 1 0 27.5 62.0 0 -1 0 -1 -1
0 1 0 27.5 62.0 0 -1 0 -1 -1
0 1 0 27.5 62.0 0 -1 0 -1 -1
0 1 0 27.5 62.0 0 -1 0 -1 -1
0 1 0 27.5 62.0 0 -1 0 -1 -1
0 1 0 27.5 62.0 0 -1 0 -1 -1
0 1 0 27.5 62.0 0 -1 0 -1 -1
0 1 0 27.5 62.0 0 -1 0 -1 -1
0 1 0 27.5 62.0 0 -1 0 -1 -1
0 1 0 27.6 62.0 0 -1 0 -1 -1
0 1 0 27.5 62.0 0 -1 0 -1 -1
0 1 0 27.6 62.0 0 -1 0 -1 -1
0 1 0 27.6 62.0 0 -1 0 -1 -1
0 1 0 27.6 62.0 0 -1 0 -1 -1
0 1 0 27.5 62.0 0 -1 0 -1 -1
0 1 0 27.6 62.0 0 -1 0 -1 -1
0 1 0 27.6 62.0 0 -1 0 -1 -1
0 1 0 27.5 62.0 0 -1 0 -1 -1
0 1 0 27.6 62.0 0 -1 0 -1 -1
0 1 0 27.6 62.0 0 -1 0 -1 -1
0 1 0 27.5 62.0 0 -1 0 -1 -1
0 1 0 27.6 62.0 0 -1 0 -1 -1
0 1 0 27.6 62.0 0 -1 0 -1 -1
0 1 0 27.6 62.0 0 -1 0 -1 -1
0 1 0 27.6 62.0 0 -1 0 -1 -1
0 1 0 27.6 62.0 0 -1 0 -1 -1
0 1 0 27.6 62.0 0 -1 0 -1 -1
0 1 0 27.7 62.5 0 -1 0 -1 -1
0 1 0 27.7 62.5 0 -1 0 -1 -1
0 1 0 27.6 62.5 0 -1 0 -1 -1
0 1 0 27.6 62.5 0 -1 0 -1 -1
0 1 0 27.6 62.5 0 -1 0 -1 -1
0 1 0 27.6 62.5 0 -1 0 -1 -1
0 1 0 27.6 62.5 0 -1 0 -1 -1
0 1 0 27.6 62.5 0 -1 0 -1 -1
0 1 0 27.6 62.5 0 -1 0 -1 -1
0 1 0 27.6 62.5 0 -1 0 -1 -1
0 1 0 27.6 62.5 0 -1 0 -1 -1
0 1 0 27.6 62.5 0 -1 0 -1 -1
0 1 0 27.6 62.5 0 -1 0 -1 -1
0 1 0 27.6 62.5 0 -1 0 -1 -1
0 1 0 27.6 62.5 0 -1 0 -1 -1
0 1 0 27.6 62.5 0 -1 0 -1 -1
0 1 0 27.6 62.5 0 -1 0 -1 -1
0 1 0 27.6 62.5 0 -1 0 -1 -1
0 1 0 27.6 62.5 0 -1 0 -1 -1
0 1 0 27.7 62.5 0 -1 0 -1 -1
0 1 0 27.6 62.5 0 -1 0 -1 -1
0 1 0 27.6 62.5 0 -1 0 -1 -1
0 1 0 27.6 62.5 0 -1 0 -1 -1
0 1 0 27.6 62.5 0 -1 0 -1 -1
0 1 0 27.7 62.5 0 -1 0 -1 -1
0 1 0 27.7 62.5 0 -1 0 -1 -1
0 1 0 27.7 62.5 0 -1 0 -1 -1
0 1 0 27.6 62.5 0 -1 0 -1 -1
0 1 0 27.6 62.5 0 -1 0 -1 -1
0 1 0 27.6 62.5 0 -1 0 -1 -1
0 1 0 27.7 62.5 0 -1 0 -1 -1
0 1 0 27.7 63.0 0 -1 0 -1 -1
0 1 0 27.6 63.0 0 -1 0 -1 -1
0 1 0 27.7 63.0 0 -1 0 -1 -1
0 1 0 27.7 63.0 0 -1 0 -1 -1
0 1 0 27.7 63.0 0 -1 0 -1 -1
0 1 0 27.6 63.0 0 -1 0 -1 -1
0 1 0 27.6 63.0 0 -1 0 -1 -1
0 1 0 27.7 63.0 0 -1 0 -1 -1
0 1 0 27.6 63.0 0 -1 0 -1 -1
0 1 0 27.7 63.0 0 -1 0 -1 -1
0 1 0 27.7 63.0 0 -1 0 -1 -1
0 1 0 27.7 63.0 0 -1 0 -1 -1
0 1 0 27.7 63.0 0 -1 0 -1 -1
0 1 0 27.6 63.0 0 -1 0 -1 -1
0 1 0 27.6 63.0 0 -1 0 -1 -1
0 1 0 27.7 63.0 0 -1 0 -1 -1
0 1 0 27.7 63.0 0 -1 0 -1 -1
0 1 0 27.7 63.0 0 -1 0 -1 -1
0 1 0 27.7 63.0 0 -1 0 -1 -1
0 1 0 27.6 63.0 0 -1 0 -1 -1
0 1 0 27.7 63.0 0 -1 0 -1 -1
0 1 0 27.7 63.0 0 -1 0 -1 -1
0 1 0 27.7 63.0 0 -1 0 -1 -1
0 1 0 27.7 63.0 0 -1 0 -1 -1
0 1 0 27.6 63.0 0 -1 0 -1 -1
0 1 0 27.7 63.0 0 -1 0 -1 -1
0 1 0 27.7 63.0 0 -1 0 -1 -1
0 1 0 27.7 63.0 0 -1 0 -1 -1
0 1 0 27.8 63.0 0 -1 0 -1 -1
0 1 0 27.7 63.0 0 -1 0 -1 -1
0 1 0 27.7 63.0 0 -1 0 -1 -1
0 1 0 27.7 63.0 0 -1 0 -1 -1
0 1 0 27.7 63.0 0 -1 0 -1 -1
0 1 0 27.7 63.0 0 -1 0 -1 -1
0 1 0 27.7 63.0 0 -1 0 -1 -1
0 1 0 27.6 63.0 0 -1 0 -1 -1
0 1 0 27.7 63.0 0 -1 0 -1 -1
0 1 0 27.7 63.5 0 -1 0 -1 -1
0 1 0 27.7 63.5 0 -1 0 -1 -1
0 1 0 27.7 63.5 0 -1 0 -1 -1
0 1 0 27.7 63.5 0 -1 0 -1 -1
0 1 0 27.8 63.5 0 -1 0 -1 -1
0 1 0 27.7 63.5 0 -1 0 -1 -1
0 1 0 27.7 63.5 0 -1 0 -1 -1
0 1 0 27.7 63.5 0 -1 0 -1 -1
0 1 0 27.8 63.5 0 -1 0 -1 -1
0 1 0 27.7 63.5 0 -1 0 -1 -1
0 1 0 27.7 63.5 0 -1 0 -1 -1
0 1 0 27.8 63.5 0 -1 0 -1 -1
0 1 0 27.7 63.5 0 -1 0 -1 -1
0 1 0 27.8 63.5 0 -1 0 -1 -1
0 1 0 27.8 63.5 0 -1 0 -1 -1
0 1 0 27.7 63.5 0 -1 0 -1 -1
0 1 0 27.7 63.5 0 -1 0 -1 -1
0 1 0 27.8 63.5 0 -1 0 -1 -1
0 1 0 27.8 63.5 0 -1 0 -1 -1
0 1 0 27.8 63.5 0 -1 0 -1 -1
0 1 0 27.7 63.5 0 -1 0 -1 -1
0 1 0 27.8 63.5 0 -1 0 -1 -1
0 1 0 27.8 63.5 0 -1 0 -1 -1
0 1 0 27.7 63.5 0 -1 0 -1 -1
0 1 0 27.8 63.5 0 -1 0 -1 -1
0 1 0 27.8 63.5 0 -1 0 -1 -1
0 1 0 27.8 63.5 0 -1 0 -1 -1
0 1 0 27.7 63.5 0 -1 0 -1 -1
0 1 0 27.8 63.5 0 -1 0 -1 -1
0 1 0 27.8 63.5 0 -1 0 -1 -1
0 1 0 27.7 63.5 0 -1 0 -1 -1
0 1 0 27.7 63.5 0 -1 0 -1 -1
0 1 0 27.8 63.5 0 -1 0 -1 -1
0 1 0 27.7 63.5 0 -1 0 -1 -1
0 1 0 27.8 63.5 0 -1 0 -1 -1
0 1 0 27.8 64.0 0 -1 0 -1 -1
0 1 0 27.8 64.0 0 -1 0 -1 -1
0 1 0 27.8 63.5 0 -1 0 -1 -1
0 1 0 27.8 64.0 0 -1 0 -1 -1
0 1 0 27.7 64.0 0 -1 0 -1 -1
0 1 0 27.7 64.0 0 -1 0 -1 -1
0 1 0 27.7 64.0 0 -1 0 -1 -1
0 1 0 27.8 64.0 0 -1 0 -1 -1
0 1 0 27.7 64.0 0 -1 0 -1 -1
0 1 0 27.8 64.0 0 -1 0 -1 -1
0 1 0 27.8 64.0 0 -1 0 -1 -1
0 1 0 27.8 64.0 0 -1 0 -1 -1
0 1 0 27.8 64.0 0 -1 0 -1 -1
0 1 0 27.8 64.0 0 -1 0 -1 -1
0 1 0 27.8 64.0 0 -1 0 -1 -1
0 1 0 27.7 64.0 0 -1 0 -1 -1
0 1 0 27.8 64.0 0 -1 0 -1 -1
0 1 0 27.8 64.0 0 -1 0 -1 -1
0 1 0 27.7 64.0 0 -1 0 -1 -1
0 1 0 27.7 64.0 0 -1 0 -1 -1
0 1 0 27.8 64.0 0 -1 0 -1 -1
0 1 0 27.8 64.0 0 -1 0 -1 -1
0 1 0 27.8 64.0 0 -1 0 -1 -1
0 1 0 27.8 64.0 0 -1 0 -1 -1
0 1 0 27.9 64.0 0 -1 0 -1 -1
0 1 0 27.8 64.0 0 -1 0 -1 -1
0 1 0 27.8 64.0 0 -1 0 -1 -1
0 1 0 27.8 64.0 0 -1 0 -1 -1
0 1 0 27.8 64.0 0 -1 0 -1 -1
0 1 0 27.8 64.0 0 -1 0 -1 -1
0 1 0 27.8 64.0 0 -1 0 -1 -1
0 1 0 27.8 64.0 0 -1 0 -1 -1
0 1 0 27.8 64.0 0 -1 0 -1 -1
0 1 0 27.8 64.0 0 -1 0 -1 -1
0 1 0 27.7 64.0 0 -1 0 -1 -1
0 1 0 27.8 64.0 0 -1 0 -1 -1
0 1 0 27.7 64.0 0 -1 0 -1 -1
0 1 0 27.9 64.0 0 -1 0 -1 -1
0 1 0 27.7 64.0 0 -1 0 -1 -1
0 1 0 27.8 64.5 0 -1 0 -1 -1
0 1 0 27.8 64.5 0 -1 0 -1 -1
0 1 0 27.8 64.5 0 -1 0 -1 -1
0 1 0 27.9 64.5 0 -1 0 -1 -1
0 1 0 27.8 64.5 0 -1 0 -1 -1
0 1 0 27.8 64.5 0 -1 0 -1 -1
0 1 0 27.8 64.5 0 -1 0 -1 -1
0 1 0 27.8 64.5 0 -1 0 -1 -1
0 1 0 27.8 64.5 0 -1 0 -1 -1
0 1 0 27.9 64.5 0 -1 0 -1 -1
0 1 0 27.8 65.0 0 -1 0 -1 -1
0 1 0 27.8 65.0 0 -1 0 -1 -1
0 1 0 27.8 65.0 0 -1 0 -1 -1
0 1 0 27.9 65.0 0 -1 0 -1 -1
0 1 0 27.8 65.0 0 -1 0 -1 -1
0 1 0 27.8 65.0 0 -1 0 -1 -1
0 1 0 27.8 65.0 0 -1 0 -1 -1
0 1 0 27.8 65.0 0 -1 0 -1 -1
0 1 0 27.8 65.0 0 -1 0 -1 -1
0 1 0 27.8 65.0 0 -1 0 -1 -1
0 1 0 27.8 65.0 0 -1 0 -1 -1
0 1 0 27.9 65.0 0 -1 0 -1 -1
0 1 0 27.8 65.5 0 -1 0 -1 -1
0 1 0 27.9 65.5 0 -1 0 -1 -1
0 1 0 27.8 65.0 0 -1 0 -1 -1
0 1 0 27.9 65.0 0 -1 0 -1 -1
0 1 0 27.9 65.0 0 -1 0 -1 -1
0 1 0 27.8 65.0 0 -1 0 -1 -1
0 1 0 27.9 65.5 0 -1 0 -1 -1
0 1 0 27.8 65.0 0 -1 0 -1 -1
0 1 0 27.9 65.0 0 -1 0 -1 -1
0 1 0 27.9 65.5 0 -1 0 -1 -1
0 1 0 27.8 65.0 0 -1 0 -1 -1
0 1 0 27.9 65.5 0 -1 0 -1 -1
0 1 0 27.9 65.5 0 -1 0 -1 -1
0 1 0 27.9 65.5 0 -1 0 -1 -1
0 1 0 27.9 65.5 0 -1 0 -1 -1
0 1 0 27.9 65.0 0 -1 0 -1 -1
0 1 0 27.9 65.5 0 -1 0 -1 -1
0 1 0 27.8 65.0 0 -1 0 -1 -1
0 1 0 27.9 65.0 0 -1 0 -1 -1
0 1 0 27.9 65.5 0 -1 0 -1 -1
0 1 0 27.8 65.0 0 -1 0 -1 -1
0 1 0 27.8 65.5 0 -1 0 -1 -1
0 1 0 27.9 65.5 0 -1 0 -1 -1
0 1 0 27.9 65.5 0 -1 0 -1 -1
0 1 0 27.9 65.5 0 -1 0 -1 -1
0 1 0 27.9 65.0 0 -1 0 -1 -1
0 1 0 27.9 65.5 0 -1 0 -1 -1
0 1 0 27.9 65.5 0 -1 0 -1 -1
0 1 0 27.9 65.5 0 -1 0 -1 -1
0 1 0 27.9 65.5 0 -1 0 -1 -1
0 1 0 27.8 65.5 0 -1 0 -1 -1
0 1 0 27.9 65.5 0 -1 0 -1 -1
0 1 0 27.8 65.5 0 -1 0 -1 -1
0 1 0 27.9 65.5 0 -1 0 -1 -1
0 1 0 27.9 65.5 0 -1 0 -1 -1
0 1 0 27.8 65.5 0 -1 0 -1 -1
0 1 0 27.9 65.5 0 -1 0 -1 -1
0 1 0 27.9 65.5 0 -1 0 -1 -1
0 1 0 27.9 65.5 2 -1 0 -1 -1
0 1 0 27.9 65.5 2 -1 0 -1 -1
0 1 0 27.9 65.5 2 -1 0 -1 -1
0 1 0 27.9 65.5 2 -1 0 -1 -1
0 1 0 27.9 65.5 2 -1 0 -1 -1
0 1 0 27.9 65.5 2 -1 0 -1 -1
0 1 0 27.9 65.5 2 -1 0 -1 -1
0 1 0 27.9 65.5 1 -1 0 -1 -1
0 1 0 27.9 65.5 1 -1 0 -1 -1
0 1 0 27.9 65.5 1 -1 0 -1 -1
0 1 0 27.9 65.5 1 -1 0 -1 -1
0 1 0 27.9 65.5 1 -1 0 -1 -1
0 1 0 27.9 65.5 1 -1 0 -1 -1
0 1 0 27.9 65.5 1 -1 0 -1 -1
0 1 0 27.9 65.5 1 -1 0 -1 -1
0 1 0 27.9 65.5 1 -1 0 -1 -1
0 1 0 27.9 65.5 1 -1 0 -1 -1
0 1 0 27.9 65.5 1 -1 0 -1 -1
0 1 0 27.9 65.5 1 -1 0 -1 -1
0 1 0 27.8 65.5 1 -1 0 -1 -1
0 1 0 27.9 65.5 1 -1 0 -1 -1
0 1 0 27.9 65.5 1 -1 0 -1 -1
0 1 0 27.9 65.5 0 -1 0 -1 -1
0 1 0 27.9 65.5 0 -1 0 -1 -1
0 1 0 27.9 65.5 0 -1 0 -1 -1
0 1 0 27.8 65.5 0 -1 0 -1 -1
0 1 0 27.9 65.5 0 -1 0 -1 -1
0 1 0 27.9 65.5 0 -1 0 -1 -1
0 1 0 27.9 65.5 0 -1 0 -1 -1
0 1 0 27.9 65.5 2 -1 0 -1 -1
0 1 0 27.9 65.5 2 -1 0 -1 -1
0 1 0 27.8 65.5 3 -1 0 -1 -1
0 1 0 27.8 66.0 1 -1 0 -1 -1
0 1 0 27.9 66.0 1 -1 0 -1 -1
0 1 0 27.9 66.0 1 -1 0 -1 -1
0 1 0 27.9 66.0 3 -1 0 -1 -1
0 1 0 27.8 66.0 3 -1 0 -1 -1
0 1 0 27.9 66.0 1 -1 0 -1 -1
0 1 0 27.9 66.0 1 -1 0 -1 -1
0 1 0 27.9 66.0 2 -1 0 -1 -1
0 1 0 27.9 66.0 2 -1 0 -1 -1
0 1 0 27.9 66.0 4 -1 0 -1 -1
0 1 0 27.9 66.0 2 -1 0 -1 -1
0 1 0 27.8 66.0 2 -1 0 -1 -1
0 1 0 27.9 66.0 4 -1 0 -1 -1
0 1 0 27.9 66.0 4 -1 0 -1 -1
0 1 0 27.9 66.0 4 -1 0 -1 -1
0 1 0 27.9 66.0 3 -1 0 -1 -1
0 1 0 27.9 66.0 3 -1 0 -1 -1
0 1 0 27.9 66.0 3 -1 0 -1 -1
0 1 0 27.9 66.0 4 -1 0 -1 -1
0 1 0 27.9 66.0 4 -1 0 -1 -1
0 1 0 27.9 66.0 4 -1 0 -1 -1
0 1 0 27.9 66.0 2 -1 0 -1 -1
0 1 0 28.0 66.0 4 -1 0 -1 -1
0 1 0 27.9 66.0 4 -1 0 -1 -1
0 1 0 27.9 66.0 4 -1 0 -1 -1
0 1 0 27.9 66.0 2 -1 0 -1 -1
0 1 0 27.9 66.0 2 -1 0 -1 -1
0 1 0 27.9 66.0 2 -1 0 -1 -1
0 1 0 27.9 66.0 4 -1 0 -1 -1
0 1 0 27.9 66.0 4 -1 0 -1 -1
0 1 0 27.9 66.0 4 -1 0 -1 -1
0 1 0 27.9 66.0 4 -1 0 -1 -1
0 1 0 27.9 66.0 4 -1 0 -1 -1
0 1 0 27.9 66.0 2 -1 0 -1 -1
0 1 0 28.0 66.0 2 -1 0 -1 -1
0 1 0 27.9 66.0 2 -1 0 -1 -1
0 1 0 28.0 66.0 2 -1 0 -1 -1
0 1 0 28.0 66.0 1 -1 0 -1 -1
0 1 0 27.9 66.0 2 -1 0 -1 -1
0 1 0 27.9 66.0 2 -1 0 -1 -1
0 1 0 27.9 66.0 2 -1 0 -1 -1
0 1 0 28.0 66.0 2 -1 0 -1 -1
0 1 0 28.0 66.0 2 -1 0 -1 -1
0 1 0 28.0 66.0 2 -1 0 -1 -1
0 1 0 27.9 66.0 2 -1 0 -1 -1
0 1 0 28.0 66.0 2 -1 0 -1 -1
0 1 0 28.0 66.0 2 -1 0 -1 -1
0 1 0 28.0 66.0 4 -1 0 -1 -1
0 1 0 28.0 66.0 4 -1 0 -1 -1
0 1 0 28.0 66.0 4 -1 0 -1 -1
0 1 0 27.9 66.0 4 -1 0 -1 -1
0 1 0 28.0 66.0 4 -1 0 -1 -1
0 1 0 28.0 66.0 6 -1 0 -1 -1
0 1 0 28.0 66.0 6 -1 0 -1 -1
0 1 0 27.9 66.0 6 -1 0 -1 -1
0 1 0 28.0 66.0 6 -1 0 -1 -1
0 1 0 28.0 66.0 5 -1 0 -1 -1
0 1 0 28.0 66.0 5 -1 0 -1 -1
0 1 0 28.0 66.0 5 -1 0 -1 -1
0 1 0 28.1 66.0 7 -1 0 -1 -1
0 1 0 28.1 66.0 7 -1 0 -1 -1
0 1 0 28.0 66.0 7 -1 0 -1 -1
0 1 0 28.0 66.0 9 -1 0 -1 -1
0 1 0 28.1 66.0 9 -1 0 -1 -1
0 1 0 28.0 66.0 9 -1 0 -1 -1
0 1 0 28.0 66.0 7 -1 0 -1 -1
0 1 0 28.0 66.0 7 -1 0 -1 -1
0 1 0 28.0 66.0 9 -1 0 -1 -1
0 1 0 28.0 66.0 9 -1 0 -1 -1
0 1 0 28.0 66.0 11 -1 0 -1 -1
0 1 0 28.0 66.0 11 -1 0 -1 -1
0 1 0 28.0 66.5 11 -1 0 -1 -1
0 1 0 28.0 66.5 9 -1 0 -1 -1
0 1 0 28.0 66.5 9 -1 0 -1 -1
0 1 0 28.0 67.0 9 -1 0 -1 -1
0 1 0 28.0 67.0 9 -1 0 -1 -1
0 1 0 28.0 67.0 11 -1 0 -1 -1
0 1 0 28.0 67.0 11 -1 0 -1 -1
0 1 0 28.0 67.0 11 -1 0 -1 -1
0 1 0 28.1 67.0 11 -1 0 -1 -1
0 1 0 28.1 67.0 11 -1 0 -1 -1
0 1 0 28.1 67.0 11 -1 0 -1 -1
0 1 0 28.1 67.5 11 -1 0 -1 -1
0 1 0 28.1 67.5 11 -1 0 -1 -1
0 1 0 28.0 67.5 11 -1 0 -1 -1
0 1 0 28.1 67.5 9 -1 0 -1 -1
0 1 0 28.1 67.5 9 -1 0 -1 -1
0 1 0 28.1 68.0 9 -1 0 -1 -1
0 1 0 28.1 68.0 9 -1 0 -1 -1
0 1 0 28.0 68.0 11 -1 0 -1 -1
0 1 0 28.2 68.0 11 -1 0 -1 -1
0 1 0 28.2 68.5 11 -1 0 -1 -1
0 1 0 28.2 68.5 11 -1 0 -1 -1
0 1 0 28.2 68.5 11 -1 0 -1 -1
0 1 0 28.2 68.5 11 -1 0 -1 -1
0 1 0 28.2 68.5 9 -1 0 -1 -1
0 1 0 28.2 68.5 9 -1 0 -1 -1
0 1 0 28.2 69.0 9 -1 0 -1 -1
0 1 0 28.2 68.5 11 -1 0 -1 -1
0 1 0 28.2 68.5 11 -1 0 -1 -1
0 1 0 28.2 68.5 11 -1 0 -1 -1
0 1 0 28.2 69.0 11 -1 0 -1 -1
0 1 0 28.2 69.0 11 -1 0 -1 -1
0 1 0 28.2 69.0 13 -1 0 -1 -1
0 1 0 28.2 69.0 9 -1 0 -1 -1
0 1 0 28.2 69.0 9 -1 0 -1 -1
0 1 0 28.2 69.0 11 -1 0 -1 -1
0 1 0 28.3 69.0 13 -1 0 -1 -1
0 1 0 28.2 69.0 13 -1 0 -1 -1
0 1 0 28.3 69.0 12 -1 0 -1 -1
0 1 0 28.2 69.0 14 -1 0 -1 -1
0 1 0 28.2 69.0 14 -1 0 -1 -1
0 1 0 28.2 69.0 16 -1 0 -1 -1
0 1 0 28.3 69.0 16 -1 0 -1 -1
0 1 0 28.2 69.0 16 -1 0 -1 -1
0 1 0 28.2 69.0 14 -1 0 -1 -1
0 1 0 28.2 69.0 14 -1 0 -1 -1
0 1 0 28.3 69.5 14 -1 0 -1 -1
0 1 0 28.3 69.5 16 -1 0 -1 -1
0 1 0 28.3 69.5 16 -1 0 -1 -1
0 1 0 28.3 69.5 16 -1 0 -1 -1
0 1 0 28.2 69.5 16 -1 0 -1 -1
0 1 0 28.3 69.0 16 -1 0 -1 -1
0 1 0 28.3 69.0 16 -1 0 -1 -1
0 1 0 28.3 69.0 16 -1 0 -1 -1
0 1 0 28.4 69.0 16 -1 0 -1 -1
0 1 0 28.3 69.0 16 -1 0 -1 -1
0 1 0 28.3 69.5 16 -1 0 -1 -1
0 1 0 28.3 69.0 16 -1 0 -1 -1
0 1 0 28.3 69.5 16 -1 0 -1 -1
0 1 0 28.3 69.0 18 -1 0 -1 -1
0 1 0 28.3 69.5 16 -1 0 -1 -1
0 1 0 28.4 69.0 16 -1 0 -1 -1
0 1 0 28.3 69.5 16 -1 0 -1 -1
0 1 0 28.3 69.5 18 -1 0 -1 -1
0 1 0 28.3 69.0 18 -1 0 -1 -1
0 1 0 28.3 69.0 18 -1 0 -1 -1
0 1 0 28.4 69.0 18 -1 0 -1 -1
0 1 0 28.3 69.5 16 -1 0 -1 -1
0 1 0 28.3 69.5 16 -1 0 -1 -1
0 1 0 28.4 69.5 16 -1 0 -1 -1
0 1 0 28.4 69.5 18 -1 0 -1 -1
0 1 0 28.3 69.0 18 -1 0 -1 -1
0 1 0 28.3 69.5 18 -1 0 -1 -1
0 1 0 28.4 69.5 23 -1 0 -1 -1
0 1 0 28.4 69.5 22 -1 0 -1 -1
0 1 0 28.4 69.5 22 -1 0 -1 -1
0 1 0 28.4 69.5 21 -1 0 -1 -1
0 1 0 28.4 69.5 34 -1 0 -1 -1
0 1 0 28.4 69.5 36 -1 0 -1 -1
0 1 0 28.4 69.5 37 -1 0 -1 -1
0 1 0 28.4 69.5 41 -1 0 -1 -1
0 1 0 28.4 69.5 39 -1 0 -1 -1
0 1 0 28.4 69.5 41 -1 0 -1 -1
0 1 0 28.5 69.5 39 -1 0 -1 -1
0 1 0 28.4 69.5 34 -1 0 -1 -1
0 1 0 28.4 69.5 34 -1 0 -1 -1
0 1 0 28.5 70.0 32 -1 0 -1 -1
0 1 0 28.4 70.0 34 -1 0 -1 -1
0 1 0 28.5 70.0 34 -1 0 -1 -1
0 1 0 28.5 70.0 36 -1 0 -1 -1
0 1 0 28.5 70.0 34 -1 0 -1 -1
0 1 0 28.5 70.0 32 -1 0 -1 -1
0 1 0 28.5 70.0 32 -1 0 -1 -1
0 1 0 28.5 70.0 32 -1 0 -1 -1
0 1 0 28.5 70.0 34 -1 0 -1 -1
0 1 0 28.6 70.0 32 -1 0 -1 -1
0 1 0 28.6 70.0 32 -1 0 -1 -1
0 1 0 28.5 70.0 34 -1 0 -1 -1
0 1 0 28.6 70.0 32 -1 0 -1 -1
0 1 0 28.6 70.0 34 -1 0 -1 -1
0 1 0 28.6 70.0 32 -1 0 -1 -1
0 1 0 28.7 70.0 36 -1 0 -1 -1
0 1 0 28.6 70.0 32 -1 0 -1 -1
0 1 0 28.6 70.0 32 -1 0 -1 -1
0 1 0 28.7 70.0 36 -1 0 -1 -1
0 1 0 28.6 70.0 32 -1 0 -1 -1
0 1 0 28.6 70.0 32 -1 0 -1 -1
0 1 0 28.6 70.0 32 -1 0 -1 -1
0 1 0 28.7 70.0 34 -1 0 -1 -1
0 1 0 28.6 70.0 34 -1 0 -1 -1
0 1 0 28.7 70.0 34 -1 0 -1 -1
0 1 0 28.7 70.0 34 -1 0 -1 -1
0 1 0 28.7 70.0 36 -1 0 -1 -1
0 1 0 28.7 70.0 32 -1 0 -1 -1
0 1 0 28.7 70.0 29 -1 0 -1 -1
0 1 0 28.7 70.0 23 -1 0 -1 -1
0 1 0 28.7 70.0 23 -1 0 -1 -1
0 1 0 28.7 70.0 23 -1 0 -1 -1
0 1 0 28.7 70.0 25 -1 0 -1 -1
0 1 0 28.6 70.0 27 -1 0 -1 -1
0 1 0 28.7 70.0 32 -1 0 -1 -1
0 1 0 28.7 70.0 35 -1 0 -1 -1
0 1 0 28.7 70.0 38 -1 0 -1 -1
0 1 0 28.7 70.0 36 -1 0 -1 -1
0 1 0 28.7 70.0 35 -1 0 -1 -1
0 1 0 28.7 70.0 35 -1 0 -1 -1
0 1 0 28.7 70.0 32 -1 0 -1 -1
0 1 0 28.6 70.0 39 -1 0 -1 -1
0 1 0 28.6 70.0 39 -1 0 -1 -1
0 1 0 28.6 70.0 41 -1 0 -1 -1
0 1 0 28.7 69.5 35 -1 0 -1 -1
0 1 0 28.7 69.5 34 -1 0 -1 -1
0 1 0 28.7 69.5 32 -1 0 -1 -1
0 1 0 28.7 69.5 34 -1 0 -1 -1
0 1 0 28.6 69.0 30 -1 0 -1 -1
0 1 0 28.6 69.0 32 -1 0 -1 -1
0 1 0 28.6 69.0 32 -1 0 -1 -1
0 1 0 28.6 69.0 34 -1 0 -1 -1
0 1 0 28.6 69.0 36 -1 0 -1 -1
0 1 0 28.5 69.0 34 -1 0 -1 -1
0 1 0 28.6 68.5 34 -1 0 -1 -1
0 1 0 28.5 68.5 32 -1 0 -1 -1
0 1 0 28.6 68.5 30 -1 0 -1 -1
0 1 0 28.5 68.5 30 -1 0 -1 -1
0 1 0 28.6 68.5 28 -1 0 -1 -1
0 1 0 28.5 68.5 28 -1 0 -1 -1
0 1 0 28.4 68.5 32 -1 0 -1 -1
0 1 0 28.4 68.0 34 -1 0 -1 -1
0 1 0 28.5 68.0 34 -1 0 -1 -1
0 1 0 28.4 68.0 34 -1 0 -1 -1
0 1 0 28.4 67.5 34 -1 0 -1 -1
0 1 0 28.4 67.5 35 -1 0 -1 -1
0 1 0 28.4 67.5 39 -1 0 -1 -1
0 1 0 28.4 67.5 37 -1 0 -1 -1
0 1 0 28.4 67.0 37 -1 0 -1 -1
1 1 1 28.4 67.0 28 c26 0 -1 -1
1 1 7 28.4 66.0 197 c26 0 100 100
1 1 16 28.3 64.0 121 c26 0 100 100
1 1 2 28.2 63.0 158 c26 0 100 100
1 1 0 28.0 61.0 176 c26 0 100 100
1 1 0 27.8 60.0 205 c26 0 100 100
1 1 3 27.6 59.0 131 c26 0 100 100
1 1 4 27.5 58.0 94 c26 0 100 100
1 1 0 27.3 57.0 100 c26 0 100 100
1 1 0 27.2 56.5 114 c26 0 100 100
1 1 0 27.1 55.5 104 c26 0 100 100
1 1 2 27.0 55.5 126 c26 0 100 100
1 1 0 26.9 55.5 127 c26 0 100 100
1 1 0 26.8 55.0 122 c26 0 100 100
1 1 8 26.8 54.5 92 c26 0 100 100
1 1 13 26.7 54.0 103 c26 0 100 100
1 1 0 26.6 54.0 106 c26 0 100 100
1 1 0 26.5 54.0 92 c26 0 100 100
1 1 0 26.5 53.5 92 c26 0 100 100
1 1 0 26.4 53.5 103 c26 0 100 100
1 1 0 26.3 53.5 109 c26 0 100 100
1 1 0 26.3 53.5 105 c26 0 100 100
1 1 0 26.3 53.0 99 c26 0 100 100
1 1 2 26.2 53.0 70 c26 0 100 100
1 1 7 26.1 53.0 57 c26 0 100 100
1 1 5 26.1 53.5 83 c26 0 100 100
1 1 13 26.0 53.0 61 c26 0 100 100
1 1 0 25.9 53.0 58 c26 0 100 100
1 1 0 26.0 53.0 85 c26 0 100 100
1 1 1 25.9 53.0 94 c26 0 100 100
1 1 0 25.9 53.5 94 c26 0 100 100
1 1 1 25.9 54.0 111 c26 0 100 100
1 1 5 25.9 54.0 116 c26 0 100 100
1 1 0 25.8 54.0 116 c26 0 100 100
1 1 4 25.8 54.0 90 c26 0 100 100
1 1 0 25.7 53.5 91 c26 0 100 100
1 1 2 25.7 53.5 82 c26 0 100 100
1 1 2 25.6 53.5 80 c26 0 100 100
1 1 11 25.6 53.5 92 c26 0 100 100
1 1 12 25.6 53.0 105 c26 0 100 100
1 1 2 25.5 53.5 108 c26 0 100 100
1 1 17 25.6 53.0 108 c26 0 100 100
1 1 7 25.5 53.0 117 c26 0 100 100
1 1 9 25.5 53.5 83 c26 0 100 100
1 1 7 25.4 53.5 62 c26 0 100 100
1 1 0 25.4 53.5 93 c26 0 100 100
1 1 0 25.4 53.5 106 c26 0 100 100
1 1 0 25.4 53.0 108 c26 0 100 100
1 1 6 25.2 53.0 115 c26 0 100 100
1 1 8 25.2 53.0 117 c26 0 100 100
1 1 0 25.3 53.0 121 c26 0 100 100
1 1 4 25.1 52.5 113 c26 0 100 100
1 1 0 25.1 52.5 103 c26 0 100 100
1 1 1 25.2 53.0 89 c26 0 100 100
1 1 0 25.1 53.0 103 c26 0 100 100
1 1 3 25.1 53.0 116 c26 0 100 100
1 1 4 25.1 53.5 121 c26 0 100 100
1 1 0 25.1 54.0 113 c26 0 100 100
1 1 0 25.1 54.0 96 c26 0 100 100
1 1 0 25.0 54.0 91 c26 0 100 100
1 1 0 25.1 54.0 96 c26 0 100 100
1 1 0 25.1 53.5 84 c26 0 100 100
1 1 0 25.0 53.5 71 c26 0 100 100
1 1 0 25.0 53.5 57 c26 0 100 100
1 1 0 25.0 53.5 67 c26 0 100 100
1 1 0 25.0 53.5 62 c26 0 100 100
1 1 0 24.9 53.5 64 c26 0 100 100
1 1 0 24.9 53.0 59 c26 0 100 100
1 1 0 24.9 53.0 69 c26 0 100 100
1 1 1 24.9 53.0 87 c26 0 100 100
1 1 0 24.8 53.0 101 c26 0 100 100
1 1 0 24.8 53.0 83 c26 0 100 100
1 1 0 24.8 53.0 82 c26 0 100 100
1 1 3 24.9 53.0 93 c26 0 100 100
1 1 0 24.8 53.0 120 c26 0 100 100
1 1 0 24.7 53.0 136 c26 0 100 100
1 1 1 24.8 53.5 133 c26 0 100 100
1 1 2 24.8 53.5 138 c26 0 100 100
1 1 0 24.7 54.0 145 c26 0 100 100
1 1 0 24.7 54.0 157 c26 0 100 100
1 1 0 24.8 54.5 151 c26 0 100 100
1 1 0 24.7 54.5 133 c26 0 100 100
1 1 0 24.8 54.5 129 c26 0 100 100
1 1 1 24.8 54.5 129 c26 0 100 100
1 1 0 24.8 54.0 125 c26 0 100 100
1 1 0 24.7 54.0 134 c26 0 100 100
1 1 0 24.7 54.0 142 c26 0 100 100
1 1 6 24.7 54.0 141 c26 0 100 100
1 1 0 24.7 53.5 141 c26 0 100 100
1 1 5 24.7 54.0 132 c26 0 100 100
1 1 2 24.6 54.5 111 c26 0 100 100
1 1 3 24.7 55.0 101 c26 0 100 100
1 1 3 24.7 55.0 104 c26 0 100 100
1 1 0 24.6 55.0 83 c26 0 100 100
1 1 0 24.6 54.5 83 c26 0 100 100
1 1 1 24.6 54.5 75 c26 0 100 100
1 1 1 24.6 54.5 75 c26 0 100 100
1 1 0 24.5 54.0 54 c26 0 100 100
1 1 0 24.6 54.0 41 c26 0 100 100
1 1 4 24.6 54.0 39 c26 0 100 100
1 1 1 24.5 54.0 19 c26 0 100 100
1 1 2 24.5 54.0 27 c26 0 100 100
1 1 0 24.5 54.0 22 c26 0 100 100
1 1 5 24.5 54.0 17 c26 0 100 100
1 1 0 24.5 54.5 20 c26 0 100 100
1 1 2 24.5 54.5 19 c26 0 100 100
1 1 1 24.4 54.5 17 c26 0 100 100
1 1 2 24.5 54.5 16 c26 0 100 100
1 1 3 24.5 54.5 24 c26 0 100 100
1 1 0 24.5 55.0 26 c26 0 100 100
1 1 0 24.4 55.5 34 c26 0 100 100
1 1 0 24.5 55.5 55 c26 0 100 100
1 1 5 24.5 55.5 42 c26 0 100 100
1 1 1 24.5 55.5 50 c26 0 100 100
1 1 4 24.4 55.0 52 c26 0 100 100
1 1 13 24.4 55.0 59 c26 0 100 100
1 1 3 24.5 54.5 62 c26 0 100 100
1 1 3 24.4 54.5 74 c26 0 100 100
1 1 11 24.4 54.5 76 c26 0 100 100
1 1 0 24.4 54.5 78 c26 0 100 100
1 1 5 24.4 54.0 70 c26 0 100 100
1 1 1 24.4 54.0 77 c26 0 100 100
1 1 1 24.4 54.0 78 c26 0 100 100
1 1 12 24.3 53.5 71 c26 0 100 100
1 1 0 24.3 53.5 63 c26 0 100 100
1 1 4 24.3 53.5 59 c26 0 100 100
1 1 1 24.3 53.5 58 c26 0 100 100
1 1 0 24.2 53.0 61 c26 0 100 100
1 1 0 24.2 53.0 65 c26 0 100 100
1 1 0 24.3 53.0 72 c26 0 100 100
1 1 1 24.2 53.0 70 c26 0 100 100
1 1 0 24.2 52.5 73 c26 0 100 100
1 1 0 24.2 52.5 80 c26 0 100 100
1 1 12 24.2 52.5 78 c26 0 100 100
1 1 15 24.2 52.5 80 c26 0 100 100
1 1 0 24.1 52.5 82 c26 0 100 100
1 1 0 24.1 52.5 77 c26 0 100 100
1 1 0 24.1 52.5 79 c26 0 100 100
1 1 13 24.2 53.0 72 c26 0 100 100
1 1 3 24.1 53.0 77 c26 0 100 100
1 1 7 24.1 53.0 77 c26 0 100 100
1 1 4 24.1 53.0 84 c26 0 100 100
1 1 0 24.1 53.5 82 c26 0 100 100
1 1 0 24.1 53.5 78 c26 0 100 100
1 1 12 24.2 53.5 72 c26 0 100 100
1 1 7 24.1 53.5 71 c26 0 100 100
1 1 7 24.1 54.0 66 c26 0 100 100
1 1 2 24.2 54.0 62 c26 0 100 100
1 1 4 24.2 54.0 65 c26 0 100 100
1 1 8 24.1 54.0 61 c26 0 100 100
1 1 4 24.2 54.0 65 c26 0 100 100
1 1 2 24.2 54.5 73 c26 0 100 100
1 1 4 24.2 54.0 78 c26 0 100 100
1 1 6 24.2 54.0 83 c26 0 100 100
1 1 2 24.1 54.5 78 c26 0 100 100
1 1 7 24.2 54.0 75 c26 0 100 100
1 1 7 24.1 54.0 72 c26 0 100 100
1 1 3 24.1 54.0 74 c26 0 100 100
1 1 6 24.1 54.0 72 c26 0 100 100
1 1 2 24.1 54.0 73 c26 0 100 100
1 1 10 24.1 54.0 64 c26 0 100 100
1 1 6 24.1 54.0 57 c26 0 100 100
1 1 4 24.1 54.0 57 c26 0 100 100
1 1 0 24.0 54.0 54 c26 0 100 100
1 1 2 24.1 54.0 50 c26 0 100 100
1 1 0 24.1 54.0 49 c26 0 100 100
1 1 2 24.1 54.0 45 c26 0 100 100
1 1 0 24.1 54.0 45 c26 0 100 100
1 1 5 24.1 54.5 47 c26 0 100 100
1 1 0 24.2 54.5 36 c26 0 100 100
1 1 0 24.1 54.5 35 c26 0 100 100
1 1 0 24.1 54.5 35 c26 0 100 100
1 1 11 24.1 54.5 30 c26 0 100 100
1 1 0 24.1 54.5 28 c26 0 100 100
1 1 0 24.1 54.0 32 c26 0 100 100
1 1 0 24.0 54.0 36 c26 0 100 100
1 1 2 24.1 54.0 38 c26 0 100 100
1 1 0 24.0 54.0 41 c26 0 100 100
1 1 0 24.0 54.0 41 c26 0 100 100
1 1 0 24.0 53.5 53 c26 0 100 100
1 1 0 24.0 53.5 65 c26 0 100 100
1 1 0 24.0 53.5 80 c26 0 100 100
1 1 0 24.1 53.5 93 c26 0 100 100
1 1 0 24.0 53.5 97 c26 0 100 100
1 1 0 24.0 53.5 98 c26 0 100 100
1 1 0 24.1 53.5 105 c26 0 100 100
1 1 0 24.1 54.0 112 c26 0 100 100
1 1 0 24.1 54.0 124 c26 0 100 100
1 1 3 24.1 54.0 131 c26 0 100 100
1 1 3 24.0 54.0 141 c26 0 100 100
1 1 3 24.1 54.0 158 c26 0 100 100
1 1 4 24.1 54.0 162 c26 0 100 100
1 1 0 24.1 54.0 164 c26 0 100 100
1 1 0 24.1 54.0 162 c26 0 100 100
1 1 7 24.1 54.0 162 c26 0 100 100
1 1 0 24.1 54.0 153 c26 0 100 100
1 1 0 24.2 53.5 151 c26 0 100 100
1 1 0 24.1 53.5 149 c26 0 100 100
1 1 0 24.1 54.0 150 c26 0 100 100
1 1 5 24.1 53.5 143 c26 0 100 100
1 1 5 24.1 54.0 143 c26 0 100 100
1 1 1 24.1 53.5 137 -1 0 100 100
1 1 20 24.1 53.5 136 -1 0 100 100
1 1 0 24.1 54.0 134 -1 0 100 100
1 1 0 24.2 54.0 134 -1 0 100 100
1 1 21 24.4 54.5 127 -1 0 100 100
1 1 2 24.5 54.5 115 -1 0 100 100
1 1 3 24.6 54.5 104 -1 0 100 100
1 1 0 24.7 54.5 99 -1 0 100 100
1 1 0 24.7 54.5 98 -1 0 100 100
1 1 0 24.9 55.0 88 -1 0 100 100
1 1 0 24.9 55.0 84 -1 0 100 100
1 1 0 25.1 55.0 80 -1 0 100 100
1 1 0 25.1 55.0 76 -1 0 100 100
1 1 1 25.2 55.0 76 -1 0 100 100
1 1 6 25.2 55.0 71 -1 0 100 100
1 1 0 25.3 55.5 67 -1 0 100 100
1 1 0 25.4 55.5 63 -1 0 100 100
1 1 0 25.4 55.5 65 -1 0 100 100
1 1 0 25.5 56.0 68 -1 0 100 100
1 1 0 25.5 56.0 72 -1 0 100 100
1 1 0 25.6 56.0 80 -1 0 100 100
1 1 0 25.5 56.0 88 -1 0 100 100
1 1 0 25.6 56.5 95 -1 0 100 100
1 1 0 25.7 56.5 97 -1 0 100 100
1 1 0 25.7 56.5 90 -1 0 100 100
1 1 0 25.8 57.0 82 -1 0 100 100
1 1 0 25.8 57.0 73 -1 0 100 100
1 1 0 25.8 57.5 69 -1 0 100 100
1 1 0 25.8 57.5 62 -1 0 100 100
1 1 0 25.9 57.0 57 -1 0 100 100
1 1 0 25.9 57.0 57 -1 0 100 100
1 1 0 25.9 57.5 50 -1 0 100 100
1 1 0 26.0 57.5 45 -1 0 100 100
1 1 0 26.0 57.5 47 -1 0 100 100
1 1 0 26.0 57.5 45 -1 0 100 100
1 1 0 26.0 57.5 47 -1 0 100 100
1 1 0 26.0 58.0 45 -1 0 100 100
1 1 0 26.1 58.0 50 -1 0 100 100
1 1 0 26.0 58.0 52 -1 0 100 100
1 1 0 26.2 58.0 53 -1 0 100 100
1 1 0 26.2 58.0 51 -1 0 100 100
1 1 0 26.2 58.0 48 -1 0 100 100
1 1 0 26.3 58.5 46 -1 0 100 100
1 1 0 26.3 59.0 46 -1 0 100 100
1 1 0 26.3 59.0 53 -1 0 100 100
1 1 1 26.3 58.5 55 -1 0 100 100
1 1 0 26.4 58.5 50 -1 0 100 100
1 1 0 26.4 58.5 54 -1 0 100 100
1 1 1 26.4 58.5 55 -1 0 100 100
1 1 0 26.4 58.5 52 -1 0 100 100
1 1 0 26.4 58.5 47 -1 0 100 100
1 1 0 26.4 58.5 42 -1 0 100 100
1 1 0 26.4 58.5 40 -1 0 100 100
1 1 0 26.4 58.0 37 -1 0 100 100
1 1 0 26.4 58.0 39 -1 0 100 100
1 1 0 26.4 58.0 48 -1 0 100 100
1 1 0 26.4 58.0 45 -1 0 100 100
0 1 30 26.4 58.5 122 c26 0 17 12
0 1 10 26.5 58.5 32 c26 0 17 12
0 1 11 26.5 58.5 32 c26 0 17 12
0 1 0 26.4 58.0 31 c26 0 17 12
0 1 6 26.4 57.5 35 c26 0 17 12
0 1 0 26.2 56.5 33 c26 0 17 12
0 1 0 26.0 56.0 35 c26 0 17 12
0 1 0 25.8 55.5 34 c26 0 17 12
0 1 0 25.7 54.5 35 c26 0 17 12
0 1 0 25.5 54.5 35 c26 0 17 12
0 1 3 25.4 54.5 33 c26 0 17 12
0 1 0 25.4 53.5 33 c26 0 17 12
0 1 1 25.2 54.0 33 c26 0 17 12
0 1 1 25.2 53.5 33 c26 0 17 12
0 1 0 25.1 53.0 32 c26 0 17 12
0 1 0 25.1 53.0 35 c26 0 17 12
0 1 0 24.9 52.5 33 c26 0 17 12
0 1 0 24.8 52.5 33 c26 0 17 12
0 1 0 24.8 52.0 33 c26 0 17 12
0 1 2 24.7 52.0 28 c26 0 17 12
0 1 0 24.6 51.5 30 c26 0 17 12
0 1 0 24.6 51.5 30 c26 0 17 12
0 1 3 24.5 51.5 30 c26 0 17 12
0 1 0 24.5 51.0 26 c26 0 17 12
0 1 10 24.3 51.0 30 c26 0 17 12
0 1 1 24.3 51.0 28 c26 0 17 12
0 1 4 24.3 50.5 26 c26 0 17 12
0 1 0 24.2 51.0 30 c26 0 17 12
0 1 0 24.2 50.5 28 c26 0 17 12
0 1 0 24.1 50.5 28 c26 0 17 12
0 1 0 24.1 50.5 28 c26 0 17 12
0 1 0 24.0 50.5 28 c26 0 17 12
0 1 0 23.9 50.0 30 c26 0 17 12
0 1 0 23.9 50.5 30 c26 0 17 12
0 1 0 23.9 50.5 31 c26 0 17 12
0 1 2 23.9 50.0 31 c26 0 17 12
0 1 0 23.8 50.5 33 c26 0 17 12
0 1 0 23.8 50.5 33 c26 0 17 12
1 1 35 23.8 51.0 57 c26 0 100 12
1 1 8 23.8 51.0 136 c26 0 100 100
1 1 2 24.0 52.0 154 c26 0 100 100
1 1 0 24.0 52.5 115 c26 0 100 100
1 1 0 24.1 52.5 88 c26 0 100 100
1 1 7 24.2 53.0 67 c26 0 100 100
1 1 0 24.3 53.5 60 c26 0 100 100
1 1 0 24.3 53.5 62 c26 0 100 100
1 1 1 24.3 54.0 63 c26 0 100 100
1 1 0 24.3 54.5 61 c26 0 100 100
1 1 0 24.5 54.5 43 c26 0 100 100
1 1 0 24.4 54.5 36 c26 0 100 100
1 1 1 24.4 55.0 24 c26 0 100 100
1 1 0 24.4 55.0 26 c26 0 100 100
1 1 0 24.4 55.0 19 c26 0 100 100
1 1 0 24.4 55.0 20 c26 0 100 100
1 1 0 24.5 55.0 16 c26 0 100 100
1 1 0 24.5 55.0 19 c26 0 100 100
1 1 5 24.5 55.0 36 c26 0 100 100
1 1 1 24.5 55.0 69 c26 0 100 100
1 1 0 24.4 55.0 64 c26 0 100 100
1 1 0 24.5 55.0 31 c26 0 100 100
1 1 0 24.4 55.0 21 c26 0 100 100
1 1 3 24.5 55.0 6 c26 0 100 100
1 1 0 24.5 55.0 244 c26 0 100 100
1 1 0 24.5 55.0 230 c26 0 100 100
1 1 0 24.5 55.0 225 c26 0 100 100
1 1 0 24.4 55.0 203 c26 0 100 100
1 1 0 24.4 55.0 191 c26 0 100 100
1 1 0 24.4 55.0 179 c26 0 100 100
1 1 0 24.4 55.0 176 c26 0 100 100
1 1 2 24.4 55.0 176 c26 0 100 100
1 1 0 24.5 55.0 177 c26 0 100 100
1 1 0 24.4 55.0 179 c26 0 100 100
1 1 0 24.4 55.0 189 c26 0 100 100
1 1 0 24.5 55.0 200 c26 0 100 100
1 1 0 24.4 55.0 208 c26 0 100 100
1 1 0 24.4 55.0 219 c26 0 100 100
1 1 0 24.4 55.0 226 c26 0 100 100
1 1 7 24.4 55.0 226 c26 0 100 100
1 1 0 24.4 55.0 231 c26 0 100 100
1 1 2 24.4 55.0 226 c26 0 100 100
1 1 0 24.4 55.0 217 c26 0 100 100
1 1 2 24.3 55.0 214 c26 0 100 100
1 1 0 24.3 54.5 210 c26 0 100 100
1 1 0 24.4 54.5 201 c26 0 100 100
1 1 0 24.3 54.5 197 c26 0 100 100
1 1 0 24.3 54.5 193 c26 0 100 100
1 1 0 24.3 54.5 193 c26 0 100 100
1 1 0 24.3 54.0 196 c26 0 100 100
1 1 0 24.2 54.0 207 c26 0 100 100
1 1 7 24.2 54.0 208 c26 0 100 100
1 1 0 24.3 54.0 212 c26 0 100 100
1 1 0 24.2 54.0 216 c26 0 100 100
1 1 2 24.3 54.0 217 c26 0 100 100
1 1 7 24.2 54.0 223 c26 0 100 100
1 1 0 24.2 54.0 226 c26 0 100 100
1 1 0 24.1 54.0 229 c26 0 100 100
1 1 3 24.2 54.0 233 c26 0 100 100
1 1 5 24.2 54.0 228 c26 0 100 100
1 1 5 24.2 54.0 217 c26 0 100 100
1 1 5 24.2 54.0 216 c26 0 100 100
1 1 1 24.2 54.0 209 c26 0 100 100
1 1 0 24.2 54.0 207 c26 0 100 100
1 1 0 24.2 54.0 211 c26 0 100 100
1 1 0 24.2 54.0 218 c26 0 100 100
1 1 0 24.2 54.0 223 c26 0 100 100
1 1 0 24.2 54.0 223 c26 0 100 100
1 1 3 24.2 54.0 232 c26 0 100 100
1 1 0 24.2 54.0 232 c26 0 100 100
1 1 10 24.2 54.0 229 c26 0 100 100
1 1 4 24.1 54.5 227 c26 0 100 100
1 1 1 24.1 54.0 227 c26 0 100 100
1 1 2 24.1 54.0 229 c26 0 100 100
1 1 1 24.2 54.0 238 c26 0 100 100
1 1 0 24.1 54.0 6 c26 0 100 100
1 1 0 24.1 54.0 9 c26 0 100 100
1 1 6 24.1 54.0 250 c26 0 100 100
1 1 32 24.1 54.0 6 c26 0 100 100
1 1 1 24.1 54.0 16 c26 0 100 100
1 1 1 24.1 54.0 7 c26 0 100 100
1 1 0 24.1 54.0 7 c26 0 100 100
1 1 0 24.1 54.0 253 c26 0 100 100
1 1 0 24.1 54.0 244 c26 0 100 100
1 1 2 24.1 54.0 37 c26 0 100 100
1 1 0 24.1 54.0 39 c26 0 100 100
1 1 0 24.1 54.0 32 c26 0 100 100
1 1 0 24.0 54.0 38 c26 0 100 100
1 1 3 24.1 54.0 56 c26 0 100 100
1 1 3 24.1 54.0 53 c26 0 100 100
1 1 0 24.0 54.5 55 c26 0 100 100
1 1 1 24.1 56.0 114 c26 0 100 100
1 1 0 24.2 57.0 220 c26 0 100 100
1 1 0 24.3 58.0 230 c26 0 100 100
1 1 0 24.3 58.5 194 c26 0 100 100
1 1 5 24.3 58.5 204 c26 0 100 100
1 1 0 24.4 59.0 199 c26 0 100 100
1 1 0 24.4 59.0 173 c26 0 100 100
1 1 0 24.4 58.5 166 c26 0 100 100
1 1 0 24.5 58.5 149 c26 0 100 100
1 1 0 24.4 58.0 92 c26 0 100 100
1 1 0 24.4 58.0 43 c26 0 100 100
1 1 0 24.4 58.0 22 c26 0 100 100
1 1 2 24.4 58.0 6 c26 0 100 100
1 1 2 24.4 58.5 220 c26 0 100 100
1 1 0 24.4 58.5 190 c26 0 100 100
1 1 2 24.4 58.0 176 c26 0 100 100
1 1 0 24.5 58.0 173 c26 0 100 100
1 1 0 24.4 58.0 165 c26 0 100 100
1 1 0 24.4 57.5 149 c26 0 100 100
1 1 0 24.4 57.5 135 c26 0 100 100
1 1 0 24.4 57.5 127 c26 0 100 100
1 1 0 24.4 57.5 116 c26 0 100 100
1 1 0 24.4 57.5 111 c26 0 100 100
1 1 3 24.4 57.5 113 c26 0 100 100
1 1 2 24.4 57.0 109 c26 0 100 100
1 1 0 24.3 57.0 113 c26 0 100 100
1 1 0 24.3 57.0 111 c26 0 100 100
1 1 0 24.3 57.0 111 c26 0 100 100
1 1 2 24.2 57.0 106 c26 0 100 100
1 1 0 24.3 57.0 106 c26 0 100 100
1 1 0 24.3 56.5 111 c26 0 100 100
1 1 0 24.3 56.5 120 c26 0 100 100
1 1 2 24.3 56.5 125 c26 0 100 100
1 1 0 24.3 56.0 129 c26 0 100 100
1 1 4 24.2 56.0 143 c26 0 100 100
1 1 0 24.3 56.0 160 c26 0 100 100
1 1 0 24.2 55.5 228 c26 0 100 100
1 1 0 24.2 55.5 26 c26 0 100 100
1 1 2 24.2 55.5 0 c26 0 100 100
1 1 0 24.3 55.5 21 c26 0 100 100
1 1 2 24.2 55.0 222 c26 0 100 100
1 1 0 24.2 55.0 120 c26 0 100 100
1 1 1 24.2 55.0 201 c26 0 100 100
1 1 0 24.2 55.0 181 c26 0 100 100
1 1 0 24.2 55.0 187 c26 0 100 100
1 1 0 24.2 55.0 192 c26 0 100 100
1 1 0 24.1 54.5 199 c26 0 100 100
1 1 2 24.2 54.5 199 c26 0 100 100
1 1 2 24.1 54.5 182 c26 0 100 100
1 1 6 24.1 54.5 161 c26 0 100 100
1 1 15 24.1 54.5 143 c26 0 100 100
1 1 8 24.1 55.0 142 c26 0 100 100
1 1 0 24.1 55.0 144 c26 0 100 100
1 1 0 24.1 55.0 144 c26 0 100 100
1 1 7 24.1 54.5 153 c26 0 100 100
1 1 3 24.0 54.5 153 c26 0 100 100
1 1 0 24.1 54.5 150 c26 0 100 100
1 1 0 24.1 54.5 143 c26 0 100 100
1 1 7 24.1 54.5 138 c26 0 100 100
1 1 10 24.0 55.0 143 c26 0 100 100
1 1 6 24.0 55.0 168 c26 0 100 100
1 1 0 24.0 55.0 196 c26 0 100 100
1 1 13 24.1 55.0 221 c26 0 100 100
1 1 1 24.1 55.5 47 c26 0 100 100
1 1 7 24.1 55.5 155 c26 0 100 100
1 1 1 24.1 55.5 255 c26 0 100 100
1 1 0 24.1 56.0 91 c26 0 100 100
1 1 0 24.2 56.0 104 c26 0 100 100
1 1 0 24.2 56.5 116 c26 0 100 100
1 1 0 24.2 56.5 141 c26 0 100 100
1 1 0 24.2 56.5 137 c26 0 100 100
1 1 0 24.2 56.5 249 c26 0 100 100
1 1 0 24.2 56.0 173 c26 0 100 100
1 1 0 24.2 56.5 163 c26 0 100 100
1 1 2 24.2 57.0 159 c26 0 100 100
1 1 0 24.3 57.0 10 c26 0 100 100
1 1 0 24.2 56.5 102 -1 0 100 100
1 1 19 24.2 56.5 244 -1 0 100 100
1 1 7 24.2 57.0 223 -1 0 12 11
0 1 13 24.3 58.0 7 -1 0 12 11
0 1 0 24.4 58.0 9 -1 0 12 11
0 1 0 24.5 58.5 11 -1 0 12 11
0 1 0 24.6 58.5 9 -1 0 12 11
0 1 0 24.6 58.5 9 -1 0 12 11
0 1 0 24.6 58.5 9 -1 0 12 11
0 1 0 24.9 60.0 9 -1 0 12 11
0 1 0 24.9 60.5 11 -1 0 12 11
0 1 0 25.0 61.0 7 -1 0 12 11
0 1 0 25.0 61.0 9 -1 0 12 11
0 1 0 25.2 61.5 11 -1 0 12 11
0 1 0 25.3 61.5 11 -1 0 12 11
0 1 0 25.4 62.0 9 -1 0 12 11
0 1 0 25.3 62.5 13 -1 0 12 11
0 1 0 25.5 63.0 9 -1 0 12 11
0 1 0 25.5 63.5 9 -1 0 12 11
0 1 0 25.6 63.5 9 -1 0 12 11
0 1 0 25.7 64.5 11 -1 0 12 11
0 1 0 25.7 64.5 11 -1 0 12 11
0 1 0 25.8 64.5 7 -1 0 12 11
0 1 0 25.8 65.0 7 -1 0 12 11
0 1 0 25.9 65.5 7 -1 0 12 11
0 1 0 25.9 65.5 5 -1 0 12 11
0 1 0 26.0 65.5 9 -1 0 12 11
0 1 0 26.1 66.0 5 -1 0 12 11
0 1 0 26.1 66.0 6 -1 0 12 11
0 1 0 26.1 66.0 6 -1 0 12 11
0 1 0 26.2 66.0 4 -1 0 12 11
0 1 0 26.2 66.0 6 -1 0 12 11
0 1 0 26.3 66.0 6 -1 0 12 11
0 1 0 26.3 66.5 6 -1 0 12 11
0 1 0 26.3 66.5 7 -1 0 12 11
0 1 0 26.3 66.5 9 -1 0 12 11
0 1 0 26.4 66.5 9 -1 0 12 11
0 1 0 26.4 66.5 7 -1 0 12 11
0 1 0 26.4 66.5 5 -1 0 12 11
0 1 0 26.4 66.5 7 -1 0 12 11
0 1 0 26.5 66.5 5 -1 0 12 11
0 1 0 26.5 66.5 5 -1 0 12 11
0 1 0 26.5 66.5 3 -1 0 12 11
0 1 0 26.5 66.5 6 -1 0 12 11
0 1 0 26.5 66.5 2 -1 0 12 11
0 1 0 26.6 66.5 2 -1 0 12 11
0 1 0 26.6 66.5 6 -1 0 12 11
0 1 0 26.6 66.5 2 -1 0 12 11
0 1 0 26.6 67.0 4 -1 0 12 11
0 1 0 26.7 66.5 4 -1 0 12 11
0 1 0 26.7 66.5 4 -1 0 12 11
0 1 0 26.7 66.5 4 -1 0 12 11
0 1 0 26.7 66.5 4 -1 0 12 11
0 1 0 26.7 66.5 2 -1 0 12 11
0 1 0 26.7 66.5 2 -1 0 12 11
0 1 0 26.8 66.5 2 -1 0 12 11
0 1 0 26.8 66.0 2 -1 0 12 11
0 1 0 26.9 66.0 2 -1 0 12 11
0 1 0 26.8 66.0 2 -1 0 12 11
0 1 0 26.8 66.0 5 -1 0 12 11
0 1 0 26.8 66.0 7 -1 0 12 11
0 1 0 26.7 66.0 7 -1 0 12 11
0 1 0 26.8 66.0 5 -1 0 12 11
0 1 0 26.8 66.0 5 -1 0 12 11
0 1 0 26.8 66.0 5 -1 0 12 11
0 1 0 26.8 66.0 4 -1 0 12 11
0 1 0 26.8 66.0 2 -1 0 12 11
0 1 0 26.8 66.0 4 -1 0 12 11
0 1 0 26.9 65.5 4 -1 0 12 11
0 1 0 26.8 65.5 1 -1 0 12 11
0 1 0 26.9 65.5 1 -1 0 12 11
0 1 0 26.8 65.5 1 -1 0 12 11
0 1 0 26.9 65.5 4 -1 0 12 11
0 1 0 26.9 65.5 4 -1 0 12 11
0 1 0 26.9 65.5 2 -1 0 12 11
0 1 0 26.9 65.5 2 -1 0 12 11
0 1 0 26.9 65.5 2 -1 0 12 11
0 1 0 26.9 65.5 2 -1 0 12 11
0 1 0 26.9 65.0 2 -1 0 12 11
0 1 0 26.9 65.5 2 -1 0 12 11
0 1 0 27.0 65.0 2 -1 0 12 11
0 1 0 26.9 65.0 2 -1 0 12 11
0 1 0 27.0 65.0 2 -1 0 12 11
0 1 0 27.0 65.0 2 -1 0 12 11
0 1 0 27.0 65.0 2 -1 0 12 11
0 1 0 27.0 65.0 0 -1 0 12 11
0 1 0 27.0 65.0 0 -1 0 12 11
0 1 0 27.0 65.5 0 -1 0 12 11
0 1 0 27.1 65.5 0 -1 0 12 11
0 1 0 27.0 65.5 0 -1 0 12 11
0 1 0 27.1 65.5 0 -1 0 12 11
0 1 0 27.1 65.5 0 -1 0 12 11
0 1 0 27.1 66.0 0 -1 0 12 11
0 1 0 27.1 66.0 0 -1 0 12 11
0 1 0 27.1 66.0 0 -1 0 12 11
0 1 0 27.1 66.0 0 -1 0 12 11
0 1 0 27.2 66.0 0 -1 0 12 11
0 1 0 27.2 66.0 0 -1 0 12 11
0 1 0 27.1 66.0 0 -1 0 12 11
0 1 0 27.1 66.0 0 -1 0 12 11
0 1 0 27.2 66.0 0 -1 0 12 11
0 1 0 27.2 65.5 1 -1 0 12 11
0 1 0 27.1 65.0 1 -1 0 12 11
0 1 0 27.1 65.0 1 -1 0 12 11
0 1 0 27.1 65.0 1 -1 0 12 11
0 1 0 27.2 65.0 1 -1 0 12 11
0 1 0 27.1 65.0 1 -1 0 12 11
0 1 0 27.1 64.5 1 -1 0 12 11
0 1 0 27.1 64.5 1 -1 0 12 11
0 1 0 27.1 64.5 1 -1 0 12 11
0 1 0 27.1 64.5 1 -1 0 12 11
0 1 0 27.1 64.5 1 -1 0 12 11
0 1 0 27.1 64.0 1 -1 0 12 11
0 1 0 27.1 64.5 1 -1 0 12 11
0 1 0 27.1 64.5 1 -1 0 12 11
0 1 0 27.1 64.5 1 -1 0 12 11
0 1 0 27.1 64.5 1 -1 0 12 11
0 1 0 27.1 64.5 1 -1 0 12 11
0 1 0 27.1 64.5 1 -1 0 12 11
0 1 0 27.1 64.0 1 -1 0 12 11
0 1 0 27.1 64.0 1 -1 0 12 11
0 1 0 27.1 64.0 1 -1 0 12 11
0 1 0 27.1 64.0 1 -1 0 12 11
0 1 0 27.1 64.0 1 -1 0 12 11
0 1 0 27.1 64.0 1 -1 0 12 11
0 1 0 27.1 64.0 1 -1 0 12 11
0 1 0 27.1 63.5 2 -1 0 12 11
0 1 0 27.1 63.5 2 -1 0 12 11
0 1 0 27.1 63.5 2 -1 0 12 11
0 1 0 27.1 63.5 2 -1 0 12 11
0 1 0 27.0 63.5 2 -1 0 12 11
0 1 0 27.1 63.0 2 -1 0 12 11
0 1 0 27.1 63.0 2 -1 0 12 11
0 1 0 27.0 63.0 2 -1 0 12 11
0 1 0 27.1 63.0 2 -1 0 12 11
0 1 0 27.1 63.0 2 -1 0 12 11
0 1 0 27.1 63.0 2 -1 0 12 11
0 1 0 27.1 62.5 2 -1 0 12 11
0 1 0 27.1 62.5 2 -1 0 12 11
0 1 0 27.0 62.5 2 -1 0 12 11
0 1 0 27.1 62.5 2 -1 0 12 11
0 1 0 27.2 62.5 2 -1 0 12 11
0 1 0 27.1 62.5 2 -1 0 12 11
0 1 0 27.2 62.5 2 -1 0 12 11
0 1 0 27.1 62.0 2 -1 0 12 11
0 1 0 27.1 62.0 2 -1 0 12 11
0 1 0 27.1 62.0 2 -1 0 12 11
0 1 0 27.1 62.0 2 -1 0 12 11
0 1 0 27.1 62.0 2 -1 0 12 11
0 1 0 27.1 62.0 2 -1 0 12 11
0 1 0 27.1 62.0 2 -1 0 12 11
0 1 0 27.1 61.5 2 -1 0 12 11
0 1 0 27.1 61.5 2 -1 0 12 11
0 1 0 27.1 61.5 2 -1 0 12 11
0 1 0 27.2 61.5 2 -1 0 12 11
0 1 0 27.1 61.5 2 -1 0 12 11
0 1 0 27.0 61.5 2 -1 0 12 11
0 1 0 27.1 61.5 2 -1 0 12 11
0 1 0 27.1 61.0 2 -1 0 12 11
0 1 0 27.2 61.0 2 -1 0 12 11
0 1 0 27.0 61.0 2 -1 0 12 11
0 1 0 27.1 61.0 2 -1 0 12 11
0 1 0 27.1 61.0 2 -1 0 12 11
0 1 0 27.1 61.0 2 -1 0 12 11
0 1 0 27.1 61.0 2 -1 0 12 11
0 1 0 27.1 60.5 2 -1 0 12 11
0 1 0 27.1 61.0 2 -1 0 12 11
0 1 0 27.1 60.5 2 -1 0 12 11
0 1 0 27.1 60.5 2 -1 0 12 11
0 1 0 27.2 60.5 2 -1 0 12 11
0 1 0 27.1 60.5 2 -1 0 12 11
0 1 0 27.1 60.5 2 -1 0 12 11
0 1 0 27.1 60.5 2 -1 0 12 11
0 1 0 27.1 60.5 2 -1 0 12 11
0 1 0 27.1 60.5 2 -1 0 12 11
0 1 0 27.1 60.5 2 -1 0 12 11
0 1 0 27.0 60.0 2 -1 0 12 11
0 1 0 27.0 60.0 2 -1 0 12 11
0 1 0 27.0 60.0 2 -1 0 12 11
0 1 0 27.1 60.0 2 -1 0 12 11
0 1 0 27.1 60.0 2 -1 0 12 11
0 1 0 27.0 60.0 2 -1 0 12 11
0 1 0 27.0 60.0 2 -1 0 12 11
0 1 0 27.1 60.0 2 -1 0 12 11
0 1 0 27.1 60.0 2 -1 0 12 11
0 1 0 27.1 60.0 2 -1 0 12 11
0 1 0 27.1 59.5 2 -1 0 12 11
0 1 0 27.0 59.5 2 -1 0 12 11
0 1 0 27.0 59.5 2 -1 0 12 11
0 1 0 27.1 59.5 2 -1 0 12 11
0 1 0 27.0 59.5 2 -1 0 12 11
0 1 0 27.1 59.5 2 -1 0 12 11
0 1 0 27.1 59.5 2 -1 0 12 11
0 1 0 27.1 59.5 2 -1 0 12 11
0 1 0 27.1 59.5 2 -1 0 12 11
0 1 0 27.1 59.5 2 -1 0 12 11
0 1 0 27.1 59.0 2 -1 0 12 11
0 1 0 27.1 59.0 2 -1 0 12 11
0 1 0 27.1 59.0 2 -1 0 12 11
0 1 0 27.1 59.0 2 -1 0 12 11
0 1 0 27.1 59.0 2 -1 0 12 11
0 1 0 27.1 59.0 2 -1 0 12 11
0 1 0 27.1 59.0 2 -1 0 12 11
0 1 0 27.1 59.0 2 -1 0 12 11
0 1 0 27.1 59.0 2 -1 0 12 11
0 1 0 27.1 59.0 2 -1 0 12 11
0 1 0 27.0 59.0 2 -1 0 12 11
0 1 0 27.0 58.5 2 -1 0 12 11
0 1 0 27.1 58.5 2 -1 0 12 11
0 1 0 27.0 58.5 2 -1 0 12 11
0 1 0 27.1 58.5 2 -1 0 12 11
0 1 0 27.1 58.5 2 -1 0 12 11
0 1 0 27.1 58.5 2 -1 0 12 11
0 1 0 27.1 58.5 2 -1 0 12 11
0 1 0 27.1 58.5 2 -1 0 12 11
0 1 0 27.1 58.5 2 -1 0 12 11
0 1 0 27.1 58.5 2 -1 0 12 11
0 1 0 27.1 58.5 2 -1 0 12 11
0 1 0 27.1 58.5 2 -1 0 12 11
0 1 0 27.1 58.5 2 -1 0 12 11
0 1 0 27.2 58.5 2 -1 0 12 11
0 1 0 27.1 58.5 2 -1 0 12 11
0 1 0 27.2 58.5 2 -1 0 12 11
0 1 0 27.1 58.5 2 -1 0 12 11
0 1 0 27.0 58.5 2 -1 0 12 11
0 1 0 27.2 58.5 2 -1 0 12 11
0 1 0 27.1 58.5 2 -1 0 12 11
0 1 0 27.1 58.0 2 -1 0 12 11
0 1 0 27.1 58.0 2 -1 0 12 11
0 1 0 27.1 58.0 2 -1 0 12 11
0 1 0 27.2 58.0 2 -1 0 12 11
0 1 0 27.1 58.0 2 -1 0 12 11
0 1 0 27.1 58.0 2 -1 0 12 11
0 1 0 27.1 58.0 2 -1 0 12 11
0 1 0 27.1 58.0 2 -1 0 12 11
0 1 0 27.2 58.0 2 -1 0 12 11
0 1 0 27.1 58.0 2 -1 0 12 11
0 1 0 27.1 58.0 2 -1 0 12 11
0 1 0 27.2 58.0 2 -1 0 12 11
0 1 0 27.1 58.0 2 -1 0 12 11
0 1 0 27.2 58.0 2 -1 0 12 11
0 1 0 27.1 57.5 2 -1 0 12 11
0 1 0 27.1 57.5 2 -1 0 12 11
0 1 0 27.1 57.5 2 -1 0 12 11
0 1 0 27.2 57.5 2 -1 0 12 11
0 1 0 27.2 57.5 2 -1 0 12 11
0 1 0 27.1 57.5 2 -1 0 12 11
0 1 0 27.1 57.5 2 -1 0 12 11
0 1 0 27.1 57.5 2 -1 0 12 11
0 1 0 27.1 57.5 2 -1 0 12 11
0 1 0 27.2 57.5 2 -1 0 12 11
0 1 0 27.2 57.5 2 -1 0 12 11
0 1 0 27.2 57.5 2 -1 0 12 11
0 1 0 27.1 57.5 2 -1 0 12 11
0 1 0 27.2 57.5 2 -1 0 12 11
0 1 0 27.2 57.5 2 -1 0 12 11
0 1 0 27.1 57.5 2 -1 0 12 11
0 1 0 27.2 57.5 2 -1 0 12 11
0 1 0 27.2 57.5 2 -1 0 12 11
0 1 0 27.2 57.5 2 -1 0 12 11
0 1 0 27.2 57.5 2 -1 0 12 11
0 1 0 27.2 57.5 2 -1 0 12 11
0 1 0 27.1 57.5 2 -1 0 12 11
0 1 0 27.2 57.0 2 -1 0 12 11
0 1 0 27.2 57.0 2 -1 0 12 11
0 1 0 27.2 57.0 2 -1 0 12 11
0 1 0 27.2 57.0 2 -1 0 12 11
0 1 0 27.1 57.0 2 -1 0 12 11
0 1 0 27.2 57.0 2 -1 0 12 11
0 1 0 27.2 57.0 2 -1 0 12 11
0 1 0 27.2 57.0 2 -1 0 12 11
0 1 0 27.2 57.0 2 -1 0 12 11
0 1 0 27.2 57.0 2 -1 0 12 11
0 1 0 27.2 57.0 2 -1 0 12 11
0 1 0 27.2 57.0 2 -1 0 12 11
0 1 0 27.1 57.0 2 -1 0 12 11
0 1 0 27.2 57.0 2 -1 0 12 11
0 1 0 27.2 57.0 2 -1 0 12 11
0 1 0 27.1 57.0 2 -1 0 12 11
0 1 0 27.2 57.0 2 -1 0 12 11
0 1 0 27.1 56.5 2 -1 0 12 11
0 1 0 27.1 57.0 2 -1 0 12 11
0 1 0 27.2 56.5 2 -1 0 12 11
0 1 0 27.1 56.5 2 -1 0 12 11
0 1 0 27.1 56.5 2 -1 0 12 11
0 1 0 27.2 56.5 2 -1 0 12 11
0 1 0 27.2 56.5 2 -1 0 12 11
0 1 0 27.2 56.5 2 -1 0 12 11
0 1 0 27.2 56.5 2 -1 0 12 11
0 1 0 27.2 56.5 2 -1 0 12 11
0 1 0 27.2 56.5 2 -1 0 12 11
0 1 0 27.2 56.5 2 -1 0 12 11
0 1 0 27.2 56.5 2 -1 0 12 11
0 1 0 27.2 56.5 2 -1 0 12 11
0 1 0 27.2 56.5 2 -1 0 12 11
0 1 0 27.2 56.5 2 -1 0 12 11
0 1 0 27.1 56.0 2 -1 0 12 11
0 1 0 27.2 56.5 2 -1 0 12 11
0 1 0 27.2 56.0 2 -1 0 12 11
0 1 0 27.2 56.0 2 -1 0 12 11
0 1 0 27.2 56.0 2 -1 0 12 11
0 1 0 27.2 56.0 2 -1 0 12 11
0 1 0 27.2 56.0 2 -1 0 12 11
0 1 0 27.2 56.0 2 -1 0 12 11
0 1 0 27.2 56.0 2 -1 0 12 11
0 1 0 27.2 56.0 2 -1 0 12 11
0 1 0 27.2 56.0 2 -1 0 12 11
0 1 0 27.2 56.0 2 -1 0 12 11
0 1 0 27.2 56.0 2 -1 0 12 11
0 1 0 27.3 56.0 2 -1 0 12 11
0 1 0 27.2 56.0 2 -1 0 12 11
0 1 0 27.2 56.0 2 -1 0 12 11
0 1 0 27.2 56.0 2 -1 0 12 11
0 1 0 27.2 56.0 2 -1 0 12 11
0 1 0 27.2 56.0 2 -1 0 12 11
0 1 0 27.2 56.0 2 -1 0 12 11
0 1 0 27.3 56.0 2 -1 0 12 11
0 1 0 27.2 56.0 2 -1 0 12 11
0 1 0 27.2 56.0 2 -1 0 12 11
0 1 0 27.3 56.0 2 -1 0 12 11
0 1 0 27.2 56.0 0 -1 0 12 11
0 1 0 27.2 56.0 0 -1 0 12 11
0 1 0 27.2 56.0 0 -1 0 12 11
0 1 0 27.2 56.0 0 -1 0 12 11
0 1 0 27.2 56.0 0 -1 0 12 11
0 1 0 27.3 56.0 0 -1 0 12 11
0 1 0 27.3 56.0 0 -1 0 12 11
0 1 0 27.2 56.0 0 -1 0 12 11
0 1 0 27.3 56.0 0 -1 0 12 11
0 1 0 27.3 56.0 0 -1 0 12 11
0 1 0 27.3 56.0 0 -1 0 12 11
0 1 0 27.2 56.0 0 -1 0 12 11
0 1 0 27.3 55.5 0 -1 0 12 11
0 1 0 27.3 55.5 0 -1 0 12 11
0 1 0 27.3 55.5 0 -1 0 12 11
0 1 0 27.3 55.5 0 -1 0 12 11
0 1 0 27.2 55.5 0 -1 0 12 11
0 1 0 27.3 55.5 0 -1 0 12 11
0 1 0 27.3 56.0 0 -1 0 12 11
0 1 0 27.3 56.0 0 -1 0 12 11
0 1 0 27.3 56.0 0 -1 0 12 11
0 1 0 27.4 56.0 0 -1 0 12 11
0 1 0 27.3 56.0 0 -1 0 12 11
0 1 0 27.3 56.0 0 -1 0 12 11
0 1 0 27.3 56.0 0 -1 0 12 11
0 1 0 27.4 56.0 0 -1 0 12 11
0 1 0 27.3 56.0 0 -1 0 12 11
0 1 0 27.4 56.0 0 -1 0 12 11
0 1 0 27.4 56.0 0 -1 0 12 11
0 1 0 27.4 56.0 0 -1 0 12 11
0 1 0 27.5 56.0 0 -1 0 12 11
0 1 0 27.4 56.0 0 -1 0 12 11
0 1 0 27.4 56.0 0 -1 0 12 11
0 1 0 27.4 56.0 0 -1 0 12 11
0 1 0 27.5 56.0 0 -1 0 12 11
0 1 0 27.5 56.0 0 -1 0 12 11
0 1 0 27.5 56.0 0 -1 0 12 11
0 1 0 27.5 56.5 0 -1 0 12 11
0 1 0 27.5 56.5 0 -1 0 12 11
0 1 0 27.5 56.5 0 -1 0 12 11
0 1 0 27.5 56.5 0 -1 0 12 11
0 1 0 27.5 56.5 0 -1 0 12 11
0 1 0 27.5 56.5 0 -1 0 12 11
0 1 0 27.6 56.5 0 -1 0 12 11
0 1 0 27.5 56.5 0 -1 0 12 11
0 1 0 27.6 56.5 0 -1 0 12 11
0 1 0 27.6 56.5 0 -1 0 12 11
0 1 0 27.6 56.5 0 -1 0 12 11
0 1 0 27.6 56.5 0 -1 0 12 11
0 1 0 27.6 56.5 0 -1 0 12 11
0 1 0 27.6 56.5 0 -1 0 12 11
0 1 0 27.6 56.5 0 -1 0 12 11
0 1 0 27.7 57.0 0 -1 0 12 11
0 1 0 27.7 57.0 0 -1 0 12 11
0 1 0 27.7 57.0 0 -1 0 12 11
0 1 0 27.7 57.0 0 -1 0 12 11
0 1 0 27.8 57.0 0 -1 0 12 11
0 1 0 27.7 57.0 0 -1 0 12 11
0 1 0 27.8 57.0 0 -1 0 12 11
0 1 0 27.7 57.0 0 -1 0 12 11
0 1 0 27.8 57.0 0 -1 0 12 11
0 1 0 27.7 57.0 0 -1 0 12 11
0 1 0 27.8 56.5 0 -1 0 12 11
0 1 0 27.8 57.0 0 -1 0 12 11
0 1 0 27.8 57.0 0 -1 0 12 11
0 1 0 27.7 57.0 0 -1 0 12 11
0 1 0 27.8 57.0 0 -1 0 12 11
0 1 0 27.8 57.0 0 -1 0 12 11
0 1 0 27.8 57.0 0 -1 0 12 11
0 1 0 27.8 57.0 0 -1 0 12 11
0 1 0 27.9 57.0 0 -1 0 12 11
0 1 0 27.9 57.0 0 -1 0 12 11
0 1 0 27.9 57.0 0 -1 0 12 11
0 1 0 27.9 57.0 0 -1 0 12 11
0 1 0 27.9 57.0 0 -1 0 12 11
0 1 0 27.9 57.0 0 -1 0 12 11
0 1 0 27.9 57.0 0 -1 0 12 11
0 1 0 27.9 57.0 0 -1 0 12 11
0 1 0 27.9 57.0 0 -1 0 12 11
0 1 0 27.9 57.0 0 -1 0 12 11
0 1 0 28.0 57.5 0 -1 0 12 11
0 1 0 27.9 57.5 0 -1 0 12 11
0 1 0 28.0 57.0 0 -1 0 12 11
0 1 0 28.0 57.5 0 -1 0 12 11
0 1 0 28.0 57.5 0 -1 0 12 11
0 1 0 28.0 57.5 0 -1 0 12 11
0 1 0 28.1 57.5 0 -1 0 12 11
0 1 0 28.0 57.5 0 -1 0 12 11
0 1 0 28.0 57.5 0 -1 0 12 11
0 1 0 28.0 57.5 0 -1 0 12 11
0 1 0 28.1 57.5 0 -1 0 12 11
0 1 0 28.0 57.5 0 -1 0 12 11
0 1 0 28.1 57.5 0 -1 0 12 11
0 1 0 28.1 57.5 0 -1 0 12 11
0 1 0 28.0 57.5 0 -1 0 12 11
0 1 0 28.0 57.5 0 -1 0 12 11
0 1 0 28.1 57.5 0 -1 0 12 11
0 1 0 28.1 57.5 0 -1 0 12 11
0 1 0 28.1 57.5 0 -1 0 12 11
0 1 0 28.1 58.0 0 -1 0 12 11
0 1 0 28.2 58.0 0 -1 0 12 11
0 1 0 28.2 58.0 0 -1 0 12 11
0 1 0 28.1 58.0 0 -1 0 12 11
0 1 0 28.2 58.0 0 -1 0 12 11
0 1 0 28.2 58.0 0 -1 0 12 11
