0 1 0 30.4 53.5 0 -1 0 -1 -1
0 1 0 30.4 53.5 0 -1 0 -1 -1
0 1 0 30.4 53.5 0 -1 0 -1 -1
0 1 0 30.5 53.5 0 -1 0 -1 -1
0 1 0 30.5 54.0 0 -1 0 -1 -1
0 1 0 30.5 54.0 0 -1 0 -1 -1
0 1 0 30.5 54.0 0 -1 0 -1 -1
0 1 0 30.5 54.0 0 -1 0 -1 -1
0 1 0 30.5 54.0 0 -1 0 -1 -1
0 1 0 30.5 54.0 0 -1 0 -1 -1
0 1 0 30.5 54.0 0 -1 0 -1 -1
0 1 0 30.5 54.0 0 -1 0 -1 -1
0 1 0 30.6 54.5 0 -1 0 -1 -1
0 1 0 30.6 54.5 0 -1 0 -1 -1
0 1 0 30.6 54.5 0 -1 0 -1 -1
0 1 0 30.6 54.5 0 -1 0 -1 -1
0 1 0 30.6 54.5 0 -1 0 -1 -1
0 1 0 30.6 55.0 0 -1 0 -1 -1
0 1 0 30.6 55.0 0 -1 0 -1 -1
0 1 0 30.6 55.0 0 -1 0 -1 -1
0 1 0 30.6 54.5 0 -1 0 -1 -1
0 1 0 30.7 55.0 0 -1 0 -1 -1
0 1 0 30.7 55.0 0 -1 0 -1 -1
0 1 0 30.7 55.0 0 -1 0 -1 -1
0 1 0 30.7 55.0 0 -1 0 -1 -1
0 1 0 30.7 55.0 0 -1 0 -1 -1
0 1 0 30.7 55.0 0 -1 0 -1 -1
0 1 0 30.6 55.0 0 -1 0 -1 -1
0 1 0 30.6 55.0 0 -1 0 -1 -1
0 1 0 30.7 55.0 0 -1 0 -1 -1
0 1 0 30.7 55.0 0 -1 0 -1 -1
0 1 0 30.7 55.0 0 -1 0 -1 -1
0 1 0 30.7 55.0 0 -1 0 -1 -1
0 1 0 30.8 55.0 0 -1 0 -1 -1
0 1 0 30.8 55.0 0 -1 0 -1 -1
0 1 0 30.8 55.0 0 -1 0 -1 -1
0 1 0 30.8 55.0 0 -1 0 -1 -1
0 1 0 30.7 55.0 0 -1 0 -1 -1
0 1 0 30.8 55.5 0 -1 0 -1 -1
0 1 0 30.8 55.5 0 -1 0 -1 -1
0 1 0 30.7 55.0 0 -1 0 -1 -1
0 1 0 30.8 55.5 0 -1 0 -1 -1
0 1 0 30.8 55.5 0 -1 0 -1 -1
0 1 0 30.8 55.5 0 -1 0 -1 -1
0 1 0 30.8 55.5 0 -1 0 -1 -1
0 1 0 30.8 55.5 0 -1 0 -1 -1
0 1 0 30.8 55.5 0 -1 0 -1 -1
0 1 0 30.9 55.5 0 -1 0 -1 -1
0 1 0 30.8 55.5 0 -1 0 -1 -1
0 1 0 30.8 55.5 0 -1 0 -1 -1
0 1 0 30.9 55.5 0 -1 0 -1 -1
0 1 0 30.8 55.5 0 -1 0 -1 -1
0 1 0 30.8 55.5 0 -1 0 -1 -1
0 1 0 30.9 55.5 0 -1 0 -1 -1
0 1 0 30.9 55.5 0 -1 0 -1 -1
0 1 0 30.8 55.5 0 -1 0 -1 -1
0 1 0 30.9 55.5 0 -1 0 -1 -1
0 1 0 30.8 56.0 0 -1 0 -1 -1
0 1 0 30.8 55.5 0 -1 0 -1 -1
0 1 0 30.9 56.0 0 -1 0 -1 -1
0 1 0 30.9 55.5 0 -1 0 -1 -1
0 1 0 30.9 56.0 0 -1 0 -1 -1
0 1 0 30.9 56.0 0 -1 0 -1 -1
0 1 0 30.9 55.5 0 -1 0 -1 -1
0 1 0 30.9 56.0 0 -1 0 -1 -1
0 1 0 30.9 56.0 0 -1 0 -1 -1
0 1 0 30.9 56.0 0 -1 0 -1 -1
0 1 0 30.9 56.0 0 -1 0 -1 -1
0 1 0 30.9 56.0 0 -1 0 -1 -1
0 1 0 30.9 56.0 0 -1 0 -1 -1
0 1 0 31.0 56.0 0 -1 0 -1 -1
0 1 0 30.9 56.0 0 -1 0 -1 -1
0 1 0 30.9 56.0 0 -1 0 -1 -1
0 1 0 31.0 56.0 0 -1 0 -1 -1
0 1 0 31.0 56.0 0 -1 0 -1 -1
0 1 0 30.9 56.0 0 -1 0 -1 -1
0 1 0 31.0 56.0 0 -1 0 -1 -1
0 1 0 31.0 56.0 0 -1 0 -1 -1
0 1 0 30.9 56.0 0 -1 0 -1 -1
0 1 0 31.0 56.0 0 -1 0 -1 -1
0 1 0 31.0 56.0 0 -1 0 -1 -1
0 1 0 30.9 56.0 0 -1 0 -1 -1
0 1 0 31.0 56.0 0 -1 0 -1 -1
0 1 0 31.0 56.0 0 -1 0 -1 -1
0 1 0 31.0 56.0 0 -1 0 -1 -1
0 1 0 31.0 56.0 0 -1 0 -1 -1
0 1 0 31.0 56.0 0 -1 0 -1 -1
0 1 0 31.0 56.0 0 -1 0 -1 -1
0 1 0 31.0 56.0 0 -1 0 -1 -1
0 1 0 31.0 56.5 0 -1 0 -1 -1
0 1 0 31.1 56.5 0 -1 0 -1 -1
0 1 0 31.0 56.5 0 -1 0 -1 -1
0 1 0 31.0 56.5 0 -1 0 -1 -1
0 1 0 31.0 56.5 0 -1 0 -1 -1
0 1 0 31.1 56.5 0 -1 0 -1 -1
0 1 0 31.1 56.5 0 -1 0 -1 -1
0 1 0 31.1 56.5 0 -1 0 -1 -1
0 1 0 31.1 56.5 0 -1 0 -1 -1
0 1 0 31.0 56.5 0 -1 0 -1 -1
0 1 0 31.0 56.5 0 -1 0 -1 -1
0 1 0 31.1 56.5 0 -1 0 -1 -1
0 1 0 31.1 56.5 0 -1 0 -1 -1
0 1 0 31.0 56.5 0 -1 0 -1 -1
0 1 0 31.1 57.0 0 -1 0 -1 -1
0 1 0 31.1 57.0 0 -1 0 -1 -1
0 1 0 31.0 57.0 0 -1 0 -1 -1
0 1 0 31.1 56.5 0 -1 0 -1 -1
0 1 0 31.1 57.0 0 -1 0 -1 -1
0 1 0 31.1 57.0 0 -1 0 -1 -1
0 1 0 31.1 57.0 0 -1 0 -1 -1
0 1 0 31.1 57.0 0 -1 0 -1 -1
0 1 0 31.1 57.0 0 -1 0 -1 -1
0 1 0 31.1 57.0 0 -1 0 -1 -1
0 1 0 31.1 57.0 0 -1 0 -1 -1
0 1 0 31.1 57.0 0 -1 0 -1 -1
0 1 0 31.1 57.0 0 -1 0 -1 -1
0 1 0 31.1 57.0 0 -1 0 -1 -1
0 1 0 31.1 57.0 0 -1 0 -1 -1
0 1 0 31.2 57.5 0 -1 0 -1 -1
0 1 0 31.2 57.5 0 -1 0 -1 -1
0 1 0 31.1 57.5 0 -1 0 -1 -1
0 1 0 31.1 57.5 0 -1 0 -1 -1
0 1 0 31.1 57.5 0 -1 0 -1 -1
0 1 0 31.2 57.5 0 -1 0 -1 -1
0 1 0 31.1 57.5 0 -1 0 -1 -1
0 1 0 31.2 57.5 0 -1 0 -1 -1
0 1 0 31.2 57.5 0 -1 0 -1 -1
0 1 0 31.1 57.5 0 -1 0 -1 -1
0 1 0 31.1 57.5 0 -1 0 -1 -1
0 1 0 31.2 57.5 0 -1 0 -1 -1
0 1 0 31.2 57.5 0 -1 0 -1 -1
0 1 0 31.2 57.5 0 -1 0 -1 -1
0 1 0 31.2 57.5 0 -1 0 -1 -1
0 1 0 31.2 57.5 0 -1 0 -1 -1
0 1 0 31.2 57.5 0 -1 0 -1 -1
0 1 0 31.1 57.5 0 -1 0 -1 -1
0 1 0 31.2 57.5 0 -1 0 -1 -1
0 1 0 31.2 58.0 0 -1 0 -1 -1
0 1 0 31.2 57.5 0 -1 0 -1 -1
0 1 0 31.2 58.0 0 -1 0 -1 -1
0 1 0 31.2 58.0 0 -1 0 -1 -1
0 1 0 31.2 58.0 0 -1 0 -1 -1
0 1 0 31.2 58.0 0 -1 0 -1 -1
0 1 0 31.2 57.5 0 -1 0 -1 -1
0 1 0 31.2 58.0 0 -1 0 -1 -1
0 1 0 31.2 58.0 0 -1 0 -1 -1
0 1 0 31.3 58.0 0 -1 0 -1 -1
0 1 0 31.3 58.0 0 -1 0 -1 -1
0 1 0 31.2 58.0 0 -1 0 -1 -1
0 1 0 31.2 58.0 0 -1 0 -1 -1
0 1 0 31.2 58.0 0 -1 0 -1 -1
0 1 0 31.2 58.0 0 -1 0 -1 -1
0 1 0 31.2 58.0 0 -1 0 -1 -1
0 1 0 31.3 58.0 0 -1 0 -1 -1
0 1 0 31.2 58.0 0 -1 0 -1 -1
0 1 0 31.2 58.0 0 -1 0 -1 -1
0 1 0 31.3 58.0 0 -1 0 -1 -1
0 1 0 31.2 58.0 0 -1 0 -1 -1
0 1 0 31.2 58.0 0 -1 0 -1 -1
0 1 0 31.3 58.0 0 -1 0 -1 -1
0 1 0 31.3 58.0 0 -1 0 -1 -1
0 1 0 31.2 58.0 0 -1 0 -1 -1
0 1 0 31.2 58.0 0 -1 0 -1 -1
0 1 0 31.3 58.5 0 -1 0 -1 -1
0 1 0 31.3 58.5 0 -1 0 -1 -1
0 1 0 31.3 58.5 0 -1 0 -1 -1
0 1 0 31.3 58.5 0 -1 0 -1 -1
0 1 0 31.2 58.5 0 -1 0 -1 -1
0 1 0 31.2 58.5 0 -1 0 -1 -1
0 1 0 31.2 58.0 0 -1 0 -1 -1
0 1 0 31.3 58.5 0 -1 0 -1 -1
0 1 0 31.3 58.5 0 -1 0 -1 -1
0 1 0 31.4 58.5 0 -1 0 -1 -1
0 1 0 31.3 58.5 0 -1 0 -1 -1
0 1 0 31.2 58.5 0 -1 0 -1 -1
0 1 0 31.3 58.5 0 -1 0 -1 -1
0 1 0 31.3 58.5 0 -1 0 -1 -1
0 1 0 31.3 58.5 0 -1 0 -1 -1
0 1 0 31.3 58.5 0 -1 0 -1 -1
0 1 0 31.3 58.5 0 -1 0 -1 -1
0 1 0 31.3 58.5 0 -1 0 -1 -1
0 1 0 31.3 58.5 0 -1 0 -1 -1
0 1 0 31.2 58.5 0 -1 0 -1 -1
0 1 0 31.3 58.5 0 -1 0 -1 -1
0 1 0 31.3 58.5 0 -1 0 -1 -1
0 1 0 31.3 58.5 0 -1 0 -1 -1
0 1 0 31.3 58.5 0 -1 0 -1 -1
0 1 0 31.3 58.5 0 -1 0 -1 -1
0 1 0 31.3 59.0 0 -1 0 -1 -1
0 1 0 31.3 59.0 0 -1 0 -1 -1
0 1 0 31.3 59.0 0 -1 0 -1 -1
0 1 0 31.3 59.0 0 -1 0 -1 -1
0 1 0 31.3 59.0 0 -1 0 -1 -1
0 1 0 31.3 59.0 0 -1 0 -1 -1
0 1 0 31.3 59.0 0 -1 0 -1 -1
0 1 0 31.3 59.0 0 -1 0 -1 -1
0 1 0 31.4 59.0 0 -1 0 -1 -1
0 1 0 31.3 59.0 0 -1 0 -1 -1
0 1 0 31.3 59.0 0 -1 0 -1 -1
0 1 0 31.3 59.0 0 -1 0 -1 -1
0 1 0 31.3 59.0 0 -1 0 -1 -1
0 1 0 31.3 59.0 0 -1 0 -1 -1
0 1 0 31.3 59.0 0 -1 0 -1 -1
0 1 0 31.3 59.0 0 -1 0 -1 -1
0 1 0 31.3 59.5 0 -1 0 -1 -1
0 1 0 31.3 59.5 0 -1 0 -1 -1
0 1 0 31.4 59.5 0 -1 0 -1 -1
0 1 0 31.3 59.5 0 -1 0 -1 -1
0 1 0 31.3 59.5 0 -1 0 -1 -1
0 1 0 31.4 59.5 0 -1 0 -1 -1
0 1 0 31.3 59.5 0 -1 0 -1 -1
0 1 0 31.4 59.5 0 -1 0 -1 -1
0 1 0 31.4 59.5 0 -1 0 -1 -1
0 1 0 31.4 60.0 0 -1 0 -1 -1
0 1 0 31.4 60.0 0 -1 0 -1 -1
0 1 0 31.4 60.0 0 -1 0 -1 -1
0 1 0 31.4 60.0 0 -1 0 -1 -1
0 1 0 31.4 60.0 0 -1 0 -1 -1
0 1 0 31.3 60.0 0 -1 0 -1 -1
0 1 0 31.4 60.0 0 -1 0 -1 -1
0 1 0 31.4 60.5 0 -1 0 -1 -1
0 1 0 31.4 60.5 0 -1 0 -1 -1
0 1 0 31.4 60.5 0 -1 0 -1 -1
0 1 0 31.4 60.5 0 -1 0 -1 -1
0 1 0 31.4 60.5 0 -1 0 -1 -1
0 1 0 31.4 60.5 0 -1 0 -1 -1
0 1 0 31.4 60.5 0 -1 0 -1 -1
0 1 0 31.4 60.5 0 -1 0 -1 -1
0 1 0 31.4 60.5 0 -1 0 -1 -1
0 1 0 31.4 60.5 0 -1 0 -1 -1
0 1 0 31.4 60.5 0 -1 0 -1 -1
0 1 0 31.4 60.5 0 -1 0 -1 -1
0 1 0 31.4 60.5 0 -1 0 -1 -1
0 1 0 31.4 60.5 0 -1 0 -1 -1
0 1 0 31.5 60.5 0 -1 0 -1 -1
0 1 0 31.4 60.5 0 -1 0 -1 -1
0 1 0 31.4 60.5 0 -1 0 -1 -1
0 1 0 31.4 60.5 0 -1 0 -1 -1
0 1 0 31.5 60.5 0 -1 0 -1 -1
0 1 0 31.4 60.5 0 -1 0 -1 -1
0 1 0 31.4 60.5 0 -1 0 -1 -1
0 1 0 31.4 60.5 0 -1 0 -1 -1
0 1 0 31.4 60.5 0 -1 0 -1 -1
0 1 0 31.4 60.5 0 -1 0 -1 -1
0 1 0 31.4 60.5 0 -1 0 -1 -1
0 1 0 31.4 60.5 0 -1 0 -1 -1
0 1 0 31.4 60.5 0 -1 0 -1 -1
0 1 0 31.4 60.5 0 -1 0 -1 -1
0 1 0 31.5 60.5 0 -1 0 -1 -1
0 1 0 31.4 60.5 0 -1 0 -1 -1
0 1 0 31.4 60.5 0 -1 0 -1 -1
0 1 0 31.4 60.5 0 -1 0 -1 -1
0 1 0 31.4 60.5 0 -1 0 -1 -1
0 1 0 31.4 60.5 0 -1 0 -1 -1
0 1 0 31.5 60.5 0 -1 0 -1 -1
0 1 0 31.4 60.5 0 -1 0 -1 -1
0 1 0 31.4 60.5 0 -1 0 -1 -1
0 1 0 31.4 60.5 0 -1 0 -1 -1
0 1 0 31.4 60.5 0 -1 0 -1 -1
0 1 0 31.4 60.5 0 -1 0 -1 -1
0 1 0 31.4 60.5 0 -1 0 -1 -1
0 1 0 31.4 60.5 0 -1 0 -1 -1
0 1 0 31.4 60.5 0 -1 0 -1 -1
0 1 0 31.4 60.5 0 -1 0 -1 -1
0 1 0 31.4 60.5 0 -1 0 -1 -1
0 1 0 31.4 60.5 0 -1 0 -1 -1
0 1 0 31.4 60.0 0 -1 0 -1 -1
0 1 0 31.4 60.5 0 -1 0 -1 -1
0 1 0 31.5 60.5 0 -1 0 -1 -1
0 1 0 31.4 60.5 0 -1 0 -1 -1
0 1 0 31.4 60.5 0 -1 0 -1 -1
0 1 0 31.4 60.5 0 -1 0 -1 -1
0 1 0 31.4 60.5 0 -1 0 -1 -1
0 1 0 31.4 60.5 0 -1 0 -1 -1
0 1 0 31.4 60.5 0 -1 0 -1 -1
0 1 0 31.5 60.0 0 -1 0 -1 -1
0 1 0 31.4 60.0 0 -1 0 -1 -1
0 1 0 31.4 60.0 0 -1 0 -1 -1
0 1 0 31.4 60.5 0 -1 0 -1 -1
0 1 0 31.4 60.0 0 -1 0 -1 -1
0 1 0 31.4 60.0 0 -1 0 -1 -1
0 1 0 31.4 60.0 0 -1 0 -1 -1
0 1 0 31.4 60.0 0 -1 0 -1 -1
0 1 0 31.4 60.0 0 -1 0 -1 -1
0 1 0 31.4 60.0 0 -1 0 -1 -1
0 1 0 31.4 60.0 0 -1 0 -1 -1
0 1 0 31.4 60.0 0 -1 0 -1 -1
0 1 0 31.4 60.0 0 -1 0 -1 -1
0 1 0 31.5 60.0 0 -1 0 -1 -1
0 1 0 31.4 60.0 0 -1 0 -1 -1
0 1 0 31.4 60.0 0 -1 0 -1 -1
0 1 0 31.5 60.0 0 -1 0 -1 -1
0 1 0 31.5 60.0 0 -1 0 -1 -1
0 1 0 31.4 60.0 0 -1 0 -1 -1
0 1 0 31.4 60.0 0 -1 0 -1 -1
0 1 0 31.5 60.0 0 -1 0 -1 -1
0 1 0 31.4 60.0 0 -1 0 -1 -1
0 1 0 31.4 60.0 0 -1 0 -1 -1
0 1 0 31.4 60.0 0 -1 0 -1 -1
0 1 0 31.5 60.0 0 -1 0 -1 -1
0 1 0 31.4 60.0 0 -1 0 -1 -1
0 1 0 31.4 60.0 0 -1 0 -1 -1
0 1 0 31.5 60.0 0 -1 0 -1 -1
0 1 0 31.4 60.5 0 -1 0 -1 -1
0 1 0 31.5 60.5 0 -1 0 -1 -1
0 1 0 31.4 60.5 0 -1 0 -1 -1
0 1 0 31.4 60.5 0 -1 0 -1 -1
0 1 0 31.4 60.5 0 -1 0 -1 -1
0 1 0 31.4 60.5 0 -1 0 -1 -1
0 1 0 31.4 60.5 2 -1 0 -1 -1
0 1 0 31.4 60.5 2 -1 0 -1 -1
0 1 0 31.4 60.5 2 -1 0 -1 -1
0 1 0 31.4 60.5 2 -1 0 -1 -1
0 1 0 31.4 60.5 2 -1 0 -1 -1
0 1 0 31.3 60.5 2 -1 0 -1 -1
0 1 0 31.4 60.5 2 -1 0 -1 -1
0 1 0 31.4 60.5 2 -1 0 -1 -1
0 1 0 31.4 60.5 2 -1 0 -1 -1
0 1 0 31.4 60.5 1 -1 0 -1 -1
0 1 0 31.4 60.5 1 -1 0 -1 -1
0 1 0 31.5 60.5 1 -1 0 -1 -1
0 1 0 31.4 60.5 1 -1 0 -1 -1
0 1 0 31.4 60.5 1 -1 0 -1 -1
0 1 0 31.4 60.5 1 -1 0 -1 -1
0 1 0 31.4 60.5 1 -1 0 -1 -1
0 1 0 31.4 60.5 1 -1 0 -1 -1
0 1 0 31.4 60.5 1 -1 0 -1 -1
0 1 0 31.5 60.5 1 -1 0 -1 -1
0 1 0 31.4 60.5 1 -1 0 -1 -1
0 1 0 31.4 60.5 1 -1 0 -1 -1
0 1 0 31.4 60.5 1 -1 0 -1 -1
0 1 0 31.5 60.5 1 -1 0 -1 -1
0 1 0 31.5 60.5 1 -1 0 -1 -1
0 1 0 31.5 60.5 1 -1 0 -1 -1
0 1 0 31.5 60.5 1 -1 0 -1 -1
0 1 0 31.4 60.5 1 -1 0 -1 -1
0 1 0 31.4 60.5 1 -1 0 -1 -1
0 1 0 31.5 60.5 1 -1 0 -1 -1
0 1 0 31.5 60.5 1 -1 0 -1 -1
0 1 0 31.5 60.5 1 -1 0 -1 -1
0 1 0 31.4 60.5 1 -1 0 -1 -1
0 1 0 31.5 60.5 1 -1 0 -1 -1
0 1 0 31.4 60.5 1 -1 0 -1 -1
0 1 0 31.4 60.5 1 -1 0 -1 -1
0 1 0 31.4 60.5 0 -1 0 -1 -1
0 1 0 31.4 60.5 0 -1 0 -1 -1
0 1 0 31.4 60.5 0 -1 0 -1 -1
0 1 0 31.4 60.5 0 -1 0 -1 -1
0 1 0 31.5 60.5 0 -1 0 -1 -1
0 1 0 31.5 60.5 0 -1 0 -1 -1
0 1 0 31.4 60.5 0 -1 0 -1 -1
0 1 0 31.4 60.5 0 -1 0 -1 -1
0 1 0 31.4 60.5 0 -1 0 -1 -1
0 1 0 31.5 60.5 0 -1 0 -1 -1
0 1 0 31.5 61.0 2 -1 0 -1 -1
0 1 0 31.5 61.0 2 -1 0 -1 -1
0 1 0 31.5 60.5 2 -1 0 -1 -1
0 1 0 31.5 61.0 2 -1 0 -1 -1
0 1 0 31.4 61.0 1 -1 0 -1 -1
0 1 0 31.4 61.0 1 -1 0 -1 -1
0 1 0 31.5 61.0 1 -1 0 -1 -1
0 1 0 31.5 61.0 1 -1 0 -1 -1
0 1 0 31.5 61.0 1 -1 0 -1 -1
0 1 0 31.4 61.0 1 -1 0 -1 -1
0 1 0 31.5 61.0 2 -1 0 -1 -1
0 1 0 31.4 61.0 2 -1 0 -1 -1
0 1 0 31.5 61.0 2 -1 0 -1 -1
0 1 0 31.4 61.0 2 -1 0 -1 -1
0 1 0 31.5 61.0 2 -1 0 -1 -1
0 1 0 31.5 60.5 2 -1 0 -1 -1
0 1 0 31.5 60.5 4 -1 0 -1 -1
0 1 0 31.5 60.5 4 -1 0 -1 -1
0 1 0 31.4 61.0 4 -1 0 -1 -1
0 1 0 31.5 61.0 4 -1 0 -1 -1
0 1 0 31.4 60.5 4 -1 0 -1 -1
0 1 0 31.5 61.0 4 -1 0 -1 -1
0 1 0 31.5 61.0 2 -1 0 -1 -1
0 1 0 31.6 61.0 2 -1 0 -1 -1
0 1 0 31.5 60.5 2 -1 0 -1 -1
0 1 0 31.5 60.5 2 -1 0 -1 -1
0 1 0 31.5 60.5 2 -1 0 -1 -1
0 1 0 31.5 60.5 4 -1 0 -1 -1
0 1 0 31.5 60.5 4 -1 0 -1 -1
0 1 0 31.5 60.5 4 -1 0 -1 -1
0 1 0 31.5 60.5 2 -1 0 -1 -1
0 1 0 31.5 61.0 2 -1 0 -1 -1
0 1 0 31.5 61.0 2 -1 0 -1 -1
0 1 0 31.5 60.5 2 -1 0 -1 -1
0 1 0 31.4 60.5 4 -1 0 -1 -1
0 1 0 31.5 60.5 4 -1 0 -1 -1
0 1 0 31.5 60.5 4 -1 0 -1 -1
0 1 0 31.5 60.5 6 -1 0 -1 -1
0 1 0 31.5 60.5 6 -1 0 -1 -1
0 1 0 31.6 60.5 6 -1 0 -1 -1
0 1 0 31.5 60.5 6 -1 0 -1 -1
0 1 0 31.5 60.5 5 -1 0 -1 -1
0 1 0 31.5 60.5 5 -1 0 -1 -1
0 1 0 31.5 60.5 5 -1 0 -1 -1
0 1 0 31.5 60.5 7 -1 0 -1 -1
0 1 0 31.5 60.5 7 -1 0 -1 -1
0 1 0 31.5 60.5 7 -1 0 -1 -1
0 1 0 31.5 60.5 7 -1 0 -1 -1
0 1 0 31.5 60.5 7 -1 0 -1 -1
0 1 0 31.5 60.5 7 -1 0 -1 -1
0 1 0 31.4 60.5 7 -1 0 -1 -1
0 1 0 31.5 60.5 7 -1 0 -1 -1
0 1 0 31.5 61.0 7 -1 0 -1 -1
0 1 0 31.5 61.0 9 -1 0 -1 -1
0 1 0 31.5 61.0 9 -1 0 -1 -1
0 1 0 31.5 61.0 9 -1 0 -1 -1
0 1 0 31.5 61.0 9 -1 0 -1 -1
0 1 0 31.5 61.0 7 -1 0 -1 -1
0 1 0 31.6 61.0 7 -1 0 -1 -1
0 1 0 31.5 61.0 7 -1 0 -1 -1
0 1 0 31.6 61.0 7 -1 0 -1 -1
0 1 0 31.5 61.0 7 -1 0 -1 -1
0 1 0 31.5 61.0 7 -1 0 -1 -1
0 1 0 31.5 61.5 7 -1 0 -1 -1
0 1 0 31.5 61.5 7 -1 0 -1 -1
0 1 0 31.5 61.5 7 -1 0 -1 -1
0 1 0 31.6 61.5 7 -1 0 -1 -1
0 1 0 31.5 61.5 7 -1 0 -1 -1
0 1 0 31.6 61.5 7 -1 0 -1 -1
0 1 0 31.5 61.5 7 -1 0 -1 -1
0 1 0 31.6 61.5 7 -1 0 -1 -1
0 1 0 31.6 61.5 7 -1 0 -1 -1
0 1 0 31.6 61.5 7 -1 0 -1 -1
0 1 0 31.6 61.5 7 -1 0 -1 -1
0 1 0 31.6 61.5 7 -1 0 -1 -1
0 1 0 31.6 62.0 7 -1 0 -1 -1
0 1 0 31.6 62.0 9 -1 0 -1 -1
0 1 0 31.6 62.0 9 -1 0 -1 -1
0 1 0 31.6 62.0 9 -1 0 -1 -1
0 1 0 31.6 62.0 9 -1 0 -1 -1
0 1 0 31.6 62.0 9 -1 0 -1 -1
0 1 0 31.6 62.0 9 -1 0 -1 -1
0 1 0 31.6 61.5 9 -1 0 -1 -1
0 1 0 31.6 61.5 9 -1 0 -1 -1
0 1 0 31.6 61.5 9 -1 0 -1 -1
0 1 0 31.6 61.5 7 -1 0 -1 -1
0 1 0 31.6 61.5 7 -1 0 -1 -1
0 1 0 31.5 61.5 7 -1 0 -1 -1
0 1 0 31.5 61.0 9 -1 0 -1 -1
0 1 0 31.6 61.0 9 -1 0 -1 -1
0 1 0 31.5 61.0 9 -1 0 -1 -1
0 1 0 31.5 61.0 11 -1 0 -1 -1
0 1 0 31.5 60.5 11 -1 0 -1 -1
0 1 0 31.5 60.5 9 -1 0 -1 -1
0 1 0 31.5 60.5 9 -1 0 -1 -1
0 1 0 31.4 60.5 11 -1 0 -1 -1
0 1 0 31.4 60.0 11 -1 0 -1 -1
0 1 0 31.5 60.0 13 -1 0 -1 -1
0 1 0 31.4 59.5 12 -1 0 -1 -1
0 1 0 31.4 59.5 16 -1 0 -1 -1
0 1 0 31.3 59.5 14 -1 0 -1 -1
0 1 0 31.3 59.5 18 -1 0 -1 -1
0 1 0 31.4 59.5 20 -1 0 -1 -1
0 1 0 31.4 59.5 23 -1 0 -1 -1
0 1 0 31.3 59.5 28 -1 0 -1 -1
0 1 0 31.4 59.5 27 -1 0 -1 -1
0 1 0 31.4 59.5 30 -1 0 -1 -1
0 1 0 31.3 59.0 30 -1 0 -1 -1
0 1 0 31.3 59.0 34 -1 0 -1 -1
0 1 0 31.3 59.0 41 -1 0 -1 -1
0 1 0 31.4 59.0 47 -1 0 -1 -1
0 1 0 31.3 59.0 49 -1 0 -1 -1
0 1 0 31.3 59.0 47 -1 0 -1 -1
0 1 0 31.3 59.0 42 -1 0 -1 -1
0 1 0 31.2 59.0 44 -1 0 -1 -1
0 1 0 31.3 59.0 49 -1 0 -1 -1
0 1 0 31.3 59.0 51 -1 0 -1 -1
0 1 0 31.2 59.0 51 -1 0 -1 -1
0 1 0 31.2 59.0 47 -1 0 -1 -1
0 1 0 31.2 58.5 47 -1 0 -1 -1
0 1 0 31.3 58.5 46 -1 0 -1 -1
0 1 0 31.3 58.5 39 -1 0 -1 -1
0 1 0 31.2 58.5 37 -1 0 -1 -1
0 1 0 31.2 58.5 34 -1 0 -1 -1
0 1 0 31.2 58.5 34 -1 0 -1 -1
0 1 0 31.3 58.5 32 -1 0 -1 -1
0 1 0 31.2 58.5 34 -1 0 -1 -1
0 1 0 31.2 58.5 34 -1 0 -1 -1
0 1 0 31.2 58.5 34 -1 0 -1 -1
0 1 0 31.2 58.0 34 -1 0 -1 -1
0 1 0 31.2 58.0 32 -1 0 -1 -1
0 1 0 31.2 58.0 34 -1 0 -1 -1
0 1 0 31.2 58.0 34 -1 0 -1 -1
0 1 0 31.2 58.0 34 -1 0 -1 -1
0 1 0 31.1 58.0 34 -1 0 -1 -1
0 1 0 31.2 58.0 34 -1 0 -1 -1
0 1 0 31.2 57.5 34 -1 0 -1 -1
0 1 0 31.1 57.5 34 -1 0 -1 -1
0 1 0 31.2 57.5 32 -1 0 -1 -1
0 1 0 31.1 57.5 32 -1 0 -1 -1
0 1 0 31.1 57.5 30 -1 0 -1 -1
0 1 0 31.2 57.5 32 -1 0 -1 -1
0 1 0 31.1 57.5 28 -1 0 -1 -1
0 1 0 31.1 57.5 28 -1 0 -1 -1
0 1 0 31.2 57.5 26 -1 0 -1 -1
0 1 0 31.1 57.0 29 -1 0 -1 -1
0 1 0 31.2 57.0 29 -1 0 -1 -1
0 1 0 31.1 57.0 27 -1 0 -1 -1
0 1 0 31.1 57.0 27 -1 0 -1 -1
0 1 0 31.1 57.0 25 -1 0 -1 -1
0 1 0 31.1 57.0 23 -1 0 -1 -1
0 1 0 31.1 57.0 23 -1 0 -1 -1
0 1 0 31.1 57.0 27 -1 0 -1 -1
0 1 0 31.1 57.0 23 -1 0 -1 -1
0 1 0 31.1 57.0 25 -1 0 -1 -1
0 1 0 31.1 57.0 27 -1 0 -1 -1
0 1 0 31.0 57.0 27 -1 0 -1 -1
0 1 0 31.1 57.0 26 -1 0 -1 -1
0 1 0 31.1 56.5 28 -1 0 -1 -1
0 1 0 31.1 56.5 26 -1 0 -1 -1
0 1 0 31.1 56.5 29 -1 0 -1 -1
0 1 0 31.1 56.5 29 -1 0 -1 -1
0 1 0 31.1 56.5 29 -1 0 -1 -1
0 1 0 31.1 56.5 29 -1 0 -1 -1
0 1 0 31.1 56.5 26 -1 0 -1 -1
0 1 0 31.1 56.5 30 -1 0 -1 -1
0 1 0 31.1 56.5 32 -1 0 -1 -1
0 1 0 31.1 56.5 36 -1 0 -1 -1
0 1 0 31.0 56.5 39 -1 0 -1 -1
0 1 0 31.1 56.5 37 -1 0 -1 -1
0 1 0 31.1 56.5 37 -1 0 -1 -1
0 1 0 31.1 56.5 39 -1 0 -1 -1
0 1 0 31.1 56.5 39 -1 0 -1 -1
0 1 0 31.0 56.5 37 -1 0 -1 -1
0 1 0 31.1 56.5 37 -1 0 -1 -1
0 1 0 31.1 56.5 41 -1 0 -1 -1
0 1 0 31.1 56.5 39 -1 0 -1 -1
0 1 0 31.1 56.5 46 -1 0 -1 -1
0 1 0 31.1 56.5 50 -1 0 -1 -1
0 1 0 31.1 56.5 44 -1 0 -1 -1
0 1 0 31.1 56.5 41 -1 0 -1 -1
0 1 0 31.0 56.5 36 -1 0 -1 -1
0 1 0 31.1 56.5 30 -1 0 -1 -1
0 1 0 31.1 56.5 32 -1 0 -1 -1
0 1 0 31.0 56.5 34 -1 0 -1 -1
0 1 0 31.1 56.5 39 -1 0 -1 -1
0 1 0 31.1 56.5 41 -1 0 -1 -1
0 1 0 31.1 56.5 44 -1 0 -1 -1
0 1 0 31.1 56.5 46 -1 0 -1 -1
0 1 0 31.1 56.5 44 -1 0 -1 -1
0 1 0 31.1 56.5 48 -1 0 -1 -1
0 1 0 31.1 56.5 46 -1 0 -1 -1
0 1 0 31.1 56.5 53 -1 0 -1 -1
0 1 0 31.2 56.5 53 -1 0 -1 -1
0 1 0 31.1 56.5 55 -1 0 -1 -1
0 1 0 31.1 56.5 58 -1 0 -1 -1
0 1 0 31.2 56.5 53 c24 0 -1 -1
0 1 0 31.2 56.5 55 c24 0 -1 -1
1 1 8 31.1 56.0 162 c24 0 100 100
1 1 3 31.1 53.5 183 c24 0 100 100
1 1 10 30.9 52.5 220 c24 0 100 100
1 1 2 30.7 51.5 245 c24 0 100 100
1 1 0 30.5 50.0 7 c24 0 100 100
1 1 0 30.3 49.0 3 c24 0 100 100
1 1 2 30.1 48.5 46 c24 0 100 100
1 1 0 30.0 48.0 46 c24 0 100 100
1 1 0 29.9 47.5 41 c24 0 100 100
1 1 3 29.8 46.5 38 c24 0 100 100
1 1 0 29.7 46.5 25 c24 0 100 100
1 1 0 29.6 46.0 12 c24 0 100 100
1 1 0 29.5 46.0 248 c24 0 100 100
1 1 0 29.4 46.0 252 c24 0 100 100
1 1 0 29.4 46.0 247 c24 0 100 100
1 1 4 29.4 45.0 231 c24 0 100 100
1 1 1 29.2 45.0 231 c24 0 100 100
1 1 7 29.2 44.5 216 c24 0 100 100
1 1 8 29.1 44.5 178 c24 0 100 100
1 1 0 29.0 44.5 170 c24 0 100 100
1 1 0 29.0 44.0 166 c24 0 100 100
1 1 0 28.9 44.5 180 c24 0 100 100
1 1 0 28.9 44.5 188 c24 0 100 100
1 1 0 28.8 44.5 183 c24 0 100 100
1 1 1 28.8 45.0 179 c24 0 100 100
1 1 15 28.8 44.5 158 c24 0 100 100
1 1 0 28.7 45.0 170 c24 0 100 100
1 1 1 28.7 45.0 179 c24 0 100 100
1 1 0 28.6 45.0 150 c24 0 100 100
1 1 0 28.6 45.0 139 c24 0 100 100
1 1 0 28.5 45.0 107 c24 0 100 100
1 1 0 28.5 45.0 77 c24 0 100 100
1 1 0 28.6 45.0 66 c24 0 100 100
1 1 0 28.4 45.0 64 c24 0 100 100
1 1 0 28.4 45.0 74 c24 0 100 100
1 1 0 28.4 45.0 83 c24 0 100 100
1 1 0 28.3 45.0 87 c24 0 100 100
1 1 4 28.3 45.0 86 c24 0 100 100
1 1 0 28.3 45.0 81 c24 0 100 100
1 1 0 28.2 45.0 81 c24 0 100 100
1 1 0 28.2 45.5 85 c24 0 100 100
1 1 3 28.2 45.5 88 c24 0 100 100
1 1 0 28.1 45.5 90 c24 0 100 100
1 1 4 28.1 45.5 95 c24 0 100 100
1 1 0 28.1 45.0 106 c24 0 100 100
1 1 0 28.1 45.5 118 c24 0 100 100
1 1 0 28.0 45.5 130 c24 0 100 100
1 1 0 28.0 45.5 124 c24 0 100 100
1 1 0 28.0 45.5 127 c24 0 100 100
1 1 0 28.0 45.5 120 c24 0 100 100
1 1 0 27.9 45.5 115 c24 0 100 100
1 1 0 27.9 45.5 98 c24 0 100 100
1 1 2 27.9 45.5 91 c24 0 100 100
1 1 0 27.9 45.0 86 c24 0 100 100
1 1 0 27.8 45.0 83 c24 0 100 100
1 1 2 27.8 45.0 98 c24 0 100 100
1 1 5 27.7 45.0 113 c24 0 100 100
1 1 0 27.7 45.0 116 c24 0 100 100
1 1 0 27.7 45.0 107 c24 0 100 100
1 1 0 27.6 45.0 81 c24 0 100 100
1 1 0 27.6 45.0 78 c24 0 100 100
1 1 1 27.6 45.0 87 c24 0 100 100
1 1 3 27.6 45.0 119 c24 0 100 100
1 1 0 27.5 45.0 117 c24 0 100 100
1 1 0 27.5 45.0 106 c24 0 100 100
1 1 1 27.5 45.0 105 c24 0 100 100
1 1 0 27.5 45.0 90 c24 0 100 100
1 1 0 27.4 45.0 94 c24 0 100 100
1 1 0 27.4 45.5 110 c24 0 100 100
1 1 1 27.4 45.5 155 c24 0 100 100
1 1 0 27.4 45.5 141 c24 0 100 100
1 1 0 27.3 45.5 134 c24 0 100 100
1 1 2 27.4 45.5 118 c24 0 100 100
1 1 0 27.3 45.5 131 c24 0 100 100
1 1 0 27.3 46.0 76 c24 0 100 100
1 1 0 27.3 46.0 60 c24 0 100 100
1 1 4 27.3 46.0 58 c24 0 100 100
1 1 0 27.2 46.0 63 c24 0 100 100
1 1 1 27.3 46.5 85 c24 0 100 100
1 1 0 27.3 46.5 97 c24 0 100 100
1 1 7 27.2 46.5 109 c24 0 100 100
1 1 0 27.2 46.0 120 c24 0 100 100
1 1 0 27.1 46.0 123 c24 0 100 100
1 1 0 27.2 46.0 118 c24 0 100 100
1 1 0 27.2 45.5 116 c24 0 100 100
1 1 0 27.2 45.5 107 c24 0 100 100
1 1 5 27.0 45.5 123 c24 0 100 100
1 1 3 27.1 45.5 143 c24 0 100 100
1 1 0 27.1 45.5 146 c24 0 100 100
1 1 0 27.0 45.0 133 c24 0 100 100
1 1 0 27.0 45.0 121 c24 0 100 100
1 1 0 26.9 45.0 109 c24 0 100 100
1 1 0 27.0 45.0 99 c24 0 100 100
1 1 0 26.9 45.0 92 c24 0 100 100
1 1 0 26.9 45.0 90 c24 0 100 100
1 1 0 26.9 45.0 95 c24 0 100 100
1 1 0 26.9 45.5 96 c24 0 100 100
1 1 0 26.8 45.5 97 c24 0 100 100
1 1 0 26.8 45.5 108 c24 0 100 100
1 1 2 26.8 45.5 113 c24 0 100 100
1 1 0 26.9 45.5 111 c24 0 100 100
1 1 0 26.9 46.0 113 c24 0 100 100
1 1 0 26.8 46.0 118 c24 0 100 100
1 1 8 26.9 46.0 121 c24 0 100 100
1 1 0 26.9 46.5 129 c24 0 100 100
1 1 15 26.8 46.5 128 c24 0 100 100
1 1 0 26.8 46.5 147 c24 0 100 100
1 1 0 26.8 46.5 146 c24 0 100 100
1 1 0 26.8 46.5 143 c24 0 100 100
1 1 2 26.8 46.5 130 c24 0 100 100
1 1 0 26.8 46.5 121 c24 0 100 100
1 1 1 26.8 46.5 105 c24 0 100 100
1 1 0 26.8 46.5 101 c24 0 100 100
1 1 0 26.8 46.5 95 c24 0 100 100
1 1 0 26.8 46.5 99 c24 0 100 100
1 1 0 26.8 46.5 98 c24 0 100 100
1 1 0 26.8 46.5 107 c24 0 100 100
1 1 0 26.7 47.0 109 c24 0 100 100
1 1 0 26.8 47.0 133 c24 0 100 100
1 1 0 26.7 47.0 113 c24 0 100 100
1 1 2 26.7 47.0 105 c24 0 100 100
1 1 0 26.7 47.0 100 c24 0 100 100
1 1 1 26.7 47.0 104 c24 0 100 100
1 1 0 26.7 47.0 125 c24 0 100 100
1 1 5 26.7 47.0 118 c24 0 100 100
1 1 2 26.6 48.0 112 c24 0 100 100
1 1 0 26.8 49.0 103 c24 0 100 100
1 1 0 26.7 50.0 104 c24 0 100 100
1 1 0 26.8 50.0 89 c24 0 100 100
1 1 0 26.9 50.5 82 c24 0 100 100
1 1 0 26.8 50.5 55 c24 0 100 100
1 1 0 26.8 51.0 51 c24 0 100 100
1 1 8 26.9 51.0 49 c24 0 100 100
1 1 8 26.9 51.0 57 c24 0 100 100
1 1 0 26.9 50.5 65 c24 0 100 100
1 1 0 26.8 50.5 70 c24 0 100 100
1 1 0 26.9 50.0 81 c24 0 100 100
1 1 0 26.9 50.0 97 c24 0 100 100
1 1 0 26.8 50.0 122 c24 0 100 100
1 1 6 26.8 49.5 123 c24 0 100 100
1 1 2 26.8 49.5 135 c24 0 100 100
1 1 0 26.7 49.5 144 c24 0 100 100
1 1 1 26.8 49.5 142 c24 0 100 100
1 1 0 26.7 49.5 144 c24 0 100 100
1 1 0 26.7 49.5 151 c24 0 100 100
1 1 2 26.8 49.5 147 c24 0 100 100
1 1 0 26.8 49.5 143 c24 0 100 100
1 1 0 26.7 49.5 141 c24 0 100 100
1 1 0 26.7 49.0 148 c24 0 100 100
1 1 0 26.7 49.0 154 c24 0 100 100
1 1 0 26.7 49.0 141 c24 0 100 100
1 1 0 26.7 49.0 124 c24 0 100 100
1 1 1 26.7 49.0 98 c24 0 100 100
1 1 0 26.7 49.0 96 c24 0 100 100
1 1 0 26.7 49.0 104 c24 0 100 100
1 1 0 26.7 49.0 111 c24 0 100 100
1 1 4 26.6 49.0 107 c24 0 100 100
1 1 0 26.7 49.0 96 c24 0 100 100
1 1 0 26.7 48.5 83 c24 0 100 100
1 1 0 26.6 48.5 72 c24 0 100 100
1 1 0 26.6 48.5 48 c24 0 100 100
1 1 0 26.6 48.5 25 c24 0 100 100
1 1 3 26.5 48.5 3 c24 0 100 100
1 1 2 26.6 48.5 246 c24 0 100 100
1 1 0 26.5 48.5 229 c24 0 100 100
1 1 7 26.5 49.0 221 c24 0 100 100
1 1 0 26.5 49.0 212 c24 0 100 100
1 1 0 26.5 49.5 213 c24 0 100 100
1 1 0 26.5 49.5 216 c24 0 100 100
1 1 0 26.6 49.5 229 c24 0 100 100
1 1 0 26.6 50.0 248 c24 0 100 100
1 1 0 26.5 50.0 13 c24 0 100 100
1 1 0 26.5 50.0 35 c24 0 100 100
1 1 0 26.5 50.0 55 c24 0 100 100
1 1 0 26.5 50.0 65 c24 0 100 100
1 1 0 26.5 49.5 79 c24 0 100 100
1 1 1 26.5 49.5 82 c24 0 100 100
1 1 0 26.6 49.5 85 c24 0 100 100
1 1 1 26.4 49.0 80 c24 0 100 100
1 1 0 26.4 49.0 78 c24 0 100 100
1 1 0 26.5 48.5 78 c24 0 100 100
1 1 3 26.4 48.5 81 c24 0 100 100
1 1 0 26.4 48.5 93 c24 0 100 100
1 1 0 26.4 48.5 93 c24 0 100 100
1 1 4 26.4 48.5 75 c24 0 100 100
1 1 4 26.4 49.0 50 c24 0 100 100
1 1 0 26.3 49.0 19 c24 0 100 100
1 1 0 26.4 49.5 228 c24 0 100 100
1 1 0 26.4 50.0 192 c24 0 100 100
1 1 0 26.4 50.0 156 c24 0 100 100
1 1 0 26.4 50.5 133 c24 0 100 100
1 1 2 26.4 50.5 117 c24 0 100 100
1 1 1 26.4 50.5 108 c24 0 100 100
1 1 0 26.4 50.5 103 c24 0 100 100
1 1 0 26.4 50.5 106 c24 0 100 100
1 1 7 26.4 50.5 112 c24 0 100 100
1 1 3 26.4 50.5 119 c24 0 100 100
1 1 2 26.4 50.5 131 c24 0 100 100
1 1 0 26.4 50.5 145 c24 0 100 100
1 1 0 26.4 51.0 148 c24 0 100 100
1 1 0 26.4 51.0 160 c24 0 100 100
1 1 1 26.4 51.0 168 c24 0 100 100
1 1 0 26.4 51.0 166 c24 0 100 100
1 1 0 26.4 51.5 168 c24 0 100 100
1 1 1 26.4 51.5 175 c24 0 100 100
1 1 0 26.4 52.0 187 c24 0 100 100
1 1 3 26.4 52.0 216 c24 0 100 100
1 1 1 26.4 52.5 254 c24 0 100 100
1 1 0 26.4 52.5 44 c24 0 100 100
1 1 0 26.5 52.5 52 c24 0 100 100
1 1 10 26.5 52.5 59 c24 0 100 100
1 1 11 26.5 52.5 86 c24 0 100 100
1 1 0 26.5 52.5 110 c24 0 100 100
1 1 0 26.5 52.5 112 c24 0 100 100
1 1 0 26.5 53.0 122 c24 0 100 100
1 1 0 26.5 53.0 142 c24 0 100 100
1 1 0 26.5 53.5 132 c24 0 100 100
1 1 0 26.5 53.5 126 c24 0 100 100
1 1 7 26.5 53.5 108 c24 0 100 100
1 1 3 26.6 53.5 86 c24 0 100 100
1 1 14 26.5 53.5 68 c24 0 100 100
1 1 0 26.6 53.5 53 c24 0 100 100
1 1 3 26.6 53.5 39 c24 0 100 100
1 1 0 26.6 53.5 25 c24 0 100 100
1 1 5 26.5 53.5 28 c24 0 100 100
1 1 6 26.6 53.5 40 c24 0 100 100
1 1 3 26.5 53.5 49 c24 0 100 100
1 1 0 26.6 54.0 27 c24 0 100 100
1 1 2 26.6 54.0 23 c24 0 100 100
1 1 0 26.6 54.0 254 c24 0 100 100
1 1 4 26.6 54.0 236 c24 0 100 100
1 1 0 26.6 54.0 252 c24 0 100 100
1 1 0 26.6 54.0 255 c24 0 100 100
1 1 0 26.7 54.0 10 c24 0 100 100
1 1 0 26.6 54.0 23 c24 0 100 100
1 1 0 26.6 54.0 30 c24 0 100 100
1 1 0 26.7 54.5 32 c24 0 100 100
1 1 0 26.6 54.5 20 c24 0 100 100
1 1 2 26.7 54.0 45 c24 0 100 100
1 1 0 26.7 54.0 34 c24 0 100 100
1 1 0 26.7 54.0 30 c24 0 100 100
1 1 0 26.7 54.0 41 c24 0 100 100
1 1 0 26.7 54.0 46 c24 0 100 100
1 1 2 26.6 54.0 67 c24 0 100 100
1 1 0 26.7 54.0 57 c24 0 100 100
1 1 0 26.6 54.0 73 c24 0 100 100
1 1 0 26.7 54.5 94 c24 0 100 100
1 1 0 26.7 54.5 83 c24 0 100 100
1 1 0 26.7 54.5 69 c24 0 100 100
1 1 1 26.7 54.5 57 c24 0 100 100
1 1 2 26.8 54.5 28 c24 0 100 100
1 1 4 26.8 54.5 239 c24 0 100 100
1 1 5 26.8 54.5 243 c24 0 100 100
1 1 0 26.8 55.0 19 c24 0 100 100
1 1 4 26.8 55.0 20 c24 0 100 100
1 1 0 26.8 55.0 4 c24 0 100 100
1 1 6 26.8 55.0 246 c24 0 100 100
1 1 0 26.7 54.5 255 c24 0 100 100
1 1 22 26.8 54.5 240 c24 0 15 100
0 1 3 26.7 54.5 89 c24 0 15 13
0 1 10 26.7 54.5 28 c24 0 15 13
0 1 2 26.7 54.5 26 c24 0 15 13
0 1 0 26.6 54.5 27 c24 0 15 13
0 1 0 26.6 54.5 24 c24 0 15 13
0 1 0 26.5 54.5 26 c24 0 15 13
0 1 0 26.5 54.0 24 c24 0 15 13
0 1 0 26.4 54.0 24 c24 0 15 13
0 1 0 26.3 54.0 24 c24 0 15 13
0 1 0 26.4 53.5 24 c24 0 15 13
0 1 0 26.3 53.5 24 c24 0 15 13
0 1 0 26.2 53.5 24 c24 0 15 13
0 1 0 26.2 53.5 26 c24 0 15 13
0 1 0 26.2 53.0 25 c24 0 15 13
0 1 0 26.2 53.5 26 c24 0 15 13
0 1 0 26.2 53.5 26 c24 0 15 13
0 1 0 26.2 53.5 21 c24 0 15 13
0 1 0 26.2 54.0 23 c24 0 15 13
0 1 0 26.2 53.5 23 c24 0 15 13
0 1 0 26.1 53.5 21 c24 0 15 13
0 1 0 26.0 53.5 21 c24 0 15 13
0 1 5 26.0 53.5 21 c24 0 15 13
0 1 1 26.0 53.5 19 c24 0 15 13
0 1 1 26.0 53.5 21 c24 0 15 13
0 1 0 26.0 53.5 23 c24 0 15 13
0 1 2 26.0 53.5 25 c24 0 15 13
0 1 7 26.0 54.0 21 c24 0 15 13
0 1 0 26.0 54.0 24 c24 0 15 13
0 1 0 25.9 54.0 24 c24 0 15 13
0 1 1 25.9 54.0 21 c24 0 15 13
0 1 1 26.0 54.0 24 c24 0 15 13
0 1 0 26.0 54.0 23 c24 0 15 13
0 1 0 25.9 54.0 23 c24 0 15 13
0 1 0 26.0 54.0 21 c24 0 15 13
0 1 0 25.9 54.0 25 c24 0 15 13
0 1 0 25.8 54.0 21 c24 0 15 13
0 1 0 25.9 54.5 21 c24 0 15 13
0 1 0 25.9 54.0 23 c24 0 15 13
0 1 12 25.9 54.0 21 c24 0 15 13
1 1 18 26.0 54.0 221 c24 0 100 100
1 1 8 26.0 54.0 140 c24 0 100 100
1 1 8 26.0 54.5 133 c24 0 100 100
1 1 0 26.1 54.5 136 c24 0 100 100
1 1 0 26.2 54.0 103 c24 0 100 100
1 1 5 26.1 54.5 139 c24 0 100 100
1 1 0 26.3 54.5 81 c24 0 100 100
1 1 0 26.2 55.0 255 c24 0 100 100
1 1 0 26.3 55.0 121 c24 0 100 100
1 1 1 26.3 55.0 148 c24 0 100 100
1 1 0 26.4 55.5 183 c24 0 100 100
1 1 8 26.4 55.5 210 c24 0 100 100
1 1 4 26.4 55.0 218 c24 0 100 100
1 1 0 26.4 55.0 201 c24 0 100 100
1 1 5 26.4 55.0 209 c24 0 100 100
1 1 4 26.5 55.0 206 c24 0 100 100
1 1 0 26.4 55.0 192 c24 0 100 100
1 1 7 26.4 55.0 166 c24 0 100 100
1 1 2 26.4 55.5 145 c24 0 100 100
1 1 2 26.5 55.5 238 c24 0 100 100
1 1 3 26.4 55.0 60 c24 0 100 100
1 1 0 26.4 55.5 112 c24 0 100 100
1 1 1 26.5 55.5 118 c24 0 100 100
1 1 0 26.5 55.5 127 c24 0 100 100
1 1 0 26.5 55.5 144 c24 0 100 100
1 1 0 26.6 55.5 149 c24 0 100 100
1 1 0 26.5 55.5 137 c24 0 100 100
1 1 6 26.6 55.5 160 c24 0 100 100
1 1 9 26.6 55.5 185 c24 0 100 100
1 1 0 26.6 55.5 172 c24 0 100 100
1 1 0 26.6 55.5 228 c24 0 100 100
1 1 6 26.6 55.5 218 c24 0 100 100
1 1 1 26.6 55.5 208 c24 0 100 100
1 1 11 26.6 55.5 207 c24 0 100 100
1 1 0 26.6 55.5 212 c24 0 100 100
1 1 3 26.6 55.5 212 c24 0 100 100
1 1 1 26.6 55.5 191 c24 0 100 100
1 1 0 26.6 56.0 170 c24 0 100 100
1 1 4 26.6 56.0 153 c24 0 100 100
1 1 0 26.6 56.0 155 c24 0 100 100
1 1 3 26.6 56.0 242 c24 0 100 100
1 1 7 26.6 56.0 152 c24 0 100 100
1 1 0 26.6 55.5 143 c24 0 100 100
1 1 3 26.6 55.5 148 c24 0 100 100
1 1 0 26.6 55.5 159 c24 0 100 100
1 1 1 26.6 55.5 175 c24 0 100 100
1 1 1 26.6 56.0 203 c24 0 100 100
1 1 0 26.5 56.0 102 c24 0 100 100
1 1 4 26.6 56.0 188 c24 0 100 100
1 1 0 26.6 56.0 226 c24 0 100 100
1 1 0 26.6 56.0 201 c24 0 100 100
1 1 2 26.6 56.0 208 c24 0 100 100
1 1 0 26.6 56.0 125 c24 0 100 100
1 1 0 26.7 56.0 128 c24 0 100 100
1 1 0 26.6 56.0 223 c24 0 100 100
1 1 0 26.6 56.0 195 c24 0 100 100
1 1 0 26.7 56.0 135 c24 0 100 100
1 1 3 26.6 55.5 121 c24 0 100 100
1 1 12 26.6 55.5 245 c24 0 100 100
1 1 0 26.6 55.5 236 c24 0 100 100
1 1 3 26.6 55.5 231 c24 0 100 100
1 1 8 26.6 55.5 216 c24 0 100 100
1 1 4 26.5 55.0 202 c24 0 100 100
1 1 0 26.5 55.0 157 c24 0 100 100
1 1 0 26.5 55.0 130 c24 0 100 100
1 1 0 26.5 55.0 139 c24 0 100 100
1 1 0 26.5 55.5 113 c24 0 100 100
1 1 0 26.5 55.5 85 c24 0 100 100
1 1 0 26.5 55.5 77 c24 0 100 100
1 1 0 26.5 55.5 63 c24 0 100 100
1 1 0 26.4 55.5 54 c24 0 100 100
1 1 0 26.5 55.5 49 c24 0 100 100
1 1 5 26.5 55.5 44 c24 0 100 100
1 1 0 26.4 55.5 45 c24 0 100 100
1 1 0 26.5 55.5 50 c24 0 100 100
1 1 0 26.4 55.5 41 c24 0 100 100
1 1 0 26.4 55.5 34 c24 0 100 100
1 1 0 26.4 55.5 32 c24 0 100 100
1 1 0 26.4 55.5 28 c24 0 100 100
1 1 1 26.4 55.5 28 c24 0 100 100
1 1 0 26.4 56.0 19 c24 0 100 100
1 1 0 26.4 56.0 18 c24 0 100 100
1 1 0 26.4 56.0 6 c24 0 100 100
1 1 0 26.4 56.0 246 c24 0 100 100
1 1 0 26.4 55.5 234 c24 0 100 100
1 1 0 26.4 55.5 217 c24 0 100 100
1 1 1 26.4 55.5 228 c24 0 100 100
1 1 2 26.4 55.5 238 c24 0 100 100
1 1 0 26.4 55.5 235 c24 0 100 100
1 1 5 26.4 55.5 229 c24 0 100 100
1 1 0 26.4 56.0 216 c24 0 100 100
1 1 2 26.3 56.0 195 c24 0 100 100
1 1 3 26.3 56.0 163 c24 0 100 100
1 1 12 26.3 55.5 142 c24 0 100 100
1 1 11 26.3 55.5 146 c24 0 100 100
1 1 4 26.3 55.5 150 c24 0 100 100
1 1 0 26.2 55.5 159 c24 0 100 100
1 1 6 26.3 55.5 169 c24 0 100 100
1 1 0 26.3 55.5 183 c24 0 100 100
1 1 0 26.3 55.5 194 c24 0 100 100
1 1 0 26.2 55.5 204 c24 0 100 100
1 1 2 26.2 55.5 215 c24 0 100 100
1 1 0 26.2 55.5 229 c24 0 100 100
1 1 7 26.2 55.0 241 c24 0 100 100
1 1 5 26.2 55.5 248 c24 0 100 100
1 1 2 26.2 55.0 255 c24 0 100 100
1 1 1 26.2 55.0 5 c24 0 100 100
1 1 9 26.1 55.0 3 c24 0 100 100
1 1 0 26.2 55.0 5 c24 0 100 100
1 1 9 26.2 55.0 3 c24 0 100 100
1 1 11 26.1 55.5 250 c24 0 100 100
1 1 2 26.1 55.5 248 c24 0 100 100
1 1 4 26.2 55.0 248 c24 0 100 100
1 1 3 26.1 55.0 240 c24 0 100 100
1 1 1 26.1 55.0 232 c24 0 100 100
1 1 0 26.1 55.0 227 c24 0 100 100
1 1 3 26.1 55.0 220 c24 0 100 100
1 1 2 26.1 54.5 219 c24 0 100 100
1 1 4 26.0 55.0 217 c24 0 100 100
1 1 0 26.1 55.0 215 c24 0 100 100
1 1 2 26.0 55.0 212 c24 0 100 100
1 1 0 26.1 55.0 210 c24 0 100 100
1 1 13 26.0 55.0 204 c24 0 100 100
1 1 1 26.0 55.5 200 c24 0 100 100
1 1 3 26.0 55.0 200 c24 0 100 100
1 1 4 26.0 55.0 200 c24 0 100 100
1 1 6 26.0 55.0 196 c24 0 100 100
1 1 0 26.0 55.0 191 c24 0 100 100
1 1 5 26.0 54.5 184 c24 0 100 100
1 1 1 26.0 55.0 170 c24 0 100 100
1 1 7 26.0 55.0 154 c24 0 100 100
1 1 4 26.0 55.0 142 c24 0 100 100
1 1 0 26.0 55.0 128 c24 0 100 100
1 1 2 25.9 55.0 121 c24 0 100 100
1 1 4 26.0 55.0 118 c24 0 100 100
1 1 5 26.0 55.0 113 c24 0 100 100
1 1 2 26.0 55.0 113 c24 0 100 100
1 1 10 25.8 55.0 111 c24 0 100 100
1 1 0 25.8 55.0 113 c24 0 100 100
1 1 0 25.9 55.0 109 c24 0 100 100
1 1 7 25.8 55.0 113 c24 0 100 100
1 1 0 25.8 55.0 118 c24 0 100 100
1 1 6 25.8 55.0 120 c24 0 100 100
1 1 2 25.8 55.0 128 c24 0 100 100
1 1 0 25.8 55.0 135 c24 0 100 100
1 1 17 25.8 55.0 136 c24 0 100 100
1 1 0 25.8 55.5 143 c24 0 100 100
1 1 0 25.8 55.5 145 c24 0 100 100
1 1 0 25.8 55.5 144 c24 0 100 100
1 1 0 25.8 55.5 142 c24 0 100 100
1 1 0 25.8 55.5 142 c24 0 100 100
1 1 0 25.8 56.0 137 c24 0 100 100
1 1 3 25.8 56.0 132 c24 0 100 100
1 1 0 25.8 56.5 130 c24 0 100 100
1 1 0 25.9 57.0 127 c24 0 100 100
1 1 0 25.8 57.0 123 c24 0 100 100
1 1 3 25.9 57.0 118 c24 0 100 100
1 1 8 25.9 57.5 113 c24 0 100 100
1 1 5 25.8 57.5 111 c24 0 100 100
1 1 5 25.8 57.5 108 c24 0 100 100
1 1 6 25.9 57.5 100 c24 0 100 100
1 1 7 25.8 57.0 99 c24 0 100 100
1 1 6 25.8 57.0 96 c24 0 100 100
1 1 5 25.8 57.0 92 c24 1 100 100
1 1 15 25.7 57.0 105 c24 1 100 100
1 1 0 25.8 57.0 104 c24 1 100 100
1 1 0 25.8 57.0 104 c24 1 100 100
1 1 0 25.8 57.5 104 c24 1 100 100
1 1 0 25.8 57.5 100 c24 1 100 100
1 1 0 25.7 57.5 102 c24 1 100 100
1 1 8 25.7 57.5 97 c24 1 100 100
1 1 5 25.7 57.5 95 c24 1 100 100
1 1 4 25.7 57.0 97 c24 1 100 100
1 1 0 25.7 57.0 93 c24 1 100 100
1 1 2 25.7 56.5 93 c24 1 100 100
1 1 3 25.6 56.5 91 c24 1 100 100
1 1 2 25.6 56.0 91 c24 1 100 100
1 1 0 25.6 55.5 92 c24 1 100 100
1 1 0 25.5 55.0 90 c24 1 100 100
1 1 0 25.5 55.0 86 c24 1 100 100
1 1 1 25.5 54.5 83 c24 1 100 100
1 1 4 25.5 54.5 76 c24 1 100 100
1 1 2 25.4 54.5 72 c24 1 100 100
1 1 0 25.5 54.5 69 c24 1 100 100
1 1 0 25.5 55.0 69 c24 1 100 100
1 1 2 25.5 55.0 63 c24 1 100 100
1 1 6 25.5 55.0 64 c24 1 100 100
1 1 2 25.4 55.0 64 c24 1 100 100
1 1 0 25.4 55.0 64 c24 1 100 100
1 1 4 25.5 55.5 65 c24 1 100 100
1 1 0 25.4 55.0 67 c24 1 100 100
1 1 0 25.4 55.0 69 c24 1 100 100
1 1 0 25.4 55.0 69 c24 1 100 100
1 1 0 25.4 55.0 67 c24 1 100 100
1 1 0 25.3 54.5 67 c24 1 100 100
1 1 2 25.3 54.5 67 c24 1 100 100
1 1 4 25.3 54.0 67 c24 1 100 100
1 1 0 25.2 54.0 67 c24 1 100 100
1 1 6 25.2 54.0 67 c24 1 100 100
1 1 5 25.2 54.0 69 c24 1 100 100
1 1 2 25.2 54.0 70 c24 1 100 100
1 1 8 25.2 54.0 74 c24 1 100 100
1 1 0 25.2 54.0 72 c24 1 100 100
1 1 2 25.2 54.0 72 c24 1 100 100
1 1 0 25.2 54.0 74 c24 1 100 100
1 1 4 25.2 54.5 79 c24 1 100 100
1 1 4 25.2 55.0 77 c24 1 100 100
1 1 16 25.2 55.0 79 c24 1 100 100
1 1 0 25.2 55.0 79 c24 1 100 100
1 1 3 25.2 55.5 81 c24 1 100 100
1 1 2 25.2 55.5 81 c24 1 100 100
1 1 0 25.1 55.0 81 c24 1 100 100
1 1 2 25.1 55.0 83 c24 1 100 100
1 1 4 25.1 54.5 79 c24 1 100 100
1 1 5 25.1 54.5 79 c24 1 100 100
1 1 5 25.0 54.5 79 c24 1 100 100
1 1 13 25.1 54.5 77 c24 1 100 100
1 1 2 25.1 54.5 74 c24 1 100 100
1 1 26 25.0 54.5 74 c24 1 100 100
1 1 4 25.0 54.5 72 c24 1 100 100
1 1 2 25.0 54.0 69 c24 1 100 100
1 1 4 24.9 54.0 67 c24 1 100 100
1 1 9 24.9 54.0 65 c24 1 100 100
1 1 19 25.0 54.0 67 c24 1 100 100
1 1 1 25.0 54.0 63 c24 1 100 100
1 1 2 24.9 54.0 65 c24 1 100 100
1 1 4 24.8 53.5 62 c24 1 100 100
1 1 5 25.0 53.5 60 c24 1 100 100
1 1 9 24.9 53.5 58 c24 1 100 100
1 1 13 24.9 53.5 57 c24 1 100 100
1 1 7 24.9 53.5 53 c24 1 100 100
1 1 2 24.9 54.0 53 c26 1 100 100
1 1 13 24.9 54.0 53 c26 1 100 100
1 1 4 24.8 53.5 53 c26 1 100 100
1 1 0 24.8 53.5 52 c26 1 100 100
1 1 0 24.8 53.5 50 c26 1 100 100
1 1 0 24.8 53.5 46 c26 1 100 100
1 1 0 24.8 53.5 46 c26 1 100 100
1 1 0 24.8 53.5 48 c26 1 100 100
1 1 5 24.7 53.5 46 c26 1 100 100
1 1 6 24.7 53.5 44 c26 1 100 100
1 1 0 24.7 53.5 43 c26 1 100 100
1 1 3 24.7 53.5 43 c26 1 100 100
1 1 3 24.7 53.5 43 c26 1 100 100
1 1 4 24.7 53.5 41 c26 1 100 100
1 1 0 24.6 53.5 39 c26 1 100 100
1 1 0 24.6 53.0 39 c26 1 100 100
1 1 0 24.6 53.0 39 c26 1 100 100
1 1 5 24.6 52.5 41 c26 1 100 100
1 1 0 24.6 52.5 38 c26 1 100 100
1 1 0 24.5 52.5 36 c26 1 100 100
1 1 0 24.5 52.5 38 c26 1 100 100
1 1 0 24.5 52.5 36 c26 1 100 100
1 1 0 24.5 52.0 36 c26 1 100 100
1 1 4 24.5 52.0 36 c26 1 100 100
1 1 0 24.5 52.0 36 c26 1 100 100
1 1 0 24.4 52.0 36 c26 1 100 100
1 1 0 24.4 52.0 36 c26 1 100 100
1 1 0 24.5 52.0 36 c26 1 100 100
1 1 0 24.4 51.5 36 c26 1 100 100
1 1 4 24.4 51.5 32 c26 1 100 100
1 1 0 24.4 52.0 34 c26 1 100 100
1 1 2 24.4 52.0 30 c26 1 100 100
1 1 3 24.4 52.0 29 c26 1 100 100
1 1 0 24.5 52.0 27 c26 1 100 100
1 1 3 24.4 52.0 27 c26 1 100 100
1 1 0 24.4 52.5 29 c26 1 100 100
1 1 0 24.5 52.5 25 c26 1 100 100
1 1 0 24.5 53.0 27 c26 1 100 100
1 1 11 24.4 53.0 27 c26 1 100 100
1 1 0 24.4 53.0 25 c26 1 100 100
1 1 4 24.4 53.0 24 c26 1 100 100
1 1 5 24.4 53.5 22 c26 1 100 100
1 1 0 24.4 53.5 22 c26 1 100 100
1 1 0 24.4 53.5 20 c26 1 100 100
1 1 1 24.3 53.5 21 c26 1 100 100
1 1 4 24.3 53.5 17 c26 1 100 100
1 1 4 24.3 53.0 19 c26 1 100 100
1 1 2 24.2 53.0 17 c26 1 100 100
1 1 0 24.2 53.0 15 c26 1 100 100
1 1 2 24.2 53.0 15 c26 1 100 100
1 1 0 24.2 53.0 15 c26 1 100 100
1 1 0 24.2 53.0 17 c26 1 100 100
1 1 0 24.2 53.0 17 c26 1 100 100
1 1 0 24.3 53.0 15 c26 1 100 100
1 1 0 24.1 53.0 15 c26 1 100 100
1 1 0 24.2 53.0 13 c26 1 100 100
1 1 0 24.2 53.0 13 c26 1 100 100
1 1 0 24.1 53.0 13 c26 1 100 100
1 1 0 24.2 53.5 13 c26 1 100 100
1 1 0 24.2 53.5 16 c26 1 100 100
1 1 0 24.3 53.5 16 c26 1 100 100
1 1 8 24.2 53.5 16 c26 1 100 100
1 1 2 24.2 53.5 16 c26 1 100 100
1 1 0 24.2 54.0 14 c26 1 100 100
1 1 0 24.2 54.0 14 c26 1 100 100
1 1 0 24.4 54.5 14 c26 1 100 100
1 1 0 24.3 54.5 14 c26 1 100 100
1 1 1 24.2 54.5 14 c26 1 100 100
1 1 0 24.2 54.0 14 c26 1 100 100
1 1 0 24.2 54.0 14 c26 1 100 100
1 1 1 24.2 54.0 14 c26 1 100 100
1 1 0 24.2 54.5 14 c26 1 100 100
1 1 0 24.2 54.5 14 c26 1 100 100
1 1 0 24.2 54.0 14 c26 1 100 100
1 1 3 24.1 54.0 14 c26 1 100 100
1 1 0 24.2 54.5 14 c26 1 100 100
1 1 0 24.2 55.5 14 c26 1 100 100
1 1 0 24.3 56.5 14 c26 1 100 100
1 1 0 24.3 57.0 14 c26 1 100 100
1 1 0 24.3 57.5 14 c26 1 100 100
1 1 1 24.4 58.0 14 c26 1 100 100
1 1 0 24.4 58.0 14 c26 1 100 100
1 1 0 24.5 58.5 14 c26 1 100 100
1 1 0 24.5 58.5 14 c26 1 100 100
1 1 1 24.5 58.5 14 c26 1 100 100
1 1 0 24.5 58.0 14 c26 1 100 100
1 1 0 24.4 57.5 14 c26 1 100 100
1 1 1 24.5 57.5 14 c26 1 100 100
1 1 1 24.5 57.0 14 c26 1 100 100
1 1 0 24.3 57.0 14 c26 1 100 100
1 1 0 24.4 57.0 14 c26 1 100 100
1 1 0 24.4 56.5 14 c26 1 100 100
1 1 1 24.4 56.5 14 c26 1 100 100
1 1 4 24.4 56.5 14 -1 1 100 100
1 1 5 24.5 56.5 14 -1 1 100 100
1 1 7 24.4 56.5 14 -1 1 100 100
1 1 0 24.5 56.5 14 -1 1 100 100
1 1 2 24.6 56.5 14 -1 1 100 100
1 1 0 24.8 56.5 14 -1 1 100 100
1 1 4 24.8 57.0 14 -1 1 100 100
1 1 9 24.9 57.0 14 -1 1 100 100
1 1 0 25.0 57.0 14 -1 1 100 100
1 1 9 25.1 57.0 14 -1 1 100 100
1 1 0 25.1 57.0 14 -1 1 100 100
1 1 0 25.3 57.0 14 -1 1 100 100
1 1 7 25.3 57.0 14 -1 1 100 100
1 1 0 25.4 57.0 14 -1 1 100 100
1 1 0 25.5 57.0 14 -1 1 100 100
1 1 0 25.4 56.5 14 -1 1 100 100
1 1 0 25.4 56.0 14 -1 1 100 100
1 1 0 25.6 55.5 14 -1 1 100 100
1 1 0 25.5 55.5 14 -1 1 100 100
1 1 0 25.5 55.5 14 -1 1 100 100
1 1 0 25.6 55.0 14 -1 1 100 100
1 1 0 25.6 54.5 14 -1 1 100 100
1 1 8 25.7 54.5 14 -1 1 100 100
1 1 0 25.6 54.5 14 -1 1 100 100
1 1 0 25.7 54.0 14 -1 1 100 100
1 1 0 25.7 54.0 14 -1 1 100 100
1 1 5 25.7 54.0 14 -1 1 100 100
1 1 0 25.6 54.0 14 -1 1 100 100
1 1 0 25.7 54.0 14 -1 1 100 100
1 1 0 25.7 53.5 14 -1 1 100 100
1 1 4 25.7 53.5 14 -1 1 100 100
1 1 0 25.8 53.5 14 -1 1 100 100
1 1 0 25.8 53.0 14 -1 1 100 100
1 1 0 25.8 53.5 14 -1 1 100 100
1 1 0 25.8 53.5 14 -1 1 100 100
1 1 0 25.9 53.5 14 -1 1 100 100
1 1 0 25.9 54.0 14 -1 1 100 100
1 1 1 25.9 54.0 14 -1 1 100 100
1 1 0 25.9 53.0 14 -1 1 100 100
1 1 0 25.9 53.0 14 -1 1 100 100
1 1 0 26.0 55.0 14 -1 1 100 100
1 1 0 26.1 56.0 14 -1 1 100 100
1 1 0 26.1 55.5 14 -1 1 100 100
1 1 0 26.1 55.0 14 -1 1 100 100
1 1 0 26.1 54.5 14 -1 1 100 100
1 1 0 26.1 55.0 14 -1 1 100 100
1 1 0 26.1 55.0 14 -1 1 100 100
1 1 0 26.2 55.0 14 -1 1 100 100
1 1 0 26.3 55.5 14 -1 1 100 100
1 1 0 26.2 56.0 14 -1 1 100 100
1 1 0 26.3 56.5 14 -1 1 100 100
1 1 0 26.4 56.5 14 -1 1 100 100
1 1 0 26.3 56.0 14 -1 1 100 100
1 1 0 26.4 55.5 14 -1 1 100 100
1 1 0 26.4 55.5 14 -1 1 100 100
1 1 0 26.4 56.0 14 -1 1 100 100
1 1 0 26.4 56.0 14 -1 1 100 100
1 1 0 26.5 56.5 14 -1 1 100 100
1 1 0 26.5 56.5 14 -1 1 100 100
1 1 0 26.5 55.5 14 -1 1 100 100
1 1 0 26.5 56.5 14 -1 1 100 100
1 1 0 26.6 56.5 14 -1 1 100 100
1 1 0 26.5 55.5 14 -1 1 100 100
1 1 1 26.5 55.5 14 -1 1 100 100
1 1 1 26.5 55.5 14 -1 1 100 100
1 1 0 26.6 56.0 14 -1 1 100 100
1 1 0 26.6 55.5 14 -1 1 100 100
1 1 0 26.7 56.0 14 -1 1 100 100
1 1 0 26.6 55.5 14 -1 1 100 100
1 1 0 26.6 55.0 14 -1 1 100 100
1 1 0 26.6 55.0 14 -1 1 100 100
1 1 0 26.7 55.0 14 -1 1 100 100
1 1 0 26.7 54.5 14 -1 1 100 100
1 1 0 26.7 54.5 14 -1 1 100 100
1 1 0 26.7 54.5 14 -1 1 100 100
1 1 0 26.7 55.5 14 -1 1 100 100
1 1 0 26.8 56.0 14 -1 1 100 100
1 1 0 26.8 56.0 14 -1 1 100 100
1 1 0 26.8 55.5 14 -1 1 100 100
1 1 0 26.8 55.0 14 -1 1 100 100
1 1 0 26.8 55.0 14 -1 1 100 100
1 1 0 26.8 55.0 14 -1 1 100 100
1 1 0 26.8 55.0 14 -1 1 100 100
1 1 0 26.8 55.0 14 -1 1 100 100
1 1 0 26.8 55.0 14 -1 1 100 100
1 1 1 26.9 55.0 14 -1 1 100 100
1 1 0 26.9 55.0 14 -1 1 100 100
1 1 0 26.9 55.0 14 -1 1 100 100
1 1 0 26.9 54.5 14 -1 1 100 100
1 1 0 26.8 54.5 14 -1 1 100 100
1 1 0 26.9 54.5 14 -1 1 100 100
1 1 0 26.9 54.5 14 -1 1 100 100
1 1 0 26.9 54.5 14 -1 1 100 100
1 1 8 26.9 54.5 14 -1 1 100 100
1 1 0 26.9 54.5 14 -1 1 100 100
1 1 7 26.9 54.5 14 -1 1 100 100
1 1 0 27.0 54.0 14 -1 1 100 100
1 1 0 26.9 54.0 14 -1 1 100 100
1 1 0 26.9 54.0 14 -1 1 100 100
1 1 0 26.9 54.0 14 -1 1 100 100
1 1 5 26.9 53.5 14 -1 1 100 100
1 1 2 26.9 53.5 14 -1 1 100 100
1 1 0 26.9 53.5 14 -1 1 100 100
1 1 2 26.9 53.5 14 -1 1 100 100
1 1 0 26.9 53.5 14 -1 1 100 100
1 1 1 26.9 53.0 14 -1 1 100 100
1 1 1 27.0 53.0 14 -1 1 100 100
1 1 3 26.9 53.0 14 -1 1 100 100
1 1 3 26.9 53.0 14 -1 1 100 100
1 1 4 26.9 53.0 14 -1 1 100 100
1 1 4 27.0 53.0 14 -1 1 100 100
1 1 5 26.9 52.5 14 -1 1 100 100
1 1 0 26.9 52.5 14 -1 1 100 100
1 1 0 27.0 52.5 14 -1 1 100 100
1 1 0 27.0 52.5 14 -1 1 100 100
1 1 0 27.0 52.0 14 -1 1 100 100
1 1 6 27.0 52.0 12 -1 1 17 15
0 1 7 27.0 52.0 8 -1 0 17 15
0 1 0 26.9 52.0 2 -1 0 17 15
0 1 0 27.0 52.0 2 -1 0 17 15
0 1 0 27.0 52.0 2 -1 0 17 15
0 1 0 27.0 52.5 2 -1 0 17 15
0 1 0 27.0 52.0 2 -1 0 17 15
0 1 0 27.0 52.5 2 -1 0 17 15
0 1 0 27.0 52.5 2 -1 0 17 15
0 1 0 27.1 52.0 2 -1 0 17 15
0 1 0 27.1 52.0 2 -1 0 17 15
0 1 0 27.2 52.0 2 -1 0 17 15
0 1 0 27.2 52.0 2 -1 0 17 15
0 1 0 27.2 52.0 2 -1 0 17 15
0 1 0 27.2 52.0 2 -1 0 17 15
0 1 0 27.2 52.0 2 -1 0 17 15
0 1 0 27.2 52.0 2 -1 0 17 15
0 1 0 27.2 52.0 2 -1 0 17 15
0 1 0 27.3 52.0 2 -1 0 17 15
0 1 0 27.2 52.0 2 -1 0 17 15
0 1 0 27.2 52.0 2 -1 0 17 15
0 1 0 27.3 52.0 2 -1 0 17 15
0 1 0 27.2 52.0 2 -1 0 17 15
0 1 0 27.2 52.0 2 -1 0 17 15
0 1 0 27.3 52.0 2 -1 0 17 15
0 1 0 27.3 52.0 2 -1 0 17 15
0 1 0 27.4 52.0 2 -1 0 17 15
0 1 0 27.3 52.0 2 -1 0 17 15
0 1 0 27.3 52.0 2 -1 0 17 15
0 1 0 27.4 52.0 2 -1 0 17 15
0 1 0 27.3 52.0 2 -1 0 17 15
0 1 0 27.4 52.0 2 -1 0 17 15
0 1 0 27.3 52.0 2 -1 0 17 15
0 1 0 27.4 52.0 2 -1 0 17 15
0 1 0 27.4 52.0 2 -1 0 17 15
0 1 0 27.4 52.0 2 -1 0 17 15
0 1 0 27.4 52.0 2 -1 0 17 15
0 1 0 27.4 52.0 2 -1 0 17 15
0 1 0 27.4 52.0 2 -1 0 17 15
0 1 0 27.4 52.0 2 -1 0 17 15
0 1 0 27.3 52.0 2 -1 0 17 15
0 1 0 27.4 52.0 2 -1 0 17 15
0 1 0 27.4 52.0 2 -1 0 17 15
0 1 0 27.4 52.0 2 -1 0 17 15
0 1 0 27.4 52.0 2 -1 0 17 15
0 1 0 27.5 52.0 2 -1 0 17 15
0 1 0 27.5 52.0 2 -1 0 17 15
0 1 0 27.5 52.0 2 -1 0 17 15
0 1 0 27.5 52.0 2 -1 0 17 15
0 1 0 27.5 52.0 2 -1 0 17 15
0 1 0 27.5 52.0 2 -1 0 17 15
0 1 0 27.5 52.0 2 -1 0 17 15
0 1 0 27.6 52.0 2 -1 0 17 15
0 1 0 27.6 52.0 2 -1 0 17 15
0 1 0 27.5 52.0 2 -1 0 17 15
0 1 0 27.6 52.0 2 -1 0 17 15
0 1 0 27.6 52.0 2 -1 0 17 15
0 1 0 27.6 52.0 2 -1 0 17 15
0 1 0 27.6 52.0 2 -1 0 17 15
0 1 0 27.6 52.0 2 -1 0 17 15
0 1 0 27.7 51.5 2 -1 0 17 15
0 1 0 27.6 51.5 2 -1 0 17 15
0 1 0 27.6 52.0 2 -1 0 17 15
0 1 0 27.7 51.5 2 -1 0 17 15
0 1 0 27.6 51.5 2 -1 0 17 15
0 1 0 27.6 51.5 2 -1 0 17 15
0 1 0 27.7 51.5 2 -1 0 17 15
0 1 0 27.8 51.5 2 -1 0 17 15
0 1 0 27.7 51.5 0 -1 0 17 15
0 1 0 27.7 52.0 0 -1 0 17 15
0 1 0 27.7 52.0 0 -1 0 17 15
0 1 0 27.7 52.0 0 -1 0 17 15
0 1 0 27.8 52.0 0 -1 0 17 15
0 1 0 27.8 52.0 0 -1 0 17 15
0 1 0 27.8 52.0 0 -1 0 17 15
0 1 0 27.9 52.0 0 -1 0 17 15
0 1 0 27.9 52.0 0 -1 0 17 15
0 1 0 27.8 52.0 0 -1 0 17 15
0 1 0 27.9 52.0 0 -1 0 17 15
0 1 0 27.9 51.5 0 -1 0 17 15
0 1 0 27.9 51.5 0 -1 0 17 15
0 1 0 27.9 51.5 0 -1 0 17 15
0 1 0 27.9 52.0 0 -1 0 17 15
0 1 0 27.9 52.0 0 -1 0 17 15
0 1 0 28.0 52.0 0 -1 0 17 15
0 1 0 27.9 52.0 0 -1 0 17 15
0 1 0 28.0 52.0 0 -1 0 17 15
0 1 0 28.0 52.0 0 -1 0 17 15
0 1 0 28.0 52.0 0 -1 0 17 15
0 1 0 27.9 52.0 0 -1 0 17 15
0 1 0 28.0 52.0 0 -1 0 17 15
0 1 0 28.0 51.5 0 -1 0 17 15
0 1 0 28.1 51.5 0 -1 0 17 15
0 1 0 28.1 51.5 0 -1 0 17 15
0 1 0 28.1 51.5 0 -1 0 17 15
0 1 0 28.1 51.5 0 -1 0 17 15
0 1 0 28.1 52.0 0 -1 0 17 15
0 1 0 28.1 51.5 0 -1 0 17 15
0 1 0 28.1 51.5 0 -1 0 17 15
0 1 0 28.2 51.5 0 -1 0 17 15
0 1 0 28.1 51.5 0 -1 0 17 15
0 1 0 28.2 51.5 0 -1 0 17 15
0 1 0 28.2 51.5 0 -1 0 17 15
0 1 0 28.2 51.5 0 -1 0 17 15
0 1 0 28.2 51.5 0 -1 0 17 15
0 1 0 28.3 51.5 0 -1 0 17 15
0 1 0 28.3 51.5 0 -1 0 17 15
0 1 0 28.3 51.5 0 -1 0 17 15
0 1 0 28.3 51.5 0 -1 0 17 15
0 1 0 28.2 51.5 0 -1 0 17 15
0 1 0 28.4 51.5 0 -1 0 17 15
0 1 0 28.4 51.5 0 -1 0 17 15
0 1 0 28.3 51.5 0 -1 0 17 15
0 1 0 28.3 51.5 0 -1 0 17 15
0 1 0 28.4 52.0 0 -1 0 17 15
0 1 0 28.4 52.0 0 -1 0 17 15
0 1 0 28.3 52.0 0 -1 0 17 15
0 1 0 28.4 52.0 0 -1 0 17 15
0 1 0 28.4 52.0 0 -1 0 17 15
0 1 0 28.4 52.0 0 -1 0 17 15
0 1 0 28.4 52.0 0 -1 0 17 15
0 1 0 28.4 52.0 0 -1 0 17 15
0 1 0 28.4 52.0 0 -1 0 17 15
0 1 0 28.5 52.0 0 -1 0 17 15
0 1 0 28.5 52.0 0 -1 0 17 15
0 1 0 28.5 52.0 0 -1 0 17 15
0 1 0 28.5 52.0 0 -1 0 17 15
0 1 0 28.5 52.0 0 -1 0 17 15
0 1 0 28.5 52.0 0 -1 0 17 15
0 1 0 28.5 52.0 0 -1 0 17 15
0 1 0 28.5 52.0 0 -1 0 17 15
0 1 0 28.5 52.5 0 -1 0 17 15
0 1 0 28.6 52.5 0 -1 0 17 15
0 1 0 28.5 52.5 0 -1 0 17 15
0 1 0 28.5 52.0 0 -1 0 17 15
0 1 0 28.6 52.5 0 -1 0 17 15
0 1 0 28.6 52.0 0 -1 0 17 15
0 1 0 28.6 52.0 0 -1 0 17 15
0 1 0 28.6 52.0 0 -1 0 17 15
0 1 0 28.6 52.5 0 -1 0 17 15
0 1 0 28.6 52.0 0 -1 0 17 15
0 1 0 28.6 52.0 0 -1 0 17 15
0 1 0 28.6 52.0 0 -1 0 17 15
0 1 0 28.7 52.0 0 -1 0 17 15
0 1 0 28.7 52.0 0 -1 0 17 15
0 1 0 28.7 52.0 0 -1 0 17 15
0 1 0 28.7 52.0 0 -1 0 17 15
0 1 0 28.6 52.0 0 -1 0 17 15
0 1 0 28.7 52.5 0 -1 0 17 15
0 1 0 28.7 52.5 0 -1 0 17 15
