0 1 0 28.0 55.0 0 -1 0 -1 -1
0 1 0 28.0 55.0 0 -1 0 -1 -1
0 1 0 28.0 55.0 0 -1 0 -1 -1
0 1 0 28.0 55.0 0 -1 0 -1 -1
0 1 0 28.0 55.0 0 -1 0 -1 -1
0 1 0 28.0 55.0 0 -1 0 -1 -1
0 1 0 28.0 55.0 0 -1 0 -1 -1
0 1 0 28.0 55.0 0 -1 0 -1 -1
0 1 0 28.0 55.0 0 -1 0 -1 -1
0 1 0 28.0 55.0 0 -1 0 -1 -1
0 1 0 28.1 55.0 0 -1 0 -1 -1
0 1 0 28.0 55.0 0 -1 0 -1 -1
0 1 0 28.0 55.0 0 -1 0 -1 -1
0 1 0 28.0 55.0 0 -1 0 -1 -1
0 1 0 28.0 55.0 0 -1 0 -1 -1
0 1 0 28.0 55.0 0 -1 0 -1 -1
0 1 0 28.0 55.0 0 -1 0 -1 -1
0 1 0 28.0 55.0 0 -1 0 -1 -1
0 1 0 28.1 55.0 0 -1 0 -1 -1
0 1 0 28.1 55.0 0 -1 0 -1 -1
0 1 0 28.0 55.0 0 -1 0 -1 -1
0 1 0 28.0 55.0 0 -1 0 -1 -1
0 1 0 28.0 55.0 0 -1 0 -1 -1
0 1 0 28.0 55.0 0 -1 0 -1 -1
0 1 0 28.0 55.0 0 -1 0 -1 -1
0 1 0 28.1 55.0 0 -1 0 -1 -1
0 1 0 28.1 55.0 0 -1 0 -1 -1
0 1 0 28.1 55.0 0 -1 0 -1 -1
0 1 0 28.1 55.0 0 -1 0 -1 -1
0 1 0 28.1 55.0 0 -1 0 -1 -1
0 1 0 28.1 55.0 0 -1 0 -1 -1
0 1 0 28.1 55.0 0 -1 0 -1 -1
0 1 0 28.0 55.0 0 -1 0 -1 -1
0 1 0 28.1 55.0 0 -1 0 -1 -1
0 1 0 28.1 55.0 0 -1 0 -1 -1
0 1 0 28.1 55.0 0 -1 0 -1 -1
0 1 0 28.1 55.0 0 -1 0 -1 -1
0 1 0 28.1 55.0 0 -1 0 -1 -1
0 1 0 28.1 55.0 0 -1 0 -1 -1
0 1 0 28.1 55.0 0 -1 0 -1 -1
0 1 0 28.1 55.0 0 -1 0 -1 -1
0 1 0 28.1 55.0 0 -1 0 -1 -1
0 1 0 28.1 55.0 0 -1 0 -1 -1
0 1 0 28.1 55.0 0 -1 0 -1 -1
0 1 0 28.1 55.0 0 -1 0 -1 -1
0 1 0 28.1 55.0 0 -1 0 -1 -1
0 1 0 28.2 55.0 0 -1 0 -1 -1
0 1 0 28.2 55.0 0 -1 0 -1 -1
0 1 0 28.1 55.0 0 -1 0 -1 -1
0 1 0 28.1 55.0 0 -1 0 -1 -1
0 1 0 28.1 55.0 0 -1 0 -1 -1
0 1 0 28.1 55.0 0 -1 0 -1 -1
0 1 0 28.2 55.0 0 -1 0 -1 -1
0 1 0 28.2 55.0 0 -1 0 -1 -1
0 1 0 28.2 55.0 0 -1 0 -1 -1
0 1 0 28.1 55.0 0 -1 0 -1 -1
0 1 0 28.1 55.0 0 -1 0 -1 -1
0 1 0 28.1 55.0 0 -1 0 -1 -1
0 1 0 28.1 55.0 0 -1 0 -1 -1
0 1 0 28.1 55.0 0 -1 0 -1 -1
0 1 0 28.1 55.0 0 -1 0 -1 -1
0 1 0 28.1 55.0 0 -1 0 -1 -1
0 1 0 28.1 55.0 0 -1 0 -1 -1
0 1 0 28.1 55.0 0 -1 0 -1 -1
0 1 0 28.2 55.0 0 -1 0 -1 -1
0 1 0 28.1 54.5 0 -1 0 -1 -1
0 1 0 28.1 55.0 0 -1 0 -1 -1
0 1 0 28.2 55.0 0 -1 0 -1 -1
0 1 0 28.1 54.5 0 -1 0 -1 -1
0 1 0 28.1 55.0 0 -1 0 -1 -1
0 1 0 28.1 55.0 0 -1 0 -1 -1
0 1 0 28.2 55.0 0 -1 0 -1 -1
0 1 0 28.2 55.0 0 -1 0 -1 -1
0 1 0 28.2 55.0 0 -1 0 -1 -1
0 1 0 28.1 55.0 0 -1 0 -1 -1
0 1 0 28.2 55.0 0 -1 0 -1 -1
0 1 0 28.2 55.0 0 -1 0 -1 -1
0 1 0 28.1 55.0 0 -1 0 -1 -1
0 1 0 28.1 55.0 0 -1 0 -1 -1
0 1 0 28.2 55.0 0 -1 0 -1 -1
0 1 0 28.2 55.0 0 -1 0 -1 -1
0 1 0 28.2 55.0 0 -1 0 -1 -1
0 1 0 28.2 55.0 0 -1 0 -1 -1
0 1 0 28.2 55.0 0 -1 0 -1 -1
0 1 0 28.1 55.0 0 -1 0 -1 -1
0 1 0 28.1 55.0 0 -1 0 -1 -1
0 1 0 28.1 55.0 0 -1 0 -1 -1
0 1 0 28.2 55.0 0 -1 0 -1 -1
0 1 0 28.2 55.0 0 -1 0 -1 -1
0 1 0 28.2 55.0 0 -1 0 -1 -1
0 1 0 28.2 55.0 0 -1 0 -1 -1
0 1 0 28.2 55.0 0 -1 0 -1 -1
0 1 0 28.2 54.5 0 -1 0 -1 -1
0 1 0 28.2 54.5 0 -1 0 -1 -1
0 1 0 28.2 54.5 0 -1 0 -1 -1
0 1 0 28.2 55.0 0 -1 0 -1 -1
0 1 0 28.2 54.5 0 -1 0 -1 -1
0 1 0 28.2 54.5 0 -1 0 -1 -1
0 1 0 28.2 54.5 0 -1 0 -1 -1
0 1 0 28.2 54.5 0 -1 0 -1 -1
0 1 0 28.2 55.0 0 -1 0 -1 -1
0 1 0 28.2 55.0 0 -1 0 -1 -1
0 1 0 28.2 55.0 0 -1 0 -1 -1
0 1 0 28.2 55.0 0 -1 0 -1 -1
0 1 0 28.2 55.0 0 -1 0 -1 -1
0 1 0 28.2 54.5 0 -1 0 -1 -1
0 1 0 28.2 55.0 0 -1 0 -1 -1
0 1 0 28.2 55.0 0 -1 0 -1 -1
0 1 0 28.2 54.5 0 -1 0 -1 -1
0 1 0 28.2 55.0 0 -1 0 -1 -1
0 1 0 28.2 55.0 0 -1 0 -1 -1
0 1 0 28.3 54.5 0 -1 0 -1 -1
0 1 0 28.2 55.0 0 -1 0 -1 -1
0 1 0 28.2 55.0 0 -1 0 -1 -1
0 1 0 28.2 54.5 0 -1 0 -1 -1
0 1 0 28.2 55.0 0 -1 0 -1 -1
0 1 0 28.2 54.5 0 -1 0 -1 -1
0 1 0 28.2 55.0 0 -1 0 -1 -1
0 1 0 28.2 54.5 0 -1 0 -1 -1
0 1 0 28.3 55.0 0 -1 0 -1 -1
0 1 0 28.3 55.0 0 -1 0 -1 -1
0 1 0 28.3 55.0 0 -1 0 -1 -1
0 1 0 28.3 55.0 0 -1 0 -1 -1
0 1 0 28.2 55.0 0 -1 0 -1 -1
0 1 0 28.3 55.0 0 -1 0 -1 -1
0 1 0 28.2 55.0 0 -1 0 -1 -1
0 1 0 28.3 55.0 0 -1 0 -1 -1
0 1 0 28.3 55.0 0 -1 0 -1 -1
0 1 0 28.2 55.0 0 -1 0 -1 -1
0 1 0 28.3 55.0 0 -1 0 -1 -1
0 1 0 28.3 55.0 0 -1 0 -1 -1
0 1 0 28.2 55.0 0 -1 0 -1 -1
0 1 0 28.3 55.0 0 -1 0 -1 -1
0 1 0 28.3 55.0 0 -1 0 -1 -1
0 1 0 28.3 55.0 0 -1 0 -1 -1
0 1 0 28.3 55.0 0 -1 0 -1 -1
0 1 0 28.3 55.0 0 -1 0 -1 -1
0 1 0 28.2 55.0 0 -1 0 -1 -1
0 1 0 28.2 55.0 0 -1 0 -1 -1
0 1 0 28.3 55.0 0 -1 0 -1 -1
0 1 0 28.3 55.0 0 -1 0 -1 -1
0 1 0 28.3 55.0 0 -1 0 -1 -1
0 1 0 28.2 55.0 0 -1 0 -1 -1
0 1 0 28.3 55.0 0 -1 0 -1 -1
0 1 0 28.3 55.0 0 -1 0 -1 -1
0 1 0 28.2 55.0 0 -1 0 -1 -1
0 1 0 28.3 55.0 0 -1 0 -1 -1
0 1 0 28.3 55.0 0 -1 0 -1 -1
0 1 0 28.2 55.0 0 -1 0 -1 -1
0 1 0 28.2 55.0 0 -1 0 -1 -1
0 1 0 28.3 55.0 0 -1 0 -1 -1
0 1 0 28.3 55.0 0 -1 0 -1 -1
0 1 0 28.3 55.0 0 -1 0 -1 -1
0 1 0 28.3 55.0 0 -1 0 -1 -1
0 1 0 28.2 55.0 0 -1 0 -1 -1
0 1 0 28.4 55.0 0 -1 0 -1 -1
0 1 0 28.2 55.0 0 -1 0 -1 -1
0 1 0 28.3 55.0 0 -1 0 -1 -1
0 1 0 28.2 55.0 0 -1 0 -1 -1
0 1 0 28.3 55.0 0 -1 0 -1 -1
0 1 0 28.3 55.0 0 -1 0 -1 -1
0 1 0 28.3 55.0 0 -1 0 -1 -1
0 1 0 28.3 55.0 0 -1 0 -1 -1
0 1 0 28.3 55.0 0 -1 0 -1 -1
0 1 0 28.2 55.0 0 -1 0 -1 -1
0 1 0 28.3 55.0 0 -1 0 -1 -1
0 1 0 28.3 55.0 0 -1 0 -1 -1
0 1 0 28.3 55.0 0 -1 0 -1 -1
0 1 0 28.2 55.0 0 -1 0 -1 -1
0 1 0 28.3 55.0 0 -1 0 -1 -1
0 1 0 28.3 55.0 0 -1 0 -1 -1
0 1 0 28.3 55.0 0 -1 0 -1 -1
0 1 0 28.3 55.0 0 -1 0 -1 -1
0 1 0 28.3 55.0 0 -1 0 -1 -1
0 1 0 28.3 55.0 0 -1 0 -1 -1
0 1 0 28.3 55.0 0 -1 0 -1 -1
0 1 0 28.3 55.0 0 -1 0 -1 -1
0 1 0 28.3 55.0 0 -1 0 -1 -1
0 1 0 28.3 55.0 0 -1 0 -1 -1
0 1 0 28.3 55.0 0 -1 0 -1 -1
0 1 0 28.3 55.0 0 -1 0 -1 -1
0 1 0 28.3 55.0 0 -1 0 -1 -1
0 1 0 28.3 55.5 0 -1 0 -1 -1
0 1 0 28.3 55.5 0 -1 0 -1 -1
0 1 0 28.4 55.5 0 -1 0 -1 -1
0 1 0 28.4 55.5 0 -1 0 -1 -1
0 1 0 28.3 55.5 0 -1 0 -1 -1
0 1 0 28.3 55.5 0 -1 0 -1 -1
0 1 0 28.3 55.5 0 -1 0 -1 -1
0 1 0 28.3 55.5 0 -1 0 -1 -1
0 1 0 28.4 55.5 0 -1 0 -1 -1
0 1 0 28.3 55.5 0 -1 0 -1 -1
0 1 0 28.3 55.5 0 -1 0 -1 -1
0 1 0 28.3 55.5 0 -1 0 -1 -1
0 1 0 28.2 55.5 0 -1 0 -1 -1
0 1 0 28.4 55.5 0 -1 0 -1 -1
0 1 0 28.3 55.5 0 -1 0 -1 -1
0 1 0 28.3 55.5 0 -1 0 -1 -1
0 1 0 28.3 55.5 0 -1 0 -1 -1
0 1 0 28.3 55.5 0 -1 0 -1 -1
0 1 0 28.3 55.5 0 -1 0 -1 -1
0 1 0 28.3 55.5 0 -1 0 -1 -1
0 1 0 28.3 55.5 0 -1 0 -1 -1
0 1 0 28.4 55.5 0 -1 0 -1 -1
0 1 0 28.3 55.5 0 -1 0 -1 -1
0 1 0 28.3 55.5 0 -1 0 -1 -1
0 1 0 28.4 55.5 0 -1 0 -1 -1
0 1 0 28.3 55.5 0 -1 0 -1 -1
0 1 0 28.4 55.5 0 -1 0 -1 -1
0 1 0 28.3 55.5 0 -1 0 -1 -1
0 1 0 28.3 55.5 0 -1 0 -1 -1
0 1 0 28.4 55.5 0 -1 0 -1 -1
0 1 0 28.3 55.5 0 -1 0 -1 -1
0 1 0 28.4 55.5 0 -1 0 -1 -1
0 1 0 28.3 55.5 0 -1 0 -1 -1
0 1 0 28.3 55.5 0 -1 0 -1 -1
0 1 0 28.4 55.5 0 -1 0 -1 -1
0 1 0 28.3 55.5 0 -1 0 -1 -1
0 1 0 28.3 55.5 0 -1 0 -1 -1
0 1 0 28.3 55.5 0 -1 0 -1 -1
0 1 0 28.3 55.5 0 -1 0 -1 -1
0 1 0 28.3 55.5 0 -1 0 -1 -1
0 1 0 28.3 55.5 0 -1 0 -1 -1
0 1 0 28.3 55.5 0 -1 0 -1 -1
0 1 0 28.3 55.5 0 -1 0 -1 -1
0 1 0 28.3 55.5 0 -1 0 -1 -1
0 1 0 28.3 55.5 0 -1 0 -1 -1
0 1 0 28.3 55.5 0 -1 0 -1 -1
0 1 0 28.3 55.5 0 -1 0 -1 -1
0 1 0 28.3 55.5 0 -1 0 -1 -1
0 1 0 28.4 55.5 0 -1 0 -1 -1
0 1 0 28.3 55.5 0 -1 0 -1 -1
0 1 0 28.3 55.5 0 -1 0 -1 -1
0 1 0 28.3 55.5 0 -1 0 -1 -1
0 1 0 28.2 55.5 0 -1 0 -1 -1
0 1 0 28.3 55.5 0 -1 0 -1 -1
0 1 0 28.3 55.5 0 -1 0 -1 -1
0 1 0 28.3 55.5 0 -1 0 -1 -1
0 1 0 28.3 55.5 0 -1 0 -1 -1
0 1 0 28.3 55.5 0 -1 0 -1 -1
0 1 0 28.3 55.5 0 -1 0 -1 -1
0 1 0 28.3 55.5 0 -1 0 -1 -1
0 1 0 28.3 55.5 0 -1 0 -1 -1
0 1 0 28.3 55.5 0 -1 0 -1 -1
0 1 0 28.3 55.5 0 -1 0 -1 -1
0 1 0 28.3 55.5 0 -1 0 -1 -1
0 1 0 28.3 55.5 0 -1 0 -1 -1
0 1 0 28.2 55.5 0 -1 0 -1 -1
0 1 0 28.3 55.5 0 -1 0 -1 -1
0 1 0 28.3 55.0 0 -1 0 -1 -1
0 1 0 28.3 55.5 0 -1 0 -1 -1
0 1 0 28.3 55.0 0 -1 0 -1 -1
0 1 0 28.3 55.0 0 -1 0 -1 -1
0 1 0 28.3 55.0 0 -1 0 -1 -1
0 1 0 28.3 55.0 0 -1 0 -1 -1
0 1 0 28.3 55.0 0 -1 0 -1 -1
0 1 0 28.4 55.5 0 -1 0 -1 -1
0 1 0 28.3 55.0 0 -1 0 -1 -1
0 1 0 28.3 55.0 0 -1 0 -1 -1
0 1 0 28.3 55.5 0 -1 0 -1 -1
0 1 0 28.3 55.5 0 -1 0 -1 -1
0 1 0 28.3 55.5 0 -1 0 -1 -1
0 1 0 28.3 55.5 0 -1 0 -1 -1
0 1 0 28.3 55.5 0 -1 0 -1 -1
0 1 0 28.3 55.5 0 -1 0 -1 -1
0 1 0 28.3 55.5 0 -1 0 -1 -1
0 1 0 28.3 55.5 0 -1 0 -1 -1
0 1 0 28.3 55.5 0 -1 0 -1 -1
0 1 0 28.3 55.5 0 -1 0 -1 -1
0 1 0 28.3 55.5 0 -1 0 -1 -1
0 1 0 28.3 55.5 0 -1 0 -1 -1
0 1 0 28.3 55.5 0 -1 0 -1 -1
0 1 0 28.3 55.5 0 -1 0 -1 -1
0 1 0 28.3 55.5 0 -1 0 -1 -1
0 1 0 28.2 55.5 0 -1 0 -1 -1
0 1 0 28.3 55.5 0 -1 0 -1 -1
0 1 0 28.3 55.5 0 -1 0 -1 -1
0 1 0 28.3 55.5 0 -1 0 -1 -1
0 1 0 28.3 55.5 0 -1 0 -1 -1
0 1 0 28.3 55.5 0 -1 0 -1 -1
0 1 0 28.3 55.5 0 -1 0 -1 -1
0 1 0 28.3 55.5 0 -1 0 -1 -1
0 1 0 28.3 55.5 0 -1 0 -1 -1
0 1 0 28.3 55.5 0 -1 0 -1 -1
0 1 0 28.3 55.0 0 -1 0 -1 -1
0 1 0 28.3 55.0 0 -1 0 -1 -1
0 1 0 28.3 55.5 0 -1 0 -1 -1
0 1 0 28.2 55.0 0 -1 0 -1 -1
0 1 0 28.3 55.0 0 -1 0 -1 -1
0 1 0 28.3 55.0 0 -1 0 -1 -1
0 1 0 28.3 55.0 0 -1 0 -1 -1
0 1 0 28.3 55.0 0 -1 0 -1 -1
0 1 0 28.2 55.0 0 -1 0 -1 -1
0 1 0 28.3 55.5 0 -1 0 -1 -1
0 1 0 28.2 55.5 2 -1 0 -1 -1
0 1 0 28.3 55.5 2 -1 0 -1 -1
0 1 0 28.2 55.5 2 -1 0 -1 -1
0 1 0 28.3 55.5 2 -1 0 -1 -1
0 1 0 28.3 55.5 2 -1 0 -1 -1
0 1 0 28.2 55.5 2 -1 0 -1 -1
0 1 0 28.2 55.5 2 -1 0 -1 -1
0 1 0 28.2 55.0 1 -1 0 -1 -1
0 1 0 28.2 55.5 1 -1 0 -1 -1
0 1 0 28.3 55.5 1 -1 0 -1 -1
0 1 0 28.3 55.0 1 -1 0 -1 -1
0 1 0 28.2 55.0 1 -1 0 -1 -1
0 1 0 28.3 55.0 1 -1 0 -1 -1
0 1 0 28.3 55.0 1 -1 0 -1 -1
0 1 0 28.2 55.0 1 -1 0 -1 -1
0 1 0 28.3 55.0 1 -1 0 -1 -1
0 1 0 28.2 55.0 1 -1 0 -1 -1
0 1 0 28.2 55.0 1 -1 0 -1 -1
0 1 0 28.2 55.0 1 -1 0 -1 -1
0 1 0 28.2 55.0 1 -1 0 -1 -1
0 1 0 28.3 55.0 1 -1 0 -1 -1
0 1 0 28.2 55.0 1 -1 0 -1 -1
0 1 0 28.3 55.0 0 -1 0 -1 -1
0 1 0 28.3 55.0 0 -1 0 -1 -1
0 1 0 28.3 55.0 0 -1 0 -1 -1
0 1 0 28.2 55.0 0 -1 0 -1 -1
0 1 0 28.2 55.0 0 -1 0 -1 -1
0 1 0 28.2 55.0 0 -1 0 -1 -1
0 1 0 28.2 55.5 2 -1 0 -1 -1
0 1 0 28.2 55.0 2 -1 0 -1 -1
0 1 0 28.2 55.0 2 -1 0 -1 -1
0 1 0 28.2 55.0 2 -1 0 -1 -1
0 1 0 28.2 55.0 2 -1 0 -1 -1
0 1 0 28.2 55.0 1 -1 0 -1 -1
0 1 0 28.2 55.0 1 -1 0 -1 -1
0 1 0 28.2 55.0 1 -1 0 -1 -1
0 1 0 28.2 55.5 2 -1 0 -1 -1
0 1 0 28.3 55.0 2 -1 0 -1 -1
0 1 0 28.3 55.5 4 -1 0 -1 -1
0 1 0 28.3 55.5 2 -1 0 -1 -1
0 1 0 28.3 55.5 2 -1 0 -1 -1
0 1 0 28.3 55.5 4 -1 0 -1 -1
0 1 0 28.2 55.5 4 -1 0 -1 -1
0 1 0 28.2 55.5 3 -1 0 -1 -1
0 1 0 28.2 55.5 5 -1 0 -1 -1
0 1 0 28.3 55.5 5 -1 0 -1 -1
0 1 0 28.3 55.5 7 -1 0 -1 -1
0 1 0 28.3 55.5 7 -1 0 -1 -1
0 1 0 28.3 55.5 7 -1 0 -1 -1
0 1 0 28.2 55.5 9 -1 0 -1 -1
0 1 0 28.3 55.5 9 -1 0 -1 -1
0 1 0 28.3 56.0 5 -1 0 -1 -1
0 1 0 28.3 56.0 7 -1 0 -1 -1
0 1 0 28.3 56.0 7 -1 0 -1 -1
0 1 0 28.3 56.0 7 -1 0 -1 -1
0 1 0 28.3 56.0 9 -1 0 -1 -1
0 1 0 28.3 56.0 11 -1 0 -1 -1
0 1 0 28.3 56.0 7 -1 0 -1 -1
0 1 0 28.3 56.0 9 -1 0 -1 -1
0 1 0 28.3 56.5 11 -1 0 -1 -1
0 1 0 28.3 56.5 11 -1 0 -1 -1
0 1 0 28.3 56.5 11 -1 0 -1 -1
0 1 0 28.4 56.5 11 -1 0 -1 -1
0 1 0 28.3 56.5 11 -1 0 -1 -1
0 1 0 28.4 56.5 13 -1 0 -1 -1
0 1 0 28.4 56.5 13 -1 0 -1 -1
0 1 0 28.3 57.0 10 -1 0 -1 -1
0 1 0 28.4 57.0 12 -1 0 -1 -1
0 1 0 28.3 57.0 12 -1 0 -1 -1
0 1 0 28.4 57.0 14 -1 0 -1 -1
0 1 0 28.5 57.0 14 -1 0 -1 -1
0 1 0 28.5 57.5 16 -1 0 -1 -1
0 1 0 28.4 57.5 16 -1 0 -1 -1
0 1 0 28.4 57.5 12 -1 0 -1 -1
0 1 0 28.4 57.0 14 -1 0 -1 -1
0 1 0 28.4 57.5 14 -1 0 -1 -1
0 1 0 28.4 57.5 14 -1 0 -1 -1
0 1 0 28.4 57.5 16 -1 0 -1 -1
0 1 0 28.4 57.5 16 -1 0 -1 -1
0 1 0 28.5 57.5 18 -1 0 -1 -1
0 1 0 28.4 57.5 16 -1 0 -1 -1
0 1 0 28.4 57.5 16 -1 0 -1 -1
0 1 0 28.5 57.5 18 -1 0 -1 -1
0 1 0 28.5 57.5 18 -1 0 -1 -1
0 1 0 28.4 58.0 20 -1 0 -1 -1
0 1 0 28.5 58.0 20 -1 0 -1 -1
0 1 0 28.5 58.0 20 -1 0 -1 -1
0 1 0 28.4 58.5 19 -1 0 -1 -1
0 1 0 28.5 58.5 19 -1 0 -1 -1
0 1 0 28.5 58.5 21 -1 0 -1 -1
0 1 0 28.5 58.5 23 -1 0 -1 -1
0 1 0 28.5 58.0 23 -1 0 -1 -1
0 1 0 28.5 58.5 21 -1 0 -1 -1
0 1 0 28.6 58.5 21 -1 0 -1 -1
0 1 0 28.6 58.5 23 -1 0 -1 -1
0 1 0 28.6 58.5 23 -1 0 -1 -1
0 1 0 28.6 58.5 25 -1 0 -1 -1
0 1 0 28.5 58.5 27 -1 0 -1 -1
0 1 0 28.6 58.5 23 -1 0 -1 -1
0 1 0 28.6 58.5 25 -1 0 -1 -1
0 1 0 28.6 58.5 27 -1 0 -1 -1
0 1 0 28.6 58.5 27 -1 0 -1 -1
0 1 0 28.7 58.5 27 -1 0 -1 -1
0 1 0 28.6 58.5 26 -1 0 -1 -1
0 1 0 28.7 58.5 28 -1 0 -1 -1
0 1 0 28.7 58.5 30 -1 0 -1 -1
0 1 0 28.7 58.5 32 -1 0 -1 -1
0 1 0 28.7 59.0 32 -1 0 -1 -1
0 1 0 28.7 59.0 28 -1 0 -1 -1
0 1 0 28.6 59.0 32 -1 0 -1 -1
0 1 0 28.7 59.0 28 -1 0 -1 -1
0 1 0 28.7 59.0 29 -1 0 -1 -1
0 1 0 28.7 59.0 29 -1 0 -1 -1
0 1 0 28.7 59.0 28 -1 0 -1 -1
0 1 0 28.7 59.0 30 -1 0 -1 -1
0 1 0 28.7 59.0 32 -1 0 -1 -1
0 1 0 28.7 59.0 30 -1 0 -1 -1
0 1 0 28.8 59.0 34 -1 0 -1 -1
0 1 0 28.8 59.0 34 -1 0 -1 -1
0 1 0 28.7 59.0 34 -1 0 -1 -1
0 1 0 28.7 59.0 34 -1 0 -1 -1
0 1 0 28.8 59.5 32 -1 0 -1 -1
0 1 0 28.8 59.5 34 -1 0 -1 -1
0 1 0 28.8 59.5 36 -1 0 -1 -1
0 1 0 28.8 59.5 35 -1 0 -1 -1
0 1 0 28.8 59.5 37 -1 0 -1 -1
0 1 0 28.8 59.5 37 -1 0 -1 -1
0 1 0 28.8 59.5 39 -1 0 -1 -1
0 1 0 28.9 59.5 37 -1 0 -1 -1
0 1 0 28.7 59.5 39 -1 0 -1 -1
0 1 0 28.9 59.5 39 -1 0 -1 -1
0 1 0 28.9 59.5 41 -1 0 -1 -1
0 1 0 28.9 59.5 41 -1 0 -1 -1
0 1 0 28.8 59.5 41 -1 0 -1 -1
0 1 0 28.9 59.5 43 -1 0 -1 -1
0 1 0 28.8 59.5 41 -1 0 -1 -1
0 1 0 28.9 59.5 41 -1 0 -1 -1
0 1 0 28.9 59.5 41 -1 0 -1 -1
0 1 0 28.9 59.5 43 -1 0 -1 -1
0 1 0 28.9 59.5 43 -1 0 -1 -1
0 1 0 28.9 59.5 45 -1 0 -1 -1
0 1 0 29.0 59.5 42 -1 0 -1 -1
0 1 0 29.0 59.5 44 -1 0 -1 -1
0 1 0 28.9 59.5 46 -1 0 -1 -1
0 1 0 29.0 59.5 46 -1 0 -1 -1
0 1 0 28.9 60.0 46 -1 0 -1 -1
0 1 0 29.0 60.0 44 -1 0 -1 -1
0 1 0 29.0 60.0 44 -1 0 -1 -1
0 1 0 29.0 60.0 48 -1 0 -1 -1
0 1 0 29.0 60.0 50 -1 0 -1 -1
0 1 0 29.0 60.0 48 -1 0 -1 -1
0 1 0 29.1 60.0 48 -1 0 -1 -1
0 1 0 29.0 60.5 48 -1 0 -1 -1
0 1 0 29.0 60.5 46 -1 0 -1 -1
0 1 0 29.1 60.5 46 -1 0 -1 -1
0 1 0 29.1 60.5 48 -1 0 -1 -1
0 1 0 29.1 60.5 48 -1 0 -1 -1
0 1 0 29.1 61.0 48 -1 0 -1 -1
0 1 0 29.2 61.0 48 -1 0 -1 -1
0 1 0 29.0 61.0 48 -1 0 -1 -1
0 1 0 29.1 61.0 48 -1 0 -1 -1
0 1 0 29.1 61.0 44 -1 0 -1 -1
0 1 0 29.2 61.0 46 -1 0 -1 -1
0 1 0 29.1 61.0 46 -1 0 -1 -1
0 1 0 29.1 61.0 46 -1 0 -1 -1
0 1 0 29.2 61.5 48 -1 0 -1 -1
0 1 0 29.2 61.0 46 -1 0 -1 -1
0 1 0 29.2 61.5 46 -1 0 -1 -1
0 1 0 29.2 61.5 48 -1 0 -1 -1
0 1 0 29.3 61.5 44 -1 0 -1 -1
0 1 0 29.2 61.5 44 -1 0 -1 -1
0 1 0 29.2 61.5 46 -1 0 -1 -1
0 1 0 29.2 61.5 45 -1 0 -1 -1
0 1 0 29.2 61.5 45 -1 0 -1 -1
0 1 0 29.3 61.5 44 -1 0 -1 -1
0 1 0 29.2 62.0 44 -1 0 -1 -1
0 1 0 29.3 61.5 43 -1 0 -1 -1
0 1 0 29.2 61.5 45 -1 0 -1 -1
0 1 0 29.3 62.0 41 -1 0 -1 -1
0 1 0 29.3 62.0 39 -1 0 -1 -1
0 1 0 29.3 62.0 41 -1 0 -1 -1
0 1 0 29.3 62.0 41 -1 0 -1 -1
0 1 0 29.3 62.0 39 -1 0 -1 -1
0 1 0 29.3 62.0 36 -1 0 -1 -1
0 1 0 29.3 62.0 38 -1 0 -1 -1
0 1 0 29.3 62.0 32 -1 0 -1 -1
0 1 0 29.3 62.0 34 -1 0 -1 -1
0 1 0 29.3 62.0 30 -1 0 -1 -1
0 1 0 29.3 62.0 34 -1 0 -1 -1
0 1 0 29.3 61.5 34 -1 0 -1 -1
0 1 0 29.3 61.5 34 -1 0 -1 -1
0 1 0 29.3 61.5 36 -1 0 -1 -1
0 1 0 29.3 61.5 34 -1 0 -1 -1
0 1 0 29.3 61.5 34 -1 0 -1 -1
0 1 0 29.3 61.5 32 -1 0 -1 -1
0 1 0 29.4 61.5 32 -1 0 -1 -1
0 1 0 29.3 61.5 36 -1 0 -1 -1
0 1 0 29.3 61.5 32 -1 0 -1 -1
0 1 0 29.3 61.5 32 -1 0 -1 -1
0 1 0 29.3 61.5 32 -1 0 -1 -1
0 1 0 29.3 61.5 32 -1 0 -1 -1
0 1 0 29.3 62.0 34 -1 0 -1 -1
0 1 0 29.4 62.0 34 -1 0 -1 -1
0 1 0 29.3 62.0 36 -1 0 -1 -1
0 1 0 29.4 62.0 36 -1 0 -1 -1
0 1 0 29.4 62.0 34 -1 0 -1 -1
0 1 0 29.4 62.0 34 -1 0 -1 -1
0 1 0 29.4 62.0 32 -1 0 -1 -1
0 1 0 29.5 62.0 32 -1 0 -1 -1
0 1 0 29.5 62.0 32 -1 0 -1 -1
0 1 0 29.5 62.0 34 -1 0 -1 -1
0 1 0 29.4 62.0 34 -1 0 -1 -1
0 1 0 29.4 62.0 34 -1 0 -1 -1
0 1 0 29.4 62.0 34 -1 0 -1 -1
0 1 0 29.4 62.0 34 -1 0 -1 -1
0 1 0 29.4 62.0 34 -1 0 -1 -1
0 1 0 29.5 62.0 34 -1 0 -1 -1
0 1 0 29.5 62.0 36 -1 0 -1 -1
0 1 0 29.5 62.0 36 -1 0 -1 -1
0 1 0 29.5 62.0 38 -1 0 -1 -1
0 1 0 29.5 62.5 34 -1 0 -1 -1
0 1 0 29.4 62.0 34 -1 0 -1 -1
0 1 0 29.5 62.5 34 -1 0 -1 -1
0 1 0 29.5 62.5 36 -1 0 -1 -1
0 1 0 29.4 62.0 34 -1 0 -1 -1
0 1 0 29.5 62.0 34 -1 0 -1 -1
0 1 0 29.5 62.0 31 -1 0 -1 -1
0 1 0 29.5 62.0 32 -1 0 -1 -1
0 1 0 29.5 62.0 32 -1 0 -1 -1
0 1 0 29.5 62.0 38 -1 0 -1 -1
0 1 0 29.5 62.0 36 -1 0 -1 -1
0 1 0 29.6 62.5 34 -1 0 -1 -1
0 1 0 29.6 62.5 36 -1 0 -1 -1
0 1 0 29.6 62.5 36 -1 0 -1 -1
0 1 0 29.6 62.5 36 -1 0 -1 -1
0 1 0 29.6 62.5 36 -1 0 -1 -1
0 1 0 29.6 62.5 34 -1 0 -1 -1
0 1 0 29.6 62.5 34 -1 0 -1 -1
0 1 0 29.7 62.0 34 -1 0 -1 -1
0 1 0 29.6 62.0 34 -1 0 -1 -1
0 1 0 29.6 62.0 34 -1 0 -1 -1
0 1 0 29.6 62.0 34 -1 0 -1 -1
0 1 0 29.6 62.0 34 -1 0 -1 -1
0 1 0 29.6 62.0 34 -1 0 -1 -1
0 1 0 29.6 62.0 32 -1 0 -1 -1
0 1 0 29.5 61.5 34 -1 0 -1 -1
0 1 0 29.5 61.5 34 -1 0 -1 -1
0 1 0 29.5 61.5 32 -1 0 -1 -1
0 1 0 29.6 61.5 32 -1 0 -1 -1
0 1 0 29.6 61.5 32 -1 0 -1 -1
0 1 0 29.6 61.5 32 -1 0 -1 -1
0 1 0 29.6 61.5 36 -1 0 -1 -1
0 1 0 29.5 61.5 36 -1 0 -1 -1
0 1 0 29.6 61.0 34 -1 0 -1 -1
0 1 0 29.6 61.0 34 -1 0 -1 -1
1 1 1 29.6 61.0 38 c26 0 -1 -1
1 1 18 29.6 60.5 69 c26 0 100 100
1 1 15 29.6 60.0 23 c26 0 100 100
1 1 9 29.5 59.5 35 c26 0 100 100
1 1 0 29.4 59.0 33 c26 0 100 100
1 1 4 29.2 58.0 31 c26 0 100 100
1 1 3 29.1 57.5 29 c26 0 100 100
1 1 8 29.0 57.5 27 c26 0 100 100
1 1 1 28.8 56.5 11 c26 0 100 100
1 1 0 28.7 57.0 252 c26 0 100 100
1 1 9 28.5 56.0 19 c26 0 100 100
1 1 0 28.4 55.5 24 c26 0 100 100
1 1 0 28.3 55.5 29 c26 0 100 100
1 1 0 28.2 55.0 31 c26 0 100 100
1 1 0 28.1 55.0 21 c26 0 100 100
1 1 4 28.2 54.5 25 c26 0 100 100
1 1 3 28.1 54.0 29 c26 0 100 100
1 1 0 27.9 54.0 32 c26 0 100 100
1 1 7 27.9 54.0 35 c26 0 100 100
1 1 6 27.8 54.0 34 c26 0 100 100
1 1 0 27.8 54.0 30 c26 0 100 100
1 1 0 27.7 54.0 26 c26 0 100 100
1 1 0 27.8 54.0 28 c26 0 100 100
1 1 0 27.7 53.5 28 c26 0 100 100
1 1 0 27.6 53.5 26 c26 0 100 100
1 1 0 27.5 54.0 24 c26 0 100 100
1 1 0 27.6 55.0 25 c26 0 100 100
1 1 8 27.6 56.0 23 c26 0 100 100
1 1 0 27.7 56.5 25 c26 0 100 100
1 1 5 27.6 57.0 22 c26 0 100 100
1 1 0 27.6 57.5 24 c26 0 100 100
1 1 0 27.6 57.5 22 c26 0 100 100
1 1 0 27.6 57.5 19 c26 0 100 100
1 1 0 27.6 57.5 22 c26 0 100 100
1 1 0 27.6 57.0 23 c26 0 100 100
1 1 0 27.5 56.5 21 c26 0 100 100
1 1 0 27.4 55.5 21 c26 0 100 100
1 1 0 27.4 55.5 19 c26 0 100 100
1 1 0 27.3 55.5 20 c26 0 100 100
1 1 0 27.2 55.0 20 c26 0 100 100
1 1 0 27.2 55.0 22 c26 0 100 100
1 1 0 27.1 54.5 23 c26 0 100 100
1 1 0 27.1 54.5 25 c26 0 100 100
1 1 0 27.1 54.5 21 c26 0 100 100
1 1 8 27.0 54.0 21 c26 0 100 100
1 1 0 27.1 54.0 18 c26 0 100 100
1 1 2 26.9 54.0 20 c26 0 100 100
1 1 0 27.0 53.5 16 c26 0 100 100
1 1 1 26.9 53.5 16 c26 0 100 100
1 1 6 26.8 53.5 254 c26 0 100 100
1 1 4 26.9 53.0 18 c26 0 100 100
1 1 0 26.9 53.0 12 c26 0 100 100
1 1 1 26.8 52.5 11 c26 0 100 100
1 1 0 26.8 52.5 10 c26 0 100 100
1 1 0 26.8 52.5 8 c26 0 100 100
1 1 12 26.7 52.0 8 c26 0 100 100
1 1 0 26.7 52.0 3 c26 0 100 100
1 1 0 26.7 52.0 0 c26 0 100 100
1 1 0 26.6 52.0 252 c26 0 100 100
1 1 3 26.6 52.5 0 c26 0 100 100
1 1 0 26.5 52.5 5 c26 0 100 100
1 1 0 26.5 52.5 1 c26 0 100 100
1 1 5 26.5 52.0 0 c26 0 100 100
1 1 3 26.4 52.5 255 c26 0 100 100
1 1 2 26.4 52.5 253 c26 0 100 100
1 1 0 26.4 52.5 250 c26 0 100 100
1 1 0 26.4 53.0 250 c26 0 100 100
1 1 0 26.4 53.5 245 c26 0 100 100
1 1 0 26.4 53.5 245 c26 0 100 100
1 1 0 26.4 53.5 248 c26 0 100 100
1 1 0 26.4 54.0 246 c26 0 100 100
1 1 0 26.4 54.0 235 c26 0 100 100
1 1 1 26.3 54.0 204 c26 0 100 100
1 1 2 26.3 54.0 191 c26 0 100 100
1 1 0 26.3 53.5 175 c26 0 100 100
1 1 0 26.2 53.0 184 c26 0 100 100
1 1 1 26.3 53.0 187 c26 0 100 100
1 1 0 26.2 53.0 220 c26 0 100 100
1 1 0 26.2 52.5 238 c26 0 100 100
1 1 0 26.2 52.5 237 c26 0 100 100
1 1 0 26.0 52.5 239 c26 0 100 100
1 1 3 26.0 52.5 241 c26 0 100 100
1 1 0 26.1 52.5 239 c26 0 100 100
1 1 2 26.1 52.5 243 c26 0 100 100
1 1 1 26.1 52.0 240 c26 0 100 100
1 1 0 26.1 52.5 238 c26 0 100 100
1 1 1 26.0 52.5 234 c26 0 100 100
1 1 3 26.0 52.5 227 c26 0 100 100
1 1 9 26.0 52.5 229 c26 0 100 100
1 1 0 26.0 52.5 227 c26 0 100 100
1 1 8 26.0 52.0 225 c26 0 100 100
1 1 0 25.9 52.0 221 c26 0 100 100
1 1 0 26.0 52.0 217 c26 0 100 100
1 1 2 25.9 52.0 215 c26 0 100 100
1 1 1 25.9 52.0 213 c26 0 100 100
1 1 1 25.9 52.0 211 c26 0 100 100
1 1 0 26.0 52.5 213 c26 0 100 100
1 1 0 26.0 52.5 211 c26 0 100 100
1 1 9 25.9 52.5 211 c26 0 100 100
1 1 2 25.9 52.5 213 c26 0 100 100
1 1 2 25.8 52.5 208 c26 0 100 100
1 1 2 25.9 52.5 211 c26 0 100 100
1 1 6 25.9 52.5 209 c26 0 100 100
1 1 7 25.9 52.0 208 c26 0 100 100
1 1 21 25.8 52.0 201 c26 0 100 100
1 1 7 25.8 52.0 206 c26 0 100 100
1 1 0 25.8 52.5 204 c26 0 100 100
1 1 0 25.9 52.5 204 c26 0 100 100
1 1 0 25.8 52.5 206 c26 0 100 100
1 1 0 25.9 52.5 205 c26 0 100 100
1 1 0 25.9 52.5 203 c26 0 100 100
1 1 2 25.8 53.0 200 c26 0 100 100
1 1 5 25.9 53.0 196 c26 0 100 100
1 1 5 25.9 53.0 196 c26 0 100 100
1 1 0 25.9 53.5 193 c26 0 100 100
1 1 4 26.0 53.5 193 c26 0 100 100
1 1 3 26.0 53.5 193 c26 0 100 100
1 1 2 25.9 54.0 191 c26 0 100 100
1 1 0 25.9 54.0 186 c26 0 100 100
1 1 9 25.9 54.0 182 c26 0 100 100
1 1 0 25.9 54.0 175 c26 0 100 100
1 1 3 26.0 54.0 177 c26 0 100 100
1 1 10 25.9 54.0 189 c26 0 100 100
1 1 0 25.9 54.0 183 c26 0 100 100
1 1 2 25.9 54.5 183 c26 0 100 100
1 1 0 26.0 54.5 189 c26 0 100 100
1 1 0 26.0 54.0 193 c26 0 100 100
1 1 0 26.0 54.5 196 c26 0 100 100
1 1 7 26.0 54.5 192 c26 0 100 100
1 1 1 25.9 54.5 190 c26 0 100 100
1 1 0 25.9 54.5 188 c26 0 100 100
1 1 0 26.0 54.5 188 c26 0 100 100
1 1 0 26.0 54.5 190 c26 0 100 100
1 1 1 26.0 54.5 189 c26 0 100 100
1 1 0 25.9 54.5 190 c26 0 100 100
1 1 0 26.0 54.0 187 c26 0 100 100
1 1 0 26.0 54.5 183 c26 0 100 100
1 1 0 25.9 54.5 190 c26 0 100 100
1 1 2 25.9 54.0 185 c26 0 100 100
1 1 4 25.9 54.0 183 c26 0 100 100
1 1 0 26.0 54.0 179 c26 0 100 100
1 1 3 25.9 54.0 183 c26 0 100 100
1 1 0 25.8 54.0 190 c26 0 100 100
1 1 2 25.9 54.0 197 c26 0 100 100
1 1 0 25.9 54.5 195 c26 0 100 100
1 1 0 25.9 54.5 191 c26 0 100 100
1 1 0 25.9 55.0 187 c26 0 100 100
1 1 0 25.9 55.0 192 c26 0 100 100
1 1 3 25.9 55.0 197 c26 0 100 100
1 1 0 25.9 55.0 188 c26 0 100 100
1 1 4 26.0 55.0 188 c26 0 100 100
1 1 0 26.0 55.5 186 c26 0 100 100
1 1 2 26.0 55.0 193 c26 0 100 100
1 1 3 26.0 55.5 195 c26 0 100 100
1 1 0 25.9 55.5 193 c26 0 100 100
1 1 2 26.0 55.5 191 c26 0 100 100
1 1 3 26.0 55.5 188 c26 0 100 100
1 1 0 26.0 55.5 190 c26 0 100 100
1 1 0 26.1 55.5 188 c26 0 100 100
1 1 0 26.1 55.5 191 c26 0 100 100
1 1 0 26.0 55.5 200 c26 0 100 100
1 1 1 26.0 55.5 198 c26 0 100 100
1 1 2 26.0 56.0 201 c26 0 100 100
1 1 0 26.0 56.0 176 c26 0 100 100
1 1 1 26.0 56.0 172 c26 0 100 100
1 1 0 26.0 56.5 185 c26 0 100 100
1 1 0 26.0 56.5 194 c26 0 100 100
1 1 0 26.0 57.0 192 c26 0 100 100
1 1 0 25.9 57.0 191 c26 0 100 100
1 1 0 26.0 57.0 184 c26 0 100 100
1 1 0 26.0 57.5 184 c26 0 100 100
1 1 0 26.0 57.5 180 c26 0 100 100
1 1 0 26.0 57.5 178 c26 0 100 100
1 1 1 26.0 57.5 176 c26 0 100 100
1 1 0 26.0 57.5 183 c26 0 100 100
1 1 0 26.0 57.5 186 c26 0 100 100
1 1 4 26.0 57.5 190 c26 0 100 100
1 1 2 26.0 57.5 192 c26 0 100 100
1 1 0 26.0 57.5 196 c26 0 100 100
1 1 0 26.0 57.5 196 c26 0 100 100
1 1 15 25.9 57.5 194 c26 0 100 100
1 1 4 26.0 57.5 196 c26 0 100 100
1 1 0 25.9 57.0 190 c26 0 100 100
1 1 0 26.0 56.5 199 c26 0 100 100
1 1 0 25.9 56.5 201 c26 0 100 100
1 1 0 25.9 56.0 199 c26 0 100 100
1 1 4 25.9 56.0 197 c26 0 100 100
1 1 12 25.9 56.0 199 c26 0 100 100
1 1 1 25.9 56.5 201 c26 0 100 100
1 1 0 26.0 56.5 204 c26 0 100 100
1 1 14 25.9 56.5 204 c26 0 100 100
1 1 14 26.0 56.5 213 c26 0 100 100
1 1 0 26.0 57.0 217 c26 0 100 100
1 1 1 26.0 57.0 217 c26 0 100 100
1 1 2 26.0 56.5 214 c26 0 100 100
1 1 5 26.0 56.5 207 c26 0 100 100
1 1 1 26.0 56.0 199 c26 0 100 100
1 1 2 25.9 55.5 206 c26 0 100 100
1 1 5 25.9 55.5 204 c26 0 100 100
1 1 3 25.9 56.0 205 c26 0 100 100
1 1 3 25.9 56.0 201 c26 0 100 100
1 1 9 25.9 56.0 201 c26 0 100 100
1 1 3 26.0 56.5 201 c26 0 100 100
1 1 0 25.9 56.5 197 c26 0 100 100
1 1 2 26.0 56.5 175 c26 0 100 100
1 1 5 25.8 56.0 177 c26 0 100 100
1 1 0 25.9 56.0 194 c26 0 100 100
1 1 0 26.0 56.0 201 c26 0 100 100
1 1 0 26.0 55.5 199 c26 0 100 100
1 1 4 25.9 55.5 203 c26 0 100 100
1 1 4 25.9 55.5 199 c26 0 100 100
1 1 0 25.8 55.5 194 c26 0 100 100
1 1 0 25.9 55.5 201 c26 0 100 100
1 1 1 25.9 55.5 197 c26 0 100 100
1 1 0 25.9 55.0 201 c26 0 100 100
1 1 1 25.9 55.5 201 c26 0 100 100
1 1 0 25.9 55.5 208 c26 0 100 100
1 1 0 25.9 55.5 212 c26 0 100 100
1 1 0 25.9 55.5 217 c26 0 100 100
1 1 2 25.8 55.5 214 c26 0 100 100
1 1 0 25.8 55.5 217 c26 0 100 100
1 1 0 25.9 55.5 222 c26 0 100 100
1 1 4 25.9 55.5 225 c26 0 100 100
1 1 2 25.9 55.0 232 c26 0 100 100
1 1 2 25.9 55.0 226 c26 0 100 100
1 1 0 25.8 55.5 242 c26 0 100 100
1 1 0 25.8 55.5 224 c26 0 100 100
1 1 0 25.9 55.5 217 c26 0 100 100
1 1 0 25.8 55.5 249 c26 0 100 100
1 1 0 25.8 55.5 253 c26 0 100 100
1 1 1 25.8 55.0 4 c26 0 100 100
1 1 0 25.8 55.0 5 c26 0 100 100
1 1 2 25.9 55.0 4 c26 0 100 100
1 1 2 25.8 54.5 254 c26 0 100 100
1 1 1 25.9 54.5 254 c26 0 100 100
1 1 7 25.8 54.5 218 c26 0 100 100
1 1 6 25.9 54.0 242 c26 0 100 100
1 1 1 25.7 54.0 237 c26 0 100 100
1 1 0 25.7 54.0 217 c26 0 100 100
1 1 4 25.7 53.5 215 c26 0 100 100
1 1 6 25.7 53.5 212 c26 0 100 100
1 1 1 25.6 53.5 215 c26 0 100 100
1 1 1 25.7 53.5 213 c26 0 100 100
1 1 2 25.7 53.5 216 c26 0 100 100
1 1 4 25.7 53.5 210 c26 0 100 100
1 1 1 25.7 53.5 200 c26 0 100 100
1 1 1 25.7 53.5 168 c26 0 100 100
1 1 2 25.6 53.5 159 c26 0 100 100
1 1 9 25.6 54.0 162 c26 0 100 100
1 1 0 25.6 54.0 197 c26 0 100 100
1 1 1 25.6 54.0 166 c26 0 100 100
1 1 1 25.6 54.5 166 c26 0 100 100
1 1 0 25.6 54.0 194 c26 0 100 100
1 1 0 25.5 54.0 221 c26 0 100 100
1 1 0 25.6 54.5 218 c26 0 100 100
1 1 1 25.6 54.5 225 c26 0 100 100
1 1 2 25.6 54.5 202 c26 0 100 100
1 1 0 25.6 55.0 216 c26 0 100 100
1 1 0 25.6 55.0 218 c26 0 100 100
1 1 2 25.7 55.5 215 c26 0 100 100
1 1 0 25.7 55.5 216 c26 0 100 100
1 1 2 25.7 55.5 192 c26 0 100 100
1 1 16 25.6 55.5 192 c26 0 16 10
1 1 2 25.6 55.5 23 c26 0 16 10
1 1 1 25.5 55.0 23 c26 0 16 10
0 1 21 25.5 55.0 23 c26 0 16 10
0 1 0 25.4 54.5 19 c26 0 16 10
0 1 0 25.4 54.5 19 c26 0 16 10
0 1 0 25.3 54.0 17 c26 0 16 10
0 1 6 25.2 54.0 23 c26 0 16 10
0 1 3 25.3 54.0 21 c26 0 16 10
0 1 12 25.1 54.0 18 c26 0 16 10
0 1 0 25.1 53.5 18 c26 0 16 10
0 1 0 25.1 53.5 20 c26 0 16 10
0 1 0 25.0 53.0 18 c26 0 16 10
0 1 0 25.0 53.0 18 c26 0 16 10
0 1 0 25.0 53.0 16 c26 0 16 10
0 1 0 24.9 52.5 18 c26 0 16 10
0 1 0 24.8 52.5 20 c26 0 16 10
0 1 0 24.9 52.5 18 c26 0 16 10
0 1 0 24.9 52.5 20 c26 0 16 10
0 1 0 24.8 52.5 19 c26 0 16 10
0 1 0 24.8 52.5 18 c26 0 16 10
0 1 0 24.7 53.0 19 c26 0 16 10
0 1 0 24.8 53.5 20 c26 0 16 10
0 1 0 24.7 53.5 18 c26 0 16 10
0 1 0 24.7 53.5 16 c26 0 16 10
0 1 0 24.7 53.5 16 c26 0 16 10
0 1 0 24.7 53.5 14 c26 0 16 10
0 1 0 24.7 53.5 16 c26 0 16 10
0 1 0 24.6 53.0 14 c26 0 16 10
0 1 0 24.6 53.5 18 c26 0 16 10
0 1 0 24.6 53.5 16 c26 0 16 10
0 1 0 24.5 53.0 16 c26 0 16 10
0 1 0 24.6 53.0 16 c26 0 16 10
0 1 0 24.5 53.0 16 c26 0 16 10
0 1 2 24.5 53.0 16 c26 0 16 10
0 1 0 24.5 52.5 16 c26 0 16 10
0 1 67 24.5 52.5 18 c26 0 16 10
0 1 0 24.5 52.5 16 c26 0 16 10
0 1 0 24.5 52.5 16 c26 0 16 10
0 1 2 24.4 52.5 16 c26 0 16 10
1 1 11 24.4 52.0 16 c26 0 100 10
1 1 20 24.4 52.5 180 c26 0 100 100
1 1 4 24.5 53.0 34 c26 0 100 100
1 1 9 24.6 53.5 20 c26 0 100 100
1 1 0 24.7 54.5 57 c26 0 100 100
1 1 11 24.8 55.0 67 c26 0 100 100
1 1 2 24.8 55.0 77 c26 0 100 100
1 1 0 25.0 55.5 84 c26 0 100 100
1 1 0 25.1 55.5 85 c26 0 100 100
1 1 0 25.1 55.5 88 c26 0 100 100
1 1 0 25.1 56.0 32 c26 0 100 100
1 1 0 25.1 56.0 30 c26 0 100 100
1 1 0 25.2 56.5 192 c26 0 100 100
1 1 0 25.3 57.0 21 c26 0 100 100
1 1 0 25.3 57.0 213 c26 0 100 100
1 1 0 25.3 57.5 105 c26 0 100 100
1 1 0 25.4 57.5 109 c26 0 100 100
1 1 0 25.4 57.5 86 c26 0 100 100
1 1 0 25.4 57.5 101 c26 0 100 100
1 1 0 25.5 57.5 127 c26 0 100 100
1 1 0 25.5 57.5 127 c26 0 100 100
1 1 0 25.6 57.5 102 c26 0 100 100
1 1 0 25.6 57.5 138 c26 0 100 100
1 1 0 25.6 57.5 145 c26 0 100 100
1 1 0 25.7 57.5 142 c26 0 100 100
1 1 0 25.7 57.5 146 c26 0 100 100
1 1 2 25.7 58.0 132 c26 0 100 100
1 1 60 25.7 58.0 117 c26 0 100 100
1 1 0 25.8 58.0 97 c26 0 100 100
1 1 0 25.8 58.0 96 c26 0 100 100
1 1 0 25.8 58.0 112 c26 0 100 100
1 1 0 25.8 58.0 130 c26 0 100 100
1 1 0 25.8 58.0 130 c26 0 100 100
1 1 0 25.8 58.0 118 c26 0 100 100
1 1 0 25.8 58.0 113 c26 0 100 100
1 1 0 25.8 58.0 91 c26 0 100 100
1 1 0 25.9 58.0 100 c26 0 100 100
1 1 0 25.8 57.5 102 c26 0 100 100
1 1 0 25.9 57.5 48 c26 0 100 100
1 1 0 25.9 57.5 109 c26 0 100 100
1 1 0 25.9 57.0 104 c26 0 100 100
1 1 0 25.8 57.0 105 c26 0 100 100
1 1 0 25.9 57.0 126 c26 0 100 100
1 1 0 25.8 57.0 135 c26 0 100 100
1 1 0 25.9 57.0 128 c26 0 100 100
1 1 0 25.9 57.0 115 c26 0 100 100
1 1 0 25.8 57.0 117 c26 0 100 100
1 1 0 25.8 57.0 112 c26 0 100 100
1 1 0 25.9 57.0 114 c26 0 100 100
1 1 0 26.0 57.0 178 c26 0 100 100
1 1 0 25.9 57.0 151 c26 0 100 100
1 1 0 25.9 57.0 157 c26 0 100 100
1 1 0 25.9 57.0 3 c26 0 100 100
1 1 0 25.9 57.0 104 c26 0 100 100
1 1 0 25.9 57.0 110 c26 0 100 100
1 1 0 26.0 57.0 54 c26 0 100 100
1 1 0 26.0 56.5 238 c26 0 100 100
1 1 0 26.0 56.5 74 c26 0 100 100
1 1 0 26.0 56.5 60 c26 0 100 100
1 1 0 25.9 56.5 23 c26 0 100 100
1 1 0 25.8 56.5 224 c26 0 100 100
1 1 0 25.9 56.0 46 c26 0 100 100
1 1 0 25.9 56.0 186 c26 0 100 100
1 1 0 25.9 56.0 17 c26 0 100 100
1 1 0 25.9 55.5 243 c26 0 100 100
1 1 0 25.9 55.5 76 c26 0 100 100
1 1 0 25.9 55.5 81 c26 0 100 100
1 1 0 25.8 55.5 43 c26 0 100 100
1 1 1 25.8 55.0 50 c26 0 100 100
1 1 0 25.8 55.0 2 c26 0 100 100
1 1 0 25.8 55.0 19 c26 0 100 100
1 1 3 25.8 54.5 29 c26 0 100 100
1 1 0 25.8 54.5 31 c26 0 100 100
1 1 0 25.8 54.5 36 c26 0 100 100
1 1 0 25.8 54.5 28 c26 0 100 100
1 1 1 25.8 54.5 135 c26 0 100 100
1 1 2 25.9 54.5 30 c26 0 100 100
1 1 0 25.8 54.5 80 c26 0 100 100
1 1 5 25.8 54.5 70 c26 0 100 100
1 1 2 25.8 54.0 80 c26 0 100 100
1 1 0 25.7 54.0 66 c26 0 100 100
1 1 2 25.7 54.0 20 c26 0 100 100
1 1 0 25.6 53.5 6 c26 0 100 100
1 1 1 25.7 53.5 27 c26 0 100 100
1 1 1 25.6 53.5 34 c26 0 100 100
1 1 0 25.6 53.5 19 c26 0 100 100
1 1 1 25.6 53.5 221 c26 0 100 100
1 1 2 25.6 53.5 225 c26 0 100 100
1 1 2 25.6 53.5 228 c26 0 100 100
1 1 2 25.6 53.0 5 c26 0 100 100
1 1 0 25.6 53.0 40 c26 0 100 100
1 1 3 25.6 53.0 62 c26 0 100 100
1 1 0 25.6 53.0 71 c26 0 100 100
1 1 0 25.6 53.0 60 c26 0 100 100
1 1 0 25.5 52.5 90 c26 0 100 100
1 1 1 25.5 52.5 102 c26 0 100 100
1 1 0 25.5 52.5 104 c26 0 100 100
1 1 0 25.5 52.5 123 c26 0 100 100
1 1 1 25.5 52.5 126 c26 0 100 100
1 1 0 25.5 52.5 116 c26 0 100 100
1 1 0 25.4 52.5 111 c26 0 100 100
1 1 5 25.5 52.5 115 c26 0 100 100
1 1 0 25.4 52.5 119 c26 0 100 100
1 1 1 25.4 52.5 133 c26 0 100 100
1 1 0 25.4 52.5 149 c26 0 100 100
1 1 4 25.5 52.5 147 c26 0 100 100
1 1 0 25.5 52.5 163 c26 0 100 100
1 1 0 25.5 52.5 175 c26 0 100 100
1 1 3 25.5 52.5 175 c26 0 100 100
1 1 5 25.4 52.5 165 c26 0 100 100
1 1 2 25.4 52.5 161 c26 0 100 100
1 1 11 25.5 52.5 179 c26 0 100 100
1 1 8 25.4 52.5 186 c26 0 100 100
1 1 9 25.4 52.5 191 c26 0 100 100
1 1 2 25.4 53.0 201 c26 0 100 100
1 1 17 25.4 53.0 214 c26 0 100 100
1 1 6 25.4 53.5 214 c26 0 100 100
1 1 0 25.4 53.5 214 c26 0 100 100
1 1 0 25.4 53.5 203 c26 0 100 100
1 1 9 25.3 53.5 181 c26 0 100 100
1 1 11 25.4 53.0 153 c26 0 100 100
1 1 7 25.4 53.0 114 c26 0 100 100
1 1 6 25.3 53.0 143 c26 0 100 100
1 1 0 25.4 53.0 167 c26 0 100 100
1 1 0 25.3 53.0 167 c26 0 100 100
1 1 0 25.3 53.0 182 c26 0 100 100
1 1 0 25.3 53.0 188 c26 0 100 100
1 1 0 25.3 52.5 188 c26 0 100 100
1 1 0 25.3 52.5 202 c26 0 100 100
1 1 8 25.3 52.5 201 c26 0 100 100
1 1 9 25.3 52.5 231 c26 0 100 100
1 1 0 25.3 52.5 222 c26 0 100 100
1 1 0 25.2 52.5 25 c26 0 100 100
1 1 0 25.3 52.5 53 c26 0 100 100
1 1 8 25.3 52.5 90 c26 0 100 100
1 1 0 25.3 52.5 91 c26 0 100 100
1 1 2 25.2 52.5 70 c26 0 100 100
1 1 0 25.2 52.5 21 c26 0 100 100
1 1 2 25.3 52.5 239 c26 0 100 100
1 1 0 25.2 52.0 201 c26 0 100 100
1 1 0 25.2 52.5 150 c26 0 100 100
1 1 0 25.2 52.5 132 c26 0 100 100
1 1 0 25.2 53.0 175 c26 0 100 100
1 1 6 25.2 53.0 31 c26 0 100 100
1 1 1 25.2 53.5 215 c26 0 100 100
1 1 0 25.2 53.5 140 c26 0 100 100
1 1 2 25.2 53.5 130 c26 0 100 100
1 1 0 25.2 53.0 149 c26 0 100 100
1 1 3 25.2 53.0 233 c26 0 100 100
1 1 1 25.2 53.0 25 c26 0 100 100
1 1 3 25.2 53.0 35 c26 0 100 100
1 1 0 25.2 53.0 97 c26 0 100 100
1 1 2 25.2 53.0 7 c26 0 100 100
1 1 0 25.2 53.0 197 c26 0 100 100
1 1 0 25.2 53.0 135 c26 0 100 100
1 1 0 25.2 53.0 109 c26 0 100 100
1 1 1 25.1 53.0 100 c26 0 100 100
1 1 2 25.2 53.0 96 c26 0 100 100
1 1 8 25.2 53.0 103 c26 0 100 100
1 1 1 25.2 53.0 131 c26 0 100 100
1 1 0 25.2 53.0 178 c26 0 100 100
1 1 0 25.2 52.5 162 c26 0 100 100
1 1 0 25.2 52.5 122 c26 0 100 100
1 1 0 25.1 52.5 106 c26 0 100 100
1 1 0 25.1 52.5 111 c26 0 100 100
1 1 4 25.1 52.5 123 c26 0 100 100
1 1 0 25.2 52.0 57 c26 0 100 100
1 1 0 25.1 52.0 98 c26 0 100 100
1 1 0 25.1 52.0 54 c26 0 100 100
1 1 0 25.1 52.0 47 c26 0 100 100
1 1 0 25.0 51.5 53 c26 0 100 100
1 1 0 25.1 51.5 173 c26 0 100 100
1 1 1 25.0 51.5 210 c26 0 100 100
1 1 1 25.0 51.5 66 c26 0 100 100
1 1 0 25.0 51.5 46 c26 0 100 100
1 1 0 24.9 51.5 20 c26 0 100 100
1 1 0 24.9 51.5 6 c26 0 100 100
1 1 0 24.9 51.0 250 c26 0 100 100
1 1 3 24.9 51.0 252 c26 0 100 100
1 1 0 24.9 51.0 253 c26 0 100 100
1 1 0 24.9 51.0 4 c26 0 100 100
1 1 0 24.8 51.0 18 c26 0 100 100
1 1 0 24.9 51.0 37 c26 0 100 100
1 1 0 24.8 51.0 76 c26 0 100 100
1 1 7 24.8 51.0 137 c26 0 100 100
1 1 1 24.8 51.0 206 c26 0 100 100
1 1 2 24.7 51.0 0 c26 0 100 100
1 1 0 24.8 51.0 36 c26 0 100 100
1 1 1 24.8 50.5 0 c26 0 100 100
1 1 2 24.9 50.5 127 c26 0 100 100
1 1 4 24.8 50.5 89 c26 0 100 100
1 1 0 24.7 50.5 86 c26 0 100 100
1 1 1 24.7 50.5 86 c26 0 100 100
1 1 0 24.7 50.5 87 c26 0 100 100
1 1 2 24.7 50.5 120 c26 0 100 100
1 1 0 24.7 50.5 130 c26 0 100 100
1 1 0 24.6 50.5 183 c26 0 100 100
1 1 0 24.7 50.5 190 c26 0 100 100
1 1 0 24.7 50.5 201 c26 0 100 100
1 1 0 24.7 50.5 192 c26 0 100 100
1 1 2 24.7 50.0 191 c26 0 100 100
1 1 2 24.7 50.5 158 c26 0 100 100
1 1 0 24.7 50.5 132 c26 0 100 100
1 1 6 24.7 51.0 149 c26 0 100 100
1 1 0 24.7 52.0 166 c26 0 100 100
1 1 0 24.8 53.0 154 c26 0 100 100
1 1 0 24.8 53.5 123 c26 0 100 100
1 1 3 24.9 54.0 49 c26 0 100 100
1 1 3 24.8 53.5 44 c26 0 100 100
1 1 5 24.9 53.5 6 c26 0 100 100
1 1 0 24.9 53.0 231 c26 0 100 100
1 1 0 24.9 53.0 227 c26 0 100 100
1 1 0 24.8 53.0 220 c26 0 100 100
1 1 0 24.8 53.0 215 c26 0 100 100
1 1 0 24.8 53.0 206 c26 0 100 100
1 1 0 24.8 53.0 201 c26 0 100 100
1 1 6 24.8 53.0 201 c26 0 100 100
1 1 0 24.8 53.0 209 c26 0 100 100
1 1 0 24.8 53.0 210 c26 0 100 100
1 1 0 24.8 53.0 220 c26 0 100 100
1 1 0 24.7 53.5 230 c26 0 100 100
1 1 2 24.8 53.5 226 c26 0 100 100
1 1 0 24.8 53.5 206 c26 0 100 100
1 1 5 24.8 53.5 180 c26 0 100 100
1 1 0 24.7 54.0 149 c26 0 100 100
1 1 4 24.8 54.0 133 c26 0 100 100
1 1 1 24.8 54.5 126 c26 0 100 100
1 1 0 24.8 55.0 122 c26 0 100 100
1 1 1 24.8 55.5 115 c26 0 100 100
1 1 5 24.9 55.5 109 c26 0 100 100
1 1 1 24.9 55.5 106 c26 0 100 100
1 1 0 24.9 56.0 102 c26 0 100 100
1 1 0 24.9 56.0 97 c26 0 100 100
1 1 0 24.9 56.0 95 c26 0 100 100
1 1 0 25.0 56.5 93 c26 0 100 100
1 1 0 25.1 56.5 90 c26 0 100 100
1 1 0 25.0 57.0 86 c26 0 100 100
1 1 0 25.1 57.0 88 c26 0 100 100
1 1 0 25.1 57.0 81 c26 0 100 100
1 1 5 25.1 57.0 81 c26 0 100 100
1 1 15 25.2 58.0 79 c26 0 100 100
1 1 0 25.1 58.0 75 c26 0 100 100
1 1 10 25.2 57.5 72 c26 0 100 100
1 1 0 25.2 57.5 70 c26 0 100 100
1 1 0 25.2 58.0 68 c26 0 100 100
1 1 0 25.2 58.5 67 c26 0 100 100
1 1 0 25.2 59.5 65 c26 0 100 100
1 1 14 25.3 60.0 76 c26 1 100 100
1 1 1 25.3 59.5 73 c26 1 100 100
1 1 0 25.3 59.5 71 c26 1 100 100
1 1 0 25.3 59.0 69 c26 1 100 100
1 1 1 25.4 59.0 66 c26 1 100 100
1 1 1 25.3 59.0 64 c26 1 100 100
1 1 3 25.3 58.5 62 c26 1 100 100
1 1 1 25.3 58.5 59 c26 1 100 100
1 1 2 25.4 58.5 59 c26 1 100 100
1 1 9 25.3 58.5 57 c26 1 100 100
1 1 0 25.3 58.0 54 c26 1 100 100
1 1 0 25.3 57.5 52 c26 1 100 100
1 1 0 25.3 57.5 50 c26 1 100 100
1 1 0 25.3 57.0 50 c26 1 100 100
1 1 0 25.3 56.5 47 c26 1 100 100
1 1 0 25.1 56.5 41 c26 1 100 100
1 1 3 25.2 56.5 41 c26 1 100 100
1 1 10 25.1 56.0 38 c26 1 100 100
1 1 2 25.2 56.0 36 c26 1 100 100
1 1 0 25.2 55.5 36 c26 1 100 100
1 1 0 25.1 55.5 36 c26 1 100 100
1 1 2 25.1 55.5 32 c26 1 100 100
1 1 3 25.1 55.0 31 c26 1 100 100
1 1 5 25.1 55.0 29 c26 1 100 100
1 1 2 25.1 55.0 29 c26 1 100 100
1 1 1 25.0 54.5 28 c26 1 100 100
1 1 0 25.0 54.5 24 c26 1 100 100
1 1 6 25.0 54.0 24 c26 1 100 100
1 1 7 24.9 54.0 24 c26 1 100 100
1 1 4 24.9 53.5 20 c26 1 100 100
1 1 0 24.9 53.5 21 c26 1 100 100
1 1 8 24.8 53.0 17 c26 1 100 100
1 1 1 24.8 53.0 19 c26 1 100 100
1 1 4 24.8 53.0 17 c26 1 100 100
1 1 2 24.8 53.0 17 c26 1 100 100
1 1 0 24.8 53.5 19 c26 1 100 100
1 1 2 24.8 53.5 19 c26 1 100 100
1 1 20 24.7 53.5 17 c26 1 100 100
1 1 7 24.7 53.5 17 c26 1 100 100
1 1 0 24.7 53.0 17 c26 1 100 100
1 1 5 24.7 53.0 15 c26 1 100 100
1 1 4 24.7 53.0 15 c26 1 100 100
1 1 4 24.7 53.0 15 c26 1 100 100
1 1 0 24.7 52.5 15 c26 1 100 100
1 1 1 24.6 52.5 15 c26 1 100 100
1 1 0 24.6 52.5 13 c26 1 100 100
1 1 0 24.6 52.0 13 c26 1 100 100
1 1 3 24.6 52.0 16 c26 1 100 100
1 1 4 24.5 52.0 16 c26 1 100 100
1 1 0 24.5 52.0 16 c26 1 100 100
1 1 0 24.5 52.0 14 c26 1 100 100
1 1 7 24.5 52.5 14 c26 1 100 100
1 1 1 24.5 52.5 14 c26 1 100 100
1 1 0 24.5 53.0 14 c26 1 100 100
1 1 0 24.5 53.0 14 c26 1 100 100
1 1 1 24.5 53.0 14 c26 1 100 100
1 1 1 24.5 53.0 14 c26 1 100 100
1 1 0 24.5 53.0 14 c26 1 100 100
1 1 0 24.5 53.0 14 c26 1 100 100
1 1 0 24.5 53.0 14 c26 1 100 100
1 1 2 24.5 53.0 14 c26 1 100 100
1 1 0 24.4 53.0 14 c26 1 100 100
1 1 0 24.5 53.0 14 c26 1 100 100
1 1 4 24.4 53.0 14 c26 1 100 100
1 1 0 24.4 52.5 14 c26 1 100 100
1 1 0 24.4 53.0 14 c26 1 100 100
1 1 0 24.4 53.0 14 c26 1 100 100
1 1 2 24.5 53.0 14 c26 1 100 100
1 1 6 24.4 53.0 14 c26 1 100 100
1 1 0 24.4 53.0 14 c26 1 100 100
1 1 5 24.3 53.5 14 c26 1 100 100
1 1 7 24.4 53.5 14 c26 1 100 100
1 1 7 24.4 53.0 14 c26 1 100 100
1 1 5 24.4 53.0 14 c26 1 100 100
1 1 0 24.3 53.0 14 c26 1 100 100
1 1 14 24.3 53.5 14 c26 1 100 100
1 1 6 24.4 53.5 14 c26 1 100 100
1 1 0 24.3 53.0 14 c26 1 100 100
1 1 0 24.3 53.0 14 c26 1 100 100
1 1 5 24.3 53.0 14 c26 1 100 100
1 1 2 24.3 52.5 14 c26 1 100 100
1 1 0 24.3 53.0 14 c26 1 100 100
1 1 7 24.2 53.0 14 c26 1 100 100
1 1 4 24.2 53.5 14 c26 1 100 100
1 1 5 24.3 53.5 14 c26 1 100 100
1 1 0 24.3 53.5 14 c26 1 100 100
1 1 0 24.2 53.5 14 c26 1 100 100
1 1 0 24.3 53.5 14 c26 1 100 100
1 1 9 24.3 53.5 14 c26 1 100 100
1 1 3 24.3 53.5 14 c26 1 100 100
1 1 4 24.2 53.5 14 c26 1 100 100
1 1 3 24.3 54.0 14 c26 1 100 100
1 1 1 24.3 54.0 14 c26 1 100 100
1 1 6 24.4 54.5 14 c26 1 100 100
1 1 2 24.3 54.5 12 c26 1 100 100
1 1 1 24.3 54.5 14 c26 1 100 100
1 1 5 24.3 54.5 14 c26 1 100 100
1 1 11 24.3 54.0 14 c26 1 100 100
1 1 4 24.3 54.5 14 c26 1 100 100
1 1 0 24.3 55.0 14 c26 1 100 100
1 1 3 24.3 55.0 14 c26 1 100 100
1 1 1 24.3 55.0 14 c26 1 100 100
1 1 4 24.3 55.0 14 c26 1 100 100
1 1 0 24.3 54.5 14 c26 1 100 100
1 1 0 24.2 54.5 14 c26 1 100 100
1 1 5 24.3 54.0 14 c26 1 100 100
1 1 0 24.2 54.0 14 c26 1 100 100
1 1 5 24.2 54.0 14 c26 1 100 100
1 1 0 24.3 54.5 14 c26 1 100 100
1 1 8 24.2 54.5 14 c26 1 100 100
1 1 0 24.2 54.0 14 c26 1 100 100
1 1 11 24.2 54.5 14 c26 1 100 100
1 1 0 24.2 54.5 14 c26 1 100 100
1 1 15 24.2 55.0 14 c26 1 100 100
1 1 0 24.1 55.5 14 c26 1 100 100
1 1 8 24.2 55.5 14 c26 1 100 100
1 1 16 24.3 56.0 14 c26 1 100 100
1 1 10 24.2 55.5 14 c26 1 100 100
1 1 0 24.2 55.5 14 c26 1 100 100
1 1 0 24.2 55.5 14 c26 1 100 100
1 1 0 24.2 55.0 14 c26 1 100 100
1 1 0 24.2 55.0 14 c26 1 100 100
1 1 0 24.2 56.0 14 c26 1 100 100
1 1 0 24.2 56.0 14 c26 1 100 100
1 1 5 24.2 56.0 14 c26 1 100 100
1 1 8 24.2 56.0 14 c26 1 100 100
1 1 5 24.2 55.5 14 c26 1 100 100
1 1 2 24.2 55.5 14 c26 1 100 100
1 1 0 24.2 56.0 14 c26 1 100 100
1 1 0 24.2 56.0 14 c26 1 100 100
1 1 11 24.3 55.5 14 c26 1 100 100
1 1 2 24.2 55.5 14 c26 1 100 100
1 1 5 24.2 56.0 14 c26 1 100 100
1 1 4 24.1 56.0 14 c26 1 100 100
1 1 0 24.1 56.0 14 c26 1 100 100
1 1 7 24.2 56.5 14 c26 1 100 100
1 1 5 24.1 56.5 14 c26 1 100 100
1 1 10 24.2 56.5 14 c26 1 100 100
1 1 5 24.1 56.0 14 c26 1 100 100
1 1 7 24.1 56.0 14 c26 1 100 100
1 1 4 24.1 56.0 14 c26 1 100 100
1 1 5 24.1 56.0 14 c26 1 100 100
1 1 1 24.1 55.5 14 c26 1 100 100
1 1 0 24.1 55.5 14 c26 1 100 100
1 1 2 24.1 55.5 14 c26 1 100 100
1 1 4 24.0 55.5 14 c26 1 100 100
1 1 6 24.1 55.5 14 c26 1 100 100
1 1 0 24.1 55.0 14 c26 1 100 100
1 1 1 24.0 55.0 14 c26 1 100 100
1 1 0 24.1 55.0 14 c26 1 100 100
1 1 0 24.0 55.0 14 c26 1 100 100
1 1 0 24.0 55.5 14 c26 1 100 100
1 1 1 24.0 55.5 14 c26 1 100 100
1 1 5 24.1 55.5 14 c26 1 100 100
1 1 12 24.1 55.5 14 c26 1 100 100
1 1 3 24.1 55.0 14 c26 1 100 100
1 1 0 24.0 55.0 14 c26 1 100 100
1 1 5 24.0 55.0 14 c26 1 100 100
1 1 7 24.1 55.5 14 c26 1 100 100
1 1 1 24.1 55.5 12 c26 1 100 100
1 1 9 24.1 55.5 14 c26 1 100 100
1 1 1 24.1 55.5 14 c26 1 100 100
1 1 0 24.1 55.5 14 c26 1 100 100
1 1 2 24.1 55.5 14 c26 1 100 100
1 1 5 24.0 55.5 14 c26 1 100 100
1 1 3 23.9 55.0 14 c26 1 100 100
1 1 2 24.0 55.0 14 c26 1 100 100
1 1 0 24.0 55.0 14 c26 1 100 100
1 1 6 24.0 54.5 14 c26 1 100 100
1 1 4 24.0 55.0 14 c26 1 100 100
1 1 3 23.9 54.5 14 c26 1 100 100
1 1 5 24.0 54.5 14 c26 1 100 100
1 1 0 24.0 55.0 14 c26 1 100 100
1 1 1 24.0 55.0 14 c26 1 100 100
1 1 3 24.0 55.0 14 c26 1 100 100
1 1 3 24.0 55.0 14 c26 1 100 100
1 1 10 24.0 55.0 14 c26 1 100 100
1 1 5 24.0 55.0 14 c26 1 100 100
1 1 4 23.9 54.5 14 c26 1 100 100
1 1 8 23.9 54.0 14 c26 1 100 100
1 1 4 23.9 53.5 14 c26 1 100 100
1 1 2 23.8 53.5 14 c26 1 100 100
1 1 0 23.8 53.5 14 c26 1 100 100
1 1 8 23.8 53.0 14 c26 1 100 100
1 1 10 23.8 53.0 14 c26 1 100 100
1 1 0 23.8 53.5 14 c26 1 100 100
1 1 0 23.9 53.5 14 c26 1 100 100
1 1 0 23.8 53.0 14 c26 1 100 100
1 1 2 23.7 53.0 14 c26 1 100 100
1 1 0 23.8 53.0 14 c26 1 100 100
1 1 2 23.8 52.5 14 c26 1 100 100
1 1 2 23.7 52.5 14 c26 1 100 100
1 1 15 23.7 52.0 12 -1 1 17 100
0 1 23 23.7 51.5 8 -1 1 17 16
0 1 11 23.6 52.0 2 -1 0 17 16
0 1 7 23.7 52.0 2 -1 0 17 16
0 1 4 23.8 52.5 2 -1 0 17 16
0 1 1 23.9 52.5 2 -1 0 17 16
0 1 0 24.1 52.5 2 -1 0 17 16
0 1 1 24.2 52.5 2 -1 0 17 16
0 1 0 24.3 52.5 2 -1 0 17 16
0 1 0 24.4 52.5 2 -1 0 17 16
0 1 0 24.5 52.5 2 -1 0 17 16
0 1 0 24.5 52.5 2 -1 0 17 16
0 1 0 24.6 52.5 2 -1 0 17 16
0 1 0 24.6 52.5 2 -1 0 17 16
0 1 0 24.7 52.5 2 -1 0 17 16
0 1 0 24.8 52.5 2 -1 0 17 16
0 1 0 24.9 52.5 2 -1 0 17 16
0 1 2 25.0 52.5 2 -1 0 17 16
0 1 5 25.0 53.0 2 -1 0 17 16
0 1 12 25.0 53.0 2 -1 0 17 16
0 1 16 25.1 53.0 2 -1 0 17 16
0 1 9 25.1 53.0 2 -1 0 17 16
0 1 18 25.2 53.0 2 -1 0 17 16
0 1 13 25.3 53.0 2 -1 0 17 16
0 1 1 25.3 53.5 2 -1 0 17 16
0 1 0 25.3 53.5 2 -1 0 17 16
0 1 0 25.5 53.5 2 -1 0 17 16
0 1 0 25.4 53.5 2 -1 0 17 16
0 1 1 25.5 54.0 2 -1 0 17 16
0 1 17 25.5 54.5 2 -1 0 17 16
0 1 8 25.6 55.0 2 -1 0 17 16
0 1 17 25.6 55.0 2 -1 0 17 16
0 1 12 25.7 55.0 2 -1 0 17 16
0 1 5 25.8 55.0 2 -1 0 17 16
1 1 6 25.8 55.5 2 -1 0 17 16
0 1 7 25.8 55.0 2 -1 0 17 16
0 1 0 25.9 55.5 2 -1 0 17 16
0 1 0 25.8 55.5 2 -1 0 17 16
0 1 0 25.9 56.0 2 -1 0 17 16
0 1 0 26.0 56.5 2 -1 0 17 16
0 1 0 26.0 57.0 2 -1 0 17 16
0 1 0 26.0 57.0 2 -1 0 17 16
0 1 0 26.2 57.5 2 -1 0 17 16
0 1 0 26.2 57.5 2 -1 0 17 16
0 1 0 26.2 58.0 0 -1 0 17 16
0 1 0 26.2 58.0 0 -1 0 17 16
0 1 0 26.2 58.5 0 -1 0 17 16
0 1 0 26.3 58.5 0 -1 0 17 16
0 1 0 26.3 58.5 0 -1 0 17 16
0 1 0 26.3 58.5 0 -1 0 17 16
0 1 0 26.4 59.0 0 -1 0 17 16
0 1 0 26.3 59.0 0 -1 0 17 16
0 1 0 26.3 59.0 0 -1 0 17 16
0 1 0 26.5 59.0 0 -1 0 17 16
0 1 0 26.5 59.5 0 -1 0 17 16
0 1 0 26.5 59.5 0 -1 0 17 16
0 1 0 26.5 60.0 0 -1 0 17 16
0 1 0 26.5 60.0 0 -1 0 17 16
0 1 0 26.5 60.0 0 -1 0 17 16
0 1 0 26.6 60.0 0 -1 0 17 16
0 1 0 26.7 60.5 0 -1 0 17 16
0 1 0 26.7 60.5 0 -1 0 17 16
0 1 0 26.7 60.5 0 -1 0 17 16
0 1 0 26.7 60.5 0 -1 0 17 16
0 1 0 26.8 60.5 0 -1 0 17 16
0 1 0 26.8 60.5 0 -1 0 17 16
0 1 0 26.8 60.0 0 -1 0 17 16
0 1 0 26.9 60.0 0 -1 0 17 16
0 1 0 26.9 60.0 0 -1 0 17 16
0 1 0 26.9 60.0 0 -1 0 17 16
0 1 0 26.9 60.5 0 -1 0 17 16
0 1 0 27.0 60.5 0 -1 0 17 16
0 1 0 27.0 60.5 0 -1 0 17 16
0 1 0 27.0 60.0 0 -1 0 17 16
0 1 0 27.0 60.5 0 -1 0 17 16
0 1 0 27.0 60.5 0 -1 0 17 16
0 1 0 27.1 60.5 0 -1 0 17 16
0 1 0 27.1 61.0 0 -1 0 17 16
0 1 0 27.1 60.5 0 -1 0 17 16
0 1 0 27.2 60.5 0 -1 0 17 16
0 1 0 27.2 61.0 0 -1 0 17 16
0 1 0 27.2 61.0 0 -1 0 17 16
0 1 0 27.2 61.0 0 -1 0 17 16
0 1 0 27.2 61.0 0 -1 0 17 16
0 1 0 27.3 60.5 0 -1 0 17 16
0 1 0 27.2 60.5 0 -1 0 17 16
0 1 0 27.3 60.5 0 -1 0 17 16
0 1 0 27.4 60.5 0 -1 0 17 16
0 1 0 27.4 60.5 0 -1 0 17 16
0 1 0 27.4 60.5 0 -1 0 17 16
0 1 0 27.4 60.5 0 -1 0 17 16
0 1 0 27.4 60.5 0 -1 0 17 16
0 1 0 27.4 60.5 0 -1 0 17 16
0 1 0 27.5 60.5 0 -1 0 17 16
0 1 0 27.5 61.0 0 -1 0 17 16
0 1 0 27.6 61.0 0 -1 0 17 16
0 1 0 27.6 61.0 0 -1 0 17 16
0 1 0 27.6 61.5 0 -1 0 17 16
0 1 0 27.6 61.5 0 -1 0 17 16
0 1 0 27.6 61.5 0 -1 0 17 16
0 1 0 27.6 61.5 0 -1 0 17 16
0 1 0 27.6 61.5 0 -1 0 17 16
0 1 0 27.7 61.5 0 -1 0 17 16
0 1 0 27.7 61.5 0 -1 0 17 16
0 1 0 27.7 61.5 0 -1 0 17 16
0 1 0 27.7 61.5 0 -1 0 17 16
0 1 0 27.8 61.5 0 -1 0 17 16
0 1 0 27.7 61.0 0 -1 0 17 16
0 1 0 27.8 61.5 0 -1 0 17 16
0 1 0 27.8 61.0 0 -1 0 17 16
0 1 0 27.8 61.5 0 -1 0 17 16
0 1 0 27.9 61.0 0 -1 0 17 16
0 1 0 27.8 61.0 0 -1 0 17 16
0 1 0 27.9 61.5 0 -1 0 17 16
0 1 0 27.9 61.0 0 -1 0 17 16
0 1 0 27.9 61.0 0 -1 0 17 16
0 1 0 27.9 61.0 0 -1 0 17 16
0 1 0 28.0 61.0 0 -1 0 17 16
0 1 0 28.0 61.0 0 -1 0 17 16
0 1 0 28.0 61.0 0 -1 0 17 16
0 1 0 28.0 61.0 0 -1 0 17 16
0 1 0 28.0 61.0 0 -1 0 17 16
0 1 0 28.1 61.0 0 -1 0 17 16
0 1 0 28.0 61.0 0 -1 0 17 16
0 1 0 28.1 61.0 0 -1 0 17 16
0 1 0 28.1 61.0 0 -1 0 17 16
0 1 0 28.1 61.0 0 -1 0 17 16
0 1 0 28.2 61.0 0 -1 0 17 16
0 1 0 28.1 61.0 0 -1 0 17 16
0 1 0 28.2 60.5 0 -1 0 17 16
0 1 0 28.2 60.5 0 -1 0 17 16
0 1 0 28.2 61.0 0 -1 0 17 16
0 1 0 28.2 61.0 0 -1 0 17 16
0 1 0 28.2 60.5 0 -1 0 17 16
0 1 0 28.3 60.5 0 -1 0 17 16
0 1 0 28.2 60.5 0 -1 0 17 16
0 1 0 28.2 60.5 0 -1 0 17 16
0 1 0 28.3 60.5 0 -1 0 17 16
0 1 0 28.3 60.0 0 -1 0 17 16
0 1 0 28.3 60.0 0 -1 0 17 16
0 1 0 28.3 60.5 0 -1 0 17 16
0 1 0 28.3 60.5 0 -1 0 17 16
0 1 0 28.3 60.5 0 -1 0 17 16
0 1 0 28.3 60.0 0 -1 0 17 16
0 1 0 28.4 60.5 0 -1 0 17 16
0 1 0 28.4 60.5 0 -1 0 17 16
0 1 0 28.5 60.5 0 -1 0 17 16
0 1 0 28.4 60.5 0 -1 0 17 16
0 1 0 28.4 60.5 0 -1 0 17 16
0 1 0 28.5 60.5 0 -1 0 17 16
