0 1 0 30.3 53.5 0 -1 0 -1 -1
0 1 0 30.3 53.5 0 -1 0 -1 -1
0 1 0 30.3 53.5 0 -1 0 -1 -1
0 1 0 30.3 53.5 0 -1 0 -1 -1
0 1 0 30.3 53.5 0 -1 0 -1 -1
0 1 0 30.4 53.5 0 -1 0 -1 -1
0 1 0 30.4 53.5 0 -1 0 -1 -1
0 1 0 30.4 53.5 0 -1 0 -1 -1
0 1 0 30.5 53.5 0 -1 0 -1 -1
0 1 0 30.4 53.5 0 -1 0 -1 -1
0 1 0 30.4 53.5 0 -1 0 -1 -1
0 1 0 30.4 53.5 0 -1 0 -1 -1
0 1 0 30.5 53.5 0 -1 0 -1 -1
0 1 0 30.5 53.5 0 -1 0 -1 -1
0 1 0 30.5 53.5 0 -1 0 -1 -1
0 1 0 30.5 53.5 0 -1 0 -1 -1
0 1 0 30.5 53.5 0 -1 0 -1 -1
0 1 0 30.5 53.5 0 -1 0 -1 -1
0 1 0 30.5 53.5 0 -1 0 -1 -1
0 1 0 30.5 53.5 0 -1 0 -1 -1
0 1 0 30.5 53.5 0 -1 0 -1 -1
0 1 0 30.5 53.5 0 -1 0 -1 -1
0 1 0 30.6 53.5 0 -1 0 -1 -1
0 1 0 30.6 53.5 0 -1 0 -1 -1
0 1 0 30.6 53.5 0 -1 0 -1 -1
0 1 0 30.5 53.5 0 -1 0 -1 -1
0 1 0 30.6 53.5 0 -1 0 -1 -1
0 1 0 30.6 53.5 0 -1 0 -1 -1
0 1 0 30.6 53.5 0 -1 0 -1 -1
0 1 0 30.6 53.5 0 -1 0 -1 -1
0 1 0 30.5 53.5 0 -1 0 -1 -1
0 1 0 30.6 53.5 0 -1 0 -1 -1
0 1 0 30.6 53.5 0 -1 0 -1 -1
0 1 0 30.7 53.5 0 -1 0 -1 -1
0 1 0 30.6 53.5 0 -1 0 -1 -1
0 1 0 30.6 53.5 0 -1 0 -1 -1
0 1 0 30.7 53.5 0 -1 0 -1 -1
0 1 0 30.6 53.5 0 -1 0 -1 -1
0 1 0 30.7 53.5 0 -1 0 -1 -1
0 1 0 30.7 53.5 0 -1 0 -1 -1
0 1 0 30.7 53.5 0 -1 0 -1 -1
0 1 0 30.7 53.5 0 -1 0 -1 -1
0 1 0 30.7 53.5 0 -1 0 -1 -1
0 1 0 30.7 53.5 0 -1 0 -1 -1
0 1 0 30.7 53.5 0 -1 0 -1 -1
0 1 0 30.7 53.5 0 -1 0 -1 -1
0 1 0 30.7 53.5 0 -1 0 -1 -1
0 1 0 30.8 53.5 0 -1 0 -1 -1
0 1 0 30.7 54.0 0 -1 0 -1 -1
0 1 0 30.7 54.0 0 -1 0 -1 -1
0 1 0 30.7 54.0 0 -1 0 -1 -1
0 1 0 30.8 54.0 0 -1 0 -1 -1
0 1 0 30.8 54.0 0 -1 0 -1 -1
0 1 0 30.8 54.0 0 -1 0 -1 -1
0 1 0 30.8 54.0 0 -1 0 -1 -1
0 1 0 30.7 53.5 0 -1 0 -1 -1
0 1 0 30.8 53.5 0 -1 0 -1 -1
0 1 0 30.8 54.0 0 -1 0 -1 -1
0 1 0 30.8 54.0 0 -1 0 -1 -1
0 1 0 30.8 54.0 0 -1 0 -1 -1
0 1 0 30.8 54.0 0 -1 0 -1 -1
0 1 0 30.9 54.0 0 -1 0 -1 -1
0 1 0 30.9 54.0 0 -1 0 -1 -1
0 1 0 30.9 54.0 0 -1 0 -1 -1
0 1 0 30.8 54.0 0 -1 0 -1 -1
0 1 0 30.9 54.0 0 -1 0 -1 -1
0 1 0 30.8 54.0 0 -1 0 -1 -1
0 1 0 30.8 54.0 0 -1 0 -1 -1
0 1 0 30.8 54.0 0 -1 0 -1 -1
0 1 0 30.8 54.0 0 -1 0 -1 -1
0 1 0 30.9 54.0 0 -1 0 -1 -1
0 1 0 30.9 54.0 0 -1 0 -1 -1
0 1 0 30.9 54.0 0 -1 0 -1 -1
0 1 0 30.9 54.0 0 -1 0 -1 -1
0 1 0 30.9 54.0 0 -1 0 -1 -1
0 1 0 31.0 54.0 0 -1 0 -1 -1
0 1 0 31.0 54.0 0 -1 0 -1 -1
0 1 0 31.0 54.0 0 -1 0 -1 -1
0 1 0 30.9 54.0 0 -1 0 -1 -1
0 1 0 30.9 54.0 0 -1 0 -1 -1
0 1 0 30.9 54.0 0 -1 0 -1 -1
0 1 0 30.9 54.0 0 -1 0 -1 -1
0 1 0 30.9 54.0 0 -1 0 -1 -1
0 1 0 31.0 54.0 0 -1 0 -1 -1
0 1 0 30.9 54.0 0 -1 0 -1 -1
0 1 0 31.0 54.0 0 -1 0 -1 -1
0 1 0 31.0 54.0 0 -1 0 -1 -1
0 1 0 31.0 54.0 0 -1 0 -1 -1
0 1 0 31.0 54.5 0 -1 0 -1 -1
0 1 0 31.0 54.5 0 -1 0 -1 -1
0 1 0 31.0 54.5 0 -1 0 -1 -1
0 1 0 31.0 54.5 0 -1 0 -1 -1
0 1 0 31.0 54.5 0 -1 0 -1 -1
0 1 0 31.0 54.5 0 -1 0 -1 -1
0 1 0 31.0 54.5 0 -1 0 -1 -1
0 1 0 31.0 54.5 0 -1 0 -1 -1
0 1 0 31.1 54.5 0 -1 0 -1 -1
0 1 0 31.0 54.5 0 -1 0 -1 -1
0 1 0 31.0 54.5 0 -1 0 -1 -1
0 1 0 31.1 54.5 0 -1 0 -1 -1
0 1 0 31.0 54.5 0 -1 0 -1 -1
0 1 0 31.1 54.5 0 -1 0 -1 -1
0 1 0 31.1 54.5 0 -1 0 -1 -1
0 1 0 31.1 54.5 0 -1 0 -1 -1
0 1 0 31.1 54.5 0 -1 0 -1 -1
0 1 0 31.1 54.5 0 -1 0 -1 -1
0 1 0 31.1 54.5 0 -1 0 -1 -1
0 1 0 31.1 54.5 0 -1 0 -1 -1
0 1 0 31.1 54.5 0 -1 0 -1 -1
0 1 0 31.1 54.5 0 -1 0 -1 -1
0 1 0 31.0 54.5 0 -1 0 -1 -1
0 1 0 31.1 54.5 0 -1 0 -1 -1
0 1 0 31.1 54.5 0 -1 0 -1 -1
0 1 0 31.1 54.5 0 -1 0 -1 -1
0 1 0 31.2 54.5 0 -1 0 -1 -1
0 1 0 31.2 54.5 0 -1 0 -1 -1
0 1 0 31.1 54.5 0 -1 0 -1 -1
0 1 0 31.1 54.5 0 -1 0 -1 -1
0 1 0 31.2 54.5 0 -1 0 -1 -1
0 1 0 31.2 54.5 0 -1 0 -1 -1
0 1 0 31.1 54.5 0 -1 0 -1 -1
0 1 0 31.1 54.5 0 -1 0 -1 -1
0 1 0 31.2 54.5 0 -1 0 -1 -1
0 1 0 31.2 54.5 0 -1 0 -1 -1
0 1 0 31.1 54.5 0 -1 0 -1 -1
0 1 0 31.1 54.5 0 -1 0 -1 -1
0 1 0 31.2 54.5 0 -1 0 -1 -1
0 1 0 31.2 54.5 0 -1 0 -1 -1
0 1 0 31.2 54.5 0 -1 0 -1 -1
0 1 0 31.2 54.5 0 -1 0 -1 -1
0 1 0 31.2 54.5 0 -1 0 -1 -1
0 1 0 31.2 54.5 0 -1 0 -1 -1
0 1 0 31.2 54.5 0 -1 0 -1 -1
0 1 0 31.2 55.0 0 -1 0 -1 -1
0 1 0 31.2 55.0 0 -1 0 -1 -1
0 1 0 31.2 55.0 0 -1 0 -1 -1
0 1 0 31.2 55.0 0 -1 0 -1 -1
0 1 0 31.2 55.0 0 -1 0 -1 -1
0 1 0 31.3 55.0 0 -1 0 -1 -1
0 1 0 31.2 55.0 0 -1 0 -1 -1
0 1 0 31.2 55.0 0 -1 0 -1 -1
0 1 0 31.2 55.0 0 -1 0 -1 -1
0 1 0 31.2 55.0 0 -1 0 -1 -1
0 1 0 31.2 55.0 0 -1 0 -1 -1
0 1 0 31.3 55.0 0 -1 0 -1 -1
0 1 0 31.3 55.0 0 -1 0 -1 -1
0 1 0 31.2 55.0 0 -1 0 -1 -1
0 1 0 31.3 55.0 0 -1 0 -1 -1
0 1 0 31.3 55.0 0 -1 0 -1 -1
0 1 0 31.3 55.0 0 -1 0 -1 -1
0 1 0 31.3 55.5 0 -1 0 -1 -1
0 1 0 31.3 55.0 0 -1 0 -1 -1
0 1 0 31.3 55.5 0 -1 0 -1 -1
0 1 0 31.3 55.5 0 -1 0 -1 -1
0 1 0 31.3 55.5 0 -1 0 -1 -1
0 1 0 31.2 55.5 0 -1 0 -1 -1
0 1 0 31.3 55.5 0 -1 0 -1 -1
0 1 0 31.3 55.5 0 -1 0 -1 -1
0 1 0 31.3 55.5 0 -1 0 -1 -1
0 1 0 31.3 55.5 0 -1 0 -1 -1
0 1 0 31.3 55.5 0 -1 0 -1 -1
0 1 0 31.3 55.5 0 -1 0 -1 -1
0 1 0 31.3 55.5 0 -1 0 -1 -1
0 1 0 31.3 55.5 0 -1 0 -1 -1
0 1 0 31.3 55.5 0 -1 0 -1 -1
0 1 0 31.3 55.5 0 -1 0 -1 -1
0 1 0 31.3 55.5 0 -1 0 -1 -1
0 1 0 31.4 55.5 0 -1 0 -1 -1
0 1 0 31.4 55.5 0 -1 0 -1 -1
0 1 0 31.3 55.5 0 -1 0 -1 -1
0 1 0 31.3 55.5 0 -1 0 -1 -1
0 1 0 31.4 55.5 0 -1 0 -1 -1
0 1 0 31.3 55.5 0 -1 0 -1 -1
0 1 0 31.4 55.5 0 -1 0 -1 -1
0 1 0 31.4 55.5 0 -1 0 -1 -1
0 1 0 31.3 55.5 0 -1 0 -1 -1
0 1 0 31.4 55.5 0 -1 0 -1 -1
0 1 0 31.4 55.5 0 -1 0 -1 -1
0 1 0 31.4 55.5 0 -1 0 -1 -1
0 1 0 31.4 55.5 0 -1 0 -1 -1
0 1 0 31.4 55.5 0 -1 0 -1 -1
0 1 0 31.4 55.5 0 -1 0 -1 -1
0 1 0 31.3 55.5 0 -1 0 -1 -1
0 1 0 31.4 55.5 0 -1 0 -1 -1
0 1 0 31.4 55.5 0 -1 0 -1 -1
0 1 0 31.4 55.5 0 -1 0 -1 -1
0 1 0 31.4 55.5 0 -1 0 -1 -1
0 1 0 31.4 55.5 0 -1 0 -1 -1
0 1 0 31.4 55.5 0 -1 0 -1 -1
0 1 0 31.3 55.5 0 -1 0 -1 -1
0 1 0 31.4 55.5 0 -1 0 -1 -1
0 1 0 31.4 55.5 0 -1 0 -1 -1
0 1 0 31.4 55.5 0 -1 0 -1 -1
0 1 0 31.4 55.5 0 -1 0 -1 -1
0 1 0 31.5 55.5 0 -1 0 -1 -1
0 1 0 31.5 55.5 0 -1 0 -1 -1
0 1 0 31.4 55.5 0 -1 0 -1 -1
0 1 0 31.5 55.5 0 -1 0 -1 -1
0 1 0 31.4 55.5 0 -1 0 -1 -1
0 1 0 31.5 55.5 0 -1 0 -1 -1
0 1 0 31.4 55.5 0 -1 0 -1 -1
0 1 0 31.4 55.5 0 -1 0 -1 -1
0 1 0 31.5 55.5 0 -1 0 -1 -1
0 1 0 31.4 55.5 0 -1 0 -1 -1
0 1 0 31.4 55.5 0 -1 0 -1 -1
0 1 0 31.5 55.5 0 -1 0 -1 -1
0 1 0 31.5 55.5 0 -1 0 -1 -1
0 1 0 31.6 56.0 0 -1 0 -1 -1
0 1 0 31.5 56.0 0 -1 0 -1 -1
0 1 0 31.5 55.5 0 -1 0 -1 -1
0 1 0 31.4 55.5 0 -1 0 -1 -1
0 1 0 31.5 56.0 0 -1 0 -1 -1
0 1 0 31.5 56.0 0 -1 0 -1 -1
0 1 0 31.5 55.5 0 -1 0 -1 -1
0 1 0 31.5 55.5 0 -1 0 -1 -1
0 1 0 31.5 56.0 0 -1 0 -1 -1
0 1 0 31.5 56.0 0 -1 0 -1 -1
0 1 0 31.5 56.0 0 -1 0 -1 -1
0 1 0 31.4 56.0 0 -1 0 -1 -1
0 1 0 31.5 56.0 0 -1 0 -1 -1
0 1 0 31.5 56.0 0 -1 0 -1 -1
0 1 0 31.4 55.5 0 -1 0 -1 -1
0 1 0 31.5 56.0 0 -1 0 -1 -1
0 1 0 31.5 56.0 0 -1 0 -1 -1
0 1 0 31.5 56.0 0 -1 0 -1 -1
0 1 0 31.5 56.0 0 -1 0 -1 -1
0 1 0 31.5 56.0 0 -1 0 -1 -1
0 1 0 31.6 56.0 0 -1 0 -1 -1
0 1 0 31.5 56.0 0 -1 0 -1 -1
0 1 0 31.6 56.0 0 -1 0 -1 -1
0 1 0 31.5 56.0 0 -1 0 -1 -1
0 1 0 31.6 56.0 0 -1 0 -1 -1
0 1 0 31.5 56.0 0 -1 0 -1 -1
0 1 0 31.5 56.0 0 -1 0 -1 -1
0 1 0 31.6 56.0 0 -1 0 -1 -1
0 1 0 31.6 56.0 0 -1 0 -1 -1
0 1 0 31.6 56.0 0 -1 0 -1 -1
0 1 0 31.5 56.0 0 -1 0 -1 -1
0 1 0 31.5 56.0 0 -1 0 -1 -1
0 1 0 31.5 56.0 0 -1 0 -1 -1
0 1 0 31.6 56.0 0 -1 0 -1 -1
0 1 0 31.5 56.0 0 -1 0 -1 -1
0 1 0 31.5 56.0 0 -1 0 -1 -1
0 1 0 31.5 56.0 0 -1 0 -1 -1
0 1 0 31.6 56.0 0 -1 0 -1 -1
0 1 0 31.6 56.0 0 -1 0 -1 -1
0 1 0 31.6 56.0 0 -1 0 -1 -1
0 1 0 31.6 56.0 0 -1 0 -1 -1
0 1 0 31.6 56.0 0 -1 0 -1 -1
0 1 0 31.6 56.0 0 -1 0 -1 -1
0 1 0 31.6 56.0 0 -1 0 -1 -1
0 1 0 31.6 56.0 0 -1 0 -1 -1
0 1 0 31.6 56.0 0 -1 0 -1 -1
0 1 0 31.6 56.0 0 -1 0 -1 -1
0 1 0 31.5 56.0 0 -1 0 -1 -1
0 1 0 31.6 56.0 0 -1 0 -1 -1
0 1 0 31.6 56.0 0 -1 0 -1 -1
0 1 0 31.6 56.0 0 -1 0 -1 -1
0 1 0 31.6 56.0 0 -1 0 -1 -1
0 1 0 31.6 56.0 0 -1 0 -1 -1
0 1 0 31.6 56.5 0 -1 0 -1 -1
0 1 0 31.6 56.0 0 -1 0 -1 -1
0 1 0 31.6 56.5 0 -1 0 -1 -1
0 1 0 31.6 56.5 0 -1 0 -1 -1
0 1 0 31.6 56.5 0 -1 0 -1 -1
0 1 0 31.6 56.5 0 -1 0 -1 -1
0 1 0 31.6 56.5 0 -1 0 -1 -1
0 1 0 31.6 56.5 0 -1 0 -1 -1
0 1 0 31.5 56.5 0 -1 0 -1 -1
0 1 0 31.6 56.5 0 -1 0 -1 -1
0 1 0 31.6 56.5 0 -1 0 -1 -1
0 1 0 31.7 56.5 0 -1 0 -1 -1
0 1 0 31.6 56.5 0 -1 0 -1 -1
0 1 0 31.6 56.5 0 -1 0 -1 -1
0 1 0 31.6 56.5 0 -1 0 -1 -1
0 1 0 31.6 56.5 0 -1 0 -1 -1
0 1 0 31.6 56.5 0 -1 0 -1 -1
0 1 0 31.6 56.5 0 -1 0 -1 -1
0 1 0 31.6 56.5 0 -1 0 -1 -1
0 1 0 31.6 56.5 0 -1 0 -1 -1
0 1 0 31.6 56.5 0 -1 0 -1 -1
0 1 0 31.6 56.5 0 -1 0 -1 -1
0 1 0 31.6 56.5 0 -1 0 -1 -1
0 1 0 31.6 56.5 0 -1 0 -1 -1
0 1 0 31.6 56.5 0 -1 0 -1 -1
0 1 0 31.6 56.5 0 -1 0 -1 -1
0 1 0 31.6 56.5 0 -1 0 -1 -1
0 1 0 31.6 56.5 0 -1 0 -1 -1
0 1 0 31.6 56.5 0 -1 0 -1 -1
0 1 0 31.6 56.5 0 -1 0 -1 -1
0 1 0 31.6 56.5 0 -1 0 -1 -1
0 1 0 31.6 56.5 0 -1 0 -1 -1
0 1 0 31.7 56.5 0 -1 0 -1 -1
0 1 0 31.6 56.5 0 -1 0 -1 -1
0 1 0 31.7 56.5 0 -1 0 -1 -1
0 1 0 31.6 56.5 0 -1 0 -1 -1
0 1 0 31.7 56.5 0 -1 0 -1 -1
0 1 0 31.7 56.5 0 -1 0 -1 -1
0 1 0 31.6 56.5 2 -1 0 -1 -1
0 1 0 31.6 56.5 2 -1 0 -1 -1
0 1 0 31.6 56.5 2 -1 0 -1 -1
0 1 0 31.6 56.5 2 -1 0 -1 -1
0 1 0 31.6 56.5 1 -1 0 -1 -1
0 1 0 31.7 56.5 1 -1 0 -1 -1
0 1 0 31.6 56.5 1 -1 0 -1 -1
0 1 0 31.6 56.5 1 -1 0 -1 -1
0 1 0 31.6 56.5 1 -1 0 -1 -1
0 1 0 31.6 56.5 1 -1 0 -1 -1
0 1 0 31.7 56.5 1 -1 0 -1 -1
0 1 0 31.7 56.5 1 -1 0 -1 -1
0 1 0 31.6 56.5 1 -1 0 -1 -1
0 1 0 31.7 56.5 1 -1 0 -1 -1
0 1 0 31.7 56.5 1 -1 0 -1 -1
0 1 0 31.6 56.5 1 -1 0 -1 -1
0 1 0 31.7 56.5 1 -1 0 -1 -1
0 1 0 31.7 56.5 1 -1 0 -1 -1
0 1 0 31.6 56.5 1 -1 0 -1 -1
0 1 0 31.7 56.5 1 -1 0 -1 -1
0 1 0 31.7 56.5 1 -1 0 -1 -1
0 1 0 31.7 56.5 0 -1 0 -1 -1
0 1 0 31.6 56.5 0 -1 0 -1 -1
0 1 0 31.7 56.5 0 -1 0 -1 -1
0 1 0 31.7 56.5 0 -1 0 -1 -1
0 1 0 31.7 56.5 0 -1 0 -1 -1
0 1 0 31.7 56.5 2 -1 0 -1 -1
0 1 0 31.7 56.5 2 -1 0 -1 -1
0 1 0 31.7 56.5 2 -1 0 -1 -1
0 1 0 31.7 56.5 3 -1 0 -1 -1
0 1 0 31.7 56.5 1 -1 0 -1 -1
0 1 0 31.7 56.5 1 -1 0 -1 -1
0 1 0 31.7 56.5 2 -1 0 -1 -1
0 1 0 31.7 56.5 2 -1 0 -1 -1
0 1 0 31.7 56.5 2 -1 0 -1 -1
0 1 0 31.7 56.5 4 -1 0 -1 -1
0 1 0 31.7 56.5 1 -1 0 -1 -1
0 1 0 31.7 56.5 1 -1 0 -1 -1
0 1 0 31.7 56.5 2 -1 0 -1 -1
0 1 0 31.7 56.5 2 -1 0 -1 -1
0 1 0 31.7 56.5 4 -1 0 -1 -1
0 1 0 31.7 56.5 4 -1 0 -1 -1
0 1 0 31.8 56.5 6 -1 0 -1 -1
0 1 0 31.8 56.5 3 -1 0 -1 -1
0 1 0 31.7 56.5 3 -1 0 -1 -1
0 1 0 31.8 56.5 5 -1 0 -1 -1
0 1 0 31.7 57.0 5 -1 0 -1 -1
0 1 0 31.7 56.5 5 -1 0 -1 -1
0 1 0 31.7 56.5 7 -1 0 -1 -1
0 1 0 31.7 56.5 7 -1 0 -1 -1
0 1 0 31.8 56.5 9 -1 0 -1 -1
0 1 0 31.7 56.5 7 -1 0 -1 -1
0 1 0 31.7 56.5 5 -1 0 -1 -1
0 1 0 31.8 56.5 6 -1 0 -1 -1
0 1 0 31.8 56.5 6 -1 0 -1 -1
0 1 0 31.8 56.5 6 -1 0 -1 -1
0 1 0 31.8 56.5 5 -1 0 -1 -1
0 1 0 31.8 56.5 7 -1 0 -1 -1
0 1 0 31.8 56.5 9 -1 0 -1 -1
0 1 0 31.7 56.5 5 -1 0 -1 -1
0 1 0 31.7 56.5 7 -1 0 -1 -1
0 1 0 31.7 56.5 7 -1 0 -1 -1
0 1 0 31.8 56.5 7 -1 0 -1 -1
0 1 0 31.8 56.5 7 -1 0 -1 -1
0 1 0 31.8 56.5 9 -1 0 -1 -1
0 1 0 31.8 57.0 9 -1 0 -1 -1
0 1 0 31.8 56.5 11 -1 0 -1 -1
0 1 0 31.8 56.5 11 -1 0 -1 -1
0 1 0 31.8 57.0 7 -1 0 -1 -1
0 1 0 31.8 56.5 9 -1 0 -1 -1
0 1 0 31.8 56.5 9 -1 0 -1 -1
0 1 0 31.8 56.5 9 -1 0 -1 -1
0 1 0 31.8 56.5 9 -1 0 -1 -1
0 1 0 31.8 56.5 11 -1 0 -1 -1
0 1 0 31.8 56.5 13 -1 0 -1 -1
0 1 0 31.8 56.5 13 -1 0 -1 -1
0 1 0 31.8 56.5 12 -1 0 -1 -1
0 1 0 31.9 56.5 14 -1 0 -1 -1
0 1 0 31.8 56.5 14 -1 0 -1 -1
0 1 0 31.9 56.5 14 -1 0 -1 -1
0 1 0 31.9 56.5 16 -1 0 -1 -1
0 1 0 31.8 56.5 14 -1 0 -1 -1
0 1 0 31.8 56.5 14 -1 0 -1 -1
0 1 0 31.9 56.5 16 -1 0 -1 -1
0 1 0 31.9 56.5 16 -1 0 -1 -1
0 1 0 31.9 56.5 16 -1 0 -1 -1
0 1 0 31.8 56.5 16 -1 0 -1 -1
0 1 0 31.9 56.5 18 -1 0 -1 -1
0 1 0 31.9 56.5 18 -1 0 -1 -1
0 1 0 31.9 56.5 16 -1 0 -1 -1
0 1 0 32.0 56.5 16 -1 0 -1 -1
0 1 0 31.9 56.5 16 -1 0 -1 -1
0 1 0 31.9 56.5 16 -1 0 -1 -1
0 1 0 31.9 56.5 18 -1 0 -1 -1
0 1 0 32.0 56.5 18 -1 0 -1 -1
0 1 0 31.9 56.5 20 -1 0 -1 -1
0 1 0 31.9 56.5 22 -1 0 -1 -1
0 1 0 31.9 56.5 21 -1 0 -1 -1
0 1 0 31.9 56.5 23 -1 0 -1 -1
0 1 0 32.0 56.5 23 -1 0 -1 -1
0 1 0 32.0 56.5 25 -1 0 -1 -1
0 1 0 32.0 57.0 27 -1 0 -1 -1
0 1 0 31.9 57.0 23 -1 0 -1 -1
0 1 0 32.0 57.0 23 -1 0 -1 -1
0 1 0 32.0 57.0 25 -1 0 -1 -1
0 1 0 32.0 57.0 27 -1 0 -1 -1
0 1 0 32.0 57.0 27 -1 0 -1 -1
0 1 0 32.0 57.0 27 -1 0 -1 -1
0 1 0 32.1 57.0 27 -1 0 -1 -1
0 1 0 32.1 57.0 29 -1 0 -1 -1
0 1 0 32.1 57.0 28 -1 0 -1 -1
0 1 0 32.1 57.0 28 -1 0 -1 -1
0 1 0 32.1 57.0 30 -1 0 -1 -1
0 1 0 32.1 57.0 32 -1 0 -1 -1
0 1 0 32.1 57.0 32 -1 0 -1 -1
0 1 0 32.1 57.0 32 -1 0 -1 -1
0 1 0 32.1 57.0 30 -1 0 -1 -1
0 1 0 32.2 57.0 30 -1 0 -1 -1
0 1 0 32.1 57.0 30 -1 0 -1 -1
0 1 0 32.1 57.0 30 -1 0 -1 -1
0 1 0 32.2 57.0 34 -1 0 -1 -1
0 1 0 32.2 57.0 32 -1 0 -1 -1
0 1 0 32.2 57.0 32 -1 0 -1 -1
0 1 0 32.2 57.0 34 -1 0 -1 -1
0 1 0 32.1 57.0 34 -1 0 -1 -1
0 1 0 32.2 57.0 34 -1 0 -1 -1
0 1 0 32.2 57.0 36 -1 0 -1 -1
0 1 0 32.2 57.0 35 -1 0 -1 -1
0 1 0 32.2 57.0 35 -1 0 -1 -1
0 1 0 32.3 57.0 37 -1 0 -1 -1
0 1 0 32.2 57.0 39 -1 0 -1 -1
0 1 0 32.3 57.0 37 -1 0 -1 -1
0 1 0 32.3 57.0 39 -1 0 -1 -1
0 1 0 32.2 57.0 39 -1 0 -1 -1
0 1 0 32.2 57.0 41 -1 0 -1 -1
0 1 0 32.3 57.0 43 -1 0 -1 -1
0 1 0 32.3 57.0 39 -1 0 -1 -1
0 1 0 32.2 57.0 41 -1 0 -1 -1
0 1 0 32.2 57.0 41 -1 0 -1 -1
0 1 0 32.3 57.5 43 -1 0 -1 -1
0 1 0 32.3 57.5 43 -1 0 -1 -1
0 1 0 32.3 57.5 45 -1 0 -1 -1
0 1 0 32.3 57.5 44 -1 0 -1 -1
0 1 0 32.3 57.5 44 -1 0 -1 -1
0 1 0 32.4 57.5 46 -1 0 -1 -1
0 1 0 32.4 57.5 44 -1 0 -1 -1
0 1 0 32.4 57.5 44 -1 0 -1 -1
0 1 0 32.4 58.0 46 -1 0 -1 -1
0 1 0 32.4 58.0 48 -1 0 -1 -1
0 1 0 32.4 58.0 50 -1 0 -1 -1
0 1 0 32.4 58.0 48 -1 0 -1 -1
0 1 0 32.4 58.0 48 -1 0 -1 -1
0 1 0 32.3 58.0 48 -1 0 -1 -1
0 1 0 32.4 58.0 48 -1 0 -1 -1
0 1 0 32.4 57.5 52 -1 0 -1 -1
0 1 0 32.4 58.0 52 -1 0 -1 -1
0 1 0 32.4 57.5 52 -1 0 -1 -1
0 1 0 32.4 57.5 52 -1 0 -1 -1
0 1 0 32.4 57.5 49 -1 0 -1 -1
0 1 0 32.4 57.5 51 -1 0 -1 -1
0 1 0 32.4 57.5 52 -1 0 -1 -1
0 1 0 32.5 57.5 51 -1 0 -1 -1
0 1 0 32.4 57.5 52 -1 0 -1 -1
0 1 0 32.4 57.5 52 -1 0 -1 -1
0 1 0 32.5 57.5 49 -1 0 -1 -1
0 1 0 32.4 58.0 51 -1 0 -1 -1
0 1 0 32.5 58.0 51 -1 0 -1 -1
0 1 0 32.4 58.0 52 -1 0 -1 -1
0 1 0 32.4 58.0 52 -1 0 -1 -1
0 1 0 32.4 58.0 50 -1 0 -1 -1
0 1 0 32.4 58.0 50 -1 0 -1 -1
0 1 0 32.4 58.0 48 -1 0 -1 -1
0 1 0 32.4 58.0 48 -1 0 -1 -1
0 1 0 32.5 58.0 48 -1 0 -1 -1
0 1 0 32.4 58.0 48 -1 0 -1 -1
0 1 0 32.4 58.0 50 -1 0 -1 -1
0 1 0 32.5 58.0 48 -1 0 -1 -1
0 1 0 32.4 58.0 50 -1 0 -1 -1
0 1 0 32.4 58.0 50 -1 0 -1 -1
0 1 0 32.4 58.0 48 -1 0 -1 -1
0 1 0 32.4 58.0 46 -1 0 -1 -1
0 1 0 32.3 58.0 50 -1 0 -1 -1
0 1 0 32.3 58.0 48 -1 0 -1 -1
0 1 0 32.4 58.0 46 -1 0 -1 -1
0 1 0 32.4 58.0 46 -1 0 -1 -1
0 1 0 32.4 58.0 48 -1 0 -1 -1
0 1 0 32.4 58.5 46 -1 0 -1 -1
0 1 0 32.4 58.5 44 -1 0 -1 -1
0 1 0 32.5 58.5 44 -1 0 -1 -1
0 1 0 32.4 58.5 45 -1 0 -1 -1
0 1 0 32.3 58.5 43 -1 0 -1 -1
0 1 0 32.3 58.5 41 -1 0 -1 -1
0 1 0 32.4 59.0 45 -1 0 -1 -1
0 1 0 32.3 59.0 43 -1 0 -1 -1
0 1 0 32.4 59.0 41 -1 0 -1 -1
0 1 0 32.4 59.0 41 -1 0 -1 -1
0 1 0 32.4 59.0 39 -1 0 -1 -1
0 1 0 32.4 59.0 36 -1 0 -1 -1
0 1 0 32.4 59.0 34 -1 0 -1 -1
0 1 0 32.3 59.0 34 -1 0 -1 -1
0 1 0 32.4 59.0 36 -1 0 -1 -1
0 1 0 32.4 59.5 32 -1 0 -1 -1
0 1 0 32.3 59.5 30 -1 0 -1 -1
0 1 0 32.4 59.5 34 -1 0 -1 -1
0 1 0 32.4 59.5 30 -1 0 -1 -1
0 1 0 32.4 59.5 30 -1 0 -1 -1
0 1 0 32.4 59.5 32 -1 0 -1 -1
0 1 0 32.4 60.0 29 -1 0 -1 -1
0 1 0 32.4 60.0 27 -1 0 -1 -1
0 1 0 32.4 60.0 27 -1 0 -1 -1
0 1 0 32.4 60.0 29 -1 0 -1 -1
0 1 0 32.4 60.0 29 -1 0 -1 -1
0 1 0 32.4 60.0 29 -1 0 -1 -1
0 1 0 32.4 60.0 29 -1 0 -1 -1
0 1 0 32.4 60.0 29 -1 0 -1 -1
0 1 0 32.4 60.5 32 -1 0 -1 -1
0 1 0 32.4 60.5 32 -1 0 -1 -1
0 1 0 32.4 60.5 29 -1 0 -1 -1
0 1 0 32.4 60.5 29 -1 0 -1 -1
0 1 0 32.4 60.5 32 -1 0 -1 -1
0 1 0 32.4 60.5 29 -1 0 -1 -1
0 1 0 32.4 60.5 31 -1 0 -1 -1
0 1 0 32.4 60.5 27 -1 0 -1 -1
0 1 0 32.4 60.5 27 -1 0 -1 -1
0 1 0 32.3 60.5 27 -1 0 -1 -1
0 1 0 32.4 60.5 27 -1 0 -1 -1
0 1 0 32.4 60.5 29 -1 0 -1 -1
0 1 0 32.3 60.5 27 -1 0 -1 -1
0 1 0 32.4 60.5 29 -1 0 -1 -1
0 1 0 32.3 60.5 29 -1 0 -1 -1
0 1 0 32.3 60.5 27 -1 0 -1 -1
0 1 0 32.3 60.0 29 -1 0 -1 -1
0 1 0 32.4 60.0 29 -1 0 -1 -1
0 1 0 32.3 60.0 32 -1 0 -1 -1
0 1 0 32.3 60.0 29 -1 0 -1 -1
0 1 0 32.3 60.0 29 -1 0 -1 -1
0 1 0 32.3 60.0 27 -1 0 -1 -1
0 1 0 32.3 60.0 27 -1 0 -1 -1
0 1 0 32.3 60.0 27 -1 0 -1 -1
0 1 0 32.3 60.0 29 -1 0 -1 -1
0 1 0 32.3 60.0 31 -1 0 -1 -1
0 1 0 32.4 60.0 27 -1 0 -1 -1
0 1 0 32.3 60.0 27 -1 0 -1 -1
0 1 0 32.3 60.0 29 -1 0 -1 -1
0 1 0 32.3 60.5 27 -1 0 -1 -1
0 1 0 32.3 60.0 29 -1 0 -1 -1
0 1 0 32.3 60.5 27 -1 0 -1 -1
0 1 0 32.3 60.5 27 -1 0 -1 -1
0 1 0 32.3 60.5 27 -1 0 -1 -1
0 1 0 32.2 60.0 25 -1 0 -1 -1
0 1 0 32.4 60.0 25 -1 0 -1 -1
0 1 0 32.3 60.0 27 -1 0 -1 -1
0 1 0 32.3 60.0 25 -1 0 -1 -1
0 1 0 32.3 60.0 27 -1 0 -1 -1
0 1 0 32.3 60.0 27 -1 0 -1 -1
0 1 0 32.3 60.0 27 -1 0 -1 -1
0 1 0 32.3 60.0 27 -1 0 -1 -1
0 1 0 32.2 60.0 27 -1 0 -1 -1
0 1 0 32.3 60.0 23 -1 0 -1 -1
0 1 0 32.2 60.0 27 -1 0 -1 -1
0 1 0 32.2 60.0 25 -1 0 -1 -1
0 1 0 32.2 60.0 25 -1 0 -1 -1
0 1 0 32.2 59.5 25 -1 0 -1 -1
0 1 0 32.2 59.5 25 -1 0 -1 -1
0 1 0 32.2 59.5 25 -1 0 -1 -1
0 1 0 32.2 59.5 25 -1 0 -1 -1
0 1 0 32.2 59.5 25 -1 0 -1 -1
0 1 0 32.2 59.5 25 -1 0 -1 -1
0 1 0 32.3 59.5 23 -1 0 -1 -1
0 1 0 32.2 59.5 23 -1 0 -1 -1
0 1 0 32.1 59.0 23 -1 0 -1 -1
0 1 0 32.1 59.0 23 -1 0 -1 -1
0 1 0 32.2 59.0 23 -1 0 -1 -1
0 1 0 32.1 58.5 23 -1 0 -1 -1
0 1 0 32.1 58.5 23 -1 0 -1 -1
0 1 0 32.1 58.5 21 -1 0 -1 -1
0 1 0 32.1 58.5 21 -1 0 -1 -1
0 1 0 32.1 58.5 23 -1 0 -1 -1
0 1 0 32.1 58.5 23 -1 0 -1 -1
0 1 0 32.1 58.5 23 -1 0 -1 -1
0 1 0 32.1 58.5 27 -1 0 -1 -1
0 1 0 32.1 58.5 23 -1 0 -1 -1
0 1 0 32.0 58.5 21 -1 0 -1 -1
0 1 0 32.1 58.5 23 -1 0 -1 -1
0 1 0 32.1 58.5 25 -1 0 -1 -1
0 1 0 32.1 58.0 23 -1 0 -1 -1
0 1 0 32.1 58.5 23 -1 0 -1 -1
0 1 0 32.0 58.5 23 -1 0 -1 -1
0 1 0 32.1 58.5 25 -1 0 -1 -1
0 1 0 32.1 58.5 23 -1 0 -1 -1
0 1 0 32.1 58.5 22 -1 0 -1 -1
0 1 0 32.1 58.5 21 -1 0 -1 -1
0 1 0 32.1 58.5 22 -1 0 -1 -1
0 1 0 32.0 58.5 22 -1 0 -1 -1
0 1 0 32.1 58.5 25 -1 0 -1 -1
0 1 0 32.1 58.5 25 -1 0 -1 -1
0 1 0 32.1 58.5 22 -1 0 -1 -1
0 1 0 32.1 58.5 22 -1 0 -1 -1
0 1 0 32.1 58.5 22 -1 0 -1 -1
0 1 0 32.1 58.5 25 -1 0 -1 -1
0 1 0 32.1 58.0 21 -1 0 -1 -1
0 1 0 32.0 58.5 21 -1 0 -1 -1
0 1 0 32.1 58.5 25 -1 0 -1 -1
0 1 0 32.1 58.5 23 -1 0 -1 -1
0 1 0 32.1 58.5 25 -1 0 -1 -1
0 1 0 32.1 58.5 23 -1 0 -1 -1
0 1 0 32.1 58.5 21 -1 0 -1 -1
0 1 0 32.1 59.0 25 -1 0 -1 -1
0 1 0 32.1 59.0 22 -1 0 -1 -1
0 1 0 32.1 59.0 22 -1 0 -1 -1
0 1 0 32.1 59.0 21 -1 0 -1 -1
0 1 0 32.1 59.0 21 -1 0 -1 -1
0 1 0 32.1 59.0 22 -1 0 -1 -1
0 1 0 32.2 59.5 22 -1 0 -1 -1
0 1 0 32.2 59.5 20 -1 0 -1 -1
0 1 0 32.2 59.5 22 -1 0 -1 -1
0 1 0 32.1 59.5 22 -1 0 -1 -1
0 1 0 32.2 59.5 22 -1 0 -1 -1
0 1 0 32.2 59.5 22 -1 0 -1 -1
0 1 0 32.2 59.5 22 -1 0 -1 -1
0 1 0 32.2 59.5 22 -1 0 -1 -1
0 1 0 32.2 59.5 22 -1 0 -1 -1
0 1 0 32.2 59.5 22 -1 0 -1 -1
0 1 0 32.2 59.0 21 -1 0 -1 -1
0 1 0 32.2 59.0 21 -1 0 -1 -1
0 1 0 32.2 59.0 23 -1 0 -1 -1
0 1 0 32.2 59.0 23 -1 0 -1 -1
0 1 0 32.2 59.5 23 -1 0 -1 -1
0 1 0 32.2 59.5 21 -1 0 -1 -1
0 1 0 32.2 59.5 21 -1 0 -1 -1
0 1 0 32.2 59.5 22 -1 0 -1 -1
0 1 0 32.2 60.0 20 -1 0 -1 -1
0 1 0 32.3 60.0 20 -1 0 -1 -1
0 1 0 32.3 60.0 25 -1 0 -1 -1
0 1 0 32.3 60.0 22 -1 0 -1 -1
0 1 0 32.2 60.0 20 -1 0 -1 -1
0 1 0 32.3 60.0 22 -1 0 -1 -1
0 1 0 32.3 60.0 22 -1 0 -1 -1
0 1 0 32.3 60.0 22 -1 0 -1 -1
0 1 0 32.4 60.0 20 -1 0 -1 -1
0 1 0 32.3 60.0 21 -1 0 -1 -1
0 1 0 32.3 60.0 21 -1 0 -1 -1
0 1 0 32.3 60.0 21 -1 0 -1 -1
0 1 0 32.3 60.0 21 -1 0 -1 -1
0 1 0 32.3 60.0 20 -1 0 -1 -1
0 1 0 32.3 60.0 22 -1 0 -1 -1
0 1 0 32.3 60.0 22 -1 0 -1 -1
0 1 0 32.3 60.5 21 -1 0 -1 -1
0 1 0 32.3 60.5 22 -1 0 -1 -1
0 1 0 32.3 60.5 21 -1 0 -1 -1
0 1 0 32.3 60.5 22 -1 0 -1 -1
0 1 0 32.3 60.5 22 -1 0 -1 -1
0 1 0 32.4 60.5 23 -1 0 -1 -1
0 1 0 32.3 60.5 23 -1 0 -1 -1
0 1 0 32.3 60.5 23 -1 0 -1 -1
0 1 0 32.4 60.5 23 -1 0 -1 -1
0 1 0 32.4 60.5 23 -1 0 -1 -1
0 1 0 32.4 61.0 23 -1 0 -1 -1
0 1 0 32.4 61.0 23 -1 0 -1 -1
0 1 0 32.4 61.0 25 -1 0 -1 -1
0 1 0 32.4 61.0 23 -1 0 -1 -1
0 1 0 32.3 61.0 25 -1 0 -1 -1
0 1 0 32.4 61.0 21 -1 0 -1 -1
0 1 0 32.4 61.0 23 -1 0 -1 -1
0 1 0 32.4 61.0 21 -1 0 -1 -1
0 1 0 32.4 61.0 19 -1 0 -1 -1
0 1 0 32.4 61.0 21 -1 0 -1 -1
0 1 0 32.4 61.0 25 -1 0 -1 -1
0 1 0 32.4 61.0 21 -1 0 -1 -1
0 1 0 32.4 61.0 25 -1 0 -1 -1
0 1 0 32.4 61.0 23 -1 0 -1 -1
0 1 0 32.4 61.0 25 -1 0 -1 -1
0 1 0 32.4 61.0 25 -1 0 -1 -1
0 1 0 32.5 61.0 29 -1 0 -1 -1
0 1 0 32.5 61.0 27 -1 0 -1 -1
0 1 0 32.4 61.0 28 -1 0 -1 -1
0 1 0 32.4 61.0 27 -1 0 -1 -1
0 1 0 32.4 61.0 27 -1 0 -1 -1
0 1 0 32.5 61.0 25 -1 0 -1 -1
0 1 0 32.5 61.0 21 -1 0 -1 -1
0 1 0 32.4 61.5 23 -1 0 -1 -1
0 1 0 32.5 61.5 25 -1 0 -1 -1
0 1 0 32.5 61.5 25 -1 0 -1 -1
0 1 0 32.5 61.5 25 -1 0 -1 -1
0 1 0 32.6 61.5 23 -1 0 -1 -1
0 1 0 32.5 61.5 25 -1 0 -1 -1
0 1 0 32.5 61.5 25 -1 0 -1 -1
0 1 0 32.6 62.0 25 -1 0 -1 -1
0 1 0 32.6 62.0 25 -1 0 -1 -1
0 1 0 32.6 62.0 25 -1 0 -1 -1
0 1 0 32.6 62.0 23 -1 0 -1 -1
0 1 0 32.7 62.0 23 -1 0 -1 -1
0 1 0 32.6 62.0 23 -1 0 -1 -1
0 1 0 32.6 62.0 27 -1 0 -1 -1
0 1 0 32.6 62.0 23 -1 0 -1 -1
0 1 0 32.7 62.0 25 -1 0 -1 -1
0 1 0 32.6 62.0 23 -1 0 -1 -1
0 1 0 32.7 62.0 21 -1 0 -1 -1
0 1 0 32.7 62.0 21 -1 0 -1 -1
0 1 0 32.6 62.0 19 -1 0 -1 -1
0 1 0 32.7 62.0 22 -1 0 -1 -1
0 1 0 32.7 62.0 21 -1 0 -1 -1
0 1 0 32.7 62.0 21 -1 0 -1 -1
0 1 0 32.6 62.0 21 -1 0 -1 -1
0 1 0 32.7 62.0 22 -1 0 -1 -1
0 1 0 32.8 62.0 23 -1 0 -1 -1
0 1 0 32.8 62.0 20 -1 0 -1 -1
0 1 0 32.7 62.0 22 -1 0 -1 -1
0 1 0 32.7 62.0 19 -1 0 -1 -1
0 1 0 32.8 61.5 23 -1 0 -1 -1
0 1 0 32.7 61.5 23 -1 0 -1 -1
0 1 0 32.8 61.5 23 -1 0 -1 -1
0 1 0 32.7 61.5 23 -1 0 -1 -1
0 1 0 32.8 61.5 25 -1 0 -1 -1
0 1 0 32.7 61.5 25 -1 0 -1 -1
0 1 0 32.8 61.5 21 -1 0 -1 -1
0 1 0 32.7 61.5 25 -1 0 -1 -1
0 1 0 32.7 61.5 23 -1 0 -1 -1
0 1 0 32.8 61.5 23 -1 0 -1 -1
0 1 0 32.8 61.5 23 -1 0 -1 -1
0 1 0 32.8 61.5 25 -1 0 -1 -1
0 1 0 32.8 61.5 27 -1 0 -1 -1
0 1 0 32.8 61.5 25 -1 0 -1 -1
0 1 0 32.8 61.5 21 -1 0 -1 -1
0 1 0 32.8 61.5 21 -1 0 -1 -1
0 1 0 32.8 61.5 23 -1 0 -1 -1
0 1 0 32.9 61.5 21 -1 0 -1 -1
0 1 0 32.9 61.5 21 -1 0 -1 -1
0 1 0 32.9 61.5 23 -1 0 -1 -1
0 1 0 32.8 61.5 21 -1 0 -1 -1
0 1 0 32.9 61.5 19 -1 0 -1 -1
0 1 0 32.9 61.5 19 -1 0 -1 -1
0 1 0 32.9 61.5 19 -1 0 -1 -1
0 1 0 33.0 61.5 21 -1 0 -1 -1
0 1 0 32.9 61.5 21 -1 0 -1 -1
0 1 0 32.9 61.5 21 -1 0 -1 -1
0 1 0 32.9 61.5 19 -1 0 -1 -1
0 1 0 32.9 61.5 21 -1 0 -1 -1
0 1 0 33.0 61.5 23 -1 0 -1 -1
0 1 0 33.0 61.5 21 -1 0 -1 -1
0 1 0 32.9 61.5 23 -1 0 -1 -1
0 1 0 32.9 61.0 21 -1 0 -1 -1
0 1 0 33.0 61.0 25 -1 0 -1 -1
0 1 0 33.1 61.5 21 -1 0 -1 -1
0 1 0 33.1 61.5 23 -1 0 -1 -1
0 1 0 33.0 61.5 23 -1 0 -1 -1
0 1 0 33.0 61.5 21 -1 0 -1 -1
0 1 0 33.0 61.0 21 -1 0 -1 -1
0 1 0 33.1 61.0 21 -1 0 -1 -1
0 1 0 33.1 61.0 21 -1 0 -1 -1
0 1 0 33.0 61.0 25 -1 0 -1 -1
0 1 0 33.1 61.0 23 -1 0 -1 -1
0 1 0 33.0 61.0 23 -1 0 -1 -1
0 1 0 33.1 61.0 23 -1 0 -1 -1
0 1 0 33.1 61.0 25 -1 0 -1 -1
0 1 0 33.1 61.0 23 -1 0 -1 -1
0 1 0 33.1 61.5 21 -1 0 -1 -1
0 1 0 33.1 61.5 21 -1 0 -1 -1
0 1 0 33.2 61.5 23 -1 0 -1 -1
0 1 0 33.2 61.5 21 -1 0 -1 -1
0 1 0 33.2 61.5 23 -1 0 -1 -1
0 1 0 33.2 61.5 21 -1 0 -1 -1
0 1 0 33.2 61.5 19 -1 0 -1 -1
0 1 0 33.2 61.5 20 -1 0 -1 -1
0 1 0 33.3 61.5 17 -1 0 -1 -1
0 1 0 33.3 61.5 18 -1 0 -1 -1
0 1 0 33.3 61.5 20 -1 0 -1 -1
0 1 0 33.2 61.5 18 -1 0 -1 -1
0 1 0 33.2 61.5 20 -1 0 -1 -1
0 1 0 33.3 61.5 19 -1 0 -1 -1
0 1 0 33.3 61.5 21 -1 0 -1 -1
0 1 0 33.4 61.5 21 -1 0 -1 -1
0 1 0 33.3 61.5 19 -1 0 -1 -1
0 1 0 33.3 61.5 20 -1 0 -1 -1
0 1 0 33.4 61.5 20 -1 0 -1 -1
0 1 0 33.3 61.5 20 -1 0 -1 -1
0 1 0 33.4 61.5 18 -1 0 -1 -1
0 1 0 33.4 61.5 18 -1 0 -1 -1
0 1 0 33.3 61.5 18 -1 0 -1 -1
0 1 0 33.4 61.5 20 -1 0 -1 -1
0 1 0 33.4 61.5 17 -1 0 -1 -1
0 1 0 33.4 61.5 19 -1 0 -1 -1
0 1 0 33.4 61.5 20 -1 0 -1 -1
0 1 0 33.5 61.5 20 -1 0 -1 -1
0 1 0 33.4 61.5 20 -1 0 -1 -1
0 1 0 33.4 61.5 20 -1 0 -1 -1
0 1 0 33.4 61.5 17 -1 0 -1 -1
0 1 0 33.5 61.5 17 -1 0 -1 -1
0 1 0 33.5 61.5 19 -1 0 -1 -1
0 1 0 33.5 61.5 19 -1 0 -1 -1
0 1 0 33.5 61.5 20 -1 0 -1 -1
0 1 0 33.5 61.5 17 -1 0 -1 -1
0 1 0 33.5 61.5 17 -1 0 -1 -1
0 1 0 33.5 61.0 17 -1 0 -1 -1
0 1 0 33.5 61.0 18 -1 0 -1 -1
0 1 0 33.5 61.0 20 -1 0 -1 -1
0 1 0 33.5 61.0 19 -1 0 -1 -1
0 1 0 33.5 61.0 20 -1 0 -1 -1
0 1 0 33.5 61.0 18 -1 0 -1 -1
0 1 0 33.5 61.5 20 -1 0 -1 -1
0 1 0 33.6 61.0 18 -1 0 -1 -1
0 1 0 33.5 61.5 20 -1 0 -1 -1
0 1 0 33.6 61.0 17 -1 0 -1 -1
0 1 0 33.5 61.0 17 -1 0 -1 -1
0 1 0 33.5 61.5 18 -1 0 -1 -1
0 1 0 33.6 61.5 18 -1 0 -1 -1
0 1 0 33.5 61.5 16 -1 0 -1 -1
0 1 0 33.6 61.5 18 -1 0 -1 -1
0 1 0 33.6 61.5 16 -1 0 -1 -1
0 1 0 33.6 61.5 18 -1 0 -1 -1
0 1 0 33.6 61.5 18 -1 0 -1 -1
0 1 0 33.6 61.5 16 -1 0 -1 -1
0 1 0 33.6 61.5 16 -1 0 -1 -1
0 1 0 33.6 61.5 18 -1 0 -1 -1
0 1 0 33.6 61.5 20 -1 0 -1 -1
0 1 0 33.7 61.5 20 -1 0 -1 -1
0 1 0 33.7 61.5 18 -1 0 -1 -1
0 1 0 33.7 61.5 18 -1 0 -1 -1
0 1 0 33.7 61.5 18 -1 0 -1 -1
0 1 0 33.8 62.0 16 -1 0 -1 -1
0 1 0 33.8 62.0 16 -1 0 -1 -1
0 1 0 33.7 61.5 16 -1 0 -1 -1
0 1 0 33.7 62.0 16 -1 0 -1 -1
0 1 0 33.8 61.5 14 -1 0 -1 -1
0 1 0 33.8 62.0 14 -1 0 -1 -1
0 1 0 33.7 62.0 16 -1 0 -1 -1
0 1 0 33.8 62.0 15 -1 0 -1 -1
0 1 0 33.8 61.5 15 -1 0 -1 -1
0 1 0 33.7 61.5 15 -1 0 -1 -1
0 1 0 33.8 62.0 14 -1 0 -1 -1
0 1 0 33.7 62.0 13 -1 0 -1 -1
0 1 0 33.8 62.0 14 -1 0 -1 -1
0 1 0 33.8 61.5 16 -1 0 -1 -1
0 1 0 33.8 61.5 16 -1 0 -1 -1
0 1 0 33.9 61.5 16 -1 0 -1 -1
0 1 0 33.8 61.5 16 -1 0 -1 -1
0 1 0 33.8 61.5 18 -1 0 -1 -1
0 1 0 33.8 61.5 18 -1 0 -1 -1
0 1 0 33.8 61.5 18 -1 0 -1 -1
0 1 0 33.8 61.5 18 -1 0 -1 -1
0 1 0 33.8 61.5 18 -1 0 -1 -1
0 1 0 33.9 61.5 18 -1 0 -1 -1
0 1 0 33.8 61.5 16 -1 0 -1 -1
0 1 0 33.9 61.5 16 -1 0 -1 -1
0 1 0 33.8 61.5 18 -1 0 -1 -1
0 1 0 33.8 61.5 16 -1 0 -1 -1
0 1 0 33.8 61.5 16 -1 0 -1 -1
0 1 0 33.9 61.5 16 -1 0 -1 -1
0 1 0 33.8 61.5 16 -1 0 -1 -1
0 1 0 33.8 61.5 16 -1 0 -1 -1
0 1 0 33.9 61.5 16 -1 0 -1 -1
0 1 0 33.8 61.5 16 -1 0 -1 -1
0 1 0 33.9 61.5 16 -1 0 -1 -1
0 1 0 33.9 61.5 16 -1 0 -1 -1
0 1 0 33.9 61.5 16 -1 0 -1 -1
0 1 0 33.9 61.5 14 -1 0 -1 -1
0 1 0 34.0 61.5 14 -1 0 -1 -1
0 1 0 33.9 61.5 14 -1 0 -1 -1
0 1 0 34.0 61.5 14 -1 0 -1 -1
0 1 0 34.0 61.5 14 -1 0 -1 -1
0 1 0 34.0 61.5 16 -1 0 -1 -1
0 1 0 34.0 61.5 16 -1 0 -1 -1
0 1 0 34.0 61.5 14 -1 0 -1 -1
0 1 0 34.0 61.5 14 -1 0 -1 -1
0 1 0 34.0 61.5 14 -1 0 -1 -1
0 1 0 34.0 61.5 16 -1 0 -1 -1
0 1 0 34.0 61.5 14 -1 0 -1 -1
0 1 0 34.0 61.5 14 -1 0 -1 -1
0 1 0 34.0 61.5 12 -1 0 -1 -1
0 1 0 34.0 61.0 12 -1 0 -1 -1
0 1 0 34.1 61.0 12 -1 0 -1 -1
0 1 0 34.0 61.0 12 -1 0 -1 -1
0 1 0 34.1 61.0 14 -1 0 -1 -1
0 1 0 34.0 61.0 14 -1 0 -1 -1
0 1 0 34.1 61.0 12 -1 0 -1 -1
0 1 0 34.1 61.0 14 -1 0 -1 -1
0 1 0 34.1 61.0 14 -1 0 -1 -1
0 1 0 34.0 61.0 14 -1 0 -1 -1
0 1 0 34.1 61.0 14 -1 0 -1 -1
0 1 0 34.1 61.0 14 -1 0 -1 -1
0 1 0 34.1 61.0 14 -1 0 -1 -1
0 1 0 34.1 61.0 12 -1 0 -1 -1
0 1 0 34.0 61.0 12 -1 0 -1 -1
0 1 0 34.1 61.0 12 -1 0 -1 -1
0 1 0 34.1 61.0 12 -1 0 -1 -1
0 1 0 34.0 61.0 12 -1 0 -1 -1
0 1 0 34.1 61.0 12 -1 0 -1 -1
0 1 0 34.1 61.0 12 -1 0 -1 -1
0 1 0 34.1 61.0 12 -1 0 -1 -1
0 1 0 34.1 61.0 12 -1 0 -1 -1
0 1 0 34.1 61.0 12 -1 0 -1 -1
0 1 0 34.1 61.0 12 -1 0 -1 -1
0 1 0 34.1 61.0 14 -1 0 -1 -1
0 1 0 34.0 60.5 14 -1 0 -1 -1
0 1 0 34.0 60.5 14 -1 0 -1 -1
0 1 0 34.0 60.5 12 -1 0 -1 -1
0 1 0 34.1 60.5 12 -1 0 -1 -1
0 1 0 34.1 61.0 14 -1 0 -1 -1
0 1 0 34.0 60.5 12 -1 0 -1 -1
0 1 0 34.1 60.5 14 -1 0 -1 -1
0 1 0 34.1 60.5 12 -1 0 -1 -1
0 1 0 34.0 60.5 12 -1 0 -1 -1
0 1 0 34.1 60.5 12 -1 0 -1 -1
0 1 0 34.1 60.5 12 -1 0 -1 -1
0 1 0 34.1 60.5 12 -1 0 -1 -1
0 1 0 34.1 60.5 12 -1 0 -1 -1
0 1 0 34.1 60.5 12 -1 0 -1 -1
0 1 0 34.2 60.5 12 -1 0 -1 -1
0 1 0 34.1 60.5 12 -1 0 -1 -1
0 1 0 34.1 60.5 14 -1 0 -1 -1
0 1 0 34.1 60.5 14 -1 0 -1 -1
0 1 0 34.1 60.5 14 -1 0 -1 -1
0 1 0 34.1 60.5 14 -1 0 -1 -1
0 1 0 34.2 60.0 12 -1 0 -1 -1
0 1 0 34.1 60.0 14 -1 0 -1 -1
0 1 0 34.2 60.0 14 -1 0 -1 -1
0 1 0 34.1 60.0 12 -1 0 -1 -1
0 1 0 34.2 60.0 12 -1 0 -1 -1
0 1 0 34.1 60.0 12 -1 0 -1 -1
0 1 0 34.2 60.0 12 -1 0 -1 -1
0 1 0 34.2 60.0 12 -1 0 -1 -1
0 1 0 34.1 60.0 13 -1 0 -1 -1
0 1 0 34.1 60.0 12 -1 0 -1 -1
0 1 0 34.2 60.0 10 -1 0 -1 -1
0 1 0 34.2 60.0 12 -1 0 -1 -1
0 1 0 34.1 60.0 12 -1 0 -1 -1
0 1 0 34.2 60.0 12 -1 0 -1 -1
0 1 0 34.2 60.0 12 -1 0 -1 -1
0 1 0 34.2 60.0 12 -1 0 -1 -1
0 1 0 34.2 60.0 12 -1 0 -1 -1
0 1 0 34.2 60.0 12 -1 0 -1 -1
0 1 0 34.2 59.5 12 -1 0 -1 -1
0 1 0 34.2 60.0 14 -1 0 -1 -1
0 1 0 34.2 59.5 12 -1 0 -1 -1
0 1 0 34.2 59.5 12 -1 0 -1 -1
0 1 0 34.2 59.5 13 -1 0 -1 -1
0 1 0 34.2 59.5 13 -1 0 -1 -1
0 1 0 34.2 59.5 12 -1 0 -1 -1
0 1 0 34.2 59.5 12 -1 0 -1 -1
0 1 0 34.2 59.5 12 -1 0 -1 -1
0 1 0 34.2 59.5 12 -1 0 -1 -1
0 1 0 34.2 59.5 10 -1 0 -1 -1
0 1 0 34.2 59.5 10 -1 0 -1 -1
0 1 0 34.2 59.5 13 -1 0 -1 -1
0 1 0 34.3 59.5 12 -1 0 -1 -1
0 1 0 34.3 59.5 12 -1 0 -1 -1
0 1 0 34.3 59.5 12 -1 0 -1 -1
0 1 0 34.2 59.5 13 -1 0 -1 -1
0 1 0 34.3 59.5 13 -1 0 -1 -1
0 1 0 34.3 59.5 13 -1 0 -1 -1
0 1 0 34.3 59.5 13 -1 0 -1 -1
0 1 0 34.3 59.5 10 -1 0 -1 -1
0 1 0 34.3 59.5 11 -1 0 -1 -1
0 1 0 34.4 59.5 11 -1 0 -1 -1
0 1 0 34.4 59.5 13 -1 0 -1 -1
0 1 0 34.3 59.5 13 -1 0 -1 -1
0 1 0 34.3 59.5 12 -1 0 -1 -1
0 1 0 34.4 59.5 11 -1 0 -1 -1
0 1 0 34.3 59.5 11 -1 0 -1 -1
0 1 0 34.3 59.5 13 -1 0 -1 -1
0 1 0 34.3 59.5 12 -1 0 -1 -1
0 1 0 34.4 59.5 12 -1 0 -1 -1
0 1 0 34.3 59.5 12 -1 0 -1 -1
0 1 0 34.3 59.5 13 -1 0 -1 -1
0 1 0 34.4 59.5 12 -1 0 -1 -1
0 1 0 34.4 59.5 12 -1 0 -1 -1
0 1 0 34.3 59.5 13 -1 0 -1 -1
0 1 0 34.4 59.5 13 -1 0 -1 -1
0 1 0 34.4 59.5 13 -1 0 -1 -1
0 1 0 34.4 59.5 13 -1 0 -1 -1
0 1 0 34.4 59.5 13 -1 0 -1 -1
0 1 0 34.3 59.5 13 -1 0 -1 -1
0 1 0 34.4 59.5 16 -1 0 -1 -1
0 1 0 34.4 59.5 13 -1 0 -1 -1
0 1 0 34.4 59.5 11 -1 0 -1 -1
0 1 0 34.4 59.5 11 -1 0 -1 -1
0 1 0 34.4 59.5 11 -1 0 -1 -1
0 1 0 34.4 59.5 11 -1 0 -1 -1
0 1 0 34.4 59.5 9 -1 0 -1 -1
0 1 0 34.4 59.5 11 -1 0 -1 -1
0 1 0 34.5 59.5 11 -1 0 -1 -1
0 1 0 34.4 59.5 11 -1 0 -1 -1
0 1 0 34.4 59.5 11 -1 0 -1 -1
0 1 0 34.5 59.5 11 -1 0 -1 -1
0 1 0 34.4 59.5 11 -1 0 -1 -1
0 1 0 34.4 59.5 11 -1 0 -1 -1
0 1 0 34.5 59.5 11 -1 0 -1 -1
0 1 0 34.5 59.5 11 -1 0 -1 -1
0 1 0 34.5 59.5 11 -1 0 -1 -1
0 1 0 34.5 59.5 11 -1 0 -1 -1
0 1 0 34.5 59.5 11 -1 0 -1 -1
0 1 0 34.5 59.5 11 -1 0 -1 -1
0 1 0 34.5 59.5 11 -1 0 -1 -1
0 1 0 34.5 59.5 9 -1 0 -1 -1
0 1 0 34.5 59.5 9 -1 0 -1 -1
0 1 0 34.5 59.5 11 -1 0 -1 -1
0 1 0 34.5 59.5 11 -1 0 -1 -1
0 1 0 34.6 59.5 9 -1 0 -1 -1
0 1 0 34.5 59.5 11 -1 0 -1 -1
0 1 0 34.6 59.5 9 -1 0 -1 -1
0 1 0 34.6 59.5 9 -1 0 -1 -1
0 1 0 34.6 59.5 11 -1 0 -1 -1
0 1 0 34.6 59.5 9 -1 0 -1 -1
0 1 0 34.6 59.5 9 -1 0 -1 -1
0 1 0 34.6 59.5 9 -1 0 -1 -1
0 1 0 34.6 59.5 9 -1 0 -1 -1
0 1 0 34.6 59.5 9 -1 0 -1 -1
0 1 0 34.7 59.5 7 -1 0 -1 -1
0 1 0 34.6 59.5 7 -1 0 -1 -1
0 1 0 34.6 59.5 11 -1 0 -1 -1
0 1 0 34.6 59.5 11 -1 0 -1 -1
0 1 0 34.6 59.5 8 -1 0 -1 -1
0 1 0 34.7 59.5 6 -1 0 -1 -1
0 1 0 34.6 59.5 6 -1 0 -1 -1
0 1 0 34.6 59.5 4 -1 0 -1 -1
0 1 0 34.7 59.5 4 -1 0 -1 -1
0 1 0 34.6 59.5 4 -1 0 -1 -1
0 1 0 34.6 59.5 4 -1 0 -1 -1
0 1 0 34.6 59.5 4 -1 0 -1 -1
0 1 0 34.6 59.5 4 -1 0 -1 -1
0 1 0 34.6 59.5 2 -1 0 -1 -1
0 1 0 34.6 59.5 2 -1 0 -1 -1
0 1 0 34.6 59.5 2 -1 0 -1 -1
0 1 0 34.6 59.5 2 -1 0 -1 -1
0 1 0 34.7 59.5 2 -1 0 -1 -1
0 1 0 34.7 59.5 2 -1 0 -1 -1
0 1 0 34.7 59.5 2 -1 0 -1 -1
0 1 0 34.7 59.5 2 -1 0 -1 -1
0 1 0 34.6 59.5 2 -1 0 -1 -1
0 1 0 34.7 59.5 2 -1 0 -1 -1
0 1 0 34.6 59.5 2 -1 0 -1 -1
0 1 0 34.6 59.5 2 -1 0 -1 -1
0 1 0 34.6 59.5 2 -1 0 -1 -1
0 1 0 34.6 59.5 2 -1 0 -1 -1
0 1 0 34.7 59.5 2 -1 0 -1 -1
0 1 0 34.6 59.5 2 -1 0 -1 -1
0 1 0 34.6 59.5 2 -1 0 -1 -1
0 1 0 34.7 59.5 2 -1 0 -1 -1
0 1 0 34.6 59.5 2 -1 0 -1 -1
0 1 0 34.6 60.0 2 -1 0 -1 -1
0 1 0 34.7 59.5 2 -1 0 -1 -1
0 1 0 34.6 60.0 2 -1 0 -1 -1
0 1 0 34.6 59.5 2 -1 0 -1 -1
0 1 0 34.6 59.5 2 -1 0 -1 -1
0 1 0 34.6 60.0 4 -1 0 -1 -1
0 1 0 34.6 59.5 4 -1 0 -1 -1
0 1 0 34.7 59.5 4 -1 0 -1 -1
0 1 0 34.7 59.5 4 -1 0 -1 -1
0 1 0 34.6 59.5 4 -1 0 -1 -1
0 1 0 34.6 59.5 4 -1 0 -1 -1
0 1 0 34.6 59.5 4 -1 0 -1 -1
0 1 0 34.6 59.5 4 -1 0 -1 -1
0 1 0 34.6 59.5 4 -1 0 -1 -1
0 1 0 34.6 59.5 4 -1 0 -1 -1
0 1 0 34.6 59.5 4 -1 0 -1 -1
0 1 0 34.6 59.5 4 -1 0 -1 -1
0 1 0 34.6 59.5 4 -1 0 -1 -1
0 1 0 34.6 59.5 4 -1 0 -1 -1
0 1 0 34.6 59.5 4 -1 0 -1 -1
0 1 0 34.6 59.5 4 -1 0 -1 -1
0 1 0 34.6 59.5 4 -1 0 -1 -1
0 1 0 34.6 59.5 1 -1 0 -1 -1
0 1 0 34.6 59.5 4 -1 0 -1 -1
0 1 0 34.6 59.5 4 -1 0 -1 -1
0 1 0 34.6 59.5 4 -1 0 -1 -1
0 1 0 34.6 59.5 4 -1 0 -1 -1
0 1 0 34.6 59.5 4 -1 0 -1 -1
0 1 0 34.6 59.5 4 -1 0 -1 -1
0 1 0 34.6 59.5 4 -1 0 -1 -1
0 1 0 34.5 59.5 4 -1 0 -1 -1
0 1 0 34.6 59.5 1 -1 0 -1 -1
0 1 0 34.6 59.5 2 -1 0 -1 -1
0 1 0 34.6 59.5 2 -1 0 -1 -1
0 1 0 34.6 59.5 2 -1 0 -1 -1
0 1 0 34.6 59.5 2 -1 0 -1 -1
0 1 0 34.6 59.5 1 -1 0 -1 -1
0 1 0 34.5 59.5 1 -1 0 -1 -1
0 1 0 34.5 59.5 1 -1 0 -1 -1
0 1 0 34.6 59.5 1 -1 0 -1 -1
0 1 0 34.6 59.5 1 -1 0 -1 -1
0 1 0 34.5 59.5 1 -1 0 -1 -1
0 1 0 34.6 59.5 1 -1 0 -1 -1
0 1 0 34.5 59.5 1 -1 0 -1 -1
0 1 0 34.6 59.5 1 -1 0 -1 -1
0 1 0 34.5 59.5 2 -1 0 -1 -1
0 1 0 34.5 59.5 2 -1 0 -1 -1
0 1 0 34.5 59.5 4 -1 0 -1 -1
0 1 0 34.5 59.5 4 -1 0 -1 -1
0 1 0 34.5 59.5 1 -1 0 -1 -1
0 1 0 34.5 59.5 2 -1 0 -1 -1
0 1 0 34.6 59.5 2 -1 0 -1 -1
0 1 0 34.5 59.5 1 -1 0 -1 -1
0 1 0 34.5 59.5 1 -1 0 -1 -1
0 1 0 34.6 59.5 1 -1 0 -1 -1
0 1 0 34.5 59.5 1 -1 0 -1 -1
0 1 0 34.5 59.5 4 -1 0 -1 -1
0 1 0 34.6 59.5 4 -1 0 -1 -1
0 1 0 34.5 59.5 8 -1 0 -1 -1
0 1 0 34.5 59.5 6 -1 0 -1 -1
0 1 0 34.6 59.5 4 -1 0 -1 -1
0 1 0 34.5 59.5 1 -1 0 -1 -1
0 1 0 34.5 59.5 1 -1 0 -1 -1
0 1 0 34.5 59.5 1 -1 0 -1 -1
0 1 0 34.5 59.5 1 -1 0 -1 -1
0 1 0 34.5 59.5 1 -1 0 -1 -1
0 1 0 34.5 59.5 1 -1 0 -1 -1
0 1 0 34.5 59.5 1 -1 0 -1 -1
0 1 0 34.5 59.5 1 -1 0 -1 -1
0 1 0 34.5 59.5 1 -1 0 -1 -1
0 1 0 34.5 59.5 1 -1 0 -1 -1
0 1 0 34.5 59.5 1 -1 0 -1 -1
0 1 0 34.5 59.5 4 -1 0 -1 -1
0 1 0 34.6 59.5 4 -1 0 -1 -1
0 1 0 34.5 59.5 4 -1 0 -1 -1
0 1 0 34.5 59.5 2 -1 0 -1 -1
0 1 0 34.5 59.5 2 -1 0 -1 -1
0 1 0 34.5 59.5 2 -1 0 -1 -1
0 1 0 34.5 59.5 2 -1 0 -1 -1
0 1 0 34.5 59.5 2 -1 0 -1 -1
0 1 0 34.5 59.5 2 -1 0 -1 -1
0 1 0 34.6 59.5 2 -1 0 -1 -1
0 1 0 34.5 59.5 2 -1 0 -1 -1
0 1 0 34.5 59.5 2 -1 0 -1 -1
0 1 0 34.5 59.5 2 -1 0 -1 -1
0 1 0 34.5 59.5 2 -1 0 -1 -1
0 1 0 34.5 59.0 0 -1 0 -1 -1
0 1 0 34.4 59.5 0 -1 0 -1 -1
0 1 0 34.4 59.0 0 -1 0 -1 -1
0 1 0 34.5 59.0 0 -1 0 -1 -1
0 1 0 34.5 59.0 0 -1 0 -1 -1
0 1 0 34.4 59.0 0 -1 0 -1 -1
0 1 0 34.5 59.0 0 -1 0 -1 -1
0 1 0 34.5 59.0 0 -1 0 -1 -1
0 1 0 34.5 59.0 0 -1 0 -1 -1
0 1 0 34.5 59.0 0 -1 0 -1 -1
0 1 0 34.4 59.0 1 -1 0 -1 -1
0 1 0 34.4 59.0 1 -1 0 -1 -1
0 1 0 34.5 59.0 1 -1 0 -1 -1
0 1 0 34.5 59.0 1 -1 0 -1 -1
0 1 0 34.4 59.0 1 -1 0 -1 -1
0 1 0 34.4 59.0 1 -1 0 -1 -1
0 1 0 34.4 59.0 1 -1 0 -1 -1
0 1 0 34.5 59.0 1 -1 0 -1 -1
0 1 0 34.5 59.0 1 -1 0 -1 -1
0 1 0 34.5 59.0 1 -1 0 -1 -1
0 1 0 34.5 59.0 1 -1 0 -1 -1
0 1 0 34.4 59.0 1 -1 0 -1 -1
0 1 0 34.4 59.0 1 -1 0 -1 -1
0 1 0 34.5 59.0 1 -1 0 -1 -1
0 1 0 34.4 59.0 1 -1 0 -1 -1
0 1 0 34.4 59.0 1 -1 0 -1 -1
0 1 0 34.5 59.0 1 -1 0 -1 -1
0 1 0 34.4 58.5 1 -1 0 -1 -1
0 1 0 34.4 58.5 1 -1 0 -1 -1
0 1 0 34.4 58.5 1 -1 0 -1 -1
0 1 0 34.4 58.5 1 -1 0 -1 -1
0 1 0 34.4 58.5 2 -1 0 -1 -1
0 1 0 34.4 58.5 2 -1 0 -1 -1
0 1 0 34.4 58.5 2 -1 0 -1 -1
0 1 0 34.4 58.5 2 -1 0 -1 -1
0 1 0 34.3 58.5 0 -1 0 -1 -1
0 1 0 34.4 58.5 0 -1 0 -1 -1
0 1 0 34.4 58.5 0 -1 0 -1 -1
0 1 0 34.4 58.5 0 -1 0 -1 -1
0 1 0 34.4 58.5 0 -1 0 -1 -1
0 1 0 34.4 58.5 0 -1 0 -1 -1
0 1 0 34.4 58.5 0 -1 0 -1 -1
0 1 0 34.4 58.5 0 -1 0 -1 -1
0 1 0 34.3 58.5 0 -1 0 -1 -1
0 1 0 34.4 58.5 0 -1 0 -1 -1
0 1 0 34.4 58.5 0 -1 0 -1 -1
0 1 0 34.3 58.5 0 -1 0 -1 -1
0 1 0 34.4 58.5 0 -1 0 -1 -1
0 1 0 34.4 58.5 0 -1 0 -1 -1
0 1 0 34.4 58.5 0 -1 0 -1 -1
0 1 0 34.4 58.5 0 -1 0 -1 -1
0 1 0 34.4 58.5 0 -1 0 -1 -1
0 1 0 34.3 58.5 0 -1 0 -1 -1
0 1 0 34.3 58.5 0 -1 0 -1 -1
0 1 0 34.4 58.5 0 -1 0 -1 -1
0 1 0 34.4 58.5 0 -1 0 -1 -1
0 1 0 34.4 58.5 0 -1 0 -1 -1
0 1 0 34.3 58.5 0 -1 0 -1 -1
0 1 0 34.4 58.5 0 -1 0 -1 -1
0 1 0 34.3 58.0 0 -1 0 -1 -1
0 1 0 34.4 58.0 0 -1 0 -1 -1
0 1 0 34.4 58.0 0 -1 0 -1 -1
0 1 0 34.3 58.0 0 -1 0 -1 -1
0 1 0 34.3 58.0 0 -1 0 -1 -1
0 1 0 34.3 58.0 0 -1 0 -1 -1
0 1 0 34.3 58.0 0 -1 0 -1 -1
0 1 0 34.3 58.0 0 -1 0 -1 -1
0 1 0 34.3 58.0 0 -1 0 -1 -1
0 1 0 34.3 58.0 0 -1 0 -1 -1
0 1 0 34.3 58.0 0 -1 0 -1 -1
0 1 0 34.3 58.0 0 -1 0 -1 -1
0 1 0 34.3 58.0 0 -1 0 -1 -1
0 1 0 34.3 58.0 0 -1 0 -1 -1
0 1 0 34.3 58.0 0 -1 0 -1 -1
0 1 0 34.3 58.0 0 -1 0 -1 -1
0 1 0 34.4 58.0 0 -1 0 -1 -1
0 1 0 34.4 58.0 0 -1 0 -1 -1
0 1 0 34.3 58.0 0 -1 0 -1 -1
0 1 0 34.2 58.0 0 -1 0 -1 -1
0 1 0 34.4 58.0 0 -1 0 -1 -1
0 1 0 34.4 58.0 0 -1 0 -1 -1
0 1 0 34.3 58.0 0 -1 0 -1 -1
0 1 0 34.3 58.0 0 -1 0 -1 -1
0 1 0 34.4 58.0 0 -1 0 -1 -1
0 1 0 34.3 58.0 0 -1 0 -1 -1
0 1 0 34.3 58.0 0 -1 0 -1 -1
0 1 0 34.3 58.0 0 -1 0 -1 -1
0 1 0 34.3 58.0 0 -1 0 -1 -1
0 1 0 34.3 58.0 0 -1 0 -1 -1
0 1 0 34.3 58.0 0 -1 0 -1 -1
0 1 0 34.3 58.0 0 -1 0 -1 -1
0 1 0 34.2 58.0 0 -1 0 -1 -1
0 1 0 34.2 58.0 0 -1 0 -1 -1
0 1 0 34.3 58.0 0 -1 0 -1 -1
0 1 0 34.3 58.0 0 -1 0 -1 -1
0 1 0 34.3 58.0 0 -1 0 -1 -1
0 1 0 34.3 57.5 0 -1 0 -1 -1
0 1 0 34.3 58.0 0 -1 0 -1 -1
0 1 0 34.3 58.0 0 -1 0 -1 -1
0 1 0 34.3 57.5 0 -1 0 -1 -1
0 1 0 34.3 58.0 0 -1 0 -1 -1
0 1 0 34.3 57.5 0 -1 0 -1 -1
0 1 0 34.2 58.0 0 -1 0 -1 -1
0 1 0 34.4 57.5 0 -1 0 -1 -1
0 1 0 34.3 58.0 0 -1 0 -1 -1
0 1 0 34.2 58.0 0 -1 0 -1 -1
0 1 0 34.3 57.5 0 -1 0 -1 -1
0 1 0 34.3 57.5 0 -1 0 -1 -1
0 1 0 34.2 57.5 0 -1 0 -1 -1
0 1 0 34.3 58.0 0 -1 0 -1 -1
0 1 0 34.3 57.5 0 -1 0 -1 -1
0 1 0 34.3 57.5 0 -1 0 -1 -1
0 1 0 34.3 57.5 0 -1 0 -1 -1
0 1 0 34.3 57.5 0 -1 0 -1 -1
0 1 0 34.2 57.5 0 -1 0 -1 -1
0 1 0 34.3 57.5 0 -1 0 -1 -1
0 1 0 34.3 57.5 0 -1 0 -1 -1
0 1 0 34.3 57.5 0 -1 0 -1 -1
0 1 0 34.3 57.5 0 -1 0 -1 -1
0 1 0 34.2 57.5 0 -1 0 -1 -1
0 1 0 34.2 57.5 0 -1 0 -1 -1
0 1 0 34.3 57.5 0 -1 0 -1 -1
0 1 0 34.3 57.5 0 -1 0 -1 -1
0 1 0 34.3 57.5 0 -1 0 -1 -1
0 1 0 34.3 57.5 0 -1 0 -1 -1
0 1 0 34.3 57.5 0 -1 0 -1 -1
0 1 0 34.3 57.5 0 -1 0 -1 -1
0 1 0 34.3 57.5 0 -1 0 -1 -1
0 1 0 34.2 57.5 0 -1 0 -1 -1
0 1 0 34.3 57.5 0 -1 0 -1 -1
0 1 0 34.2 57.5 0 -1 0 -1 -1
0 1 0 34.3 57.5 0 -1 0 -1 -1
0 1 0 34.3 57.5 0 -1 0 -1 -1
0 1 0 34.3 57.5 0 -1 0 -1 -1
0 1 0 34.3 57.5 0 -1 0 -1 -1
0 1 0 34.2 57.5 0 -1 0 -1 -1
0 1 0 34.3 57.5 0 -1 0 -1 -1
0 1 0 34.2 57.5 0 -1 0 -1 -1
0 1 0 34.2 57.5 0 -1 0 -1 -1
0 1 0 34.3 57.5 0 -1 0 -1 -1
0 1 0 34.3 57.5 0 -1 0 -1 -1
0 1 0 34.2 57.5 0 -1 0 -1 -1
0 1 0 34.3 57.5 0 -1 0 -1 -1
0 1 0 34.3 57.5 0 -1 0 -1 -1
0 1 0 34.3 57.5 0 -1 0 -1 -1
0 1 0 34.3 57.0 0 -1 0 -1 -1
0 1 0 34.2 57.5 0 -1 0 -1 -1
0 1 0 34.2 57.5 0 -1 0 -1 -1
0 1 0 34.3 57.5 0 -1 0 -1 -1
0 1 0 34.2 57.0 0 -1 0 -1 -1
0 1 0 34.3 57.5 0 -1 0 -1 -1
0 1 0 34.2 57.5 0 -1 0 -1 -1
0 1 0 34.3 57.0 0 -1 0 -1 -1
0 1 0 34.3 57.0 0 -1 0 -1 -1
0 1 0 34.2 57.0 0 -1 0 -1 -1
0 1 0 34.3 57.0 0 -1 0 -1 -1
0 1 0 34.3 57.0 0 -1 0 -1 -1
0 1 0 34.2 57.0 0 -1 0 -1 -1
0 1 0 34.3 57.0 0 -1 0 -1 -1
0 1 0 34.3 57.0 0 -1 0 -1 -1
0 1 0 34.2 57.0 0 -1 0 -1 -1
0 1 0 34.3 57.0 0 -1 0 -1 -1
0 1 0 34.2 57.0 0 -1 0 -1 -1
0 1 0 34.3 57.0 0 -1 0 -1 -1
0 1 0 34.3 57.0 0 -1 0 -1 -1
0 1 0 34.2 57.0 0 -1 0 -1 -1
0 1 0 34.3 57.0 0 -1 0 -1 -1
0 1 0 34.2 57.0 0 -1 0 -1 -1
0 1 0 34.3 57.0 0 -1 0 -1 -1
0 1 0 34.3 57.0 0 -1 0 -1 -1
0 1 0 34.3 57.0 0 -1 0 -1 -1
0 1 0 34.2 57.0 0 -1 0 -1 -1
0 1 0 34.2 57.0 0 -1 0 -1 -1
0 1 0 34.2 57.0 0 -1 0 -1 -1
0 1 0 34.2 57.0 0 -1 0 -1 -1
0 1 0 34.2 57.0 0 -1 0 -1 -1
0 1 0 34.2 57.0 0 -1 0 -1 -1
0 1 0 34.2 57.0 0 -1 0 -1 -1
0 1 0 34.2 57.0 0 -1 0 -1 -1
0 1 0 34.2 57.0 0 -1 0 -1 -1
0 1 0 34.2 57.0 0 -1 0 -1 -1
0 1 0 34.3 57.0 0 -1 0 -1 -1
0 1 0 34.2 56.5 0 -1 0 -1 -1
0 1 0 34.3 57.0 0 -1 0 -1 -1
0 1 0 34.2 56.5 0 -1 0 -1 -1
0 1 0 34.2 56.5 0 -1 0 -1 -1
0 1 0 34.2 56.5 0 -1 0 -1 -1
0 1 0 34.2 56.5 0 -1 0 -1 -1
0 1 0 34.2 56.5 0 -1 0 -1 -1
0 1 0 34.2 56.5 0 -1 0 -1 -1
0 1 0 34.3 56.5 0 -1 0 -1 -1
0 1 0 34.2 56.5 0 -1 0 -1 -1
0 1 0 34.2 56.5 0 -1 0 -1 -1
0 1 0 34.2 56.5 0 -1 0 -1 -1
0 1 0 34.3 56.5 0 -1 0 -1 -1
0 1 0 34.2 56.5 0 -1 0 -1 -1
0 1 0 34.2 56.5 0 -1 0 -1 -1
0 1 0 34.2 56.5 0 -1 0 -1 -1
0 1 0 34.2 56.5 0 -1 0 -1 -1
0 1 0 34.2 56.5 0 -1 0 -1 -1
0 1 0 34.2 56.5 0 -1 0 -1 -1
0 1 0 34.2 56.5 0 -1 0 -1 -1
0 1 0 34.2 56.5 0 -1 0 -1 -1
0 1 0 34.2 56.5 0 -1 0 -1 -1
0 1 0 34.2 56.5 0 -1 0 -1 -1
0 1 0 34.2 56.5 0 -1 0 -1 -1
0 1 0 34.2 56.5 0 -1 0 -1 -1
0 1 0 34.2 56.5 0 -1 0 -1 -1
0 1 0 34.2 56.0 0 -1 0 -1 -1
0 1 0 34.2 56.0 0 -1 0 -1 -1
0 1 0 34.2 56.0 0 -1 0 -1 -1
0 1 0 34.2 56.0 0 -1 0 -1 -1
0 1 0 34.2 56.0 0 -1 0 -1 -1
0 1 0 34.2 56.0 0 -1 0 -1 -1
0 1 0 34.2 56.0 0 -1 0 -1 -1
0 1 0 34.2 56.0 0 -1 0 -1 -1
0 1 0 34.2 56.0 0 -1 0 -1 -1
0 1 0 34.2 56.0 0 -1 0 -1 -1
0 1 0 34.2 56.0 0 -1 0 -1 -1
0 1 0 34.2 56.0 0 -1 0 -1 -1
0 1 0 34.2 56.0 0 -1 0 -1 -1
0 1 0 34.2 56.0 0 -1 0 -1 -1
0 1 0 34.2 56.0 0 -1 0 -1 -1
0 1 0 34.2 56.0 0 -1 0 -1 -1
0 1 0 34.2 56.0 0 -1 0 -1 -1
0 1 0 34.1 56.0 0 -1 0 -1 -1
0 1 0 34.2 56.0 0 -1 0 -1 -1
0 1 0 34.2 56.0 0 -1 0 -1 -1
0 1 0 34.2 56.0 0 -1 0 -1 -1
0 1 0 34.2 56.0 0 -1 0 -1 -1
0 1 0 34.2 56.0 0 -1 0 -1 -1
0 1 0 34.2 56.0 0 -1 0 -1 -1
0 1 0 34.2 56.0 0 -1 0 -1 -1
0 1 0 34.2 56.0 0 -1 0 -1 -1
0 1 0 34.1 56.0 0 -1 0 -1 -1
0 1 0 34.2 56.0 0 -1 0 -1 -1
0 1 0 34.2 56.0 0 -1 0 -1 -1
0 1 0 34.2 56.0 0 -1 0 -1 -1
0 1 0 34.2 56.0 0 -1 0 -1 -1
0 1 0 34.1 56.0 0 -1 0 -1 -1
0 1 0 34.1 56.0 0 -1 0 -1 -1
0 1 0 34.1 56.0 0 -1 0 -1 -1
0 1 0 34.2 55.5 0 -1 0 -1 -1
0 1 0 34.2 55.5 0 -1 0 -1 -1
0 1 0 34.2 55.5 0 -1 0 -1 -1
0 1 0 34.1 55.5 0 -1 0 -1 -1
0 1 0 34.2 55.5 0 -1 0 -1 -1
0 1 0 34.2 56.0 0 -1 0 -1 -1
0 1 0 34.2 55.5 0 -1 0 -1 -1
0 1 0 34.2 55.5 0 -1 0 -1 -1
0 1 0 34.2 56.0 0 -1 0 -1 -1
0 1 0 34.1 55.5 0 -1 0 -1 -1
0 1 0 34.2 55.5 0 -1 0 -1 -1
0 1 0 34.2 56.0 0 -1 0 -1 -1
0 1 0 34.2 55.5 0 -1 0 -1 -1
0 1 0 34.2 55.5 0 -1 0 -1 -1
0 1 0 34.1 55.5 0 -1 0 -1 -1
0 1 0 34.2 55.5 0 -1 0 -1 -1
0 1 0 34.2 55.5 0 -1 0 -1 -1
0 1 0 34.2 55.5 0 -1 0 -1 -1
0 1 0 34.2 55.5 0 -1 0 -1 -1
0 1 0 34.2 55.5 0 -1 0 -1 -1
0 1 0 34.2 55.5 0 -1 0 -1 -1
0 1 0 34.2 55.5 0 -1 0 -1 -1
0 1 0 34.1 55.5 0 -1 0 -1 -1
0 1 0 34.1 55.5 0 -1 0 -1 -1
0 1 0 34.1 55.5 0 -1 0 -1 -1
0 1 0 34.1 55.5 0 -1 0 -1 -1
0 1 0 34.1 55.5 0 -1 0 -1 -1
0 1 0 34.2 55.5 0 -1 0 -1 -1
0 1 0 34.2 55.5 0 -1 0 -1 -1
0 1 0 34.1 55.5 0 -1 0 -1 -1
0 1 0 34.2 55.5 0 -1 0 -1 -1
0 1 0 34.1 55.5 0 -1 0 -1 -1
0 1 0 34.1 55.5 0 -1 0 -1 -1
0 1 0 34.1 55.5 0 -1 0 -1 -1
0 1 0 34.2 55.0 0 -1 0 -1 -1
0 1 0 34.2 55.0 0 -1 0 -1 -1
0 1 0 34.1 55.0 0 -1 0 -1 -1
0 1 0 34.1 55.5 0 -1 0 -1 -1
0 1 0 34.1 55.0 0 -1 0 -1 -1
0 1 0 34.1 55.5 0 -1 0 -1 -1
0 1 0 34.1 55.5 0 -1 0 -1 -1
0 1 0 34.2 55.0 0 -1 0 -1 -1
0 1 0 34.1 55.0 0 -1 0 -1 -1
0 1 0 34.1 55.0 0 -1 0 -1 -1
0 1 0 34.1 55.0 0 -1 0 -1 -1
0 1 0 34.1 55.0 0 -1 0 -1 -1
0 1 0 34.1 55.0 0 -1 0 -1 -1
0 1 0 34.1 55.0 0 -1 0 -1 -1
0 1 0 34.2 55.0 0 -1 0 -1 -1
0 1 0 34.1 55.0 0 -1 0 -1 -1
0 1 0 34.1 55.0 0 -1 0 -1 -1
0 1 0 34.1 54.5 0 -1 0 -1 -1
0 1 0 34.1 54.5 0 -1 0 -1 -1
0 1 0 34.1 54.5 0 -1 0 -1 -1
0 1 0 34.0 54.5 0 -1 0 -1 -1
0 1 0 34.1 54.5 0 -1 0 -1 -1
0 1 0 34.1 55.0 0 -1 0 -1 -1
0 1 0 34.1 54.5 0 -1 0 -1 -1
0 1 0 34.1 54.5 0 -1 0 -1 -1
0 1 0 34.2 54.5 0 -1 0 -1 -1
0 1 0 34.2 54.5 0 -1 0 -1 -1
0 1 0 34.1 54.5 0 -1 0 -1 -1
0 1 0 34.1 54.5 0 -1 0 -1 -1
0 1 0 34.1 54.5 0 -1 0 -1 -1
0 1 0 34.1 54.5 0 -1 0 -1 -1
0 1 0 34.1 54.5 0 -1 0 -1 -1
0 1 0 34.1 54.5 0 -1 0 -1 -1
0 1 0 34.1 54.5 0 -1 0 -1 -1
0 1 0 34.2 54.5 0 -1 0 -1 -1
0 1 0 34.1 54.5 0 -1 0 -1 -1
0 1 0 34.1 54.5 0 -1 0 -1 -1
0 1 0 34.1 54.5 0 -1 0 -1 -1
0 1 0 34.1 54.5 0 -1 0 -1 -1
0 1 0 34.1 54.5 0 -1 0 -1 -1
0 1 0 34.1 54.5 0 -1 0 -1 -1
