0 1 0 27.6 55.0 0 -1 0 -1 -1
0 1 0 27.6 55.0 0 -1 0 -1 -1
0 1 0 27.6 55.0 0 -1 0 -1 -1
0 1 0 27.7 55.0 0 -1 0 -1 -1
0 1 0 27.6 55.0 0 -1 0 -1 -1
0 1 0 27.6 55.0 0 -1 0 -1 -1
0 1 0 27.7 55.0 0 -1 0 -1 -1
0 1 0 27.7 55.0 0 -1 0 -1 -1
0 1 0 27.6 55.0 0 -1 0 -1 -1
0 1 0 27.7 55.0 0 -1 0 -1 -1
0 1 0 27.7 55.0 0 -1 0 -1 -1
0 1 0 27.7 55.0 0 -1 0 -1 -1
0 1 0 27.7 55.0 0 -1 0 -1 -1
0 1 0 27.8 55.0 0 -1 0 -1 -1
0 1 0 27.8 55.0 0 -1 0 -1 -1
0 1 0 27.8 55.0 0 -1 0 -1 -1
0 1 0 27.8 55.0 0 -1 0 -1 -1
0 1 0 27.8 55.0 0 -1 0 -1 -1
0 1 0 27.8 55.0 0 -1 0 -1 -1
0 1 0 27.8 55.0 0 -1 0 -1 -1
0 1 0 27.9 55.0 0 -1 0 -1 -1
0 1 0 27.8 55.0 0 -1 0 -1 -1
0 1 0 27.8 55.0 0 -1 0 -1 -1
0 1 0 27.8 55.0 0 -1 0 -1 -1
0 1 0 27.8 55.0 0 -1 0 -1 -1
0 1 0 27.9 55.0 0 -1 0 -1 -1
0 1 0 27.9 55.0 0 -1 0 -1 -1
0 1 0 27.9 55.0 0 -1 0 -1 -1
0 1 0 27.9 55.0 0 -1 0 -1 -1
0 1 0 27.9 55.0 0 -1 0 -1 -1
0 1 0 27.9 55.0 0 -1 0 -1 -1
0 1 0 27.9 55.0 0 -1 0 -1 -1
0 1 0 28.0 55.0 0 -1 0 -1 -1
0 1 0 27.9 55.0 0 -1 0 -1 -1
0 1 0 28.0 55.5 0 -1 0 -1 -1
0 1 0 27.9 55.0 0 -1 0 -1 -1
0 1 0 28.0 55.5 0 -1 0 -1 -1
0 1 0 28.0 55.0 0 -1 0 -1 -1
0 1 0 28.0 55.5 0 -1 0 -1 -1
0 1 0 28.0 55.5 0 -1 0 -1 -1
0 1 0 28.0 55.5 0 -1 0 -1 -1
0 1 0 28.1 55.5 0 -1 0 -1 -1
0 1 0 28.1 55.5 0 -1 0 -1 -1
0 1 0 28.0 55.5 0 -1 0 -1 -1
0 1 0 28.1 55.5 0 -1 0 -1 -1
0 1 0 28.1 55.5 0 -1 0 -1 -1
0 1 0 28.0 55.5 0 -1 0 -1 -1
0 1 0 28.0 55.5 0 -1 0 -1 -1
0 1 0 28.1 55.5 0 -1 0 -1 -1
0 1 0 28.1 55.5 0 -1 0 -1 -1
0 1 0 28.1 55.5 0 -1 0 -1 -1
0 1 0 28.1 55.5 0 -1 0 -1 -1
0 1 0 28.1 55.5 0 -1 0 -1 -1
0 1 0 28.1 55.5 0 -1 0 -1 -1
0 1 0 28.1 55.5 0 -1 0 -1 -1
0 1 0 28.1 55.5 0 -1 0 -1 -1
0 1 0 28.2 55.5 0 -1 0 -1 -1
0 1 0 28.1 55.5 0 -1 0 -1 -1
0 1 0 28.2 55.5 0 -1 0 -1 -1
0 1 0 28.2 55.5 0 -1 0 -1 -1
0 1 0 28.1 55.5 0 -1 0 -1 -1
0 1 0 28.1 55.5 0 -1 0 -1 -1
0 1 0 28.2 55.5 0 -1 0 -1 -1
0 1 0 28.2 55.5 0 -1 0 -1 -1
0 1 0 28.2 55.5 0 -1 0 -1 -1
0 1 0 28.2 55.5 0 -1 0 -1 -1
0 1 0 28.2 55.5 0 -1 0 -1 -1
0 1 0 28.1 55.5 0 -1 0 -1 -1
0 1 0 28.2 55.5 0 -1 0 -1 -1
0 1 0 28.3 55.5 0 -1 0 -1 -1
0 1 0 28.3 55.5 0 -1 0 -1 -1
0 1 0 28.2 55.5 0 -1 0 -1 -1
0 1 0 28.2 55.5 0 -1 0 -1 -1
0 1 0 28.3 55.5 0 -1 0 -1 -1
0 1 0 28.3 55.5 0 -1 0 -1 -1
0 1 0 28.2 55.5 0 -1 0 -1 -1
0 1 0 28.3 55.5 0 -1 0 -1 -1
0 1 0 28.2 55.5 0 -1 0 -1 -1
0 1 0 28.2 55.5 0 -1 0 -1 -1
0 1 0 28.2 55.5 0 -1 0 -1 -1
0 1 0 28.3 55.5 0 -1 0 -1 -1
0 1 0 28.3 55.5 0 -1 0 -1 -1
0 1 0 28.3 55.5 0 -1 0 -1 -1
0 1 0 28.3 55.5 0 -1 0 -1 -1
0 1 0 28.2 55.5 0 -1 0 -1 -1
0 1 0 28.3 55.5 0 -1 0 -1 -1
0 1 0 28.3 55.5 0 -1 0 -1 -1
0 1 0 28.3 55.5 0 -1 0 -1 -1
0 1 0 28.3 56.0 0 -1 0 -1 -1
0 1 0 28.3 55.5 0 -1 0 -1 -1
0 1 0 28.3 56.0 0 -1 0 -1 -1
0 1 0 28.4 55.5 0 -1 0 -1 -1
0 1 0 28.3 56.0 0 -1 0 -1 -1
0 1 0 28.4 56.0 0 -1 0 -1 -1
0 1 0 28.4 55.5 0 -1 0 -1 -1
0 1 0 28.3 55.5 0 -1 0 -1 -1
0 1 0 28.4 56.0 0 -1 0 -1 -1
0 1 0 28.3 56.0 0 -1 0 -1 -1
0 1 0 28.4 56.0 0 -1 0 -1 -1
0 1 0 28.4 56.0 0 -1 0 -1 -1
0 1 0 28.4 56.0 0 -1 0 -1 -1
0 1 0 28.3 56.0 0 -1 0 -1 -1
0 1 0 28.4 56.0 0 -1 0 -1 -1
0 1 0 28.4 56.0 0 -1 0 -1 -1
0 1 0 28.4 56.0 0 -1 0 -1 -1
0 1 0 28.4 55.5 0 -1 0 -1 -1
0 1 0 28.4 56.0 0 -1 0 -1 -1
0 1 0 28.4 56.0 0 -1 0 -1 -1
0 1 0 28.5 56.0 0 -1 0 -1 -1
0 1 0 28.4 56.0 0 -1 0 -1 -1
0 1 0 28.4 56.0 0 -1 0 -1 -1
0 1 0 28.5 56.0 0 -1 0 -1 -1
0 1 0 28.5 56.0 0 -1 0 -1 -1
0 1 0 28.4 56.0 0 -1 0 -1 -1
0 1 0 28.5 56.0 0 -1 0 -1 -1
0 1 0 28.5 56.0 0 -1 0 -1 -1
0 1 0 28.5 56.0 0 -1 0 -1 -1
0 1 0 28.5 56.0 0 -1 0 -1 -1
0 1 0 28.5 56.0 0 -1 0 -1 -1
0 1 0 28.5 56.0 0 -1 0 -1 -1
0 1 0 28.5 56.0 0 -1 0 -1 -1
0 1 0 28.5 56.0 0 -1 0 -1 -1
0 1 0 28.5 56.0 0 -1 0 -1 -1
0 1 0 28.5 56.0 0 -1 0 -1 -1
0 1 0 28.5 56.0 0 -1 0 -1 -1
0 1 0 28.4 56.0 0 -1 0 -1 -1
0 1 0 28.4 56.0 0 -1 0 -1 -1
0 1 0 28.5 56.0 0 -1 0 -1 -1
0 1 0 28.5 56.0 0 -1 0 -1 -1
0 1 0 28.6 56.0 0 -1 0 -1 -1
0 1 0 28.5 56.0 0 -1 0 -1 -1
0 1 0 28.5 56.0 0 -1 0 -1 -1
0 1 0 28.5 56.0 0 -1 0 -1 -1
0 1 0 28.6 56.0 0 -1 0 -1 -1
0 1 0 28.6 56.5 0 -1 0 -1 -1
0 1 0 28.6 56.0 0 -1 0 -1 -1
0 1 0 28.5 56.0 0 -1 0 -1 -1
0 1 0 28.6 56.5 0 -1 0 -1 -1
0 1 0 28.6 56.0 0 -1 0 -1 -1
0 1 0 28.6 56.5 0 -1 0 -1 -1
0 1 0 28.6 56.5 0 -1 0 -1 -1
0 1 0 28.6 56.5 0 -1 0 -1 -1
0 1 0 28.6 56.5 0 -1 0 -1 -1
0 1 0 28.6 56.0 0 -1 0 -1 -1
0 1 0 28.6 56.5 0 -1 0 -1 -1
0 1 0 28.6 56.5 0 -1 0 -1 -1
0 1 0 28.6 56.5 0 -1 0 -1 -1
0 1 0 28.6 56.5 0 -1 0 -1 -1
0 1 0 28.7 56.5 0 -1 0 -1 -1
0 1 0 28.6 56.5 0 -1 0 -1 -1
0 1 0 28.7 56.5 0 -1 0 -1 -1
0 1 0 28.6 56.5 0 -1 0 -1 -1
0 1 0 28.7 56.5 0 -1 0 -1 -1
0 1 0 28.6 56.5 0 -1 0 -1 -1
0 1 0 28.6 56.5 0 -1 0 -1 -1
0 1 0 28.6 56.5 0 -1 0 -1 -1
0 1 0 28.6 56.5 0 -1 0 -1 -1
0 1 0 28.6 56.5 0 -1 0 -1 -1
0 1 0 28.7 56.5 0 -1 0 -1 -1
0 1 0 28.7 56.5 0 -1 0 -1 -1
0 1 0 28.6 56.5 0 -1 0 -1 -1
0 1 0 28.7 56.5 0 -1 0 -1 -1
0 1 0 28.7 56.5 0 -1 0 -1 -1
0 1 0 28.7 56.5 0 -1 0 -1 -1
0 1 0 28.6 56.5 0 -1 0 -1 -1
0 1 0 28.7 56.5 0 -1 0 -1 -1
0 1 0 28.7 56.5 0 -1 0 -1 -1
0 1 0 28.7 56.5 0 -1 0 -1 -1
0 1 0 28.7 56.5 0 -1 0 -1 -1
0 1 0 28.7 56.5 0 -1 0 -1 -1
0 1 0 28.7 56.5 0 -1 0 -1 -1
0 1 0 28.7 56.5 0 -1 0 -1 -1
0 1 0 28.7 56.5 0 -1 0 -1 -1
0 1 0 28.7 56.5 0 -1 0 -1 -1
0 1 0 28.7 56.5 0 -1 0 -1 -1
0 1 0 28.7 56.5 0 -1 0 -1 -1
0 1 0 28.7 56.5 0 -1 0 -1 -1
0 1 0 28.7 56.5 0 -1 0 -1 -1
0 1 0 28.8 56.5 0 -1 0 -1 -1
0 1 0 28.7 56.5 0 -1 0 -1 -1
0 1 0 28.7 56.5 0 -1 0 -1 -1
0 1 0 28.8 56.5 0 -1 0 -1 -1
0 1 0 28.7 56.5 0 -1 0 -1 -1
0 1 0 28.7 56.5 0 -1 0 -1 -1
0 1 0 28.8 56.5 0 -1 0 -1 -1
0 1 0 28.7 56.5 0 -1 0 -1 -1
0 1 0 28.8 56.5 0 -1 0 -1 -1
0 1 0 28.8 56.5 0 -1 0 -1 -1
0 1 0 28.8 56.5 0 -1 0 -1 -1
0 1 0 28.8 56.5 0 -1 0 -1 -1
0 1 0 28.8 56.5 0 -1 0 -1 -1
0 1 0 28.8 56.5 0 -1 0 -1 -1
0 1 0 28.8 56.5 0 -1 0 -1 -1
0 1 0 28.8 56.5 0 -1 0 -1 -1
0 1 0 28.8 56.5 0 -1 0 -1 -1
0 1 0 28.8 56.5 0 -1 0 -1 -1
0 1 0 28.9 56.5 0 -1 0 -1 -1
0 1 0 28.8 56.5 0 -1 0 -1 -1
0 1 0 28.7 56.5 0 -1 0 -1 -1
0 1 0 28.8 56.5 0 -1 0 -1 -1
0 1 0 28.8 56.5 0 -1 0 -1 -1
0 1 0 28.8 56.5 0 -1 0 -1 -1
0 1 0 28.9 57.0 0 -1 0 -1 -1
0 1 0 28.8 56.5 0 -1 0 -1 -1
0 1 0 28.8 56.5 0 -1 0 -1 -1
0 1 0 28.9 57.0 0 -1 0 -1 -1
0 1 0 28.8 57.0 0 -1 0 -1 -1
0 1 0 28.8 56.5 0 -1 0 -1 -1
0 1 0 28.8 56.5 0 -1 0 -1 -1
0 1 0 28.9 56.5 0 -1 0 -1 -1
0 1 0 28.8 56.5 0 -1 0 -1 -1
0 1 0 28.9 56.5 0 -1 0 -1 -1
0 1 0 28.9 56.5 0 -1 0 -1 -1
0 1 0 28.9 57.0 0 -1 0 -1 -1
0 1 0 28.9 57.0 0 -1 0 -1 -1
0 1 0 28.8 57.0 0 -1 0 -1 -1
0 1 0 28.8 56.5 0 -1 0 -1 -1
0 1 0 28.8 57.0 0 -1 0 -1 -1
0 1 0 28.9 57.0 0 -1 0 -1 -1
0 1 0 28.9 56.5 0 -1 0 -1 -1
0 1 0 28.8 56.5 0 -1 0 -1 -1
0 1 0 28.9 57.0 0 -1 0 -1 -1
0 1 0 28.9 57.0 0 -1 0 -1 -1
0 1 0 28.9 57.0 0 -1 0 -1 -1
0 1 0 28.9 57.0 0 -1 0 -1 -1
0 1 0 28.9 57.0 0 -1 0 -1 -1
0 1 0 28.8 57.0 0 -1 0 -1 -1
0 1 0 28.9 57.0 0 -1 0 -1 -1
0 1 0 28.8 57.0 0 -1 0 -1 -1
0 1 0 28.9 57.0 0 -1 0 -1 -1
0 1 0 28.9 57.0 0 -1 0 -1 -1
0 1 0 28.9 57.0 0 -1 0 -1 -1
0 1 0 28.9 57.0 0 -1 0 -1 -1
0 1 0 28.9 57.0 0 -1 0 -1 -1
0 1 0 28.9 57.0 0 -1 0 -1 -1
0 1 0 28.9 57.0 0 -1 0 -1 -1
0 1 0 28.9 57.0 0 -1 0 -1 -1
0 1 0 28.9 57.0 0 -1 0 -1 -1
0 1 0 28.9 57.0 0 -1 0 -1 -1
0 1 0 28.9 57.0 0 -1 0 -1 -1
0 1 0 28.9 57.0 0 -1 0 -1 -1
0 1 0 29.0 57.0 0 -1 0 -1 -1
0 1 0 28.9 57.0 0 -1 0 -1 -1
0 1 0 28.9 57.0 0 -1 0 -1 -1
0 1 0 28.9 57.0 0 -1 0 -1 -1
0 1 0 28.9 57.0 0 -1 0 -1 -1
0 1 0 28.9 57.0 0 -1 0 -1 -1
0 1 0 29.0 57.0 0 -1 0 -1 -1
0 1 0 29.0 57.0 0 -1 0 -1 -1
0 1 0 28.9 57.0 0 -1 0 -1 -1
0 1 0 28.9 57.0 0 -1 0 -1 -1
0 1 0 28.9 57.0 0 -1 0 -1 -1
0 1 0 28.9 57.0 0 -1 0 -1 -1
0 1 0 28.9 57.0 0 -1 0 -1 -1
0 1 0 29.0 57.0 0 -1 0 -1 -1
0 1 0 28.9 57.0 0 -1 0 -1 -1
0 1 0 29.0 57.0 0 -1 0 -1 -1
0 1 0 29.0 57.5 0 -1 0 -1 -1
0 1 0 29.0 57.0 0 -1 0 -1 -1
0 1 0 29.0 57.0 0 -1 0 -1 -1
0 1 0 29.0 57.0 0 -1 0 -1 -1
0 1 0 29.0 57.0 0 -1 0 -1 -1
0 1 0 28.9 57.0 0 -1 0 -1 -1
0 1 0 29.0 57.0 0 -1 0 -1 -1
0 1 0 29.0 57.0 0 -1 0 -1 -1
0 1 0 29.0 57.5 0 -1 0 -1 -1
0 1 0 29.0 57.5 0 -1 0 -1 -1
0 1 0 29.0 57.5 0 -1 0 -1 -1
0 1 0 29.0 57.5 0 -1 0 -1 -1
0 1 0 29.0 57.5 0 -1 0 -1 -1
0 1 0 29.0 57.5 0 -1 0 -1 -1
0 1 0 29.0 57.5 0 -1 0 -1 -1
0 1 0 29.0 57.5 0 -1 0 -1 -1
0 1 0 29.0 57.5 0 -1 0 -1 -1
0 1 0 29.0 57.5 0 -1 0 -1 -1
0 1 0 29.1 57.5 0 -1 0 -1 -1
0 1 0 29.1 58.0 0 -1 0 -1 -1
0 1 0 29.0 58.0 0 -1 0 -1 -1
0 1 0 29.0 58.0 0 -1 0 -1 -1
0 1 0 29.0 58.0 0 -1 0 -1 -1
0 1 0 29.0 58.0 0 -1 0 -1 -1
0 1 0 29.0 58.0 0 -1 0 -1 -1
0 1 0 29.0 58.0 0 -1 0 -1 -1
0 1 0 29.1 58.0 0 -1 0 -1 -1
0 1 0 29.0 58.0 0 -1 0 -1 -1
0 1 0 29.0 58.0 0 -1 0 -1 -1
0 1 0 29.0 58.0 0 -1 0 -1 -1
0 1 0 29.1 58.0 0 -1 0 -1 -1
0 1 0 29.1 58.0 0 -1 0 -1 -1
0 1 0 29.0 58.0 0 -1 0 -1 -1
0 1 0 29.1 58.0 0 -1 0 -1 -1
0 1 0 29.0 58.0 0 -1 0 -1 -1
0 1 0 29.0 58.0 0 -1 0 -1 -1
0 1 0 29.0 58.0 0 -1 0 -1 -1
0 1 0 29.0 58.0 0 -1 0 -1 -1
0 1 0 29.0 58.0 0 -1 0 -1 -1
0 1 0 29.1 58.0 0 -1 0 -1 -1
0 1 0 29.0 58.0 0 -1 0 -1 -1
0 1 0 29.1 58.0 0 -1 0 -1 -1
0 1 0 29.1 58.0 0 -1 0 -1 -1
0 1 0 29.0 58.0 0 -1 0 -1 -1
0 1 0 29.0 58.0 0 -1 0 -1 -1
0 1 0 29.1 58.0 0 -1 0 -1 -1
0 1 0 29.1 58.0 0 -1 0 -1 -1
0 1 0 29.0 58.0 2 -1 0 -1 -1
0 1 0 29.0 58.0 2 -1 0 -1 -1
0 1 0 29.0 58.0 2 -1 0 -1 -1
0 1 0 29.1 58.0 2 -1 0 -1 -1
0 1 0 29.0 58.0 2 -1 0 -1 -1
0 1 0 29.1 58.0 2 -1 0 -1 -1
0 1 0 29.1 58.0 0 -1 0 -1 -1
0 1 0 29.1 58.5 0 -1 0 -1 -1
0 1 0 29.1 58.5 0 -1 0 -1 -1
0 1 0 29.1 58.5 0 -1 0 -1 -1
0 1 0 29.1 58.5 0 -1 0 -1 -1
0 1 0 29.1 58.5 0 -1 0 -1 -1
0 1 0 29.1 58.5 2 -1 0 -1 -1
0 1 0 29.1 58.5 2 -1 0 -1 -1
0 1 0 29.1 58.5 2 -1 0 -1 -1
0 1 0 29.1 58.5 2 -1 0 -1 -1
0 1 0 29.1 58.5 2 -1 0 -1 -1
0 1 0 29.1 58.5 2 -1 0 -1 -1
0 1 0 29.1 58.5 2 -1 0 -1 -1
0 1 0 29.1 58.5 2 -1 0 -1 -1
0 1 0 29.1 58.5 2 -1 0 -1 -1
0 1 0 29.1 58.5 2 -1 0 -1 -1
0 1 0 29.1 58.5 1 -1 0 -1 -1
0 1 0 29.1 58.5 1 -1 0 -1 -1
0 1 0 29.1 58.5 1 -1 0 -1 -1
0 1 0 29.1 58.5 1 -1 0 -1 -1
0 1 0 29.1 58.5 1 -1 0 -1 -1
0 1 0 29.1 58.5 1 -1 0 -1 -1
0 1 0 29.1 58.5 1 -1 0 -1 -1
0 1 0 29.1 58.5 1 -1 0 -1 -1
0 1 0 29.1 58.5 1 -1 0 -1 -1
0 1 0 29.1 58.5 1 -1 0 -1 -1
0 1 0 29.1 58.5 1 -1 0 -1 -1
0 1 0 29.1 58.5 1 -1 0 -1 -1
0 1 0 29.1 58.5 1 -1 0 -1 -1
0 1 0 29.1 58.5 1 -1 0 -1 -1
0 1 0 29.1 58.5 1 -1 0 -1 -1
0 1 0 29.2 58.5 1 -1 0 -1 -1
0 1 0 29.1 58.5 1 -1 0 -1 -1
0 1 0 29.1 58.5 1 -1 0 -1 -1
0 1 0 29.1 58.5 1 -1 0 -1 -1
0 1 0 29.1 58.5 1 -1 0 -1 -1
0 1 0 29.1 58.5 1 -1 0 -1 -1
0 1 0 29.1 58.5 1 -1 0 -1 -1
0 1 0 29.1 58.5 1 -1 0 -1 -1
0 1 0 29.2 58.5 1 -1 0 -1 -1
0 1 0 29.2 58.5 1 -1 0 -1 -1
0 1 0 29.1 58.5 1 -1 0 -1 -1
0 1 0 29.1 58.5 1 -1 0 -1 -1
0 1 0 29.1 58.5 1 -1 0 -1 -1
0 1 0 29.2 58.5 1 -1 0 -1 -1
0 1 0 29.1 58.5 1 -1 0 -1 -1
0 1 0 29.1 58.5 1 -1 0 -1 -1
0 1 0 29.2 58.5 1 -1 0 -1 -1
0 1 0 29.1 58.5 1 -1 0 -1 -1
0 1 0 29.1 58.5 1 -1 0 -1 -1
0 1 0 29.2 58.5 1 -1 0 -1 -1
0 1 0 29.2 58.5 1 -1 0 -1 -1
0 1 0 29.2 58.5 1 -1 0 -1 -1
0 1 0 29.1 58.5 1 -1 0 -1 -1
0 1 0 29.2 58.5 0 -1 0 -1 -1
0 1 0 29.2 58.5 0 -1 0 -1 -1
0 1 0 29.2 58.5 0 -1 0 -1 -1
0 1 0 29.1 58.5 0 -1 0 -1 -1
0 1 0 29.2 58.5 0 -1 0 -1 -1
0 1 0 29.2 58.5 0 -1 0 -1 -1
0 1 0 29.1 58.5 0 -1 0 -1 -1
0 1 0 29.2 58.5 0 -1 0 -1 -1
0 1 0 29.2 58.5 0 -1 0 -1 -1
0 1 0 29.1 58.5 0 -1 0 -1 -1
0 1 0 29.1 58.5 0 -1 0 -1 -1
0 1 0 29.2 58.5 0 -1 0 -1 -1
0 1 0 29.2 58.5 0 -1 0 -1 -1
0 1 0 29.2 59.0 0 -1 0 -1 -1
0 1 0 29.2 59.0 0 -1 0 -1 -1
0 1 0 29.2 58.5 0 -1 0 -1 -1
0 1 0 29.2 58.5 2 -1 0 -1 -1
0 1 0 29.1 58.5 2 -1 0 -1 -1
0 1 0 29.2 58.5 2 -1 0 -1 -1
0 1 0 29.2 58.5 2 -1 0 -1 -1
0 1 0 29.1 58.5 2 -1 0 -1 -1
0 1 0 29.2 58.5 2 -1 0 -1 -1
0 1 0 29.2 59.0 1 -1 0 -1 -1
0 1 0 29.2 58.5 1 -1 0 -1 -1
0 1 0 29.2 59.0 1 -1 0 -1 -1
0 1 0 29.2 58.5 2 -1 0 -1 -1
0 1 0 29.2 58.5 2 -1 0 -1 -1
0 1 0 29.3 58.5 2 -1 0 -1 -1
0 1 0 29.2 59.0 2 -1 0 -1 -1
0 1 0 29.2 58.5 4 -1 0 -1 -1
0 1 0 29.2 58.5 4 -1 0 -1 -1
0 1 0 29.2 58.5 4 -1 0 -1 -1
0 1 0 29.2 58.5 4 -1 0 -1 -1
0 1 0 29.2 58.5 2 -1 0 -1 -1
0 1 0 29.2 59.0 2 -1 0 -1 -1
0 1 0 29.2 58.5 2 -1 0 -1 -1
0 1 0 29.2 59.0 2 -1 0 -1 -1
0 1 0 29.2 59.0 4 -1 0 -1 -1
0 1 0 29.2 59.0 4 -1 0 -1 -1
0 1 0 29.3 59.0 4 -1 0 -1 -1
0 1 0 29.2 59.0 4 -1 0 -1 -1
0 1 0 29.2 59.0 2 -1 0 -1 -1
0 1 0 29.2 59.0 2 -1 0 -1 -1
0 1 0 29.2 59.0 2 -1 0 -1 -1
0 1 0 29.2 59.0 1 -1 0 -1 -1
0 1 0 29.2 59.0 4 -1 0 -1 -1
0 1 0 29.2 59.0 4 -1 0 -1 -1
0 1 0 29.2 59.0 2 -1 0 -1 -1
0 1 0 29.3 58.5 2 -1 0 -1 -1
0 1 0 29.2 59.0 2 -1 0 -1 -1
0 1 0 29.3 59.0 2 -1 0 -1 -1
0 1 0 29.3 59.0 1 -1 0 -1 -1
0 1 0 29.2 59.0 1 -1 0 -1 -1
0 1 0 29.2 59.0 1 -1 0 -1 -1
0 1 0 29.2 59.0 2 -1 0 -1 -1
0 1 0 29.2 59.0 2 -1 0 -1 -1
0 1 0 29.2 59.0 2 -1 0 -1 -1
0 1 0 29.3 59.0 2 -1 0 -1 -1
0 1 0 29.2 59.0 4 -1 0 -1 -1
0 1 0 29.3 59.0 4 -1 0 -1 -1
0 1 0 29.3 59.0 4 -1 0 -1 -1
0 1 0 29.2 59.0 6 -1 0 -1 -1
0 1 0 29.3 59.0 2 -1 0 -1 -1
0 1 0 29.2 59.0 2 -1 0 -1 -1
0 1 0 29.3 59.0 2 -1 0 -1 -1
0 1 0 29.2 59.0 2 -1 0 -1 -1
0 1 0 29.3 59.0 2 -1 0 -1 -1
0 1 0 29.2 59.0 2 -1 0 -1 -1
0 1 0 29.3 59.0 6 -1 0 -1 -1
0 1 0 29.3 59.0 4 -1 0 -1 -1
0 1 0 29.2 59.0 4 -1 0 -1 -1
0 1 0 29.2 59.0 4 -1 0 -1 -1
0 1 0 29.3 58.5 4 -1 0 -1 -1
0 1 0 29.2 58.5 2 -1 0 -1 -1
0 1 0 29.3 58.5 2 -1 0 -1 -1
0 1 0 29.3 58.5 2 -1 0 -1 -1
0 1 0 29.3 58.5 4 -1 0 -1 -1
0 1 0 29.3 58.5 4 -1 0 -1 -1
0 1 0 29.2 58.5 4 -1 0 -1 -1
0 1 0 29.2 58.5 4 -1 0 -1 -1
0 1 0 29.3 58.0 6 -1 0 -1 -1
0 1 0 29.2 58.0 6 -1 0 -1 -1
0 1 0 29.2 58.0 6 -1 0 -1 -1
0 1 0 29.2 58.0 6 -1 0 -1 -1
0 1 0 29.1 57.5 6 -1 0 -1 -1
0 1 0 29.2 57.5 6 -1 0 -1 -1
0 1 0 29.2 57.5 4 -1 0 -1 -1
0 1 0 29.1 57.5 4 -1 0 -1 -1
0 1 0 29.1 57.0 4 -1 0 -1 -1
0 1 0 29.2 57.0 4 -1 0 -1 -1
0 1 0 29.1 57.0 4 -1 0 -1 -1
0 1 0 29.1 56.5 4 -1 0 -1 -1
0 1 0 29.1 56.5 4 -1 0 -1 -1
0 1 0 29.1 56.5 4 -1 0 -1 -1
0 1 0 29.0 56.5 4 -1 0 -1 -1
0 1 0 29.0 56.0 4 -1 0 -1 -1
0 1 0 29.0 56.0 4 -1 0 -1 -1
0 1 0 29.0 56.0 4 -1 0 -1 -1
0 1 0 29.0 56.0 4 -1 0 -1 -1
0 1 0 28.9 55.5 6 -1 0 -1 -1
0 1 0 28.9 55.5 2 -1 0 -1 -1
0 1 0 28.9 55.5 2 -1 0 -1 -1
0 1 0 28.9 55.5 4 -1 0 -1 -1
0 1 0 28.9 55.0 4 -1 0 -1 -1
0 1 0 28.9 55.0 6 -1 0 -1 -1
0 1 0 28.9 55.0 6 -1 0 -1 -1
0 1 0 28.8 55.0 5 -1 0 -1 -1
0 1 0 28.9 54.5 5 -1 0 -1 -1
0 1 0 28.8 54.5 5 -1 0 -1 -1
0 1 0 28.8 54.5 7 -1 0 -1 -1
0 1 0 28.9 54.5 7 -1 0 -1 -1
0 1 0 28.8 54.5 7 -1 0 -1 -1
0 1 0 28.8 54.5 7 -1 0 -1 -1
0 1 0 28.8 54.5 7 -1 0 -1 -1
0 1 0 28.8 54.5 7 -1 0 -1 -1
0 1 0 28.8 54.0 7 -1 0 -1 -1
0 1 0 28.8 54.0 7 -1 0 -1 -1
0 1 0 28.8 54.0 7 -1 0 -1 -1
0 1 0 28.7 54.0 7 -1 0 -1 -1
0 1 0 28.7 54.0 7 -1 0 -1 -1
0 1 0 28.7 54.0 7 -1 0 -1 -1
0 1 0 28.7 54.0 7 -1 0 -1 -1
0 1 0 28.7 54.0 9 -1 0 -1 -1
0 1 0 28.7 54.0 7 -1 0 -1 -1
0 1 0 28.7 54.0 9 -1 0 -1 -1
0 1 0 28.7 54.0 11 -1 0 -1 -1
0 1 0 28.7 54.0 9 -1 0 -1 -1
0 1 0 28.7 54.0 9 -1 0 -1 -1
0 1 0 28.7 54.0 10 -1 0 -1 -1
0 1 0 28.6 54.0 12 -1 0 -1 -1
0 1 0 28.7 54.0 12 -1 0 -1 -1
0 1 0 28.6 54.0 14 -1 0 -1 -1
0 1 0 28.6 54.0 12 -1 0 -1 -1
0 1 0 28.6 54.0 14 -1 0 -1 -1
0 1 0 28.6 54.0 14 -1 0 -1 -1
0 1 0 28.7 54.0 16 -1 0 -1 -1
0 1 0 28.6 54.0 16 -1 0 -1 -1
0 1 0 28.6 54.0 13 -1 0 -1 -1
0 1 0 28.6 54.0 13 -1 0 -1 -1
0 1 0 28.6 54.0 12 -1 0 -1 -1
0 1 0 28.6 54.0 14 -1 0 -1 -1
0 1 0 28.5 54.0 18 -1 0 -1 -1
0 1 0 28.5 54.0 23 -1 0 -1 -1
0 1 0 28.5 54.0 23 -1 0 -1 -1
0 1 0 28.6 54.0 30 -1 0 -1 -1
0 1 0 28.6 54.0 30 -1 0 -1 -1
0 1 0 28.6 54.0 34 -1 0 -1 -1
0 1 0 28.5 54.0 35 -1 0 -1 -1
0 1 0 28.5 54.0 35 -1 0 -1 -1
0 1 0 28.6 54.0 37 -1 0 -1 -1
0 1 0 28.6 54.0 37 -1 0 -1 -1
0 1 0 28.5 54.0 40 -1 0 -1 -1
0 1 0 28.5 54.0 40 -1 0 -1 -1
0 1 0 28.5 54.0 40 -1 0 -1 -1
0 1 0 28.5 54.0 40 -1 0 -1 -1
0 1 0 28.5 54.0 40 -1 0 -1 -1
0 1 0 28.6 53.5 47 -1 0 -1 -1
0 1 0 28.6 53.5 51 -1 0 -1 -1
0 1 0 28.6 53.5 51 -1 0 -1 -1
0 1 0 28.6 53.5 55 -1 0 -1 -1
0 1 0 28.6 53.5 55 -1 0 -1 -1
0 1 0 28.6 53.5 53 -1 0 -1 -1
0 1 0 28.6 53.5 58 -1 0 -1 -1
0 1 0 28.6 53.5 58 -1 0 -1 -1
0 1 0 28.6 53.5 56 -1 0 -1 -1
0 1 0 28.6 53.5 58 -1 0 -1 -1
0 1 0 28.6 53.5 57 -1 0 -1 -1
0 1 0 28.6 53.5 51 -1 0 -1 -1
0 1 0 28.5 53.5 50 -1 0 -1 -1
0 1 0 28.6 53.5 46 -1 0 -1 -1
0 1 0 28.6 53.5 46 -1 0 -1 -1
0 1 0 28.6 53.0 46 -1 0 -1 -1
0 1 0 28.6 53.0 44 -1 0 -1 -1
0 1 0 28.6 53.0 44 -1 0 -1 -1
0 1 0 28.6 53.0 44 -1 0 -1 -1
0 1 0 28.6 53.0 42 -1 0 -1 -1
0 1 0 28.6 53.0 42 -1 0 -1 -1
0 1 0 28.6 53.0 40 -1 0 -1 -1
0 1 0 28.5 53.0 41 -1 0 -1 -1
0 1 0 28.6 53.0 39 -1 0 -1 -1
0 1 0 28.5 53.0 39 -1 0 -1 -1
0 1 0 28.5 53.0 39 -1 0 -1 -1
0 1 0 28.6 53.0 41 -1 0 -1 -1
0 1 0 28.6 53.0 41 -1 0 -1 -1
0 1 0 28.6 53.0 41 -1 0 -1 -1
0 1 0 28.5 53.0 39 -1 0 -1 -1
0 1 0 28.6 53.0 39 -1 0 -1 -1
0 1 0 28.5 52.5 37 -1 0 -1 -1
0 1 0 28.6 52.5 37 -1 0 -1 -1
0 1 0 28.6 52.5 39 -1 0 -1 -1
0 1 0 28.6 52.5 37 -1 0 -1 -1
0 1 0 28.5 52.5 37 -1 0 -1 -1
0 1 0 28.6 52.5 39 -1 0 -1 -1
0 1 0 28.6 52.5 37 -1 0 -1 -1
0 1 0 28.6 52.5 37 -1 0 -1 -1
0 1 0 28.6 52.5 39 -1 0 -1 -1
0 1 0 28.6 52.5 40 -1 0 -1 -1
0 1 0 28.7 52.5 42 -1 0 -1 -1
0 1 0 28.6 52.5 40 -1 0 -1 -1
0 1 0 28.6 52.5 44 -1 0 -1 -1
0 1 0 28.6 52.0 44 -1 0 -1 -1
0 1 0 28.6 52.0 46 -1 0 -1 -1
0 1 0 28.5 52.0 46 -1 0 -1 -1
0 1 0 28.5 52.0 46 -1 0 -1 -1
0 1 0 28.6 52.0 42 -1 0 -1 -1
0 1 0 28.6 52.0 44 -1 0 -1 -1
0 1 0 28.5 52.0 46 -1 0 -1 -1
0 1 0 28.5 52.0 48 -1 0 -1 -1
0 1 0 28.6 52.0 47 -1 0 -1 -1
0 1 0 28.6 52.0 49 -1 0 -1 -1
0 1 0 28.6 52.0 51 -1 0 -1 -1
0 1 0 28.5 52.0 49 -1 0 -1 -1
0 1 0 28.6 52.0 53 -1 0 -1 -1
0 1 0 28.6 51.5 53 -1 0 -1 -1
0 1 0 28.7 51.5 53 -1 0 -1 -1
0 1 0 28.6 51.5 55 -1 0 -1 -1
0 1 0 28.6 51.5 53 -1 0 -1 -1
0 1 0 28.5 51.5 53 -1 0 -1 -1
0 1 0 28.6 51.5 56 -1 0 -1 -1
0 1 0 28.6 51.5 58 -1 0 -1 -1
0 1 0 28.6 51.5 58 -1 0 -1 -1
0 1 0 28.7 51.5 58 -1 0 -1 -1
0 1 0 28.6 51.5 56 -1 0 -1 -1
0 1 0 28.6 51.5 55 -1 0 -1 -1
0 1 0 28.6 51.5 53 -1 0 -1 -1
0 1 0 28.6 51.5 47 -1 0 -1 -1
0 1 0 28.6 51.5 46 -1 0 -1 -1
0 1 0 28.6 51.5 44 -1 0 -1 -1
0 1 0 28.6 51.5 37 -1 0 -1 -1
0 1 0 28.6 51.5 37 -1 0 -1 -1
0 1 0 28.6 51.5 40 -1 0 -1 -1
0 1 0 28.6 51.5 44 -1 0 -1 -1
0 1 0 28.7 51.5 48 -1 0 -1 -1
0 1 0 28.6 51.5 51 -1 0 -1 -1
0 1 0 28.6 51.5 53 -1 0 -1 -1
0 1 0 28.6 51.5 58 -1 0 -1 -1
0 1 0 28.6 51.5 63 -1 0 -1 -1
0 1 0 28.6 51.5 67 -1 0 -1 -1
0 1 0 28.7 51.5 72 -1 0 -1 -1
0 1 0 28.6 51.5 74 -1 0 -1 -1
0 1 0 28.6 51.5 77 -1 0 -1 -1
0 1 0 28.6 51.5 79 -1 0 -1 -1
0 1 0 28.6 51.0 79 -1 0 -1 -1
0 1 0 28.5 51.5 77 -1 0 -1 -1
0 1 0 28.6 51.0 77 -1 0 -1 -1
0 1 0 28.7 51.0 77 -1 0 -1 -1
0 1 0 28.7 51.5 72 -1 0 -1 -1
0 1 0 28.6 51.5 72 -1 0 -1 -1
0 1 0 28.6 51.0 72 -1 0 -1 -1
0 1 0 28.7 51.0 72 -1 0 -1 -1
0 1 0 28.6 51.0 75 -1 0 -1 -1
0 1 0 28.7 51.0 73 -1 0 -1 -1
0 1 0 28.6 51.0 75 -1 0 -1 -1
0 1 0 28.7 51.0 72 -1 0 -1 -1
0 1 0 28.6 51.0 70 -1 0 -1 -1
0 1 0 28.6 51.0 70 -1 0 -1 -1
0 1 0 28.7 51.0 66 -1 0 -1 -1
0 1 0 28.7 51.0 65 -1 0 -1 -1
0 1 0 28.7 51.5 60 -1 0 -1 -1
0 1 0 28.7 51.5 60 -1 0 -1 -1
0 1 0 28.7 51.5 56 -1 0 -1 -1
0 1 0 28.7 51.5 58 -1 0 -1 -1
0 1 0 28.7 51.5 56 -1 0 -1 -1
0 1 0 28.7 51.5 55 -1 0 -1 -1
0 1 0 28.7 51.5 53 -1 0 -1 -1
0 1 0 28.7 51.5 51 -1 0 -1 -1
0 1 0 28.7 51.5 54 -1 0 -1 -1
0 1 0 28.7 51.5 55 -1 0 -1 -1
0 1 0 28.7 51.5 51 -1 0 -1 -1
0 1 0 28.7 51.5 51 -1 0 -1 -1
0 1 0 28.7 51.5 49 -1 0 -1 -1
0 1 0 28.7 51.5 51 -1 0 -1 -1
0 1 0 28.7 51.5 53 -1 0 -1 -1
0 1 0 28.7 51.5 49 -1 0 -1 -1
0 1 0 28.7 51.5 44 -1 0 -1 -1
0 1 0 28.7 51.5 44 -1 0 -1 -1
0 1 0 28.7 51.5 42 -1 0 -1 -1
0 1 0 28.7 51.5 40 -1 0 -1 -1
0 1 0 28.7 51.5 44 -1 0 -1 -1
0 1 0 28.7 51.5 44 -1 0 -1 -1
0 1 0 28.7 51.5 44 -1 0 -1 -1
0 1 0 28.7 51.5 44 -1 0 -1 -1
0 1 0 28.7 51.5 46 -1 0 -1 -1
0 1 0 28.7 51.5 51 -1 0 -1 -1
0 1 0 28.7 51.5 51 -1 0 -1 -1
0 1 0 28.7 52.0 56 -1 0 -1 -1
0 1 0 28.7 52.0 56 -1 0 -1 -1
0 1 0 28.7 52.0 54 -1 0 -1 -1
0 1 0 28.7 52.0 54 -1 0 -1 -1
0 1 0 28.7 52.0 53 -1 0 -1 -1
0 1 0 28.7 52.5 51 -1 0 -1 -1
0 1 0 28.8 52.5 51 -1 0 -1 -1
0 1 0 28.7 52.5 47 -1 0 -1 -1
0 1 0 28.7 53.0 49 -1 0 -1 -1
0 1 0 28.8 52.5 46 -1 0 -1 -1
0 1 0 28.8 53.0 42 -1 0 -1 -1
0 1 0 28.7 53.0 42 -1 0 -1 -1
0 1 0 28.7 53.0 40 -1 0 -1 -1
0 1 0 28.7 53.0 44 -1 0 -1 -1
0 1 0 28.8 53.0 42 -1 0 -1 -1
0 1 0 28.8 53.0 42 -1 0 -1 -1
0 1 0 28.7 53.0 37 -1 0 -1 -1
0 1 0 28.8 53.0 39 -1 0 -1 -1
0 1 0 28.7 53.0 37 -1 0 -1 -1
0 1 0 28.7 53.5 35 -1 0 -1 -1
0 1 0 28.7 53.5 33 -1 0 -1 -1
0 1 0 28.8 53.5 31 -1 0 -1 -1
0 1 0 28.7 53.5 30 -1 0 -1 -1
0 1 0 28.8 53.5 28 -1 0 -1 -1
0 1 0 28.8 53.5 26 -1 0 -1 -1
0 1 0 28.8 53.5 26 -1 0 -1 -1
0 1 0 28.7 53.5 26 -1 0 -1 -1
0 1 0 28.7 53.5 26 -1 0 -1 -1
0 1 0 28.7 54.0 26 -1 0 -1 -1
0 1 0 28.7 54.0 26 -1 0 -1 -1
0 1 0 28.8 54.0 26 -1 0 -1 -1
0 1 0 28.7 54.0 26 -1 0 -1 -1
0 1 0 28.7 54.0 26 -1 0 -1 -1
0 1 0 28.7 54.0 26 -1 0 -1 -1
0 1 0 28.7 54.0 26 -1 0 -1 -1
0 1 0 28.7 54.0 28 -1 0 -1 -1
0 1 0 28.8 54.0 28 -1 0 -1 -1
0 1 0 28.7 54.0 28 -1 0 -1 -1
0 1 0 28.8 54.0 28 -1 0 -1 -1
0 1 0 28.8 54.0 28 -1 0 -1 -1
0 1 0 28.7 54.0 30 -1 0 -1 -1
0 1 0 28.7 54.0 28 -1 0 -1 -1
0 1 0 28.7 54.0 30 -1 0 -1 -1
0 1 0 28.7 54.0 26 -1 0 -1 -1
0 1 0 28.7 54.0 28 -1 0 -1 -1
0 1 0 28.7 54.0 28 -1 0 -1 -1
0 1 0 28.7 54.0 30 -1 0 -1 -1
0 1 0 28.7 54.0 32 -1 0 -1 -1
0 1 0 28.8 54.0 30 -1 0 -1 -1
0 1 0 28.8 54.5 32 -1 0 -1 -1
0 1 0 28.7 54.5 33 -1 0 -1 -1
0 1 0 28.7 54.5 35 -1 0 -1 -1
0 1 0 28.7 54.5 35 -1 0 -1 -1
0 1 0 28.7 54.5 35 -1 0 -1 -1
0 1 0 28.7 54.5 39 -1 0 -1 -1
0 1 0 28.8 54.5 42 -1 0 -1 -1
0 1 0 28.8 55.0 42 -1 0 -1 -1
0 1 0 28.7 55.0 44 -1 0 -1 -1
0 1 0 28.8 55.0 42 -1 0 -1 -1
0 1 0 28.8 55.0 46 -1 0 -1 -1
0 1 0 28.8 55.0 44 -1 0 -1 -1
0 1 0 28.8 55.0 45 -1 0 -1 -1
0 1 0 28.8 55.0 45 -1 0 -1 -1
0 1 0 28.8 55.0 47 -1 0 -1 -1
0 1 0 28.7 55.0 49 -1 0 -1 -1
0 1 0 28.8 55.0 49 -1 0 -1 -1
0 1 0 28.8 55.0 47 -1 0 -1 -1
0 1 0 28.8 55.0 51 -1 0 -1 -1
0 1 0 28.8 55.0 52 -1 0 -1 -1
0 1 0 28.8 55.0 58 -1 0 -1 -1
0 1 0 28.8 55.0 56 -1 0 -1 -1
0 1 0 28.9 55.5 52 -1 0 -1 -1
0 1 0 28.9 55.5 51 -1 0 -1 -1
0 1 0 28.8 55.5 51 -1 0 -1 -1
0 1 0 28.9 55.5 52 -1 0 -1 -1
0 1 0 28.9 55.5 56 -1 0 -1 -1
0 1 0 28.9 55.5 55 -1 0 -1 -1
0 1 0 28.9 55.5 59 -1 0 -1 -1
0 1 0 28.9 55.5 53 -1 0 -1 -1
0 1 0 28.9 55.5 49 -1 0 -1 -1
0 1 0 28.9 55.5 47 -1 0 -1 -1
0 1 0 28.9 55.5 44 -1 0 -1 -1
0 1 0 28.9 55.5 44 -1 0 -1 -1
0 1 0 28.9 55.5 42 -1 0 -1 -1
0 1 0 29.0 55.5 42 -1 0 -1 -1
0 1 0 29.0 55.5 40 -1 0 -1 -1
0 1 0 28.9 55.5 40 -1 0 -1 -1
0 1 0 29.0 55.5 38 -1 0 -1 -1
0 1 0 28.9 55.5 42 -1 0 -1 -1
0 1 0 28.9 55.5 42 -1 0 -1 -1
0 1 0 28.9 55.5 42 -1 0 -1 -1
0 1 0 29.0 55.5 40 -1 0 -1 -1
0 1 0 29.0 55.5 35 -1 0 -1 -1
0 1 0 28.9 55.5 39 -1 0 -1 -1
0 1 0 29.0 55.5 35 -1 0 -1 -1
0 1 0 28.9 55.5 35 -1 0 -1 -1
0 1 0 29.0 55.5 37 -1 0 -1 -1
0 1 0 29.0 55.5 35 -1 0 -1 -1
0 1 0 28.9 55.5 33 -1 0 -1 -1
0 1 0 28.9 55.5 35 -1 0 -1 -1
0 1 0 29.0 55.5 35 -1 0 -1 -1
0 1 0 29.0 55.5 33 -1 0 -1 -1
0 1 0 29.0 55.5 37 -1 0 -1 -1
0 1 0 29.0 55.5 35 -1 0 -1 -1
0 1 0 29.0 55.5 39 -1 0 -1 -1
0 1 0 29.0 55.5 37 -1 0 -1 -1
0 1 0 29.0 55.5 40 -1 0 -1 -1
0 1 0 29.0 55.5 40 -1 0 -1 -1
0 1 0 29.0 55.5 39 -1 0 -1 -1
0 1 0 29.0 55.5 37 -1 0 -1 -1
0 1 0 29.0 55.5 33 -1 0 -1 -1
0 1 0 29.0 55.5 30 -1 0 -1 -1
0 1 0 29.0 55.5 28 -1 0 -1 -1
0 1 0 29.0 55.5 28 -1 0 -1 -1
0 1 0 29.0 55.5 25 -1 0 -1 -1
0 1 0 29.0 55.5 23 -1 0 -1 -1
0 1 0 29.0 55.5 19 -1 0 -1 -1
0 1 0 29.0 55.5 16 -1 0 -1 -1
0 1 0 29.0 55.5 16 -1 0 -1 -1
0 1 0 29.0 55.5 14 -1 0 -1 -1
0 1 0 29.0 55.5 16 -1 0 -1 -1
0 1 0 29.0 55.5 16 -1 0 -1 -1
0 1 0 28.9 55.5 16 -1 0 -1 -1
0 1 0 29.0 55.5 14 -1 0 -1 -1
0 1 0 28.9 55.5 14 -1 0 -1 -1
0 1 0 29.0 56.0 14 -1 0 -1 -1
0 1 0 29.0 56.0 14 -1 0 -1 -1
0 1 0 29.0 56.5 14 -1 0 -1 -1
0 1 0 29.0 56.5 12 -1 0 -1 -1
0 1 0 29.1 57.0 13 -1 0 -1 -1
0 1 0 29.0 57.0 11 -1 0 -1 -1
0 1 0 29.0 57.0 11 -1 0 -1 -1
0 1 0 29.0 57.0 11 -1 0 -1 -1
0 1 0 29.1 57.0 9 -1 0 -1 -1
0 1 0 29.1 57.5 9 -1 0 -1 -1
0 1 0 29.1 57.5 7 -1 0 -1 -1
0 1 0 29.0 57.5 11 -1 0 -1 -1
0 1 0 29.1 57.5 7 -1 0 -1 -1
0 1 0 29.1 58.0 9 -1 0 -1 -1
0 1 0 29.1 58.0 6 -1 0 -1 -1
0 1 0 29.0 58.0 4 -1 0 -1 -1
0 1 0 29.1 58.5 4 -1 0 -1 -1
0 1 0 29.1 58.5 6 -1 0 -1 -1
0 1 0 29.1 58.5 4 -1 0 -1 -1
0 1 0 29.1 59.0 4 -1 0 -1 -1
0 1 0 29.1 59.0 2 -1 0 -1 -1
0 1 0 29.1 59.5 6 -1 0 -1 -1
0 1 0 29.1 59.5 6 -1 0 -1 -1
0 1 0 29.0 59.5 6 -1 0 -1 -1
0 1 0 29.1 59.5 4 -1 0 -1 -1
0 1 0 29.1 60.0 4 -1 0 -1 -1
0 1 0 29.1 60.0 4 -1 0 -1 -1
0 1 0 29.1 60.0 2 -1 0 -1 -1
0 1 0 29.1 59.5 2 -1 0 -1 -1
0 1 0 29.1 58.5 2 -1 0 -1 -1
0 1 0 29.0 57.5 2 -1 0 -1 -1
0 1 0 29.0 57.0 4 -1 0 -1 -1
0 1 0 29.0 56.5 4 -1 0 -1 -1
0 1 0 29.0 56.5 6 -1 0 -1 -1
0 1 0 28.9 56.0 6 -1 0 -1 -1
0 1 0 28.9 56.0 6 -1 0 -1 -1
0 1 0 28.9 56.0 6 -1 0 -1 -1
0 1 0 28.9 55.5 4 -1 0 -1 -1
0 1 0 28.9 55.5 4 -1 0 -1 -1
0 1 0 28.9 55.0 2 -1 0 -1 -1
0 1 0 28.8 55.0 2 -1 0 -1 -1
0 1 0 28.8 55.0 2 -1 0 -1 -1
0 1 0 28.8 55.0 2 -1 0 -1 -1
0 1 0 28.8 55.0 4 -1 0 -1 -1
0 1 0 28.7 55.0 4 -1 0 -1 -1
0 1 0 28.8 55.0 4 -1 0 -1 -1
0 1 0 28.7 54.5 4 -1 0 -1 -1
0 1 0 28.7 54.5 4 -1 0 -1 -1
0 1 0 28.8 54.5 4 -1 0 -1 -1
0 1 0 28.7 54.5 6 -1 0 -1 -1
0 1 0 28.7 55.0 6 -1 0 -1 -1
0 1 0 28.7 55.0 6 -1 0 -1 -1
0 1 0 28.7 55.0 6 -1 0 -1 -1
0 1 0 28.7 55.0 6 -1 0 -1 -1
0 1 0 28.7 55.0 6 -1 0 -1 -1
0 1 0 28.6 55.0 6 -1 0 -1 -1
0 1 0 28.7 55.0 6 -1 0 -1 -1
0 1 0 28.6 55.0 6 -1 0 -1 -1
0 1 0 28.6 55.0 9 -1 0 -1 -1
0 1 0 28.6 55.0 9 -1 0 -1 -1
0 1 0 28.6 55.0 7 -1 0 -1 -1
0 1 0 28.6 55.0 7 -1 0 -1 -1
0 1 0 28.5 54.5 9 -1 0 -1 -1
0 1 0 28.5 54.5 9 -1 0 -1 -1
0 1 0 28.6 54.5 9 -1 0 -1 -1
0 1 0 28.6 54.5 9 -1 0 -1 -1
0 1 0 28.6 54.5 11 -1 0 -1 -1
0 1 0 28.6 54.5 11 -1 0 -1 -1
0 1 0 28.5 54.5 11 -1 0 -1 -1
0 1 0 28.5 54.0 11 -1 0 -1 -1
0 1 0 28.5 54.0 11 -1 0 -1 -1
0 1 0 28.5 54.0 11 -1 0 -1 -1
0 1 0 28.5 54.0 11 -1 0 -1 -1
0 1 0 28.4 54.0 7 -1 0 -1 -1
0 1 0 28.5 54.0 7 -1 0 -1 -1
0 1 0 28.4 54.0 9 -1 0 -1 -1
0 1 0 28.4 54.0 9 -1 0 -1 -1
0 1 0 28.5 54.0 11 -1 0 -1 -1
0 1 0 28.4 54.0 11 -1 0 -1 -1
0 1 0 28.4 54.0 11 -1 0 -1 -1
0 1 0 28.4 54.0 13 -1 0 -1 -1
0 1 0 28.3 54.0 13 -1 0 -1 -1
0 1 0 28.4 54.0 13 -1 0 -1 -1
0 1 0 28.4 53.5 13 -1 0 -1 -1
0 1 0 28.4 53.5 13 -1 0 -1 -1
0 1 0 28.4 53.5 11 -1 0 -1 -1
0 1 0 28.4 53.5 11 -1 0 -1 -1
0 1 0 28.4 53.5 13 -1 0 -1 -1
0 1 0 28.3 53.5 13 -1 0 -1 -1
0 1 0 28.4 53.5 13 -1 0 -1 -1
0 1 0 28.3 53.5 13 -1 0 -1 -1
0 1 0 28.3 53.5 9 -1 0 -1 -1
0 1 0 28.2 53.0 9 -1 0 -1 -1
0 1 0 28.3 53.0 11 -1 0 -1 -1
0 1 0 28.3 53.0 11 -1 0 -1 -1
0 1 0 28.3 53.0 11 -1 0 -1 -1
0 1 0 28.3 53.0 13 -1 0 -1 -1
0 1 0 28.3 53.0 13 -1 0 -1 -1
0 1 0 28.3 53.0 13 -1 0 -1 -1
0 1 0 28.3 53.0 13 -1 0 -1 -1
0 1 0 28.3 53.0 13 -1 0 -1 -1
0 1 0 28.2 53.0 13 -1 0 -1 -1
0 1 0 28.3 52.5 13 -1 0 -1 -1
0 1 0 28.3 53.0 16 -1 0 -1 -1
0 1 0 28.2 52.5 16 -1 0 -1 -1
0 1 0 28.2 52.5 16 -1 0 -1 -1
0 1 0 28.2 52.5 12 -1 0 -1 -1
0 1 0 28.2 52.5 12 -1 0 -1 -1
0 1 0 28.2 52.0 14 -1 0 -1 -1
0 1 0 28.2 52.0 16 -1 0 -1 -1
0 1 0 28.3 52.0 14 -1 0 -1 -1
0 1 0 28.2 52.0 16 -1 0 -1 -1
0 1 0 28.3 52.5 16 -1 0 -1 -1
0 1 0 28.2 52.0 16 -1 0 -1 -1
0 1 0 28.2 52.0 16 -1 0 -1 -1
0 1 0 28.2 52.0 16 -1 0 -1 -1
0 1 0 28.2 52.0 18 -1 0 -1 -1
0 1 0 28.2 52.0 18 -1 0 -1 -1
0 1 0 28.1 52.0 18 -1 0 -1 -1
0 1 0 28.1 52.0 20 -1 0 -1 -1
0 1 0 28.2 52.0 16 -1 0 -1 -1
0 1 0 28.2 52.0 16 -1 0 -1 -1
0 1 0 28.2 52.0 18 -1 0 -1 -1
0 1 0 28.2 52.0 18 -1 0 -1 -1
0 1 0 28.2 52.0 18 -1 0 -1 -1
0 1 0 28.2 51.5 18 -1 0 -1 -1
0 1 0 28.1 52.0 16 -1 0 -1 -1
0 1 0 28.2 51.5 16 -1 0 -1 -1
0 1 0 28.2 51.5 14 -1 0 -1 -1
0 1 0 28.1 51.5 18 -1 0 -1 -1
0 1 0 28.1 51.5 16 -1 0 -1 -1
0 1 0 28.2 51.5 16 -1 0 -1 -1
0 1 0 28.2 51.5 14 -1 0 -1 -1
0 1 0 28.1 51.5 14 -1 0 -1 -1
0 1 0 28.1 51.5 14 -1 0 -1 -1
0 1 0 28.2 51.5 16 -1 0 -1 -1
0 1 0 28.2 51.5 18 -1 0 -1 -1
0 1 0 28.2 51.5 16 -1 0 -1 -1
0 1 0 28.2 51.5 18 -1 0 -1 -1
0 1 0 28.1 51.5 18 -1 0 -1 -1
0 1 0 28.1 51.5 18 -1 0 -1 -1
0 1 0 28.1 51.0 18 -1 0 -1 -1
0 1 0 28.2 51.0 18 -1 0 -1 -1
0 1 0 28.2 51.0 16 -1 0 -1 -1
0 1 0 28.2 51.0 16 -1 0 -1 -1
0 1 0 28.2 51.0 14 -1 0 -1 -1
0 1 0 28.2 51.0 16 -1 0 -1 -1
0 1 0 28.2 51.0 14 -1 0 -1 -1
0 1 0 28.1 51.0 14 -1 0 -1 -1
0 1 0 28.2 51.0 12 -1 0 -1 -1
0 1 0 28.1 51.0 13 -1 0 -1 -1
0 1 0 28.2 51.0 11 -1 0 -1 -1
0 1 0 28.2 51.0 9 -1 0 -1 -1
0 1 0 28.2 51.0 9 -1 0 -1 -1
0 1 0 28.2 51.0 7 -1 0 -1 -1
0 1 0 28.2 51.5 9 -1 0 -1 -1
0 1 0 28.2 51.5 9 -1 0 -1 -1
0 1 0 28.2 51.5 9 -1 0 -1 -1
0 1 0 28.2 51.5 9 -1 0 -1 -1
0 1 0 28.2 51.5 7 -1 0 -1 -1
0 1 0 28.2 51.5 9 -1 0 -1 -1
0 1 0 28.3 52.0 9 -1 0 -1 -1
0 1 0 28.3 52.0 9 -1 0 -1 -1
0 1 0 28.3 52.0 9 -1 0 -1 -1
0 1 0 28.2 51.5 9 -1 0 -1 -1
0 1 0 28.3 51.5 9 -1 0 -1 -1
0 1 0 28.1 51.5 9 -1 0 -1 -1
0 1 0 28.2 51.5 11 -1 0 -1 -1
0 1 0 28.2 51.5 11 -1 0 -1 -1
0 1 0 28.2 52.0 11 -1 0 -1 -1
0 1 0 28.3 52.0 11 -1 0 -1 -1
0 1 0 28.2 52.0 11 -1 0 -1 -1
0 1 0 28.3 52.0 11 -1 0 -1 -1
0 1 0 28.3 52.0 11 -1 0 -1 -1
0 1 0 28.3 52.0 11 -1 0 -1 -1
0 1 0 28.2 52.0 11 -1 0 -1 -1
0 1 0 28.2 52.0 11 -1 0 -1 -1
0 1 0 28.2 52.0 11 -1 0 -1 -1
0 1 0 28.2 52.0 9 -1 0 -1 -1
0 1 0 28.2 52.5 11 -1 0 -1 -1
0 1 0 28.3 52.5 11 -1 0 -1 -1
0 1 0 28.3 52.5 13 -1 0 -1 -1
0 1 0 28.3 52.5 13 -1 0 -1 -1
0 1 0 28.2 52.5 12 -1 0 -1 -1
0 1 0 28.2 52.5 12 -1 0 -1 -1
0 1 0 28.2 52.5 12 -1 0 -1 -1
0 1 0 28.3 53.0 13 -1 0 -1 -1
0 1 0 28.2 53.0 11 -1 0 -1 -1
0 1 0 28.3 53.0 11 -1 0 -1 -1
0 1 0 28.3 52.5 13 -1 0 -1 -1
0 1 0 28.3 52.5 13 -1 0 -1 -1
0 1 0 28.3 52.5 10 -1 0 -1 -1
0 1 0 28.3 52.5 12 -1 0 -1 -1
0 1 0 28.2 52.5 12 -1 0 -1 -1
0 1 0 28.4 52.5 12 -1 0 -1 -1
0 1 0 28.2 52.5 12 -1 0 -1 -1
0 1 0 28.3 52.5 13 -1 0 -1 -1
0 1 0 28.2 52.5 13 -1 0 -1 -1
0 1 0 28.2 52.0 13 -1 0 -1 -1
0 1 0 28.2 52.0 13 -1 0 -1 -1
0 1 0 28.3 52.0 10 -1 0 -1 -1
0 1 0 28.3 52.0 12 -1 0 -1 -1
0 1 0 28.3 52.0 14 -1 0 -1 -1
0 1 0 28.2 52.0 14 -1 0 -1 -1
0 1 0 28.2 51.5 16 -1 0 -1 -1
0 1 0 28.3 51.5 16 -1 0 -1 -1
0 1 0 28.2 51.5 18 -1 0 -1 -1
0 1 0 28.2 51.5 17 -1 0 -1 -1
0 1 0 28.2 51.5 19 -1 0 -1 -1
0 1 0 28.3 51.0 23 -1 0 -1 -1
0 1 0 28.2 51.5 19 -1 0 -1 -1
0 1 0 28.2 51.0 21 -1 0 -1 -1
0 1 0 28.3 51.0 21 -1 0 -1 -1
0 1 0 28.2 51.0 21 -1 0 -1 -1
0 1 0 28.2 50.5 23 -1 0 -1 -1
0 1 0 28.2 50.5 21 -1 0 -1 -1
0 1 0 28.2 50.5 21 -1 0 -1 -1
0 1 0 28.2 50.5 23 -1 0 -1 -1
0 1 0 28.2 50.5 23 -1 0 -1 -1
0 1 0 28.2 50.0 23 -1 0 -1 -1
0 1 0 28.2 50.0 23 -1 0 -1 -1
0 1 0 28.2 50.0 23 -1 0 -1 -1
0 1 0 28.2 50.0 21 -1 0 -1 -1
0 1 0 28.1 50.0 21 -1 0 -1 -1
0 1 0 28.2 50.0 19 -1 0 -1 -1
0 1 0 28.2 50.0 20 -1 0 -1 -1
0 1 0 28.1 50.0 18 -1 0 -1 -1
0 1 0 28.1 50.0 16 -1 0 -1 -1
0 1 0 28.2 50.0 14 -1 0 -1 -1
0 1 0 28.1 49.5 18 -1 0 -1 -1
0 1 0 28.2 49.5 16 -1 0 -1 -1
0 1 0 28.1 49.5 16 -1 0 -1 -1
0 1 0 28.2 49.5 14 -1 0 -1 -1
0 1 0 28.2 49.5 14 -1 0 -1 -1
0 1 0 28.1 49.5 14 -1 0 -1 -1
0 1 0 28.1 49.5 16 -1 0 -1 -1
0 1 0 28.2 49.5 16 -1 0 -1 -1
0 1 0 28.1 49.5 16 -1 0 -1 -1
0 1 0 28.2 49.5 14 -1 0 -1 -1
0 1 0 28.2 49.5 14 -1 0 -1 -1
0 1 0 28.1 49.5 12 -1 0 -1 -1
0 1 0 28.1 49.5 12 -1 0 -1 -1
0 1 0 28.1 49.5 12 -1 0 -1 -1
0 1 0 28.2 49.0 12 -1 0 -1 -1
0 1 0 28.2 49.0 12 -1 0 -1 -1
0 1 0 28.1 49.0 13 -1 0 -1 -1
0 1 0 28.2 49.0 13 -1 0 -1 -1
0 1 0 28.1 49.0 13 -1 0 -1 -1
0 1 0 28.1 49.0 13 -1 0 -1 -1
0 1 0 28.1 49.0 13 -1 0 -1 -1
0 1 0 28.1 49.0 11 -1 0 -1 -1
0 1 0 28.1 49.0 11 -1 0 -1 -1
0 1 0 28.0 49.0 9 -1 0 -1 -1
0 1 0 28.2 49.0 9 -1 0 -1 -1
0 1 0 28.1 49.0 11 -1 0 -1 -1
0 1 0 28.1 49.0 11 -1 0 -1 -1
0 1 0 28.1 48.5 9 -1 0 -1 -1
0 1 0 28.1 49.0 9 -1 0 -1 -1
0 1 0 28.0 48.5 7 -1 0 -1 -1
0 1 0 28.1 49.0 7 -1 0 -1 -1
0 1 0 28.1 48.5 9 -1 0 -1 -1
0 1 0 28.0 48.5 9 -1 0 -1 -1
0 1 0 28.1 48.5 9 -1 0 -1 -1
0 1 0 28.1 48.5 9 -1 0 -1 -1
0 1 0 28.1 48.5 9 -1 0 -1 -1
0 1 0 28.1 48.5 7 -1 0 -1 -1
0 1 0 28.1 48.5 7 -1 0 -1 -1
0 1 0 28.1 48.5 7 -1 0 -1 -1
0 1 0 28.1 48.5 7 -1 0 -1 -1
0 1 0 28.1 48.5 7 -1 0 -1 -1
0 1 0 28.1 48.5 7 -1 0 -1 -1
0 1 0 28.1 48.5 7 -1 0 -1 -1
0 1 0 28.0 48.5 7 -1 0 -1 -1
0 1 0 28.1 48.5 7 -1 0 -1 -1
0 1 0 28.1 48.5 7 -1 0 -1 -1
0 1 0 28.1 48.5 7 -1 0 -1 -1
0 1 0 28.1 48.5 7 -1 0 -1 -1
0 1 0 28.0 48.5 9 -1 0 -1 -1
0 1 0 28.0 48.5 9 -1 0 -1 -1
0 1 0 28.0 48.5 9 -1 0 -1 -1
0 1 0 28.1 48.5 9 -1 0 -1 -1
0 1 0 28.1 48.5 7 -1 0 -1 -1
0 1 0 28.1 48.5 7 -1 0 -1 -1
0 1 0 28.0 48.5 7 -1 0 -1 -1
0 1 0 28.1 48.5 7 -1 0 -1 -1
0 1 0 28.0 48.5 5 -1 0 -1 -1
0 1 0 28.0 48.5 5 -1 0 -1 -1
0 1 0 28.1 48.5 5 -1 0 -1 -1
0 1 0 28.0 48.5 5 -1 0 -1 -1
0 1 0 28.0 48.5 5 -1 0 -1 -1
0 1 0 28.1 48.5 5 -1 0 -1 -1
0 1 0 28.1 48.5 6 -1 0 -1 -1
0 1 0 28.1 48.5 6 -1 0 -1 -1
0 1 0 28.0 48.5 6 -1 0 -1 -1
0 1 0 28.0 48.5 6 -1 0 -1 -1
0 1 0 28.0 48.5 6 -1 0 -1 -1
0 1 0 28.0 48.5 6 -1 0 -1 -1
0 1 0 28.0 48.0 6 -1 0 -1 -1
0 1 0 28.0 48.0 6 -1 0 -1 -1
0 1 0 28.0 48.5 6 -1 0 -1 -1
0 1 0 28.0 48.5 6 -1 0 -1 -1
0 1 0 28.0 48.0 4 -1 0 -1 -1
0 1 0 28.0 48.0 4 -1 0 -1 -1
0 1 0 28.0 48.0 4 -1 0 -1 -1
0 1 0 28.1 48.0 4 -1 0 -1 -1
0 1 0 28.0 48.0 4 -1 0 -1 -1
0 1 0 28.0 48.0 2 -1 0 -1 -1
0 1 0 28.0 48.0 2 -1 0 -1 -1
0 1 0 28.0 48.0 2 -1 0 -1 -1
0 1 0 28.0 48.0 4 -1 0 -1 -1
0 1 0 28.0 48.0 4 -1 0 -1 -1
0 1 0 28.1 48.0 4 -1 0 -1 -1
0 1 0 28.0 48.0 2 -1 0 -1 -1
0 1 0 28.0 48.0 2 -1 0 -1 -1
0 1 0 28.0 48.0 1 -1 0 -1 -1
0 1 0 28.0 48.0 1 -1 0 -1 -1
0 1 0 28.0 48.0 4 -1 0 -1 -1
0 1 0 28.0 48.0 2 -1 0 -1 -1
0 1 0 27.9 47.5 2 -1 0 -1 -1
0 1 0 28.0 48.0 2 -1 0 -1 -1
0 1 0 27.9 48.0 2 -1 0 -1 -1
0 1 0 28.0 48.0 2 -1 0 -1 -1
0 1 0 27.9 48.0 2 -1 0 -1 -1
0 1 0 28.0 47.5 2 -1 0 -1 -1
0 1 0 28.0 48.0 2 -1 0 -1 -1
0 1 0 28.0 47.5 2 -1 0 -1 -1
0 1 0 28.0 47.5 2 -1 0 -1 -1
0 1 0 28.0 47.5 4 -1 0 -1 -1
0 1 0 28.0 47.5 4 -1 0 -1 -1
0 1 0 28.0 47.5 2 -1 0 -1 -1
0 1 0 27.9 47.5 2 -1 0 -1 -1
0 1 0 27.9 47.5 2 -1 0 -1 -1
0 1 0 28.0 47.5 2 -1 0 -1 -1
0 1 0 27.9 47.5 2 -1 0 -1 -1
0 1 0 27.9 47.5 2 -1 0 -1 -1
0 1 0 28.0 47.5 2 -1 0 -1 -1
0 1 0 27.9 47.5 2 -1 0 -1 -1
0 1 0 27.9 47.5 2 -1 0 -1 -1
0 1 0 28.0 47.5 2 -1 0 -1 -1
0 1 0 28.0 47.5 2 -1 0 -1 -1
0 1 0 27.9 47.5 2 -1 0 -1 -1
0 1 0 27.9 47.5 2 -1 0 -1 -1
0 1 0 28.0 47.5 0 -1 0 -1 -1
0 1 0 28.0 47.5 0 -1 0 -1 -1
0 1 0 27.9 47.5 0 -1 0 -1 -1
0 1 0 27.9 47.5 0 -1 0 -1 -1
0 1 0 27.9 47.5 0 -1 0 -1 -1
0 1 0 28.0 47.5 0 -1 0 -1 -1
0 1 0 27.9 47.5 0 -1 0 -1 -1
0 1 0 27.9 47.5 0 -1 0 -1 -1
0 1 0 28.0 47.5 0 -1 0 -1 -1
0 1 0 27.9 47.5 0 -1 0 -1 -1
0 1 0 27.9 47.5 0 -1 0 -1 -1
0 1 0 28.0 47.5 1 -1 0 -1 -1
0 1 0 27.9 47.5 1 -1 0 -1 -1
0 1 0 28.0 47.5 1 -1 0 -1 -1
0 1 0 27.9 47.5 1 -1 0 -1 -1
0 1 0 28.0 47.5 1 -1 0 -1 -1
0 1 0 27.9 47.5 1 -1 0 -1 -1
0 1 0 27.9 47.5 1 -1 0 -1 -1
0 1 0 27.9 47.5 1 -1 0 -1 -1
0 1 0 27.9 47.5 1 -1 0 -1 -1
0 1 0 27.9 47.5 1 -1 0 -1 -1
0 1 0 27.9 47.5 1 -1 0 -1 -1
0 1 0 28.0 47.5 1 -1 0 -1 -1
0 1 0 27.9 47.5 1 -1 0 -1 -1
0 1 0 27.9 47.5 1 -1 0 -1 -1
0 1 0 28.0 47.5 1 -1 0 -1 -1
0 1 0 28.0 47.5 1 -1 0 -1 -1
0 1 0 27.9 47.5 1 -1 0 -1 -1
0 1 0 27.9 47.5 1 -1 0 -1 -1
0 1 0 27.9 47.5 1 -1 0 -1 -1
0 1 0 27.9 47.5 1 -1 0 -1 -1
0 1 0 27.9 47.5 2 -1 0 -1 -1
0 1 0 27.9 47.5 2 -1 0 -1 -1
0 1 0 27.9 47.5 2 -1 0 -1 -1
0 1 0 27.9 47.5 2 -1 0 -1 -1
0 1 0 27.9 47.5 2 -1 0 -1 -1
0 1 0 27.9 47.5 2 -1 0 -1 -1
0 1 0 27.9 47.5 2 -1 0 -1 -1
0 1 0 27.9 47.5 2 -1 0 -1 -1
0 1 0 27.9 47.5 2 -1 0 -1 -1
0 1 0 27.9 47.5 2 -1 0 -1 -1
0 1 0 27.9 47.5 2 -1 0 -1 -1
0 1 0 27.9 47.5 2 -1 0 -1 -1
0 1 0 27.9 47.5 2 -1 0 -1 -1
0 1 0 28.0 47.5 2 -1 0 -1 -1
0 1 0 27.9 47.5 2 -1 0 -1 -1
0 1 0 27.9 47.5 2 -1 0 -1 -1
0 1 0 28.0 47.5 2 -1 0 -1 -1
0 1 0 28.0 47.5 2 -1 0 -1 -1
0 1 0 27.9 47.5 2 -1 0 -1 -1
0 1 0 27.9 47.5 2 -1 0 -1 -1
0 1 0 27.9 47.5 2 -1 0 -1 -1
0 1 0 27.9 47.5 2 -1 0 -1 -1
0 1 0 27.9 47.5 2 -1 0 -1 -1
0 1 0 27.9 47.5 2 -1 0 -1 -1
0 1 0 27.9 47.5 2 -1 0 -1 -1
0 1 0 27.8 47.5 2 -1 0 -1 -1
0 1 0 27.8 47.5 2 -1 0 -1 -1
0 1 0 27.9 47.5 2 -1 0 -1 -1
0 1 0 27.9 47.5 2 -1 0 -1 -1
0 1 0 27.9 47.5 2 -1 0 -1 -1
0 1 0 27.9 47.5 2 -1 0 -1 -1
0 1 0 27.8 47.5 2 -1 0 -1 -1
0 1 0 27.9 47.5 2 -1 0 -1 -1
0 1 0 27.9 47.5 2 -1 0 -1 -1
0 1 0 28.0 47.5 2 -1 0 -1 -1
0 1 0 27.9 47.5 2 -1 0 -1 -1
0 1 0 27.8 47.5 2 -1 0 -1 -1
0 1 0 27.8 47.5 2 -1 0 -1 -1
0 1 0 27.8 47.5 2 -1 0 -1 -1
0 1 0 27.9 47.5 2 -1 0 -1 -1
0 1 0 27.9 47.5 2 -1 0 -1 -1
0 1 0 27.8 47.5 2 -1 0 -1 -1
0 1 0 27.8 47.5 2 -1 0 -1 -1
0 1 0 27.8 47.0 2 -1 0 -1 -1
0 1 0 27.8 47.0 2 -1 0 -1 -1
0 1 0 27.8 47.5 2 -1 0 -1 -1
0 1 0 27.9 47.5 2 -1 0 -1 -1
0 1 0 27.8 47.0 2 -1 0 -1 -1
0 1 0 27.8 47.5 2 -1 0 -1 -1
0 1 0 27.8 47.0 2 -1 0 -1 -1
0 1 0 27.8 47.0 2 -1 0 -1 -1
0 1 0 27.8 47.0 2 -1 0 -1 -1
0 1 0 27.8 47.0 2 -1 0 -1 -1
0 1 0 27.8 47.0 2 -1 0 -1 -1
0 1 0 27.8 47.0 2 -1 0 -1 -1
0 1 0 27.8 47.0 2 -1 0 -1 -1
0 1 0 27.8 47.0 2 -1 0 -1 -1
0 1 0 27.9 47.0 2 -1 0 -1 -1
0 1 0 27.8 47.0 2 -1 0 -1 -1
0 1 0 27.8 47.0 2 -1 0 -1 -1
0 1 0 27.8 47.0 2 -1 0 -1 -1
0 1 0 27.8 47.0 2 -1 0 -1 -1
0 1 0 27.8 47.0 2 -1 0 -1 -1
0 1 0 27.8 47.0 2 -1 0 -1 -1
0 1 0 27.8 47.0 2 -1 0 -1 -1
0 1 0 27.8 47.0 2 -1 0 -1 -1
0 1 0 27.7 47.0 2 -1 0 -1 -1
0 1 0 27.8 47.0 2 -1 0 -1 -1
0 1 0 27.7 47.0 2 -1 0 -1 -1
0 1 0 27.7 47.0 2 -1 0 -1 -1
0 1 0 27.8 47.0 2 -1 0 -1 -1
0 1 0 27.7 47.0 2 -1 0 -1 -1
0 1 0 27.8 47.0 2 -1 0 -1 -1
0 1 0 27.7 47.0 2 -1 0 -1 -1
0 1 0 27.7 47.0 2 -1 0 -1 -1
0 1 0 27.8 46.5 2 -1 0 -1 -1
0 1 0 27.8 47.0 2 -1 0 -1 -1
0 1 0 27.8 47.0 2 -1 0 -1 -1
0 1 0 27.8 46.5 2 -1 0 -1 -1
0 1 0 27.7 46.5 2 -1 0 -1 -1
0 1 0 27.7 47.0 2 -1 0 -1 -1
0 1 0 27.7 46.5 2 -1 0 -1 -1
0 1 0 27.7 46.5 2 -1 0 -1 -1
0 1 0 27.7 46.5 2 -1 0 -1 -1
0 1 0 27.7 46.5 2 -1 0 -1 -1
0 1 0 27.7 47.0 2 -1 0 -1 -1
0 1 0 27.6 46.5 2 -1 0 -1 -1
0 1 0 27.7 46.5 2 -1 0 -1 -1
0 1 0 27.7 46.5 2 -1 0 -1 -1
0 1 0 27.7 46.5 2 -1 0 -1 -1
0 1 0 27.7 46.5 2 -1 0 -1 -1
0 1 0 27.7 46.5 2 -1 0 -1 -1
0 1 0 27.7 46.5 2 -1 0 -1 -1
0 1 0 27.7 46.5 2 -1 0 -1 -1
0 1 0 27.7 46.5 2 -1 0 -1 -1
0 1 0 27.7 46.5 2 -1 0 -1 -1
0 1 0 27.7 46.5 2 -1 0 -1 -1
0 1 0 27.7 46.5 2 -1 0 -1 -1
0 1 0 27.7 46.5 2 -1 0 -1 -1
0 1 0 27.8 46.5 2 -1 0 -1 -1
0 1 0 27.7 46.5 2 -1 0 -1 -1
0 1 0 27.7 46.5 2 -1 0 -1 -1
0 1 0 27.7 46.5 2 -1 0 -1 -1
0 1 0 27.6 46.5 2 -1 0 -1 -1
0 1 0 27.6 46.5 2 -1 0 -1 -1
0 1 0 27.7 46.5 2 -1 0 -1 -1
0 1 0 27.6 46.5 2 -1 0 -1 -1
0 1 0 27.7 46.5 2 -1 0 -1 -1
0 1 0 27.6 46.5 2 -1 0 -1 -1
0 1 0 27.7 46.5 2 -1 0 -1 -1
0 1 0 27.6 46.5 2 -1 0 -1 -1
0 1 0 27.7 46.5 2 -1 0 -1 -1
0 1 0 27.7 46.5 2 -1 0 -1 -1
0 1 0 27.7 46.5 2 -1 0 -1 -1
0 1 0 27.7 46.5 2 -1 0 -1 -1
0 1 0 27.7 46.5 2 -1 0 -1 -1
0 1 0 27.6 46.5 2 -1 0 -1 -1
0 1 0 27.6 46.5 2 -1 0 -1 -1
0 1 0 27.7 46.5 2 -1 0 -1 -1
0 1 0 27.6 46.5 2 -1 0 -1 -1
0 1 0 27.7 46.5 2 -1 0 -1 -1
0 1 0 27.6 46.5 2 -1 0 -1 -1
0 1 0 27.7 46.5 2 -1 0 -1 -1
0 1 0 27.7 46.5 2 -1 0 -1 -1
0 1 0 27.6 46.5 2 -1 0 -1 -1
0 1 0 27.7 46.5 2 -1 0 -1 -1
0 1 0 27.6 46.5 2 -1 0 -1 -1
0 1 0 27.6 46.5 2 -1 0 -1 -1
0 1 0 27.7 46.5 2 -1 0 -1 -1
0 1 0 27.7 46.5 2 -1 0 -1 -1
0 1 0 27.7 46.5 2 -1 0 -1 -1
0 1 0 27.7 46.5 2 -1 0 -1 -1
0 1 0 27.6 46.5 2 -1 0 -1 -1
0 1 0 27.7 46.5 2 -1 0 -1 -1
0 1 0 27.6 46.5 2 -1 0 -1 -1
0 1 0 27.6 46.5 2 -1 0 -1 -1
0 1 0 27.6 46.5 2 -1 0 -1 -1
0 1 0 27.7 46.5 2 -1 0 -1 -1
0 1 0 27.6 46.5 2 -1 0 -1 -1
0 1 0 27.6 46.5 2 -1 0 -1 -1
0 1 0 27.7 46.5 2 -1 0 -1 -1
0 1 0 27.7 46.5 2 -1 0 -1 -1
0 1 0 27.7 46.5 2 -1 0 -1 -1
0 1 0 27.6 46.5 2 -1 0 -1 -1
0 1 0 27.6 46.5 2 -1 0 -1 -1
0 1 0 27.6 46.5 2 -1 0 -1 -1
0 1 0 27.6 46.5 2 -1 0 -1 -1
0 1 0 27.6 46.5 2 -1 0 -1 -1
0 1 0 27.6 46.5 2 -1 0 -1 -1
0 1 0 27.6 46.5 2 -1 0 -1 -1
0 1 0 27.6 46.5 2 -1 0 -1 -1
0 1 0 27.6 46.5 2 -1 0 -1 -1
0 1 0 27.6 46.5 2 -1 0 -1 -1
0 1 0 27.6 46.5 2 -1 0 -1 -1
0 1 0 27.6 46.5 2 -1 0 -1 -1
0 1 0 27.6 46.5 2 -1 0 -1 -1
0 1 0 27.7 46.5 2 -1 0 -1 -1
0 1 0 27.6 46.5 2 -1 0 -1 -1
0 1 0 27.7 46.5 2 -1 0 -1 -1
0 1 0 27.7 46.5 2 -1 0 -1 -1
0 1 0 27.6 46.5 2 -1 0 -1 -1
0 1 0 27.6 46.5 2 -1 0 -1 -1
0 1 0 27.7 46.5 2 -1 0 -1 -1
0 1 0 27.6 46.5 2 -1 0 -1 -1
0 1 0 27.6 46.5 2 -1 0 -1 -1
0 1 0 27.6 46.5 2 -1 0 -1 -1
0 1 0 27.6 46.0 2 -1 0 -1 -1
0 1 0 27.6 46.5 2 -1 0 -1 -1
0 1 0 27.6 46.5 2 -1 0 -1 -1
0 1 0 27.6 46.5 2 -1 0 -1 -1
0 1 0 27.6 46.5 2 -1 0 -1 -1
0 1 0 27.6 46.5 2 -1 0 -1 -1
0 1 0 27.6 46.5 2 -1 0 -1 -1
0 1 0 27.6 46.5 2 -1 0 -1 -1
0 1 0 27.6 46.5 2 -1 0 -1 -1
0 1 0 27.6 46.5 2 -1 0 -1 -1
0 1 0 27.6 46.5 2 -1 0 -1 -1
0 1 0 27.6 46.5 2 -1 0 -1 -1
0 1 0 27.7 46.5 2 -1 0 -1 -1
0 1 0 27.6 46.5 2 -1 0 -1 -1
0 1 0 27.6 46.5 2 -1 0 -1 -1
0 1 0 27.6 46.5 2 -1 0 -1 -1
0 1 0 27.6 46.5 2 -1 0 -1 -1
0 1 0 27.6 46.5 2 -1 0 -1 -1
0 1 0 27.6 46.5 2 -1 0 -1 -1
0 1 0 27.6 46.5 2 -1 0 -1 -1
0 1 0 27.6 46.5 2 -1 0 -1 -1
0 1 0 27.6 46.5 2 -1 0 -1 -1
0 1 0 27.7 46.5 2 -1 0 -1 -1
0 1 0 27.6 46.5 2 -1 0 -1 -1
0 1 0 27.5 46.5 2 -1 0 -1 -1
0 1 0 27.6 46.5 2 -1 0 -1 -1
0 1 0 27.6 46.5 2 -1 0 -1 -1
0 1 0 27.6 46.0 0 -1 0 -1 -1
0 1 0 27.5 46.5 0 -1 0 -1 -1
0 1 0 27.6 46.5 0 -1 0 -1 -1
0 1 0 27.6 46.5 0 -1 0 -1 -1
0 1 0 27.6 46.5 0 -1 0 -1 -1
0 1 0 27.6 46.5 0 -1 0 -1 -1
0 1 0 27.6 46.5 0 -1 0 -1 -1
0 1 0 27.6 46.5 0 -1 0 -1 -1
0 1 0 27.5 46.5 0 -1 0 -1 -1
0 1 0 27.6 46.5 0 -1 0 -1 -1
0 1 0 27.6 46.5 0 -1 0 -1 -1
0 1 0 27.6 46.5 0 -1 0 -1 -1
0 1 0 27.6 46.5 0 -1 0 -1 -1
0 1 0 27.6 46.5 0 -1 0 -1 -1
0 1 0 27.5 46.5 0 -1 0 -1 -1
0 1 0 27.7 46.5 0 -1 0 -1 -1
0 1 0 27.6 46.5 0 -1 0 -1 -1
0 1 0 27.5 46.5 0 -1 0 -1 -1
0 1 0 27.6 46.5 0 -1 0 -1 -1
0 1 0 27.6 46.5 0 -1 0 -1 -1
0 1 0 27.6 46.5 0 -1 0 -1 -1
0 1 0 27.5 46.5 0 -1 0 -1 -1
0 1 0 27.5 46.5 0 -1 0 -1 -1
0 1 0 27.6 46.5 0 -1 0 -1 -1
0 1 0 27.6 46.5 0 -1 0 -1 -1
0 1 0 27.6 46.5 0 -1 0 -1 -1
0 1 0 27.6 46.5 0 -1 0 -1 -1
0 1 0 27.5 46.5 0 -1 0 -1 -1
0 1 0 27.6 46.5 0 -1 0 -1 -1
0 1 0 27.6 46.5 0 -1 0 -1 -1
0 1 0 27.5 46.5 0 -1 0 -1 -1
0 1 0 27.5 46.5 0 -1 0 -1 -1
0 1 0 27.5 46.5 0 -1 0 -1 -1
0 1 0 27.6 46.5 0 -1 0 -1 -1
0 1 0 27.5 46.5 0 -1 0 -1 -1
0 1 0 27.5 46.5 0 -1 0 -1 -1
0 1 0 27.5 46.5 0 -1 0 -1 -1
0 1 0 27.6 46.5 0 -1 0 -1 -1
0 1 0 27.5 46.5 0 -1 0 -1 -1
0 1 0 27.5 46.5 0 -1 0 -1 -1
0 1 0 27.5 46.5 0 -1 0 -1 -1
0 1 0 27.6 46.5 0 -1 0 -1 -1
0 1 0 27.6 46.5 0 -1 0 -1 -1
0 1 0 27.6 46.5 0 -1 0 -1 -1
0 1 0 27.6 46.5 0 -1 0 -1 -1
0 1 0 27.6 46.5 0 -1 0 -1 -1
0 1 0 27.5 46.5 0 -1 0 -1 -1
0 1 0 27.6 46.5 0 -1 0 -1 -1
0 1 0 27.6 46.5 0 -1 0 -1 -1
0 1 0 27.6 46.5 0 -1 0 -1 -1
0 1 0 27.5 46.5 0 -1 0 -1 -1
0 1 0 27.5 46.5 0 -1 0 -1 -1
0 1 0 27.6 46.5 0 -1 0 -1 -1
0 1 0 27.5 46.5 0 -1 0 -1 -1
0 1 0 27.6 46.5 0 -1 0 -1 -1
0 1 0 27.5 46.5 0 -1 0 -1 -1
0 1 0 27.6 46.5 0 -1 0 -1 -1
0 1 0 27.5 46.5 0 -1 0 -1 -1
0 1 0 27.5 46.5 0 -1 0 -1 -1
0 1 0 27.5 46.5 0 -1 0 -1 -1
0 1 0 27.5 46.5 0 -1 0 -1 -1
0 1 0 27.6 46.5 0 -1 0 -1 -1
0 1 0 27.6 46.5 0 -1 0 -1 -1
0 1 0 27.5 46.5 0 -1 0 -1 -1
0 1 0 27.5 46.5 0 -1 0 -1 -1
0 1 0 27.6 46.5 0 -1 0 -1 -1
0 1 0 27.5 46.5 0 -1 0 -1 -1
0 1 0 27.6 46.5 0 -1 0 -1 -1
0 1 0 27.6 46.5 0 -1 0 -1 -1
0 1 0 27.5 47.0 0 -1 0 -1 -1
0 1 0 27.6 47.0 0 -1 0 -1 -1
0 1 0 27.6 47.0 0 -1 0 -1 -1
0 1 0 27.6 46.5 0 -1 0 -1 -1
0 1 0 27.5 46.5 0 -1 0 -1 -1
0 1 0 27.5 46.5 0 -1 0 -1 -1
0 1 0 27.5 46.5 0 -1 0 -1 -1
0 1 0 27.5 46.5 0 -1 0 -1 -1
0 1 0 27.5 47.0 0 -1 0 -1 -1
0 1 0 27.6 47.0 0 -1 0 -1 -1
0 1 0 27.5 46.5 0 -1 0 -1 -1
0 1 0 27.5 47.0 0 -1 0 -1 -1
0 1 0 27.6 47.0 0 -1 0 -1 -1
0 1 0 27.6 47.0 0 -1 0 -1 -1
0 1 0 27.6 47.0 0 -1 0 -1 -1
0 1 0 27.6 47.0 0 -1 0 -1 -1
0 1 0 27.5 47.0 0 -1 0 -1 -1
0 1 0 27.5 47.0 0 -1 0 -1 -1
0 1 0 27.6 47.0 0 -1 0 -1 -1
0 1 0 27.5 47.0 0 -1 0 -1 -1
0 1 0 27.5 47.0 0 -1 0 -1 -1
0 1 0 27.5 47.0 0 -1 0 -1 -1
0 1 0 27.6 47.0 0 -1 0 -1 -1
0 1 0 27.5 47.0 0 -1 0 -1 -1
0 1 0 27.5 47.0 0 -1 0 -1 -1
0 1 0 27.6 47.0 0 -1 0 -1 -1
0 1 0 27.5 47.0 0 -1 0 -1 -1
0 1 0 27.5 47.0 0 -1 0 -1 -1
0 1 0 27.6 47.0 0 -1 0 -1 -1
0 1 0 27.6 47.0 0 -1 0 -1 -1
0 1 0 27.6 47.0 0 -1 0 -1 -1
