0 1 0 29.0 57.0 0 -1 0 -1 -1
0 1 0 29.0 57.0 0 -1 0 -1 -1
0 1 0 29.1 57.0 0 -1 0 -1 -1
0 1 0 29.1 57.0 0 -1 0 -1 -1
0 1 0 29.1 57.0 0 -1 0 -1 -1
0 1 0 29.0 57.0 0 -1 0 -1 -1
0 1 0 29.0 57.0 0 -1 0 -1 -1
0 1 0 29.1 57.0 0 -1 0 -1 -1
0 1 0 29.1 57.0 0 -1 0 -1 -1
0 1 0 29.1 57.0 0 -1 0 -1 -1
0 1 0 29.1 57.0 0 -1 0 -1 -1
0 1 0 29.1 57.0 0 -1 0 -1 -1
0 1 0 29.1 57.0 0 -1 0 -1 -1
0 1 0 29.1 57.0 0 -1 0 -1 -1
0 1 0 29.1 57.0 0 -1 0 -1 -1
0 1 0 29.2 57.0 0 -1 0 -1 -1
0 1 0 29.1 57.0 0 -1 0 -1 -1
0 1 0 29.1 57.0 0 -1 0 -1 -1
0 1 0 29.1 57.0 0 -1 0 -1 -1
0 1 0 29.1 57.0 0 -1 0 -1 -1
0 1 0 29.1 57.0 0 -1 0 -1 -1
0 1 0 29.1 57.0 0 -1 0 -1 -1
0 1 0 29.1 57.0 0 -1 0 -1 -1
0 1 0 29.1 57.0 0 -1 0 -1 -1
0 1 0 29.1 57.0 0 -1 0 -1 -1
0 1 0 29.1 57.0 0 -1 0 -1 -1
0 1 0 29.1 57.0 0 -1 0 -1 -1
0 1 0 29.2 57.0 0 -1 0 -1 -1
0 1 0 29.1 57.0 0 -1 0 -1 -1
0 1 0 29.2 57.0 0 -1 0 -1 -1
0 1 0 29.2 57.0 0 -1 0 -1 -1
0 1 0 29.1 57.0 0 -1 0 -1 -1
0 1 0 29.1 57.0 0 -1 0 -1 -1
0 1 0 29.1 57.0 0 -1 0 -1 -1
0 1 0 29.2 57.0 0 -1 0 -1 -1
0 1 0 29.2 57.0 0 -1 0 -1 -1
0 1 0 29.2 57.0 0 -1 0 -1 -1
0 1 0 29.2 57.0 0 -1 0 -1 -1
0 1 0 29.2 57.0 0 -1 0 -1 -1
0 1 0 29.3 57.5 0 -1 0 -1 -1
0 1 0 29.2 57.5 0 -1 0 -1 -1
0 1 0 29.2 57.5 0 -1 0 -1 -1
0 1 0 29.2 57.0 0 -1 0 -1 -1
0 1 0 29.3 57.5 0 -1 0 -1 -1
0 1 0 29.2 57.5 0 -1 0 -1 -1
0 1 0 29.2 58.0 0 -1 0 -1 -1
0 1 0 29.2 58.0 0 -1 0 -1 -1
0 1 0 29.2 58.0 0 -1 0 -1 -1
0 1 0 29.2 58.0 0 -1 0 -1 -1
0 1 0 29.3 58.0 0 -1 0 -1 -1
0 1 0 29.2 58.0 0 -1 0 -1 -1
0 1 0 29.3 58.0 0 -1 0 -1 -1
0 1 0 29.3 58.0 0 -1 0 -1 -1
0 1 0 29.3 58.0 0 -1 0 -1 -1
0 1 0 29.2 58.0 0 -1 0 -1 -1
0 1 0 29.2 58.0 0 -1 0 -1 -1
0 1 0 29.3 58.0 0 -1 0 -1 -1
0 1 0 29.2 58.0 0 -1 0 -1 -1
0 1 0 29.2 58.0 0 -1 0 -1 -1
0 1 0 29.3 58.0 0 -1 0 -1 -1
0 1 0 29.3 58.0 0 -1 0 -1 -1
0 1 0 29.3 58.0 0 -1 0 -1 -1
0 1 0 29.3 58.0 0 -1 0 -1 -1
0 1 0 29.3 58.0 0 -1 0 -1 -1
0 1 0 29.3 58.0 0 -1 0 -1 -1
0 1 0 29.3 58.0 0 -1 0 -1 -1
0 1 0 29.3 58.0 0 -1 0 -1 -1
0 1 0 29.3 58.0 0 -1 0 -1 -1
0 1 0 29.3 58.0 0 -1 0 -1 -1
0 1 0 29.3 58.0 0 -1 0 -1 -1
0 1 0 29.4 58.0 0 -1 0 -1 -1
0 1 0 29.3 58.0 0 -1 0 -1 -1
0 1 0 29.3 58.0 0 -1 0 -1 -1
0 1 0 29.3 58.0 0 -1 0 -1 -1
0 1 0 29.4 58.0 0 -1 0 -1 -1
0 1 0 29.3 58.0 0 -1 0 -1 -1
0 1 0 29.3 58.0 0 -1 0 -1 -1
0 1 0 29.4 58.0 0 -1 0 -1 -1
0 1 0 29.3 58.0 0 -1 0 -1 -1
0 1 0 29.4 58.0 0 -1 0 -1 -1
0 1 0 29.4 58.0 0 -1 0 -1 -1
0 1 0 29.4 58.0 0 -1 0 -1 -1
0 1 0 29.4 58.0 0 -1 0 -1 -1
0 1 0 29.3 58.0 0 -1 0 -1 -1
0 1 0 29.4 58.0 0 -1 0 -1 -1
0 1 0 29.4 58.5 0 -1 0 -1 -1
0 1 0 29.4 58.5 0 -1 0 -1 -1
0 1 0 29.4 58.5 0 -1 0 -1 -1
0 1 0 29.4 58.5 0 -1 0 -1 -1
0 1 0 29.3 58.5 0 -1 0 -1 -1
0 1 0 29.4 58.5 0 -1 0 -1 -1
0 1 0 29.4 58.5 0 -1 0 -1 -1
0 1 0 29.4 58.5 0 -1 0 -1 -1
0 1 0 29.4 58.5 0 -1 0 -1 -1
0 1 0 29.4 58.5 0 -1 0 -1 -1
0 1 0 29.5 58.5 0 -1 0 -1 -1
0 1 0 29.4 58.5 0 -1 0 -1 -1
0 1 0 29.4 58.5 0 -1 0 -1 -1
0 1 0 29.4 58.5 0 -1 0 -1 -1
0 1 0 29.4 58.5 0 -1 0 -1 -1
0 1 0 29.4 58.5 0 -1 0 -1 -1
0 1 0 29.4 58.5 0 -1 0 -1 -1
0 1 0 29.4 58.5 0 -1 0 -1 -1
0 1 0 29.4 58.5 0 -1 0 -1 -1
0 1 0 29.4 58.5 0 -1 0 -1 -1
0 1 0 29.4 58.5 0 -1 0 -1 -1
0 1 0 29.4 58.5 0 -1 0 -1 -1
0 1 0 29.4 58.5 0 -1 0 -1 -1
0 1 0 29.4 58.5 0 -1 0 -1 -1
0 1 0 29.5 58.5 0 -1 0 -1 -1
0 1 0 29.4 58.5 0 -1 0 -1 -1
0 1 0 29.4 58.5 0 -1 0 -1 -1
0 1 0 29.4 58.5 0 -1 0 -1 -1
0 1 0 29.5 58.5 0 -1 0 -1 -1
0 1 0 29.4 58.5 0 -1 0 -1 -1
0 1 0 29.5 58.5 0 -1 0 -1 -1
0 1 0 29.5 58.5 0 -1 0 -1 -1
0 1 0 29.5 58.5 0 -1 0 -1 -1
0 1 0 29.4 58.5 0 -1 0 -1 -1
0 1 0 29.4 59.0 0 -1 0 -1 -1
0 1 0 29.4 58.5 0 -1 0 -1 -1
0 1 0 29.4 58.5 0 -1 0 -1 -1
0 1 0 29.5 58.5 0 -1 0 -1 -1
0 1 0 29.4 58.5 0 -1 0 -1 -1
0 1 0 29.5 59.0 0 -1 0 -1 -1
0 1 0 29.5 59.0 0 -1 0 -1 -1
0 1 0 29.4 59.0 0 -1 0 -1 -1
0 1 0 29.5 59.0 0 -1 0 -1 -1
0 1 0 29.4 59.0 0 -1 0 -1 -1
0 1 0 29.5 59.0 0 -1 0 -1 -1
0 1 0 29.4 59.0 0 -1 0 -1 -1
0 1 0 29.5 59.0 0 -1 0 -1 -1
0 1 0 29.5 59.0 0 -1 0 -1 -1
0 1 0 29.5 59.0 0 -1 0 -1 -1
0 1 0 29.5 59.0 0 -1 0 -1 -1
0 1 0 29.5 59.0 0 -1 0 -1 -1
0 1 0 29.5 59.0 0 -1 0 -1 -1
0 1 0 29.5 59.0 0 -1 0 -1 -1
0 1 0 29.5 59.0 0 -1 0 -1 -1
0 1 0 29.5 59.0 0 -1 0 -1 -1
0 1 0 29.5 59.0 0 -1 0 -1 -1
0 1 0 29.5 59.0 0 -1 0 -1 -1
0 1 0 29.5 59.0 0 -1 0 -1 -1
0 1 0 29.5 59.0 0 -1 0 -1 -1
0 1 0 29.5 59.0 0 -1 0 -1 -1
0 1 0 29.5 59.0 0 -1 0 -1 -1
0 1 0 29.6 59.0 0 -1 0 -1 -1
0 1 0 29.6 59.0 0 -1 0 -1 -1
0 1 0 29.5 59.0 0 -1 0 -1 -1
0 1 0 29.5 59.0 0 -1 0 -1 -1
0 1 0 29.5 59.0 0 -1 0 -1 -1
0 1 0 29.6 59.0 0 -1 0 -1 -1
0 1 0 29.5 59.0 0 -1 0 -1 -1
0 1 0 29.5 59.0 0 -1 0 -1 -1
0 1 0 29.5 59.0 0 -1 0 -1 -1
0 1 0 29.6 59.0 0 -1 0 -1 -1
0 1 0 29.5 59.0 0 -1 0 -1 -1
0 1 0 29.6 59.0 0 -1 0 -1 -1
0 1 0 29.5 59.0 0 -1 0 -1 -1
0 1 0 29.5 59.0 0 -1 0 -1 -1
0 1 0 29.5 59.0 0 -1 0 -1 -1
0 1 0 29.5 59.0 0 -1 0 -1 -1
0 1 0 29.5 59.0 0 -1 0 -1 -1
0 1 0 29.6 59.0 0 -1 0 -1 -1
0 1 0 29.5 59.0 0 -1 0 -1 -1
0 1 0 29.5 59.0 0 -1 0 -1 -1
0 1 0 29.6 59.0 0 -1 0 -1 -1
0 1 0 29.6 59.0 0 -1 0 -1 -1
0 1 0 29.6 59.0 0 -1 0 -1 -1
0 1 0 29.6 59.0 0 -1 0 -1 -1
0 1 0 29.5 59.0 0 -1 0 -1 -1
0 1 0 29.5 59.0 0 -1 0 -1 -1
0 1 0 29.6 59.0 0 -1 0 -1 -1
0 1 0 29.6 59.0 0 -1 0 -1 -1
0 1 0 29.5 59.0 0 -1 0 -1 -1
0 1 0 29.5 59.0 0 -1 0 -1 -1
0 1 0 29.6 59.5 0 -1 0 -1 -1
0 1 0 29.6 59.5 0 -1 0 -1 -1
0 1 0 29.6 59.5 0 -1 0 -1 -1
0 1 0 29.6 59.5 0 -1 0 -1 -1
0 1 0 29.6 59.5 0 -1 0 -1 -1
0 1 0 29.6 59.5 0 -1 0 -1 -1
0 1 0 29.6 59.5 0 -1 0 -1 -1
0 1 0 29.6 59.5 0 -1 0 -1 -1
0 1 0 29.5 59.5 0 -1 0 -1 -1
0 1 0 29.6 59.5 0 -1 0 -1 -1
0 1 0 29.6 59.5 0 -1 0 -1 -1
0 1 0 29.6 59.5 0 -1 0 -1 -1
0 1 0 29.6 59.5 0 -1 0 -1 -1
0 1 0 29.5 59.5 0 -1 0 -1 -1
0 1 0 29.6 59.5 0 -1 0 -1 -1
0 1 0 29.6 59.5 0 -1 0 -1 -1
0 1 0 29.6 59.5 0 -1 0 -1 -1
0 1 0 29.6 59.5 0 -1 0 -1 -1
0 1 0 29.6 59.5 0 -1 0 -1 -1
0 1 0 29.6 59.5 0 -1 0 -1 -1
0 1 0 29.6 59.5 0 -1 0 -1 -1
0 1 0 29.6 59.5 0 -1 0 -1 -1
0 1 0 29.6 59.5 0 -1 0 -1 -1
0 1 0 29.6 59.5 0 -1 0 -1 -1
0 1 0 29.6 59.5 0 -1 0 -1 -1
0 1 0 29.6 59.5 0 -1 0 -1 -1
0 1 0 29.6 59.5 0 -1 0 -1 -1
0 1 0 29.6 59.5 0 -1 0 -1 -1
0 1 0 29.6 59.5 0 -1 0 -1 -1
0 1 0 29.6 59.5 0 -1 0 -1 -1
0 1 0 29.6 59.5 0 -1 0 -1 -1
0 1 0 29.6 59.5 0 -1 0 -1 -1
0 1 0 29.7 59.5 0 -1 0 -1 -1
0 1 0 29.6 59.5 0 -1 0 -1 -1
0 1 0 29.6 59.5 0 -1 0 -1 -1
0 1 0 29.6 59.5 0 -1 0 -1 -1
0 1 0 29.6 59.5 0 -1 0 -1 -1
0 1 0 29.6 59.5 0 -1 0 -1 -1
0 1 0 29.7 59.5 0 -1 0 -1 -1
0 1 0 29.7 59.5 0 -1 0 -1 -1
0 1 0 29.6 59.5 0 -1 0 -1 -1
0 1 0 29.6 59.5 0 -1 0 -1 -1
0 1 0 29.7 59.5 0 -1 0 -1 -1
0 1 0 29.7 59.5 0 -1 0 -1 -1
0 1 0 29.6 59.5 0 -1 0 -1 -1
0 1 0 29.7 59.5 0 -1 0 -1 -1
0 1 0 29.6 59.5 0 -1 0 -1 -1
0 1 0 29.6 60.0 0 -1 0 -1 -1
0 1 0 29.6 60.0 0 -1 0 -1 -1
0 1 0 29.6 60.0 0 -1 0 -1 -1
0 1 0 29.6 60.0 0 -1 0 -1 -1
0 1 0 29.6 60.0 0 -1 0 -1 -1
0 1 0 29.6 60.0 0 -1 0 -1 -1
0 1 0 29.6 60.0 0 -1 0 -1 -1
0 1 0 29.7 60.0 0 -1 0 -1 -1
0 1 0 29.6 60.0 0 -1 0 -1 -1
0 1 0 29.6 60.0 0 -1 0 -1 -1
0 1 0 29.6 60.0 0 -1 0 -1 -1
0 1 0 29.6 60.0 0 -1 0 -1 -1
0 1 0 29.6 60.0 0 -1 0 -1 -1
0 1 0 29.7 60.0 0 -1 0 -1 -1
0 1 0 29.7 60.0 0 -1 0 -1 -1
0 1 0 29.6 60.0 0 -1 0 -1 -1
0 1 0 29.7 60.0 0 -1 0 -1 -1
0 1 0 29.7 60.0 0 -1 0 -1 -1
0 1 0 29.6 60.0 0 -1 0 -1 -1
0 1 0 29.6 60.0 0 -1 0 -1 -1
0 1 0 29.7 60.0 0 -1 0 -1 -1
0 1 0 29.6 60.0 0 -1 0 -1 -1
0 1 0 29.6 60.0 0 -1 0 -1 -1
0 1 0 29.7 60.0 0 -1 0 -1 -1
0 1 0 29.6 60.0 0 -1 0 -1 -1
0 1 0 29.7 60.0 0 -1 0 -1 -1
0 1 0 29.6 60.0 0 -1 0 -1 -1
0 1 0 29.7 60.0 0 -1 0 -1 -1
0 1 0 29.6 60.0 0 -1 0 -1 -1
0 1 0 29.7 60.0 0 -1 0 -1 -1
0 1 0 29.7 60.0 0 -1 0 -1 -1
0 1 0 29.7 60.0 0 -1 0 -1 -1
0 1 0 29.7 60.0 0 -1 0 -1 -1
0 1 0 29.7 60.0 0 -1 0 -1 -1
0 1 0 29.7 60.0 0 -1 0 -1 -1
0 1 0 29.7 60.0 0 -1 0 -1 -1
0 1 0 29.6 60.0 0 -1 0 -1 -1
0 1 0 29.7 60.0 0 -1 0 -1 -1
0 1 0 29.7 60.0 0 -1 0 -1 -1
0 1 0 29.7 60.0 0 -1 0 -1 -1
0 1 0 29.7 60.0 0 -1 0 -1 -1
0 1 0 29.7 60.0 0 -1 0 -1 -1
0 1 0 29.7 60.0 0 -1 0 -1 -1
0 1 0 29.7 60.5 0 -1 0 -1 -1
0 1 0 29.7 60.0 0 -1 0 -1 -1
0 1 0 29.7 60.5 0 -1 0 -1 -1
0 1 0 29.6 60.5 0 -1 0 -1 -1
0 1 0 29.7 60.5 0 -1 0 -1 -1
0 1 0 29.7 60.5 0 -1 0 -1 -1
0 1 0 29.7 60.5 0 -1 0 -1 -1
0 1 0 29.7 60.5 0 -1 0 -1 -1
0 1 0 29.7 60.5 0 -1 0 -1 -1
0 1 0 29.7 60.5 0 -1 0 -1 -1
0 1 0 29.7 60.5 0 -1 0 -1 -1
0 1 0 29.7 60.5 0 -1 0 -1 -1
0 1 0 29.7 60.5 0 -1 0 -1 -1
0 1 0 29.7 60.5 0 -1 0 -1 -1
0 1 0 29.7 60.5 0 -1 0 -1 -1
0 1 0 29.7 60.5 0 -1 0 -1 -1
0 1 0 29.7 60.5 0 -1 0 -1 -1
0 1 0 29.7 60.5 0 -1 0 -1 -1
0 1 0 29.7 60.5 0 -1 0 -1 -1
0 1 0 29.7 60.5 0 -1 0 -1 -1
0 1 0 29.7 60.5 0 -1 0 -1 -1
0 1 0 29.8 61.0 0 -1 0 -1 -1
0 1 0 29.7 61.0 0 -1 0 -1 -1
0 1 0 29.7 60.5 0 -1 0 -1 -1
0 1 0 29.7 61.0 0 -1 0 -1 -1
0 1 0 29.7 61.0 0 -1 0 -1 -1
0 1 0 29.7 61.0 0 -1 0 -1 -1
0 1 0 29.8 61.0 0 -1 0 -1 -1
0 1 0 29.7 61.0 2 -1 0 -1 -1
0 1 0 29.7 61.0 2 -1 0 -1 -1
0 1 0 29.7 61.0 2 -1 0 -1 -1
0 1 0 29.7 61.0 2 -1 0 -1 -1
0 1 0 29.7 61.0 2 -1 0 -1 -1
0 1 0 29.7 61.0 2 -1 0 -1 -1
0 1 0 29.7 61.0 2 -1 0 -1 -1
0 1 0 29.7 61.0 2 -1 0 -1 -1
0 1 0 29.8 61.0 2 -1 0 -1 -1
0 1 0 29.7 61.0 2 -1 0 -1 -1
0 1 0 29.7 61.0 2 -1 0 -1 -1
0 1 0 29.8 61.0 1 -1 0 -1 -1
0 1 0 29.7 61.0 1 -1 0 -1 -1
0 1 0 29.8 61.0 1 -1 0 -1 -1
0 1 0 29.7 61.0 1 -1 0 -1 -1
0 1 0 29.8 61.0 1 -1 0 -1 -1
0 1 0 29.7 61.0 1 -1 0 -1 -1
0 1 0 29.7 61.0 1 -1 0 -1 -1
0 1 0 29.7 61.0 1 -1 0 -1 -1
0 1 0 29.7 61.0 1 -1 0 -1 -1
0 1 0 29.7 61.0 1 -1 0 -1 -1
0 1 0 29.7 61.0 1 -1 0 -1 -1
0 1 0 29.7 61.0 1 -1 0 -1 -1
0 1 0 29.7 61.0 1 -1 0 -1 -1
0 1 0 29.8 61.0 0 -1 0 -1 -1
0 1 0 29.7 61.0 0 -1 0 -1 -1
0 1 0 29.7 61.0 0 -1 0 -1 -1
0 1 0 29.7 61.0 0 -1 0 -1 -1
0 1 0 29.7 61.0 0 -1 0 -1 -1
0 1 0 29.7 61.0 0 -1 0 -1 -1
0 1 0 29.7 61.0 0 -1 0 -1 -1
0 1 0 29.8 61.0 2 -1 0 -1 -1
0 1 0 29.7 61.0 2 -1 0 -1 -1
0 1 0 29.8 61.0 2 -1 0 -1 -1
0 1 0 29.7 61.0 2 -1 0 -1 -1
0 1 0 29.7 61.0 4 -1 0 -1 -1
0 1 0 29.7 61.0 1 -1 0 -1 -1
0 1 0 29.7 61.0 2 -1 0 -1 -1
0 1 0 29.8 61.0 4 -1 0 -1 -1
0 1 0 29.7 61.0 4 -1 0 -1 -1
0 1 0 29.7 61.0 4 -1 0 -1 -1
0 1 0 29.8 61.0 4 -1 0 -1 -1
0 1 0 29.7 61.0 4 -1 0 -1 -1
0 1 0 29.7 61.0 4 -1 0 -1 -1
0 1 0 29.7 61.0 6 -1 0 -1 -1
0 1 0 29.7 61.0 6 -1 0 -1 -1
0 1 0 29.8 61.0 6 -1 0 -1 -1
0 1 0 29.7 61.0 3 -1 0 -1 -1
0 1 0 29.8 61.0 5 -1 0 -1 -1
0 1 0 29.7 61.0 7 -1 0 -1 -1
0 1 0 29.7 61.0 9 -1 0 -1 -1
0 1 0 29.8 61.0 5 -1 0 -1 -1
0 1 0 29.8 61.0 5 -1 0 -1 -1
0 1 0 29.8 61.0 7 -1 0 -1 -1
0 1 0 29.8 61.0 7 -1 0 -1 -1
0 1 0 29.8 61.0 9 -1 0 -1 -1
0 1 0 29.8 61.0 11 -1 0 -1 -1
0 1 0 29.8 61.0 7 -1 0 -1 -1
0 1 0 29.8 61.0 9 -1 0 -1 -1
0 1 0 29.8 61.0 9 -1 0 -1 -1
0 1 0 29.8 61.0 11 -1 0 -1 -1
0 1 0 29.7 61.0 10 -1 0 -1 -1
0 1 0 29.9 61.0 12 -1 0 -1 -1
0 1 0 29.8 61.0 12 -1 0 -1 -1
0 1 0 29.8 61.0 12 -1 0 -1 -1
0 1 0 29.8 61.0 12 -1 0 -1 -1
0 1 0 29.9 61.0 14 -1 0 -1 -1
0 1 0 29.8 61.0 14 -1 0 -1 -1
0 1 0 29.8 61.0 16 -1 0 -1 -1
0 1 0 29.8 61.0 16 -1 0 -1 -1
0 1 0 29.8 61.0 14 -1 0 -1 -1
0 1 0 29.8 61.0 14 -1 0 -1 -1
0 1 0 29.8 61.0 16 -1 0 -1 -1
0 1 0 29.8 61.0 16 -1 0 -1 -1
0 1 0 29.8 61.0 18 -1 0 -1 -1
0 1 0 29.9 61.0 16 -1 0 -1 -1
0 1 0 29.8 61.0 16 -1 0 -1 -1
0 1 0 29.9 61.0 18 -1 0 -1 -1
0 1 0 29.9 61.0 20 -1 0 -1 -1
0 1 0 29.9 61.0 20 -1 0 -1 -1
0 1 0 29.8 61.0 19 -1 0 -1 -1
0 1 0 29.9 61.0 21 -1 0 -1 -1
0 1 0 29.9 61.0 21 -1 0 -1 -1
0 1 0 29.8 61.0 23 -1 0 -1 -1
0 1 0 30.0 61.0 21 -1 0 -1 -1
0 1 0 29.9 61.0 23 -1 0 -1 -1
0 1 0 29.9 61.0 23 -1 0 -1 -1
0 1 0 29.8 61.0 25 -1 0 -1 -1
0 1 0 29.9 61.0 23 -1 0 -1 -1
0 1 0 29.9 61.0 25 -1 0 -1 -1
0 1 0 29.9 61.0 27 -1 0 -1 -1
0 1 0 29.9 61.0 27 -1 0 -1 -1
0 1 0 30.0 61.0 26 -1 0 -1 -1
0 1 0 30.0 61.0 28 -1 0 -1 -1
0 1 0 30.0 61.0 28 -1 0 -1 -1
0 1 0 29.9 61.0 30 -1 0 -1 -1
0 1 0 30.0 61.0 30 -1 0 -1 -1
0 1 0 29.9 61.0 32 -1 0 -1 -1
0 1 0 30.0 61.0 32 -1 0 -1 -1
0 1 0 30.0 61.0 30 -1 0 -1 -1
0 1 0 30.0 61.0 32 -1 0 -1 -1
0 1 0 30.0 61.0 32 -1 0 -1 -1
0 1 0 30.0 61.0 32 -1 0 -1 -1
0 1 0 30.0 61.0 32 -1 0 -1 -1
0 1 0 30.0 61.0 34 -1 0 -1 -1
0 1 0 30.0 61.0 36 -1 0 -1 -1
0 1 0 30.0 61.0 35 -1 0 -1 -1
0 1 0 30.1 61.0 37 -1 0 -1 -1
0 1 0 30.0 61.5 37 -1 0 -1 -1
0 1 0 30.0 61.5 37 -1 0 -1 -1
0 1 0 30.0 61.5 37 -1 0 -1 -1
0 1 0 30.0 61.5 41 -1 0 -1 -1
0 1 0 30.1 61.5 39 -1 0 -1 -1
0 1 0 30.1 61.5 37 -1 0 -1 -1
0 1 0 30.0 61.5 39 -1 0 -1 -1
0 1 0 30.1 61.5 41 -1 0 -1 -1
0 1 0 30.1 61.5 43 -1 0 -1 -1
0 1 0 30.1 61.5 39 -1 0 -1 -1
0 1 0 30.1 61.5 41 -1 0 -1 -1
0 1 0 30.1 61.5 41 -1 0 -1 -1
0 1 0 30.2 61.5 45 -1 0 -1 -1
0 1 0 30.2 61.5 42 -1 0 -1 -1
0 1 0 30.1 61.5 44 -1 0 -1 -1
0 1 0 30.1 61.5 45 -1 0 -1 -1
0 1 0 30.2 61.5 41 -1 0 -1 -1
0 1 0 30.2 61.5 44 -1 0 -1 -1
0 1 0 30.2 61.5 44 -1 0 -1 -1
0 1 0 30.2 61.5 46 -1 0 -1 -1
0 1 0 30.1 62.0 46 -1 0 -1 -1
0 1 0 30.2 62.0 48 -1 0 -1 -1
0 1 0 30.2 62.0 50 -1 0 -1 -1
0 1 0 30.2 62.0 48 -1 0 -1 -1
0 1 0 30.2 62.0 50 -1 0 -1 -1
0 1 0 30.2 62.0 52 -1 0 -1 -1
0 1 0 30.2 62.0 51 -1 0 -1 -1
0 1 0 30.2 62.0 53 -1 0 -1 -1
0 1 0 30.3 62.0 55 -1 0 -1 -1
0 1 0 30.3 62.0 53 -1 0 -1 -1
0 1 0 30.3 62.0 53 -1 0 -1 -1
0 1 0 30.3 62.0 55 -1 0 -1 -1
0 1 0 30.3 62.0 57 -1 0 -1 -1
0 1 0 30.2 62.0 55 -1 0 -1 -1
0 1 0 30.3 62.5 57 -1 0 -1 -1
0 1 0 30.3 62.0 57 -1 0 -1 -1
0 1 0 30.3 62.5 59 -1 0 -1 -1
0 1 0 30.3 62.5 59 -1 0 -1 -1
0 1 0 30.4 62.5 58 -1 0 -1 -1
0 1 0 30.4 62.5 60 -1 0 -1 -1
0 1 0 30.4 62.5 60 -1 0 -1 -1
0 1 0 30.4 62.5 60 -1 0 -1 -1
0 1 0 30.3 62.5 62 -1 0 -1 -1
0 1 0 30.4 62.5 62 -1 0 -1 -1
0 1 0 30.4 62.5 64 -1 0 -1 -1
0 1 0 30.4 62.5 64 -1 0 -1 -1
0 1 0 30.4 62.5 62 -1 0 -1 -1
0 1 0 30.5 62.5 62 -1 0 -1 -1
0 1 0 30.5 62.5 66 -1 0 -1 -1
0 1 0 30.4 62.5 63 -1 0 -1 -1
0 1 0 30.4 62.5 66 -1 0 -1 -1
0 1 0 30.4 62.5 67 -1 0 -1 -1
0 1 0 30.4 62.5 69 -1 0 -1 -1
0 1 0 30.4 62.5 67 -1 0 -1 -1
0 1 0 30.5 62.5 69 -1 0 -1 -1
0 1 0 30.4 62.5 69 -1 0 -1 -1
0 1 0 30.5 62.5 69 -1 0 -1 -1
0 1 0 30.5 63.0 69 -1 0 -1 -1
0 1 0 30.5 63.0 69 -1 0 -1 -1
0 1 0 30.5 63.0 65 -1 0 -1 -1
0 1 0 30.4 63.0 65 -1 0 -1 -1
0 1 0 30.4 63.0 67 -1 0 -1 -1
0 1 0 30.5 63.0 67 -1 0 -1 -1
0 1 0 30.5 63.0 65 -1 0 -1 -1
0 1 0 30.5 63.0 66 -1 0 -1 -1
0 1 0 30.5 63.0 66 -1 0 -1 -1
0 1 0 30.4 63.0 66 -1 0 -1 -1
0 1 0 30.5 63.0 65 -1 0 -1 -1
0 1 0 30.4 63.0 63 -1 0 -1 -1
0 1 0 30.5 63.0 64 -1 0 -1 -1
0 1 0 30.4 63.0 64 -1 0 -1 -1
0 1 0 30.4 63.0 66 -1 0 -1 -1
0 1 0 30.5 63.5 64 -1 0 -1 -1
0 1 0 30.5 63.5 64 -1 0 -1 -1
0 1 0 30.4 63.0 64 -1 0 -1 -1
0 1 0 30.5 63.5 62 -1 0 -1 -1
0 1 0 30.5 63.5 62 -1 0 -1 -1
0 1 0 30.5 63.5 60 -1 0 -1 -1
0 1 0 30.4 63.5 62 -1 0 -1 -1
0 1 0 30.4 63.5 60 -1 0 -1 -1
0 1 0 30.4 63.5 62 -1 0 -1 -1
0 1 0 30.5 63.5 60 -1 0 -1 -1
0 1 0 30.4 63.5 60 -1 0 -1 -1
0 1 0 30.4 63.5 61 -1 0 -1 -1
0 1 0 30.4 63.5 59 -1 0 -1 -1
0 1 0 30.4 63.5 57 -1 0 -1 -1
0 1 0 30.5 63.5 59 -1 0 -1 -1
0 1 0 30.4 63.5 55 -1 0 -1 -1
0 1 0 30.4 63.5 57 -1 0 -1 -1
0 1 0 30.4 63.5 53 -1 0 -1 -1
0 1 0 30.5 63.5 52 -1 0 -1 -1
0 1 0 30.3 63.5 50 -1 0 -1 -1
0 1 0 30.4 63.5 50 -1 0 -1 -1
0 1 0 30.4 63.5 48 -1 0 -1 -1
0 1 0 30.4 63.5 43 -1 0 -1 -1
0 1 0 30.3 63.5 41 -1 0 -1 -1
0 1 0 30.4 63.5 43 -1 0 -1 -1
0 1 0 30.4 63.5 39 -1 0 -1 -1
0 1 0 30.4 63.5 38 -1 0 -1 -1
0 1 0 30.4 63.5 36 -1 0 -1 -1
0 1 0 30.3 63.5 34 -1 0 -1 -1
0 1 0 30.3 63.0 34 -1 0 -1 -1
0 1 0 30.3 63.0 34 -1 0 -1 -1
0 1 0 30.3 63.5 36 -1 0 -1 -1
0 1 0 30.3 63.0 34 -1 0 -1 -1
0 1 0 30.3 63.0 34 -1 0 -1 -1
0 1 0 30.3 63.0 32 -1 0 -1 -1
0 1 0 30.3 63.0 34 -1 0 -1 -1
0 1 0 30.3 63.5 30 -1 0 -1 -1
0 1 0 30.3 63.0 34 -1 0 -1 -1
0 1 0 30.3 63.0 34 -1 0 -1 -1
0 1 0 30.3 63.0 34 -1 0 -1 -1
0 1 0 30.2 63.0 34 -1 0 -1 -1
0 1 0 30.3 63.0 32 -1 0 -1 -1
0 1 0 30.3 63.0 32 -1 0 -1 -1
0 1 0 30.2 63.0 32 -1 0 -1 -1
0 1 0 30.3 63.0 32 -1 0 -1 -1
0 1 0 30.2 63.0 32 -1 0 -1 -1
0 1 0 30.3 63.0 32 -1 0 -1 -1
0 1 0 30.2 63.0 30 -1 0 -1 -1
0 1 0 30.2 63.0 30 -1 0 -1 -1
0 1 0 30.2 63.0 32 -1 0 -1 -1
0 1 0 30.2 63.0 32 -1 0 -1 -1
0 1 0 30.2 63.0 34 -1 0 -1 -1
0 1 0 30.2 63.0 32 -1 0 -1 -1
0 1 0 30.2 63.0 30 -1 0 -1 -1
0 1 0 30.1 63.0 32 -1 0 -1 -1
0 1 0 30.2 63.0 32 -1 0 -1 -1
0 1 0 30.2 63.0 30 -1 0 -1 -1
0 1 0 30.2 63.0 30 -1 0 -1 -1
0 1 0 30.2 63.0 30 -1 0 -1 -1
0 1 0 30.2 63.0 30 -1 0 -1 -1
0 1 0 30.2 63.0 34 -1 0 -1 -1
0 1 0 30.2 63.0 30 -1 0 -1 -1
0 1 0 30.2 62.5 30 -1 0 -1 -1
0 1 0 30.1 62.5 28 -1 0 -1 -1
0 1 0 30.2 62.5 28 -1 0 -1 -1
0 1 0 30.2 62.5 28 -1 0 -1 -1
0 1 0 30.2 62.5 28 -1 0 -1 -1
0 1 0 30.2 62.5 32 -1 0 -1 -1
0 1 0 30.1 62.5 29 -1 0 -1 -1
0 1 0 30.1 62.5 29 -1 0 -1 -1
0 1 0 30.2 62.5 29 -1 0 -1 -1
0 1 0 30.1 62.5 28 -1 0 -1 -1
0 1 0 30.1 62.5 32 -1 0 -1 -1
0 1 0 30.2 62.5 29 -1 0 -1 -1
0 1 0 30.1 62.5 29 -1 0 -1 -1
0 1 0 30.1 62.5 29 -1 0 -1 -1
0 1 0 30.2 62.0 27 -1 0 -1 -1
0 1 0 30.1 62.5 27 -1 0 -1 -1
0 1 0 30.2 62.5 29 -1 0 -1 -1
0 1 0 30.1 62.5 29 -1 0 -1 -1
0 1 0 30.1 62.5 29 -1 0 -1 -1
0 1 0 30.1 62.5 29 -1 0 -1 -1
0 1 0 30.1 62.5 28 -1 0 -1 -1
0 1 0 30.2 62.5 27 -1 0 -1 -1
0 1 0 30.2 62.5 27 -1 0 -1 -1
0 1 0 30.2 63.0 29 c25 0 -1 -1
1 1 1 30.3 63.0 25 c25 0 -1 -1
1 1 5 30.2 61.0 234 c25 0 100 100
1 1 1 30.0 57.5 164 c25 0 100 100
1 1 4 29.8 56.0 164 c25 0 100 100
1 1 10 29.6 55.0 166 c25 0 100 100
1 1 4 29.5 54.5 158 c25 0 100 100
1 1 6 29.2 54.0 169 c25 0 100 100
1 1 0 29.1 53.5 172 c25 0 100 100
1 1 4 28.9 53.5 171 c25 0 100 100
1 1 0 28.9 53.0 167 c25 0 100 100
1 1 3 28.7 53.0 169 c25 0 100 100
1 1 3 28.6 52.5 165 c25 0 100 100
1 1 0 28.5 51.5 163 c25 0 100 100
1 1 1 28.4 51.5 162 c25 0 100 100
1 1 0 28.3 50.5 159 c25 0 100 100
1 1 0 28.3 50.5 160 c25 0 100 100
1 1 0 28.2 51.0 160 c25 0 100 100
1 1 0 28.2 51.0 165 c25 0 100 100
1 1 0 28.1 51.0 170 c25 0 100 100
1 1 0 28.1 51.0 167 c25 0 100 100
1 1 1 28.0 51.0 165 c25 0 100 100
1 1 0 28.0 51.5 163 c25 0 100 100
1 1 0 28.0 51.5 160 c25 0 100 100
1 1 0 27.9 51.0 160 c25 0 100 100
1 1 6 27.9 50.5 162 c25 0 100 100
1 1 13 27.8 50.5 158 c25 0 100 100
1 1 3 27.8 50.0 160 c25 0 100 100
1 1 0 27.7 49.5 155 c25 0 100 100
1 1 0 27.7 49.5 153 c25 0 100 100
1 1 0 27.6 49.5 156 c25 0 100 100
1 1 4 27.6 49.5 154 c25 0 100 100
1 1 9 27.5 49.5 155 c25 0 100 100
1 1 0 27.5 49.0 153 c25 0 100 100
1 1 0 27.3 48.5 148 c25 0 100 100
1 1 9 27.4 48.5 144 c25 0 100 100
1 1 0 27.3 48.5 142 c25 0 100 100
1 1 4 27.3 48.5 146 c25 0 100 100
1 1 0 27.3 48.5 142 c25 0 100 100
1 1 0 27.3 48.5 140 c25 0 100 100
1 1 0 27.2 48.5 140 c25 0 100 100
1 1 1 27.1 48.5 142 c25 0 100 100
1 1 0 27.1 49.0 142 c25 0 100 100
1 1 4 27.1 48.5 142 c25 0 100 100
1 1 0 27.1 48.5 135 c25 0 100 100
1 1 0 27.1 48.5 137 c25 0 100 100
1 1 0 27.0 49.0 137 c25 0 100 100
1 1 1 27.0 49.0 135 c25 0 100 100
1 1 0 27.0 49.0 136 c25 0 100 100
1 1 0 27.0 49.0 140 c25 0 100 100
1 1 0 26.9 49.0 138 c25 0 100 100
1 1 0 26.9 49.0 136 c25 0 100 100
1 1 0 26.9 49.0 138 c25 0 100 100
1 1 0 26.9 49.0 133 c25 0 100 100
1 1 0 26.8 49.0 127 c25 0 100 100
1 1 0 26.8 49.0 131 c25 0 100 100
1 1 0 26.7 49.5 131 c25 0 100 100
1 1 0 26.7 49.5 126 c25 0 100 100
1 1 0 26.8 49.5 124 c25 0 100 100
1 1 1 26.8 49.5 128 c25 0 100 100
1 1 0 26.8 49.5 124 c25 0 100 100
1 1 0 26.8 50.0 124 c25 0 100 100
1 1 0 26.7 49.5 124 c25 0 100 100
1 1 3 26.6 49.5 122 c25 0 100 100
1 1 6 26.6 49.5 119 c25 0 100 100
1 1 0 26.6 49.5 117 c25 0 100 100
1 1 0 26.6 49.0 115 c25 0 100 100
1 1 0 26.5 49.0 113 c25 0 100 100
1 1 0 26.4 49.0 115 c25 0 100 100
1 1 0 26.5 49.0 111 c25 0 100 100
1 1 0 26.5 49.5 110 c25 0 100 100
1 1 0 26.5 49.5 108 c25 0 100 100
1 1 0 26.4 49.5 106 c25 0 100 100
1 1 1 26.4 49.0 106 c25 0 100 100
1 1 0 26.4 49.0 104 c25 0 100 100
1 1 0 26.4 49.5 106 c25 0 100 100
1 1 0 26.4 49.5 103 c25 0 100 100
1 1 0 26.4 49.5 102 c25 0 100 100
1 1 0 26.4 50.0 102 c25 0 100 100
1 1 0 26.4 50.0 106 c25 0 100 100
1 1 0 26.4 50.0 103 c25 0 100 100
1 1 0 26.3 50.0 99 c25 0 100 100
1 1 0 26.3 50.5 101 c25 0 100 100
1 1 0 26.3 50.5 101 c25 0 100 100
1 1 0 26.3 50.0 102 c25 0 100 100
1 1 0 26.3 50.0 104 c25 0 100 100
1 1 0 26.2 50.0 101 c25 0 100 100
1 1 0 26.3 50.0 95 c25 0 100 100
1 1 0 26.2 50.5 96 c25 0 100 100
1 1 0 26.2 50.5 92 c25 0 100 100
1 1 0 26.2 50.5 88 c25 0 100 100
1 1 0 26.2 50.5 90 c25 0 100 100
1 1 0 26.2 51.0 88 c25 0 100 100
1 1 0 26.2 51.0 93 c25 0 100 100
1 1 0 26.2 51.0 96 c25 0 100 100
1 1 0 26.2 51.0 96 c25 0 100 100
1 1 0 26.2 51.0 104 c25 0 100 100
1 1 0 26.2 51.5 101 c25 0 100 100
1 1 0 26.2 51.5 102 c25 0 100 100
1 1 0 26.2 51.5 100 c25 0 100 100
1 1 0 26.2 51.5 95 c25 0 100 100
1 1 0 26.2 51.5 91 c25 0 100 100
1 1 0 26.1 51.5 93 c25 0 100 100
1 1 0 26.1 51.5 88 c25 0 100 100
1 1 0 26.2 51.5 86 c25 0 100 100
1 1 0 26.2 51.5 86 c25 0 100 100
1 1 0 26.2 51.0 87 c25 0 100 100
1 1 110 26.1 51.0 87 c25 0 100 100
1 1 0 26.1 51.0 87 c25 0 100 100
1 1 0 26.1 51.5 91 c25 0 100 100
1 1 0 26.0 51.0 89 c25 0 100 100
1 1 0 26.1 51.0 87 c25 0 100 100
1 1 0 26.1 51.0 86 c25 0 100 100
1 1 0 26.0 50.5 84 c25 0 100 100
1 1 0 26.1 50.5 84 c25 0 100 100
1 1 0 26.0 50.5 83 c25 0 100 100
1 1 0 25.9 50.0 85 c25 0 100 100
1 1 0 25.9 50.0 83 c25 0 100 100
1 1 0 26.0 50.0 86 c25 0 100 100
1 1 0 25.9 50.0 80 c25 0 100 100
1 1 2 25.9 50.0 79 c25 0 100 100
1 1 0 25.9 50.0 75 c25 0 100 100
1 1 6 25.8 49.5 74 c25 0 100 100
1 1 0 25.8 49.5 70 c25 0 100 100
1 1 0 25.8 49.5 70 c25 0 100 100
1 1 3 25.8 50.0 75 c25 0 100 100
1 1 0 25.7 50.0 73 c25 0 100 100
1 1 0 25.8 50.0 78 c25 0 100 100
1 1 1 25.7 50.0 78 c25 0 100 100
1 1 2 25.8 50.5 77 c25 0 100 100
1 1 1 25.7 50.5 77 c25 0 100 100
1 1 0 25.8 50.5 69 c25 0 100 100
1 1 3 25.8 50.5 69 c25 0 100 100
1 1 2 25.7 51.0 69 c25 0 100 100
1 1 1 25.9 51.0 66 c25 0 100 100
1 1 0 25.7 51.0 65 c25 0 100 100
1 1 1 25.8 51.0 58 c25 0 100 100
1 1 4 25.8 51.0 65 c25 0 100 100
1 1 21 25.7 51.0 51 c25 0 100 100
1 1 7 25.7 51.0 61 c25 0 100 100
1 1 0 25.7 51.0 61 c25 0 100 100
1 1 5 25.7 51.5 59 c25 0 100 100
1 1 13 25.7 51.5 64 c25 0 100 100
1 1 0 25.7 51.5 66 c25 0 100 100
1 1 0 25.7 51.0 61 c25 0 100 100
1 1 0 25.7 51.5 63 c25 0 100 100
1 1 2 25.7 51.5 55 c25 0 100 100
1 1 2 25.7 52.5 52 c25 0 100 100
1 1 2 25.8 53.0 52 c25 0 100 100
1 1 0 25.7 54.0 54 c25 0 100 100
1 1 0 25.8 54.5 52 c25 0 100 100
1 1 2 25.9 55.0 52 c25 0 100 100
1 1 0 25.9 55.0 54 c25 0 100 100
1 1 0 25.9 55.5 54 c25 0 100 100
1 1 2 25.9 55.0 53 c25 0 100 100
1 1 2 25.9 55.0 55 c25 0 100 100
1 1 0 25.9 55.0 50 c25 0 100 100
1 1 2 25.9 54.5 48 c25 0 100 100
1 1 0 25.9 54.5 50 c25 0 100 100
1 1 5 25.9 54.0 53 c25 0 100 100
1 1 0 25.9 54.0 58 c25 0 100 100
1 1 2 25.9 54.0 58 c25 0 100 100
1 1 0 25.8 54.0 55 c25 0 100 100
1 1 0 25.8 54.0 48 c25 0 100 100
1 1 2 25.8 53.5 43 c25 0 100 100
1 1 0 25.9 53.0 43 c25 0 100 100
1 1 0 25.9 53.0 38 c25 0 100 100
1 1 0 25.8 53.0 44 c25 0 100 100
1 1 0 25.7 53.0 39 c25 0 100 100
1 1 3 25.8 53.0 46 c25 0 100 100
1 1 0 25.7 52.5 46 c25 0 100 100
1 1 0 25.7 52.5 38 c25 0 100 100
1 1 2 25.7 52.5 41 c25 0 100 100
1 1 0 25.7 52.5 47 c25 0 100 100
1 1 1 25.7 52.5 45 c25 0 100 100
1 1 2 25.6 52.0 38 c25 0 100 100
1 1 0 25.7 52.0 37 c25 0 100 100
1 1 0 25.7 52.5 38 c25 0 100 100
1 1 0 25.7 52.0 36 c25 0 100 100
1 1 0 25.6 52.5 39 c25 0 100 100
1 1 0 25.7 52.5 38 c25 0 100 100
1 1 0 25.7 52.5 34 c25 0 100 100
1 1 13 25.6 52.5 32 c25 0 100 100
1 1 0 25.6 52.5 31 c25 0 100 100
1 1 0 25.6 52.5 31 c25 0 100 100
1 1 0 25.6 52.5 36 c25 0 100 100
1 1 0 25.6 52.5 34 c25 0 100 100
1 1 0 25.5 52.5 30 c25 0 100 100
1 1 0 25.6 52.5 32 c25 0 100 100
1 1 20 25.6 52.5 36 c25 0 100 100
1 1 8 25.6 52.5 34 c25 0 100 100
1 1 0 25.7 52.5 35 c25 0 100 100
1 1 0 25.6 52.5 42 c25 0 100 100
1 1 0 25.6 52.5 39 c25 0 100 100
1 1 3 25.6 52.5 39 c25 0 100 100
1 1 1 25.5 52.5 28 c25 0 100 100
1 1 4 25.6 52.0 39 c25 0 100 100
1 1 9 25.6 52.0 40 c25 0 100 100
1 1 14 25.6 52.0 38 c25 0 100 100
1 1 1 25.6 52.0 40 c25 0 100 100
1 1 0 25.6 52.0 41 c25 0 100 100
1 1 0 25.6 52.5 43 c25 0 100 100
1 1 0 25.5 52.0 41 c25 0 100 100
1 1 0 25.5 52.0 40 c25 0 100 100
1 1 0 25.6 52.0 42 c25 0 100 100
1 1 0 25.5 52.0 46 c25 0 100 100
1 1 0 25.5 52.0 48 c25 0 100 100
1 1 0 25.5 52.0 46 c25 0 100 100
1 1 3 25.5 52.5 47 c25 0 100 100
1 1 4 25.5 52.5 51 c25 0 100 100
1 1 1 25.6 52.5 49 c25 0 100 100
1 1 4 25.4 52.0 52 c25 0 100 100
1 1 2 25.4 52.0 52 c25 0 100 100
1 1 0 25.4 52.5 50 c25 0 100 100
1 1 1 25.4 52.0 56 c25 0 100 100
1 1 0 25.5 52.0 60 c25 0 100 100
1 1 4 25.4 51.5 63 c25 0 100 100
1 1 8 25.4 51.5 63 c25 0 100 100
1 1 2 25.3 51.5 65 c25 0 100 100
1 1 0 25.3 51.0 64 c25 0 100 100
1 1 2 25.3 51.0 65 c25 0 100 100
1 1 0 25.3 51.0 60 c25 0 100 100
1 1 0 25.3 51.0 58 c25 0 100 100
1 1 0 25.4 51.5 56 c25 0 100 100
1 1 0 25.3 51.5 60 c25 0 100 100
1 1 8 25.4 51.5 60 c25 0 100 100
1 1 0 25.3 51.5 58 c25 0 100 100
1 1 0 25.4 52.0 56 c25 0 100 100
1 1 3 25.3 52.0 60 c25 0 100 100
1 1 0 25.3 52.0 64 c25 0 100 100
1 1 2 25.3 52.0 67 c25 0 100 100
1 1 3 25.4 52.5 63 c25 0 100 100
1 1 2 25.3 52.5 60 c25 0 100 100
1 1 0 25.4 53.0 74 c25 0 100 100
1 1 2 25.4 52.5 59 c25 0 100 100
1 1 0 25.4 52.5 45 c25 0 100 100
1 1 13 25.4 52.0 69 c25 0 100 100
1 1 7 25.3 52.5 69 c25 0 100 100
1 1 0 25.4 52.5 71 c25 0 100 100
1 1 12 25.3 52.5 69 c25 0 100 100
1 1 9 25.2 53.0 68 c25 0 100 100
1 1 5 25.3 53.0 66 c25 0 100 100
1 1 0 25.3 53.0 64 c25 0 100 100
1 1 0 25.4 53.0 68 c25 0 100 100
1 1 0 25.4 53.0 69 c25 0 100 100
1 1 0 25.3 53.0 71 c25 0 100 100
1 1 0 25.3 53.0 62 c25 0 100 100
1 1 0 25.3 53.5 71 c25 0 100 100
1 1 1 25.3 53.5 76 c25 0 100 100
0 1 8 25.3 53.5 66 c25 0 100 100
0 1 16 25.3 53.5 199 c25 0 17 15
0 1 7 25.3 53.0 18 c25 0 17 15
0 1 8 25.2 52.5 16 c25 0 17 15
0 1 0 25.1 52.0 14 c25 0 17 15
0 1 0 25.1 52.0 16 c25 0 17 15
0 1 0 24.9 52.0 16 c25 0 17 15
0 1 0 24.9 52.0 14 c25 0 17 15
0 1 0 24.9 51.5 14 c25 0 17 15
0 1 0 24.7 51.5 14 c25 0 17 15
0 1 0 24.7 51.0 14 c25 0 17 15
0 1 0 24.7 51.0 14 c25 0 17 15
0 1 0 24.6 50.5 16 c25 0 17 15
0 1 0 24.6 50.5 16 c25 0 17 15
0 1 0 24.5 50.0 11 c25 0 17 15
0 1 0 24.5 50.5 14 c25 0 17 15
0 1 0 24.4 50.5 14 c25 0 17 15
0 1 0 24.4 50.0 16 c25 0 17 15
0 1 0 24.4 50.5 16 c25 0 17 15
0 1 0 24.4 50.5 16 c25 0 17 15
0 1 0 24.3 50.5 16 c25 0 17 15
0 1 0 24.3 50.5 14 c25 0 17 15
0 1 2 24.3 51.0 14 c25 0 17 15
0 1 0 24.3 51.0 16 c25 0 17 15
0 1 0 24.3 51.0 16 c25 0 17 15
0 1 0 24.2 51.5 16 c25 0 17 15
0 1 0 24.2 51.5 14 c25 0 17 15
0 1 0 24.3 51.5 16 c25 0 17 15
0 1 0 24.2 51.5 16 c25 0 17 15
0 1 0 24.2 51.5 16 c25 0 17 15
0 1 0 24.2 51.0 16 c25 0 17 15
0 1 0 24.1 51.0 14 c25 0 17 15
0 1 0 24.1 51.0 16 c25 0 17 15
0 1 0 24.1 50.5 16 c25 0 17 15
0 1 0 24.0 50.5 18 c25 0 17 15
0 1 0 24.0 51.0 16 c25 0 17 15
0 1 0 24.0 51.0 17 c25 0 17 15
0 1 5 24.0 51.0 17 c25 0 17 15
0 1 3 24.0 50.5 18 c25 0 17 15
0 1 1 23.9 50.0 18 c25 0 17 15
0 1 0 24.0 50.0 17 c25 0 17 15
0 1 0 23.9 49.5 18 c25 0 17 15
1 1 26 24.0 50.0 99 c25 0 100 100
1 1 13 24.0 50.5 187 c25 0 100 100
1 1 2 24.1 51.5 196 c25 0 100 100
1 1 0 24.2 51.5 195 c25 0 100 100
1 1 0 24.3 52.0 203 c25 0 100 100
1 1 0 24.4 52.0 203 c25 0 100 100
1 1 0 24.5 52.5 210 c25 0 100 100
1 1 0 24.5 52.5 210 c25 0 100 100
1 1 0 24.6 52.5 212 c25 0 100 100
1 1 0 24.6 52.5 205 c25 0 100 100
1 1 2 24.6 53.0 203 c25 0 100 100
1 1 2 24.7 53.0 211 c25 0 100 100
1 1 0 24.7 53.0 211 c25 0 100 100
1 1 0 24.7 53.0 211 c25 0 100 100
1 1 0 24.7 53.0 212 c25 0 100 100
1 1 0 24.7 53.0 218 c25 0 100 100
1 1 0 24.7 53.0 221 c25 0 100 100
1 1 6 24.8 53.5 232 c25 0 100 100
1 1 0 24.8 53.5 242 c25 0 100 100
1 1 2 24.8 53.0 242 c25 0 100 100
1 1 5 24.9 53.0 244 c25 0 100 100
1 1 0 24.8 53.5 246 c25 0 100 100
1 1 0 24.8 53.0 239 c25 0 100 100
1 1 1 24.8 53.5 243 c25 0 100 100
1 1 0 24.9 53.5 247 c25 0 100 100
1 1 0 24.9 53.5 247 c25 0 100 100
1 1 0 24.9 54.0 255 c25 0 100 100
1 1 4 25.0 54.0 0 c25 0 100 100
1 1 0 24.9 54.0 5 c25 0 100 100
1 1 0 24.9 54.0 151 c25 0 100 100
1 1 0 25.0 54.0 158 c25 0 100 100
1 1 2 25.1 54.0 254 c25 0 100 100
1 1 1 25.0 54.0 29 c25 0 100 100
1 1 0 25.1 54.0 169 c25 0 100 100
1 1 0 25.0 54.0 54 c25 0 100 100
1 1 0 25.0 54.0 56 c25 0 100 100
1 1 0 25.1 53.5 57 c25 0 100 100
1 1 1 25.1 53.5 64 c25 0 100 100
1 1 2 25.1 53.0 74 c25 0 100 100
1 1 4 25.0 53.0 83 c25 0 100 100
1 1 0 25.0 53.0 83 c25 0 100 100
1 1 2 25.1 53.0 80 c25 0 100 100
1 1 0 25.1 53.0 75 c25 0 100 100
1 1 5 25.0 53.0 80 c25 0 100 100
1 1 0 25.0 53.0 87 c25 0 100 100
1 1 0 25.1 53.0 94 c25 0 100 100
1 1 0 25.0 52.5 94 c25 0 100 100
1 1 0 25.1 52.5 99 c25 0 100 100
1 1 0 25.0 52.5 104 c25 0 100 100
1 1 0 25.1 52.5 23 c25 0 100 100
1 1 0 25.1 52.5 130 c25 0 100 100
1 1 1 25.1 52.5 212 c25 0 100 100
1 1 0 25.0 52.0 110 c25 0 100 100
1 1 3 25.0 52.0 119 c25 0 100 100
1 1 0 25.0 52.0 95 c25 0 100 100
1 1 1 25.1 52.0 46 c25 0 100 100
1 1 0 25.1 52.0 112 c25 0 100 100
1 1 3 24.9 52.0 137 c25 0 100 100
1 1 0 25.0 52.0 146 c25 0 100 100
1 1 0 25.1 51.5 151 c25 0 100 100
1 1 0 25.0 51.5 128 c25 0 100 100
1 1 3 25.0 51.5 33 c25 0 100 100
1 1 3 25.0 51.5 65 c25 0 100 100
1 1 4 25.0 51.5 147 c25 0 100 100
1 1 13 25.0 51.5 154 c25 0 100 100
1 1 0 25.0 51.0 159 c25 0 100 100
1 1 0 25.0 51.0 158 c25 0 100 100
1 1 0 25.0 51.0 159 c25 0 100 100
1 1 0 25.0 51.0 165 c25 0 100 100
1 1 0 25.0 51.0 175 c25 0 100 100
1 1 0 24.9 51.0 78 c25 0 100 100
1 1 13 24.9 51.0 103 c25 0 100 100
1 1 1 24.9 51.0 205 c25 0 100 100
1 1 0 24.9 51.0 57 c25 0 100 100
1 1 0 24.9 51.5 60 c25 0 100 100
1 1 0 25.0 51.5 27 c25 0 100 100
1 1 0 24.9 51.5 88 c25 0 100 100
1 1 2 24.9 51.5 107 c25 0 100 100
1 1 0 24.9 51.5 216 c25 0 100 100
1 1 5 25.0 51.5 0 c25 0 100 100
1 1 0 25.0 52.0 62 c25 0 100 100
1 1 0 25.0 52.0 36 c25 0 100 100
1 1 0 25.0 52.0 82 c25 0 100 100
1 1 0 25.0 52.0 217 c25 0 100 100
1 1 0 25.0 52.0 212 c25 0 100 100
1 1 1 25.0 52.0 211 c25 0 100 100
1 1 1 25.0 52.0 144 c25 0 100 100
1 1 2 25.0 52.0 134 c25 0 100 100
1 1 0 25.0 51.5 42 c25 0 100 100
1 1 0 25.0 51.5 225 c25 0 100 100
1 1 2 24.9 51.5 230 c25 0 100 100
1 1 0 24.9 51.5 234 c25 0 100 100
1 1 0 24.9 51.0 224 c25 0 100 100
1 1 0 24.9 51.0 223 c25 0 100 100
1 1 2 24.9 51.0 220 c25 0 100 100
1 1 0 24.9 51.0 209 c25 0 100 100
1 1 2 25.0 51.0 212 c25 0 100 100
1 1 0 25.0 51.5 208 c25 0 100 100
1 1 0 24.9 51.5 208 c25 0 100 100
1 1 0 25.0 51.5 214 c25 0 100 100
1 1 0 24.9 51.5 212 c25 0 100 100
1 1 2 24.9 51.5 217 c25 0 100 100
1 1 1 24.9 51.5 222 c25 0 100 100
1 1 0 25.0 51.5 230 c25 0 100 100
1 1 0 25.0 51.5 233 c25 0 100 100
1 1 10 25.0 52.0 231 c25 0 100 100
1 1 4 24.9 52.0 233 c25 0 100 100
1 1 0 24.9 52.0 234 c25 0 100 100
1 1 1 25.0 52.0 234 c25 0 100 100
1 1 0 25.0 52.0 236 c25 0 100 100
1 1 0 25.0 52.0 236 c25 0 100 100
1 1 3 24.9 52.0 239 c25 0 100 100
1 1 7 25.0 52.0 246 c25 0 100 100
1 1 0 25.0 51.5 237 c25 0 100 100
1 1 0 24.9 51.5 234 c25 0 100 100
1 1 0 25.0 51.5 239 c25 0 100 100
1 1 6 25.0 51.5 243 c25 0 100 100
1 1 0 24.9 51.5 243 c25 0 100 100
1 1 2 25.0 51.5 239 c25 0 100 100
1 1 0 25.0 51.5 244 c25 0 100 100
1 1 0 24.9 51.0 127 c25 0 100 100
1 1 5 24.9 51.0 22 c25 0 100 100
1 1 0 24.9 51.0 120 c25 0 100 100
1 1 0 24.9 51.5 206 c25 0 100 100
1 1 0 25.0 51.5 58 c25 0 100 100
1 1 4 24.9 51.5 85 c25 0 100 100
1 1 2 24.9 51.5 232 c25 0 100 100
1 1 5 24.9 51.5 9 c25 0 100 100
1 1 3 25.0 51.5 227 c25 0 100 100
1 1 6 24.9 51.5 34 c25 0 100 100
1 1 6 24.9 51.0 185 c25 0 100 100
1 1 0 24.8 51.0 236 c25 0 100 100
1 1 8 24.9 51.0 52 c25 0 100 100
1 1 0 24.9 51.0 50 c25 0 100 100
1 1 0 24.9 51.0 60 c25 0 100 100
1 1 0 24.9 51.0 54 c25 0 100 100
1 1 0 24.9 51.0 129 c25 0 100 100
1 1 0 24.9 51.0 25 c25 0 100 100
1 1 0 24.9 51.0 22 c25 0 100 100
1 1 3 24.9 51.0 22 c25 0 100 100
1 1 2 24.9 51.0 24 c25 0 100 100
1 1 3 24.9 51.0 26 c25 0 100 100
1 1 3 24.9 51.0 30 c25 0 100 100
1 1 7 24.9 51.0 30 c25 0 100 100
1 1 0 24.8 51.0 28 c25 0 100 100
1 1 1 24.9 51.0 30 c25 0 100 100
1 1 0 24.9 51.0 28 c25 0 100 100
1 1 0 24.9 51.0 26 c25 0 100 100
1 1 0 24.8 50.5 26 c25 0 100 100
1 1 0 24.8 50.5 26 c25 0 100 100
1 1 0 24.9 50.5 34 c25 0 100 100
1 1 4 24.9 50.5 34 c25 0 100 100
1 1 2 24.8 50.5 32 c25 0 100 100
1 1 5 24.9 50.5 32 c25 0 100 100
1 1 8 24.9 51.0 30 c25 0 100 100
1 1 0 24.9 50.5 31 c25 0 100 100
1 1 12 24.9 50.5 25 c26 0 100 100
1 1 0 24.8 50.5 29 c26 0 100 100
1 1 9 24.8 50.5 32 c26 0 100 100
1 1 0 24.9 50.5 32 c26 0 100 100
1 1 0 24.9 50.5 32 c26 0 100 100
1 1 2 24.9 50.5 34 c26 0 100 100
1 1 9 24.8 50.0 36 c26 0 100 100
1 1 16 24.8 50.5 37 c26 0 100 100
1 1 0 24.8 50.5 37 c26 0 100 100
1 1 3 24.8 50.5 35 c26 0 100 100
1 1 1 24.8 50.0 36 c26 0 100 100
1 1 1 24.8 50.0 26 c26 0 100 100
1 1 0 24.8 50.0 25 c26 0 100 100
1 1 0 24.8 50.0 27 c26 0 100 100
1 1 0 24.7 49.5 23 c26 0 100 100
1 1 0 24.8 49.5 27 c26 0 100 100
1 1 5 24.8 50.0 24 c26 0 100 100
1 1 3 24.8 49.5 22 c26 0 100 100
1 1 5 24.7 49.5 24 c26 0 100 100
1 1 1 24.8 49.5 20 c26 0 100 100
1 1 4 24.7 49.5 17 c26 0 100 100
1 1 0 24.7 49.5 18 c26 0 100 100
1 1 0 24.8 50.0 16 c26 0 100 100
1 1 7 24.7 50.0 20 c26 0 100 100
1 1 0 24.7 50.0 2 c26 0 100 100
1 1 4 24.7 50.0 87 c26 0 100 100
1 1 2 24.8 50.0 118 c26 0 100 100
1 1 7 24.7 50.0 7 c26 0 100 100
1 1 6 24.8 50.0 10 c26 0 100 100
1 1 1 24.7 50.0 9 c26 0 100 100
1 1 4 24.7 50.0 5 c26 0 100 100
1 1 0 24.8 50.0 1 c26 0 100 100
1 1 0 24.7 50.0 1 c26 0 100 100
1 1 4 24.7 50.0 252 c26 0 100 100
1 1 4 24.7 50.0 245 c26 0 100 100
1 1 0 24.8 50.0 238 c26 0 100 100
1 1 5 24.8 50.0 247 c26 0 100 100
1 1 0 24.8 50.0 252 c26 0 100 100
1 1 2 24.8 50.0 245 c26 0 100 100
1 1 0 24.7 50.0 238 c26 0 100 100
1 1 0 24.8 50.0 229 c26 0 100 100
1 1 0 24.7 50.0 201 c26 0 100 100
1 1 4 24.8 50.5 222 c26 0 100 100
1 1 0 24.8 50.5 236 c26 0 100 100
1 1 9 24.8 50.5 233 c26 0 100 100
1 1 0 24.7 50.5 217 c26 0 100 100
1 1 0 24.8 50.5 218 c26 0 100 100
1 1 0 24.8 50.5 222 c26 0 100 100
1 1 0 24.8 50.5 222 c26 0 100 100
1 1 0 24.8 50.5 220 c26 0 100 100
1 1 8 24.7 50.0 179 c26 0 100 100
1 1 7 24.8 50.0 183 c26 0 100 100
1 1 0 24.8 50.0 213 c26 0 100 100
1 1 17 24.7 50.0 186 c26 0 100 100
1 1 25 24.8 50.0 204 c26 0 100 100
1 1 4 24.8 50.0 200 c26 0 100 100
1 1 0 24.8 49.5 193 c26 0 100 100
1 1 0 24.8 49.5 182 c26 0 100 100
1 1 4 24.8 49.5 164 c26 0 100 100
1 1 1 24.8 49.5 159 c26 0 100 100
1 1 0 24.7 49.0 157 c26 0 100 100
1 1 0 24.8 49.0 153 c26 0 100 100
1 1 0 24.7 49.0 150 c26 0 100 100
1 1 0 24.8 49.0 142 c26 0 100 100
1 1 12 24.8 48.5 135 c26 0 100 100
1 1 1 24.7 48.5 120 c26 0 100 100
1 1 15 24.8 48.5 111 c26 0 100 100
1 1 8 24.7 48.5 98 c26 0 100 100
1 1 4 24.8 48.5 93 c26 0 100 100
1 1 8 24.7 48.5 88 c26 0 100 100
1 1 9 24.8 48.5 83 c26 0 100 100
1 1 1 24.8 48.5 76 c26 0 100 100
1 1 0 24.7 48.5 65 c26 0 100 100
1 1 1 24.7 48.0 58 c26 0 100 100
1 1 0 24.7 48.0 49 c26 0 100 100
1 1 1 24.7 48.0 37 c26 0 100 100
1 1 0 24.7 48.0 21 c26 0 100 100
1 1 0 24.7 48.0 10 c26 0 100 100
1 1 4 24.7 48.0 252 c26 0 100 100
1 1 8 24.7 47.5 237 c26 0 100 100
1 1 1 24.6 47.5 227 c26 0 100 100
1 1 0 24.6 47.5 213 c26 0 100 100
1 1 6 24.6 47.5 200 c26 0 100 100
1 1 7 24.7 47.5 185 c26 0 100 100
1 1 0 24.6 47.5 173 c26 0 100 100
1 1 0 24.6 47.5 159 c26 0 100 100
1 1 0 24.6 48.0 144 c26 0 100 100
1 1 1 24.6 48.0 127 c26 0 100 100
1 1 0 24.7 48.0 107 c26 0 100 100
1 1 0 24.6 48.0 90 c26 0 100 100
1 1 0 24.7 48.0 61 c26 0 100 100
1 1 0 24.7 48.0 234 c26 0 100 100
1 1 6 24.6 48.0 156 c26 1 100 100
1 1 20 24.6 48.5 152 c26 1 100 100
1 1 0 24.6 48.5 153 c26 1 100 100
1 1 0 24.7 48.5 147 c26 1 100 100
1 1 13 24.7 48.5 145 c26 1 100 100
1 1 0 24.7 49.0 145 c26 1 100 100
1 1 0 24.8 49.0 138 c26 1 100 100
1 1 4 24.8 49.0 138 c26 1 100 100
1 1 18 24.9 49.0 134 c26 1 100 100
1 1 12 24.9 49.0 132 c26 1 100 100
1 1 1 24.9 49.0 128 c26 1 100 100
1 1 0 25.0 49.5 125 c26 1 100 100
1 1 0 24.9 49.5 121 c26 1 100 100
1 1 0 25.0 49.5 119 c26 1 100 100
1 1 0 24.9 49.5 119 c26 1 100 100
1 1 0 25.0 49.5 112 c26 1 100 100
1 1 0 25.1 50.0 112 c26 1 100 100
1 1 0 25.0 50.0 110 c26 1 100 100
1 1 0 25.0 50.0 104 c26 1 100 100
1 1 0 25.0 50.0 101 c26 1 100 100
1 1 1 25.1 50.0 95 c26 1 100 100
1 1 1 25.1 50.0 93 c26 1 100 100
1 1 6 25.2 50.0 91 c26 1 100 100
1 1 0 25.2 50.0 88 c26 1 100 100
1 1 0 25.3 50.5 86 c26 1 100 100
1 1 2 25.3 50.5 78 c26 1 100 100
1 1 0 25.3 50.5 75 c26 1 100 100
1 1 0 25.3 50.5 73 c26 1 100 100
1 1 0 25.3 50.5 69 c26 1 100 100
1 1 0 25.3 50.0 64 c26 1 100 100
1 1 0 25.3 50.0 60 c26 1 100 100
1 1 0 25.3 50.0 55 c26 1 100 100
1 1 2 25.3 50.0 53 c26 1 100 100
1 1 5 25.4 50.0 49 c26 1 100 100
1 1 0 25.4 50.0 46 c26 1 100 100
1 1 0 25.3 50.0 44 c26 1 100 100
1 1 7 25.4 50.0 42 c26 1 100 100
1 1 0 25.4 49.5 38 c26 1 100 100
1 1 1 25.4 49.5 35 c26 1 100 100
1 1 0 25.4 49.5 33 c26 1 100 100
1 1 0 25.4 50.0 33 c26 1 100 100
1 1 0 25.4 49.5 29 c26 1 100 100
1 1 0 25.5 50.0 28 c26 1 100 100
1 1 2 25.4 50.0 24 c26 1 100 100
1 1 0 25.5 50.0 24 c26 1 100 100
1 1 0 25.5 50.0 22 c26 1 100 100
1 1 0 25.5 50.0 22 c26 1 100 100
1 1 0 25.5 50.0 18 c26 1 100 100
1 1 0 25.5 50.0 19 c26 1 100 100
1 1 0 25.5 50.0 17 c26 1 100 100
1 1 0 25.6 50.5 19 c26 1 100 100
1 1 0 25.5 50.5 17 c26 1 100 100
1 1 1 25.6 50.5 15 c26 1 100 100
1 1 7 25.5 51.0 17 c26 1 100 100
1 1 0 25.6 51.0 15 c26 1 100 100
1 1 0 25.5 51.0 15 c26 1 100 100
1 1 0 25.6 51.0 13 c26 1 100 100
1 1 0 25.6 50.5 13 c26 1 100 100
1 1 0 25.7 50.5 16 c26 1 100 100
1 1 0 25.7 50.5 14 c26 1 100 100
1 1 0 25.7 50.0 14 c26 1 100 100
1 1 0 25.7 50.0 14 c26 1 100 100
1 1 2 25.6 50.0 14 c26 1 100 100
1 1 0 25.7 50.0 14 c26 1 100 100
1 1 3 25.7 50.0 14 c26 1 100 100
1 1 0 25.7 49.5 14 c26 1 100 100
1 1 0 25.7 49.5 14 c26 1 100 100
1 1 4 25.7 49.5 14 c26 1 100 100
1 1 0 25.7 49.5 14 c26 1 100 100
1 1 0 25.6 49.5 14 c26 1 100 100
1 1 2 25.7 49.5 14 c26 1 100 100
1 1 5 25.7 49.5 14 c26 1 100 100
1 1 13 25.7 49.5 14 c26 1 100 100
1 1 1 25.7 49.5 14 c26 1 100 100
1 1 0 25.7 49.5 14 -1 1 100 100
1 1 16 25.7 49.5 14 -1 1 100 100
1 1 4 25.7 49.5 14 -1 1 100 100
1 1 5 25.8 51.0 14 -1 1 100 100
1 1 0 25.9 51.5 14 -1 1 100 100
1 1 0 26.1 51.5 14 -1 1 100 100
1 1 0 26.2 51.5 14 -1 1 100 100
1 1 0 26.3 51.5 14 -1 1 100 100
1 1 0 26.4 51.5 14 -1 1 100 100
1 1 0 26.5 52.0 14 -1 1 100 100
1 1 1 26.6 52.0 14 -1 1 100 100
1 1 0 26.7 52.0 14 -1 1 100 100
1 1 0 26.8 52.0 14 -1 1 100 100
1 1 0 26.9 52.0 14 -1 1 100 100
1 1 0 26.9 52.0 14 -1 1 100 100
1 1 2 27.0 52.0 14 -1 1 100 100
1 1 0 27.1 52.0 14 -1 1 100 100
1 1 0 27.1 52.0 14 -1 1 100 100
1 1 0 27.2 52.5 14 -1 1 100 100
1 1 0 27.2 52.5 14 -1 1 100 100
1 1 0 27.3 52.5 14 -1 1 100 100
1 1 0 27.3 52.5 14 -1 1 100 100
1 1 1 27.4 52.5 14 -1 1 100 100
1 1 0 27.4 52.5 14 -1 1 100 100
1 1 0 27.4 52.5 14 -1 1 100 100
1 1 0 27.5 53.0 14 -1 1 100 100
1 1 0 27.5 53.0 14 -1 1 100 100
1 1 0 27.5 53.0 14 -1 1 100 100
1 1 0 27.6 53.0 14 -1 1 100 100
1 1 0 27.6 53.0 14 -1 1 100 100
1 1 0 27.7 53.0 14 -1 1 100 100
1 1 3 27.7 53.0 14 -1 1 100 100
1 1 2 27.8 53.0 14 -1 1 100 100
1 1 0 27.8 53.0 14 -1 1 100 100
1 1 0 27.9 53.0 14 -1 1 100 100
1 1 0 27.9 53.0 14 c26 1 100 100
1 1 5 27.9 53.5 14 c26 1 100 100
1 1 7 27.9 53.5 14 c26 1 100 100
1 1 0 28.0 53.5 14 c26 1 100 100
1 1 0 27.9 54.5 14 c26 1 100 100
1 1 0 27.9 54.5 14 c26 1 100 100
1 1 3 27.8 54.0 14 c26 1 100 100
1 1 0 27.7 53.0 14 c26 1 100 100
1 1 0 27.6 52.5 14 c26 1 100 100
1 1 3 27.5 52.0 14 c26 1 100 100
1 1 0 27.5 51.5 12 c26 1 100 100
1 1 0 27.4 51.0 14 c26 1 100 100
1 1 0 27.3 51.0 14 c26 1 100 100
1 1 4 27.2 51.0 14 c26 1 100 100
1 1 0 27.2 51.0 14 c26 1 100 100
1 1 0 27.2 52.5 14 c26 1 100 100
1 1 1 27.3 53.5 14 c26 1 100 100
1 1 0 27.2 53.5 14 c26 1 100 100
1 1 0 27.3 54.0 14 c26 1 100 100
1 1 0 27.3 54.0 14 c26 1 100 100
1 1 0 27.3 53.5 14 c26 1 100 100
1 1 0 27.3 53.0 14 c26 1 100 100
1 1 0 27.3 52.5 14 c26 1 100 100
1 1 2 27.2 52.0 14 c26 1 100 100
1 1 0 27.1 50.5 14 c26 1 100 100
1 1 0 27.0 50.5 14 c26 1 100 100
1 1 0 27.0 51.5 14 c26 1 100 100
1 1 1 27.0 51.5 14 c26 1 100 100
1 1 0 27.0 51.5 14 c26 1 100 100
1 1 0 26.9 50.5 12 c26 1 100 100
1 1 8 26.9 50.5 14 c26 1 100 100
1 1 5 26.9 50.5 14 c26 1 100 100
1 1 0 26.9 50.5 14 c26 1 100 100
1 1 2 26.9 50.5 14 c26 1 100 100
1 1 2 26.9 50.0 14 c26 1 100 100
1 1 0 26.9 50.0 14 c26 1 100 100
1 1 1 26.9 50.0 14 c26 1 100 100
1 1 0 26.9 50.0 14 c26 1 100 100
1 1 3 26.8 50.0 14 c26 1 100 100
1 1 3 26.8 50.0 12 c26 1 100 100
1 1 0 26.8 50.0 14 c26 1 100 100
1 1 0 26.7 50.0 14 c26 1 100 100
1 1 0 26.8 50.0 14 c26 1 100 100
1 1 4 26.7 49.5 14 c26 1 100 100
1 1 0 26.7 49.0 14 c26 1 100 100
1 1 0 26.7 49.0 14 c26 1 100 100
1 1 0 26.7 49.0 14 c26 1 100 100
1 1 0 26.7 49.0 14 c26 1 100 100
1 1 0 26.6 48.5 14 c26 1 100 100
1 1 9 26.6 48.5 14 c26 1 100 100
1 1 0 26.6 48.5 14 c26 1 100 100
1 1 0 26.6 48.5 14 c26 1 100 100
1 1 0 26.6 48.5 14 c26 1 100 100
1 1 1 26.6 48.5 14 c26 1 100 100
1 1 0 26.5 48.5 14 c26 1 100 100
1 1 0 26.6 48.5 14 c26 1 100 100
1 1 0 26.5 48.5 14 c26 1 100 100
1 1 0 26.5 48.5 14 c26 1 100 100
1 1 0 26.5 48.5 14 c26 1 100 100
1 1 0 26.5 48.5 14 c26 1 100 100
1 1 1 26.5 48.5 14 c26 1 100 100
1 1 14 26.5 48.5 14 c26 1 100 100
1 1 0 26.5 48.5 14 c26 1 100 100
1 1 12 26.5 48.5 14 c26 1 100 100
1 1 0 26.5 48.5 14 c26 1 100 100
1 1 0 26.4 48.5 14 c26 1 100 100
1 1 0 26.5 49.0 14 c26 1 100 100
1 1 0 26.5 49.0 14 c26 1 100 100
1 1 0 26.5 49.0 14 c26 1 100 100
1 1 0 26.4 49.0 14 c26 1 100 100
1 1 0 26.4 49.0 14 c26 1 100 100
1 1 0 26.4 49.0 14 c26 1 100 100
1 1 0 26.4 49.5 14 c26 1 100 100
1 1 0 26.4 49.5 14 c26 1 100 100
1 1 0 26.4 49.5 14 c26 1 100 100
1 1 0 26.4 49.0 14 c26 1 100 100
1 1 0 26.4 49.0 14 c26 1 100 100
1 1 0 26.4 49.0 14 c26 1 100 100
1 1 3 26.4 49.0 14 c26 1 100 100
1 1 0 26.4 49.0 14 c26 1 100 100
1 1 8 26.4 49.0 14 c26 1 100 100
1 1 0 26.5 49.5 14 c26 1 100 100
1 1 0 26.4 49.0 14 c26 1 100 100
1 1 12 26.3 49.0 12 c26 1 100 100
1 1 3 26.4 49.0 12 -1 1 100 100
1 1 8 26.3 49.0 12 -1 1 100 100
1 1 4 26.4 50.0 14 -1 1 100 100
1 1 10 26.6 51.0 14 -1 0 17 16
1 1 9 26.7 52.0 0 -1 0 17 16
0 1 0 26.8 52.0 0 -1 0 17 16
0 1 0 26.9 51.5 0 -1 0 17 16
0 1 0 27.0 51.5 0 -1 0 17 16
0 1 0 27.1 51.5 0 -1 0 17 16
0 1 0 27.2 51.5 0 -1 0 17 16
0 1 0 27.2 51.5 0 -1 0 17 16
0 1 0 27.3 51.5 0 -1 0 17 16
0 1 0 27.3 51.5 0 -1 0 17 16
0 1 0 27.4 52.0 0 -1 0 17 16
0 1 0 27.4 52.0 0 -1 0 17 16
0 1 0 27.4 52.0 0 -1 0 17 16
0 1 0 27.5 52.0 0 -1 0 17 16
0 1 0 27.6 52.0 0 -1 0 17 16
0 1 0 27.5 52.0 0 -1 0 17 16
0 1 0 27.6 52.0 0 -1 0 17 16
0 1 0 27.6 52.0 0 -1 0 17 16
0 1 0 27.6 52.0 0 -1 0 17 16
0 1 0 27.7 52.0 0 -1 0 17 16
0 1 0 27.7 52.0 0 -1 0 17 16
0 1 0 27.8 52.5 0 -1 0 17 16
0 1 0 27.8 52.5 0 -1 0 17 16
0 1 0 27.8 52.5 0 -1 0 17 16
0 1 0 27.8 52.5 0 -1 0 17 16
0 1 0 27.9 52.5 0 -1 0 17 16
0 1 0 28.0 52.5 0 -1 0 17 16
0 1 0 28.0 52.5 0 -1 0 17 16
0 1 0 27.9 52.5 0 -1 0 17 16
0 1 0 28.0 52.5 0 -1 0 17 16
0 1 0 28.0 52.5 0 -1 0 17 16
0 1 0 28.1 52.5 0 -1 0 17 16
0 1 0 28.1 52.5 0 -1 0 17 16
0 1 0 28.1 52.5 0 -1 0 17 16
0 1 0 28.1 53.0 0 -1 0 17 16
0 1 0 28.1 53.0 0 -1 0 17 16
0 1 0 28.2 53.0 0 -1 0 17 16
0 1 0 28.1 53.0 0 -1 0 17 16
0 1 0 28.1 53.0 0 -1 0 17 16
0 1 0 28.1 53.0 0 -1 0 17 16
0 1 0 28.3 53.0 0 -1 0 17 16
0 1 0 28.2 53.0 0 -1 0 17 16
0 1 0 28.3 53.0 0 -1 0 17 16
0 1 0 28.3 53.0 0 -1 0 17 16
0 1 0 28.3 53.0 0 -1 0 17 16
0 1 0 28.3 53.0 0 -1 0 17 16
0 1 0 28.4 53.0 0 -1 0 17 16
0 1 0 28.4 53.5 0 -1 0 17 16
0 1 0 28.4 53.5 0 -1 0 17 16
0 1 0 28.4 53.5 0 -1 0 17 16
0 1 0 28.4 53.5 0 -1 0 17 16
0 1 0 28.4 53.5 0 -1 0 17 16
0 1 0 28.5 53.5 0 -1 0 17 16
0 1 0 28.5 53.5 0 -1 0 17 16
0 1 0 28.6 53.5 0 -1 0 17 16
0 1 0 28.5 53.5 0 -1 0 17 16
0 1 0 28.6 53.5 0 -1 0 17 16
0 1 0 28.6 53.5 0 -1 0 17 16
0 1 0 28.7 54.0 0 -1 0 17 16
0 1 0 28.6 54.0 0 -1 0 17 16
0 1 0 28.7 54.0 0 -1 0 17 16
0 1 0 28.6 54.0 0 -1 0 17 16
0 1 0 28.7 54.0 0 -1 0 17 16
0 1 0 28.7 54.0 0 -1 0 17 16
0 1 0 28.7 54.0 0 -1 0 17 16
0 1 0 28.7 54.5 0 -1 0 17 16
0 1 0 28.7 54.5 0 -1 0 17 16
0 1 0 28.8 54.5 0 -1 0 17 16
0 1 0 28.8 54.5 0 -1 0 17 16
0 1 0 28.8 54.5 0 -1 0 17 16
0 1 0 28.8 54.5 0 -1 0 17 16
0 1 0 28.8 54.5 0 -1 0 17 16
0 1 0 28.9 54.5 0 -1 0 17 16
0 1 0 28.9 54.5 0 -1 0 17 16
0 1 0 28.9 54.5 0 -1 0 17 16
0 1 0 28.9 55.0 0 -1 0 17 16
0 1 0 29.0 55.0 0 -1 0 17 16
0 1 0 29.0 55.0 0 -1 0 17 16
0 1 0 29.0 55.0 0 -1 0 17 16
0 1 0 29.0 55.0 0 -1 0 17 16
0 1 0 29.0 55.0 0 -1 0 17 16
0 1 0 29.1 55.5 0 -1 0 17 16
0 1 0 29.0 55.5 0 -1 0 17 16
0 1 0 29.1 55.5 0 -1 0 17 16
0 1 0 29.0 55.5 0 -1 0 17 16
0 1 0 29.2 55.5 0 -1 0 17 16
0 1 0 29.1 55.5 0 -1 0 17 16
0 1 0 29.2 55.5 0 -1 0 17 16
0 1 0 29.1 55.5 0 -1 0 17 16
0 1 0 29.2 55.5 0 -1 0 17 16
0 1 0 29.2 55.5 0 -1 0 17 16
0 1 0 29.2 55.5 0 -1 0 17 16
0 1 0 29.2 55.5 0 -1 0 17 16
0 1 0 29.3 55.5 0 -1 0 17 16
0 1 0 29.3 55.5 0 -1 0 17 16
0 1 0 29.2 56.0 0 -1 0 17 16
0 1 0 29.3 56.0 0 -1 0 17 16
0 1 0 29.3 56.0 0 -1 0 17 16
0 1 0 29.3 56.0 0 -1 0 17 16
0 1 0 29.3 56.0 0 -1 0 17 16
0 1 0 29.3 56.0 0 -1 0 17 16
0 1 0 29.3 56.0 0 -1 0 17 16
0 1 0 29.3 56.0 0 -1 0 17 16
0 1 0 29.3 56.0 0 -1 0 17 16
0 1 0 29.3 56.0 0 -1 0 17 16
0 1 0 29.4 56.0 0 -1 0 17 16
0 1 0 29.4 56.0 0 -1 0 17 16
0 1 0 29.4 56.0 0 -1 0 17 16
0 1 0 29.4 56.0 0 -1 0 17 16
0 1 0 29.4 56.0 0 -1 0 17 16
0 1 0 29.4 56.0 0 -1 0 17 16
0 1 0 29.4 56.5 0 -1 0 17 16
0 1 0 29.4 56.0 0 -1 0 17 16
0 1 0 29.5 56.0 0 -1 0 17 16
0 1 0 29.5 56.0 0 -1 0 17 16
0 1 0 29.4 56.0 0 -1 0 17 16
0 1 0 29.5 56.0 0 -1 0 17 16
0 1 0 29.5 56.0 0 -1 0 17 16
0 1 0 29.4 56.0 0 -1 0 17 16
0 1 0 29.5 56.0 0 -1 0 17 16
0 1 0 29.5 56.0 0 -1 0 17 16
0 1 0 29.5 56.0 0 -1 0 17 16
0 1 0 29.6 56.0 0 -1 0 17 16
0 1 0 29.6 56.0 0 -1 0 17 16
0 1 0 29.6 56.0 0 -1 0 17 16
0 1 0 29.6 56.5 0 -1 0 17 16
0 1 0 29.7 56.5 0 -1 0 17 16
0 1 0 29.6 56.5 0 -1 0 17 16
0 1 0 29.6 56.5 0 -1 0 17 16
0 1 0 29.6 56.5 0 -1 0 17 16
0 1 0 29.6 56.5 0 -1 0 17 16
0 1 0 29.6 56.5 0 -1 0 17 16
0 1 0 29.6 56.5 0 -1 0 17 16
0 1 0 29.6 56.0 0 -1 0 17 16
0 1 0 29.7 56.5 0 -1 0 17 16
0 1 0 29.7 56.5 0 -1 0 17 16
0 1 0 29.7 56.5 0 -1 0 17 16
0 1 0 29.6 56.5 0 -1 0 17 16
0 1 0 29.7 56.5 0 -1 0 17 16
0 1 0 29.7 56.5 0 -1 0 17 16
0 1 0 29.7 56.5 0 -1 0 17 16
0 1 0 29.7 56.5 0 -1 0 17 16
0 1 0 29.7 56.5 0 -1 0 17 16
0 1 0 29.7 56.5 0 -1 0 17 16
0 1 0 29.8 56.5 0 -1 0 17 16
0 1 0 29.8 56.5 0 -1 0 17 16
