0 1 0 27.5 56.0 0 -1 0 -1 -1
0 1 0 27.5 56.0 0 -1 0 -1 -1
0 1 0 27.5 56.0 0 -1 0 -1 -1
0 1 0 27.6 56.0 0 -1 0 -1 -1
0 1 0 27.6 56.0 0 -1 0 -1 -1
0 1 0 27.5 56.0 0 -1 0 -1 -1
0 1 0 27.6 56.0 0 -1 0 -1 -1
0 1 0 27.5 56.0 0 -1 0 -1 -1
0 1 0 27.5 56.0 0 -1 0 -1 -1
0 1 0 27.5 56.0 0 -1 0 -1 -1
0 1 0 27.5 56.0 0 -1 0 -1 -1
0 1 0 27.6 56.0 0 -1 0 -1 -1
0 1 0 27.6 56.5 0 -1 0 -1 -1
0 1 0 27.6 56.0 0 -1 0 -1 -1
0 1 0 27.6 56.0 0 -1 0 -1 -1
0 1 0 27.6 56.0 0 -1 0 -1 -1
0 1 0 27.6 56.0 0 -1 0 -1 -1
0 1 0 27.6 56.0 0 -1 0 -1 -1
0 1 0 27.6 56.0 0 -1 0 -1 -1
0 1 0 27.6 56.0 0 -1 0 -1 -1
0 1 0 27.6 56.0 0 -1 0 -1 -1
0 1 0 27.7 56.0 0 -1 0 -1 -1
0 1 0 27.6 56.0 0 -1 0 -1 -1
0 1 0 27.6 56.0 0 -1 0 -1 -1
0 1 0 27.7 56.0 0 -1 0 -1 -1
0 1 0 27.7 56.0 0 -1 0 -1 -1
0 1 0 27.7 56.0 0 -1 0 -1 -1
0 1 0 27.7 56.0 0 -1 0 -1 -1
0 1 0 27.7 56.0 0 -1 0 -1 -1
0 1 0 27.6 56.0 0 -1 0 -1 -1
0 1 0 27.7 56.5 0 -1 0 -1 -1
0 1 0 27.7 56.5 0 -1 0 -1 -1
0 1 0 27.7 56.5 0 -1 0 -1 -1
0 1 0 27.7 56.5 0 -1 0 -1 -1
0 1 0 27.7 56.5 0 -1 0 -1 -1
0 1 0 27.7 56.0 0 -1 0 -1 -1
0 1 0 27.7 56.5 0 -1 0 -1 -1
0 1 0 27.7 56.5 0 -1 0 -1 -1
0 1 0 27.6 56.5 0 -1 0 -1 -1
0 1 0 27.7 56.5 0 -1 0 -1 -1
0 1 0 27.7 56.5 0 -1 0 -1 -1
0 1 0 27.7 56.5 0 -1 0 -1 -1
0 1 0 27.7 56.5 0 -1 0 -1 -1
0 1 0 27.7 56.5 0 -1 0 -1 -1
0 1 0 27.7 56.5 0 -1 0 -1 -1
0 1 0 27.7 56.5 0 -1 0 -1 -1
0 1 0 27.7 56.5 0 -1 0 -1 -1
0 1 0 27.7 56.5 0 -1 0 -1 -1
0 1 0 27.8 56.5 0 -1 0 -1 -1
0 1 0 27.7 56.5 0 -1 0 -1 -1
0 1 0 27.7 56.5 0 -1 0 -1 -1
0 1 0 27.7 56.5 0 -1 0 -1 -1
0 1 0 27.8 56.5 0 -1 0 -1 -1
0 1 0 27.7 56.5 0 -1 0 -1 -1
0 1 0 27.8 56.5 0 -1 0 -1 -1
0 1 0 27.8 56.5 0 -1 0 -1 -1
0 1 0 27.8 56.5 0 -1 0 -1 -1
0 1 0 27.8 56.5 0 -1 0 -1 -1
0 1 0 27.8 57.0 0 -1 0 -1 -1
0 1 0 27.7 56.5 0 -1 0 -1 -1
0 1 0 27.8 57.0 0 -1 0 -1 -1
0 1 0 27.8 56.5 0 -1 0 -1 -1
0 1 0 27.8 56.5 0 -1 0 -1 -1
0 1 0 27.8 57.0 0 -1 0 -1 -1
0 1 0 27.7 57.0 0 -1 0 -1 -1
0 1 0 27.8 57.0 0 -1 0 -1 -1
0 1 0 27.8 56.5 0 -1 0 -1 -1
0 1 0 27.8 57.0 0 -1 0 -1 -1
0 1 0 27.8 57.0 0 -1 0 -1 -1
0 1 0 27.8 57.0 0 -1 0 -1 -1
0 1 0 27.8 57.0 0 -1 0 -1 -1
0 1 0 27.8 57.0 0 -1 0 -1 -1
0 1 0 27.8 57.0 0 -1 0 -1 -1
0 1 0 27.8 57.0 0 -1 0 -1 -1
0 1 0 27.8 57.0 0 -1 0 -1 -1
0 1 0 27.8 57.0 0 -1 0 -1 -1
0 1 0 27.9 57.0 0 -1 0 -1 -1
0 1 0 27.8 57.0 0 -1 0 -1 -1
0 1 0 27.8 57.0 0 -1 0 -1 -1
0 1 0 27.8 57.0 0 -1 0 -1 -1
0 1 0 27.8 57.0 0 -1 0 -1 -1
0 1 0 27.8 57.0 0 -1 0 -1 -1
0 1 0 27.9 57.0 0 -1 0 -1 -1
0 1 0 27.8 57.0 0 -1 0 -1 -1
0 1 0 27.8 57.0 0 -1 0 -1 -1
0 1 0 27.8 57.0 0 -1 0 -1 -1
0 1 0 27.9 57.0 0 -1 0 -1 -1
0 1 0 27.9 57.0 0 -1 0 -1 -1
0 1 0 27.8 57.0 0 -1 0 -1 -1
0 1 0 27.9 57.0 0 -1 0 -1 -1
0 1 0 27.9 57.0 0 -1 0 -1 -1
0 1 0 27.9 57.5 0 -1 0 -1 -1
0 1 0 27.8 57.0 0 -1 0 -1 -1
0 1 0 27.9 57.5 0 -1 0 -1 -1
0 1 0 27.9 57.5 0 -1 0 -1 -1
0 1 0 27.9 57.5 0 -1 0 -1 -1
0 1 0 27.8 57.5 0 -1 0 -1 -1
0 1 0 27.9 57.5 0 -1 0 -1 -1
0 1 0 27.9 57.5 0 -1 0 -1 -1
0 1 0 27.9 57.5 0 -1 0 -1 -1
0 1 0 27.9 57.5 0 -1 0 -1 -1
0 1 0 27.9 57.5 0 -1 0 -1 -1
0 1 0 27.9 57.5 0 -1 0 -1 -1
0 1 0 27.9 57.5 0 -1 0 -1 -1
0 1 0 27.9 57.5 0 -1 0 -1 -1
0 1 0 27.9 57.5 0 -1 0 -1 -1
0 1 0 27.9 57.5 0 -1 0 -1 -1
0 1 0 27.9 57.5 0 -1 0 -1 -1
0 1 0 28.0 57.5 0 -1 0 -1 -1
0 1 0 27.9 57.5 0 -1 0 -1 -1
0 1 0 28.0 57.5 0 -1 0 -1 -1
0 1 0 28.0 57.5 0 -1 0 -1 -1
0 1 0 28.0 57.5 0 -1 0 -1 -1
0 1 0 27.9 57.5 0 -1 0 -1 -1
0 1 0 27.9 57.5 0 -1 0 -1 -1
0 1 0 27.9 57.5 0 -1 0 -1 -1
0 1 0 27.9 57.5 0 -1 0 -1 -1
0 1 0 28.0 57.5 0 -1 0 -1 -1
0 1 0 28.0 57.5 0 -1 0 -1 -1
0 1 0 27.9 57.5 0 -1 0 -1 -1
0 1 0 28.0 57.5 0 -1 0 -1 -1
0 1 0 28.0 57.5 0 -1 0 -1 -1
0 1 0 27.9 57.5 0 -1 0 -1 -1
0 1 0 27.9 57.5 0 -1 0 -1 -1
0 1 0 28.0 58.0 0 -1 0 -1 -1
0 1 0 28.0 58.0 0 -1 0 -1 -1
0 1 0 28.0 58.0 0 -1 0 -1 -1
0 1 0 28.0 58.0 0 -1 0 -1 -1
0 1 0 28.0 58.0 0 -1 0 -1 -1
0 1 0 28.0 58.0 0 -1 0 -1 -1
0 1 0 28.0 58.0 0 -1 0 -1 -1
0 1 0 28.0 58.0 0 -1 0 -1 -1
0 1 0 27.9 58.0 0 -1 0 -1 -1
0 1 0 28.0 58.0 0 -1 0 -1 -1
0 1 0 28.0 58.0 0 -1 0 -1 -1
0 1 0 28.0 58.0 0 -1 0 -1 -1
0 1 0 28.0 58.0 0 -1 0 -1 -1
0 1 0 28.0 58.0 0 -1 0 -1 -1
0 1 0 28.0 58.0 0 -1 0 -1 -1
0 1 0 27.9 58.0 0 -1 0 -1 -1
0 1 0 28.0 58.0 0 -1 0 -1 -1
0 1 0 28.1 58.5 0 -1 0 -1 -1
0 1 0 28.0 58.0 0 -1 0 -1 -1
0 1 0 27.9 58.0 0 -1 0 -1 -1
0 1 0 28.0 58.0 0 -1 0 -1 -1
0 1 0 28.0 58.0 0 -1 0 -1 -1
0 1 0 28.0 58.0 0 -1 0 -1 -1
0 1 0 28.0 58.0 0 -1 0 -1 -1
0 1 0 28.0 58.0 0 -1 0 -1 -1
0 1 0 28.1 58.0 0 -1 0 -1 -1
0 1 0 28.0 58.0 0 -1 0 -1 -1
0 1 0 28.0 58.0 0 -1 0 -1 -1
0 1 0 28.0 58.5 0 -1 0 -1 -1
0 1 0 28.0 58.0 0 -1 0 -1 -1
0 1 0 28.0 58.0 0 -1 0 -1 -1
0 1 0 28.0 58.5 0 -1 0 -1 -1
0 1 0 28.0 58.5 0 -1 0 -1 -1
0 1 0 28.0 58.5 0 -1 0 -1 -1
0 1 0 28.0 58.5 0 -1 0 -1 -1
0 1 0 28.1 58.5 0 -1 0 -1 -1
0 1 0 28.0 58.5 0 -1 0 -1 -1
0 1 0 28.1 58.5 0 -1 0 -1 -1
0 1 0 28.0 58.5 0 -1 0 -1 -1
0 1 0 28.1 58.5 0 -1 0 -1 -1
0 1 0 28.1 58.5 0 -1 0 -1 -1
0 1 0 28.0 58.5 0 -1 0 -1 -1
0 1 0 28.1 58.5 0 -1 0 -1 -1
0 1 0 28.0 58.5 0 -1 0 -1 -1
0 1 0 28.0 58.5 0 -1 0 -1 -1
0 1 0 28.0 58.5 0 -1 0 -1 -1
0 1 0 28.1 58.5 0 -1 0 -1 -1
0 1 0 28.0 58.5 0 -1 0 -1 -1
0 1 0 28.1 58.5 0 -1 0 -1 -1
0 1 0 28.1 58.5 0 -1 0 -1 -1
0 1 0 28.1 58.5 0 -1 0 -1 -1
0 1 0 28.1 58.5 0 -1 0 -1 -1
0 1 0 28.1 58.5 0 -1 0 -1 -1
0 1 0 28.1 58.5 0 -1 0 -1 -1
0 1 0 28.1 58.5 0 -1 0 -1 -1
0 1 0 28.1 58.5 0 -1 0 -1 -1
0 1 0 28.1 58.5 0 -1 0 -1 -1
0 1 0 28.2 58.5 0 -1 0 -1 -1
0 1 0 28.1 58.5 0 -1 0 -1 -1
0 1 0 28.1 58.5 0 -1 0 -1 -1
0 1 0 28.1 58.5 0 -1 0 -1 -1
0 1 0 28.1 58.5 0 -1 0 -1 -1
0 1 0 28.1 58.5 0 -1 0 -1 -1
0 1 0 28.1 58.5 0 -1 0 -1 -1
0 1 0 28.1 58.5 0 -1 0 -1 -1
0 1 0 28.0 58.5 0 -1 0 -1 -1
0 1 0 28.1 58.5 0 -1 0 -1 -1
0 1 0 28.1 58.5 0 -1 0 -1 -1
0 1 0 28.1 58.5 0 -1 0 -1 -1
0 1 0 28.1 58.5 0 -1 0 -1 -1
0 1 0 28.1 59.0 0 -1 0 -1 -1
0 1 0 28.1 59.0 0 -1 0 -1 -1
0 1 0 28.2 58.5 0 -1 0 -1 -1
0 1 0 28.1 58.5 0 -1 0 -1 -1
0 1 0 28.1 58.5 0 -1 0 -1 -1
0 1 0 28.1 59.0 0 -1 0 -1 -1
0 1 0 28.1 59.0 0 -1 0 -1 -1
0 1 0 28.1 59.0 0 -1 0 -1 -1
0 1 0 28.1 59.0 0 -1 0 -1 -1
0 1 0 28.1 59.0 0 -1 0 -1 -1
0 1 0 28.1 59.0 0 -1 0 -1 -1
0 1 0 28.1 59.0 0 -1 0 -1 -1
0 1 0 28.1 59.0 0 -1 0 -1 -1
0 1 0 28.1 59.0 0 -1 0 -1 -1
0 1 0 28.1 59.0 0 -1 0 -1 -1
0 1 0 28.1 59.0 0 -1 0 -1 -1
0 1 0 28.1 59.0 0 -1 0 -1 -1
0 1 0 28.1 59.0 0 -1 0 -1 -1
0 1 0 28.2 59.0 0 -1 0 -1 -1
0 1 0 28.1 59.0 0 -1 0 -1 -1
0 1 0 28.1 59.0 0 -1 0 -1 -1
0 1 0 28.2 59.0 0 -1 0 -1 -1
0 1 0 28.1 59.0 0 -1 0 -1 -1
0 1 0 28.2 59.0 0 -1 0 -1 -1
0 1 0 28.2 59.0 0 -1 0 -1 -1
0 1 0 28.1 59.0 0 -1 0 -1 -1
0 1 0 28.1 59.0 0 -1 0 -1 -1
0 1 0 28.1 59.0 0 -1 0 -1 -1
0 1 0 28.1 59.0 0 -1 0 -1 -1
0 1 0 28.2 59.0 0 -1 0 -1 -1
0 1 0 28.1 59.0 0 -1 0 -1 -1
0 1 0 28.2 59.0 0 -1 0 -1 -1
0 1 0 28.1 59.0 0 -1 0 -1 -1
0 1 0 28.2 59.0 0 -1 0 -1 -1
0 1 0 28.1 59.0 0 -1 0 -1 -1
0 1 0 28.2 59.0 0 -1 0 -1 -1
0 1 0 28.2 59.0 0 -1 0 -1 -1
0 1 0 28.2 59.0 0 -1 0 -1 -1
0 1 0 28.2 59.0 0 -1 0 -1 -1
0 1 0 28.2 59.0 0 -1 0 -1 -1
0 1 0 28.2 59.0 0 -1 0 -1 -1
0 1 0 28.1 59.0 0 -1 0 -1 -1
0 1 0 28.2 59.0 0 -1 0 -1 -1
0 1 0 28.1 59.0 0 -1 0 -1 -1
0 1 0 28.2 59.0 0 -1 0 -1 -1
0 1 0 28.1 59.0 0 -1 0 -1 -1
0 1 0 28.1 59.0 0 -1 0 -1 -1
0 1 0 28.1 59.0 0 -1 0 -1 -1
0 1 0 28.1 59.0 0 -1 0 -1 -1
0 1 0 28.1 59.5 0 -1 0 -1 -1
0 1 0 28.2 59.5 0 -1 0 -1 -1
0 1 0 28.1 59.0 0 -1 0 -1 -1
0 1 0 28.1 59.0 0 -1 0 -1 -1
0 1 0 28.2 59.5 0 -1 0 -1 -1
0 1 0 28.1 59.0 0 -1 0 -1 -1
0 1 0 28.1 59.5 0 -1 0 -1 -1
0 1 0 28.1 59.5 0 -1 0 -1 -1
0 1 0 28.2 59.5 0 -1 0 -1 -1
0 1 0 28.1 59.5 0 -1 0 -1 -1
0 1 0 28.2 59.5 0 -1 0 -1 -1
0 1 0 28.2 59.5 0 -1 0 -1 -1
0 1 0 28.2 59.5 0 -1 0 -1 -1
0 1 0 28.2 59.5 0 -1 0 -1 -1
0 1 0 28.1 59.5 0 -1 0 -1 -1
0 1 0 28.1 59.5 0 -1 0 -1 -1
0 1 0 28.2 59.5 0 -1 0 -1 -1
0 1 0 28.2 59.5 0 -1 0 -1 -1
0 1 0 28.2 59.5 0 -1 0 -1 -1
0 1 0 28.2 59.5 0 -1 0 -1 -1
0 1 0 28.1 59.5 0 -1 0 -1 -1
0 1 0 28.2 59.5 0 -1 0 -1 -1
0 1 0 28.1 59.5 0 -1 0 -1 -1
0 1 0 28.2 59.5 0 -1 0 -1 -1
0 1 0 28.2 59.5 0 -1 0 -1 -1
0 1 0 28.2 59.5 0 -1 0 -1 -1
0 1 0 28.1 59.5 0 -1 0 -1 -1
0 1 0 28.2 59.5 0 -1 0 -1 -1
0 1 0 28.2 59.5 0 -1 0 -1 -1
0 1 0 28.2 59.5 0 -1 0 -1 -1
0 1 0 28.2 59.5 0 -1 0 -1 -1
0 1 0 28.2 59.5 0 -1 0 -1 -1
0 1 0 28.2 59.5 0 -1 0 -1 -1
0 1 0 28.2 59.5 0 -1 0 -1 -1
0 1 0 28.2 59.5 0 -1 0 -1 -1
0 1 0 28.2 59.5 0 -1 0 -1 -1
0 1 0 28.2 59.5 0 -1 0 -1 -1
0 1 0 28.2 59.5 0 -1 0 -1 -1
0 1 0 28.1 59.5 0 -1 0 -1 -1
0 1 0 28.2 59.5 0 -1 0 -1 -1
0 1 0 28.2 59.5 0 -1 0 -1 -1
0 1 0 28.2 59.5 0 -1 0 -1 -1
0 1 0 28.2 59.5 0 -1 0 -1 -1
0 1 0 28.2 59.5 0 -1 0 -1 -1
0 1 0 28.1 59.5 0 -1 0 -1 -1
0 1 0 28.2 59.5 0 -1 0 -1 -1
0 1 0 28.2 59.5 0 -1 0 -1 -1
0 1 0 28.2 59.5 0 -1 0 -1 -1
0 1 0 28.1 59.5 0 -1 0 -1 -1
0 1 0 28.2 59.5 0 -1 0 -1 -1
0 1 0 28.2 59.5 0 -1 0 -1 -1
0 1 0 28.2 59.5 0 -1 0 -1 -1
0 1 0 28.2 59.5 0 -1 0 -1 -1
0 1 0 28.2 59.5 0 -1 0 -1 -1
0 1 0 28.2 59.5 0 -1 0 -1 -1
0 1 0 28.2 59.5 0 -1 0 -1 -1
0 1 0 28.2 60.0 0 -1 0 -1 -1
0 1 0 28.3 59.5 0 -1 0 -1 -1
0 1 0 28.2 59.5 0 -1 0 -1 -1
0 1 0 28.2 59.5 0 -1 0 -1 -1
0 1 0 28.2 60.0 0 -1 0 -1 -1
0 1 0 28.2 59.5 0 -1 0 -1 -1
0 1 0 28.2 60.0 0 -1 0 -1 -1
0 1 0 28.2 59.5 2 -1 0 -1 -1
0 1 0 28.2 60.0 2 -1 0 -1 -1
0 1 0 28.2 60.0 2 -1 0 -1 -1
0 1 0 28.1 60.0 2 -1 0 -1 -1
0 1 0 28.2 60.0 2 -1 0 -1 -1
0 1 0 28.2 60.0 1 -1 0 -1 -1
0 1 0 28.2 59.5 1 -1 0 -1 -1
0 1 0 28.2 60.0 1 -1 0 -1 -1
0 1 0 28.2 60.0 1 -1 0 -1 -1
0 1 0 28.2 60.0 1 -1 0 -1 -1
0 1 0 28.2 60.0 1 -1 0 -1 -1
0 1 0 28.2 60.0 1 -1 0 -1 -1
0 1 0 28.2 60.0 1 -1 0 -1 -1
0 1 0 28.2 60.0 1 -1 0 -1 -1
0 1 0 28.2 60.0 1 -1 0 -1 -1
0 1 0 28.2 60.0 1 -1 0 -1 -1
0 1 0 28.2 60.0 1 -1 0 -1 -1
0 1 0 28.3 60.0 1 -1 0 -1 -1
0 1 0 28.3 60.0 1 -1 0 -1 -1
0 1 0 28.2 60.0 1 -1 0 -1 -1
0 1 0 28.2 60.0 1 -1 0 -1 -1
0 1 0 28.2 60.0 1 -1 0 -1 -1
0 1 0 28.3 60.0 1 -1 0 -1 -1
0 1 0 28.2 60.0 1 -1 0 -1 -1
0 1 0 28.1 60.0 1 -1 0 -1 -1
0 1 0 28.2 60.0 1 -1 0 -1 -1
0 1 0 28.3 60.0 1 -1 0 -1 -1
0 1 0 28.2 60.0 0 -1 0 -1 -1
0 1 0 28.3 60.0 0 -1 0 -1 -1
0 1 0 28.2 60.0 0 -1 0 -1 -1
0 1 0 28.3 60.0 0 -1 0 -1 -1
0 1 0 28.3 60.0 0 -1 0 -1 -1
0 1 0 28.3 60.0 0 -1 0 -1 -1
0 1 0 28.3 60.0 0 -1 0 -1 -1
0 1 0 28.2 60.0 2 -1 0 -1 -1
0 1 0 28.3 60.0 2 -1 0 -1 -1
0 1 0 28.2 60.0 2 -1 0 -1 -1
0 1 0 28.2 60.0 2 -1 0 -1 -1
0 1 0 28.2 60.0 3 -1 0 -1 -1
0 1 0 28.2 60.0 3 -1 0 -1 -1
0 1 0 28.3 60.0 2 -1 0 -1 -1
0 1 0 28.3 60.0 2 -1 0 -1 -1
0 1 0 28.2 60.0 2 -1 0 -1 -1
0 1 0 28.3 60.0 2 -1 0 -1 -1
0 1 0 28.3 60.0 2 -1 0 -1 -1
0 1 0 28.3 60.0 2 -1 0 -1 -1
0 1 0 28.3 60.0 0 -1 0 -1 -1
0 1 0 28.3 60.0 0 -1 0 -1 -1
0 1 0 28.3 60.0 0 -1 0 -1 -1
0 1 0 28.2 60.0 0 -1 0 -1 -1
0 1 0 28.3 60.5 0 -1 0 -1 -1
0 1 0 28.2 60.0 2 -1 0 -1 -1
0 1 0 28.3 60.5 2 -1 0 -1 -1
0 1 0 28.2 60.0 2 -1 0 -1 -1
0 1 0 28.3 60.0 2 -1 0 -1 -1
0 1 0 28.2 60.0 2 -1 0 -1 -1
0 1 0 28.2 60.0 2 -1 0 -1 -1
0 1 0 28.3 60.5 2 -1 0 -1 -1
0 1 0 28.2 60.5 2 -1 0 -1 -1
0 1 0 28.2 60.5 2 -1 0 -1 -1
0 1 0 28.2 60.5 2 -1 0 -1 -1
0 1 0 28.2 60.5 2 -1 0 -1 -1
0 1 0 28.3 60.5 2 -1 0 -1 -1
0 1 0 28.2 60.5 2 -1 0 -1 -1
0 1 0 28.3 60.5 2 -1 0 -1 -1
0 1 0 28.3 60.5 2 -1 0 -1 -1
0 1 0 28.3 60.5 2 -1 0 -1 -1
0 1 0 28.3 60.5 2 -1 0 -1 -1
0 1 0 28.2 60.5 2 -1 0 -1 -1
0 1 0 28.2 60.5 2 -1 0 -1 -1
0 1 0 28.3 60.5 2 -1 0 -1 -1
0 1 0 28.3 60.5 1 -1 0 -1 -1
0 1 0 28.3 60.5 2 -1 0 -1 -1
0 1 0 28.3 60.5 2 -1 0 -1 -1
0 1 0 28.3 60.5 4 -1 0 -1 -1
0 1 0 28.3 60.5 2 -1 0 -1 -1
0 1 0 28.3 60.5 4 -1 0 -1 -1
0 1 0 28.3 60.5 5 -1 0 -1 -1
0 1 0 28.3 60.5 7 -1 0 -1 -1
0 1 0 28.3 60.5 9 -1 0 -1 -1
0 1 0 28.3 60.5 7 -1 0 -1 -1
0 1 0 28.2 60.5 9 -1 0 -1 -1
0 1 0 28.3 60.5 11 -1 0 -1 -1
0 1 0 28.3 60.5 9 -1 0 -1 -1
0 1 0 28.3 60.5 11 -1 0 -1 -1
0 1 0 28.3 60.5 13 -1 0 -1 -1
0 1 0 28.3 60.5 12 -1 0 -1 -1
0 1 0 28.3 60.5 14 -1 0 -1 -1
0 1 0 28.3 60.5 14 -1 0 -1 -1
0 1 0 28.3 60.5 16 -1 0 -1 -1
0 1 0 28.3 60.5 14 -1 0 -1 -1
0 1 0 28.3 60.5 18 -1 0 -1 -1
0 1 0 28.3 60.5 25 -1 0 -1 -1
0 1 0 28.3 60.5 28 -1 0 -1 -1
0 1 0 28.3 60.5 23 -1 0 -1 -1
0 1 0 28.4 60.5 25 -1 0 -1 -1
0 1 0 28.3 60.5 23 -1 0 -1 -1
0 1 0 28.4 60.5 21 -1 0 -1 -1
0 1 0 28.3 60.5 21 -1 0 -1 -1
0 1 0 28.4 60.5 20 -1 0 -1 -1
0 1 0 28.4 60.5 14 -1 0 -1 -1
0 1 0 28.4 60.5 11 -1 0 -1 -1
0 1 0 28.4 60.5 9 -1 0 -1 -1
0 1 0 28.3 60.5 9 -1 0 -1 -1
0 1 0 28.4 60.5 9 -1 0 -1 -1
0 1 0 28.3 60.5 9 -1 0 -1 -1
0 1 0 28.4 60.5 11 -1 0 -1 -1
0 1 0 28.4 60.5 13 -1 0 -1 -1
0 1 0 28.4 60.5 12 -1 0 -1 -1
0 1 0 28.4 60.5 12 -1 0 -1 -1
0 1 0 28.4 60.5 16 -1 0 -1 -1
0 1 0 28.3 60.5 13 -1 0 -1 -1
0 1 0 28.4 60.5 13 -1 0 -1 -1
0 1 0 28.4 60.5 13 -1 0 -1 -1
0 1 0 28.4 60.5 13 -1 0 -1 -1
0 1 0 28.5 60.5 13 -1 0 -1 -1
0 1 0 28.4 60.5 13 -1 0 -1 -1
0 1 0 28.5 60.5 13 -1 0 -1 -1
0 1 0 28.4 60.5 12 -1 0 -1 -1
0 1 0 28.5 60.5 14 -1 0 -1 -1
0 1 0 28.4 60.5 16 -1 0 -1 -1
0 1 0 28.4 60.5 14 -1 0 -1 -1
0 1 0 28.4 60.5 16 -1 0 -1 -1
0 1 0 28.4 60.5 18 -1 0 -1 -1
0 1 0 28.5 60.5 14 -1 0 -1 -1
0 1 0 28.4 60.5 16 -1 0 -1 -1
0 1 0 28.5 60.5 9 -1 0 -1 -1
0 1 0 28.4 60.5 11 -1 0 -1 -1
0 1 0 28.5 60.5 11 -1 0 -1 -1
0 1 0 28.5 60.5 11 -1 0 -1 -1
0 1 0 28.4 60.5 11 -1 0 -1 -1
0 1 0 28.5 60.5 11 -1 0 -1 -1
0 1 0 28.5 60.5 11 -1 0 -1 -1
0 1 0 28.5 60.5 11 -1 0 -1 -1
0 1 0 28.5 60.5 11 -1 0 -1 -1
0 1 0 28.5 60.5 11 -1 0 -1 -1
0 1 0 28.5 60.5 7 -1 0 -1 -1
0 1 0 28.5 60.5 9 -1 0 -1 -1
0 1 0 28.5 60.5 9 -1 0 -1 -1
0 1 0 28.5 61.0 11 -1 0 -1 -1
0 1 0 28.5 61.0 9 -1 0 -1 -1
0 1 0 28.5 61.0 7 -1 0 -1 -1
0 1 0 28.5 61.0 7 -1 0 -1 -1
0 1 0 28.5 61.0 7 -1 0 -1 -1
0 1 0 28.5 61.0 7 -1 0 -1 -1
0 1 0 28.6 61.0 9 -1 0 -1 -1
0 1 0 28.6 61.0 11 -1 0 -1 -1
0 1 0 28.6 61.0 11 -1 0 -1 -1
0 1 0 28.5 61.0 11 -1 0 -1 -1
0 1 0 28.5 61.0 9 -1 0 -1 -1
0 1 0 28.5 61.0 11 -1 0 -1 -1
0 1 0 28.6 61.0 9 -1 0 -1 -1
0 1 0 28.5 61.0 12 -1 0 -1 -1
0 1 0 28.6 61.0 14 -1 0 -1 -1
0 1 0 28.5 61.0 16 -1 0 -1 -1
0 1 0 28.5 61.0 14 -1 0 -1 -1
0 1 0 28.6 61.5 16 -1 0 -1 -1
0 1 0 28.5 61.5 16 -1 0 -1 -1
0 1 0 28.6 61.5 18 -1 0 -1 -1
0 1 0 28.5 61.5 16 -1 0 -1 -1
0 1 0 28.6 61.5 18 -1 0 -1 -1
0 1 0 28.6 61.5 20 -1 0 -1 -1
0 1 0 28.7 61.5 21 -1 0 -1 -1
0 1 0 28.6 61.5 23 -1 0 -1 -1
0 1 0 28.7 61.5 21 -1 0 -1 -1
0 1 0 28.7 62.0 23 -1 0 -1 -1
0 1 0 28.6 62.0 25 -1 0 -1 -1
0 1 0 28.6 62.0 23 -1 0 -1 -1
0 1 0 28.6 62.0 27 -1 0 -1 -1
0 1 0 28.7 62.0 26 -1 0 -1 -1
0 1 0 28.7 62.0 30 -1 0 -1 -1
0 1 0 28.6 62.0 36 -1 0 -1 -1
0 1 0 28.7 62.5 35 -1 0 -1 -1
0 1 0 28.7 62.5 43 -1 0 -1 -1
0 1 0 28.7 62.5 44 -1 0 -1 -1
0 1 0 28.7 62.5 48 -1 0 -1 -1
0 1 0 28.7 63.0 50 -1 0 -1 -1
0 1 0 28.7 63.5 46 -1 0 -1 -1
0 1 0 28.8 63.5 41 -1 0 -1 -1
0 1 0 28.8 64.0 32 -1 0 -1 -1
0 1 0 28.8 64.0 32 -1 0 -1 -1
0 1 0 28.8 64.0 36 -1 0 -1 -1
0 1 0 28.7 64.5 34 -1 0 -1 -1
0 1 0 28.8 64.5 34 -1 0 -1 -1
0 1 0 28.8 64.5 32 -1 0 -1 -1
0 1 0 28.8 64.5 28 -1 0 -1 -1
0 1 0 28.8 64.5 25 -1 0 -1 -1
0 1 0 28.9 64.5 25 -1 0 -1 -1
0 1 0 28.9 65.0 25 -1 0 -1 -1
0 1 0 28.8 65.0 25 -1 0 -1 -1
0 1 0 28.9 65.0 25 -1 0 -1 -1
0 1 0 28.9 65.0 27 -1 0 -1 -1
0 1 0 28.9 65.0 25 -1 0 -1 -1
0 1 0 28.9 64.5 23 -1 0 -1 -1
0 1 0 28.9 65.0 23 -1 0 -1 -1
0 1 0 28.9 65.0 23 -1 0 -1 -1
0 1 0 28.9 65.0 23 -1 0 -1 -1
0 1 0 28.9 65.0 23 -1 0 -1 -1
0 1 0 28.9 65.0 23 -1 0 -1 -1
0 1 0 28.8 65.0 25 -1 0 -1 -1
0 1 0 28.9 65.0 25 -1 0 -1 -1
0 1 0 28.9 65.0 23 -1 0 -1 -1
0 1 0 28.9 65.0 25 -1 0 -1 -1
0 1 0 28.9 65.0 27 -1 0 -1 -1
0 1 0 28.9 65.0 27 -1 0 -1 -1
0 1 0 28.9 65.0 25 -1 0 -1 -1
0 1 0 28.9 65.0 23 -1 0 -1 -1
0 1 0 28.9 65.0 23 -1 0 -1 -1
0 1 0 28.9 64.5 21 -1 0 -1 -1
0 1 0 28.9 64.5 25 -1 0 -1 -1
0 1 0 29.0 64.5 21 -1 0 -1 -1
0 1 0 28.9 64.5 21 -1 0 -1 -1
0 1 0 28.9 64.5 21 -1 0 -1 -1
0 1 0 28.9 64.5 21 -1 0 -1 -1
0 1 0 28.9 64.5 21 -1 0 -1 -1
0 1 0 28.8 64.5 25 -1 0 -1 -1
0 1 0 28.9 64.5 25 -1 0 -1 -1
0 1 0 28.9 64.5 26 -1 0 -1 -1
0 1 0 28.9 64.5 28 -1 0 -1 -1
0 1 0 28.9 64.5 30 -1 0 -1 -1
0 1 0 28.8 64.5 30 -1 0 -1 -1
0 1 0 28.9 64.5 32 -1 0 -1 -1
0 1 0 28.8 64.5 32 -1 0 -1 -1
0 1 0 28.8 64.5 34 -1 0 -1 -1
0 1 0 28.8 64.5 32 -1 0 -1 -1
0 1 0 28.8 64.5 33 -1 0 -1 -1
0 1 0 28.8 64.5 34 -1 0 -1 -1
0 1 0 28.8 64.5 30 -1 0 -1 -1
0 1 0 28.8 64.5 37 -1 0 -1 -1
0 1 0 28.8 64.5 37 -1 0 -1 -1
0 1 0 28.7 64.5 37 -1 0 -1 -1
0 1 0 28.8 64.0 39 -1 0 -1 -1
0 1 0 28.7 64.0 42 -1 0 -1 -1
0 1 0 28.8 64.0 53 -1 0 -1 -1
0 1 0 28.8 63.5 55 -1 0 -1 -1
0 1 0 28.8 63.5 41 -1 0 -1 -1
0 1 0 28.8 64.0 34 -1 0 -1 -1
0 1 0 28.8 64.0 30 -1 0 -1 -1
0 1 0 28.8 64.0 25 -1 0 -1 -1
0 1 0 28.8 64.0 23 -1 0 -1 -1
0 1 0 28.8 64.0 19 -1 0 -1 -1
0 1 0 28.7 64.0 16 -1 0 -1 -1
0 1 0 28.7 64.0 16 -1 0 -1 -1
0 1 0 28.7 64.0 16 -1 0 -1 -1
0 1 0 28.7 64.0 13 -1 0 -1 -1
0 1 0 28.7 64.0 9 -1 0 -1 -1
0 1 0 28.7 64.0 11 -1 0 -1 -1
0 1 0 28.7 64.0 9 -1 0 -1 -1
0 1 0 28.7 64.0 7 -1 0 -1 -1
0 1 0 28.8 64.0 9 -1 0 -1 -1
0 1 0 28.7 64.5 9 -1 0 -1 -1
1 1 0 28.7 64.5 9 c26 0 -1 -1
1 1 9 28.6 64.5 5 c26 0 -1 -1
1 1 12 28.7 62.0 118 c26 0 100 100
1 1 10 28.5 60.5 137 c26 0 100 100
1 1 6 28.3 59.0 139 c26 0 100 100
1 1 2 28.1 58.5 144 c26 0 100 100
1 1 0 27.9 58.0 158 c26 0 100 100
1 1 3 27.8 57.5 167 c26 0 100 100
1 1 0 27.6 56.0 176 c26 0 100 100
1 1 0 27.3 55.0 181 c26 0 100 100
1 1 0 27.3 54.5 193 c26 0 100 100
1 1 0 27.2 54.0 202 c26 0 100 100
1 1 2 27.0 53.5 214 c26 0 100 100
1 1 0 27.0 52.5 221 c26 0 100 100
1 1 0 26.8 52.5 227 c26 0 100 100
1 1 0 26.7 51.5 232 c26 0 100 100
1 1 0 26.6 51.5 241 c26 0 100 100
1 1 0 26.5 51.0 6 c26 0 100 100
1 1 0 26.5 51.0 14 c26 0 100 100
1 1 0 26.4 50.5 24 c26 0 100 100
1 1 1 26.4 50.5 29 c26 0 100 100
1 1 0 26.2 50.0 41 c26 0 100 100
1 1 0 26.2 50.0 46 c26 0 100 100
1 1 3 26.2 49.5 42 c26 0 100 100
1 1 1 26.1 49.5 31 c26 0 100 100
1 1 0 26.0 49.5 30 c26 0 100 100
1 1 2 25.9 49.5 36 c26 0 100 100
1 1 0 25.9 49.5 41 c26 0 100 100
1 1 0 25.8 49.5 54 c26 0 100 100
1 1 1 25.9 49.5 60 c26 0 100 100
1 1 0 25.8 49.5 73 c26 0 100 100
1 1 3 25.7 49.0 83 c26 0 100 100
1 1 8 25.6 49.0 99 c26 0 100 100
1 1 0 25.6 49.5 111 c26 0 100 100
1 1 9 25.6 50.0 123 c26 0 100 100
1 1 0 25.6 50.0 137 c26 0 100 100
1 1 0 25.5 50.0 160 c26 0 100 100
1 1 0 25.5 50.0 175 c26 0 100 100
1 1 2 25.5 50.0 194 c26 0 100 100
1 1 0 25.5 50.0 214 c26 0 100 100
1 1 0 25.5 50.0 222 c26 0 100 100
1 1 0 25.3 50.0 242 c26 0 100 100
1 1 0 25.4 50.0 8 c26 0 100 100
1 1 0 25.3 50.0 44 c26 0 100 100
1 1 0 25.3 50.0 90 c26 0 100 100
1 1 0 25.3 50.5 125 c26 0 100 100
1 1 0 25.3 51.0 155 c26 0 100 100
1 1 0 25.3 51.0 204 c26 0 100 100
1 1 0 25.3 51.0 227 c26 0 100 100
1 1 0 25.3 51.0 239 c26 0 100 100
1 1 0 25.3 51.0 222 c26 0 100 100
1 1 0 25.2 51.0 202 c26 0 100 100
1 1 0 25.3 51.0 196 c26 0 100 100
1 1 3 25.3 51.0 189 c26 0 100 100
1 1 0 25.3 51.0 184 c26 0 100 100
1 1 6 25.2 51.0 158 c26 0 100 100
1 1 0 25.2 50.5 128 c26 0 100 100
1 1 0 25.2 51.0 97 c26 0 100 100
1 1 1 25.1 51.0 69 c26 0 100 100
1 1 0 25.2 51.5 44 c26 0 100 100
1 1 1 25.1 52.0 27 c26 0 100 100
1 1 0 25.2 52.0 18 c26 0 100 100
1 1 1 25.1 52.0 17 c26 0 100 100
1 1 0 25.1 52.0 13 c26 0 100 100
1 1 7 25.1 51.5 15 c26 0 100 100
1 1 4 25.0 51.5 19 c26 0 100 100
1 1 1 25.0 51.0 26 c26 0 100 100
1 1 0 25.0 51.0 33 c26 0 100 100
1 1 0 25.0 51.0 35 c26 0 100 100
1 1 0 24.8 50.5 40 c26 0 100 100
1 1 0 24.8 50.5 51 c26 0 100 100
1 1 2 24.8 50.5 47 c26 0 100 100
1 1 0 24.8 50.0 48 c26 0 100 100
1 1 0 24.7 50.0 55 c26 0 100 100
1 1 2 24.8 49.5 70 c26 0 100 100
1 1 0 24.7 49.5 91 c26 0 100 100
1 1 0 24.7 49.0 103 c26 0 100 100
1 1 2 24.6 49.0 110 c26 0 100 100
1 1 0 24.6 49.0 108 c26 0 100 100
1 1 3 24.5 49.0 104 c26 0 100 100
1 1 0 24.6 49.5 106 c26 0 100 100
1 1 0 24.5 49.5 109 c26 0 100 100
1 1 3 24.6 49.5 104 c26 0 100 100
1 1 2 24.5 49.5 90 c26 0 100 100
1 1 2 24.5 49.5 78 c26 0 100 100
1 1 1 24.5 50.0 66 c26 0 100 100
1 1 0 24.5 50.0 49 c26 0 100 100
1 1 2 24.5 50.0 42 c26 0 100 100
1 1 1 24.5 50.0 42 c26 0 100 100
1 1 0 24.5 50.0 44 c26 0 100 100
1 1 0 24.4 49.5 46 c26 0 100 100
1 1 0 24.4 49.5 45 c26 0 100 100
1 1 1 24.4 50.0 53 c26 0 100 100
1 1 0 24.4 50.0 65 c26 0 100 100
1 1 0 24.4 50.0 81 c26 0 100 100
1 1 2 24.4 50.0 88 c26 0 100 100
1 1 3 24.3 50.0 99 c26 0 100 100
1 1 0 24.4 50.0 108 c26 0 100 100
1 1 0 24.3 50.5 115 c26 0 100 100
1 1 4 24.3 50.5 120 c26 0 100 100
1 1 1 24.4 50.5 120 c26 0 100 100
1 1 0 24.3 50.5 120 c26 0 100 100
1 1 0 24.4 50.5 129 c26 0 100 100
1 1 0 24.3 50.5 136 c26 0 100 100
1 1 5 24.3 50.5 143 c26 0 100 100
1 1 0 24.2 50.5 149 c26 0 100 100
1 1 0 24.3 50.5 158 c26 0 100 100
1 1 0 24.3 50.5 162 c26 0 100 100
1 1 0 24.3 50.5 162 c26 0 100 100
1 1 3 24.3 50.5 169 c26 0 100 100
1 1 0 24.2 50.5 166 c26 0 100 100
1 1 0 24.2 51.0 164 c26 0 100 100
1 1 1 24.3 51.0 168 c26 0 100 100
1 1 2 24.3 51.5 175 c26 0 100 100
1 1 0 24.3 51.5 187 c26 0 100 100
1 1 0 24.3 51.0 199 c26 0 100 100
1 1 0 24.2 51.0 202 c26 0 100 100
1 1 0 24.2 51.0 209 c26 0 100 100
1 1 0 24.3 51.0 208 c26 0 100 100
1 1 0 24.2 51.0 215 c26 0 100 100
1 1 2 24.2 51.0 222 c26 0 100 100
1 1 0 24.2 51.0 233 c26 0 100 100
1 1 0 24.2 51.0 242 c26 0 100 100
1 1 0 24.1 51.0 226 c26 0 100 100
1 1 5 24.2 51.0 223 c26 0 100 100
1 1 1 24.2 51.0 222 c26 0 100 100
1 1 0 24.2 51.0 222 c26 0 100 100
1 1 0 24.2 51.0 206 c26 0 100 100
1 1 0 24.2 51.0 187 c26 0 100 100
1 1 0 24.2 51.0 176 c26 0 100 100
1 1 4 24.2 51.0 169 c26 0 100 100
1 1 5 24.1 51.0 167 c26 0 100 100
1 1 0 24.1 50.5 155 c26 0 100 100
1 1 0 24.2 51.0 142 c26 0 100 100
1 1 0 24.1 51.0 139 c26 0 100 100
1 1 1 24.2 51.0 130 c26 0 100 100
1 1 0 24.1 51.0 117 c26 0 100 100
1 1 4 24.0 51.0 105 c26 0 100 100
1 1 3 24.2 51.0 96 c26 0 100 100
1 1 0 24.1 51.0 99 c26 0 100 100
1 1 2 24.0 51.0 104 c26 0 100 100
1 1 8 24.0 51.0 108 c26 0 100 100
1 1 6 24.1 51.0 104 c26 0 100 100
1 1 2 24.1 51.0 92 c26 0 100 100
1 1 0 24.1 51.0 84 c26 0 100 100
1 1 0 24.0 51.0 77 c26 0 100 100
1 1 0 24.0 51.0 76 c26 0 100 100
1 1 1 24.0 51.0 70 c26 0 100 100
1 1 0 24.0 51.0 60 c26 0 100 100
1 1 2 24.0 51.0 35 c26 0 100 100
1 1 11 24.0 51.0 13 c26 0 100 100
1 1 9 24.0 51.0 254 c26 0 100 100
1 1 0 23.9 51.0 245 c26 0 100 100
1 1 0 24.0 51.0 3 c26 0 100 100
1 1 0 24.0 51.0 21 c26 0 100 100
1 1 0 23.9 51.0 39 c26 0 100 100
1 1 0 23.9 51.0 44 c26 0 100 100
1 1 5 23.9 51.5 51 c26 0 100 100
1 1 2 24.0 51.5 57 c26 0 100 100
1 1 0 23.9 51.5 64 c26 0 100 100
1 1 14 23.9 51.5 73 c26 0 100 100
1 1 13 24.0 52.0 70 c26 0 100 100
1 1 0 24.0 52.0 63 c26 0 100 100
1 1 0 24.0 52.0 64 c26 0 100 100
1 1 0 24.0 52.0 46 c26 0 100 100
1 1 0 23.9 52.5 39 c26 0 100 100
1 1 16 24.0 52.5 31 c26 0 100 100
1 1 8 24.0 52.5 23 c26 0 100 100
1 1 9 24.0 52.5 22 c26 0 100 100
1 1 5 24.0 52.5 20 c26 0 100 100
1 1 11 24.0 52.5 21 c26 0 100 100
1 1 1 24.0 52.5 29 c26 0 100 100
1 1 0 23.9 52.5 30 c26 0 100 100
1 1 5 24.0 52.5 41 c26 0 100 100
1 1 0 24.0 52.5 35 c26 0 100 100
1 1 0 24.0 52.5 39 c26 0 100 100
1 1 1 24.0 52.5 46 c26 0 100 100
1 1 0 24.0 52.5 58 c26 0 100 100
1 1 1 24.0 52.5 55 c26 0 100 100
1 1 2 24.0 52.5 49 c26 0 100 100
1 1 1 23.9 52.5 40 c26 0 100 100
1 1 1 23.9 52.5 33 c26 0 100 100
1 1 0 24.0 52.5 42 c26 0 100 100
1 1 1 23.9 52.5 58 c26 0 100 100
1 1 3 23.9 52.5 71 c26 0 100 100
1 1 3 23.9 52.5 80 c26 0 100 100
1 1 7 24.0 53.5 85 c26 0 100 100
1 1 1 24.1 54.5 103 c26 0 100 100
1 1 12 24.1 55.0 111 c26 0 100 100
1 1 0 24.1 55.5 94 c26 0 100 100
1 1 1 24.1 55.5 83 c26 0 100 100
1 1 2 24.2 55.0 72 c26 0 100 100
1 1 2 24.2 54.5 73 c26 0 100 100
1 1 0 24.1 54.0 65 c26 0 100 100
1 1 0 24.1 54.0 65 c26 0 100 100
1 1 4 24.1 54.0 73 c26 0 100 100
1 1 0 24.0 53.5 78 c26 0 100 100
1 1 0 24.1 53.5 76 c26 0 100 100
1 1 0 24.0 53.5 60 c26 0 100 100
1 1 0 24.1 53.5 45 c26 0 100 100
1 1 5 24.0 53.0 25 c26 0 100 100
1 1 1 24.0 53.5 23 c26 0 100 100
1 1 4 24.0 53.5 24 c26 0 100 100
1 1 5 24.1 53.5 28 c26 0 100 100
1 1 1 24.0 54.0 20 c26 0 100 100
1 1 0 24.1 54.5 6 c26 0 100 100
1 1 6 24.1 54.5 6 c26 0 100 100
1 1 4 24.1 55.0 0 c26 0 100 100
1 1 5 24.1 55.0 245 c26 0 100 100
1 1 0 24.1 55.0 240 c26 0 100 100
1 1 0 24.1 55.0 237 c26 0 100 100
1 1 0 24.1 54.5 235 c26 0 100 100
1 1 4 24.1 54.5 229 c26 0 100 100
1 1 0 24.0 54.5 224 c26 0 100 100
1 1 5 24.1 54.0 224 c26 0 100 100
1 1 1 24.0 54.0 226 c26 0 100 100
1 1 2 24.1 54.0 237 c26 0 100 100
1 1 0 24.0 54.0 240 c26 0 100 100
1 1 3 24.0 53.5 238 c26 0 100 100
1 1 0 24.0 53.5 235 c26 0 100 100
1 1 2 24.0 53.5 235 c26 0 100 100
1 1 5 24.1 53.0 242 c26 0 100 100
1 1 1 23.9 53.0 252 c26 0 100 100
1 1 5 23.9 53.0 255 c26 0 100 100
1 1 4 24.0 53.0 9 c26 0 100 100
1 1 0 24.0 53.0 24 c26 0 100 100
1 1 11 24.0 53.0 29 c26 0 100 100
1 1 0 24.0 53.5 28 c26 0 100 100
1 1 0 24.0 53.5 20 c26 0 100 100
1 1 15 24.0 53.5 17 c26 0 100 100
1 1 2 24.0 53.0 11 c26 0 100 100
1 1 19 24.0 53.0 6 c26 0 100 100
1 1 0 24.0 53.0 14 c26 0 100 100
1 1 1 24.0 53.0 21 c26 0 100 100
1 1 1 24.0 53.0 29 c26 0 100 100
1 1 4 24.0 53.0 18 c26 0 100 100
1 1 0 23.9 53.0 10 c26 0 100 100
1 1 0 24.0 53.0 253 c26 0 100 100
1 1 0 23.8 53.0 250 c26 0 100 100
1 1 0 23.9 53.0 238 c26 0 100 100
1 1 0 23.9 53.0 233 c26 0 100 100
1 1 0 23.8 53.0 226 c26 0 100 100
1 1 0 23.8 53.0 224 c26 0 100 100
1 1 0 23.8 53.5 226 c26 0 100 100
1 1 0 23.8 53.5 218 c26 0 100 100
1 1 0 23.9 53.5 202 c26 0 100 100
1 1 0 23.9 53.5 192 c26 0 100 100
1 1 0 23.9 53.5 183 c26 0 100 100
1 1 0 23.9 53.5 184 c26 0 100 100
1 1 0 23.9 53.5 182 c26 0 100 100
1 1 0 23.9 53.5 184 c26 0 100 100
1 1 0 23.8 53.5 196 c26 0 100 100
1 1 0 23.9 54.0 217 c26 0 100 100
1 1 0 23.9 54.0 5 c26 0 100 100
0 1 23 23.9 54.0 239 c26 0 17 13
0 1 7 23.8 54.0 28 c26 0 17 13
0 1 2 23.8 53.5 23 c26 0 17 13
0 1 2 23.7 53.5 25 c26 0 17 13
0 1 0 23.6 53.5 25 c26 0 17 13
0 1 6 23.6 53.5 23 c26 0 17 13
0 1 7 23.5 53.0 23 c26 0 17 13
0 1 0 23.5 53.0 25 c26 0 17 13
0 1 1 23.5 52.5 21 c26 0 17 13
0 1 0 23.4 52.5 23 c26 0 17 13
0 1 0 23.3 52.0 25 c26 0 17 13
0 1 15 23.3 52.0 27 c26 0 17 13
0 1 0 23.2 51.5 25 c26 0 17 13
0 1 0 23.2 51.0 27 c26 0 17 13
0 1 0 23.1 50.5 23 c26 0 17 13
0 1 0 23.0 50.0 29 c26 0 17 13
0 1 0 23.0 49.5 28 c26 0 17 13
0 1 0 22.9 49.0 32 c26 0 17 13
0 1 0 22.8 48.0 31 c26 0 17 13
0 1 0 22.7 48.0 37 c26 0 17 13
0 1 0 22.7 48.5 37 c26 0 17 13
0 1 0 22.6 48.0 33 c26 0 17 13
0 1 0 22.6 48.0 32 c26 0 17 13
0 1 0 22.6 48.0 32 c26 0 17 13
0 1 0 22.5 48.5 28 c26 0 17 13
0 1 0 22.5 48.5 32 c26 0 17 13
0 1 0 22.5 48.5 30 c26 0 17 13
0 1 0 22.5 49.0 32 c26 0 17 13
0 1 0 22.5 49.5 33 c26 0 17 13
0 1 0 22.5 50.5 33 c26 0 17 13
0 1 0 22.6 51.0 28 c26 0 17 13
0 1 0 22.5 51.5 26 c26 0 17 13
0 1 0 22.5 51.5 28 c26 0 17 13
0 1 0 22.5 52.0 30 c26 0 17 13
0 1 0 22.5 52.0 26 c26 0 17 13
0 1 0 22.5 52.0 31 c26 0 17 13
0 1 0 22.5 52.0 30 c26 0 17 13
0 1 0 22.5 51.5 26 c26 0 17 13
0 1 0 22.5 51.5 23 c26 0 17 13
0 1 1 22.4 51.0 25 c26 0 17 13
0 1 0 22.4 51.0 26 c26 0 17 13
0 1 0 22.3 50.0 21 c26 0 17 13
1 1 12 22.3 49.5 16 c26 0 100 13
1 1 9 22.4 50.0 88 c26 0 100 100
1 1 10 22.4 50.5 206 c26 0 100 100
1 1 0 22.5 51.0 214 c26 0 100 100
1 1 0 22.6 52.0 210 c26 0 100 100
1 1 0 22.7 52.5 196 c26 0 100 100
1 1 0 22.7 52.5 180 c26 0 100 100
1 1 3 22.8 52.5 175 c26 0 100 100
1 1 14 22.8 52.5 178 c26 0 100 100
1 1 1 22.8 52.5 184 c26 0 100 100
1 1 0 22.8 52.5 181 c26 0 100 100
1 1 0 22.9 52.5 176 c26 0 100 100
1 1 0 23.0 52.5 169 c26 0 100 100
1 1 2 22.9 53.0 164 c26 0 100 100
1 1 0 23.0 53.0 173 c26 0 100 100
1 1 2 22.9 53.5 183 c26 0 100 100
1 1 0 23.0 53.5 197 c26 0 100 100
1 1 0 23.1 54.0 71 c26 0 100 100
1 1 0 23.1 53.5 176 c26 0 100 100
1 1 2 23.1 53.5 164 c26 0 100 100
1 1 0 23.2 53.5 164 c26 0 100 100
1 1 2 23.2 53.5 157 c26 0 100 100
1 1 0 23.2 53.5 164 c26 0 100 100
1 1 0 23.2 53.5 166 c26 0 100 100
1 1 0 23.2 53.5 110 c26 0 100 100
1 1 0 23.2 53.5 187 c26 0 100 100
1 1 2 23.2 53.5 201 c26 0 100 100
1 1 0 23.2 53.5 201 c26 0 100 100
1 1 0 23.2 53.5 5 c26 0 100 100
1 1 0 23.3 53.0 49 c26 0 100 100
1 1 0 23.3 53.0 193 c26 0 100 100
1 1 0 23.2 53.0 235 c26 0 100 100
1 1 0 23.2 52.5 204 c26 0 100 100
1 1 0 23.3 52.5 185 c26 0 100 100
1 1 0 23.2 52.5 173 c26 0 100 100
1 1 0 23.2 52.5 167 c26 0 100 100
1 1 0 23.2 53.0 160 c26 0 100 100
1 1 0 23.3 53.0 153 c26 0 100 100
1 1 5 23.2 53.5 153 c26 0 100 100
1 1 0 23.3 53.5 167 c26 0 100 100
1 1 0 23.3 54.0 155 c26 0 100 100
1 1 0 23.3 53.5 148 c26 0 100 100
1 1 7 23.3 53.5 161 c26 0 100 100
1 1 2 23.3 53.5 187 c26 0 100 100
1 1 10 23.3 53.5 223 c26 0 100 100
1 1 0 23.3 54.0 249 c26 0 100 100
1 1 1 23.4 54.0 246 c26 0 100 100
1 1 2 23.5 54.0 227 c26 0 100 100
1 1 2 23.4 54.0 214 c26 0 100 100
1 1 0 23.4 54.0 206 c26 0 100 100
1 1 0 23.5 54.0 204 c26 0 100 100
1 1 9 23.5 54.0 208 c26 0 100 100
1 1 0 23.4 54.0 201 c26 0 100 100
1 1 0 23.5 54.0 196 c26 0 100 100
1 1 0 23.4 53.5 192 c26 0 100 100
1 1 0 23.4 53.5 180 c26 0 100 100
1 1 0 23.3 53.5 171 c26 0 100 100
1 1 4 23.4 53.0 175 c26 0 100 100
1 1 2 23.4 53.0 190 c26 0 100 100
1 1 3 23.4 53.0 243 c26 0 100 100
1 1 0 23.4 53.0 210 c26 0 100 100
1 1 0 23.3 53.0 1 c26 0 100 100
1 1 5 23.3 53.0 55 c26 0 100 100
1 1 1 23.3 52.5 10 c26 0 100 100
1 1 2 23.3 52.5 204 c26 0 100 100
1 1 5 23.3 52.5 97 c26 0 100 100
1 1 1 23.3 52.5 239 c26 0 100 100
1 1 0 23.3 53.0 213 c26 0 100 100
1 1 5 23.3 53.0 187 c26 0 100 100
1 1 2 23.4 53.0 165 c26 0 100 100
1 1 2 23.4 53.0 167 c26 0 100 100
1 1 16 23.4 53.0 133 c26 0 100 100
1 1 0 23.5 53.5 254 c26 0 100 100
1 1 0 23.4 53.5 29 c26 0 100 100
1 1 0 23.5 54.0 241 c26 0 100 100
1 1 2 23.5 54.0 16 c26 0 100 100
1 1 2 23.5 54.0 245 c26 0 100 100
1 1 7 23.5 54.0 194 c26 0 100 100
1 1 2 23.5 54.0 178 c26 0 100 100
1 1 4 23.4 54.0 161 c26 0 100 100
1 1 0 23.5 54.0 159 c26 0 100 100
1 1 4 23.5 54.0 154 c26 0 100 100
1 1 0 23.5 54.5 149 c26 0 100 100
1 1 7 23.5 54.5 145 c26 0 100 100
1 1 3 23.5 54.5 145 c26 0 100 100
1 1 13 23.5 54.5 143 c26 0 100 100
1 1 9 23.5 54.0 139 c26 0 100 100
1 1 0 23.4 54.0 138 c26 0 100 100
1 1 0 23.4 53.5 176 c26 0 100 100
1 1 16 23.4 53.0 166 c26 0 100 100
1 1 2 23.4 53.0 74 c26 0 100 100
1 1 0 23.4 53.0 210 c26 0 100 100
1 1 0 23.4 53.0 221 c26 0 100 100
1 1 4 23.4 53.0 137 c26 0 100 100
1 1 3 23.4 53.0 130 c26 0 100 100
1 1 4 23.4 53.0 123 c26 0 100 100
1 1 7 23.3 53.0 116 c26 0 100 100
1 1 0 23.5 53.0 116 c26 0 100 100
1 1 0 23.4 53.0 115 c26 0 100 100
1 1 0 23.4 53.0 100 c26 0 100 100
1 1 0 23.4 53.0 129 c26 0 100 100
1 1 7 23.4 53.0 27 c26 0 100 100
1 1 5 23.4 53.5 147 c26 0 100 100
1 1 0 23.5 53.5 145 c26 0 100 100
1 1 3 23.3 53.5 206 c26 0 100 100
1 1 0 23.4 53.5 136 c26 0 100 100
1 1 0 23.5 53.5 127 c26 0 100 100
1 1 0 23.5 53.5 133 c26 0 100 100
1 1 0 23.5 54.0 236 c26 0 100 100
1 1 1 23.5 54.0 226 c26 0 100 100
1 1 2 23.5 54.0 120 c26 0 100 100
1 1 0 23.6 54.0 126 c26 0 100 100
1 1 0 23.6 54.0 126 c26 0 100 100
1 1 0 23.6 54.0 60 c26 0 100 100
1 1 0 23.6 54.0 97 c26 0 100 100
1 1 0 23.6 54.0 32 c26 0 100 100
1 1 0 23.6 54.0 252 c26 0 100 100
1 1 0 23.6 54.0 184 c26 0 100 100
1 1 4 23.5 54.0 217 c26 0 100 100
1 1 0 23.5 54.0 102 c26 0 100 100
1 1 3 23.5 54.0 248 c26 0 100 100
1 1 2 23.7 53.5 147 c26 0 100 100
1 1 0 23.6 53.5 100 c26 0 100 100
1 1 8 23.6 54.0 73 c26 0 100 100
1 1 5 23.6 54.0 58 c26 0 100 100
1 1 19 23.6 54.0 41 c26 0 100 100
1 1 0 23.6 54.5 25 c26 0 100 100
1 1 0 23.6 54.0 17 c26 0 100 100
1 1 5 23.6 54.5 15 c26 0 100 100
1 1 8 23.6 54.5 11 c26 0 100 100
1 1 0 23.6 54.5 15 c26 0 100 100
1 1 0 23.6 54.5 25 c26 0 100 100
1 1 0 23.6 54.0 33 c26 0 100 100
1 1 6 23.6 54.0 38 c26 0 100 100
1 1 0 23.5 54.0 52 c26 0 100 100
1 1 0 23.6 54.0 66 c26 0 100 100
1 1 4 23.5 54.0 78 c26 0 100 100
1 1 0 23.5 54.0 73 c26 0 100 100
1 1 0 23.5 54.0 66 c26 0 100 100
1 1 0 23.5 53.5 62 c26 0 100 100
1 1 0 23.6 54.0 59 c26 0 100 100
1 1 3 23.5 54.0 43 c26 0 100 100
1 1 0 23.5 53.5 23 c26 0 100 100
1 1 0 23.5 53.5 11 c26 0 100 100
1 1 0 23.4 53.0 16 c26 0 100 100
1 1 0 23.5 53.0 28 c26 0 100 100
1 1 4 23.4 53.0 46 c26 0 100 100
1 1 4 23.4 53.0 60 c26 0 100 100
1 1 0 23.4 53.0 55 c26 0 100 100
1 1 0 23.4 53.0 51 c26 0 100 100
1 1 0 23.4 53.0 44 c26 0 100 100
1 1 20 23.4 52.5 54 c26 0 100 100
1 1 6 23.3 52.5 89 c26 0 100 100
1 1 15 23.4 53.0 78 c26 0 100 100
1 1 1 23.4 53.5 68 c26 0 100 100
1 1 3 23.4 53.5 69 c26 0 100 100
1 1 3 23.4 53.5 65 c26 0 100 100
1 1 0 23.4 53.0 71 c26 0 100 100
1 1 1 23.4 53.0 71 c26 0 100 100
1 1 0 23.3 53.0 67 c26 0 100 100
1 1 0 23.3 53.5 46 c26 0 100 100
1 1 0 23.3 53.5 23 c26 0 100 100
1 1 0 23.3 53.5 11 c26 0 100 100
1 1 0 23.3 53.0 1 c26 0 100 100
1 1 0 23.3 53.0 254 c26 0 100 100
1 1 0 23.3 53.0 245 c26 0 100 100
1 1 0 23.3 53.0 240 c26 0 100 100
1 1 4 23.3 53.0 235 -1 0 100 100
1 1 16 23.2 53.0 235 -1 0 100 100
0 1 8 23.3 53.0 112 -1 0 17 15
0 1 8 23.3 53.5 11 -1 0 17 15
0 1 0 23.4 53.5 11 -1 0 17 15
0 1 0 23.5 54.0 9 -1 0 17 15
0 1 0 23.6 54.0 9 -1 0 17 15
0 1 0 23.7 54.0 9 -1 0 17 15
0 1 0 23.8 54.5 11 -1 0 17 15
0 1 0 23.8 54.5 9 -1 0 17 15
0 1 0 24.0 55.0 11 -1 0 17 15
0 1 0 24.0 55.5 9 -1 0 17 15
0 1 0 24.1 55.5 9 -1 0 17 15
0 1 0 24.2 56.0 7 -1 0 17 15
0 1 0 24.2 56.5 9 -1 0 17 15
0 1 0 24.3 57.0 9 -1 0 17 15
0 1 0 24.4 57.0 9 -1 0 17 15
0 1 0 24.4 57.5 7 -1 0 17 15
0 1 0 24.4 58.0 7 -1 0 17 15
0 1 0 24.5 58.0 7 -1 0 17 15
0 1 0 24.5 58.0 5 -1 0 17 15
0 1 0 24.6 58.5 7 -1 0 17 15
0 1 0 24.6 58.5 7 -1 0 17 15
0 1 0 24.7 58.5 7 -1 0 17 15
0 1 0 24.6 58.5 7 -1 0 17 15
0 1 0 24.7 59.0 7 -1 0 17 15
0 1 0 24.8 59.0 7 -1 0 17 15
0 1 0 24.8 59.0 9 -1 0 17 15
0 1 0 24.8 59.5 9 -1 0 17 15
0 1 0 24.9 59.5 9 -1 0 17 15
0 1 0 24.9 59.5 9 -1 0 17 15
0 1 0 25.0 60.0 13 -1 0 17 15
0 1 0 25.0 60.0 12 -1 0 17 15
0 1 0 25.1 60.0 13 -1 0 17 15
0 1 0 25.1 60.5 9 -1 0 17 15
0 1 0 25.2 60.5 7 -1 0 17 15
0 1 0 25.2 60.5 9 -1 0 17 15
0 1 0 25.2 61.0 9 -1 0 17 15
0 1 0 25.3 61.0 7 -1 0 17 15
0 1 0 25.3 61.5 12 -1 0 17 15
0 1 0 25.4 61.5 11 -1 0 17 15
0 1 0 25.4 61.5 11 -1 0 17 15
0 1 0 25.4 61.5 4 -1 0 17 15
0 1 0 25.4 61.5 6 -1 0 17 15
0 1 0 25.5 62.0 6 -1 0 17 15
0 1 0 25.5 62.0 6 -1 0 17 15
0 1 0 25.5 62.0 4 -1 0 17 15
0 1 0 25.5 62.0 6 -1 0 17 15
0 1 0 25.6 62.5 6 -1 0 17 15
0 1 0 25.6 62.0 2 -1 0 17 15
0 1 0 25.6 62.5 4 -1 0 17 15
0 1 0 25.6 62.5 4 -1 0 17 15
0 1 0 25.7 62.5 4 -1 0 17 15
0 1 0 25.7 62.5 2 -1 0 17 15
0 1 0 25.7 62.5 6 -1 0 17 15
0 1 0 25.7 62.5 6 -1 0 17 15
0 1 0 25.8 62.5 6 -1 0 17 15
0 1 0 25.8 62.5 6 -1 0 17 15
0 1 0 25.9 62.5 6 -1 0 17 15
0 1 0 25.8 62.5 6 -1 0 17 15
0 1 0 25.8 62.5 4 -1 0 17 15
0 1 0 25.9 62.5 4 -1 0 17 15
0 1 0 25.9 62.5 4 -1 0 17 15
0 1 0 25.9 62.5 4 -1 0 17 15
0 1 0 26.0 62.5 4 -1 0 17 15
0 1 0 26.0 62.5 4 -1 0 17 15
0 1 0 25.9 62.5 4 -1 0 17 15
0 1 0 25.9 62.5 4 -1 0 17 15
0 1 0 26.0 62.5 2 -1 0 17 15
0 1 0 26.0 62.5 2 -1 0 17 15
0 1 0 26.0 62.5 2 -1 0 17 15
0 1 0 26.0 62.5 2 -1 0 17 15
0 1 0 26.0 62.5 2 -1 0 17 15
0 1 0 26.1 62.5 2 -1 0 17 15
0 1 0 26.0 62.5 2 -1 0 17 15
0 1 0 26.1 62.5 1 -1 0 17 15
0 1 0 26.1 63.0 4 -1 0 17 15
0 1 0 26.1 62.5 4 -1 0 17 15
0 1 0 26.1 62.5 4 -1 0 17 15
0 1 0 26.2 63.0 4 -1 0 17 15
0 1 0 26.2 62.5 4 -1 0 17 15
0 1 0 26.2 62.5 4 -1 0 17 15
0 1 0 26.1 62.5 4 -1 0 17 15
0 1 0 26.2 62.5 4 -1 0 17 15
0 1 0 26.2 62.5 4 -1 0 17 15
0 1 0 26.3 62.5 4 -1 0 17 15
0 1 0 26.2 62.5 4 -1 0 17 15
0 1 0 26.2 62.5 4 -1 0 17 15
0 1 0 26.3 62.5 2 -1 0 17 15
0 1 0 26.3 62.5 2 -1 0 17 15
0 1 0 26.3 62.5 2 -1 0 17 15
0 1 0 26.3 62.5 2 -1 0 17 15
0 1 0 26.3 62.5 2 -1 0 17 15
0 1 0 26.4 63.0 2 -1 0 17 15
0 1 0 26.4 63.0 2 -1 0 17 15
0 1 0 26.3 63.0 2 -1 0 17 15
0 1 0 26.4 63.0 2 -1 0 17 15
0 1 0 26.4 63.0 2 -1 0 17 15
0 1 0 26.4 63.5 0 -1 0 17 15
0 1 0 26.4 63.5 0 -1 0 17 15
0 1 0 26.4 63.5 0 -1 0 17 15
0 1 0 26.4 63.5 0 -1 0 17 15
0 1 0 26.4 63.5 0 -1 0 17 15
0 1 0 26.5 63.5 0 -1 0 17 15
0 1 0 26.5 63.5 0 -1 0 17 15
0 1 0 26.5 63.5 0 -1 0 17 15
0 1 0 26.5 63.5 0 -1 0 17 15
0 1 0 26.5 63.5 0 -1 0 17 15
0 1 0 26.5 63.5 0 -1 0 17 15
0 1 0 26.5 63.5 0 -1 0 17 15
0 1 0 26.6 63.5 0 -1 0 17 15
0 1 0 26.6 63.5 1 -1 0 17 15
0 1 0 26.5 63.5 1 -1 0 17 15
0 1 0 26.5 63.0 1 -1 0 17 15
0 1 0 26.5 63.0 1 -1 0 17 15
0 1 0 26.5 63.0 1 -1 0 17 15
0 1 0 26.6 63.0 1 -1 0 17 15
0 1 0 26.6 63.0 1 -1 0 17 15
0 1 0 26.6 63.0 1 -1 0 17 15
0 1 0 26.6 63.0 1 -1 0 17 15
0 1 0 26.5 63.0 1 -1 0 17 15
0 1 0 26.5 63.0 1 -1 0 17 15
0 1 0 26.6 63.0 1 -1 0 17 15
0 1 0 26.6 63.0 1 -1 0 17 15
0 1 0 26.6 63.0 1 -1 0 17 15
0 1 0 26.6 62.5 1 -1 0 17 15
0 1 0 26.6 62.5 1 -1 0 17 15
0 1 0 26.6 62.5 1 -1 0 17 15
0 1 0 26.6 62.5 0 -1 0 17 15
0 1 0 26.6 62.5 2 -1 0 17 15
0 1 0 26.6 62.5 2 -1 0 17 15
0 1 0 26.7 62.5 2 -1 0 17 15
0 1 0 26.6 62.5 0 -1 0 17 15
0 1 0 26.7 62.5 0 -1 0 17 15
0 1 0 26.7 62.5 0 -1 0 17 15
0 1 0 26.7 62.5 0 -1 0 17 15
0 1 0 26.7 62.5 0 -1 0 17 15
0 1 0 26.7 62.5 0 -1 0 17 15
0 1 0 26.7 62.5 0 -1 0 17 15
0 1 0 26.6 62.5 0 -1 0 17 15
0 1 0 26.7 62.5 0 -1 0 17 15
0 1 0 26.7 62.5 0 -1 0 17 15
0 1 0 26.7 62.5 0 -1 0 17 15
0 1 0 26.7 62.5 0 -1 0 17 15
0 1 0 26.8 62.5 0 -1 0 17 15
0 1 0 26.8 62.5 0 -1 0 17 15
0 1 0 26.7 62.5 0 -1 0 17 15
0 1 0 26.8 62.5 0 -1 0 17 15
0 1 0 26.8 62.5 0 -1 0 17 15
0 1 0 26.8 62.5 0 -1 0 17 15
0 1 0 26.8 62.5 0 -1 0 17 15
0 1 0 26.8 62.5 0 -1 0 17 15
0 1 0 26.8 62.5 0 -1 0 17 15
0 1 0 26.9 62.5 0 -1 0 17 15
0 1 0 26.9 62.5 0 -1 0 17 15
0 1 0 26.8 62.5 0 -1 0 17 15
0 1 0 26.8 62.5 0 -1 0 17 15
0 1 0 26.8 62.5 0 -1 0 17 15
0 1 0 26.9 62.5 0 -1 0 17 15
0 1 0 26.9 62.5 0 -1 0 17 15
0 1 0 26.9 62.5 0 -1 0 17 15
0 1 0 26.9 62.5 0 -1 0 17 15
0 1 0 27.0 62.5 0 -1 0 17 15
0 1 0 26.9 62.5 0 -1 0 17 15
0 1 0 26.9 62.5 0 -1 0 17 15
0 1 0 26.9 62.5 0 -1 0 17 15
0 1 0 27.0 62.5 0 -1 0 17 15
0 1 0 27.0 62.5 0 -1 0 17 15
0 1 0 27.0 62.5 0 -1 0 17 15
0 1 0 27.0 62.5 0 -1 0 17 15
0 1 0 27.0 62.5 0 -1 0 17 15
0 1 0 27.0 62.5 0 -1 0 17 15
0 1 0 27.0 62.5 0 -1 0 17 15
0 1 0 27.0 62.5 0 -1 0 17 15
0 1 0 27.0 62.5 0 -1 0 17 15
0 1 0 27.1 62.5 0 -1 0 17 15
0 1 0 27.1 62.5 0 -1 0 17 15
0 1 0 27.1 62.5 0 -1 0 17 15
0 1 0 27.1 62.5 0 -1 0 17 15
0 1 0 27.1 62.5 0 -1 0 17 15
0 1 0 27.1 62.5 0 -1 0 17 15
0 1 0 27.1 62.5 0 -1 0 17 15
0 1 0 27.1 62.5 0 -1 0 17 15
0 1 0 27.1 62.5 0 -1 0 17 15
0 1 0 27.2 62.5 0 -1 0 17 15
0 1 0 27.2 62.5 0 -1 0 17 15
0 1 0 27.2 62.5 0 -1 0 17 15
0 1 0 27.2 62.5 0 -1 0 17 15
0 1 0 27.2 62.5 0 -1 0 17 15
0 1 0 27.2 62.0 0 -1 0 17 15
0 1 0 27.1 62.0 0 -1 0 17 15
0 1 0 27.2 62.5 0 -1 0 17 15
0 1 0 27.2 62.0 0 -1 0 17 15
0 1 0 27.2 62.0 0 -1 0 17 15
0 1 0 27.2 62.5 0 -1 0 17 15
0 1 0 27.3 62.0 0 -1 0 17 15
0 1 0 27.2 62.0 0 -1 0 17 15
0 1 0 27.3 62.0 0 -1 0 17 15
0 1 0 27.3 62.0 0 -1 0 17 15
0 1 0 27.3 62.0 0 -1 0 17 15
0 1 0 27.3 62.0 0 -1 0 17 15
0 1 0 27.3 62.0 0 -1 0 17 15
0 1 0 27.3 62.0 0 -1 0 17 15
0 1 0 27.3 62.0 0 -1 0 17 15
0 1 0 27.3 62.0 0 -1 0 17 15
0 1 0 27.3 62.0 0 -1 0 17 15
0 1 0 27.3 62.0 0 -1 0 17 15
0 1 0 27.4 62.0 0 -1 0 17 15
0 1 0 27.4 62.0 0 -1 0 17 15
0 1 0 27.3 62.0 0 -1 0 17 15
0 1 0 27.4 62.0 0 -1 0 17 15
0 1 0 27.4 62.0 0 -1 0 17 15
0 1 0 27.4 62.0 0 -1 0 17 15
0 1 0 27.4 62.0 0 -1 0 17 15
0 1 0 27.5 62.0 0 -1 0 17 15
0 1 0 27.4 62.0 0 -1 0 17 15
0 1 0 27.4 61.5 0 -1 0 17 15
0 1 0 27.4 62.0 0 -1 0 17 15
0 1 0 27.4 61.5 0 -1 0 17 15
0 1 0 27.4 61.5 0 -1 0 17 15
0 1 0 27.4 61.5 0 -1 0 17 15
0 1 0 27.5 61.5 0 -1 0 17 15
0 1 0 27.4 61.5 0 -1 0 17 15
0 1 0 27.4 61.5 0 -1 0 17 15
0 1 0 27.5 61.5 0 -1 0 17 15
0 1 0 27.5 61.5 0 -1 0 17 15
0 1 0 27.5 61.5 0 -1 0 17 15
0 1 0 27.5 61.5 0 -1 0 17 15
0 1 0 27.4 61.5 0 -1 0 17 15
0 1 0 27.5 61.5 0 -1 0 17 15
0 1 0 27.5 61.5 0 -1 0 17 15
0 1 0 27.5 61.5 0 -1 0 17 15
0 1 0 27.5 61.5 0 -1 0 17 15
0 1 0 27.5 61.5 0 -1 0 17 15
0 1 0 27.5 61.0 0 -1 0 17 15
0 1 0 27.5 61.0 0 -1 0 17 15
0 1 0 27.6 61.0 0 -1 0 17 15
0 1 0 27.6 61.0 0 -1 0 17 15
0 1 0 27.6 61.0 0 -1 0 17 15
0 1 0 27.5 61.0 0 -1 0 17 15
0 1 0 27.6 61.0 0 -1 0 17 15
0 1 0 27.6 61.0 0 -1 0 17 15
0 1 0 27.6 61.0 0 -1 0 17 15
0 1 0 27.6 61.0 0 -1 0 17 15
0 1 0 27.6 61.0 0 -1 0 17 15
0 1 0 27.6 61.0 0 -1 0 17 15
0 1 0 27.6 61.0 0 -1 0 17 15
0 1 0 27.6 61.0 0 -1 0 17 15
0 1 0 27.6 61.0 0 -1 0 17 15
0 1 0 27.6 61.0 0 -1 0 17 15
0 1 0 27.7 61.0 0 -1 0 17 15
0 1 0 27.7 61.0 0 -1 0 17 15
0 1 0 27.7 61.0 0 -1 0 17 15
0 1 0 27.6 61.0 0 -1 0 17 15
0 1 0 27.6 61.0 0 -1 0 17 15
0 1 0 27.7 61.0 0 -1 0 17 15
0 1 0 27.7 61.0 0 -1 0 17 15
0 1 0 27.6 61.0 0 -1 0 17 15
0 1 0 27.7 61.0 0 -1 0 17 15
0 1 0 27.7 61.0 0 -1 0 17 15
0 1 0 27.7 60.5 0 -1 0 17 15
0 1 0 27.7 60.5 0 -1 0 17 15
0 1 0 27.7 60.5 0 -1 0 17 15
0 1 0 27.7 60.5 0 -1 0 17 15
0 1 0 27.7 60.5 0 -1 0 17 15
0 1 0 27.8 60.5 0 -1 0 17 15
0 1 0 27.7 60.5 0 -1 0 17 15
0 1 0 27.8 60.5 0 -1 0 17 15
0 1 0 27.8 60.5 0 -1 0 17 15
0 1 0 27.7 60.5 0 -1 0 17 15
0 1 0 27.8 60.5 0 -1 0 17 15
0 1 0 27.8 60.5 0 -1 0 17 15
0 1 0 27.8 60.5 0 -1 0 17 15
0 1 0 27.8 60.5 0 -1 0 17 15
0 1 0 27.8 60.5 0 -1 0 17 15
0 1 0 27.8 60.5 0 -1 0 17 15
0 1 0 27.8 60.5 0 -1 0 17 15
0 1 0 27.7 60.5 0 -1 0 17 15
0 1 0 27.9 60.5 0 -1 0 17 15
0 1 0 27.9 60.5 0 -1 0 17 15
0 1 0 27.8 60.5 0 -1 0 17 15
0 1 0 27.8 60.5 0 -1 0 17 15
0 1 0 27.8 60.5 0 -1 0 17 15
0 1 0 27.8 60.0 0 -1 0 17 15
0 1 0 27.8 60.5 0 -1 0 17 15
0 1 0 27.8 60.5 0 -1 0 17 15
0 1 0 27.8 60.5 0 -1 0 17 15
0 1 0 27.8 60.5 0 -1 0 17 15
0 1 0 27.8 60.5 0 -1 0 17 15
0 1 0 27.8 60.5 0 -1 0 17 15
0 1 0 27.9 60.5 0 -1 0 17 15
0 1 0 27.9 60.5 0 -1 0 17 15
0 1 0 27.9 60.5 0 -1 0 17 15
0 1 0 27.8 60.5 0 -1 0 17 15
0 1 0 27.9 60.5 0 -1 0 17 15
0 1 0 27.9 60.5 0 -1 0 17 15
0 1 0 27.8 60.5 0 -1 0 17 15
0 1 0 27.8 60.5 0 -1 0 17 15
0 1 0 27.8 60.0 0 -1 0 17 15
0 1 0 27.9 60.5 0 -1 0 17 15
0 1 0 27.9 60.5 0 -1 0 17 15
0 1 0 27.9 60.0 0 -1 0 17 15
0 1 0 27.9 60.0 0 -1 0 17 15
0 1 0 27.8 60.0 0 -1 0 17 15
0 1 0 27.9 60.0 0 -1 0 17 15
0 1 0 27.9 60.0 0 -1 0 17 15
0 1 0 27.9 60.5 0 -1 0 17 15
0 1 0 27.9 60.0 0 -1 0 17 15
0 1 0 27.9 60.0 0 -1 0 17 15
0 1 0 27.9 60.0 0 -1 0 17 15
0 1 0 27.9 60.5 0 -1 0 17 15
0 1 0 27.9 60.5 0 -1 0 17 15
0 1 0 27.9 60.0 0 -1 0 17 15
0 1 0 28.0 60.5 0 -1 0 17 15
0 1 0 27.9 60.0 0 -1 0 17 15
0 1 0 27.9 60.0 0 -1 0 17 15
0 1 0 28.0 60.5 0 -1 0 17 15
0 1 0 28.0 60.0 0 -1 0 17 15
0 1 0 28.0 60.0 0 -1 0 17 15
0 1 0 28.0 60.5 0 -1 0 17 15
0 1 0 27.9 60.0 0 -1 0 17 15
0 1 0 28.0 60.0 0 -1 0 17 15
0 1 0 28.0 60.0 0 -1 0 17 15
0 1 0 28.0 60.0 0 -1 0 17 15
0 1 0 28.0 60.0 0 -1 0 17 15
0 1 0 28.0 60.5 0 -1 0 17 15
0 1 0 27.9 60.0 0 -1 0 17 15
0 1 0 28.0 60.0 0 -1 0 17 15
0 1 0 28.0 60.0 0 -1 0 17 15
0 1 0 28.0 60.0 0 -1 0 17 15
0 1 0 28.0 60.0 0 -1 0 17 15
0 1 0 28.0 60.0 0 -1 0 17 15
0 1 0 28.0 60.0 0 -1 0 17 15
0 1 0 28.0 60.0 0 -1 0 17 15
0 1 0 28.0 60.0 0 -1 0 17 15
0 1 0 28.1 60.0 0 -1 0 17 15
0 1 0 28.1 60.0 0 -1 0 17 15
0 1 0 28.0 60.0 0 -1 0 17 15
0 1 0 28.0 60.0 0 -1 0 17 15
0 1 0 28.1 60.0 0 -1 0 17 15
0 1 0 28.0 60.0 0 -1 0 17 15
0 1 0 28.1 60.0 0 -1 0 17 15
0 1 0 28.0 60.0 0 -1 0 17 15
0 1 0 28.1 60.0 0 -1 0 17 15
0 1 0 28.1 60.0 0 -1 0 17 15
0 1 0 28.1 60.0 0 -1 0 17 15
0 1 0 28.1 60.0 0 -1 0 17 15
0 1 0 28.1 60.0 0 -1 0 17 15
0 1 0 28.1 60.0 0 -1 0 17 15
0 1 0 28.1 60.0 0 -1 0 17 15
0 1 0 28.1 60.0 0 -1 0 17 15
0 1 0 28.1 60.0 0 -1 0 17 15
0 1 0 28.1 60.0 0 -1 0 17 15
0 1 0 28.1 60.0 0 -1 0 17 15
0 1 0 28.1 60.0 0 -1 0 17 15
0 1 0 28.1 60.0 0 -1 0 17 15
0 1 0 28.1 60.0 0 -1 0 17 15
0 1 0 28.1 60.0 0 -1 0 17 15
0 1 0 28.1 60.0 0 -1 0 17 15
0 1 0 28.1 60.0 0 -1 0 17 15
0 1 0 28.1 60.0 0 -1 0 17 15
0 1 0 28.1 60.0 0 -1 0 17 15
0 1 0 28.1 60.0 0 -1 0 17 15
0 1 0 28.2 60.0 0 -1 0 17 15
0 1 0 28.1 60.0 0 -1 0 17 15
0 1 0 28.2 60.0 0 -1 0 17 15
0 1 0 28.1 60.0 0 -1 0 17 15
0 1 0 28.1 60.0 0 -1 0 17 15
0 1 0 28.2 60.0 0 -1 0 17 15
0 1 0 28.1 60.0 0 -1 0 17 15
0 1 0 28.2 60.0 0 -1 0 17 15
0 1 0 28.2 60.0 0 -1 0 17 15
0 1 0 28.1 60.0 0 -1 0 17 15
0 1 0 28.1 60.0 0 -1 0 17 15
0 1 0 28.1 60.0 0 -1 0 17 15
0 1 0 28.1 60.0 0 -1 0 17 15
0 1 0 28.2 60.0 0 -1 0 17 15
0 1 0 28.2 60.0 0 -1 0 17 15
0 1 0 28.2 60.0 0 -1 0 17 15
0 1 0 28.2 60.0 0 -1 0 17 15
0 1 0 28.2 60.0 0 -1 0 17 15
0 1 0 28.2 60.0 0 -1 0 17 15
0 1 0 28.2 60.0 0 -1 0 17 15
0 1 0 28.1 60.0 0 -1 0 17 15
0 1 0 28.2 60.0 0 -1 0 17 15
0 1 0 28.2 60.0 0 -1 0 17 15
0 1 0 28.2 60.0 0 -1 0 17 15
0 1 0 28.2 60.0 0 -1 0 17 15
0 1 0 28.1 60.0 0 -1 0 17 15
0 1 0 28.2 60.0 0 -1 0 17 15
0 1 0 28.2 60.0 0 -1 0 17 15
0 1 0 28.2 60.0 0 -1 0 17 15
0 1 0 28.2 60.0 0 -1 0 17 15
0 1 0 28.2 60.0 0 -1 0 17 15
0 1 0 28.2 60.0 0 -1 0 17 15
0 1 0 28.2 60.0 0 -1 0 17 15
0 1 0 28.2 60.0 0 -1 0 17 15
0 1 0 28.2 60.0 0 -1 0 17 15
0 1 0 28.2 60.0 0 -1 0 17 15
0 1 0 28.2 60.0 0 -1 0 17 15
0 1 0 28.2 60.0 0 -1 0 17 15
0 1 0 28.2 60.0 0 -1 0 17 15
0 1 0 28.2 60.0 0 -1 0 17 15
0 1 0 28.2 60.0 0 -1 0 17 15
0 1 0 28.2 60.0 0 -1 0 17 15
0 1 0 28.2 60.0 0 -1 0 17 15
0 1 0 28.2 60.0 0 -1 0 17 15
0 1 0 28.2 60.0 0 -1 0 17 15
0 1 0 28.2 60.0 0 -1 0 17 15
0 1 0 28.2 60.0 0 -1 0 17 15
0 1 0 28.2 60.5 0 -1 0 17 15
0 1 0 28.3 60.0 0 -1 0 17 15
0 1 0 28.3 60.0 0 -1 0 17 15
0 1 0 28.2 60.0 0 -1 0 17 15
0 1 0 28.3 60.5 0 -1 0 17 15
0 1 0 28.2 60.0 0 -1 0 17 15
0 1 0 28.3 60.0 0 -1 0 17 15
0 1 0 28.3 60.0 0 -1 0 17 15
0 1 0 28.3 60.0 0 -1 0 17 15
0 1 0 28.2 60.0 0 -1 0 17 15
