0 1 0 25.5 74.5 0 -1 0 -1 -1
0 1 0 25.5 74.5 0 -1 0 -1 -1
0 1 0 25.5 74.5 0 -1 0 -1 -1
0 1 0 25.5 74.5 0 -1 0 -1 -1
0 1 0 25.6 74.5 0 -1 0 -1 -1
0 1 0 25.6 74.5 0 -1 0 -1 -1
0 1 0 25.6 74.5 0 -1 0 -1 -1
0 1 0 25.6 74.5 0 -1 0 -1 -1
0 1 0 25.5 74.5 0 -1 0 -1 -1
0 1 0 25.5 74.5 0 -1 0 -1 -1
0 1 0 25.5 74.5 0 -1 0 -1 -1
0 1 0 25.5 74.5 0 -1 0 -1 -1
0 1 0 25.5 74.5 0 -1 0 -1 -1
0 1 0 25.6 74.5 0 -1 0 -1 -1
0 1 0 25.6 74.5 0 -1 0 -1 -1
0 1 0 25.5 75.0 0 -1 0 -1 -1
0 1 0 25.5 75.0 0 -1 0 -1 -1
0 1 0 25.6 75.0 0 -1 0 -1 -1
0 1 0 25.5 75.0 0 -1 0 -1 -1
0 1 0 25.5 75.0 0 -1 0 -1 -1
0 1 0 25.5 75.0 0 -1 0 -1 -1
0 1 0 25.5 75.0 0 -1 0 -1 -1
0 1 0 25.6 75.0 0 -1 0 -1 -1
0 1 0 25.6 75.0 0 -1 0 -1 -1
0 1 0 25.5 75.0 0 -1 0 -1 -1
0 1 0 25.5 75.0 0 -1 0 -1 -1
0 1 0 25.5 75.0 0 -1 0 -1 -1
0 1 0 25.6 75.0 0 -1 0 -1 -1
0 1 0 25.7 75.0 0 -1 0 -1 -1
0 1 0 25.6 75.0 0 -1 0 -1 -1
0 1 0 25.6 75.0 0 -1 0 -1 -1
0 1 0 25.6 75.0 0 -1 0 -1 -1
0 1 0 25.6 75.0 0 -1 0 -1 -1
0 1 0 25.6 75.0 0 -1 0 -1 -1
0 1 0 25.6 75.0 0 -1 0 -1 -1
0 1 0 25.6 75.0 0 -1 0 -1 -1
0 1 0 25.6 75.0 0 -1 0 -1 -1
0 1 0 25.6 75.0 0 -1 0 -1 -1
0 1 0 25.6 75.0 0 -1 0 -1 -1
0 1 0 25.6 75.0 0 -1 0 -1 -1
0 1 0 25.6 75.0 0 -1 0 -1 -1
0 1 0 25.6 75.0 0 -1 0 -1 -1
0 1 0 25.6 75.0 0 -1 0 -1 -1
0 1 0 25.6 75.0 0 -1 0 -1 -1
0 1 0 25.6 75.0 0 -1 0 -1 -1
0 1 0 25.6 75.0 0 -1 0 -1 -1
0 1 0 25.6 75.5 0 -1 0 -1 -1
0 1 0 25.6 75.5 0 -1 0 -1 -1
0 1 0 25.7 75.5 0 -1 0 -1 -1
0 1 0 25.6 75.5 0 -1 0 -1 -1
0 1 0 25.6 75.5 0 -1 0 -1 -1
0 1 0 25.6 75.5 0 -1 0 -1 -1
0 1 0 25.6 75.5 0 -1 0 -1 -1
0 1 0 25.6 75.5 0 -1 0 -1 -1
0 1 0 25.6 75.5 0 -1 0 -1 -1
0 1 0 25.7 75.5 0 -1 0 -1 -1
0 1 0 25.6 75.5 0 -1 0 -1 -1
0 1 0 25.6 75.5 0 -1 0 -1 -1
0 1 0 25.6 75.5 0 -1 0 -1 -1
0 1 0 25.6 75.5 0 -1 0 -1 -1
0 1 0 25.6 75.5 0 -1 0 -1 -1
0 1 0 25.6 75.5 0 -1 0 -1 -1
0 1 0 25.6 75.5 0 -1 0 -1 -1
0 1 0 25.6 75.5 0 -1 0 -1 -1
0 1 0 25.7 75.5 0 -1 0 -1 -1
0 1 0 25.6 75.5 0 -1 0 -1 -1
0 1 0 25.7 75.5 0 -1 0 -1 -1
0 1 0 25.7 75.5 0 -1 0 -1 -1
0 1 0 25.7 75.5 0 -1 0 -1 -1
0 1 0 25.6 75.5 0 -1 0 -1 -1
0 1 0 25.7 75.5 0 -1 0 -1 -1
0 1 0 25.7 75.5 0 -1 0 -1 -1
0 1 0 25.6 75.5 0 -1 0 -1 -1
0 1 0 25.6 75.5 0 -1 0 -1 -1
0 1 0 25.6 75.5 0 -1 0 -1 -1
0 1 0 25.6 75.5 0 -1 0 -1 -1
0 1 0 25.7 75.5 0 -1 0 -1 -1
0 1 0 25.6 75.5 0 -1 0 -1 -1
0 1 0 25.6 75.5 0 -1 0 -1 -1
0 1 0 25.7 75.5 0 -1 0 -1 -1
0 1 0 25.6 75.5 0 -1 0 -1 -1
0 1 0 25.6 75.5 0 -1 0 -1 -1
0 1 0 25.7 75.5 0 -1 0 -1 -1
0 1 0 25.6 75.5 0 -1 0 -1 -1
0 1 0 25.7 75.5 0 -1 0 -1 -1
0 1 0 25.7 75.5 0 -1 0 -1 -1
0 1 0 25.6 75.5 0 -1 0 -1 -1
0 1 0 25.6 75.5 0 -1 0 -1 -1
0 1 0 25.6 75.5 0 -1 0 -1 -1
0 1 0 25.7 75.5 0 -1 0 -1 -1
0 1 0 25.6 75.5 0 -1 0 -1 -1
0 1 0 25.7 75.5 0 -1 0 -1 -1
0 1 0 25.7 75.5 0 -1 0 -1 -1
0 1 0 25.6 75.5 0 -1 0 -1 -1
0 1 0 25.7 75.5 0 -1 0 -1 -1
0 1 0 25.7 76.0 0 -1 0 -1 -1
0 1 0 25.6 76.0 0 -1 0 -1 -1
0 1 0 25.7 76.0 0 -1 0 -1 -1
0 1 0 25.7 76.0 0 -1 0 -1 -1
0 1 0 25.8 76.0 0 -1 0 -1 -1
0 1 0 25.7 76.0 0 -1 0 -1 -1
0 1 0 25.6 76.0 0 -1 0 -1 -1
0 1 0 25.7 76.0 0 -1 0 -1 -1
0 1 0 25.6 76.0 0 -1 0 -1 -1
0 1 0 25.7 76.0 0 -1 0 -1 -1
0 1 0 25.7 76.0 0 -1 0 -1 -1
0 1 0 25.7 76.0 0 -1 0 -1 -1
0 1 0 25.7 76.0 0 -1 0 -1 -1
0 1 0 25.7 76.0 0 -1 0 -1 -1
0 1 0 25.7 76.0 0 -1 0 -1 -1
0 1 0 25.7 76.0 0 -1 0 -1 -1
0 1 0 25.6 76.0 0 -1 0 -1 -1
0 1 0 25.6 76.0 0 -1 0 -1 -1
0 1 0 25.7 76.0 0 -1 0 -1 -1
0 1 0 25.7 76.0 0 -1 0 -1 -1
0 1 0 25.7 76.0 0 -1 0 -1 -1
0 1 0 25.7 76.0 0 -1 0 -1 -1
0 1 0 25.7 76.0 0 -1 0 -1 -1
0 1 0 25.7 76.0 0 -1 0 -1 -1
0 1 0 25.8 76.0 0 -1 0 -1 -1
0 1 0 25.7 76.5 0 -1 0 -1 -1
0 1 0 25.7 76.5 0 -1 0 -1 -1
0 1 0 25.7 76.5 0 -1 0 -1 -1
0 1 0 25.7 76.5 0 -1 0 -1 -1
0 1 0 25.7 76.5 0 -1 0 -1 -1
0 1 0 25.8 76.5 0 -1 0 -1 -1
0 1 0 25.7 76.5 0 -1 0 -1 -1
0 1 0 25.7 76.5 0 -1 0 -1 -1
0 1 0 25.7 76.5 0 -1 0 -1 -1
0 1 0 25.8 76.5 0 -1 0 -1 -1
0 1 0 25.7 76.0 0 -1 0 -1 -1
0 1 0 25.7 76.5 0 -1 0 -1 -1
0 1 0 25.8 76.5 0 -1 0 -1 -1
0 1 0 25.7 76.5 0 -1 0 -1 -1
0 1 0 25.7 76.5 0 -1 0 -1 -1
0 1 0 25.7 76.5 0 -1 0 -1 -1
0 1 0 25.8 76.5 0 -1 0 -1 -1
0 1 0 25.7 76.5 0 -1 0 -1 -1
0 1 0 25.7 76.5 0 -1 0 -1 -1
0 1 0 25.7 76.5 0 -1 0 -1 -1
0 1 0 25.7 76.5 0 -1 0 -1 -1
0 1 0 25.7 76.5 0 -1 0 -1 -1
0 1 0 25.8 76.5 0 -1 0 -1 -1
0 1 0 25.8 76.5 0 -1 0 -1 -1
0 1 0 25.7 76.5 0 -1 0 -1 -1
0 1 0 25.7 76.5 0 -1 0 -1 -1
0 1 0 25.8 76.5 0 -1 0 -1 -1
0 1 0 25.7 76.5 0 -1 0 -1 -1
0 1 0 25.8 76.5 0 -1 0 -1 -1
0 1 0 25.7 76.5 0 -1 0 -1 -1
0 1 0 25.7 76.5 0 -1 0 -1 -1
0 1 0 25.8 76.5 0 -1 0 -1 -1
0 1 0 25.8 76.5 0 -1 0 -1 -1
0 1 0 25.7 76.5 0 -1 0 -1 -1
0 1 0 25.7 76.5 0 -1 0 -1 -1
0 1 0 25.8 76.5 0 -1 0 -1 -1
0 1 0 25.8 76.5 0 -1 0 -1 -1
0 1 0 25.8 76.5 0 -1 0 -1 -1
0 1 0 25.8 76.5 0 -1 0 -1 -1
0 1 0 25.8 76.5 0 -1 0 -1 -1
0 1 0 25.8 76.5 0 -1 0 -1 -1
0 1 0 25.8 76.5 0 -1 0 -1 -1
0 1 0 25.8 76.5 0 -1 0 -1 -1
0 1 0 25.7 76.5 0 -1 0 -1 -1
0 1 0 25.7 76.5 0 -1 0 -1 -1
0 1 0 25.7 76.5 0 -1 0 -1 -1
0 1 0 25.8 76.5 0 -1 0 -1 -1
0 1 0 25.8 76.5 0 -1 0 -1 -1
0 1 0 25.7 76.5 0 -1 0 -1 -1
0 1 0 25.8 76.5 0 -1 0 -1 -1
0 1 0 25.7 76.5 0 -1 0 -1 -1
0 1 0 25.8 76.5 0 -1 0 -1 -1
0 1 0 25.7 76.5 0 -1 0 -1 -1
0 1 0 25.9 77.0 0 -1 0 -1 -1
0 1 0 25.8 76.5 0 -1 0 -1 -1
0 1 0 25.7 76.5 0 -1 0 -1 -1
0 1 0 25.8 76.5 0 -1 0 -1 -1
0 1 0 25.7 76.5 0 -1 0 -1 -1
0 1 0 25.8 76.5 0 -1 0 -1 -1
0 1 0 25.8 76.5 0 -1 0 -1 -1
0 1 0 25.7 77.0 0 -1 0 -1 -1
0 1 0 25.7 76.5 0 -1 0 -1 -1
0 1 0 25.8 77.0 0 -1 0 -1 -1
0 1 0 25.8 77.0 0 -1 0 -1 -1
0 1 0 25.8 77.0 0 -1 0 -1 -1
0 1 0 25.8 77.0 0 -1 0 -1 -1
0 1 0 25.8 77.0 0 -1 0 -1 -1
0 1 0 25.8 77.0 0 -1 0 -1 -1
0 1 0 25.8 77.0 0 -1 0 -1 -1
0 1 0 25.8 77.0 0 -1 0 -1 -1
0 1 0 25.8 77.0 0 -1 0 -1 -1
0 1 0 25.8 77.0 0 -1 0 -1 -1
0 1 0 25.8 77.0 0 -1 0 -1 -1
0 1 0 25.7 77.0 0 -1 0 -1 -1
0 1 0 25.8 77.0 0 -1 0 -1 -1
0 1 0 25.8 77.0 0 -1 0 -1 -1
0 1 0 25.8 77.0 0 -1 0 -1 -1
0 1 0 25.8 77.0 0 -1 0 -1 -1
0 1 0 25.8 77.0 0 -1 0 -1 -1
0 1 0 25.7 77.0 0 -1 0 -1 -1
0 1 0 25.7 77.0 0 -1 0 -1 -1
0 1 0 25.7 77.0 0 -1 0 -1 -1
0 1 0 25.8 77.0 0 -1 0 -1 -1
0 1 0 25.7 77.0 0 -1 0 -1 -1
0 1 0 25.8 77.0 0 -1 0 -1 -1
0 1 0 25.8 77.0 0 -1 0 -1 -1
0 1 0 25.8 77.0 0 -1 0 -1 -1
0 1 0 25.7 77.0 0 -1 0 -1 -1
0 1 0 25.7 77.0 0 -1 0 -1 -1
0 1 0 25.7 77.0 0 -1 0 -1 -1
0 1 0 25.8 77.0 0 -1 0 -1 -1
0 1 0 25.8 77.0 0 -1 0 -1 -1
0 1 0 25.8 77.0 0 -1 0 -1 -1
0 1 0 25.7 77.0 0 -1 0 -1 -1
0 1 0 25.8 77.0 0 -1 0 -1 -1
0 1 0 25.8 77.0 0 -1 0 -1 -1
0 1 0 25.8 77.0 0 -1 0 -1 -1
0 1 0 25.8 77.0 0 -1 0 -1 -1
0 1 0 25.8 77.0 0 -1 0 -1 -1
0 1 0 25.8 77.0 0 -1 0 -1 -1
0 1 0 25.8 77.0 0 -1 0 -1 -1
0 1 0 25.8 77.0 0 -1 0 -1 -1
0 1 0 25.7 77.0 0 -1 0 -1 -1
0 1 0 25.7 77.0 0 -1 0 -1 -1
0 1 0 25.8 77.0 0 -1 0 -1 -1
0 1 0 25.7 77.0 0 -1 0 -1 -1
0 1 0 25.8 77.0 0 -1 0 -1 -1
0 1 0 25.7 77.0 0 -1 0 -1 -1
0 1 0 25.8 77.0 0 -1 0 -1 -1
0 1 0 25.8 77.0 0 -1 0 -1 -1
0 1 0 25.8 77.0 0 -1 0 -1 -1
0 1 0 25.7 77.0 0 -1 0 -1 -1
0 1 0 25.7 77.0 0 -1 0 -1 -1
0 1 0 25.8 77.0 0 -1 0 -1 -1
0 1 0 25.7 77.0 0 -1 0 -1 -1
0 1 0 25.7 77.0 0 -1 0 -1 -1
0 1 0 25.7 77.0 0 -1 0 -1 -1
0 1 0 25.8 77.0 0 -1 0 -1 -1
0 1 0 25.7 77.0 0 -1 0 -1 -1
0 1 0 25.8 77.0 0 -1 0 -1 -1
0 1 0 25.7 77.0 0 -1 0 -1 -1
0 1 0 25.7 77.0 0 -1 0 -1 -1
0 1 0 25.8 77.0 0 -1 0 -1 -1
0 1 0 25.8 77.0 0 -1 0 -1 -1
0 1 0 25.7 77.0 0 -1 0 -1 -1
0 1 0 25.8 77.0 0 -1 0 -1 -1
0 1 0 25.8 77.0 0 -1 0 -1 -1
0 1 0 25.8 77.0 0 -1 0 -1 -1
0 1 0 25.8 77.0 0 -1 0 -1 -1
0 1 0 25.8 77.0 0 -1 0 -1 -1
0 1 0 25.7 77.0 0 -1 0 -1 -1
0 1 0 25.7 77.0 0 -1 0 -1 -1
0 1 0 25.7 77.0 0 -1 0 -1 -1
0 1 0 25.8 77.0 0 -1 0 -1 -1
0 1 0 25.8 77.0 0 -1 0 -1 -1
0 1 0 25.8 77.0 0 -1 0 -1 -1
0 1 0 25.8 77.0 0 -1 0 -1 -1
0 1 0 25.8 77.0 0 -1 0 -1 -1
0 1 0 25.7 77.0 0 -1 0 -1 -1
0 1 0 25.8 77.0 0 -1 0 -1 -1
0 1 0 25.8 77.0 0 -1 0 -1 -1
0 1 0 25.8 77.0 0 -1 0 -1 -1
0 1 0 25.7 77.5 0 -1 0 -1 -1
0 1 0 25.7 77.0 0 -1 0 -1 -1
0 1 0 25.8 77.5 0 -1 0 -1 -1
0 1 0 25.8 77.5 0 -1 0 -1 -1
0 1 0 25.8 77.5 0 -1 0 -1 -1
0 1 0 25.8 77.5 0 -1 0 -1 -1
0 1 0 25.7 77.0 0 -1 0 -1 -1
0 1 0 25.7 77.0 0 -1 0 -1 -1
0 1 0 25.7 77.5 0 -1 0 -1 -1
0 1 0 25.8 77.5 0 -1 0 -1 -1
0 1 0 25.7 77.5 0 -1 0 -1 -1
0 1 0 25.8 77.5 0 -1 0 -1 -1
0 1 0 25.7 77.5 0 -1 0 -1 -1
0 1 0 25.7 77.5 0 -1 0 -1 -1
0 1 0 25.7 77.0 0 -1 0 -1 -1
0 1 0 25.7 77.5 0 -1 0 -1 -1
0 1 0 25.7 77.5 0 -1 0 -1 -1
0 1 0 25.8 77.5 0 -1 0 -1 -1
0 1 0 25.8 77.5 0 -1 0 -1 -1
0 1 0 25.7 77.5 0 -1 0 -1 -1
0 1 0 25.8 77.5 0 -1 0 -1 -1
0 1 0 25.7 77.5 0 -1 0 -1 -1
0 1 0 25.8 77.5 0 -1 0 -1 -1
0 1 0 25.8 77.5 0 -1 0 -1 -1
0 1 0 25.7 77.5 0 -1 0 -1 -1
0 1 0 25.8 77.5 0 -1 0 -1 -1
0 1 0 25.8 77.5 0 -1 0 -1 -1
0 1 0 25.8 77.5 0 -1 0 -1 -1
0 1 0 25.8 77.5 0 -1 0 -1 -1
0 1 0 25.7 77.5 0 -1 0 -1 -1
0 1 0 25.7 77.5 0 -1 0 -1 -1
0 1 0 25.8 77.5 0 -1 0 -1 -1
0 1 0 25.8 77.5 0 -1 0 -1 -1
0 1 0 25.8 77.5 0 -1 0 -1 -1
0 1 0 25.8 77.5 0 -1 0 -1 -1
0 1 0 25.8 77.5 0 -1 0 -1 -1
0 1 0 25.7 77.5 0 -1 0 -1 -1
0 1 0 25.8 77.5 0 -1 0 -1 -1
0 1 0 25.8 77.5 2 -1 0 -1 -1
0 1 0 25.8 77.5 2 -1 0 -1 -1
0 1 0 25.7 77.5 2 -1 0 -1 -1
0 1 0 25.7 77.5 2 -1 0 -1 -1
0 1 0 25.7 77.5 2 -1 0 -1 -1
0 1 0 25.7 77.5 2 -1 0 -1 -1
0 1 0 25.7 77.5 2 -1 0 -1 -1
0 1 0 25.8 77.5 2 -1 0 -1 -1
0 1 0 25.7 77.5 2 -1 0 -1 -1
0 1 0 25.8 77.5 2 -1 0 -1 -1
0 1 0 25.8 77.5 2 -1 0 -1 -1
0 1 0 25.7 77.5 2 -1 0 -1 -1
0 1 0 25.7 77.5 2 -1 0 -1 -1
0 1 0 25.7 77.5 1 -1 0 -1 -1
0 1 0 25.8 77.5 1 -1 0 -1 -1
0 1 0 25.7 77.5 1 -1 0 -1 -1
0 1 0 25.7 77.5 1 -1 0 -1 -1
0 1 0 25.7 77.5 1 -1 0 -1 -1
0 1 0 25.7 77.5 1 -1 0 -1 -1
0 1 0 25.7 77.5 1 -1 0 -1 -1
0 1 0 25.8 77.5 1 -1 0 -1 -1
0 1 0 25.7 77.5 1 -1 0 -1 -1
0 1 0 25.7 77.5 1 -1 0 -1 -1
0 1 0 25.7 77.5 1 -1 0 -1 -1
0 1 0 25.8 77.5 1 -1 0 -1 -1
0 1 0 25.7 77.5 1 -1 0 -1 -1
0 1 0 25.7 77.5 1 -1 0 -1 -1
0 1 0 25.7 77.5 1 -1 0 -1 -1
0 1 0 25.8 77.5 1 -1 0 -1 -1
0 1 0 25.8 77.5 1 -1 0 -1 -1
0 1 0 25.8 77.5 1 -1 0 -1 -1
0 1 0 25.7 77.5 1 -1 0 -1 -1
0 1 0 25.7 77.5 1 -1 0 -1 -1
0 1 0 25.7 77.5 2 -1 0 -1 -1
0 1 0 25.8 77.5 1 -1 0 -1 -1
0 1 0 25.7 77.5 0 -1 0 -1 -1
0 1 0 25.7 77.5 0 -1 0 -1 -1
0 1 0 25.8 77.5 0 -1 0 -1 -1
0 1 0 25.8 77.5 0 -1 0 -1 -1
0 1 0 25.7 77.5 0 -1 0 -1 -1
0 1 0 25.7 77.5 0 -1 0 -1 -1
0 1 0 25.7 77.5 0 -1 0 -1 -1
0 1 0 25.7 77.5 0 -1 0 -1 -1
0 1 0 25.7 77.5 0 -1 0 -1 -1
0 1 0 25.7 77.5 0 -1 0 -1 -1
0 1 0 25.7 77.5 0 -1 0 -1 -1
0 1 0 25.8 77.5 0 -1 0 -1 -1
0 1 0 25.7 77.5 2 -1 0 -1 -1
0 1 0 25.8 77.5 2 -1 0 -1 -1
0 1 0 25.6 77.5 2 -1 0 -1 -1
0 1 0 25.8 77.5 2 -1 0 -1 -1
0 1 0 25.7 77.5 2 -1 0 -1 -1
0 1 0 25.7 77.5 2 -1 0 -1 -1
0 1 0 25.8 77.5 2 -1 0 -1 -1
0 1 0 25.7 77.5 2 -1 0 -1 -1
0 1 0 25.8 77.5 2 -1 0 -1 -1
0 1 0 25.7 77.5 2 -1 0 -1 -1
0 1 0 25.7 77.5 2 -1 0 -1 -1
0 1 0 25.7 77.5 2 -1 0 -1 -1
0 1 0 25.8 78.0 2 -1 0 -1 -1
0 1 0 25.7 77.5 2 -1 0 -1 -1
0 1 0 25.7 77.5 1 -1 0 -1 -1
0 1 0 25.7 77.5 1 -1 0 -1 -1
0 1 0 25.7 77.5 1 -1 0 -1 -1
0 1 0 25.7 77.5 1 -1 0 -1 -1
0 1 0 25.8 77.5 1 -1 0 -1 -1
0 1 0 25.7 77.5 1 -1 0 -1 -1
0 1 0 25.7 77.5 1 -1 0 -1 -1
0 1 0 25.7 77.5 1 -1 0 -1 -1
0 1 0 25.8 77.5 1 -1 0 -1 -1
0 1 0 25.7 78.0 2 -1 0 -1 -1
0 1 0 25.7 77.5 2 -1 0 -1 -1
0 1 0 25.8 77.5 2 -1 0 -1 -1
0 1 0 25.8 77.5 2 -1 0 -1 -1
0 1 0 25.8 78.0 2 -1 0 -1 -1
0 1 0 25.7 78.0 2 -1 0 -1 -1
0 1 0 25.8 77.5 2 -1 0 -1 -1
0 1 0 25.7 78.0 2 -1 0 -1 -1
0 1 0 25.7 78.0 2 -1 0 -1 -1
0 1 0 25.7 78.0 2 -1 0 -1 -1
0 1 0 25.7 77.5 2 -1 0 -1 -1
0 1 0 25.8 77.5 2 -1 0 -1 -1
0 1 0 25.7 78.0 2 -1 0 -1 -1
0 1 0 25.7 78.0 2 -1 0 -1 -1
0 1 0 25.7 77.5 2 -1 0 -1 -1
0 1 0 25.7 77.5 2 -1 0 -1 -1
0 1 0 25.7 78.0 2 -1 0 -1 -1
0 1 0 25.7 78.0 2 -1 0 -1 -1
0 1 0 25.8 78.0 2 -1 0 -1 -1
0 1 0 25.7 78.0 4 -1 0 -1 -1
0 1 0 25.7 78.0 4 -1 0 -1 -1
0 1 0 25.7 78.0 2 -1 0 -1 -1
0 1 0 25.8 78.0 2 -1 0 -1 -1
0 1 0 25.7 78.0 2 -1 0 -1 -1
0 1 0 25.7 78.0 2 -1 0 -1 -1
0 1 0 25.8 78.0 4 -1 0 -1 -1
0 1 0 25.7 78.0 4 -1 0 -1 -1
0 1 0 25.7 78.0 4 -1 0 -1 -1
0 1 0 25.8 77.5 4 -1 0 -1 -1
0 1 0 25.8 78.0 4 -1 0 -1 -1
0 1 0 25.7 78.0 4 -1 0 -1 -1
0 1 0 25.8 78.0 4 -1 0 -1 -1
0 1 0 25.8 78.0 4 -1 0 -1 -1
0 1 0 25.7 78.0 4 -1 0 -1 -1
0 1 0 25.7 78.0 4 -1 0 -1 -1
0 1 0 25.7 78.0 4 -1 0 -1 -1
0 1 0 25.7 78.0 4 -1 0 -1 -1
0 1 0 25.7 78.0 4 -1 0 -1 -1
0 1 0 25.8 78.0 4 -1 0 -1 -1
0 1 0 25.8 78.0 4 -1 0 -1 -1
0 1 0 25.7 78.0 4 -1 0 -1 -1
0 1 0 25.8 78.0 4 -1 0 -1 -1
0 1 0 25.7 78.0 4 -1 0 -1 -1
0 1 0 25.8 78.0 4 -1 0 -1 -1
0 1 0 25.8 78.0 4 -1 0 -1 -1
0 1 0 25.7 78.0 4 -1 0 -1 -1
0 1 0 25.7 78.0 2 -1 0 -1 -1
0 1 0 25.7 78.0 2 -1 0 -1 -1
0 1 0 25.7 78.0 2 -1 0 -1 -1
0 1 0 25.8 78.0 2 -1 0 -1 -1
0 1 0 25.8 78.0 2 -1 0 -1 -1
0 1 0 25.8 78.0 2 -1 0 -1 -1
0 1 0 25.7 78.0 2 -1 0 -1 -1
0 1 0 25.8 78.0 4 -1 0 -1 -1
0 1 0 25.7 78.0 4 -1 0 -1 -1
0 1 0 25.7 78.0 4 -1 0 -1 -1
0 1 0 25.7 78.0 4 -1 0 -1 -1
0 1 0 25.8 78.0 4 -1 0 -1 -1
0 1 0 25.8 78.0 2 -1 0 -1 -1
0 1 0 25.8 78.0 2 -1 0 -1 -1
0 1 0 25.8 78.0 2 -1 0 -1 -1
0 1 0 25.7 78.0 2 -1 0 -1 -1
0 1 0 25.8 78.0 2 -1 0 -1 -1
0 1 0 25.8 78.0 4 -1 0 -1 -1
0 1 0 25.8 78.0 4 -1 0 -1 -1
0 1 0 25.7 78.0 4 -1 0 -1 -1
0 1 0 25.8 78.0 2 -1 0 -1 -1
0 1 0 25.8 78.0 2 -1 0 -1 -1
0 1 0 25.8 78.0 4 -1 0 -1 -1
0 1 0 25.7 78.0 6 -1 0 -1 -1
0 1 0 25.7 78.0 6 -1 0 -1 -1
0 1 0 25.8 78.0 5 -1 0 -1 -1
0 1 0 25.7 78.0 5 -1 0 -1 -1
0 1 0 25.7 78.0 7 -1 0 -1 -1
0 1 0 25.8 78.0 7 -1 0 -1 -1
0 1 0 25.8 78.0 9 -1 0 -1 -1
0 1 0 25.7 78.0 9 -1 0 -1 -1
0 1 0 25.8 78.0 9 -1 0 -1 -1
0 1 0 25.8 78.0 7 -1 0 -1 -1
0 1 0 25.7 78.0 7 -1 0 -1 -1
0 1 0 25.8 78.0 9 -1 0 -1 -1
0 1 0 25.7 78.0 9 -1 0 -1 -1
0 1 0 25.8 78.0 11 -1 0 -1 -1
0 1 0 25.8 78.0 11 -1 0 -1 -1
0 1 0 25.8 78.0 9 -1 0 -1 -1
0 1 0 25.8 78.0 9 -1 0 -1 -1
0 1 0 25.8 78.0 9 -1 0 -1 -1
0 1 0 25.8 78.0 9 -1 0 -1 -1
0 1 0 25.8 78.0 9 -1 0 -1 -1
0 1 0 25.8 78.0 9 -1 0 -1 -1
0 1 0 25.7 78.0 9 -1 0 -1 -1
0 1 0 25.8 78.0 11 -1 0 -1 -1
0 1 0 25.7 78.0 11 -1 0 -1 -1
0 1 0 25.8 78.0 11 -1 0 -1 -1
0 1 0 25.8 78.0 11 -1 0 -1 -1
0 1 0 25.8 78.0 11 -1 0 -1 -1
0 1 0 25.8 78.0 13 -1 0 -1 -1
0 1 0 25.8 78.0 13 -1 0 -1 -1
0 1 0 25.8 78.0 13 -1 0 -1 -1
0 1 0 25.8 78.0 13 -1 0 -1 -1
0 1 0 25.8 78.0 13 -1 0 -1 -1
0 1 0 25.8 78.0 11 -1 0 -1 -1
0 1 0 25.8 78.0 11 -1 0 -1 -1
0 1 0 25.8 78.0 11 -1 0 -1 -1
0 1 0 25.8 78.0 11 -1 0 -1 -1
0 1 0 25.8 78.0 11 -1 0 -1 -1
0 1 0 25.8 78.0 11 -1 0 -1 -1
0 1 0 25.8 78.0 11 -1 0 -1 -1
0 1 0 25.8 78.0 11 -1 0 -1 -1
0 1 0 25.8 78.0 11 -1 0 -1 -1
0 1 0 25.8 78.0 13 -1 0 -1 -1
0 1 0 25.8 78.0 13 -1 0 -1 -1
0 1 0 25.9 78.0 13 -1 0 -1 -1
0 1 0 25.9 78.0 16 -1 0 -1 -1
0 1 0 25.9 78.0 12 -1 0 -1 -1
0 1 0 25.8 78.0 12 -1 0 -1 -1
0 1 0 25.8 78.0 14 -1 0 -1 -1
0 1 0 25.9 78.0 14 -1 0 -1 -1
0 1 0 25.9 78.0 14 -1 0 -1 -1
0 1 0 25.8 78.0 16 -1 0 -1 -1
0 1 0 25.9 78.0 16 -1 0 -1 -1
0 1 0 25.8 78.0 16 -1 0 -1 -1
0 1 0 25.9 78.0 16 -1 0 -1 -1
0 1 0 25.9 78.0 16 -1 0 -1 -1
0 1 0 25.9 78.0 16 -1 0 -1 -1
0 1 0 25.8 78.0 16 -1 0 -1 -1
0 1 0 25.9 78.0 16 -1 0 -1 -1
0 1 0 25.9 78.0 16 -1 0 -1 -1
0 1 0 25.9 78.0 16 -1 0 -1 -1
0 1 0 25.9 78.0 14 -1 0 -1 -1
0 1 0 25.8 78.0 14 -1 0 -1 -1
0 1 0 25.8 78.0 14 -1 0 -1 -1
0 1 0 25.8 78.0 14 -1 0 -1 -1
0 1 0 25.9 78.0 14 -1 0 -1 -1
0 1 0 25.9 78.0 14 -1 0 -1 -1
0 1 0 25.9 78.0 14 -1 0 -1 -1
0 1 0 25.9 78.0 14 -1 0 -1 -1
0 1 0 26.0 78.0 14 -1 0 -1 -1
0 1 0 25.9 78.0 14 -1 0 -1 -1
0 1 0 25.9 78.0 16 -1 0 -1 -1
0 1 0 25.9 78.0 16 -1 0 -1 -1
0 1 0 26.0 78.0 16 -1 0 -1 -1
0 1 0 25.9 78.0 16 -1 0 -1 -1
0 1 0 25.9 78.0 18 -1 0 -1 -1
0 1 0 26.0 78.0 18 -1 0 -1 -1
0 1 0 25.9 78.0 20 -1 0 -1 -1
0 1 0 25.9 78.0 20 -1 0 -1 -1
0 1 0 25.9 78.0 20 -1 0 -1 -1
0 1 0 25.9 78.0 20 -1 0 -1 -1
0 1 0 25.9 78.0 20 -1 0 -1 -1
0 1 0 25.9 78.0 20 -1 0 -1 -1
0 1 0 25.9 78.0 20 -1 0 -1 -1
0 1 0 25.8 77.5 20 -1 0 -1 -1
0 1 0 25.8 78.0 20 -1 0 -1 -1
0 1 0 25.9 78.0 20 -1 0 -1 -1
0 1 0 25.9 78.0 16 -1 0 -1 -1
0 1 0 25.9 78.0 16 -1 0 -1 -1
0 1 0 25.9 78.0 18 -1 0 -1 -1
0 1 0 25.9 78.0 18 -1 0 -1 -1
0 1 0 25.9 77.5 20 -1 0 -1 -1
0 1 0 25.9 77.5 20 -1 0 -1 -1
0 1 0 25.9 77.5 21 -1 0 -1 -1
0 1 0 25.9 77.5 23 -1 0 -1 -1
0 1 0 25.9 77.5 25 -1 0 -1 -1
0 1 0 25.9 77.5 25 -1 0 -1 -1
0 1 0 25.9 77.5 21 -1 0 -1 -1
0 1 0 25.9 77.5 23 -1 0 -1 -1
0 1 0 25.9 77.5 23 -1 0 -1 -1
0 1 0 25.9 77.5 23 -1 0 -1 -1
0 1 0 25.8 77.5 23 -1 0 -1 -1
0 1 0 25.8 77.5 21 -1 0 -1 -1
0 1 0 25.9 77.5 21 -1 0 -1 -1
0 1 0 25.8 77.5 21 -1 0 -1 -1
0 1 0 25.8 77.5 21 -1 0 -1 -1
0 1 0 25.9 77.5 21 -1 0 -1 -1
0 1 0 25.8 77.5 23 -1 0 -1 -1
0 1 0 25.8 77.5 23 -1 0 -1 -1
0 1 0 25.8 77.5 23 -1 0 -1 -1
1 1 0 25.9 77.5 23 -1 0 -1 -1
1 1 18 25.8 77.5 23 -1 0 -1 -1
1 1 13 25.8 77.0 152 -1 0 100 100
1 1 18 25.8 76.5 86 -1 0 100 100
1 1 7 25.9 76.0 122 -1 0 100 100
1 1 19 25.8 76.0 133 -1 0 100 100
1 1 0 25.8 75.5 145 -1 0 100 100
1 1 0 25.8 75.5 178 -1 0 100 100
1 1 0 25.8 75.5 194 -1 0 100 100
1 1 1 25.8 76.0 199 -1 0 100 100
1 1 0 25.9 76.5 230 -1 0 100 100
1 1 1 26.0 76.5 254 -1 0 100 100
1 1 0 25.9 77.0 235 -1 0 100 100
1 1 0 26.0 77.0 226 -1 0 100 100
1 1 0 26.0 76.5 214 -1 0 100 100
1 1 0 26.1 76.5 187 -1 0 100 100
1 1 0 26.0 76.0 185 -1 0 100 100
1 1 0 26.0 75.5 189 -1 0 100 100
1 1 0 26.0 75.5 203 -1 0 100 100
1 1 0 26.0 75.5 219 -1 0 100 100
1 1 0 25.9 77.5 230 -1 0 100 100
1 1 0 26.0 78.0 235 -1 0 100 100
1 1 5 26.1 78.0 239 -1 0 100 100
1 1 0 26.1 78.0 234 -1 0 100 100
1 1 0 26.1 78.0 227 -1 0 100 100
1 1 0 26.2 78.0 226 -1 0 100 100
1 1 0 26.2 77.5 221 -1 0 100 100
1 1 0 26.2 78.0 214 -1 0 100 100
1 1 2 26.2 77.5 212 -1 0 100 100
1 1 0 26.3 77.5 216 -1 0 100 100
1 1 0 26.2 78.0 223 -1 0 100 100
1 1 0 26.3 78.0 226 -1 0 100 100
1 1 0 26.4 78.0 230 -1 0 100 100
1 1 0 26.3 77.5 238 -1 0 100 100
1 1 0 26.3 78.0 245 -1 0 100 100
1 1 0 26.3 77.5 254 -1 0 100 100
1 1 3 26.3 77.5 9 -1 0 100 100
1 1 0 26.3 77.5 13 -1 0 100 100
1 1 4 26.4 77.5 24 -1 0 100 100
1 1 0 26.3 77.5 29 -1 0 100 100
1 1 0 26.3 77.5 37 -1 0 100 100
1 1 0 26.4 77.5 44 -1 0 100 100
1 1 0 26.4 78.0 45 -1 0 100 100
1 1 0 26.4 78.0 54 -1 0 100 100
1 1 0 26.4 78.0 54 -1 0 100 100
1 1 4 26.4 78.0 59 -1 0 100 100
1 1 4 26.4 77.5 67 -1 0 100 100
1 1 0 26.4 77.5 76 -1 0 100 100
1 1 2 26.4 77.5 81 -1 0 100 100
1 1 7 26.4 77.5 88 -1 0 100 100
1 1 0 26.4 77.0 97 -1 0 100 100
1 1 0 26.5 77.0 98 -1 0 100 100
1 1 1 26.4 77.0 100 -1 0 100 100
1 1 8 26.5 77.5 91 -1 0 100 100
1 1 0 26.4 77.5 80 -1 0 100 100
1 1 0 26.4 78.0 64 -1 0 100 100
1 1 0 26.5 78.0 41 -1 0 100 100
1 1 1 26.5 77.5 13 -1 0 100 100
1 1 6 26.5 78.0 241 -1 0 100 100
1 1 0 26.5 77.5 204 -1 0 100 100
1 1 1 26.5 77.5 167 -1 0 100 100
1 1 21 26.4 78.0 131 -1 0 100 100
1 1 7 26.4 78.0 94 c26 0 100 100
1 1 11 26.4 78.0 1 c26 0 100 100
1 1 5 26.5 77.0 168 c26 0 100 100
1 1 0 26.4 76.5 149 c26 0 100 100
1 1 0 26.2 75.5 128 c26 0 100 100
1 1 0 26.1 74.5 111 c26 0 100 100
1 1 0 26.0 73.5 97 c26 0 100 100
1 1 0 25.8 72.5 86 c26 0 100 100
1 1 0 25.6 71.0 81 c26 0 100 100
1 1 0 25.6 70.0 74 c26 0 100 100
1 1 0 25.4 69.5 72 c26 0 100 100
1 1 0 25.2 68.5 70 c26 0 100 100
1 1 0 25.2 68.0 72 c26 0 100 100
1 1 0 25.1 67.5 69 c26 0 100 100
1 1 0 25.0 67.0 67 c26 0 100 100
1 1 0 24.9 67.0 62 c26 0 100 100
1 1 0 24.8 66.5 54 c26 0 100 100
1 1 0 24.8 66.5 47 c26 0 100 100
1 1 0 24.7 66.0 33 c26 0 100 100
1 1 0 24.7 66.0 28 c26 0 100 100
1 1 0 24.5 66.0 21 c26 0 100 100
1 1 0 24.6 65.5 19 c26 0 100 100
1 1 0 24.4 65.5 17 c26 0 100 100
1 1 0 24.3 65.5 19 c26 0 100 100
1 1 0 24.3 65.5 15 c26 0 100 100
1 1 0 24.2 65.5 19 c26 0 100 100
1 1 0 24.2 65.0 19 c26 0 100 100
1 1 0 24.1 65.0 24 c26 0 100 100
1 1 0 24.1 65.0 26 c26 0 100 100
1 1 0 24.0 65.0 31 c26 0 100 100
1 1 0 24.0 64.5 37 c26 0 100 100
1 1 0 24.0 65.0 46 c26 0 100 100
1 1 1 23.9 64.5 53 c26 0 100 100
1 1 19 23.8 65.0 62 c26 0 100 100
1 1 5 23.8 65.0 71 c26 0 100 100
1 1 0 23.8 65.0 69 c26 0 100 100
1 1 34 23.7 65.0 64 c26 0 100 100
1 1 33 23.8 65.5 57 c26 0 100 100
1 1 35 23.6 66.0 57 c26 0 100 100
1 1 19 23.7 66.5 49 c26 0 100 100
1 1 0 23.6 67.0 58 c26 0 100 100
1 1 0 23.6 67.0 60 c26 0 100 100
1 1 0 23.6 67.0 61 c26 0 100 100
1 1 0 23.5 67.0 61 c26 0 100 100
1 1 0 23.5 67.0 61 c26 0 100 100
1 1 0 23.5 67.0 54 c26 0 100 100
1 1 0 23.6 67.0 52 c26 0 100 100
1 1 0 23.5 66.5 54 c26 0 100 100
1 1 0 23.5 66.0 56 c26 0 100 100
1 1 0 23.5 65.5 57 c26 0 100 100
1 1 0 23.4 65.0 68 c26 0 100 100
1 1 0 23.4 65.0 80 c26 0 100 100
1 1 0 23.4 64.5 84 c26 0 100 100
1 1 0 23.3 64.5 84 c26 0 100 100
1 1 0 23.2 64.0 84 c26 0 100 100
1 1 0 23.3 64.0 80 c26 0 100 100
1 1 0 23.2 64.0 77 c26 0 100 100
1 1 0 23.1 64.0 75 c26 0 100 100
1 1 0 23.2 64.0 68 c26 0 100 100
1 1 0 23.1 64.0 66 c26 0 100 100
1 1 0 23.1 64.0 73 c26 0 100 100
1 1 0 23.0 63.5 80 c26 0 100 100
1 1 1 23.0 64.0 92 c26 0 100 100
1 1 6 22.9 64.0 95 c26 0 100 100
1 1 40 22.9 64.5 104 c26 0 100 100
1 1 0 22.9 65.0 129 c26 0 100 100
1 1 0 22.9 65.0 141 c26 0 100 100
1 1 0 22.9 65.0 157 c26 0 100 100
1 1 0 22.9 65.0 164 c26 0 100 100
1 1 0 22.8 65.0 166 c26 0 100 100
1 1 0 22.8 65.5 166 c26 0 100 100
1 1 0 22.8 65.5 162 c26 0 100 100
1 1 0 22.8 65.5 160 c26 0 100 100
1 1 0 22.7 65.5 162 c26 0 100 100
1 1 0 22.7 65.5 159 c26 0 100 100
1 1 0 22.7 65.5 159 c26 0 100 100
1 1 0 22.7 65.5 157 c26 0 100 100
1 1 0 22.7 65.5 161 c26 0 100 100
1 1 0 22.7 65.5 162 c26 0 100 100
1 1 0 22.6 65.0 174 c26 0 100 100
1 1 0 22.7 65.0 195 c26 0 100 100
1 1 0 22.7 65.0 208 c26 0 100 100
1 1 0 22.6 65.0 222 c26 0 100 100
1 1 0 22.6 65.5 243 c26 0 100 100
1 1 0 22.7 65.0 11 c26 0 100 100
1 1 0 22.7 65.0 37 c26 0 100 100
1 1 0 22.6 65.0 63 c26 0 100 100
1 1 0 22.7 65.0 93 c26 0 100 100
1 1 0 22.7 65.0 112 c26 0 100 100
1 1 0 22.6 65.5 130 c26 0 100 100
1 1 0 22.6 65.5 137 c26 0 100 100
1 1 0 22.7 65.5 139 c26 0 100 100
1 1 0 22.7 65.5 135 c26 0 100 100
1 1 0 22.7 65.0 132 c26 0 100 100
1 1 0 22.7 65.0 120 c26 0 100 100
1 1 0 22.6 65.0 99 c26 0 100 100
1 1 0 22.7 65.0 87 c26 0 100 100
1 1 0 22.7 65.0 71 c26 0 100 100
1 1 0 22.7 65.0 61 c26 0 100 100
1 1 0 22.6 65.0 46 c26 0 100 100
1 1 0 22.6 65.5 30 c26 0 100 100
1 1 0 22.6 66.5 17 c26 0 100 100
1 1 0 22.6 66.5 4 c26 0 100 100
1 1 0 22.5 66.5 246 c26 0 100 100
1 1 0 22.6 66.5 231 c26 0 100 100
1 1 0 22.6 66.5 208 c26 0 100 100
1 1 0 22.6 66.0 193 c26 0 100 100
1 1 0 22.6 66.0 177 c26 0 100 100
1 1 0 22.6 66.0 162 c26 0 100 100
1 1 0 22.6 66.5 159 c26 0 100 100
1 1 0 22.6 66.5 157 c26 0 100 100
1 1 0 22.6 66.5 157 c26 0 100 100
1 1 0 22.6 66.5 162 c26 0 100 100
1 1 0 22.6 66.5 162 c26 0 100 100
1 1 0 22.6 66.5 161 c26 0 100 100
1 1 1 22.5 66.5 162 c26 0 100 100
1 1 0 22.6 67.0 155 c26 0 100 100
1 1 0 22.6 67.5 152 c26 0 100 100
1 1 0 22.6 69.0 138 c26 0 100 100
1 1 0 22.6 69.5 117 c26 0 100 100
1 1 0 22.6 69.5 102 c26 0 100 100
1 1 0 22.7 69.0 88 c26 0 100 100
1 1 0 22.7 69.0 74 c26 0 100 100
1 1 0 22.7 69.0 57 c26 0 100 100
1 1 0 22.7 69.5 32 c26 0 100 100
1 1 0 22.8 70.0 15 c26 0 100 100
1 1 0 22.9 70.0 255 c26 0 100 100
1 1 0 22.9 71.0 250 c26 0 100 100
1 1 0 22.8 71.5 245 c26 0 100 100
1 1 0 22.9 71.0 234 c26 0 100 100
1 1 0 22.9 71.0 224 c26 0 100 100
1 1 0 22.9 70.5 210 c26 0 100 100
1 1 0 22.9 70.5 201 c26 0 100 100
1 1 0 22.9 70.0 198 c26 0 100 100
1 1 0 22.9 70.0 193 c26 0 100 100
1 1 0 22.8 69.5 188 c26 0 100 100
1 1 0 22.8 69.5 183 c26 0 100 100
1 1 0 22.8 69.5 178 c26 0 100 100
1 1 0 22.7 69.5 174 c26 0 100 100
1 1 0 22.7 69.5 172 c26 0 100 100
1 1 0 22.7 69.0 176 c26 0 100 100
1 1 0 22.7 69.0 179 c26 0 100 100
1 1 0 22.6 68.0 189 c26 0 100 100
1 1 0 22.6 68.0 205 c26 0 100 100
1 1 0 22.6 67.5 212 c26 0 100 100
1 1 0 22.6 67.5 206 c26 0 100 100
1 1 0 22.6 67.0 201 c26 0 100 100
1 1 0 22.5 67.0 204 c26 0 100 100
1 1 0 22.4 67.0 211 c26 0 100 100
1 1 0 22.4 67.0 228 c26 0 100 100
1 1 0 22.5 66.5 250 c26 0 100 100
1 1 0 22.4 66.5 20 c26 0 100 100
1 1 0 22.4 66.5 39 c26 0 100 100
1 1 0 22.4 66.5 55 c26 0 100 100
1 1 0 22.3 66.5 67 c26 0 100 100
1 1 0 22.4 66.5 74 c26 0 100 100
1 1 0 22.4 66.5 79 c26 0 100 100
1 1 0 22.4 66.5 86 c26 0 100 100
1 1 0 22.4 66.5 96 c26 0 100 100
1 1 0 22.4 67.0 112 c26 0 100 100
1 1 0 22.3 67.0 119 c26 0 100 100
1 1 0 22.3 67.0 121 c26 0 100 100
1 1 0 22.3 67.5 119 c26 0 100 100
1 1 0 22.4 67.5 119 c26 0 100 100
1 1 0 22.4 67.0 121 c26 0 100 100
1 1 0 22.4 67.0 119 c26 0 100 100
1 1 0 22.4 67.0 117 c26 0 100 100
1 1 0 22.3 67.5 114 c26 0 100 100
1 1 0 22.4 67.0 107 c26 0 100 100
1 1 0 22.3 67.5 104 c26 0 100 100
1 1 0 22.3 67.5 102 c26 0 100 100
1 1 0 22.3 67.5 109 c26 0 100 100
1 1 0 22.3 67.5 111 c26 0 100 100
1 1 0 22.3 68.0 117 c26 0 100 100
1 1 0 22.4 67.5 128 c26 0 100 100
1 1 0 22.4 67.5 142 c26 0 100 100
1 1 0 22.3 67.5 154 c26 0 100 100
1 1 0 22.3 67.5 168 c26 0 100 100
1 1 0 22.3 67.0 175 c26 0 100 100
1 1 0 22.3 67.5 180 c26 0 100 100
1 1 0 22.4 67.0 189 c26 0 100 100
1 1 0 22.3 67.0 192 c26 0 100 100
1 1 0 22.3 67.0 190 c26 0 100 100
1 1 0 22.3 66.5 198 c26 0 100 100
1 1 0 22.3 66.5 201 c26 0 100 100
1 1 0 22.2 66.5 210 c26 0 100 100
1 1 0 22.2 66.0 217 c26 0 100 100
1 1 0 22.2 66.0 217 c26 0 100 100
1 1 0 22.2 66.0 217 c26 0 100 100
1 1 0 22.2 66.0 215 c26 0 100 100
1 1 0 22.2 66.0 211 c26 0 100 100
1 1 0 22.2 66.5 205 c26 0 100 100
1 1 0 22.1 67.0 205 c26 0 100 100
1 1 0 22.1 67.5 205 c26 0 100 100
1 1 0 22.1 68.0 207 c26 0 100 100
1 1 0 22.1 68.0 204 c26 0 100 100
1 1 0 22.2 68.0 203 c26 0 100 100
1 1 0 22.2 68.0 199 c26 0 100 100
1 1 0 22.2 68.0 196 c26 0 100 100
1 1 0 22.2 68.0 189 c26 0 100 100
0 1 2 22.3 68.0 189 c26 0 100 100
0 1 11 22.2 68.0 164 c26 0 16 6
0 1 25 22.1 67.0 25 c26 0 16 6
0 1 5 22.1 66.5 25 c26 0 16 6
0 1 0 22.0 65.5 27 c26 0 16 6
0 1 11 21.9 65.0 26 c26 0 16 6
0 1 1 21.9 65.5 29 c26 0 16 6
0 1 2 21.9 67.0 28 c26 0 16 6
0 1 2 22.0 68.0 28 c26 0 16 6
0 1 0 22.0 68.5 30 c26 0 16 6
0 1 0 22.1 69.5 30 c26 0 16 6
0 1 0 22.1 70.5 30 c26 0 16 6
0 1 0 22.2 72.0 28 c26 0 16 6
0 1 0 22.3 72.5 25 c26 0 16 6
0 1 0 22.4 73.0 23 c26 0 16 6
0 1 0 22.4 73.5 23 c26 0 16 6
0 1 0 22.5 73.5 19 c26 0 16 6
0 1 0 22.5 74.0 20 c26 0 16 6
0 1 0 22.6 75.5 20 c26 0 16 6
0 1 0 22.6 75.5 16 c26 0 16 6
0 1 0 22.7 76.5 16 c26 0 16 6
0 1 0 22.8 77.0 18 c26 0 16 6
0 1 0 22.8 77.5 16 c26 0 16 6
0 1 0 22.8 77.0 14 c26 0 16 6
0 1 0 22.9 77.5 14 c26 0 16 6
0 1 0 22.9 78.0 18 c26 0 16 6
0 1 0 23.0 78.0 14 c26 0 16 6
0 1 0 23.1 78.5 16 c26 0 16 6
0 1 0 23.0 79.0 11 c26 0 16 6
0 1 0 23.1 79.0 9 c26 0 16 6
0 1 0 23.1 79.0 11 c26 0 16 6
0 1 1 23.2 78.5 11 c26 0 16 6
0 1 2 23.2 79.0 11 c26 0 16 6
0 1 0 23.2 79.5 11 c26 0 16 6
0 1 0 23.3 80.0 11 c26 0 16 6
0 1 0 23.3 80.5 9 c26 0 16 6
0 1 0 23.3 81.0 11 c26 0 16 6
0 1 0 23.4 81.0 7 c26 0 16 6
0 1 6 23.4 80.5 7 c26 0 16 6
0 1 1 23.5 81.0 7 c26 0 16 6
0 1 0 23.5 80.5 9 c26 0 16 6
1 1 0 23.5 80.5 9 c26 0 16 6
1 1 16 23.5 81.5 48 c26 0 100 100
1 1 13 23.6 81.0 166 c26 0 100 100
1 1 20 23.5 80.0 171 c26 0 100 100
1 1 0 23.5 78.5 170 c26 0 100 100
1 1 0 23.5 77.5 170 c26 0 100 100
1 1 0 23.4 76.5 174 c26 0 100 100
1 1 0 23.4 75.0 179 c26 0 100 100
1 1 11 23.2 73.5 179 c26 0 100 100
1 1 12 23.1 72.5 179 c26 0 100 100
1 1 0 23.1 71.5 177 c26 0 100 100
1 1 0 23.0 71.0 180 c26 0 100 100
1 1 4 22.9 70.5 180 c26 0 100 100
1 1 1 22.9 70.0 182 c26 0 100 100
1 1 0 22.8 70.0 183 c26 0 100 100
1 1 0 22.8 70.0 183 c26 0 100 100
1 1 0 22.8 70.0 183 c26 0 100 100
1 1 0 22.8 70.0 188 c26 0 100 100
1 1 3 22.7 69.5 184 c26 0 100 100
1 1 2 22.7 69.5 175 c26 0 100 100
1 1 6 22.7 69.0 168 c26 0 100 100
1 1 21 22.7 69.0 161 c26 0 100 100
1 1 0 22.6 68.5 156 c26 0 100 100
1 1 0 22.6 68.5 151 c26 0 100 100
1 1 7 22.6 68.0 146 c26 0 100 100
1 1 5 22.6 68.0 142 c26 0 100 100
1 1 0 22.5 67.5 139 c26 0 100 100
1 1 0 22.4 67.5 132 c26 0 100 100
1 1 0 22.4 67.0 128 c26 0 100 100
1 1 0 22.4 67.0 126 c26 0 100 100
1 1 0 22.4 66.5 129 c26 0 100 100
1 1 0 22.3 66.5 128 c26 0 100 100
1 1 23 22.3 66.5 132 c26 0 100 100
1 1 13 22.2 66.5 134 c26 0 100 100
1 1 13 22.3 66.5 134 c26 0 100 100
1 1 4 22.2 66.5 140 c26 0 100 100
1 1 0 22.3 67.5 143 c26 0 100 100
1 1 0 22.3 67.5 143 c26 0 100 100
1 1 3 22.3 68.0 146 c26 0 100 100
1 1 8 22.3 67.5 146 c26 0 100 100
1 1 15 22.3 67.5 146 c26 0 100 100
1 1 0 22.3 67.0 150 c26 0 100 100
1 1 0 22.3 67.0 151 c26 0 100 100
1 1 0 22.2 67.0 151 c26 0 100 100
1 1 10 22.3 67.0 151 c26 0 100 100
1 1 22 22.3 67.0 153 c26 0 100 100
1 1 2 22.2 67.0 153 c26 0 100 100
1 1 0 22.2 67.0 151 c26 0 100 100
1 1 0 22.2 66.5 151 c26 0 100 100
1 1 0 22.2 66.5 153 -1 0 100 100
1 1 10 22.2 66.0 144 -1 0 100 100
1 1 13 22.1 66.5 148 -1 0 100 100
1 1 0 22.1 67.0 151 -1 0 100 100
1 1 0 22.2 67.5 153 -1 0 100 100
1 1 16 22.3 68.5 153 -1 0 100 100
1 1 0 22.4 69.0 153 -1 0 100 100
1 1 1 22.5 69.0 154 -1 0 100 100
1 1 0 22.6 69.0 160 -1 0 100 100
1 1 2 22.6 69.5 164 -1 0 100 100
1 1 16 22.7 69.5 175 -1 0 100 100
1 1 0 22.7 70.0 180 -1 0 100 100
1 1 0 22.8 70.0 192 -1 0 100 100
1 1 10 22.9 70.5 201 -1 0 100 100
1 1 0 22.9 70.5 211 -1 0 100 100
1 1 0 22.9 70.5 220 -1 0 100 100
1 1 0 23.0 70.5 225 -1 0 100 100
1 1 13 23.0 71.0 235 -1 0 100 100
1 1 0 23.1 71.0 244 -1 0 100 100
1 1 2 23.1 71.0 250 -1 0 100 100
1 1 0 23.1 71.0 255 -1 0 100 100
1 1 0 23.2 71.5 253 -1 0 100 100
1 1 0 23.2 71.5 253 -1 0 100 100
1 1 0 23.3 71.5 253 -1 0 100 100
1 1 1 23.3 71.5 244 -1 0 100 100
1 1 11 23.3 71.5 235 -1 0 100 100
1 1 4 23.4 71.5 225 -1 0 100 100
1 1 6 23.4 71.5 224 -1 0 100 100
1 1 11 23.4 71.5 220 -1 0 100 100
1 1 5 23.4 71.5 218 -1 0 100 100
1 1 0 23.5 71.5 215 -1 0 100 100
1 1 8 23.5 72.0 213 -1 0 100 100
1 1 15 23.5 72.0 204 -1 0 100 100
1 1 2 23.6 71.5 210 -1 0 100 100
1 1 6 23.6 72.0 208 -1 0 100 100
1 1 8 23.6 72.0 204 -1 0 100 100
1 1 5 23.6 72.0 210 -1 0 100 100
1 1 10 23.7 72.0 213 -1 0 100 100
1 1 0 23.7 72.0 215 -1 0 100 100
1 1 0 23.7 72.0 217 -1 0 100 100
1 1 1 23.7 72.0 215 -1 0 100 100
1 1 3 23.7 72.5 218 -1 0 100 100
1 1 0 23.8 72.5 220 -1 0 100 100
1 1 0 23.8 72.5 218 -1 0 100 100
1 1 0 23.8 72.5 219 -1 0 100 100
1 1 0 23.9 72.5 219 -1 0 100 100
1 1 0 23.9 72.5 221 -1 0 100 100
1 1 0 23.9 73.0 218 -1 0 100 100
1 1 5 23.9 73.0 219 -1 0 100 100
1 1 2 23.9 73.0 217 -1 0 100 100
1 1 0 23.9 73.0 210 -1 0 100 100
1 1 2 23.8 73.0 201 -1 0 100 100
1 1 0 23.9 73.0 198 -1 0 100 100
1 1 2 24.0 73.5 189 -1 0 100 100
1 1 6 24.0 73.5 180 -1 0 100 100
1 1 0 24.0 73.5 175 -1 0 100 100
1 1 0 24.0 73.5 166 -1 0 100 100
1 1 0 24.0 73.5 161 -1 0 100 100
1 1 7 24.1 73.5 156 -1 0 100 100
1 1 7 24.1 73.5 149 -1 0 100 100
1 1 4 24.1 73.5 146 -1 0 100 100
1 1 0 24.1 73.5 144 -1 0 100 100
1 1 0 24.1 73.5 139 -1 0 100 100
1 1 0 24.1 73.5 133 -1 0 100 100
1 1 0 24.1 73.5 132 -1 0 100 100
1 1 0 24.1 73.5 130 -1 0 100 100
1 1 2 24.1 73.5 126 -1 0 100 100
1 1 8 24.2 73.5 124 -1 0 100 100
1 1 0 24.2 73.5 123 -1 0 100 100
1 1 0 24.2 74.0 119 -1 0 100 100
1 1 2 24.2 73.5 119 -1 0 100 100
1 1 5 24.2 74.0 117 -1 0 100 100
1 1 0 24.2 74.0 117 -1 0 100 100
1 1 0 24.3 73.5 119 -1 0 100 100
1 1 3 24.2 74.0 121 -1 0 100 100
1 1 0 24.3 74.0 124 -1 0 100 100
1 1 2 24.4 74.0 124 -1 0 100 100
1 1 0 24.3 74.0 130 -1 0 100 100
1 1 0 24.3 74.0 133 -1 0 100 100
1 1 0 24.3 74.0 134 -1 0 100 100
1 1 0 24.4 74.0 138 -1 0 100 100
1 1 0 24.3 74.0 140 -1 0 100 100
1 1 0 24.3 74.0 141 -1 0 100 100
1 1 0 24.4 74.0 143 -1 0 100 100
1 1 0 24.4 74.0 143 -1 0 100 100
1 1 0 24.4 74.0 147 -1 0 100 100
1 1 4 24.4 74.0 150 -1 0 100 100
1 1 1 24.4 74.0 152 -1 0 100 100
1 1 10 24.4 74.0 156 -1 0 100 100
1 1 1 24.4 74.0 161 -1 0 100 100
1 1 0 24.5 74.0 161 -1 0 100 100
1 1 0 24.5 74.5 166 -1 0 100 100
1 1 0 24.4 74.5 166 -1 0 100 100
1 1 0 24.5 74.5 166 -1 0 100 100
1 1 1 24.5 74.5 164 -1 0 100 100
1 1 0 24.6 74.5 164 -1 0 100 100
1 1 6 24.5 74.5 159 -1 0 100 100
1 1 1 24.5 75.0 154 -1 0 100 100
1 1 9 24.5 75.0 150 -1 0 100 100
1 1 0 24.5 75.0 145 -1 0 100 100
1 1 0 24.6 75.0 142 -1 0 100 100
1 1 0 24.6 75.0 138 -1 0 100 100
1 1 4 24.6 75.0 131 -1 0 100 100
1 1 7 24.6 75.0 129 -1 0 100 100
1 1 5 24.6 75.0 124 -1 0 100 100
1 1 9 24.6 75.0 124 -1 0 100 100
1 1 6 24.6 75.0 121 -1 0 100 100
1 1 3 24.5 75.0 115 -1 0 100 100
1 1 0 24.6 74.5 115 -1 0 100 100
1 1 0 24.6 75.0 113 -1 0 100 100
1 1 3 24.6 75.0 111 -1 0 100 100
1 1 5 24.6 75.0 111 -1 0 100 100
1 1 10 24.7 75.0 109 -1 0 100 100
1 1 4 24.6 75.0 106 -1 0 100 100
1 1 2 24.7 75.0 108 -1 0 100 100
1 1 1 24.7 74.5 103 -1 0 100 100
1 1 0 24.6 74.5 101 -1 0 100 100
1 1 0 24.6 74.5 96 -1 0 100 100
1 1 0 24.6 74.5 94 -1 0 100 100
1 1 0 24.6 74.0 89 -1 0 100 100
1 1 3 24.6 74.0 89 -1 0 100 100
1 1 5 24.6 74.0 82 -1 0 100 100
1 1 0 24.6 74.5 80 -1 0 100 100
1 1 2 24.6 74.5 75 -1 0 100 100
1 1 0 24.7 74.0 75 -1 0 100 100
1 1 0 24.7 74.0 72 -1 0 100 100
1 1 5 24.6 74.0 66 -1 0 100 100
1 1 2 24.6 73.5 65 -1 0 100 100
1 1 6 24.6 73.5 61 -1 0 100 100
1 1 2 24.6 73.5 61 -1 0 100 100
1 1 0 24.6 73.5 57 -1 0 100 100
1 1 2 24.7 73.5 54 -1 0 100 100
1 1 0 24.6 73.0 56 -1 0 100 100
1 1 0 24.6 73.0 52 -1 0 100 100
1 1 0 24.6 73.0 52 -1 0 100 100
1 1 0 24.6 73.0 50 -1 0 100 100
1 1 0 24.6 73.0 51 -1 0 100 100
1 1 8 24.6 73.0 49 -1 0 100 100
1 1 4 24.6 73.0 47 -1 0 100 100
1 1 0 24.6 73.0 42 -1 0 100 100
1 1 0 24.6 73.0 37 -1 0 100 100
1 1 2 24.6 73.0 35 -1 0 100 100
1 1 4 24.7 73.0 30 -1 0 100 100
1 1 7 24.6 73.0 28 -1 0 100 100
1 1 0 24.6 73.0 28 -1 0 100 100
1 1 18 24.7 73.0 32 -1 1 100 100
1 1 0 24.6 73.5 40 -1 1 100 100
1 1 0 24.7 73.5 40 -1 1 100 100
1 1 15 24.6 73.5 40 -1 1 100 100
1 1 0 24.7 73.5 40 -1 1 100 100
1 1 6 24.7 74.0 38 -1 1 100 100
1 1 8 24.7 74.0 41 -1 1 100 100
1 1 0 24.7 74.0 41 -1 1 100 100
1 1 1 24.7 74.0 43 -1 1 100 100
1 1 0 24.7 74.0 48 -1 1 100 100
1 1 0 24.7 74.0 50 -1 1 100 100
1 1 3 24.7 74.0 54 -1 1 100 100
1 1 5 24.7 74.0 53 -1 1 100 100
1 1 5 24.7 74.0 57 -1 1 100 100
1 1 4 24.7 74.0 55 -1 1 100 100
1 1 5 24.7 74.0 55 -1 1 100 100
1 1 0 24.7 74.0 55 -1 1 100 100
1 1 4 24.7 74.5 55 -1 1 100 100
1 1 7 24.7 74.0 54 -1 1 100 100
1 1 4 24.7 74.5 52 -1 1 100 100
1 1 0 24.7 74.5 52 -1 1 100 100
1 1 0 24.7 74.5 46 -1 1 100 100
1 1 0 24.7 74.5 48 -1 1 100 100
1 1 0 24.7 74.5 45 -1 1 100 100
1 1 0 24.8 74.5 43 -1 1 100 100
1 1 0 24.7 74.5 47 -1 1 100 100
1 1 0 24.7 74.5 47 -1 1 100 100
1 1 0 24.7 74.5 43 -1 1 100 100
1 1 4 24.8 74.5 43 -1 1 100 100
1 1 0 24.8 74.5 45 -1 1 100 100
1 1 1 24.7 74.5 48 -1 1 100 100
1 1 1 24.8 74.5 48 -1 1 100 100
1 1 0 24.8 74.5 44 -1 1 100 100
1 1 3 24.7 74.5 48 -1 1 100 100
1 1 5 24.8 74.5 45 -1 1 100 100
1 1 2 24.8 74.0 43 -1 1 100 100
1 1 0 24.7 74.0 45 -1 1 100 100
1 1 0 24.8 74.0 43 -1 1 100 100
1 1 0 24.7 74.0 41 -1 1 100 100
1 1 0 24.7 74.0 41 -1 1 100 100
1 1 0 24.8 74.0 43 -1 1 100 100
1 1 0 24.7 74.0 43 -1 1 100 100
1 1 0 24.7 74.0 43 -1 1 100 100
1 1 4 24.7 74.0 43 -1 1 100 100
1 1 9 24.8 74.0 41 -1 1 100 100
1 1 0 24.8 74.0 43 -1 1 100 100
1 1 0 24.7 74.0 45 -1 1 100 100
1 1 0 24.7 74.0 45 -1 1 100 100
1 1 0 24.7 74.0 43 -1 1 100 100
1 1 0 24.7 74.0 41 -1 1 100 100
1 1 2 24.8 74.0 39 -1 1 100 100
1 1 4 24.8 74.0 39 -1 1 100 100
1 1 5 24.7 74.0 41 -1 1 100 100
1 1 8 24.8 74.0 41 -1 1 100 100
1 1 6 24.8 74.0 41 -1 1 100 100
1 1 2 24.7 74.0 39 -1 1 100 100
1 1 0 24.7 74.0 43 -1 1 100 100
1 1 2 24.7 74.0 41 -1 1 100 100
1 1 0 24.7 73.5 39 -1 1 100 100
1 1 2 24.8 73.5 39 -1 1 100 100
1 1 9 24.7 73.0 39 -1 1 100 100
1 1 0 24.7 73.0 39 -1 1 100 100
1 1 0 24.7 73.0 37 -1 1 100 100
1 1 0 24.7 72.5 38 -1 1 100 100
1 1 8 24.7 72.5 36 -1 1 100 100
1 1 0 24.7 72.5 36 -1 1 100 100
1 1 2 24.7 72.0 32 -1 1 100 100
1 1 0 24.7 72.0 30 -1 1 100 100
1 1 0 24.6 72.0 29 -1 1 100 100
1 1 0 24.7 72.0 29 -1 1 100 100
1 1 0 24.7 72.0 29 -1 1 100 100
1 1 3 24.7 72.0 27 -1 1 100 100
1 1 1 24.7 71.5 25 -1 1 100 100
1 1 1 24.6 71.5 27 -1 1 100 100
1 1 0 24.7 71.5 25 -1 1 100 100
1 1 1 24.7 71.5 26 -1 1 100 100
1 1 1 24.7 71.5 24 -1 1 100 100
1 1 5 24.7 71.5 20 -1 1 100 100
1 1 0 24.6 71.5 22 -1 1 100 100
1 1 2 24.7 72.0 22 -1 1 100 100
1 1 0 24.7 72.0 20 -1 1 100 100
1 1 3 24.6 71.5 22 -1 1 100 100
1 1 0 24.7 71.5 22 -1 1 100 100
1 1 0 24.6 72.0 20 -1 1 100 100
1 1 8 24.6 72.0 18 -1 1 100 100
1 1 0 24.7 72.0 21 -1 1 100 100
1 1 0 24.7 71.5 19 -1 1 100 100
1 1 1 24.6 71.5 17 -1 1 100 100
1 1 0 24.6 71.5 17 -1 1 100 100
1 1 0 24.6 71.5 15 -1 1 100 100
1 1 0 24.6 71.0 17 -1 1 100 100
1 1 0 24.6 71.0 17 -1 1 100 100
1 1 0 24.6 71.0 15 -1 1 100 100
1 1 0 24.6 71.0 15 -1 1 100 100
1 1 0 24.6 71.0 13 -1 1 100 100
1 1 0 24.6 71.0 13 -1 1 100 100
1 1 5 24.6 71.0 16 -1 1 100 100
1 1 2 24.5 71.0 16 -1 1 100 100
1 1 1 24.5 71.0 14 -1 1 100 100
1 1 2 24.6 71.0 14 -1 1 100 100
1 1 0 24.6 71.0 14 -1 1 100 100
1 1 0 24.6 71.0 14 -1 1 100 100
1 1 7 24.5 71.0 14 -1 1 100 100
1 1 2 24.6 71.0 14 -1 1 100 100
1 1 0 24.5 70.5 14 -1 1 100 100
1 1 11 24.5 70.5 14 -1 1 100 100
1 1 0 24.5 70.5 14 -1 1 100 100
1 1 0 24.5 70.5 14 -1 1 100 100
1 1 0 24.5 70.5 14 -1 1 100 100
1 1 0 24.5 70.5 14 -1 1 100 100
1 1 8 24.5 70.5 14 -1 1 100 100
1 1 0 24.5 70.0 14 -1 1 100 100
1 1 4 24.5 70.0 14 -1 1 100 100
1 1 0 24.5 70.0 14 -1 1 100 100
1 1 5 24.5 70.0 14 -1 1 100 100
1 1 4 24.5 70.0 14 -1 1 100 100
1 1 3 24.5 70.0 14 -1 1 100 100
1 1 2 24.5 70.0 14 -1 1 100 100
1 1 5 24.5 70.0 14 -1 1 100 100
1 1 0 24.4 70.0 14 -1 1 100 100
1 1 6 24.5 69.5 14 -1 1 100 100
1 1 3 24.4 69.5 14 -1 1 100 100
1 1 0 24.4 69.5 14 -1 1 100 100
1 1 4 24.4 69.5 14 -1 1 100 100
1 1 1 24.4 69.5 14 -1 1 100 100
1 1 2 24.4 69.0 14 -1 1 100 100
1 1 0 24.4 69.0 14 -1 1 100 100
1 1 0 24.3 69.0 14 -1 1 100 100
1 1 9 24.5 68.5 14 -1 1 100 100
1 1 3 24.4 69.0 14 -1 1 100 100
1 1 6 24.3 69.0 14 -1 1 100 100
1 1 0 24.4 68.5 14 -1 1 100 100
1 1 0 24.4 68.5 14 -1 1 100 100
1 1 4 24.4 68.5 14 -1 1 100 100
1 1 2 24.4 68.5 14 -1 1 100 100
1 1 0 24.4 68.5 14 -1 1 100 100
1 1 7 24.4 68.5 14 -1 1 100 100
1 1 3 24.3 68.5 14 -1 1 100 100
1 1 0 24.4 68.5 14 -1 1 100 100
1 1 14 24.4 68.5 14 -1 1 100 100
1 1 5 24.4 69.0 14 -1 1 100 100
1 1 0 24.4 68.5 14 -1 1 100 100
1 1 10 24.4 69.0 14 -1 1 100 100
1 1 3 24.4 69.0 14 -1 1 100 100
1 1 0 24.3 69.0 14 -1 1 100 100
1 1 6 24.3 68.5 14 -1 1 100 100
1 1 0 24.3 69.0 14 -1 1 100 100
1 1 0 24.3 69.0 14 -1 1 100 100
1 1 0 24.3 69.0 14 -1 1 100 100
1 1 2 24.3 69.5 14 -1 1 100 100
1 1 0 24.3 69.5 14 -1 1 100 100
1 1 0 24.3 70.0 14 -1 1 100 100
1 1 0 24.3 70.0 14 -1 1 100 100
1 1 0 24.4 70.5 14 -1 1 100 100
1 1 4 24.4 70.5 14 -1 1 100 100
1 1 0 24.4 71.0 14 -1 1 100 100
1 1 2 24.4 71.0 14 -1 1 100 100
1 1 0 24.4 71.0 14 -1 1 100 100
1 1 3 24.4 71.0 14 -1 1 100 100
1 1 3 24.4 71.0 14 -1 1 100 100
1 1 0 24.5 71.0 14 -1 1 100 100
1 1 3 24.4 70.5 14 -1 1 100 100
1 1 2 24.5 70.5 14 -1 1 100 100
1 1 2 24.5 70.5 12 -1 1 100 100
1 1 0 24.4 70.5 14 -1 1 100 100
1 1 0 24.4 70.5 14 -1 1 100 100
1 1 0 24.4 70.5 14 -1 1 100 100
1 1 0 24.5 70.5 14 -1 1 100 100
1 1 0 24.5 70.5 14 -1 1 100 100
1 1 0 24.5 70.5 14 -1 1 100 100
1 1 0 24.5 70.5 14 -1 1 100 100
1 1 1 24.4 70.5 14 -1 1 100 100
1 1 2 24.4 70.0 14 -1 1 100 100
1 1 0 24.5 70.0 14 -1 1 100 100
1 1 0 24.4 70.0 14 -1 1 100 100
1 1 2 24.4 70.0 14 -1 1 100 100
1 1 0 24.5 70.0 14 -1 1 100 100
1 1 4 24.5 70.0 14 -1 1 100 100
1 1 9 24.4 70.0 14 -1 1 100 100
1 1 1 24.4 70.0 14 -1 1 100 100
1 1 6 24.5 70.0 14 -1 1 100 100
1 1 1 24.4 70.0 14 -1 1 100 100
1 1 0 24.4 70.0 14 -1 1 100 100
1 1 1 24.4 69.5 14 -1 1 100 100
1 1 3 24.4 69.5 14 -1 1 100 100
1 1 0 24.5 69.5 14 -1 1 100 100
1 1 7 24.4 69.5 14 -1 1 100 100
1 1 0 24.4 69.5 14 -1 1 100 100
1 1 0 24.3 69.5 14 -1 1 100 100
1 1 0 24.4 69.0 14 -1 1 100 100
1 1 4 24.4 69.0 14 -1 1 100 100
1 1 1 24.4 69.0 14 -1 1 100 100
1 1 1 24.4 69.0 14 -1 1 100 100
1 1 0 24.4 69.0 14 -1 1 100 100
1 1 3 24.4 69.0 14 -1 1 100 100
1 1 0 24.5 69.0 14 -1 1 100 100
1 1 0 24.4 68.5 14 -1 1 100 100
1 1 11 24.3 68.5 14 -1 1 100 100
1 1 0 24.4 68.5 14 -1 1 100 100
1 1 1 24.4 68.5 14 -1 1 100 100
1 1 0 24.4 68.5 14 -1 1 100 100
1 1 1 24.4 68.5 14 -1 1 100 100
1 1 0 24.4 68.0 14 -1 1 100 100
1 1 0 24.3 68.0 14 -1 1 100 100
1 1 0 24.3 68.0 14 -1 1 100 100
1 1 0 24.3 68.0 14 -1 1 100 100
1 1 0 24.3 67.5 14 -1 1 100 100
1 1 0 24.3 67.5 14 -1 1 100 100
1 1 0 24.2 67.5 14 -1 1 100 100
1 1 0 24.2 67.5 14 -1 1 100 100
1 1 0 24.2 67.0 14 -1 1 100 100
1 1 0 24.2 67.0 14 -1 1 100 100
1 1 0 24.2 67.0 14 -1 1 100 100
1 1 3 24.2 66.5 14 -1 1 100 100
1 1 0 24.2 67.0 14 -1 1 100 100
1 1 0 24.2 66.5 14 -1 1 100 100
1 1 3 24.1 66.5 14 -1 1 100 100
1 1 5 24.2 66.5 14 -1 1 100 100
1 1 0 24.1 66.5 14 -1 1 100 100
1 1 3 24.2 66.5 14 -1 1 100 100
1 1 12 24.2 66.0 14 -1 1 100 100
1 1 0 24.2 66.0 14 -1 1 100 100
1 1 8 24.1 66.0 14 -1 1 100 100
1 1 0 24.1 65.5 14 -1 1 100 100
1 1 0 24.1 66.0 14 -1 1 100 100
1 1 2 24.1 66.0 14 -1 1 100 100
1 1 5 24.1 65.5 14 -1 1 100 100
1 1 0 24.2 65.5 14 -1 1 100 100
1 1 4 24.1 65.5 14 -1 1 100 100
1 1 0 24.1 65.5 14 -1 1 100 100
1 1 1 24.1 65.5 14 -1 1 100 100
1 1 0 24.1 65.5 14 -1 1 100 100
1 1 0 24.1 65.5 14 -1 1 100 100
1 1 0 24.1 65.5 14 -1 1 100 100
1 1 2 24.1 65.5 14 -1 1 100 100
1 1 5 24.0 65.0 14 -1 1 100 100
1 1 0 24.1 65.0 14 -1 1 100 100
1 1 0 24.1 65.0 14 -1 1 100 100
1 1 0 24.1 65.0 14 -1 1 100 100
1 1 0 24.1 65.5 14 -1 1 100 100
1 1 0 24.1 65.5 14 -1 1 100 100
1 1 0 24.1 66.0 14 -1 1 100 100
1 1 7 24.1 66.0 14 -1 1 100 100
1 1 18 24.2 66.5 14 -1 1 100 100
1 1 11 24.1 66.5 14 -1 1 100 100
0 1 10 24.1 66.5 12 -1 1 13 13
0 1 7 24.1 66.0 2 -1 1 13 13
0 1 11 24.2 66.0 2 -1 0 13 13
0 1 0 24.2 66.0 2 -1 0 13 13
0 1 0 24.2 66.5 2 -1 0 13 13
0 1 0 24.2 66.5 2 -1 0 13 13
0 1 0 24.2 67.0 2 -1 0 13 13
0 1 0 24.2 67.0 2 -1 0 13 13
0 1 0 24.2 67.0 2 -1 0 13 13
0 1 0 24.2 67.0 2 -1 0 13 13
0 1 0 24.2 67.0 2 -1 0 13 13
0 1 0 24.2 67.5 2 -1 0 13 13
0 1 0 24.2 67.5 2 -1 0 13 13
0 1 0 24.3 67.5 2 -1 0 13 13
0 1 0 24.3 67.5 2 -1 0 13 13
0 1 0 24.3 67.5 2 -1 0 13 13
0 1 0 24.2 67.5 2 -1 0 13 13
0 1 0 24.3 68.0 2 -1 0 13 13
0 1 0 24.3 68.0 2 -1 0 13 13
0 1 0 24.3 68.0 2 -1 0 13 13
0 1 0 24.3 68.0 2 -1 0 13 13
0 1 0 24.3 68.0 2 -1 0 13 13
0 1 0 24.3 68.0 2 -1 0 13 13
0 1 0 24.3 68.0 2 -1 0 13 13
0 1 0 24.3 68.0 2 -1 0 13 13
0 1 0 24.4 68.0 2 -1 0 13 13
0 1 0 24.4 68.0 2 -1 0 13 13
0 1 0 24.4 68.0 2 -1 0 13 13
0 1 0 24.4 68.0 2 -1 0 13 13
0 1 0 24.4 68.5 2 -1 0 13 13
0 1 0 24.4 68.5 2 -1 0 13 13
0 1 0 24.4 68.5 2 -1 0 13 13
0 1 0 24.3 68.5 2 -1 0 13 13
0 1 0 24.4 68.5 2 -1 0 13 13
0 1 0 24.4 68.5 2 -1 0 13 13
0 1 0 24.5 68.5 2 -1 0 13 13
0 1 0 24.5 68.5 2 -1 0 13 13
0 1 0 24.4 68.5 2 -1 0 13 13
0 1 0 24.6 68.5 2 -1 0 13 13
0 1 0 24.5 68.5 2 -1 0 13 13
0 1 0 24.5 68.5 2 -1 0 13 13
0 1 0 24.5 68.5 2 -1 0 13 13
0 1 0 24.5 68.5 2 -1 0 13 13
0 1 0 24.4 68.5 0 -1 0 13 13
0 1 0 24.5 68.5 0 -1 0 13 13
0 1 0 24.5 69.0 0 -1 0 13 13
0 1 0 24.5 69.0 0 -1 0 13 13
0 1 0 24.5 69.0 0 -1 0 13 13
0 1 0 24.6 69.0 0 -1 0 13 13
0 1 0 24.5 69.0 0 -1 0 13 13
0 1 0 24.5 69.0 0 -1 0 13 13
0 1 0 24.5 69.0 0 -1 0 13 13
0 1 0 24.6 69.0 0 -1 0 13 13
0 1 0 24.6 69.0 0 -1 0 13 13
0 1 0 24.6 69.0 0 -1 0 13 13
0 1 0 24.6 69.0 0 -1 0 13 13
0 1 0 24.6 69.0 0 -1 0 13 13
0 1 0 24.6 69.0 0 -1 0 13 13
0 1 0 24.6 69.0 0 -1 0 13 13
0 1 0 24.6 69.0 0 -1 0 13 13
0 1 0 24.7 69.5 0 -1 0 13 13
0 1 0 24.7 69.0 0 -1 0 13 13
0 1 0 24.6 69.0 0 -1 0 13 13
0 1 0 24.7 69.5 0 -1 0 13 13
0 1 0 24.6 69.5 0 -1 0 13 13
0 1 0 24.7 69.5 0 -1 0 13 13
0 1 0 24.6 69.5 0 -1 0 13 13
0 1 0 24.7 69.5 0 -1 0 13 13
0 1 0 24.7 69.5 0 -1 0 13 13
0 1 0 24.7 69.5 0 -1 0 13 13
0 1 0 24.7 69.5 0 -1 0 13 13
0 1 0 24.7 69.0 0 -1 0 13 13
0 1 0 24.7 69.0 0 -1 0 13 13
0 1 0 24.7 69.5 0 -1 0 13 13
0 1 0 24.7 69.5 0 -1 0 13 13
0 1 0 24.7 69.5 0 -1 0 13 13
0 1 0 24.8 69.5 0 -1 0 13 13
0 1 0 24.7 69.0 0 -1 0 13 13
0 1 0 24.7 69.0 0 -1 0 13 13
0 1 0 24.8 69.5 0 -1 0 13 13
0 1 0 24.7 69.5 0 -1 0 13 13
0 1 0 24.8 69.5 0 -1 0 13 13
0 1 0 24.7 69.5 0 -1 0 13 13
0 1 0 24.8 69.5 0 -1 0 13 13
0 1 0 24.7 69.5 0 -1 0 13 13
0 1 0 24.8 69.5 0 -1 0 13 13
0 1 0 24.8 69.5 0 -1 0 13 13
0 1 0 24.8 69.5 0 -1 0 13 13
0 1 0 24.8 69.5 0 -1 0 13 13
0 1 0 24.8 69.5 0 -1 0 13 13
0 1 0 24.9 69.5 0 -1 0 13 13
0 1 0 24.8 69.5 0 -1 0 13 13
0 1 0 24.8 69.5 0 -1 0 13 13
0 1 0 24.8 69.5 0 -1 0 13 13
0 1 0 24.8 69.5 0 -1 0 13 13
0 1 0 24.8 69.5 0 -1 0 13 13
0 1 0 24.9 69.5 0 -1 0 13 13
0 1 0 24.8 69.5 0 -1 0 13 13
0 1 0 24.9 69.5 0 -1 0 13 13
0 1 0 24.9 69.5 0 -1 0 13 13
0 1 0 24.9 69.5 0 -1 0 13 13
0 1 0 24.9 69.5 0 -1 0 13 13
0 1 0 24.8 69.5 0 -1 0 13 13
0 1 0 24.8 69.5 0 -1 0 13 13
0 1 0 24.8 69.5 0 -1 0 13 13
0 1 0 24.9 69.5 0 -1 0 13 13
0 1 0 24.9 69.5 0 -1 0 13 13
0 1 0 24.9 69.5 0 -1 0 13 13
0 1 0 24.9 69.5 0 -1 0 13 13
0 1 0 24.9 69.5 0 -1 0 13 13
0 1 0 24.9 69.5 0 -1 0 13 13
0 1 0 24.9 69.5 0 -1 0 13 13
0 1 0 24.9 69.5 0 -1 0 13 13
0 1 0 24.9 69.5 0 -1 0 13 13
0 1 0 24.9 69.5 0 -1 0 13 13
0 1 0 24.9 69.5 0 -1 0 13 13
0 1 0 24.9 69.5 0 -1 0 13 13
0 1 0 25.0 69.5 0 -1 0 13 13
0 1 0 24.9 69.5 0 -1 0 13 13
0 1 0 25.0 69.5 0 -1 0 13 13
0 1 0 24.9 69.5 0 -1 0 13 13
0 1 0 24.9 69.5 0 -1 0 13 13
0 1 0 24.9 69.5 0 -1 0 13 13
0 1 0 24.9 69.5 0 -1 0 13 13
0 1 0 24.9 69.5 0 -1 0 13 13
0 1 0 25.0 69.5 0 -1 0 13 13
0 1 0 24.9 70.0 0 -1 0 13 13
0 1 0 25.0 69.5 0 -1 0 13 13
0 1 0 25.0 69.5 0 -1 0 13 13
0 1 0 25.0 69.5 0 -1 0 13 13
0 1 0 25.0 69.5 0 -1 0 13 13
0 1 0 25.0 69.5 0 -1 0 13 13
0 1 0 25.0 70.0 0 -1 0 13 13
0 1 0 24.9 70.0 0 -1 0 13 13
0 1 0 25.0 70.0 0 -1 0 13 13
0 1 0 25.0 70.0 0 -1 0 13 13
0 1 0 25.0 70.0 0 -1 0 13 13
0 1 0 25.0 70.0 0 -1 0 13 13
0 1 0 25.1 70.0 0 -1 0 13 13
0 1 0 24.9 70.0 0 -1 0 13 13
0 1 0 25.1 70.0 0 -1 0 13 13
0 1 0 25.0 70.0 0 -1 0 13 13
0 1 0 25.0 70.0 0 -1 0 13 13
0 1 0 25.0 70.0 0 -1 0 13 13
0 1 0 25.1 70.0 0 -1 0 13 13
0 1 0 25.1 70.0 0 -1 0 13 13
0 1 0 25.0 70.0 0 -1 0 13 13
0 1 0 25.0 70.0 0 -1 0 13 13
0 1 0 25.1 70.0 0 -1 0 13 13
0 1 0 25.0 70.0 0 -1 0 13 13
