0 1 0 25.7 69.5 0 -1 0 -1 -1
0 1 0 25.8 69.5 0 -1 0 -1 -1
0 1 0 25.7 69.5 0 -1 0 -1 -1
0 1 0 25.8 69.5 0 -1 0 -1 -1
0 1 0 25.8 69.5 0 -1 0 -1 -1
0 1 0 25.8 69.5 0 -1 0 -1 -1
0 1 0 25.8 69.5 0 -1 0 -1 -1
0 1 0 25.7 69.5 0 -1 0 -1 -1
0 1 0 25.8 69.5 0 -1 0 -1 -1
0 1 0 25.7 69.5 0 -1 0 -1 -1
0 1 0 25.8 69.5 0 -1 0 -1 -1
0 1 0 25.8 69.5 0 -1 0 -1 -1
0 1 0 25.8 69.5 0 -1 0 -1 -1
0 1 0 25.8 69.5 0 -1 0 -1 -1
0 1 0 25.8 69.5 0 -1 0 -1 -1
0 1 0 25.7 69.5 0 -1 0 -1 -1
0 1 0 25.8 69.5 0 -1 0 -1 -1
0 1 0 25.8 69.5 0 -1 0 -1 -1
0 1 0 25.7 69.5 0 -1 0 -1 -1
0 1 0 25.8 69.5 0 -1 0 -1 -1
0 1 0 25.8 69.5 0 -1 0 -1 -1
0 1 0 25.8 69.5 0 -1 0 -1 -1
0 1 0 25.7 69.5 0 -1 0 -1 -1
0 1 0 25.8 70.0 0 -1 0 -1 -1
0 1 0 25.8 69.5 0 -1 0 -1 -1
0 1 0 25.7 69.5 0 -1 0 -1 -1
0 1 0 25.8 70.0 0 -1 0 -1 -1
0 1 0 25.8 70.0 0 -1 0 -1 -1
0 1 0 25.8 70.0 0 -1 0 -1 -1
0 1 0 25.8 70.0 0 -1 0 -1 -1
0 1 0 25.8 70.0 0 -1 0 -1 -1
0 1 0 25.9 70.0 0 -1 0 -1 -1
0 1 0 25.9 70.0 0 -1 0 -1 -1
0 1 0 25.8 70.0 0 -1 0 -1 -1
0 1 0 25.8 70.0 0 -1 0 -1 -1
0 1 0 25.8 70.0 0 -1 0 -1 -1
0 1 0 25.8 70.0 0 -1 0 -1 -1
0 1 0 25.8 70.0 0 -1 0 -1 -1
0 1 0 25.9 70.0 0 -1 0 -1 -1
0 1 0 25.8 70.0 0 -1 0 -1 -1
0 1 0 25.8 70.0 0 -1 0 -1 -1
0 1 0 25.8 70.0 0 -1 0 -1 -1
0 1 0 25.8 70.0 0 -1 0 -1 -1
0 1 0 25.8 70.0 0 -1 0 -1 -1
0 1 0 25.8 70.0 0 -1 0 -1 -1
0 1 0 25.8 70.0 0 -1 0 -1 -1
0 1 0 25.9 70.0 0 -1 0 -1 -1
0 1 0 25.9 70.0 0 -1 0 -1 -1
0 1 0 25.9 70.0 0 -1 0 -1 -1
0 1 0 25.8 70.0 0 -1 0 -1 -1
0 1 0 25.9 70.0 0 -1 0 -1 -1
0 1 0 25.9 70.0 0 -1 0 -1 -1
0 1 0 25.9 70.0 0 -1 0 -1 -1
0 1 0 25.9 70.0 0 -1 0 -1 -1
0 1 0 25.8 70.0 0 -1 0 -1 -1
0 1 0 25.9 70.0 0 -1 0 -1 -1
0 1 0 25.8 70.0 0 -1 0 -1 -1
0 1 0 25.9 70.0 0 -1 0 -1 -1
0 1 0 25.9 70.0 0 -1 0 -1 -1
0 1 0 25.9 70.0 0 -1 0 -1 -1
0 1 0 25.9 70.0 0 -1 0 -1 -1
0 1 0 25.8 70.0 0 -1 0 -1 -1
0 1 0 25.9 70.0 0 -1 0 -1 -1
0 1 0 25.9 70.0 0 -1 0 -1 -1
0 1 0 25.9 70.0 0 -1 0 -1 -1
0 1 0 25.9 70.0 0 -1 0 -1 -1
0 1 0 25.9 70.0 0 -1 0 -1 -1
0 1 0 25.9 70.0 0 -1 0 -1 -1
0 1 0 25.9 70.0 0 -1 0 -1 -1
0 1 0 25.9 70.0 0 -1 0 -1 -1
0 1 0 25.9 70.0 0 -1 0 -1 -1
0 1 0 25.9 70.0 0 -1 0 -1 -1
0 1 0 25.9 70.0 0 -1 0 -1 -1
0 1 0 26.0 70.0 0 -1 0 -1 -1
0 1 0 25.9 70.0 0 -1 0 -1 -1
0 1 0 25.9 70.0 0 -1 0 -1 -1
0 1 0 25.9 70.0 0 -1 0 -1 -1
0 1 0 25.9 70.0 0 -1 0 -1 -1
0 1 0 25.9 70.5 0 -1 0 -1 -1
0 1 0 25.8 70.0 0 -1 0 -1 -1
0 1 0 25.9 70.0 0 -1 0 -1 -1
0 1 0 25.9 70.5 0 -1 0 -1 -1
0 1 0 25.9 70.5 0 -1 0 -1 -1
0 1 0 25.9 70.5 0 -1 0 -1 -1
0 1 0 25.9 70.5 0 -1 0 -1 -1
0 1 0 25.9 70.5 0 -1 0 -1 -1
0 1 0 25.9 70.5 0 -1 0 -1 -1
0 1 0 25.9 70.5 0 -1 0 -1 -1
0 1 0 25.9 70.5 0 -1 0 -1 -1
0 1 0 26.0 70.5 0 -1 0 -1 -1
0 1 0 25.9 70.5 0 -1 0 -1 -1
0 1 0 25.9 70.5 0 -1 0 -1 -1
0 1 0 25.9 70.5 0 -1 0 -1 -1
0 1 0 25.9 70.5 0 -1 0 -1 -1
0 1 0 25.9 70.5 0 -1 0 -1 -1
0 1 0 25.9 70.5 0 -1 0 -1 -1
0 1 0 25.9 70.5 0 -1 0 -1 -1
0 1 0 26.0 70.5 0 -1 0 -1 -1
0 1 0 25.9 70.5 0 -1 0 -1 -1
0 1 0 25.9 70.5 0 -1 0 -1 -1
0 1 0 25.9 70.5 0 -1 0 -1 -1
0 1 0 25.9 70.5 0 -1 0 -1 -1
0 1 0 26.0 70.5 0 -1 0 -1 -1
0 1 0 26.0 70.5 0 -1 0 -1 -1
0 1 0 25.9 70.5 0 -1 0 -1 -1
0 1 0 25.9 70.5 0 -1 0 -1 -1
0 1 0 25.9 70.5 0 -1 0 -1 -1
0 1 0 25.9 70.5 0 -1 0 -1 -1
0 1 0 26.0 70.5 0 -1 0 -1 -1
0 1 0 26.0 70.5 0 -1 0 -1 -1
0 1 0 25.9 71.0 0 -1 0 -1 -1
0 1 0 26.0 71.0 0 -1 0 -1 -1
0 1 0 26.0 71.0 0 -1 0 -1 -1
0 1 0 25.9 71.0 0 -1 0 -1 -1
0 1 0 25.9 71.0 0 -1 0 -1 -1
0 1 0 26.0 71.0 0 -1 0 -1 -1
0 1 0 25.9 71.0 0 -1 0 -1 -1
0 1 0 26.0 71.0 0 -1 0 -1 -1
0 1 0 26.0 71.0 0 -1 0 -1 -1
0 1 0 25.9 71.0 0 -1 0 -1 -1
0 1 0 25.9 71.0 0 -1 0 -1 -1
0 1 0 25.9 71.0 0 -1 0 -1 -1
0 1 0 26.0 71.0 0 -1 0 -1 -1
0 1 0 26.1 70.5 0 -1 0 -1 -1
0 1 0 26.0 71.0 0 -1 0 -1 -1
0 1 0 26.0 70.5 0 -1 0 -1 -1
0 1 0 26.0 71.0 0 -1 0 -1 -1
0 1 0 26.0 71.0 0 -1 0 -1 -1
0 1 0 25.9 71.0 0 -1 0 -1 -1
0 1 0 26.0 71.0 0 -1 0 -1 -1
0 1 0 26.0 71.0 0 -1 0 -1 -1
0 1 0 26.0 71.0 0 -1 0 -1 -1
0 1 0 26.0 71.0 0 -1 0 -1 -1
0 1 0 26.0 71.0 0 -1 0 -1 -1
0 1 0 26.0 71.0 0 -1 0 -1 -1
0 1 0 26.0 71.0 0 -1 0 -1 -1
0 1 0 26.0 71.0 0 -1 0 -1 -1
0 1 0 26.0 71.0 0 -1 0 -1 -1
0 1 0 26.0 71.0 0 -1 0 -1 -1
0 1 0 26.0 71.0 0 -1 0 -1 -1
0 1 0 25.9 71.0 0 -1 0 -1 -1
0 1 0 26.0 71.0 0 -1 0 -1 -1
0 1 0 26.0 71.0 0 -1 0 -1 -1
0 1 0 26.1 71.0 0 -1 0 -1 -1
0 1 0 26.0 71.5 0 -1 0 -1 -1
0 1 0 26.0 71.5 0 -1 0 -1 -1
0 1 0 26.0 71.5 0 -1 0 -1 -1
0 1 0 25.9 71.5 0 -1 0 -1 -1
0 1 0 26.0 71.5 0 -1 0 -1 -1
0 1 0 26.0 71.5 0 -1 0 -1 -1
0 1 0 26.1 71.5 0 -1 0 -1 -1
0 1 0 26.0 71.5 0 -1 0 -1 -1
0 1 0 26.0 71.5 0 -1 0 -1 -1
0 1 0 26.0 71.5 0 -1 0 -1 -1
0 1 0 26.0 71.5 0 -1 0 -1 -1
0 1 0 26.0 71.5 0 -1 0 -1 -1
0 1 0 26.0 71.5 0 -1 0 -1 -1
0 1 0 26.0 71.5 0 -1 0 -1 -1
0 1 0 26.0 71.5 0 -1 0 -1 -1
0 1 0 26.0 71.5 0 -1 0 -1 -1
0 1 0 26.1 71.5 0 -1 0 -1 -1
0 1 0 26.1 71.5 0 -1 0 -1 -1
0 1 0 26.0 71.5 0 -1 0 -1 -1
0 1 0 26.1 71.5 0 -1 0 -1 -1
0 1 0 26.0 71.5 0 -1 0 -1 -1
0 1 0 26.1 71.5 0 -1 0 -1 -1
0 1 0 26.1 71.5 0 -1 0 -1 -1
0 1 0 26.0 71.5 0 -1 0 -1 -1
0 1 0 26.0 71.5 0 -1 0 -1 -1
0 1 0 26.0 71.5 0 -1 0 -1 -1
0 1 0 26.1 71.5 0 -1 0 -1 -1
0 1 0 26.0 71.5 0 -1 0 -1 -1
0 1 0 26.0 71.5 0 -1 0 -1 -1
0 1 0 26.1 71.5 0 -1 0 -1 -1
0 1 0 26.0 71.5 0 -1 0 -1 -1
0 1 0 26.0 71.5 0 -1 0 -1 -1
0 1 0 26.0 72.0 0 -1 0 -1 -1
0 1 0 26.0 71.5 0 -1 0 -1 -1
0 1 0 26.1 71.5 0 -1 0 -1 -1
0 1 0 26.0 71.5 0 -1 0 -1 -1
0 1 0 26.0 72.0 0 -1 0 -1 -1
0 1 0 26.1 72.0 0 -1 0 -1 -1
0 1 0 26.0 71.5 0 -1 0 -1 -1
0 1 0 26.1 72.0 0 -1 0 -1 -1
0 1 0 26.0 72.0 0 -1 0 -1 -1
0 1 0 26.0 72.0 0 -1 0 -1 -1
0 1 0 26.1 72.0 0 -1 0 -1 -1
0 1 0 26.1 72.0 0 -1 0 -1 -1
0 1 0 26.0 72.0 0 -1 0 -1 -1
0 1 0 26.0 72.0 0 -1 0 -1 -1
0 1 0 26.0 72.0 0 -1 0 -1 -1
0 1 0 26.0 72.0 0 -1 0 -1 -1
0 1 0 26.1 72.0 0 -1 0 -1 -1
0 1 0 26.1 72.0 0 -1 0 -1 -1
0 1 0 26.1 72.0 0 -1 0 -1 -1
0 1 0 26.1 72.0 0 -1 0 -1 -1
0 1 0 26.0 72.0 0 -1 0 -1 -1
0 1 0 26.1 72.0 0 -1 0 -1 -1
0 1 0 26.1 72.0 0 -1 0 -1 -1
0 1 0 26.0 72.0 0 -1 0 -1 -1
0 1 0 26.1 72.0 0 -1 0 -1 -1
0 1 0 26.0 72.0 0 -1 0 -1 -1
0 1 0 26.1 72.0 0 -1 0 -1 -1
0 1 0 26.0 72.0 0 -1 0 -1 -1
0 1 0 26.1 72.0 0 -1 0 -1 -1
0 1 0 26.0 72.0 0 -1 0 -1 -1
0 1 0 26.1 72.0 0 -1 0 -1 -1
0 1 0 26.1 72.0 0 -1 0 -1 -1
0 1 0 26.0 72.0 0 -1 0 -1 -1
0 1 0 26.1 72.0 0 -1 0 -1 -1
0 1 0 26.1 72.0 0 -1 0 -1 -1
0 1 0 26.1 72.0 0 -1 0 -1 -1
0 1 0 26.1 72.0 0 -1 0 -1 -1
0 1 0 26.0 72.0 0 -1 0 -1 -1
0 1 0 26.1 72.0 0 -1 0 -1 -1
0 1 0 26.1 72.0 0 -1 0 -1 -1
0 1 0 26.0 72.0 0 -1 0 -1 -1
0 1 0 26.1 72.0 0 -1 0 -1 -1
0 1 0 26.1 72.0 0 -1 0 -1 -1
0 1 0 26.0 72.5 0 -1 0 -1 -1
0 1 0 26.0 72.5 0 -1 0 -1 -1
0 1 0 26.1 72.0 0 -1 0 -1 -1
0 1 0 26.1 72.5 0 -1 0 -1 -1
0 1 0 26.1 72.5 0 -1 0 -1 -1
0 1 0 26.1 72.5 0 -1 0 -1 -1
0 1 0 26.0 72.5 0 -1 0 -1 -1
0 1 0 26.1 72.0 0 -1 0 -1 -1
0 1 0 26.0 72.5 0 -1 0 -1 -1
0 1 0 26.0 72.0 0 -1 0 -1 -1
0 1 0 26.1 72.0 0 -1 0 -1 -1
0 1 0 26.1 72.5 0 -1 0 -1 -1
0 1 0 26.1 72.5 0 -1 0 -1 -1
0 1 0 26.2 72.5 0 -1 0 -1 -1
0 1 0 26.1 72.5 0 -1 0 -1 -1
0 1 0 26.1 72.5 0 -1 0 -1 -1
0 1 0 26.1 72.5 0 -1 0 -1 -1
0 1 0 26.1 72.5 0 -1 0 -1 -1
0 1 0 26.1 72.5 0 -1 0 -1 -1
0 1 0 26.1 72.5 0 -1 0 -1 -1
0 1 0 26.0 72.5 0 -1 0 -1 -1
0 1 0 26.1 72.5 0 -1 0 -1 -1
0 1 0 26.1 72.5 0 -1 0 -1 -1
0 1 0 26.1 72.5 0 -1 0 -1 -1
0 1 0 26.1 72.5 0 -1 0 -1 -1
0 1 0 26.1 72.5 0 -1 0 -1 -1
0 1 0 26.1 72.5 0 -1 0 -1 -1
0 1 0 26.2 72.5 0 -1 0 -1 -1
0 1 0 26.1 72.5 0 -1 0 -1 -1
0 1 0 26.2 72.5 0 -1 0 -1 -1
0 1 0 26.1 72.5 0 -1 0 -1 -1
0 1 0 26.1 72.5 0 -1 0 -1 -1
0 1 0 26.1 72.5 0 -1 0 -1 -1
0 1 0 26.1 72.5 0 -1 0 -1 -1
0 1 0 26.0 72.5 0 -1 0 -1 -1
0 1 0 26.1 72.5 0 -1 0 -1 -1
0 1 0 26.1 72.5 0 -1 0 -1 -1
0 1 0 26.1 72.5 0 -1 0 -1 -1
0 1 0 26.2 72.5 0 -1 0 -1 -1
0 1 0 26.1 72.5 0 -1 0 -1 -1
0 1 0 26.0 72.5 0 -1 0 -1 -1
0 1 0 26.1 72.5 0 -1 0 -1 -1
0 1 0 26.1 72.5 0 -1 0 -1 -1
0 1 0 26.1 72.5 0 -1 0 -1 -1
0 1 0 26.2 72.5 0 -1 0 -1 -1
0 1 0 26.1 72.5 0 -1 0 -1 -1
0 1 0 26.1 72.5 0 -1 0 -1 -1
0 1 0 26.1 72.5 0 -1 0 -1 -1
0 1 0 26.2 72.5 0 -1 0 -1 -1
0 1 0 26.1 72.5 0 -1 0 -1 -1
0 1 0 26.0 72.5 0 -1 0 -1 -1
0 1 0 26.1 72.5 0 -1 0 -1 -1
0 1 0 26.1 72.5 0 -1 0 -1 -1
0 1 0 26.1 72.5 0 -1 0 -1 -1
0 1 0 26.1 72.5 0 -1 0 -1 -1
0 1 0 26.1 72.5 0 -1 0 -1 -1
0 1 0 26.1 72.5 0 -1 0 -1 -1
0 1 0 26.1 72.5 0 -1 0 -1 -1
0 1 0 26.1 72.5 0 -1 0 -1 -1
0 1 0 26.0 72.5 0 -1 0 -1 -1
0 1 0 26.1 72.5 0 -1 0 -1 -1
0 1 0 26.1 72.5 0 -1 0 -1 -1
0 1 0 26.1 73.0 0 -1 0 -1 -1
0 1 0 26.2 73.0 0 -1 0 -1 -1
0 1 0 26.2 73.0 0 -1 0 -1 -1
0 1 0 26.1 73.0 0 -1 0 -1 -1
0 1 0 26.0 73.0 0 -1 0 -1 -1
0 1 0 26.0 73.0 0 -1 0 -1 -1
0 1 0 26.1 73.0 0 -1 0 -1 -1
0 1 0 26.1 73.0 0 -1 0 -1 -1
0 1 0 26.1 73.0 0 -1 0 -1 -1
0 1 0 26.1 73.0 0 -1 0 -1 -1
0 1 0 26.1 73.0 0 -1 0 -1 -1
0 1 0 26.1 73.0 0 -1 0 -1 -1
0 1 0 26.1 73.0 0 -1 0 -1 -1
0 1 0 26.1 73.0 0 -1 0 -1 -1
0 1 0 26.1 73.0 0 -1 0 -1 -1
0 1 0 26.1 73.0 0 -1 0 -1 -1
0 1 0 26.1 73.0 0 -1 0 -1 -1
0 1 0 26.1 73.0 0 -1 0 -1 -1
0 1 0 26.1 73.0 0 -1 0 -1 -1
0 1 0 26.1 73.0 2 -1 0 -1 -1
0 1 0 26.1 73.0 2 -1 0 -1 -1
0 1 0 26.2 73.0 2 -1 0 -1 -1
0 1 0 26.1 73.0 2 -1 0 -1 -1
0 1 0 26.1 73.0 2 -1 0 -1 -1
0 1 0 26.2 73.0 2 -1 0 -1 -1
0 1 0 26.1 73.0 2 -1 0 -1 -1
0 1 0 26.1 73.0 2 -1 0 -1 -1
0 1 0 26.1 73.0 2 -1 0 -1 -1
0 1 0 26.1 73.0 2 -1 0 -1 -1
0 1 0 26.1 73.0 2 -1 0 -1 -1
0 1 0 26.1 73.0 2 -1 0 -1 -1
0 1 0 26.1 73.0 2 -1 0 -1 -1
0 1 0 26.1 73.0 1 -1 0 -1 -1
0 1 0 26.1 73.0 1 -1 0 -1 -1
0 1 0 26.1 73.0 1 -1 0 -1 -1
0 1 0 26.1 73.0 1 -1 0 -1 -1
0 1 0 26.2 73.0 1 -1 0 -1 -1
0 1 0 26.1 73.0 1 -1 0 -1 -1
0 1 0 26.1 73.0 1 -1 0 -1 -1
0 1 0 26.2 73.0 1 -1 0 -1 -1
0 1 0 26.1 73.0 1 -1 0 -1 -1
0 1 0 26.1 73.0 1 -1 0 -1 -1
0 1 0 26.2 73.0 1 -1 0 -1 -1
0 1 0 26.2 73.0 1 -1 0 -1 -1
0 1 0 26.2 73.0 1 -1 0 -1 -1
0 1 0 26.1 73.0 1 -1 0 -1 -1
0 1 0 26.1 73.0 1 -1 0 -1 -1
0 1 0 26.1 73.0 1 -1 0 -1 -1
0 1 0 26.1 73.0 1 -1 0 -1 -1
0 1 0 26.1 73.0 1 -1 0 -1 -1
0 1 0 26.2 73.5 1 -1 0 -1 -1
0 1 0 26.1 73.5 1 -1 0 -1 -1
0 1 0 26.1 73.5 1 -1 0 -1 -1
0 1 0 26.1 73.5 0 -1 0 -1 -1
0 1 0 26.1 73.5 0 -1 0 -1 -1
0 1 0 26.2 73.5 0 -1 0 -1 -1
0 1 0 26.1 73.5 0 -1 0 -1 -1
0 1 0 26.1 73.5 0 -1 0 -1 -1
0 1 0 26.1 73.5 0 -1 0 -1 -1
0 1 0 26.1 73.5 0 -1 0 -1 -1
0 1 0 26.2 73.5 0 -1 0 -1 -1
0 1 0 26.1 73.5 0 -1 0 -1 -1
0 1 0 26.1 73.5 2 -1 0 -1 -1
0 1 0 26.1 73.5 2 -1 0 -1 -1
0 1 0 26.1 73.5 2 -1 0 -1 -1
0 1 0 26.1 73.5 2 -1 0 -1 -1
0 1 0 26.1 73.5 4 -1 0 -1 -1
0 1 0 26.2 73.5 1 -1 0 -1 -1
0 1 0 26.2 73.5 1 -1 0 -1 -1
0 1 0 26.1 73.5 1 -1 0 -1 -1
0 1 0 26.2 73.5 2 -1 0 -1 -1
0 1 0 26.2 73.5 2 -1 0 -1 -1
0 1 0 26.1 73.5 2 -1 0 -1 -1
0 1 0 26.1 73.5 4 -1 0 -1 -1
0 1 0 26.2 73.5 4 -1 0 -1 -1
0 1 0 26.1 73.5 2 -1 0 -1 -1
0 1 0 26.2 73.5 2 -1 0 -1 -1
0 1 0 26.1 73.5 2 -1 0 -1 -1
0 1 0 26.2 73.5 4 -1 0 -1 -1
0 1 0 26.1 73.5 4 -1 0 -1 -1
0 1 0 26.1 73.5 6 -1 0 -1 -1
0 1 0 26.2 73.5 6 -1 0 -1 -1
0 1 0 26.2 73.5 5 -1 0 -1 -1
0 1 0 26.1 73.5 5 -1 0 -1 -1
0 1 0 26.2 73.5 7 -1 0 -1 -1
0 1 0 26.2 73.5 7 -1 0 -1 -1
0 1 0 26.2 73.5 9 -1 0 -1 -1
0 1 0 26.1 73.5 9 -1 0 -1 -1
0 1 0 26.2 73.5 5 -1 0 -1 -1
0 1 0 26.2 73.5 7 -1 0 -1 -1
0 1 0 26.1 73.5 7 -1 0 -1 -1
0 1 0 26.2 73.5 9 -1 0 -1 -1
0 1 0 26.2 73.5 9 -1 0 -1 -1
0 1 0 26.2 73.5 9 -1 0 -1 -1
0 1 0 26.2 73.5 9 -1 0 -1 -1
0 1 0 26.2 73.5 9 -1 0 -1 -1
0 1 0 26.2 73.5 9 -1 0 -1 -1
0 1 0 26.2 73.5 11 -1 0 -1 -1
0 1 0 26.2 73.5 11 -1 0 -1 -1
0 1 0 26.1 73.5 11 -1 0 -1 -1
0 1 0 26.3 73.5 9 -1 0 -1 -1
0 1 0 26.2 73.5 9 -1 0 -1 -1
0 1 0 26.1 73.5 9 -1 0 -1 -1
0 1 0 26.2 73.5 9 -1 0 -1 -1
0 1 0 26.2 73.5 9 -1 0 -1 -1
0 1 0 26.3 73.5 11 -1 0 -1 -1
0 1 0 26.2 73.5 13 -1 0 -1 -1
0 1 0 26.2 73.5 12 -1 0 -1 -1
0 1 0 26.2 73.5 14 -1 0 -1 -1
0 1 0 26.2 73.5 16 -1 0 -1 -1
0 1 0 26.2 73.5 18 -1 0 -1 -1
0 1 0 26.2 73.5 18 -1 0 -1 -1
0 1 0 26.2 73.5 16 -1 0 -1 -1
0 1 0 26.3 73.5 9 -1 0 -1 -1
0 1 0 26.2 73.5 9 -1 0 -1 -1
0 1 0 26.3 73.5 9 -1 0 -1 -1
0 1 0 26.2 73.5 11 -1 0 -1 -1
0 1 0 26.3 73.5 9 -1 0 -1 -1
0 1 0 26.2 73.5 9 -1 0 -1 -1
0 1 0 26.3 73.5 7 -1 0 -1 -1
0 1 0 26.2 74.0 9 -1 0 -1 -1
0 1 0 26.3 74.0 9 -1 0 -1 -1
0 1 0 26.2 74.0 9 -1 0 -1 -1
0 1 0 26.3 74.0 9 -1 0 -1 -1
0 1 0 26.3 74.0 7 -1 0 -1 -1
0 1 0 26.2 74.0 7 -1 0 -1 -1
0 1 0 26.3 74.0 7 -1 0 -1 -1
0 1 0 26.3 74.0 7 -1 0 -1 -1
0 1 0 26.3 74.0 9 -1 0 -1 -1
0 1 0 26.3 74.0 9 -1 0 -1 -1
0 1 0 26.3 74.0 9 -1 0 -1 -1
0 1 0 26.3 74.0 7 -1 0 -1 -1
0 1 0 26.3 74.0 7 -1 0 -1 -1
0 1 0 26.2 74.0 7 -1 0 -1 -1
0 1 0 26.3 74.0 7 -1 0 -1 -1
0 1 0 26.3 74.0 7 -1 0 -1 -1
0 1 0 26.3 74.0 7 -1 0 -1 -1
0 1 0 26.3 74.0 11 -1 0 -1 -1
0 1 0 26.3 74.0 7 -1 0 -1 -1
0 1 0 26.3 74.0 7 -1 0 -1 -1
0 1 0 26.3 74.0 9 -1 0 -1 -1
0 1 0 26.3 74.0 9 -1 0 -1 -1
0 1 0 26.3 74.0 9 -1 0 -1 -1
0 1 0 26.4 74.0 9 -1 0 -1 -1
0 1 0 26.2 74.0 11 -1 0 -1 -1
0 1 0 26.3 74.0 11 -1 0 -1 -1
0 1 0 26.3 74.0 11 -1 0 -1 -1
0 1 0 26.3 74.0 9 -1 0 -1 -1
0 1 0 26.3 74.0 9 -1 0 -1 -1
0 1 0 26.3 74.0 11 -1 0 -1 -1
0 1 0 26.4 74.0 11 -1 0 -1 -1
0 1 0 26.3 74.0 13 -1 0 -1 -1
0 1 0 26.4 74.0 12 -1 0 -1 -1
0 1 0 26.3 74.0 14 -1 0 -1 -1
0 1 0 26.4 74.0 14 -1 0 -1 -1
0 1 0 26.4 74.0 16 -1 0 -1 -1
0 1 0 26.4 74.0 14 -1 0 -1 -1
0 1 0 26.4 74.0 16 -1 0 -1 -1
0 1 0 26.4 74.0 18 -1 0 -1 -1
0 1 0 26.3 74.0 18 -1 0 -1 -1
0 1 0 26.4 74.0 16 -1 0 -1 -1
0 1 0 26.3 74.0 16 -1 0 -1 -1
0 1 0 26.4 74.0 18 -1 0 -1 -1
0 1 0 26.3 74.0 18 -1 0 -1 -1
0 1 0 26.4 74.0 19 -1 0 -1 -1
0 1 0 26.3 74.0 17 -1 0 -1 -1
0 1 0 26.4 74.0 21 -1 0 -1 -1
0 1 0 26.4 74.0 33 -1 0 -1 -1
0 1 0 26.4 74.0 47 -1 0 -1 -1
0 1 0 26.4 74.0 30 -1 0 -1 -1
0 1 0 26.4 74.0 23 -1 0 -1 -1
0 1 0 26.4 74.0 23 -1 0 -1 -1
0 1 0 26.4 74.0 23 -1 0 -1 -1
0 1 0 26.4 74.0 21 -1 0 -1 -1
0 1 0 26.4 74.0 20 -1 0 -1 -1
0 1 0 26.4 74.0 20 -1 0 -1 -1
0 1 0 26.4 74.0 20 -1 0 -1 -1
0 1 0 26.4 74.0 16 -1 0 -1 -1
0 1 0 26.5 74.0 16 -1 0 -1 -1
0 1 0 26.5 74.5 14 -1 0 -1 -1
0 1 0 26.5 74.0 14 -1 0 -1 -1
0 1 0 26.5 74.0 12 -1 0 -1 -1
0 1 0 26.5 74.5 12 -1 0 -1 -1
0 1 0 26.5 74.5 13 -1 0 -1 -1
0 1 0 26.4 74.0 13 -1 0 -1 -1
0 1 0 26.4 74.0 13 -1 0 -1 -1
0 1 0 26.5 74.0 13 -1 0 -1 -1
0 1 0 26.4 74.0 13 -1 0 -1 -1
0 1 0 26.5 74.0 13 -1 0 -1 -1
0 1 0 26.5 74.0 13 -1 0 -1 -1
0 1 0 26.5 74.5 13 -1 0 -1 -1
0 1 0 26.5 74.5 13 -1 0 -1 -1
0 1 0 26.5 74.0 13 -1 0 -1 -1
0 1 0 26.5 74.5 13 -1 0 -1 -1
0 1 0 26.5 74.5 13 -1 0 -1 -1
0 1 0 26.5 74.0 13 -1 0 -1 -1
0 1 0 26.5 74.0 13 -1 0 -1 -1
0 1 0 26.5 74.0 13 -1 0 -1 -1
0 1 0 26.5 74.0 13 -1 0 -1 -1
0 1 0 26.6 74.0 13 -1 0 -1 -1
0 1 0 26.5 74.0 10 -1 0 -1 -1
0 1 0 26.4 74.0 12 -1 0 -1 -1
0 1 0 26.5 74.0 12 -1 0 -1 -1
0 1 0 26.4 74.0 12 -1 0 -1 -1
0 1 0 26.5 74.0 14 -1 0 -1 -1
0 1 0 26.5 74.0 14 -1 0 -1 -1
0 1 0 26.5 74.0 14 -1 0 -1 -1
0 1 0 26.5 74.5 16 -1 0 -1 -1
0 1 0 26.5 74.0 16 -1 0 -1 -1
0 1 0 26.5 74.0 14 -1 0 -1 -1
0 1 0 26.5 74.0 14 -1 0 -1 -1
0 1 0 26.5 74.0 14 -1 0 -1 -1
0 1 0 26.5 74.5 14 -1 0 -1 -1
0 1 0 26.5 74.0 14 -1 0 -1 -1
0 1 0 26.6 74.0 14 -1 0 -1 -1
0 1 0 26.5 74.0 14 -1 0 -1 -1
0 1 0 26.5 74.0 14 -1 0 -1 -1
0 1 0 26.5 74.0 14 -1 0 -1 -1
0 1 0 26.5 74.0 14 -1 0 -1 -1
0 1 0 26.5 74.0 14 -1 0 -1 -1
0 1 0 26.5 74.0 14 -1 0 -1 -1
0 1 0 26.6 74.5 16 -1 0 -1 -1
0 1 0 26.6 74.5 16 -1 0 -1 -1
0 1 0 26.6 74.5 16 -1 0 -1 -1
0 1 0 26.6 74.5 16 -1 0 -1 -1
0 1 0 26.5 74.5 14 -1 0 -1 -1
0 1 0 26.6 74.5 16 -1 0 -1 -1
0 1 0 26.6 74.5 16 -1 0 -1 -1
0 1 0 26.6 74.5 16 -1 0 -1 -1
0 1 0 26.6 74.5 14 -1 0 -1 -1
0 1 0 26.6 74.5 14 -1 0 -1 -1
0 1 0 26.6 74.5 16 -1 0 -1 -1
0 1 0 26.6 74.5 16 -1 0 -1 -1
0 1 0 26.6 74.5 16 -1 0 -1 -1
0 1 0 26.6 74.5 16 -1 0 -1 -1
0 1 0 26.6 74.5 18 -1 0 -1 -1
0 1 0 26.5 74.5 18 -1 0 -1 -1
0 1 0 26.6 74.5 14 -1 0 -1 -1
0 1 0 26.5 74.5 14 -1 0 -1 -1
0 1 0 26.5 74.5 16 -1 0 -1 -1
0 1 0 26.6 74.5 16 -1 0 -1 -1
0 1 0 26.6 74.5 16 -1 0 -1 -1
0 1 0 26.6 74.5 18 -1 0 -1 -1
0 1 0 26.6 74.5 18 -1 0 -1 -1
0 1 0 26.6 74.5 18 -1 0 -1 -1
0 1 0 26.7 75.0 18 -1 0 -1 -1
0 1 0 26.6 75.0 20 -1 0 -1 -1
0 1 0 26.7 75.0 19 -1 0 -1 -1
0 1 0 26.7 75.0 19 -1 0 -1 -1
0 1 0 26.7 75.0 21 -1 0 -1 -1
0 1 0 26.7 75.0 19 -1 0 -1 -1
0 1 0 26.6 75.0 23 -1 0 -1 -1
0 1 0 26.7 75.0 25 -1 0 -1 -1
0 1 0 26.6 75.0 21 -1 0 -1 -1
0 1 0 26.6 75.0 23 -1 0 -1 -1
0 1 0 26.7 75.0 25 -1 0 -1 -1
0 1 0 26.7 75.0 26 -1 0 -1 -1
0 1 0 26.6 75.5 30 -1 0 -1 -1
0 1 0 26.7 75.5 30 -1 0 -1 -1
0 1 0 26.7 75.5 30 -1 0 -1 -1
0 1 0 26.6 75.5 28 -1 0 -1 -1
0 1 0 26.7 75.5 30 -1 0 -1 -1
0 1 0 26.8 75.5 30 -1 0 -1 -1
0 1 0 26.7 75.5 30 -1 0 -1 -1
0 1 0 26.7 75.5 30 -1 0 -1 -1
0 1 0 26.8 75.5 30 -1 0 -1 -1
0 1 0 26.8 76.0 30 -1 0 -1 -1
0 1 0 26.8 76.0 30 -1 0 -1 -1
0 1 0 26.7 76.0 30 -1 0 -1 -1
0 1 0 26.7 76.0 30 -1 0 -1 -1
0 1 0 26.7 76.0 28 -1 0 -1 -1
0 1 0 26.8 76.0 32 -1 0 -1 -1
0 1 0 26.8 76.0 32 -1 0 -1 -1
0 1 0 26.8 76.0 28 -1 0 -1 -1
0 1 0 26.8 76.0 26 -1 0 -1 -1
0 1 0 26.9 76.0 28 -1 0 -1 -1
0 1 0 26.8 76.5 28 -1 0 -1 -1
0 1 0 26.9 76.5 28 -1 0 -1 -1
0 1 0 26.8 76.5 26 -1 0 -1 -1
0 1 0 26.9 76.5 26 -1 0 -1 -1
0 1 0 26.9 76.5 24 -1 0 -1 -1
0 1 0 26.9 76.5 27 -1 0 -1 -1
0 1 0 26.9 76.5 25 -1 0 -1 -1
0 1 0 26.9 76.5 25 -1 0 -1 -1
0 1 0 26.8 76.5 23 -1 0 -1 -1
0 1 0 26.9 76.5 23 -1 0 -1 -1
0 1 0 26.9 76.5 23 -1 0 -1 -1
0 1 0 26.9 76.5 23 -1 0 -1 -1
0 1 0 26.9 76.5 21 -1 0 -1 -1
0 1 0 26.9 76.5 21 -1 0 -1 -1
0 1 0 27.0 76.5 17 -1 0 -1 -1
0 1 0 26.8 76.5 20 -1 0 -1 -1
0 1 0 26.9 76.5 20 -1 0 -1 -1
0 1 0 27.0 76.5 20 -1 0 -1 -1
0 1 0 26.9 76.5 20 -1 0 -1 -1
0 1 0 26.9 76.5 18 -1 0 -1 -1
0 1 0 26.9 76.5 18 -1 0 -1 -1
0 1 0 27.0 76.5 18 -1 0 -1 -1
0 1 0 26.9 76.5 18 -1 0 -1 -1
0 1 0 27.0 76.5 18 -1 0 -1 -1
0 1 0 26.9 76.5 18 -1 0 -1 -1
0 1 0 26.9 77.0 20 -1 0 -1 -1
0 1 0 27.0 76.5 18 -1 0 -1 -1
0 1 0 26.9 76.5 20 -1 0 -1 -1
0 1 0 27.0 76.5 17 -1 0 -1 -1
0 1 0 27.0 77.0 19 -1 0 -1 -1
0 1 0 27.0 77.0 19 -1 0 -1 -1
0 1 0 27.0 77.0 19 -1 0 -1 -1
0 1 0 27.0 77.0 21 -1 0 -1 -1
0 1 0 27.0 77.0 21 -1 0 -1 -1
0 1 0 27.0 77.0 21 -1 0 -1 -1
0 1 0 27.0 77.0 23 -1 0 -1 -1
0 1 0 27.0 77.0 19 -1 0 -1 -1
0 1 0 27.0 77.0 21 -1 0 -1 -1
0 1 0 27.0 77.0 23 -1 0 -1 -1
0 1 0 27.0 77.0 23 -1 0 -1 -1
0 1 0 27.0 77.0 25 -1 0 -1 -1
0 1 0 27.0 77.0 23 -1 0 -1 -1
0 1 0 27.1 77.0 25 -1 0 -1 -1
0 1 0 27.0 77.0 27 -1 0 -1 -1
0 1 0 27.1 77.0 26 -1 0 -1 -1
0 1 0 27.0 77.0 30 -1 0 -1 -1
0 1 0 27.0 77.0 30 -1 0 -1 -1
0 1 0 27.0 77.0 28 -1 0 -1 -1
0 1 0 27.1 77.0 32 -1 0 -1 -1
0 1 0 27.0 77.0 30 -1 0 -1 -1
0 1 0 27.1 77.0 32 -1 0 -1 -1
0 1 0 27.0 77.0 33 -1 0 -1 -1
0 1 0 27.1 77.5 35 -1 0 -1 -1
0 1 0 27.1 77.5 35 -1 0 -1 -1
0 1 0 27.1 77.5 35 -1 0 -1 -1
0 1 0 27.1 77.5 37 -1 0 -1 -1
0 1 0 27.0 77.5 35 -1 0 -1 -1
0 1 0 27.1 77.5 35 -1 0 -1 -1
0 1 0 27.1 77.5 39 -1 0 -1 -1
0 1 0 27.1 77.5 39 -1 0 -1 -1
0 1 0 27.1 77.5 37 -1 0 -1 -1
0 1 0 27.1 77.5 37 -1 0 -1 -1
0 1 0 27.1 77.5 35 -1 0 -1 -1
0 1 0 27.1 77.5 35 -1 0 -1 -1
0 1 0 27.1 77.5 37 -1 0 -1 -1
0 1 0 27.1 77.5 37 -1 0 -1 -1
0 1 0 27.2 77.5 39 -1 0 -1 -1
0 1 0 27.1 77.5 41 -1 0 -1 -1
0 1 0 27.2 77.5 40 -1 0 -1 -1
0 1 0 27.1 77.5 41 -1 0 -1 -1
0 1 0 27.2 77.5 41 -1 0 -1 -1
0 1 0 27.2 77.5 40 -1 0 -1 -1
0 1 0 27.2 77.5 42 -1 0 -1 -1
0 1 0 27.2 77.5 44 -1 0 -1 -1
0 1 0 27.2 77.5 44 -1 0 -1 -1
0 1 0 27.2 77.5 48 -1 0 -1 -1
0 1 0 27.2 77.5 46 -1 0 -1 -1
0 1 0 27.2 77.5 42 -1 0 -1 -1
0 1 0 27.2 77.5 40 -1 0 -1 -1
0 1 0 27.2 77.5 42 -1 0 -1 -1
0 1 0 27.2 77.5 41 -1 0 -1 -1
0 1 0 27.3 77.5 39 -1 0 -1 -1
0 1 0 27.3 77.5 39 -1 0 -1 -1
0 1 0 27.3 77.5 41 -1 0 -1 -1
0 1 0 27.2 78.0 40 -1 0 -1 -1
0 1 0 27.3 78.0 42 -1 0 -1 -1
0 1 0 27.3 77.5 41 -1 0 -1 -1
0 1 0 27.3 78.0 37 -1 0 -1 -1
0 1 0 27.3 78.0 39 -1 0 -1 -1
0 1 0 27.3 78.0 39 -1 0 -1 -1
0 1 0 27.3 77.5 37 -1 0 -1 -1
0 1 0 27.3 77.5 42 -1 0 -1 -1
0 1 0 27.4 77.5 44 -1 0 -1 -1
0 1 0 27.4 77.5 46 -1 0 -1 -1
0 1 0 27.3 77.5 44 -1 0 -1 -1
0 1 0 27.3 77.5 44 -1 0 -1 -1
0 1 0 27.4 77.5 44 -1 0 -1 -1
0 1 0 27.4 77.5 42 -1 0 -1 -1
0 1 0 27.4 77.5 42 -1 0 -1 -1
0 1 0 27.3 77.5 49 -1 0 -1 -1
0 1 0 27.4 77.5 49 -1 0 -1 -1
0 1 0 27.4 78.0 49 -1 0 -1 -1
0 1 0 27.4 78.0 46 -1 0 -1 -1
0 1 0 27.4 78.0 39 -1 0 -1 -1
0 1 0 27.4 78.0 37 -1 0 -1 -1
0 1 0 27.4 78.0 37 -1 0 -1 -1
0 1 0 27.4 78.0 39 -1 0 -1 -1
0 1 0 27.4 77.5 37 -1 0 -1 -1
0 1 0 27.5 77.5 39 -1 0 -1 -1
0 1 0 27.4 77.5 35 -1 0 -1 -1
0 1 0 27.5 77.5 37 -1 0 -1 -1
0 1 0 27.5 78.0 37 -1 0 -1 -1
0 1 0 27.5 78.0 33 -1 0 -1 -1
0 1 0 27.5 78.0 37 -1 0 -1 -1
0 1 0 27.5 78.0 35 -1 0 -1 -1
0 1 0 27.5 78.0 35 -1 0 -1 -1
0 1 0 27.5 78.0 39 -1 0 -1 -1
0 1 0 27.5 78.0 39 -1 0 -1 -1
0 1 0 27.4 78.0 37 -1 0 -1 -1
0 1 0 27.5 78.0 35 -1 0 -1 -1
0 1 0 27.5 78.0 37 -1 0 -1 -1
0 1 0 27.6 78.0 39 -1 0 -1 -1
0 1 0 27.5 78.0 39 -1 0 -1 -1
0 1 0 27.6 78.0 42 -1 0 -1 -1
0 1 0 27.6 78.0 44 -1 0 -1 -1
0 1 0 27.5 78.0 46 -1 0 -1 -1
0 1 0 27.5 78.0 46 -1 0 -1 -1
0 1 0 27.5 78.0 42 -1 0 -1 -1
0 1 0 27.6 78.0 47 -1 0 -1 -1
0 1 0 27.6 78.0 47 -1 0 -1 -1
0 1 0 27.6 78.0 41 -1 0 -1 -1
0 1 0 27.6 78.0 39 -1 0 -1 -1
0 1 0 27.6 78.0 37 -1 0 -1 -1
0 1 0 27.6 78.0 37 -1 0 -1 -1
0 1 0 27.6 78.0 35 -1 0 -1 -1
0 1 0 27.6 78.0 41 -1 0 -1 -1
0 1 0 27.6 78.0 41 -1 0 -1 -1
0 1 0 27.6 78.0 39 -1 0 -1 -1
0 1 0 27.6 78.5 37 -1 0 -1 -1
0 1 0 27.6 78.5 35 -1 0 -1 -1
0 1 0 27.6 78.0 39 -1 0 -1 -1
0 1 0 27.7 78.5 37 -1 0 -1 -1
0 1 0 27.6 78.0 37 -1 0 -1 -1
0 1 0 27.6 78.0 35 -1 0 -1 -1
0 1 0 27.7 78.0 37 -1 0 -1 -1
0 1 0 27.7 78.0 37 -1 0 -1 -1
0 1 0 27.7 78.0 40 -1 0 -1 -1
0 1 0 27.6 78.0 40 -1 0 -1 -1
0 1 0 27.7 78.0 41 -1 0 -1 -1
0 1 0 27.7 78.0 39 -1 0 -1 -1
0 1 0 27.7 78.0 41 -1 0 -1 -1
0 1 0 27.6 78.0 42 -1 0 -1 -1
0 1 0 27.7 78.0 44 -1 0 -1 -1
0 1 0 27.7 78.0 48 -1 0 -1 -1
0 1 0 27.7 78.0 48 -1 0 -1 -1
0 1 0 27.7 78.0 39 -1 0 -1 -1
0 1 0 27.7 78.0 37 -1 0 -1 -1
0 1 0 27.8 78.0 32 -1 0 -1 -1
0 1 0 27.7 78.0 32 -1 0 -1 -1
0 1 0 27.7 78.0 34 -1 0 -1 -1
0 1 0 27.7 78.0 35 -1 0 -1 -1
0 1 0 27.7 78.0 39 -1 0 -1 -1
0 1 0 27.8 78.0 37 -1 0 -1 -1
0 1 0 27.7 78.0 35 -1 0 -1 -1
0 1 0 27.7 78.0 35 -1 0 -1 -1
0 1 0 27.7 78.0 44 -1 0 -1 -1
0 1 0 27.7 78.0 42 -1 0 -1 -1
0 1 0 27.7 78.0 40 -1 0 -1 -1
0 1 0 27.8 78.0 42 -1 0 -1 -1
0 1 0 27.8 78.0 40 -1 0 -1 -1
0 1 0 27.7 78.0 37 -1 0 -1 -1
0 1 0 27.8 78.0 35 -1 0 -1 -1
0 1 0 27.8 78.0 37 -1 0 -1 -1
0 1 0 27.7 78.0 37 -1 0 -1 -1
0 1 0 27.9 78.0 39 -1 0 -1 -1
0 1 0 27.8 78.0 37 -1 0 -1 -1
0 1 0 27.8 78.0 35 -1 0 -1 -1
0 1 0 27.9 78.0 37 -1 0 -1 -1
0 1 0 27.8 78.0 37 -1 0 -1 -1
0 1 0 27.8 78.0 31 -1 0 -1 -1
0 1 0 27.8 78.0 34 -1 0 -1 -1
0 1 0 27.9 78.0 32 -1 0 -1 -1
0 1 0 27.9 78.0 33 -1 0 -1 -1
0 1 0 27.9 78.0 35 -1 0 -1 -1
0 1 0 27.9 78.0 39 -1 0 -1 -1
0 1 0 27.9 78.0 42 -1 0 -1 -1
0 1 0 27.8 78.0 44 -1 0 -1 -1
0 1 0 27.9 78.0 40 -1 0 -1 -1
0 1 0 27.9 78.0 40 -1 0 -1 -1
0 1 0 27.9 78.0 40 -1 0 -1 -1
0 1 0 27.9 78.0 40 -1 0 -1 -1
0 1 0 27.9 78.5 41 -1 0 -1 -1
0 1 0 27.9 78.0 37 -1 0 -1 -1
0 1 0 27.9 78.0 37 -1 0 -1 -1
0 1 0 28.0 78.5 33 -1 0 -1 -1
0 1 0 28.0 78.5 35 -1 0 -1 -1
0 1 0 27.9 78.0 37 -1 0 -1 -1
0 1 0 28.0 78.5 37 -1 0 -1 -1
0 1 0 28.0 78.5 34 -1 0 -1 -1
0 1 0 28.0 78.5 30 -1 0 -1 -1
0 1 0 27.9 78.0 28 -1 0 -1 -1
0 1 0 28.0 78.0 30 -1 0 -1 -1
0 1 0 27.9 78.0 28 -1 0 -1 -1
0 1 0 28.0 78.0 26 -1 0 -1 -1
0 1 0 28.0 78.0 28 -1 0 -1 -1
0 1 0 28.0 78.0 30 -1 0 -1 -1
0 1 0 28.1 78.5 30 -1 0 -1 -1
0 1 0 28.0 78.0 30 -1 0 -1 -1
0 1 0 28.0 78.0 30 -1 0 -1 -1
0 1 0 28.0 78.0 32 -1 0 -1 -1
0 1 0 28.0 78.0 30 -1 0 -1 -1
0 1 0 28.0 78.0 30 -1 0 -1 -1
0 1 0 27.9 78.0 32 -1 0 -1 -1
0 1 0 28.0 78.0 30 -1 0 -1 -1
0 1 0 28.0 78.0 32 -1 0 -1 -1
0 1 0 28.0 78.0 32 -1 0 -1 -1
0 1 0 28.0 78.0 30 -1 0 -1 -1
0 1 0 28.0 78.0 30 -1 0 -1 -1
0 1 0 28.0 78.0 28 -1 0 -1 -1
0 1 0 28.0 78.0 30 -1 0 -1 -1
0 1 0 28.0 78.0 30 -1 0 -1 -1
0 1 0 28.0 78.0 28 -1 0 -1 -1
0 1 0 28.0 78.0 28 -1 0 -1 -1
0 1 0 28.0 78.0 28 -1 0 -1 -1
0 1 0 28.0 78.0 30 -1 0 -1 -1
0 1 0 28.0 78.0 32 -1 0 -1 -1
0 1 0 27.9 78.0 30 -1 0 -1 -1
0 1 0 28.0 78.0 30 -1 0 -1 -1
0 1 0 28.0 78.0 30 -1 0 -1 -1
0 1 0 28.0 78.0 36 -1 0 -1 -1
0 1 0 28.0 78.0 33 -1 0 -1 -1
0 1 0 28.0 78.0 35 -1 0 -1 -1
0 1 0 28.0 78.0 33 -1 0 -1 -1
0 1 0 28.0 78.0 33 -1 0 -1 -1
0 1 0 28.0 78.0 32 -1 0 -1 -1
0 1 0 28.0 78.0 32 -1 0 -1 -1
0 1 0 28.0 78.0 30 -1 0 -1 -1
0 1 0 28.0 78.0 32 -1 0 -1 -1
0 1 0 28.0 78.0 30 -1 0 -1 -1
0 1 0 28.0 78.0 30 -1 0 -1 -1
0 1 0 28.0 78.0 30 -1 0 -1 -1
0 1 0 28.0 78.0 32 -1 0 -1 -1
0 1 0 28.1 78.0 31 -1 0 -1 -1
0 1 0 28.0 78.0 33 -1 0 -1 -1
0 1 0 28.0 78.0 33 -1 0 -1 -1
0 1 0 28.0 78.0 33 -1 0 -1 -1
0 1 0 28.1 78.0 35 -1 0 -1 -1
0 1 0 28.1 78.0 39 -1 0 -1 -1
0 1 0 28.1 78.0 37 -1 0 -1 -1
0 1 0 28.1 78.0 33 -1 0 -1 -1
0 1 0 28.1 78.0 34 -1 0 -1 -1
0 1 0 28.1 78.0 34 -1 0 -1 -1
0 1 0 28.1 78.0 34 -1 0 -1 -1
0 1 0 28.1 78.0 30 -1 0 -1 -1
0 1 0 28.1 78.0 30 -1 0 -1 -1
0 1 0 28.1 78.0 28 -1 0 -1 -1
0 1 0 28.1 78.0 26 -1 0 -1 -1
0 1 0 28.1 78.0 25 -1 0 -1 -1
0 1 0 28.1 78.0 26 -1 0 -1 -1
0 1 0 28.0 78.0 26 -1 0 -1 -1
0 1 0 28.1 78.0 28 -1 0 -1 -1
0 1 0 28.1 78.0 31 -1 0 -1 -1
0 1 0 28.1 78.0 33 -1 0 -1 -1
0 1 0 28.1 78.0 35 -1 0 -1 -1
0 1 0 28.1 77.5 35 -1 0 -1 -1
0 1 0 28.1 78.0 32 -1 0 -1 -1
0 1 0 28.1 77.5 32 -1 0 -1 -1
0 1 0 28.1 77.5 33 -1 0 -1 -1
0 1 0 28.1 77.5 32 -1 0 -1 -1
0 1 0 28.1 77.5 31 -1 0 -1 -1
0 1 0 28.1 77.5 32 -1 0 -1 -1
0 1 0 28.1 77.5 30 -1 0 -1 -1
0 1 0 28.1 77.5 28 -1 0 -1 -1
0 1 0 28.1 77.5 26 -1 0 -1 -1
0 1 0 28.1 77.5 28 -1 0 -1 -1
0 1 0 28.1 77.5 30 -1 0 -1 -1
0 1 0 28.1 77.5 29 -1 0 -1 -1
0 1 0 28.1 77.5 25 -1 0 -1 -1
0 1 0 28.1 77.5 25 -1 0 -1 -1
0 1 0 28.1 77.5 25 -1 0 -1 -1
0 1 0 28.1 77.5 25 -1 0 -1 -1
0 1 0 28.1 77.5 25 -1 0 -1 -1
0 1 0 28.1 77.0 23 -1 0 -1 -1
0 1 0 28.1 77.0 23 -1 0 -1 -1
0 1 0 28.2 77.0 25 -1 0 -1 -1
0 1 0 28.1 77.0 25 -1 0 -1 -1
0 1 0 28.1 77.0 25 -1 0 -1 -1
0 1 0 28.1 77.0 26 -1 0 -1 -1
0 1 0 28.1 77.0 27 -1 0 -1 -1
0 1 0 28.1 77.0 29 -1 0 -1 -1
0 1 0 28.1 77.0 25 -1 0 -1 -1
0 1 0 28.1 77.0 23 -1 0 -1 -1
0 1 0 28.1 77.0 25 -1 0 -1 -1
0 1 0 28.1 77.0 28 -1 0 -1 -1
0 1 0 28.0 77.0 28 -1 0 -1 -1
0 1 0 28.1 77.0 30 -1 0 -1 -1
0 1 0 28.1 77.0 30 -1 0 -1 -1
0 1 0 28.0 77.0 32 -1 0 -1 -1
0 1 0 28.1 77.0 28 -1 0 -1 -1
0 1 0 28.1 77.0 28 -1 0 -1 -1
0 1 0 28.1 76.5 30 -1 0 -1 -1
0 1 0 28.1 77.0 30 -1 0 -1 -1
0 1 0 28.1 77.0 28 -1 0 -1 -1
0 1 0 28.0 77.0 30 -1 0 -1 -1
0 1 0 28.0 76.5 30 -1 0 -1 -1
0 1 0 28.0 76.5 26 -1 0 -1 -1
0 1 0 28.1 76.5 27 -1 0 -1 -1
0 1 0 28.1 76.5 25 -1 0 -1 -1
0 1 0 28.0 76.5 28 -1 0 -1 -1
0 1 0 28.1 76.5 30 -1 0 -1 -1
0 1 0 28.1 76.5 28 -1 0 -1 -1
0 1 0 28.1 76.5 30 -1 0 -1 -1
0 1 0 28.0 76.5 28 -1 0 -1 -1
0 1 0 28.0 76.5 28 -1 0 -1 -1
0 1 0 28.1 76.0 30 -1 0 -1 -1
0 1 0 28.0 76.0 31 -1 0 -1 -1
0 1 0 28.0 76.0 33 -1 0 -1 -1
0 1 0 28.0 76.0 33 -1 0 -1 -1
0 1 0 28.1 76.0 33 -1 0 -1 -1
0 1 0 28.1 76.0 30 -1 0 -1 -1
0 1 0 28.0 76.0 32 -1 0 -1 -1
0 1 0 28.1 76.0 30 -1 0 -1 -1
0 1 0 28.1 76.0 33 -1 0 -1 -1
0 1 0 28.1 76.0 33 -1 0 -1 -1
0 1 0 28.1 76.0 28 -1 0 -1 -1
0 1 0 28.1 76.0 24 -1 0 -1 -1
0 1 0 28.0 76.0 23 -1 0 -1 -1
0 1 0 28.1 76.0 23 -1 0 -1 -1
0 1 0 28.0 76.0 25 -1 0 -1 -1
0 1 0 28.1 76.0 25 -1 0 -1 -1
0 1 0 28.1 76.0 25 -1 0 -1 -1
0 1 0 28.1 76.0 26 -1 0 -1 -1
0 1 0 28.1 76.0 28 -1 0 -1 -1
0 1 0 28.1 76.0 23 -1 0 -1 -1
0 1 0 28.1 76.0 23 -1 0 -1 -1
0 1 0 28.1 76.0 24 -1 0 -1 -1
0 1 0 28.1 76.0 23 -1 0 -1 -1
0 1 0 28.1 76.0 25 -1 0 -1 -1
0 1 0 28.1 76.0 23 -1 0 -1 -1
0 1 0 28.1 76.0 21 -1 0 -1 -1
0 1 0 28.1 76.0 23 -1 0 -1 -1
0 1 0 28.1 76.0 25 -1 0 -1 -1
0 1 0 28.1 76.0 23 -1 0 -1 -1
0 1 0 28.2 76.0 21 -1 0 -1 -1
0 1 0 28.1 76.0 23 -1 0 -1 -1
0 1 0 28.2 76.0 19 -1 0 -1 -1
0 1 0 28.1 76.0 19 -1 0 -1 -1
0 1 0 28.2 76.0 22 -1 0 -1 -1
0 1 0 28.1 76.0 20 -1 0 -1 -1
0 1 0 28.1 76.0 19 -1 0 -1 -1
0 1 0 28.2 76.0 19 -1 0 -1 -1
0 1 0 28.2 76.0 19 -1 0 -1 -1
0 1 0 28.1 76.0 20 -1 0 -1 -1
0 1 0 28.1 76.0 20 -1 0 -1 -1
0 1 0 28.2 76.0 20 -1 0 -1 -1
0 1 0 28.1 76.0 20 -1 0 -1 -1
0 1 0 28.2 76.0 19 -1 0 -1 -1
0 1 0 28.1 76.0 19 -1 0 -1 -1
0 1 0 28.1 76.0 21 -1 0 -1 -1
0 1 0 28.1 76.0 19 -1 0 -1 -1
0 1 0 28.1 75.5 21 -1 0 -1 -1
0 1 0 28.1 75.5 21 -1 0 -1 -1
0 1 0 28.1 75.5 21 -1 0 -1 -1
0 1 0 28.1 75.5 21 -1 0 -1 -1
0 1 0 28.1 75.5 23 -1 0 -1 -1
0 1 0 28.1 75.5 23 -1 0 -1 -1
0 1 0 28.1 75.5 23 -1 0 -1 -1
0 1 0 28.2 75.5 23 -1 0 -1 -1
0 1 0 28.1 75.5 23 -1 0 -1 -1
0 1 0 28.2 75.5 23 -1 0 -1 -1
0 1 0 28.1 75.5 23 -1 0 -1 -1
0 1 0 28.1 75.5 23 -1 0 -1 -1
0 1 0 28.1 75.5 23 -1 0 -1 -1
0 1 0 28.1 75.5 21 -1 0 -1 -1
0 1 0 28.1 75.5 21 -1 0 -1 -1
0 1 0 28.1 75.5 21 -1 0 -1 -1
0 1 0 28.1 75.5 19 -1 0 -1 -1
0 1 0 28.1 75.0 19 -1 0 -1 -1
0 1 0 28.1 75.0 20 -1 0 -1 -1
0 1 0 28.1 75.0 19 -1 0 -1 -1
0 1 0 28.1 75.0 19 -1 0 -1 -1
0 1 0 28.1 75.0 19 -1 0 -1 -1
0 1 0 28.1 75.0 19 -1 0 -1 -1
0 1 0 28.1 75.0 20 -1 0 -1 -1
0 1 0 28.1 75.0 20 -1 0 -1 -1
0 1 0 28.0 75.0 20 -1 0 -1 -1
0 1 0 28.1 75.0 20 -1 0 -1 -1
0 1 0 28.0 75.0 18 -1 0 -1 -1
0 1 0 28.1 74.5 16 -1 0 -1 -1
0 1 0 28.1 74.5 16 -1 0 -1 -1
0 1 0 28.1 74.5 16 -1 0 -1 -1
0 1 0 28.0 74.5 16 -1 0 -1 -1
0 1 0 28.1 74.5 16 -1 0 -1 -1
0 1 0 28.0 74.5 14 -1 0 -1 -1
0 1 0 28.1 74.5 14 -1 0 -1 -1
0 1 0 28.0 74.5 14 -1 0 -1 -1
0 1 0 28.0 74.5 14 -1 0 -1 -1
0 1 0 28.0 74.5 14 -1 0 -1 -1
0 1 0 28.0 74.5 14 -1 0 -1 -1
0 1 0 28.1 74.5 14 -1 0 -1 -1
0 1 0 28.0 74.5 16 -1 0 -1 -1
0 1 0 28.0 74.0 14 -1 0 -1 -1
0 1 0 28.0 74.0 16 -1 0 -1 -1
0 1 0 28.0 74.0 16 -1 0 -1 -1
0 1 0 28.0 74.0 14 -1 0 -1 -1
0 1 0 28.0 74.0 14 -1 0 -1 -1
0 1 0 28.0 74.0 14 -1 0 -1 -1
0 1 0 28.0 74.0 18 -1 0 -1 -1
0 1 0 28.0 74.0 18 -1 0 -1 -1
0 1 0 28.0 74.0 18 -1 0 -1 -1
0 1 0 28.0 74.0 18 -1 0 -1 -1
0 1 0 27.9 74.0 16 -1 0 -1 -1
0 1 0 28.0 74.0 16 -1 0 -1 -1
0 1 0 27.9 74.0 16 -1 0 -1 -1
0 1 0 28.0 74.0 16 -1 0 -1 -1
0 1 0 27.9 74.0 16 -1 0 -1 -1
0 1 0 27.9 73.5 14 -1 0 -1 -1
0 1 0 27.9 73.5 14 -1 0 -1 -1
0 1 0 28.0 73.5 14 -1 0 -1 -1
0 1 0 27.9 73.5 14 -1 0 -1 -1
0 1 0 28.0 73.5 12 -1 0 -1 -1
0 1 0 27.9 73.5 16 -1 0 -1 -1
0 1 0 27.9 73.5 16 -1 0 -1 -1
0 1 0 27.8 73.5 16 -1 0 -1 -1
0 1 0 27.9 73.5 14 -1 0 -1 -1
0 1 0 27.9 73.5 14 -1 0 -1 -1
0 1 0 27.9 73.5 14 -1 0 -1 -1
0 1 0 27.9 73.5 14 -1 0 -1 -1
0 1 0 27.9 73.0 12 -1 0 -1 -1
0 1 0 27.9 73.0 12 -1 0 -1 -1
0 1 0 27.8 73.0 12 -1 0 -1 -1
0 1 0 27.9 73.0 12 -1 0 -1 -1
0 1 0 27.9 73.0 12 -1 0 -1 -1
0 1 0 27.9 73.0 10 -1 0 -1 -1
0 1 0 27.9 73.0 10 -1 0 -1 -1
0 1 0 27.9 73.0 13 -1 0 -1 -1
0 1 0 27.9 73.0 13 -1 0 -1 -1
0 1 0 27.8 73.0 13 -1 0 -1 -1
0 1 0 27.9 73.0 13 -1 0 -1 -1
0 1 0 27.9 73.0 13 -1 0 -1 -1
0 1 0 27.8 73.0 11 -1 0 -1 -1
0 1 0 27.9 73.0 11 -1 0 -1 -1
0 1 0 27.9 73.0 11 -1 0 -1 -1
0 1 0 27.8 73.0 11 -1 0 -1 -1
0 1 0 27.9 73.0 11 -1 0 -1 -1
0 1 0 27.8 73.0 11 -1 0 -1 -1
0 1 0 27.8 73.0 9 -1 0 -1 -1
0 1 0 27.8 73.0 9 -1 0 -1 -1
0 1 0 27.8 72.5 9 -1 0 -1 -1
0 1 0 27.8 72.5 9 -1 0 -1 -1
0 1 0 27.8 72.5 11 -1 0 -1 -1
0 1 0 27.9 72.5 11 -1 0 -1 -1
0 1 0 27.8 72.5 11 -1 0 -1 -1
0 1 0 27.9 72.5 11 -1 0 -1 -1
0 1 0 27.8 72.5 11 -1 0 -1 -1
0 1 0 27.9 73.0 9 -1 0 -1 -1
0 1 0 27.8 73.0 9 -1 0 -1 -1
0 1 0 27.8 73.0 9 -1 0 -1 -1
0 1 0 27.8 73.0 9 -1 0 -1 -1
0 1 0 27.9 73.0 9 -1 0 -1 -1
0 1 0 27.8 73.0 9 -1 0 -1 -1
0 1 0 27.8 73.0 7 -1 0 -1 -1
0 1 0 27.9 73.0 7 -1 0 -1 -1
0 1 0 27.8 73.0 7 -1 0 -1 -1
0 1 0 27.8 73.0 7 -1 0 -1 -1
0 1 0 27.8 73.0 7 -1 0 -1 -1
0 1 0 27.9 73.0 7 -1 0 -1 -1
0 1 0 27.8 73.0 7 -1 0 -1 -1
0 1 0 27.8 73.0 7 -1 0 -1 -1
0 1 0 27.8 73.0 7 -1 0 -1 -1
0 1 0 27.8 73.0 7 -1 0 -1 -1
0 1 0 27.8 73.0 7 -1 0 -1 -1
0 1 0 27.8 73.0 7 -1 0 -1 -1
0 1 0 27.9 72.5 5 -1 0 -1 -1
0 1 0 27.8 72.5 9 -1 0 -1 -1
0 1 0 27.9 72.5 9 -1 0 -1 -1
0 1 0 27.8 72.5 9 -1 0 -1 -1
0 1 0 27.8 72.5 9 -1 0 -1 -1
0 1 0 27.9 72.5 9 -1 0 -1 -1
0 1 0 27.8 72.5 9 -1 0 -1 -1
0 1 0 27.9 72.5 7 -1 0 -1 -1
0 1 0 27.9 72.5 7 -1 0 -1 -1
0 1 0 27.9 72.5 7 -1 0 -1 -1
0 1 0 27.8 72.5 7 -1 0 -1 -1
0 1 0 27.8 72.5 7 -1 0 -1 -1
0 1 0 27.9 72.5 5 -1 0 -1 -1
0 1 0 27.7 72.5 5 -1 0 -1 -1
0 1 0 27.8 72.5 5 -1 0 -1 -1
0 1 0 27.8 72.5 5 -1 0 -1 -1
0 1 0 27.8 72.5 5 -1 0 -1 -1
0 1 0 27.7 72.5 6 -1 0 -1 -1
0 1 0 27.8 72.5 6 -1 0 -1 -1
0 1 0 27.8 72.5 6 -1 0 -1 -1
0 1 0 27.9 72.5 6 -1 0 -1 -1
0 1 0 27.7 72.5 6 -1 0 -1 -1
0 1 0 27.8 72.5 4 -1 0 -1 -1
0 1 0 27.9 72.5 4 -1 0 -1 -1
0 1 0 27.8 72.5 4 -1 0 -1 -1
0 1 0 27.8 72.5 4 -1 0 -1 -1
0 1 0 27.8 72.5 4 -1 0 -1 -1
0 1 0 27.9 72.5 4 -1 0 -1 -1
0 1 0 27.8 72.5 4 -1 0 -1 -1
0 1 0 27.8 72.5 2 -1 0 -1 -1
0 1 0 27.9 72.5 2 -1 0 -1 -1
0 1 0 27.8 72.5 2 -1 0 -1 -1
0 1 0 27.8 72.5 2 -1 0 -1 -1
0 1 0 27.8 72.5 2 -1 0 -1 -1
0 1 0 27.8 72.5 2 -1 0 -1 -1
0 1 0 27.8 72.5 2 -1 0 -1 -1
0 1 0 27.9 72.5 2 -1 0 -1 -1
0 1 0 27.8 72.5 2 -1 0 -1 -1
0 1 0 27.8 72.5 2 -1 0 -1 -1
0 1 0 27.8 72.5 2 -1 0 -1 -1
0 1 0 27.8 72.5 4 -1 0 -1 -1
0 1 0 27.8 72.5 4 -1 0 -1 -1
0 1 0 27.8 72.5 4 -1 0 -1 -1
0 1 0 27.8 72.5 4 -1 0 -1 -1
0 1 0 27.7 72.5 4 -1 0 -1 -1
0 1 0 27.8 72.5 4 -1 0 -1 -1
0 1 0 27.8 72.5 4 -1 0 -1 -1
0 1 0 27.7 72.5 4 -1 0 -1 -1
0 1 0 27.7 72.5 4 -1 0 -1 -1
0 1 0 27.8 72.5 4 -1 0 -1 -1
0 1 0 27.8 72.5 4 -1 0 -1 -1
0 1 0 27.7 72.5 4 -1 0 -1 -1
0 1 0 27.8 72.5 4 -1 0 -1 -1
0 1 0 27.8 72.5 4 -1 0 -1 -1
0 1 0 27.7 72.5 4 -1 0 -1 -1
0 1 0 27.7 72.5 2 -1 0 -1 -1
0 1 0 27.7 72.5 2 -1 0 -1 -1
0 1 0 27.8 72.5 2 -1 0 -1 -1
0 1 0 27.9 72.5 2 -1 0 -1 -1
0 1 0 27.7 72.5 2 -1 0 -1 -1
0 1 0 27.8 72.5 2 -1 0 -1 -1
0 1 0 27.7 72.5 1 -1 0 -1 -1
0 1 0 27.7 72.0 1 -1 0 -1 -1
0 1 0 27.8 72.5 1 -1 0 -1 -1
0 1 0 27.7 72.5 1 -1 0 -1 -1
0 1 0 27.8 72.5 1 -1 0 -1 -1
0 1 0 27.7 72.0 1 -1 0 -1 -1
0 1 0 27.7 72.0 1 -1 0 -1 -1
0 1 0 27.7 72.0 2 -1 0 -1 -1
0 1 0 27.8 72.0 2 -1 0 -1 -1
0 1 0 27.7 72.0 2 -1 0 -1 -1
0 1 0 27.7 72.0 2 -1 0 -1 -1
0 1 0 27.8 72.0 2 -1 0 -1 -1
0 1 0 27.7 72.0 2 -1 0 -1 -1
0 1 0 27.8 72.0 2 -1 0 -1 -1
0 1 0 27.7 72.0 2 -1 0 -1 -1
0 1 0 27.7 72.0 2 -1 0 -1 -1
0 1 0 27.7 72.0 0 -1 0 -1 -1
0 1 0 27.7 72.0 0 -1 0 -1 -1
0 1 0 27.7 72.0 0 -1 0 -1 -1
0 1 0 27.7 72.0 0 -1 0 -1 -1
0 1 0 27.7 72.0 0 -1 0 -1 -1
0 1 0 27.8 72.0 0 -1 0 -1 -1
0 1 0 27.8 72.0 0 -1 0 -1 -1
0 1 0 27.7 72.0 0 -1 0 -1 -1
0 1 0 27.7 72.0 0 -1 0 -1 -1
0 1 0 27.7 72.0 0 -1 0 -1 -1
0 1 0 27.7 72.0 0 -1 0 -1 -1
0 1 0 27.7 72.0 1 -1 0 -1 -1
0 1 0 27.7 72.0 1 -1 0 -1 -1
0 1 0 27.7 72.0 1 -1 0 -1 -1
0 1 0 27.8 72.0 1 -1 0 -1 -1
0 1 0 27.8 72.0 1 -1 0 -1 -1
0 1 0 27.7 72.0 1 -1 0 -1 -1
0 1 0 27.7 72.0 1 -1 0 -1 -1
0 1 0 27.7 72.0 1 -1 0 -1 -1
0 1 0 27.7 72.0 1 -1 0 -1 -1
0 1 0 27.6 72.0 1 -1 0 -1 -1
0 1 0 27.7 72.0 1 -1 0 -1 -1
0 1 0 27.7 72.0 1 -1 0 -1 -1
0 1 0 27.7 72.0 1 -1 0 -1 -1
0 1 0 27.7 72.0 1 -1 0 -1 -1
0 1 0 27.7 72.0 1 -1 0 -1 -1
0 1 0 27.7 72.0 1 -1 0 -1 -1
0 1 0 27.7 72.0 1 -1 0 -1 -1
0 1 0 27.6 72.0 1 -1 0 -1 -1
0 1 0 27.7 72.0 1 -1 0 -1 -1
0 1 0 27.7 72.0 2 -1 0 -1 -1
0 1 0 27.7 72.0 2 -1 0 -1 -1
0 1 0 27.7 72.0 2 -1 0 -1 -1
0 1 0 27.7 72.0 2 -1 0 -1 -1
0 1 0 27.7 72.0 2 -1 0 -1 -1
0 1 0 27.7 72.0 2 -1 0 -1 -1
0 1 0 27.7 72.0 2 -1 0 -1 -1
0 1 0 27.6 72.0 2 -1 0 -1 -1
0 1 0 27.7 72.0 2 -1 0 -1 -1
0 1 0 27.7 72.0 2 -1 0 -1 -1
0 1 0 27.7 72.0 2 -1 0 -1 -1
0 1 0 27.6 72.0 2 -1 0 -1 -1
0 1 0 27.7 72.0 2 -1 0 -1 -1
0 1 0 27.7 72.0 0 -1 0 -1 -1
0 1 0 27.7 72.0 0 -1 0 -1 -1
0 1 0 27.7 72.0 0 -1 0 -1 -1
0 1 0 27.7 72.0 0 -1 0 -1 -1
0 1 0 27.7 72.0 0 -1 0 -1 -1
0 1 0 27.7 72.0 0 -1 0 -1 -1
0 1 0 27.6 72.0 0 -1 0 -1 -1
0 1 0 27.7 72.0 0 -1 0 -1 -1
0 1 0 27.7 72.0 0 -1 0 -1 -1
0 1 0 27.6 72.0 0 -1 0 -1 -1
0 1 0 27.7 72.0 0 -1 0 -1 -1
0 1 0 27.7 72.0 0 -1 0 -1 -1
0 1 0 27.6 72.0 0 -1 0 -1 -1
0 1 0 27.7 72.0 0 -1 0 -1 -1
0 1 0 27.7 72.0 0 -1 0 -1 -1
0 1 0 27.6 72.0 0 -1 0 -1 -1
0 1 0 27.6 72.0 0 -1 0 -1 -1
0 1 0 27.8 72.0 0 -1 0 -1 -1
0 1 0 27.6 72.0 0 -1 0 -1 -1
0 1 0 27.7 72.0 0 -1 0 -1 -1
0 1 0 27.7 72.0 0 -1 0 -1 -1
0 1 0 27.7 72.0 0 -1 0 -1 -1
0 1 0 27.6 72.0 0 -1 0 -1 -1
0 1 0 27.7 72.0 0 -1 0 -1 -1
0 1 0 27.7 72.0 0 -1 0 -1 -1
0 1 0 27.6 72.0 0 -1 0 -1 -1
0 1 0 27.6 72.0 0 -1 0 -1 -1
0 1 0 27.7 72.0 0 -1 0 -1 -1
0 1 0 27.6 72.0 0 -1 0 -1 -1
0 1 0 27.6 72.0 0 -1 0 -1 -1
0 1 0 27.8 72.0 0 -1 0 -1 -1
0 1 0 27.6 72.0 0 -1 0 -1 -1
0 1 0 27.7 72.0 0 -1 0 -1 -1
0 1 0 27.7 72.5 0 -1 0 -1 -1
0 1 0 27.7 72.0 0 -1 0 -1 -1
0 1 0 27.6 72.0 0 -1 0 -1 -1
0 1 0 27.7 72.0 0 -1 0 -1 -1
0 1 0 27.7 72.0 0 -1 0 -1 -1
0 1 0 27.7 72.0 0 -1 0 -1 -1
0 1 0 27.7 72.0 0 -1 0 -1 -1
0 1 0 27.6 72.0 0 -1 0 -1 -1
0 1 0 27.6 72.0 0 -1 0 -1 -1
0 1 0 27.7 72.0 0 -1 0 -1 -1
0 1 0 27.6 72.0 0 -1 0 -1 -1
0 1 0 27.6 72.0 0 -1 0 -1 -1
0 1 0 27.7 72.0 0 -1 0 -1 -1
0 1 0 27.6 72.0 0 -1 0 -1 -1
0 1 0 27.6 72.0 0 -1 0 -1 -1
0 1 0 27.6 72.0 0 -1 0 -1 -1
0 1 0 27.7 72.0 0 -1 0 -1 -1
0 1 0 27.7 72.0 0 -1 0 -1 -1
0 1 0 27.6 72.0 0 -1 0 -1 -1
0 1 0 27.6 72.0 0 -1 0 -1 -1
0 1 0 27.6 72.0 0 -1 0 -1 -1
0 1 0 27.7 72.0 0 -1 0 -1 -1
0 1 0 27.6 72.0 0 -1 0 -1 -1
0 1 0 27.6 72.0 0 -1 0 -1 -1
0 1 0 27.6 72.0 0 -1 0 -1 -1
0 1 0 27.6 72.0 0 -1 0 -1 -1
0 1 0 27.6 71.5 0 -1 0 -1 -1
0 1 0 27.7 71.5 0 -1 0 -1 -1
0 1 0 27.6 71.5 0 -1 0 -1 -1
0 1 0 27.7 71.5 0 -1 0 -1 -1
0 1 0 27.6 71.5 0 -1 0 -1 -1
0 1 0 27.6 71.5 0 -1 0 -1 -1
0 1 0 27.6 71.5 0 -1 0 -1 -1
0 1 0 27.6 71.5 0 -1 0 -1 -1
0 1 0 27.6 71.5 0 -1 0 -1 -1
0 1 0 27.5 71.5 0 -1 0 -1 -1
0 1 0 27.6 71.5 0 -1 0 -1 -1
0 1 0 27.6 71.5 0 -1 0 -1 -1
0 1 0 27.6 71.5 0 -1 0 -1 -1
0 1 0 27.6 71.5 0 -1 0 -1 -1
0 1 0 27.6 71.5 0 -1 0 -1 -1
0 1 0 27.5 71.5 0 -1 0 -1 -1
0 1 0 27.6 71.5 0 -1 0 -1 -1
0 1 0 27.5 71.5 0 -1 0 -1 -1
0 1 0 27.5 71.5 0 -1 0 -1 -1
0 1 0 27.5 71.5 0 -1 0 -1 -1
0 1 0 27.5 71.0 0 -1 0 -1 -1
0 1 0 27.6 71.0 0 -1 0 -1 -1
0 1 0 27.6 71.0 0 -1 0 -1 -1
0 1 0 27.5 71.0 0 -1 0 -1 -1
0 1 0 27.6 71.0 0 -1 0 -1 -1
0 1 0 27.6 71.0 0 -1 0 -1 -1
0 1 0 27.5 71.0 0 -1 0 -1 -1
0 1 0 27.6 71.0 0 -1 0 -1 -1
0 1 0 27.5 71.0 0 -1 0 -1 -1
0 1 0 27.5 71.0 0 -1 0 -1 -1
0 1 0 27.6 71.0 0 -1 0 -1 -1
0 1 0 27.6 71.0 0 -1 0 -1 -1
0 1 0 27.6 71.0 0 -1 0 -1 -1
0 1 0 27.6 71.0 0 -1 0 -1 -1
0 1 0 27.5 71.0 0 -1 0 -1 -1
0 1 0 27.6 71.0 0 -1 0 -1 -1
0 1 0 27.6 71.0 0 -1 0 -1 -1
0 1 0 27.6 71.0 0 -1 0 -1 -1
0 1 0 27.6 71.0 0 -1 0 -1 -1
0 1 0 27.5 71.0 0 -1 0 -1 -1
0 1 0 27.5 71.0 0 -1 0 -1 -1
0 1 0 27.5 71.0 0 -1 0 -1 -1
0 1 0 27.6 71.0 0 -1 0 -1 -1
0 1 0 27.5 71.0 0 -1 0 -1 -1
0 1 0 27.5 71.0 0 -1 0 -1 -1
0 1 0 27.5 71.0 0 -1 0 -1 -1
0 1 0 27.5 71.0 0 -1 0 -1 -1
0 1 0 27.5 71.0 0 -1 0 -1 -1
0 1 0 27.5 71.0 0 -1 0 -1 -1
0 1 0 27.5 71.0 0 -1 0 -1 -1
0 1 0 27.6 71.0 0 -1 0 -1 -1
0 1 0 27.5 71.0 0 -1 0 -1 -1
0 1 0 27.5 71.0 0 -1 0 -1 -1
0 1 0 27.6 71.0 0 -1 0 -1 -1
0 1 0 27.5 70.5 0 -1 0 -1 -1
0 1 0 27.6 71.0 0 -1 0 -1 -1
0 1 0 27.6 71.0 0 -1 0 -1 -1
0 1 0 27.5 71.0 0 -1 0 -1 -1
0 1 0 27.5 70.5 0 -1 0 -1 -1
0 1 0 27.5 70.5 0 -1 0 -1 -1
0 1 0 27.5 70.5 0 -1 0 -1 -1
0 1 0 27.5 70.5 0 -1 0 -1 -1
0 1 0 27.5 70.5 0 -1 0 -1 -1
0 1 0 27.5 70.5 0 -1 0 -1 -1
0 1 0 27.5 70.5 0 -1 0 -1 -1
0 1 0 27.6 70.5 0 -1 0 -1 -1
0 1 0 27.5 70.5 0 -1 0 -1 -1
0 1 0 27.5 70.5 0 -1 0 -1 -1
0 1 0 27.6 70.5 0 -1 0 -1 -1
0 1 0 27.5 70.5 0 -1 0 -1 -1
0 1 0 27.5 70.5 0 -1 0 -1 -1
0 1 0 27.5 70.5 0 -1 0 -1 -1
0 1 0 27.5 70.5 0 -1 0 -1 -1
0 1 0 27.5 70.5 0 -1 0 -1 -1
0 1 0 27.5 70.5 0 -1 0 -1 -1
0 1 0 27.5 70.5 0 -1 0 -1 -1
0 1 0 27.5 70.5 0 -1 0 -1 -1
0 1 0 27.5 70.5 0 -1 0 -1 -1
0 1 0 27.6 70.5 0 -1 0 -1 -1
0 1 0 27.5 70.5 0 -1 0 -1 -1
0 1 0 27.5 70.5 0 -1 0 -1 -1
0 1 0 27.5 70.5 0 -1 0 -1 -1
0 1 0 27.5 70.5 0 -1 0 -1 -1
0 1 0 27.5 70.5 0 -1 0 -1 -1
0 1 0 27.5 70.5 0 -1 0 -1 -1
0 1 0 27.5 70.5 0 -1 0 -1 -1
0 1 0 27.5 70.0 0 -1 0 -1 -1
0 1 0 27.5 70.0 0 -1 0 -1 -1
0 1 0 27.5 70.0 0 -1 0 -1 -1
0 1 0 27.5 70.5 0 -1 0 -1 -1
0 1 0 27.5 70.5 0 -1 0 -1 -1
0 1 0 27.5 70.0 0 -1 0 -1 -1
0 1 0 27.5 70.0 0 -1 0 -1 -1
0 1 0 27.5 70.0 0 -1 0 -1 -1
0 1 0 27.5 70.0 0 -1 0 -1 -1
0 1 0 27.5 70.0 0 -1 0 -1 -1
0 1 0 27.5 70.0 0 -1 0 -1 -1
0 1 0 27.5 70.0 0 -1 0 -1 -1
0 1 0 27.5 70.0 0 -1 0 -1 -1
0 1 0 27.5 70.0 0 -1 0 -1 -1
0 1 0 27.5 70.0 0 -1 0 -1 -1
0 1 0 27.5 70.0 0 -1 0 -1 -1
0 1 0 27.5 70.0 0 -1 0 -1 -1
0 1 0 27.5 70.0 0 -1 0 -1 -1
0 1 0 27.5 70.0 0 -1 0 -1 -1
0 1 0 27.5 70.0 0 -1 0 -1 -1
0 1 0 27.5 70.0 0 -1 0 -1 -1
0 1 0 27.5 70.0 0 -1 0 -1 -1
0 1 0 27.5 70.0 0 -1 0 -1 -1
0 1 0 27.5 70.0 0 -1 0 -1 -1
0 1 0 27.5 70.0 0 -1 0 -1 -1
0 1 0 27.5 70.0 0 -1 0 -1 -1
0 1 0 27.5 70.0 0 -1 0 -1 -1
0 1 0 27.5 70.0 0 -1 0 -1 -1
0 1 0 27.6 70.0 0 -1 0 -1 -1
0 1 0 27.5 70.0 0 -1 0 -1 -1
0 1 0 27.5 70.0 0 -1 0 -1 -1
0 1 0 27.5 70.0 0 -1 0 -1 -1
0 1 0 27.5 70.0 0 -1 0 -1 -1
0 1 0 27.5 70.0 0 -1 0 -1 -1
0 1 0 27.5 70.0 0 -1 0 -1 -1
0 1 0 27.5 70.0 0 -1 0 -1 -1
0 1 0 27.5 70.0 0 -1 0 -1 -1
0 1 0 27.5 70.0 0 -1 0 -1 -1
0 1 0 27.5 70.0 0 -1 0 -1 -1
0 1 0 27.5 70.0 0 -1 0 -1 -1
0 1 0 27.5 70.0 0 -1 0 -1 -1
0 1 0 27.5 70.0 0 -1 0 -1 -1
0 1 0 27.5 70.0 0 -1 0 -1 -1
0 1 0 27.5 70.0 0 -1 0 -1 -1
0 1 0 27.5 70.0 0 -1 0 -1 -1
0 1 0 27.5 70.0 0 -1 0 -1 -1
0 1 0 27.5 70.0 0 -1 0 -1 -1
0 1 0 27.5 70.0 0 -1 0 -1 -1
0 1 0 27.6 70.0 0 -1 0 -1 -1
0 1 0 27.5 70.0 0 -1 0 -1 -1
0 1 0 27.5 70.0 0 -1 0 -1 -1
0 1 0 27.6 70.0 2 -1 0 -1 -1
0 1 0 27.5 70.0 0 -1 0 -1 -1
0 1 0 27.5 70.0 0 -1 0 -1 -1
0 1 0 27.5 70.0 0 -1 0 -1 -1
0 1 0 27.5 70.0 0 -1 0 -1 -1
0 1 0 27.5 70.0 0 -1 0 -1 -1
0 1 0 27.5 70.0 0 -1 0 -1 -1
0 1 0 27.5 70.0 0 -1 0 -1 -1
0 1 0 27.5 70.0 0 -1 0 -1 -1
0 1 0 27.5 70.0 0 -1 0 -1 -1
0 1 0 27.5 70.0 0 -1 0 -1 -1
0 1 0 27.5 70.0 0 -1 0 -1 -1
0 1 0 27.5 70.0 0 -1 0 -1 -1
0 1 0 27.6 70.0 0 -1 0 -1 -1
0 1 0 27.5 70.0 0 -1 0 -1 -1
0 1 0 27.5 70.0 0 -1 0 -1 -1
0 1 0 27.5 70.0 0 -1 0 -1 -1
0 1 0 27.5 70.0 0 -1 0 -1 -1
0 1 0 27.5 70.0 0 -1 0 -1 -1
0 1 0 27.5 70.0 0 -1 0 -1 -1
0 1 0 27.6 70.0 0 -1 0 -1 -1
0 1 0 27.6 70.0 0 -1 0 -1 -1
0 1 0 27.5 70.0 0 -1 0 -1 -1
0 1 0 27.6 70.0 0 -1 0 -1 -1
0 1 0 27.5 70.0 0 -1 0 -1 -1
0 1 0 27.6 70.0 0 -1 0 -1 -1
0 1 0 27.5 70.0 0 -1 0 -1 -1
0 1 0 27.5 70.0 0 -1 0 -1 -1
0 1 0 27.5 70.0 0 -1 0 -1 -1
0 1 0 27.6 70.0 0 -1 0 -1 -1
0 1 0 27.6 70.0 0 -1 0 -1 -1
0 1 0 27.6 70.0 0 -1 0 -1 -1
0 1 0 27.6 70.0 0 -1 0 -1 -1
0 1 0 27.5 70.0 0 -1 0 -1 -1
0 1 0 27.5 70.0 0 -1 0 -1 -1
0 1 0 27.5 70.0 0 -1 0 -1 -1
0 1 0 27.5 70.0 0 -1 0 -1 -1
0 1 0 27.6 70.0 0 -1 0 -1 -1
0 1 0 27.6 70.0 0 -1 0 -1 -1
0 1 0 27.5 70.0 0 -1 0 -1 -1
0 1 0 27.6 70.0 0 -1 0 -1 -1
0 1 0 27.5 70.0 0 -1 0 -1 -1
0 1 0 27.6 70.0 0 -1 0 -1 -1
0 1 0 27.6 70.0 0 -1 0 -1 -1
0 1 0 27.6 70.0 0 -1 0 -1 -1
0 1 0 27.5 70.0 0 -1 0 -1 -1
0 1 0 27.6 70.0 0 -1 0 -1 -1
0 1 0 27.5 70.0 0 -1 0 -1 -1
0 1 0 27.5 70.0 0 -1 0 -1 -1
0 1 0 27.6 70.0 0 -1 0 -1 -1
0 1 0 27.5 70.0 0 -1 0 -1 -1
0 1 0 27.6 70.0 0 -1 0 -1 -1
0 1 0 27.6 70.0 0 -1 0 -1 -1
0 1 0 27.5 70.0 0 -1 0 -1 -1
0 1 0 27.5 70.0 0 -1 0 -1 -1
0 1 0 27.5 70.0 0 -1 0 -1 -1
0 1 0 27.5 70.0 0 -1 0 -1 -1
0 1 0 27.6 70.0 0 -1 0 -1 -1
0 1 0 27.6 70.0 0 -1 0 -1 -1
0 1 0 27.5 70.0 0 -1 0 -1 -1
0 1 0 27.6 70.0 0 -1 0 -1 -1
0 1 0 27.5 70.0 0 -1 0 -1 -1
0 1 0 27.5 70.0 0 -1 0 -1 -1
0 1 0 27.6 70.0 0 -1 0 -1 -1
0 1 0 27.6 70.0 0 -1 0 -1 -1
0 1 0 27.6 70.0 0 -1 0 -1 -1
0 1 0 27.6 70.0 0 -1 0 -1 -1
0 1 0 27.6 70.0 0 -1 0 -1 -1
0 1 0 27.6 70.0 0 -1 0 -1 -1
0 1 0 27.6 70.0 0 -1 0 -1 -1
0 1 0 27.6 70.0 0 -1 0 -1 -1
0 1 0 27.6 70.0 0 -1 0 -1 -1
0 1 0 27.6 70.0 0 -1 0 -1 -1
0 1 0 27.6 70.0 0 -1 0 -1 -1
0 1 0 27.6 70.0 0 -1 0 -1 -1
0 1 0 27.6 70.0 0 -1 0 -1 -1
0 1 0 27.6 70.0 0 -1 0 -1 -1
0 1 0 27.6 70.0 0 -1 0 -1 -1
0 1 0 27.6 70.0 0 -1 0 -1 -1
0 1 0 27.5 70.0 0 -1 0 -1 -1
0 1 0 27.6 70.0 0 -1 0 -1 -1
0 1 0 27.6 70.0 0 -1 0 -1 -1
0 1 0 27.6 70.0 0 -1 0 -1 -1
0 1 0 27.6 70.0 0 -1 0 -1 -1
0 1 0 27.6 70.0 0 -1 0 -1 -1
0 1 0 27.6 70.0 0 -1 0 -1 -1
0 1 0 27.6 70.0 0 -1 0 -1 -1
0 1 0 27.6 70.0 0 -1 0 -1 -1
0 1 0 27.6 70.0 0 -1 0 -1 -1
0 1 0 27.6 70.0 0 -1 0 -1 -1
0 1 0 27.6 70.0 0 -1 0 -1 -1
0 1 0 27.6 70.0 0 -1 0 -1 -1
0 1 0 27.6 70.0 0 -1 0 -1 -1
0 1 0 27.6 70.0 0 -1 0 -1 -1
