0 1 0 27.6 70.0 0 -1 0 -1 -1
0 1 0 27.6 70.0 0 -1 0 -1 -1
0 1 0 27.6 70.0 0 -1 0 -1 -1
0 1 0 27.6 70.0 0 -1 0 -1 -1
0 1 0 27.6 70.0 0 -1 0 -1 -1
0 1 0 27.6 70.0 0 -1 0 -1 -1
0 1 0 27.6 70.0 0 -1 0 -1 -1
0 1 0 27.6 70.5 0 -1 0 -1 -1
0 1 0 27.6 70.0 0 -1 0 -1 -1
0 1 0 27.6 70.0 0 -1 0 -1 -1
0 1 0 27.6 70.5 0 -1 0 -1 -1
0 1 0 27.6 70.0 0 -1 0 -1 -1
0 1 0 27.6 70.0 0 -1 0 -1 -1
0 1 0 27.6 70.0 0 -1 0 -1 -1
0 1 0 27.6 70.0 0 -1 0 -1 -1
0 1 0 27.6 70.5 0 -1 0 -1 -1
0 1 0 27.6 70.5 0 -1 0 -1 -1
0 1 0 27.6 70.0 0 -1 0 -1 -1
0 1 0 27.6 70.5 0 -1 0 -1 -1
0 1 0 27.6 70.5 0 -1 0 -1 -1
0 1 0 27.6 70.5 0 -1 0 -1 -1
0 1 0 27.6 70.5 0 -1 0 -1 -1
0 1 0 27.6 70.5 0 -1 0 -1 -1
0 1 0 27.6 70.5 0 -1 0 -1 -1
0 1 0 27.6 70.5 0 -1 0 -1 -1
0 1 0 27.6 70.5 0 -1 0 -1 -1
0 1 0 27.7 70.5 0 -1 0 -1 -1
0 1 0 27.6 70.5 0 -1 0 -1 -1
0 1 0 27.7 70.5 0 -1 0 -1 -1
0 1 0 27.7 70.5 0 -1 0 -1 -1
0 1 0 27.6 70.5 0 -1 0 -1 -1
0 1 0 27.6 70.5 0 -1 0 -1 -1
0 1 0 27.7 70.5 0 -1 0 -1 -1
0 1 0 27.7 70.5 0 -1 0 -1 -1
0 1 0 27.6 70.5 0 -1 0 -1 -1
0 1 0 27.6 70.5 0 -1 0 -1 -1
0 1 0 27.7 70.5 0 -1 0 -1 -1
0 1 0 27.6 70.5 0 -1 0 -1 -1
0 1 0 27.6 70.5 0 -1 0 -1 -1
0 1 0 27.6 70.5 0 -1 0 -1 -1
0 1 0 27.6 70.5 0 -1 0 -1 -1
0 1 0 27.7 70.5 0 -1 0 -1 -1
0 1 0 27.6 70.5 0 -1 0 -1 -1
0 1 0 27.6 70.5 0 -1 0 -1 -1
0 1 0 27.6 70.5 0 -1 0 -1 -1
0 1 0 27.6 70.5 0 -1 0 -1 -1
0 1 0 27.7 70.5 0 -1 0 -1 -1
0 1 0 27.7 70.5 0 -1 0 -1 -1
0 1 0 27.7 70.5 0 -1 0 -1 -1
0 1 0 27.6 70.5 0 -1 0 -1 -1
0 1 0 27.6 70.5 0 -1 0 -1 -1
0 1 0 27.7 70.5 0 -1 0 -1 -1
0 1 0 27.7 70.5 0 -1 0 -1 -1
0 1 0 27.6 70.5 0 -1 0 -1 -1
0 1 0 27.7 70.5 0 -1 0 -1 -1
0 1 0 27.6 70.5 0 -1 0 -1 -1
0 1 0 27.7 70.5 0 -1 0 -1 -1
0 1 0 27.6 70.5 0 -1 0 -1 -1
0 1 0 27.7 70.5 0 -1 0 -1 -1
0 1 0 27.6 70.5 0 -1 0 -1 -1
0 1 0 27.7 70.5 0 -1 0 -1 -1
0 1 0 27.7 70.5 0 -1 0 -1 -1
0 1 0 27.7 70.5 0 -1 0 -1 -1
0 1 0 27.7 70.5 0 -1 0 -1 -1
0 1 0 27.6 70.5 0 -1 0 -1 -1
0 1 0 27.7 70.5 0 -1 0 -1 -1
0 1 0 27.7 70.5 0 -1 0 -1 -1
0 1 0 27.6 70.5 0 -1 0 -1 -1
0 1 0 27.6 70.5 0 -1 0 -1 -1
0 1 0 27.6 70.5 0 -1 0 -1 -1
0 1 0 27.7 70.5 0 -1 0 -1 -1
0 1 0 27.6 70.5 0 -1 0 -1 -1
0 1 0 27.6 70.5 0 -1 0 -1 -1
0 1 0 27.7 70.5 0 -1 0 -1 -1
0 1 0 27.7 70.5 0 -1 0 -1 -1
0 1 0 27.7 70.5 0 -1 0 -1 -1
0 1 0 27.6 70.5 0 -1 0 -1 -1
0 1 0 27.7 70.5 0 -1 0 -1 -1
0 1 0 27.7 70.5 0 -1 0 -1 -1
0 1 0 27.7 70.5 0 -1 0 -1 -1
0 1 0 27.7 70.5 0 -1 0 -1 -1
0 1 0 27.6 70.5 0 -1 0 -1 -1
0 1 0 27.7 70.5 0 -1 0 -1 -1
0 1 0 27.7 71.0 0 -1 0 -1 -1
0 1 0 27.7 70.5 0 -1 0 -1 -1
0 1 0 27.7 70.5 0 -1 0 -1 -1
0 1 0 27.6 71.0 0 -1 0 -1 -1
0 1 0 27.7 71.0 0 -1 0 -1 -1
0 1 0 27.6 71.0 0 -1 0 -1 -1
0 1 0 27.7 71.0 0 -1 0 -1 -1
0 1 0 27.7 71.0 0 -1 0 -1 -1
0 1 0 27.7 71.0 0 -1 0 -1 -1
0 1 0 27.7 71.0 0 -1 0 -1 -1
0 1 0 27.7 71.0 0 -1 0 -1 -1
0 1 0 27.7 71.0 0 -1 0 -1 -1
0 1 0 27.7 71.0 0 -1 0 -1 -1
0 1 0 27.7 71.0 0 -1 0 -1 -1
0 1 0 27.7 71.0 0 -1 0 -1 -1
0 1 0 27.6 71.0 0 -1 0 -1 -1
0 1 0 27.7 71.0 0 -1 0 -1 -1
0 1 0 27.7 71.0 0 -1 0 -1 -1
0 1 0 27.6 71.0 0 -1 0 -1 -1
0 1 0 27.7 71.0 0 -1 0 -1 -1
0 1 0 27.7 71.0 0 -1 0 -1 -1
0 1 0 27.7 71.0 0 -1 0 -1 -1
0 1 0 27.7 71.0 0 -1 0 -1 -1
0 1 0 27.7 71.0 0 -1 0 -1 -1
0 1 0 27.7 71.0 0 -1 0 -1 -1
0 1 0 27.7 71.0 0 -1 0 -1 -1
0 1 0 27.7 71.0 0 -1 0 -1 -1
0 1 0 27.7 71.0 0 -1 0 -1 -1
0 1 0 27.7 71.0 0 -1 0 -1 -1
0 1 0 27.7 71.0 0 -1 0 -1 -1
0 1 0 27.7 71.0 0 -1 0 -1 -1
0 1 0 27.7 71.0 0 -1 0 -1 -1
0 1 0 27.7 71.0 0 -1 0 -1 -1
0 1 0 27.7 71.0 0 -1 0 -1 -1
0 1 0 27.7 71.0 0 -1 0 -1 -1
0 1 0 27.7 71.0 0 -1 0 -1 -1
0 1 0 27.7 71.0 0 -1 0 -1 -1
0 1 0 27.7 71.0 0 -1 0 -1 -1
0 1 0 27.7 71.0 0 -1 0 -1 -1
0 1 0 27.7 71.0 0 -1 0 -1 -1
0 1 0 27.7 71.0 0 -1 0 -1 -1
0 1 0 27.8 71.0 0 -1 0 -1 -1
0 1 0 27.7 71.0 0 -1 0 -1 -1
0 1 0 27.7 71.0 0 -1 0 -1 -1
0 1 0 27.8 71.0 0 -1 0 -1 -1
0 1 0 27.7 71.0 0 -1 0 -1 -1
0 1 0 27.7 71.0 0 -1 0 -1 -1
0 1 0 27.7 71.0 0 -1 0 -1 -1
0 1 0 27.7 71.0 0 -1 0 -1 -1
0 1 0 27.8 71.0 0 -1 0 -1 -1
0 1 0 27.7 71.0 0 -1 0 -1 -1
0 1 0 27.6 71.0 0 -1 0 -1 -1
0 1 0 27.7 71.0 0 -1 0 -1 -1
0 1 0 27.7 71.0 0 -1 0 -1 -1
0 1 0 27.7 71.0 0 -1 0 -1 -1
0 1 0 27.7 71.0 0 -1 0 -1 -1
0 1 0 27.7 71.0 0 -1 0 -1 -1
0 1 0 27.7 71.0 0 -1 0 -1 -1
0 1 0 27.6 71.0 0 -1 0 -1 -1
0 1 0 27.7 71.0 0 -1 0 -1 -1
0 1 0 27.7 71.0 0 -1 0 -1 -1
0 1 0 27.7 71.0 0 -1 0 -1 -1
0 1 0 27.7 71.0 0 -1 0 -1 -1
0 1 0 27.7 71.0 0 -1 0 -1 -1
0 1 0 27.7 71.0 0 -1 0 -1 -1
0 1 0 27.7 71.0 0 -1 0 -1 -1
0 1 0 27.7 71.0 0 -1 0 -1 -1
0 1 0 27.7 71.0 0 -1 0 -1 -1
0 1 0 27.7 71.0 0 -1 0 -1 -1
0 1 0 27.7 71.0 0 -1 0 -1 -1
0 1 0 27.6 71.0 0 -1 0 -1 -1
0 1 0 27.7 71.0 0 -1 0 -1 -1
0 1 0 27.7 71.0 0 -1 0 -1 -1
0 1 0 27.7 71.0 0 -1 0 -1 -1
0 1 0 27.7 71.0 0 -1 0 -1 -1
0 1 0 27.6 71.0 0 -1 0 -1 -1
0 1 0 27.7 71.0 0 -1 0 -1 -1
0 1 0 27.7 71.0 0 -1 0 -1 -1
0 1 0 27.7 71.0 0 -1 0 -1 -1
0 1 0 27.7 71.0 0 -1 0 -1 -1
0 1 0 27.7 71.0 0 -1 0 -1 -1
0 1 0 27.7 71.0 0 -1 0 -1 -1
0 1 0 27.7 71.0 0 -1 0 -1 -1
0 1 0 27.7 71.0 0 -1 0 -1 -1
0 1 0 27.7 71.0 0 -1 0 -1 -1
0 1 0 27.7 71.0 0 -1 0 -1 -1
0 1 0 27.7 71.0 0 -1 0 -1 -1
0 1 0 27.7 71.0 0 -1 0 -1 -1
0 1 0 27.7 71.0 0 -1 0 -1 -1
0 1 0 27.7 71.0 0 -1 0 -1 -1
0 1 0 27.7 71.0 0 -1 0 -1 -1
0 1 0 27.7 71.0 0 -1 0 -1 -1
0 1 0 27.7 71.0 0 -1 0 -1 -1
0 1 0 27.7 71.0 0 -1 0 -1 -1
0 1 0 27.7 71.0 0 -1 0 -1 -1
0 1 0 27.7 71.0 0 -1 0 -1 -1
0 1 0 27.8 71.0 0 -1 0 -1 -1
0 1 0 27.7 71.0 0 -1 0 -1 -1
0 1 0 27.7 71.0 0 -1 0 -1 -1
0 1 0 27.8 71.0 0 -1 0 -1 -1
0 1 0 27.7 71.0 0 -1 0 -1 -1
0 1 0 27.7 71.0 0 -1 0 -1 -1
0 1 0 27.7 71.0 0 -1 0 -1 -1
0 1 0 27.7 71.0 0 -1 0 -1 -1
0 1 0 27.7 71.0 0 -1 0 -1 -1
0 1 0 27.7 71.0 0 -1 0 -1 -1
0 1 0 27.7 71.5 0 -1 0 -1 -1
0 1 0 27.7 71.0 0 -1 0 -1 -1
0 1 0 27.8 71.5 0 -1 0 -1 -1
0 1 0 27.7 71.0 0 -1 0 -1 -1
0 1 0 27.7 71.0 0 -1 0 -1 -1
0 1 0 27.7 71.5 0 -1 0 -1 -1
0 1 0 27.7 71.5 0 -1 0 -1 -1
0 1 0 27.7 71.5 0 -1 0 -1 -1
0 1 0 27.7 71.5 0 -1 0 -1 -1
0 1 0 27.7 71.5 0 -1 0 -1 -1
0 1 0 27.7 71.5 0 -1 0 -1 -1
0 1 0 27.7 71.5 0 -1 0 -1 -1
0 1 0 27.7 71.5 0 -1 0 -1 -1
0 1 0 27.7 71.5 0 -1 0 -1 -1
0 1 0 27.7 71.5 0 -1 0 -1 -1
0 1 0 27.7 71.5 0 -1 0 -1 -1
0 1 0 27.7 71.5 0 -1 0 -1 -1
0 1 0 27.7 71.5 0 -1 0 -1 -1
0 1 0 27.7 71.5 0 -1 0 -1 -1
0 1 0 27.7 71.5 0 -1 0 -1 -1
0 1 0 27.7 71.5 0 -1 0 -1 -1
0 1 0 27.7 71.5 0 -1 0 -1 -1
0 1 0 27.7 71.5 0 -1 0 -1 -1
0 1 0 27.7 71.5 0 -1 0 -1 -1
0 1 0 27.7 71.5 0 -1 0 -1 -1
0 1 0 27.6 71.5 0 -1 0 -1 -1
0 1 0 27.6 71.5 0 -1 0 -1 -1
0 1 0 27.7 71.5 0 -1 0 -1 -1
0 1 0 27.7 71.5 0 -1 0 -1 -1
0 1 0 27.8 71.5 0 -1 0 -1 -1
0 1 0 27.7 71.5 0 -1 0 -1 -1
0 1 0 27.7 71.5 0 -1 0 -1 -1
0 1 0 27.7 71.5 0 -1 0 -1 -1
0 1 0 27.7 71.5 0 -1 0 -1 -1
0 1 0 27.7 71.5 0 -1 0 -1 -1
0 1 0 27.7 71.5 0 -1 0 -1 -1
0 1 0 27.6 71.5 0 -1 0 -1 -1
0 1 0 27.7 71.5 0 -1 0 -1 -1
0 1 0 27.7 71.5 0 -1 0 -1 -1
0 1 0 27.7 71.5 0 -1 0 -1 -1
0 1 0 27.7 71.5 0 -1 0 -1 -1
0 1 0 27.7 71.5 0 -1 0 -1 -1
0 1 0 27.7 71.5 0 -1 0 -1 -1
0 1 0 27.7 71.5 0 -1 0 -1 -1
0 1 0 27.7 71.5 0 -1 0 -1 -1
0 1 0 27.6 71.5 0 -1 0 -1 -1
0 1 0 27.8 71.5 0 -1 0 -1 -1
0 1 0 27.7 71.5 0 -1 0 -1 -1
0 1 0 27.7 71.5 0 -1 0 -1 -1
0 1 0 27.7 71.5 0 -1 0 -1 -1
0 1 0 27.7 71.5 0 -1 0 -1 -1
0 1 0 27.6 71.5 0 -1 0 -1 -1
0 1 0 27.7 71.5 0 -1 0 -1 -1
0 1 0 27.7 71.5 0 -1 0 -1 -1
0 1 0 27.6 71.5 0 -1 0 -1 -1
0 1 0 27.7 71.5 0 -1 0 -1 -1
0 1 0 27.7 71.5 0 -1 0 -1 -1
0 1 0 27.8 71.5 0 -1 0 -1 -1
0 1 0 27.7 71.5 0 -1 0 -1 -1
0 1 0 27.7 71.5 0 -1 0 -1 -1
0 1 0 27.7 71.5 0 -1 0 -1 -1
0 1 0 27.8 71.5 0 -1 0 -1 -1
0 1 0 27.7 71.5 0 -1 0 -1 -1
0 1 0 27.7 71.5 0 -1 0 -1 -1
0 1 0 27.8 71.5 0 -1 0 -1 -1
0 1 0 27.7 71.5 0 -1 0 -1 -1
0 1 0 27.7 71.5 0 -1 0 -1 -1
0 1 0 27.7 71.5 0 -1 0 -1 -1
0 1 0 27.7 71.5 0 -1 0 -1 -1
0 1 0 27.7 71.5 0 -1 0 -1 -1
0 1 0 27.7 71.5 0 -1 0 -1 -1
0 1 0 27.7 71.5 0 -1 0 -1 -1
0 1 0 27.8 71.5 0 -1 0 -1 -1
0 1 0 27.8 71.5 0 -1 0 -1 -1
0 1 0 27.7 71.5 0 -1 0 -1 -1
0 1 0 27.7 71.5 0 -1 0 -1 -1
0 1 0 27.7 71.5 0 -1 0 -1 -1
0 1 0 27.7 71.5 0 -1 0 -1 -1
0 1 0 27.7 71.5 0 -1 0 -1 -1
0 1 0 27.7 71.5 0 -1 0 -1 -1
0 1 0 27.7 71.5 0 -1 0 -1 -1
0 1 0 27.8 71.5 0 -1 0 -1 -1
0 1 0 27.7 71.5 0 -1 0 -1 -1
0 1 0 27.7 71.5 0 -1 0 -1 -1
0 1 0 27.7 71.5 0 -1 0 -1 -1
0 1 0 27.7 71.5 0 -1 0 -1 -1
0 1 0 27.7 71.5 0 -1 0 -1 -1
0 1 0 27.7 71.5 0 -1 0 -1 -1
0 1 0 27.7 71.5 0 -1 0 -1 -1
0 1 0 27.6 71.5 0 -1 0 -1 -1
0 1 0 27.7 71.5 0 -1 0 -1 -1
0 1 0 27.7 71.5 0 -1 0 -1 -1
0 1 0 27.7 71.5 0 -1 0 -1 -1
0 1 0 27.7 71.5 0 -1 0 -1 -1
0 1 0 27.7 71.5 0 -1 0 -1 -1
0 1 0 27.7 71.5 0 -1 0 -1 -1
0 1 0 27.7 71.5 0 -1 0 -1 -1
0 1 0 27.7 71.5 0 -1 0 -1 -1
0 1 0 27.7 71.5 0 -1 0 -1 -1
0 1 0 27.7 71.5 0 -1 0 -1 -1
0 1 0 27.6 71.5 0 -1 0 -1 -1
0 1 0 27.7 71.5 0 -1 0 -1 -1
0 1 0 27.7 71.5 0 -1 0 -1 -1
0 1 0 27.7 71.5 0 -1 0 -1 -1
0 1 0 27.7 71.5 0 -1 0 -1 -1
0 1 0 27.8 72.0 0 -1 0 -1 -1
0 1 0 27.7 72.0 0 -1 0 -1 -1
0 1 0 27.7 72.0 0 -1 0 -1 -1
0 1 0 27.7 72.0 2 -1 0 -1 -1
0 1 0 27.7 71.5 2 -1 0 -1 -1
0 1 0 27.7 71.5 2 -1 0 -1 -1
0 1 0 27.7 71.5 2 -1 0 -1 -1
0 1 0 27.7 72.0 2 -1 0 -1 -1
0 1 0 27.8 72.0 2 -1 0 -1 -1
0 1 0 27.7 72.0 2 -1 0 -1 -1
0 1 0 27.6 72.0 2 -1 0 -1 -1
0 1 0 27.7 72.0 1 -1 0 -1 -1
0 1 0 27.7 71.5 1 -1 0 -1 -1
0 1 0 27.7 72.0 1 -1 0 -1 -1
0 1 0 27.7 72.0 1 -1 0 -1 -1
0 1 0 27.7 72.0 1 -1 0 -1 -1
0 1 0 27.6 72.0 1 -1 0 -1 -1
0 1 0 27.7 72.0 1 -1 0 -1 -1
0 1 0 27.7 72.0 1 -1 0 -1 -1
0 1 0 27.7 72.0 1 -1 0 -1 -1
0 1 0 27.6 72.0 1 -1 0 -1 -1
0 1 0 27.6 72.0 1 -1 0 -1 -1
0 1 0 27.7 72.0 1 -1 0 -1 -1
0 1 0 27.7 72.0 1 -1 0 -1 -1
0 1 0 27.6 72.0 1 -1 0 -1 -1
0 1 0 27.7 72.0 1 -1 0 -1 -1
0 1 0 27.7 72.0 1 -1 0 -1 -1
0 1 0 27.7 72.0 1 -1 0 -1 -1
0 1 0 27.7 72.0 0 -1 0 -1 -1
0 1 0 27.7 72.0 0 -1 0 -1 -1
0 1 0 27.8 72.0 0 -1 0 -1 -1
0 1 0 27.7 72.0 0 -1 0 -1 -1
0 1 0 27.7 72.0 0 -1 0 -1 -1
0 1 0 27.7 72.0 0 -1 0 -1 -1
0 1 0 27.7 72.0 0 -1 0 -1 -1
0 1 0 27.7 72.0 2 -1 0 -1 -1
0 1 0 27.7 72.0 2 -1 0 -1 -1
0 1 0 27.6 72.0 2 -1 0 -1 -1
0 1 0 27.7 72.0 2 -1 0 -1 -1
0 1 0 27.7 72.0 2 -1 0 -1 -1
0 1 0 27.7 72.0 1 -1 0 -1 -1
0 1 0 27.7 72.0 1 -1 0 -1 -1
0 1 0 27.6 72.0 1 -1 0 -1 -1
0 1 0 27.7 72.0 2 -1 0 -1 -1
0 1 0 27.7 72.0 2 -1 0 -1 -1
0 1 0 27.7 72.0 2 -1 0 -1 -1
0 1 0 27.7 72.0 2 -1 0 -1 -1
0 1 0 27.6 72.0 4 -1 0 -1 -1
0 1 0 27.7 72.0 4 -1 0 -1 -1
0 1 0 27.7 72.0 4 -1 0 -1 -1
0 1 0 27.7 72.0 4 -1 0 -1 -1
0 1 0 27.7 72.0 1 -1 0 -1 -1
0 1 0 27.7 72.0 2 -1 0 -1 -1
0 1 0 27.6 72.0 2 -1 0 -1 -1
0 1 0 27.7 72.0 2 -1 0 -1 -1
0 1 0 27.7 72.0 2 -1 0 -1 -1
0 1 0 27.7 72.0 2 -1 0 -1 -1
0 1 0 27.7 72.0 2 -1 0 -1 -1
0 1 0 27.7 72.0 2 -1 0 -1 -1
0 1 0 27.7 72.0 2 -1 0 -1 -1
0 1 0 27.7 72.0 4 -1 0 -1 -1
0 1 0 27.7 72.0 4 -1 0 -1 -1
0 1 0 27.7 72.0 4 -1 0 -1 -1
0 1 0 27.7 72.0 4 -1 0 -1 -1
0 1 0 27.7 72.0 4 -1 0 -1 -1
0 1 0 27.7 72.0 4 -1 0 -1 -1
0 1 0 27.7 72.0 4 -1 0 -1 -1
0 1 0 27.7 72.0 6 -1 0 -1 -1
0 1 0 27.7 72.0 6 -1 0 -1 -1
0 1 0 27.7 72.0 6 -1 0 -1 -1
0 1 0 27.7 72.0 6 -1 0 -1 -1
0 1 0 27.7 72.0 9 -1 0 -1 -1
0 1 0 27.6 72.0 5 -1 0 -1 -1
0 1 0 27.7 72.0 5 -1 0 -1 -1
0 1 0 27.7 72.0 5 -1 0 -1 -1
0 1 0 27.7 72.0 7 -1 0 -1 -1
0 1 0 27.7 72.0 7 -1 0 -1 -1
0 1 0 27.7 72.0 7 -1 0 -1 -1
0 1 0 27.7 72.0 7 -1 0 -1 -1
0 1 0 27.7 72.0 7 -1 0 -1 -1
0 1 0 27.7 72.0 9 -1 0 -1 -1
0 1 0 27.7 72.0 9 -1 0 -1 -1
0 1 0 27.8 72.0 9 -1 0 -1 -1
0 1 0 27.7 72.0 9 -1 0 -1 -1
0 1 0 27.7 72.0 9 -1 0 -1 -1
0 1 0 27.7 72.0 9 -1 0 -1 -1
0 1 0 27.7 72.0 11 -1 0 -1 -1
0 1 0 27.7 72.0 11 -1 0 -1 -1
0 1 0 27.8 72.0 7 -1 0 -1 -1
0 1 0 27.8 72.0 7 -1 0 -1 -1
0 1 0 27.7 72.0 7 -1 0 -1 -1
0 1 0 27.7 72.0 7 -1 0 -1 -1
0 1 0 27.7 72.0 9 -1 0 -1 -1
0 1 0 27.8 72.0 13 -1 0 -1 -1
0 1 0 27.8 72.0 16 -1 0 -1 -1
0 1 0 27.8 72.0 12 -1 0 -1 -1
0 1 0 27.7 72.0 11 -1 0 -1 -1
0 1 0 27.8 72.0 11 -1 0 -1 -1
0 1 0 27.7 72.0 11 -1 0 -1 -1
0 1 0 27.8 72.0 11 -1 0 -1 -1
0 1 0 27.8 72.0 13 -1 0 -1 -1
0 1 0 27.8 72.0 16 -1 0 -1 -1
0 1 0 27.8 72.0 18 -1 0 -1 -1
0 1 0 27.8 72.5 18 -1 0 -1 -1
0 1 0 27.7 72.0 25 -1 0 -1 -1
0 1 0 27.8 72.0 27 -1 0 -1 -1
0 1 0 27.8 72.0 25 -1 0 -1 -1
0 1 0 27.7 72.5 25 -1 0 -1 -1
0 1 0 27.8 72.5 32 -1 0 -1 -1
0 1 0 27.8 72.0 30 -1 0 -1 -1
0 1 0 27.7 72.5 34 -1 0 -1 -1
0 1 0 27.8 72.5 35 -1 0 -1 -1
0 1 0 27.8 72.5 35 -1 0 -1 -1
0 1 0 27.8 72.5 35 -1 0 -1 -1
0 1 0 27.8 72.5 36 -1 0 -1 -1
0 1 0 27.8 72.5 29 -1 0 -1 -1
0 1 0 27.8 72.5 25 -1 0 -1 -1
0 1 0 27.9 72.5 23 -1 0 -1 -1
0 1 0 27.8 72.5 32 -1 0 -1 -1
0 1 0 27.8 72.0 35 -1 0 -1 -1
0 1 0 27.9 72.0 37 -1 0 -1 -1
0 1 0 27.8 72.5 35 -1 0 -1 -1
0 1 0 27.8 72.0 32 -1 0 -1 -1
0 1 0 27.9 72.0 34 -1 0 -1 -1
0 1 0 27.9 72.5 34 -1 0 -1 -1
0 1 0 27.9 72.0 32 -1 0 -1 -1
0 1 0 27.9 72.0 41 -1 0 -1 -1
0 1 0 27.9 72.0 35 -1 0 -1 -1
0 1 0 27.8 72.0 32 -1 0 -1 -1
0 1 0 27.9 72.0 36 -1 0 -1 -1
0 1 0 27.9 72.0 32 -1 0 -1 -1
0 1 0 27.9 72.0 27 -1 0 -1 -1
0 1 0 27.9 72.5 27 -1 0 -1 -1
0 1 0 28.0 72.0 27 -1 0 -1 -1
0 1 0 27.9 72.0 25 -1 0 -1 -1
0 1 0 27.9 72.5 39 -1 0 -1 -1
0 1 0 27.9 72.0 30 -1 0 -1 -1
0 1 0 28.0 72.0 25 -1 0 -1 -1
0 1 0 27.9 72.0 25 -1 0 -1 -1
0 1 0 28.0 72.0 27 -1 0 -1 -1
0 1 0 28.0 72.5 30 -1 0 -1 -1
0 1 0 28.0 72.0 30 -1 0 -1 -1
0 1 0 27.9 72.5 25 -1 0 -1 -1
0 1 0 28.0 72.0 28 -1 0 -1 -1
0 1 0 28.0 72.5 27 -1 0 -1 -1
0 1 0 28.0 72.5 30 -1 0 -1 -1
0 1 0 28.0 72.0 27 -1 0 -1 -1
0 1 0 28.0 72.0 25 -1 0 -1 -1
0 1 0 28.0 72.0 25 -1 0 -1 -1
0 1 0 28.0 72.0 22 -1 0 -1 -1
0 1 0 28.0 72.0 22 -1 0 -1 -1
0 1 0 28.0 72.0 18 -1 0 -1 -1
0 1 0 28.1 72.0 18 -1 0 -1 -1
0 1 0 28.0 72.0 20 -1 0 -1 -1
0 1 0 28.1 72.5 34 -1 0 -1 -1
0 1 0 28.0 72.0 39 -1 0 -1 -1
0 1 0 28.0 72.5 39 -1 0 -1 -1
0 1 0 28.0 72.5 32 -1 0 -1 -1
0 1 0 28.1 72.5 25 -1 0 -1 -1
0 1 0 28.1 72.5 25 -1 0 -1 -1
0 1 0 28.1 72.5 29 -1 0 -1 -1
0 1 0 28.0 72.5 32 -1 0 -1 -1
0 1 0 28.1 72.5 39 -1 0 -1 -1
0 1 0 28.0 72.5 41 -1 0 -1 -1
0 1 0 28.0 72.5 46 -1 0 -1 -1
0 1 0 28.0 72.5 50 -1 0 -1 -1
0 1 0 28.1 72.5 46 -1 0 -1 -1
0 1 0 28.1 72.5 37 -1 0 -1 -1
0 1 0 28.0 72.5 34 -1 0 -1 -1
0 1 0 28.1 72.5 27 -1 0 -1 -1
0 1 0 28.1 72.5 27 -1 0 -1 -1
0 1 0 28.1 72.5 27 -1 0 -1 -1
0 1 0 28.1 72.5 29 -1 0 -1 -1
0 1 0 28.2 72.5 30 -1 0 -1 -1
0 1 0 28.1 72.5 50 -1 0 -1 -1
0 1 0 28.2 72.5 51 -1 0 -1 -1
0 1 0 28.1 72.5 50 -1 0 -1 -1
0 1 0 28.1 72.5 43 -1 0 -1 -1
0 1 0 28.2 72.5 51 -1 0 -1 -1
0 1 0 28.2 72.5 50 -1 0 -1 -1
0 1 0 28.2 72.5 51 -1 0 -1 -1
0 1 0 28.1 72.5 49 -1 0 -1 -1
0 1 0 28.1 72.5 39 -1 0 -1 -1
0 1 0 28.1 73.0 27 -1 0 -1 -1
0 1 0 28.2 73.0 25 -1 0 -1 -1
0 1 0 28.2 73.0 29 -1 0 -1 -1
0 1 0 28.2 73.0 28 -1 0 -1 -1
0 1 0 28.3 73.0 32 -1 0 -1 -1
0 1 0 28.2 73.0 34 -1 0 -1 -1
0 1 0 28.2 73.0 42 -1 0 -1 -1
0 1 0 28.2 73.0 48 -1 0 -1 -1
0 1 0 28.3 73.0 41 -1 0 -1 -1
0 1 0 28.2 73.0 38 -1 0 -1 -1
0 1 0 28.3 73.0 34 -1 0 -1 -1
0 1 0 28.3 73.0 32 -1 0 -1 -1
0 1 0 28.3 73.0 34 -1 0 -1 -1
0 1 0 28.3 73.0 34 -1 0 -1 -1
0 1 0 28.3 73.0 34 -1 0 -1 -1
0 1 0 28.3 73.0 39 -1 0 -1 -1
0 1 0 28.3 73.5 44 -1 0 -1 -1
0 1 0 28.3 73.5 46 -1 0 -1 -1
0 1 0 28.3 73.0 41 -1 0 -1 -1
0 1 0 28.3 73.0 39 -1 0 -1 -1
0 1 0 28.3 73.0 41 -1 0 -1 -1
0 1 0 28.4 73.0 41 -1 0 -1 -1
0 1 0 28.3 73.0 45 -1 0 -1 -1
0 1 0 28.3 73.0 41 -1 0 -1 -1
0 1 0 28.4 73.0 48 -1 0 -1 -1
0 1 0 28.4 73.5 52 -1 0 -1 -1
0 1 0 28.4 73.5 49 -1 0 -1 -1
0 1 0 28.4 73.5 49 -1 0 -1 -1
0 1 0 28.3 73.5 50 -1 0 -1 -1
0 1 0 28.4 73.5 44 -1 0 -1 -1
0 1 0 28.4 73.5 46 -1 0 -1 -1
0 1 0 28.4 73.5 44 -1 0 -1 -1
0 1 0 28.5 73.5 42 -1 0 -1 -1
0 1 0 28.4 73.5 41 -1 0 -1 -1
0 1 0 28.5 73.5 39 -1 0 -1 -1
0 1 0 28.4 73.5 41 -1 0 -1 -1
0 1 0 28.4 73.5 46 -1 0 -1 -1
0 1 0 28.4 73.5 46 -1 0 -1 -1
0 1 0 28.4 73.5 39 -1 0 -1 -1
0 1 0 28.5 73.5 41 -1 0 -1 -1
0 1 0 28.6 73.5 39 -1 0 -1 -1
0 1 0 28.5 73.5 39 -1 0 -1 -1
0 1 0 28.5 73.5 37 -1 0 -1 -1
0 1 0 28.5 73.5 36 -1 0 -1 -1
0 1 0 28.6 73.5 36 -1 0 -1 -1
0 1 0 28.5 73.5 35 -1 0 -1 -1
0 1 0 28.5 73.5 35 -1 0 -1 -1
0 1 0 28.5 73.5 34 -1 0 -1 -1
0 1 0 28.5 73.5 34 -1 0 -1 -1
0 1 0 28.6 73.5 30 -1 0 -1 -1
0 1 0 28.5 73.5 30 -1 0 -1 -1
0 1 0 28.6 74.0 32 -1 0 -1 -1
0 1 0 28.6 74.0 30 -1 0 -1 -1
0 1 0 28.6 74.0 30 -1 0 -1 -1
0 1 0 28.6 74.0 32 -1 0 -1 -1
0 1 0 28.6 74.0 28 -1 0 -1 -1
0 1 0 28.6 74.0 30 -1 0 -1 -1
0 1 0 28.6 74.0 28 -1 0 -1 -1
0 1 0 28.6 74.0 28 -1 0 -1 -1
0 1 0 28.6 74.0 28 -1 0 -1 -1
0 1 0 28.6 74.0 28 -1 0 -1 -1
0 1 0 28.6 74.0 28 -1 0 -1 -1
0 1 0 28.7 74.0 28 -1 0 -1 -1
0 1 0 28.6 74.0 28 -1 0 -1 -1
0 1 0 28.6 74.0 28 -1 0 -1 -1
0 1 0 28.6 74.0 28 -1 0 -1 -1
0 1 0 28.6 74.0 28 -1 0 -1 -1
0 1 0 28.6 74.0 30 c26 0 -1 -1
1 1 9 28.6 74.0 30 c26 0 100 -1
1 1 13 28.5 70.5 186 c26 0 100 100
1 1 0 28.3 69.0 223 c26 0 100 100
1 1 0 28.2 67.5 217 c26 0 100 100
1 1 0 27.9 66.0 214 c26 0 100 100
1 1 0 27.8 65.5 213 c26 0 100 100
1 1 0 27.6 64.5 217 c26 0 100 100
1 1 0 27.4 63.5 222 c26 0 100 100
1 1 0 27.3 63.5 202 c26 0 100 100
1 1 17 27.3 63.0 243 c26 0 100 100
1 1 0 27.1 63.0 252 c26 0 100 100
1 1 0 27.1 62.5 255 c26 0 100 100
1 1 0 27.0 62.0 6 c26 0 100 100
1 1 0 26.9 61.5 2 c26 0 100 100
1 1 0 26.8 61.0 0 c26 0 100 100
1 1 0 26.7 61.0 4 c26 0 100 100
1 1 0 26.6 61.0 4 c26 0 100 100
1 1 0 26.6 60.5 9 c26 0 100 100
1 1 0 26.5 60.5 11 c26 0 100 100
1 1 0 26.5 60.5 18 c26 0 100 100
1 1 0 26.4 60.5 18 c26 0 100 100
1 1 0 26.4 60.0 25 c26 0 100 100
1 1 0 26.3 60.0 30 c26 0 100 100
1 1 0 26.2 60.0 37 c26 0 100 100
1 1 0 26.2 60.0 46 c26 0 100 100
1 1 0 26.1 59.5 49 c26 0 100 100
1 1 0 26.1 59.0 51 c26 0 100 100
1 1 0 26.0 59.0 58 c26 0 100 100
1 1 0 26.0 58.5 60 c26 0 100 100
1 1 0 26.0 59.0 62 c26 0 100 100
1 1 0 25.9 58.5 69 c26 0 100 100
1 1 0 25.9 58.5 72 c26 0 100 100
1 1 0 25.8 58.0 82 c26 0 100 100
1 1 0 25.7 58.0 91 c26 0 100 100
1 1 0 25.8 58.0 98 c26 0 100 100
1 1 0 25.7 58.0 98 c26 0 100 100
1 1 0 25.7 58.0 101 c26 0 100 100
1 1 0 25.7 57.5 99 c26 0 100 100
1 1 0 25.6 57.5 101 c26 0 100 100
1 1 0 25.6 57.5 96 c26 0 100 100
1 1 0 25.5 57.5 89 c26 0 100 100
1 1 0 25.4 57.0 84 c26 0 100 100
1 1 0 25.4 57.5 75 c26 0 100 100
1 1 0 25.4 57.0 70 c26 0 100 100
1 1 0 25.3 57.0 60 c26 0 100 100
1 1 0 25.4 57.0 53 c26 0 100 100
1 1 0 25.3 57.0 51 c26 0 100 100
1 1 0 25.3 57.0 45 c26 0 100 100
1 1 0 25.2 56.5 44 c26 0 100 100
1 1 0 25.2 56.5 40 c26 0 100 100
1 1 0 25.1 57.0 40 c26 0 100 100
1 1 0 25.1 56.5 38 c26 0 100 100
1 1 0 25.0 56.5 33 c26 0 100 100
1 1 0 25.0 56.5 26 c26 0 100 100
1 1 0 25.0 56.5 21 c26 0 100 100
1 1 0 24.9 56.5 14 c26 0 100 100
1 1 0 24.9 56.5 11 c26 0 100 100
1 1 0 24.9 56.0 6 c26 0 100 100
1 1 0 24.8 56.5 255 c26 0 100 100
1 1 0 24.7 56.0 247 c26 0 100 100
1 1 0 24.8 56.0 242 c26 0 100 100
1 1 0 24.7 56.0 237 c26 0 100 100
1 1 0 24.6 56.0 232 c26 0 100 100
1 1 0 24.6 56.0 225 c26 0 100 100
1 1 0 24.7 56.0 220 c26 0 100 100
1 1 0 24.6 56.0 213 c26 0 100 100
1 1 0 24.6 56.5 209 c26 0 100 100
1 1 0 24.6 56.0 202 c26 0 100 100
1 1 0 24.6 56.0 199 c26 0 100 100
1 1 0 24.4 56.0 191 c26 0 100 100
1 1 0 24.4 55.5 191 c26 0 100 100
1 1 0 24.4 55.5 191 c26 0 100 100
1 1 0 24.4 55.5 193 c26 0 100 100
1 1 0 24.3 55.5 194 c26 0 100 100
1 1 0 24.3 55.5 198 c26 0 100 100
1 1 0 24.3 55.5 203 c26 0 100 100
1 1 0 24.2 56.0 206 c26 0 100 100
1 1 0 24.2 55.5 211 c26 0 100 100
1 1 0 24.2 55.5 218 c26 0 100 100
1 1 0 24.1 55.0 223 c26 0 100 100
1 1 0 24.1 55.0 229 c26 0 100 100
1 1 0 24.0 55.0 232 c26 0 100 100
1 1 0 24.0 55.0 239 c26 0 100 100
1 1 0 24.0 55.0 242 c26 0 100 100
1 1 0 23.9 55.0 249 c26 0 100 100
1 1 0 24.0 55.0 247 c26 0 100 100
1 1 0 23.9 55.0 246 c26 0 100 100
1 1 0 23.9 55.0 246 c26 0 100 100
1 1 0 23.9 55.5 241 c26 0 100 100
1 1 0 23.9 55.5 239 c26 0 100 100
1 1 0 24.0 55.5 236 c26 0 100 100
1 1 0 24.0 55.5 223 c26 0 100 100
1 1 0 23.9 55.5 220 c26 0 100 100
1 1 0 23.8 55.5 215 c26 0 100 100
1 1 0 23.8 56.0 208 c26 0 100 100
1 1 0 23.8 56.0 201 c26 0 100 100
1 1 0 23.9 56.5 196 c26 0 100 100
1 1 0 23.8 56.5 187 c26 0 100 100
1 1 0 23.8 56.5 180 c26 0 100 100
1 1 0 23.8 56.0 177 c26 0 100 100
1 1 0 23.7 56.0 170 c26 0 100 100
1 1 0 23.7 56.0 163 c26 0 100 100
1 1 0 23.7 56.0 160 c26 0 100 100
1 1 0 23.7 56.5 156 c26 0 100 100
1 1 0 23.7 56.5 151 c26 0 100 100
1 1 0 23.8 57.0 146 c26 0 100 100
1 1 0 23.7 57.0 141 c26 0 100 100
1 1 0 23.7 57.0 134 c26 0 100 100
1 1 0 23.7 57.5 128 c26 0 100 100
1 1 0 23.7 57.5 125 c26 0 100 100
1 1 0 23.7 58.0 122 c26 0 100 100
1 1 0 23.7 58.0 118 c26 0 100 100
1 1 0 23.7 58.0 117 c26 0 100 100
1 1 0 23.7 58.0 113 c26 0 100 100
1 1 0 23.7 58.0 111 c26 0 100 100
1 1 0 23.6 58.0 113 c26 0 100 100
1 1 5 23.7 58.0 113 c26 0 100 100
1 1 0 23.6 58.0 111 c26 0 100 100
1 1 0 23.6 58.5 110 c26 0 100 100
1 1 0 23.6 59.0 110 c26 0 100 100
1 1 0 23.6 59.5 110 c26 0 100 100
1 1 0 23.6 59.5 110 c26 0 100 100
1 1 0 23.7 60.0 113 c26 0 100 100
1 1 0 23.6 59.5 117 c26 0 100 100
1 1 0 23.7 59.5 118 c26 0 100 100
1 1 0 23.6 59.5 123 c26 0 100 100
1 1 0 23.6 59.5 127 c26 0 100 100
1 1 0 23.6 60.0 130 c26 0 100 100
1 1 0 23.6 60.0 132 c26 0 100 100
1 1 0 23.7 60.0 132 c26 0 100 100
1 1 0 23.6 60.0 137 c26 0 100 100
1 1 0 23.7 60.5 137 c26 0 100 100
1 1 0 23.7 60.5 143 c26 0 100 100
1 1 0 23.7 60.5 146 c26 0 100 100
1 1 0 23.7 60.5 153 c26 0 100 100
1 1 0 23.6 60.5 155 c26 0 100 100
1 1 0 23.7 61.0 158 c26 0 100 100
1 1 0 23.7 61.0 165 c26 0 100 100
1 1 0 23.7 61.0 170 c26 0 100 100
1 1 0 23.7 61.0 172 c26 0 100 100
1 1 0 23.6 61.0 177 c26 0 100 100
1 1 0 23.7 60.5 177 c26 0 100 100
1 1 0 23.7 61.0 177 c26 0 100 100
1 1 0 23.8 61.0 181 c26 0 100 100
1 1 0 23.6 61.0 184 c26 0 100 100
1 1 0 23.6 60.5 188 c26 0 100 100
1 1 0 23.7 60.5 193 c26 0 100 100
1 1 0 23.7 60.5 196 c26 0 100 100
1 1 0 23.6 60.5 200 c26 0 100 100
1 1 0 23.6 60.5 205 c26 0 100 100
1 1 0 23.6 60.5 214 c26 0 100 100
1 1 0 23.7 60.5 219 c26 0 100 100
1 1 0 23.7 61.0 226 c26 0 100 100
1 1 0 23.6 61.0 231 c26 0 100 100
1 1 0 23.7 61.5 237 c26 0 100 100
1 1 0 23.6 61.0 240 c26 0 100 100
1 1 0 23.7 61.0 240 c26 0 100 100
1 1 0 23.7 61.0 245 c26 0 100 100
1 1 0 23.6 62.5 247 c26 0 100 100
1 1 0 23.7 63.0 250 c26 0 100 100
1 1 0 23.8 63.0 0 c26 0 100 100
1 1 0 23.8 63.5 3 c26 0 100 100
1 1 0 23.8 63.5 5 c26 0 100 100
1 1 0 23.9 63.0 12 c26 0 100 100
1 1 0 23.9 62.5 17 c26 0 100 100
1 1 0 23.8 62.0 21 c26 0 100 100
1 1 0 23.8 62.5 24 c26 0 100 100
1 1 0 23.8 62.0 28 c26 0 100 100
1 1 0 23.8 62.0 31 c26 0 100 100
1 1 0 23.8 62.0 36 c26 0 100 100
1 1 0 23.8 61.5 40 c26 0 100 100
1 1 0 23.8 61.5 45 c26 0 100 100
1 1 0 23.8 61.0 45 c26 0 100 100
1 1 0 23.7 61.0 45 c26 0 100 100
1 1 0 23.7 61.0 45 c26 0 100 100
1 1 0 23.7 60.5 43 c26 0 100 100
1 1 0 23.7 60.5 45 c26 0 100 100
1 1 0 23.7 60.5 43 c26 0 100 100
1 1 0 23.7 60.5 45 c26 0 100 100
1 1 0 23.7 60.5 43 c26 0 100 100
1 1 0 23.8 60.0 43 c26 0 100 100
1 1 0 23.7 60.0 45 c26 0 100 100
1 1 0 23.7 60.0 45 c26 0 100 100
1 1 0 23.7 60.0 48 c26 0 100 100
1 1 0 23.7 59.5 50 c26 0 100 100
1 1 0 23.6 59.5 52 c26 0 100 100
1 1 0 23.6 59.5 57 c26 0 100 100
1 1 0 23.7 59.0 60 c26 0 100 100
1 1 0 23.6 59.0 63 c26 0 100 100
1 1 0 23.6 58.5 68 c26 0 100 100
1 1 0 23.6 58.5 74 c26 0 100 100
1 1 0 23.5 58.5 77 c26 0 100 100
1 1 0 23.5 58.5 80 c26 0 100 100
1 1 0 23.5 58.5 84 c26 0 100 100
1 1 0 23.5 58.5 84 c26 0 100 100
1 1 0 23.5 58.5 84 c26 0 100 100
1 1 0 23.6 58.5 86 c26 0 100 100
1 1 0 23.5 58.5 84 c26 0 100 100
1 1 0 23.5 58.5 81 c26 0 100 100
1 1 0 23.5 58.5 74 c26 0 100 100
1 1 0 23.4 58.5 69 c26 0 100 100
1 1 0 23.5 59.0 66 c26 0 100 100
1 1 0 23.5 59.0 61 c26 0 100 100
1 1 0 23.5 59.5 56 c26 0 100 100
1 1 0 23.5 60.0 50 c26 0 100 100
1 1 0 23.6 60.5 43 c26 0 100 100
1 1 0 23.5 60.5 35 c26 0 100 100
1 1 0 23.5 61.0 29 c26 0 100 100
1 1 0 23.6 60.5 28 c26 0 100 100
1 1 0 23.7 60.5 30 c26 0 100 100
1 1 0 23.6 60.5 31 c26 0 100 100
1 1 0 23.7 60.5 36 c26 0 100 100
1 1 0 23.6 60.5 36 c26 0 100 100
1 1 0 23.6 60.5 36 c26 0 100 100
1 1 0 23.6 60.5 36 c26 0 100 100
1 1 0 23.7 60.5 32 c26 0 100 100
1 1 0 23.6 60.0 32 c26 0 100 100
1 1 0 23.7 60.0 36 c26 0 100 100
1 1 0 23.6 60.0 38 c26 0 100 100
1 1 0 23.6 60.0 43 c26 0 100 100
1 1 0 23.6 60.0 43 c26 0 100 100
1 1 0 23.6 60.0 52 c26 0 100 100
1 1 0 23.6 60.0 52 c26 0 100 100
1 1 0 23.6 60.0 52 c26 0 100 100
1 1 0 23.6 60.0 54 c26 0 100 100
1 1 0 23.6 59.5 54 c26 0 100 100
1 1 0 23.6 60.0 59 c26 0 100 100
1 1 0 23.6 59.5 59 c26 0 100 100
1 1 0 23.6 59.5 62 c26 0 100 100
1 1 0 23.6 59.5 67 c26 0 100 100
1 1 0 23.5 59.5 69 c26 0 100 100
1 1 0 23.6 59.5 70 c26 0 100 100
1 1 0 23.6 59.5 74 c26 0 100 100
1 1 0 23.6 59.5 85 c26 0 100 100
1 1 0 23.6 59.5 86 c26 0 100 100
1 1 0 23.6 59.0 91 c26 0 100 100
1 1 0 23.5 59.0 91 c26 0 100 100
1 1 0 23.5 59.0 93 c26 0 100 100
1 1 0 23.6 59.0 89 c26 0 100 100
1 1 0 23.6 59.0 89 c26 0 100 100
1 1 0 23.6 59.0 84 c26 0 100 100
1 1 0 23.6 59.0 84 c26 0 100 100
1 1 0 23.6 59.5 74 c26 0 100 100
1 1 0 23.5 59.5 67 c26 0 100 100
1 1 0 23.5 59.5 64 c26 0 100 100
1 1 0 23.5 59.0 55 c26 0 100 100
1 1 0 23.6 59.0 48 c26 0 100 100
1 1 0 23.5 59.0 39 c26 0 100 100
1 1 0 23.5 59.0 34 c26 0 100 100
1 1 0 23.5 59.0 34 c26 0 100 100
1 1 0 23.5 58.5 36 c26 0 100 100
1 1 0 23.5 58.5 38 c26 0 100 100
1 1 0 23.5 58.5 50 c26 0 100 100
1 1 0 23.5 59.0 58 c26 0 100 100
1 1 0 23.5 59.5 63 c26 0 100 100
1 1 0 23.5 59.5 72 c26 0 100 100
1 1 0 23.4 59.5 76 c26 0 100 100
1 1 0 23.5 59.5 83 c26 0 100 100
1 1 0 23.5 59.5 81 c26 0 100 100
1 1 0 23.5 59.0 88 c26 0 100 100
1 1 0 23.5 59.0 92 c26 0 100 100
1 1 0 23.5 58.5 97 c26 0 100 100
1 1 0 23.4 58.5 113 c26 0 100 100
1 1 0 23.4 58.5 125 c26 0 100 100
1 1 0 23.5 59.0 133 c26 0 100 100
1 1 0 23.5 59.5 140 c26 0 100 100
1 1 0 23.6 60.0 137 c26 0 100 100
1 1 0 23.5 60.5 145 c26 0 100 100
1 1 0 23.6 61.0 156 c26 0 100 100
1 1 0 23.6 61.0 159 c26 0 100 100
1 1 0 23.6 61.0 171 c26 0 100 100
1 1 0 23.6 60.5 180 c26 0 100 100
0 1 1 23.6 60.0 168 c26 0 100 100
0 1 25 23.6 60.5 237 c26 0 14 13
0 1 8 23.5 60.0 35 c26 0 14 13
0 1 0 23.4 60.0 35 c26 0 14 13
0 1 0 23.3 59.5 35 c26 0 14 13
0 1 0 23.3 59.5 35 c26 0 14 13
0 1 13 23.3 59.0 35 c26 0 14 13
0 1 16 23.2 59.0 30 c26 0 14 13
0 1 18 23.2 59.0 30 c26 0 14 13
0 1 14 23.1 58.5 30 c26 0 14 13
0 1 1 23.1 58.0 32 c26 0 14 13
0 1 4 23.0 57.5 34 c26 0 14 13
0 1 0 23.0 58.0 30 c26 0 14 13
0 1 0 22.9 58.0 28 c26 0 14 13
0 1 5 23.0 58.0 30 c26 0 14 13
0 1 0 22.9 58.0 30 c26 0 14 13
0 1 0 22.9 58.0 28 c26 0 14 13
0 1 4 22.9 58.0 26 c26 0 14 13
0 1 1 22.9 57.5 26 c26 0 14 13
0 1 1 22.8 57.5 28 c26 0 14 13
0 1 3 22.8 57.5 26 c26 0 14 13
0 1 9 22.8 57.0 30 c26 0 14 13
0 1 1 22.8 57.0 28 c26 0 14 13
0 1 3 22.8 57.0 28 c26 0 14 13
0 1 0 22.8 56.5 30 c26 0 14 13
0 1 6 22.7 56.5 30 c26 0 14 13
0 1 5 22.7 56.5 28 c26 0 14 13
0 1 2 22.6 56.0 28 c26 0 14 13
1 1 6 22.6 56.0 28 c26 0 14 13
1 1 15 22.7 56.0 63 c26 0 100 100
1 1 10 22.7 56.5 249 c26 0 100 100
1 1 0 22.8 57.5 237 c26 0 100 100
1 1 0 22.9 58.5 223 c26 0 100 100
1 1 2 23.0 59.0 215 c26 0 100 100
1 1 0 23.1 59.0 206 c26 0 100 100
1 1 0 23.2 59.5 200 c26 0 100 100
1 1 0 23.2 59.5 195 c26 0 100 100
1 1 0 23.3 59.5 195 c26 0 100 100
1 1 0 23.4 59.5 201 c26 0 100 100
1 1 0 23.3 59.5 202 c26 0 100 100
1 1 0 23.3 59.5 210 c26 0 100 100
1 1 0 23.4 59.5 215 c26 0 100 100
1 1 0 23.5 60.0 218 c26 0 100 100
1 1 0 23.4 60.0 218 c26 0 100 100
1 1 0 23.4 60.0 218 c26 0 100 100
1 1 0 23.5 60.0 213 c26 0 100 100
1 1 0 23.5 60.0 208 c26 0 100 100
1 1 0 23.5 60.0 213 c26 0 100 100
1 1 0 23.5 60.0 215 c26 0 100 100
1 1 0 23.6 60.0 219 c26 0 100 100
1 1 0 23.7 60.5 226 c26 0 100 100
1 1 0 23.6 60.5 233 c26 0 100 100
1 1 0 23.6 60.5 236 c26 0 100 100
1 1 0 23.7 60.5 234 c26 0 100 100
1 1 0 23.6 60.5 230 c26 0 100 100
1 1 3 23.7 60.5 238 c26 0 100 100
1 1 0 23.6 60.0 236 c26 0 100 100
1 1 0 23.7 60.5 234 c26 0 100 100
1 1 0 23.6 60.5 231 c26 0 100 100
1 1 15 23.7 60.5 222 c26 0 100 100
1 1 9 23.7 60.5 217 c26 0 100 100
1 1 2 23.7 60.5 201 c26 0 100 100
1 1 11 23.7 60.5 192 c26 0 100 100
1 1 12 23.7 60.5 182 c26 0 100 100
1 1 12 23.7 60.5 177 c26 0 100 100
1 1 2 23.8 60.5 170 c26 0 100 100
1 1 0 23.8 60.5 170 c26 0 100 100
1 1 0 23.7 60.0 172 c26 0 100 100
1 1 4 23.8 60.0 175 c26 0 100 100
1 1 25 23.7 59.5 177 c26 0 100 100
1 1 8 23.8 59.5 186 c26 0 100 100
1 1 1 23.7 59.5 183 c26 0 100 100
1 1 6 23.7 59.0 180 c26 0 100 100
1 1 2 23.7 59.0 178 c26 0 100 100
1 1 4 23.7 59.0 178 c26 0 100 100
1 1 4 23.7 59.0 180 c26 0 100 100
1 1 5 23.7 59.0 183 c26 0 100 100
1 1 14 23.7 58.5 190 c26 0 100 100
1 1 0 23.7 58.5 199 c26 0 100 100
1 1 6 23.7 58.5 207 c26 0 100 100
1 1 7 23.7 58.0 215 c26 0 100 100
1 1 7 23.6 58.0 214 c26 0 100 100
1 1 3 23.7 58.0 214 c26 0 100 100
1 1 3 23.7 58.0 214 c26 0 100 100
1 1 0 23.7 58.0 225 c26 0 100 100
1 1 3 23.7 58.0 230 c26 0 100 100
1 1 0 23.6 57.5 237 c26 0 100 100
1 1 12 23.7 58.0 239 c26 0 100 100
1 1 4 23.6 58.0 240 c26 0 100 100
1 1 1 23.7 58.0 244 c26 0 100 100
1 1 6 23.7 58.0 241 c26 0 100 100
1 1 0 23.6 58.0 237 c26 0 100 100
1 1 0 23.7 58.0 234 c26 0 100 100
1 1 2 23.7 58.0 229 c26 0 100 100
1 1 7 23.7 58.0 219 c26 0 100 100
1 1 0 23.7 58.0 214 c26 0 100 100
1 1 0 23.7 57.5 212 c26 0 100 100
1 1 3 23.7 57.5 212 c26 0 100 100
1 1 0 23.7 57.5 210 c26 0 100 100
1 1 6 23.7 57.5 205 c26 0 100 100
1 1 2 23.7 57.5 201 c26 0 100 100
1 1 0 23.7 57.5 197 c26 0 100 100
1 1 0 23.7 57.0 194 c26 0 100 100
1 1 0 23.6 57.0 199 c26 0 100 100
1 1 0 23.7 57.0 203 c26 0 100 100
1 1 2 23.7 57.5 187 c26 0 100 100
1 1 0 23.7 57.5 173 c26 0 100 100
1 1 9 23.7 57.5 161 c26 0 100 100
1 1 2 23.7 58.0 149 c26 0 100 100
1 1 0 23.7 58.0 138 c26 0 100 100
1 1 0 23.7 58.0 133 c26 0 100 100
1 1 0 23.8 58.0 128 c26 0 100 100
1 1 0 23.8 58.5 121 c26 0 100 100
1 1 0 23.7 58.5 114 c26 0 100 100
1 1 0 23.8 58.5 105 c26 0 100 100
1 1 7 23.7 58.5 98 c26 0 100 100
1 1 0 23.8 58.5 96 c26 0 100 100
1 1 0 23.8 58.5 88 c26 0 100 100
1 1 0 23.8 58.5 83 c26 0 100 100
1 1 0 23.8 58.5 78 c26 0 100 100
1 1 0 23.9 58.5 71 c26 0 100 100
1 1 0 23.8 59.0 69 c26 0 100 100
1 1 0 23.8 59.0 68 c26 0 100 100
1 1 0 23.7 59.0 64 c26 0 100 100
1 1 0 23.8 59.0 55 c26 0 100 100
1 1 2 23.8 59.0 49 c26 0 100 100
1 1 0 23.8 59.0 36 c26 0 100 100
1 1 0 23.8 59.0 31 c26 0 100 100
1 1 0 23.8 59.0 26 c26 0 100 100
1 1 0 23.8 59.0 24 c26 0 100 100
1 1 5 23.8 59.0 29 c26 0 100 100
1 1 0 23.8 59.0 36 c26 0 100 100
1 1 0 23.8 59.0 40 -1 0 100 100
1 1 3 23.7 58.5 43 -1 0 100 100
1 1 13 23.7 59.0 40 -1 0 100 100
1 1 6 23.8 59.0 48 -1 0 100 100
1 1 0 24.0 59.5 59 -1 0 100 100
1 1 0 24.0 60.0 66 -1 0 100 100
1 1 22 24.1 60.5 62 -1 0 100 100
1 1 1 24.2 60.5 57 -1 0 100 100
1 1 0 24.3 60.5 61 -1 0 100 100
1 1 0 24.4 60.5 64 -1 0 100 100
1 1 0 24.5 60.5 64 -1 0 100 100
1 1 0 24.5 60.5 66 -1 0 100 100
1 1 0 24.6 60.5 67 -1 0 100 100
1 1 0 24.7 60.5 67 -1 0 100 100
1 1 0 24.7 60.5 62 -1 0 100 100
1 1 0 24.7 60.5 78 -1 0 100 100
1 1 0 24.8 60.5 146 -1 0 100 100
1 1 0 24.8 61.0 127 -1 0 100 100
1 1 3 24.9 61.0 150 -1 0 100 100
1 1 2 24.9 61.0 102 -1 0 100 100
1 1 1 25.0 61.0 116 -1 0 100 100
1 1 2 25.0 61.0 125 -1 0 100 100
1 1 1 25.0 61.0 172 -1 0 100 100
1 1 0 25.0 61.0 20 -1 0 100 100
1 1 0 25.1 61.0 250 -1 0 100 100
1 1 0 25.2 61.0 152 -1 0 100 100
1 1 0 25.2 61.0 123 -1 0 100 100
1 1 0 25.2 61.0 76 -1 0 100 100
1 1 6 25.3 61.0 57 -1 0 100 100
1 1 5 25.2 61.0 48 -1 0 100 100
1 1 0 25.2 61.0 46 -1 0 100 100
1 1 0 25.3 61.0 43 -1 0 100 100
1 1 0 25.3 61.0 34 -1 0 100 100
1 1 0 25.3 61.0 27 -1 0 100 100
1 1 2 25.3 61.0 22 -1 0 100 100
1 1 0 25.4 60.5 15 -1 0 100 100
1 1 5 25.4 60.5 4 -1 0 100 100
1 1 1 25.4 60.5 255 -1 0 100 100
1 1 0 25.5 60.5 250 -1 0 100 100
1 1 0 25.5 60.5 245 -1 0 100 100
1 1 0 25.5 60.5 238 -1 0 100 100
1 1 2 25.5 60.5 235 -1 0 100 100
1 1 5 25.5 60.5 235 -1 0 100 100
1 1 2 25.5 60.0 231 -1 0 100 100
1 1 0 25.5 60.0 226 -1 0 100 100
1 1 0 25.5 60.0 228 -1 0 100 100
1 1 2 25.5 60.0 229 -1 0 100 100
1 1 4 25.6 60.0 228 -1 0 100 100
1 1 4 25.6 60.0 224 -1 0 100 100
1 1 0 25.5 59.5 226 -1 0 100 100
1 1 0 25.5 59.5 221 -1 0 100 100
1 1 8 25.6 59.5 219 -1 0 100 100
1 1 5 25.6 59.5 212 -1 0 100 100
1 1 1 25.6 59.5 211 -1 0 100 100
1 1 9 25.5 59.0 205 -1 0 100 100
1 1 8 25.6 59.0 205 -1 0 100 100
1 1 5 25.6 59.5 200 -1 0 100 100
1 1 1 25.6 59.0 193 -1 0 100 100
1 1 0 25.7 59.5 189 -1 0 100 100
1 1 0 25.7 59.0 186 -1 0 100 100
1 1 0 25.7 59.0 179 -1 0 100 100
1 1 4 25.6 59.0 176 -1 0 100 100
1 1 0 25.6 59.0 172 -1 0 100 100
1 1 0 25.7 59.0 167 -1 0 100 100
1 1 0 25.6 59.0 161 -1 0 100 100
1 1 0 25.7 59.0 156 -1 0 100 100
1 1 0 25.6 58.5 153 -1 0 100 100
1 1 2 25.7 58.5 151 -1 0 100 100
1 1 3 25.6 58.5 146 -1 0 100 100
1 1 0 25.7 58.5 144 -1 0 100 100
1 1 0 25.7 58.5 139 -1 0 100 100
1 1 0 25.6 58.5 139 -1 0 100 100
1 1 2 25.7 58.5 134 -1 0 100 100
1 1 2 25.7 58.0 132 -1 0 100 100
1 1 0 25.7 58.0 128 -1 0 100 100
1 1 0 25.7 58.0 128 -1 0 100 100
1 1 3 25.7 58.0 126 -1 0 100 100
1 1 0 25.7 58.0 126 -1 0 100 100
1 1 0 25.6 58.0 125 -1 0 100 100
1 1 2 25.7 58.0 125 -1 0 100 100
1 1 0 25.7 57.5 123 -1 0 100 100
1 1 1 25.7 57.5 120 -1 0 100 100
1 1 7 25.7 57.5 118 -1 0 100 100
1 1 0 25.7 57.5 118 -1 0 100 100
1 1 0 25.7 57.5 114 -1 0 100 100
1 1 0 25.7 57.5 113 -1 0 100 100
1 1 0 25.7 57.5 113 -1 0 100 100
1 1 0 25.7 57.0 109 -1 0 100 100
1 1 0 25.7 57.5 109 -1 0 100 100
1 1 3 25.7 57.0 111 -1 0 100 100
1 1 0 25.7 57.0 107 -1 0 100 100
1 1 0 25.7 57.0 106 -1 0 100 100
1 1 0 25.8 57.0 106 -1 0 100 100
1 1 4 25.8 57.0 102 -1 0 100 100
1 1 3 25.7 57.0 102 -1 0 100 100
1 1 3 25.7 57.0 99 -1 0 100 100
1 1 4 25.7 57.0 99 -1 0 100 100
1 1 1 25.7 57.0 97 -1 0 100 100
1 1 7 25.8 57.0 94 -1 0 100 100
1 1 0 25.7 57.0 92 -1 0 100 100
1 1 0 25.7 57.0 92 -1 0 100 100
1 1 0 25.7 56.5 89 -1 0 100 100
1 1 0 25.7 56.5 85 -1 0 100 100
1 1 0 25.7 56.5 85 -1 0 100 100
1 1 0 25.7 56.5 85 -1 0 100 100
1 1 0 25.7 56.5 82 -1 0 100 100
1 1 0 25.7 56.5 82 -1 0 100 100
1 1 0 25.7 56.5 76 -1 0 100 100
1 1 7 25.7 56.5 76 -1 0 100 100
1 1 0 25.7 56.0 73 -1 0 100 100
1 1 4 25.6 56.5 71 -1 0 100 100
1 1 3 25.7 56.0 71 -1 0 100 100
1 1 1 25.7 56.0 69 -1 0 100 100
1 1 2 25.7 56.0 68 -1 0 100 100
1 1 6 25.7 56.0 62 -1 0 100 100
1 1 0 25.6 56.0 62 -1 0 100 100
1 1 5 25.7 56.0 64 -1 0 100 100
1 1 2 25.6 56.0 59 -1 0 100 100
1 1 0 25.7 56.0 59 -1 0 100 100
1 1 0 25.7 56.0 59 -1 0 100 100
1 1 5 25.6 55.5 55 -1 0 100 100
1 1 7 25.6 55.5 57 -1 0 100 100
1 1 0 25.7 55.5 54 -1 0 100 100
1 1 0 25.7 55.5 50 -1 0 100 100
1 1 0 25.7 55.5 50 -1 0 100 100
1 1 0 25.6 55.5 50 -1 0 100 100
1 1 0 25.6 55.5 47 -1 0 100 100
1 1 0 25.6 55.5 47 -1 0 100 100
1 1 6 25.6 55.5 47 -1 0 100 100
1 1 0 25.6 55.5 43 -1 0 100 100
1 1 0 25.6 55.5 40 -1 0 100 100
1 1 2 25.7 55.5 40 -1 0 100 100
1 1 2 25.6 55.5 36 -1 0 100 100
1 1 0 25.6 55.5 36 -1 0 100 100
1 1 0 25.6 55.5 37 -1 0 100 100
1 1 6 25.5 55.5 33 -1 0 100 100
1 1 0 25.6 55.5 33 -1 0 100 100
1 1 0 25.6 55.5 31 -1 0 100 100
1 1 0 25.6 55.5 33 -1 0 100 100
1 1 5 25.6 55.5 35 -1 0 100 100
1 1 2 25.6 55.5 29 -1 0 100 100
1 1 0 25.6 55.5 31 -1 0 100 100
1 1 10 25.6 55.5 41 -1 1 100 100
1 1 2 25.7 55.5 43 -1 1 100 100
1 1 1 25.6 55.5 41 -1 1 100 100
1 1 0 25.7 56.0 43 -1 1 100 100
1 1 0 25.6 56.0 39 -1 1 100 100
1 1 0 25.6 56.0 41 -1 1 100 100
1 1 0 25.6 56.0 36 -1 1 100 100
1 1 0 25.6 55.5 36 -1 1 100 100
1 1 0 25.6 56.0 34 -1 1 100 100
1 1 0 25.6 56.0 36 -1 1 100 100
1 1 0 25.6 56.0 32 -1 1 100 100
1 1 3 25.6 56.0 34 -1 1 100 100
1 1 0 25.6 56.0 32 -1 1 100 100
1 1 3 25.5 56.0 29 -1 1 100 100
1 1 0 25.6 56.0 31 -1 1 100 100
1 1 0 25.6 56.0 31 -1 1 100 100
1 1 0 25.6 56.0 29 -1 1 100 100
1 1 2 25.7 56.0 31 -1 1 100 100
1 1 0 25.6 56.0 29 -1 1 100 100
1 1 0 25.6 56.0 27 -1 1 100 100
1 1 0 25.6 56.0 29 -1 1 100 100
1 1 0 25.6 56.0 27 -1 1 100 100
1 1 2 25.7 56.0 25 -1 1 100 100
1 1 0 25.6 56.0 26 -1 1 100 100
1 1 0 25.7 56.0 24 -1 1 100 100
1 1 0 25.7 56.0 24 -1 1 100 100
1 1 0 25.7 56.0 22 -1 1 100 100
1 1 3 25.7 56.0 24 -1 1 100 100
1 1 2 25.7 56.0 24 -1 1 100 100
1 1 0 25.7 56.0 22 -1 1 100 100
1 1 0 25.7 56.0 20 -1 1 100 100
1 1 0 25.7 56.0 22 -1 1 100 100
1 1 0 25.7 56.0 22 -1 1 100 100
1 1 3 25.7 56.0 20 -1 1 100 100
1 1 0 25.7 56.0 18 -1 1 100 100
1 1 0 25.7 56.0 19 -1 1 100 100
1 1 5 25.8 56.0 19 -1 1 100 100
1 1 0 25.7 56.0 17 -1 1 100 100
1 1 2 25.8 56.0 19 -1 1 100 100
1 1 1 25.8 56.0 17 -1 1 100 100
1 1 0 25.8 56.0 15 -1 1 100 100
1 1 2 25.8 56.5 17 -1 1 100 100
1 1 2 25.8 56.5 17 -1 1 100 100
1 1 2 25.8 56.5 15 -1 1 100 100
1 1 0 25.8 56.5 15 -1 1 100 100
1 1 0 25.8 56.5 15 -1 1 100 100
1 1 1 25.8 56.5 13 -1 1 100 100
1 1 2 25.8 56.5 13 -1 1 100 100
1 1 0 25.8 56.5 13 -1 1 100 100
1 1 1 25.8 56.5 16 -1 1 100 100
1 1 0 25.8 56.5 16 -1 1 100 100
1 1 0 25.7 56.0 16 -1 1 100 100
1 1 2 25.7 56.5 16 -1 1 100 100
1 1 0 25.7 56.0 14 -1 1 100 100
1 1 0 25.9 56.0 14 -1 1 100 100
1 1 0 25.8 56.0 14 -1 1 100 100
1 1 5 25.8 56.0 14 -1 1 100 100
1 1 0 25.8 56.0 14 -1 1 100 100
1 1 0 25.8 56.0 14 -1 1 100 100
1 1 0 25.8 56.0 14 -1 1 100 100
1 1 0 25.8 56.0 14 -1 1 100 100
1 1 11 25.8 56.0 14 -1 1 100 100
1 1 2 25.8 56.0 14 -1 1 100 100
1 1 0 25.8 56.0 14 -1 1 100 100
1 1 0 25.8 56.0 14 -1 1 100 100
1 1 0 25.8 56.0 14 -1 1 100 100
1 1 1 25.8 56.0 14 -1 1 100 100
1 1 0 25.8 56.0 14 -1 1 100 100
1 1 4 25.9 56.0 14 -1 1 100 100
1 1 1 25.9 56.0 14 -1 1 100 100
1 1 2 25.8 55.5 14 -1 1 100 100
1 1 1 25.8 56.0 14 -1 1 100 100
1 1 2 25.8 55.5 14 -1 1 100 100
1 1 0 25.8 55.5 14 -1 1 100 100
1 1 0 25.8 55.5 14 -1 1 100 100
1 1 0 25.8 56.0 14 -1 1 100 100
1 1 0 25.8 55.5 14 -1 1 100 100
1 1 2 25.8 55.5 14 -1 1 100 100
1 1 2 25.8 55.5 14 -1 1 100 100
1 1 0 25.8 56.0 14 -1 1 100 100
1 1 0 25.7 55.5 14 -1 1 100 100
1 1 0 25.8 56.0 14 -1 1 100 100
1 1 0 25.8 55.5 14 -1 1 100 100
1 1 0 25.8 55.5 14 -1 1 100 100
1 1 1 25.8 55.5 14 -1 1 100 100
1 1 10 25.7 55.5 14 -1 1 100 100
1 1 0 25.8 55.5 14 -1 1 100 100
1 1 0 25.8 55.5 14 -1 1 100 100
1 1 5 25.8 55.5 14 -1 1 100 100
1 1 0 25.8 55.5 14 -1 1 100 100
1 1 2 25.8 55.5 14 -1 1 100 100
1 1 3 25.8 55.5 14 -1 1 100 100
1 1 0 25.8 56.0 14 -1 1 100 100
1 1 0 25.8 56.0 14 -1 1 100 100
1 1 0 25.8 56.0 14 -1 1 100 100
1 1 0 25.9 56.0 14 -1 1 100 100
1 1 6 25.8 56.0 14 -1 1 100 100
1 1 0 25.8 56.0 14 -1 1 100 100
1 1 0 25.9 56.0 14 -1 1 100 100
1 1 0 25.9 56.0 14 -1 1 100 100
1 1 0 25.9 56.0 14 -1 1 100 100
1 1 2 25.9 56.0 14 -1 1 100 100
1 1 0 25.8 56.0 14 -1 1 100 100
1 1 1 25.8 55.5 14 -1 1 100 100
1 1 0 25.9 56.0 14 -1 1 100 100
1 1 1 25.9 56.0 14 -1 1 100 100
1 1 0 25.9 56.0 14 -1 1 100 100
1 1 0 25.8 56.0 14 -1 1 100 100
1 1 1 25.9 56.0 14 -1 1 100 100
1 1 0 25.8 55.5 14 -1 1 100 100
1 1 2 25.9 56.0 14 -1 1 100 100
1 1 0 25.9 56.0 14 -1 1 100 100
1 1 0 25.9 56.0 14 -1 1 100 100
1 1 2 25.9 56.0 14 -1 1 100 100
1 1 0 25.9 56.0 14 -1 1 100 100
1 1 2 25.9 56.0 14 -1 1 100 100
1 1 0 25.8 55.5 14 -1 1 100 100
1 1 0 25.9 55.5 14 -1 1 100 100
1 1 20 25.9 55.5 14 -1 1 100 100
1 1 0 25.9 55.5 14 -1 1 100 100
1 1 0 25.9 55.5 14 -1 1 100 100
1 1 0 25.9 55.5 14 -1 1 100 100
1 1 0 25.9 55.5 14 -1 1 100 100
1 1 11 25.9 55.5 12 -1 1 100 100
1 1 0 25.9 55.5 14 -1 1 100 100
1 1 3 25.9 55.5 12 -1 1 100 100
1 1 1 25.9 55.5 14 -1 1 100 100
1 1 0 25.9 55.5 14 -1 1 100 100
1 1 0 25.9 55.5 14 -1 1 100 100
1 1 2 25.9 55.5 14 -1 1 100 100
1 1 4 25.9 55.5 14 -1 1 100 100
1 1 0 25.9 55.5 14 -1 1 100 100
1 1 0 25.9 55.5 14 -1 1 100 100
1 1 2 25.9 55.5 14 -1 1 100 100
1 1 0 25.9 56.0 14 -1 1 100 100
1 1 0 25.9 55.5 14 -1 1 100 100
1 1 0 25.9 55.5 14 -1 1 100 100
1 1 0 25.9 55.5 14 -1 1 100 100
1 1 0 25.9 55.5 14 -1 1 100 100
1 1 2 25.9 55.5 14 -1 1 100 100
1 1 0 25.9 55.5 14 -1 1 100 100
1 1 0 25.9 55.5 14 -1 1 100 100
1 1 0 25.9 56.0 14 -1 1 100 100
1 1 3 25.9 55.5 14 -1 1 100 100
1 1 0 25.9 55.5 14 -1 1 100 100
1 1 0 25.9 56.0 14 -1 1 100 100
1 1 2 25.9 56.0 14 -1 1 100 100
1 1 0 25.8 55.5 14 -1 1 100 100
1 1 0 25.9 55.5 14 -1 1 100 100
1 1 5 25.9 55.5 14 -1 1 100 100
1 1 0 25.8 55.5 14 -1 1 100 100
1 1 0 25.8 56.0 14 -1 1 100 100
1 1 0 25.9 56.0 14 -1 1 100 100
1 1 0 25.9 56.0 14 -1 1 100 100
1 1 0 25.8 56.0 14 -1 1 100 100
1 1 1 25.8 56.0 14 -1 1 100 100
1 1 0 25.9 56.0 14 -1 1 100 100
1 1 2 25.8 56.0 14 -1 1 100 100
1 1 0 25.8 56.0 14 -1 1 100 100
1 1 0 25.8 56.0 14 -1 1 100 100
1 1 0 25.8 56.0 14 -1 1 100 100
1 1 0 25.8 56.0 14 -1 1 100 100
1 1 3 25.8 56.0 14 -1 1 100 100
1 1 0 25.8 56.0 14 -1 1 100 100
1 1 0 25.8 56.0 14 -1 1 100 100
1 1 0 25.7 56.0 14 -1 1 100 100
1 1 0 25.7 56.0 14 -1 1 100 100
1 1 0 25.8 56.0 14 -1 1 100 100
1 1 2 25.8 56.0 14 -1 1 100 100
1 1 0 25.8 56.0 14 -1 1 100 100
1 1 0 25.7 56.0 14 -1 1 100 100
1 1 0 25.8 56.0 14 -1 1 100 100
1 1 0 25.8 56.0 14 -1 1 100 100
1 1 1 25.8 56.5 14 -1 1 100 100
1 1 2 25.8 56.5 14 -1 1 100 100
1 1 0 25.8 56.5 14 -1 1 100 100
1 1 0 25.8 56.5 14 -1 1 100 100
1 1 0 25.8 56.5 14 -1 1 100 100
1 1 0 25.7 56.5 14 -1 1 100 100
1 1 1 25.8 56.5 14 -1 1 100 100
1 1 0 25.8 56.5 14 -1 1 100 100
1 1 3 25.8 56.5 14 -1 1 100 100
1 1 1 25.8 56.5 14 -1 1 100 100
1 1 0 25.7 56.5 14 -1 1 100 100
1 1 0 25.8 56.5 14 -1 1 100 100
1 1 0 25.8 56.5 14 -1 1 100 100
1 1 2 25.8 56.5 14 -1 1 100 100
1 1 0 25.8 56.5 14 -1 1 100 100
1 1 0 25.8 56.5 14 -1 1 100 100
1 1 0 25.8 56.5 14 -1 1 100 100
1 1 0 25.8 56.5 14 -1 1 100 100
1 1 1 25.8 56.5 12 -1 1 100 100
1 1 0 25.8 56.5 14 -1 1 100 100
1 1 0 25.8 56.5 14 -1 1 100 100
1 1 3 25.9 56.5 14 -1 1 100 100
1 1 0 25.8 56.5 14 -1 1 100 100
1 1 15 25.8 56.5 14 -1 1 100 100
1 1 2 25.8 56.5 14 -1 1 100 100
1 1 21 25.8 56.5 12 -1 1 100 100
1 1 14 25.8 56.5 12 -1 1 16 100
0 1 5 25.8 56.5 8 -1 0 16 12
0 1 0 25.8 56.5 2 -1 0 16 12
0 1 0 25.8 56.5 2 -1 0 16 12
0 1 0 25.9 56.5 2 -1 0 16 12
0 1 0 25.8 56.5 2 -1 0 16 12
0 1 0 25.9 56.5 2 -1 0 16 12
0 1 0 25.9 56.5 2 -1 0 16 12
0 1 0 25.9 56.5 2 -1 0 16 12
0 1 0 25.9 57.0 2 -1 0 16 12
0 1 0 26.0 57.0 2 -1 0 16 12
0 1 0 26.0 57.0 2 -1 0 16 12
0 1 0 25.9 57.5 2 -1 0 16 12
0 1 0 26.0 57.5 2 -1 0 16 12
0 1 0 26.0 57.5 2 -1 0 16 12
0 1 0 26.0 58.0 2 -1 0 16 12
0 1 0 26.0 58.0 2 -1 0 16 12
0 1 0 26.1 58.0 2 -1 0 16 12
0 1 0 26.0 58.0 2 -1 0 16 12
0 1 0 26.0 58.0 2 -1 0 16 12
0 1 0 26.1 58.0 2 -1 0 16 12
0 1 0 26.0 58.0 2 -1 0 16 12
0 1 0 26.1 58.0 2 -1 0 16 12
0 1 0 26.1 58.0 0 -1 0 16 12
0 1 0 26.2 58.5 2 -1 0 16 12
0 1 0 26.1 58.5 2 -1 0 16 12
0 1 0 26.2 58.5 2 -1 0 16 12
0 1 0 26.2 58.5 2 -1 0 16 12
0 1 0 26.1 58.5 2 -1 0 16 12
0 1 0 26.2 58.5 2 -1 0 16 12
0 1 0 26.2 58.5 2 -1 0 16 12
0 1 0 26.2 58.5 2 -1 0 16 12
0 1 0 26.3 58.5 2 -1 0 16 12
0 1 0 26.3 58.5 2 -1 0 16 12
0 1 0 26.3 58.5 2 -1 0 16 12
0 1 0 26.3 58.5 2 -1 0 16 12
0 1 0 26.3 59.0 2 -1 0 16 12
0 1 0 26.3 59.0 2 -1 0 16 12
0 1 0 26.4 59.0 2 -1 0 16 12
0 1 0 26.3 59.0 2 -1 0 16 12
0 1 0 26.4 59.0 2 -1 0 16 12
0 1 0 26.4 59.0 2 -1 0 16 12
0 1 0 26.5 59.0 2 -1 0 16 12
0 1 0 26.4 59.5 2 -1 0 16 12
0 1 0 26.5 59.5 2 -1 0 16 12
0 1 0 26.4 59.5 2 -1 0 16 12
0 1 0 26.4 59.5 2 -1 0 16 12
0 1 0 26.5 59.5 2 -1 0 16 12
0 1 0 26.5 59.5 2 -1 0 16 12
0 1 0 26.5 60.0 2 -1 0 16 12
0 1 0 26.5 60.0 2 -1 0 16 12
0 1 0 26.5 60.0 2 -1 0 16 12
0 1 0 26.6 60.0 2 -1 0 16 12
0 1 0 26.6 60.0 2 -1 0 16 12
0 1 0 26.6 60.0 2 -1 0 16 12
0 1 0 26.6 60.0 2 -1 0 16 12
0 1 0 26.6 60.0 2 -1 0 16 12
0 1 0 26.6 60.5 2 -1 0 16 12
0 1 0 26.6 60.5 2 -1 0 16 12
0 1 0 26.7 60.5 2 -1 0 16 12
0 1 0 26.6 60.5 0 -1 0 16 12
0 1 0 26.7 60.5 0 -1 0 16 12
0 1 0 26.7 60.5 0 -1 0 16 12
0 1 0 26.7 60.5 0 -1 0 16 12
0 1 0 26.8 61.0 0 -1 0 16 12
0 1 0 26.7 61.0 0 -1 0 16 12
0 1 0 26.7 61.0 0 -1 0 16 12
0 1 0 26.8 61.0 0 -1 0 16 12
0 1 0 26.8 61.0 0 -1 0 16 12
0 1 0 26.8 61.0 0 -1 0 16 12
0 1 0 26.8 61.5 0 -1 0 16 12
0 1 0 26.8 61.5 0 -1 0 16 12
0 1 0 26.8 61.5 0 -1 0 16 12
0 1 0 26.8 61.5 0 -1 0 16 12
0 1 0 26.9 61.5 0 -1 0 16 12
0 1 0 26.9 61.5 0 -1 0 16 12
0 1 0 26.9 61.5 0 -1 0 16 12
0 1 0 26.9 61.5 0 -1 0 16 12
0 1 0 26.8 61.5 0 -1 0 16 12
0 1 0 26.9 61.5 0 -1 0 16 12
0 1 0 26.9 61.5 0 -1 0 16 12
0 1 0 26.9 61.5 0 -1 0 16 12
0 1 0 27.0 61.5 0 -1 0 16 12
0 1 0 27.0 61.5 0 -1 0 16 12
0 1 0 26.9 61.5 0 -1 0 16 12
0 1 0 26.9 61.5 0 -1 0 16 12
0 1 0 27.0 61.5 0 -1 0 16 12
0 1 0 27.0 61.5 0 -1 0 16 12
0 1 0 27.0 61.5 0 -1 0 16 12
0 1 0 27.0 61.5 0 -1 0 16 12
0 1 0 27.0 61.5 0 -1 0 16 12
0 1 0 27.0 62.0 0 -1 0 16 12
0 1 0 27.0 62.0 0 -1 0 16 12
0 1 0 27.0 62.0 0 -1 0 16 12
0 1 0 27.0 62.0 0 -1 0 16 12
0 1 0 27.1 62.0 0 -1 0 16 12
0 1 0 27.1 62.0 0 -1 0 16 12
0 1 0 27.1 62.0 0 -1 0 16 12
0 1 0 27.1 62.0 0 -1 0 16 12
0 1 0 27.0 62.0 0 -1 0 16 12
0 1 0 27.1 62.0 0 -1 0 16 12
0 1 0 27.1 62.0 0 -1 0 16 12
0 1 0 27.1 62.0 0 -1 0 16 12
0 1 0 27.1 62.0 0 -1 0 16 12
0 1 0 27.1 62.0 0 -1 0 16 12
0 1 0 27.1 62.0 0 -1 0 16 12
0 1 0 27.1 62.0 0 -1 0 16 12
0 1 0 27.1 62.0 0 -1 0 16 12
0 1 0 27.2 62.0 0 -1 0 16 12
0 1 0 27.2 62.0 0 -1 0 16 12
0 1 0 27.1 62.0 0 -1 0 16 12
0 1 0 27.1 62.0 0 -1 0 16 12
0 1 0 27.1 62.0 0 -1 0 16 12
0 1 0 27.2 62.0 0 -1 0 16 12
0 1 0 27.1 62.0 0 -1 0 16 12
0 1 0 27.2 62.0 0 -1 0 16 12
0 1 0 27.2 62.0 0 -1 0 16 12
0 1 0 27.2 62.0 0 -1 0 16 12
0 1 0 27.2 62.0 0 -1 0 16 12
0 1 0 27.2 62.0 0 -1 0 16 12
0 1 0 27.2 62.0 0 -1 0 16 12
0 1 0 27.2 62.0 0 -1 0 16 12
0 1 0 27.2 62.0 0 -1 0 16 12
0 1 0 27.2 62.0 0 -1 0 16 12
0 1 0 27.2 62.0 0 -1 0 16 12
0 1 0 27.2 62.0 0 -1 0 16 12
0 1 0 27.2 62.0 0 -1 0 16 12
0 1 0 27.2 62.0 0 -1 0 16 12
0 1 0 27.2 62.0 0 -1 0 16 12
0 1 0 27.2 62.0 0 -1 0 16 12
0 1 0 27.3 62.0 0 -1 0 16 12
0 1 0 27.3 62.0 0 -1 0 16 12
0 1 0 27.3 62.0 0 -1 0 16 12
0 1 0 27.3 62.0 0 -1 0 16 12
0 1 0 27.3 62.0 0 -1 0 16 12
0 1 0 27.3 62.0 0 -1 0 16 12
0 1 0 27.3 62.5 0 -1 0 16 12
0 1 0 27.3 62.5 0 -1 0 16 12
0 1 0 27.3 62.5 0 -1 0 16 12
0 1 0 27.3 62.5 0 -1 0 16 12
0 1 0 27.3 62.5 0 -1 0 16 12
0 1 0 27.4 62.5 0 -1 0 16 12
0 1 0 27.3 62.5 0 -1 0 16 12
0 1 0 27.4 62.5 0 -1 0 16 12
0 1 0 27.4 62.5 0 -1 0 16 12
0 1 0 27.4 62.5 0 -1 0 16 12
0 1 0 27.3 62.5 0 -1 0 16 12
0 1 0 27.4 62.5 0 -1 0 16 12
0 1 0 27.4 62.5 0 -1 0 16 12
0 1 0 27.3 62.5 0 -1 0 16 12
