0 1 0 27.3 62.5 0 -1 0 -1 -1
0 1 0 27.4 62.5 0 -1 0 -1 -1
0 1 0 27.4 62.5 0 -1 0 -1 -1
0 1 0 27.4 62.5 0 -1 0 -1 -1
0 1 0 27.4 62.5 0 -1 0 -1 -1
0 1 0 27.4 62.5 0 -1 0 -1 -1
0 1 0 27.4 62.5 0 -1 0 -1 -1
0 1 0 27.4 62.5 0 -1 0 -1 -1
0 1 0 27.4 62.5 0 -1 0 -1 -1
0 1 0 27.4 62.5 0 -1 0 -1 -1
0 1 0 27.4 62.5 0 -1 0 -1 -1
0 1 0 27.4 62.5 0 -1 0 -1 -1
0 1 0 27.4 62.5 0 -1 0 -1 -1
0 1 0 27.4 62.5 0 -1 0 -1 -1
0 1 0 27.4 62.5 0 -1 0 -1 -1
0 1 0 27.4 62.5 0 -1 0 -1 -1
0 1 0 27.5 62.5 0 -1 0 -1 -1
0 1 0 27.5 62.5 0 -1 0 -1 -1
0 1 0 27.5 62.5 0 -1 0 -1 -1
0 1 0 27.5 62.5 0 -1 0 -1 -1
0 1 0 27.4 62.5 0 -1 0 -1 -1
0 1 0 27.5 62.5 0 -1 0 -1 -1
0 1 0 27.4 62.5 0 -1 0 -1 -1
0 1 0 27.4 62.5 0 -1 0 -1 -1
0 1 0 27.5 62.5 0 -1 0 -1 -1
0 1 0 27.4 62.5 0 -1 0 -1 -1
0 1 0 27.5 62.5 0 -1 0 -1 -1
0 1 0 27.4 62.5 0 -1 0 -1 -1
0 1 0 27.5 63.0 0 -1 0 -1 -1
0 1 0 27.5 63.0 0 -1 0 -1 -1
0 1 0 27.5 62.5 0 -1 0 -1 -1
0 1 0 27.5 63.0 0 -1 0 -1 -1
0 1 0 27.4 63.0 0 -1 0 -1 -1
0 1 0 27.4 63.0 0 -1 0 -1 -1
0 1 0 27.5 63.0 0 -1 0 -1 -1
0 1 0 27.5 63.0 0 -1 0 -1 -1
0 1 0 27.5 63.0 0 -1 0 -1 -1
0 1 0 27.5 63.0 0 -1 0 -1 -1
0 1 0 27.5 63.0 0 -1 0 -1 -1
0 1 0 27.5 63.0 0 -1 0 -1 -1
0 1 0 27.5 63.0 0 -1 0 -1 -1
0 1 0 27.6 63.0 0 -1 0 -1 -1
0 1 0 27.4 63.0 0 -1 0 -1 -1
0 1 0 27.4 63.0 0 -1 0 -1 -1
0 1 0 27.5 63.0 0 -1 0 -1 -1
0 1 0 27.5 63.0 0 -1 0 -1 -1
0 1 0 27.5 63.0 0 -1 0 -1 -1
0 1 0 27.5 63.0 0 -1 0 -1 -1
0 1 0 27.5 63.0 0 -1 0 -1 -1
0 1 0 27.6 63.0 0 -1 0 -1 -1
0 1 0 27.5 63.0 0 -1 0 -1 -1
0 1 0 27.5 63.0 0 -1 0 -1 -1
0 1 0 27.6 63.0 0 -1 0 -1 -1
0 1 0 27.5 63.0 0 -1 0 -1 -1
0 1 0 27.5 63.0 0 -1 0 -1 -1
0 1 0 27.5 63.0 0 -1 0 -1 -1
0 1 0 27.5 63.0 0 -1 0 -1 -1
0 1 0 27.6 63.0 0 -1 0 -1 -1
0 1 0 27.6 63.0 0 -1 0 -1 -1
0 1 0 27.5 63.0 0 -1 0 -1 -1
0 1 0 27.5 63.0 0 -1 0 -1 -1
0 1 0 27.6 63.0 0 -1 0 -1 -1
0 1 0 27.6 63.0 0 -1 0 -1 -1
0 1 0 27.6 63.0 0 -1 0 -1 -1
0 1 0 27.5 63.0 0 -1 0 -1 -1
0 1 0 27.6 63.5 0 -1 0 -1 -1
0 1 0 27.6 63.5 0 -1 0 -1 -1
0 1 0 27.6 63.5 0 -1 0 -1 -1
0 1 0 27.6 63.5 0 -1 0 -1 -1
0 1 0 27.5 63.5 0 -1 0 -1 -1
0 1 0 27.6 63.5 0 -1 0 -1 -1
0 1 0 27.6 63.5 0 -1 0 -1 -1
0 1 0 27.5 63.5 0 -1 0 -1 -1
0 1 0 27.6 63.5 0 -1 0 -1 -1
0 1 0 27.6 63.5 0 -1 0 -1 -1
0 1 0 27.6 63.5 0 -1 0 -1 -1
0 1 0 27.6 63.5 0 -1 0 -1 -1
0 1 0 27.6 63.5 0 -1 0 -1 -1
0 1 0 27.7 63.5 0 -1 0 -1 -1
0 1 0 27.6 63.5 0 -1 0 -1 -1
0 1 0 27.6 63.5 0 -1 0 -1 -1
0 1 0 27.6 63.5 0 -1 0 -1 -1
0 1 0 27.6 63.5 0 -1 0 -1 -1
0 1 0 27.6 63.5 0 -1 0 -1 -1
0 1 0 27.7 63.5 0 -1 0 -1 -1
0 1 0 27.6 63.5 0 -1 0 -1 -1
0 1 0 27.6 63.5 0 -1 0 -1 -1
0 1 0 27.6 63.5 0 -1 0 -1 -1
0 1 0 27.6 63.5 0 -1 0 -1 -1
0 1 0 27.6 63.5 0 -1 0 -1 -1
0 1 0 27.7 63.5 0 -1 0 -1 -1
0 1 0 27.6 63.5 0 -1 0 -1 -1
0 1 0 27.6 63.5 0 -1 0 -1 -1
0 1 0 27.5 63.5 0 -1 0 -1 -1
0 1 0 27.6 63.5 0 -1 0 -1 -1
0 1 0 27.7 63.5 0 -1 0 -1 -1
0 1 0 27.7 63.5 0 -1 0 -1 -1
0 1 0 27.6 63.5 0 -1 0 -1 -1
0 1 0 27.6 63.5 0 -1 0 -1 -1
0 1 0 27.7 63.5 0 -1 0 -1 -1
0 1 0 27.6 63.5 0 -1 0 -1 -1
0 1 0 27.6 63.5 0 -1 0 -1 -1
0 1 0 27.6 63.5 0 -1 0 -1 -1
0 1 0 27.7 63.5 0 -1 0 -1 -1
0 1 0 27.7 63.5 0 -1 0 -1 -1
0 1 0 27.7 63.5 0 -1 0 -1 -1
0 1 0 27.7 63.5 0 -1 0 -1 -1
0 1 0 27.7 63.5 0 -1 0 -1 -1
0 1 0 27.7 63.5 0 -1 0 -1 -1
0 1 0 27.7 63.5 0 -1 0 -1 -1
0 1 0 27.7 63.5 0 -1 0 -1 -1
0 1 0 27.6 63.5 0 -1 0 -1 -1
0 1 0 27.7 63.5 0 -1 0 -1 -1
0 1 0 27.7 63.5 0 -1 0 -1 -1
0 1 0 27.7 63.5 0 -1 0 -1 -1
0 1 0 27.7 63.5 0 -1 0 -1 -1
0 1 0 27.7 63.5 0 -1 0 -1 -1
0 1 0 27.7 63.5 0 -1 0 -1 -1
0 1 0 27.7 64.0 0 -1 0 -1 -1
0 1 0 27.7 64.0 0 -1 0 -1 -1
0 1 0 27.8 64.0 0 -1 0 -1 -1
0 1 0 27.7 64.0 0 -1 0 -1 -1
0 1 0 27.7 64.0 0 -1 0 -1 -1
0 1 0 27.7 64.0 0 -1 0 -1 -1
0 1 0 27.7 64.0 0 -1 0 -1 -1
0 1 0 27.7 64.0 0 -1 0 -1 -1
0 1 0 27.7 64.0 0 -1 0 -1 -1
0 1 0 27.7 64.0 0 -1 0 -1 -1
0 1 0 27.7 64.0 0 -1 0 -1 -1
0 1 0 27.8 64.0 0 -1 0 -1 -1
0 1 0 27.8 64.0 0 -1 0 -1 -1
0 1 0 27.7 64.0 0 -1 0 -1 -1
0 1 0 27.7 64.0 0 -1 0 -1 -1
0 1 0 27.8 64.0 0 -1 0 -1 -1
0 1 0 27.8 64.0 0 -1 0 -1 -1
0 1 0 27.7 64.0 0 -1 0 -1 -1
0 1 0 27.7 64.0 0 -1 0 -1 -1
0 1 0 27.7 64.0 0 -1 0 -1 -1
0 1 0 27.7 64.0 0 -1 0 -1 -1
0 1 0 27.8 64.0 0 -1 0 -1 -1
0 1 0 27.6 64.0 0 -1 0 -1 -1
0 1 0 27.8 64.0 0 -1 0 -1 -1
0 1 0 27.7 64.0 0 -1 0 -1 -1
0 1 0 27.7 64.0 0 -1 0 -1 -1
0 1 0 27.8 64.0 0 -1 0 -1 -1
0 1 0 27.7 64.0 0 -1 0 -1 -1
0 1 0 27.7 64.0 0 -1 0 -1 -1
0 1 0 27.7 64.0 0 -1 0 -1 -1
0 1 0 27.7 64.0 0 -1 0 -1 -1
0 1 0 27.8 64.0 0 -1 0 -1 -1
0 1 0 27.8 64.0 0 -1 0 -1 -1
0 1 0 27.7 64.0 0 -1 0 -1 -1
0 1 0 27.7 64.0 0 -1 0 -1 -1
0 1 0 27.7 64.0 0 -1 0 -1 -1
0 1 0 27.7 64.0 0 -1 0 -1 -1
0 1 0 27.8 64.0 0 -1 0 -1 -1
0 1 0 27.8 64.0 0 -1 0 -1 -1
0 1 0 27.8 64.0 0 -1 0 -1 -1
0 1 0 27.7 64.0 0 -1 0 -1 -1
0 1 0 27.8 64.0 0 -1 0 -1 -1
0 1 0 27.8 64.0 0 -1 0 -1 -1
0 1 0 27.8 64.0 0 -1 0 -1 -1
0 1 0 27.7 64.0 0 -1 0 -1 -1
0 1 0 27.8 64.0 0 -1 0 -1 -1
0 1 0 27.8 64.0 0 -1 0 -1 -1
0 1 0 27.7 64.0 0 -1 0 -1 -1
0 1 0 27.7 64.0 0 -1 0 -1 -1
0 1 0 27.8 64.0 0 -1 0 -1 -1
0 1 0 27.8 64.0 0 -1 0 -1 -1
0 1 0 27.7 64.0 0 -1 0 -1 -1
0 1 0 27.8 64.0 0 -1 0 -1 -1
0 1 0 27.8 64.0 0 -1 0 -1 -1
0 1 0 27.7 64.0 0 -1 0 -1 -1
0 1 0 27.8 64.0 0 -1 0 -1 -1
0 1 0 27.8 64.0 0 -1 0 -1 -1
0 1 0 27.8 64.0 0 -1 0 -1 -1
0 1 0 27.8 64.0 0 -1 0 -1 -1
0 1 0 27.8 64.0 0 -1 0 -1 -1
0 1 0 27.8 64.0 0 -1 0 -1 -1
0 1 0 27.8 64.0 0 -1 0 -1 -1
0 1 0 27.8 64.0 0 -1 0 -1 -1
0 1 0 27.8 64.0 0 -1 0 -1 -1
0 1 0 27.8 64.0 0 -1 0 -1 -1
0 1 0 27.8 64.0 0 -1 0 -1 -1
0 1 0 27.7 64.0 0 -1 0 -1 -1
0 1 0 27.8 64.0 0 -1 0 -1 -1
0 1 0 27.7 64.0 0 -1 0 -1 -1
0 1 0 27.8 64.0 0 -1 0 -1 -1
0 1 0 27.8 64.0 0 -1 0 -1 -1
0 1 0 27.8 64.0 0 -1 0 -1 -1
0 1 0 27.8 64.0 0 -1 0 -1 -1
0 1 0 27.8 64.0 0 -1 0 -1 -1
0 1 0 27.8 64.0 0 -1 0 -1 -1
0 1 0 27.8 64.0 0 -1 0 -1 -1
0 1 0 27.7 64.0 0 -1 0 -1 -1
0 1 0 27.8 64.0 0 -1 0 -1 -1
0 1 0 27.8 64.0 0 -1 0 -1 -1
0 1 0 27.8 64.0 0 -1 0 -1 -1
0 1 0 27.8 64.0 0 -1 0 -1 -1
0 1 0 27.8 64.0 0 -1 0 -1 -1
0 1 0 27.8 64.0 0 -1 0 -1 -1
0 1 0 27.8 64.5 0 -1 0 -1 -1
0 1 0 27.8 64.5 0 -1 0 -1 -1
0 1 0 27.8 64.5 0 -1 0 -1 -1
0 1 0 27.8 64.0 0 -1 0 -1 -1
0 1 0 27.9 64.0 0 -1 0 -1 -1
0 1 0 27.8 64.0 0 -1 0 -1 -1
0 1 0 27.8 64.0 0 -1 0 -1 -1
0 1 0 27.8 64.0 0 -1 0 -1 -1
0 1 0 27.8 64.5 0 -1 0 -1 -1
0 1 0 27.8 64.5 0 -1 0 -1 -1
0 1 0 27.8 64.5 0 -1 0 -1 -1
0 1 0 27.8 64.5 0 -1 0 -1 -1
0 1 0 27.8 64.5 0 -1 0 -1 -1
0 1 0 27.8 64.5 0 -1 0 -1 -1
0 1 0 27.9 64.5 0 -1 0 -1 -1
0 1 0 27.8 64.5 0 -1 0 -1 -1
0 1 0 27.8 64.5 0 -1 0 -1 -1
0 1 0 27.8 64.5 0 -1 0 -1 -1
0 1 0 27.9 64.5 0 -1 0 -1 -1
0 1 0 27.8 64.5 0 -1 0 -1 -1
0 1 0 27.9 64.5 0 -1 0 -1 -1
0 1 0 27.8 64.5 0 -1 0 -1 -1
0 1 0 27.8 64.5 0 -1 0 -1 -1
0 1 0 27.8 64.5 0 -1 0 -1 -1
0 1 0 27.8 64.5 0 -1 0 -1 -1
0 1 0 27.8 64.5 0 -1 0 -1 -1
0 1 0 27.8 64.5 0 -1 0 -1 -1
0 1 0 27.8 64.5 0 -1 0 -1 -1
0 1 0 27.9 64.5 0 -1 0 -1 -1
0 1 0 27.8 65.0 0 -1 0 -1 -1
0 1 0 27.9 65.0 0 -1 0 -1 -1
0 1 0 27.9 64.5 0 -1 0 -1 -1
0 1 0 27.8 65.0 0 -1 0 -1 -1
0 1 0 27.8 65.0 0 -1 0 -1 -1
0 1 0 27.9 65.0 0 -1 0 -1 -1
0 1 0 27.8 65.0 0 -1 0 -1 -1
0 1 0 27.8 65.0 0 -1 0 -1 -1
0 1 0 27.9 65.0 0 -1 0 -1 -1
0 1 0 27.9 65.0 0 -1 0 -1 -1
0 1 0 27.9 65.0 0 -1 0 -1 -1
0 1 0 27.9 65.0 0 -1 0 -1 -1
0 1 0 27.8 65.0 0 -1 0 -1 -1
0 1 0 27.9 65.0 0 -1 0 -1 -1
0 1 0 27.9 65.0 0 -1 0 -1 -1
0 1 0 27.9 65.0 0 -1 0 -1 -1
0 1 0 27.8 65.0 0 -1 0 -1 -1
0 1 0 27.9 65.0 0 -1 0 -1 -1
0 1 0 27.9 65.0 0 -1 0 -1 -1
0 1 0 27.8 65.0 0 -1 0 -1 -1
0 1 0 27.8 65.0 0 -1 0 -1 -1
0 1 0 27.9 65.0 0 -1 0 -1 -1
0 1 0 27.9 65.0 0 -1 0 -1 -1
0 1 0 27.8 65.0 0 -1 0 -1 -1
0 1 0 27.9 65.0 0 -1 0 -1 -1
0 1 0 27.9 65.0 0 -1 0 -1 -1
0 1 0 27.9 65.0 0 -1 0 -1 -1
0 1 0 27.9 65.0 0 -1 0 -1 -1
0 1 0 27.8 65.0 0 -1 0 -1 -1
0 1 0 27.9 65.0 0 -1 0 -1 -1
0 1 0 27.9 65.0 0 -1 0 -1 -1
0 1 0 27.8 65.0 0 -1 0 -1 -1
0 1 0 27.9 65.0 0 -1 0 -1 -1
0 1 0 27.8 65.0 0 -1 0 -1 -1
0 1 0 27.9 65.0 0 -1 0 -1 -1
0 1 0 27.9 65.0 0 -1 0 -1 -1
0 1 0 27.9 65.0 0 -1 0 -1 -1
0 1 0 27.9 65.0 0 -1 0 -1 -1
0 1 0 27.9 65.0 0 -1 0 -1 -1
0 1 0 27.9 65.0 0 -1 0 -1 -1
0 1 0 27.8 65.0 0 -1 0 -1 -1
0 1 0 27.9 65.0 0 -1 0 -1 -1
0 1 0 27.9 65.0 0 -1 0 -1 -1
0 1 0 27.9 65.0 0 -1 0 -1 -1
0 1 0 27.9 65.0 0 -1 0 -1 -1
0 1 0 27.9 65.0 0 -1 0 -1 -1
0 1 0 27.9 65.0 0 -1 0 -1 -1
0 1 0 27.9 65.0 0 -1 0 -1 -1
0 1 0 27.8 65.0 0 -1 0 -1 -1
0 1 0 27.8 65.0 0 -1 0 -1 -1
0 1 0 27.9 65.0 0 -1 0 -1 -1
0 1 0 27.9 65.0 0 -1 0 -1 -1
0 1 0 27.9 65.0 0 -1 0 -1 -1
0 1 0 27.9 65.0 0 -1 0 -1 -1
0 1 0 27.9 65.0 0 -1 0 -1 -1
0 1 0 27.9 65.0 0 -1 0 -1 -1
0 1 0 27.9 65.0 0 -1 0 -1 -1
0 1 0 27.9 65.0 0 -1 0 -1 -1
0 1 0 27.8 65.0 0 -1 0 -1 -1
0 1 0 27.9 65.0 0 -1 0 -1 -1
0 1 0 27.8 65.0 0 -1 0 -1 -1
0 1 0 27.9 65.0 0 -1 0 -1 -1
0 1 0 27.9 65.0 0 -1 0 -1 -1
0 1 0 27.9 65.0 0 -1 0 -1 -1
0 1 0 27.9 65.0 0 -1 0 -1 -1
0 1 0 27.9 65.0 0 -1 0 -1 -1
0 1 0 27.9 65.0 0 -1 0 -1 -1
0 1 0 27.9 65.0 0 -1 0 -1 -1
0 1 0 27.9 65.0 0 -1 0 -1 -1
0 1 0 27.9 65.0 0 -1 0 -1 -1
0 1 0 27.9 65.0 0 -1 0 -1 -1
0 1 0 27.9 65.0 0 -1 0 -1 -1
0 1 0 27.9 65.0 0 -1 0 -1 -1
0 1 0 27.9 65.0 0 -1 0 -1 -1
0 1 0 27.9 65.0 0 -1 0 -1 -1
0 1 0 27.9 65.0 0 -1 0 -1 -1
0 1 0 27.9 65.0 0 -1 0 -1 -1
0 1 0 27.9 65.0 2 -1 0 -1 -1
0 1 0 27.9 65.0 2 -1 0 -1 -1
0 1 0 27.9 65.5 2 -1 0 -1 -1
0 1 0 27.9 65.0 2 -1 0 -1 -1
0 1 0 27.9 65.0 2 -1 0 -1 -1
0 1 0 27.9 65.0 2 -1 0 -1 -1
0 1 0 27.9 65.0 2 -1 0 -1 -1
0 1 0 27.9 65.5 2 -1 0 -1 -1
0 1 0 27.9 65.0 2 -1 0 -1 -1
0 1 0 27.9 65.0 2 -1 0 -1 -1
0 1 0 27.9 65.5 2 -1 0 -1 -1
0 1 0 27.9 65.5 2 -1 0 -1 -1
0 1 0 27.9 65.5 2 -1 0 -1 -1
0 1 0 27.9 65.5 2 -1 0 -1 -1
0 1 0 27.9 65.5 2 -1 0 -1 -1
0 1 0 27.9 65.5 2 -1 0 -1 -1
0 1 0 27.9 65.5 2 -1 0 -1 -1
0 1 0 27.9 65.5 1 -1 0 -1 -1
0 1 0 27.9 65.0 1 -1 0 -1 -1
0 1 0 27.9 65.5 1 -1 0 -1 -1
0 1 0 27.9 65.0 1 -1 0 -1 -1
0 1 0 27.9 65.5 1 -1 0 -1 -1
0 1 0 27.9 65.0 1 -1 0 -1 -1
0 1 0 27.9 65.5 1 -1 0 -1 -1
0 1 0 28.0 65.5 1 -1 0 -1 -1
0 1 0 27.9 65.5 1 -1 0 -1 -1
0 1 0 27.9 65.5 1 -1 0 -1 -1
0 1 0 27.9 65.5 1 -1 0 -1 -1
0 1 0 27.9 65.5 1 -1 0 -1 -1
0 1 0 27.9 65.5 1 -1 0 -1 -1
0 1 0 27.9 65.5 1 -1 0 -1 -1
0 1 0 27.9 65.5 1 -1 0 -1 -1
0 1 0 27.9 65.5 1 -1 0 -1 -1
0 1 0 27.9 65.5 1 -1 0 -1 -1
0 1 0 27.9 65.5 1 -1 0 -1 -1
0 1 0 27.9 65.5 1 -1 0 -1 -1
0 1 0 27.9 65.5 1 -1 0 -1 -1
0 1 0 27.9 65.5 1 -1 0 -1 -1
0 1 0 28.0 65.5 1 -1 0 -1 -1
0 1 0 27.9 65.5 1 -1 0 -1 -1
0 1 0 27.9 65.0 1 -1 0 -1 -1
0 1 0 27.9 65.5 1 -1 0 -1 -1
0 1 0 27.9 65.5 1 -1 0 -1 -1
0 1 0 27.9 65.0 1 -1 0 -1 -1
0 1 0 27.9 65.0 1 -1 0 -1 -1
0 1 0 28.0 65.5 1 -1 0 -1 -1
0 1 0 27.9 65.5 1 -1 0 -1 -1
0 1 0 27.9 65.5 1 -1 0 -1 -1
0 1 0 27.9 65.0 1 -1 0 -1 -1
0 1 0 27.9 65.0 1 -1 0 -1 -1
0 1 0 27.9 65.0 1 -1 0 -1 -1
0 1 0 27.9 65.0 1 -1 0 -1 -1
0 1 0 27.9 65.0 1 -1 0 -1 -1
0 1 0 27.9 65.0 1 -1 0 -1 -1
0 1 0 27.9 65.0 1 -1 0 -1 -1
0 1 0 27.9 65.0 1 -1 0 -1 -1
0 1 0 27.9 65.0 1 -1 0 -1 -1
0 1 0 27.9 65.0 1 -1 0 -1 -1
0 1 0 27.9 65.0 1 -1 0 -1 -1
0 1 0 27.9 65.0 1 -1 0 -1 -1
0 1 0 27.9 65.0 1 -1 0 -1 -1
0 1 0 27.9 65.0 1 -1 0 -1 -1
0 1 0 27.9 65.0 1 -1 0 -1 -1
0 1 0 27.9 65.0 1 -1 0 -1 -1
0 1 0 27.9 65.0 1 -1 0 -1 -1
0 1 0 27.9 65.0 1 -1 0 -1 -1
0 1 0 27.9 65.0 1 -1 0 -1 -1
0 1 0 27.9 65.0 1 -1 0 -1 -1
0 1 0 27.9 65.0 0 -1 0 -1 -1
0 1 0 27.8 65.0 0 -1 0 -1 -1
0 1 0 27.9 65.0 0 -1 0 -1 -1
0 1 0 27.9 65.0 0 -1 0 -1 -1
0 1 0 27.9 65.0 0 -1 0 -1 -1
0 1 0 27.9 65.5 0 -1 0 -1 -1
0 1 0 27.9 65.0 0 -1 0 -1 -1
0 1 0 27.9 65.0 0 -1 0 -1 -1
0 1 0 28.0 65.0 0 -1 0 -1 -1
0 1 0 27.9 65.0 0 -1 0 -1 -1
0 1 0 28.0 65.0 0 -1 0 -1 -1
0 1 0 27.9 65.0 0 -1 0 -1 -1
0 1 0 27.9 65.0 0 -1 0 -1 -1
0 1 0 27.9 65.0 0 -1 0 -1 -1
0 1 0 27.9 65.0 0 -1 0 -1 -1
0 1 0 27.9 65.0 0 -1 0 -1 -1
0 1 0 27.9 65.0 0 -1 0 -1 -1
0 1 0 27.9 65.0 2 -1 0 -1 -1
0 1 0 27.9 65.0 2 -1 0 -1 -1
0 1 0 27.9 65.0 2 -1 0 -1 -1
0 1 0 27.9 65.0 2 -1 0 -1 -1
0 1 0 27.9 65.0 2 -1 0 -1 -1
0 1 0 27.9 65.0 2 -1 0 -1 -1
0 1 0 27.9 65.0 2 -1 0 -1 -1
0 1 0 27.9 65.0 1 -1 0 -1 -1
0 1 0 27.9 65.0 1 -1 0 -1 -1
0 1 0 27.9 65.0 1 -1 0 -1 -1
0 1 0 27.9 65.5 1 -1 0 -1 -1
0 1 0 27.9 65.0 1 -1 0 -1 -1
0 1 0 28.0 65.0 1 -1 0 -1 -1
0 1 0 27.8 65.0 1 -1 0 -1 -1
0 1 0 27.9 65.0 1 -1 0 -1 -1
0 1 0 27.9 65.0 1 -1 0 -1 -1
0 1 0 27.9 65.0 1 -1 0 -1 -1
0 1 0 27.9 65.0 1 -1 0 -1 -1
0 1 0 27.9 65.0 1 -1 0 -1 -1
0 1 0 27.9 65.0 2 -1 0 -1 -1
0 1 0 27.9 65.0 1 -1 0 -1 -1
0 1 0 27.9 65.0 2 -1 0 -1 -1
0 1 0 27.9 65.0 2 -1 0 -1 -1
0 1 0 27.9 65.0 1 -1 0 -1 -1
0 1 0 27.9 65.0 1 -1 0 -1 -1
0 1 0 27.9 65.5 1 -1 0 -1 -1
0 1 0 27.9 65.0 1 -1 0 -1 -1
0 1 0 27.9 65.0 1 -1 0 -1 -1
0 1 0 27.9 65.0 1 -1 0 -1 -1
0 1 0 27.9 65.0 1 -1 0 -1 -1
0 1 0 27.9 65.0 2 -1 0 -1 -1
0 1 0 28.0 65.0 2 -1 0 -1 -1
0 1 0 27.9 65.5 2 -1 0 -1 -1
0 1 0 27.9 65.5 2 -1 0 -1 -1
0 1 0 27.9 65.5 2 -1 0 -1 -1
0 1 0 27.9 65.0 2 -1 0 -1 -1
0 1 0 27.9 65.5 2 -1 0 -1 -1
0 1 0 27.9 65.5 2 -1 0 -1 -1
0 1 0 28.0 65.5 2 -1 0 -1 -1
0 1 0 27.9 65.5 2 -1 0 -1 -1
0 1 0 27.9 65.0 2 -1 0 -1 -1
0 1 0 27.9 65.5 2 -1 0 -1 -1
0 1 0 27.9 65.5 2 -1 0 -1 -1
0 1 0 27.9 65.5 2 -1 0 -1 -1
0 1 0 27.9 65.5 2 -1 0 -1 -1
0 1 0 27.9 65.5 2 -1 0 -1 -1
0 1 0 27.9 65.0 2 -1 0 -1 -1
0 1 0 27.9 65.5 1 -1 0 -1 -1
0 1 0 27.9 65.0 1 -1 0 -1 -1
0 1 0 27.9 65.5 1 -1 0 -1 -1
0 1 0 27.9 65.5 1 -1 0 -1 -1
0 1 0 27.9 65.5 1 -1 0 -1 -1
0 1 0 27.9 65.5 1 -1 0 -1 -1
0 1 0 27.9 65.5 1 -1 0 -1 -1
0 1 0 28.0 65.5 1 -1 0 -1 -1
0 1 0 27.9 65.5 1 -1 0 -1 -1
0 1 0 28.0 65.5 1 -1 0 -1 -1
0 1 0 28.0 65.5 1 -1 0 -1 -1
0 1 0 27.9 65.5 1 -1 0 -1 -1
0 1 0 27.9 65.5 1 -1 0 -1 -1
0 1 0 27.9 65.5 1 -1 0 -1 -1
0 1 0 27.9 65.5 1 -1 0 -1 -1
0 1 0 27.9 65.5 1 -1 0 -1 -1
0 1 0 28.0 65.5 1 -1 0 -1 -1
0 1 0 28.0 65.5 1 -1 0 -1 -1
0 1 0 27.9 65.5 1 -1 0 -1 -1
0 1 0 28.0 65.5 1 -1 0 -1 -1
0 1 0 27.9 65.5 2 -1 0 -1 -1
0 1 0 28.0 65.5 2 -1 0 -1 -1
0 1 0 27.9 65.5 2 -1 0 -1 -1
0 1 0 27.9 65.5 2 -1 0 -1 -1
0 1 0 28.0 65.5 2 -1 0 -1 -1
0 1 0 28.0 65.5 2 -1 0 -1 -1
0 1 0 28.0 65.5 4 -1 0 -1 -1
0 1 0 28.0 65.5 4 -1 0 -1 -1
0 1 0 28.0 65.5 4 -1 0 -1 -1
0 1 0 28.0 65.5 4 -1 0 -1 -1
0 1 0 27.9 65.5 2 -1 0 -1 -1
0 1 0 28.0 65.5 2 -1 0 -1 -1
0 1 0 28.0 65.5 2 -1 0 -1 -1
0 1 0 27.9 65.5 2 -1 0 -1 -1
0 1 0 28.0 65.5 4 -1 0 -1 -1
0 1 0 28.0 65.5 4 -1 0 -1 -1
0 1 0 28.0 65.5 4 -1 0 -1 -1
0 1 0 28.0 65.5 4 -1 0 -1 -1
0 1 0 28.0 65.5 4 -1 0 -1 -1
0 1 0 28.0 65.5 4 -1 0 -1 -1
0 1 0 28.0 65.5 4 -1 0 -1 -1
0 1 0 28.0 65.5 4 -1 0 -1 -1
0 1 0 28.0 65.5 4 -1 0 -1 -1
0 1 0 28.0 65.5 4 -1 0 -1 -1
0 1 0 28.0 65.5 4 -1 0 -1 -1
0 1 0 28.0 65.5 4 -1 0 -1 -1
0 1 0 28.0 65.5 4 -1 0 -1 -1
0 1 0 28.0 65.5 4 -1 0 -1 -1
0 1 0 28.0 65.5 4 -1 0 -1 -1
0 1 0 28.0 65.5 4 -1 0 -1 -1
0 1 0 28.0 65.5 4 -1 0 -1 -1
0 1 0 28.0 65.5 4 -1 0 -1 -1
0 1 0 28.0 65.5 4 -1 0 -1 -1
0 1 0 28.0 65.5 4 -1 0 -1 -1
0 1 0 28.1 65.5 4 -1 0 -1 -1
0 1 0 28.0 65.5 6 -1 0 -1 -1
0 1 0 28.0 65.5 6 -1 0 -1 -1
0 1 0 28.0 65.5 6 -1 0 -1 -1
0 1 0 28.0 65.5 6 -1 0 -1 -1
0 1 0 28.0 65.5 9 -1 0 -1 -1
0 1 0 28.0 65.5 5 -1 0 -1 -1
0 1 0 28.0 65.5 5 -1 0 -1 -1
0 1 0 28.0 65.5 5 -1 0 -1 -1
0 1 0 28.0 65.5 5 -1 0 -1 -1
0 1 0 28.0 65.5 5 -1 0 -1 -1
0 1 0 28.0 65.5 5 -1 0 -1 -1
0 1 0 28.0 65.5 7 -1 0 -1 -1
0 1 0 28.0 65.5 7 -1 0 -1 -1
0 1 0 27.9 65.5 7 -1 0 -1 -1
0 1 0 28.0 65.5 9 -1 0 -1 -1
0 1 0 28.0 65.5 9 -1 0 -1 -1
0 1 0 27.9 65.5 9 -1 0 -1 -1
0 1 0 28.0 65.5 9 -1 0 -1 -1
0 1 0 27.9 65.5 9 -1 0 -1 -1
0 1 0 28.0 65.5 7 -1 0 -1 -1
0 1 0 27.9 65.5 7 -1 0 -1 -1
0 1 0 28.0 65.5 9 -1 0 -1 -1
0 1 0 28.0 65.0 9 -1 0 -1 -1
0 1 0 28.0 65.0 11 -1 0 -1 -1
0 1 0 28.0 65.5 11 -1 0 -1 -1
0 1 0 27.9 65.5 9 -1 0 -1 -1
0 1 0 27.9 65.5 9 -1 0 -1 -1
0 1 0 27.9 65.0 11 -1 0 -1 -1
0 1 0 27.9 65.5 13 -1 0 -1 -1
0 1 0 27.9 65.5 13 -1 0 -1 -1
0 1 0 27.8 65.0 12 -1 0 -1 -1
0 1 0 27.8 65.0 14 -1 0 -1 -1
0 1 0 27.8 65.0 14 -1 0 -1 -1
0 1 0 27.8 64.5 16 -1 0 -1 -1
0 1 0 27.8 64.5 14 -1 0 -1 -1
0 1 0 27.8 65.0 16 -1 0 -1 -1
0 1 0 27.8 64.5 16 -1 0 -1 -1
0 1 0 27.8 64.5 14 -1 0 -1 -1
0 1 0 27.8 64.5 14 -1 0 -1 -1
0 1 0 27.8 64.5 16 -1 0 -1 -1
0 1 0 27.8 64.5 16 -1 0 -1 -1
0 1 0 27.8 64.5 16 -1 0 -1 -1
0 1 0 27.7 64.5 16 -1 0 -1 -1
0 1 0 27.8 64.5 16 -1 0 -1 -1
0 1 0 27.8 64.5 16 -1 0 -1 -1
0 1 0 27.7 64.5 16 -1 0 -1 -1
0 1 0 27.8 64.5 14 -1 0 -1 -1
0 1 0 27.7 64.5 16 -1 0 -1 -1
0 1 0 27.7 64.5 18 -1 0 -1 -1
0 1 0 27.8 65.0 18 -1 0 -1 -1
0 1 0 27.7 65.0 16 -1 0 -1 -1
0 1 0 27.7 65.0 18 -1 0 -1 -1
0 1 0 27.7 65.0 20 -1 0 -1 -1
0 1 0 27.7 65.0 20 -1 0 -1 -1
0 1 0 27.7 65.0 19 -1 0 -1 -1
0 1 0 27.7 65.0 21 -1 0 -1 -1
1 1 0 27.8 65.0 21 c26 0 -1 -1
1 1 26 27.6 65.0 101 c26 0 100 100
1 1 8 27.7 62.5 130 c26 0 100 100
1 1 0 27.6 61.5 135 c26 0 100 100
1 1 3 27.5 60.5 135 c26 0 100 100
1 1 7 27.3 59.0 135 c26 0 100 100
1 1 6 27.1 59.0 126 c26 0 100 100
1 1 3 27.0 58.0 119 c26 0 100 100
1 1 0 26.8 57.5 115 c26 0 100 100
1 1 1 26.7 57.0 108 c26 0 100 100
1 1 0 26.6 57.0 100 c26 0 100 100
1 1 1 26.5 56.5 95 c26 0 100 100
1 1 0 26.4 56.5 85 c26 0 100 100
1 1 0 26.3 56.0 73 c26 0 100 100
1 1 1 26.2 55.5 58 c26 0 100 100
1 1 0 26.2 55.0 48 c26 0 100 100
1 1 0 26.1 55.0 39 c26 0 100 100
1 1 0 26.2 54.5 29 c26 0 100 100
1 1 4 26.0 54.0 26 c26 0 100 100
1 1 0 26.0 53.5 13 c26 0 100 100
1 1 0 25.9 53.0 12 c26 0 100 100
1 1 13 25.8 53.0 7 c26 0 100 100
1 1 0 25.7 53.0 5 c26 0 100 100
1 1 0 25.6 52.0 4 c26 0 100 100
1 1 0 25.6 52.5 254 c26 0 100 100
1 1 0 25.6 52.5 253 c26 0 100 100
1 1 0 25.5 52.5 249 c26 0 100 100
1 1 1 25.4 52.5 249 c26 0 100 100
1 1 4 25.4 52.5 247 c26 0 100 100
1 1 0 25.3 52.5 249 c26 0 100 100
1 1 1 25.2 52.5 245 c26 0 100 100
1 1 0 25.2 52.5 244 c26 0 100 100
1 1 0 25.2 52.5 244 c26 0 100 100
1 1 3 25.1 52.5 244 c26 0 100 100
1 1 4 25.0 52.5 239 c26 0 100 100
1 1 0 25.0 52.5 237 c26 0 100 100
1 1 0 24.9 52.5 237 c26 0 100 100
1 1 0 24.9 53.0 237 c26 0 100 100
1 1 0 24.8 53.0 234 c26 0 100 100
1 1 0 24.8 53.5 234 c26 0 100 100
1 1 0 24.8 53.5 229 c26 0 100 100
1 1 2 24.8 53.5 225 c26 0 100 100
1 1 0 24.8 54.0 223 c26 0 100 100
1 1 1 24.7 53.5 220 c26 0 100 100
1 1 0 24.7 54.0 220 c26 0 100 100
1 1 3 24.7 54.0 220 c26 0 100 100
1 1 3 24.6 54.0 220 c26 0 100 100
1 1 1 24.6 54.0 220 c26 0 100 100
1 1 3 24.6 54.0 220 c26 0 100 100
1 1 3 24.6 54.0 216 c26 0 100 100
1 1 5 24.5 54.0 216 c26 0 100 100
1 1 0 24.5 54.0 216 c26 0 100 100
1 1 0 24.4 54.0 214 c26 0 100 100
1 1 2 24.5 54.0 215 c26 0 100 100
1 1 0 24.4 54.0 214 c26 0 100 100
1 1 0 24.4 54.0 220 c26 0 100 100
1 1 0 24.3 54.0 218 c26 0 100 100
1 1 0 24.4 54.0 220 c26 0 100 100
1 1 0 24.3 54.0 218 c26 0 100 100
1 1 0 24.3 54.0 220 c26 0 100 100
1 1 0 24.3 54.0 221 c26 0 100 100
1 1 4 24.3 54.0 223 c26 0 100 100
1 1 0 24.2 54.0 227 c26 0 100 100
1 1 0 24.3 54.0 230 c26 0 100 100
1 1 0 24.2 54.0 234 c26 0 100 100
1 1 0 24.2 54.0 235 c26 0 100 100
1 1 0 24.1 54.0 237 c26 0 100 100
1 1 1 24.1 54.0 235 c26 0 100 100
1 1 3 24.0 53.5 237 c26 0 100 100
1 1 0 24.0 53.5 237 c26 0 100 100
1 1 0 24.0 53.5 232 c26 0 100 100
1 1 0 24.0 53.5 234 c26 0 100 100
1 1 0 24.0 53.5 234 c26 0 100 100
1 1 2 23.9 53.5 234 c26 0 100 100
1 1 0 23.9 53.5 232 c26 0 100 100
1 1 3 24.0 53.5 232 c26 0 100 100
1 1 0 23.9 53.5 230 c26 0 100 100
1 1 2 23.9 53.5 234 c26 0 100 100
1 1 2 23.8 53.5 232 c26 0 100 100
1 1 0 23.8 53.5 238 c26 0 100 100
1 1 0 23.8 53.5 239 c26 0 100 100
1 1 1 23.8 53.5 241 c26 0 100 100
1 1 1 23.7 53.5 241 c26 0 100 100
1 1 2 23.7 53.5 246 c26 0 100 100
1 1 3 23.6 53.5 246 c26 0 100 100
1 1 0 23.6 53.5 243 c26 0 100 100
1 1 0 23.7 53.5 239 c26 0 100 100
1 1 1 23.7 53.5 237 c26 0 100 100
1 1 7 23.7 54.0 237 c26 0 100 100
1 1 2 23.6 54.0 239 c26 0 100 100
1 1 0 23.7 54.0 239 c26 0 100 100
1 1 2 23.7 54.0 239 c26 0 100 100
1 1 1 23.6 54.0 239 c26 0 100 100
1 1 2 23.7 54.0 239 c26 0 100 100
1 1 0 23.6 54.0 241 c26 0 100 100
1 1 0 23.6 54.0 237 c26 0 100 100
1 1 1 23.6 54.0 239 c26 0 100 100
1 1 2 23.5 54.0 241 c26 0 100 100
1 1 0 23.5 54.0 241 c26 0 100 100
1 1 1 23.5 54.0 242 c26 0 100 100
1 1 8 23.5 54.0 244 c26 0 100 100
1 1 3 23.5 54.0 242 c26 0 100 100
1 1 0 23.5 54.0 242 c26 0 100 100
1 1 0 23.4 53.5 242 c26 0 100 100
1 1 0 23.4 53.5 244 c26 0 100 100
1 1 0 23.3 53.5 242 c26 0 100 100
1 1 0 23.4 54.0 248 c26 0 100 100
1 1 0 23.3 54.0 253 c26 0 100 100
1 1 0 23.4 54.0 251 c26 0 100 100
1 1 0 23.4 54.0 0 c26 0 100 100
1 1 0 23.3 54.0 2 c26 0 100 100
1 1 2 23.3 54.0 6 c26 0 100 100
1 1 0 23.4 54.0 9 c26 0 100 100
1 1 2 23.3 54.0 14 c26 0 100 100
1 1 0 23.3 54.5 18 c26 0 100 100
1 1 4 23.3 54.5 24 -1 0 100 100
1 1 1 23.3 54.0 29 -1 0 100 100
1 1 7 23.2 54.5 38 -1 0 100 100
1 1 0 23.5 54.5 45 -1 0 100 100
1 1 0 23.5 55.0 50 -1 0 100 100
1 1 0 23.6 55.0 55 -1 0 100 100
1 1 0 23.7 55.5 63 -1 0 100 100
1 1 0 23.8 55.5 68 -1 0 100 100
1 1 0 23.9 55.5 75 -1 0 100 100
1 1 0 23.9 55.5 76 -1 0 100 100
1 1 3 24.1 55.5 83 -1 0 100 100
1 1 2 24.2 55.5 88 -1 0 100 100
1 1 4 24.1 55.0 90 -1 0 100 100
1 1 0 24.2 55.5 101 -1 0 100 100
1 1 0 24.3 55.5 102 -1 0 100 100
1 1 6 24.3 55.5 106 -1 0 100 100
1 1 3 24.4 55.5 109 -1 0 100 100
1 1 2 24.4 56.0 109 -1 0 100 100
1 1 0 24.4 56.0 113 -1 0 100 100
1 1 0 24.5 56.0 117 -1 0 100 100
1 1 3 24.5 56.0 118 -1 0 100 100
1 1 0 24.5 56.0 124 -1 0 100 100
1 1 2 24.6 56.0 127 -1 0 100 100
1 1 0 24.7 56.0 134 -1 0 100 100
1 1 0 24.7 56.5 137 -1 0 100 100
1 1 0 24.7 56.5 137 -1 0 100 100
1 1 0 24.7 56.5 137 -1 0 100 100
1 1 0 24.8 56.5 139 -1 0 100 100
1 1 3 24.8 56.5 132 -1 0 100 100
1 1 5 24.8 56.5 128 -1 0 100 100
1 1 2 24.8 57.0 123 -1 0 100 100
1 1 0 25.0 57.0 121 -1 0 100 100
1 1 7 24.9 57.5 116 -1 0 100 100
1 1 0 25.0 58.0 113 -1 0 100 100
1 1 1 25.1 58.0 109 -1 0 100 100
1 1 4 25.0 58.0 113 -1 0 100 100
1 1 0 25.2 58.5 108 -1 0 100 100
1 1 1 25.2 58.5 108 -1 0 100 100
1 1 0 25.2 59.0 108 -1 0 100 100
1 1 0 25.2 59.0 105 -1 0 100 100
1 1 0 25.3 59.5 101 -1 0 100 100
1 1 0 25.3 59.5 101 -1 0 100 100
1 1 3 25.3 60.0 98 -1 0 100 100
1 1 1 25.4 60.0 98 -1 0 100 100
1 1 9 25.4 60.0 94 -1 0 100 100
1 1 1 25.4 60.5 94 -1 0 100 100
1 1 0 25.5 60.5 94 -1 0 100 100
1 1 0 25.6 61.0 92 -1 0 100 100
1 1 0 25.5 61.5 96 -1 0 100 100
1 1 0 25.5 61.5 94 -1 0 100 100
1 1 0 25.6 62.5 97 -1 0 100 100
1 1 0 25.6 62.5 95 -1 0 100 100
1 1 0 25.7 63.0 99 -1 0 100 100
1 1 0 25.7 63.5 101 -1 0 100 100
1 1 1 25.8 63.5 104 -1 0 100 100
1 1 0 25.8 62.5 108 -1 0 100 100
1 1 0 25.7 63.5 109 -1 0 100 100
1 1 0 25.8 63.0 111 -1 0 100 100
1 1 2 25.8 63.0 115 -1 0 100 100
1 1 13 25.9 62.5 111 -1 0 100 100
1 1 9 25.8 63.5 109 -1 0 100 100
1 1 0 25.9 63.5 113 -1 0 100 100
1 1 0 25.9 63.0 107 -1 0 100 100
1 1 0 25.9 63.0 104 -1 0 100 100
1 1 0 25.9 62.5 104 -1 0 100 100
1 1 7 25.9 63.0 104 -1 0 100 100
1 1 11 26.0 63.0 101 -1 0 100 100
1 1 5 25.9 63.0 99 -1 0 100 100
1 1 2 26.0 63.0 97 -1 0 100 100
1 1 1 26.0 63.0 99 -1 0 100 100
1 1 0 26.0 62.5 97 -1 0 100 100
1 1 3 26.0 62.5 97 -1 0 100 100
1 1 0 26.0 62.5 97 -1 0 100 100
1 1 1 26.1 62.5 101 -1 0 100 100
1 1 0 26.1 62.5 99 -1 0 100 100
1 1 7 26.0 62.5 105 -1 0 100 100
1 1 3 26.0 62.5 104 c26 0 100 100
1 1 9 26.1 62.0 104 c26 0 100 100
1 1 1 26.0 62.0 108 c26 0 100 100
1 1 2 26.0 61.0 110 c26 0 100 100
1 1 2 25.9 60.5 115 c26 0 100 100
1 1 3 25.8 60.0 119 c26 0 100 100
1 1 3 25.8 60.0 119 c26 0 100 100
1 1 0 25.6 59.0 122 c26 0 100 100
1 1 0 25.4 58.5 131 c26 0 100 100
1 1 4 25.3 57.5 136 c26 0 100 100
1 1 6 25.3 57.5 143 c26 0 100 100
1 1 0 25.2 57.0 146 c26 0 100 100
1 1 2 25.1 57.0 154 c26 0 100 100
1 1 0 25.1 57.0 157 c26 0 100 100
1 1 0 25.1 57.0 159 c26 0 100 100
1 1 0 25.0 57.0 160 c26 0 100 100
1 1 0 25.0 57.5 164 c26 0 100 100
1 1 0 25.0 58.0 167 c26 0 100 100
1 1 0 25.0 58.5 171 c26 0 100 100
1 1 0 25.0 59.0 178 c26 0 100 100
1 1 0 25.0 59.0 178 c26 0 100 100
1 1 0 25.0 59.5 179 c26 0 100 100
1 1 0 25.0 60.0 181 c26 0 100 100
1 1 0 25.0 60.5 179 c26 0 100 100
1 1 0 25.0 60.5 179 c26 0 100 100
1 1 1 24.9 60.5 175 c26 0 100 100
1 1 0 24.9 60.5 176 c26 0 100 100
1 1 5 24.8 60.0 172 c26 0 100 100
1 1 4 24.8 60.0 170 c26 0 100 100
1 1 1 24.8 59.5 172 c26 0 100 100
1 1 10 24.8 59.5 173 c26 0 100 100
1 1 0 24.8 59.5 174 c26 0 100 100
1 1 0 24.8 59.5 172 c26 0 100 100
1 1 0 24.7 59.5 168 c26 0 100 100
1 1 0 24.7 59.0 163 c26 0 100 100
1 1 10 24.7 59.0 165 c26 0 100 100
1 1 1 24.7 59.0 165 c26 0 100 100
1 1 5 24.7 59.0 169 c26 0 100 100
1 1 2 24.6 58.5 168 c26 0 100 100
1 1 0 24.6 58.5 168 c26 0 100 100
1 1 2 24.6 59.0 174 c26 0 100 100
1 1 0 24.6 59.0 172 c26 0 100 100
1 1 1 24.7 59.5 174 c26 0 100 100
1 1 0 24.6 60.0 172 c26 0 100 100
1 1 0 24.7 60.5 171 c26 0 100 100
1 1 0 24.7 61.0 171 c26 0 100 100
1 1 2 24.7 61.0 171 c26 0 100 100
1 1 0 24.7 61.5 174 c26 0 100 100
1 1 0 24.7 61.5 174 c26 0 100 100
1 1 8 24.7 62.0 177 c26 0 100 100
1 1 2 24.7 62.0 184 c26 0 100 100
1 1 0 24.7 62.5 191 c26 0 100 100
1 1 0 24.7 63.0 200 c26 0 100 100
1 1 0 24.8 63.0 202 c26 0 100 100
1 1 0 24.8 63.0 205 c26 0 100 100
1 1 0 24.7 63.0 207 c26 0 100 100
1 1 0 24.7 62.5 209 c26 0 100 100
1 1 0 24.7 62.0 210 c26 0 100 100
1 1 3 24.7 62.0 214 c26 0 100 100
1 1 3 24.7 61.5 214 c26 0 100 100
1 1 2 24.7 61.0 214 c26 0 100 100
1 1 3 24.7 60.5 216 c26 0 100 100
1 1 1 24.6 60.5 215 c26 0 100 100
1 1 2 24.6 60.0 217 c26 0 100 100
1 1 2 24.5 60.0 216 c26 0 100 100
1 1 3 24.5 59.5 214 c26 0 100 100
1 1 4 24.5 59.5 214 c26 0 100 100
1 1 2 24.5 59.0 212 c26 0 100 100
1 1 2 24.4 59.0 209 c26 0 100 100
1 1 0 24.5 59.0 204 c26 0 100 100
0 1 23 24.4 58.0 63 c26 0 10 100
0 1 7 24.2 57.5 69 -1 0 10 9
0 1 21 24.1 57.0 25 -1 0 10 9
0 1 1 24.1 57.5 25 -1 0 10 9
0 1 1 24.2 58.0 23 -1 0 10 9
0 1 0 24.2 58.0 23 -1 0 10 9
0 1 2 24.2 58.0 23 -1 0 10 9
0 1 6 24.4 58.0 21 -1 0 10 9
0 1 0 24.5 58.0 21 -1 0 10 9
0 1 0 24.6 58.0 21 -1 0 10 9
0 1 0 24.6 58.5 23 -1 0 10 9
0 1 0 24.7 58.5 23 -1 0 10 9
0 1 0 24.8 58.5 21 -1 0 10 9
0 1 0 24.8 58.5 21 -1 0 10 9
0 1 0 24.9 58.5 21 -1 0 10 9
0 1 0 24.9 59.0 21 -1 0 10 9
0 1 0 25.0 59.0 19 -1 0 10 9
0 1 0 25.0 59.0 19 -1 0 10 9
0 1 0 25.0 59.0 19 -1 0 10 9
0 1 0 25.1 59.5 20 -1 0 10 9
0 1 0 25.1 59.5 20 -1 0 10 9
0 1 0 25.2 60.0 20 -1 0 10 9
0 1 0 25.2 60.0 20 -1 0 10 9
0 1 0 25.2 60.0 20 -1 0 10 9
0 1 0 25.3 60.0 18 -1 0 10 9
0 1 0 25.4 60.5 18 -1 0 10 9
0 1 0 25.3 60.5 18 -1 0 10 9
0 1 0 25.3 60.5 16 -1 0 10 9
0 1 0 25.3 61.0 16 -1 0 10 9
0 1 0 25.4 61.0 18 -1 0 10 9
0 1 0 25.5 61.5 18 -1 0 10 9
0 1 2 25.4 61.5 18 -1 0 10 9
0 1 0 25.5 62.0 18 -1 0 10 9
0 1 194 25.5 62.0 18 -1 0 10 9
0 1 1 25.5 62.0 18 -1 0 10 9
0 1 0 25.6 62.5 18 -1 0 10 9
0 1 0 25.6 63.0 16 -1 0 10 9
0 1 0 25.6 63.0 16 -1 0 10 9
0 1 0 25.7 63.5 16 -1 0 10 9
0 1 0 25.7 63.5 16 -1 0 10 9
0 1 0 25.7 63.5 16 -1 0 10 9
0 1 0 25.7 63.5 18 -1 0 10 9
0 1 0 25.8 63.5 16 -1 0 10 9
0 1 0 25.8 63.5 16 -1 0 10 9
0 1 0 25.8 64.0 16 -1 0 10 9
1 1 14 25.9 63.5 12 -1 0 100 9
1 1 10 25.9 63.0 35 -1 0 100 100
1 1 16 25.9 63.0 119 -1 0 100 100
1 1 0 26.0 62.5 118 -1 0 100 100
1 1 0 26.0 62.5 114 -1 0 100 100
1 1 7 25.9 62.5 112 -1 0 100 100
1 1 1 26.0 62.5 107 -1 0 100 100
1 1 0 25.9 62.5 102 -1 0 100 100
1 1 0 26.0 62.5 98 -1 0 100 100
1 1 0 26.1 62.0 93 -1 0 100 100
1 1 3 26.1 62.0 89 -1 0 100 100
1 1 0 25.9 62.0 93 -1 0 100 100
1 1 0 26.1 62.0 94 -1 0 100 100
1 1 0 26.1 62.0 96 -1 0 100 100
1 1 0 26.1 61.5 98 -1 0 100 100
1 1 0 26.0 61.5 100 -1 0 100 100
1 1 0 26.1 61.5 103 -1 0 100 100
1 1 0 26.1 61.5 105 -1 0 100 100
1 1 0 26.1 61.5 111 -1 0 100 100
1 1 0 26.1 61.5 116 -1 0 100 100
1 1 0 26.1 61.5 114 -1 0 100 100
1 1 0 26.1 61.0 121 -1 0 100 100
1 1 0 26.1 61.0 123 -1 0 100 100
1 1 0 26.1 61.0 128 -1 0 100 100
1 1 0 26.1 61.0 134 -1 0 100 100
1 1 0 26.1 61.0 139 -1 0 100 100
1 1 0 26.1 61.0 144 -1 0 100 100
1 1 0 26.1 60.5 146 -1 0 100 100
1 1 0 26.1 60.5 151 -1 0 100 100
1 1 2 26.1 60.5 153 -1 0 100 100
1 1 0 26.1 60.5 153 -1 0 100 100
1 1 0 26.1 60.0 154 -1 0 100 100
1 1 0 26.1 60.0 154 -1 0 100 100
1 1 0 26.1 60.0 156 -1 0 100 100
1 1 0 26.2 60.0 158 -1 0 100 100
1 1 0 26.1 59.5 160 -1 0 100 100
1 1 0 26.2 59.5 160 -1 0 100 100
1 1 1 26.1 59.5 158 -1 0 100 100
1 1 0 26.1 59.5 158 -1 0 100 100
1 1 0 26.1 59.5 158 -1 0 100 100
1 1 0 26.1 59.0 158 -1 0 100 100
1 1 1 26.1 59.0 158 -1 0 100 100
1 1 0 26.0 59.0 158 -1 0 100 100
1 1 0 26.1 58.5 156 -1 0 100 100
1 1 0 26.0 58.5 158 -1 0 100 100
1 1 0 26.0 58.0 158 -1 0 100 100
1 1 0 26.0 58.0 154 -1 0 100 100
1 1 0 26.0 57.5 154 -1 0 100 100
1 1 0 26.0 57.5 156 -1 0 100 100
1 1 1 26.0 57.5 151 -1 0 100 100
1 1 0 26.0 57.0 147 -1 0 100 100
1 1 0 25.9 57.0 151 -1 0 100 100
1 1 2 26.0 57.0 149 -1 0 100 100
1 1 0 25.9 56.5 153 -1 0 100 100
1 1 0 26.0 56.5 152 -1 0 100 100
1 1 0 25.9 56.5 152 -1 0 100 100
1 1 0 26.0 56.5 154 -1 0 100 100
1 1 0 26.0 56.5 154 -1 0 100 100
1 1 0 26.0 56.5 154 -1 0 100 100
1 1 1 26.0 56.5 160 -1 0 100 100
1 1 0 26.0 56.5 165 -1 0 100 100
1 1 0 26.0 56.5 161 -1 0 100 100
1 1 0 26.0 56.5 147 -1 0 100 100
1 1 0 26.0 56.5 142 -1 0 100 100
1 1 0 26.1 56.5 135 -1 0 100 100
1 1 0 26.1 57.0 135 -1 0 100 100
1 1 2 26.0 57.0 132 -1 0 100 100
1 1 10 26.1 57.0 130 -1 0 100 100
1 1 9 26.0 57.0 128 -1 0 100 100
1 1 11 26.0 57.0 48 -1 0 14 11
0 1 6 26.0 57.0 19 -1 0 14 11
0 1 0 26.0 57.0 14 -1 0 14 11
0 1 0 26.0 57.0 14 -1 0 14 11
0 1 0 25.9 57.5 12 -1 0 14 11
0 1 0 26.0 57.5 12 -1 0 14 11
0 1 0 26.0 58.0 14 -1 0 14 11
0 1 0 26.1 58.0 12 -1 0 14 11
0 1 0 26.1 58.0 14 -1 0 14 11
0 1 0 26.0 58.5 14 -1 0 14 11
0 1 0 26.0 58.5 14 -1 0 14 11
0 1 0 26.1 58.5 14 -1 0 14 11
0 1 0 26.1 58.5 16 -1 0 14 11
0 1 0 26.0 58.5 16 -1 0 14 11
0 1 0 26.1 58.5 14 -1 0 14 11
0 1 0 26.1 59.0 16 -1 0 14 11
0 1 0 26.1 59.0 16 -1 0 14 11
0 1 0 26.1 59.0 16 -1 0 14 11
0 1 0 26.2 59.0 16 -1 0 14 11
0 1 0 26.1 59.0 16 -1 0 14 11
0 1 0 26.1 59.5 16 -1 0 14 11
0 1 0 26.1 59.5 14 -1 0 14 11
0 1 0 26.1 59.5 14 -1 0 14 11
0 1 0 26.2 59.5 16 -1 0 14 11
0 1 0 26.2 59.5 14 -1 0 14 11
0 1 0 26.2 59.5 14 -1 0 14 11
0 1 0 26.2 59.5 14 -1 0 14 11
0 1 0 26.2 59.5 14 -1 0 14 11
0 1 0 26.3 60.0 16 -1 0 14 11
0 1 0 26.3 59.5 16 -1 0 14 11
0 1 0 26.2 60.0 16 -1 0 14 11
0 1 0 26.2 60.0 16 -1 0 14 11
0 1 0 26.2 59.5 14 -1 0 14 11
0 1 0 26.2 60.0 14 -1 0 14 11
0 1 0 26.2 60.0 12 -1 0 14 11
0 1 0 26.2 60.0 12 -1 0 14 11
0 1 0 26.3 60.0 12 -1 0 14 11
0 1 0 26.2 60.0 12 -1 0 14 11
0 1 0 26.2 60.0 12 -1 0 14 11
0 1 0 26.3 60.0 12 -1 0 14 11
0 1 0 26.3 60.0 16 -1 0 14 11
0 1 0 26.3 60.0 13 -1 0 14 11
0 1 0 26.2 60.0 13 -1 0 14 11
0 1 0 26.2 60.0 13 -1 0 14 11
0 1 0 26.3 60.5 13 -1 0 14 11
0 1 0 26.3 60.5 13 -1 0 14 11
0 1 0 26.3 60.5 13 -1 0 14 11
0 1 0 26.3 61.0 13 -1 0 14 11
0 1 0 26.4 61.0 13 -1 0 14 11
0 1 0 26.4 61.5 13 -1 0 14 11
0 1 0 26.4 61.5 11 -1 0 14 11
0 1 0 26.4 61.5 11 -1 0 14 11
0 1 0 26.4 62.0 11 -1 0 14 11
0 1 0 26.4 62.0 11 -1 0 14 11
0 1 0 26.4 62.0 9 -1 0 14 11
0 1 0 26.4 62.5 9 -1 0 14 11
0 1 0 26.4 62.5 9 -1 0 14 11
0 1 0 26.4 62.5 9 -1 0 14 11
0 1 0 26.4 62.5 13 -1 0 14 11
0 1 0 26.4 62.5 11 -1 0 14 11
0 1 0 26.4 62.5 11 -1 0 14 11
0 1 0 26.5 62.5 11 -1 0 14 11
0 1 0 26.5 62.5 9 -1 0 14 11
0 1 0 26.5 62.5 9 -1 0 14 11
0 1 0 26.5 62.5 9 -1 0 14 11
0 1 0 26.5 62.5 9 -1 0 14 11
0 1 0 26.5 62.5 9 -1 0 14 11
0 1 0 26.5 62.5 9 -1 0 14 11
0 1 0 26.5 62.5 7 -1 0 14 11
0 1 0 26.6 62.5 9 -1 0 14 11
0 1 0 26.5 62.5 7 -1 0 14 11
0 1 0 26.5 62.5 7 -1 0 14 11
0 1 0 26.5 62.5 9 -1 0 14 11
0 1 0 26.6 62.5 7 -1 0 14 11
0 1 0 26.5 62.5 7 -1 0 14 11
0 1 0 26.6 63.0 7 -1 0 14 11
0 1 0 26.6 63.0 11 -1 0 14 11
0 1 0 26.5 62.5 11 -1 0 14 11
0 1 0 26.6 63.0 9 -1 0 14 11
0 1 0 26.6 63.0 9 -1 0 14 11
0 1 0 26.6 63.0 9 -1 0 14 11
0 1 0 26.6 63.0 9 -1 0 14 11
0 1 0 26.7 62.5 9 -1 0 14 11
0 1 0 26.6 62.5 9 -1 0 14 11
0 1 0 26.7 62.5 9 -1 0 14 11
0 1 0 26.7 62.5 9 -1 0 14 11
0 1 0 26.6 62.5 9 -1 0 14 11
0 1 0 26.6 62.5 7 -1 0 14 11
0 1 0 26.6 62.5 7 -1 0 14 11
0 1 0 26.6 62.5 7 -1 0 14 11
0 1 0 26.6 62.0 7 -1 0 14 11
0 1 0 26.6 62.0 7 -1 0 14 11
0 1 0 26.6 62.0 7 -1 0 14 11
0 1 0 26.6 62.0 7 -1 0 14 11
0 1 0 26.6 62.0 7 -1 0 14 11
0 1 0 26.6 62.0 7 -1 0 14 11
0 1 0 26.6 62.0 7 -1 0 14 11
0 1 0 26.6 62.0 7 -1 0 14 11
0 1 0 26.7 62.0 7 -1 0 14 11
0 1 0 26.6 62.0 7 -1 0 14 11
0 1 0 26.6 62.0 7 -1 0 14 11
0 1 0 26.7 62.0 7 -1 0 14 11
0 1 0 26.7 62.0 7 -1 0 14 11
0 1 0 26.7 62.0 7 -1 0 14 11
0 1 0 26.6 62.0 7 -1 0 14 11
0 1 0 26.7 62.0 5 -1 0 14 11
0 1 0 26.7 62.0 5 -1 0 14 11
0 1 0 26.7 62.0 5 -1 0 14 11
0 1 0 26.7 62.0 5 -1 0 14 11
0 1 0 26.7 62.0 5 -1 0 14 11
0 1 0 26.7 62.0 5 -1 0 14 11
0 1 0 26.7 62.0 9 -1 0 14 11
0 1 0 26.7 62.0 6 -1 0 14 11
0 1 0 26.7 62.0 6 -1 0 14 11
0 1 0 26.7 62.0 6 -1 0 14 11
0 1 0 26.7 62.0 6 -1 0 14 11
0 1 0 26.7 62.0 6 -1 0 14 11
0 1 0 26.6 62.0 6 -1 0 14 11
0 1 0 26.7 62.0 6 -1 0 14 11
0 1 0 26.7 62.0 6 -1 0 14 11
0 1 0 26.7 62.0 4 -1 0 14 11
0 1 0 26.7 62.0 4 -1 0 14 11
0 1 0 26.7 62.0 4 -1 0 14 11
0 1 0 26.7 62.0 4 -1 0 14 11
0 1 0 26.7 62.0 4 -1 0 14 11
0 1 0 26.7 62.0 4 -1 0 14 11
0 1 0 26.6 61.5 4 -1 0 14 11
0 1 0 26.7 61.5 4 -1 0 14 11
0 1 0 26.6 61.5 4 -1 0 14 11
0 1 0 26.7 61.5 4 -1 0 14 11
0 1 0 26.7 61.5 4 -1 0 14 11
0 1 0 26.7 61.5 2 -1 0 14 11
0 1 0 26.7 61.5 2 -1 0 14 11
0 1 0 26.7 61.5 2 -1 0 14 11
0 1 0 26.7 61.5 2 -1 0 14 11
0 1 0 26.7 61.5 2 -1 0 14 11
0 1 0 26.7 61.0 2 -1 0 14 11
0 1 0 26.7 61.0 4 -1 0 14 11
0 1 0 26.7 61.0 4 -1 0 14 11
0 1 0 26.7 61.0 4 -1 0 14 11
0 1 0 26.7 61.0 4 -1 0 14 11
0 1 0 26.7 61.0 4 -1 0 14 11
0 1 0 26.7 61.0 4 -1 0 14 11
0 1 0 26.7 61.0 4 -1 0 14 11
0 1 0 26.7 61.0 4 -1 0 14 11
0 1 0 26.7 61.0 4 -1 0 14 11
0 1 0 26.7 61.0 2 -1 0 14 11
0 1 0 26.7 61.0 2 -1 0 14 11
0 1 0 26.7 61.0 2 -1 0 14 11
0 1 0 26.7 60.5 2 -1 0 14 11
0 1 0 26.7 60.5 2 -1 0 14 11
0 1 0 26.7 60.5 2 -1 0 14 11
0 1 0 26.7 60.5 2 -1 0 14 11
0 1 0 26.6 60.5 1 -1 0 14 11
0 1 0 26.7 60.5 1 -1 0 14 11
0 1 0 26.7 60.5 1 -1 0 14 11
0 1 0 26.7 60.5 1 -1 0 14 11
0 1 0 26.6 60.5 1 -1 0 14 11
0 1 0 26.7 60.5 1 -1 0 14 11
0 1 0 26.6 60.5 1 -1 0 14 11
0 1 0 26.6 60.5 4 -1 0 14 11
0 1 0 26.7 60.5 2 -1 0 14 11
0 1 0 26.7 60.5 2 -1 0 14 11
0 1 0 26.7 60.5 2 -1 0 14 11
0 1 0 26.7 60.5 2 -1 0 14 11
0 1 0 26.7 60.5 2 -1 0 14 11
0 1 0 26.6 60.0 2 -1 0 14 11
0 1 0 26.7 60.0 2 -1 0 14 11
0 1 0 26.7 60.5 2 -1 0 14 11
0 1 0 26.6 60.0 0 -1 0 14 11
0 1 0 26.6 60.0 0 -1 0 14 11
0 1 0 26.7 60.0 0 -1 0 14 11
0 1 0 26.7 60.0 0 -1 0 14 11
0 1 0 26.6 60.0 0 -1 0 14 11
0 1 0 26.6 60.0 0 -1 0 14 11
0 1 0 26.7 60.0 0 -1 0 14 11
0 1 0 26.6 60.0 0 -1 0 14 11
0 1 0 26.7 60.0 0 -1 0 14 11
0 1 0 26.6 60.0 0 -1 0 14 11
0 1 0 26.6 60.0 0 -1 0 14 11
0 1 0 26.7 60.0 0 -1 0 14 11
0 1 0 26.6 60.0 1 -1 0 14 11
0 1 0 26.6 60.0 0 -1 0 14 11
0 1 0 26.6 60.0 1 -1 0 14 11
0 1 0 26.6 60.0 1 -1 0 14 11
0 1 0 26.6 60.0 1 -1 0 14 11
0 1 0 26.6 59.5 1 -1 0 14 11
0 1 0 26.6 59.5 1 -1 0 14 11
0 1 0 26.6 59.5 1 -1 0 14 11
0 1 0 26.6 59.5 1 -1 0 14 11
0 1 0 26.6 59.5 1 -1 0 14 11
0 1 0 26.6 59.5 1 -1 0 14 11
0 1 0 26.6 59.5 1 -1 0 14 11
0 1 0 26.6 59.5 1 -1 0 14 11
0 1 0 26.6 59.5 1 -1 0 14 11
0 1 0 26.6 59.5 1 -1 0 14 11
0 1 0 26.6 59.5 1 -1 0 14 11
0 1 0 26.6 59.5 1 -1 0 14 11
0 1 0 26.5 59.5 1 -1 0 14 11
0 1 0 26.5 59.5 1 -1 0 14 11
0 1 0 26.6 59.5 1 -1 0 14 11
0 1 0 26.5 59.5 1 -1 0 14 11
0 1 0 26.6 59.5 1 -1 0 14 11
0 1 0 26.6 59.5 1 -1 0 14 11
0 1 0 26.6 59.5 1 -1 0 14 11
0 1 0 26.6 59.5 1 -1 0 14 11
0 1 0 26.6 59.5 1 -1 0 14 11
0 1 0 26.6 59.5 1 -1 0 14 11
0 1 0 26.5 59.5 1 -1 0 14 11
0 1 0 26.6 59.5 1 -1 0 14 11
0 1 0 26.6 59.5 1 -1 0 14 11
0 1 0 26.6 59.5 1 -1 0 14 11
0 1 0 26.6 59.0 1 -1 0 14 11
0 1 0 26.6 59.0 1 -1 0 14 11
0 1 0 26.5 59.0 1 -1 0 14 11
0 1 0 26.5 59.0 1 -1 0 14 11
0 1 0 26.5 59.0 1 -1 0 14 11
0 1 0 26.5 59.0 1 -1 0 14 11
0 1 0 26.5 59.0 1 -1 0 14 11
0 1 0 26.5 59.0 1 -1 0 14 11
0 1 0 26.4 59.0 2 -1 0 14 11
0 1 0 26.6 59.0 2 -1 0 14 11
0 1 0 26.4 59.0 2 -1 0 14 11
0 1 0 26.5 59.0 2 -1 0 14 11
0 1 0 26.5 59.0 2 -1 0 14 11
0 1 0 26.6 59.0 2 -1 0 14 11
0 1 0 26.5 59.0 2 -1 0 14 11
0 1 0 26.5 59.0 2 -1 0 14 11
0 1 0 26.5 59.0 2 -1 0 14 11
0 1 0 26.5 59.0 2 -1 0 14 11
0 1 0 26.6 59.0 2 -1 0 14 11
0 1 0 26.5 59.0 2 -1 0 14 11
0 1 0 26.5 59.0 2 -1 0 14 11
0 1 0 26.6 59.0 2 -1 0 14 11
0 1 0 26.5 59.0 2 -1 0 14 11
0 1 0 26.5 58.5 2 -1 0 14 11
0 1 0 26.5 58.5 2 -1 0 14 11
0 1 0 26.5 58.5 2 -1 0 14 11
0 1 0 26.5 58.5 2 -1 0 14 11
0 1 0 26.5 58.5 2 -1 0 14 11
0 1 0 26.5 58.5 2 -1 0 14 11
0 1 0 26.5 58.5 2 -1 0 14 11
0 1 0 26.5 58.5 2 -1 0 14 11
0 1 0 26.5 58.5 2 -1 0 14 11
0 1 0 26.5 58.5 2 -1 0 14 11
0 1 0 26.4 58.5 2 -1 0 14 11
0 1 0 26.5 58.5 2 -1 0 14 11
0 1 0 26.5 58.5 2 -1 0 14 11
0 1 0 26.5 58.5 2 -1 0 14 11
0 1 0 26.5 58.5 2 -1 0 14 11
0 1 0 26.5 58.5 2 -1 0 14 11
0 1 0 26.5 58.5 2 -1 0 14 11
0 1 0 26.4 58.5 2 -1 0 14 11
0 1 0 26.4 58.5 2 -1 0 14 11
0 1 0 26.4 58.5 2 -1 0 14 11
0 1 0 26.4 58.5 2 -1 0 14 11
0 1 0 26.4 58.5 2 -1 0 14 11
0 1 0 26.6 58.5 2 -1 0 14 11
0 1 0 26.4 58.5 2 -1 0 14 11
0 1 0 26.5 58.5 2 -1 0 14 11
0 1 0 26.4 58.5 2 -1 0 14 11
0 1 0 26.4 58.5 2 -1 0 14 11
0 1 0 26.4 58.5 2 -1 0 14 11
0 1 0 26.5 58.5 2 -1 0 14 11
0 1 0 26.4 58.5 2 -1 0 14 11
0 1 0 26.5 58.5 2 -1 0 14 11
0 1 0 26.4 58.5 2 -1 0 14 11
0 1 0 26.5 58.5 2 -1 0 14 11
0 1 0 26.4 58.5 2 -1 0 14 11
0 1 0 26.4 58.5 2 -1 0 14 11
0 1 0 26.4 58.5 2 -1 0 14 11
0 1 0 26.5 58.0 2 -1 0 14 11
0 1 0 26.4 58.5 2 -1 0 14 11
0 1 0 26.5 58.0 2 -1 0 14 11
0 1 0 26.4 58.0 2 -1 0 14 11
0 1 0 26.4 58.0 2 -1 0 14 11
0 1 0 26.4 58.0 2 -1 0 14 11
0 1 0 26.4 58.0 2 -1 0 14 11
0 1 0 26.4 58.0 2 -1 0 14 11
0 1 0 26.4 58.0 2 -1 0 14 11
0 1 0 26.4 58.0 2 -1 0 14 11
0 1 0 26.4 58.0 2 -1 0 14 11
0 1 0 26.4 58.0 2 -1 0 14 11
0 1 0 26.4 57.5 2 -1 0 14 11
0 1 0 26.5 57.5 2 -1 0 14 11
0 1 0 26.4 57.5 2 -1 0 14 11
0 1 0 26.4 57.5 2 -1 0 14 11
0 1 0 26.4 57.5 2 -1 0 14 11
0 1 0 26.4 57.5 2 -1 0 14 11
0 1 0 26.4 57.5 2 -1 0 14 11
0 1 0 26.4 57.5 2 -1 0 14 11
0 1 0 26.4 57.5 2 -1 0 14 11
0 1 0 26.4 57.5 2 -1 0 14 11
0 1 0 26.4 57.5 2 -1 0 14 11
0 1 0 26.4 57.5 2 -1 0 14 11
0 1 0 26.4 57.5 2 -1 0 14 11
0 1 0 26.4 57.5 2 -1 0 14 11
0 1 0 26.4 57.5 2 -1 0 14 11
0 1 0 26.4 57.5 2 -1 0 14 11
0 1 0 26.5 57.5 2 -1 0 14 11
0 1 0 26.4 57.5 2 -1 0 14 11
0 1 0 26.4 57.5 2 -1 0 14 11
0 1 0 26.4 57.5 2 -1 0 14 11
0 1 0 26.4 57.5 2 -1 0 14 11
0 1 0 26.4 57.5 2 -1 0 14 11
0 1 0 26.4 57.5 2 -1 0 14 11
0 1 0 26.4 57.5 2 -1 0 14 11
0 1 0 26.4 57.5 2 -1 0 14 11
0 1 0 26.4 57.5 2 -1 0 14 11
0 1 0 26.4 57.5 2 -1 0 14 11
0 1 0 26.4 57.5 2 -1 0 14 11
0 1 0 26.4 57.5 2 -1 0 14 11
0 1 0 26.4 57.5 2 -1 0 14 11
0 1 0 26.5 57.5 2 -1 0 14 11
0 1 0 26.3 57.5 2 -1 0 14 11
0 1 0 26.4 57.5 2 -1 0 14 11
0 1 0 26.4 57.5 2 -1 0 14 11
0 1 0 26.4 57.5 2 -1 0 14 11
0 1 0 26.4 57.5 2 -1 0 14 11
0 1 0 26.4 57.5 2 -1 0 14 11
0 1 0 26.4 57.0 2 -1 0 14 11
0 1 0 26.4 57.5 2 -1 0 14 11
0 1 0 26.4 57.0 2 -1 0 14 11
0 1 0 26.4 57.0 2 -1 0 14 11
0 1 0 26.4 57.0 2 -1 0 14 11
0 1 0 26.4 57.0 2 -1 0 14 11
0 1 0 26.4 57.0 2 -1 0 14 11
0 1 0 26.4 57.0 2 -1 0 14 11
0 1 0 26.4 57.0 2 -1 0 14 11
0 1 0 26.4 57.0 2 -1 0 14 11
0 1 0 26.4 57.0 2 -1 0 14 11
0 1 0 26.4 57.0 2 -1 0 14 11
0 1 0 26.4 57.0 2 -1 0 14 11
0 1 0 26.4 57.0 2 -1 0 14 11
0 1 0 26.4 57.0 2 -1 0 14 11
0 1 0 26.4 57.0 2 -1 0 14 11
0 1 0 26.4 57.0 2 -1 0 14 11
0 1 0 26.4 57.0 2 -1 0 14 11
0 1 0 26.4 57.0 2 -1 0 14 11
0 1 0 26.4 57.0 2 -1 0 14 11
0 1 0 26.4 57.0 2 -1 0 14 11
0 1 0 26.4 57.0 2 -1 0 14 11
0 1 0 26.3 57.0 2 -1 0 14 11
0 1 0 26.4 57.0 2 -1 0 14 11
0 1 0 26.4 57.0 2 -1 0 14 11
0 1 0 26.4 57.0 2 -1 0 14 11
0 1 0 26.4 57.0 2 -1 0 14 11
0 1 0 26.4 57.0 2 -1 0 14 11
0 1 0 26.4 57.0 2 -1 0 14 11
0 1 0 26.4 57.0 2 -1 0 14 11
0 1 0 26.4 57.0 2 -1 0 14 11
0 1 0 26.4 57.0 2 -1 0 14 11
0 1 0 26.4 57.0 2 -1 0 14 11
0 1 0 26.4 57.5 2 -1 0 14 11
0 1 0 26.4 57.5 2 -1 0 14 11
0 1 0 26.4 57.5 2 -1 0 14 11
0 1 0 26.4 57.5 2 -1 0 14 11
0 1 0 26.4 57.5 2 -1 0 14 11
0 1 0 26.4 57.5 2 -1 0 14 11
0 1 0 26.4 57.5 2 -1 0 14 11
0 1 0 26.4 57.5 2 -1 0 14 11
0 1 0 26.4 57.5 2 -1 0 14 11
0 1 0 26.4 57.0 2 -1 0 14 11
0 1 0 26.5 57.5 2 -1 0 14 11
0 1 0 26.4 57.0 2 -1 0 14 11
0 1 0 26.4 57.0 2 -1 0 14 11
0 1 0 26.4 57.0 2 -1 0 14 11
0 1 0 26.4 57.0 2 -1 0 14 11
0 1 0 26.4 57.0 2 -1 0 14 11
0 1 0 26.4 57.0 2 -1 0 14 11
0 1 0 26.4 57.0 2 -1 0 14 11
0 1 0 26.4 57.0 2 -1 0 14 11
0 1 0 26.4 57.0 2 -1 0 14 11
0 1 0 26.5 57.0 2 -1 0 14 11
0 1 0 26.5 57.0 2 -1 0 14 11
0 1 0 26.4 57.0 2 -1 0 14 11
0 1 0 26.4 57.0 2 -1 0 14 11
0 1 0 26.4 57.0 2 -1 0 14 11
0 1 0 26.4 57.0 2 -1 0 14 11
0 1 0 26.5 57.0 2 -1 0 14 11
0 1 0 26.4 57.0 2 -1 0 14 11
0 1 0 26.4 57.0 2 -1 0 14 11
0 1 0 26.5 57.0 2 -1 0 14 11
0 1 0 26.4 57.0 2 -1 0 14 11
0 1 0 26.4 57.0 2 -1 0 14 11
0 1 0 26.4 57.0 2 -1 0 14 11
0 1 0 26.4 57.0 2 -1 0 14 11
0 1 0 26.4 57.0 2 -1 0 14 11
0 1 0 26.4 57.0 2 -1 0 14 11
0 1 0 26.4 57.0 2 -1 0 14 11
0 1 0 26.5 57.0 2 -1 0 14 11
0 1 0 26.5 57.0 2 -1 0 14 11
0 1 0 26.4 57.0 2 -1 0 14 11
0 1 0 26.4 57.0 2 -1 0 14 11
0 1 0 26.5 57.0 2 -1 0 14 11
0 1 0 26.4 57.0 2 -1 0 14 11
0 1 0 26.5 57.0 2 -1 0 14 11
0 1 0 26.4 57.0 2 -1 0 14 11
0 1 0 26.4 57.0 2 -1 0 14 11
0 1 0 26.4 57.0 2 -1 0 14 11
0 1 0 26.5 57.0 2 -1 0 14 11
0 1 0 26.5 57.0 2 -1 0 14 11
0 1 0 26.4 57.0 2 -1 0 14 11
0 1 0 26.4 57.0 2 -1 0 14 11
0 1 0 26.4 57.0 2 -1 0 14 11
0 1 0 26.5 57.0 2 -1 0 14 11
0 1 0 26.4 56.5 2 -1 0 14 11
0 1 0 26.5 57.0 2 -1 0 14 11
0 1 0 26.5 56.5 2 -1 0 14 11
0 1 0 26.4 57.0 2 -1 0 14 11
0 1 0 26.4 56.5 2 -1 0 14 11
0 1 0 26.5 57.0 2 -1 0 14 11
0 1 0 26.5 57.0 2 -1 0 14 11
0 1 0 26.5 57.0 2 -1 0 14 11
0 1 0 26.5 57.0 2 -1 0 14 11
0 1 0 26.4 57.0 2 -1 0 14 11
0 1 0 26.5 57.0 2 -1 0 14 11
0 1 0 26.4 57.0 2 -1 0 14 11
0 1 0 26.5 57.0 2 -1 0 14 11
0 1 0 26.5 57.0 2 -1 0 14 11
0 1 0 26.5 57.0 2 -1 0 14 11
0 1 0 26.4 57.0 2 -1 0 14 11
0 1 0 26.4 57.0 0 -1 0 14 11
0 1 0 26.5 57.0 0 -1 0 14 11
0 1 0 26.5 57.0 0 -1 0 14 11
0 1 0 26.5 57.0 0 -1 0 14 11
0 1 0 26.5 57.5 0 -1 0 14 11
0 1 0 26.5 57.5 0 -1 0 14 11
0 1 0 26.5 57.5 0 -1 0 14 11
0 1 0 26.5 57.5 0 -1 0 14 11
0 1 0 26.5 57.5 0 -1 0 14 11
0 1 0 26.5 58.0 0 -1 0 14 11
0 1 0 26.5 58.0 0 -1 0 14 11
0 1 0 26.5 58.0 0 -1 0 14 11
0 1 0 26.5 58.0 0 -1 0 14 11
0 1 0 26.5 58.0 0 -1 0 14 11
0 1 0 26.6 58.0 0 -1 0 14 11
0 1 0 26.6 58.0 0 -1 0 14 11
0 1 0 26.6 58.0 0 -1 0 14 11
0 1 0 26.6 58.0 0 -1 0 14 11
0 1 0 26.5 58.0 0 -1 0 14 11
0 1 0 26.6 58.5 0 -1 0 14 11
0 1 0 26.6 58.5 0 -1 0 14 11
0 1 0 26.6 58.0 0 -1 0 14 11
0 1 0 26.6 58.5 0 -1 0 14 11
0 1 0 26.6 58.5 0 -1 0 14 11
0 1 0 26.6 58.5 0 -1 0 14 11
0 1 0 26.7 58.5 0 -1 0 14 11
0 1 0 26.6 58.5 0 -1 0 14 11
0 1 0 26.7 58.5 0 -1 0 14 11
0 1 0 26.7 58.5 0 -1 0 14 11
0 1 0 26.7 58.5 0 -1 0 14 11
0 1 0 26.7 58.5 0 -1 0 14 11
0 1 0 26.7 58.5 0 -1 0 14 11
0 1 0 26.7 58.5 0 -1 0 14 11
0 1 0 26.7 58.5 0 -1 0 14 11
0 1 0 26.7 59.0 0 -1 0 14 11
0 1 0 26.7 59.0 0 -1 0 14 11
0 1 0 26.8 59.0 0 -1 0 14 11
0 1 0 26.8 59.0 0 -1 0 14 11
0 1 0 26.8 59.5 0 -1 0 14 11
0 1 0 26.8 59.5 0 -1 0 14 11
0 1 0 26.8 59.5 0 -1 0 14 11
0 1 0 26.8 59.5 0 -1 0 14 11
0 1 0 26.9 59.5 0 -1 0 14 11
0 1 0 26.8 60.0 0 -1 0 14 11
0 1 0 26.9 60.0 0 -1 0 14 11
0 1 0 26.9 60.0 0 -1 0 14 11
0 1 0 26.9 60.0 0 -1 0 14 11
0 1 0 26.9 60.0 0 -1 0 14 11
0 1 0 26.9 60.5 0 -1 0 14 11
0 1 0 26.9 60.5 0 -1 0 14 11
0 1 0 26.9 60.5 0 -1 0 14 11
0 1 0 26.9 60.5 0 -1 0 14 11
0 1 0 26.9 60.5 0 -1 0 14 11
0 1 0 26.9 60.5 0 -1 0 14 11
0 1 0 27.0 60.5 0 -1 0 14 11
0 1 0 27.0 60.5 0 -1 0 14 11
0 1 0 27.0 60.5 0 -1 0 14 11
0 1 0 27.0 60.5 0 -1 0 14 11
0 1 0 27.0 60.5 0 -1 0 14 11
0 1 0 27.0 60.5 0 -1 0 14 11
0 1 0 27.0 60.5 0 -1 0 14 11
0 1 0 27.0 60.5 0 -1 0 14 11
0 1 0 27.0 60.5 0 -1 0 14 11
0 1 0 27.0 60.5 0 -1 0 14 11
0 1 0 27.0 60.5 0 -1 0 14 11
0 1 0 27.0 60.5 0 -1 0 14 11
0 1 0 27.0 60.5 0 -1 0 14 11
0 1 0 27.1 60.5 0 -1 0 14 11
0 1 0 27.1 60.5 0 -1 0 14 11
0 1 0 27.1 60.5 0 -1 0 14 11
0 1 0 27.1 60.5 0 -1 0 14 11
0 1 0 27.1 60.5 0 -1 0 14 11
0 1 0 27.1 60.5 0 -1 0 14 11
0 1 0 27.1 60.5 0 -1 0 14 11
0 1 0 27.1 60.5 0 -1 0 14 11
0 1 0 27.1 60.5 0 -1 0 14 11
0 1 0 27.1 60.5 0 -1 0 14 11
0 1 0 27.1 60.5 0 -1 0 14 11
0 1 0 27.1 60.5 0 -1 0 14 11
0 1 0 27.2 60.5 0 -1 0 14 11
0 1 0 27.1 60.5 0 -1 0 14 11
0 1 0 27.2 61.0 0 -1 0 14 11
0 1 0 27.1 61.0 0 -1 0 14 11
0 1 0 27.1 61.0 0 -1 0 14 11
0 1 0 27.2 61.0 0 -1 0 14 11
0 1 0 27.2 61.0 0 -1 0 14 11
0 1 0 27.2 61.0 0 -1 0 14 11
0 1 0 27.2 61.0 0 -1 0 14 11
0 1 0 27.2 61.0 0 -1 0 14 11
0 1 0 27.2 61.0 0 -1 0 14 11
0 1 0 27.2 61.0 0 -1 0 14 11
0 1 0 27.2 61.0 0 -1 0 14 11
0 1 0 27.3 61.0 0 -1 0 14 11
